0 1 26 0.999979 0.00308475 -0.0056566 0.340915 -0.00307036 0.999992 0.00255204 0.0947355 0.00566443 -0.00253462 0.999981 -0.935308
0 2 0 1 0 0 0 0 1 0 0 0 0 1 0
0 3 10 0.999939 0.0110363 -0.000399762 0.795324 -0.0110326 0.999905 0.00831235 -0.133365 0.000491461 -0.00830743 0.999965 -0.591331
0 4 87 0.999946 0.00969097 -0.00375554 0.712506 -0.00964165 0.99987 0.0129363 -0.302219 0.00388041 -0.0128994 0.999909 0.633245
0 5 149 0.999914 0.0115998 -0.00611456 0.404897 -0.0115719 0.999923 0.00458413 -0.167124 0.00616726 -0.00451298 0.999971 0.898959
0 6 445 0.999771 0.00474174 0.020861 -0.974966 -0.00461909 0.999972 -0.00592391 0.182998 -0.0208885 0.0058262 0.999765 -0.126303
0 7 46 0.999895 0.0107676 0.00969393 -0.962625 -0.0106644 0.999886 -0.0106438 0.0718361 -0.00980744 0.0105393 0.999896 0.261139
0 8 38 0.999929 0.00701188 0.00961958 -0.983408 -0.00688042 0.999883 -0.013632 0.0177744 -0.00971405 0.0135649 0.999861 0.180535
0 9 14 0.999991 0.000514442 -0.00421244 0.84076 -0.0005876 0.999849 -0.0173844 -0.11809 0.00420286 0.0173867 0.99984 -0.528372
0 10 202 0.99971 -0.00127046 -0.0240335 0.982297 0.000945771 0.999908 -0.0135164 -0.178208 0.0240485 0.0134897 0.99962 -0.0577491
0 11 575 0.999009 0.00430471 -0.0443 0.973191 -0.00467925 0.999954 -0.00835441 -0.166597 0.044262 0.00855342 0.998983 -0.158571
0 12 206 0.999847 0.00444998 -0.0169013 0.995882 -0.00473107 0.999851 -0.0166277 0.0241161 0.0168248 0.0167051 0.999719 0.0873899
0 13 332 0.999635 0.00571708 -0.026411 0.957416 -0.00609816 0.999878 -0.014371 -0.142293 0.0263256 0.0145268 0.999548 -0.251211
0 14 547 0.999098 0.00662066 -0.0419346 0.973228 -0.00717051 0.99989 -0.0129752 -0.102143 0.0418441 0.0132642 0.999036 -0.205897
15 16 46 0.999966 -0.00827043 1.17801e-05 -0.401063 0.00827044 0.999965 -0.00127155 -0.0363433 -1.26341e-06 0.0012716 0.999999 0.915329
15 17 0 1 0 0 0 0 1 0 0 0 0 1 0
15 18 71 0.999825 -0.0131939 -0.0132406 0.867335 0.0131454 0.999907 -0.00373989 0.234034 0.0132887 0.00356518 0.999905 -0.439269
15 19 20 0.999912 -0.0115697 -0.00649435 0.905083 0.0115747 0.999933 0.000740814 0.288487 0.00648534 -0.000815919 0.999979 -0.312411
15 20 684 0.999731 -0.0111486 -0.0203622 0.998535 0.0111982 0.999935 0.00232644 0.0487207 0.0203349 -0.00255383 0.99979 -0.023555
15 21 297 0.999842 -0.0118742 -0.0132202 0.874229 0.0117475 0.999885 -0.00962603 0.0440047 0.013333 0.00946921 0.999866 -0.483516
15 22 542 0.999702 -0.00431077 -0.0240183 0.956203 0.00410417 0.999954 -0.00864432 0.0610204 0.0240545 0.00854317 0.999674 -0.286273
15 23 203 0.99994 0.00419831 -0.0101258 0.962898 -0.00437323 0.999841 -0.017315 0.188695 0.0100515 0.0173582 0.999799 -0.192932
15 24 172 0.999913 -0.000520087 -0.0131681 0.964003 0.000205136 0.999714 -0.0239078 0.0758075 0.0131768 0.023903 0.999627 0.254854
15 25 537 0.99898 0.00101983 -0.0451357 0.954547 -0.00247653 0.999477 -0.0322298 0.0457063 0.0450792 0.0323087 0.998461 -0.294534
15 26 601 0.998581 0.00651666 -0.0528488 0.921119 -0.00839564 0.999338 -0.0354101 0.11835 0.052583 0.0358036 0.997975 -0.370854
15 27 622 0.998835 0.0132721 -0.0463947 0.901007 -0.0147259 0.999407 -0.0311356 0.10501 0.0459539 0.0317826 0.998438 -0.420903
15 28 544 0.998523 0.0200961 -0.05048 0.917999 -0.0216058 0.99933 -0.0295419 0.117908 0.0498525 0.030589 0.998288 -0.378649
15 29 525 0.997423 0.0252861 -0.0671346 0.93178 -0.027171 0.999258 -0.0273121 0.0852814 0.0663942 0.0290659 0.99737 -0.352864
30 31 42 0.99981 0.0104442 0.0164862 -0.843778 -0.0105426 0.999927 0.00589288 -0.182858 -0.0164235 -0.00606556 0.999847 0.50458
30 32 309 0.999748 0.0115718 0.0192428 -0.795125 -0.0116575 0.999923 0.00434437 -0.0788882 -0.0191911 -0.0045676 0.999805 0.601292
30 33 0 1 0 0 0 0 1 0 0 0 0 1 0
30 34 0 1 0 0 0 0 1 0 0 0 0 1 0
30 35 450 0.999597 0.00734729 -0.0274228 0.967259 -0.00739562 0.999971 -0.00166155 0.203727 0.0274098 0.00186369 0.999623 0.151344
30 36 85 0.999912 0.0017589 -0.0131514 0.977648 -0.00172908 0.999996 0.00227861 0.0728472 0.0131554 -0.00225567 0.999911 -0.197225
30 37 142 0.999741 0.00490613 -0.0222455 0.899595 -0.00485769 0.999986 0.00223098 0.128683 0.0222561 -0.00212234 0.99975 -0.417335
30 38 416 0.999138 0.0164239 -0.0381146 0.922308 -0.0161601 0.999843 0.0072209 0.0339366 0.0382272 -0.00659874 0.999247 -0.384962
30 39 413 0.999126 0.0239307 -0.0342626 0.97836 -0.0236886 0.999692 0.00745559 0.162663 0.0344305 -0.00663744 0.999385 -0.127878
30 40 202 0.999643 0.0153948 -0.0218301 0.888655 -0.0151114 0.9998 0.0130879 0.162798 0.0220272 -0.0127533 0.999676 -0.428705
30 41 213 0.999561 0.00629326 -0.0289587 0.92622 -0.00571293 0.999782 0.0200792 0.151888 0.0290788 -0.0199049 0.999379 -0.345031
30 42 213 0.999745 0.00137029 -0.0225352 0.910989 -0.000943014 0.99982 0.0189602 0.127931 0.0225571 -0.0189341 0.999566 -0.392087
30 43 214 0.999391 0.00632951 -0.0343038 0.900163 -0.00586301 0.999889 0.0136828 0.190959 0.0343866 -0.0134734 0.999318 -0.391459
30 44 270 0.998189 0.0126747 -0.0588014 0.888333 -0.0114774 0.999721 0.0206537 0.200568 0.0590468 -0.0199414 0.998056 -0.413082
45 46 43 0.999983 0.00558507 0.00184665 0.536452 -0.00558932 0.999982 0.00230403 -0.0628119 -0.00183375 -0.00231431 0.999996 0.84159
45 47 365 0.999965 0.00543503 -0.00643523 0.832735 -0.00542687 0.999984 0.00128585 -0.12671 0.00644211 -0.00125088 0.999978 0.538978
45 48 16 0.999991 0.00201628 0.0038504 -0.896824 -0.00199833 0.999987 -0.00465919 -0.1384 -0.00385975 0.00465145 0.999982 0.42018
45 49 243 0.999709 0.00200337 -0.0240251 0.945467 -0.00197158 0.999997 0.00134644 0.210778 0.0240277 -0.00129869 0.99971 -0.248322
45 50 413 0.999321 0.0160893 -0.0331573 0.993128 -0.0156392 0.999783 0.0137881 -0.0634878 0.033372 -0.0132602 0.999355 0.0983168
45 51 255 0.99952 0.0214201 -0.0223703 0.813665 -0.0214179 0.999771 0.000338384 -0.0852585 0.0223724 0.000140903 0.99975 0.575048
45 52 312 0.998829 0.0236033 -0.0422384 0.915398 -0.0243869 0.999538 -0.0181335 0.00158643 0.0417909 0.0191423 0.998943 0.402546
45 53 246 0.998027 0.0372921 -0.0505096 0.984007 -0.0381751 0.999133 -0.0166314 0.0507708 0.0498456 0.0185268 0.998585 -0.170739
45 54 417 0.996847 0.0536551 -0.058463 0.991233 -0.0542022 0.998499 -0.00781241 0.0975684 0.0579561 0.0109566 0.998259 -0.0890979
45 55 295 0.99763 0.058626 -0.0360125 0.999485 -0.0584221 0.99827 0.00668887 -0.0118045 0.0363423 -0.0045691 0.999329 0.0298528
45 56 312 0.997021 0.0570833 -0.051865 0.993423 -0.0565282 0.998328 0.0121087 0.0453692 0.0524695 -0.00914081 0.998581 0.105129
45 57 436 0.995591 0.054062 -0.0766591 0.984677 -0.0531958 0.998496 0.0132972 0.0160741 0.0772627 -0.00916065 0.996969 0.173647
45 58 271 0.997614 0.0464947 -0.0510282 0.997807 -0.0460503 0.998891 0.00985134 -0.00756907 0.0514296 -0.00747798 0.998649 0.0657613
45 59 430 0.995682 0.0546421 -0.0750394 0.996881 -0.0544153 0.998506 0.00506499 0.021851 0.0752041 -0.000959829 0.997168 0.0758322
60 61 15 0.999989 0.00304416 -0.00344591 0.986888 -0.00303616 0.999993 0.00232324 0.157026 0.00345295 -0.00231276 0.999991 -0.0373452
60 62 124 0.999979 0.00418333 -0.00494374 0.95818 -0.00417712 0.99999 0.00126638 0.0619618 0.00494899 -0.00124571 0.999987 0.279377
60 63 258 0.999911 -0.00190721 -0.0132152 0.990129 0.00184391 0.999987 -0.00480046 0.133042 0.0132242 0.00477566 0.999901 0.0441034
60 64 175 0.999945 -0.00806404 -0.00666139 0.980565 0.00805193 0.999966 -0.00184174 0.0155038 0.00667601 0.001788 0.999976 -0.195579
60 65 162 0.999946 -0.010314 -0.00152074 0.989331 0.0103072 0.999937 -0.00442589 0.00571576 0.0015663 0.00440997 0.999989 0.145574
60 66 156 0.999924 -0.0121905 0.00157778 0.980381 0.0122055 0.999877 -0.00984755 0.0401159 -0.00145754 0.00986607 0.99995 -0.192986
60 67 264 0.999788 -0.0140635 -0.0150257 0.971189 0.0138923 0.999838 -0.0114377 0.054948 0.0151842 0.0112266 0.999822 -0.231888
60 68 306 0.999722 -0.01202 -0.0202925 0.989465 0.0117574 0.999846 -0.0130142 0.0365056 0.0204458 0.012772 0.999709 -0.140091
60 69 291 0.999754 -0.00694889 -0.0210824 0.924637 0.00661196 0.99985 -0.0160092 0.0692071 0.0211904 0.0158659 0.99965 -0.374509
60 70 362 0.999594 -0.00842915 -0.0272348 0.876567 0.00809362 0.99989 -0.012407 0.106104 0.0273363 0.0121815 0.999552 -0.469438
60 71 515 0.998413 -0.00526235 -0.0560728 0.979974 0.00500077 0.999976 -0.00480438 -0.00798157 0.0560968 0.00451635 0.998415 -0.198964
60 72 530 0.998472 -0.00191703 -0.0552307 0.967 0.00140321 0.999955 -0.00934045 0.0402905 0.0552462 0.00924868 0.99843 -0.251571
60 73 464 0.999104 -0.00197862 -0.0422813 0.919698 0.00162293 0.999963 -0.00844503 0.00824795 0.0422964 0.00836884 0.99907 -0.392541
60 74 417 0.998744 0.000760705 -0.0500919 0.931432 -0.00115772 0.999968 -0.00789724 0.0296232 0.0500843 0.00794532 0.998713 -0.362707
75 76 23 0.99999 0.0033981 -0.00290886 0.983084 -0.00339865 0.999994 -0.000184122 0.181552 0.00290822 0.000194006 0.999996 -0.0241911
75 77 28 0.999986 0.00390987 -0.0034985 0.945237 -0.00390821 0.999992 0.000480873 0.122987 0.00350035 -0.000467193 0.999994 -0.302325
75 78 140 0.999907 0.00541867 -0.0125472 0.933783 -0.00542312 0.999985 -0.000321089 -0.0318939 0.0125453 0.000389104 0.999921 -0.356415
75 79 228 0.999891 0.00773118 -0.0125393 0.886307 -0.00777315 0.999964 -0.00330205 0.0126126 0.0125133 0.00339916 0.999916 -0.462927
75 80 458 0.99948 0.0193798 -0.0257897 0.982963 -0.0196346 0.999761 -0.00966034 0.0115594 0.0255963 0.0101617 0.999621 -0.183441
75 81 510 0.999184 0.0228354 -0.0333157 0.948059 -0.0233963 0.999589 -0.0165429 0.120314 0.0329243 0.0173089 0.999308 -0.294462
75 82 529 0.998519 0.0228668 -0.0493588 0.912181 -0.0236008 0.999619 -0.0143395 0.119581 0.049012 0.0154832 0.998678 -0.391951
75 83 334 0.999116 0.0240734 -0.0344686 0.829541 -0.024505 0.999626 -0.012156 0.146668 0.034163 0.0129899 0.999332 -0.538842
75 84 360 0.998869 0.031099 -0.0359772 0.752808 -0.0315462 0.999431 -0.0119286 0.198547 0.0355858 0.0130501 0.999281 -0.627582
75 85 194 0.99974 0.0223662 0.00441641 0.167933 -0.0223832 0.999742 0.00383161 0.288209 -0.00432957 -0.00392946 0.999983 -0.942727
75 86 381 0.995641 0.040252 -0.084139 0.903908 -0.0406875 0.999166 -0.00346655 0.346541 0.0839293 0.00687484 0.996448 -0.250719
75 87 287 0.998637 0.0448449 -0.0267097 0.67146 -0.0439992 0.998536 0.0314524 0.0941596 0.0280811 -0.0302343 0.999148 -0.735035
75 88 443 0.997656 0.0493826 -0.047371 0.935696 -0.0480388 0.998422 0.0290984 0.183383 0.0487332 -0.0267545 0.998453 -0.301403
75 89 360 0.998239 0.0440662 -0.0397193 0.935057 -0.0429209 0.998651 0.0292397 0.170426 0.0409542 -0.0274834 0.998783 -0.310842
90 91 211 0.99993 -0.0019664 -0.0117038 0.509761 0.00208911 0.999943 0.0104813 -0.837863 0.0116825 -0.010505 0.999877 -0.195268
90 92 438 0.999542 -0.00447749 -0.0299397 0.679632 0.00447756 0.99999 -6.46651e-05 0.0758868 0.0299397 -6.94216e-05 0.999552 -0.729618
90 93 133 0.999917 -0.0105267 -0.00748912 -0.165755 0.0105715 0.999926 0.00597312 -0.371417 0.00742569 -0.00605179 0.999954 0.913551
90 94 267 0.99956 -0.00528318 -0.0291846 0.840426 0.00545785 0.999968 0.00590848 0.0943945 0.0291524 -0.00606516 0.999557 -0.533642
90 95 240 0.999396 -0.0120388 -0.032609 0.874277 0.0121275 0.999923 0.00252483 0.0917986 0.0325761 -0.00291877 0.999465 -0.476668
90 96 397 0.998493 -0.00867834 -0.0541897 0.965986 0.00833304 0.999944 -0.0065948 0.147179 0.0542439 0.00613329 0.998509 -0.212625
90 97 363 0.998687 -0.00671704 -0.0507893 0.860237 0.00644921 0.999964 -0.00543545 0.0573569 0.050824 0.00510076 0.998695 -0.506658
90 98 228 0.999755 -0.0087004 -0.0203676 0.55914 0.00853239 0.999929 -0.00832101 0.120495 0.0204386 0.00814518 0.999758 -0.82027
90 99 214 0.998972 -0.0152609 -0.0426865 0.723227 0.0147563 0.999818 -0.0121103 0.15664 0.0428636 0.0114679 0.999015 -0.672612
90 100 212 0.998608 -0.0120113 -0.051356 0.786053 0.0115728 0.999894 -0.00882715 0.116888 0.0514566 0.00822053 0.998641 -0.607008
90 101 316 0.99751 -0.0127574 -0.0693626 0.924622 0.012096 0.999877 -0.00994613 0.145405 0.069481 0.00908235 0.997542 -0.35204
90 102 295 0.997393 -0.00398549 -0.072053 0.954311 0.00338733 0.999959 -0.0084219 0.108333 0.0720836 0.00815587 0.997365 -0.278487
90 103 220 0.998296 -0.000414054 -0.0583476 0.865717 -0.000102589 0.999961 -0.00885128 0.0675302 0.058349 0.00884219 0.998257 -0.495957
90 104 211 0.997448 0.00161692 -0.0713747 0.898663 -0.00247096 0.999926 -0.0118789 0.0691682 0.0713503 0.012025 0.997379 -0.433152
105 106 95 0.999971 0.00710797 0.00256926 0.265192 -0.0070988 0.999968 -0.00356 -0.2194 -0.00259449 0.00354166 0.99999 0.938902
105 107 51 0.999768 0.0180218 -0.0118159 0.96535 -0.0180303 0.999837 -0.000612817 -0.0700189 0.0118029 0.000825718 0.99993 -0.251391
105 108 110 0.999503 0.030084 0.00943865 -0.273026 -0.0299689 0.999478 -0.0121008 0.241264 -0.00979776 0.0118119 0.999882 -0.931262
105 109 326 0.998716 0.0436666 -0.0256752 0.971934 -0.0439249 0.998989 -0.0095827 -0.229684 0.0252308 0.0106982 0.999624 -0.0508963
105 110 257 0.998846 0.0462366 -0.0129734 0.916634 -0.0464564 0.998773 -0.0171805 -0.105057 0.0121631 0.0177634 0.999768 -0.385676
105 111 262 0.998126 0.0560125 -0.0246297 0.797646 -0.0564114 0.998282 -0.0158094 0.0695728 0.0237019 0.0171691 0.999572 -0.5991
105 112 184 0.998197 0.0596362 -0.00678834 0.887146 -0.0597032 0.998165 -0.0101302 0.0236287 0.00617176 0.0105172 0.999926 -0.460883
105 113 242 0.997472 0.0617985 -0.035067 0.957495 -0.0621007 0.998041 -0.00759358 -0.0388682 0.034529 0.00975207 0.999356 -0.285819
105 114 288 0.997396 0.0600214 -0.0399876 0.955813 -0.0601658 0.998185 -0.00241696 -0.0385836 0.0397699 0.00481655 0.999197 -0.291431
105 115 199 0.998901 0.0458348 -0.00980573 0.980871 -0.0459203 0.998907 -0.00867887 -0.0355479 0.00939722 0.00911962 0.999914 -0.191388
105 116 47 0.99937 0.0265164 0.0235978 0.0769958 -0.0259988 0.99942 -0.0219788 -0.996488 -0.0241669 0.0213515 0.99948 -0.0329165
105 117 32 0.999054 0.0375482 0.0219564 -0.0945655 -0.0363926 0.998043 -0.0508539 -0.941818 -0.0238229 0.0500067 0.998465 -0.322547
105 118 19 0.999344 0.0323475 0.0163094 -0.07418 -0.0309985 0.996541 -0.0771043 -0.76746 -0.0187471 0.0765481 0.99689 -0.63679
105 119 181 0.995711 0.0790803 -0.0480169 0.985576 -0.0823974 0.994027 -0.07156 -0.0922595 0.0420711 0.0752095 0.99628 -0.141871
120 121 32 0.999881 0.00866797 0.0127831 0.167513 -0.00869537 0.99996 0.0020899 0.310116 -0.0127644 -0.0022008 0.999916 -0.935825
120 122 210 0.999098 0.0144643 0.0399216 -0.999928 -0.0149565 0.999815 0.0120591 0.00282418 -0.0397398 -0.0126453 0.99913 0.0116939
120 123 42 0.999687 0.0177629 0.0176386 0.647343 -0.0180848 0.99967 0.0182596 -0.297331 -0.0173084 -0.0185729 0.999678 0.701813
120 124 108 0.999376 -0.00511094 0.0349542 -0.0986891 0.00398918 0.999477 0.0320872 -0.555381 -0.0350999 -0.0319277 0.998874 0.825719
120 125 41 0.99979 -0.00732784 0.0191259 0.912152 0.00665298 0.999361 0.0351136 0.165143 -0.019371 -0.034979 0.9992 0.375108
120 126 290 0.998849 -0.0237491 0.0416755 -0.594583 0.0218362 0.998713 0.0457689 -0.0844214 -0.0427089 -0.0448062 0.998082 0.79959
120 127 281 0.998199 -0.0418655 0.042974 -0.630571 0.0400051 0.998262 0.0432749 -0.118373 -0.044711 -0.0414777 0.998139 0.767052
120 128 255 0.999122 -0.0405147 -0.0106841 0.614322 0.0409386 0.998236 0.0429969 -0.182002 0.00892327 -0.0433966 0.999018 0.767778
120 129 231 0.997653 -0.060516 0.0320444 -0.107814 0.0593465 0.997578 0.0362676 -0.207919 -0.0341616 -0.0342807 0.998828 0.972186
120 130 261 0.997151 -0.0521871 0.0544617 -0.6242 0.0500668 0.997961 0.0395958 -0.114967 -0.056417 -0.0367563 0.99773 0.77276
120 131 162 0.994449 -0.101316 0.0283988 -0.142787 0.100093 0.994109 0.0415852 -0.333022 -0.0324447 -0.0385118 0.998731 0.932045
120 132 202 0.997803 -0.059102 -0.02992 0.702448 0.060486 0.997029 0.0476856 -0.0496639 0.0270128 -0.0493906 0.998414 0.71
120 133 225 0.997227 -0.0570488 -0.0477897 0.606794 0.0598234 0.996476 0.0587947 -0.104646 0.0442672 -0.0614906 0.997126 0.78794
120 134 194 0.996971 -0.0602733 -0.049157 0.521674 0.0633885 0.995903 0.0644899 -0.127359 0.0450686 -0.0674105 0.996707 0.843585
135 136 85 0.999973 -0.000712551 -0.00727285 0.102347 0.000761505 0.999977 0.00673046 -0.972704 0.00726789 -0.00673581 0.999951 0.208262
135 137 23 0.999926 -0.00437539 -0.0113421 0.15779 0.00420209 0.999875 -0.0152586 0.375059 0.0114074 0.0152098 0.999819 -0.913473
135 138 44 0.999712 0.00617625 -0.0232075 0.198348 -0.00664485 0.999775 -0.0201691 -0.0975808 0.0230777 0.0203175 0.999527 -0.975262
135 139 14 0.999562 -0.00161693 -0.0295456 0.488915 0.000862631 0.999674 -0.0255251 0.183487 0.0295772 0.0254884 0.999237 -0.852816
135 140 137 0.998661 0.00565 -0.0514191 0.937577 -0.00705986 0.999603 -0.0272787 -0.219425 0.0512446 0.0276052 0.998305 0.269818
135 141 374 0.997018 0.00461466 -0.077035 0.959656 -0.00747576 0.999291 -0.0368933 0.0589013 0.0768101 0.0373592 0.996346 -0.274937
135 142 116 0.99868 -0.00034931 -0.0513609 0.526567 -0.00150438 0.999349 -0.0360483 0.224374 0.0513401 0.036078 0.998029 -0.81999
135 143 329 0.995231 0.0157792 -0.0962568 0.985411 -0.0189336 0.99931 -0.0319449 0.119675 0.0956863 0.033615 0.994844 -0.121011
135 144 357 0.992739 0.0142078 -0.119443 0.971626 -0.0184103 0.999247 -0.0341543 0.166993 0.118868 0.0361053 0.992253 -0.167501
135 145 347 0.993156 0.03168 -0.112418 0.985315 -0.0338324 0.999278 -0.0172901 -0.0223139 0.111789 0.0209751 0.993511 -0.169285
135 146 228 0.994407 0.0380561 -0.0985177 0.992524 -0.0397967 0.999083 -0.0157627 0.0540783 0.0978275 0.0195952 0.99501 -0.109415
135 147 257 0.995214 0.0457874 -0.086323 0.994198 -0.0468738 0.998845 -0.010599 0.0200659 0.0857379 0.0145945 0.996211 -0.105676
135 148 229 0.995554 0.0402126 -0.0851786 0.999123 -0.041512 0.999046 -0.0135376 0.0390666 0.084553 0.0170134 0.996274 -0.0150696
135 149 243 0.995288 0.0234839 -0.0940715 0.993527 -0.0256044 0.999443 -0.0213989 0.112016 0.0935166 0.0237067 0.995335 -0.0188666
150 151 46 0.999977 0.00640214 0.00203583 0.204091 -0.00640812 0.999975 0.00294351 -0.114528 -0.00201693 -0.00295649 0.999994 -0.972229
150 152 562 0.999503 0.0095972 -0.0300144 0.98334 -0.00974474 0.999941 -0.00477323 0.0886566 0.0299669 0.00506334 0.999538 0.158687
150 153 38 0.999975 0.00483976 0.00505772 -0.213899 -0.0048233 0.999983 -0.00325987 -0.164374 -0.00507341 0.0032354 0.999982 0.962927
150 154 62 0.999979 0.00622323 0.00184584 0.309016 -0.0062201 0.999979 -0.00169751 0.10519 -0.00185637 0.00168599 0.999997 -0.945222
150 155 437 0.999514 0.00454668 -0.0308479 0.997352 -0.00484543 0.999942 -0.00961673 0.0614421 0.0308024 0.00976153 0.999478 0.0389145
150 156 27 0.999842 0.00353931 -0.0174393 0.983472 -0.00372605 0.999936 -0.0106876 -0.0338954 0.0174003 0.0107509 0.999791 -0.177857
150 157 399 0.999053 0.00315613 -0.0433918 0.985654 -0.00360238 0.999941 -0.0102098 -0.1017 0.0433571 0.0103564 0.999006 -0.134695
150 158 61 0.999891 -0.000471924 -0.0147882 -0.685343 0.000251734 0.999889 -0.0148879 -0.0686784 0.0147936 0.0148826 0.99978 0.724975
150 159 481 0.998435 0.0142983 -0.0540688 0.995541 -0.0149944 0.99981 -0.0124912 -0.0769179 0.0538799 0.0132824 0.998459 -0.0546041
150 160 425 0.997972 0.0188123 -0.0608152 0.991019 -0.0196079 0.999729 -0.0125123 -0.0857379 0.0605634 0.0136793 0.998071 -0.102613
150 161 227 0.998598 0.0183078 -0.049659 0.982966 -0.0190924 0.9997 -0.0153707 -0.0822012 0.0493627 0.0162973 0.998648 -0.164378
150 162 217 0.998107 0.0120513 -0.0603083 0.98652 -0.0131656 0.999749 -0.0181131 0.0259348 0.0600749 0.0188728 0.998015 -0.161573
150 163 211 0.997842 0.0112534 -0.0646937 0.998265 -0.0125359 0.999732 -0.0194532 -0.0287872 0.0644575 0.0202222 0.997716 -0.0513623
150 164 196 0.998811 0.0265344 -0.0408965 0.893382 -0.0272917 0.999464 -0.0180702 -0.063874 0.0403951 0.0191649 0.999 -0.444735
165 166 0 1 0 0 0 0 1 0 0 0 0 1 0
165 167 16 0.999995 -0.00285921 -0.000967387 0.632127 0.00286137 0.999993 0.00223724 0.248025 0.000960984 -0.00224 0.999997 -0.734097
165 168 53 0.999986 0.00345558 0.00397727 -0.970544 -0.00347334 0.999984 0.00446875 0.0430155 -0.00396177 -0.0044825 0.999982 -0.237054
165 169 453 0.999539 0.0171407 -0.0250482 0.989876 -0.017281 0.999836 -0.00539567 0.115866 0.0249516 0.00582604 0.999672 0.0819812
165 170 369 0.999536 0.019911 -0.0230407 0.997616 -0.0200631 0.999778 -0.00638813 0.0452752 0.0229084 0.00684744 0.999714 -0.0520749
165 171 435 0.998674 0.0243313 -0.0453713 0.999166 -0.0249017 0.999617 -0.0120486 0.0405649 0.0450608 0.0131624 0.998898 -0.00464485
165 172 260 0.999199 0.0324598 -0.0234125 0.9627 -0.0326194 0.999447 -0.00647045 -0.0665 0.0231895 0.00722897 0.999705 -0.262272
165 173 356 0.998107 0.0400532 -0.0466662 0.979081 -0.0401379 0.999194 -0.000878136 -0.00761865 0.0465934 0.00274956 0.99891 -0.203327
165 174 219 0.998532 0.054147 0.00144174 0.94486 -0.0541605 0.99846 0.012051 -0.118256 -0.000786995 -0.0121114 0.999926 -0.305377
165 175 221 0.998926 0.037233 -0.0275813 0.967108 -0.0369936 0.999274 0.00914099 -0.000369725 0.0279016 -0.00811084 0.999578 -0.254365
165 176 216 0.999049 0.0393295 -0.0188285 0.996536 -0.0390749 0.999142 0.0137016 -0.0374159 0.0193512 -0.0129528 0.999729 -0.0742765
165 177 216 0.999534 0.0244811 -0.0182402 0.999792 -0.0244164 0.999695 0.00375897 0.00977872 0.0183267 -0.00331186 0.999827 -0.0178989
165 178 339 0.998614 0.0227568 -0.0474669 0.995123 -0.023019 0.999723 -0.00498353 0.0486046 0.0473403 0.00606926 0.99886 -0.0858395
165 179 312 0.997316 0.0327257 -0.0655038 0.989687 -0.0329823 0.999452 -0.00283931 0.0278496 0.065375 0.00499216 0.997848 -0.140512
180 181 79 0.999897 0.00152759 -0.0142558 0.941345 -0.00146422 0.999989 0.00445421 -0.25828 0.0142624 -0.00443288 0.999888 -0.217165
180 182 45 0.999856 0.0104003 -0.013442 0.915929 -0.0102799 0.999907 0.00899678 -0.253736 0.0135343 -0.0088573 0.999869 -0.310953
180 183 592 0.999231 0.0063525 -0.0386814 0.974118 -0.00621725 0.999974 0.00361583 0.0778277 0.0387034 -0.00337256 0.999245 -0.212221
180 184 546 0.998951 0.00996013 -0.0446999 0.955471 -0.0097196 0.999937 0.00559503 -0.041514 0.0447528 -0.0051547 0.998985 -0.292149
180 185 304 0.999709 0.00421324 -0.0237615 0.909434 -0.00420491 0.999991 0.00040044 0.102892 0.023763 -0.000300408 0.999718 -0.402917
180 186 23 0.99996 0.00130698 -0.00880241 0.987949 -0.00131486 0.999999 -0.000889044 0.0550182 0.00880124 0.000900583 0.999961 0.144673
180 187 499 0.998823 0.00917489 -0.0476332 0.968572 -0.0096114 0.999914 -0.00894298 0.109828 0.0475471 0.00939027 0.998825 -0.223174
180 188 476 0.998336 0.00688981 -0.0572504 0.938264 -0.00759875 0.999897 -0.0121746 0.166302 0.0571606 0.0125894 0.998286 -0.303323
180 189 424 0.998764 0.00852558 -0.048973 0.915 -0.00889376 0.999934 -0.00730501 0.128824 0.0489075 0.00773154 0.998773 -0.382333
180 190 316 0.9993 0.0129735 -0.035099 0.85899 -0.0131901 0.999895 -0.00594577 0.131102 0.0350182 0.00640457 0.999366 -0.494922
180 191 318 0.998293 0.013393 -0.0568434 0.909048 -0.013916 0.999864 -0.00881454 0.188948 0.0567176 0.00959052 0.998344 -0.371389
180 192 420 0.994451 0.00685763 -0.104973 0.948504 -0.00907963 0.999744 -0.0207042 0.218451 0.104804 0.0215425 0.99426 -0.229389
180 193 407 0.997096 0.0216095 -0.0730205 0.903038 -0.021886 0.999756 -0.00298869 0.0517017 0.0729381 0.00457813 0.997326 -0.426439
180 194 297 0.996978 0.0167407 -0.0758623 0.921577 -0.0172555 0.999832 -0.00613482 0.139328 0.0757469 0.00742532 0.997099 -0.362331
195 196 19 0.999998 0.000268915 0.00188026 0.84635 -0.000269866 1 0.000505618 0.0113373 -0.00188012 -0.000506124 0.999998 0.532507
195 197 220 0.999767 0.0179784 -0.0119087 0.638223 -0.0178246 0.999758 0.0129004 -0.363343 0.0121377 -0.0126851 0.999846 -0.678715
195 198 13 0.999652 0.0263418 0.00171058 0.868493 -0.02636 0.999585 0.0116465 -0.370072 -0.00140308 -0.0116875 0.999931 -0.329797
195 199 95 0.999213 0.0374074 -0.0131866 0.982442 -0.0372276 0.999214 0.0136298 -0.180867 0.0136861 -0.0131281 0.99982 0.0457742
195 200 311 0.99884 0.037543 -0.0301392 0.997403 -0.0374152 0.999288 0.00479028 0.0697562 0.0302976 -0.00365705 0.999534 -0.0179081
195 201 290 0.998878 0.0340709 -0.0328786 0.969935 -0.0342061 0.999408 -0.00355856 -0.0545659 0.0327379 0.00467922 0.999453 0.237166
195 202 291 0.999039 0.0343282 -0.0272602 0.998475 -0.0349069 0.999169 -0.0210473 0.0051389 0.026515 0.0219787 0.999407 0.0549571
195 203 295 0.999346 0.0306489 -0.0191734 0.907988 -0.0312471 0.999008 -0.0317169 0.0491333 0.0181823 0.0322953 0.999313 -0.416105
195 204 273 0.999141 0.0334837 -0.0244121 0.779083 -0.0341458 0.999046 -0.0272289 0.135443 0.0234771 0.0280391 0.999331 -0.612115
195 205 261 0.999071 0.0384589 -0.0194605 0.677025 -0.0387205 0.999162 -0.0132516 0.138449 0.0189345 0.0139928 0.999723 -0.722821
195 206 323 0.998773 0.0452266 -0.0201913 0.827758 -0.0452727 0.998973 -0.00182896 0.0872256 0.0200878 0.00274082 0.999794 -0.554264
195 207 420 0.990063 0.0292783 -0.137543 0.973849 -0.0243841 0.999013 0.037134 -0.227186 0.138495 -0.0334111 0.989799 0.00192244
195 208 312 0.997764 0.0463648 -0.0481416 0.967525 -0.0467442 0.998884 -0.00678486 0.0396911 0.0477733 0.00902003 0.998817 -0.24964
195 209 280 0.998731 0.0384907 -0.0324643 0.966033 -0.0388701 0.999182 -0.0111371 0.0347676 0.0320091 0.0123848 0.999411 -0.25607
210 211 484 0.999714 0.00440798 -0.0235143 0.825194 -0.00420203 0.999952 0.00880067 -0.369166 0.0235519 -0.00869934 0.999685 -0.427518
210 212 124 0.999964 -0.000122404 0.00850092 -0.843852 7.75518e-05 0.999986 0.00527626 0.0395864 -0.00850144 -0.00527541 0.99995 -0.535113
210 213 315 0.999418 -0.0038305 -0.0338886 0.940418 0.00434579 0.999876 0.0151449 -0.233267 0.0338264 -0.0152833 0.999311 -0.247389
210 214 176 0.999494 -0.00233903 -0.0317214 0.934816 0.00287086 0.999856 0.0167305 -0.307429 0.0316777 -0.0168131 0.999357 -0.177779
210 215 58 0.99996 -0.00627206 -0.00644839 -0.861585 0.00634702 0.999912 0.0116718 0.353864 0.00637461 -0.0117123 0.999911 0.36394
210 216 388 0.996432 -0.00449539 -0.0842813 0.934261 0.00798811 0.999121 0.04115 -0.353582 0.0840222 -0.0416764 0.995592 0.0462234
210 217 62 0.999933 0.00520398 -0.0103361 -0.740457 -0.00504168 0.999865 0.0156668 0.288768 0.0104162 -0.0156137 0.999824 0.606908
210 218 297 0.998726 -0.0132953 -0.0486813 0.904147 0.0137293 0.999869 0.00859206 0.176616 0.0485607 -0.00924948 0.998777 -0.389005
210 219 59 0.999927 0.00508168 -0.0109761 -0.859365 -0.0049022 0.999855 0.0163176 0.314949 0.0110574 -0.0162626 0.999807 0.402863
210 220 323 0.990429 -0.00583778 -0.1379 0.958907 0.0139103 0.99824 0.0576478 -0.271889 0.137321 -0.0590143 0.988767 0.0810732
210 221 325 0.994279 -0.00386272 -0.106743 0.966695 0.0087123 0.998949 0.0450035 -0.229128 0.106457 -0.045676 0.993268 0.114021
210 222 300 0.993764 0.000305427 -0.111506 0.981383 0.00101396 0.99993 0.0117756 0.130708 0.111502 -0.0118152 0.993694 -0.140723
210 223 274 0.990161 0.00667492 -0.139771 0.951191 0.00251874 0.99785 0.0654966 -0.274764 0.139908 -0.0652043 0.988015 0.140501
210 224 266 0.99488 0.00432403 -0.100967 0.97728 -0.00272183 0.999868 0.016001 0.100799 0.101022 -0.0156443 0.994761 -0.186447
225 226 0 1 0 0 0 0 1 0 0 0 0 1 0
225 227 207 0.999809 0.00359274 -0.0191967 0.899919 -0.00349558 0.999981 0.00509238 -0.0567591 0.0192146 -0.00502431 0.999803 0.432348
225 228 497 0.997616 0.0133886 -0.0676981 0.983955 -0.0126156 0.99985 0.0118328 -0.139676 0.0678464 -0.0109505 0.997636 0.111014
225 229 357 0.99937 0.0192955 -0.029781 0.991804 -0.0192691 0.999814 0.00117254 0.0309861 0.0297981 -0.000597954 0.999556 -0.123951
225 230 363 0.999086 0.023148 -0.0359476 0.985792 -0.0229548 0.99972 0.00577696 0.0901196 0.0360713 -0.0049465 0.999337 -0.141746
225 231 252 0.992291 0.0334633 -0.119326 0.990867 -0.028097 0.998529 0.0463745 -0.131599 0.120703 -0.0426643 0.991771 -0.029395
225 232 265 0.973547 0.0403767 -0.224893 0.972176 -0.018079 0.994789 0.100339 -0.232618 0.227772 -0.0936189 0.969203 0.0276041
225 233 148 0.998975 0.0193249 -0.0409307 0.991098 -0.0167512 0.997916 0.0623146 0.0307622 0.0420496 -0.0615651 0.997217 0.129535
225 234 194 0.996355 0.0341924 -0.0781521 0.99934 -0.0289229 0.997294 0.0675905 0.0363131 0.0802517 -0.0650837 0.994648 0.00128917
225 235 176 0.997309 0.0365754 -0.063544 0.993995 -0.0321967 0.997123 0.0686157 0.0556633 0.0658709 -0.0663851 0.995617 0.0942074
225 236 225 0.999085 0.0308149 -0.0296717 0.920123 -0.0285814 0.996925 0.0729622 0.000252826 0.0318288 -0.0720473 0.996893 0.39163
225 237 235 0.999424 0.0300473 -0.0157854 0.759965 -0.0288317 0.996967 0.0722878 -0.00445019 0.0179096 -0.071791 0.997259 0.649949
225 238 276 0.996281 0.0132407 -0.0851424 0.96952 -0.0074387 0.99765 0.0681041 -0.0513146 0.0858441 -0.0672175 0.994039 0.239577
225 239 258 0.99766 0.0257354 -0.0633412 0.994861 -0.022364 0.998324 0.0533711 0.0412582 0.0646086 -0.0518296 0.996564 0.0924654
240 241 190 0.999917 -0.000132636 0.0128713 -0.816397 0.000111298 0.999999 0.00165846 -0.120252 -0.0128715 -0.00165689 0.999916 0.564832
240 242 209 0.999893 0.00118087 -0.0145781 0.984009 -0.00116875 0.999999 0.000840021 -0.139148 0.0145791 -0.000822893 0.999893 0.111197
240 243 108 0.999959 -0.00207952 -0.00881996 0.956917 0.00205871 0.999995 -0.0023673 -0.186593 0.00882484 0.00234905 0.999958 0.222468
240 244 330 0.99985 -0.000103209 -0.0173121 0.966095 2.23949e-05 0.999989 -0.00466818 -0.204599 0.0173124 0.0046671 0.999839 -0.15748
240 245 22 0.999943 -0.00690009 0.00814498 -0.970365 0.00702054 0.999865 -0.0148537 -0.0349767 -0.00804139 0.01491 0.999857 0.239098
240 246 290 0.999945 -0.00454032 -0.0094261 0.984849 0.0043766 0.99984 -0.0173168 -0.0234762 0.00950322 0.0172746 0.999806 -0.17182
240 247 362 0.999614 -0.00195687 -0.0277309 0.928864 0.00162125 0.999925 -0.0121203 0.0876429 0.0277526 0.0120706 0.999542 -0.359904
240 248 300 0.99969 0.00158134 -0.0248466 0.972861 -0.00175726 0.999974 -0.00706003 0.0650853 0.0248348 0.0071015 0.999666 -0.222046
240 249 315 0.999609 0.00128306 -0.0279421 0.873399 -0.00131995 0.999998 -0.00130207 0.0564784 0.0279404 0.00133844 0.999609 -0.48372
240 250 334 0.999269 0.00423682 -0.0379986 0.902922 -0.00407231 0.999982 0.00440589 0.085414 0.0380166 -0.00424793 0.999268 -0.421231
240 251 502 0.998404 0.006207 -0.056139 0.917824 -0.00539578 0.999879 0.0145902 0.059083 0.0562228 -0.014264 0.998316 -0.392567
240 252 492 0.998234 0.0143213 -0.0576607 0.965436 -0.0133087 0.999751 0.0179082 0.0847605 0.0579028 -0.0171091 0.998176 -0.246472
240 253 296 0.999074 0.0172096 -0.039435 0.997358 -0.0163816 0.999641 0.0212245 -0.00496464 0.039786 -0.0205588 0.998997 -0.0724771
240 254 487 0.997808 0.0271142 -0.060366 0.955667 -0.0259813 0.999473 0.0194746 0.0402955 0.0608622 -0.0178635 0.997986 -0.29168
255 256 118 0.999932 0.00908926 -0.00727884 0.582138 -0.00901104 0.999902 0.0107075 -0.159161 0.00737545 -0.0106412 0.999916 -0.79736
255 257 620 0.998878 0.0270312 -0.0388837 0.988319 -0.02621 0.999426 0.0214773 -0.150797 0.0394419 -0.020434 0.999013 -0.022031
255 258 529 0.998929 0.0400691 -0.0231271 0.95294 -0.0397824 0.999127 0.0127268 -0.160525 0.0236168 -0.0117931 0.999652 0.257172
255 259 157 0.998819 0.0483815 0.00454817 0.860913 -0.0483745 0.998828 -0.00164551 -0.200648 -0.00462245 0.00142355 0.999988 -0.467513
255 260 215 0.998217 0.0541702 0.0250815 -0.975636 -0.0537848 0.998428 -0.0157926 0.0567765 -0.0258976 0.0144154 0.999561 0.21192
255 261 548 0.997712 0.0645054 -0.0202429 0.892691 -0.0647723 0.997818 -0.0128191 -0.020399 0.0193718 0.014101 0.999713 -0.450206
255 262 511 0.996705 0.0726404 -0.0361035 0.889784 -0.0728773 0.997327 -0.00528726 0.0153798 0.0356229 0.00790096 0.999334 -0.456123
255 263 526 0.997024 0.0688546 -0.0346777 0.949373 -0.068881 0.997625 0.000433689 -0.00937509 0.0346252 0.00195624 0.999398 -0.314011
255 264 320 0.997393 0.0656911 -0.0298601 0.864551 -0.0656925 0.997839 0.000933494 0.0415448 0.0298569 0.00103052 0.999554 -0.500825
255 265 530 0.996523 0.0661877 -0.050606 0.946789 -0.0659765 0.997804 0.00583507 -0.0282632 0.0508811 -0.00247598 0.998702 -0.320612
255 266 219 0.997102 0.0692258 -0.0315472 0.943007 -0.0692382 0.9976 0.000700296 0.0317002 0.0315199 0.001486 0.999502 -0.33126
255 267 295 0.997274 0.0659241 -0.0331308 0.348548 -0.0660592 0.997811 -0.00299972 -0.0813468 0.0328605 0.00518014 0.999447 -0.933754
255 268 255 0.997095 0.0612754 -0.0452408 0.99764 -0.061987 0.997972 -0.0144955 -0.0549712 0.0442609 0.0172577 0.998871 -0.0411489
255 269 204 0.997806 0.0527663 -0.0399871 0.957948 -0.0537579 0.998262 -0.0241398 0.02539 0.0386438 0.0262365 0.998909 -0.285816
270 271 80 0.999999 -0.000575814 -0.000997909 0.331371 0.000575045 1 -0.000770379 -0.235043 0.000998353 0.000769805 0.999999 0.913755
270 272 21 0.999922 0.0058198 -0.0110232 0.523154 -0.00579638 0.999981 0.0021556 0.0515189 0.0110355 -0.00209154 0.999937 -0.850679
270 273 365 0.999985 0.00552324 0.000148607 -0.948195 -0.00552336 0.999984 0.000845343 0.0334469 -0.000143936 -0.00084615 1 -0.315923
270 274 263 0.999943 0.00582483 -0.00893044 -0.875334 -0.00583736 0.999982 -0.00137723 0.0857552 0.00892226 0.00142928 0.999959 -0.475853
270 275 183 0.999105 0.0114469 -0.0407117 0.772868 -0.0113987 0.999934 0.0014152 0.105026 0.0407252 -0.000949876 0.99917 -0.625816
270 276 484 0.998155 0.0148313 -0.0588842 0.966988 -0.0146648 0.999887 0.00325824 -0.133633 0.0589259 -0.0023887 0.99826 -0.216971
270 277 569 0.997421 0.0158679 -0.0700018 0.871418 -0.0164202 0.999838 -0.00732097 0.163219 0.0698743 0.00845153 0.99752 -0.462591
270 278 259 0.998149 0.0217602 -0.0567984 0.448869 -0.0216473 0.999762 0.00260339 0.11417 0.0568416 -0.00136903 0.998382 -0.886274
270 279 394 0.996737 0.027527 -0.0758738 0.858397 -0.026978 0.999602 0.00825181 0.144551 0.0760707 -0.00617797 0.997083 -0.4922
270 280 416 0.995877 0.0289988 -0.0859546 0.914399 -0.0285275 0.999571 0.00670619 0.0956125 0.0861121 -0.00422648 0.996276 -0.39336
270 281 362 0.999055 0.0177515 -0.0396749 -0.868161 -0.0175055 0.999825 0.00653876 0.0946602 0.0397841 -0.00583805 0.999191 -0.487171
270 282 277 0.998013 0.0225833 -0.0588269 -0.833734 -0.0221488 0.999722 0.00802621 0.0914344 0.0589918 -0.00670731 0.998236 -0.544544
270 283 223 0.994459 0.0298426 -0.100799 0.813988 -0.0296003 0.999554 0.00389899 0.0904499 0.100871 -0.000893703 0.994899 -0.573796
270 284 354 0.990767 0.0316768 -0.131823 0.96986 -0.0315895 0.999497 0.00275399 0.072502 0.131843 0.00143564 0.99127 -0.232625
285 286 16 0.999964 -0.00688906 -0.00487449 -0.624138 0.00688293 0.999976 -0.00127277 -0.112879 0.00488313 0.00123917 0.999987 -0.773117
285 287 266 0.999745 -0.0010258 -0.0225795 0.751402 0.00102598 0.999999 -3.87335e-06 0.00376665 0.0225795 -1.92937e-05 0.999745 -0.659833
285 288 484 0.999477 0.00699435 -0.0315872 0.787348 -0.00692669 0.999973 0.00225088 0.321952 0.0316021 -0.0020309 0.999498 -0.525765
285 289 221 0.99959 0.00272353 -0.0284992 0.333065 -0.00219614 0.999826 0.0185204 0.164643 0.0285447 -0.0184502 0.999422 -0.928418
285 290 489 0.998094 0.00579722 -0.0614442 0.864882 -0.00467032 0.999819 0.0184679 0.353643 0.0615401 -0.0181457 0.99794 -0.356253
285 291 398 0.994584 0.0163599 -0.102639 0.920833 -0.0145596 0.999727 0.0182648 0.285205 0.10291 -0.0166715 0.994551 -0.265941
285 292 291 0.997898 0.0206978 -0.0614079 0.90582 -0.0182854 0.999049 0.0395914 0.295169 0.0621689 -0.0383853 0.997327 -0.303917
285 293 290 0.997566 0.0207328 -0.0665795 0.720973 -0.0176574 0.998764 0.0464513 0.104427 0.0674603 -0.0451626 0.996699 -0.685049
285 294 405 0.992616 0.0335157 -0.116578 0.956642 -0.0292072 0.998833 0.0384717 0.234559 0.117731 -0.0347827 0.992436 -0.172678
285 295 366 0.994217 0.035057 -0.101511 0.924432 -0.0305666 0.998498 0.0454587 0.147737 0.102952 -0.042093 0.993795 -0.351567
285 296 324 0.993088 0.0408051 -0.110053 0.888634 -0.0356259 0.998182 0.0486238 0.12647 0.111837 -0.044367 0.992736 -0.440834
285 297 341 0.991109 0.0516014 -0.122636 0.940192 -0.0455103 0.997612 0.051962 0.123577 0.125025 -0.0459188 0.99109 -0.31744
285 298 108 0.995405 0.0493254 -0.0820738 0.917099 -0.0448507 0.997451 0.0554992 -0.0468785 0.0846021 -0.0515631 0.99508 0.395895
285 299 270 0.986415 0.0729126 -0.147205 0.974616 -0.066539 0.996639 0.0477738 0.149842 0.150194 -0.0373299 0.987952 -0.166344
300 301 0 1 0 0 0 0 1 0 0 0 0 1 0
300 302 174 0.999739 -0.00262501 -0.0226896 0.986916 0.0028423 0.99995 0.00954985 -0.0415761 0.0226634 -0.00961185 0.999697 0.155781
300 303 739 0.999069 0.00639313 -0.0426553 0.999919 -0.00589365 0.999913 0.0118251 0.00802521 0.0427272 -0.0115627 0.99902 -0.0098863
300 304 680 0.998606 0.0193226 -0.049115 0.986598 -0.0189473 0.999788 0.008095 0.119684 0.049261 -0.00715312 0.99876 -0.110907
300 305 140 0.999371 0.0253657 -0.0247901 0.94398 -0.0251468 0.999642 0.00910286 0.118698 0.0250122 -0.00847374 0.999651 -0.307915
300 306 554 0.998069 0.0311475 -0.0537384 0.995773 -0.0310779 0.999515 0.00213081 0.008391 0.0537787 -0.000456615 0.998553 0.0914592
300 307 401 0.999039 0.0309531 -0.0310292 0.972164 -0.0311385 0.9995 -0.00550814 -0.0705416 0.0308432 0.00646906 0.999503 0.223429
300 308 136 0.99923 0.0340665 -0.0194819 0.994922 -0.0343029 0.99934 -0.0119326 -0.0104644 0.0190625 0.0125917 0.999739 -0.100108
300 309 559 0.998345 0.0338082 -0.0465184 0.999632 -0.0347177 0.999219 -0.0188857 0.0114807 0.0458435 0.0204695 0.998739 0.0245828
300 310 534 0.998546 0.0273904 -0.0464332 0.991221 -0.0287542 0.999167 -0.0289637 -0.0318744 0.0456012 0.0302568 0.998501 0.128319
300 311 316 0.999584 0.0143424 -0.0250231 0.990279 -0.015296 0.999148 -0.0383428 0.0208872 0.0244518 0.0387096 0.998951 -0.137517
300 312 540 0.998997 0.011408 -0.043294 0.970487 -0.013299 0.998959 -0.0436441 0.0643382 0.042751 0.0441761 0.998109 -0.232412
300 313 236 0.999853 -0.00241992 -0.0169672 0.845053 0.00162837 0.998916 -0.046511 -0.127858 0.0170614 0.0464766 0.998774 0.519171
300 314 370 0.999575 -0.00463802 -0.0287771 0.954746 0.00309524 0.998567 -0.0534261 0.0803144 0.0289836 0.0533143 0.998157 -0.286373
315 316 33 0.999987 -0.00403735 0.00297136 0.185575 0.00403711 0.999992 8.91701e-05 0.193391 -0.0029717 -7.71733e-05 0.999996 -0.963411
315 317 101 0.999955 -0.00818675 0.00476396 0.350506 0.00817955 0.999965 0.00152991 0.204079 -0.00477632 -0.00149088 0.999987 -0.914056
315 318 115 0.999938 -0.00718173 0.00850008 0.383268 0.00713549 0.99996 0.00545805 0.271801 -0.00853894 -0.00539706 0.999949 -0.88274
315 319 207 1 0.000318765 0.000254095 0.879432 -0.000320863 0.999965 0.0083011 0.281829 -0.00025144 -0.00830118 0.999966 -0.38363
315 320 738 0.999988 0.00274899 -0.00406138 0.986191 -0.00268709 0.999881 0.0151674 -0.00935573 0.0041026 -0.0151563 0.999877 -0.165345
315 321 82 0.99976 0.00492645 0.0213411 0.963027 -0.00521669 0.999894 0.0135656 0.14332 -0.021272 -0.0136737 0.99968 -0.22812
315 322 678 0.999884 0.0110631 0.0104298 0.984933 -0.0111724 0.999883 0.0104803 0.0692881 -0.0103127 -0.0105956 0.999891 -0.15845
315 323 48 0.999317 0.00615798 0.0364436 0.998215 -0.00655534 0.99992 0.0107941 0.0192079 -0.0363742 -0.0110256 0.999277 -0.0565525
315 324 692 0.99986 0.0143707 0.00857287 0.945706 -0.0144548 0.999847 0.00982713 0.166564 -0.00843034 -0.00994967 0.999915 -0.2791
315 325 166 0.999694 0.0103007 0.0224875 0.422043 -0.0106771 0.999804 0.0166834 0.0684582 -0.0223113 -0.0169184 0.999608 -0.903987
315 326 166 0.999763 0.0107802 0.0189272 0.472809 -0.0111433 0.999754 0.0191853 0.126937 -0.0187157 -0.0193917 0.999637 -0.871974
315 327 255 0.999795 0.0114226 0.0166939 0.174154 -0.0117871 0.999691 0.0219063 0.10085 -0.0164385 -0.0220986 0.999621 -0.979541
315 328 689 0.999821 0.0167413 -0.00878086 0.841917 -0.0165314 0.999588 0.0234545 0.201424 0.0091699 -0.0233051 0.999686 -0.500604
315 329 700 0.999746 0.0215436 -0.00662891 0.712818 -0.0213398 0.999339 0.0294217 0.205148 0.00725838 -0.0292728 0.999545 -0.670675
330 331 50 0.999986 0.0039888 -0.00359444 -0.165927 -0.00398864 0.999992 5.12694e-05 -0.0721752 0.00359461 -3.69318e-05 0.999994 -0.983493
330 332 42 0.999784 0.00406299 -0.0203874 0.922527 -0.00405403 0.999992 0.000480418 -0.0221253 0.0203891 -0.000397663 0.999792 -0.385297
