0 1 69 0.999956 -0.00076433 0.00940097 -0.977442 0.000745268 0.999998 0.002031 0.102657 -0.0094025 -0.00202391 0.999954 -0.184575
0 2 43 0.999953 0.00735793 -0.00627734 0.496174 -0.00733078 0.999964 0.00433701 0.1326 0.00630902 -0.00429079 0.999971 -0.858038
0 3 16 0.999935 0.011185 -0.00219055 0.957764 -0.0111667 0.999904 0.00823676 -0.0304416 0.00228246 -0.00821177 0.999964 0.285939
0 4 13 0.999822 0.0164758 0.00914887 -0.87556 -0.0165525 0.999828 0.00836705 -0.171925 -0.00900944 -0.008517 0.999923 0.451482
0 5 27 0.999907 0.00987065 -0.0093844 0.990522 -0.00982768 0.999941 0.00461415 -0.00696242 0.0094294 -0.00452149 0.999945 0.137175
0 6 315 0.999773 0.00107449 -0.0212692 0.94157 -0.000940237 0.99998 0.00632103 -0.309323 0.0212756 -0.00629959 0.999754 0.133288
0 7 437 0.999725 0.014013 -0.0188224 0.970379 -0.0140992 0.999891 -0.00445068 -0.217049 0.0187579 0.00471484 0.999813 0.106086
0 8 277 0.999954 0.00373468 0.00887649 -0.822362 -0.00361306 0.9999 -0.0136788 0.020456 -0.00892668 0.0136461 0.999867 0.568597
0 9 48 0.999958 9.89174e-06 -0.00917756 0.970906 -0.000145665 0.999891 -0.0147935 -0.104914 0.00917641 0.0147942 0.999848 -0.215257
0 10 237 0.999676 -0.000843181 -0.0254288 0.963088 0.000428115 0.999867 -0.0163237 0.0445383 0.0254392 0.0163075 0.999543 0.265476
0 11 474 0.999539 0.0042218 -0.0300566 0.987741 -0.00471325 0.999856 -0.0162988 -0.0334012 0.0299835 0.0164329 0.999415 0.152488
0 12 93 0.999997 -0.000964286 -0.00238002 0.983075 0.000925533 0.999868 -0.0162303 -0.0392394 0.00239536 0.016228 0.999865 0.17895
0 13 294 0.999677 0.00603926 -0.0246807 0.997359 -0.00645285 0.99984 -0.0167125 -0.0313156 0.0245758 0.0168664 0.999556 -0.0655373
0 14 237 0.999886 0.00347638 -0.0147265 0.939503 -0.00374362 0.999828 -0.0181589 -0.0185432 0.0146608 0.018212 0.999727 -0.342039
15 16 15 0.999984 -0.00554771 0.000870457 -0.814576 0.00554862 0.999984 -0.00105041 -0.134593 -0.000864615 0.00105522 0.999999 0.564225
15 17 47 0.999926 -0.0114824 -0.00413539 0.537672 0.0114677 0.999928 -0.00357764 0.174282 0.00417618 0.00352995 0.999985 -0.824945
15 18 60 0.999868 -0.0137459 -0.00862453 0.708928 0.0137265 0.999903 -0.00230123 0.143493 0.00865533 0.00218254 0.99996 -0.690529
15 19 403 0.999793 -0.0107815 -0.0172657 0.924202 0.0107952 0.999941 0.0007025 0.125562 0.0172571 -0.000888741 0.999851 -0.360673
15 20 405 0.999777 -0.0136675 0.0160797 -0.674627 0.0136209 0.999903 0.00300704 0.0645213 -0.0161192 -0.00278735 0.999866 -0.735333
15 21 625 0.999739 -0.0124193 -0.019198 0.856343 0.0122005 0.99986 -0.0114745 0.1348 0.0193378 0.0112372 0.99975 -0.498503
15 22 338 0.999859 -0.00484112 -0.0160785 0.906635 0.00468295 0.99994 -0.00986023 0.130512 0.0161253 0.00978355 0.999822 -0.401222
15 23 103 0.999979 -0.000887132 0.00638538 0.816012 0.000969235 0.999917 -0.0128664 0.0322936 -0.00637343 0.0128723 0.999897 0.577132
15 24 313 0.999886 0.00724277 -0.0132625 0.752436 -0.00760982 0.999583 -0.0278381 0.165323 0.0130553 0.0279358 0.999524 -0.63758
15 25 322 0.999618 -0.00341484 -0.0274385 0.887615 0.00251107 0.999455 -0.0329052 0.0890605 0.0275359 0.0328238 0.999082 -0.451893
15 26 744 0.997521 0.00713961 -0.0700088 0.947762 -0.00956919 0.999361 -0.0344301 0.069996 0.0697182 0.0350147 0.996952 -0.311203
15 27 775 0.998575 0.0123064 -0.0519319 0.921557 -0.0138127 0.999491 -0.0287478 0.0400521 0.0515517 0.0294241 0.998237 -0.386173
15 28 687 0.998607 0.0195899 -0.048991 0.860442 -0.021039 0.999351 -0.0292388 0.127029 0.0483864 0.0302288 0.998371 -0.493461
15 29 608 0.997896 0.0263231 -0.059245 0.832395 -0.0278518 0.999296 -0.0251264 0.0535443 0.0585419 0.0267236 0.997927 -0.551589
30 31 44 0.999774 0.0116345 0.0178114 -0.904094 -0.011734 0.999916 0.00549146 -0.197329 -0.0177461 -0.00569922 0.999826 0.379046
30 32 152 0.999862 0.00996557 0.0132786 -0.656895 -0.0100076 0.999945 0.00310506 -0.048161 -0.0132469 -0.00323752 0.999907 0.752442
30 33 51 0.999949 0.0100707 9.9096e-05 -0.678424 -0.0100709 0.999947 0.00204996 -0.113831 -7.84463e-05 -0.00205086 0.999998 0.725799
30 34 211 0.999932 0.00611438 -0.0098906 0.507868 -0.00609 0.999978 0.00249325 0.0180926 0.00990563 -0.00243285 0.999948 -0.861245
30 35 351 0.99994 -0.00279712 0.0105945 -0.965028 0.00275374 0.999988 0.00410748 -0.082191 -0.0106059 -0.00407806 0.999935 0.248927
30 36 126 0.999898 0.00129043 -0.0142323 0.98026 -0.00126879 0.999998 0.00152991 0.0832623 0.0142343 -0.0015117 0.999898 -0.179324
30 37 237 0.999717 0.00494076 -0.0232763 0.78739 -0.0049106 0.999987 0.00135275 0.136638 0.0232827 -0.00123807 0.999728 -0.601121
30 38 299 0.999627 0.0124494 -0.0243105 0.882496 -0.0123075 0.999906 0.00597795 0.136593 0.0243826 -0.00567652 0.999687 -0.450048
30 39 207 0.9997 0.0212852 -0.0121005 0.87383 -0.0211487 0.999712 0.0112983 0.137332 0.0123376 -0.011039 0.999863 -0.466434
30 40 319 0.999389 0.0194525 -0.0290232 0.855264 -0.0191131 0.999746 0.0119273 0.142429 0.0292478 -0.0113653 0.999508 -0.498234
30 41 282 0.999611 0.00321691 -0.0277082 0.894077 -0.00265498 0.999791 0.0202933 0.109318 0.0277677 -0.0202118 0.99941 -0.434368
30 42 252 0.999723 0.00164822 -0.0234971 0.983465 -0.0011871 0.999807 0.019625 0.109077 0.0235249 -0.0195917 0.999531 -0.144565
30 43 532 0.998582 0.00539022 -0.0529699 0.967197 -0.00459124 0.999874 0.0151937 0.0892663 0.0530452 -0.014929 0.998481 -0.237828
30 44 413 0.998555 -0.0110504 0.0525943 -0.839925 0.00935676 0.999433 0.0323409 0.014631 -0.0529218 -0.031802 0.998092 -0.542504
45 46 120 0.99994 0.00667368 -0.0087396 0.913636 -0.00667907 0.999978 -0.000588156 0.143691 0.00873548 0.000646493 0.999962 0.380293
45 47 513 0.999579 0.004389 0.0286928 -0.832576 -0.00435753 0.99999 -0.00115927 -0.0686475 -0.0286976 0.00103375 0.999588 0.549641
45 48 30 0.999995 -0.000691741 0.00323401 -0.845515 0.000707763 0.999987 -0.00495572 -0.00214873 -0.00323054 0.00495799 0.999982 0.533947
45 49 280 0.999741 0.00433366 -0.0223291 0.915013 -0.00428506 0.999988 0.00222376 0.236739 0.0223385 -0.00212751 0.999748 -0.326659
45 50 620 0.998889 0.0186992 -0.0432536 0.947292 -0.0182564 0.999777 0.0106113 0.00675321 0.0434424 -0.00980989 0.999008 0.320301
45 51 487 0.998976 0.0213002 -0.0399251 0.807328 -0.0212847 0.999773 0.000814339 -0.0712794 0.0399334 3.62865e-05 0.999202 0.585782
45 52 341 0.998996 0.0227877 -0.038568 0.962277 -0.0234274 0.999594 -0.016215 -0.0504724 0.0381828 0.0171023 0.999124 0.267349
45 53 468 0.997567 0.0363102 -0.05952 0.999193 -0.037283 0.999187 -0.0153163 0.0121391 0.0589155 0.0174981 0.99811 -0.0382837
45 54 459 0.99733 0.0575479 -0.0449635 0.994414 -0.0578234 0.998315 -0.00485066 0.0793686 0.0446086 0.00743765 0.998977 -0.0695862
45 55 324 0.997891 0.0564019 -0.03214 0.989109 -0.0562605 0.998402 0.00528736 0.0534763 0.0323869 -0.003468 0.999469 -0.137124
45 56 342 0.997902 0.0523816 -0.0380536 0.996354 -0.0518389 0.998541 0.0151121 -0.00169088 0.0387897 -0.0131078 0.999161 -0.085296
45 57 275 0.998376 0.0470034 -0.0321994 0.994741 -0.0465484 0.998807 0.0147395 0.00303603 0.0328538 -0.0132167 0.999373 0.102373
45 58 415 0.996861 0.0535964 -0.0582639 0.994813 -0.0532617 0.998554 0.00728331 0.0242467 0.05857 -0.00415721 0.998275 0.0987916
45 59 567 0.994784 0.0578292 -0.0840315 0.999077 -0.0576531 0.998326 0.00452372 0.0369404 0.0841524 0.000344547 0.996453 0.0219384
60 61 16 0.999996 0.00268471 0.000780995 0.983603 -0.00268758 0.99999 0.00370141 0.142551 -0.000771049 -0.0037035 0.999993 -0.110473
60 62 109 0.999987 0.0018292 0.00480259 0.580722 -0.00184558 0.999992 0.00341011 -0.16732 -0.00479631 -0.00341893 0.999983 0.796722
60 63 303 0.99993 -0.00195609 -0.0116559 0.9734 0.00190201 0.999987 -0.00464927 0.168437 0.0116649 0.00462677 0.999921 0.155309
60 64 344 0.999886 -0.00348972 -0.0147153 0.995949 0.00346461 0.999992 -0.00173154 -0.00477892 0.0147212 0.00168036 0.99989 0.0897909
60 65 143 0.999936 -0.0110449 0.00256038 0.996476 0.011054 0.999932 -0.00359594 -0.0460814 -0.00252049 0.00362401 0.99999 0.0700839
60 66 231 0.999872 -0.0159717 -0.00112237 0.999453 0.0159608 0.999831 -0.00917471 0.000858645 0.00126872 0.00915562 0.999957 -0.0330516
60 67 252 0.999898 -0.014028 -0.00268757 0.897242 0.013997 0.999839 -0.0112225 0.118909 0.00284457 0.0111837 0.999933 -0.425227
60 68 605 0.999584 -0.0092196 -0.0273463 0.99 0.0088266 0.999857 -0.0144575 0.0569875 0.0274756 0.0142101 0.999521 -0.129045
60 69 360 0.999742 -0.00872033 -0.0209731 0.965701 0.00843741 0.999873 -0.0135406 0.00671277 0.0210886 0.0133602 0.999688 -0.259569
60 70 378 0.999611 -0.00932111 -0.0262897 0.90022 0.00901618 0.999891 -0.0116936 0.0820427 0.0263958 0.011452 0.999586 -0.427637
60 71 644 0.999039 -0.00969267 -0.0427378 0.987925 0.00930862 0.999915 -0.0091762 0.10318 0.0428231 0.00876956 0.999044 -0.115579
60 72 631 0.998825 -0.00482218 -0.0482242 0.955814 0.00450042 0.999967 -0.0067787 0.00494883 0.0482553 0.0065537 0.998814 -0.29393
60 73 490 0.999282 -0.00447256 -0.0376318 0.900974 0.004144 0.999953 -0.00880439 0.0107648 0.0376694 0.00864212 0.999253 -0.43374
60 74 570 0.998429 0.000485277 -0.056026 0.950244 -0.00100346 0.999957 -0.00922125 0.0445147 0.0560191 0.00926298 0.998387 -0.308309
75 76 93 0.999984 0.00556821 -0.00124281 0.632146 -0.00556379 0.999978 0.00353701 -0.167557 0.00126248 -0.00353003 0.999993 -0.756515
75 77 70 0.999972 0.00523589 -0.00529752 0.953284 -0.00523233 0.999986 0.00068592 0.0895819 0.00530104 -0.000658182 0.999986 -0.288486
75 78 308 0.999878 0.00569875 -0.0145276 0.863251 -0.00572212 0.999982 -0.00156739 -0.00460813 0.0145184 0.00165032 0.999893 -0.504755
75 79 640 0.999576 0.013827 -0.0256223 0.983439 -0.0140628 0.99986 -0.00904506 0.180628 0.0254937 0.00940155 0.999631 -0.0148707
75 80 88 0.999849 0.0167333 -0.00460218 0.952741 -0.0167787 0.999809 -0.0100012 0.105932 0.00443395 0.0100769 0.999939 -0.284717
75 81 549 0.999257 0.0236456 -0.0304338 0.90264 -0.024053 0.999625 -0.0130895 0.0414026 0.0301129 0.0138118 0.999451 -0.428401
75 82 634 0.998796 0.0245414 -0.0424852 0.849479 -0.0250322 0.999625 -0.0110583 0.0784263 0.0421979 0.0121085 0.999036 -0.521762
75 83 668 0.998715 0.0256432 -0.0437188 0.894987 -0.0261491 0.999597 -0.0110379 0.104207 0.0434181 0.012167 0.998983 -0.43375
75 84 543 0.998377 0.033981 -0.0457119 0.812553 -0.0344 0.999373 -0.00840977 0.12596 0.0453975 0.00996861 0.998919 -0.569115
75 85 216 0.999942 0.0103405 0.00303505 0.193726 -0.01034 0.999947 -0.000171019 0.291861 -0.00303666 0.000139627 0.999995 -0.936636
75 86 415 0.994995 0.0385123 -0.0922085 0.892876 -0.0384254 0.999258 0.00271841 0.254387 0.0922448 0.000838344 0.995736 -0.371565
75 87 304 0.998487 0.0467037 -0.0290137 0.866401 -0.0458678 0.998531 0.0288373 0.215495 0.0303179 -0.0274629 0.999163 -0.450456
75 88 549 0.998116 0.0482763 -0.0378645 0.863033 -0.0471387 0.998426 0.0303845 0.178826 0.0392717 -0.0285424 0.998821 -0.472436
75 89 279 0.998726 0.0413045 -0.0289858 0.752923 -0.0403869 0.998686 0.0315617 0.111473 0.0302513 -0.0303508 0.999081 -0.648599
90 91 361 0.999949 -0.00798591 -0.0061842 0.187757 0.00807191 0.999869 0.0140096 -0.9818 0.00607151 -0.0140588 0.999883 -0.0285667
90 92 155 0.999869 -0.0140016 -0.00815083 0.177189 0.0139897 0.999901 -0.00151705 0.227752 0.00817126 0.00140283 0.999966 -0.957462
90 93 126 0.999954 -0.00391868 -0.00873864 0.22217 0.0039727 0.999973 0.0061724 0.219884 0.00871422 -0.00620684 0.999943 -0.94989
90 94 191 0.999928 -0.011721 -0.00263814 -0.179578 0.0117388 0.999908 0.00684427 -0.283538 0.00255767 -0.00687475 0.999973 0.941997
90 95 133 0.999886 -0.00577301 -0.0139616 0.501757 0.00582303 0.999977 0.0035445 0.113659 0.0139408 -0.00362539 0.999896 -0.857509
90 96 309 0.998994 -0.0102388 -0.0436501 0.907246 0.0101649 0.999947 -0.00191347 0.0468789 0.0436674 0.00146785 0.999045 -0.417979
90 97 274 0.999671 -0.00470084 -0.025224 0.652772 0.00459122 0.99998 -0.00440205 0.0602262 0.0252441 0.00428479 0.999672 -0.755157
90 98 286 0.999694 -0.00531661 -0.0241584 0.700936 0.00516827 0.999967 -0.00619866 0.0532543 0.0241906 0.0060719 0.999689 -0.711233
90 99 404 0.997899 -0.0158446 -0.0628231 0.883377 0.0149121 0.999772 -0.0152844 0.166306 0.063051 0.0143155 0.997908 -0.438165
90 100 400 0.996641 -0.0113163 -0.0811119 0.925847 0.0106334 0.999904 -0.00884549 0.0807502 0.0812043 0.00795328 0.996666 -0.369171
90 101 357 0.998035 -0.00968816 -0.0618993 0.882765 0.00931303 0.999936 -0.00634588 0.104904 0.0619569 0.00575694 0.998062 -0.457953
90 102 364 0.994618 -0.00125728 -0.103598 0.964905 0.000449304 0.999969 -0.0078221 0.056892 0.103605 0.00773345 0.994588 -0.256363
90 103 356 0.99531 -0.00232332 -0.096706 0.959599 0.00133621 0.999946 -0.0102709 0.0560287 0.0967247 0.0100935 0.99526 -0.275736
90 104 337 0.995348 0.00752185 -0.0960483 0.969915 -0.00858371 0.999906 -0.010647 0.0318985 0.0959592 0.0114219 0.99532 -0.241346
105 106 120 0.999973 0.00695785 0.0025045 0.265173 -0.00695155 0.999973 -0.00251164 -0.233928 -0.00252191 0.00249416 0.999994 0.935394
105 107 128 0.999726 0.0230593 0.00410292 0.163841 -0.023058 0.999734 -0.000362133 0.108713 -0.00411018 0.000267429 0.999992 -0.980478
105 108 119 0.999737 0.0217474 0.00724999 0.159181 -0.021673 0.999713 -0.0101837 0.180117 -0.00746938 0.0100239 0.999922 -0.97068
105 109 324 0.998967 0.0425732 -0.0158948 0.985517 -0.0427801 0.999001 -0.0129151 -0.121819 0.0153291 0.0135817 0.99979 -0.117966
105 110 153 0.999151 0.039655 0.0111618 0.168223 -0.0393963 0.99897 -0.022515 0.243489 -0.0120431 0.0220561 0.999684 -0.955204
105 111 61 0.999103 0.0405846 0.0120918 -0.0618103 -0.0404675 0.999133 -0.00977807 -0.686814 -0.0124782 0.00927997 0.999879 -0.7242
105 112 324 0.998242 0.0548644 -0.0224384 0.923329 -0.055108 0.998426 -0.0103861 0.0450919 0.0218333 0.0116043 0.999694 -0.381353
105 113 422 0.996767 0.0647772 -0.0475343 0.983487 -0.0651749 0.99785 -0.0068631 -0.0263605 0.0469875 0.00993896 0.998846 -0.179048
105 114 133 0.998863 0.0415943 0.0232749 0.158213 -0.0414068 0.999106 -0.00848267 0.223906 -0.0236069 0.00750929 0.999693 -0.961683
105 115 122 0.999301 0.0274101 0.0254194 -0.0214954 -0.0275029 0.999616 0.00330763 -0.896477 -0.025319 -0.00400443 0.999671 -0.442569
105 116 43 0.999204 0.0322428 0.0234983 0.0101746 -0.0311757 0.998525 -0.0444444 0.923248 -0.0248966 0.0436764 0.998735 0.384071
105 117 92 0.999342 0.0280709 0.0229615 -0.0521477 -0.0270513 0.998684 -0.0435687 -0.964656 -0.0241543 0.0429189 0.998787 -0.258299
105 118 73 0.999082 0.0389243 0.0178834 -0.0848305 -0.037719 0.997275 -0.0634041 -0.996282 -0.0203026 0.0626713 0.997828 -0.0150079
105 119 18 0.999048 0.0412631 0.0141718 -0.0360391 -0.0399689 0.99584 -0.0818902 0.81112 -0.0174919 0.0812458 0.996541 0.583768
120 121 69 0.999924 0.00451258 0.0114885 0.156095 -0.00452589 0.999989 0.00113325 0.316928 -0.0114833 -0.00118516 0.999933 -0.935516
120 122 52 0.999774 0.00595897 0.020391 0.166023 -0.00620283 0.99991 0.0119169 0.419561 -0.0203181 -0.0120406 0.999721 -0.892415
120 123 24 0.999723 0.0163877 0.0168791 0.810244 -0.0166556 0.999736 0.0158564 -0.0402925 -0.0166148 -0.0161331 0.999732 0.584707
120 124 108 0.999592 0.00602232 0.0279238 0.309476 -0.00681875 0.99957 0.0285146 -0.274332 -0.02774 -0.0286933 0.999203 0.910476
120 125 64 0.999539 -0.0187745 0.0238568 0.360937 0.0179774 0.999287 0.0331967 0.304566 -0.0244631 -0.0327525 0.999164 0.881456
120 126 189 0.998331 -0.0538347 0.0209158 -0.153497 0.0526556 0.997188 0.0533335 -0.650489 -0.0237281 -0.0521432 0.998358 0.743843
120 127 327 0.998347 -0.0401782 0.0410924 -0.57211 0.0384318 0.99836 0.0424396 -0.117029 -0.0427302 -0.0407902 0.998254 0.811784
120 128 260 0.99924 -0.0382219 -0.00771389 0.561534 0.0385238 0.998299 0.0437708 -0.228477 0.00602776 -0.0440347 0.999012 0.795285
120 129 254 0.998655 -0.0500498 0.0135371 0.324493 0.0495263 0.998103 0.0365789 -0.147166 -0.0153422 -0.0358593 0.999239 0.934369
120 130 308 0.996305 -0.076668 0.038707 -0.119911 0.0727795 0.992959 0.09346 -0.861726 -0.0455999 -0.0902976 0.99487 0.493
120 131 277 0.995043 -0.0934393 0.0340367 -0.183968 0.0908814 0.993383 0.0702223 -0.641298 -0.040373 -0.0667809 0.996951 0.744912
120 132 217 0.997223 -0.0514764 -0.0538187 0.831595 0.0544069 0.997031 0.0544834 -0.103089 0.0508543 -0.0572602 0.997063 0.545731
120 133 253 0.995717 -0.0644979 -0.0662349 0.742886 0.0687203 0.995608 0.063582 -0.142813 0.0618431 -0.0678613 0.995776 0.654007
120 134 248 0.997063 -0.0571571 -0.0509755 0.563358 0.060417 0.996062 0.0648852 -0.128429 0.0470661 -0.0677744 0.99659 0.81617
135 136 44 0.999971 -0.00306188 -0.00701554 0.321432 0.00300077 0.999958 -0.00870405 -0.478877 0.00704189 0.00868274 0.999938 0.81692
135 137 154 0.999912 -0.00325382 -0.012832 0.2752 0.00306139 0.999883 -0.0149881 -0.316435 0.0128792 0.0149475 0.999805 0.907818
135 138 124 0.99991 0.00253729 -0.0131973 -0.779738 -0.0028234 0.99976 -0.0217059 0.142369 0.013139 0.0217412 0.999677 -0.609705
135 139 135 0.999633 0.00199027 -0.0270015 0.270933 -0.00263812 0.999709 -0.0239786 -0.255447 0.026946 0.0240411 0.999348 0.928085
135 140 12 0.999231 0.00543701 -0.038843 0.868265 -0.00664508 0.999496 -0.0310402 -0.150079 0.0386546 0.0312744 0.998763 0.472856
135 141 325 0.997926 0.012493 -0.0631409 0.956317 -0.0144743 0.999414 -0.0310195 -0.144427 0.0627164 0.0318691 0.997522 -0.254163
135 142 165 0.998368 0.00496018 -0.0568909 0.656636 -0.0069041 0.999397 -0.0340237 0.19359 0.0566878 0.034361 0.9978 -0.728939
135 143 195 0.997433 0.0189712 -0.0690412 0.860161 -0.0208626 0.999424 -0.0267775 0.0920063 0.0684934 0.0281491 0.997254 -0.501656
135 144 429 0.993517 0.025889 -0.110699 0.976842 -0.0285339 0.999342 -0.0223748 0.00945245 0.110047 0.0253884 0.993602 -0.213751
135 145 373 0.993968 0.0237742 -0.107059 0.971593 -0.0264612 0.999368 -0.0237481 0.0802887 0.106427 0.0264378 0.993969 -0.222624
135 146 304 0.994583 0.0411752 -0.0954448 0.973983 -0.0423926 0.999043 -0.0107614 -0.0457493 0.0949104 0.0147493 0.995377 -0.221954
135 147 153 0.998461 0.0299354 -0.0466889 -0.205431 -0.0305926 0.999442 -0.0134256 -0.24589 0.0462609 0.0148333 0.998819 0.947278
135 148 198 0.996158 0.0442951 -0.075544 0.996613 -0.0453506 0.998895 -0.0123133 -0.0676335 0.0749152 0.0156919 0.997066 0.0467759
135 149 88 0.997608 0.0229155 -0.0652162 -0.77278 -0.0241494 0.999543 -0.0181941 -0.182919 0.0647694 0.0197255 0.997705 0.607743
150 151 91 0.999997 0.00198208 -0.00124045 0.199783 -0.00196298 0.999882 0.0152122 -0.907486 0.00127045 -0.0152098 0.999884 0.369535
150 152 64 0.999977 0.00374189 0.00561169 -0.121709 -0.00372972 0.999991 -0.00217854 -0.00741345 -0.00561979 0.00215756 0.999982 0.992538
150 153 62 0.999893 0.00921946 -0.0113995 0.992731 -0.0092576 0.999952 -0.0032975 0.0286541 0.0113686 0.00340268 0.99993 -0.116896
150 154 32 0.999947 0.00177432 -0.0100945 0.9566 -0.00182012 0.999988 -0.00452995 0.180497 0.0100864 0.00454808 0.999939 -0.228775
150 155 572 0.999406 0.00781863 -0.0335769 0.979731 -0.00815416 0.999918 -0.00986754 0.0806382 0.033497 0.0101355 0.999387 0.183368
150 156 166 0.999984 -0.00144698 -0.005508 -0.478719 0.00138655 0.999939 -0.0109587 -0.190012 0.00552353 0.0109508 0.999925 0.85716
150 157 45 0.999915 -0.0063167 -0.0114237 -0.716649 0.00616048 0.999888 -0.0136584 -0.157056 0.0115087 0.0135868 0.999841 0.67952
150 158 577 0.998064 0.00988435 -0.0613999 0.997382 -0.0105925 0.999881 -0.0112178 -0.0671656 0.0612817 0.0118465 0.99805 -0.0267842
150 159 360 0.998885 0.0103967 -0.0460483 0.982932 -0.0110121 0.999853 -0.0131294 -0.0705863 0.045905 0.0136219 0.998853 -0.16989
150 160 295 0.999182 0.00959183 -0.0392848 0.998993 -0.0103318 0.999772 -0.0186778 0.0436 0.0390967 0.0190684 0.999053 -0.0106182
150 161 112 0.999581 0.0164774 -0.0238094 0.990649 -0.016899 0.999702 -0.0176181 -0.0578462 0.023512 0.018013 0.999561 -0.123563
150 162 488 0.99666 0.00666962 -0.0813881 0.992023 -0.00851131 0.999715 -0.0223025 0.071131 0.0812161 0.0229208 0.996433 -0.104073
150 163 526 0.996109 0.0154819 -0.0867604 0.991508 -0.0170562 0.999703 -0.0174331 -0.062183 0.0864647 0.0188451 0.996077 -0.114211
150 164 506 0.995415 0.00857526 -0.0952692 0.988757 -0.011666 0.999422 -0.0319328 0.123845 0.0949403 0.0328978 0.994939 -0.0837976
165 166 12 0.99995 -0.00462964 -0.00887127 0.967644 0.00460891 0.999987 -0.00235579 0.0539613 0.00888206 0.00231478 0.999958 -0.246482
165 167 310 0.999789 0.00267929 -0.0203806 0.999917 -0.00262225 0.999993 0.002825 -0.00214623 0.020388 -0.00277096 0.999788 -0.0126778
165 168 486 0.99948 0.00914422 0.0309248 -0.935878 -0.00920506 0.999956 0.00182561 0.0742867 -0.0309068 -0.00210933 0.99952 0.344403
165 169 531 0.999496 0.0206959 -0.0240678 0.990959 -0.0207089 0.999786 -0.00028854 -0.0168063 0.0240566 0.000786811 0.99971 -0.133106
165 170 476 0.999371 0.0285818 -0.0209765 0.997705 -0.0285947 0.999591 -0.000317019 -0.0671415 0.0209588 0.000916635 0.99978 0.00877204
165 171 307 0.999519 0.025804 -0.0171818 0.978189 -0.0259272 0.999639 -0.00699095 -0.0546647 0.0169952 0.00743307 0.999828 -0.200396
165 172 454 0.998569 0.0354091 -0.0400696 0.963975 -0.0356267 0.999354 -0.00473044 -0.0698479 0.0398763 0.00615122 0.999186 -0.256657
165 173 253 0.998699 0.050945 -0.00231571 0.899825 -0.050934 0.998691 0.00459416 -0.0699894 0.00254673 -0.00447023 0.999987 -0.430601
165 174 313 0.998627 0.0493469 -0.0175933 0.999835 -0.049175 0.998739 0.0100737 -0.0180108 0.0180682 -0.00919468 0.999794 0.00218396
165 175 245 0.99924 0.0384373 0.00652177 0.846488 -0.0384957 0.999217 0.0090819 0.00712428 -0.00616758 -0.00932605 0.999937 -0.53236
165 176 284 0.998845 0.0395413 -0.0273045 0.999711 -0.0392159 0.999154 0.0123513 -0.019727 0.0277698 -0.0112663 0.999551 -0.0137408
165 177 263 0.999189 0.0345096 -0.0207673 0.998435 -0.0343168 0.999365 0.00957134 -0.0553318 0.0210844 -0.00885091 0.999739 0.00815676
165 178 437 0.997339 0.0299987 -0.0664465 0.989444 -0.0300868 0.999547 -0.000324785 -0.0113449 0.0664066 0.00232308 0.99779 -0.14447
165 179 447 0.99784 0.0260259 -0.0603221 0.990428 -0.0265174 0.999621 -0.00736158 0.0778656 0.0601077 0.00894526 0.998152 -0.113973
180 181 93 0.999992 -0.000399299 0.00385549 -0.67494 0.00040233 1 -0.00078537 0.135418 -0.00385517 0.000786915 0.999992 -0.72534
180 182 606 0.99933 0.0109264 -0.0349332 0.928963 -0.0104896 0.999865 0.0126613 -0.215822 0.0350668 -0.0122864 0.999309 -0.300747
180 183 45 0.99987 0.0124764 -0.0102304 0.856988 -0.0123867 0.999885 0.00879076 -0.171991 0.0103389 -0.0086629 0.999909 0.485788
180 184 240 0.999914 0.00382237 -0.0125099 0.688622 -0.00379128 0.99999 0.00250831 0.00752251 0.0125193 -0.00246067 0.999919 -0.725082
180 185 387 0.999728 0.0065913 -0.0223818 0.907314 -0.00654367 0.999976 0.00220042 0.0402884 0.0223957 -0.00205336 0.999747 -0.41852
180 186 414 0.999467 0.00629334 -0.0320252 0.988293 -0.00645003 0.999968 -0.00479151 0.152013 0.031994 0.00499552 0.999476 -0.0129653
180 187 156 0.999838 0.0179759 -0.000634036 -0.977155 -0.0179776 0.999835 -0.0027244 0.184806 0.000584957 0.00273536 0.999996 -0.104948
180 188 326 0.999812 0.00463484 -0.0188378 0.689427 -0.00475759 0.999968 -0.00647654 0.199528 0.0188071 0.00656495 0.999802 -0.696333
180 189 603 0.998388 0.0220814 -0.0522953 0.90057 -0.0219016 0.999752 0.00400866 -0.109704 0.0523709 -0.00285685 0.998624 -0.42064
180 190 310 0.999622 0.0150951 -0.0229809 0.873793 -0.0151923 0.999876 -0.00406171 0.111827 0.0229167 0.00440931 0.999728 -0.473267
180 191 542 0.997613 0.0201487 -0.066052 0.929575 -0.0205969 0.999769 -0.00611053 0.122491 0.0659137 0.0074564 0.997797 -0.347688
180 192 386 0.999086 0.0223716 -0.0364239 0.750894 -0.0223786 0.99975 0.00021375 0.1131 0.0364196 0.000601563 0.999336 -0.650666
180 193 487 0.995862 0.021303 -0.0883406 0.954429 -0.0221468 0.999718 -0.00858239 0.141334 0.0881329 0.0105033 0.996053 -0.26285
180 194 347 0.99806 0.0175624 -0.0597276 0.893108 -0.0178434 0.999832 -0.00417397 0.0870181 0.0596442 0.00523161 0.998206 -0.441346
195 196 208 0.999907 0.0020529 0.0134824 -0.980691 -0.00201916 0.999995 -0.00251561 0.154477 -0.0134875 0.00248816 0.999906 -0.119923
195 197 130 0.999906 0.0111494 0.00791831 -0.902448 -0.0112025 0.999915 0.00669201 0.0698594 -0.00784303 -0.00678009 0.999946 -0.425097
195 198 648 0.999351 0.0227845 -0.0279023 0.923005 -0.0223383 0.999619 0.0162001 -0.216615 0.0282608 -0.0155663 0.999479 -0.318024
195 199 110 0.999277 0.0365362 -0.010503 0.94383 -0.0363807 0.999231 0.01463 -0.237294 0.0110295 -0.0142373 0.999838 0.229951
195 200 539 0.998351 0.0369264 -0.0439591 0.992061 -0.0366009 0.999296 0.00818883 -0.0215917 0.0442306 -0.00656639 0.999 -0.123893
195 201 106 0.999342 0.0362129 -0.00200774 -0.847979 -0.0362249 0.999324 -0.00626516 -0.00125037 0.0017795 0.00633376 0.999978 0.530029
195 202 347 0.998957 0.0392105 -0.0233936 0.934145 -0.0396204 0.999065 -0.0173205 -0.0757009 0.0226926 0.0182293 0.999576 0.348773
195 203 582 0.998131 0.0369862 -0.0486396 0.968543 -0.038474 0.998809 -0.0300161 0.028983 0.0474715 0.0318313 0.998365 -0.247153
195 204 255 0.99978 0.0173263 0.0118596 -0.0410987 -0.0168227 0.999004 -0.0413259 0.925074 -0.0125638 0.0411173 0.999075 0.377556
195 205 417 0.996638 0.0361202 -0.073533 0.940924 -0.037707 0.999082 -0.0203065 0.14163 0.0727321 0.023011 0.997086 -0.307577
195 206 472 0.997766 0.047369 -0.047099 0.946938 -0.0474625 0.998873 -0.000868615 0.0619671 0.0470047 0.00310211 0.99889 -0.315387
195 207 104 0.997042 0.0757903 0.0127424 -0.9599 -0.0758488 0.997111 0.00417462 0.242025 -0.0123892 -0.00512877 0.99991 -0.141477
195 208 468 0.993872 0.0896948 0.0645941 -0.948597 -0.0887568 0.995904 -0.0172535 0.316283 -0.065877 0.0114146 0.997762 0.0113094
195 209 412 0.998167 0.0419292 -0.0436485 0.982838 -0.0424462 0.999038 -0.0109849 0.0518412 0.0431459 0.0128174 0.998987 -0.177038
210 211 573 0.999169 0.00225853 -0.0406889 0.878674 -0.0016483 0.999886 0.0150248 -0.381117 0.0407182 -0.0149453 0.999059 -0.287546
210 212 543 0.997088 -0.00819125 -0.0758161 0.956655 0.0101909 0.999609 0.0260258 -0.273241 0.0755733 -0.0267226 0.996782 -0.100748
210 213 108 0.99999 0.00442181 -0.000845867 -0.908202 -0.00441441 0.999954 0.00856143 0.130832 0.000883685 -0.00855761 0.999963 -0.397557
210 214 475 0.999809 0.00628325 0.0185004 -0.941905 -0.00629297 0.99998 0.000467053 0.335173 -0.0184971 -0.000583386 0.999829 0.0217645
210 215 520 0.993881 -0.0249566 -0.107602 0.971066 0.0289195 0.998954 0.0354271 -0.238761 0.106606 -0.0383221 0.993563 0.00486673
210 216 281 0.999317 -0.0034481 -0.0368001 0.968646 0.00420896 0.999779 0.020618 -0.232719 0.0367209 -0.0207588 0.99911 0.0869926
210 217 350 0.999957 -0.00011276 0.00924238 -0.925935 3.71297e-05 0.999967 0.00818275 0.316607 -0.00924299 -0.00818206 0.999924 0.205925
210 218 427 0.986268 -0.0292215 -0.162545 0.967894 0.0382296 0.997885 0.0525696 -0.239855 0.160665 -0.0580618 0.9853 0.0751734
210 219 404 0.996647 0.000913016 -0.081811 0.954061 0.00217835 0.999287 0.0376894 -0.294739 0.0817871 -0.0377413 0.995935 0.0538274
210 220 366 0.984692 -0.00938806 -0.174048 0.95693 0.0215134 0.997459 0.0679117 -0.283154 0.172968 -0.0706165 0.982393 0.0640999
210 221 404 0.986233 -0.00363711 -0.165319 0.977094 0.0129012 0.998403 0.0549986 -0.210007 0.164855 -0.0563743 0.984705 0.0344179
210 222 378 0.986733 -0.00640896 -0.162224 0.967041 0.0165741 0.997977 0.0613854 -0.238507 0.161502 -0.0632597 0.984843 0.0891403
210 223 233 0.999697 0.023931 0.00567685 -0.628265 -0.0240437 0.999497 0.02069 0.341544 -0.00517886 -0.0208202 0.99977 0.699022
210 224 311 0.982009 0.00960504 -0.188591 0.953695 0.00557758 0.996794 0.0798101 -0.27715 0.188753 -0.0794261 0.978807 0.116852
225 226 79 0.999991 0.000964908 -0.00407143 0.278461 -0.000944146 0.999987 0.00509836 -0.135907 0.00407629 -0.00509448 0.999979 0.950783
225 227 645 0.998162 -0.00332996 -0.0605159 0.968228 0.00429068 0.999867 0.0157525 -0.199934 0.0604554 -0.0159832 0.998043 0.150201
225 228 481 0.999534 0.0125768 -0.0278044 0.98175 -0.012436 0.999909 0.00523314 -0.116857 0.0278677 -0.00488493 0.9996 0.150037
225 229 135 0.999873 0.015925 -0.000685218 0.879768 -0.015924 0.999872 0.00137917 -0.0365087 0.000707093 -0.00136808 0.999999 0.474
225 230 159 0.999831 0.01563 0.00964991 0.290247 -0.0157074 0.999845 0.0079943 -0.19769 -0.00952346 -0.00814452 0.999921 0.93631
225 231 332 0.99587 0.0274096 -0.0865576 0.973733 -0.0247204 0.999182 0.031989 -0.0145773 0.0873637 -0.0297171 0.995733 -0.227224
225 232 387 0.974511 0.0419903 -0.220377 0.961167 -0.0186501 0.99409 0.106941 -0.275547 0.223565 -0.100105 0.969535 0.0152115
225 233 219 0.999615 0.0166758 -0.0221981 0.246958 -0.0150745 0.997402 0.0704473 6.087e-05 0.0233151 -0.0700856 0.997268 0.969026
225 234 361 0.981535 0.0434348 -0.186287 0.949187 -0.020817 0.992349 0.121694 -0.294951 0.190148 -0.115569 0.97493 -0.109764
225 235 313 0.990413 0.024252 -0.135989 0.989242 -0.0122351 0.996 0.0885159 -0.137481 0.137592 -0.0860035 0.986748 -0.0500006
225 236 186 0.999941 0.0104547 0.00309603 0.300781 -0.0106555 0.997189 0.0741691 -0.132748 -0.00231191 -0.0741977 0.997241 0.944409
225 237 245 0.999387 0.0316189 -0.0150436 0.889791 -0.0304907 0.997075 0.0700886 -0.00684136 0.0172157 -0.069587 0.997427 0.456317
225 238 260 0.999986 0.00176826 0.00503331 0.295273 -0.00213558 0.997261 0.0739338 -0.168432 -0.00488878 -0.0739435 0.99725 0.940449
225 239 259 0.999909 -0.000548124 0.0134529 0.29116 -0.00023725 0.998299 0.0583087 -0.0995683 -0.013462 -0.0583066 0.998208 0.951479
240 241 98 0.999998 -0.00160638 0.00134406 0.318468 0.00160375 0.999997 0.00195241 -0.335117 -0.00134719 -0.00195025 0.999997 0.886722
240 242 697 0.999621 -0.000936374 -0.0275219 0.948077 0.00116898 0.999964 0.00843683 -0.316976 0.027513 -0.00846581 0.999586 -0.0259919
240 243 181 0.999927 -0.00739285 0.00959529 -0.953538 0.00744563 0.999957 -0.00547687 0.0627256 -0.00955439 0.00554791 0.999939 0.294671
240 244 93 0.999997 -0.00230671 0.000707438 0.887285 0.00231333 0.999952 -0.00951473 -0.0781471 -0.000685457 0.00951634 0.999954 0.454553
240 245 70 0.999956 -0.00613812 0.00708272 0.906463 0.00624906 0.999856 -0.0157494 -0.0327712 -0.00698503 0.015793 0.999851 -0.421012
240 246 106 0.99995 -0.0086397 0.00498955 0.905955 0.00873219 0.999785 -0.0188241 0.067793 -0.00482585 0.0188668 0.99981 -0.41791
240 247 608 0.999344 0.00133952 -0.0361864 0.903969 -0.00167845 0.999955 -0.00933751 0.0229798 0.0361722 0.00939212 0.999301 -0.426979
240 248 476 0.999548 0.0017702 -0.0300055 0.912963 -0.00194287 0.999982 -0.00572644 0.0396807 0.0299948 0.00578215 0.999533 -0.406108
240 249 489 0.999514 0.0076658 -0.0302301 0.845948 -0.00766695 0.999971 7.76767e-05 0.038797 0.0302298 0.000154134 0.999543 -0.531853
240 250 614 0.997973 0.009592 -0.0629038 0.951359 -0.00924938 0.999941 0.00573567 0.0498188 0.0629551 -0.00514223 0.998003 -0.304029
240 251 598 0.998795 0.00741634 -0.0485156 0.89522 -0.00686797 0.999911 0.0114598 0.145792 0.0485963 -0.0111128 0.998757 -0.4211
240 252 613 0.995307 0.0241906 -0.0936955 0.972235 -0.0220428 0.999472 0.0238914 0.0167044 0.094224 -0.0217139 0.995314 -0.233408
240 253 590 0.99848 0.0199301 -0.0513949 0.998884 -0.0188233 0.999582 0.0219287 -0.0129643 0.0518104 -0.0209279 0.998438 -0.0454169
240 254 651 0.998571 0.0256061 -0.0469173 0.928852 -0.0247089 0.999502 0.0196043 0.055392 0.0473959 -0.018417 0.998706 -0.366287
255 256 222 0.999846 0.0175393 -0.000149745 0.29057 -0.0175359 0.999762 0.012994 -0.245153 0.000377614 -0.0129893 0.999916 -0.924916
255 257 208 0.999677 0.0237956 -0.00893349 0.975483 -0.0236711 0.999625 0.0137909 -0.046485 0.0092583 -0.013575 0.999865 0.215107
255 258 59 0.999188 0.0394467 0.00817885 0.907175 -0.0395119 0.999187 0.00797842 -0.165055 -0.00785748 -0.0082951 0.999935 0.387028
255 259 102 0.998708 0.0495675 0.0112055 0.960794 -0.0495355 0.998767 -0.00311996 -0.0868755 -0.0113463 0.00256086 0.999932 -0.263303
255 260 284 0.998454 0.0551666 0.00680768 0.928003 -0.0550657 0.998381 -0.0142189 -0.0547802 -0.00758107 0.013822 0.999876 -0.368523
255 261 444 0.998261 0.0586204 -0.00622336 0.923408 -0.0587047 0.998172 -0.014356 -0.0947384 0.00537043 0.0146964 0.999878 -0.371943
255 262 351 0.997883 0.0647942 -0.00556071 0.788491 -0.064842 0.997856 -0.00889098 0.0512577 0.00497271 0.00923273 0.999945 -0.612906
255 263 348 0.99777 0.0654398 -0.013175 0.939082 -0.0654668 0.997853 -0.00163472 0.000169562 0.0130397 0.0024936 0.999912 -0.343694
255 264 397 0.997415 0.0671269 -0.0256458 0.871479 -0.0671599 0.997742 -0.000422941 0.0362053 0.0255595 0.00214422 0.999671 -0.489094
255 265 419 0.997256 0.064709 -0.0359626 0.920359 -0.0646509 0.997904 0.00277696 0.0203973 0.0360669 -0.00044433 0.999349 -0.390542
255 266 389 0.996533 0.0702392 -0.0445846 0.958653 -0.0702755 0.997527 0.000752892 0.0381152 0.0445273 0.00238293 0.999005 -0.282013
255 267 321 0.99774 0.0592702 0.0316384 -0.975864 -0.0589698 0.998206 -0.0103458 0.0767371 -0.0321949 0.00845668 0.999446 -0.204451
255 268 402 0.996603 0.0651819 -0.0503331 0.955784 -0.0659602 0.997725 -0.0139575 0.0195377 0.0493088 0.01723 0.998635 -0.293419
255 269 271 0.997657 0.0553525 -0.0402142 0.945259 -0.0563838 0.998097 -0.0249791 0.0417861 0.038755 0.027188 0.998879 -0.323635
270 271 51 0.99999 0.00370638 -0.00238373 -0.0869745 -0.00370038 0.99999 0.00251698 0.445048 0.00239304 -0.00250813 0.999994 0.891273
270 272 76 0.999966 0.00733086 -0.00384416 -0.704273 -0.00732703 0.999973 0.00101006 0.141653 0.00385146 -0.000981859 0.999992 -0.695653
270 273 712 0.998815 0.0122155 -0.0471067 0.957508 -0.0119966 0.999916 0.00492626 -0.0470727 0.0471629 -0.0043553 0.998878 -0.284541
270 274 106 0.999631 0.006118 -0.0264698 0.552427 -0.00615998 0.99998 -0.0015047 0.178516 0.0264601 0.0016672 0.999648 -0.814222
270 275 328 0.998782 0.0135153 -0.0474534 0.972271 -0.0134517 0.999908 0.00165848 0.0292108 0.0474714 -0.00101813 0.998872 -0.232024
270 276 222 0.998939 0.0112118 -0.0446571 0.819911 -0.0112982 0.999935 -0.00168293 0.155758 0.0446353 0.00218569 0.999001 -0.550895
270 277 296 0.998711 0.0132606 -0.0489864 0.724443 -0.0135434 0.999893 -0.00544442 0.114929 0.048909 0.00610085 0.998785 -0.679687
270 278 324 0.998267 0.0160021 -0.0566212 0.434939 -0.0160177 0.999872 0.000178437 0.193343 0.0566168 0.000728811 0.998396 -0.879458
270 279 374 0.996897 0.0259999 -0.0742988 0.842323 -0.0253762 0.999634 0.00932625 0.127028 0.0745141 -0.00741189 0.997192 -0.523791
270 280 358 0.996379 0.0279522 -0.0802909 0.812798 -0.027601 0.999604 0.00548169 0.184271 0.0804124 -0.00324573 0.996756 -0.552633
270 281 556 0.994965 0.0288526 -0.0959829 0.809102 -0.0284353 0.999579 0.00571298 0.180776 0.0961074 -0.00295491 0.995367 -0.559173
270 282 301 0.99551 0.0277275 -0.0905031 0.849242 -0.027052 0.999596 0.0086829 0.0950722 0.0907073 -0.00619563 0.995858 -0.519374
270 283 408 0.994096 0.0277607 -0.104893 0.847875 -0.0274297 0.999613 0.00459746 0.0657202 0.10498 -0.00169313 0.994473 -0.526108
270 284 329 0.99355 0.0235233 -0.110931 0.750174 -0.0234902 0.999723 0.00160578 0.153319 0.110938 0.00101036 0.993827 -0.64322
285 286 0 1 0 0 0 0 1 0 0 0 0 1 0
285 287 96 0.99985 -0.00231439 -0.0171718 0.801276 0.00225654 0.999992 -0.00338739 0.325241 0.0171795 0.00334813 0.999847 -0.50217
285 288 201 0.999779 0.00707744 -0.0198103 0.696565 -0.00692012 0.999944 0.00799899 0.223795 0.0198658 -0.00786013 0.999772 -0.681699
285 289 303 0.999618 0.00345263 -0.0274111 0.247547 -0.00293663 0.999818 0.0188426 0.142197 0.0274711 -0.0187549 0.999447 -0.958384
285 290 506 0.998448 0.00429764 -0.0555298 0.880892 -0.0030525 0.999742 0.0224883 0.27294 0.0556122 -0.0222839 0.998204 -0.386694
285 291 251 0.99867 0.0115078 -0.0502628 0.796472 -0.00974099 0.999331 0.0352568 0.218944 0.0506349 -0.0347203 0.998114 -0.563645
285 292 207 0.99907 0.0132873 -0.0410272 0.962025 -0.0114826 0.998969 0.043913 0.00453653 0.0415684 -0.043401 0.998193 0.272924
285 293 517 0.995165 0.025684 -0.0948046 0.913199 -0.022013 0.998974 0.039567 0.203427 0.0957237 -0.0372888 0.994709 -0.353107
285 294 389 0.995934 0.0278257 -0.0856773 0.926015 -0.0237605 0.99856 0.0481067 0.158634 0.0868925 -0.0458754 0.995161 -0.342537
285 295 195 0.99657 0.0250009 -0.0788905 0.896462 -0.0212707 0.998632 0.0477742 0.0986874 0.0799769 -0.0459323 0.995738 -0.431991
285 296 356 0.994122 0.0406893 -0.100331 0.864945 -0.0361068 0.998239 0.047075 0.168176 0.102069 -0.0431757 0.99384 -0.47285
285 297 388 0.991456 0.0532177 -0.119089 0.929346 -0.0470622 0.997436 0.0539185 0.112118 0.121653 -0.0478533 0.991418 -0.351776
285 298 431 0.988022 0.0654492 -0.139743 0.963798 -0.0592274 0.997079 0.0482315 0.183576 0.142492 -0.0393772 0.989012 -0.193374
285 299 299 0.99053 0.0683455 -0.119075 0.9728 -0.0627904 0.996784 0.0497992 0.185228 0.122095 -0.0418509 0.991636 -0.13911
300 301 82 0.999975 -0.0032529 -0.00629656 0.542028 0.00328969 0.999978 0.0058414 -0.230112 0.00627741 -0.00586197 0.999963 0.808241
300 302 294 0.999622 -0.000376343 -0.0274987 0.944454 0.000596635 0.999968 0.00800322 0.129018 0.0274948 -0.0080166 0.99959 -0.302261
300 303 851 0.998801 0.00705395 -0.0484486 0.994193 -0.00668833 0.999948 0.00770468 0.107233 0.0485004 -0.0073714 0.998796 0.00897511
300 304 247 0.99955 0.0181536 -0.0238808 0.871618 -0.0179362 0.999796 0.00928769 0.254427 0.0240445 -0.00885518 0.999672 -0.418985
300 305 805 0.998704 0.028282 -0.0423173 0.990006 -0.0279295 0.99957 0.00889692 0.0420241 0.0425507 -0.00770349 0.999065 0.134619
300 306 657 0.9987 0.0288794 -0.0419961 0.972627 -0.0287272 0.999578 0.00422297 -0.0785109 0.0421004 -0.00301105 0.999109 0.218706
300 307 205 0.999307 0.0342167 -0.0146878 0.825712 -0.0343311 0.999382 -0.00760691 0.116434 0.0144184 0.00810588 0.999863 0.551945
300 308 522 0.999003 0.0333363 -0.0296792 0.99469 -0.0336629 0.999377 -0.0105752 -0.0779168 0.0293081 0.0115637 0.999504 0.0672385
300 309 694 0.998272 0.0336216 -0.0482012 0.995698 -0.0345671 0.999223 -0.0189184 0.0265169 0.0475277 0.0205519 0.998658 -0.0887789
300 310 648 0.997343 0.0268001 -0.0677353 0.999802 -0.0289508 0.999101 -0.0309723 0.0176837 0.0668444 0.032851 0.997222 -0.0091628
300 311 452 0.99947 0.0163109 -0.0281644 0.995445 -0.0174033 0.999088 -0.0389862 0.0387867 0.0275028 0.0394557 0.998843 -0.0870925
300 312 196 0.999765 0.00884729 -0.0197662 0.982261 -0.00969116 0.999027 -0.0430132 0.0474315 0.0193664 0.0431947 0.998879 -0.18142
300 313 477 0.999292 0.00735707 -0.0369078 0.964856 -0.00917877 0.998735 -0.0494341 0.192766 0.0364974 0.0497378 0.998095 -0.178592
300 314 454 0.999693 -0.00947191 -0.0229054 0.940037 0.00824349 0.998553 -0.0531421 -0.119877 0.0233756 0.052937 0.998324 0.319312
315 316 151 0.999998 -0.000871811 0.0018784 0.385345 0.000868812 0.999998 0.0015972 0.0952607 -0.00187979 -0.00159556 0.999997 -0.917842
315 317 28 0.999977 -0.00614686 0.00291818 0.718263 0.00614044 0.999979 0.00220441 0.0239886 -0.00293166 -0.00218644 0.999993 -0.695358
315 318 162 0.999947 -0.00455919 0.00921364 0.358491 0.00449494 0.999966 0.00698197 0.189548 -0.00924515 -0.00694019 0.999933 -0.914087
315 319 146 0.999975 -0.00168319 0.00685676 0.70766 0.0016114 0.999944 0.0104615 0.239306 -0.00687399 -0.0104502 0.999922 -0.664794
315 320 114 0.999921 0.00327127 0.0121291 0.967828 -0.00343028 0.999908 0.0131117 0.233428 -0.0120851 -0.0131522 0.99984 -0.0939219
315 321 206 0.999733 0.0028381 0.0229235 0.31262 -0.003134 0.999912 0.0128824 0.272827 -0.022885 -0.0129509 0.999654 -0.909854
315 322 577 0.9988 0.0037736 0.0488239 -0.982671 -0.0043843 0.999913 0.0124072 -0.0424374 -0.0487729 -0.0126064 0.99873 -0.180436
315 323 237 0.999562 0.00819989 0.0284437 0.294315 -0.0084957 0.999911 0.0102948 0.258748 -0.0283568 -0.0105319 0.999542 -0.920015
315 324 703 0.999856 0.0125081 0.0114469 0.935826 -0.0126398 0.999854 0.0115008 0.125259 -0.0113013 -0.0116438 0.999868 -0.329455
315 325 249 0.999671 0.0121507 0.0226079 0.445832 -0.0124858 0.999813 0.0147414 0.257724 -0.0224246 -0.0150189 0.999636 -0.857212
315 326 245 0.999703 0.0126544 0.0208141 0.497791 -0.0130461 0.999738 0.0187945 0.139696 -0.0205708 -0.0190605 0.999607 -0.855972
315 327 233 0.999877 0.0114314 0.0107692 0.611383 -0.0116567 0.99971 0.0210958 0.125945 -0.0105249 -0.0212187 0.999719 -0.781248
