0 1 61 0.999969 0.00327409 -0.00722062 0.760484 -0.00325222 0.99999 0.00303831 0.158905 0.0072305 -0.00301473 0.999969 -0.629614
0 2 535 0.999737 0.00944584 -0.0209202 0.969693 -0.00931901 0.999938 0.00615174 -0.0403389 0.020977 -0.00595517 0.999762 -0.240972
0 3 480 0.999793 0.0123662 0.0161632 -0.743589 -0.0124809 0.999897 0.00701655 0.0834328 -0.0160748 -0.00721683 0.999845 -0.663411
0 4 249 0.999877 0.0135821 -0.00780255 0.850019 -0.0135045 0.99986 0.00991166 -0.11562 0.00793607 -0.00980507 0.99992 0.513906
0 5 192 0.999949 0.00907754 -0.00445385 0.142467 -0.009049 0.999939 0.00638678 -0.23358 0.00451156 -0.00634615 0.99997 0.961844
0 6 249 0.999925 0.00839338 -0.00886437 0.520338 -0.00839553 0.999965 -0.000205305 -0.266723 0.00886233 0.00027971 0.999961 0.811238
0 7 363 0.999878 0.00988491 0.0121327 -0.995691 -0.00979227 0.999923 -0.0076709 -0.0586913 -0.0122076 0.00755115 0.999897 -0.0717917
0 8 173 0.99994 0.00475545 0.00989042 -0.879849 -0.004621 0.999897 -0.0135729 0.192087 -0.00995395 0.0135264 0.999859 -0.434705
0 9 58 0.999982 -0.0015377 -0.0057901 -0.887229 0.0014449 0.999871 -0.0159964 0.100318 0.00581395 0.0159878 0.999855 0.450291
0 10 156 0.999872 -0.00655596 -0.0145913 0.954027 0.00635098 0.999881 -0.0140503 -0.00730164 0.0146817 0.0139559 0.999795 0.299633
0 11 827 0.999573 0.00409487 -0.0289379 0.930872 -0.00437435 0.999944 -0.00960131 -0.226399 0.028897 0.00972379 0.999535 -0.286743
0 12 807 0.999593 0.00561084 -0.0279827 0.996218 -0.00604224 0.999864 -0.0153558 -0.0742844 0.0278928 0.0155187 0.99949 0.0450711
0 13 340 0.999867 0.000870692 -0.0162867 0.84547 -0.00114532 0.999857 -0.0168606 0.0737333 0.0162697 0.016877 0.999725 -0.528909
0 14 764 0.999975 0.00149995 0.00685817 -0.820799 -0.00136749 0.999813 -0.0192787 0.154424 -0.00688581 0.0192689 0.999791 -0.549947
15 16 101 0.99999 -0.00437492 6.15682e-05 0.467356 0.004375 0.99999 -0.00133766 -0.077282 -5.57154e-05 0.00133792 0.999999 -0.880685
15 17 43 0.999886 -0.012614 -0.00833956 0.990705 0.0125895 0.999916 -0.00299049 0.133143 0.00837659 0.00288516 0.999961 -0.0278558
15 18 558 0.999759 -0.0126364 -0.0179644 0.868928 0.0124825 0.999885 -0.00865161 0.418132 0.0180717 0.00842528 0.999801 -0.26482
15 19 1304 0.999653 -0.0121479 -0.0233903 0.963717 0.012098 0.999924 -0.00227389 0.261789 0.0234162 0.00199012 0.999724 -0.05211
15 20 356 0.999895 -0.00822205 -0.0118911 0.951091 0.00821439 0.999966 -0.000692699 0.18448 0.0118964 0.000594948 0.999929 0.247775
15 21 801 0.999853 -0.00957206 -0.0142008 0.714177 0.00941205 0.999892 -0.0112921 0.123637 0.0143074 0.0111567 0.999835 -0.68896
15 22 401 0.999798 -0.00197019 -0.019995 0.974032 0.00172144 0.999921 -0.0124502 0.207576 0.0200179 0.0124132 0.999723 -0.0904124
15 23 252 0.999972 0.00242894 -0.00707957 0.863688 -0.00254261 0.999867 -0.016091 0.129785 0.00703954 0.0161086 0.999845 -0.487031
15 24 241 0.999918 -0.00111163 -0.0127733 0.972414 0.000807109 0.999716 -0.0238212 0.111001 0.0127961 0.0238089 0.999635 -0.205159
15 25 852 0.999107 0.000937216 -0.0422389 0.942698 -0.00256628 0.999254 -0.0385302 0.262933 0.0421713 0.0386042 0.998364 -0.205396
15 26 1095 0.998844 0.00615863 -0.047666 0.888775 -0.00773182 0.999429 -0.0328907 0.0518386 0.0474362 0.0332212 0.998322 -0.455402
15 27 1274 0.998487 0.0177065 -0.0520507 0.956148 -0.0194899 0.999233 -0.0339583 0.149341 0.0514095 0.0349214 0.998067 -0.25195
15 28 840 0.998922 0.0168824 -0.0432458 0.821574 -0.018144 0.999416 -0.0289496 0.129069 0.0427318 0.029703 0.998645 -0.555299
15 29 804 0.998063 0.0244812 -0.0571858 0.855946 -0.026061 0.999294 -0.0270453 0.111933 0.0564834 0.0284833 0.997997 -0.504804
30 31 142 0.999869 0.0138409 0.00836688 -0.385009 -0.0138754 0.999895 0.00407269 -0.0485172 -0.00830964 -0.00418825 0.999957 0.921637
30 32 195 0.999888 0.0125945 0.00804026 -0.336788 -0.0126134 0.999918 0.00230037 0.00380648 -0.00801062 -0.00240153 0.999965 0.941573
30 33 49 0.99994 0.00966305 0.00522664 -0.941845 -0.00967792 0.999949 0.00282545 -0.129911 -0.00519907 -0.00287586 0.999982 0.309921
30 34 232 0.999922 0.00481743 -0.0115018 0.349975 -0.00480027 0.999987 0.00151993 0.00745012 0.0115089 -0.0014646 0.999933 -0.936729
30 35 681 0.99988 -0.00232971 0.015345 -0.977814 0.00222454 0.999974 0.00686673 -0.155704 -0.0153606 -0.00683177 0.999859 0.140128
30 36 60 0.99999 -0.00074385 -0.00451486 -0.969139 0.000747914 0.999999 0.00089842 -0.114108 0.00451419 -0.000901787 0.999989 0.218516
30 37 144 0.999838 0.00105987 -0.0179726 0.849867 -0.00100284 0.999994 0.00318202 0.175247 0.0179758 -0.00316348 0.999833 -0.497005
30 38 291 0.999709 0.0138603 -0.0197427 0.830416 -0.0137446 0.999888 0.0059853 0.118595 0.0198234 -0.0057122 0.999787 -0.544376
30 39 217 0.99967 0.0173835 -0.0189029 0.952329 -0.017143 0.999771 0.0128138 0.087039 0.0191214 -0.0124856 0.999739 -0.292394
30 40 393 0.99916 0.0177775 -0.0369233 0.974542 -0.017322 0.99977 0.012621 0.104924 0.0371392 -0.0119708 0.999238 -0.198137
30 41 307 0.999281 0.00698345 -0.0372677 0.83387 -0.00620374 0.99976 0.0209965 0.0450535 0.0374053 -0.0207502 0.999085 -0.550119
30 42 268 0.999642 0.00232759 -0.0266542 0.979793 -0.0017958 0.999799 0.019958 0.133513 0.0266953 -0.019903 0.999445 -0.148932
30 43 217 0.999279 0.00261922 -0.037872 0.965253 -0.00200931 0.999868 0.0161338 0.113368 0.0379092 -0.0160461 0.999152 -0.235446
30 44 456 0.996888 0.0158253 -0.077227 0.974592 -0.014577 0.999754 0.0167013 0.189244 0.0774723 -0.0155236 0.996874 -0.119819
45 46 34 0.999747 0.0217982 0.00562575 0.00488343 -0.0218155 0.999757 0.00304153 -0.886517 -0.00555809 -0.00316349 0.99998 -0.462671
45 47 425 0.999828 0.0066294 0.0173028 -0.826099 -0.00665824 0.999977 0.00160997 -0.186466 -0.0172918 -0.0017249 0.999849 0.531781
45 48 217 0.999992 0.000837364 0.00380756 -0.68459 -0.000821777 0.999991 -0.00409343 -0.180169 -0.00381095 0.00409027 0.999984 0.706311
45 49 499 0.999618 0.00982996 -0.0258136 0.791282 -0.00969679 0.999939 0.00527908 0.0231528 0.0258639 -0.00502676 0.999653 -0.611012
45 50 202 0.999854 0.0134727 -0.0104847 0.786779 -0.013337 0.999828 0.0129109 -0.0408675 0.0106568 -0.0127692 0.999862 0.61588
45 51 384 0.999781 0.0175737 0.0113974 -0.942432 -0.0175877 0.999845 0.00112838 -0.112009 -0.0113758 -0.00132858 0.999934 0.315082
45 52 127 0.999466 0.0260187 -0.019744 0.966731 -0.0263845 0.999481 -0.0184968 -0.0708521 0.0192524 0.0190079 0.999634 0.245787
45 53 300 0.998437 0.0373501 -0.0415858 0.944188 -0.0380759 0.999134 -0.0167986 0.113964 0.0409224 0.0183558 0.998994 -0.309065
45 54 604 0.996259 0.0602164 -0.0619815 0.996313 -0.0606639 0.998144 -0.00536083 0.0515351 0.0615436 0.00910081 0.998063 0.0685865
45 55 261 0.997843 0.0590962 -0.0285769 0.999832 -0.0589565 0.998244 0.00570657 -0.011687 0.0288639 -0.00400947 0.999575 0.0141467
45 56 360 0.997348 0.0555518 -0.0470134 0.999298 -0.0550218 0.998407 0.0124955 0.0372888 0.0476327 -0.00987557 0.998816 -0.00367149
45 57 568 0.996566 0.050752 -0.0654277 0.98327 -0.050091 0.998676 0.0117047 0.0573551 0.0659352 -0.00838721 0.997789 0.17289
45 58 365 0.997174 0.0553787 -0.0507585 0.995371 -0.0550889 0.998456 0.00709345 0.0261728 0.0510729 -0.00427718 0.998686 0.0924706
45 59 641 0.993496 0.0539115 -0.100294 0.998221 -0.0541628 0.998532 0.000217812 0.0549872 0.100159 0.00521583 0.994958 0.0230695
60 61 87 0.999849 0.0159872 0.0068213 0.0735676 -0.0160215 0.999859 0.00500942 -0.57331 -0.00674025 -0.00511795 0.999964 -0.816029
60 62 128 0.999963 0.0057969 0.00641851 0.35017 -0.00580154 0.999983 0.000704483 0.18106 -0.00641431 -0.000741694 0.999979 0.91902
60 63 269 0.999946 -0.00226369 -0.0101033 0.977079 0.00222688 0.999991 -0.00365283 0.142222 0.0101114 0.00363013 0.999942 -0.158394
60 64 368 0.9999 -0.00516611 -0.0131717 0.996011 0.00514365 0.999985 -0.00173834 -0.0117486 0.0131805 0.00167041 0.999912 -0.0884492
60 65 300 0.99995 -0.00596832 -0.00799891 0.896176 0.00591188 0.999958 -0.00706108 0.110789 0.00804072 0.00701344 0.999943 0.429644
60 66 270 0.999922 -0.0124708 0.000337025 0.519327 0.0124732 0.999885 -0.00864384 0.106439 -0.000229191 0.00864737 0.999963 0.847921
60 67 1004 0.999501 -0.0124723 -0.0290292 0.985283 0.0122363 0.999891 -0.00829355 -0.0719022 0.0291295 0.0079342 0.999544 -0.155069
60 68 331 0.999818 -0.0131024 -0.0138839 0.991069 0.0129143 0.999825 -0.0135548 0.112589 0.0140591 0.0133731 0.999812 -0.0714505
60 69 398 0.999797 -0.00794929 -0.0184874 0.933194 0.00765743 0.999846 -0.0158045 0.0815195 0.0186102 0.0156598 0.999704 -0.350004
60 70 726 0.999459 -0.0105133 -0.0311744 0.938237 0.0101197 0.999867 -0.0127551 0.12782 0.0313043 0.0124327 0.999433 -0.321518
60 71 951 0.999197 -0.00888565 -0.0390755 0.879498 0.00879595 0.999958 -0.00246685 -0.113237 0.0390958 0.00212116 0.999233 -0.462234
60 72 906 0.998444 0.000826932 -0.0557535 0.980751 -0.0017914 0.99985 -0.017251 0.171587 0.0557309 0.017324 0.998296 0.0931927
60 73 668 0.999247 -0.00346421 -0.0386408 0.929024 0.00312778 0.999957 -0.00876366 0.0288105 0.0386695 0.0086362 0.999215 -0.368896
60 74 758 0.99847 0.00366804 -0.0551673 0.967782 -0.00417366 0.99995 -0.00905293 0.0650192 0.0551313 0.00926933 0.998436 -0.243251
75 76 179 0.999901 0.011799 0.00764959 0.0569542 -0.0118246 0.999925 0.00330934 -0.31153 -0.00760997 -0.00339947 0.999965 -0.948528
75 77 137 0.999988 0.00385579 0.0028928 -0.205241 -0.00385787 0.999992 0.000714869 0.110616 -0.00289002 -0.00072602 0.999996 -0.97244
75 78 43 0.999997 0.000979427 -0.00203336 0.969593 -0.000981839 0.999999 -0.00118534 0.0716963 0.00203219 0.00118733 0.999997 -0.233985
75 79 723 0.999641 0.0114972 -0.0241861 0.980408 -0.0116753 0.999906 -0.0072373 0.157368 0.0241006 0.00751709 0.999681 -0.118474
75 80 285 0.999684 0.0190579 -0.01641 0.975206 -0.0192061 0.999776 -0.0089213 0.0512977 0.0162363 0.00923366 0.999826 -0.215273
75 81 363 0.999694 0.0177085 -0.017265 0.667049 -0.0179745 0.99972 -0.015378 0.17976 0.0169879 0.0156836 0.999733 -0.723002
75 82 677 0.999129 0.0214432 -0.035807 0.786547 -0.0219842 0.999649 -0.0147823 0.154519 0.0354774 0.0155566 0.999249 -0.597886
75 83 948 0.998871 0.0234527 -0.0413026 0.926756 -0.0240255 0.999621 -0.0134269 0.172772 0.0409721 0.0144041 0.999056 -0.333577
75 84 795 0.997788 0.0340047 -0.0571156 0.971209 -0.0347266 0.999328 -0.0116929 0.0911255 0.0566797 0.0136505 0.998299 -0.220112
75 85 433 0.999107 0.0227555 -0.035611 0.22139 -0.0220166 0.999537 0.0210055 -0.688178 0.0360725 -0.0202027 0.999145 -0.690939
75 86 198 0.998686 0.0475335 -0.0191578 0.220734 -0.047017 0.998541 0.0265614 0.222171 0.0203924 -0.0256258 0.999464 0.949693
75 87 887 0.997924 0.0476301 -0.0433584 0.902496 -0.0465396 0.998583 0.0258227 0.233718 0.0445268 -0.0237512 0.998726 -0.36177
75 88 315 0.999142 0.0379344 -0.016615 -0.226314 -0.0372402 0.998495 0.0402681 -0.260041 0.0181176 -0.0396148 0.999051 -0.938702
75 89 249 0.999035 0.0412872 -0.0149976 0.380565 -0.0406714 0.9984 0.0392774 0.308217 0.0165952 -0.0386295 0.999116 0.871879
90 91 105 0.999995 -0.00276496 -0.00163246 -0.101473 0.00274159 0.999896 -0.0141538 0.926664 0.00167142 0.0141493 0.999898 0.361935
90 92 194 0.999935 -0.000168524 -0.0114283 0.144274 0.000178481 1 0.000870286 0.208618 0.0114282 -0.000872269 0.999934 -0.967297
90 93 215 0.999864 0.00174908 -0.0163901 0.298007 -0.00158215 0.999947 0.0101921 -0.351741 0.016407 -0.0101647 0.999814 -0.887395
90 94 334 0.999822 -0.00482848 -0.0182428 0.356904 0.00499438 0.999946 0.00905933 -0.0996776 0.018198 -0.00914883 0.999793 -0.928808
90 95 355 0.999362 -0.0117378 -0.0337259 0.923696 0.0117833 0.99993 0.00114915 0.0832882 0.0337101 -0.00154582 0.99943 -0.373964
90 96 769 0.998145 -0.00790951 -0.060369 0.981902 0.00758048 0.999955 -0.0056773 0.0877308 0.0604112 0.00520914 0.99816 -0.167846
90 97 346 0.999479 0.0013632 -0.032233 0.414182 -0.00132474 0.999998 0.00121459 -0.0838263 0.0322346 -0.00117126 0.99948 -0.906326
90 98 294 0.99939 -0.0074335 -0.0341316 0.924595 0.00720478 0.999951 -0.006819 0.0755501 0.0341806 0.00656892 0.999394 -0.373386
90 99 317 0.998869 -0.0122948 -0.0459229 0.736484 0.011763 0.999861 -0.0118332 0.100043 0.046062 0.0112796 0.998875 -0.669016
90 100 610 0.997404 -0.0159208 -0.0702229 0.887163 0.0154468 0.999854 -0.00728774 0.0712017 0.0703287 0.00618411 0.997505 -0.45593
90 101 604 0.997058 -0.00868965 -0.0761588 0.926126 0.00824635 0.999947 -0.00613327 0.0697062 0.076208 0.00548719 0.997077 -0.370718
90 102 297 0.99905 -0.00504099 -0.0432835 0.807966 0.00479621 0.999972 -0.00575721 0.0761532 0.0433113 0.00554414 0.999046 -0.584287
90 103 524 0.996755 0.000363731 -0.0804899 0.936211 -0.00116524 0.99995 -0.00991118 0.0622335 0.0804823 0.00997281 0.996706 -0.345885
90 104 548 0.991819 0.0103432 -0.127236 0.982792 -0.0126751 0.999766 -0.0175318 0.099952 0.127025 0.0190011 0.991718 -0.155337
105 106 166 0.999957 0.00925754 4.64074e-05 0.181516 -0.00925744 0.999955 -0.00187974 0.0142569 -6.38071e-05 0.00187923 0.999998 -0.983285
105 107 753 0.999316 0.0224178 -0.0294262 0.998845 -0.022481 0.999746 -0.00181987 -0.0197721 0.0293779 0.00248016 0.999565 -0.0437861
105 108 242 0.999592 0.0277491 0.00671483 -0.146 -0.0276773 0.999561 -0.0105612 0.00780656 -0.00700495 0.0103711 0.999922 0.989254
105 109 661 0.998551 0.0458545 -0.0281535 0.997088 -0.0463119 0.998802 -0.0158169 0.0701642 0.0273945 0.0170978 0.999478 0.0298728
105 110 441 0.998554 0.0493475 -0.0213109 0.9414 -0.0496962 0.998634 -0.016158 -0.100283 0.0204844 0.0171937 0.999642 -0.322039
105 111 453 0.997962 0.054669 -0.0328971 0.91925 -0.055153 0.99838 -0.0139906 -0.0137637 0.0320789 0.0157764 0.999361 -0.393434
105 112 325 0.998004 0.0600873 -0.0194409 0.927075 -0.0602463 0.998154 -0.00770004 0.00994849 0.0189423 0.00885592 0.999781 -0.374743
105 113 381 0.997582 0.0584358 -0.0376203 0.946756 -0.0586747 0.998263 -0.00527582 -0.0759334 0.0372467 0.00747042 0.999278 -0.312869
105 114 369 0.997739 0.0602262 -0.0298163 0.976019 -0.0603792 0.998166 -0.00425739 -0.0150431 0.0295053 0.00604805 0.999546 -0.217166
105 115 421 0.997126 0.0580968 -0.048616 0.995087 -0.0583756 0.998285 -0.00433493 -0.0981682 0.0482808 0.00716046 0.998808 0.0128599
105 116 103 0.99916 0.0333485 0.0237986 -0.0191629 -0.0325364 0.998901 -0.0337302 0.999449 -0.0248973 0.0329275 0.999148 0.027085
105 117 360 0.992712 0.0783293 0.0915855 -0.171764 -0.105651 0.931261 0.348698 -0.963838 -0.0579767 -0.355833 0.93275 0.203746
105 118 343 0.994956 0.0762773 -0.065153 0.99629 -0.0810268 0.993986 -0.0736648 -0.039957 0.0591422 0.0785724 0.995153 -0.0762218
105 119 342 0.994249 0.0797739 -0.0714437 0.998627 -0.0848149 0.993896 -0.0705479 -0.0495794 0.0653798 0.0762017 0.994947 -0.0169066
120 121 574 0.999917 0.00703761 0.0107627 -0.00422398 -0.00732093 0.999622 0.0265157 -0.999495 -0.010572 -0.0265923 0.99959 -0.031505
120 122 270 0.999301 0.0178214 0.0328772 -0.995739 -0.0182397 0.999756 0.0124669 0.0833272 -0.032647 -0.0130578 0.999382 0.0395015
120 123 571 0.998782 0.0132474 0.0475287 -0.89515 -0.0140979 0.999746 0.0176053 -0.0395302 -0.0472834 -0.018254 0.998715 0.444008
120 124 220 0.999348 -0.00724921 0.0353732 -0.148292 0.00616355 0.99951 0.0307045 -0.493611 -0.0355784 -0.0304665 0.998902 0.856947
120 125 476 0.998336 -0.000780471 0.0576513 -0.958764 -0.00132306 0.999335 0.0364399 0.0538565 -0.0576414 -0.0364556 0.997672 0.279055
120 126 597 0.998993 -0.0232768 0.0383681 -0.618303 0.0214976 0.998703 0.0461479 -0.0817162 -0.0393925 -0.0452765 0.998198 0.78168
120 127 551 0.99855 -0.0414035 0.0344099 -0.684641 0.0398754 0.998237 0.0439665 -0.135669 -0.0361696 -0.0425307 0.99844 0.716143
120 128 467 0.999106 -0.0412331 -0.00929971 0.589706 0.0415927 0.998229 0.0425221 -0.16596 0.00752993 -0.0428709 0.999052 0.790383
120 129 401 0.999144 -0.0413368 0.00181798 0.509574 0.041236 0.998405 0.0385743 -0.197922 -0.00340962 -0.0384662 0.999254 0.837354
120 130 309 0.999014 -0.0441157 0.00498272 0.565264 0.0438865 0.998263 0.0393149 -0.183783 -0.00670847 -0.0390575 0.999214 0.804177
120 131 456 0.998466 -0.0553436 -0.00140083 0.432882 0.0553453 0.99725 0.0492846 -0.119622 -0.00133061 -0.0492866 0.998784 0.893478
120 132 470 0.996303 -0.0701197 0.0496415 -0.785643 0.0674434 0.996278 0.0536781 -0.0884938 -0.0532206 -0.0501316 0.997324 0.612318
120 133 464 0.996829 -0.0589481 -0.0534582 0.742158 0.0620623 0.996351 0.0585973 -0.130818 0.0498089 -0.0617292 0.996849 0.657334
120 134 347 0.99728 -0.0565416 -0.0472746 0.412756 0.0595277 0.996151 0.0643428 -0.106477 0.0434546 -0.066982 0.996807 0.904597
135 136 115 0.999978 0.00111479 -0.00651467 0.246221 -0.00117458 0.999957 -0.00918033 0.0291326 0.00650415 0.00918778 0.999937 0.968776
135 137 51 0.999864 0.00277523 -0.0162275 0.823905 -0.00301971 0.999882 -0.0150604 -0.160191 0.0161838 0.0151074 0.999755 0.543618
135 138 116 0.999723 -0.00296089 -0.0233489 0.409979 0.00241652 0.999725 -0.0233085 0.268454 0.0234115 0.0232457 0.999456 -0.871693
135 139 121 0.999261 0.00491897 -0.0381248 0.76069 -0.0058419 0.999692 -0.0241346 0.0348423 0.0379944 0.0243395 0.998981 -0.648179
135 140 71 0.999314 0.00148818 -0.0370018 0.836033 -0.00267044 0.999487 -0.0319226 0.0721741 0.0369353 0.0319995 0.998805 -0.543911
135 141 373 0.998149 0.00569506 -0.0605526 0.882403 -0.00798166 0.999261 -0.0375875 0.106773 0.0602938 0.0380013 0.997457 -0.458219
135 142 436 0.997251 0.0109635 -0.0732807 0.926036 -0.0133338 0.999401 -0.0319345 0.0266436 0.0728867 0.0328239 0.9968 -0.376495
135 143 143 0.997657 0.0162259 -0.0664575 0.820365 -0.018055 0.999472 -0.0270152 0.011104 0.0659841 0.0281518 0.997423 -0.571732
135 144 195 0.998246 0.0202094 -0.0556525 -0.914529 -0.0216577 0.999439 -0.025545 0.153145 0.0551051 0.0267054 0.998123 -0.374411
135 145 185 0.996977 0.0263524 -0.073097 0.694678 -0.0279327 0.999396 -0.0206817 0.116244 0.0725078 0.022661 0.99711 -0.709866
135 146 307 0.996065 0.0389134 -0.0796318 0.992881 -0.0400145 0.999124 -0.0122772 0.0392876 0.0790843 0.0154153 0.996749 0.112445
135 147 220 0.996609 0.0468097 -0.067669 0.788071 -0.0476338 0.998808 -0.0106153 -0.00118612 0.0670914 0.0138026 0.997651 -0.615583
135 148 336 0.995502 0.0446768 -0.0835482 0.994346 -0.0459124 0.998862 -0.0129258 -0.0443656 0.0828756 0.0167035 0.99642 0.0964763
135 149 227 0.996329 0.030431 -0.0800178 0.964601 -0.0318515 0.999356 -0.0165359 -0.0531493 0.0794631 0.0190238 0.996656 0.258303
150 151 98 0.999995 -0.00282943 0.00136318 0.19348 0.00282812 0.999996 0.000959399 0.262271 -0.00136589 -0.000955539 0.999999 -0.945399
150 152 104 0.999981 0.00465091 0.00408082 0.197203 -0.00464302 0.999987 -0.00193867 0.0532775 -0.00408979 0.00191969 0.99999 -0.978914
150 153 41 0.999947 0.00911953 -0.0048524 0.940293 -0.00913171 0.999955 -0.0024934 0.0267109 0.00482945 0.00253758 0.999985 -0.339316
150 154 384 0.999796 0.00737512 -0.0188147 0.998467 -0.00743869 0.999967 -0.00331129 0.0340543 0.0187896 0.00345057 0.999818 0.0436233
150 155 32 0.999955 0.00539521 -0.00778537 0.962437 -0.00543904 0.999969 -0.00562059 -0.045655 0.00775481 0.00566268 0.999954 0.26764
150 156 221 0.999991 0.00301118 -0.00298514 -0.660963 -0.00304868 0.999916 -0.0126367 0.0239811 0.00294683 0.0126457 0.999916 0.750035
150 157 639 0.999097 0.00272328 -0.0423914 0.996302 -0.00322646 0.999925 -0.0118061 -0.0357032 0.042356 0.0119322 0.999031 -0.0781458
150 158 305 0.999472 0.00233097 -0.0324027 0.990734 -0.0028264 0.99988 -0.0152523 0.11406 0.0323633 0.0153359 0.999359 0.0737265
150 159 465 0.998885 0.00824664 -0.0464839 0.994159 -0.00900248 0.99983 -0.0160744 0.00416419 0.0463434 0.016475 0.99879 -0.107843
150 160 351 0.999355 0.0133447 -0.0333435 0.998827 -0.0138799 0.999778 -0.0158701 -0.00945673 0.0331243 0.0163227 0.999318 -0.0474854
150 161 621 0.998023 0.014793 -0.0610912 0.999797 -0.0160239 0.999677 -0.0197072 0.0201157 0.06078 0.0206471 0.997938 0.000685882
150 162 275 0.999187 0.0194033 -0.0353457 0.892905 -0.0199977 0.999663 -0.0165432 -0.0756495 0.0350128 0.0172366 0.999238 -0.443844
150 163 596 0.995996 0.0171555 -0.0877356 0.997919 -0.0188925 0.999641 -0.0190055 -0.000952431 0.087378 0.0205869 0.995962 -0.06448
150 164 272 0.999382 0.0120145 -0.0330465 0.919373 -0.0127601 0.999667 -0.0224452 0.0533987 0.0327658 0.022853 0.999202 -0.389747
165 166 54 0.999915 -0.000364788 -0.0130396 0.995124 0.000361342 1 -0.000266656 -0.0874406 0.0130397 0.000261922 0.999915 -0.045632
165 167 410 0.999981 -0.00477697 0.00381184 -0.948255 0.00477263 0.999988 0.0011477 0.0651589 -0.00381728 -0.00112949 0.999992 -0.310753
165 168 673 0.999535 0.0102714 -0.0286967 0.99927 -0.0101476 0.999939 0.00445584 -0.00767525 0.0287407 -0.00416257 0.999578 0.0374274
165 169 351 0.999725 0.0185101 -0.0143762 0.9893 -0.0184939 0.999828 0.00126039 -0.108857 0.014397 -0.000994177 0.999896 -0.0971359
165 170 405 0.999522 0.0246805 -0.0185951 0.997281 -0.0247276 0.999692 -0.0023062 -0.0736952 0.0185324 0.00276491 0.999824 0.00012076
165 171 657 0.999193 0.0293146 -0.0274466 0.986392 -0.0294381 0.999558 -0.00410678 -0.108788 0.0273141 0.00491144 0.999615 -0.123269
165 172 311 0.999677 0.0235704 -0.00951446 0.906917 -0.0236821 0.99965 -0.0117993 0.0994175 0.00923302 0.0120208 0.999885 -0.409411
165 173 557 0.997251 0.0401255 -0.0622958 0.971712 -0.0404241 0.999176 -0.00354038 0.0396135 0.0621025 0.0060489 0.998051 -0.232821
165 174 343 0.998962 0.0382685 -0.0247086 0.951395 -0.0381297 0.999254 0.00606181 -0.0148009 0.0249222 -0.00511339 0.999676 -0.307617
165 175 645 0.998382 0.0395847 -0.040817 0.972389 -0.039207 0.999181 0.0100126 -0.0107131 0.0411799 -0.00839605 0.999116 -0.233118
165 176 557 0.998785 0.0338183 -0.0358545 0.998843 -0.0334969 0.999393 0.0095267 0.0361219 0.0361549 -0.00831411 0.999312 -0.0317484
165 177 561 0.998724 0.0317168 -0.039298 0.998881 -0.0315141 0.999487 0.00576534 0.000605476 0.0394607 -0.00451954 0.999211 -0.0472871
165 178 280 0.999645 0.0200115 -0.0176019 0.991222 -0.0200589 0.999796 -0.00251962 0.0179465 0.0175479 0.0028718 0.999842 -0.130986
165 179 578 0.997198 0.0302107 -0.0684332 0.99515 -0.0306551 0.999515 -0.00545196 0.0518408 0.0682354 0.00753451 0.997641 -0.0836019
180 181 397 0.999851 0.00289977 -0.0170042 0.902016 -0.00280835 0.999981 0.00539785 -0.223286 0.0170196 -0.00534929 0.999841 -0.369472
180 182 337 0.999987 -0.00437489 0.00279337 -0.793466 0.00435795 0.999972 0.00604168 -0.0610704 -0.00281973 -0.00602943 0.999978 -0.605543
180 183 68 0.999965 0.00461531 -0.00700775 0.70603 -0.00457134 0.99997 0.00627836 -0.0293126 0.00703652 -0.0062461 0.999956 0.707575
180 184 63 0.999967 0.003263 -0.00741383 0.926131 -0.00324019 0.99999 0.00308602 0.0623099 0.00742382 -0.0030619 0.999968 -0.372021
180 185 61 0.999981 0.0038455 -0.00479467 0.995383 -0.00383387 0.99999 0.00243212 0.0959216 0.00480398 -0.00241369 0.999986 0.00338073
180 186 710 0.998292 0.00992068 -0.0575817 0.9903 -0.0103089 0.999926 -0.00644944 0.104571 0.0575134 0.00703203 0.99832 -0.0914935
180 187 754 0.995977 0.0168338 -0.0880192 0.978967 -0.0179812 0.999763 -0.012259 0.111226 0.087792 0.0137924 0.996043 -0.171032
180 188 427 0.999423 0.00479088 -0.0336259 0.859268 -0.00502766 0.999963 -0.00696079 0.0561882 0.0335913 0.00712584 0.99941 -0.508431
180 189 402 0.999112 0.0121985 -0.0403267 0.969493 -0.0123986 0.999912 -0.00471549 0.0629909 0.0402657 0.0052113 0.999175 -0.236887
180 190 743 0.996042 0.0192535 -0.0867774 0.964613 -0.0206724 0.999666 -0.0154825 0.166449 0.0864504 0.0172151 0.996107 -0.204491
180 191 400 0.999208 0.00949174 -0.0386481 0.84638 -0.00975025 0.999931 -0.006506 0.192182 0.0385837 0.00687767 0.999232 -0.496696
180 192 347 0.998887 0.0201598 -0.0426478 0.843773 -0.0201946 0.999796 -0.000386767 0.111329 0.0426313 0.00124759 0.99909 -0.525027
180 193 319 0.99885 0.0189226 -0.0440623 0.864179 -0.0190733 0.999814 -0.00300204 0.130812 0.0439972 0.00383899 0.999024 -0.485884
180 194 611 0.995707 0.0235321 -0.0895233 0.915884 -0.023872 0.999711 -0.00272729 0.03838 0.0894333 0.00485268 0.995981 -0.399604
195 196 65 0.999998 -0.000196059 -0.00210473 -0.653541 0.000197271 1 0.000575568 -0.0194645 0.00210462 -0.000575982 0.999998 -0.756641
195 197 330 0.999848 0.00565562 0.0165124 -0.956057 -0.00572115 0.999976 0.00392403 0.128952 -0.0164898 -0.0040179 0.999856 -0.263298
195 198 131 0.999904 0.0137597 0.00166172 -0.851913 -0.0137745 0.999862 0.00926654 0.137715 -0.00153399 -0.00928854 0.999956 -0.505252
195 199 390 0.999335 0.027739 -0.0236854 0.935887 -0.0275214 0.999576 0.00946594 -0.0589704 0.0239379 -0.00880778 0.999675 -0.347331
195 200 554 0.998574 0.0362021 -0.0392395 0.990366 -0.0358154 0.999303 0.0105147 -0.137971 0.0395929 -0.00909429 0.999175 -0.0117898
195 201 260 0.99909 0.0372965 -0.020687 0.988723 -0.0374044 0.999288 -0.00485302 -0.113295 0.0204912 0.00562239 0.999774 0.0979305
195 202 174 0.999237 0.0363227 -0.0143703 0.930507 -0.0365852 0.99916 -0.0184463 -0.123314 0.0136882 0.018958 0.999727 0.344891
195 203 439 0.998456 0.0344063 -0.0436126 0.968005 -0.0357083 0.998929 -0.0294334 -0.00957351 0.0425532 0.0309452 0.998615 -0.250749
195 204 284 0.999224 0.0231833 -0.031854 0.75621 -0.0242332 0.999162 -0.0329768 0.147249 0.0310628 0.0337231 0.998948 -0.637545
195 205 200 0.999739 0.0216381 -0.00731346 0.688354 -0.0217483 0.999646 -0.0153351 0.261447 0.00697905 0.0154902 0.999856 -0.676619
195 206 581 0.995299 0.0507488 -0.0824858 0.974273 -0.0516628 0.998624 -0.00898323 0.143192 0.0819165 0.0132025 0.996552 -0.174034
195 207 522 0.997262 0.0491263 -0.0552703 0.984142 -0.049185 0.99879 0.000298693 -0.0109334 0.0552181 0.0024206 0.998471 -0.177048
195 208 418 0.997697 0.0440313 -0.0515899 0.974168 -0.0444004 0.998996 -0.00602965 0.0155765 0.0512726 0.00830637 0.99865 -0.225286
195 209 331 0.997918 0.0400747 -0.0505328 0.99656 -0.0406446 0.999121 -0.0103003 0.00366569 0.0500756 0.0123327 0.998669 -0.0827952
210 211 346 0.999999 -0.00128901 0.000760043 -0.0302426 0.00127572 0.999851 0.0172391 -0.995839 -0.000782151 -0.0172381 0.999851 0.0859621
210 212 215 0.999961 -0.00604599 0.00639642 -0.743002 0.0060229 0.999975 0.00362281 0.0392813 -0.00641817 -0.00358415 0.999973 -0.668135
210 213 159 0.999715 -0.00975446 -0.0217898 0.604604 0.00980271 0.99995 0.00210846 0.394107 0.0217682 -0.00232146 0.99976 -0.692195
210 214 431 0.998876 -0.0150344 -0.0449586 0.938571 0.015142 0.999883 0.00205381 0.214084 0.0449225 -0.00273226 0.998987 -0.270653
210 215 476 0.997316 -0.0204068 -0.0703106 0.896144 0.0195955 0.999733 -0.0122097 0.373379 0.070541 0.0107992 0.99745 -0.239822
210 216 361 0.998487 -0.0188628 -0.0516444 0.899316 0.0189064 0.999821 0.000355899 0.31815 0.0516285 -0.00133177 0.998665 -0.300018
210 217 434 0.997066 -0.0135678 -0.0753386 0.94056 0.0137182 0.999905 0.00147855 0.216307 0.0753114 -0.00250773 0.997157 -0.261837
210 218 330 0.998135 -0.0121553 -0.0598205 0.876483 0.0126682 0.999886 0.00820119 0.110439 0.059714 -0.00894371 0.998175 -0.468594
210 219 397 0.991375 -0.011713 -0.130534 0.956132 0.0183665 0.998586 0.0498853 -0.291043 0.129765 -0.0518525 0.990188 0.0332626
210 220 385 0.996332 -0.0159728 -0.0840737 0.944947 0.0172624 0.999744 0.0146351 0.0547422 0.0838184 -0.0160328 0.996352 -0.322613
210 221 378 0.994209 -0.00765281 -0.107189 0.973055 0.0084217 0.999942 0.00672246 0.173594 0.107131 -0.00758624 0.994216 -0.151752
210 222 313 0.997469 -0.00874797 -0.0705615 0.950308 0.00984962 0.999835 0.0152799 0.122497 0.0704161 -0.0159362 0.99739 -0.286199
210 223 336 0.987606 0.00989814 -0.156642 0.984587 -0.00810838 0.999894 0.0120607 0.0939358 0.156745 -0.0106411 0.987582 -0.147526
210 224 343 0.992437 0.0087861 -0.122444 0.975795 -0.00765157 0.999923 0.00973277 0.166997 0.12252 -0.00872227 0.992428 -0.141194
225 226 111 0.999991 0.000813926 -0.00428123 -0.586937 -0.00079717 0.999992 0.00391412 0.0990214 0.00428438 -0.00391067 0.999983 -0.803555
225 227 90 0.999975 0.0033229 -0.00619868 -0.823314 -0.00329852 0.999987 0.00393862 0.155248 0.00621168 -0.00391808 0.999973 -0.545941
225 228 436 0.999575 0.00937737 -0.0276038 0.985961 -0.00928178 0.99995 0.00358882 -0.0870095 0.0276361 -0.00333108 0.999613 0.142511
225 229 206 0.999833 0.0177994 0.00406349 -0.88086 -0.0178047 0.999841 0.00126428 0.0382648 -0.00404034 -0.00133642 0.999991 -0.471827
225 230 90 0.999783 0.020795 -0.00154951 0.998347 -0.0207833 0.999758 0.00721058 -0.032852 0.00169908 -0.00717681 0.999973 0.0471503
225 231 122 0.999943 0.010622 -0.000864734 0.269642 -0.0105876 0.999398 0.0330518 -0.125347 0.00121529 -0.0330407 0.999453 0.954767
225 232 98 0.999742 0.0149947 -0.0170553 -0.26148 -0.0142039 0.99886 0.0455762 0.204457 0.0177193 -0.0453222 0.998815 -0.943306
225 233 360 0.992641 0.0306362 -0.117151 0.990715 -0.0224214 0.997238 0.0708076 -0.0976864 0.118997 -0.0676598 0.990587 -0.0945546
225 234 279 0.997773 0.0290261 -0.060047 0.986443 -0.0249308 0.997383 0.0678613 0.05175 0.0618596 -0.0662132 0.995886 0.155732
225 235 459 0.990446 0.0478975 -0.129317 0.991419 -0.040554 0.997444 0.0588356 0.122408 0.131805 -0.0530292 0.989856 -0.0458776
225 236 390 0.99729 0.0386873 -0.0625744 0.992522 -0.0342276 0.996901 0.0708366 0.0388551 0.0651209 -0.0685029 0.995523 0.115713
225 237 525 0.993728 0.0466629 -0.101625 0.994809 -0.0399493 0.996944 0.0671259 0.0602583 0.104447 -0.062645 0.992556 0.0819967
225 238 235 0.999974 -0.00485966 0.00524378 0.285196 0.00444333 0.997046 0.0766796 -0.0494286 -0.00560092 -0.0766543 0.997042 0.957194
225 239 470 0.994425 0.0356534 -0.0992405 0.995323 -0.0308464 0.998295 0.0495584 0.0701372 0.100838 -0.0462209 0.993829 0.0664342
240 241 68 0.999997 0.00140668 0.00177359 -0.563048 -0.00140684 0.999999 8.53663e-05 -8.90156e-05 -0.00177347 -8.78612e-05 0.999998 0.826424
240 242 33 0.999997 0.00177771 -0.00159014 0.908184 -0.00177959 0.999998 -0.00118417 0.0863847 0.00158803 0.00118699 0.999998 -0.409561
240 243 98 0.999984 -0.00390969 0.00413172 -0.845075 0.00392992 0.99998 -0.00490159 0.0495106 -0.00411247 0.00491775 0.999979 0.532351
240 244 255 0.999927 -0.00747936 -0.00953951 0.9443 0.00741512 0.99995 -0.00675256 -0.27917 0.00958954 0.00668132 0.999932 -0.174248
240 245 942 0.998958 -0.00567448 -0.0452889 0.950708 0.00574444 0.999982 0.0014147 -0.309763 0.04528 -0.00167338 0.998973 0.014164
240 246 261 0.999969 -0.00483967 -0.00625168 0.857991 0.00473482 0.99985 -0.0166788 0.0874321 0.00633146 0.0166487 0.999841 -0.506169
240 247 336 0.999867 -0.00286085 -0.016065 0.735574 0.00267227 0.999927 -0.0117476 0.02237 0.0160974 0.0117031 0.999802 -0.677074
240 248 926 0.999274 0.00544545 -0.0377035 0.90124 -0.00567825 0.999965 -0.00607019 0.107942 0.0376692 0.00627987 0.999271 -0.419661
240 249 400 0.999625 0.00556909 -0.0268053 0.832223 -0.00560523 0.999983 -0.00127316 0.0344878 0.0267977 0.00142293 0.99964 -0.553367
240 250 721 0.998545 0.00669126 -0.0535162 0.926951 -0.0061735 0.999933 0.00983429 -0.0415522 0.0535784 -0.0094896 0.998519 -0.372874
240 251 845 0.997665 0.0061665 -0.0680125 0.9912 -0.00523299 0.99989 0.0138951 0.0138619 0.0680907 -0.0135068 0.997588 -0.131646
240 252 862 0.998575 0.0158801 -0.0509429 0.941831 -0.0149088 0.999701 0.0193898 0.0907464 0.0512356 -0.0186027 0.998513 -0.323605
240 253 781 0.997566 0.0293891 -0.0632249 0.975233 -0.0281736 0.999402 0.0200322 0.0861179 0.0637758 -0.0182022 0.997798 -0.203724
240 254 434 0.999252 0.0221008 -0.0317435 0.89395 -0.0214852 0.999577 0.0196051 0.0360507 0.0321634 -0.0189084 0.999304 -0.446714
255 256 167 0.999988 0.0025577 -0.00418205 0.271982 -0.00253785 0.999986 0.00474613 0.104548 0.00419413 -0.00473546 0.99998 -0.956606
255 257 122 0.999752 0.0222227 0.00131711 0.661935 -0.0222386 0.999659 0.0137126 -0.169464 -0.00101193 -0.0137385 0.999905 0.730153
255 258 176 0.999091 0.0426105 -0.00153029 0.163372 -0.0425766 0.998935 0.0177844 -0.669419 0.00228646 -0.017703 0.999841 -0.724699
255 259 207 0.998945 0.0459038 0.00117126 0.324744 -0.0459046 0.998946 0.000734628 -0.303078 -0.0011363 -0.000787619 0.999999 -0.895927
255 260 359 0.998283 0.0581842 0.00672788 0.2651 -0.0580837 0.99821 -0.0142752 0.17825 -0.00754642 0.0138599 0.999875 -0.947602
255 261 337 0.998279 0.0585907 0.00241698 0.619811 -0.0585438 0.998152 -0.0162735 0.0792882 -0.00336599 0.016104 0.999865 -0.780735
255 262 801 0.997535 0.0670241 -0.0207554 0.802672 -0.0671714 0.99772 -0.00648318 0.0126039 0.0202735 0.00786137 0.999764 -0.596288
255 263 322 0.997848 0.0638269 -0.0150316 0.706728 -0.0638254 0.997961 0.000576118 -0.138649 0.0150377 0.000384521 0.999887 -0.693767
255 264 397 0.997725 0.06221 -0.0259682 0.92801 -0.0622077 0.998063 0.000899622 0.00228312 0.0259738 0.000717844 0.999662 -0.372548
255 265 495 0.997378 0.0640328 -0.0337087 0.848688 -0.0639698 0.997947 0.00294486 0.00606013 0.0338281 -0.000780795 0.999427 -0.528858
255 266 919 0.995652 0.068992 -0.0625871 0.989278 -0.0687539 0.997616 0.00595368 -0.0652938 0.0628487 -0.00162469 0.998022 -0.130638
255 267 468 0.996621 0.0665485 -0.048154 0.992139 -0.0669581 0.997732 -0.00694154 -0.0131359 0.0475829 0.0101424 0.998816 -0.124451
255 268 482 0.997002 0.0627772 -0.0452413 0.974179 -0.0635432 0.997856 -0.0156961 0.0187612 0.044159 0.0185238 0.998853 -0.224995
255 269 248 0.99835 0.0508803 -0.026617 0.940789 -0.051549 0.998356 -0.0250701 0.0269576 0.0252977 0.0264008 0.999331 -0.33792
270 271 148 0.999992 0.00179158 -0.00344529 0.362153 -0.00179307 0.999998 -0.000427522 0.239683 0.00344452 0.000433696 0.999994 -0.900776
270 272 107 0.99998 0.00555758 0.00287493 -0.976808 -0.00555354 0.999984 -0.00141007 0.19733 -0.00288271 0.00139407 0.999995 -0.0831045
270 273 106 0.999794 0.00419909 -0.0198677 0.493194 -0.00419321 0.999991 0.000337398 0.0152414 0.019869 -0.000254019 0.999803 -0.869786
270 274 228 0.999605 0.00711487 -0.0271757 0.344666 -0.00714693 0.999974 -0.00108279 0.104728 0.0271673 0.00127658 0.99963 -0.932865
270 275 856 0.998587 0.0125506 -0.051633 0.923398 -0.0124238 0.999919 0.00277558 0.023698 0.0516636 -0.00213019 0.998662 -0.383111
270 276 122 0.999021 0.0117787 -0.0426442 0.990578 -0.011844 0.999929 -0.00127793 -0.000968616 0.0426261 0.00178175 0.99909 -0.136945
270 277 670 0.998282 0.0125291 -0.0572437 0.719739 -0.0127717 0.999911 -0.00387429 0.0667479 0.0571901 0.00459873 0.998353 -0.691029
270 278 705 0.996865 0.0243323 -0.0752861 0.856296 -0.0242157 0.999704 0.00246136 0.0831844 0.0753237 -0.000630539 0.997159 -0.509743
270 279 848 0.995301 0.0290261 -0.0923813 0.95314 -0.0286893 0.999576 0.00497146 0.173323 0.0924864 -0.00229774 0.995711 -0.247957
270 280 435 0.996544 0.0267119 -0.0786509 0.723697 -0.0263072 0.999635 0.00617821 0.138474 0.0787872 -0.00408778 0.996883 -0.676083
270 281 362 0.996381 0.0263259 -0.0808255 0.433894 -0.0258794 0.999644 0.00656719 0.209363 0.0809696 -0.00445171 0.996707 -0.876301
270 282 259 0.995203 0.0269595 -0.094047 0.889871 -0.0261862 0.999612 0.00944705 0.0607808 0.0942652 -0.006939 0.995523 -0.452146
270 283 837 0.992355 0.0337439 -0.118714 0.944266 -0.0337625 0.999428 0.00185459 0.116027 0.118709 0.00216768 0.992927 -0.308058
270 284 562 0.992631 0.0277838 -0.117946 0.81966 -0.0274841 0.999614 0.00416719 0.0914045 0.118016 -0.000894859 0.993011 -0.565512
285 286 125 0.999818 -0.00181779 -0.0190011 0.908965 0.00184869 0.999997 0.00160876 -0.182359 0.0189981 -0.0016436 0.999818 -0.374869
285 287 873 0.999221 0.00207219 -0.0394072 0.860884 -0.00217218 0.999995 -0.00249452 0.118539 0.0394018 0.00257817 0.99922 -0.4948
285 288 330 0.999875 0.00235439 -0.0156248 0.255687 -0.00223607 0.999969 0.00758553 0.208301 0.0156421 -0.00754965 0.999849 -0.944052
285 289 350 0.99963 0.00241988 -0.0270899 0.242216 -0.00189981 0.999814 0.0192074 0.151839 0.0271313 -0.0191488 0.999448 -0.958267
285 290 544 0.998621 0.00487998 -0.0522622 0.980556 -0.00365457 0.999717 0.0235171 0.196001 0.0523622 -0.0232937 0.998356 0.00971144
285 291 664 0.997123 0.014844 -0.0743363 0.805838 -0.0126145 0.999459 0.0303729 0.209676 0.074747 -0.0293478 0.996771 -0.55377
285 292 707 0.995789 0.0252741 -0.0881276 0.979939 -0.0217064 0.998915 0.0412093 0.112173 0.0890735 -0.0391228 0.995256 -0.164735
285 293 689 0.997163 0.0238146 -0.0714117 0.8649 -0.0205956 0.998753 0.0454785 0.196879 0.0724057 -0.0438787 0.99641 -0.461721
285 294 734 0.995568 0.0258683 -0.0904128 0.960325 -0.0216807 0.99866 0.0469965 0.130219 0.0915073 -0.044828 0.994795 -0.246616
285 295 474 0.994959 0.0311614 -0.095316 0.985263 -0.0268344 0.998565 0.0463464 0.123725 0.0966235 -0.0435551 0.994368 -0.118107
285 296 612 0.98739 0.0493175 -0.150429 0.953271 -0.0433633 0.99815 0.0426099 0.146486 0.152252 -0.0355495 0.987702 -0.26423
285 297 599 0.990407 0.0529477 -0.127633 0.934427 -0.046368 0.997465 0.0539851 0.0973907 0.130168 -0.0475491 0.990351 -0.342581
285 298 525 0.990624 0.0502844 -0.127026 0.985037 -0.042666 0.997164 0.0620016 -0.158097 0.129783 -0.0560006 0.98996 -0.0686099
285 299 516 0.988868 0.0670981 -0.13281 0.978257 -0.0611155 0.996946 0.0486265 0.16673 0.135667 -0.0399684 0.989948 -0.123343
300 301 43 0.999965 -0.00271899 -0.00788643 0.820626 0.00276888 0.999976 0.00632206 -0.0919586 0.00786905 -0.00634368 0.999949 -0.564018
300 302 189 0.99992 -0.00262007 -0.0123365 0.465907 0.00274098 0.999948 0.00979413 -0.1917 0.0123102 -0.00982717 0.999876 0.863818
300 303 222 0.999922 0.00146456 -0.0124367 0.60078 -0.00132648 0.999937 0.0111038 -0.126854 0.0124522 -0.0110864 0.999861 0.789285
300 304 1165 0.999171 0.0137327 -0.0383322 0.919576 -0.0128491 0.999648 0.0232034 -0.375222 0.0386373 -0.0226916 0.998996 -0.116572
300 305 255 0.999606 0.0236812 -0.0150369 0.667058 -0.0235288 0.999671 0.0102367 -0.0337297 0.0152744 -0.00987883 0.999835 0.744242
300 306 169 0.999493 0.0301605 -0.0102371 0.507564 -0.0300813 0.999517 0.0078057 0.251169 0.0104676 -0.0074938 0.999917 0.824192
300 307 402 0.999462 0.0316213 -0.0086609 -0.44082 -0.031636 0.999498 -0.00156546 -0.151473 0.00860705 0.00183861 0.999961 -0.884722
300 308 252 0.999502 0.0311443 -0.00512215 -0.924692 -0.031205 0.999438 -0.0122268 -0.0153104 0.00473848 0.0123805 0.999912 0.380409
300 309 1030 0.997949 0.0364757 -0.0525967 0.984785 -0.0373182 0.999189 -0.0151266 -0.0703105 0.0520023 0.0170584 0.998501 0.158917
300 310 245 0.999699 0.020765 -0.0130986 0.813996 -0.0211504 0.999326 -0.0300075 -0.149439 0.0124666 0.0302755 0.999464 0.561319
300 311 182 0.999896 0.0112194 -0.00910603 0.784872 -0.0115637 0.999185 -0.0386851 -0.146122 0.00866458 0.0387864 0.99921 0.602183
300 312 520 0.999663 0.00974266 -0.0240769 0.949763 -0.0107587 0.999041 -0.0424355 0.0414536 0.0236404 0.0426802 0.998809 -0.310214
300 313 272 0.999955 -0.00863419 -0.00382965 -0.953712 0.00842691 0.998654 -0.0511862 0.296804 0.00426645 0.0511517 0.998682 0.0483714
300 314 178 0.999901 -0.00778859 -0.0116976 0.975771 0.00715246 0.998544 -0.0534727 -0.0511589 0.012097 0.0533837 0.998501 0.21273
315 316 150 0.999993 -0.0032646 0.00159139 0.270199 0.00326501 0.999995 -0.000253122 0.172085 -0.00159056 0.000258316 0.999999 -0.947301
315 317 234 0.999964 -0.00724277 0.00434331 0.353373 0.00723686 0.999973 0.00137406 0.173923 -0.00435314 -0.00134257 0.99999 -0.919173
315 318 236 0.999951 -0.00484894 0.00862552 0.316618 0.00479367 0.999968 0.00641643 0.217909 -0.00865636 -0.00637477 0.999942 -0.923184
315 319 1293 0.99998 -0.000861799 -0.00624788 0.90552 0.000911947 0.999967 0.00802809 0.208467 0.00624076 -0.00803363 0.999948 -0.36956
315 320 1263 0.999408 0.00762741 -0.0335583 0.974163 -0.00702944 0.999815 0.017901 -0.0115728 0.0336886 -0.0176545 0.999276 -0.225551
315 321 195 0.999766 0.00421207 0.0212171 0.939779 -0.00448684 0.999906 0.0129194 0.0109254 -0.0211607 -0.0130116 0.999691 0.341609
315 322 71 0.999279 0.00576126 0.0375373 0.953105 -0.00620979 0.999911 0.0118434 -0.0127159 -0.0374657 -0.0120679 0.999225 0.302373
315 323 303 0.99954 0.00936236 0.0288631 0.222307 -0.00966851 0.999898 0.0104857 0.276515 -0.0287619 -0.01076 0.999528 -0.934943
315 324 249 0.999761 0.0101259 0.0194001 0.942928 -0.0103893 0.999855 0.0135239 0.0990603 -0.0192603 -0.0137223 0.99972 -0.317922
315 325 273 0.999779 0.0117364 0.0174333 0.865283 -0.012003 0.999811 0.0152659 0.191511 -0.0172509 -0.0154717 0.999731 -0.463259
