0 1 74 0.999987 0.00116906 -0.00488287 -0.936064 -0.00115391 0.999995 0.00310451 0.0309439 0.00488648 -0.00309884 0.999983 0.350466
0 2 122 0.999962 0.00445344 -0.00754174 0.594506 -0.0044066 0.999971 0.00621597 -0.035321 0.00756921 -0.0061825 0.999952 0.803315
0 3 2131 0.999516 0.0150431 -0.0272268 0.992556 -0.0148342 0.999859 0.00785948 0.010171 0.0273412 -0.00745179 0.999598 0.121367
0 4 530 0.999871 0.0145817 -0.00666107 0.694313 -0.0145388 0.999874 0.00644478 0.0548118 0.00675421 -0.00634711 0.999957 0.717583
0 5 721 0.999904 0.00829646 0.011056 -0.948683 -0.00834881 0.999954 0.00469712 -0.0942472 -0.0110165 -0.00478897 0.999928 0.301856
0 6 656 0.999837 0.0129856 -0.0125394 0.296922 -0.0130271 0.99991 -0.0032327 -0.103431 0.0124963 0.00339552 0.999916 0.949284
0 7 717 0.999792 0.0124671 -0.0161213 0.959574 -0.0126111 0.999881 -0.00886503 -0.0313294 0.0160088 0.00906649 0.999831 0.279708
0 8 1734 0.999656 0.0030667 0.026055 -0.957852 -0.00265537 0.999872 -0.0158069 0.149765 -0.0261001 0.0157323 0.999536 -0.245131
0 9 146 0.999998 0.000130196 -0.00187666 -0.989996 -0.000161107 0.999864 -0.0164803 0.139364 0.00187426 0.0164805 0.999862 -0.0220336
0 10 278 0.99989 -0.0034426 -0.0144495 0.886677 0.00319639 0.99985 -0.0170278 0.0307148 0.0145059 0.0169797 0.999751 -0.461368
0 11 544 0.99982 0.00358543 -0.0186208 0.995636 -0.00391857 0.999832 -0.0178855 0.0833528 0.0185536 0.0179553 0.999667 -0.0419696
0 12 651 0.999792 0.00456459 -0.0198884 0.996287 -0.00487578 0.999866 -0.0156264 -0.0827742 0.0198144 0.0157201 0.99968 -0.0236591
0 13 1193 0.99996 0.00410589 0.00792036 -0.921878 -0.00395855 0.99982 -0.018529 0.0739961 -0.00799502 0.0184969 0.999797 -0.380349
0 14 621 0.999797 0.001234 -0.0201045 0.919861 -0.00158003 0.999851 -0.0172048 0.0439045 0.0200803 0.0172331 0.99965 -0.389779
15 16 429 0.999987 -0.00511622 0.000153244 0.343727 0.0051164 0.999986 -0.0012314 0.159653 -0.000146941 0.00123217 0.999999 -0.925399
15 17 170 0.999947 -0.0101611 -0.00185191 -0.673973 0.0101555 0.999944 -0.0030281 -0.252701 0.00188258 0.00300913 0.999994 0.694192
15 18 381 0.999816 -0.016721 -0.00936492 0.67222 0.0166951 0.999857 -0.0028273 0.249942 0.00941085 0.00267043 0.999952 -0.696886
15 19 884 0.999821 -0.00834442 -0.016963 0.932068 0.00835597 0.999965 0.000610007 0.154164 0.0169573 -0.00075164 0.999856 -0.327845
15 20 374 0.999916 -0.0126788 -0.00251009 0.735363 0.0126847 0.999917 0.00235289 0.121991 0.00248005 -0.00238454 0.999994 -0.666603
15 21 749 0.999766 -0.0153117 -0.01531 0.925193 0.015147 0.999827 -0.0108155 0.166287 0.0154729 0.010581 0.999824 -0.341125
15 22 1367 0.999643 -0.00574934 -0.0260942 0.962985 0.00543907 0.999914 -0.0119459 0.171961 0.0261606 0.0117997 0.999588 0.207582
15 23 924 0.999758 0.00653071 -0.0210175 0.903325 -0.00702205 0.999702 -0.0233894 0.359713 0.0208585 0.0235313 0.999505 0.233689
15 24 463 0.999866 0.00777941 -0.014423 0.929532 -0.00818331 0.99957 -0.0281592 0.209047 0.0141977 0.0282735 0.999499 -0.303759
15 25 944 0.999442 0.00485162 -0.0330372 0.893253 -0.00607803 0.999292 -0.0371235 0.212628 0.0328337 0.0373035 0.998764 -0.396093
15 26 1126 0.999202 0.00544556 -0.0395662 0.834339 -0.00681529 0.999379 -0.0345667 0.131861 0.0393534 0.0348087 0.998619 -0.535249
15 27 2341 0.998296 0.0114344 -0.0572275 0.951675 -0.0130176 0.999541 -0.0273688 0.0246698 0.0568883 0.0280671 0.997986 -0.306113
15 28 1930 0.998504 0.0167084 -0.0520577 0.89788 -0.0180784 0.9995 -0.025959 0.0303245 0.0515979 0.0268613 0.998307 -0.439196
15 29 1834 0.997735 0.0232199 -0.063134 0.868568 -0.0249414 0.999334 -0.026618 0.0999211 0.0624739 0.0281323 0.99765 -0.485392
30 31 220 0.999656 0.0236086 0.0114216 -0.0698671 -0.0237605 0.999629 0.0133524 -0.857201 -0.0111021 -0.0136192 0.999846 -0.51022
30 32 1651 0.999318 0.0120317 0.0349186 -0.954133 -0.0122751 0.999902 0.00676319 -0.122803 -0.0348338 -0.0071872 0.999367 0.273036
30 33 46 0.999949 0.00994693 -0.00170664 -0.928861 -0.00994421 0.999949 0.00159557 -0.204809 0.00172243 -0.00157852 0.999997 0.308659
30 34 396 0.999908 0.00645418 -0.0119142 0.347533 -0.00644437 0.999979 0.000861402 -0.0104793 0.0119195 -0.000784543 0.999929 -0.937609
30 35 1202 0.999921 -0.000914196 0.0125519 -0.996913 0.000879164 0.999996 0.0027962 0.0549541 -0.0125544 -0.00278495 0.999917 -0.0560846
30 36 162 0.999963 0.00356821 -0.00779991 -0.880547 -0.0035527 0.999992 0.00200116 -0.145208 0.00780698 -0.00197337 0.999968 0.451167
30 37 315 0.999758 0.00761516 -0.0206478 0.823469 -0.00756179 0.999968 0.00266169 0.127887 0.0206674 -0.00250491 0.999783 -0.552759
30 38 355 0.999707 0.012838 -0.0205101 0.972009 -0.012676 0.999888 0.0080115 0.230305 0.0206106 -0.00774917 0.999758 0.0464611
30 39 377 0.999741 0.0184005 -0.0133761 0.856825 -0.0182621 0.999779 0.0103984 0.136874 0.0135645 -0.0101515 0.999856 -0.497108
30 40 328 0.999779 0.014472 -0.015273 0.826204 -0.0142454 0.999788 0.0148372 0.128063 0.0154845 -0.0146163 0.999773 -0.548622
30 41 647 0.999064 0.0101151 -0.0420482 0.94217 -0.00933827 0.999783 0.0186301 0.157291 0.0422275 -0.01822 0.998942 -0.295929
30 42 520 0.99957 0.00191632 -0.0292433 0.968948 -0.00134349 0.999807 0.0195955 0.0598941 0.0292752 -0.0195478 0.99938 -0.2399
30 43 557 0.999152 0.00458042 -0.0409151 0.939054 -0.00398682 0.999886 0.0145779 0.143717 0.0409772 -0.0144025 0.999056 -0.312288
30 44 1033 0.996279 0.0105246 -0.0855468 0.945731 -0.00842267 0.999655 0.0248943 0.103106 0.0857793 -0.0240811 0.996023 -0.30816
45 46 50 0.999744 0.022327 0.00360764 0.0155862 -0.0223389 0.999745 0.00329476 -0.996129 -0.00353316 -0.00337451 0.999988 -0.0865066
45 47 1367 0.999918 0.00508889 -0.0117611 0.819174 -0.00496597 0.999933 0.0104572 -0.469844 0.0118136 -0.010398 0.999876 0.328937
45 48 353 0.999965 0.00535499 0.00638239 -0.846014 -0.00532871 0.999977 -0.00412695 -0.169894 -0.00640435 0.0040928 0.999971 0.505367
45 49 763 0.999583 0.00653072 -0.0281178 0.902614 -0.00647398 0.999977 0.0021083 0.104825 0.0281309 -0.00192539 0.999602 -0.417493
45 50 227 0.999885 0.0123426 -0.00884685 0.879914 -0.0122275 0.999841 0.012947 0.0598527 0.00900525 -0.0128373 0.999877 -0.471348
45 51 586 0.999238 0.0357652 -0.0156451 0.140248 -0.036111 0.999096 -0.0224101 0.942971 0.0148294 0.022958 0.999626 0.301889
45 52 1211 0.997931 0.0237812 -0.0597281 0.977133 -0.0250137 0.999488 -0.019973 0.0321522 0.0592225 0.0214257 0.998015 0.210186
45 53 578 0.998086 0.0366047 -0.0498462 0.991825 -0.0374701 0.999161 -0.0165385 0.0403295 0.049199 0.0183745 0.99862 -0.121065
45 54 491 0.998094 0.0541847 -0.0295418 0.970961 -0.0542942 0.998521 -0.00291654 0.0946002 0.0293401 0.00451493 0.999559 -0.219741
45 55 802 0.997299 0.0616146 -0.0399702 0.998134 -0.0615043 0.998099 0.0039848 0.0600513 0.0401398 -0.0015157 0.999193 0.0110986
45 56 548 0.997477 0.0536092 -0.0465324 0.995158 -0.0531069 0.998517 0.0119658 0.0782315 0.0471049 -0.00946444 0.998845 0.0594964
45 57 802 0.996584 0.0544456 -0.0621038 0.989182 -0.0537547 0.998473 0.0127435 0.0231185 0.0627028 -0.0093616 0.997988 0.144863
45 58 1169 0.995066 0.0582167 -0.0803336 0.962687 -0.0582315 0.998301 0.00216 0.0823883 0.0803229 0.00252861 0.996766 0.25777
45 59 957 0.996578 0.0505522 -0.0654005 0.999723 -0.0502843 0.998718 0.0057374 0.0187116 0.0656067 -0.00242915 0.997843 0.0142975
60 61 182 0.999949 0.00886283 0.00486318 0.240441 -0.00887506 0.999957 0.00250074 0.364714 -0.00484081 -0.00254377 0.999985 0.89954
60 62 110 0.999894 0.0125532 0.00736155 0.23272 -0.0125361 0.999919 -0.00236894 0.721551 -0.00739069 0.0022764 0.99997 0.652079
60 63 307 0.999999 0.000671528 0.00151748 0.438445 -0.00066716 0.999996 -0.0028772 0.179911 -0.00151941 0.00287618 0.999995 0.880567
60 64 497 0.999899 -0.00987312 0.0102706 -0.976739 0.00987817 0.999951 -0.000440444 -0.133165 -0.0102657 0.000541853 0.999947 0.16807
60 65 215 0.999935 -0.0107143 0.00385133 -0.805884 0.0107306 0.999933 -0.00423643 -0.224256 -0.00380568 0.00427749 0.999984 0.54796
60 66 377 0.999904 -0.0138459 0.000715974 0.865616 0.0138524 0.999854 -0.0100348 0.12948 -0.000576928 0.0100437 0.999949 -0.483678
60 67 1723 0.999197 -0.00902815 -0.0390257 0.997017 0.00869995 0.999925 -0.00857158 -0.0720403 0.0391002 0.00822518 0.999201 0.0276975
60 68 603 0.9998 -0.0074611 -0.0185558 0.996964 0.00721286 0.999884 -0.0134086 0.0776724 0.0186537 0.0132721 0.999738 -0.00548609
60 69 626 0.999825 -0.00935812 -0.0161834 0.89467 0.00908173 0.999813 -0.0170686 0.131377 0.0163401 0.0169187 0.999723 -0.426973
60 70 550 0.999742 -0.0116484 -0.0194911 0.875607 0.0114125 0.999861 -0.0121739 0.0959137 0.0196302 0.0119483 0.999736 -0.473405
60 71 1637 0.99881 -0.00908151 -0.0479245 0.982412 0.00862672 0.999916 -0.00968813 0.0698278 0.0480085 0.00926316 0.998804 -0.17318
60 72 1363 0.999158 -0.00577524 -0.0406081 0.981561 0.0054489 0.999952 -0.00814251 0.0145863 0.0406532 0.00791439 0.999142 -0.19059
60 73 1140 0.99924 -0.00319891 -0.0388467 0.890132 0.00281857 0.999948 -0.00984151 0.0520696 0.0388761 0.00972454 0.999197 -0.452719
60 74 1262 0.99857 0.00221704 -0.0534069 0.975192 -0.00272166 0.999952 -0.00937783 0.0344256 0.0533836 0.00950978 0.998529 -0.218668
75 76 210 0.999941 0.00922846 0.0056955 -0.124274 -0.00923747 0.999956 0.00155718 0.312934 -0.00568088 -0.0016097 0.999983 0.94161
75 77 353 0.999996 0.00275958 0.000619127 0.354607 -0.00276033 0.999995 0.00122263 -0.00579521 -0.00061575 -0.00122434 0.999999 -0.934998
75 78 234 0.999936 0.00514308 -0.0101261 0.85797 -0.00516178 0.999985 -0.00182084 -0.0109116 0.0101166 0.00187299 0.999947 -0.513585
75 79 561 0.999871 0.00826203 -0.0137819 0.859188 -0.00831014 0.99996 -0.00343696 -0.00452518 0.013753 0.00355105 0.999899 -0.511639
75 80 379 0.999749 0.0188241 -0.0121327 0.925022 -0.0189432 0.999773 -0.0097761 0.00346717 0.0119459 0.0100035 0.999879 -0.379898
75 81 765 0.999603 0.0179547 -0.0217014 0.686076 -0.0182673 0.999731 -0.0142915 0.0643362 0.021439 0.0146822 0.999662 -0.724679
75 82 1559 0.998337 0.0197496 -0.0541532 0.895957 -0.0206147 0.999668 -0.0154648 0.11517 0.0538298 0.0165554 0.998413 -0.428948
75 83 679 0.999417 0.0210254 -0.0268825 0.788735 -0.0213284 0.999712 -0.0110366 0.132118 0.0266427 0.0116036 0.999578 -0.600368
75 84 1138 0.998792 0.0285407 -0.0399907 0.853475 -0.029082 0.999492 -0.0130199 0.189154 0.0395988 0.0141672 0.999115 -0.485593
75 85 293 0.999168 0.0339964 -0.0225137 -0.252601 -0.0337471 0.999366 0.0113598 -0.273068 0.0228856 -0.0105906 0.999682 -0.928238
75 86 303 0.998605 0.0494883 -0.0183889 -0.16337 -0.0487997 0.998153 0.036177 -0.695557 0.0201452 -0.0352291 0.999176 -0.699651
75 87 1371 0.998198 0.0471652 -0.0370877 0.912057 -0.0460806 0.9985 0.0295751 0.194885 0.038427 -0.0278128 0.998874 -0.360793
75 88 1306 0.998275 0.0473847 -0.0346768 0.879984 -0.0462819 0.998418 0.0319444 0.124215 0.0361356 -0.0302844 0.998888 -0.458475
75 89 1375 0.997684 0.047314 -0.0488609 0.952449 -0.0462986 0.998692 0.021709 0.289435 0.0498242 -0.0193965 0.99857 -0.0952245
90 91 117 0.999999 0.000271973 -0.00127925 -0.147001 -0.000279532 0.999982 -0.00591208 0.54221 0.00127762 0.00591243 0.999982 0.827284
90 92 1108 0.999907 -0.00269782 -0.0133774 0.155842 0.00315687 0.999403 0.0344144 -0.966676 0.0132765 -0.0344534 0.999318 -0.203101
90 93 339 0.999946 0.00417402 -0.00955605 0.141568 -0.00409323 0.999956 0.00845791 -0.0405281 0.00959093 -0.00841833 0.999919 -0.989099
90 94 471 0.999896 0.00257705 -0.014178 0.287407 -0.00240734 0.999925 0.0119737 -0.149571 0.0142078 -0.0119383 0.999828 -0.946058
90 95 417 0.999668 -0.00979546 -0.0238486 0.321143 0.00988743 0.999944 0.00374189 -0.0806605 0.0238106 -0.00397645 0.999709 -0.943589
90 96 468 0.999408 -0.0103743 -0.0328057 0.403455 0.0104092 0.999945 0.000892939 -0.126113 0.0327946 -0.00123389 0.999461 -0.906267
90 97 252 0.999274 -0.0186797 -0.0331978 0.193356 0.0185432 0.999818 -0.00441539 0.163929 0.0332742 0.00379659 0.999439 0.967337
90 98 449 0.999178 -0.0177321 -0.0364649 0.319231 0.0174262 0.99981 -0.00868757 -0.0873189 0.036612 0.00804498 0.999297 -0.943646
90 99 420 0.998808 -0.0216749 -0.0437428 0.347474 0.0211675 0.999704 -0.0120281 -0.0447934 0.0439905 0.0110878 0.99897 -0.936619
90 100 431 0.998639 -0.0143734 -0.0501302 0.445641 0.0142583 0.999895 -0.00265275 -0.212334 0.0501631 0.00193436 0.998739 -0.869666
90 101 473 0.998994 0.00127152 -0.0448278 0.316272 -0.00112232 0.999994 0.00335331 -0.127557 0.0448318 -0.00329962 0.998989 -0.940054
90 102 842 0.997461 -0.0066871 -0.0709003 0.880419 0.00618092 0.999954 -0.0073563 0.0670545 0.0709462 0.00689939 0.997456 -0.469432
90 103 756 0.997247 0.0024166 -0.0741186 0.969158 -0.00317569 0.999944 -0.0101254 0.0917715 0.0740899 0.0103329 0.997198 -0.228714
90 104 761 0.995116 0.00680033 -0.098481 0.976618 -0.00839284 0.99984 -0.0157655 0.0956944 0.0983581 0.016515 0.995014 -0.192511
105 106 278 0.999972 0.00737332 0.00147589 0.159742 -0.0073696 0.99997 -0.00251154 0.194627 -0.00149437 0.00250059 0.999996 -0.967782
105 107 401 0.999761 0.0213228 0.00479144 0.261498 -0.0213002 0.999762 -0.00472917 -0.215267 -0.00489114 0.00462598 0.999977 0.940893
105 108 953 0.999235 0.0290117 -0.0262318 0.990214 -0.0291829 0.999555 -0.00616988 -0.0787925 0.0260412 0.00693069 0.999637 0.115184
105 109 703 0.998756 0.0444206 -0.0226448 0.996658 -0.0447342 0.998907 -0.0135347 -0.0805111 0.0220188 0.0145309 0.999652 0.0138133
105 110 543 0.998431 0.0525994 -0.01918 0.944187 -0.0529149 0.998465 -0.0163311 -0.0578691 0.0182916 0.0173204 0.999683 -0.324286
105 111 559 0.998031 0.0558783 -0.0284942 0.903857 -0.0563637 0.998274 -0.0165244 0.0386184 0.0275216 0.0180979 0.999457 -0.426088
105 112 502 0.997834 0.0610124 -0.0245971 0.91611 -0.0612537 0.99808 -0.00917688 -0.000626894 0.02399 0.0106637 0.999655 -0.400927
105 113 542 0.997963 0.0575316 -0.0275696 0.864446 -0.0577785 0.998295 -0.00824427 -0.00618068 0.0270483 0.0098204 0.999586 -0.502687
105 114 510 0.998246 0.0558056 -0.0197492 0.949912 -0.0558855 0.998431 -0.00351644 -0.0374646 0.019522 0.00461397 0.999799 -0.310262
105 115 410 0.998091 0.0548264 -0.0284302 0.911625 -0.0550206 0.998467 -0.00609477 -0.0500378 0.0280524 0.00764738 0.999577 0.407966
105 116 67 0.999232 0.0315549 0.0232192 0.0804606 -0.0306526 0.998798 -0.0382401 0.915103 -0.024398 0.0374991 0.998999 0.395111
105 117 229 0.999172 0.0350525 0.0206489 -0.142373 -0.033687 0.997437 -0.0631285 -0.252228 -0.0228087 0.0623806 0.997792 0.957137
105 118 629 0.992406 0.0714977 -0.100087 0.970167 -0.0783931 0.994686 -0.0667425 -0.0821232 0.0947834 0.0740819 0.992738 0.228105
105 119 463 0.994561 0.0804371 -0.0661637 0.969906 -0.085019 0.993944 -0.0696259 -0.0918772 0.0601625 0.0748724 0.995377 -0.225479
120 121 130 0.999889 0.00848353 0.0122469 -0.140711 -0.00853805 0.999954 0.00440587 -0.424524 -0.012209 -0.00450995 0.999915 0.894416
120 122 382 0.999328 0.0175086 0.032215 -0.998337 -0.0179177 0.999762 0.0124543 0.0569321 -0.0319893 -0.0130232 0.999403 -0.00902697
120 123 1032 0.998161 0.00809378 0.060075 -0.881187 -0.00902775 0.999842 0.0152916 -0.0135835 -0.0599417 -0.0158058 0.998077 0.472572
120 124 598 0.999209 -0.00856329 0.0388369 -0.256279 0.00697714 0.999143 0.0407945 -0.686713 -0.039153 -0.0404913 0.998412 0.680255
120 125 122 0.999764 0.00519187 0.0210925 0.79846 -0.00603474 0.999178 0.0400954 -0.1407 -0.020867 -0.0402132 0.998973 0.585376
120 126 1062 0.996405 -0.0319176 0.0784787 -0.899647 0.0282781 0.998492 0.0470583 -0.0663449 -0.0798623 -0.0446698 0.995805 0.431547
120 127 845 0.998584 -0.0453845 0.0277524 -0.712967 0.044301 0.998277 0.0384835 -0.0535541 -0.0294512 -0.0371996 0.998874 0.699149
120 128 644 0.999133 -0.0410872 -0.00672278 0.546615 0.0413309 0.998288 0.0413867 -0.17504 0.0050108 -0.0416287 0.999121 0.818885
120 129 794 0.998461 -0.0472121 0.0290871 -0.0734216 0.0460249 0.998131 0.0402138 -0.139647 -0.0309313 -0.0388132 0.998768 0.987476
120 130 538 0.998939 -0.0459487 0.00322003 0.57377 0.0457855 0.998166 0.0395971 -0.195186 -0.00503357 -0.0394077 0.999211 0.795419
120 131 702 0.998547 -0.0538911 0.000574851 0.380264 0.0537996 0.997369 0.0485914 -0.115915 -0.00319198 -0.0484898 0.998819 0.917585
120 132 895 0.991498 -0.0813049 0.101596 -0.823022 0.0761721 0.995662 0.0534246 -0.0773661 -0.105499 -0.0452316 0.99339 0.562716
120 133 704 0.997026 -0.0595808 -0.0488834 0.761662 0.0623131 0.996461 0.0564167 -0.0815089 0.045349 -0.059295 0.99721 0.642827
120 134 633 0.997162 -0.0580142 -0.0479761 0.433846 0.0610811 0.996005 0.0651453 -0.102554 0.044005 -0.0678909 0.996722 0.895132
135 136 95 0.999979 0.00261404 -0.00597045 -0.113257 -0.00269622 0.999901 -0.013798 0.716935 0.0059338 0.0138138 0.999887 0.687879
135 137 128 0.999917 -0.00208526 -0.0127347 0.155737 0.00188596 0.999876 -0.0156422 0.222798 0.0127658 0.0156169 0.999797 -0.962345
135 138 319 0.999813 7.78802e-05 -0.0193151 -0.709109 -0.000503167 0.999758 -0.0220145 0.124297 0.0193087 0.0220201 0.999571 -0.694057
135 139 346 0.999648 -0.00360515 -0.026282 -0.146723 0.00293029 0.999666 -0.0256713 -0.32776 0.0263658 0.0255853 0.999325 0.933298
135 140 799 0.998066 0.00389353 -0.0620483 0.982255 -0.00596869 0.999428 -0.0332941 0.0426322 0.0618832 0.0336001 0.997518 0.182639
135 141 834 0.997223 0.00801822 -0.0740463 0.940559 -0.0105478 0.999372 -0.0338346 -0.024318 0.0737285 0.0345216 0.996681 -0.338757
135 142 434 0.999077 -0.000222365 -0.04295 -0.177261 -0.00125554 0.999408 -0.0343798 -0.282982 0.0429322 0.034402 0.998486 0.942603
135 143 836 0.999606 0.0190608 -0.0206015 -0.994729 -0.0196029 0.999458 -0.0264408 0.0499711 0.0200863 0.0268342 0.999438 0.0895412
135 144 682 0.999136 0.0178763 -0.0375095 -0.993654 -0.0186208 0.999635 -0.019593 -0.0935189 0.0371455 0.0202745 0.999104 0.0624982
135 145 754 0.993772 0.0341366 -0.10608 0.968736 -0.0360124 0.999226 -0.0158175 -0.0590017 0.105458 0.0195391 0.994232 -0.240977
135 146 422 0.996043 0.0418259 -0.0784174 0.985932 -0.0429165 0.999003 -0.0122739 -0.0127073 0.0778259 0.0155907 0.996845 0.16666
135 147 775 0.993318 0.0392093 -0.108542 0.99389 -0.041447 0.998971 -0.0184362 0.110248 0.107708 0.0228117 0.993921 -0.00521642
135 148 513 0.994186 0.0464575 -0.0971363 0.990739 -0.0476578 0.998813 -0.0100719 -0.0792102 0.0965531 0.0146427 0.99522 -0.110281
135 149 636 0.998702 0.0322742 -0.0394143 -0.963093 -0.0328869 0.999347 -0.0149979 -0.047703 0.0389045 0.0162746 0.99911 0.264909
150 151 130 0.999955 0.00923077 0.00223185 0.0170987 -0.00922228 0.99995 -0.00378709 0.721378 -0.0022667 0.00376633 0.99999 0.692331
150 152 203 0.99997 0.00594706 0.00495007 -0.182441 -0.00594648 0.999982 -0.000131961 -0.149618 -0.00495077 0.000102521 0.999988 0.971766
150 153 209 0.999955 0.00884308 0.00336078 0.200702 -0.00882984 0.999953 -0.00393445 0.052656 -0.00339542 0.0039046 0.999987 -0.978236
150 154 1424 0.999328 0.0108662 -0.0350066 0.98841 -0.0111441 0.999908 -0.00775406 0.150181 0.0349191 0.00813896 0.999357 -0.0221681
150 155 442 0.99995 0.00996987 -0.000845525 -0.198592 -0.00997486 0.999931 -0.00612699 -0.0413726 0.000784382 0.00613512 0.999981 0.979209
150 156 162 0.999824 0.00193929 -0.0186369 0.97234 -0.00214006 0.99994 -0.0107588 0.014816 0.0186149 0.0107968 0.999768 -0.2331
150 157 1266 0.998311 0.00322566 -0.0580121 0.994116 -0.00411094 0.999877 -0.0151474 0.0649059 0.0579561 0.0153603 0.998201 -0.0867159
150 158 938 0.998881 0.00673215 -0.0468211 0.994108 -0.00731121 0.999899 -0.0122073 -0.104401 0.0467342 0.0125359 0.998829 -0.0291379
150 159 1262 0.997354 0.0124651 -0.0716189 0.994393 -0.0134915 0.999813 -0.0138654 -0.0313749 0.0714327 0.0147949 0.997336 -0.100984
150 160 1222 0.99765 0.0195951 -0.0656541 0.987064 -0.0204037 0.999724 -0.0116694 -0.103692 0.0654073 0.0129816 0.997774 -0.122279
150 161 1068 0.997965 0.00855941 -0.0631935 0.997353 -0.00993236 0.999721 -0.021444 0.0343173 0.0629923 0.022028 0.997771 -0.0641104
150 162 1138 0.995426 0.0195624 -0.0935098 0.988358 -0.0209707 0.999681 -0.0141018 -0.0513508 0.0932041 0.0159982 0.995518 -0.143221
150 163 455 0.998981 0.0117191 -0.0435744 0.915908 -0.0125529 0.999742 -0.0189118 0.0385701 0.0433416 0.0194395 0.998871 -0.399531
150 164 1149 0.993603 0.0252213 -0.11008 0.988364 -0.02723 0.999488 -0.0167823 -0.0499944 0.109601 0.0196724 0.993781 -0.143656
165 166 1413 0.999597 0.00110663 -0.0283576 0.994658 -0.00106389 0.999998 0.00152201 -0.102899 0.0283592 -0.00149123 0.999597 -0.00819071
165 167 208 0.999901 0.00447969 -0.0133211 0.811823 -0.00442605 0.999982 0.00405386 -0.161082 0.013339 -0.0039945 0.999903 -0.561245
165 168 446 0.999773 0.0116662 -0.0178289 0.971034 -0.0115491 0.999911 0.00666014 -0.0880828 0.017905 -0.00645272 0.999819 0.222115
165 169 1208 0.998975 0.0228052 -0.0390927 0.995117 -0.0226455 0.999733 0.00452243 -0.0985175 0.0391854 -0.00363252 0.999225 0.00605217
165 170 253 0.999857 0.016775 0.00217286 0.939162 -0.0167648 0.999849 -0.00458948 0.00946161 -0.00224952 0.0045524 0.999987 -0.343345
165 171 1035 0.997761 0.0302581 -0.059637 0.99953 -0.0309115 0.999471 -0.0100633 0.0128374 0.059301 0.0118843 0.998169 0.0278521
165 172 991 0.99894 0.0313966 -0.0336557 0.974371 -0.0317932 0.99943 -0.0113136 0.0494541 0.0332813 0.0123716 0.999369 -0.219442
165 173 387 0.999436 0.032032 -0.0101126 0.378753 -0.0319966 0.999481 0.00364345 0.0351755 0.0102241 -0.00331783 0.999942 0.924829
165 174 477 0.999092 0.0369539 -0.0212215 0.983452 -0.0368736 0.999311 0.00416608 0.0688606 0.0213609 -0.00337979 0.999766 -0.167572
165 175 466 0.998924 0.0442953 0.01375 -0.819972 -0.0444407 0.998957 0.0104575 0.0383561 -0.0132725 -0.0110573 0.999851 0.571118
165 176 452 0.999476 0.0299904 -0.012194 0.987061 -0.0298675 0.999502 0.0101381 0.00060292 0.012492 -0.00976854 0.999874 -0.160345
165 177 820 0.998658 0.0296821 -0.0424382 0.998393 -0.0294897 0.999552 0.00515277 0.00283644 0.0425722 -0.00389436 0.999086 -0.0566001
165 178 893 0.997617 0.0303265 -0.0619653 0.989609 -0.030396 0.999538 -0.000178802 -0.00477273 0.0619313 0.00206187 0.998078 -0.143702
165 179 420 0.999644 0.022727 -0.0139513 0.941687 -0.0227713 0.999736 -0.00302574 0.0486465 0.0138789 0.00334236 0.999898 -0.332955
180 181 537 0.999923 -0.00351069 0.0118775 -0.924992 0.00350304 0.999994 0.00066434 0.0589798 -0.0118797 -0.000622682 0.999929 -0.375382
180 182 1101 0.999543 0.0105266 -0.0283297 0.923705 -0.0102125 0.999885 0.0112081 -0.242907 0.0284445 -0.0109137 0.999536 -0.296252
180 183 66 0.999888 0.0121248 -0.00872894 0.926529 -0.012058 0.999898 0.00766487 -0.0444786 0.00882099 -0.00755876 0.999933 0.373585
180 184 620 0.999672 0.00628964 -0.024837 0.980936 -0.00622438 0.999977 0.00270391 0.0475694 0.0248535 -0.00254843 0.999688 -0.188419
180 185 450 0.999978 0.00611288 0.0026731 -0.919339 -0.00612287 0.999974 0.00374753 0.0572445 -0.00265012 -0.00376381 0.999989 -0.389281
180 186 207 0.999968 0.00655397 -0.0046456 -0.902047 -0.00655269 0.999978 0.000290322 0.0817832 0.00464741 -0.000259871 0.999989 -0.423819
180 187 562 0.999665 0.00112488 -0.0258638 0.7456 -0.00131857 0.999971 -0.00747299 -0.00157066 0.0258547 0.00750459 0.999638 -0.666392
180 188 839 0.999051 0.00780171 -0.0428468 0.786027 -0.00818655 0.999928 -0.0088135 0.181212 0.042775 0.0091559 0.999043 -0.591036
180 189 615 0.999173 0.00862683 -0.0397402 0.855599 -0.00887075 0.999943 -0.0059657 0.119205 0.0396864 0.00631329 0.999192 -0.503726
180 190 693 0.998658 0.014735 -0.0496534 0.957822 -0.0151025 0.999861 -0.00703446 0.130151 0.0495428 0.00777491 0.998742 -0.256199
180 191 580 0.999009 0.0197892 -0.0398621 0.933639 -0.0199089 0.999798 -0.00260808 0.157488 0.0398024 0.0033991 0.999202 -0.321739
180 192 1139 0.996439 0.0235271 -0.0809731 0.963469 -0.023778 0.999715 -0.00213555 0.0547572 0.0808998 0.00405332 0.996714 -0.262161
180 193 474 0.999317 0.0170112 -0.0328184 0.68818 -0.0171122 0.99985 -0.00279894 0.109951 0.0327659 0.00335862 0.999457 -0.717161
180 194 747 0.996748 0.0279323 -0.0755807 0.925903 -0.0281477 0.999602 -0.00178531 0.0914903 0.0755008 0.00390693 0.997138 -0.366516
195 196 90 0.999976 0.00225612 0.00652152 -0.979234 -0.00224926 0.999997 -0.00106055 0.090435 -0.00652389 0.00104586 0.999978 -0.181443
195 197 223 0.999953 0.00855866 0.00463613 -0.833523 -0.00859638 0.99993 0.00817797 -0.00800025 -0.00456581 -0.00821744 0.999956 -0.552427
195 198 133 0.999622 0.0266589 -0.00673607 0.973064 -0.0265619 0.999548 0.0141086 -0.192619 0.00710914 -0.0139244 0.999878 0.126667
195 199 1133 0.997567 0.0331026 -0.0613597 0.97312 -0.0319369 0.999292 0.0198819 -0.170729 0.0619744 -0.0178739 0.997918 -0.154563
195 200 214 0.999343 0.0333515 -0.0141996 0.991152 -0.0332554 0.999423 0.00695125 -0.110544 0.0144232 -0.00647447 0.999875 -0.0734664
195 201 288 0.9996 0.0275455 0.00647611 -0.171799 -0.0274982 0.999595 -0.00728072 -0.185481 -0.00667404 0.00709972 0.999953 0.967513
195 202 194 0.999043 0.0434977 -0.0045327 -0.977355 -0.0435812 0.998843 -0.0203299 0.192292 0.00364316 0.0205079 0.999783 -0.0883222
195 203 277 0.99948 0.030648 -0.00999304 0.882586 -0.0309417 0.99905 -0.0306936 0.0795939 0.00904285 0.0309868 0.999479 -0.463365
195 204 582 0.998088 0.0368785 -0.0496007 0.840516 -0.0383778 0.998824 -0.0296234 0.104207 0.0484499 0.0314703 0.99833 -0.53167
195 205 301 0.999773 0.0191171 -0.0094291 0.688217 -0.0192751 0.99967 -0.0169675 0.264736 0.00910162 0.0171454 0.999812 -0.67548
195 206 494 0.997712 0.0643889 0.020628 -0.885015 -0.0644764 0.997913 0.00360547 0.136112 -0.0203528 -0.00492724 0.999781 -0.445222
195 207 326 0.997634 0.0683004 0.00778518 -0.937187 -0.0683493 0.997642 0.00619053 0.199397 -0.00734401 -0.006708 0.999951 -0.286217
195 208 297 0.99748 0.0702892 0.00962725 -0.952083 -0.0703089 0.997524 0.00171831 0.167492 -0.00948264 -0.00239086 0.999952 -0.255899
195 209 249 0.997896 0.0642195 0.0089126 -0.935193 -0.0641822 0.997928 -0.00441843 0.171432 -0.00917789 0.00383711 0.999951 -0.309879
210 211 122 0.999991 0.00389471 -0.00175021 0.129814 -0.00388104 0.999962 0.00775026 -0.973136 0.00178032 -0.00774339 0.999968 -0.190144
210 212 460 0.999759 0.00937959 -0.0198463 0.723463 -0.00911188 0.999867 0.013537 -0.408613 0.0199706 -0.0133529 0.999711 -0.55645
210 213 83 0.999952 0.00666865 -0.00719205 -0.962932 -0.00658501 0.999911 0.0115912 0.153327 0.00726871 -0.0115433 0.999907 -0.221932
210 214 229 0.999856 -0.0100072 -0.0136766 -0.785596 0.0101508 0.999894 0.0104699 -0.00146098 0.0135703 -0.0106072 0.999852 -0.618738
210 215 846 0.999777 0.00848366 0.0193143 -0.956335 -0.00858434 0.99995 0.00513573 0.26431 -0.0192697 -0.00530039 0.9998 0.124751
210 216 156 0.9996 -0.00356895 -0.0280534 0.965845 0.00408557 0.999823 0.01838 -0.228178 0.0279828 -0.0184873 0.999437 0.122793
210 217 119 0.999708 0.0151766 -0.0188064 -0.949842 -0.0148502 0.999739 0.017373 0.302305 0.0190652 -0.0170886 0.999672 0.0800771
210 218 677 0.982187 -0.03239 -0.185093 0.959268 0.044618 0.997061 0.0622844 -0.258393 0.182532 -0.0694335 0.980745 0.114184
210 219 128 0.999275 0.0224238 -0.0307836 0.864059 -0.0217427 0.999515 0.0222864 -0.135862 0.0312684 -0.0216009 0.999278 0.484709
210 220 157 0.99977 0.0106587 -0.0186111 -0.821755 -0.0102231 0.999675 0.0233424 0.0886458 0.0188538 -0.0231467 0.999554 -0.562904
210 221 467 0.99913 0.0413625 -0.00534916 -0.931784 -0.0412481 0.998949 0.0199665 0.335958 0.0061694 -0.0197285 0.999786 0.137518
210 222 643 0.991664 0.00604083 -0.128711 0.96076 0.00129937 0.998381 0.0568684 -0.272397 0.128846 -0.0565616 0.99005 0.0523347
210 223 440 0.998282 0.0351562 -0.046872 0.786904 -0.0333857 0.998718 0.0380363 -0.0507311 0.0481492 -0.0364061 0.998176 0.614987
210 224 243 0.998585 0.0474419 -0.0240347 -0.481944 -0.0466797 0.998418 0.0313384 -0.136697 0.0254834 -0.0301721 0.99922 -0.865473
225 226 82 0.999996 -0.00150794 -0.00250329 0.878055 0.00151454 0.999995 0.0026343 -0.176644 0.00249931 -0.00263808 0.999993 0.444765
225 227 113 0.999946 0.00611296 -0.00845203 0.751648 -0.00607398 0.999971 0.00462927 -0.131036 0.00848008 -0.00457768 0.999954 0.646417
225 228 180 0.999944 0.00923589 -0.00520395 -0.75451 -0.00922441 0.999955 0.00222528 0.0584488 0.00522427 -0.00217715 0.999984 -0.653681
225 229 371 0.99989 0.0136074 0.00587968 -0.819202 -0.0136124 0.999907 0.000810586 0.104257 -0.0058681 -0.000890534 0.999982 -0.56395
225 230 293 0.999875 0.0131861 0.00867317 0.285548 -0.0132719 0.999863 0.00990702 -0.129772 -0.00854134 -0.0100209 0.999913 0.949537
225 231 220 0.999809 0.019157 -0.0039494 0.266693 -0.0190373 0.999416 0.0283796 -0.0961231 0.00449076 -0.028299 0.999589 0.958976
225 232 210 0.999402 0.0260253 -0.022785 -0.635415 -0.024784 0.998278 0.0531615 -0.042981 0.0241293 -0.052565 0.998326 -0.770973
225 233 440 0.999657 0.0135955 -0.0223667 0.244637 -0.0119787 0.997412 0.0708959 -0.0370441 0.0232727 -0.0706037 0.997233 0.968907
225 234 358 0.99945 0.0206077 -0.0259753 -0.762148 -0.0187327 0.997338 0.070469 0.014379 0.0273584 -0.0699436 0.997176 -0.647243
225 235 331 0.999433 0.0311674 -0.0127511 -0.68718 -0.030173 0.996956 0.0718894 -0.0355899 0.0149529 -0.0714639 0.997331 -0.725615
225 236 849 0.996519 0.0402962 -0.0729741 0.994829 -0.0350593 0.996812 0.0716755 0.0272401 0.0756297 -0.0688676 0.994755 0.0978389
225 237 918 0.992486 0.0441809 -0.1141 0.997554 -0.0361534 0.996786 0.0714908 -0.000375887 0.116892 -0.0668286 0.990894 0.0698976
225 238 524 0.996529 0.0689845 -0.0465901 0.832378 -0.0649514 0.994419 0.0831406 -0.178367 0.0520655 -0.0798259 0.995448 0.52472
225 239 386 0.999898 0.0002617 0.0142506 0.292614 -0.00103093 0.998541 0.0539981 -0.13749 -0.0142157 -0.0540073 0.998439 0.946295
240 241 123 0.999979 0.000893913 -0.00648975 0.861252 -0.000871555 0.999994 0.00344714 -0.317596 0.00649279 -0.00344141 0.999973 0.396709
240 242 52 0.999999 0.000350526 -0.00129803 0.948886 -0.000352355 0.999999 -0.00140857 -0.315078 0.00129753 0.00140903 0.999998 0.0184783
240 243 1502 0.999634 0.000338713 -0.0270645 0.970668 -0.000229131 0.999992 0.00405192 -0.240312 0.0270657 -0.00404423 0.999625 -0.00736437
240 244 645 0.999893 -0.00464825 0.0138348 -0.968593 0.00483066 0.999901 -0.0131807 0.206702 -0.0137722 0.0132461 0.999817 0.138211
240 245 1099 0.999402 -0.0122961 0.0323287 -0.978887 0.0128865 0.999753 -0.0181196 0.01172 -0.0320979 0.0185253 0.999313 0.204065
240 246 317 0.999985 -0.00485318 -0.00268889 0.771028 0.00480361 0.999824 -0.0181466 0.134236 0.00277649 0.0181334 0.999832 -0.622492
240 247 604 0.999869 -0.00105973 -0.0161338 0.452855 0.000865772 0.999927 -0.0120242 0.104833 0.0161454 0.0120086 0.999798 -0.8854
240 248 551 0.999918 0.000534231 -0.012792 0.782578 -0.000610777 0.999982 -0.00598068 0.107321 0.0127886 0.005988 0.9999 0.613232
240 249 1405 0.999288 0.00635255 -0.0372021 0.898507 -0.00636969 0.99998 -0.000342331 0.0479313 0.0371992 0.000579054 0.999308 -0.436335
240 250 542 0.999494 0.00107669 -0.0317993 0.78612 -0.000909805 0.999986 0.00526211 0.0130839 0.0318045 -0.00523051 0.99948 -0.617935
240 251 909 0.999437 0.00353231 -0.0333613 0.322646 -0.00310137 0.999911 0.0129601 0.112504 0.0334042 -0.0128494 0.999359 -0.93981
240 252 1421 0.998398 0.0140974 -0.0547918 0.906909 -0.0131125 0.999747 0.0182927 0.0959968 0.0550358 -0.0175449 0.99833 -0.410245
240 253 1432 0.997802 0.0256529 -0.0610946 0.967847 -0.0243363 0.999457 0.0221976 0.0380738 0.0616309 -0.020662 0.997885 -0.248641
240 254 1270 0.998518 0.0290858 -0.0460089 0.983173 -0.0284126 0.99948 0.0152184 0.151108 0.0464276 -0.0138886 0.998825 -0.10265
255 256 365 0.999991 0.00176546 -0.0037301 0.284836 -0.00174665 0.999986 0.00504095 0.158544 0.00373894 -0.00503439 0.99998 -0.945374
255 257 1778 0.998044 0.0268835 -0.0564464 0.858499 -0.0240186 0.998418 0.0508349 -0.491205 0.0577238 -0.0493797 0.997111 -0.147297
255 258 1214 0.998802 0.0442701 -0.0208267 0.961233 -0.0440728 0.99898 0.00983949 -0.0413931 0.021241 -0.00890982 0.999735 0.272614
255 259 565 0.998388 0.0567038 0.00246324 0.260672 -0.0567118 0.998385 0.00330281 -0.259793 -0.00227198 -0.00343718 0.999992 -0.929816
255 260 882 0.997645 0.0679894 0.00907767 0.246559 -0.0679231 0.997663 -0.00742288 -0.169609 -0.00956113 0.00678881 0.999931 -0.954171
255 261 1621 0.997943 0.062816 -0.012765 0.890003 -0.0629979 0.99791 -0.0143812 -0.000765177 0.0118349 0.0151558 0.999815 -0.455955
255 262 1389 0.997552 0.068968 -0.0115462 0.615574 -0.0690269 0.997603 -0.00478217 -0.0423344 0.0111887 0.00556747 0.999922 -0.786941
255 263 1181 0.997444 0.068138 -0.0215229 0.792198 -0.0681405 0.997676 0.000616043 -0.032165 0.0215148 0.000852109 0.999768 -0.609416
255 264 940 0.997408 0.0655129 -0.0297397 0.86916 -0.0655426 0.99785 -2.64322e-05 0.0252935 0.029674 0.00197558 0.999558 -0.493884
255 265 925 0.997137 0.0682399 -0.0325749 0.737445 -0.0681999 0.997669 0.0023393 0.111535 0.0326586 -0.000110997 0.999467 -0.666134
255 266 801 0.997036 0.0676263 -0.036688 0.991073 -0.0675665 0.997711 0.00286806 -0.0456499 0.036798 -0.000380682 0.999323 -0.12526
255 267 751 0.997381 0.0643388 -0.033035 0.384421 -0.064589 0.99789 -0.00656275 -0.0476983 0.0325431 0.00867926 0.999433 -0.921925
255 268 756 0.997038 0.0639104 -0.0427811 0.998114 -0.0645865 0.997805 -0.0146106 -0.055535 0.0417534 0.0173304 0.998978 0.0261561
255 269 758 0.997331 0.0530974 -0.0501219 0.960555 -0.0544281 0.99819 -0.0255678 0.0492103 0.0486736 0.0282276 0.998416 -0.273702
270 271 235 0.999993 0.000269711 -0.00363226 0.356496 -0.000271514 1 -0.000496112 0.119924 0.00363213 0.000497095 0.999993 -0.926568
270 272 873 0.999948 0.00844049 0.00571487 -0.848728 -0.00841496 0.999955 -0.004478 0.317788 -0.00575241 0.00442968 0.999974 -0.422695
270 273 356 0.999934 0.00703703 -0.00909313 -0.744177 -0.00704103 0.999975 -0.000408261 0.225115 0.00909003 0.000472259 0.999959 -0.628907
270 274 1667 0.998884 0.00982458 -0.0462081 0.943774 -0.00994811 0.999948 -0.00244403 0.13338 0.0461816 0.00290099 0.998929 -0.302491
270 275 1698 0.997992 0.0154546 -0.061422 0.963613 -0.0150562 0.999863 0.00694459 -0.111363 0.0615209 -0.00600587 0.998088 -0.242998
270 276 476 0.99875 0.00986474 -0.0490089 0.926553 -0.0100018 0.999947 -0.0025519 0.170084 0.0489811 0.00303888 0.998795 -0.335515
270 277 840 0.998724 0.012078 -0.0490311 0.426577 -0.0123115 0.999914 -0.00446338 0.0813668 0.048973 0.00506133 0.998787 -0.900784
270 278 854 0.998141 0.022618 -0.0565964 0.462196 -0.0224852 0.999743 0.00298227 0.0658634 0.0566493 -0.00170415 0.998393 -0.884328
270 279 1232 0.996592 0.0273489 -0.0778249 0.896608 -0.0269664 0.999619 0.00596259 0.225686 0.0779583 -0.00384362 0.996949 -0.380998
270 280 703 0.997048 0.0244272 -0.0727946 0.493004 -0.0238594 0.999678 0.00865924 -0.0106147 0.0729827 -0.00689684 0.997309 -0.869963
270 281 693 0.996049 0.026253 -0.0848397 0.663613 -0.0255756 0.999632 0.00906085 0.00909243 0.0850464 -0.00685522 0.996353 -0.748021
270 282 825 0.995429 0.0315911 -0.0901259 0.394103 -0.0309895 0.999487 0.00806787 0.262894 0.0903345 -0.00523804 0.995898 -0.880664
270 283 812 0.994168 0.0306665 -0.103386 0.850641 -0.0304917 0.99953 0.00327173 0.132225 0.103438 -0.00010023 0.994636 -0.508848
270 284 878 0.993038 0.0294142 -0.114059 0.851498 -0.0293884 0.999566 0.00190816 0.137592 0.114065 0.00145713 0.993472 -0.505984
285 286 40 0.999939 -0.00566098 -0.00944434 0.882335 0.00564208 0.999982 -0.00202635 -0.141943 0.00945564 0.00197294 0.999953 -0.448705
285 287 929 0.999629 -0.00110389 -0.0272069 0.990594 0.00105674 0.999998 -0.00174727 0.0438196 0.0272088 0.00171787 0.999628 -0.129626
285 288 532 0.99985 0.00542973 -0.0164505 0.415319 -0.00526991 0.999939 0.00974329 -0.0214924 0.0165024 -0.00965514 0.999817 -0.909422
285 289 727 0.999389 0.00289341 -0.0348317 0.696117 -0.00227466 0.999839 0.0177905 0.230899 0.0348776 -0.0177004 0.999235 -0.679785
285 290 528 0.998904 0.00357078 -0.0466731 0.904647 -0.00233691 0.999647 0.0264643 0.172619 0.0467512 -0.0263263 0.99856 -0.389637
285 291 1233 0.994639 0.0184845 -0.101746 0.903092 -0.0174264 0.999785 0.0112787 0.392989 0.101933 -0.00944516 0.994746 -0.173161
285 292 1238 0.997304 0.0229794 -0.0696874 0.867576 -0.0198171 0.998757 0.045736 0.0492783 0.0706518 -0.0442317 0.99652 -0.494857
285 293 1364 0.995042 0.0288016 -0.0951962 0.911845 -0.0248403 0.998786 0.0425382 0.16724 0.0963058 -0.0399625 0.994549 -0.374926
285 294 760 0.996731 0.022507 -0.0775932 0.929884 -0.0187716 0.998645 0.0485386 0.13563 0.0785805 -0.0469234 0.995803 -0.341935
285 295 449 0.996418 0.0286186 -0.0795779 0.933424 -0.0248848 0.99856 0.0475228 0.134365 0.0808233 -0.0453723 0.995695 -0.332665
285 296 1028 0.992069 0.0416499 -0.118594 0.890197 -0.0366745 0.998366 0.0438321 0.18182 0.120226 -0.039135 0.991975 -0.417722
285 297 1035 0.989325 0.056154 -0.13447 0.93207 -0.0493939 0.997367 0.053094 0.105819 0.137097 -0.0458853 0.989494 -0.346481
285 298 947 0.986569 0.0640873 -0.150248 0.962259 -0.0566003 0.996957 0.0535926 0.0890583 0.153225 -0.0443688 0.987195 -0.25715
285 299 869 0.989668 0.0678706 -0.126299 0.960791 -0.0619464 0.996813 0.0502611 0.148919 0.129307 -0.041918 0.990718 -0.233887
300 301 128 0.999978 -0.00133202 -0.006505 0.714427 0.00137061 0.999981 0.00593265 -0.180054 0.00649698 -0.00594144 0.999961 0.676147
300 302 286 0.999792 -0.00352328 -0.0200752 0.84978 0.00370151 0.999954 0.0088476 0.094138 0.0200431 -0.00892007 0.999759 -0.518663
300 303 1897 0.998541 0.00974202 -0.0531205 0.990347 -0.00944347 0.999938 0.00586846 0.138552 0.0531743 -0.00535826 0.998571 -0.0039738
300 304 1256 0.99944 0.0141166 -0.0303223 0.984663 -0.0138058 0.99985 0.0104338 0.0628025 0.030465 -0.0100093 0.999486 0.162771
300 305 900 0.999414 0.0215339 -0.0266258 0.936856 -0.0212176 0.999702 0.0121049 -0.158307 0.0268786 -0.0115329 0.999572 0.311833
300 306 1587 0.998629 0.0287509 -0.0437475 0.980462 -0.0286183 0.999584 0.00365536 -0.0541143 0.0438344 -0.00239837 0.999036 0.189121
300 307 1653 0.998222 0.0362504 -0.0473112 0.965145 -0.0368951 0.999237 -0.012824 0.130274 0.0468102 0.0145468 0.998798 0.226989
300 308 1392 0.998615 0.0363161 -0.0380592 0.992987 -0.0367813 0.999256 -0.0115947 -0.0265544 0.0376098 0.0129785 0.999208 0.115199
300 309 1606 0.994753 0.0431616 -0.0927601 0.990883 -0.0447381 0.998886 -0.014983 -0.00737583 0.0920102 0.0190543 0.995576 -0.134524
300 310 1606 0.998476 0.0257309 -0.0488196 0.996269 -0.0271198 0.99924 -0.0280034 -0.0151834 0.0480619 0.0292847 0.998415 -0.0849562
300 311 355 0.999795 0.0196203 -0.00503257 0.715638 -0.019789 0.999156 -0.0360071 0.0818488 0.00432185 0.0360993 0.999339 0.693659
300 312 342 0.999897 0.013382 -0.00514956 0.705463 -0.0135819 0.999068 -0.0409638 0.113321 0.00459658 0.0410295 0.999147 0.699629
300 313 1127 0.999333 0.0072196 -0.0358024 0.98771 -0.00895653 0.998778 -0.0485936 0.113552 0.0354079 0.0488819 0.998177 0.107402
300 314 1464 0.997569 -0.00440082 -0.0695511 0.948469 0.00140347 0.99907 -0.0430859 -0.119018 0.0696761 0.0428835 0.996648 -0.293669
315 316 88 0.999994 -0.00152909 0.00311685 0.00975789 0.00151252 0.999985 0.0053118 -0.953552 -0.00312492 -0.00530706 0.999981 -0.301072
315 317 137 0.99987 -0.00633068 0.014805 -0.846324 0.00631084 0.999979 0.00138589 0.118994 -0.0148135 -0.00129228 0.999889 -0.519207
315 318 2047 0.999908 -0.0019693 -0.0134313 0.882029 0.00206055 0.999975 0.00678333 0.0648359 0.0134176 -0.00681039 0.999887 -0.466712
315 319 453 0.999925 -0.00148089 0.0121766 0.275288 0.00134053 0.999933 0.0115274 0.139629 -0.0121928 -0.0115102 0.999859 -0.951168
315 320 1924 0.999958 0.00212122 -0.00889087 0.987229 -0.00198108 0.999874 0.0157419 -0.0216092 0.00892314 -0.0157236 0.999837 -0.157833
315 321 1817 0.99998 0.00628649 0.000362588 0.994993 -0.00629138 0.999859 0.0155855 -0.0477565 -0.000264559 -0.0155875 0.999878 0.0878012
315 322 527 0.999587 0.00641623 0.0279968 0.307503 -0.00669468 0.999929 0.0098635 0.365863 -0.0279315 -0.0100469 0.999559 -0.8784
315 323 687 0.999487 0.00973931 0.0304967 0.246828 -0.0101089 0.999877 0.0119883 0.124632 -0.0303762 -0.0122904 0.999463 -0.961011
315 324 739 0.999542 0.0117417 0.0278755 0.321287 -0.0121294 0.999831 0.0137804 0.107989 -0.027709 -0.0141122 0.999516 -0.940804
315 325 1773 0.999921 0.0102486 0.00734045 0.906389 -0.0103625 0.999824 0.0156431 0.0844298 -0.00717884 -0.0157179 0.999851 -0.413921
