0 1 86 0.999984 0.0026882 -0.00504596 0.280935 -0.00267441 0.999993 0.00273898 0.134285 0.00505329 -0.00272544 0.999984 -0.950286
0 2 739 0.999628 0.011116 -0.024901 0.936221 -0.0111101 0.999938 0.000376586 0.142225 0.0249037 -9.97943e-05 0.99969 0.321344
0 3 864 0.999572 0.017022 -0.0237712 0.922786 -0.0165624 0.999675 0.0194 -0.370396 0.0240937 -0.018998 0.999529 -0.106171
0 4 104 0.999903 0.0138691 0.00120856 0.54298 -0.0138798 0.999859 0.00942655 -0.0594302 -0.00107765 -0.00944241 0.999955 0.83764
0 5 58 0.99993 0.0118341 -0.000280731 0.678568 -0.0118327 0.99992 0.00452898 -0.335912 0.000334305 -0.00452535 0.99999 0.65323
0 6 108 0.999913 0.0100993 -0.00846652 0.897726 -0.0101114 0.999948 -0.0013887 -0.230071 0.00845206 0.00147419 0.999963 0.375706
0 7 36 0.999952 0.00969254 0.00165152 0.968526 -0.00967648 0.999908 -0.00947293 -0.226162 -0.00174319 0.00945649 0.999954 0.103962
0 8 663 0.999763 0.00214853 0.0216581 -0.961437 -0.00175573 0.999834 -0.0181395 0.249524 -0.0216934 0.0180971 0.999601 -0.11566
0 9 90 0.999937 0.000240977 -0.0112581 0.987025 -0.000403042 0.999896 -0.0143954 -0.159272 0.0112534 0.014399 0.999833 -0.0203532
0 10 180 0.999815 -0.00232185 -0.0190702 0.993341 0.0020214 0.999874 -0.0157591 -0.0337282 0.0191044 0.0157176 0.999694 -0.110167
0 11 633 0.999447 0.00272153 -0.0331527 0.997046 -0.00318583 0.999897 -0.0139601 -0.0672113 0.0331113 0.014058 0.999353 0.0371852
0 12 413 0.999687 0.00603525 -0.0242994 0.984573 -0.00639703 0.999869 -0.0148381 -0.124164 0.0242067 0.0149889 0.999595 0.123284
0 13 330 0.999671 0.00364951 -0.0253915 0.989285 -0.00401814 0.999887 -0.0144823 -0.12267 0.0253358 0.0145795 0.999573 -0.0791697
0 14 277 0.99964 0.00462573 -0.026428 0.989678 -0.00511282 0.999818 -0.018393 0.0701753 0.0263381 0.0185215 0.999481 0.124951
15 16 42 0.999996 -0.00271169 0.00121118 -0.636843 0.00271388 0.999995 -0.00181126 -0.218202 -0.00120627 0.00181453 0.999998 0.739472
15 17 30 0.999909 -0.0134443 0.00086864 -0.779624 0.0134464 0.999906 -0.00255211 0.0231352 -0.000834247 0.00256355 0.999996 -0.62582
15 18 179 0.999887 -0.0136024 -0.00645702 0.338014 0.0135843 0.999904 -0.00283503 0.229322 0.00649496 0.00274699 0.999975 -0.912775
15 19 389 0.999806 -0.0145601 -0.013281 0.808993 0.0145919 0.999891 0.00229942 0.0715115 0.0132461 -0.00249277 0.999909 -0.583451
15 20 347 0.999877 -0.00741054 -0.0138561 0.913589 0.0073431 0.999961 -0.00491164 0.358889 0.013892 0.00480928 0.999892 0.191189
15 21 368 0.999893 -0.01193 -0.00842875 0.591037 0.0118383 0.999871 -0.0108543 0.11467 0.00855716 0.0107534 0.999906 -0.798452
15 22 883 0.999319 -0.00523717 -0.0365352 0.987593 0.00498822 0.999964 -0.00690176 5.05905e-05 0.03657 0.00671481 0.999309 -0.157034
15 23 332 0.999789 -0.00389325 -0.0201618 0.983654 0.0036124 0.999896 -0.0139474 0.035583 0.020214 0.0138716 0.999699 -0.176517
15 24 284 0.99981 0.000842928 -0.0194492 0.895865 -0.0013094 0.999711 -0.0239836 0.046585 0.0194234 0.0240045 0.999523 -0.441877
15 25 296 0.999558 -0.00206975 -0.0296707 0.842835 0.00110973 0.999476 -0.0323357 0.0993051 0.0297221 0.0322884 0.999037 -0.528931
15 26 747 0.998645 0.00863374 -0.0513285 0.898326 -0.0104644 0.999315 -0.0355047 0.115374 0.0509868 0.0359937 0.998051 -0.42391
15 27 607 0.998969 0.0129194 -0.043527 0.944024 -0.014379 0.999339 -0.0333893 0.198303 0.0430668 0.0339807 0.998494 -0.263618
15 28 639 0.998858 0.017066 -0.0446286 0.826625 -0.0183583 0.999419 -0.0287086 0.113387 0.0441127 0.0294951 0.998591 -0.551211
15 29 601 0.997987 0.0264418 -0.0576472 0.869685 -0.0280121 0.999253 -0.0266042 0.118119 0.0569007 0.0281654 0.997982 -0.479267
30 31 64 0.999734 0.0205609 0.01049 0.290325 -0.0205915 0.999784 0.00281873 0.320987 -0.0104298 -0.00303398 0.999941 0.901487
30 32 157 0.999841 0.0151699 0.00937952 -0.476744 -0.0152105 0.999875 0.00426283 -0.15451 -0.00931368 -0.00440482 0.999947 0.865357
30 33 99 0.999928 0.00988509 0.00677163 -0.913681 -0.00991067 0.999944 0.00375447 -0.205272 -0.00673414 -0.00382131 0.99997 0.350785
30 34 48 0.999952 0.00624597 -0.00758937 0.660165 -0.00623197 0.999979 0.00186578 0.0494765 0.00760087 -0.0018184 0.999969 -0.749489
30 35 18 0.999983 0.000306256 -0.0058049 0.952193 -0.000290403 0.999996 0.00273162 0.0770857 0.00580571 -0.00272989 0.999979 -0.295612
30 36 65 0.999989 -0.00176322 -0.00426725 -0.941005 0.00177065 0.999997 0.00173826 -0.142999 0.00426417 -0.0017458 0.999989 0.306695
30 37 195 0.999696 0.00406897 -0.0243205 0.86179 -0.00401858 0.99999 0.00212067 0.146913 0.0243288 -0.00202229 0.999702 -0.485525
30 38 435 0.999127 0.016959 -0.0381722 0.965419 -0.0167482 0.999843 0.00583399 0.102371 0.0382652 -0.00518958 0.999254 -0.239763
30 39 340 0.99936 0.0211 -0.0288907 0.937259 -0.0207913 0.999724 0.0109445 0.0816326 0.0291136 -0.0103368 0.999523 -0.338942
30 40 214 0.999635 0.0143554 -0.0228897 0.895483 -0.014034 0.999802 0.0141401 0.153869 0.0230881 -0.0138137 0.999638 -0.417653
30 41 213 0.9995 0.00919243 -0.0302487 0.894034 -0.00857101 0.999751 0.0206094 0.149144 0.0304307 -0.0203399 0.99933 -0.422445
30 42 228 0.999458 0.00130254 -0.0328971 0.959316 -0.000656276 0.999807 0.0196482 0.111711 0.0329163 -0.019616 0.999266 -0.259294
30 43 323 0.999071 0.00302913 -0.0429877 0.826421 -0.00236407 0.999877 0.0155133 0.0843656 0.0430293 -0.0153972 0.998955 -0.556696
30 44 394 0.998139 0.00996808 -0.0601626 0.809993 -0.00853965 0.999677 0.0239535 0.120013 0.0603819 -0.0233952 0.997901 -0.574028
45 46 121 0.999954 0.00710583 -0.00650194 0.811274 -0.00704106 0.999926 0.00993079 -0.520753 0.00657202 -0.00988455 0.99993 -0.265801
45 47 449 0.999779 0.00255485 0.0208542 -0.867142 -0.00253053 0.999996 -0.00119244 0.0145768 -0.0208572 0.0011394 0.999782 0.497847
45 48 42 0.999996 0.00291199 0.000419248 0.896479 -0.00290987 0.999983 -0.00497004 0.000331714 -0.000433714 0.0049688 0.999988 0.443086
45 49 668 0.999284 0.00551745 -0.0374303 0.982956 -0.00545243 0.999983 0.00183887 0.162311 0.0374398 -0.00163347 0.999298 -0.0863332
45 50 585 0.999344 0.0136785 -0.0335337 0.934957 -0.0132959 0.999844 0.0116062 0.0219896 0.0336872 -0.0111527 0.99937 0.35408
45 51 261 0.999643 0.0193416 -0.0184135 0.73526 -0.0193593 0.999812 -0.00078376 -0.124453 0.0183948 0.00113995 0.99983 0.666261
45 52 509 0.998195 0.0271979 -0.0535373 0.979664 -0.0282141 0.999434 -0.0183184 0.00328776 0.0530088 0.0197958 0.998398 0.200616
45 53 505 0.996881 0.0390896 -0.0685513 0.993929 -0.0404288 0.999016 -0.018258 0.0762926 0.0677701 0.0209725 0.997481 -0.0792816
45 54 364 0.997964 0.053672 -0.0344481 0.991733 -0.0538135 0.998546 -0.00319223 0.0579221 0.0342267 0.0050395 0.999401 -0.114502
45 55 400 0.997586 0.0586631 -0.0371613 0.992548 -0.058493 0.998272 0.0056491 0.0427346 0.0374285 -0.00346178 0.999293 -0.114117
45 56 490 0.996691 0.0540373 -0.0607138 0.997239 -0.0534066 0.998501 0.0119646 0.0589287 0.0612693 -0.00868254 0.998084 -0.0451868
45 57 512 0.99641 0.0503693 -0.068045 0.990382 -0.0494107 0.998655 0.0156981 -0.0161622 0.0687442 -0.0122796 0.997559 0.137413
45 58 563 0.994845 0.0545424 -0.0854893 0.993619 -0.0541853 0.99851 0.00649371 0.0367124 0.0857161 -0.00182797 0.996318 0.106642
45 59 364 0.996932 0.0540934 -0.0565766 0.999615 -0.0538402 0.998532 0.00599171 0.0261475 0.0568176 -0.00292723 0.99838 0.00929761
60 61 33 0.999994 0.00240003 0.00233849 0.98312 -0.00240786 0.999991 0.00335195 0.179829 -0.00233042 -0.00335756 0.999992 -0.0337196
60 62 100 0.999988 0.00117684 0.00480257 0.639027 -0.0011922 0.999994 0.00319739 -0.124079 -0.00479877 -0.00320308 0.999983 0.75911
60 63 263 0.999946 -0.00207326 -0.0101467 0.992922 0.00204614 0.999994 -0.00268182 0.0553929 0.0101522 0.00266091 0.999945 -0.105064
60 64 248 0.99995 -0.00614493 -0.00786479 0.998878 0.00612741 0.999979 -0.00225056 0.00849482 0.00787846 0.00220226 0.999967 -0.0465834
60 65 206 0.999948 -0.0101841 -0.000507273 0.896835 0.010182 0.99994 -0.00395016 0.0520012 0.000547472 0.00394479 0.999992 0.439299
60 66 280 0.999892 -0.014369 -0.00324186 0.974278 0.0143397 0.999858 -0.00890342 0.0334543 0.00336933 0.00885597 0.999955 -0.222851
60 67 326 0.999808 -0.0124216 -0.0151348 0.975117 0.012247 0.999858 -0.0115727 0.0627523 0.0152764 0.0113851 0.999818 -0.212626
60 68 777 0.999543 -0.0088835 -0.0289096 0.991319 0.00851295 0.99988 -0.0129155 0.0214726 0.0290209 0.0126634 0.999499 -0.129713
60 69 338 0.999836 -0.0111949 -0.0142562 0.934434 0.0109709 0.999817 -0.0156908 0.0990854 0.0144293 0.0155318 0.999775 -0.342075
60 70 805 0.999313 -0.00843074 -0.0360956 0.938862 0.00787243 0.999848 -0.0155818 0.176967 0.0362215 0.015287 0.999227 -0.295331
60 71 464 0.999386 -0.0112331 -0.0331943 0.939834 0.0109786 0.999909 -0.00783923 0.0481668 0.0332793 0.00746999 0.999418 -0.33822
60 72 774 0.999109 -0.00669478 -0.0416588 0.96811 0.00637364 0.999949 -0.00783683 0.00294718 0.0417091 0.00756434 0.999101 -0.250507
60 73 793 0.998347 -0.000478376 -0.0574645 0.962631 -2.80405e-05 0.999961 -0.00881156 0.0363693 0.0574665 0.00879861 0.998309 -0.268362
60 74 624 0.998807 -0.000233742 -0.0488247 0.955507 -0.000201604 0.99996 -0.00891139 0.0420828 0.0488249 0.0089106 0.998768 -0.291951
75 76 63 0.999983 0.00576095 -0.0009266 0.779498 -0.00575952 0.999982 0.00153356 -0.0875981 0.000935418 -0.00152819 0.999998 -0.62025
75 77 59 0.999982 0.00512709 -0.00323565 0.978853 -0.00512856 0.999987 -0.000446211 0.190326 0.00323332 0.000462797 0.999995 -0.0749806
75 78 410 0.999825 0.00361179 -0.0183432 0.956513 -0.00366028 0.99999 -0.00261018 0.100586 0.0183336 0.00267687 0.999828 -0.273798
75 79 440 0.999703 0.0133091 -0.0204296 0.964341 -0.0134169 0.999897 -0.00514854 0.0725353 0.0203589 0.00542111 0.999778 -0.25453
75 80 440 0.999552 0.0204158 -0.0218762 0.940998 -0.0206092 0.99975 -0.00865529 -0.0193269 0.0216941 0.00910227 0.999723 -0.337859
75 81 395 0.999612 0.0176908 -0.0215205 0.811604 -0.018023 0.99972 -0.0153432 0.107672 0.0212431 0.0157251 0.999651 -0.574199
75 82 571 0.999122 0.0183274 -0.0376848 0.91025 -0.018817 0.999743 -0.012678 0.131974 0.0374427 0.013376 0.999209 -0.392463
75 83 795 0.998596 0.0229962 -0.0477108 0.905005 -0.0236435 0.999635 -0.0130487 0.11461 0.0473933 0.0141585 0.998776 -0.409671
75 84 617 0.99878 0.0300871 -0.0391675 0.865116 -0.0305509 0.999469 -0.0112972 0.161129 0.0388068 0.01248 0.999169 -0.474985
75 85 268 0.999841 0.0175451 0.00307944 0.199941 -0.0175315 0.999837 -0.00438151 0.25818 -0.00315581 0.00432683 0.999986 -0.945181
75 86 144 0.99883 0.043032 -0.0220695 -0.170962 -0.042328 0.998609 0.0314292 -0.428174 0.0233913 -0.0304582 0.999262 -0.887377
75 87 560 0.998291 0.0454967 -0.0366766 0.906798 -0.0444246 0.998576 0.0295334 0.202593 0.037968 -0.0278536 0.998891 -0.369695
75 88 569 0.998298 0.0475182 -0.0338247 0.881284 -0.0465341 0.998487 0.0293084 0.214399 0.0351662 -0.0276845 0.998998 -0.421154
75 89 476 0.998616 0.0404495 -0.0336289 0.735673 -0.0393427 0.998683 0.0329451 0.0604788 0.0349172 -0.0315765 0.998891 -0.674631
90 91 71 0.999969 -0.00718692 -0.00323947 -0.066573 0.00720551 0.999957 0.00576337 -0.946322 0.00319791 -0.00578654 0.999978 -0.316295
90 92 147 0.999862 -0.0144792 -0.0081019 0.154543 0.0144468 0.999887 -0.00404402 0.51537 0.00815954 0.00392642 0.999959 -0.842918
90 93 409 0.999565 -0.00589156 -0.0288977 0.726393 0.0059718 0.999979 0.00269113 0.221668 0.0288812 -0.00286253 0.999579 -0.650551
90 94 203 0.99988 -0.00495857 -0.0146972 0.574925 0.00507111 0.999958 0.00762974 0.067087 0.0146587 -0.00770336 0.999863 -0.815451
90 95 564 0.999118 -0.00856134 -0.0411188 0.876006 0.0087809 0.999948 0.00516188 -0.00319215 0.0410725 -0.00551839 0.999141 -0.48229
90 96 575 0.998526 -0.0132155 -0.052647 0.958501 0.0129346 0.9999 -0.0056739 0.116023 0.0527168 0.00498456 0.998597 -0.260413
90 97 603 0.998147 -0.00723661 -0.0604208 0.937523 0.00674511 0.999943 -0.00833451 0.0835263 0.0604776 0.00791152 0.998138 -0.337749
90 98 342 0.999064 -0.0117804 -0.0416188 0.883608 0.011336 0.999876 -0.0108975 0.158559 0.041742 0.0104155 0.999074 -0.440563
90 99 516 0.997958 -0.0136069 -0.0624067 0.895704 0.0127939 0.999828 -0.0134089 0.138227 0.0625785 0.0125831 0.997961 -0.422619
90 100 469 0.997581 -0.0127385 -0.0683436 0.869189 0.0124236 0.99991 -0.00503182 0.0254766 0.0684016 0.00417058 0.997649 -0.493824
90 101 436 0.998262 0.00314075 -0.0588464 0.897508 -0.00295106 0.99999 0.00331019 -0.0778659 0.0588562 -0.00313078 0.998262 -0.43407
90 102 474 0.997247 -0.00204473 -0.0741259 0.957102 0.00139656 0.99996 -0.0087949 0.0977899 0.074141 0.00866717 0.99721 -0.272751
90 103 439 0.99695 -0.00139247 -0.0780298 0.93741 0.000633386 0.999952 -0.00975208 0.0447873 0.0780397 0.00967291 0.996903 -0.345336
90 104 456 0.995372 0.0068289 -0.0958533 0.977393 -0.00789268 0.999911 -0.0107233 0.0448252 0.0957716 0.0114302 0.995338 -0.206624
105 106 162 0.999838 0.0128651 -0.0125648 0.916551 -0.012867 0.999917 -7.09248e-05 -0.0699991 0.0125628 0.000232584 0.999921 -0.393743
105 107 45 0.99987 0.0156502 -0.00379923 0.946551 -0.0156592 0.999875 -0.00235637 -0.10197 0.00376188 0.00241556 0.99999 -0.306011
105 108 390 0.999356 0.0293716 -0.0205912 0.960434 -0.0295337 0.999535 -0.00761377 -0.023519 0.020358 0.00821701 0.999759 0.277512
105 109 371 0.998725 0.0440528 -0.0246347 0.970384 -0.0443793 0.998932 -0.0128645 -0.0962109 0.0240417 0.0139414 0.999614 -0.221581
105 110 288 0.998536 0.0511914 -0.0174529 0.954151 -0.0514976 0.998519 -0.0175695 0.00786217 0.0165276 0.0184426 0.999693 -0.299223
105 111 345 0.997904 0.0572507 -0.0301614 0.863713 -0.0576655 0.99825 -0.0130677 -0.0724274 0.0293605 0.0147796 0.99946 -0.498753
105 112 435 0.997081 0.0624464 -0.0439298 0.973699 -0.0627481 0.998014 -0.00552044 -0.0889435 0.0434979 0.00826084 0.999019 -0.209759
105 113 395 0.997228 0.0619793 -0.0411646 0.957722 -0.0622338 0.998049 -0.00492799 -0.065378 0.0407789 0.00747616 0.99914 -0.280169
105 114 312 0.997847 0.0592193 -0.0281838 0.965719 -0.0593474 0.99823 -0.00373153 -0.0369311 0.0279129 0.00539613 0.999596 -0.256947
105 115 252 0.998045 0.0536093 -0.032136 0.933134 -0.0538315 0.998531 -0.0060884 -0.185586 0.0317624 0.00780642 0.999465 0.307927
105 116 60 0.999218 0.0320438 0.023175 -0.0702458 -0.0312769 0.998975 -0.032728 -0.899511 -0.0242 0.0319776 0.999196 -0.431213
105 117 62 0.999223 0.033092 0.0214231 -0.0730245 -0.0319718 0.998203 -0.0506737 -0.972644 -0.0230615 0.0499494 0.998485 -0.220527
105 118 35 0.999174 0.0369364 0.016932 -0.065031 -0.0355487 0.996474 -0.075996 -0.914582 -0.0196794 0.0753313 0.996964 -0.399136
105 119 296 0.993233 0.0820523 -0.0821919 0.992427 -0.0877383 0.993811 -0.0681355 -0.0887959 0.0760925 0.0748858 0.994285 -0.0848775
120 121 436 0.999873 0.0123682 -0.0100663 0.943885 -0.0123312 0.999917 0.00373019 -0.0292411 0.0101116 -0.00360558 0.999942 -0.328978
120 122 29 0.999672 0.0206789 0.0150823 -0.970155 -0.0208839 0.99969 0.013568 -0.03123 -0.014797 -0.0138785 0.999794 -0.240467
120 123 38 0.999686 0.015549 0.0196404 -0.779041 -0.0158987 0.999716 0.0177762 0.136477 -0.0193584 -0.0180828 0.999649 -0.611938
120 124 103 0.9995 0.0134682 0.0286015 -0.774633 -0.0142315 0.999543 0.0266523 0.121247 -0.0282294 -0.027046 0.999236 -0.620679
120 125 216 0.999044 -0.00286686 0.0436112 -0.939866 0.00108143 0.999162 0.0409084 -0.0602772 -0.043692 -0.0408221 0.998211 0.336183
120 126 364 0.998978 -0.0198252 0.0406198 -0.741141 0.017903 0.998727 0.0471507 -0.0915084 -0.0415029 -0.0463753 0.998062 0.665084
120 127 383 0.998262 -0.0398588 -0.0434162 0.95891 0.0410668 0.998783 0.0272961 0.124558 0.0422754 -0.0290316 0.998684 0.254906
120 128 408 0.998801 -0.0440339 -0.0213777 0.748569 0.0446797 0.998528 0.0307362 0.0877206 0.0199928 -0.0316545 0.999299 0.657229
120 129 273 0.999142 -0.0413951 -0.00158315 0.560208 0.0414252 0.998301 0.0409866 -0.237111 -0.000116183 -0.041017 0.999158 0.793691
120 130 211 0.998971 -0.0451367 0.00444203 0.585096 0.0449329 0.998248 0.0384843 -0.163978 -0.0061713 -0.0382451 0.999249 0.794213
120 131 266 0.998737 -0.0502281 -0.000958497 0.487689 0.050213 0.997481 0.0501128 -0.225641 -0.00156099 -0.0500976 0.998743 0.843353
120 132 258 0.99792 -0.0478099 0.043249 -0.595803 0.0461801 0.998213 0.0379308 0.217123 -0.0449851 -0.0358547 0.998344 0.773225
120 133 244 0.99683 -0.0652939 -0.0454529 0.611636 0.0677395 0.996212 0.0545218 -0.0463883 0.0417208 -0.057428 0.997478 0.789778
120 134 237 0.997189 -0.0549427 -0.050953 0.608855 0.0582851 0.996075 0.066614 -0.124267 0.0470931 -0.0693965 0.996477 0.783488
135 136 14 0.999988 0.00325729 -0.00361721 0.967011 -0.00328716 0.99996 -0.00828322 0.0324573 0.00359009 0.00829501 0.999959 0.252659
135 137 58 0.999917 -0.00213941 -0.0126798 0.154039 0.00193254 0.999865 -0.016305 0.310323 0.0127129 0.0162792 0.999787 -0.938068
135 138 39 0.999631 0.00405444 -0.0268726 0.672204 -0.00460954 0.999777 -0.0206269 0.0424255 0.026783 0.0207432 0.999426 -0.739149
135 139 81 0.999072 0.000258183 -0.0430778 0.976419 -0.00136349 0.999671 -0.025631 0.15374 0.043057 0.0256659 0.998743 -0.151556
135 140 474 0.997716 0.00545426 -0.0673303 0.998896 -0.00769484 0.999424 -0.0330631 0.0443404 0.0671112 0.0335057 0.997183 -0.015503
135 141 130 0.998619 0.0048929 -0.0523139 0.731361 -0.00677042 0.999337 -0.0357729 0.0685026 0.0521042 0.0360776 0.99799 -0.678542
135 142 302 0.997151 0.0179971 -0.0732505 0.93616 -0.0199973 0.999444 -0.0266659 -0.0995756 0.0727299 0.0280547 0.996957 -0.337179
135 143 398 0.993059 0.0146525 -0.116701 0.96705 -0.0192393 0.999082 -0.0382746 0.187222 0.116033 0.0402542 0.992429 -0.172519
135 144 284 0.995472 0.0218773 -0.092508 0.965987 -0.024346 0.999375 -0.025642 0.0719345 0.0918892 0.0277781 0.995382 -0.248386
135 145 145 0.997705 0.0163189 -0.0657214 -0.522801 -0.0177967 0.9996 -0.0219632 -0.242781 0.0653367 0.0230824 0.997596 0.817151
135 146 259 0.995591 0.037299 -0.0860664 0.959884 -0.0387272 0.999137 -0.0149838 0.0884355 0.0854332 0.0182508 0.996177 -0.266087
135 147 262 0.994562 0.0483562 -0.0922379 0.99793 -0.0495641 0.998712 -0.0108493 0.0207885 0.0915944 0.015362 0.995678 -0.0608495
135 148 280 0.995046 0.0399092 -0.0910543 0.99311 -0.0413313 0.99905 -0.0137858 0.0108328 0.0904177 0.0174809 0.995751 0.116688
135 149 246 0.995667 0.0330852 -0.0869101 0.968671 -0.0347538 0.999238 -0.0177569 0.0286127 0.0862564 0.0207004 0.996058 -0.246694
150 151 44 0.999989 0.0045008 0.00164068 -0.0865506 -0.00452081 0.999913 0.0124032 -0.961992 -0.00158471 -0.0124104 0.999922 0.258998
150 152 44 0.999943 0.00414349 -0.00981449 0.928811 -0.00416469 0.999989 -0.00214054 0.0650192 0.00980552 0.00218129 0.99995 0.364804
150 153 108 0.999969 0.00525164 0.00593256 -0.207314 -0.00524056 0.999984 -0.00188232 -0.290353 -0.00594235 0.00185118 0.999981 0.934193
150 154 108 0.999896 0.00844491 -0.0117264 0.994747 -0.00845188 0.999964 -0.000544616 -0.0806411 0.0117213 0.000643668 0.999931 -0.0630583
150 155 619 0.999237 0.00976046 -0.0378267 0.979901 -0.0099949 0.999932 -0.00601373 -0.0408142 0.0377654 0.00638721 0.999266 0.195267
150 156 27 0.999972 0.00239601 -0.00708355 0.782411 -0.00247734 0.999931 -0.011496 0.0174831 0.00705552 0.0115132 0.999909 -0.622517
150 157 617 0.998636 -0.00109046 -0.0521941 0.988163 0.000136315 0.999833 -0.0182808 0.0989715 0.0522054 0.0182487 0.99847 -0.117209
150 158 563 0.998624 0.0102678 -0.0514267 0.993523 -0.0107514 0.9999 -0.00913722 -0.113516 0.0513278 0.00967755 0.998635 -0.00516599
150 159 574 0.997395 0.0160657 -0.0703235 0.996916 -0.016991 0.999777 -0.0125796 -0.0441596 0.0701056 0.0137417 0.997445 -0.0648756
150 160 557 0.997528 0.0156046 -0.0685116 0.999439 -0.0169661 0.999669 -0.0193365 0.0194536 0.0681872 0.0204511 0.997463 -0.0272734
150 161 451 0.99812 0.0118917 -0.0601221 0.986881 -0.0130617 0.999732 -0.0191058 -0.0360354 0.0598788 0.0198551 0.998008 -0.157378
150 162 421 0.99752 0.00968092 -0.0697151 0.992124 -0.0112043 0.999706 -0.0214941 0.0612315 0.0694865 0.0222219 0.997335 -0.109273
150 163 444 0.997097 0.011688 -0.0752378 0.986482 -0.0132407 0.999709 -0.0201719 0.0132045 0.0749802 0.0211095 0.996962 -0.163339
150 164 452 0.996498 0.0212556 -0.0808744 0.997575 -0.0231816 0.999468 -0.0229514 0.0623048 0.0803436 0.0247458 0.99646 -0.0310086
165 166 62 0.999866 0.00221975 -0.016202 0.957737 -0.00217464 0.999994 0.0028015 -0.226247 0.0162081 -0.00276589 0.999865 -0.177631
165 167 347 0.999644 0.00839182 -0.0253283 0.903944 -0.00819586 0.999936 0.00783092 -0.212245 0.0253924 -0.00762055 0.999649 -0.371264
165 168 190 0.999937 0.00694603 0.00885735 -0.774192 -0.00698189 0.999968 0.00402436 -0.0691167 -0.0088291 -0.00408594 0.999953 0.629166
165 169 383 0.999637 0.0195747 -0.0185133 0.99613 -0.0195597 0.999808 0.000992858 -0.0877771 0.0185292 -0.000630384 0.999828 0.00457429
165 170 525 0.999403 0.0254702 -0.0233595 0.995234 -0.0254949 0.999675 -0.000760077 -0.0974943 0.0233326 0.00135517 0.999727 -0.00207319
165 171 521 0.999286 0.0242757 -0.0289552 0.994534 -0.0244806 0.999678 -0.00674252 -0.0463621 0.0287822 0.00744654 0.999558 -0.0935544
165 172 480 0.998887 0.0298102 -0.0365614 0.975806 -0.0302392 0.99948 -0.0112362 0.0394834 0.0362074 0.0123293 0.999268 -0.215042
165 173 486 0.997676 0.030762 -0.060792 0.961746 -0.0317047 0.999391 -0.014605 0.148563 0.0603057 0.0164985 0.998044 -0.230159
165 174 466 0.998595 0.041892 -0.0324512 0.977072 -0.0416676 0.999103 0.00756006 -0.0116128 0.0327388 -0.00619728 0.999445 -0.21259
165 175 382 0.998753 0.0386387 -0.0316238 0.983661 -0.0383797 0.999225 0.00875517 0.0261283 0.0319376 -0.00753054 0.999461 -0.178123
165 176 259 0.999387 0.0323333 -0.0134348 0.991866 -0.0321809 0.999417 0.0114124 0.000118658 0.013796 -0.010973 0.999845 -0.127286
165 177 262 0.99933 0.0355728 -0.00864759 0.995477 -0.0354943 0.999329 0.00906363 -0.0474653 0.00896421 -0.00875061 0.999922 -0.0822905
165 178 457 0.997654 0.0269997 -0.062909 0.995027 -0.0274007 0.999609 -0.00551997 0.0529075 0.0627353 0.00723077 0.998004 -0.0843942
165 179 432 0.998331 0.0303638 -0.0491264 0.989095 -0.0306136 0.999522 -0.00434036 0.0629106 0.0489711 0.00583705 0.998783 -0.133163
180 181 115 0.999906 0.000921239 -0.0136573 0.896038 -0.00085193 0.999987 0.00507984 -0.26926 0.0136618 -0.00506773 0.999894 -0.353007
180 182 101 0.999877 0.00502522 -0.0148741 0.888688 -0.00494081 0.999972 0.00570609 -0.108754 0.0149024 -0.0056319 0.999873 -0.445427
180 183 622 0.999561 0.00829303 -0.0284459 0.891059 -0.0079643 0.9999 0.0116502 -0.255062 0.0285397 -0.0114186 0.999527 -0.375443
180 184 378 0.999739 0.00632319 -0.0219524 0.951964 -0.00624796 0.999974 0.00349381 -0.036651 0.0219739 -0.00335574 0.999753 -0.304009
180 185 46 0.999896 0.0144017 0.00102652 0.955359 -0.014408 0.999875 0.00645671 -0.0576181 -0.000933402 -0.00647083 0.999979 0.289773
180 186 309 0.999762 0.00276865 -0.0216415 0.965515 -0.00284479 0.99999 -0.00348799 0.1654 0.0216316 0.00354873 0.99976 -0.201058
180 187 377 0.999319 0.00553017 -0.0364924 0.929164 -0.00585405 0.999944 -0.00877453 0.161775 0.0364418 0.00898218 0.999295 -0.33239
180 188 543 0.99893 0.00683177 -0.0457458 0.888086 -0.0072056 0.999942 -0.008012 0.0957917 0.0456884 0.00833306 0.998921 -0.449585
180 189 555 0.997448 0.0170089 -0.0693417 0.937031 -0.0171398 0.999852 -0.00129238 -0.00442459 0.0693095 0.00247759 0.997592 -0.349217
180 190 529 0.997625 0.0234808 -0.0647502 0.946448 -0.0239791 0.999688 -0.00693007 0.109443 0.0645673 0.00846626 0.997877 -0.30374
180 191 357 0.998453 0.0171779 -0.052881 0.880417 -0.0174551 0.999836 -0.00478466 0.130897 0.0527902 0.0057003 0.998589 -0.455775
180 192 346 0.998241 0.014756 -0.0574138 0.900639 -0.0150412 0.999877 -0.00453785 0.14357 0.0573397 0.00539344 0.99834 -0.410167
180 193 482 0.996802 0.0215428 -0.0769529 0.927604 -0.0220491 0.99974 -0.00573483 0.134583 0.0768094 0.00741323 0.997018 -0.348479
180 194 451 0.996669 0.0200088 -0.0790613 0.921457 -0.0205379 0.999772 -0.00588523 0.112736 0.0789255 0.00748938 0.996852 -0.371762
195 196 56 0.999988 0.0011462 0.00474952 -0.947086 -0.00114467 0.999999 -0.000324685 0.19278 -0.00474989 0.000319244 0.999989 -0.256641
195 197 170 0.99976 0.0208366 -0.00670436 0.668147 -0.0207542 0.999711 0.0121391 -0.366956 0.00695536 -0.011997 0.999904 -0.647243
195 198 436 0.999567 0.0187705 -0.0226527 0.923281 -0.0185231 0.999767 0.0110808 -0.0191375 0.0228554 -0.0106564 0.999682 -0.383649
195 199 562 0.999004 0.0313506 -0.0317525 0.988262 -0.0310383 0.999465 0.0102836 -0.0243167 0.0320579 -0.00928781 0.999443 -0.150823
195 200 331 0.999083 0.0367361 -0.0219941 0.971014 -0.0365814 0.999303 0.00739615 -0.0936752 0.0222505 -0.00658479 0.999731 -0.219904
195 201 316 0.998754 0.039449 -0.0305674 0.956938 -0.0395312 0.999216 -0.00208775 -0.081586 0.030461 0.00329351 0.999531 0.278591
195 202 357 0.998505 0.0372845 -0.039958 0.99619 -0.0380969 0.999079 -0.0197669 -0.00961213 0.0391842 0.0212597 0.999006 0.0866757
195 203 474 0.997944 0.0398408 -0.0502105 0.990797 -0.0413927 0.998685 -0.0302563 0.0324125 0.048939 0.0322724 0.99828 -0.13142
195 204 317 0.998219 0.0371887 -0.0466382 0.919822 -0.0385484 0.998847 -0.0286015 0.0675146 0.0455208 0.0303484 0.998502 -0.386483
195 205 282 0.999123 0.0365182 -0.0204728 0.732345 -0.0368181 0.999217 -0.0144698 0.140088 0.0199283 0.0152109 0.999686 -0.666368
195 206 493 0.995145 0.0549268 -0.0816678 0.973223 -0.0550289 0.998484 0.00100094 0.00449681 0.081599 0.00349801 0.996659 -0.22982
195 207 481 0.997353 0.0470617 -0.0554271 0.992488 -0.0472073 0.998884 -0.00131994 0.0635734 0.0553032 0.00393301 0.998462 -0.104529
195 208 363 0.998417 0.0399391 -0.0396064 0.980719 -0.040247 0.999165 -0.00700757 0.0231935 0.0392934 0.00859051 0.999191 -0.19404
195 209 363 0.998462 0.0364763 -0.0417574 0.97558 -0.0370243 0.999237 -0.012427 0.0668531 0.0412723 0.0139539 0.99905 -0.209223
210 211 531 0.999752 0.00427733 -0.021863 0.854992 -0.00419189 0.999983 0.00395216 -0.190196 0.0218796 -0.00385954 0.999753 -0.482508
210 212 232 0.999783 0.0102828 -0.0180956 0.849483 -0.0100477 0.999865 0.0130336 -0.373254 0.0182271 -0.0128489 0.999751 -0.372908
210 213 231 0.999964 0.00602892 0.00603097 -0.96015 -0.00606842 0.99996 0.00655339 0.254334 -0.00599122 -0.00658975 0.99996 -0.115867
210 214 100 0.999579 -0.020765 -0.0202443 0.635754 0.0208548 0.999774 0.00423366 0.286494 0.0201518 -0.00465407 0.999786 -0.716755
210 215 61 0.999892 -0.00023246 -0.0147243 -0.85604 0.000444664 0.999896 0.0144101 0.118874 0.0147194 -0.0144151 0.999788 -0.503056
210 216 394 0.994132 -0.0244578 -0.105371 0.975625 0.0280653 0.999065 0.0328901 -0.219063 0.104468 -0.0356544 0.993889 -0.0129343
210 217 179 0.999977 0.00577982 -0.00358411 -0.963185 -0.00573324 0.999901 0.0128731 0.234793 0.00365816 -0.0128522 0.999911 -0.130948
210 218 297 0.997863 -0.0135027 -0.0639366 0.95256 0.0139686 0.999879 0.00684483 0.173841 0.0638364 -0.0077233 0.99793 -0.249818
210 219 324 0.983356 -0.0234059 -0.180173 0.956931 0.0354305 0.997333 0.0638125 -0.277108 0.178199 -0.069134 0.981563 0.0865651
210 220 324 0.994308 0.00287423 -0.106507 0.948088 0.00252849 0.998718 0.0505565 -0.317971 0.106516 -0.050538 0.993026 -0.00493313
210 221 296 0.996187 -0.00510145 -0.0870901 0.973536 0.00632329 0.999885 0.0137595 0.136862 0.0870099 -0.0142578 0.996105 -0.183019
210 222 239 0.998622 0.0131256 -0.0508137 0.951616 -0.0113461 0.999318 0.0351521 -0.291825 0.0512404 -0.0345271 0.998089 -0.0962534
210 223 297 0.973645 -0.00817916 -0.227922 0.95084 0.0294889 0.995483 0.0902477 -0.30252 0.226155 -0.0945904 0.969488 0.0662246
210 224 300 0.981422 0.00384282 -0.191822 0.96251 0.0104531 0.997243 0.0734594 -0.248434 0.191576 -0.0740998 0.978677 0.10888
225 226 38 0.999973 0.000533748 -0.0072812 0.828284 -0.000506301 0.999993 0.00377088 -0.0765021 0.00728316 -0.00376709 0.999966 0.555061
225 227 171 0.999797 0.00522236 -0.0194352 0.975789 -0.0051063 0.999969 0.00601637 -0.115682 0.0194661 -0.0059159 0.999793 0.185616
225 228 314 0.999792 0.0086029 -0.0185148 0.9929 -0.0085482 0.999959 0.00303136 -0.113376 0.0185401 -0.00287246 0.999824 0.0359941
225 229 278 0.999762 0.0185442 -0.0114845 0.978151 -0.0185459 0.999828 -3.76573e-05 0.0675954 0.0114819 0.000250639 0.999934 -0.196599
225 230 193 0.999845 0.0153213 0.00869558 0.27695 -0.0154198 0.999816 0.0113777 -0.118326 -0.00851966 -0.01151 0.999897 0.953571
225 231 130 0.999709 0.0239251 0.00301622 -0.860733 -0.0240016 0.999303 0.0285815 0.0200986 -0.0023303 -0.0286456 0.999587 -0.508659
225 232 132 0.999804 0.00548409 -0.0190489 0.250425 -0.00444671 0.998527 0.0540808 -0.109182 0.0193174 -0.0539855 0.998355 0.96196
225 233 298 0.996743 0.0308113 -0.0745317 0.990766 -0.026361 0.997852 0.0599741 0.0899204 0.0762195 -0.057814 0.995414 -0.101475
225 234 312 0.995915 0.0336903 -0.0837776 0.956295 -0.0282655 0.997477 0.0651158 0.116174 0.0857601 -0.0624818 0.994355 0.268336
225 235 298 0.996077 0.0381202 -0.0798534 0.994249 -0.0327624 0.99719 0.0673629 0.0542252 0.082197 -0.0644824 0.994528 0.0923475
225 236 421 0.9961 0.0421289 -0.0775181 0.992374 -0.0366801 0.996843 0.0704195 0.0557055 0.0802401 -0.0673016 0.994501 0.109961
225 237 331 0.997546 0.0338155 -0.0613012 0.96724 -0.0295445 0.997159 0.0692883 -0.00126068 0.0634701 -0.0673072 0.995711 0.25386
225 238 358 0.996228 0.0288695 -0.0818264 0.978087 -0.0237429 0.997734 0.0629475 0.00710175 0.0834583 -0.0607673 0.994657 0.208077
225 239 391 0.995749 0.0308922 -0.0867711 0.992094 -0.0264006 0.998275 0.0524426 0.0465237 0.0882414 -0.0499289 0.994847 0.116553
240 241 227 0.999988 -0.00476204 0.00090631 0.288538 0.00475813 0.99998 0.00425905 -0.38264 -0.000926573 -0.00425468 0.999991 0.877686
240 242 83 0.999946 0.00238937 -0.0101081 0.931022 -0.00236347 0.999994 0.00257311 -0.362216 0.0101142 -0.00254908 0.999946 0.0446976
240 243 378 0.999898 -0.00409291 0.0136737 -0.970924 0.00412943 0.999988 -0.00264381 -0.0839585 -0.0136627 0.00270001 0.999903 0.224184
240 244 334 0.999927 -0.000858082 -0.0120161 0.974422 0.000774755 0.999976 -0.00693761 -0.101127 0.0120218 0.0069278 0.999904 0.200689
240 245 563 0.999831 -0.00244831 -0.0182056 0.970538 0.00227623 0.999953 -0.00946722 -0.212267 0.0182279 0.00942419 0.999789 -0.114013
240 246 149 0.999967 -0.00806258 0.000394627 0.823765 0.0080686 0.999789 -0.0188844 0.0541941 -0.000242287 0.018887 0.999822 -0.564335
240 247 434 0.999763 -0.00167314 -0.0216848 0.780629 0.0014222 0.999932 -0.0115825 0.0942605 0.0217027 0.011549 0.999698 -0.617846
240 248 442 0.999671 0.00223427 -0.0255338 0.868726 -0.00236766 0.999984 -0.00519484 -0.00505314 0.0255218 0.00525358 0.99966 -0.495268
240 249 800 0.999279 0.0077175 -0.0371778 0.887026 -0.00780252 0.999967 -0.00214247 0.111764 0.0371601 0.00243101 0.999306 -0.447988
240 250 682 0.998934 0.00557011 -0.0458316 0.886421 -0.00527752 0.999965 0.00650249 0.0395835 0.0458662 -0.00625368 0.998928 -0.461184
240 251 689 0.998778 0.00703453 -0.0489258 0.871091 -0.00643088 0.999901 0.0124845 0.12157 0.0490088 -0.0121547 0.998724 -0.475838
240 252 660 0.997079 0.0191718 -0.0739313 0.961827 -0.017479 0.999572 0.0234772 0.0157812 0.0743497 -0.0221164 0.996987 -0.273204
240 253 308 0.999362 0.0184858 -0.0305639 0.947742 -0.0178765 0.999638 0.02009 0.0734425 0.0309242 -0.0195308 0.999331 -0.310469
240 254 598 0.998679 0.0254091 -0.0446721 0.934875 -0.0245397 0.999501 0.0199058 0.0175942 0.0451555 -0.0187833 0.998803 -0.35454
255 256 265 0.999905 0.0137568 0.000735712 0.247661 -0.013764 0.999846 0.0109135 -0.0771697 -0.000585463 -0.0109226 0.99994 -0.965768
255 257 854 0.999043 0.0258927 -0.0352625 0.995614 -0.0252719 0.99952 0.0179384 -0.0921403 0.03571 -0.0170301 0.999217 -0.0162389
255 258 470 0.998876 0.0441772 -0.0171648 0.942706 -0.0440094 0.998981 0.010037 -0.0960568 0.0175907 -0.00927027 0.999802 0.319499
255 259 303 0.998522 0.0543461 -0.000416579 0.449664 -0.0543425 0.998503 0.00614415 -0.377453 0.000749866 -0.00611243 0.999981 -0.809526
255 260 420 0.998414 0.055564 -0.00904868 0.976723 -0.0556315 0.998424 -0.00738799 -0.203613 0.00862391 0.00787967 0.999932 -0.0674908
255 261 726 0.997726 0.0649156 -0.0181126 0.941221 -0.0652106 0.99774 -0.0162027 0.0345506 0.0170198 0.017347 0.999705 -0.336018
255 262 313 0.998032 0.0625133 -0.00484844 0.741567 -0.0625571 0.997996 -0.00948713 0.0759688 0.00424566 0.00977177 0.999943 -0.666564
255 263 678 0.997216 0.0690893 -0.028055 0.909483 -0.0691374 0.997607 -0.000746379 0.02695 0.0279363 0.00268395 0.999606 -0.414868
255 264 692 0.997016 0.06382 -0.04343 0.989048 -0.063654 0.997959 0.00519585 -0.107438 0.0436729 -0.00241585 0.999043 -0.101203
255 265 439 0.997192 0.0649246 -0.0373321 0.905843 -0.064886 0.99789 0.00224569 0.0443924 0.0373991 0.000182953 0.9993 -0.421281
255 266 719 0.996169 0.0713826 -0.0505183 0.964796 -0.0712957 0.997449 0.00352255 -0.00149196 0.0506409 9.2681e-05 0.998717 -0.262994
255 267 364 0.996815 0.0701259 -0.0379811 0.96574 -0.0704092 0.997499 -0.00617346 0.00865829 0.0374532 0.00882802 0.999259 -0.259367
255 268 413 0.996749 0.063645 -0.0494136 0.942373 -0.0643991 0.997829 -0.0138199 -0.0126957 0.0484268 0.0169571 0.998683 -0.334323
255 269 395 0.996824 0.0581013 -0.0544595 0.927327 -0.0594394 0.99796 -0.0232809 0.0468916 0.0529958 0.026444 0.998245 -0.371304
270 271 58 0.999993 0.00366462 -0.000904859 -0.281062 -0.00367004 0.999975 -0.00605653 0.891469 0.000882642 0.00605981 0.999981 -0.35537
270 272 102 0.9998 0.00823826 -0.0182255 0.887149 -0.00814312 0.999953 0.00528796 -0.322619 0.0182682 -0.00513849 0.99982 -0.329975
270 273 530 0.999994 0.00318933 0.00136148 -0.997489 -0.00318866 0.999995 -0.000492964 0.0281573 -0.00136305 0.00048862 0.999999 -0.0649877
270 274 242 0.999588 0.00749047 -0.0277073 0.374204 -0.0075369 0.99997 -0.00157147 0.227869 0.0276947 0.00177965 0.999615 -0.898914
270 275 328 0.999113 0.0111734 -0.0405884 0.677539 -0.0111858 0.999937 -7.86571e-05 0.233036 0.0405849 0.000532602 0.999176 -0.697592
270 276 174 0.999551 0.00979624 -0.0283072 -0.709536 -0.0098408 0.999951 -0.0014356 0.121604 0.0282918 0.00171352 0.999598 -0.694097
270 277 368 0.998763 0.0119627 -0.0482685 0.494778 -0.0122464 0.999909 -0.0055852 0.197958 0.0481973 0.0061694 0.998819 -0.846172
270 278 676 0.997205 0.0228237 -0.0711488 0.743992 -0.0227853 0.999739 0.0013512 0.157803 0.0711611 0.000273729 0.997465 -0.649287
270 279 677 0.996474 0.0269479 -0.0794533 0.924241 -0.026384 0.999619 0.00813841 0.114535 0.0796423 -0.00601342 0.996805 -0.364226
270 280 365 0.996356 0.0285154 -0.0803791 0.848622 -0.0280702 0.999584 0.00666426 0.118108 0.0805357 -0.00438373 0.996742 -0.515646
270 281 658 0.995072 0.0303341 -0.094406 0.810002 -0.0295359 0.999515 0.00984143 0.0390755 0.0946588 -0.00700456 0.995485 -0.585124
270 282 327 0.995206 0.0263235 -0.0941917 0.95233 -0.0255932 0.999632 0.00895312 0.0317466 0.0943927 -0.00649953 0.995514 -0.303414
270 283 563 0.993652 0.0310416 -0.10813 0.89968 -0.0307445 0.999518 0.00441429 0.0629908 0.108215 -0.00106186 0.994127 -0.431982
270 284 571 0.99113 0.033044 -0.12872 0.893187 -0.0327643 0.999454 0.00429048 0.0993159 0.128792 -3.4989e-05 0.991672 -0.438582
285 286 829 0.999498 -0.000176564 -0.0316933 0.990823 0.000209891 0.999999 0.00104822 -0.0908547 0.0316931 -0.00105435 0.999497 -0.100076
285 287 813 0.999243 0.00196555 -0.0388601 0.942732 -0.00187105 0.999995 0.00246797 -0.0374618 0.0388648 -0.00239339 0.999242 -0.33144
285 288 332 0.999752 0.00235759 -0.022145 0.596487 -0.00219063 0.999969 0.00756078 0.168701 0.0221622 -0.00751039 0.999726 -0.784693
285 289 406 0.999314 0.00446762 -0.0367627 0.66418 -0.00380603 0.99983 0.0180465 0.259434 0.0368371 -0.0178942 0.999161 -0.701112
285 290 290 0.998998 0.00237153 -0.0446941 0.642539 -0.00117026 0.999638 0.0268846 0.117475 0.0447417 -0.0268053 0.998639 -0.757194
285 291 330 0.998908 0.00734816 -0.0461286 0.210442 -0.00574348 0.999377 0.0348236 0.134909 0.0463557 -0.0345206 0.998328 -0.968253
285 292 609 0.996677 0.0228959 -0.0781702 0.931586 -0.0199383 0.999063 0.0384076 0.210749 0.0789763 -0.0367214 0.9962 -0.296198
285 293 497 0.997197 0.0240607 -0.0708449 0.84322 -0.0209745 0.998812 0.0439889 0.22297 0.0718191 -0.0423797 0.996517 -0.489147
285 294 501 0.996017 0.024648 -0.0856921 0.940779 -0.0205651 0.998626 0.0482063 0.142077 0.0867625 -0.046252 0.995155 -0.307813
285 295 550 0.992564 0.0373953 -0.115833 0.972981 -0.0324618 0.998496 0.0441894 0.1404 0.117311 -0.0401006 0.992285 -0.183292
285 296 491 0.992898 0.040621 -0.111821 0.876043 -0.0356612 0.998305 0.0460041 0.151192 0.1135 -0.0416897 0.992663 -0.457918
285 297 494 0.991629 0.0536396 -0.117449 0.89156 -0.0475941 0.997423 0.0536878 0.131203 0.120027 -0.0476485 0.991627 -0.433483
285 298 449 0.991459 0.0550435 -0.118232 0.954567 -0.0488446 0.997307 0.0547049 0.0966035 0.120924 -0.0484627 0.991478 -0.281905
285 299 404 0.990804 0.0652011 -0.118559 0.869178 -0.059333 0.996863 0.0523719 0.149445 0.121602 -0.0448558 0.991565 -0.471377
300 301 137 0.999985 -0.00229205 -0.00487456 0.453332 0.00231564 0.999986 0.00483954 -0.066526 0.00486339 -0.00485075 0.999976 0.888855
300 302 187 0.999903 -0.00482317 -0.013042 0.589204 0.00493488 0.999951 0.00854674 -0.0948909 0.0130002 -0.00861027 0.999878 0.802393
300 303 895 0.999331 0.00571077 -0.0361187 0.997149 -0.00529463 0.999919 0.0116067 0.00390696 0.036182 -0.0114077 0.99928 0.0753506
300 304 513 0.999485 0.0174986 -0.0268998 0.987101 -0.0172332 0.999801 0.0100675 0.135592 0.0270706 -0.00959879 0.999587 0.0851265
300 305 626 0.999535 0.0186503 -0.024127 0.789566 -0.0183601 0.999757 0.0121939 -0.151289 0.0243486 -0.0117452 0.999635 0.594724
300 306 752 0.998744 0.0289581 -0.0408967 0.999403 -0.0288727 0.99958 0.00267721 -0.00642537 0.0409571 -0.00149305 0.99916 0.0339595
300 307 845 0.998324 0.0338775 -0.046926 0.995108 -0.0342464 0.999388 -0.00707989 -0.0045109 0.0466575 0.00867507 0.998873 0.0986914
300 308 866 0.998085 0.0374688 -0.0492227 0.995742 -0.0380614 0.999213 -0.0111568 0.00468635 0.0487659 0.0130089 0.998726 -0.0920698
300 309 587 0.999009 0.0334972 -0.0293015 0.997114 -0.034037 0.999256 -0.0181186 0.0347027 0.0286727 0.019098 0.999406 0.0675241
300 310 615 0.998914 0.0235878 -0.0401798 0.989377 -0.0247744 0.999264 -0.0292934 -0.0470457 0.0394592 0.030257 0.998763 0.13755
300 311 574 0.999518 0.0148332 -0.0272665 0.997823 -0.0158427 0.999183 -0.0371881 -0.064996 0.0266926 0.0376022 0.998936 0.0111454
300 312 512 0.999637 0.011689 -0.024281 0.889425 -0.0127704 0.998911 -0.0448729 0.174422 0.0237301 0.0451666 0.998698 -0.422493
300 313 577 0.999513 0.00598218 -0.0306404 0.985638 -0.00744164 0.998832 -0.0477414 0.0976682 0.030319 0.0479462 0.99839 0.137761
300 314 569 0.999426 -0.00548177 -0.033416 0.993644 0.00368071 0.998549 -0.0537233 0.0243078 0.0336621 0.0535694 0.997997 -0.109916
315 316 40 0.999984 -0.00226212 -0.00514884 0.993835 0.00225878 0.999997 -0.000654009 0.110513 0.0051503 0.000642369 0.999987 -0.00885339
315 317 73 0.999958 -0.00748439 0.00521329 0.344529 0.0074752 0.99997 0.00177997 -0.0420438 -0.00522645 -0.00174092 0.999985 -0.937834
315 318 145 0.999942 -0.00497061 0.00955758 0.285061 0.00490818 0.999967 0.00654466 0.182845 -0.00958979 -0.00649737 0.999933 -0.940908
315 319 1022 0.999965 -0.000427482 -0.0083525 0.83983 0.000423781 1 -0.0004448 0.479968 0.00835269 0.000441244 0.999965 -0.253608
315 320 959 0.999994 0.0027938 -0.00200352 0.935972 -0.0027693 0.999923 0.0121302 0.137322 0.00203726 -0.0121245 0.999924 -0.324189
315 321 877 0.999955 0.00740622 0.005862 0.977807 -0.00748126 0.999889 0.0128848 0.0748997 -0.00576592 -0.0129281 0.9999 -0.195659
315 322 115 0.999598 0.0070627 0.0274742 0.820954 -0.00735943 0.999916 0.0107144 0.141142 -0.0273962 -0.0109123 0.999565 -0.553275
315 323 323 0.999828 0.00882916 0.0163243 0.949797 -0.00901082 0.999898 0.0110884 0.0789783 -0.0162247 -0.0112336 0.999805 -0.302733
315 324 219 0.999703 0.0104582 0.0220156 0.721114 -0.0107345 0.999865 0.0124732 0.166813 -0.0218822 -0.0127058 0.99968 -0.672435
315 325 327 0.999805 0.0128321 0.0150378 0.771525 -0.0130718 0.999787 0.0159529 0.115763 -0.0148299 -0.0161464 0.99976 -0.625578
315 326 232 0.999799 0.0108855 0.0168577 0.741595 -0.0111901 0.999774 0.0180826 0.167135 -0.016657 -0.0182676 0.999694 -0.649694
