0 1 107 0.999982 0.00355149 -0.00480832 0.398266 -0.00353884 0.99999 0.00263621 0.0641631 0.00481764 -0.00261914 0.999985 -0.915023
0 2 83 0.999845 0.00802762 -0.0156376 0.962754 -0.00791035 0.99994 0.00754656 -0.222438 0.0156973 -0.0074217 0.999849 -0.153709
0 3 176 0.999854 0.0119201 -0.012251 0.988592 -0.0117945 0.999878 0.0102755 -0.112126 0.012372 -0.0101295 0.999872 -0.10057
0 4 96 0.999916 0.0129385 0.000602419 0.599264 -0.0129439 0.999865 0.0100925 -0.0754136 -0.000471756 -0.0100995 0.999949 0.796991
0 5 410 0.999816 0.00908681 -0.0168871 0.791037 -0.00882338 0.999839 0.0156094 -0.564068 0.0170263 -0.0154575 0.999736 0.236829
0 6 821 0.999652 -0.00334593 0.0261659 -0.897298 0.00371503 0.999894 -0.0140706 0.414639 -0.026116 0.0141629 0.999559 -0.151431
0 7 714 0.999767 0.00956132 0.0193745 -0.775931 -0.00924667 0.999825 -0.0162653 0.385905 -0.0195267 0.0160823 0.99968 -0.499007
0 8 68 0.999979 0.00428689 0.00495722 -0.966042 -0.00422282 0.999908 -0.0128646 0.0840672 -0.00501192 0.0128434 0.999905 0.244327
0 9 37 0.999983 -0.0023746 -0.00532962 0.993174 0.0022945 0.999885 -0.0149844 -0.042561 0.00536459 0.0149719 0.999874 -0.108598
0 10 217 0.999768 -0.00307267 -0.0213088 0.909606 0.00276804 0.999894 -0.0143107 -0.0714997 0.0213505 0.0142484 0.999671 -0.409273
0 11 664 0.999476 0.00176898 -0.0323207 0.995887 -0.00220321 0.999908 -0.0134043 -0.0802305 0.032294 0.0134685 0.999388 0.0420949
0 12 791 0.999538 0.00734926 -0.0295043 0.938 -0.00759757 0.999937 -0.00831286 -0.273441 0.0294413 0.00853318 0.99953 -0.213039
0 13 239 0.999997 -0.00192849 0.00140568 -0.881338 0.00194988 0.99988 -0.0153727 0.0615005 -0.00137586 0.0153753 0.999881 -0.468466
0 14 209 0.999909 0.00039766 -0.0134931 0.968771 -0.000627195 0.999855 -0.0170113 -0.0150274 0.0134844 0.0170182 0.999764 0.247502
15 16 59 0.999974 -0.00721753 0.000493935 -0.647857 0.00721801 0.999973 -0.000970224 -0.0168265 -0.000486919 0.000973764 0.999999 0.761576
15 17 68 0.99992 -0.0115684 -0.00510298 0.677165 0.0115534 0.999929 -0.00296885 0.13146 0.00513696 0.00290965 0.999983 -0.723993
15 18 124 0.999814 -0.0136631 -0.0136337 0.91842 0.013621 0.999902 -0.00318074 0.179416 0.0136758 0.00299444 0.999902 -0.352583
15 19 182 0.999887 -0.0108979 -0.0103146 0.840511 0.0108933 0.999941 -0.000501745 0.226873 0.0103195 0.000389328 0.999947 -0.492005
15 20 173 0.999916 -0.0107645 -0.00727743 0.970941 0.0107724 0.999941 0.00104064 0.187447 0.0072658 -0.00111895 0.999973 -0.148789
15 21 811 0.999688 -0.0126523 -0.0215353 0.866053 0.0124214 0.999864 -0.010823 0.103779 0.0216693 0.0105521 0.99971 -0.489063
15 22 512 0.999727 -0.00389611 -0.0230423 0.974527 0.00367429 0.999947 -0.00966121 0.0843168 0.0230787 0.00957391 0.999688 -0.207817
15 23 229 0.999943 -0.0027203 -0.0103277 0.939132 0.00256616 0.999886 -0.014909 0.0692654 0.0103671 0.0148817 0.999836 -0.336503
15 24 631 0.999522 0.00301812 -0.0307583 0.994872 -0.00380967 0.999662 -0.0257086 0.0867983 0.0306703 0.0258135 0.999196 -0.0519114
15 25 599 0.999232 0.00176618 -0.0391495 0.922132 -0.00300297 0.999498 -0.0315552 0.046986 0.0390741 0.0316485 0.998735 -0.384011
15 26 859 0.998551 0.0051616 -0.0535624 0.916905 -0.00685832 0.999479 -0.0315422 0.0297949 0.0533716 0.0318638 0.998066 -0.397992
15 27 818 0.998805 0.0136481 -0.0469204 0.86826 -0.0150657 0.999437 -0.0299932 0.0813611 0.0464846 0.0306643 0.998448 -0.489392
15 28 747 0.998802 0.0207122 -0.0443378 0.812241 -0.0219928 0.999349 -0.0285918 0.0753606 0.0437168 0.0295326 0.998607 -0.578434
15 29 732 0.996342 0.0269344 -0.0811044 0.929919 -0.0289839 0.999287 -0.0241992 0.0429158 0.0803947 0.0264614 0.996412 -0.365252
30 31 160 0.999853 0.00986723 0.0140156 -0.736977 -0.00993316 0.99994 0.00464233 -0.148042 -0.013969 -0.00478087 0.999891 0.659506
30 32 177 0.999906 0.00818127 0.0110478 -0.65078 -0.00821578 0.999962 0.00308157 -0.017424 -0.0110221 -0.00317205 0.999934 0.759066
30 33 181 0.999963 0.00774674 0.00372106 -0.758725 -0.00775457 0.999968 0.0020954 -0.0119569 -0.00370471 -0.00212418 0.999991 0.651302
30 34 74 0.999938 0.00817167 -0.00760209 0.651577 -0.00815683 0.999965 0.00198038 0.13149 0.00761801 -0.00191825 0.999969 -0.7471
30 35 419 0.999984 0.00305024 0.00468714 -0.900924 -0.00307935 0.999976 0.0062162 -0.226225 -0.00466807 -0.00623054 0.99997 0.370349
30 36 87 0.999966 -0.000464981 -0.0081908 -0.805855 0.00048069 0.999998 0.00191599 -0.088435 0.0081899 -0.00191987 0.999965 0.585472
30 37 218 0.999679 0.00276486 -0.0251878 0.852431 -0.00272264 0.999995 0.00171049 0.102055 0.0251924 -0.00164136 0.999681 -0.512783
30 38 326 0.99933 0.0166872 -0.0325851 0.933431 -0.0165515 0.999853 0.00442829 0.161054 0.0326542 -0.00388599 0.999459 -0.320574
30 39 263 0.999499 0.0200362 -0.0245137 0.961276 -0.0197815 0.999748 0.0105875 0.105511 0.0247197 -0.0100973 0.999643 -0.254589
30 40 282 0.999553 0.0152204 -0.0257479 0.733887 -0.0148911 0.999805 0.0129357 0.100033 0.0259397 -0.0125465 0.999585 -0.671866
30 41 403 0.998876 0.0105789 -0.0461952 0.968783 -0.00975662 0.999791 0.0179895 0.124458 0.0463759 -0.0175185 0.99877 -0.214404
30 42 271 0.99924 0.00606315 -0.0385072 0.97673 -0.00537711 0.999825 0.0178945 0.10471 0.0386089 -0.0176738 0.999098 -0.187174
30 43 239 0.999283 0.00541535 -0.0374692 0.965579 -0.00489159 0.999889 0.0140559 0.147528 0.0375412 -0.0138625 0.999199 -0.214224
30 44 361 0.99833 0.00688905 -0.0573593 0.89543 -0.00553722 0.999704 0.0236934 0.154808 0.0575055 -0.0233362 0.998072 -0.41742
45 46 32 0.999802 0.0192771 0.00490572 0.0381824 -0.0192843 0.999813 0.00142578 -0.816516 -0.00487732 -0.0015201 0.999987 -0.576059
45 47 222 0.99982 0.00515162 0.0182465 -0.916808 -0.00511528 0.999985 -0.00203795 0.00957828 -0.0182567 0.00194425 0.999831 0.399213
45 48 48 0.999989 -0.000945928 0.00453971 -0.973668 0.000967107 0.999989 -0.00466525 0.00873983 -0.00453524 0.00466959 0.999979 0.227804
45 49 302 0.999802 0.00478358 -0.0192993 0.865143 -0.00469856 0.999979 0.00444812 0.0764232 0.0193202 -0.00435656 0.999804 -0.495669
45 50 722 0.99901 0.0170751 -0.0410804 0.98062 -0.016462 0.999749 0.0152159 -0.0877227 0.0413299 -0.0145246 0.99904 0.175183
45 51 242 0.999678 0.0155162 -0.020103 0.620773 -0.0155337 0.999879 -0.000711292 -0.0680438 0.0200895 0.00102334 0.999798 0.781032
45 52 531 0.99795 0.0279092 -0.0575938 0.985162 -0.0289438 0.999433 -0.0172087 -0.00970712 0.0570808 0.0188404 0.998192 0.171354
45 53 318 0.998107 0.0367422 -0.0493271 0.996209 -0.0375918 0.999158 -0.0164077 0.061853 0.0486828 0.018231 0.998648 -0.0611627
45 54 496 0.997381 0.0584081 -0.0426604 0.995896 -0.058566 0.998281 -0.00246002 0.0489475 0.0424434 0.00495203 0.999087 -0.0761245
45 55 445 0.997591 0.0564544 -0.0403166 0.979954 -0.0562448 0.998397 0.00631461 0.0282678 0.0406085 -0.0040318 0.999167 -0.197208
45 56 519 0.996854 0.0539519 -0.0580599 0.999287 -0.053314 0.9985 0.0124806 0.0292231 0.0586461 -0.00934591 0.998235 -0.0239046
45 57 284 0.997777 0.0493341 -0.0447968 0.950578 -0.0486831 0.998694 0.0155098 0.017936 0.0455035 -0.0132945 0.998876 0.309966
45 58 640 0.994824 0.0534448 -0.0864191 0.981084 -0.0532631 0.998571 0.00440928 0.0509898 0.0865312 0.000216487 0.996249 0.186744
45 59 564 0.996484 0.0526901 -0.0651359 0.998008 -0.0525272 0.998611 0.00421092 0.0629251 0.0652672 -0.000774705 0.997868 -0.00443479
60 61 219 0.999937 0.000628723 0.0111851 -0.807719 -0.000656529 0.999997 0.00248248 0.235392 -0.0111835 -0.00248967 0.999934 -0.540537
60 62 60 1 0.000252023 -0.000187939 0.932347 -0.000251351 0.999994 0.00357107 -0.192889 0.000188838 -0.00357102 0.999994 0.305815
60 63 23 0.999982 -0.00479511 0.00368438 -0.901228 0.00480016 0.999988 -0.00136369 -0.157101 -0.00367779 0.00138135 0.999992 0.403865
60 64 473 0.999848 -0.00403878 -0.0169368 0.995688 0.0039947 0.999989 -0.00263507 0.0537687 0.0169473 0.00256701 0.999853 -0.0755988
60 65 299 0.999946 -0.0089582 -0.00533106 0.997808 0.00892888 0.999945 -0.00549799 0.0294514 0.00538002 0.00545009 0.999971 0.0592573
60 66 325 0.999904 -0.0125068 -0.00595036 0.948986 0.0124463 0.999872 -0.0101019 0.0894015 0.00607594 0.0100269 0.999931 -0.302378
60 67 687 0.99963 -0.0132723 -0.0237289 0.989996 0.0129647 0.999831 -0.0130706 0.0964552 0.0238984 0.0127581 0.999633 -0.102978
60 68 340 0.999805 -0.0111371 -0.0163105 0.976679 0.0109439 0.999869 -0.011888 0.0314564 0.0164407 0.0117072 0.999796 -0.21239
60 69 339 0.999851 -0.00968416 -0.0143151 0.920843 0.00945458 0.999827 -0.0160191 0.0817427 0.0144678 0.0158814 0.999769 -0.38127
60 70 477 0.99969 -0.00908766 -0.023193 0.86499 0.00879891 0.999883 -0.0125218 0.102145 0.0233041 0.0123138 0.999653 -0.491282
60 71 713 0.999327 -0.0100136 -0.0352885 0.958599 0.00968782 0.999909 -0.00939205 0.085639 0.0353794 0.00904386 0.999333 -0.271577
60 72 398 0.999518 -0.00659984 -0.0303367 0.989146 0.00631414 0.999935 -0.00950367 0.0984256 0.0303975 0.00930754 0.999495 -0.109102
60 73 847 0.998463 -0.00311332 -0.0553292 0.966077 0.00233839 0.999898 -0.0140649 0.115612 0.0553674 0.0139139 0.998369 -0.23093
60 74 768 0.998731 -0.00010067 -0.0503562 0.923406 -0.000309198 0.999967 -0.00813152 0.0279025 0.0503553 0.00813678 0.998698 -0.382808
75 76 54 0.999981 0.00612272 -0.00081869 0.784464 -0.00612075 0.999978 0.00238755 -0.074072 0.00083329 -0.00238249 0.999997 -0.615735
75 77 52 0.999995 0.00322614 -0.000494498 0.893005 -0.00322528 0.999993 0.00172767 0.0197611 0.000500068 -0.00172606 0.999998 -0.449613
75 78 352 0.999857 0.00356859 -0.0165315 0.975378 -0.00360394 0.999991 -0.00210881 0.121167 0.0165238 0.00216808 0.999861 -0.184275
75 79 356 0.999819 0.0106421 -0.0157518 0.956718 -0.0107034 0.999935 -0.00381087 0.021346 0.0157102 0.00397878 0.999869 -0.290233
75 80 315 0.999718 0.0180353 -0.0154282 0.934636 -0.0181871 0.999787 -0.00975303 0.0626402 0.015249 0.0100309 0.999833 -0.350046
75 81 422 0.999567 0.0199047 -0.0216586 0.795307 -0.0202242 0.999688 -0.014636 0.124324 0.0213605 0.0150676 0.999658 -0.593322
75 82 806 0.999048 0.0192489 -0.0391572 0.902383 -0.0197484 0.999728 -0.0124089 0.102954 0.0389077 0.0131704 0.999156 -0.418455
75 83 522 0.999057 0.0232277 -0.0366705 0.929681 -0.023694 0.999643 -0.0123339 0.128877 0.0363709 0.0131912 0.999251 -0.345086
75 84 448 0.99893 0.0293085 -0.0357772 0.799666 -0.0297271 0.999495 -0.0112267 0.182196 0.0354301 0.0122782 0.999297 -0.572135
75 85 277 0.999855 0.0167074 0.00322013 0.192405 -0.0166942 0.999852 -0.00408337 0.285607 -0.00328787 0.00402902 0.999986 -0.938834
75 86 151 0.998801 0.0436479 -0.0221892 -0.0234712 -0.0429549 0.998602 0.0308073 -0.430355 0.0235028 -0.0298172 0.999279 -0.902354
75 87 717 0.998108 0.0475077 -0.0390196 0.911717 -0.0463957 0.998504 0.0289266 0.174457 0.0403355 -0.0270615 0.99882 -0.371936
75 88 448 0.998612 0.0440291 -0.0288984 0.790887 -0.0431015 0.998559 0.0319745 0.146638 0.0302645 -0.0306845 0.999071 -0.594134
75 89 339 0.998663 0.0418759 -0.0303088 0.89908 -0.0409981 0.998737 0.0290273 0.249629 0.031486 -0.0277459 0.999119 -0.35964
90 91 146 0.999971 -0.00632346 -0.00424482 0.0189708 0.0063612 0.99994 0.00893842 -0.93454 0.00418804 -0.00896516 0.999951 -0.355351
90 92 224 0.999982 -0.0018914 -0.0057379 0.271845 0.00186721 0.999989 -0.00421893 -0.146378 0.00574582 0.00420814 0.999975 0.951144
90 93 266 0.999933 -0.00560877 -0.0100975 0.189747 0.00565456 0.999974 0.00451212 0.193677 0.0100719 -0.00456892 0.999939 -0.962541
90 94 209 0.999805 -0.00687787 -0.0185154 0.778716 0.00699398 0.999956 0.00621347 0.164716 0.0184719 -0.00634175 0.999809 -0.605368
90 95 536 0.999211 -0.00791746 -0.0389234 0.895023 0.00799453 0.999966 0.00182467 0.0877349 0.0389076 -0.0021344 0.999241 -0.437305
90 96 313 0.99924 -0.0087891 -0.0379804 0.837979 0.00875905 0.999961 -0.000957662 0.0496877 0.0379874 0.000624262 0.999278 -0.543436
90 97 631 0.998264 -0.00721881 -0.058448 0.918806 0.00697723 0.999966 -0.00433629 -0.0121198 0.0584774 0.00392095 0.998281 -0.394524
90 98 311 0.99941 -0.0117195 -0.032276 0.840667 0.0114662 0.999902 -0.00802257 0.0728617 0.0323668 0.00764776 0.999447 -0.536629
90 99 537 0.998372 -0.0146911 -0.0551207 0.848562 0.0141406 0.999846 -0.0103629 0.0376039 0.0552645 0.00956654 0.998426 -0.527758
90 100 550 0.996177 -0.0128221 -0.0864114 0.907583 0.012142 0.999891 -0.00839111 0.0767669 0.0865096 0.00730982 0.996224 -0.412796
90 101 526 0.996887 -0.0101091 -0.0781954 0.942523 0.00966107 0.999935 -0.0061058 0.0677582 0.078252 0.00533134 0.996919 -0.3272
90 102 542 0.995431 0.00319447 -0.0954255 0.962313 -0.00338546 0.999993 -0.0018396 -0.00390372 0.095419 0.00215426 0.995435 -0.271917
90 103 475 0.995105 0.000744485 -0.0988178 0.964161 -0.00199528 0.999919 -0.0125593 0.0866699 0.0988004 0.012695 0.995026 -0.250764
90 104 519 0.994978 0.00778576 -0.0997862 0.969715 -0.00902464 0.999888 -0.0119699 0.0449866 0.0996818 0.0128103 0.994937 -0.240062
105 106 68 0.999976 0.00657932 -0.00219144 0.551051 -0.00658647 0.999973 -0.00327141 0.173784 0.00216986 0.00328577 0.999992 -0.816175
105 107 609 0.999492 0.0218653 -0.0231767 0.999213 -0.0219153 0.999758 -0.00190402 0.0198112 0.0231294 0.00241097 0.99973 -0.0343742
105 108 45 0.999724 0.0234669 -0.00126968 0.923932 -0.0234764 0.999692 -0.00800745 -0.24342 0.00108137 0.00803505 0.999967 0.29512
105 109 391 0.998831 0.0438836 -0.0202743 0.980648 -0.0441173 0.998963 -0.0112257 -0.155494 0.0197607 0.012107 0.999731 -0.118962
105 110 326 0.998498 0.0516087 -0.018417 0.959147 -0.0519397 0.998489 -0.0179717 0.0116399 0.0174616 0.0189012 0.999669 -0.282668
105 111 344 0.997921 0.0578469 -0.0284137 0.864236 -0.0582554 0.998207 -0.013765 -0.0121068 0.0275665 0.0153917 0.999501 -0.502941
105 112 245 0.998374 0.0565587 -0.00707681 0.806297 -0.0566306 0.998341 -0.0104045 0.0173834 0.0064766 0.0107884 0.999921 -0.591255
105 113 289 0.997855 0.0581556 -0.0300668 0.941999 -0.0584345 0.998255 -0.00848036 -0.0204558 0.0295212 0.0102191 0.999512 -0.334993
105 114 304 0.997962 0.0596195 -0.0227524 0.990188 -0.0597034 0.998212 -0.00302888 -0.0259098 0.0225311 0.0043811 0.999737 -0.137319
105 115 236 0.998134 0.052885 -0.0305242 0.986503 -0.0531084 0.998567 -0.00655345 -0.122513 0.0301339 0.00816232 0.999513 0.108642
105 116 39 0.998977 0.0387521 0.0233241 -0.0793215 -0.0380018 0.998772 -0.0317931 -0.959993 -0.0245275 0.0308742 0.999222 -0.268555
105 117 29 0.999183 0.034571 0.0209405 0.0412281 -0.0332487 0.997614 -0.0605036 0.804099 -0.0229822 0.0597579 0.997948 0.593064
105 118 55 0.999224 0.0356952 0.0166768 0.00813024 -0.0341559 0.995803 -0.0849115 0.925911 -0.0196377 0.084276 0.996249 0.377653
105 119 27 0.998594 0.051015 0.0144122 0.0930119 -0.0496799 0.995446 -0.08136 0.913838 -0.0184971 0.0805296 0.996581 0.395283
120 121 70 0.99989 0.00720239 0.0129433 0.158504 -0.00722837 0.999972 0.00196166 0.289916 -0.0129288 -0.002055 0.999914 -0.943835
120 122 352 0.999102 0.0143667 0.0398653 -0.994918 -0.0148083 0.999832 0.0108065 0.0897155 -0.0397033 -0.0113871 0.999147 0.0457133
120 123 103 0.999409 0.0145444 0.0311313 -0.74061 -0.0151022 0.999728 0.0177585 -0.117918 -0.0308646 -0.0182182 0.999358 0.661507
120 124 104 0.999601 0.0135206 0.0248187 0.587839 -0.0141706 0.999556 0.0262037 -0.255396 -0.0244534 -0.0265449 0.999348 0.767606
120 125 122 0.9994 0.000968911 0.0346234 -0.727585 -0.0023327 0.999222 0.0393707 -0.0364289 -0.0345583 -0.0394278 0.998625 0.68505
120 126 304 0.999354 -0.0176806 0.0312984 -0.636294 0.0162511 0.998839 0.0453531 -0.0648479 -0.0320639 -0.0448151 0.998481 0.768716
120 127 343 0.998788 -0.0391596 0.029825 -0.642703 0.0379294 0.998449 0.0407549 -0.104485 -0.0313747 -0.0395743 0.998724 0.758957
120 128 294 0.999157 -0.0396093 -0.0107721 0.550636 0.0400444 0.998241 0.0437301 -0.21969 0.009021 -0.0441246 0.998985 0.805318
120 129 410 0.995399 -0.057642 0.0765436 -0.736379 0.0549331 0.997803 0.0370385 -0.0833656 -0.0785104 -0.0326633 0.996378 0.671414
120 130 201 0.999012 -0.0440481 0.00591125 0.652667 0.0437835 0.998272 0.0391953 -0.176751 -0.00762751 -0.0388977 0.999214 0.73674
120 131 257 0.998594 -0.0529857 -0.00141736 0.459323 0.052993 0.997455 0.047707 -0.118931 -0.00111404 -0.047715 0.99886 0.880271
120 132 285 0.988155 -0.0846683 0.127988 -0.836066 0.0785515 0.995547 0.0521157 -0.0636066 -0.131831 -0.0414447 0.990405 0.544929
120 133 224 0.997127 -0.0624299 -0.0428973 0.557459 0.0647681 0.996357 0.0554699 -0.10113 0.0392781 -0.058089 0.997538 0.824022
120 134 321 0.997115 -0.0545283 -0.0528013 0.545479 0.057856 0.996291 0.0636917 -0.100502 0.0491325 -0.0665628 0.996572 0.832077
135 136 58 0.999952 -0.00758245 -0.00615352 0.143583 0.00751093 0.999905 -0.0115634 0.517764 0.00624061 0.0115166 0.999914 -0.843388
135 137 337 0.999453 0.00290308 -0.0329554 0.984697 -0.00335338 0.999902 -0.0136169 -0.0892927 0.0329127 0.0137199 0.999364 -0.149662
135 138 31 0.999806 0.00500628 -0.0190404 -0.980137 -0.00539268 0.999779 -0.0202968 0.133414 0.0189346 0.0203955 0.999613 -0.146735
135 139 23 0.99944 0.00330762 -0.0333024 0.960452 -0.00409103 0.999716 -0.0234835 -0.25848 0.0332152 0.0236066 0.999169 0.103533
135 140 43 0.999455 0.00347628 -0.0328368 -0.925216 -0.00448633 0.999517 -0.0307361 0.000184022 0.0327141 0.0308667 0.998988 0.379441
135 141 513 0.995329 -0.00370865 -0.0964662 0.941472 -0.00143432 0.998583 -0.0531898 0.293166 0.0965268 0.0530798 0.993914 -0.166389
135 142 502 0.995196 0.000893627 -0.0979031 0.902178 -0.0062434 0.998502 -0.0543509 0.400369 0.0977079 0.054701 0.993711 -0.160558
135 143 77 0.998214 0.0114962 -0.0586209 0.595863 -0.0132498 0.999474 -0.0296147 0.191601 0.0582496 0.0303385 0.997841 -0.779895
135 144 492 0.999275 0.0362165 -0.0117425 -0.970444 -0.0365143 0.998989 -0.026225 0.163203 0.0107808 0.0266347 0.999587 0.177771
135 145 538 0.989626 0.0217486 -0.14201 0.981364 -0.0268198 0.999066 -0.033894 0.167526 0.14114 0.0373511 0.989285 -0.0941306
135 146 104 0.996566 0.0367021 -0.0742231 0.962295 -0.0378545 0.999183 -0.0141795 0.0779028 0.073642 0.0169404 0.997141 -0.260614
135 147 164 0.997469 0.0414149 -0.0577977 -0.999126 -0.0420704 0.999063 -0.0101707 0.0416309 0.0573223 0.0125765 0.998277 0.00373178
135 148 296 0.994839 0.0439392 -0.0914536 0.997947 -0.0452066 0.998908 -0.011833 -0.0409977 0.0908337 0.0159063 0.995739 -0.0492005
135 149 250 0.996132 0.0266809 -0.0837155 0.993825 -0.0284078 0.999406 -0.0195051 0.0741893 0.0831453 0.0218078 0.996299 -0.0825085
150 151 64 0.999969 0.00775277 0.00160118 0.0495845 -0.0077438 0.999955 -0.00553363 0.886766 -0.001644 0.00552105 0.999983 0.459552
150 152 109 0.999966 0.00643537 0.00518962 -0.194498 -0.00644746 0.999977 0.00231457 -0.262332 -0.0051746 -0.00234795 0.999984 0.945173
150 153 348 0.999859 0.00754585 -0.0150004 0.985901 -0.0075969 0.999966 -0.00334908 -0.00254048 0.0149746 0.00346256 0.999882 -0.167313
150 154 566 0.999683 0.00783816 -0.0239148 0.994788 -0.00790842 0.999965 -0.00284472 0.0289346 0.0238917 0.00303295 0.99971 -0.097769
150 155 95 0.999914 0.00443057 -0.0123053 0.932538 -0.00450406 0.999972 -0.00595067 -0.0441142 0.0122786 0.00600558 0.999907 0.358367
150 156 330 0.999602 -0.00140113 -0.0281629 0.998199 0.00107507 0.999932 -0.0115894 0.00498388 0.0281772 0.0115545 0.999536 -0.0597879
150 157 666 0.998583 0.0037727 -0.0530862 0.99588 -0.00466007 0.999851 -0.0166017 0.0906719 0.0530157 0.0168255 0.998452 -0.000821635
150 158 339 0.999297 0.00604113 -0.0369937 0.961308 -0.00650627 0.999901 -0.012466 -0.0330438 0.0369147 0.0126979 0.999238 -0.273486
150 159 645 0.997534 0.0121023 -0.0691314 0.991097 -0.013426 0.999735 -0.018715 0.0544929 0.0688866 0.019597 0.997432 -0.121478
150 160 623 0.998195 0.0107269 -0.0590874 0.994469 -0.0118145 0.999767 -0.0180881 -0.00940086 0.0588796 0.0187536 0.998089 -0.104606
150 161 269 0.999109 0.0176075 -0.0383585 0.989249 -0.0182654 0.999691 -0.016867 -0.0578231 0.0380496 0.0175526 0.999122 -0.134327
150 162 565 0.996845 0.0172988 -0.0774698 0.97976 -0.0183608 0.999747 -0.0130178 -0.0872369 0.0772249 0.0143992 0.99691 -0.180166
150 163 552 0.996698 0.0175487 -0.0792808 0.993773 -0.0187734 0.999715 -0.0147295 -0.0902665 0.0789997 0.0161693 0.996743 -0.0653205
150 164 457 0.997199 0.0149452 -0.0732875 0.993216 -0.016748 0.999571 -0.0240471 0.0361578 0.0728967 0.0252072 0.997021 -0.110519
165 166 403 0.999737 0.000162391 -0.0229248 0.970274 -0.000114354 0.999998 0.00209671 -0.152729 0.0229251 -0.00209354 0.999735 -0.187731
165 167 22 0.999991 0.0041495 -0.000996941 0.99691 -0.00414522 0.999982 0.00425135 0.0734256 0.00101456 -0.00424718 0.99999 0.0279141
165 168 298 0.999693 0.0160961 -0.0188154 0.995261 -0.015957 0.999844 0.00751667 -0.0946305 0.0189334 -0.00721413 0.999795 0.0223649
165 169 627 0.999293 0.0276662 -0.0254747 0.971009 -0.0276976 0.999616 -0.000880453 0.0341423 0.0254406 0.00158542 0.999675 0.23659
165 170 335 0.999562 0.0276818 -0.0105098 0.987982 -0.027684 0.999617 -6.36635e-05 -0.102393 0.010504 0.000354589 0.999945 0.115793
165 171 344 0.999676 0.022956 -0.0109818 0.998011 -0.0230403 0.999706 -0.00761549 -0.0426569 0.0108038 0.00786605 0.999911 0.0464092
165 172 336 0.999531 0.0206605 -0.0225834 0.971057 -0.0209711 0.999687 -0.0136068 0.0606728 0.0222952 0.014074 0.999652 -0.231013
165 173 557 0.997541 0.0412564 -0.0566622 0.922922 -0.0411011 0.999147 0.00390519 -0.0627472 0.056775 -0.00156671 0.998386 -0.37984
165 174 579 0.998378 0.0435636 -0.0366576 0.994958 -0.0434005 0.999044 0.00523332 0.0329616 0.0368505 -0.00363388 0.999314 -0.0947211
165 175 360 0.998948 0.0403448 -0.0217969 0.987428 -0.0401206 0.999138 0.0106261 0.0178439 0.0222068 -0.00974039 0.999706 -0.157056
165 176 246 0.998995 0.0359849 0.0267035 -0.874497 -0.0362923 0.999279 0.0111189 0.015779 -0.0262842 -0.0120769 0.999582 0.484774
165 177 507 0.998578 0.0412353 -0.0337985 0.996698 -0.0408751 0.999101 0.0112807 -0.0811449 0.0342333 -0.0098831 0.999365 -0.00283305
165 178 565 0.997554 0.0325247 -0.0618744 0.998731 -0.0326523 0.999466 -0.00105146 0.00408673 0.0618071 0.00306923 0.998083 -0.0501968
165 179 552 0.997816 0.0360885 -0.0553249 0.995532 -0.0361752 0.999345 -0.000566046 0.024854 0.0552683 0.0025662 0.998468 -0.0910926
180 181 205 0.99986 0.00430451 -0.0161632 0.962769 -0.00427213 0.999989 0.00203708 -0.0843874 0.0161717 -0.00196775 0.999867 -0.256816
180 182 267 0.999987 -0.00121746 0.00502634 -0.833354 0.00118006 0.999972 0.00743667 -0.0952048 -0.00503525 -0.00743064 0.99996 -0.544479
180 183 53 0.999998 -0.00114448 0.00180156 -0.993787 0.00113473 0.999985 0.00540096 -0.0787319 -0.00180771 -0.0053989 0.999984 -0.0786677
180 184 241 0.999898 0.0121641 0.00745379 -0.989296 -0.0122121 0.999905 0.0064376 0.0337479 -0.00737478 -0.00652797 0.999951 -0.141964
180 185 50 0.99996 0.00892034 0.000184026 -0.937462 -0.00892114 0.999948 0.0049287 0.0609301 -0.00014005 -0.00493015 0.999988 -0.342714
180 186 359 0.999628 0.00766012 -0.0261885 0.971916 -0.00777171 0.999961 -0.0041622 0.201334 0.0261556 0.00436418 0.999648 0.121836
180 187 176 0.999873 0.0158602 -0.00145965 -0.994836 -0.0158616 0.999874 -0.000965294 0.0691634 0.00144416 0.000988324 0.999998 -0.0742875
180 188 487 0.999032 0.00564965 -0.0436305 0.889501 -0.00606527 0.999937 -0.00939954 0.159754 0.0435746 0.00965507 0.999004 -0.428097
180 189 394 0.999441 0.00922273 -0.0321294 0.873649 -0.00938638 0.999944 -0.00494632 0.109157 0.0320819 0.00524514 0.999471 -0.474155
180 190 613 0.997864 0.0214171 -0.0617194 0.93706 -0.0217241 0.999755 -0.00430682 0.0464323 0.061612 0.00563842 0.998084 -0.346068
180 191 596 0.997172 0.0237848 -0.0712851 0.932571 -0.0241197 0.999702 -0.00384076 0.0990293 0.0711725 0.00554927 0.997449 -0.347137
180 192 388 0.998256 0.0151632 -0.0570556 0.932076 -0.0154671 0.999868 -0.00488736 0.15172 0.056974 0.00576132 0.998359 -0.32896
180 193 349 0.999142 0.00929836 -0.0403684 0.812798 -0.00952985 0.999939 -0.00554589 0.217543 0.0403144 0.00592583 0.999169 -0.540402
180 194 152 0.998397 0.0478631 -0.0302124 -0.871517 -0.0474962 0.99879 0.0127446 0.00180408 0.0307858 -0.0112892 0.999462 -0.490362
195 196 92 0.999901 0.00932585 -0.0104894 0.857626 -0.00927078 0.999943 0.00528647 -0.351289 0.0105381 -0.0051887 0.999931 -0.375598
195 197 405 0.999693 0.0179637 -0.0170424 0.82757 -0.0177376 0.999754 0.0133261 -0.333189 0.0172776 -0.0130197 0.999766 -0.451789
195 198 511 0.999513 0.0188065 -0.02491 0.964057 -0.0185197 0.99976 0.011693 -0.0273219 0.025124 -0.011226 0.999621 -0.264289
195 199 597 0.99897 0.0314713 -0.0326976 0.923884 -0.03092 0.999373 0.0172346 -0.259265 0.0332195 -0.0162059 0.999317 -0.28146
195 200 518 0.998483 0.0362268 -0.0414664 0.988635 -0.0358954 0.999318 0.00870724 -0.0795358 0.0417536 -0.00720558 0.999102 -0.127575
195 201 188 0.999829 0.0172559 0.00665508 0.271419 -0.0172506 0.999851 -0.000847946 -0.217818 -0.00666872 0.000732996 0.999977 0.93749
195 202 281 0.999174 0.0345075 -0.0214467 0.990338 -0.0349168 0.999209 -0.0190124 -0.0891281 0.0207737 0.0197455 0.999589 0.106244
195 203 152 0.998914 0.0465808 0.000751513 -0.900501 -0.0465466 0.998592 -0.0254586 0.108168 -0.00193634 0.025396 0.999676 -0.421185
195 204 396 0.994658 0.0373982 -0.0962169 0.966022 -0.0412346 0.998419 -0.0381977 0.148495 0.0946363 0.0419611 0.994627 -0.211542
195 205 363 0.993183 0.0196757 -0.114891 0.944154 -0.0243665 0.99892 -0.0395672 0.219396 0.113988 0.0420969 0.99259 -0.245844
195 206 337 0.996228 0.081954 0.0285077 -0.957777 -0.0820319 0.996628 0.00157249 0.277446 -0.0282827 -0.00390511 0.999592 -0.0754168
195 207 461 0.993431 0.035216 -0.108881 0.969778 -0.0322951 0.999073 0.0284743 -0.229425 0.109783 -0.0247709 0.993647 -0.0830417
195 208 138 0.997174 0.0744525 0.0100366 -0.954315 -0.074462 0.997224 0.00057369 0.238361 -0.009966 -0.00131941 0.999949 -0.180185
195 209 424 0.997257 0.045684 -0.0582323 0.988579 -0.0464881 0.99884 -0.0125285 0.0663624 0.0575924 0.0152012 0.998224 -0.135302
210 211 323 0.999845 0.00103436 -0.0175797 0.876347 -0.000978317 0.999994 0.0031965 -0.255842 0.0175829 -0.0031788 0.99984 -0.408119
210 212 212 0.999938 0.0038427 0.0104712 -0.896251 -0.00390616 0.999974 0.00604662 0.0452565 -0.0104477 -0.00608715 0.999927 -0.441233
210 213 455 0.99981 0.00362196 0.0191742 -0.973917 -0.0036927 0.999987 0.00365557 0.222709 -0.0191607 -0.00372568 0.999809 -0.0434197
210 214 383 0.999924 0.00544505 0.0110798 -0.944883 -0.00547905 0.99998 0.00304123 0.306632 -0.011063 -0.00310171 0.999934 -0.114771
210 215 74 0.999886 -0.00454064 -0.0143978 -0.869982 0.00474437 0.999889 0.0141478 0.0931297 0.014332 -0.0142145 0.999796 -0.484208
210 216 397 0.990302 -0.0269439 -0.136291 0.96524 0.033357 0.99843 0.0449907 -0.257274 0.134865 -0.0491006 0.989647 0.0460697
210 217 119 0.999489 0.00129222 -0.0319535 0.957823 -0.000627587 0.999783 0.0208013 -0.286317 0.0319735 -0.0207706 0.999273 0.0244461
210 218 67 0.999792 -0.00183144 -0.020329 -0.862773 0.00219848 0.999835 0.0180478 0.0470176 0.0202926 -0.0180887 0.99963 -0.5034
210 219 318 0.979853 -0.029579 -0.197517 0.961715 0.0429542 0.997039 0.0637787 -0.248438 0.195046 -0.070978 0.978223 0.115688
210 220 282 0.984386 -0.00847741 -0.175817 0.94223 0.0221844 0.99685 0.076143 -0.322187 0.174618 -0.0788545 0.981474 0.0916428
210 221 191 0.998868 0.0233488 -0.0414426 0.799587 -0.0220575 0.999265 0.0313457 -0.0483354 0.042144 -0.0303961 0.998649 0.598602
210 222 304 0.992478 0.0116238 -0.12187 0.950942 -0.00450907 0.998278 0.0584934 -0.307445 0.12234 -0.0575039 0.990821 0.0344418
210 223 311 0.985868 -0.000606519 -0.167523 0.948835 0.0133978 0.997076 0.0752357 -0.303903 0.166987 -0.0764169 0.982993 0.0857628
210 224 297 0.990659 0.0161089 -0.13541 0.954663 -0.007358 0.997866 0.0648793 -0.286404 0.136166 -0.0632769 0.988663 0.0811885
225 226 47 0.999968 -0.00327064 -0.00732367 0.885934 0.0032941 0.999989 0.00319296 -0.143824 0.00731315 -0.00321698 0.999968 0.440949
225 227 198 0.999794 0.00242487 -0.0201487 0.990012 -0.00230934 0.999981 0.00575496 -0.127988 0.0201623 -0.00570724 0.99978 0.0591208
225 228 151 0.999892 0.00871804 -0.0118049 0.972391 -0.00869266 0.99996 0.00219974 -0.0843835 0.0118236 -0.00209689 0.999928 0.217566
225 229 649 0.999177 0.0188574 -0.0359123 0.991079 -0.0186678 0.99981 0.00560695 -0.129107 0.0360112 -0.00493193 0.999339 -0.033068
225 230 216 0.999919 0.00967097 0.00822447 0.276263 -0.00978371 0.999857 0.0137801 -0.131599 -0.00809003 -0.0138595 0.999871 0.952029
225 231 108 0.999229 0.0247311 -0.0304832 0.988363 -0.0239121 0.999351 0.0269446 -0.0483027 0.0311298 -0.0261949 0.999172 0.144243
225 232 112 0.999776 0.0127154 -0.0169239 0.26123 -0.0119907 0.999035 0.0422553 -0.0994967 0.0174449 -0.0420429 0.998963 0.960135
225 233 306 0.993318 0.0353857 -0.109853 0.991777 -0.029166 0.997907 0.0577177 0.107909 0.111665 -0.0541281 0.992271 -0.0688078
225 234 331 0.992262 0.039688 -0.117645 0.998021 -0.0320953 0.99732 0.0657464 0.061939 0.119939 -0.0614618 0.990877 -0.0108808
225 235 326 0.995716 0.0381058 -0.0842472 0.999101 -0.0324292 0.997175 0.0677515 0.0417214 0.0865909 -0.0647292 0.994139 0.00754805
225 236 444 0.996369 0.0413682 -0.074419 0.993188 -0.0361629 0.996893 0.069982 0.0648202 0.0770828 -0.0670367 0.994768 0.096832
225 237 351 0.996939 0.0384876 -0.0680476 0.985198 -0.0336198 0.996889 0.0712888 -0.00722478 0.0705796 -0.0687829 0.995132 0.171267
225 238 297 0.999948 0.00665853 0.00770662 0.278721 -0.00710251 0.998227 0.0590944 -0.0222386 -0.00729947 -0.0591461 0.998223 0.960115
225 239 453 0.995786 0.0343654 -0.0850264 0.998529 -0.0299548 0.998165 0.0526168 0.051897 0.0866786 -0.0498482 0.994988 0.0157004
240 241 143 0.999988 0.00482917 0.000535298 0.300176 -0.00483013 0.999987 0.00180702 -0.217565 -0.000526564 -0.00180958 0.999998 0.928741
240 242 67 0.999972 0.00165749 -0.00728316 0.930376 -0.00164774 0.999998 0.00134468 -0.340232 0.00728538 -0.00133265 0.999973 0.136536
240 243 199 0.999987 -0.00121479 -0.00498567 0.756808 0.00120468 0.999997 -0.00203098 -0.228109 0.00498812 0.00202494 0.999986 0.612542
240 244 80 0.999987 -0.000609938 0.0050003 -0.806425 0.000660278 0.999949 -0.010072 0.237691 -0.00499391 0.0100752 0.999937 -0.541463
240 245 844 0.999275 -0.00318342 -0.037942 0.983396 0.00292508 0.999972 -0.00686241 -0.181431 0.0379628 0.00674645 0.999256 0.0039489
240 246 292 0.999971 -0.00483147 -0.00595397 0.921814 0.00472662 0.999836 -0.0175002 0.0683379 0.00603755 0.0174715 0.999829 -0.381562
240 247 784 0.999183 -9.60184e-05 -0.0404123 0.942972 -0.000188026 0.999975 -0.0070248 -0.0785964 0.040412 0.00702666 0.999158 -0.323459
240 248 616 0.999563 0.00376543 -0.0293212 0.961389 -0.00391934 0.999979 -0.00519338 -0.00418672 0.029301 0.00530603 0.999557 -0.275162
240 249 649 0.99947 0.0047021 -0.0322202 0.953032 -0.00475912 0.999987 -0.00169343 0.0359032 0.0322119 0.00184587 0.999479 -0.300734
240 250 582 0.999327 0.00159197 -0.0366431 0.915995 -0.00145171 0.999992 0.00385404 0.0831846 0.0366489 -0.00379825 0.999321 -0.392471
240 251 742 0.99859 0.00637387 -0.0527098 0.932932 -0.00565124 0.999888 0.0138473 0.0545051 0.0527921 -0.0135299 0.998514 -0.355905
240 252 695 0.997929 0.0172335 -0.0619784 0.971581 -0.0159814 0.999659 0.0206416 0.0427679 0.062313 -0.0196084 0.997864 -0.232811
240 253 517 0.998953 0.021497 -0.0403912 0.954388 -0.0206937 0.999582 0.0202028 0.0752213 0.0408086 -0.0193458 0.99898 -0.288937
240 254 740 0.998762 0.0251687 -0.0429099 0.867937 -0.0243306 0.999505 0.0199425 0.0288836 0.0433905 -0.0188738 0.99888 -0.495834
255 256 259 0.99999 0.00239074 0.00371457 -0.0793315 -0.00241915 0.999968 0.00766372 0.216568 -0.00369613 -0.00767263 0.999964 -0.973039
255 257 201 0.999757 0.0219423 -0.00206464 0.32221 -0.0219147 0.999681 0.0125589 0.266847 0.00233955 -0.0125106 0.999919 -0.90828
255 258 823 0.998531 0.0443522 -0.0311266 0.981083 -0.0438374 0.998893 0.0170331 -0.189738 0.0318476 -0.0156436 0.99937 -0.038407
255 259 672 0.99845 0.0523346 -0.0189168 0.967555 -0.0522302 0.998617 0.00596843 -0.252054 0.019203 -0.00497115 0.999803 0.0175072
255 260 312 0.998297 0.0579765 0.00647539 0.387426 -0.0579026 0.998261 -0.0110594 -0.173278 -0.00710531 0.0106656 0.999918 -0.90547
255 261 334 0.99832 0.0579282 -0.00103409 0.866406 -0.0579374 0.998187 -0.0163278 -0.0165836 8.63742e-05 0.0163603 0.999866 -0.499065
255 262 725 0.99725 0.0682306 -0.0289378 0.891984 -0.0683357 0.997659 -0.00265895 -0.0624448 0.0286886 0.00462913 0.999578 -0.447734
255 263 741 0.997281 0.0690494 -0.0257454 0.892339 -0.0691108 0.997608 -0.00150262 0.0472481 0.0255801 0.00327783 0.999667 -0.448886
255 264 532 0.997367 0.0676949 -0.0260197 0.713071 -0.0677265 0.997704 -0.00033403 0.109291 0.0259373 0.00209537 0.999661 -0.692521
255 265 499 0.997266 0.0636982 -0.0374519 0.932588 -0.0636296 0.997969 0.00302017 -0.0182401 0.0375682 -0.000628863 0.999294 -0.360483
255 266 525 0.996771 0.0670111 -0.0442337 0.981672 -0.0669762 0.997752 0.00227213 -0.00972191 0.0442865 0.000697811 0.999019 -0.190332
255 267 467 0.996514 0.0682942 -0.0479107 0.997726 -0.0687035 0.997613 -0.00694755 -0.0198521 0.0473218 0.010215 0.998827 -0.0644067
255 268 441 0.997027 0.0640762 -0.0427834 0.939264 -0.0647881 0.997779 -0.0154626 0.0360584 0.0416976 0.0181885 0.998965 -0.341296
255 269 389 0.997297 0.0542566 -0.0495508 0.918903 -0.0555481 0.998141 -0.0250684 0.0684911 0.0480985 0.0277531 0.998457 -0.388491
270 271 211 0.999999 0.00104712 -0.000445425 0.340793 -0.00104752 0.999999 -0.000903874 -0.158319 0.000444478 0.00090434 0.999999 0.926712
270 272 51 0.999977 0.00402802 -0.00552176 -0.848192 -0.00402745 0.999992 0.00011475 0.236358 0.00552217 -9.2509e-05 0.999985 -0.474031
270 273 85 0.999729 0.00878162 -0.0215648 0.854822 -0.00876841 0.999961 0.000707082 0.169903 0.0215701 -0.000517802 0.999767 -0.490318
270 274 252 0.99991 0.0047829 -0.0125634 -0.767242 -0.0047894 0.999988 -0.000487799 0.0776184 0.012561 0.000547926 0.999921 -0.636644
270 275 348 0.999301 0.0100957 -0.035995 0.37098 -0.0100343 0.999948 0.00188622 0.209621 0.0360122 -0.00152372 0.99935 -0.904673
270 276 218 0.998998 0.00698455 -0.0442145 0.95444 -0.00702265 0.999975 -0.000706342 -0.00013249 0.0442085 0.00101614 0.999022 -0.298403
270 277 425 0.99825 0.0148672 -0.0572391 0.916082 -0.0151426 0.999876 -0.00438168 0.0576398 0.0571668 0.00524076 0.998351 -0.396826
270 278 784 0.995895 0.0276022 -0.086201 0.878902 -0.0272881 0.999616 0.00482007 0.0642523 0.0863009 -0.00244802 0.996266 -0.472656
270 279 400 0.997503 0.0239211 -0.066446 0.505943 -0.0235007 0.999699 0.00710281 0.214456 0.0665959 -0.00552355 0.997765 -0.835482
270 280 810 0.995582 0.028507 -0.0894609 0.9191 -0.028008 0.999584 0.00682855 0.0924364 0.0896184 -0.00429276 0.995967 -0.383027
270 281 747 0.994951 0.0294488 -0.0959414 0.829914 -0.0288607 0.999555 0.00751203 0.115441 0.0961199 -0.00470517 0.995359 -0.545816
270 282 586 0.994187 0.0314752 -0.10296 0.949877 -0.0306704 0.999485 0.00939076 0.062715 0.103202 -0.00617836 0.994641 -0.30627
270 283 446 0.994273 0.0296675 -0.102669 0.896404 -0.0295104 0.99956 0.00304952 0.119123 0.102715 -2.25116e-06 0.994711 -0.426931
270 284 698 0.99142 0.0305612 -0.127096 0.846647 -0.0306535 0.999529 0.0012302 0.166375 0.127074 0.00267628 0.99189 -0.505478
285 286 87 0.999961 -0.00747398 0.00474594 -0.998298 0.00749101 0.999966 -0.00358082 0.0583105 -0.00471901 0.00361623 0.999982 0.00119051
285 287 793 0.999622 0.0013781 -0.0274605 0.81099 -0.0014175 0.999998 -0.00141544 0.140257 0.0274585 0.00145383 0.999622 -0.567999
285 288 301 0.999869 0.00294281 -0.0159047 0.228429 -0.0028165 0.999964 0.00795828 0.257963 0.0159275 -0.00791244 0.999842 -0.938763
285 289 283 0.999555 0.00304209 -0.0296822 0.280208 -0.00240013 0.999763 0.0216396 -0.0432561 0.029741 -0.0215587 0.999325 -0.958964
285 290 386 0.998673 0.00378775 -0.0513669 0.815591 -0.00247136 0.999668 0.0256666 0.182146 0.051447 -0.0255056 0.99835 -0.549212
285 291 656 0.995399 0.0175741 -0.0941962 0.965041 -0.0152714 0.999568 0.0251113 0.217282 0.0945968 -0.0235573 0.995237 -0.146576
285 292 749 0.996598 0.0239765 -0.0788566 0.913735 -0.0204797 0.998783 0.0448582 0.0711386 0.0798362 -0.0430906 0.995876 -0.400035
285 293 613 0.997034 0.023716 -0.0732114 0.895219 -0.0205331 0.998824 0.0439259 0.205634 0.074167 -0.0422924 0.996349 -0.395344
285 294 632 0.995717 0.0266795 -0.0885161 0.911229 -0.0227681 0.998732 0.0449074 0.235925 0.0896019 -0.0426997 0.995062 -0.337641
285 295 629 0.994287 0.0315718 -0.101963 0.978601 -0.0269844 0.998574 0.046061 0.112758 0.103272 -0.0430464 0.993721 -0.172121
285 296 514 0.992216 0.0412177 -0.11751 0.935882 -0.0359915 0.998281 0.0462552 0.123804 0.119214 -0.0416658 0.991994 -0.329846
285 297 563 0.988834 0.0570492 -0.137668 0.958985 -0.0505305 0.99745 0.0503924 0.144305 0.140192 -0.0428733 0.989196 -0.243974
285 298 435 0.991932 0.0552416 -0.114099 0.904555 -0.0493266 0.99732 0.0540315 0.118998 0.116778 -0.0479675 0.991999 -0.409414
285 299 448 0.990503 0.0644785 -0.121434 0.939455 -0.0585617 0.996945 0.0516823 0.120765 0.124395 -0.0440801 0.991253 -0.320688
300 301 120 0.999977 -0.00282211 -0.00619494 0.604754 0.0028603 0.999977 0.0061652 -0.155429 0.0061774 -0.00618277 0.999962 0.781098
300 302 266 0.999718 -0.00423035 -0.0233618 0.972556 0.00447711 0.999935 0.0105201 -0.0960425 0.0233158 -0.0106217 0.999672 0.211923
300 303 224 0.999904 0.00155558 -0.0137799 0.610162 -0.00139695 0.999933 0.0115137 -0.107365 0.0137969 -0.0114934 0.999839 0.784968
300 304 767 0.999322 0.0170885 -0.0325989 0.987952 -0.0167895 0.999815 0.00942187 0.120704 0.0327539 -0.00886817 0.999424 0.0968581
300 305 984 0.99854 0.0268111 -0.0468846 0.994261 -0.0263196 0.999592 0.0110692 -0.00329489 0.0471622 -0.00981911 0.998839 0.106934
300 306 558 0.999281 0.0272935 -0.0263211 0.883951 -0.0271765 0.999619 0.00479406 -0.130444 0.0264419 -0.0040753 0.999642 0.449016
300 307 398 0.999446 0.0267136 -0.0198547 0.859042 -0.0268337 0.999623 -0.00580719 -0.202065 0.0196921 0.00633675 0.999786 0.470337
300 308 896 0.998574 0.0363853 -0.039065 0.999767 -0.0368622 0.999254 -0.0115561 0.00778173 0.0386154 0.0129797 0.99917 -0.0201254
300 309 615 0.99913 0.03185 -0.0269346 0.986964 -0.0323065 0.999339 -0.0166863 -0.0851727 0.0263853 0.0175419 0.999498 0.136555
300 310 471 0.999565 0.0205077 -0.0212018 0.913251 -0.0211184 0.999356 -0.0289939 -0.163257 0.0205935 0.0294291 0.999355 0.373256
300 311 658 0.999235 0.0164433 -0.0354798 0.999817 -0.0177838 0.999127 -0.0378049 -0.0184514 0.0348272 0.0384069 0.998655 -0.00511503
300 312 948 0.998392 0.0126419 -0.0552656 0.974253 -0.0151072 0.998899 -0.0444207 0.0622363 0.0546431 0.0451842 0.997483 -0.216696
300 313 287 0.999832 0.000255043 -0.0183218 0.981941 -0.00110502 0.998923 -0.0463962 -0.0449509 0.0182903 0.0464087 0.998755 0.183768
300 314 336 0.999944 -0.00361012 -0.00998832 0.746342 0.00307645 0.998593 -0.0529379 -0.00435429 0.0101654 0.0529042 0.998548 0.665549
315 316 69 0.999976 -0.00475521 0.0050784 -0.655783 0.00475321 0.999989 0.000404388 0.0659556 -0.00508026 -0.000380239 0.999987 -0.752063
315 317 92 0.999981 -0.00547237 -0.0026756 0.936854 0.00547297 0.999985 0.000216333 0.206197 0.00267438 -0.000230973 0.999996 -0.282466
315 318 140 0.99993 -0.00586504 0.0102368 0.289449 0.00580133 0.999964 0.00624254 0.0784597 -0.0102731 -0.00618272 0.999928 -0.953972
315 319 151 0.999974 -0.0011423 0.00709032 0.824271 0.0010636 0.999938 0.0110934 0.13928 -0.00710255 -0.0110856 0.999913 -0.548798
315 320 1102 0.999896 0.00448796 -0.0136724 0.966679 -0.00437401 0.999956 0.00835256 0.200458 0.0137093 -0.00829189 0.999872 -0.159211
315 321 1009 0.999965 0.00807931 -0.00236723 0.979124 -0.0080303 0.999767 0.020031 -0.15074 0.00252851 -0.0200113 0.999797 -0.136362
315 322 197 0.999502 0.00616627 0.0309466 0.695029 -0.0065116 0.999918 0.0110707 -0.176354 -0.0308758 -0.0112667 0.99946 0.697018
315 323 225 0.999704 0.00563965 0.023654 0.973854 -0.00591431 0.999916 0.0115579 0.0256462 -0.0235869 -0.0116944 0.999653 -0.225721
315 324 357 0.999713 0.0119113 0.0207965 0.662596 -0.0121428 0.999865 0.0110423 0.260916 -0.0206621 -0.0112917 0.999723 -0.70206
315 325 326 0.999819 0.0124386 0.0143674 0.838886 -0.0126457 0.999816 0.0144146 0.186356 -0.0141855 -0.0145937 0.999793 -0.511411
