0 1 1167 0.999989 0.000247229 -0.00460487 0.25104 -0.000235863 0.999997 0.00246855 0.250307 0.00460546 -0.00246744 0.999986 -0.935053
0 2 5147 0.998938 0.0111159 -0.0447089 0.934775 -0.0110755 0.999938 0.00115106 0.057874 0.0447189 -0.000654668 0.998999 0.350493
0 3 764 0.999941 0.00954742 -0.00511231 0.744898 -0.0095033 0.999918 0.00858596 0.117626 0.00519387 -0.00853687 0.99995 -0.656728
0 4 4837 0.99958 0.0190783 -0.0218208 0.860683 -0.0188467 0.999764 0.0107705 -0.13947 0.0220211 -0.0103547 0.999704 0.489665
0 5 569 0.999907 0.0109893 0.00813613 -0.947169 -0.0110397 0.99992 0.00617699 -0.156519 -0.0080676 -0.00626623 0.999948 0.279952
0 6 280 0.999948 0.00851766 -0.00568106 0.86178 -0.00852759 0.999962 -0.001726 -0.168207 0.00566614 0.00177436 0.999982 0.478582
0 7 1223 0.999787 0.0152965 -0.0138814 0.996647 -0.0154228 0.99984 -0.00904301 -0.0312607 0.0137408 0.00925517 0.999863 0.075615
0 8 3736 0.99966 0.00749829 0.0249887 -0.998927 -0.00714577 0.999874 -0.0141667 0.0281571 -0.0250918 0.0139833 0.999587 -0.0367575
0 9 1200 0.999769 0.00353285 -0.021217 0.95685 -0.00378225 0.999924 -0.0117259 -0.283387 0.021174 0.0118035 0.999706 -0.0642721
0 10 964 0.99984 -0.00348004 -0.01754 0.875067 0.00321342 0.999879 -0.0152058 0.00342514 0.0175908 0.015147 0.999731 -0.48399
0 11 3421 0.999837 -0.00132113 0.0179902 -0.872113 0.00166628 0.999815 -0.0191841 0.151232 -0.0179615 0.0192109 0.999654 -0.465347
0 12 945 0.99996 0.00234812 -0.00866548 0.768383 -0.00248253 0.999876 -0.0155336 -0.088052 0.00862793 0.0155545 0.999842 0.633904
0 13 1163 0.999888 0.00257602 -0.0147599 0.925513 -0.00283752 0.999839 -0.0177231 -0.022893 0.0147119 0.017763 0.999734 -0.378023
0 14 4539 0.998782 0.0067104 -0.0488793 0.965191 -0.00757782 0.999817 -0.0175824 -0.0239191 0.0487524 0.0179313 0.99865 0.260451
15 16 133 0.99997 -0.00696447 0.00333409 -0.900267 0.0069649 0.999976 -0.000117075 -0.126326 -0.0033332 0.000140293 0.999994 0.416606
15 17 190 0.999902 -0.0131984 -0.00472074 0.790114 0.0131837 0.999908 -0.00313842 0.0643132 0.00476173 0.00307587 0.999984 -0.609576
15 18 1905 0.999902 -0.0121436 -0.00700728 0.398611 0.0121361 0.999926 -0.00111311 0.0708849 0.00702028 0.00102796 0.999975 -0.914377
15 19 1177 0.999888 -0.0093475 -0.0117097 0.81963 0.00934145 0.999956 -0.00057099 0.279414 0.0117145 0.00046154 0.999931 -0.500134
15 20 5572 0.999227 -0.0169303 0.0354715 -0.944535 0.0168194 0.999853 0.003424 -0.00027291 -0.0355242 -0.00282474 0.999365 -0.32841
15 21 5224 0.999557 -0.0129184 -0.0268073 0.911234 0.0126796 0.999879 -0.00905893 0.0477855 0.0269211 0.00871501 0.9996 -0.409108
15 22 5384 0.999647 -0.00332838 -0.0263444 0.869831 0.00318134 0.999979 -0.00562136 -0.0245625 0.0263625 0.00553557 0.999637 -0.492737
15 23 635 0.999972 -0.00671853 -0.00321401 0.948803 0.00667392 0.999884 -0.0136931 0.0296009 0.00330563 0.0136713 0.999901 -0.314478
15 24 1562 0.999771 -0.00264896 -0.0212443 0.957619 0.00214145 0.999713 -0.0238768 0.0269333 0.0213015 0.0238258 0.999489 -0.286775
15 25 1801 0.99953 0.000205264 -0.0306672 0.886666 -0.00118626 0.999488 -0.0319737 0.0714613 0.0306449 0.031995 0.999018 -0.456855
15 26 4729 0.998573 0.00786214 -0.0528206 0.863381 -0.00960376 0.999416 -0.0327998 0.0751773 0.0525318 0.0332603 0.998065 -0.49892
15 27 2706 0.999215 0.0123186 -0.0376495 0.870853 -0.0134724 0.999443 -0.0305469 0.0826024 0.0372522 0.0310301 0.998824 -0.484553
15 28 4112 0.998877 0.0205083 -0.0427013 0.775124 -0.0217914 0.999318 -0.0298039 0.142612 0.0420609 0.030701 0.998643 -0.615503
15 29 2913 0.998411 0.0227219 -0.051562 0.792967 -0.0240803 0.999375 -0.0258798 0.114393 0.0509418 0.0270803 0.998334 -0.598429
30 31 917 0.999798 0.0120255 0.0161329 -0.821883 -0.0120888 0.99992 0.00382789 -0.0812433 -0.0160856 -0.00402214 0.999863 0.563833
30 32 3100 0.99951 0.0161102 0.0268233 -0.972879 -0.0162639 0.999852 0.00552206 -0.159001 -0.0267304 -0.00595561 0.999625 0.168004
30 33 651 0.999878 0.014487 0.00579996 -0.870866 -0.01451 0.999887 0.00394807 -0.167603 -0.00574211 -0.00403175 0.999975 0.462063
30 34 160 0.999936 0.00821479 -0.00777854 0.836172 -0.00818803 0.99996 0.00346577 0.145909 0.0078067 -0.00340186 0.999964 -0.528703
30 35 504 0.999985 0.00508883 -0.00216074 -0.884692 -0.00508216 0.999982 0.00307997 -0.135792 0.00217638 -0.00306894 0.999993 0.445961
30 36 1145 0.999965 0.00111142 -0.0083076 -0.710908 -0.00111158 0.999999 -1.45592e-05 -0.0977012 0.00830758 2.37932e-05 0.999965 0.696465
30 37 3772 0.998775 0.00965386 -0.0485241 0.963358 -0.00961533 0.999953 0.00102743 0.0923272 0.0485318 -0.000559599 0.998821 -0.251826
30 38 2169 0.999389 0.0163848 -0.0308711 0.752915 -0.0161522 0.999839 0.00776717 -0.0035963 0.0309934 -0.00726379 0.999493 -0.658108
30 39 1145 0.999731 0.016785 -0.0160175 0.833945 -0.0166314 0.999815 0.00967239 0.147381 0.0161769 -0.0094034 0.999825 -0.531803
30 40 1165 0.999656 0.0136981 -0.0223715 0.885088 -0.0134046 0.999823 0.0132173 0.185397 0.0225486 -0.0129129 0.999662 -0.426905
30 41 1521 0.999214 0.00363557 -0.039477 0.949033 -0.00285555 0.9998 0.0197973 0.130519 0.0395411 -0.019669 0.999024 -0.286883
30 42 1331 0.99951 0.00481202 -0.0309327 0.959473 -0.00421599 0.999805 0.0193052 0.129847 0.0310196 -0.0191653 0.999335 -0.250102
30 43 1168 0.999629 2.36297e-05 -0.0272353 0.914802 0.000429587 0.999862 0.0166348 0.120102 0.0272319 -0.0166404 0.999491 -0.385634
30 44 2777 0.997325 0.00779964 -0.0726818 0.956833 -0.0062511 0.999749 0.021509 0.158611 0.0728314 -0.0209971 0.997123 -0.243544
45 46 393 0.999983 0.00356897 0.00456536 -0.690287 -0.00357449 0.999993 0.00119962 0.0261357 -0.00456105 -0.00121592 0.999989 0.723063
45 47 1791 0.999749 0.0058818 0.0216247 -0.958337 -0.00577798 0.999971 -0.00486061 0.184736 -0.0216527 0.00473445 0.999754 0.217862
45 48 148 0.999984 0.00533864 0.00160578 -0.892099 -0.00533146 0.999976 -0.00444655 -0.0649958 -0.00162948 0.00443792 0.999989 0.44714
45 49 1225 0.999828 0.00538686 -0.0177345 0.354606 -0.00530994 0.999976 0.0043814 -0.193829 0.0177577 -0.00428648 0.999833 -0.914705
45 50 592 0.999892 0.0129314 -0.0069871 0.707172 -0.0128424 0.999838 0.0126432 -0.0507049 0.00714946 -0.0125521 0.999896 0.705221
45 51 3227 0.998768 0.0217552 -0.0445954 0.723157 -0.0218361 0.999761 -0.00132772 -0.0699267 0.0445558 0.00229987 0.999004 0.687135
45 52 3310 0.997729 0.0267279 -0.0618338 0.977109 -0.0281241 0.999366 -0.0218208 0.0675738 0.0612114 0.0235102 0.997848 0.201724
45 53 2836 0.997315 0.0438967 -0.0586222 0.998415 -0.0449745 0.99884 -0.0171934 0.0546806 0.0577994 0.0197837 0.998132 -0.0133347
45 54 3117 0.996728 0.0584074 -0.0558678 0.99237 -0.058589 0.998281 -0.00161757 -0.0194652 0.0556773 0.00488552 0.998437 -0.12175
45 55 1167 0.998103 0.0556373 -0.0263481 0.993733 -0.0554419 0.998429 0.00809085 -0.0568113 0.0267569 -0.00661471 0.99962 -0.0962645
45 56 1312 0.997695 0.0545089 -0.0404055 0.99677 -0.053978 0.998442 0.0141173 0.0357406 0.0411121 -0.0119037 0.999084 -0.0719163
45 57 1467 0.99687 0.053361 -0.0583306 0.982165 -0.0526586 0.998521 0.0135136 0.0279934 0.0589654 -0.0103997 0.998206 0.185928
45 58 1326 0.997604 0.0532263 -0.044193 0.998379 -0.0529617 0.998571 0.00713564 0.0476283 0.0445097 -0.004778 0.998998 0.0311439
45 59 1612 0.996894 0.0540324 -0.0572905 0.998529 -0.0537986 0.998536 0.00561682 0.0134936 0.0575102 -0.00251723 0.998342 0.0525141
60 61 1104 0.999893 0.0142079 0.00346928 0.11044 -0.0142621 0.999768 0.0161408 -0.934881 -0.00323915 -0.0161886 0.999864 -0.337344
60 62 604 0.999935 0.0105042 0.00437715 0.197134 -0.0104588 0.999893 -0.0102712 0.904452 -0.00448457 0.0102248 0.999938 0.378292
60 63 245 0.999969 -0.00629589 0.00466942 -0.782155 0.00630679 0.999977 -0.00232263 0.0138927 -0.00465469 0.00235201 0.999986 0.622929
60 64 3325 0.999749 -0.00456455 -0.021952 0.99244 0.00447669 0.999982 -0.00404951 0.122732 0.0219701 0.00395022 0.999751 -0.000236877
60 65 3681 0.999756 -0.00556116 -0.0213643 0.999518 0.00545192 0.999972 -0.0051677 -0.00458877 0.0213924 0.00504996 0.999758 -0.0306983
60 66 1204 0.999932 -0.00926338 -0.00710092 0.994756 0.00919511 0.999912 -0.00958762 -0.00728612 0.00718911 0.00952167 0.999929 -0.102016
60 67 1414 0.999802 -0.0118807 -0.0159538 0.93397 0.0117118 0.999875 -0.0106368 0.0195268 0.0160782 0.0104478 0.999816 -0.356817
60 68 1374 0.999845 -0.0100681 -0.0144289 0.991931 0.00985414 0.999842 -0.0148265 0.105245 0.0145759 0.014682 0.999786 -0.0706874
60 69 3994 0.999275 -0.00385343 -0.0378653 0.99346 0.00331097 0.999891 -0.0143782 -0.00721461 0.0379166 0.0142425 0.999179 -0.113952
60 70 1912 0.999617 -0.0117462 -0.0250571 0.837157 0.0113956 0.999836 -0.0140866 0.172541 0.0252185 0.0137956 0.999587 -0.519036
60 71 2409 0.999286 -0.0126749 -0.0355989 0.943113 0.0123112 0.99987 -0.0104158 0.110577 0.0357263 0.00997012 0.999312 -0.313544
60 72 3632 0.998882 -0.00521384 -0.0469834 0.969009 0.00480473 0.99995 -0.00881635 0.0236931 0.047027 0.00858075 0.998857 -0.245885
60 73 3487 0.998413 0.00229225 -0.0562671 0.965138 -0.00277592 0.99996 -0.00851947 0.0137798 0.0562453 0.00866215 0.998379 -0.26138
60 74 2186 0.998956 0.00150564 -0.0456549 0.956239 -0.00190591 0.99996 -0.00872505 0.0333641 0.0456399 0.00880296 0.998919 -0.290679
75 76 675 0.999945 0.00933569 0.0047783 0.224541 -0.00934689 0.999954 0.00232653 -0.276014 -0.00475636 -0.00237107 0.999986 -0.934557
75 77 433 0.999993 0.0037403 -0.000803855 0.653489 -0.00373863 0.999991 0.00206483 -0.115896 0.000811571 -0.00206181 0.999998 -0.74801
75 78 738 0.99993 0.00360281 -0.0112711 0.876739 -0.00362033 0.999992 -0.00153431 0.0796244 0.0112655 0.00157501 0.999935 -0.47433
75 79 825 0.999891 0.00925916 -0.0114605 0.932153 -0.00930501 0.999949 -0.0039535 0.0516917 0.0114233 0.00405971 0.999927 -0.358355
75 80 1053 0.999729 0.0193357 -0.0129832 0.958062 -0.0194547 0.999769 -0.00910077 0.0494025 0.0128042 0.00935089 0.999874 -0.282269
75 81 1490 0.999583 0.0218582 -0.0188896 0.788555 -0.0221355 0.999648 -0.0145988 0.0949421 0.0185638 0.0150108 0.999715 -0.607591
75 82 1855 0.99943 0.0167946 -0.0292717 0.732872 -0.0171548 0.99978 -0.0120965 0.0715748 0.0290621 0.0125918 0.999498 -0.676591
75 83 2353 0.999093 0.0240871 -0.035126 0.799175 -0.0244383 0.999655 -0.00960208 0.0583422 0.0348826 0.0104518 0.999337 -0.59826
75 84 3574 0.998523 0.0327773 -0.043329 0.933669 -0.0332553 0.999393 -0.0103559 0.100866 0.0429632 0.0117815 0.999007 -0.343639
75 85 1433 0.99891 0.0392101 -0.0253318 0.17438 -0.0389298 0.999176 0.0114643 -0.286596 0.0257605 -0.0104657 0.999613 -0.942048
75 86 3067 0.997987 0.0476255 -0.0418672 0.87723 -0.046872 0.998724 0.0187991 0.229816 0.0427091 -0.0167989 0.998946 -0.421488
75 87 2112 0.998561 0.044682 -0.0296397 0.723213 -0.0437527 0.998552 0.0312952 0.0661083 0.0309951 -0.0299534 0.999071 -0.687453
75 88 3571 0.99824 0.0462857 -0.0370724 0.891659 -0.0452289 0.99856 0.0288557 0.240715 0.0383546 -0.0271282 0.998896 -0.383406
75 89 2038 0.998497 0.0438832 -0.032827 0.912078 -0.0429676 0.998681 0.0280963 0.262299 0.0340167 -0.0266436 0.999066 -0.315139
90 91 168 0.999938 -0.0103705 -0.00397904 -0.181754 0.0103702 0.999946 -0.000113829 -0.818758 0.00398 7.25583e-05 0.999992 -0.544611
90 92 1150 0.999924 0.00805552 -0.00928848 0.114673 -0.0079595 0.999915 0.0103286 -0.697644 0.00937089 -0.0102539 0.999904 -0.707208
90 93 1683 0.999938 -0.00186917 -0.0109801 0.196516 0.00194416 0.999975 0.00682358 0.073874 0.0109671 -0.00684451 0.999916 -0.977714
90 94 1640 0.999536 -0.00613611 -0.0298271 0.950769 0.00631732 0.999962 0.00598481 0.0634588 0.0297893 -0.00617047 0.999537 -0.303332
90 95 1807 0.999808 -0.00240282 -0.019449 0.295778 0.00253913 0.999972 0.00698709 -0.0924005 0.0194317 -0.00703514 0.999786 -0.950777
90 96 3020 0.9987 -0.0109169 -0.0497827 0.951466 0.0108186 0.999939 -0.00224411 0.0815144 0.0498042 0.00170261 0.998758 -0.296762
90 97 1421 0.99913 -0.0113684 -0.0401272 0.900572 0.0110585 0.999907 -0.00793452 0.0926249 0.0402137 0.00748387 0.999163 -0.424725
90 98 3246 0.998065 -0.00873307 -0.0615567 0.915191 0.00813891 0.999918 -0.00989632 0.0588995 0.0616381 0.00937616 0.998055 -0.398694
90 99 2593 0.998223 -0.0150194 -0.0576633 0.922851 0.0142952 0.999814 -0.0129514 0.149756 0.0578471 0.0121041 0.998252 -0.354852
90 100 2779 0.997368 -0.0150326 -0.0709257 0.919916 0.014438 0.999856 -0.00888819 0.0926924 0.0710492 0.00784077 0.997442 -0.381001
90 101 2781 0.997305 -0.011091 -0.0725293 0.934408 0.0105708 0.999916 -0.00755182 0.114925 0.0726069 0.00676477 0.997338 -0.337156
90 102 2658 0.997024 -0.0042562 -0.0769731 0.955921 0.0037982 0.999974 -0.00609553 0.0439795 0.0769971 0.00578503 0.997015 -0.290313
90 103 2598 0.995636 0.00523924 -0.0931725 0.953099 -0.00580563 0.999966 -0.00580894 0.0157133 0.0931389 0.00632452 0.995633 -0.302251
90 104 2474 0.995624 0.00886621 -0.0930235 0.974746 -0.0100725 0.999871 -0.0125065 0.0702177 0.0929006 0.0133887 0.995585 -0.211989
105 106 398 0.99993 0.00840535 -0.00829194 0.860773 -0.00841265 0.999964 -0.000846285 0.000629606 0.00828453 0.000915983 0.999965 -0.508989
105 107 3488 0.999447 0.0206722 -0.0260577 0.994713 -0.0207468 0.999781 -0.00259545 0.0302636 0.0259984 0.00313463 0.999657 -0.0981299
105 108 749 0.999565 0.0278164 -0.00978939 0.96906 -0.0278843 0.999588 -0.00686911 -0.181272 0.00959428 0.00713909 0.999928 -0.167521
105 109 2018 0.998784 0.0440113 -0.0222123 0.944468 -0.0442715 0.998955 -0.0113592 -0.150934 0.0216891 0.0123287 0.999689 -0.29189
105 110 1568 0.998702 0.0479677 -0.0171443 0.96372 -0.0482521 0.998698 -0.0165781 -0.0435729 0.0163267 0.0173839 0.999716 -0.263336
105 111 2837 0.997336 0.0605291 -0.0407103 0.884318 -0.0611625 0.998023 -0.0144973 0.0333852 0.0397523 0.0169486 0.999066 -0.465689
105 112 2949 0.996569 0.0625453 -0.0542144 0.991887 -0.0629409 0.998001 -0.00561758 -0.0449155 0.0537547 0.00901061 0.998514 -0.118922
105 113 1843 0.997721 0.0574415 -0.0353948 0.968452 -0.0577165 0.99831 -0.00679784 -0.0298998 0.0349445 0.00882522 0.99935 -0.247402
105 114 1474 0.998259 0.0558886 -0.0188724 0.953107 -0.0559856 0.998421 -0.00465354 -0.0176579 0.0185825 0.00570201 0.999811 -0.302118
105 115 2244 0.995368 0.0661731 -0.0697381 0.997178 -0.0666898 0.997761 -0.00510351 -0.0546483 0.0692442 0.00973069 0.997552 0.0514809
105 116 850 0.999228 0.0310976 0.0239918 -0.0573599 -0.0300383 0.99861 -0.0433195 0.99816 -0.0253055 0.0425654 0.998773 0.0196539
105 117 710 0.999553 0.0198466 0.0223427 -0.307175 -0.0185792 0.998282 -0.0555702 0.310258 -0.0234071 0.0551303 0.998205 -0.899657
105 118 2043 0.993398 0.0729063 -0.0885697 0.990262 -0.0787597 0.994805 -0.0644945 -0.131391 0.0834076 0.0710445 0.99398 0.0460231
105 119 1537 0.994358 0.0836371 -0.0652482 0.99914 -0.0883507 0.993407 -0.0730525 -0.0334459 0.0587082 0.078405 0.995191 -0.0244911
120 121 1522 0.999894 0.0129837 -0.00660834 0.996254 -0.0129542 0.999906 0.00449801 -0.0523505 0.00666612 -0.00441193 0.999968 -0.0688314
120 122 343 0.99981 0.0178768 0.00775663 0.976819 -0.0179779 0.999752 0.0131583 -0.0526554 -0.00751947 -0.0132953 0.999883 0.207491
120 123 600 0.999369 0.01436 0.0324936 -0.99326 -0.0148972 0.999755 0.0163513 0.107454 -0.0322509 -0.016825 0.999338 0.0434511
120 124 446 0.999629 0.0169841 0.0212893 0.875199 -0.0175486 0.999492 0.0266181 -0.148832 -0.0208264 -0.0269818 0.999419 0.460299
120 125 2548 0.998329 -0.000544709 0.057789 -0.972326 -0.00166669 0.999268 0.0382116 0.00927993 -0.0577675 -0.0382441 0.997597 0.233442
120 126 2732 0.998952 -0.0197315 0.041287 -0.733699 0.0177868 0.998739 0.0469504 -0.111525 -0.0421614 -0.0461669 0.998044 0.670259
120 127 1774 0.999387 -0.0327668 -0.012321 0.609027 0.0332631 0.998543 0.042496 -0.113638 0.0109106 -0.0428797 0.999021 0.784966
120 128 2974 0.998701 -0.0353782 -0.0366724 0.912314 0.0369537 0.998382 0.0432138 -0.0918798 0.0350843 -0.0445129 0.998393 0.39905
120 129 1842 0.999196 -0.0401008 0.00017929 0.553061 0.0400638 0.998447 0.0387057 -0.181499 -0.00173114 -0.0386674 0.999251 0.813131
120 130 2508 0.998989 -0.0433523 -0.0119346 0.89209 0.0438075 0.9982 0.0409668 -0.115202 0.0101371 -0.0414482 0.999089 0.436925
120 131 2185 0.99861 -0.0523557 -0.00615804 0.629586 0.0525989 0.997361 0.0500491 -0.182368 0.00352143 -0.0503034 0.998728 0.755224
120 132 2399 0.99783 -0.0560166 -0.0346114 0.754725 0.0578785 0.996787 0.0553639 -0.155356 0.0313989 -0.057247 0.997866 0.637381
120 133 1721 0.997426 -0.0599076 -0.0394016 0.518591 0.06212 0.996408 0.0575516 -0.116724 0.0358123 -0.0598511 0.997565 0.847017
120 134 2358 0.996719 -0.0557111 -0.0587122 0.727263 0.0594859 0.996134 0.0646382 -0.069178 0.0548842 -0.0679187 0.99618 0.682863
135 136 267 0.999948 0.000368074 -0.0102139 0.707068 -0.000455513 0.999963 -0.00855974 0.108584 0.0102104 0.00856395 0.999911 -0.69876
135 137 3427 0.999118 0.00430639 -0.0417684 0.988574 -0.00501801 0.999844 -0.0169475 0.0703537 0.0416889 0.0171422 0.998984 -0.133313
135 138 2661 0.999995 0.00303584 0.00036022 -0.999322 -0.00302829 0.999808 -0.0193767 -0.0313588 -0.000418975 0.0193755 0.999812 -0.0193046
135 139 1099 0.999824 -0.000320036 -0.018761 -0.976012 -0.000123928 0.99972 -0.0236582 -0.0301214 0.0187634 0.0236563 0.999544 -0.215624
135 140 2864 0.997745 0.00230921 -0.0670765 0.981304 -0.00412812 0.999627 -0.0269911 -0.155733 0.0669892 0.0272071 0.997383 -0.113091
135 141 935 0.998311 0.00653654 -0.0577309 0.966131 -0.00859593 0.999333 -0.0354963 0.099213 0.0574603 0.0359326 0.997701 -0.238219
135 142 1179 0.998062 0.00891977 -0.0615858 0.820739 -0.0108708 0.999447 -0.0314173 0.116691 0.0612716 0.0320259 0.997607 -0.559259
135 143 796 0.997465 0.016486 -0.0692284 0.999933 -0.0183674 0.999477 -0.0266281 -0.0107953 0.0687532 0.0278322 0.997245 0.00421099
135 144 332 0.997726 0.016598 -0.0653172 -0.935766 -0.0183037 0.999505 -0.0256025 -0.0595023 0.0648599 0.0267399 0.997536 0.347566
135 145 1696 0.994901 0.0286979 -0.0966864 0.944867 -0.030733 0.999335 -0.0196258 0.0529295 0.0960589 0.0224972 0.995121 -0.323148
135 146 2463 0.993053 0.0453808 -0.108567 0.968055 -0.0468861 0.998836 -0.011351 -0.00400686 0.107926 0.0163624 0.994024 -0.250706
135 147 917 0.997344 0.0406345 -0.0604457 -0.914193 -0.0413237 0.999094 -0.0101959 0.0697517 0.0599766 0.0126667 0.998119 -0.399233
135 148 1704 0.994249 0.0446322 -0.0973513 0.996911 -0.0460514 0.998862 -0.0123787 -0.0496872 0.0966881 0.0167906 0.995173 -0.0608269
135 149 1389 0.995662 0.0330841 -0.0869675 0.982096 -0.0346739 0.999257 -0.0168339 -0.0187126 0.0863459 0.0197764 0.996069 0.187447
150 151 997 1 -0.000671049 -6.05584e-05 0.232741 0.000671184 0.999997 0.00225478 -0.166982 5.90452e-05 -0.00225482 0.999997 0.958096
150 152 375 0.999998 0.00115506 -0.00178145 0.667318 -0.00115456 0.999999 0.000284243 -0.141808 0.00178178 -0.000282185 0.999998 0.731148
150 153 189 0.999954 0.00955549 -0.00127391 0.775167 -0.00955868 0.999951 -0.00252411 0.0425403 0.00124973 0.00253617 0.999996 0.630322
150 154 123 0.999998 0.00180142 -0.00108459 0.998453 -0.00180351 0.999997 -0.00193025 -0.00874477 0.00108111 0.0019322 0.999998 -0.0549129
150 155 1267 0.999777 0.00843509 -0.0193853 0.967001 -0.00853592 0.99995 -0.00512445 -0.0443488 0.0193411 0.00528878 0.999799 0.250883
150 156 959 0.999996 0.00108749 -0.00264279 -0.99999 -0.00111537 0.999943 -0.0105715 0.000663528 0.00263114 0.0105744 0.999941 -0.00451793
150 157 3460 0.998631 0.0059198 -0.0519742 0.996588 -0.00654057 0.999909 -0.0117818 -0.0463029 0.0518997 0.0121056 0.998579 -0.0683245
150 158 3049 0.998815 0.0100164 -0.0476344 0.995005 -0.0105684 0.99988 -0.0113495 -0.0656129 0.047515 0.0118395 0.9988 0.0752272
150 159 3404 0.998387 0.0102547 -0.0558373 0.999567 -0.0112518 0.999782 -0.0175718 0.0193705 0.0556449 0.0181717 0.998285 -0.0221318
150 160 1372 0.999535 0.0115874 -0.0282183 0.990522 -0.0120884 0.999771 -0.0176495 0.00951647 0.0280074 0.0179824 0.999446 -0.137023
150 161 1599 0.998787 0.0100957 -0.0481982 0.937721 -0.0111204 0.999717 -0.0210395 0.0607162 0.0479722 0.02155 0.998616 -0.342042
150 162 1676 0.998225 0.013746 -0.0579511 0.994004 -0.0148182 0.999726 -0.018112 0.034506 0.0576862 0.0189386 0.998155 -0.103753
150 163 1983 0.997711 0.0113165 -0.0666645 0.988714 -0.0127005 0.999712 -0.0203727 0.0187988 0.0664147 0.0211728 0.997567 -0.148633
150 164 1652 0.998007 0.0145775 -0.061403 0.990319 -0.0160012 0.999613 -0.0227584 0.0217541 0.0610475 0.0236956 0.997854 -0.137093
165 166 176 0.999993 -0.00377255 -8.62706e-05 -0.995176 0.0037724 0.999991 -0.00175938 0.0358997 9.29072e-05 0.00175904 0.999998 -0.0913032
165 167 2843 0.999545 0.000991994 -0.0301504 0.989981 -0.00102223 0.999999 -0.000987514 0.116826 0.0301494 0.00101788 0.999545 -0.0793053
165 168 3043 0.999478 0.0145627 -0.0288513 0.99584 -0.0143658 0.999872 0.00701718 -0.0689969 0.0289498 -0.00659904 0.999559 0.0595186
165 169 3076 0.999319 0.0212896 -0.0301294 0.9746 -0.0212095 0.999771 0.00297346 -0.102184 0.0301858 -0.00233241 0.999542 -0.199282
165 170 3033 0.998408 0.0300788 -0.0477204 0.997399 -0.0303093 0.999532 -0.00411396 -0.00330408 0.0475743 0.00555378 0.998852 0.0720055
165 171 2833 0.998939 0.028524 -0.0361581 0.999236 -0.0288197 0.999555 -0.00768332 -0.0249569 0.0359228 0.00871724 0.999317 0.0300806
165 172 2671 0.998272 0.034609 -0.0474799 0.95249 -0.0349118 0.999375 -0.00556391 -0.0580885 0.0472577 0.00721191 0.998857 -0.298979
165 173 2353 0.998512 0.0430293 -0.0335028 0.930314 -0.0429586 0.999073 0.00282826 -0.0371783 0.0335934 -0.00138482 0.999435 -0.364875
165 174 2553 0.997338 0.0486722 -0.0542999 0.977088 -0.0481178 0.998776 0.0114706 -0.0490081 0.0547917 -0.00882727 0.998459 -0.207116
165 175 2380 0.998226 0.0413308 -0.0428606 0.977742 -0.0409711 0.999118 0.00923821 0.0287907 0.0432046 -0.00746577 0.999038 -0.207826
165 176 1155 0.999412 0.0297406 -0.0170497 0.999624 -0.0295794 0.999516 0.00962692 0.00525736 0.0173277 -0.00911694 0.999808 -0.0269136
165 177 1406 0.999097 0.0258689 -0.0337191 0.989568 -0.0257464 0.99966 0.00406395 0.0291735 0.0338128 -0.00319214 0.999423 -0.141085
165 178 2270 0.99759 0.0328879 -0.061089 0.994792 -0.0328894 0.999459 0.000981547 -0.00900665 0.0610882 0.00103 0.998132 -0.101526
165 179 1268 0.999359 0.0231935 -0.0272682 0.946474 -0.0232721 0.999726 -0.0025708 0.0159675 0.0272011 0.00320374 0.999625 -0.322384
180 181 119 1 4.46749e-10 1.47312e-08 1 -4.46749e-10 1 -5.61256e-10 -8.42956e-06 -1.47312e-08 5.61255e-10 1 2.64079e-05
180 182 2472 0.999842 -0.00433633 0.0172664 -0.962801 0.00425443 0.99998 0.00477722 0.00794683 -0.0172868 -0.004703 0.99984 -0.270093
180 183 880 0.999847 0.00371727 -0.017098 0.821853 -0.00362401 0.999978 0.00548221 0.0193512 0.017118 -0.00541941 0.999839 -0.569371
180 184 3282 0.998861 0.00878299 -0.0469027 0.973813 -0.00868818 0.99996 0.00222476 0.036219 0.0469204 -0.00181472 0.998897 -0.224448
180 185 353 0.999954 0.00401306 -0.00872027 0.994932 -0.00398654 0.999987 0.00305579 0.0362306 0.00873242 -0.00302089 0.999957 -0.0937975
180 186 214 0.999979 0.00231016 -0.00613221 -0.977726 -0.0023196 0.999996 -0.00153119 -0.0127884 0.00612865 0.00154538 0.99998 -0.209493
180 187 3097 0.998606 0.00354909 -0.0526605 0.968852 -0.00434526 0.999878 -0.0150122 0.210338 0.0526008 0.0152201 0.9985 -0.130709
180 188 3053 0.997829 0.0111434 -0.0649082 0.949435 -0.0116594 0.999903 -0.00757652 0.0465923 0.0648175 0.00831686 0.997862 -0.310487
180 189 3052 0.995696 0.0188584 -0.0907399 0.958596 -0.0194102 0.999798 -0.00520211 0.0745058 0.0906235 0.006941 0.995861 -0.274852
180 190 2982 0.997073 0.0221642 -0.0731696 0.959464 -0.0228854 0.999697 -0.00903236 0.126766 0.0729472 0.0106804 0.997279 -0.251713
180 191 2435 0.998145 0.0172119 -0.0583928 0.925983 -0.0176352 0.999822 -0.00674145 0.125832 0.0582664 0.00775871 0.998271 -0.355981
180 192 1299 0.99953 0.0136576 -0.0274314 0.672281 -0.0136966 0.999905 -0.00123409 0.169256 0.027412 0.00160923 0.999623 -0.720688
180 193 2606 0.997075 0.0199989 -0.0737669 0.939427 -0.0204009 0.999781 -0.00470033 0.116399 0.0736567 0.00619149 0.997264 -0.32238
180 194 1977 0.996978 0.0201513 -0.075019 0.950947 -0.02062 0.999772 -0.00547859 0.104586 0.0748915 0.00700893 0.997167 -0.291138
195 196 2604 0.999802 -0.00550906 0.0191373 -0.974042 0.00557728 0.999978 -0.00351299 0.196803 -0.0191176 0.00361903 0.999811 -0.111855
195 197 2915 0.999645 0.00235665 0.0265252 -0.919449 -0.00244761 0.999991 0.00339744 0.127323 -0.0265169 -0.00346116 0.999642 -0.372026
195 198 3066 0.998036 0.0254154 -0.0572601 0.975616 -0.0244122 0.999537 0.0181519 -0.125697 0.0576949 -0.0167184 0.998194 -0.179927
195 199 1294 0.999709 0.0220756 0.00970483 -0.956589 -0.0221575 0.999719 0.00841245 0.0697431 -0.0095164 -0.00862504 0.999918 -0.282973
195 200 265 0.999504 0.0309695 -0.00573513 -0.954782 -0.0309332 0.999501 0.00632862 0.131878 0.00592827 -0.00614807 0.999964 -0.266457
195 201 1058 0.999248 0.0340701 -0.0185285 0.962978 -0.0341439 0.99941 -0.00367917 -0.0710322 0.0183922 0.00430904 0.999822 0.260052
195 202 853 0.999495 0.031513 -0.0041319 -0.898528 -0.0315935 0.999277 -0.0211272 0.172582 0.00346314 0.021247 0.999768 -0.403563
195 203 1349 0.999325 0.0319955 -0.0180278 0.860902 -0.0325366 0.999003 -0.0305684 0.046381 0.0170318 0.0311344 0.99937 -0.506653
195 204 1352 0.998788 0.0376137 -0.031736 0.775491 -0.038519 0.998854 -0.0284157 0.0890725 0.0306308 0.0296037 0.999092 -0.625043
195 205 1959 0.997719 0.0385145 -0.0554398 0.896906 -0.0394475 0.999096 -0.015833 0.0992977 0.0547799 0.0179838 0.998336 -0.430929
195 206 2458 0.997203 0.0501962 -0.0553827 0.898399 -0.0502623 0.998736 0.000200434 -0.00266223 0.0553228 0.00258379 0.998465 -0.439173
195 207 1635 0.998841 0.0391381 -0.0280026 0.943382 -0.0391787 0.999232 -0.00090334 0.0248936 0.0279457 0.0019994 0.999607 -0.330772
195 208 2469 0.996449 0.0491197 -0.068388 0.995023 -0.0495822 0.998757 -0.00508041 0.0121833 0.0680534 0.00845319 0.997646 -0.0988962
195 209 2286 0.996389 0.0446265 -0.0722294 0.994722 -0.0454437 0.99892 -0.00970993 0.00860758 0.0717181 0.0129572 0.997341 -0.102248
210 211 658 0.999965 -0.00250077 0.00801522 -0.755881 0.00250901 0.999996 -0.00101872 0.0196053 -0.00801265 0.0010388 0.999967 -0.654415
210 212 1760 0.999884 -0.0112196 0.0102579 -0.768164 0.0111844 0.999931 0.00348833 0.0218521 -0.0102963 -0.0033732 0.999941 -0.639881
210 213 1867 0.999941 0.00349913 0.0102358 -0.946991 -0.00354144 0.999985 0.0041177 0.264976 -0.0102212 -0.0041537 0.999939 -0.181646
210 214 243 0.999888 -0.000264754 -0.0149509 -0.837495 0.000444072 0.999928 0.0119918 0.0953573 0.0149466 -0.0119971 0.999816 -0.53806
210 215 2384 0.998087 -0.013845 -0.0602498 0.924368 0.0138083 0.999904 -0.00102454 0.271446 0.0602582 0.000190628 0.998183 -0.268068
210 216 2177 0.997478 -0.0153462 -0.0692944 0.940716 0.0156939 0.999867 0.00447567 0.146329 0.0692165 -0.00555188 0.997586 -0.306008
210 217 2107 0.992304 -0.0248094 -0.121319 0.979919 0.029132 0.998998 0.033987 -0.196203 0.120354 -0.0372597 0.992032 -0.0355489
210 218 2052 0.986548 -0.0277034 -0.161108 0.963825 0.0368119 0.997871 0.0538288 -0.251462 0.159274 -0.0590353 0.985468 0.0883621
210 219 2057 0.985527 -0.0205688 -0.168269 0.955974 0.0311756 0.997673 0.0606375 -0.286853 0.16663 -0.0650058 0.983874 0.0618819
210 220 1883 0.98975 0.00257925 -0.142788 0.970032 -0.00130528 0.999959 0.00901505 0.103484 0.142805 -0.00873627 0.989712 -0.219837
210 221 1841 0.994126 -0.00412297 -0.108151 0.966579 0.00565271 0.999888 0.0138417 0.0799634 0.108082 -0.0143717 0.994038 -0.24358
210 222 1816 0.992557 -0.000755899 -0.121778 0.971355 0.00228266 0.999921 0.0123982 0.0939251 0.121759 -0.0125839 0.99248 -0.218282
210 223 1515 0.995953 -0.00242674 -0.0898436 0.99412 0.00404763 0.999832 0.0178635 0.0478753 0.0897851 -0.0181549 0.995796 -0.0971284
210 224 1697 0.991957 0.0015449 -0.126563 0.987135 0.000734695 0.999838 0.0179629 0.0505209 0.12657 -0.0179114 0.991796 -0.151698
225 226 190 0.999999 0.000350977 0.0011321 -0.948226 -0.000353786 0.999997 0.00248143 0.113693 -0.00113122 -0.00248183 0.999996 -0.296549
225 227 199 0.999957 0.00034265 -0.00922054 0.842232 -0.00029477 0.999986 0.00519361 -0.147017 0.00922219 -0.00519067 0.999944 0.518682
225 228 544 0.999974 0.00723611 -4.39446e-05 -0.942536 -0.00723605 0.999973 0.00119591 0.127887 5.25972e-05 -0.00119556 0.999999 -0.30866
225 229 2883 0.998922 0.0202629 -0.0417739 0.995489 -0.0200846 0.999787 0.00468164 -0.0913955 0.0418599 -0.00383758 0.999116 0.0254802
225 230 1041 0.999884 0.012849 0.0081213 -0.275268 -0.0129662 0.99981 0.0145486 0.0915872 -0.00793283 -0.0146522 0.999861 -0.956995
225 231 818 0.999962 0.00814569 -0.00316928 -0.268174 -0.00805026 0.999546 0.0290421 0.147793 0.0034044 -0.0290155 0.999573 -0.951966
225 232 1876 0.991952 0.0331799 -0.122193 0.985526 -0.0256375 0.997698 0.0627884 -0.130955 0.123995 -0.0591503 0.990518 -0.107653
225 233 910 0.999679 0.0106545 -0.0229784 0.250457 -0.00911246 0.997765 0.0661981 -0.0798598 0.0236324 -0.0659675 0.997542 0.964828
225 234 845 0.999573 0.0191406 -0.0221002 -0.745663 -0.017532 0.997335 0.0708142 0.0490737 0.0233968 -0.0703965 0.997245 -0.664514
225 235 1415 0.997109 0.0369323 -0.0663993 0.992916 -0.0324174 0.99717 0.0678343 0.0747799 0.0687167 -0.0654857 0.995485 0.0923404
225 236 2175 0.995814 0.0400959 -0.0821448 0.99779 -0.0341211 0.996756 0.0728907 0.0243378 0.0848009 -0.0697827 0.993951 0.0618217
225 237 2165 0.992989 0.0427707 -0.110201 0.995041 -0.0354069 0.997061 0.067933 0.0376107 0.112782 -0.0635548 0.991585 0.0920824
225 238 1323 0.999586 0.0174211 -0.0228862 0.803365 -0.0159351 0.997849 0.0635822 -0.0286318 0.0239446 -0.0631912 0.997714 0.594798
225 239 2280 0.995125 0.036681 -0.0915438 0.987525 -0.0321864 0.998225 0.0501003 0.0729489 0.093219 -0.0469096 0.99454 0.139544
240 241 1039 0.999993 -0.00380898 0.00062561 0.301189 0.00380703 0.999988 0.00309255 -0.269402 -0.000637382 -0.00309014 0.999995 0.914718
240 242 213 0.999967 -0.00141511 0.0079554 -0.999691 0.00143469 0.999996 -0.00245654 0.0168001 -0.00795189 0.00246788 0.999965 0.0183319
240 243 494 0.999996 -0.00275867 -0.00112547 -0.58865 0.00275425 0.999989 -0.00391747 -0.0813872 0.00113626 0.00391435 0.999992 0.80428
240 244 1787 0.999835 -0.00651191 -0.0169398 0.99327 0.00639806 0.999957 -0.00676681 -0.113089 0.0169831 0.00665732 0.999834 0.0249982
240 245 3771 0.998639 -0.000653883 -0.0521455 0.967135 0.000667683 1 0.000247218 -0.230086 0.0521453 -0.000281698 0.998639 -0.10821
240 246 1768 0.999855 -0.0019105 -0.0169253 0.851242 0.00159851 0.999829 -0.0184281 0.167337 0.0169576 0.0183983 0.999687 -0.497378
240 247 1627 0.999871 -0.00460863 -0.015413 0.618527 0.00442932 0.999922 -0.011648 0.0588907 0.0154655 0.0115782 0.999813 -0.783554
240 248 2171 0.999575 0.00332304 -0.028971 0.906437 -0.00355647 0.999962 -0.00800957 0.115627 0.0289433 0.0081092 0.999548 -0.406205
240 249 3663 0.999076 0.00731314 -0.0423593 0.883934 -0.00728544 0.999973 0.000808249 0.0140334 0.0423641 -0.000498896 0.999102 -0.467401
240 250 1457 0.999749 -0.00162999 -0.0223571 0.8133 0.00170193 0.999993 0.00319924 0.122116 0.0223517 -0.00323649 0.999745 -0.568885
240 251 3542 0.997434 0.00626013 -0.0713164 0.963776 -0.00502347 0.999834 0.0175067 -0.0302442 0.0714142 -0.0171035 0.9973 -0.264994
240 252 3525 0.99671 0.0188496 -0.0788344 0.99513 -0.0173186 0.999649 0.0200589 0.0206135 0.0791848 -0.0186276 0.996686 -0.0963949
240 253 1416 0.999422 0.0174524 -0.0291854 0.947361 -0.016827 0.999626 0.0215394 0.0336642 0.0295504 -0.0210358 0.999342 -0.318393
240 254 3508 0.997857 0.0297707 -0.0582709 0.944616 -0.0287346 0.999415 0.018539 0.059569 0.0587887 -0.0168249 0.998129 -0.322725
255 256 759 0.999949 0.0100562 -0.000781641 0.285748 -0.0100487 0.999908 0.00906393 -0.155869 0.000872718 -0.00905561 0.999959 -0.945544
255 257 3932 0.999377 0.0252027 -0.0247177 0.982077 -0.0247409 0.999517 0.0188146 -0.188056 0.0251799 -0.0181913 0.999517 -0.012651
255 258 1250 0.999262 0.0371052 -0.00996892 0.941675 -0.0369602 0.999214 0.0143605 -0.309903 0.0104939 -0.0139815 0.999847 -0.131182
255 259 1539 0.998678 0.0513857 0.00164575 0.376271 -0.0513886 0.998677 0.00176152 -0.115768 -0.00155305 -0.00184376 0.999997 -0.919248
255 260 1098 0.998337 0.0572235 0.00690838 0.942924 -0.0571294 0.99828 -0.0131281 -0.0808864 -0.00764774 0.0127116 0.99989 -0.323036
255 261 2164 0.998095 0.0613457 0.00651713 0.289453 -0.061227 0.997978 -0.0170687 0.186909 -0.00755104 0.0166371 0.999833 -0.938766
255 262 2921 0.997567 0.0691189 -0.00908571 0.604637 -0.0691685 0.997591 -0.00526837 -0.0465536 0.00869968 0.005884 0.999945 -0.795139
255 263 2542 0.99719 0.0716682 -0.0218239 0.891183 -0.0717247 0.997423 -0.00181624 0.0821065 0.0216375 0.00337645 0.99976 -0.446152
255 264 1877 0.997395 0.0663335 -0.0283497 0.931281 -0.0663166 0.997797 0.00153562 -0.00307249 0.0283892 0.000348443 0.999597 -0.364289
255 265 3291 0.996891 0.0658716 -0.0432334 0.899346 -0.0656765 0.997823 0.00591894 -0.0156779 0.0435292 -0.00306112 0.999047 -0.436956
255 266 1255 0.997665 0.0624917 -0.0275723 0.954883 -0.0625211 0.998044 -0.000203652 0.0248572 0.0275056 0.00192702 0.99962 -0.295941
255 267 2628 0.996754 0.0728316 -0.0342934 0.43648 -0.0729299 0.997336 -0.00162446 -0.100367 0.0340837 0.0041202 0.99941 -0.894098
255 268 1103 0.997617 0.0612836 -0.0316847 0.915792 -0.0617867 0.997974 -0.0151501 0.0534946 0.030692 0.0170717 0.999383 -0.398075
255 269 1031 0.997792 0.05384 -0.0388909 0.932864 -0.0548642 0.998161 -0.0257664 0.0980768 0.0374321 0.0278432 0.998911 -0.346619
270 271 442 0.999999 0.00115733 -0.000204338 -0.567196 -0.00115738 0.999999 -0.000226375 0.163592 0.000204076 0.000226611 1 -0.807172
270 272 2792 0.999588 0.00855252 -0.0274096 0.982729 -0.00847003 0.999959 0.0031245 -0.0106213 0.0274352 -0.00289105 0.999619 -0.184747
270 273 3635 0.999306 0.0124812 -0.0350932 0.848277 -0.0124277 0.999921 0.00174323 0.0497891 0.0351122 -0.00130589 0.999383 -0.527207
270 274 1485 0.999336 0.00789822 -0.0355657 0.808256 -0.00806168 0.999958 -0.00445492 0.323618 0.035529 0.00473869 0.999357 -0.491929
270 275 1949 0.999244 0.0119941 -0.0369906 0.455398 -0.0119217 0.999927 0.00217637 0.162787 0.037014 -0.00173373 0.999313 -0.875279
270 276 1597 0.999089 0.00891135 -0.0417244 0.371998 -0.009028 0.999956 -0.00260818 0.0676459 0.0416993 0.0029825 0.999126 -0.925765
270 277 4140 0.997362 0.0203538 -0.0696724 0.896577 -0.0208541 0.999762 -0.00646111 0.125004 0.0695243 0.00789702 0.997549 -0.424881
270 278 2454 0.997968 0.0221724 -0.0597334 0.553238 -0.0219487 0.999749 0.00439921 0.0694916 0.059816 -0.0030792 0.998205 -0.83012
270 279 3891 0.995652 0.0294889 -0.0883567 0.952737 -0.0293806 0.999565 0.00252617 0.238616 0.0883928 8.07831e-05 0.996086 -0.188027
270 280 1776 0.99703 0.0252623 -0.0727583 0.481175 -0.0247837 0.999665 0.0074735 0.0771523 0.0729228 -0.00564808 0.997322 -0.873223
270 281 1704 0.996116 0.0285054 -0.0833065 0.814151 -0.0280958 0.999587 0.00608563 0.21784 0.0834456 -0.00372143 0.996505 -0.538241
270 282 2980 0.993909 0.0318925 -0.10549 0.966686 -0.0314716 0.999489 0.00565311 0.189764 0.105616 -0.00229874 0.994404 -0.17178
270 283 2370 0.993954 0.0289383 -0.105916 0.866307 -0.0288129 0.999581 0.00271373 0.141277 0.10595 0.000354437 0.994371 -0.479118
270 284 1986 0.993506 0.0304021 -0.109647 0.752331 -0.0305197 0.999534 0.000606302 0.195453 0.109614 0.00274403 0.99397 -0.629123
285 286 555 0.999976 -0.00658929 0.0022594 -0.938581 0.006591 0.999978 -0.000750287 -0.186514 -0.0022544 0.000765161 0.999997 0.290307
285 287 4133 0.999081 0.00585503 -0.0424672 0.884028 -0.00586503 0.999983 -0.000111014 0.0696313 0.0424658 0.000359984 0.999098 -0.462219
285 288 3516 0.999493 0.00628048 -0.0312136 0.780386 -0.00615289 0.999972 0.00418171 0.245351 0.031239 -0.00398754 0.999504 -0.575153
285 289 3628 0.998253 0.00845993 -0.0584748 0.954588 -0.00746864 0.999825 0.0171502 0.148152 0.0586097 -0.0166835 0.998142 -0.258483
285 290 3462 0.998021 0.00614645 -0.0625776 0.940502 -0.00426419 0.999536 0.0301681 -0.0295714 0.062734 -0.0298415 0.997584 -0.3385
285 291 3203 0.997612 0.0169698 -0.066952 0.723419 -0.0142625 0.999069 0.0407094 -0.000759218 0.0675805 -0.0396572 0.996925 -0.690409
285 292 3178 0.995012 0.0248115 -0.0966175 0.939287 -0.0214646 0.999138 0.0355281 0.211656 0.0974157 -0.033277 0.994687 -0.270078
285 293 1907 0.997441 0.0242365 -0.0672606 0.863836 -0.0212561 0.998775 0.0446792 0.204065 0.0682611 -0.0431352 0.996735 -0.460591
285 294 2673 0.99559 0.0253004 -0.0903348 0.970419 -0.0209119 0.99857 0.0492013 0.0961647 0.0914504 -0.0470953 0.994695 -0.221448
285 295 1936 0.995145 0.0338009 -0.0924335 0.979022 -0.0296816 0.99852 0.0455819 0.160385 0.0938373 -0.042617 0.994675 -0.125671
285 296 2276 0.993578 0.042171 -0.104999 0.912002 -0.037417 0.998201 0.0468436 0.168027 0.106785 -0.042614 0.993368 -0.374192
285 297 2338 0.991462 0.0535073 -0.118914 0.878577 -0.0475356 0.997489 0.0525017 0.159021 0.121425 -0.0464008 0.991516 -0.450349
285 298 1601 0.992823 0.0531597 -0.10713 0.921676 -0.0474569 0.997353 0.0550983 0.074348 0.109776 -0.0496188 0.992717 -0.38077
285 299 1517 0.991132 0.0620026 -0.117533 0.999407 -0.0560366 0.996999 0.0534056 0.031362 0.120491 -0.0463459 0.991632 0.0142006
300 301 124 0.999967 -0.0042449 -0.00686805 0.874212 0.00428375 0.999975 0.00565198 -0.0807399 0.00684388 -0.00568121 0.99996 -0.478784
300 302 769 0.999783 -0.00252827 -0.0206901 0.918258 0.00274924 0.999939 0.0106587 -0.031198 0.0206619 -0.0107132 0.999729 -0.394751
300 303 400 0.999949 0.00229254 -0.00981941 0.852715 -0.00218096 0.999933 0.0113586 0.0138786 0.0098448 -0.0113366 0.999887 0.522193
300 304 1407 0.999511 0.0180563 -0.0255374 0.978646 -0.0178182 0.999796 0.0095211 0.189246 0.0257041 -0.00906142 0.999629 -0.0802426
300 305 1041 0.999547 0.0226751 -0.0197812 0.858215 -0.0224747 0.999694 0.0102933 0.125392 0.0200086 -0.00984407 0.999751 -0.497738
300 306 921 0.99955 0.0282014 -0.0102012 0.838233 -0.0281667 0.999597 0.00353362 -0.0288412 0.0102967 -0.0032447 0.999942 0.544549
300 307 4036 0.998447 0.0308315 -0.0464063 0.989334 -0.0309521 0.999519 -0.00188145 -0.145228 0.046326 0.0033149 0.998921 0.011297
300 308 2575 0.998985 0.0330357 -0.0306338 0.978203 -0.0333525 0.999395 -0.00988863 -0.043192 0.0302885 0.0109003 0.999482 -0.20311
300 309 3770 0.997532 0.0372554 -0.0595076 0.999401 -0.0382978 0.999131 -0.016473 -0.0337533 0.0588422 0.0187113 0.998092 -0.00763388
300 310 1755 0.999369 0.0239564 -0.0262068 0.976441 -0.024732 0.999253 -0.029681 0.020868 0.0254762 0.0303104 0.999216 -0.214775
300 311 2306 0.999601 0.0151825 -0.0238163 0.963457 -0.0161162 0.999089 -0.0395149 -0.0169849 0.0231947 0.039883 0.998935 0.267325
300 312 3620 0.998157 0.0137881 -0.059095 0.99804 -0.0162825 0.998988 -0.0419384 -0.0259481 0.0584569 0.0428233 0.997371 0.056952
300 313 1791 0.999834 0.00872629 -0.0159947 0.785559 -0.0094717 0.998844 -0.0471362 0.115233 0.0155649 0.0472799 0.99876 0.607963
300 314 2576 0.999349 -0.00162093 -0.0360345 0.965919 -0.000298489 0.998584 -0.053197 0.0758785 0.0360697 0.0531731 0.997934 -0.247474
315 316 658 0.99997 -0.00677157 0.00369594 0.289395 0.00677136 0.999977 7.07437e-05 -0.276353 -0.00369633 -4.57151e-05 0.999993 0.91645
315 317 664 0.999954 -0.00731849 0.00626961 0.158639 0.00730464 0.999971 0.00222833 -0.0314303 -0.00628574 -0.00218243 0.999978 -0.986836
315 318 913 0.999929 -0.00848283 0.00833073 0.335641 0.00842738 0.999942 0.00666961 0.0744865 -0.00838682 -0.00659893 0.999943 -0.93904
315 319 1181 0.99993 -0.001526 0.011717 0.241421 0.00139148 0.999933 0.0114802 0.246718 -0.0117337 -0.0114631 0.999865 -0.938534
315 320 364 0.999741 -0.00185748 0.0226725 0.788872 0.00155377 0.999909 0.013406 -0.17466 -0.0226954 -0.0133673 0.999653 0.589216
315 321 1441 0.999869 0.00728696 0.0144761 0.949916 -0.00743091 0.999923 0.00991491 0.233035 -0.0144028 -0.0100212 0.999846 0.208219
315 322 3475 0.999884 0.00930715 0.0120404 0.958356 -0.00946407 0.99987 0.0130426 0.00778334 -0.0119174 -0.013155 0.999842 -0.28547
315 323 1327 0.99963 0.00799458 0.026006 0.552864 -0.00825437 0.999917 0.0098975 0.225553 -0.0259247 -0.0101085 0.999613 -0.802164
