0 1 297 0.999986 0.00181705 -0.00498816 0.303268 -0.00180257 0.999994 0.0029053 -0.011232 0.00499341 -0.00289627 0.999983 -0.952839
0 2 149 0.99993 0.0107286 -0.00502808 0.222449 -0.0107083 0.999934 0.00405494 -0.125648 0.00507126 -0.00400081 0.999979 0.966814
0 3 356 0.999937 0.0110417 0.00175517 0.0545859 -0.0110541 0.999913 0.0072301 0.243281 -0.00167519 -0.00724905 0.999972 -0.968419
0 4 327 0.999926 0.0117826 0.00294685 0.234379 -0.0118111 0.999882 0.00984 0.0150299 -0.00283056 -0.00987408 0.999947 -0.972029
0 5 457 0.999931 0.0114276 0.00289116 -0.695984 -0.011446 0.999914 0.00642227 -0.201485 -0.00281752 -0.00645492 0.999975 0.689209
0 6 640 0.999956 0.00917939 0.00190396 -0.751396 -0.00917322 0.999953 -0.00322251 -0.0985529 -0.00193345 0.0032049 0.999993 0.65245
0 7 294 0.999952 0.00920209 -0.00332504 0.448385 -0.00922727 0.999928 -0.00763715 -0.3292 0.00325452 0.00766746 0.999965 0.83101
0 8 235 0.999975 0.00683096 -0.00205396 0.674513 -0.00685629 0.999897 -0.0125916 0.0967337 0.00196774 0.0126054 0.999919 -0.731898
0 9 1438 0.999554 0.00270937 -0.0297316 0.943395 -0.0031698 0.999876 -0.01545 -0.0501059 0.029686 0.0155373 0.999439 0.327866
0 10 1532 0.999389 -0.00036103 -0.034962 0.963086 -4.13424e-05 0.999934 -0.0115074 -0.221008 0.0349638 0.0115019 0.999322 0.15369
0 11 904 0.999791 -6.56846e-05 -0.0204531 0.847818 -0.000234837 0.999892 -0.0146904 0.0175567 0.0204519 0.0146922 0.999683 -0.529997
0 12 498 0.999969 0.00326606 -0.00722455 0.298607 -0.00338125 0.999866 -0.015991 -0.100495 0.00717135 0.016015 0.999846 0.94907
0 13 403 0.999921 0.00379419 -0.0119508 0.915088 -0.00399976 0.999844 -0.0172245 0.168248 0.0118835 0.017271 0.99978 -0.366477
0 14 500 0.999879 0.00143412 -0.0155067 0.556695 -0.00168392 0.999869 -0.0161082 -0.0673721 0.0154816 0.0161323 0.99975 0.82798
15 16 422 0.999991 -0.00416111 -0.000151419 0.296985 0.00416099 0.999991 -0.000830186 0.158489 0.000154873 0.000829549 1 -0.941638
15 17 166 0.999939 -0.0110738 0.000300615 0.180837 0.0110749 0.999931 -0.00401873 -0.114003 -0.000256092 0.00402182 0.999992 0.976883
15 18 231 0.999874 -0.0140185 -0.00741882 0.600188 0.0140042 0.9999 -0.00197431 0.168491 0.00744576 0.00187017 0.999971 -0.781912
15 19 821 0.999814 -0.0104869 -0.0161913 0.869941 0.0104079 0.999934 -0.00495505 0.444701 0.0162422 0.00478561 0.999857 -0.213177
15 20 360 0.999927 -0.0109311 -0.00516401 0.851605 0.0109314 0.99994 2.55304e-05 0.291486 0.00516342 -8.19781e-05 0.999987 -0.435666
15 21 996 0.999924 -0.00788845 -0.00943087 0.641566 0.00777688 0.9999 -0.0118097 0.141721 0.00952308 0.0117355 0.999886 -0.753862
15 22 2982 0.998706 -0.00279621 -0.0507831 0.989688 0.00240393 0.999967 -0.00778413 -0.0229647 0.0508032 0.00765198 0.998679 0.141386
15 23 592 0.999902 -0.00771614 -0.0116741 0.812518 0.00756763 0.999891 -0.0127123 0.0821645 0.0117709 0.0126227 0.999851 -0.577116
15 24 442 0.999883 -0.000857998 -0.0152547 0.992936 0.00050398 0.999731 -0.0231958 0.0651623 0.0152705 0.0231854 0.999615 -0.0991557
15 25 987 0.999447 0.000531591 -0.0332432 0.835158 -0.00162139 0.999462 -0.0327642 0.0752122 0.0332079 0.0327999 0.99891 -0.544843
15 26 2031 0.998764 0.00654266 -0.0492652 0.938248 -0.00836077 0.999288 -0.0367893 0.169098 0.0489894 0.0371558 0.998108 -0.301821
15 27 1417 0.999258 0.0120034 -0.0366032 0.718188 -0.0130634 0.999498 -0.0288582 0.0447061 0.0362384 0.0293149 0.998913 -0.694411
15 28 1359 0.998944 0.0178841 -0.04231 0.867479 -0.0190552 0.999442 -0.0274395 0.0891159 0.0417957 0.0282168 0.998728 -0.489427
15 29 1734 0.997691 0.0239529 -0.0635544 0.878114 -0.0256735 0.999322 -0.0263963 0.099747 0.062879 0.027967 0.997629 -0.467938
30 31 38 0.999678 0.0234274 0.00973687 -0.167069 -0.0234536 0.999722 0.00259128 -0.827649 -0.00967345 -0.00281881 0.999949 -0.535803
30 32 184 0.999898 0.010575 0.00963056 -0.633486 -0.0106082 0.999938 0.00340192 0.0609315 -0.00959399 -0.00350373 0.999948 0.771351
30 33 74 0.99994 0.0108707 0.001279 -0.868531 -0.0108753 0.999934 0.0036223 -0.166515 -0.00123954 -0.00363599 0.999993 0.466826
30 34 239 0.999906 0.00966861 -0.00973074 0.664179 -0.00965616 0.999952 0.00132559 0.0722939 0.00974309 -0.00123151 0.999952 -0.74407
30 35 1446 0.999924 -0.00220885 0.0121124 -0.998601 0.00214672 0.999984 0.00514004 -0.0161305 -0.0121236 -0.00511365 0.999913 0.0503603
30 36 458 0.999991 -0.00164099 -0.00379543 -0.90992 0.00164816 0.999997 0.00188659 -0.08891 0.00379233 -0.00189283 0.999991 0.405142
30 37 1215 0.999991 0.000567274 0.00425354 -0.97441 -0.000582904 0.999993 0.00367439 -0.0161733 -0.00425142 -0.00367683 0.999984 -0.224194
30 38 605 0.999497 0.0144225 -0.0282304 0.872488 -0.0142121 0.99987 0.00763971 0.0899404 0.0283369 -0.00723465 0.999572 -0.480286
30 39 464 0.999819 0.0186653 -0.0036216 -0.982118 -0.0186161 0.99974 0.0131784 -0.140976 0.00386664 -0.0131086 0.999907 -0.124777
30 40 1353 0.999098 0.00486914 0.0421762 -0.959492 -0.00567016 0.999805 0.0188933 -0.0318082 -0.042076 -0.0191154 0.998932 -0.279935
30 41 594 0.999143 0.00385988 -0.0412086 0.932436 -0.00302298 0.999788 0.020352 0.0921761 0.0412784 -0.02021 0.998943 -0.349381
30 42 603 0.999072 0.00673968 -0.0425377 0.988976 -0.00596405 0.999814 0.0183344 0.0579789 0.0426534 -0.0180637 0.998927 -0.136255
30 43 497 0.99931 -0.000211997 -0.037141 0.900983 0.00081226 0.999869 0.0161474 0.129711 0.0371328 -0.0161664 0.99918 -0.414011
30 44 831 0.998037 0.00982398 -0.0618585 0.879758 -0.00836532 0.999682 0.0237955 0.13951 0.0620726 -0.0232313 0.997801 -0.454491
45 46 1696 0.999691 0.0031057 0.024667 -0.996669 -0.00319781 0.999988 0.00369553 -0.0597788 -0.0246552 -0.00377327 0.999689 0.0554806
45 47 2057 0.999176 0.00256056 0.0404972 -0.985473 -0.00277713 0.999982 0.00529243 -0.150493 -0.0404829 -0.00540053 0.999166 0.0787037
45 48 191 0.999968 0.00405922 -0.00684258 0.97985 -0.00410413 0.99997 -0.00656273 0.153178 0.00681573 0.00659061 0.999955 -0.128184
45 49 541 0.999764 0.00251389 -0.0215637 0.961389 -0.00244351 0.999992 0.00328928 0.138794 0.0215718 -0.00323581 0.999762 -0.237627
45 50 1388 0.999218 0.016592 -0.0358921 0.885601 -0.0161241 0.999782 0.0132858 -0.0672527 0.0361047 -0.0126967 0.999267 0.459551
45 51 715 0.999447 0.0151771 -0.0295828 0.81944 -0.0151746 0.999885 0.000310682 -0.129531 0.0295841 0.000138395 0.999562 0.558337
45 52 1180 0.997818 0.0269202 -0.0602923 0.974364 -0.0280245 0.999453 -0.0175457 -0.00172205 0.059787 0.019197 0.998027 0.22497
45 53 1201 0.996879 0.0393103 -0.068468 0.998447 -0.0404463 0.999065 -0.0152851 0.00638593 0.0678031 0.0180067 0.997536 -0.0553457
45 54 931 0.997513 0.054865 -0.0442518 0.973224 -0.054964 0.998488 -0.00102255 -0.00195796 0.0441288 0.00345226 0.99902 -0.229849
45 55 1276 0.996092 0.0643321 -0.0605133 0.996414 -0.0641119 0.997927 0.00557456 0.00712261 0.0607465 -0.00167315 0.998152 0.0843139
45 56 1081 0.996628 0.0550552 -0.0608347 0.998291 -0.0543984 0.998442 0.0124014 0.0325234 0.0614227 -0.00905024 0.998071 -0.0485579
45 57 1206 0.995453 0.0547117 -0.0779692 0.991483 -0.0538684 0.998465 0.0128795 0.0288611 0.0785542 -0.00862086 0.996873 0.126998
45 58 491 0.998082 0.0501119 -0.0363552 0.994492 -0.0498575 0.998725 0.00787149 -0.00023159 0.0367034 -0.00604381 0.999308 0.104815
45 59 660 0.996911 0.0514394 -0.0593463 0.996687 -0.0511721 0.998672 0.00601741 0.0144232 0.059577 -0.00296196 0.998219 0.0800408
60 61 2428 0.999865 0.00611525 -0.0152583 0.589949 -0.00648795 0.999679 -0.0244971 0.770772 0.0151036 0.0245928 0.999583 0.240563
60 62 281 0.999885 0.0144955 0.0045338 0.402489 -0.0144648 0.999873 -0.00673863 0.736549 -0.00463091 0.00667228 0.999967 0.543597
60 63 348 0.999967 -0.00199016 -0.00790358 0.99966 0.00197441 0.999996 -0.00200025 0.0232976 0.00790753 0.00198458 0.999967 -0.0117309
60 64 609 0.999908 -0.00535703 -0.012424 0.98273 0.00530867 0.999978 -0.00392208 0.163978 0.0124447 0.00385576 0.999915 -0.085753
60 65 393 0.999956 -0.00903757 -0.00244755 0.958201 0.00902636 0.999949 -0.00455263 -0.0784366 0.00248857 0.00453034 0.999987 0.275133
60 66 147 0.999853 -0.0154857 0.00741562 0.998666 0.0155631 0.999824 -0.0105015 0.00435492 -0.00725169 0.0106154 0.999917 0.051447
60 67 579 0.999758 -0.0155593 -0.0155716 0.932798 0.0153702 0.999808 -0.0121865 0.148238 0.0157582 0.0119442 0.999804 -0.3285
60 68 1460 0.99957 -0.00833447 -0.0281206 0.998573 0.00797104 0.999884 -0.0130114 0.0116258 0.0282258 0.0127817 0.99952 -0.0521179
60 69 639 0.999835 -0.00913874 -0.015707 0.875565 0.00891754 0.999861 -0.0140954 -0.00978335 0.0158336 0.013953 0.999777 -0.483001
60 70 609 0.99971 -0.0100187 -0.0219208 0.901772 0.00975338 0.999878 -0.0121778 0.13626 0.0220401 0.0119604 0.999686 -0.410172
60 71 1585 0.999125 -0.00919427 -0.0407971 0.966818 0.00881406 0.999916 -0.00948963 0.0815309 0.040881 0.00912174 0.999122 -0.242106
60 72 620 0.999591 -0.00751798 -0.0275804 0.931992 0.00724073 0.999922 -0.0101387 0.0559091 0.0276544 0.00993489 0.999568 -0.358141
60 73 1570 0.998215 -0.000752463 -0.0597154 0.970308 8.60224e-05 0.999938 -0.0111621 0.0540592 0.05972 0.011137 0.998153 -0.235752
60 74 934 0.998935 -0.00112943 -0.0461165 0.944569 0.000678604 0.999952 -0.00979033 0.0624146 0.0461254 0.00974861 0.998888 -0.322326
75 76 287 0.99998 0.00525623 0.0036035 0.327368 -0.00526095 0.999985 0.00130164 -0.0620988 -0.00359661 -0.00132057 0.999993 -0.942854
75 77 436 0.999997 0.00256589 0.000372652 0.311306 -0.0025664 0.999996 0.00138371 -0.0126544 -0.0003691 -0.00138466 0.999999 -0.950226
75 78 350 0.999889 0.00612273 -0.0135891 0.973414 -0.00611348 0.999981 0.000722033 -0.0587476 0.0135932 -0.000638876 0.999907 -0.22139
75 79 862 0.999756 0.00993344 -0.019713 0.929745 -0.0100186 0.999941 -0.00422673 0.0580781 0.0196699 0.0044232 0.999797 -0.363595
75 80 666 0.999816 0.0152421 -0.0116837 0.652056 -0.0153487 0.999841 -0.00908898 -0.0284071 0.0115433 0.00926663 0.99989 -0.757638
75 81 1364 0.999305 0.0214554 -0.0304918 0.912238 -0.0219571 0.999627 -0.016214 0.135278 0.0301326 0.0168722 0.999403 -0.386679
75 82 730 0.999396 0.0185219 -0.029419 0.752294 -0.0189274 0.999729 -0.0135655 0.170659 0.0291598 0.0141142 0.999475 -0.63634
75 83 1879 0.998684 0.0270971 -0.0435462 0.91215 -0.0275341 0.999576 -0.00946596 0.0541136 0.0432712 0.0106525 0.999007 -0.406269
75 84 672 0.999114 0.0297938 -0.0297154 0.767554 -0.0301233 0.999489 -0.0107015 0.223409 0.0293813 0.0115872 0.999501 -0.60079
75 85 514 0.999217 0.0260171 -0.0298047 0.0524524 -0.0256137 0.999576 0.0138392 -0.537339 0.0301521 -0.013065 0.99946 -0.841733
75 86 475 0.998088 0.0600798 -0.0145375 -0.0448996 -0.0596062 0.997738 0.0310697 -0.423006 0.0163713 -0.0301438 0.999411 -0.905014
75 87 1505 0.998223 0.0482912 -0.0349162 0.769976 -0.0471004 0.998306 0.0341588 -0.00382426 0.0365066 -0.0324535 0.998806 -0.638061
75 88 1586 0.997931 0.0488482 -0.0418143 0.92773 -0.0476562 0.998441 0.0290451 0.183311 0.0431679 -0.0269922 0.998703 -0.325137
75 89 1543 0.998023 0.0440505 -0.0448398 0.953768 -0.0428224 0.998691 0.0279892 0.1718 0.046014 -0.0260137 0.998602 -0.246598
90 91 149 0.999898 -0.013501 -0.00464113 0.211729 0.0134629 0.999876 -0.00814235 0.670015 0.00475049 0.00807904 0.999956 -0.711513
90 92 549 0.999918 -0.00304825 -0.0124576 0.243533 0.00303932 0.999995 -0.000735345 0.220096 0.0124597 0.000697422 0.999922 -0.94459
90 93 633 0.99996 -0.00234882 -0.00861173 0.169773 0.00239895 0.99998 0.00581514 0.0985803 0.0085979 -0.00583556 0.999946 -0.98054
90 94 1461 0.999382 -0.00446137 -0.0348645 0.805513 0.00477009 0.99995 0.00877683 -0.0269675 0.0348236 -0.00893771 0.999354 -0.591964
90 95 696 0.999452 -0.0140468 -0.0299713 0.737058 0.0140577 0.999901 0.00015429 0.168927 0.0299661 -0.000575533 0.999551 -0.654377
90 96 575 0.999478 -0.0137282 -0.029231 0.740021 0.0136341 0.999901 -0.00341727 0.117348 0.029275 0.00301695 0.999567 -0.662267
90 97 1255 0.998711 -0.00908579 -0.0499391 0.932548 0.0086817 0.999928 -0.00830272 0.139645 0.0500109 0.00785846 0.998718 -0.332946
90 98 670 0.999197 -0.0102066 -0.0387469 0.8547 0.00987028 0.999912 -0.00886164 0.0724559 0.0388339 0.00847208 0.99921 -0.514042
90 99 569 0.998849 -0.0140181 -0.0458729 0.837434 0.0135311 0.999849 -0.0109089 0.101362 0.0460189 0.0102756 0.998888 -0.537057
90 100 1202 0.997313 -0.0141357 -0.0718833 0.873447 0.0136223 0.999878 -0.00762731 0.0496715 0.0719823 0.0066276 0.997384 -0.48438
90 101 1153 0.996918 -0.00586732 -0.0782275 0.964691 0.00560007 0.999978 -0.0036353 0.0252794 0.078247 0.00318602 0.996929 -0.26217
90 102 973 0.998074 -0.00278211 -0.0619767 0.917518 0.00230241 0.999967 -0.00781001 0.115495 0.0619964 0.00765227 0.998047 -0.380555
90 103 1038 0.99612 -0.00217641 -0.0879841 0.961348 0.00118413 0.999935 -0.0113286 0.0747175 0.0880031 0.0111804 0.996057 -0.265003
90 104 1046 0.994983 0.00501485 -0.0999199 0.957571 -0.00584141 0.999951 -0.00798139 -0.00857427 0.099875 0.00852502 0.994963 -0.288071
105 106 317 0.99998 0.0062255 0.000593839 0.124544 -0.00622358 0.999976 -0.00319057 0.235417 -0.000613688 0.00318681 0.999995 -0.963881
105 107 105 0.999836 0.0174767 -0.0048311 0.965506 -0.0174845 0.999846 -0.00158951 0.00996156 0.00480257 0.00167372 0.999987 -0.260189
105 108 557 0.999653 0.0251364 0.00793078 -0.595835 -0.0250552 0.999634 -0.0101854 0.321019 -0.0081839 0.00998317 0.999917 -0.736157
105 109 654 0.999005 0.0417968 -0.0155463 0.998911 -0.0420294 0.999005 -0.0149507 0.0452582 0.014906 0.0155893 0.999767 0.0113483
105 110 1101 0.997757 0.0567705 -0.0354636 0.967095 -0.0572744 0.998269 -0.0133558 -0.0862572 0.034644 0.015357 0.999282 -0.239346
105 111 996 0.997474 0.0601481 -0.0377816 0.852101 -0.0606427 0.998086 -0.0120842 -0.0239329 0.0369824 0.0143449 0.999213 -0.52283
105 112 503 0.998164 0.0594431 -0.0116489 0.913254 -0.0595526 0.998182 -0.00928546 0.0265371 0.0110758 0.00996213 0.999889 -0.406526
105 113 1077 0.996536 0.0663928 -0.0500738 0.997175 -0.066871 0.99773 -0.00793412 -0.0228835 0.0494333 0.0112551 0.998714 -0.0715468
105 114 597 0.997912 0.0599385 -0.0240746 0.973319 -0.060049 0.998188 -0.00389571 -0.0159601 0.0237975 0.00533323 0.999703 -0.228899
105 115 763 0.997433 0.0536119 -0.0474659 0.991456 -0.0540358 0.998509 -0.00769188 -0.0786361 0.0469827 0.010237 0.998843 0.104074
105 116 246 0.999056 0.0368672 0.0229682 0.172793 -0.0361605 0.998882 -0.0304562 0.270473 -0.0240653 0.0295969 0.999272 -0.947094
105 117 160 0.999272 0.0312923 0.0218035 0.113691 -0.0300342 0.997989 -0.0558176 0.780658 -0.0235063 0.0551222 0.998203 0.61453
105 118 454 0.996083 0.0828542 -0.0308735 0.980627 -0.0850188 0.993396 -0.077053 0.0427505 0.0242854 0.079376 0.996549 -0.191161
105 119 480 0.995838 0.0790221 -0.0454186 0.983784 -0.0822045 0.993931 -0.0730944 -0.0333925 0.0393669 0.0765237 0.99629 -0.176222
120 121 538 0.999931 0.0110988 -0.00387665 0.84281 -0.0110864 0.999933 0.00320014 0.0286755 0.00391191 -0.00315694 0.999987 -0.537446
120 122 142 0.999553 0.0147275 0.0260259 -0.983386 -0.0150363 0.999818 0.011709 0.072241 -0.0258488 -0.0120951 0.999593 0.166532
120 123 182 0.999752 0.018264 0.0127156 0.980604 -0.0184984 0.999656 0.0185671 -0.0506137 -0.0123722 -0.0187978 0.999747 -0.189349
120 124 136 0.999551 0.0133083 0.0268556 -0.760797 -0.0139746 0.999595 0.0247751 0.19894 -0.026515 -0.0251393 0.999332 -0.617746
120 125 614 0.999951 0.00133716 0.00982466 0.695874 -0.00175495 0.999089 0.0426405 -0.176109 -0.00975869 -0.0426556 0.999042 0.696236
120 126 1256 0.995839 -0.0281013 0.0866854 -0.870528 0.0243022 0.99871 0.0445744 -0.0385334 -0.0878262 -0.0422823 0.995238 0.490609
120 127 614 0.999487 -0.0310383 -0.00789838 0.44526 0.0313456 0.998612 0.0423232 -0.194952 0.00657378 -0.0425491 0.999073 0.87392
120 128 757 0.999049 -0.0428675 -0.00798967 0.556674 0.0431605 0.998223 0.0410761 -0.151625 0.00621465 -0.0413818 0.999124 0.816777
120 129 1031 0.999068 -0.0414678 -0.0119631 0.687569 0.0419513 0.998173 0.0434869 -0.216595 0.0101379 -0.0439483 0.998982 0.693063
120 130 849 0.999004 -0.044483 -0.00340233 0.701271 0.0445873 0.998109 0.0423163 -0.189562 0.00151354 -0.0424259 0.999098 0.68723
120 131 853 0.998321 -0.0576061 -0.00597942 0.449219 0.0578425 0.996919 0.0529794 -0.16695 0.00290906 -0.0532364 0.998578 0.877685
120 132 748 0.998004 -0.0564452 -0.0283228 0.658995 0.0579386 0.996803 0.0550171 -0.14353 0.0251268 -0.0565483 0.998084 0.738326
120 133 776 0.996914 -0.0591956 -0.0515644 0.743211 0.0623006 0.996201 0.0608487 -0.167709 0.0477665 -0.0638734 0.996814 0.647697
120 134 608 0.997061 -0.0607796 -0.0466366 0.431723 0.0636978 0.995923 0.0638725 -0.103665 0.0425643 -0.0666554 0.996868 0.89603
135 136 467 0.999725 0.00436429 -0.0230445 0.968689 -0.00456243 0.999953 -0.00855245 0.0356452 0.0230061 0.00865524 0.999698 -0.245706
135 137 1155 0.999975 -0.00253825 0.00652713 -0.986566 0.00263928 0.999876 -0.0155168 -0.0146962 -0.00648693 0.0155336 0.999858 0.162701
135 138 127 0.999716 0.00438882 -0.0234153 -0.771414 -0.00486258 0.999784 -0.0202149 0.167721 0.0233215 0.020323 0.999521 -0.613833
135 139 394 0.999066 0.00565129 -0.0428314 0.89883 -0.00662403 0.999723 -0.022603 -0.0329522 0.0426918 0.0228657 0.998827 -0.437057
135 140 724 0.998443 0.00483267 -0.0555714 0.990492 -0.00661045 0.999471 -0.0318517 -0.0281663 0.0553881 0.0321695 0.997947 0.134658
135 141 738 0.998103 0.00621893 -0.0612519 0.808195 -0.00831867 0.999384 -0.0340852 -0.0471577 0.0610022 0.0345301 0.99754 -0.587023
135 142 546 0.999417 0.0044716 -0.0338477 -0.989505 -0.00562885 0.9994 -0.0341722 0.0705123 0.0336746 0.0343428 0.998843 -0.126124
135 143 1066 0.995312 0.0190259 -0.0948291 0.999438 -0.0218123 0.999358 -0.0284333 0.028084 0.0942272 0.0303685 0.995087 -0.0182876
135 144 628 0.996859 0.0163971 -0.0774858 0.752559 -0.0184738 0.999487 -0.0261603 0.0979999 0.0770171 0.0275096 0.99665 -0.651192
135 145 182 0.997128 0.0244388 -0.0716818 0.961192 -0.0259887 0.999446 -0.0207695 0.0419575 0.0711345 0.0225727 0.997211 -0.272669
135 146 1083 0.99245 0.0422903 -0.115131 0.986238 -0.0438778 0.998973 -0.0112889 -0.0108733 0.114535 0.0162553 0.993286 -0.164972
135 147 421 0.998192 0.0381779 -0.0464199 -0.993255 -0.03873 0.999189 -0.0110512 0.0310426 0.0459603 0.012829 0.998861 -0.111718
135 148 286 0.996799 0.0379286 -0.0703773 0.977257 -0.0389287 0.999159 -0.0128933 -0.0676796 0.0698291 0.0155918 0.997437 0.20097
135 149 683 0.994466 0.0324765 -0.0999121 0.999619 -0.0342976 0.999274 -0.0165627 -0.0254663 0.0993017 0.0198978 0.994858 -0.0106548
150 151 501 0.999991 0.00405556 0.00123922 0.203952 -0.00405574 0.999992 0.000148063 0.0845181 -0.00123861 -0.000153087 0.999999 0.975326
150 152 263 0.999981 0.0021406 0.00583877 -0.235374 -0.00212872 0.999996 -0.00203927 -0.0710884 -0.00584311 0.0020268 0.999981 0.969302
150 153 2019 0.999496 0.00959644 -0.0302439 0.984737 -0.0097453 0.999941 -0.00477838 0.0631181 0.0301963 0.00507071 0.999531 -0.162202
150 154 135 0.999931 0.00755568 -0.00896156 0.974571 -0.00756415 0.999971 -0.00091098 -0.20936 0.00895442 0.000978704 0.999959 -0.0798723
150 155 1890 0.998662 0.0132489 -0.0499876 0.996097 -0.0135008 0.999898 -0.00470412 -0.00535626 0.0499201 0.00537269 0.998739 -0.0880973
150 156 230 0.99982 0.000683004 -0.0189792 0.993835 -0.000904634 0.999931 -0.0116714 -0.0329357 0.0189699 0.0116864 0.999752 0.105861
150 157 138 0.999819 0.00211473 -0.018909 0.990391 -0.00234976 0.99992 -0.0124158 -0.118155 0.0188812 0.012458 0.999744 -0.0718732
150 158 1697 0.998309 0.00752257 -0.0576393 0.990343 -0.00841744 0.999848 -0.0152983 0.0442707 0.0575154 0.0157577 0.99822 -0.131384
150 159 952 0.999994 0.00195757 -0.00286835 -0.788487 -0.00200569 0.999856 -0.016872 -0.103312 0.00283491 0.0168777 0.999854 0.606312
150 160 1602 0.99326 0.0231808 -0.113565 0.988443 -0.0250664 0.99957 -0.0152039 0.0115536 0.113164 0.0179481 0.993414 -0.151153
150 161 1476 0.997507 0.0142745 -0.0691079 0.992375 -0.0155101 0.999729 -0.0173758 -0.0412466 0.0688411 0.0184044 0.997458 -0.116149
150 162 761 0.998072 0.011548 -0.0609754 0.997285 -0.0127598 0.999728 -0.0195227 0.0176014 0.0607333 0.0202631 0.997948 -0.0715097
150 163 1398 0.99692 0.00644888 -0.0781545 0.998082 -0.00830125 0.999692 -0.0233997 0.0173861 0.0779795 0.0239764 0.996667 -0.0594154
150 164 1364 0.994001 0.0207159 -0.10739 0.989061 -0.0228699 0.99956 -0.0188644 -0.0256002 0.106952 0.0212073 0.994038 -0.145269
165 166 68 0.999982 0.00128406 -0.00583604 0.896731 -0.00128349 0.999999 0.000102695 -0.0656543 0.00583617 -9.52024e-05 0.999983 0.43768
165 167 1628 0.998789 0.00819001 -0.0485071 0.967127 -0.0078206 0.999939 0.00780067 -0.0892677 0.048568 -0.00741188 0.998792 -0.238112
165 168 752 0.999697 0.00386986 -0.0243246 0.998722 -0.00383405 0.999991 0.00151861 0.0490129 0.0243303 -0.00142489 0.999703 -0.0123292
165 169 1249 0.999585 0.0154487 -0.02432 0.999833 -0.0155291 0.999875 -0.00312134 0.0182346 0.0242688 0.00349771 0.999699 0.000972498
165 170 1363 0.998728 0.0259694 -0.0432104 0.995423 -0.0260152 0.999661 -0.000498282 -0.0437047 0.0431829 0.00162178 0.999066 -0.0849842
165 171 585 0.999608 0.0228083 -0.0162432 0.996902 -0.0229468 0.999701 -0.00839161 -0.0341806 0.016047 0.00876105 0.999833 -0.0708417
165 172 715 0.9995 0.0218048 0.0228801 -0.890295 -0.021591 0.999721 -0.00954799 -0.0786749 -0.0230819 0.00904922 0.999693 0.448537
165 173 451 0.999503 0.03151 -0.000836272 0.841627 -0.0315118 0.999501 -0.0022074 0.0400672 0.000766299 0.00223266 0.999997 -0.538571
165 174 604 0.999362 0.034042 0.0107723 -0.971173 -0.0341121 0.999398 0.00639449 -0.0311058 -0.0105482 -0.00675788 0.999922 0.236338
165 175 589 0.999427 0.0297244 0.0161699 -0.913139 -0.02986 0.99952 0.00820969 -0.0632819 -0.0159182 -0.00868782 0.999836 0.402706
165 176 1073 0.996704 0.0408671 -0.0700736 0.996094 -0.0401241 0.999123 0.0119787 0.00225577 0.0705016 -0.00912757 0.99747 -0.0882659
165 177 980 0.995375 0.0421277 -0.0863309 0.9922 -0.0412992 0.999082 0.0113609 -0.0509836 0.0867302 -0.00774299 0.996202 -0.11375
165 178 1028 0.998045 0.0297846 -0.0549487 0.998695 -0.0299729 0.999547 -0.00260631 0.0289069 0.0548462 0.00424818 0.998486 -0.0420982
165 179 995 0.998399 0.0305293 -0.0476259 0.988242 -0.0306183 0.999531 -0.00113974 0.016549 0.0475688 0.00259614 0.998865 -0.151998
180 181 57 1 -1.38358e-13 2.78683e-12 -1 1.38358e-13 1 -3.56548e-13 -7.90309e-11 -2.78683e-12 3.5652e-13 1 2.79833e-10
180 182 355 0.999913 0.00979096 -0.00883705 0.426357 -0.00971778 0.999918 0.00828651 -0.2377 0.00891747 -0.00819992 0.999927 -0.872765
180 183 161 0.999983 0.00564869 -0.00168666 -0.855208 -0.0056365 0.999959 0.00714972 0.0365398 0.00172698 -0.00714009 0.999973 -0.516996
180 184 605 0.999997 0.00172581 0.00172761 -0.908287 -0.00173299 0.99999 0.00415938 -0.0408911 -0.00172041 -0.00416236 0.99999 -0.416345
180 185 1543 0.998456 0.0144446 -0.0536424 0.954015 -0.0145482 0.999893 -0.00154125 0.139985 0.0536144 0.00231927 0.998559 -0.265065
180 186 968 0.999417 0.00730419 -0.0333514 0.983921 -0.00735614 0.999972 -0.0014351 0.0324185 0.03334 0.0016796 0.999443 -0.175635
180 187 1441 0.998535 0.00741411 -0.053603 0.961157 -0.00809087 0.99989 -0.0124196 0.147775 0.053505 0.0128351 0.998485 -0.23311
180 188 1445 0.997418 0.0127527 -0.0706755 0.899372 -0.013294 0.999886 -0.00719443 0.0762764 0.0705757 0.00811541 0.997473 -0.430479
180 189 394 0.999789 0.00640194 -0.0195301 0.970277 -0.006455 0.999976 -0.00265496 0.178243 0.0195127 0.00278047 0.999806 0.163682
180 190 1350 0.997232 0.0236381 -0.0704971 0.945177 -0.0238428 0.999714 -0.00206328 0.00765769 0.0704281 0.00373841 0.99751 -0.326467
180 191 1287 0.997275 0.0189156 -0.0713123 0.912273 -0.0191895 0.999811 -0.00315693 0.0579903 0.0712391 0.00451677 0.997449 -0.405456
180 192 1317 0.996113 0.0208504 -0.085583 0.922857 -0.0213107 0.999763 -0.00446814 0.116346 0.0854696 0.0062746 0.996321 -0.367149
180 193 1224 0.994974 0.027956 -0.0961561 0.963933 -0.0287827 0.99956 -0.00722174 0.132409 0.0959118 0.00995307 0.99534 -0.230869
180 194 1116 0.993535 0.0299517 -0.109508 0.944446 -0.030722 0.999514 -0.0053534 0.115957 0.109294 0.00868309 0.993972 -0.30753
195 196 780 0.999902 -0.00404927 0.0134266 -0.977269 0.00405051 0.999992 -6.55754e-05 0.0660625 -0.0134262 0.000119953 0.99991 -0.201448
195 197 666 0.999934 0.00301436 0.0111113 -0.93795 -0.00307984 0.999978 0.00588067 0.0278589 -0.0110934 -0.0059145 0.999921 -0.345649
195 198 117 0.999895 0.0140009 -0.00372147 0.775158 -0.0139653 0.999858 0.00944801 0.0885867 0.00385322 -0.00939505 0.999948 -0.625526
195 199 1277 0.99858 0.0336399 -0.0413198 0.981648 -0.0332357 0.999393 0.0104324 -0.00434944 0.0416457 -0.00904425 0.999092 -0.190652
195 200 481 0.999496 0.0317403 0.000475185 -0.959804 -0.0317426 0.999476 0.00626077 0.109972 -0.000276218 -0.0062727 0.99998 -0.258229
195 201 804 0.998232 0.0448149 -0.0390544 0.982366 -0.0447859 0.998995 0.00161819 -0.177903 0.0390876 0.000133759 0.999236 0.0575054
195 202 250 0.999523 0.0286425 -0.0115226 0.951729 -0.0288598 0.9994 -0.0191538 -0.117346 0.0109671 0.0194772 0.99975 0.283622
195 203 1064 0.997908 0.0352998 -0.0541711 0.954637 -0.0368779 0.998916 -0.0284133 -0.013134 0.0531094 0.0303515 0.998127 -0.297482
195 204 866 0.997729 0.0408528 -0.0535567 0.825508 -0.0422131 0.998808 -0.0245183 0.0232081 0.0524912 0.0267234 0.998264 -0.563913
195 205 751 0.996754 0.0401262 -0.0697888 0.927787 -0.04139 0.999003 -0.0167573 0.0853209 0.0690468 0.0195915 0.997421 -0.363224
195 206 542 0.998896 0.0399572 -0.0247111 0.847204 -0.0400786 0.999187 -0.00443663 0.115246 0.0245138 0.00542212 0.999685 -0.518617
195 207 624 0.998808 0.040681 -0.0269695 0.949788 -0.0407557 0.999167 -0.00222647 0.0584127 0.0268564 0.00332297 0.999634 -0.307395
195 208 606 0.998348 0.0414469 -0.0397983 0.974748 -0.0417848 0.999097 -0.00769723 0.0578477 0.0394433 0.00934748 0.999178 -0.215683
195 209 937 0.993943 0.0504347 -0.097645 0.990005 -0.0517509 0.9986 -0.0109924 0.0341833 0.0969539 0.0159791 0.995161 -0.136827
210 211 215 0.999988 -0.00460397 -0.00149056 0.121626 0.00459594 0.999975 -0.00534402 0.314427 0.00151513 0.0053371 0.999985 -0.941458
210 212 640 0.99989 -0.0095719 0.01135 -0.887267 0.00954263 0.999951 0.00263013 0.0272984 -0.0113746 -0.00252153 0.999932 -0.460447
210 213 697 0.999472 -0.0116758 -0.0303224 0.816014 0.0117751 0.999926 0.00309934 0.288327 0.0302839 -0.00345476 0.999535 -0.500988
210 214 977 0.998755 -0.0125794 -0.0482747 0.972244 0.0129313 0.999892 0.00698357 0.0925589 0.0481816 -0.00759913 0.99881 -0.214882
210 215 214 0.999718 -0.0160055 -0.0175386 -0.528949 0.0161977 0.99981 0.0108716 -0.232021 0.0173613 -0.0111526 0.999787 0.81632
210 216 929 0.996836 -0.00752994 -0.0791266 0.947351 0.00789252 0.99996 0.00427052 0.153638 0.0790912 -0.00488151 0.996855 -0.28093
210 217 861 0.997334 -0.0117726 -0.0720208 0.940828 0.0121654 0.999913 0.00501794 0.190037 0.0719555 -0.00588072 0.997391 -0.280586
210 218 837 0.99479 -0.00871758 -0.101569 0.977064 0.00963323 0.999917 0.00852806 0.0770503 0.101486 -0.00946206 0.994792 -0.198518
210 219 714 0.997194 -0.0128 -0.0737545 0.944955 0.0129498 0.999915 0.00155274 0.245846 0.0737284 -0.00250349 0.997275 -0.215917
210 220 748 0.990494 0.00272207 -0.137532 0.958414 -0.00285449 0.999996 -0.000765574 0.195354 0.13753 0.00115088 0.990497 -0.208039
210 221 727 0.995427 -0.006731 -0.0952835 0.970209 0.00790681 0.999897 0.0119679 0.139282 0.0951932 -0.0126666 0.995378 -0.19823
210 222 688 0.9931 -0.000716441 -0.117268 0.972211 0.00169105 0.999965 0.00821166 0.156189 0.117258 -0.0083533 0.993066 -0.174384
210 223 664 0.98862 0.00727806 -0.150257 0.978721 -0.0063187 0.999956 0.00686123 0.138247 0.1503 -0.00583373 0.988623 -0.151631
210 224 590 0.99469 0.00394381 -0.102839 0.979812 -0.00216031 0.999845 0.0174482 0.0886781 0.102892 -0.0171334 0.994545 -0.179179
225 226 64 0.999988 -0.00326516 -0.00358713 -0.769147 0.00328034 0.999986 0.00423615 0.197566 0.00357325 -0.00424787 0.999985 -0.607767
225 227 96 0.9999 0.00237976 -0.0139625 0.966758 -0.00231353 0.999986 0.00475761 -0.0684262 0.0139737 -0.00472483 0.999891 0.246366
225 228 917 0.999389 0.0144837 -0.0318024 0.994868 -0.0144385 0.999894 0.00165124 0.00259497 0.031823 -0.00119105 0.999493 0.101148
225 229 259 0.999755 0.0205367 -0.00831445 0.996698 -0.0205273 0.999789 0.00121609 -0.0442997 0.00833767 -0.00104511 0.999965 -0.0680472
225 230 352 0.999885 0.0130702 0.00772632 -0.281523 -0.0131614 0.999843 0.0118748 0.140451 -0.0075699 -0.0119751 0.9999 -0.94922
225 231 230 0.999864 0.0161066 -0.00355758 -0.260671 -0.0160033 0.999497 0.027376 0.171223 0.00399673 -0.0273154 0.999619 -0.950123
225 232 262 0.999723 0.0143696 -0.0186177 -0.236169 -0.0135757 0.999022 0.0420847 0.212191 0.0192042 -0.0418204 0.998941 -0.948261
225 233 299 0.999634 0.0156047 -0.0221045 -0.247793 -0.0142261 0.998024 0.0612089 0.132229 0.023016 -0.060872 0.99788 -0.959747
225 234 765 0.992032 0.039737 -0.119555 0.9975 -0.0316275 0.997117 0.0689798 0.0239135 0.121952 -0.0646489 0.990428 0.066502
225 235 792 0.994151 0.0384667 -0.10092 0.998212 -0.0315297 0.997087 0.0694544 0.0284742 0.103297 -0.0658661 0.992467 0.0525482
225 236 500 0.998944 0.0351895 -0.0295538 0.945705 -0.0329721 0.996828 0.072433 0.0120087 0.032009 -0.071382 0.996935 0.324804
225 237 685 0.99629 0.0413427 -0.0754804 0.975688 -0.0362278 0.997033 0.0679196 0.0522792 0.0780644 -0.0649331 0.994831 0.212836
225 238 731 0.99551 0.0331273 -0.0886677 0.985301 -0.0277743 0.997755 0.0609395 0.0542194 0.0904874 -0.0582032 0.994195 0.161994
225 239 540 0.998084 0.0278503 -0.055247 0.980795 -0.024987 0.998342 0.0518573 0.0598262 0.0565997 -0.0503775 0.997125 0.18564
240 241 592 0.999994 0.000138811 0.00336393 -0.470873 -0.000140751 1 0.000576516 -0.139862 -0.00336385 -0.000576986 0.999994 0.871043
240 242 75 0.999994 0.00327887 -0.000868799 -0.704499 -0.00327935 0.999994 -0.000548896 -0.229063 0.000866994 0.000551742 0.999999 0.671722
240 243 1516 0.999707 -0.0039567 0.0238825 -0.977465 0.00402651 0.999988 -0.00287575 -0.0569879 -0.0238708 0.00297107 0.999711 0.203258
240 244 1893 0.99941 -0.00383138 -0.034137 0.961883 0.00383555 0.999993 5.6809e-05 -0.235384 0.0341365 -0.00018771 0.999417 0.139196
240 245 616 0.999921 -0.0108213 0.00644862 -0.757987 0.0109294 0.999796 -0.0169609 -0.0237542 -0.00626377 0.01703 0.999835 0.651837
240 246 764 0.999947 -0.00408368 -0.00947562 0.217006 0.0039103 0.999826 -0.0182444 0.231257 0.00954847 0.0182064 0.999789 -0.948382
240 247 1140 0.999646 -0.00133608 -0.0265755 0.742269 0.00103624 0.999936 -0.0112932 0.07932 0.0265889 0.0112617 0.999583 -0.665391
240 248 1161 0.999494 0.00567946 -0.031285 0.96587 -0.00598751 0.999934 -0.00976162 0.232905 0.0312275 0.00994401 0.999463 -0.113355
240 249 592 0.999873 0.00295339 -0.0156349 0.980866 -0.00298571 0.999993 -0.00204451 0.0920464 0.0156288 0.00209093 0.999876 -0.171551
240 250 879 0.999602 0.00399986 -0.0279123 0.298909 -0.00389454 0.999985 0.00382672 0.208926 0.0279272 -0.0037165 0.999603 -0.93113
240 251 1625 0.998621 0.00604944 -0.0521441 0.78246 -0.00519524 0.99985 0.0165015 0.018538 0.0522361 -0.0162078 0.998503 -0.622425
240 252 1536 0.998589 0.0132387 -0.0514238 0.966915 -0.0123249 0.999761 0.0180462 0.0851274 0.0516504 -0.0173869 0.998514 -0.240476
240 253 1492 0.997952 0.0203646 -0.0606458 0.998706 -0.0190167 0.999561 0.0227203 -0.0478197 0.0610818 -0.0215205 0.997901 0.0172928
240 254 585 0.999316 0.0260934 -0.0262193 0.908823 -0.0256036 0.999495 0.0188459 0.0839413 0.0266978 -0.0181617 0.999479 -0.408649
255 256 459 0.999976 0.00661577 -0.00206904 0.287604 -0.00660103 0.999953 0.00704689 0.179049 0.00211556 -0.00703306 0.999973 -0.940864
255 257 1407 0.999486 0.0253622 -0.0196324 0.97593 -0.0250194 0.999534 0.0175124 -0.11369 0.0200674 -0.0170122 0.999654 -0.186103
255 258 477 0.999152 0.0411588 -0.00120887 0.283241 -0.0411472 0.999117 0.00843457 0.183996 0.00155496 -0.00837768 0.999964 -0.941233
255 259 424 0.998682 0.0513044 0.00155679 0.301515 -0.0513078 0.99868 0.00222313 -0.261955 -0.00144068 -0.00230007 0.999996 -0.916771
255 260 329 0.998594 0.0520038 0.0103211 0.929762 -0.0518668 0.998568 -0.0131268 -0.140838 -0.010989 0.012573 0.999861 -0.340159
255 261 745 0.998217 0.0593058 0.00673275 0.281073 -0.0591726 0.998076 -0.0185078 0.209128 -0.00781742 0.0180764 0.999806 -0.936623
255 262 485 0.998103 0.0615164 -0.00233258 0.423273 -0.061535 0.998065 -0.00897496 -0.0712265 0.00177595 0.00910148 0.999957 -0.903198
255 263 1531 0.997257 0.0665302 -0.0324326 0.977385 -0.0665303 0.997784 0.00107848 -0.0664616 0.0324325 0.00108223 0.999473 -0.200751
255 264 1569 0.996898 0.0667875 -0.0416282 0.943691 -0.0666902 0.997767 0.00372331 -0.0580167 0.0417839 -0.000935568 0.999126 -0.325703
255 265 1645 0.99624 0.0688242 -0.0526128 0.915198 -0.0686795 0.997628 0.00455519 0.0192078 0.0528015 -0.000924641 0.998605 -0.402547
255 266 906 0.996807 0.0659256 -0.0450492 0.95543 -0.0657583 0.997822 0.00518675 -0.109289 0.045293 -0.00220783 0.998971 -0.274243
255 267 735 0.997221 0.0667837 -0.0330216 0.364805 -0.0669328 0.997752 -0.00342682 -0.160928 0.0327185 0.00562752 0.999449 -0.917071
255 268 764 0.996729 0.0626816 -0.0510185 0.99546 -0.0635721 0.997849 -0.0160213 0.0269349 0.0499045 0.0192122 0.998569 -0.091291
255 269 565 0.998263 0.0546691 -0.0219669 -0.992459 -0.0551623 0.998224 -0.0225121 -0.0997475 0.0206971 0.0236847 0.999505 0.0712434
270 271 378 0.999999 0.000694746 -0.00108005 0.0244827 -0.000695357 1 -0.000565665 0.194908 0.00107966 0.000566415 0.999999 -0.980516
270 272 129 0.999871 0.00698977 -0.0144625 0.676825 -0.00695811 0.999973 0.00223792 0.0407321 0.0144777 -0.002137 0.999893 -0.735016
270 273 740 0.999403 0.00823594 -0.0335575 0.964931 -0.00808264 0.999956 0.0047012 -0.182502 0.0335948 -0.00442716 0.999426 -0.188682
270 274 205 0.999608 0.00785771 -0.0268881 0.542674 -0.00791604 0.999967 -0.00206351 0.288275 0.026871 0.00227555 0.999636 -0.788925
270 275 251 0.999352 0.010709 -0.034371 0.619274 -0.0106535 0.999942 0.00179739 0.135605 0.0343883 -0.00143005 0.999408 -0.773377
270 276 584 0.999113 0.00946099 -0.0410389 0.375673 -0.00955243 0.999952 -0.00203243 0.224097 0.0410177 0.00242264 0.999155 -0.89925
270 277 556 0.998686 0.0106005 -0.0501304 0.712037 -0.010832 0.999932 -0.00434785 -0.00893106 0.0500809 0.00488516 0.998733 -0.702085
270 278 910 0.997925 0.0207471 -0.0609545 0.588449 -0.0205959 0.999783 0.00310842 0.0584699 0.0610057 -0.00184655 0.998136 -0.806417
270 279 1663 0.995277 0.0286935 -0.0927359 0.949973 -0.0279727 0.999568 0.00906345 0.0790393 0.0929559 -0.00642657 0.995649 -0.302165
270 280 892 0.99654 0.027182 -0.0785426 0.698713 -0.0266754 0.999616 0.00749212 0.115942 0.0787161 -0.00537104 0.996883 -0.705944
270 281 680 0.996021 0.0254454 -0.0854058 0.657374 -0.0246772 0.999645 0.0100384 0.0242911 0.085631 -0.00789087 0.996296 -0.753173
270 282 1583 0.991882 0.0371504 -0.121616 0.941541 -0.0364756 0.999304 0.0077714 0.113961 0.12182 -0.00327231 0.992547 -0.317038
270 283 1465 0.993091 0.0295561 -0.11356 0.936333 -0.0290846 0.99956 0.00580696 0.00941937 0.113682 -0.00246399 0.993514 -0.350988
270 284 1071 0.998677 0.010159 -0.0504051 -0.837321 -0.0101711 0.999948 1.76469e-05 0.147102 0.0504027 0.000495051 0.998729 -0.52655
285 286 127 0.99999 -0.0043192 -0.000921019 -0.824358 0.00431608 0.999985 -0.00336446 0.169356 0.000935537 0.00336045 0.999994 -0.54014
285 287 2013 0.999397 0.00414553 -0.0344655 0.833067 -0.0039872 0.999981 0.00466131 -0.0854457 0.0344842 -0.00452108 0.999395 -0.546533
285 288 670 0.99986 0.00500863 -0.0159605 0.174761 -0.00487096 0.999951 0.0086531 0.139827 0.0160031 -0.00857415 0.999835 -0.974632
285 289 636 0.999608 0.00320023 -0.0278316 0.374123 -0.00265419 0.999804 0.0196341 0.104488 0.027889 -0.0195525 0.99942 -0.921474
285 290 759 0.999091 0.00337048 -0.0425008 0.341588 -0.00220874 0.999623 0.0273519 0.105887 0.042577 -0.0272331 0.998722 -0.933866
285 291 1432 0.995756 0.0160028 -0.090629 0.930888 -0.0132063 0.999421 0.0313726 0.144023 0.0910786 -0.0300426 0.99539 -0.335716
285 292 1441 0.997432 0.0231125 -0.0677896 0.811202 -0.0203893 0.998968 0.040592 0.225632 0.0686578 -0.0391056 0.996874 -0.539482
285 293 1647 0.996202 0.0246638 -0.0835006 0.89902 -0.0208566 0.998716 0.0461648 0.10758 0.084532 -0.0442479 0.995438 -0.424487
285 294 1487 0.994313 0.026959 -0.103032 0.9776 -0.0221438 0.998621 0.0475971 0.103935 0.104173 -0.0450449 0.993539 -0.18302
285 295 1350 0.992407 0.0366948 -0.117396 0.998106 -0.0314223 0.998426 0.046452 0.0605106 0.118916 -0.0424105 0.991998 0.011082
285 296 1232 0.993148 0.041175 -0.109373 0.905392 -0.0362813 0.998266 0.0463639 0.151419 0.111092 -0.042078 0.992919 -0.396657
285 297 876 0.993031 0.0481669 -0.107563 0.888944 -0.0424659 0.997601 0.0546786 0.120445 0.109939 -0.0497297 0.992694 -0.441895
285 298 1007 0.989402 0.0620175 -0.131292 0.965739 -0.0561853 0.997282 0.0476732 0.197982 0.133892 -0.0397913 0.990197 -0.167786
285 299 706 0.99155 0.0651611 -0.112169 0.874343 -0.059564 0.99684 0.0525508 0.123678 0.115239 -0.0454255 0.992299 -0.469285
300 301 416 0.999976 -0.00413677 -0.00554935 0.309403 0.00416406 0.999979 0.00491391 0.164096 0.0055289 -0.0049369 0.999973 -0.936665
300 302 615 0.999881 -0.0043184 -0.014809 0.298931 0.00444095 0.999956 0.00825299 0.182497 0.0147727 -0.00831777 0.999856 -0.936662
300 303 529 0.999826 0.00367099 -0.018262 0.233305 -0.00345323 0.999923 0.0119412 0.0625587 0.0183044 -0.0118761 0.999762 -0.970389
300 304 397 0.999864 0.0128552 -0.0102908 0.244131 -0.0127297 0.999845 0.0121671 -0.158092 0.0104457 -0.0120344 0.999873 0.956769
300 305 2305 0.998473 0.0234729 -0.0499987 0.984358 -0.0226333 0.999594 0.0172911 -0.16194 0.0503843 -0.0161331 0.9986 0.069389
300 306 1490 0.999458 0.032905 8.25491e-05 -0.702039 -0.0328995 0.999238 0.0209865 -0.656067 0.000608073 -0.0209778 0.99978 -0.276981
300 307 1708 0.998482 0.043126 -0.0342651 0.893616 -0.0437735 0.998872 -0.018376 0.444354 0.033434 0.019848 0.999244 0.0632446
300 308 755 0.999498 0.0291397 -0.0124518 0.578653 -0.0292827 0.999505 -0.011463 -0.192474 0.0121116 0.0118219 0.999857 0.792537
300 309 318 0.999524 0.0224112 -0.0211792 0.760308 -0.0227873 0.999584 -0.0176875 -0.344256 0.020774 0.0181617 0.999619 -0.550835
300 310 1726 0.998753 0.0294657 -0.0403059 0.995195 -0.0306455 0.99911 -0.0289723 0.0443852 0.0394163 0.0301714 0.998767 -0.0872719
300 311 1958 0.998767 0.0182573 -0.0461567 0.974615 -0.0199923 0.9991 -0.0374102 0.00848322 0.0454322 0.0382868 0.998233 -0.223725
300 312 1401 0.999395 0.00993105 -0.0333446 0.892664 -0.0113433 0.999035 -0.0424356 0.0666929 0.032891 0.0427882 0.998543 -0.445761
300 313 581 0.999959 0.00178662 -0.00882436 0.576122 -0.00218479 0.99897 -0.0453197 -0.0909449 0.0087343 0.0453372 0.998934 0.812289
300 314 1862 0.997293 0.0017462 -0.0735136 0.963806 -0.00584035 0.998441 -0.0555144 0.0947748 0.073302 0.0557934 0.995748 -0.24919
315 316 197 0.999991 -0.003248 0.00266701 -0.370852 0.00324641 0.999995 0.000601309 -0.282815 -0.00266895 -0.000592645 0.999996 0.884582
315 317 432 0.99997 -0.00523708 0.00576352 0.277486 0.00522311 0.999983 0.00243611 0.138341 -0.00577618 -0.00240594 0.99998 -0.950717
315 318 412 0.999946 -0.00608472 0.00846883 0.270148 0.00603103 0.999962 0.00635102 0.10413 -0.00850715 -0.0062996 0.999944 -0.957172
315 319 321 0.999916 -0.00565314 0.0116628 0.306836 0.00552036 0.99992 0.011386 -0.111317 -0.0117263 -0.0113206 0.999867 -0.94523
315 320 611 0.999856 3.58644e-05 0.0169629 0.198951 -0.00028041 0.999896 0.0144143 0.129963 -0.0169606 -0.014417 0.999752 -0.971354
315 321 1331 0.999943 0.00706982 0.0080039 0.996548 -0.00718485 0.99987 0.0144356 -0.0146742 -0.0079008 -0.0144923 0.999864 -0.0817055
315 322 787 0.999556 0.00873986 0.0284903 0.266054 -0.00907411 0.999891 0.011624 0.128057 -0.0283856 -0.0118774 0.999526 -0.955414
315 323 732 0.999522 0.00829622 0.0297674 0.25547 -0.00860318 0.999911 0.0101987 0.163761 -0.0296801 -0.0104499 0.999505 -0.952847
315 324 396 0.999129 0.00777693 0.0409956 -0.81661 -0.00838749 0.999856 0.0147423 -0.0247552 -0.040875 -0.0150733 0.999051 -0.576659
315 325 835 0.99963 0.00857297 0.025821 0.178346 -0.00897475 0.99984 0.0154847 0.193492 -0.0256842 -0.0157108 0.999547 -0.964756
