0 1 40 0.999976 0.00332557 -0.00600032 0.796219 -0.0033088 0.999991 0.00280415 0.157991 0.00600959 -0.00278423 0.999978 -0.584015
0 2 467 0.999589 0.0133121 -0.0253907 0.961044 -0.013218 0.999905 0.00387298 -0.0293553 0.0254399 -0.00353577 0.99967 0.274833
0 3 45 0.999821 0.0188401 0.00187748 0.240017 -0.0188507 0.999805 0.00582003 0.158743 -0.00176746 -0.00585438 0.999981 0.957702
0 4 60 0.999929 0.0117442 0.0021675 0.130031 -0.0117661 0.999877 0.0103497 -0.24031 -0.00204568 -0.0103744 0.999944 0.961947
0 5 359 0.998983 0.0187182 -0.0410113 0.846 -0.0181908 0.999747 0.0131955 -0.271977 0.0412479 -0.0124361 0.999072 0.458599
0 6 374 0.999214 0.0136148 -0.037234 0.788387 -0.0134492 0.999899 0.00469351 -0.243259 0.0372941 -0.00418905 0.999296 0.56504
0 7 72 0.999932 0.00891252 0.0075746 -0.99186 -0.0088374 0.999912 -0.0098926 0.112975 -0.0076621 0.00982499 0.999922 -0.0587472
0 8 51 0.999981 0.00611775 -0.00111501 -0.95211 -0.00613038 0.999913 -0.0116975 -0.0582363 0.00104335 0.0117041 0.999931 0.300159
0 9 42 0.999981 -0.000276304 -0.00621413 0.889757 0.000181029 0.999883 -0.0153273 -0.0127098 0.00621764 0.0153259 0.999863 -0.456257
0 10 82 0.999847 -0.00312613 -0.0172383 0.69338 0.00286558 0.999882 -0.0151187 0.0492796 0.0172835 0.015067 0.999737 0.718885
0 11 116 0.999752 0.00140577 -0.0222314 0.995361 -0.00175057 0.999878 -0.0154975 -0.0307866 0.0222069 0.0155326 0.999633 -0.0911493
0 12 292 0.999613 0.00409526 -0.0275324 0.985594 -0.0044424 0.999911 -0.012559 -0.159898 0.0274785 0.0126765 0.999542 -0.0551002
0 13 238 0.999539 0.00298718 -0.0302168 0.993585 -0.00345042 0.999877 -0.01529 -0.0763913 0.0301674 0.0153873 0.999426 -0.0833806
0 14 268 0.999458 0.00410784 -0.0326747 0.995994 -0.00471289 0.999818 -0.0184622 0.0177285 0.0325929 0.0186061 0.999296 -0.0876468
15 16 70 0.999995 -0.0031983 -0.000302042 0.821946 0.00319811 0.999995 -0.000629214 0.173823 0.000304053 0.000628245 1 -0.542393
15 17 72 0.999937 -0.00941449 -0.00612122 0.749244 0.00938938 0.999947 -0.00411833 0.143338 0.00615967 0.0040606 0.999973 -0.646597
15 18 460 0.999651 -0.0151098 -0.0216741 0.916698 0.0149717 0.999867 -0.00652146 0.288401 0.0217697 0.00619469 0.999744 -0.276567
15 19 67 0.9999 -0.0121576 -0.00718656 0.854424 0.0121669 0.999925 0.00125922 0.145233 0.00717071 -0.00134654 0.999973 -0.498867
15 20 66 0.999919 -0.0127032 -0.000864041 -0.846284 0.0127053 0.999916 0.00245677 -0.0123702 0.00083276 -0.00246755 0.999997 -0.532589
15 21 144 0.999854 -0.0113398 -0.0127927 0.830199 0.0111883 0.999867 -0.0118474 0.172233 0.0129254 0.0117025 0.999848 -0.530194
15 22 298 0.99979 -0.00800605 -0.0188512 0.794203 0.0078862 0.999948 -0.00642346 -0.0165873 0.0189017 0.00627344 0.999802 -0.607425
15 23 339 0.999806 -0.00544134 0.0189451 -0.914645 0.00560188 0.999949 -0.00843103 -0.152403 -0.0188982 0.00853552 0.999785 -0.37443
15 24 126 0.999769 0.0126191 -0.0174065 0.832778 -0.0131261 0.999484 -0.0293237 0.191918 0.0170275 0.0295454 0.999418 -0.519277
15 25 163 0.999462 -0.000850375 -0.0327814 0.842327 -0.000258615 0.999428 -0.0338108 0.149332 0.0327914 0.0338011 0.99889 -0.517866
15 26 447 0.998594 0.00619917 -0.0526487 0.907758 -0.0080528 0.999352 -0.0350686 0.109846 0.0523972 0.0354432 0.997997 -0.404856
15 27 435 0.998499 0.0154942 -0.0525257 0.943808 -0.0171841 0.999344 -0.0318754 0.11147 0.0519973 0.0327302 0.998111 -0.311128
15 28 285 0.998788 0.0233353 -0.043334 0.806104 -0.0246908 0.999214 -0.0310121 0.155923 0.0425762 0.0320445 0.998579 -0.570863
15 29 248 0.997984 0.0258214 -0.0579803 0.892896 -0.0274396 0.999251 -0.0272895 0.11835 0.0572322 0.0288254 0.997945 -0.43443
30 31 38 0.999889 0.0123404 0.00837306 0.814618 -0.0123823 0.999911 0.00497965 0.0545503 -0.00831087 -0.00508277 0.999953 -0.577426
30 32 51 0.999737 0.0171121 0.0152907 -0.852499 -0.0172072 0.999833 0.00611455 -0.208049 -0.0151835 -0.00637605 0.999864 0.479542
30 33 57 0.999906 0.013353 0.00324398 -0.797773 -0.0133608 0.999908 0.00239181 -0.148526 -0.00321174 -0.00243493 0.999992 0.584379
30 34 109 0.999972 0.00634195 0.0040292 -0.944282 -0.00636717 0.99996 0.00627608 -0.25315 -0.00398924 -0.00630156 0.999972 0.210347
30 35 107 0.999979 0.00547557 -0.00359534 -0.629665 -0.00546271 0.999979 0.00357798 -0.144199 0.00361486 -0.00355826 0.999987 0.763366
30 36 50 0.999966 0.00104125 -0.00821218 -0.868965 -0.00102686 0.999998 0.00175666 -0.155233 0.00821399 -0.00174816 0.999965 0.469896
30 37 81 0.999674 0.00292932 -0.0253574 0.795796 -0.00287824 0.999994 0.00205061 0.194391 0.0253632 -0.00197696 0.999676 -0.573516
30 38 164 0.999255 0.0142933 -0.0358489 0.962216 -0.0140963 0.999884 0.00574261 0.140879 0.0359268 -0.00523299 0.999341 -0.233009
30 39 87 0.99944 0.0213162 -0.0258026 0.966416 -0.0210749 0.999732 0.00958684 0.140942 0.026 -0.00903768 0.999621 -0.214885
30 40 84 0.999547 0.0181018 -0.0240336 0.667411 -0.0177944 0.999758 0.0129445 0.262793 0.0242621 -0.0125109 0.999627 -0.69678
30 41 63 0.999362 0.00542263 -0.0352979 0.903986 -0.00473415 0.999797 0.0195592 0.148436 0.0353968 -0.0193796 0.999185 -0.40097
30 42 90 0.999809 0.00310178 -0.0192899 -0.947694 -0.00269489 0.999774 0.0210838 -0.131739 0.019351 -0.0210277 0.999592 0.290724
30 43 184 0.998125 0.0115419 -0.0601143 0.985111 -0.0108887 0.999878 0.0111819 0.0744577 0.0602361 -0.0105064 0.998129 0.154961
30 44 129 0.997985 0.016533 -0.0612564 0.818567 -0.0154795 0.999725 0.0176336 0.207879 0.0615311 -0.0166499 0.997966 -0.535475
45 46 62 0.999987 0.0039101 0.00336488 -0.624143 -0.00392075 0.999987 0.00316541 0.147325 -0.00335246 -0.00317856 0.999989 -0.767295
45 47 249 0.999632 0.00478335 0.0266938 -0.954657 -0.00478779 0.999989 0.000102617 -0.0990959 -0.026693 -0.000230384 0.999644 0.280732
45 48 50 0.999989 0.00238309 0.00401837 -0.965912 -0.00236616 0.999988 -0.0042114 -0.0372672 -0.00402836 0.00420184 0.999983 -0.256173
45 49 207 0.998683 0.0123988 -0.0497778 0.971843 -0.0119221 0.99988 0.00986137 -0.11329 0.0498941 -0.00925493 0.998712 -0.206608
45 50 68 0.999761 0.0119974 -0.0182525 0.999946 -0.0117718 0.999854 0.0124177 0.00247938 0.0183988 -0.0121998 0.999756 0.0100955
45 51 110 0.999359 0.0050799 -0.0354439 0.220007 -0.00458607 0.999891 0.0140002 -0.279426 0.0355111 -0.0138286 0.999274 0.934622
45 52 61 0.999062 0.0374786 -0.0216867 0.930207 -0.0379467 0.999046 -0.021592 0.116689 0.0208567 0.0223946 0.999532 -0.347992
45 53 190 0.996924 0.042263 -0.0659972 0.998899 -0.0434492 0.998917 -0.016642 0.0374242 0.0652224 0.0194584 0.997681 -0.028302
45 54 209 0.996463 0.0562541 -0.0624277 0.995295 -0.0567759 0.998365 -0.00661463 0.0686189 0.0619535 0.0101356 0.998028 -0.0684117
45 55 168 0.997433 0.0574816 -0.0427034 0.993839 -0.0573385 0.998344 0.00456881 0.0735688 0.0428953 -0.00210853 0.999077 -0.0828932
45 56 99 0.997503 0.0563751 -0.0425323 0.99887 -0.0557618 0.998324 0.0154706 -0.0128371 0.0433332 -0.0130603 0.998975 0.0457609
45 57 128 0.997349 0.0500135 -0.0528627 0.987369 -0.0492917 0.998674 0.0148715 -0.0182168 0.0535363 -0.0122263 0.998491 0.157384
45 58 205 0.996323 0.0510541 -0.0688048 0.994991 -0.0505601 0.998681 0.0089022 0.00444166 0.0691685 -0.00539069 0.99759 0.0998685
45 59 144 0.996912 0.0538545 -0.057154 0.998227 -0.0536354 0.998546 0.0053612 0.00765867 0.0573597 -0.00227917 0.998351 0.059024
60 61 41 0.999995 0.00255482 0.00181314 -0.305526 -0.00256089 0.999991 0.00335396 -0.152097 -0.00180455 -0.00335859 0.999993 -0.939958
60 62 45 0.999912 -0.0010667 0.0132223 -0.88842 0.00102228 0.999994 0.00336618 -0.116921 -0.0132258 -0.00335236 0.999907 0.443892
60 63 79 0.999955 -0.000763802 -0.00941187 0.9984 0.000738851 0.999996 -0.00265417 0.0181264 0.00941386 0.0026471 0.999952 0.0535593
60 64 90 0.999911 -0.00599646 -0.0119108 0.999431 0.00596555 0.999979 -0.00262938 0.0333478 0.0119263 0.00255809 0.999926 0.0051403
60 65 76 0.999942 -0.00898094 -0.00590913 0.952511 0.00895844 0.999953 -0.00382247 -0.168224 0.00594317 0.00376931 0.999975 0.253817
60 66 100 0.999894 -0.0119159 -0.00841718 0.995578 0.0118367 0.999886 -0.00939799 0.0159031 0.00852821 0.00929736 0.99992 -0.0925831
60 67 105 0.999856 -0.0121212 -0.0118558 0.927094 0.0119862 0.999863 -0.0113928 0.142802 0.0119923 0.0112491 0.999865 -0.346561
60 68 116 0.99979 -0.0111662 -0.0171618 0.949752 0.0109428 0.999855 -0.013056 0.0516107 0.0173051 0.0128655 0.999767 -0.308721
60 69 182 0.999767 -0.00601469 -0.0207345 0.910968 0.00566175 0.999839 -0.0170387 0.11082 0.0208337 0.0169173 0.99964 -0.397312
60 70 252 0.999257 -0.00837389 -0.0376281 0.956305 0.00781179 0.999856 -0.0150605 0.144208 0.0377488 0.0147554 0.999178 -0.254333
60 71 327 0.999073 -0.0082605 -0.0422583 0.989214 0.00785874 0.999922 -0.00966475 0.0877459 0.0423349 0.00932369 0.99906 -0.117289
60 72 336 0.998981 -0.00638989 -0.0446768 0.970347 0.00591039 0.999924 -0.0108566 0.0834589 0.0447427 0.0105815 0.998943 -0.226853
60 73 262 0.99904 -0.00323015 -0.0436885 0.914245 0.00291847 0.99997 -0.00719592 -0.022998 0.0437104 0.00706151 0.999019 -0.404508
60 74 190 0.998935 0.00124046 -0.0461259 0.926311 -0.0016335 0.999963 -0.0084844 0.0288548 0.0461137 0.00855071 0.9989 -0.375653
75 76 48 0.99998 0.005051 0.00390697 0.327593 -0.00505823 0.999986 0.00184116 -0.112209 -0.00389761 -0.00186089 0.999991 -0.938132
75 77 44 0.999986 0.00483891 -0.00204863 0.877766 -0.00483594 0.999987 0.00144891 0.0331241 0.00205562 -0.00143898 0.999997 -0.477942
75 78 49 0.999973 0.0058295 -0.00450365 0.969909 -0.00583626 0.999982 -0.0014891 0.149399 0.00449489 0.00151534 0.999989 -0.192243
75 79 84 0.999807 0.012245 -0.0153456 0.997731 -0.0123263 0.99991 -0.00521468 0.0667115 0.0152804 0.00540283 0.999869 -0.0090336
75 80 54 0.999862 0.015715 -0.00533816 0.569531 -0.0157492 0.999855 -0.00643541 0.194584 0.00523625 0.00651859 0.999965 0.798606
75 81 183 0.999321 0.0213741 -0.0300084 0.913617 -0.0218515 0.999638 -0.0156726 0.099852 0.0296626 0.0163177 0.999427 -0.394125
75 82 155 0.999252 0.020211 -0.0329805 0.773589 -0.020622 0.999713 -0.0121695 0.0838031 0.0327251 0.0128405 0.999382 -0.628122
75 83 146 0.999109 0.0231825 -0.0352602 0.879058 -0.0236008 0.999655 -0.0114943 0.131992 0.0349816 0.0123163 0.999312 -0.458078
75 84 91 0.999257 0.0288179 -0.0255886 0.228512 -0.0289591 0.999567 -0.00516438 -0.21259 0.0254287 0.00590156 0.999659 -0.950046
75 85 73 0.999084 0.0389961 -0.0176031 0.0557771 -0.0391639 0.99919 -0.00929522 0.644938 0.0172264 0.00997612 0.999802 0.762196
75 86 84 0.999046 0.0361044 -0.0245496 -0.21874 -0.0352217 0.998749 0.035484 -0.308147 0.0258001 -0.0345854 0.999069 -0.92585
75 87 266 0.998058 0.0482885 -0.0393404 0.91689 -0.0473006 0.998551 0.0256659 0.262902 0.0405228 -0.0237552 0.998896 -0.300325
75 88 317 0.997881 0.0481215 -0.043802 0.953781 -0.0467597 0.998406 0.0316003 0.111691 0.0452528 -0.0294851 0.99854 -0.278975
75 89 262 0.997642 0.0465984 -0.0503869 0.943041 -0.0453758 0.998654 0.0251412 0.208735 0.0514906 -0.0227956 0.998413 -0.259042
90 91 53 0.999975 -0.00557947 -0.0043104 -0.104517 0.00557652 0.999984 -0.000696646 -0.812879 0.00431422 0.000672591 0.99999 -0.572978
90 92 106 0.999834 0.00410874 -0.0177616 0.511121 -0.00397161 0.999962 0.0077488 -0.192468 0.0177928 -0.00767697 0.999812 -0.837682
90 93 119 0.999648 -0.00694271 -0.0255968 0.710082 0.00707416 0.999962 0.0050486 0.144277 0.0255608 -0.0052279 0.99966 -0.689179
90 94 113 0.999521 -0.0100176 -0.029275 0.848948 0.0101626 0.999937 0.00480947 0.115021 0.029225 -0.00510467 0.99956 -0.515807
90 95 97 0.99979 -0.0045723 -0.0199547 0.271382 0.00470934 0.999966 0.00682604 -0.128083 0.0199228 -0.00691859 0.999778 -0.953911
90 96 176 0.998886 -0.00960762 -0.0461989 0.907331 0.00954321 0.999953 -0.00161445 0.00338106 0.0462123 0.00117177 0.998931 -0.420404
90 97 197 0.998177 -0.0106561 -0.0593986 0.912397 0.0101286 0.999907 -0.00917562 0.113471 0.0594908 0.00855728 0.998192 -0.393263
90 98 124 0.999054 -0.00910767 -0.0425144 0.884077 0.00874016 0.999923 -0.00882217 0.0994678 0.0425915 0.00844225 0.999057 -0.456634
90 99 125 0.998628 -0.014395 -0.0503424 0.805986 0.0137776 0.999826 -0.01259 0.132484 0.0505149 0.0118792 0.998653 -0.576919
90 100 174 0.997477 -0.0102656 -0.0702496 0.794556 0.0101215 0.999946 -0.00240599 -0.0255682 0.0702705 0.00168889 0.997527 -0.606653
90 101 166 0.997404 -0.00853094 -0.0714966 0.925236 0.0080279 0.999941 -0.00732028 0.0934859 0.0715548 0.00672731 0.997414 -0.367695
90 102 182 0.997336 0.00186268 -0.0729188 0.949869 -0.00227985 0.999982 -0.00563814 0.0817993 0.072907 0.00578936 0.997322 -0.301758
90 103 135 0.995965 0.00122714 -0.0897325 0.957493 -0.00256461 0.999887 -0.0147912 0.144578 0.0897043 0.0149617 0.995856 -0.249606
90 104 162 0.995334 0.00643994 -0.0962777 0.969433 -0.00754089 0.99991 -0.0110757 0.0496891 0.0961977 0.01175 0.995293 -0.240274
105 106 52 0.999938 0.00759265 -0.00814044 0.908719 -0.00760182 0.999971 -0.00109556 -0.0111298 0.00813188 0.00115737 0.999966 -0.417261
105 107 68 0.999791 0.0171665 -0.0111209 0.963492 -0.0171761 0.999852 -0.000770598 -0.0438649 0.011106 0.000961451 0.999938 -0.26412
105 108 196 0.999071 0.0314268 -0.0295009 0.965666 -0.0315745 0.999491 -0.00455305 -0.130058 0.0293428 0.0054803 0.999554 0.224887
105 109 141 0.998935 0.0415241 -0.0200965 0.955143 -0.0417698 0.999056 -0.0119635 -0.171113 0.0195807 0.0127902 0.999726 -0.241706
105 110 123 0.998318 0.05307 -0.0233318 0.996317 -0.0534974 0.998404 -0.0180951 0.033436 0.0223342 0.0193128 0.999564 -0.0789549
105 111 124 0.998175 0.0559108 -0.0228036 0.791994 -0.0562727 0.998294 -0.0155464 0.0614954 0.0218955 0.0168012 0.999619 -0.607424
105 112 214 0.99729 0.0607707 -0.0414566 0.972888 -0.061061 0.998117 -0.00577203 -0.0502039 0.0410278 0.00828777 0.999124 -0.22576
105 113 156 0.997734 0.0614063 -0.0274968 0.918102 -0.0616022 0.998081 -0.00633654 -0.0521603 0.0270549 0.00801604 0.999602 -0.392896
105 114 174 0.997461 0.0595721 -0.0390162 0.996496 -0.0598212 0.998195 -0.00524633 0.0303323 0.0386333 0.00756701 0.999225 -0.0779425
105 115 114 0.997499 0.0586054 -0.039514 0.952192 -0.0588817 0.998248 -0.00586374 -0.125427 0.0391012 0.00817572 0.999202 0.278565
105 116 48 0.998393 0.0564125 0.00530363 -0.375679 -0.0561626 0.997653 -0.0391662 0.22269 -0.00750064 0.0388055 0.999219 0.899597
105 117 127 -0.525073 0.42728 0.736024 -0.430298 0.0264927 0.872621 -0.487678 0.276227 -0.850645 -0.236567 -0.469509 0.859385
105 118 134 0.99414 0.0726684 -0.0800337 0.997717 -0.0785047 0.994284 -0.0723651 -0.0488308 0.0743176 0.078224 0.994162 0.0466498
105 119 152 0.992469 0.0781993 -0.0942838 0.986951 -0.0843937 0.9944 -0.0636034 -0.126747 0.0887821 0.0710814 0.993512 -0.0993132
120 121 85 0.999923 0.0123531 -0.000783491 0.740566 -0.012349 0.999911 0.00498262 -0.0936437 0.000844973 -0.00497256 0.999987 -0.665427
120 122 50 0.99952 0.0157348 0.0266784 -0.984125 -0.0160831 0.999788 0.0128921 0.0661979 -0.0264699 -0.013315 0.999561 -0.164669
120 123 123 0.999334 0.0137753 0.0337802 -0.994498 -0.0143528 0.999754 0.0169126 0.0710524 -0.0335389 -0.0173861 0.999286 0.076977
120 124 49 0.999477 0.00985943 0.030787 -0.989215 -0.0106799 0.999589 0.0266003 0.00238498 -0.0305121 -0.0269152 0.999172 -0.146453
120 125 72 0.999361 0.00978956 0.0343692 -0.901071 -0.0110435 0.999273 0.0364858 0.082674 -0.033987 -0.036842 0.998743 0.425719
120 126 185 0.996955 -0.0246695 0.0739726 -0.838767 0.0220438 0.999105 0.0361039 0.0652824 -0.0747971 -0.0343634 0.996607 0.540563
120 127 49 0.999002 -0.0445579 -0.00309861 0.346132 0.0446349 0.998481 0.0322957 -0.217926 0.00165488 -0.0324017 0.999474 -0.912524
120 128 108 0.999107 -0.0405993 -0.0116738 0.746453 0.041062 0.998249 0.0425819 -0.161915 0.00992459 -0.0430232 0.999025 0.645439
120 129 170 0.997716 -0.0356276 0.0573813 -0.569593 0.0340744 0.999032 0.0278216 0.135301 -0.058317 -0.0258029 0.997965 0.810714
120 130 72 0.99931 -0.036993 0.00332176 0.713913 0.0368207 0.998435 0.0420941 -0.225227 -0.00487375 -0.0419428 0.999108 0.663025
120 131 103 0.998686 -0.0512508 0.000559506 0.399562 0.0511667 0.997564 0.0474156 -0.108798 -0.00298823 -0.0473247 0.998875 0.910227
120 132 95 0.997653 -0.0657232 -0.0191921 0.508648 0.0666258 0.996476 0.0509475 -0.088429 0.0157761 -0.0521067 0.998517 0.856421
120 133 114 0.997404 -0.0576543 -0.0431405 0.544287 0.0602068 0.996356 0.0604146 -0.178434 0.0395001 -0.0628551 0.997241 0.819703
120 134 132 0.997051 -0.056853 -0.0515514 0.519483 0.0602045 0.996003 0.065978 -0.138969 0.0475943 -0.068887 0.996489 0.843104
135 136 28 0.999973 0.000670478 -0.00734302 0.113266 -0.000733192 0.999963 -0.0085413 -0.366854 0.00733702 0.00854645 0.999937 -0.923357
135 137 43 0.999869 0.00513315 -0.0153663 -0.480402 -0.00536288 0.999874 -0.0149465 0.221589 0.0152876 0.0150269 0.99977 -0.848594
135 138 41 0.999758 0.00364575 -0.0216725 0.12685 -0.00408612 0.999785 -0.0203098 0.251331 0.0215938 0.0203935 0.999559 -0.959553
135 139 33 0.999663 0.00413337 -0.0256176 -0.989498 -0.00472278 0.999725 -0.0229903 -0.000116458 0.0255155 0.0231035 0.999407 -0.144545
135 140 104 0.998401 0.000303231 -0.0565362 0.984518 -0.002302 0.999374 -0.0352919 0.165399 0.0564901 0.0353656 0.997777 0.0580355
135 141 77 0.998309 0.00687698 -0.05772 0.856836 -0.00884197 0.999388 -0.0338575 -0.0464421 0.0574518 0.0343106 0.997759 -0.513493
135 142 83 0.997765 0.014486 -0.0652296 0.846262 -0.0165573 0.999372 -0.0313264 0.03796 0.0647348 0.0323364 0.997378 -0.531413
135 143 126 0.995245 0.0191479 -0.0954997 0.981598 -0.0219791 0.999347 -0.0286824 0.0487326 0.0948881 0.030645 0.995016 -0.184636
135 144 81 0.995502 0.0247644 -0.0914438 0.985521 -0.0270318 0.999355 -0.0236398 0.0310135 0.0907993 0.0260054 0.99553 -0.166695
135 145 113 0.995765 0.0267735 -0.0879543 0.884801 -0.0287461 0.999361 -0.021237 0.0409933 0.0873295 0.0236754 0.995898 -0.464162
135 146 67 0.995972 0.0486237 -0.0753354 0.995891 -0.0494325 0.998738 -0.0089081 -0.0751957 0.0748072 0.0125962 0.997118 -0.0504733
135 147 93 0.994302 0.0501881 -0.0940514 0.997974 -0.0512531 0.998646 -0.00894114 -0.00449782 0.0934753 0.0137106 0.995527 -0.063469
135 148 56 0.99606 0.0457269 -0.0759873 0.993539 -0.046805 0.998826 -0.0124672 -0.0412911 0.075328 0.0159747 0.997031 0.105711
135 149 97 0.994784 0.0340114 -0.0961674 0.997899 -0.0357357 0.999229 -0.0162645 -0.000969913 0.09554 0.0196162 0.995232 0.0647807
150 151 32 0.99999 0.00163218 -0.00416148 0.807885 -0.00162048 0.999995 0.0028143 -0.152799 0.00416606 -0.00280752 0.999987 0.569187
150 152 45 0.999992 0.00303985 -0.00260811 0.557951 -0.00304032 0.999995 -0.000179847 -0.124837 0.00260756 0.000187775 0.999997 0.820431
150 153 35 0.999982 0.00589247 0.00119017 -0.679381 -0.00588904 0.999979 -0.00286234 -0.206411 -0.00120701 0.00285528 0.999995 0.704156
150 154 29 0.999966 0.00551979 -0.00614421 -0.98075 -0.00553307 0.999982 -0.00214524 0.0197847 0.00613226 0.00217917 0.999979 -0.194265
150 155 94 0.999736 0.00176026 -0.022898 0.998631 -0.0019384 0.999968 -0.0077601 -0.0198803 0.0228836 0.00780244 0.999708 -0.0483843
150 156 70 0.99975 0.00311281 -0.0221353 0.988841 -0.00334366 0.99994 -0.0103994 0.0309642 0.0221016 0.0104708 0.999701 0.145721
150 157 256 0.997831 0.00471589 -0.065665 0.997656 -0.00568247 0.999878 -0.0145409 0.0343856 0.0655885 0.0148825 0.997736 -0.0591645
150 158 238 0.99847 0.00670203 -0.0548841 0.979769 -0.00736837 0.999901 -0.0119476 -0.0460768 0.0547986 0.0123337 0.998421 -0.194755
150 159 132 0.998904 0.00948368 -0.0458354 0.996173 -0.0102799 0.9998 -0.017167 0.054567 0.0456634 0.0176193 0.998801 -0.0682726
150 160 184 0.998616 0.0167899 -0.0498467 0.990285 -0.0175104 0.999748 -0.014054 -0.0698777 0.0495981 0.0149074 0.998658 -0.120223
150 161 96 0.998656 0.0041662 -0.0516693 0.984543 -0.00539458 0.999706 -0.0236574 0.0994595 0.0515555 0.0239043 0.998384 -0.144164
150 162 95 0.998516 0.0109174 -0.053349 0.966031 -0.0119056 0.999763 -0.0182413 0.00292468 0.0531371 0.0188494 0.998409 -0.25841
150 163 218 0.996097 0.0115708 -0.0874992 0.990894 -0.0132766 0.999732 -0.0189386 -0.0334536 0.0872567 0.0200263 0.995985 -0.130424
150 164 192 0.995058 0.0128592 -0.0984565 0.974435 -0.015339 0.999583 -0.0244716 0.0281819 0.0981007 0.0258609 0.99484 -0.222896
165 166 36 0.999988 -0.00374657 0.0030217 0.940537 0.00375341 0.99999 -0.0022633 -0.0871472 -0.00301319 0.00227461 0.999993 -0.328321
165 167 89 0.999813 -0.000964092 -0.0193016 0.941238 0.00094161 0.999999 -0.00117382 0.190433 0.0193027 0.00115542 0.999813 -0.278936
165 168 194 0.999533 0.015636 -0.0262615 0.985469 -0.0154767 0.999861 0.00625612 -0.0378649 0.0263557 -0.00584676 0.999636 0.165581
165 169 193 0.998019 0.0264666 -0.0570819 0.993081 -0.0265495 0.999647 -0.000694125 0.00349941 0.0570434 0.00220825 0.998369 -0.117378
165 170 233 0.998479 0.0283804 -0.0472648 0.99872 -0.0285596 0.999587 -0.0031209 -0.0220327 0.0471567 0.00446602 0.998878 0.0455384
165 171 201 0.998853 0.0290945 -0.0380186 0.99973 -0.0294495 0.999527 -0.00881199 0.00109806 0.0377442 0.00992152 0.999238 0.0232244
165 172 84 0.999582 0.0288912 -0.000939691 0.808425 -0.0288989 0.999536 -0.00962975 -0.0470531 0.00066104 0.00965288 0.999953 -0.586716
165 173 179 0.996477 0.0369269 -0.0752938 0.958357 -0.0376802 0.999253 -0.00860794 0.0878404 0.0749196 0.0114147 0.997124 -0.271726
165 174 87 0.999208 0.0394408 -0.00523889 0.97255 -0.0394035 0.999199 0.00704975 0.00687848 0.00551274 -0.00683773 0.999961 -0.232592
165 175 182 0.998157 0.0392405 -0.0462908 0.977119 -0.0389082 0.99921 0.00805782 0.0359261 0.0465704 -0.00624188 0.998896 -0.209638
165 176 202 0.99861 0.0382202 -0.0363023 0.991825 -0.0377835 0.999206 0.0126406 -0.0198494 0.0367566 -0.0112514 0.999261 -0.126051
165 177 156 0.998406 0.0356999 -0.0437246 0.999778 -0.0354115 0.999346 0.00735384 -0.0135523 0.0439585 -0.00579376 0.999017 -0.0161192
165 178 165 0.998367 0.0276574 -0.0499809 0.994747 -0.0278105 0.99961 -0.00236927 0.0239275 0.0498959 0.00375539 0.998747 -0.0995304
165 179 165 0.99823 0.02974 -0.0514926 0.979892 -0.0298871 0.999551 -0.00208846 0.0237179 0.0514074 0.00362373 0.998671 -0.198116
180 181 123 0.999835 0.0030079 -0.0178942 0.962381 -0.00293871 0.999988 0.00389189 -0.175123 0.0179057 -0.00383867 0.999832 -0.207738
180 182 215 0.999443 0.00686204 -0.0326449 0.950608 -0.006794 0.999975 0.00219455 0.0885374 0.0326591 -0.00197154 0.999465 -0.297498
180 183 76 0.999759 0.00382156 -0.0216253 0.997202 -0.00372868 0.999984 0.0043337 0.0237407 0.0216415 -0.00425202 0.999757 -0.0708798
180 184 75 0.99985 0.00261246 -0.0171426 0.884339 -0.00257107 0.999994 0.00243611 0.101781 0.0171488 -0.00239167 0.99985 -0.455615
180 185 107 0.999654 0.00624062 -0.0255359 0.972897 -0.00618854 0.999979 0.00211794 0.0822426 0.0255486 -0.00195918 0.999672 -0.216119
180 186 69 0.999834 0.00339822 -0.017891 0.949222 -0.00344324 0.999991 -0.00248626 0.152867 0.0178824 0.00254745 0.999837 -0.274971
180 187 88 0.999755 -0.000387024 -0.0221388 0.780918 0.000187857 0.99996 -0.00899767 0.210854 0.0221413 0.00899131 0.999714 -0.587969
180 188 146 0.9991 0.00420953 -0.0421992 0.803473 -0.00456937 0.999954 -0.00843437 0.163126 0.0421617 0.0086196 0.999074 -0.572556
180 189 173 0.998733 0.0110589 -0.0490914 0.934715 -0.0113267 0.999922 -0.00518115 0.0813572 0.0490303 0.00573063 0.998781 -0.34596
180 190 106 0.999104 0.00966118 -0.0412046 0.866017 -0.00995487 0.999926 -0.00692823 0.0939278 0.0411346 0.00733221 0.999127 -0.491113
180 191 184 0.997541 0.0194321 -0.0673434 0.940555 -0.0199196 0.99978 -0.00657407 0.124478 0.0672008 0.00789935 0.997708 -0.31601
180 192 191 0.997735 0.0204694 -0.0640694 0.933093 -0.0206265 0.999786 -0.00179115 0.0711327 0.064019 0.00310862 0.997944 -0.352531
180 193 173 0.996575 0.0210634 -0.0799629 0.954145 -0.0214022 0.999765 -0.00338285 0.0759281 0.0798729 0.00508265 0.996792 -0.289555
180 194 158 0.996688 0.0193534 -0.0789896 0.920317 -0.0198171 0.999791 -0.00509099 0.0963382 0.0788745 0.00663947 0.996862 -0.379125
195 196 39 0.999944 0.00392025 -0.00979047 0.964646 -0.00391885 0.999992 0.000162501 -0.0749192 0.00979103 -0.000124125 0.999952 0.252675
195 197 60 0.999894 0.00665983 -0.0129824 0.757633 -0.006621 0.999973 0.00303129 0.148279 0.0130023 -0.00294501 0.999911 -0.635614
195 198 115 0.999574 0.019573 -0.0216336 0.986125 -0.0193164 0.999741 0.0120062 -0.0686748 0.021863 -0.0115832 0.999694 -0.151134
195 199 120 0.999203 0.0289391 -0.0274928 0.979369 -0.0286778 0.99954 0.00985067 -0.0376133 0.0277653 -0.00905439 0.999573 -0.198548
195 200 176 0.998057 0.0401588 -0.0476335 0.994968 -0.0397418 0.999163 0.00966953 -0.0960605 0.0479819 -0.0077577 0.998818 -0.0284804
195 201 45 0.999182 0.0404271 -0.00017387 -0.204212 -0.0404274 0.999179 -0.00256409 -0.134173 7.00685e-05 0.00256903 0.999997 0.969688
195 202 62 0.998961 0.0407894 -0.0203232 0.995181 -0.0411627 0.998985 -0.0182992 -0.0972011 0.0195561 0.0191167 0.999626 -0.012912
195 203 89 0.998932 0.038844 -0.0250184 0.914552 -0.0395606 0.998802 -0.0288125 0.00504581 0.0238692 0.0297715 0.999272 -0.404437
195 204 135 0.997848 0.0369211 -0.0541879 0.873414 -0.0384743 0.99887 -0.0279042 0.0790323 0.0530964 0.029929 0.998141 -0.480523
195 205 88 0.998622 0.0409318 -0.0328369 0.714374 -0.0413966 0.99905 -0.0136022 0.150309 0.032249 0.0149428 0.999368 -0.68343
195 206 122 0.997589 0.0474004 -0.0506916 0.94574 -0.0476293 0.99886 -0.00331654 0.0768112 0.0504766 0.00572295 0.998709 -0.315714
195 207 154 0.995676 0.0528809 -0.0763726 0.996755 -0.0528729 0.998599 0.00212785 -0.0210783 0.0763781 0.00191939 0.997077 -0.0776904
195 208 160 0.996519 0.0476783 -0.068391 0.984859 -0.0481898 0.998821 -0.00584801 0.0220703 0.0680316 0.0091234 0.997641 -0.171947
195 209 169 0.995346 0.0486979 -0.0831598 0.992424 -0.0497226 0.99871 -0.0102946 0.0131861 0.0825512 0.0143816 0.996483 -0.122147
210 211 45 0.999964 -0.00732341 -0.00436218 0.464698 0.00729812 0.999957 -0.00578646 0.309106 0.00440436 0.00575442 0.999974 -0.829765
210 212 120 0.999898 0.00457424 0.0134957 -0.833498 -0.00460645 0.999987 0.00235651 0.170416 -0.0134848 -0.00241844 0.999906 -0.525586
210 213 97 0.999306 -0.0216599 -0.0303034 0.786535 0.0215455 0.999759 -0.00409644 0.445345 0.0303849 0.0034407 0.999532 -0.42782
210 214 88 0.999258 -0.0238953 -0.0302065 0.794515 0.0239032 0.999714 -9.86887e-05 0.365787 0.0302002 -0.000623418 0.999544 -0.484712
210 215 90 0.998893 -0.0183231 -0.0433195 0.935021 0.0185717 0.999813 0.00534196 0.192279 0.0432136 -0.00614056 0.999047 -0.297933
210 216 81 0.999266 -0.0150263 -0.0352265 0.782086 0.0153516 0.999842 0.00898245 0.172857 0.0350859 -0.00951664 0.999339 -0.598716
210 217 109 0.998585 -0.00862838 -0.0524738 0.95066 0.00915298 0.99991 0.00976529 0.142832 0.0523848 -0.0102318 0.998575 -0.275398
210 218 139 0.997163 -0.0142364 -0.073915 0.9623 0.0145314 0.999888 0.00345482 0.188635 0.0738575 -0.0045191 0.997259 -0.195946
210 219 106 0.998533 -0.00824689 -0.0535126 0.906377 0.00890384 0.999888 0.0120497 0.0758774 0.0534072 -0.0125085 0.998494 -0.415601
210 220 142 0.99549 -0.00632917 -0.0946521 0.97517 0.00786568 0.999843 0.015869 0.051335 0.0945368 -0.0165419 0.995384 -0.215427
210 221 133 0.993946 -0.0136175 -0.109024 0.963452 0.0138607 0.999903 0.00147285 0.218317 0.108993 -0.00297508 0.994038 -0.155237
210 222 148 0.994453 -0.0045736 -0.105081 0.975753 0.00557622 0.999942 0.00924959 0.150915 0.105033 -0.00978424 0.994421 -0.158525
210 223 142 0.99479 0.000810581 -0.101941 0.985286 0.000787964 0.999877 0.0156398 0.107487 0.101942 -0.0156386 0.994667 -0.132884
210 224 77 0.999106 0.0358651 -0.0223833 0.425123 -0.0351109 0.998831 0.0332269 -0.18727 0.0235488 -0.0324113 0.999197 -0.885551
225 226 54 0.999798 0.00141459 -0.020054 0.977333 -0.00127522 0.999975 0.00696064 -0.208046 0.0200634 -0.00693366 0.999775 0.0391963
225 227 31 0.999923 0.00197565 -0.0122501 -0.91685 -0.00190872 0.999983 0.00547289 0.167477 0.0122607 -0.00544909 0.99991 -0.362404
225 228 52 0.999801 0.0122247 -0.0157796 0.961625 -0.0121903 0.999923 0.00227531 -0.087372 0.0158062 -0.0020825 0.999873 0.260085
225 229 145 0.998861 0.0225824 -0.042021 0.998846 -0.0224996 0.999744 0.00244267 -0.0384775 0.0420654 -0.00149443 0.999114 0.0287364
225 230 68 0.999131 0.0408884 0.00806188 -0.164839 -0.041002 0.999054 0.0144702 -0.0690509 -0.0074626 -0.0147881 0.999863 0.9839
225 231 51 -0.145388 -0.988866 0.031731 -0.0911364 0.983585 -0.140999 0.112604 -0.28097 -0.106876 0.0475814 0.993133 0.955379
225 232 32 0.998933 0.0392506 -0.0243237 0.107273 -0.0378688 0.997775 0.0548785 0.0225655 0.0264235 -0.0538989 0.998197 -0.993973
225 233 60 0.998988 0.0192679 -0.0406431 -0.9387 -0.0167267 0.997938 0.0619643 -0.12295 0.0417532 -0.0612218 0.997251 0.322064
225 234 150 0.995189 0.0361561 -0.0910532 0.996514 -0.0301972 0.997363 0.0659925 0.0793085 0.0931991 -0.0629255 0.993657 0.025888
225 235 120 0.995966 0.0430446 -0.0787378 0.996418 -0.0373061 0.996637 0.0729544 -0.0119432 0.0816133 -0.0697227 0.994222 0.0837207
225 236 126 0.996702 0.0410849 -0.0699856 0.998001 -0.0361045 0.996823 0.0709995 0.0293213 0.0726802 -0.0682386 0.995018 0.0559768
225 237 149 0.994795 0.0405671 -0.093472 0.995973 -0.0344009 0.997182 0.0666614 0.0629636 0.0959129 -0.063099 0.993388 0.0638157
225 238 104 0.997372 0.0276653 -0.0669533 0.885956 -0.0234346 0.997728 0.0631702 -0.0562621 0.0685488 -0.0614352 0.995754 0.460345
225 239 144 0.993093 0.0318621 -0.112918 0.996199 -0.026713 0.998546 0.0468238 0.0729896 0.114246 -0.0434841 0.9925 0.0475398
240 241 47 0.999979 0.00355248 -0.00546614 -0.868689 -0.00353845 0.99999 0.00257572 0.136822 0.00547524 -0.00255632 0.999982 -0.476086
240 242 48 0.999985 0.00047101 -0.00543861 0.774596 -0.000473756 1 -0.000503659 -0.159573 0.00543837 0.000506228 0.999985 0.611994
240 243 252 0.99975 0.00200566 -0.0222514 0.98966 -0.00201414 0.999998 -0.000358829 -0.131025 0.0222507 0.000403557 0.999752 0.0583549
240 244 44 0.999993 -0.00209923 -0.00300353 0.875497 0.00207525 0.999966 -0.00796462 -0.27973 0.00302015 0.00795833 0.999964 0.394027
240 245 239 0.999819 -0.00225309 -0.018903 0.987147 0.00203907 0.999934 -0.0113336 -0.15604 0.0189273 0.011293 0.999757 0.0345321
240 246 85 0.99995 -0.00671705 -0.00744333 0.910392 0.00658428 0.999821 -0.0177204 0.0391921 0.00756103 0.0176705 0.999815 -0.411887
240 247 104 0.999755 -0.00186322 -0.0220462 0.790771 0.0016237 0.99994 -0.0108771 -0.0344119 0.0220651 0.0108386 0.999698 -0.611144
240 248 315 0.999304 0.00510325 -0.0369547 0.964717 -0.0053307 0.999967 -0.00605869 0.0484155 0.0369226 0.00625147 0.999299 -0.258801
240 249 320 0.998773 0.00857543 -0.0487787 0.965017 -0.00859667 0.999963 -0.000225734 0.0377631 0.048775 0.000644792 0.99881 -0.259453
240 250 156 0.999429 0.00376124 -0.0335904 0.665757 -0.00355781 0.999975 0.00611401 0.0428797 0.0336126 -0.005991 0.999417 -0.744936
240 251 194 0.999338 -0.00220756 -0.0363202 0.368632 0.00288461 0.999823 0.0185992 -0.278677 0.0362727 -0.0186917 0.999167 -0.88682
240 252 319 0.997796 0.0157701 -0.0644493 0.955023 -0.0142931 0.999626 0.0233141 -0.0202023 0.0647929 -0.0223415 0.997649 -0.295844
240 253 277 0.998337 0.0234252 -0.052669 0.951248 -0.0222639 0.999498 0.0225278 0.0271433 0.0531703 -0.0213177 0.998358 -0.307229
240 254 227 0.999112 0.0210872 -0.0364738 0.913088 -0.0204481 0.999632 0.0178087 0.0524329 0.0368359 -0.0170471 0.999176 -0.404377
255 256 59 0.999979 0.00611083 -0.00206659 0.326933 -0.00609822 0.999963 0.00605483 0.165645 0.00210352 -0.0060421 0.99998 -0.930417
255 257 50 0.999752 0.022259 -0.000454506 0.326258 -0.0222505 0.999656 0.0139028 -0.20002 0.000763812 -0.0138892 0.999903 0.923876
255 258 55 0.999215 0.0395807 0.00187203 0.433743 -0.0395973 0.999167 0.00989248 -0.171301 -0.00147892 -0.00995884 0.999949 0.884603
255 259 56 0.998692 0.0511014 0.00149404 0.456828 -0.0511028 0.998693 0.000914064 -0.258132 -0.00144538 -0.000989219 0.999998 -0.851279
255 260 39 0.998349 0.054676 0.0176123 -0.99461 -0.0544181 0.998408 -0.0148047 0.0763069 -0.0183937 0.0138219 0.999735 0.0702034
255 261 93 0.998344 0.0574806 0.00238157 0.855006 -0.0574277 0.998182 -0.0182737 0.111653 -0.00342762 0.0181066 0.99983 -0.506456
255 262 145 0.997861 0.0645588 -0.0102348 0.734246 -0.064618 0.997895 -0.00555582 -0.0744056 0.00985456 0.00620529 0.999932 -0.674794
255 263 253 0.99732 0.0679217 -0.027191 0.910537 -0.0679425 0.997689 0.000156573 0.0126446 0.0271388 0.00169127 0.99963 -0.413233
255 264 249 0.997097 0.0680232 -0.0342134 0.938306 -0.0681073 0.997677 -0.00129858 0.114531 0.0340456 0.00362499 0.999414 -0.326289
255 265 267 0.997034 0.0658549 -0.0398302 0.847438 -0.0656721 0.997824 0.00588121 -0.065018 0.0401308 -0.00324804 0.999189 -0.526898
255 266 291 0.996424 0.069255 -0.0483969 0.953076 -0.0691543 0.997599 0.00375423 -0.0220126 0.0485407 -0.00039395 0.998821 -0.301928
255 267 104 0.997973 0.0620435 -0.0141718 -0.909499 -0.0621938 0.99801 -0.0104195 0.279813 0.0134972 0.0112798 0.999845 -0.307436
255 268 207 0.996846 0.063741 -0.0472845 0.960079 -0.0644813 0.997816 -0.0142985 0.00966334 0.0462698 0.0173024 0.998779 -0.279563
255 269 113 0.997398 0.0589749 -0.0414556 0.98077 -0.0599495 0.997944 -0.0226725 0.0365755 0.0400333 0.0250987 0.998883 -0.191709
270 271 56 0.999936 0.00649742 -0.00924054 0.630049 -0.00642758 0.999951 0.00756843 -0.527095 0.00928926 -0.00750855 0.999929 -0.570271
270 272 50 0.999972 0.00724857 0.00197475 -0.916985 -0.00724482 0.999972 -0.00190314 0.272469 -0.00198849 0.00188878 0.999996 -0.291375
270 273 68 0.999535 0.010286 -0.02872 0.883089 -0.0103365 0.999945 -0.00160943 0.320823 0.0287019 0.00190554 0.999586 -0.342382
270 274 51 0.999561 0.00654886 -0.0289117 0.517663 -0.0065896 0.999977 -0.00131398 0.171518 0.0289024 0.00150392 0.999581 -0.838216
270 275 95 0.999067 0.0116276 -0.0415852 0.704373 -0.0116235 0.999932 0.000341276 0.184276 0.0415863 0.000142407 0.999135 -0.685493
270 276 76 0.998824 0.0121226 -0.046952 0.95174 -0.012227 0.999923 -0.00193618 0.130099 0.0469249 0.00250799 0.998895 -0.277967
270 277 98 0.998589 0.0134368 -0.0513675 0.80391 -0.0137409 0.99989 -0.00557155 0.152227 0.051287 0.00626953 0.998664 -0.57494
270 278 133 0.998067 0.0188713 -0.0592069 0.514599 -0.0187815 0.999821 0.0020735 0.159463 0.0592354 -0.000957498 0.998244 -0.842472
270 279 93 0.997619 0.0200063 -0.0660007 0.472861 -0.0194669 0.999772 0.00880542 -0.0435608 0.0661618 -0.00749962 0.997781 -0.88006
270 280 107 0.996658 0.0267691 -0.077174 0.823158 -0.0263514 0.999632 0.00642602 0.151777 0.0773176 -0.00437091 0.996997 -0.547152
270 281 180 0.995512 0.0274319 -0.090568 0.784983 -0.0269045 0.999613 0.00703919 0.148512 0.0907261 -0.00457092 0.995865 -0.601453
270 282 193 0.994509 0.0284895 -0.100701 0.989131 -0.0275948 0.999566 0.0102673 -0.0879376 0.10095 -0.00743213 0.994864 0.117838
270 283 317 0.991856 0.0317174 -0.123354 0.998087 -0.0312406 0.999495 0.00579804 -0.037722 0.123476 -0.00189716 0.992346 -0.0489829
270 284 138 0.993454 0.0250713 -0.11145 0.750989 -0.0248022 0.999685 0.00380068 0.118518 0.11151 -0.0010116 0.993763 -0.649592
285 286 30 0.999883 -0.00263699 -0.0150857 -0.980709 0.00258969 0.999992 -0.00315422 -0.117361 0.0150939 0.00311478 0.999881 0.156321
285 287 58 0.999928 -0.00954547 -0.00725512 -0.136639 0.00953348 0.999953 -0.00168493 0.32173 0.00727086 0.00161565 0.999972 -0.93692
285 288 193 0.998962 0.00828139 -0.0447818 0.931255 -0.00803571 0.999952 0.00566361 0.136421 0.0448266 -0.00529788 0.998981 -0.337865
285 289 44 0.999582 0.00184656 -0.0288383 0.940384 -0.00129068 0.999813 0.0192823 0.0981517 0.0288685 -0.0192371 0.999398 -0.325646
285 290 82 0.9992 0.00278358 -0.0398893 0.175879 -0.00168144 0.999617 0.0276369 0.101415 0.0399509 -0.0275477 0.998822 -0.979174
285 291 183 0.997393 0.0113999 -0.0712611 0.899153 -0.00925052 0.999494 0.0304203 0.216643 0.0715719 -0.0296817 0.996994 -0.38025
285 292 207 0.997259 0.020908 -0.0709713 0.931952 -0.0177472 0.998835 0.0448786 0.0555084 0.0718269 -0.0434961 0.996468 -0.358308
285 293 313 0.996165 0.0245332 -0.0839852 0.898037 -0.0208856 0.998812 0.0440382 0.151294 0.0849658 -0.0421152 0.995493 -0.413085
285 294 279 0.99193 0.031308 -0.122863 0.988674 -0.0253932 0.998455 0.0494154 0.0596776 0.12422 -0.0458968 0.991193 -0.137706
285 295 206 0.99061 0.0385406 -0.131175 0.997203 -0.0329983 0.998479 0.0441666 0.0734163 0.132677 -0.0394233 0.990375 0.0139931
285 296 225 0.990604 0.0452103 -0.129074 0.94989 -0.0397082 0.998203 0.0448882 0.143729 0.130871 -0.0393411 0.990619 -0.277579
285 297 195 0.990262 0.0524782 -0.128945 0.987147 -0.0460387 0.997563 0.0524244 0.0978496 0.131382 -0.0459774 0.990265 -0.12636
285 298 176 0.989717 0.0584381 -0.130557 0.992152 -0.0516453 0.997159 0.054826 0.0578832 0.13339 -0.0475196 0.989924 -0.110829
285 299 171 0.988404 0.0676381 -0.135949 0.954461 -0.0607924 0.996694 0.053896 0.0839323 0.139145 -0.0450064 0.989249 -0.286285
300 301 53 0.999979 -0.0034123 -0.00552764 -0.538508 0.00344524 0.999976 0.00596088 0.219687 0.00550717 -0.0059798 0.999967 -0.813478
300 302 79 0.999714 -0.00121751 -0.0238747 0.984256 0.00138936 0.999973 0.0071829 0.153444 0.0238653 -0.00721402 0.999689 0.0877195
300 303 416 0.999392 0.00567517 -0.0343871 0.990156 -0.00536578 0.999944 0.00908302 0.128195 0.0344368 -0.00889299 0.999367 -0.0561831
300 304 103 0.99984 0.0139251 -0.0112058 0.464035 -0.0137869 0.999829 0.0123166 -0.0579731 0.0113754 -0.0121601 0.999861 0.883918
300 305 118 0.999482 0.0232711 -0.0222124 0.896466 -0.0230397 0.999678 0.0106168 -0.00355714 0.0224523 -0.0100995 0.999697 0.443099
300 306 61 0.999284 0.0366812 -0.00930402 -0.524636 -0.0365846 0.999277 0.0103447 -0.488723 0.00967675 -0.00999692 0.999903 -0.69707
300 307 92 0.999044 0.0416849 -0.0131688 0.71823 -0.0417852 0.999099 -0.00744153 0.378607 0.0128467 0.00798467 0.999886 0.583783
300 308 91 0.999503 0.0290183 -0.0122878 0.669966 -0.0291651 0.999503 -0.0119463 -0.209878 0.011935 0.0122987 0.999853 0.712107
300 309 84 0.999483 0.0267617 -0.0178144 0.876195 -0.0270949 0.999457 -0.0187344 -0.142279 0.0173034 0.0192074 0.999666 0.460478
300 310 111 0.999654 0.0257139 -0.00546367 -0.527812 -0.0258411 0.999362 -0.0246594 -0.187042 0.0048261 0.024792 0.999681 -0.828511
300 311 281 0.999524 0.0164259 -0.026124 0.998785 -0.0174159 0.999121 -0.0381333 -0.0132796 0.0254747 0.0385701 0.998931 0.0474656
300 312 258 0.999631 0.0104563 -0.025063 0.778188 -0.0115408 0.998986 -0.043524 0.143001 0.0245824 0.0437972 0.998738 -0.611534
300 313 110 0.999966 0.000684757 -0.00826876 0.635271 -0.00106409 0.998943 -0.0459586 -0.114655 0.00822855 0.0459658 0.998909 0.763731
300 314 97 0.999914 -0.0116446 -0.00607204 -0.806709 0.0112958 0.998443 -0.0546239 0.191612 0.00669866 0.0545506 0.998489 -0.559022
315 316 50 0.999978 -0.00498301 0.00427816 0.289428 0.00498148 0.999988 0.000368725 -0.282479 -0.00427994 -0.000347405 0.999991 0.914569
315 317 89 0.999972 -0.00468819 -0.005773 0.883895 0.00468553 0.999989 -0.000474836 0.255497 0.00577516 0.000447774 0.999983 -0.391729
315 318 92 0.999935 -0.00626513 0.00948294 0.34518 0.00620865 0.999963 0.0059737 0.172539 -0.00952001 -0.00591444 0.999937 -0.922541
315 319 134 0.999994 -0.00191799 0.00298135 0.793611 0.00188345 0.999932 0.0115454 0.134529 -0.00300329 -0.0115397 0.999929 -0.593367
315 320 90 0.999982 0.000678056 0.00590654 0.966451 -0.000750741 0.999924 0.0123124 0.175943 -0.00589774 -0.0123166 0.999907 -0.187125
315 321 83 0.999702 0.00437252 0.0240287 0.219197 -0.00468377 0.999906 0.012912 0.277078 -0.02397 -0.0130207 0.999628 -0.935511
315 322 48 0.999368 0.0053068 0.0351569 -0.9501 -0.00573045 0.999912 0.0119605 -0.118359 -0.0350903 -0.0121544 0.99931 -0.28862
315 323 79 0.999557 0.00827267 0.0286038 0.431714 -0.00861918 0.999891 0.0120122 -0.047202 -0.0285013 -0.0122534 0.999519 -0.900775
315 324 86 0.999556 0.00972729 0.0281491 0.52326 -0.0100926 0.999866 0.0128664 0.141625 -0.0280202 -0.0131448 0.999521 -0.840322
315 325 69 0.999638 0.0100574 0.0249686 0.210697 -0.0104375 0.999831 0.015138 0.254725 -0.0248121 -0.0153931 0.999574 -0.943781
315 326 84 0.99973 0.00995055 0.0210008 0.797152 -0.01033 0.999784 0.0180388 0.195159 -0.0208168 -0.0182509 0.999617 -0.571368
