0 1 42 0.999956 -0.000535609 -0.0094087 0.705715 0.00056721 0.999994 0.00335642 0.177368 0.00940684 -0.00336161 0.99995 -0.685935
0 2 42 0.999864 0.00830342 -0.0142712 0.995228 -0.008222 0.99995 0.00575413 -0.091499 0.0143183 -0.00563601 0.999882 0.0339044
0 3 305 0.999646 0.0141604 -0.0225207 0.937113 -0.0140836 0.999894 0.00356761 0.148482 0.0225688 -0.00324918 0.99974 0.315867
0 4 111 0.999903 0.0136543 0.00282762 0.257417 -0.0136807 0.999861 0.00954662 0.250505 -0.00269688 -0.00958437 0.99995 -0.933265
0 5 51 0.999909 0.0127027 -0.00443192 -0.216323 -0.0126822 0.999909 0.0046415 -0.234113 0.00449048 -0.00458487 0.999979 0.947837
0 6 376 0.9984 -0.000805168 0.0565448 -0.964041 0.000858582 0.999999 -0.000920347 0.0406583 -0.056544 0.000967423 0.9984 -0.262623
0 7 514 0.998714 0.0239591 -0.0446862 0.887102 -0.0241637 0.9997 -0.00404572 -0.221221 0.0445759 0.00512031 0.998993 0.405108
0 8 66 0.99994 0.00823251 -0.0071939 0.59688 -0.00831351 0.999902 -0.0113023 -0.166565 0.00710014 0.0113615 0.99991 0.78485
0 9 176 0.999369 -0.00935884 0.034267 -0.987846 0.0100534 0.999746 -0.0201522 0.153278 -0.0340698 0.020484 0.99921 0.0258175
0 10 88 0.999956 -0.00500704 -0.00797034 -0.987244 0.00489023 0.999881 -0.014609 -0.102982 0.00804254 0.0145694 0.999862 0.121426
0 11 377 0.999376 0.00576719 -0.0348416 0.971469 -0.00639299 0.99982 -0.0178768 0.00425028 0.0347323 0.0180883 0.999233 0.23713
0 12 83 0.99991 0.0113534 -0.00711635 0.339043 -0.01149 0.999745 -0.0194605 -0.273941 0.00689359 0.0195405 0.999785 0.900004
0 13 421 0.999178 0.00645544 -0.0400213 0.975175 -0.00689758 0.999917 -0.0109195 -0.165596 0.0399475 0.0111866 0.999139 -0.14701
0 14 81 0.999823 0.00114257 -0.0187691 0.819589 -0.00147489 0.999842 -0.0177009 0.0980658 0.0187459 0.0177255 0.999667 -0.564498
15 16 44 0.999987 -0.00499965 0.000891781 0.320978 0.00500046 0.999987 -0.00090347 -0.240755 -0.000887252 0.000907918 0.999999 0.915975
15 17 38 0.999917 -0.0115956 -0.00554603 0.937444 0.011577 0.999927 -0.00337445 0.159983 0.00558476 0.00330997 0.999979 -0.309199
15 18 84 0.999836 -0.0127646 -0.0128584 0.820643 0.0127269 0.999914 -0.00300354 0.165602 0.0128957 0.0028394 0.999913 -0.54692
15 19 187 0.999785 -0.0108505 -0.0176868 0.920146 0.0107944 0.999936 -0.00326448 0.331408 0.0177211 0.00307286 0.999838 -0.208565
15 20 435 0.99977 -0.00624163 -0.0204975 0.978687 0.00627244 0.999979 0.00143917 -0.0435986 0.0204881 -0.00156741 0.999789 0.200677
15 21 238 0.997746 0.000261899 -0.0670978 0.999386 -0.00112396 0.999917 -0.0128105 0.00779378 0.0670889 0.012857 0.997664 0.034169
15 22 605 0.999175 -0.00273572 -0.040525 0.998788 0.00247017 0.999975 -0.00660117 -0.0434218 0.040542 0.00649562 0.999157 -0.0231861
15 23 370 0.991659 0.0220465 -0.126993 0.894115 -0.0228808 0.999725 -0.00511463 -0.153232 0.126846 0.00797767 0.99189 0.420806
15 24 13 0.999887 0.0131788 -0.00723968 0.0352259 -0.0133558 0.999599 -0.0249721 -0.264188 0.00690767 0.025066 0.999662 -0.963828
15 25 90 0.999457 0.00801678 -0.0319652 0.839454 -0.00919888 0.999273 -0.0370068 0.199178 0.0316452 0.0372807 0.998804 -0.505614
15 26 419 0.998439 0.00560237 -0.0555773 0.928712 -0.00750942 0.999388 -0.0341642 0.0924025 0.0553519 0.0345282 0.99787 -0.359104
15 27 429 0.99863 0.0164925 -0.0496569 0.920888 -0.0183152 0.999167 -0.0364761 0.235992 0.049014 0.0373356 0.9981 -0.31028
15 28 131 0.999783 0.0171736 -0.011804 -0.216974 -0.0175566 0.999296 -0.0331444 0.278673 0.0112265 0.0333444 0.999381 -0.935555
15 29 107 0.99983 0.012468 0.0135938 -0.739678 -0.0120358 0.999434 -0.0314223 0.215781 -0.0139779 0.0312534 0.999414 -0.637429
30 31 66 0.999976 0.00456679 0.00523626 -0.349051 -0.00457224 0.999989 0.00102828 0.165116 -0.00523151 -0.0010522 0.999986 0.922442
30 32 23 0.999814 0.0146179 0.012593 -0.753242 -0.0146693 0.999884 0.00399886 -0.0663099 -0.0125331 -0.00418285 0.999913 0.654392
30 33 12 0.99991 0.0127991 0.00393311 -0.868209 -0.0128135 0.999911 0.00366648 -0.146255 -0.00388583 -0.00371655 0.999986 0.474155
30 34 28 0.999944 0.00704593 -0.00785972 -0.802015 -0.00702764 0.999973 0.00235298 -0.0952492 0.00787608 -0.00229761 0.999966 0.58966
30 35 74 0.999996 0.00218929 0.00198846 -0.907042 -0.00220172 0.999978 0.00626776 -0.240699 -0.00197469 -0.00627211 0.999978 0.345453
30 36 0 1 0 0 0 0 1 0 0 0 0 1 0
30 37 19 0.999691 0.0113242 -0.0221508 0.406071 -0.011406 0.999929 -0.00356787 0.0597518 0.0221088 0.00381942 0.999748 -0.911886
30 38 96 0.99932 0.0192728 -0.0314474 0.893888 -0.0191536 0.999808 0.00408684 0.160063 0.0315201 -0.00348172 0.999497 -0.41874
30 39 17 0.999592 0.00958145 -0.0269002 -0.987009 -0.00914336 0.999824 0.0163618 0.0362701 0.0270522 -0.0161092 0.999504 0.156519
30 40 17 0.999906 0.00383293 -0.0131694 0.152013 -0.00356917 0.999794 0.019994 -0.0274971 0.0132434 -0.0199451 0.999713 -0.987996
30 41 14 0.999339 0.00466446 -0.0360427 -0.858761 -0.00394171 0.99979 0.0200976 -0.184808 0.0361289 -0.0199423 0.999148 0.477886
30 42 43 0.999712 0.000186615 -0.0239985 -0.990997 0.000302684 0.999792 0.0203835 -0.0250507 0.0239973 -0.0203849 0.999504 -0.131521
30 43 17 0.999242 -0.000892038 -0.0389219 0.785799 0.0014656 0.999891 0.0147101 0.200799 0.0389045 -0.014756 0.999134 -0.584978
30 44 0 1 0 0 0 0 1 0 0 0 0 1 0
45 46 59 0.999931 0.0063802 0.00981496 -0.741776 -0.00640468 0.999976 0.00246495 -0.0313023 -0.009799 -0.00252764 0.999949 0.669917
45 47 60 0.999962 0.00679097 0.00543552 -0.338824 -0.0067885 0.999977 -0.000471629 -0.127946 -0.0054386 0.000434712 0.999985 0.932109
45 48 0 1 0 0 0 0 1 0 0 0 0 1 0
45 49 27 0.996094 -0.0719774 0.0511471 -0.358022 0.0800743 0.980459 -0.179692 0.924215 -0.0372139 0.183085 0.982392 0.132841
45 50 0 1 0 0 0 0 1 0 0 0 0 1 0
45 51 0 1 0 0 0 0 1 0 0 0 0 1 0
45 52 34 0.998704 0.0332527 0.0385191 -0.667228 -0.0313383 0.998293 -0.0492809 0.335118 -0.0400921 0.0480099 0.998042 -0.665209
45 53 0 1 0 0 0 0 1 0 0 0 0 1 0
45 54 0 1 0 0 0 0 1 0 0 0 0 1 0
45 55 14 0.993647 0.11144 -0.0156893 -0.152136 -0.111695 0.993607 -0.0164315 0.921584 0.0137579 0.0180796 0.999742 -0.357124
45 56 0 1 0 0 0 0 1 0 0 0 0 1 0
45 57 28 0.996755 0.0539578 -0.0597277 0.982683 -0.0530035 0.998442 0.0174487 -0.162604 0.0605761 -0.0142263 0.998062 -0.0888446
45 58 66 0.997541 0.0380689 0.0588504 -0.908307 -0.0392188 0.999059 0.0185093 -0.0379159 -0.0580904 -0.0207718 0.998095 -0.416583
45 59 20 0.999467 0.0079357 0.0316768 -0.350239 -0.00819606 0.999934 0.00809786 0.163973 -0.0316104 -0.00835317 0.999465 -0.922196
60 61 0 1 0 0 0 0 1 0 0 0 0 1 0
60 62 257 0.99966 -0.00675656 0.025193 -0.997177 0.00667344 0.999972 0.00338223 0.0736444 -0.0252152 -0.00321295 0.999677 -0.0146688
60 63 25 0.999992 -0.00388659 0.000759815 0.4029 0.00388825 0.99999 -0.00219628 -0.241469 -0.000751271 0.00219921 0.999997 0.882816
60 64 77 0.999744 -0.0200393 -0.0104697 -0.224681 0.0200735 0.999793 0.00317155 -0.214432 0.010404 -0.0033809 0.99994 -0.950546
60 65 354 0.999587 -0.000783323 -0.0287289 0.937536 0.000593518 0.999978 -0.00661468 -0.0541665 0.0287335 0.00659489 0.999565 0.343645
60 66 51 0.999913 -0.013121 -0.00109477 0.418761 0.0131101 0.99987 -0.00943682 -0.208857 0.00121845 0.00942165 0.999955 0.883752
60 67 17 0.999824 -0.0145041 -0.0119078 0.936365 0.0143788 0.999841 -0.0105414 0.0699214 0.0120588 0.0103683 0.999874 -0.343995
60 68 68 0.999976 -0.00595092 -0.00357063 0.342195 0.0058969 0.999871 -0.0149542 -0.128168 0.00365916 0.0149327 0.999882 0.930847
60 69 286 0.998049 0.000453431 -0.0624262 0.980461 -0.000809009 0.999984 -0.00567081 -0.176446 0.0624226 0.00571025 0.998033 0.0869671
60 70 0 1 0 0 0 0 1 0 0 0 0 1 0
60 71 19 0.99974 -0.0141678 -0.0178727 0.337072 0.0141157 0.999896 -0.00303811 0.179355 0.0179138 0.00278503 0.999836 0.924237
60 72 48 0.999421 -0.00616599 -0.0334479 0.927683 0.00586898 0.999943 -0.00897089 0.0537175 0.0335012 0.00876939 0.9994 -0.369484
60 73 69 0.998729 -0.000767484 -0.0503995 0.980743 0.000234157 0.999944 -0.010587 0.0562011 0.0504048 0.0105618 0.998673 -0.187043
60 74 54 0.997372 0.00315558 -0.0723839 0.980196 -0.0041671 0.999896 -0.0138277 0.102789 0.0723327 0.014093 0.997281 -0.169261
75 76 0 1 0 0 0 0 1 0 0 0 0 1 0
75 77 16 0.999989 0.0039516 0.00247911 0.359844 -0.00395357 0.999992 0.000791129 -0.198012 -0.00247596 -0.000800922 0.999997 0.911759
75 78 15 0.999982 0.00289182 -0.00529531 -0.25307 -0.00289305 0.999996 -0.00022527 0.0239718 0.00529463 0.000240586 0.999986 -0.967151
75 79 25 0.999937 0.0100651 -0.00493089 0.331776 -0.0100947 0.999931 -0.00602189 -0.308232 0.00486994 0.00607129 0.99997 0.891581
75 80 20 0.999498 0.0307003 -0.00788041 0.285768 -0.0308143 0.999416 -0.0147742 -0.031391 0.00742223 0.0150097 0.99986 -0.957784
75 81 34 0.999659 0.0230857 -0.0122324 0.261984 -0.0232332 0.999657 -0.0120585 -0.0766024 0.0119498 0.0123386 0.999852 -0.962027
75 82 96 0.998676 0.0223318 -0.0463385 0.952453 -0.0229008 0.999668 -0.0117843 0.0115145 0.04606 0.0128299 0.998856 -0.304468
75 83 142 0.998934 0.0261235 -0.0380572 0.429269 -0.0279024 0.998506 -0.0469874 0.900375 0.0367728 0.0479992 0.99817 0.0710804
75 84 97 0.99894 0.0163721 -0.0430112 0.228166 -0.0138876 0.998252 0.0574404 -0.895493 0.0438764 -0.0567822 0.997422 -0.382142
75 85 0 1 0 0 0 0 1 0 0 0 0 1 0
75 86 16 0.999384 0.0175201 -0.0304127 0.344985 -0.0169381 0.99967 0.0192895 -0.756787 0.0307406 -0.0187624 0.999351 0.55521
75 87 43 0.998716 0.0478197 -0.0167003 -0.0875195 -0.0470965 0.998036 0.0413025 -0.480867 0.0186425 -0.0404629 0.999007 -0.872415
75 88 36 0.99876 0.0488013 -0.00986949 -0.302877 -0.0484599 0.998303 0.0322835 0.048684 0.0114282 -0.0317652 0.99943 -0.951785
75 89 40 0.99916 0.0378801 -0.0156243 -0.312436 -0.0373783 0.998813 0.0312482 0.172745 0.0167895 -0.030638 0.99939 -0.9341
90 91 0 1 0 0 0 0 1 0 0 0 0 1 0
90 92 0 1 0 0 0 0 1 0 0 0 0 1 0
90 93 0 1 0 0 0 0 1 0 0 0 0 1 0
90 94 13 0.999616 -0.0185664 -0.0205555 0.408174 0.0186063 0.999825 0.00175424 -0.462138 0.0205193 -0.00213603 0.999787 0.787288
90 95 13 0.999834 -0.00593999 -0.0172398 -0.312352 0.00603396 0.999967 0.00540387 0.292334 0.0172071 -0.00550699 0.999837 -0.903868
90 96 0 1 0 0 0 0 1 0 0 0 0 1 0
90 97 0 1 0 0 0 0 1 0 0 0 0 1 0
90 98 78 0.998054 -0.0353385 -0.0513656 0.16172 0.0389755 0.99667 0.0716205 -0.93575 0.0486636 -0.0734832 0.996108 -0.313398
90 99 15 0.999652 0.0253948 -0.00719438 -0.305532 -0.0255161 0.999525 -0.0173081 0.587834 0.00675142 0.0174857 0.999824 0.749067
90 100 0 1 0 0 0 0 1 0 0 0 0 1 0
90 101 0 1 0 0 0 0 1 0 0 0 0 1 0
90 102 24 0.998795 -0.00846027 -0.0483501 -0.0533765 0.00863824 0.999957 0.00347305 -0.279691 0.0483186 -0.00388653 0.998824 -0.958605
90 103 0 1 0 0 0 0 1 0 0 0 0 1 0
90 104 0 1 0 0 0 0 1 0 0 0 0 1 0
105 106 26 0.999853 0.00992353 -0.0140051 0.892943 -0.00993471 0.99995 -0.000728586 -0.0556997 0.0139972 0.000867615 0.999902 -0.44671
105 107 49 0.999859 0.0167409 0.00157909 0.0686308 -0.0167373 0.999857 -0.0022889 -0.221438 -0.00161719 0.00226215 0.999996 0.972756
105 108 0 1 0 0 0 0 1 0 0 0 0 1 0
105 109 20 0.998833 0.04508 -0.0173368 0.970745 -0.0453221 0.998877 -0.0138363 -0.0182401 0.0166935 0.0146059 0.999754 -0.239418
105 110 0 1 0 0 0 0 1 0 0 0 0 1 0
105 111 0 1 0 0 0 0 1 0 0 0 0 1 0
105 112 0 1 0 0 0 0 1 0 0 0 0 1 0
105 113 0 1 0 0 0 0 1 0 0 0 0 1 0
105 114 35 0.996627 0.0638849 -0.0515027 0.996295 -0.0642995 0.99791 -0.00643181 -0.00350313 0.0509842 0.00972172 0.998652 0.0859275
105 115 0 1 0 0 0 0 1 0 0 0 0 1 0
105 116 0 1 0 0 0 0 1 0 0 0 0 1 0
105 117 0 1 0 0 0 0 1 0 0 0 0 1 0
105 118 29 -0.595624 -0.221848 -0.77202 0.115807 0.116666 0.927022 -0.356399 0.18973 0.794746 -0.302348 -0.526274 0.974983
105 119 21 0.994471 0.0897123 -0.0545864 0.617027 -0.0935108 0.993044 -0.0715484 -0.18434 0.047788 0.0762572 0.995942 -0.765046
120 121 0 1 0 0 0 0 1 0 0 0 0 1 0
120 122 40 0.963287 0.0684709 0.259595 -0.585815 -0.02415 0.98511 -0.170219 0.502209 -0.267384 0.157701 0.950598 0.636087
120 123 0 1 0 0 0 0 1 0 0 0 0 1 0
120 124 0 1 0 0 0 0 1 0 0 0 0 1 0
120 125 20 -0.211162 -0.17459 -0.961732 0.224757 0.304731 0.923122 -0.234489 0.247252 0.928736 -0.342585 -0.141725 0.942523
120 126 0 1 0 0 0 0 1 0 0 0 0 1 0
120 127 43 0.993424 -0.0413097 -0.106779 0.661168 0.0557205 0.98918 0.135714 -0.68928 0.100018 -0.140771 0.984977 -0.296227
120 128 16 0.998778 -0.0471634 -0.0147634 0.637999 0.0476635 0.99823 0.0355814 -0.00306886 0.0130592 -0.0362416 0.999258 0.770031
120 129 64 0.992522 -0.0194997 0.120501 -0.697865 0.0167416 0.999575 0.023859 0.172097 -0.120915 -0.0216632 0.992426 0.695246
120 130 25 0.998656 -0.0456312 0.0245613 -0.291598 0.0447826 0.998416 0.0340601 -0.0299174 -0.0260766 -0.0329144 0.999118 0.956073
120 131 16 0.998801 -0.0420753 0.0250445 -0.0611852 0.0411964 0.998551 0.0346324 0.242718 -0.0264653 -0.0335591 0.999086 0.968165
120 132 28 0.991588 -0.0679229 0.110184 -0.88563 0.0636993 0.997109 0.0414139 0.0430168 -0.112678 -0.0340469 0.993048 0.462395
120 133 0 1 0 0 0 0 1 0 0 0 0 1 0
120 134 33 0.997084 -0.0604456 -0.0465767 0.269795 0.0631418 0.996273 0.0587715 0.108705 0.0428506 -0.061541 0.997184 0.956762
135 136 0 1 0 0 0 0 1 0 0 0 0 1 0
135 137 0 1 0 0 0 0 1 0 0 0 0 1 0
135 138 0 1 0 0 0 0 1 0 0 0 0 1 0
135 139 0 1 0 0 0 0 1 0 0 0 0 1 0
135 140 0 1 0 0 0 0 1 0 0 0 0 1 0
135 141 0 1 0 0 0 0 1 0 0 0 0 1 0
135 142 0 1 0 0 0 0 1 0 0 0 0 1 0
135 143 0 1 0 0 0 0 1 0 0 0 0 1 0
135 144 0 1 0 0 0 0 1 0 0 0 0 1 0
135 145 0 1 0 0 0 0 1 0 0 0 0 1 0
135 146 11 0.993441 0.0861872 -0.075144 0.348902 -0.0857917 0.996277 0.00848159 -0.310118 0.0755952 -0.00197923 0.997137 0.884361
135 147 0 1 0 0 0 0 1 0 0 0 0 1 0
135 148 0 1 0 0 0 0 1 0 0 0 0 1 0
135 149 0 1 0 0 0 0 1 0 0 0 0 1 0
150 151 16 0.999996 0.0022406 -0.00168532 0.457434 -0.0022339 0.99999 0.00396674 -0.101637 0.00169419 -0.00396296 0.999991 0.883416
150 152 15 0.999987 0.00471831 -0.00197249 0.532486 -0.00471664 0.999989 0.000847067 -0.205123 0.00197647 -0.000837753 0.999998 0.821208
150 153 121 0.999748 0.0102273 -0.0199658 0.995804 -0.0103207 0.999936 -0.00457649 0.0783108 0.0199178 0.0047814 0.99979 0.0473425
150 154 32 0.999902 0.0135304 -0.00350557 -0.411682 -0.0135233 0.999906 0.00203318 0.168322 0.00353275 -0.00198557 0.999992 -0.895648
150 155 15 0.999762 0.0169407 -0.013762 0.550012 -0.0170202 0.999839 -0.00567524 0.140217 0.0136636 0.00590812 0.999889 0.823302
150 156 39 0.999843 0.0042821 -0.0172154 -0.441922 -0.00449483 0.999914 -0.0123372 0.370843 0.0171611 0.0124126 0.999776 -0.816811
150 157 0 1 0 0 0 0 1 0 0 0 0 1 0
150 158 18 0.999561 0.00155768 -0.0295855 0.50962 -0.00200229 0.999885 -0.0150044 -0.279963 0.0295587 0.0150571 0.99945 0.813578
150 159 0 1 0 0 0 0 1 0 0 0 0 1 0
150 160 121 0.995745 0.0192662 -0.0901126 0.987644 -0.0208735 0.999639 -0.0169281 0.0211923 0.0897539 0.0187371 0.995788 -0.155274
150 161 34 0.996195 0.0142667 -0.0859737 0.930159 -0.0167718 0.999453 -0.0284859 0.240927 0.0855203 0.0298194 0.99589 -0.277053
150 162 113 0.996491 0.0110206 -0.0829712 0.957582 -0.0123571 0.999802 -0.0156118 -0.0783568 0.0827827 0.0165823 0.99643 -0.277302
150 163 12 0.998241 0.00551697 -0.0590223 0.975834 -0.00678565 0.99975 -0.0213161 0.000962385 0.0588899 0.0216792 0.998029 -0.21851
150 164 20 0.998764 0.0138401 -0.047744 0.999169 -0.014872 0.999662 -0.021327 0.0364548 0.0474326 0.0220107 0.998632 -0.018243
165 166 217 0.999567 -0.00245307 -0.0293108 0.996046 0.00236055 0.999992 -0.00319097 0.0490807 0.0293184 0.0031204 0.999565 -0.0740523
165 167 12 0.999827 0.0085715 -0.0164935 0.848711 -0.00858625 0.999963 -0.000823491 0.354101 0.0164859 0.000964966 0.999864 0.392813
165 168 100 0.999683 0.0112071 0.0225548 -0.916183 -0.0114056 0.999897 0.00869344 -0.102124 -0.022455 -0.00894793 0.999708 0.38753
165 169 23 0.999677 0.0253174 -0.00206155 0.508838 -0.0253171 0.999679 0.000131029 0.133107 0.00206421 -7.87939e-05 0.999998 0.85051
165 170 57 0.999538 0.0198552 -0.023032 0.889152 -0.0198598 0.999803 2.9854e-05 -0.201504 0.023028 0.000427569 0.999735 -0.410859
165 171 31 0.999404 0.0297039 -0.0175645 0.977177 -0.0298287 0.999531 -0.00688655 0.000725526 0.0173517 0.00740637 0.999822 0.212426
165 172 65 0.9973 0.0324865 -0.0658555 0.982838 -0.0333349 0.999374 -0.0118248 0.0281834 0.0654302 0.0139881 0.997759 -0.182307
165 173 50 0.95965 0.0219515 -0.280339 0.714525 0.0382863 0.977464 0.2076 -0.62672 0.278578 -0.209956 0.937183 -0.310926
165 174 16 0.998333 0.0575764 -0.00406045 -0.615732 -0.0574992 0.9982 0.0170753 0.0320456 0.00503627 -0.0168133 0.999846 -0.787304
165 175 50 0.993594 -0.0114529 0.112424 -0.807473 0.00370016 0.997615 0.0689277 -0.479452 -0.112945 -0.0680702 0.991267 0.343676
165 176 0 1 0 0 0 0 1 0 0 0 0 1 0
165 177 15 0.999552 0.0235674 -0.0184294 -0.408965 -0.0235126 0.999718 0.00318326 0.118105 0.0184992 -0.00274851 0.999825 -0.904875
165 178 10 0.999247 0.0299465 -0.0246837 0.102873 -0.0297831 0.999532 0.00696373 -0.217501 0.0248807 -0.00622332 0.999671 -0.970624
165 179 0 1 0 0 0 0 1 0 0 0 0 1 0
180 181 16 0.999941 0.00334907 -0.0103151 0.838113 -0.00331122 0.999988 0.00368414 -0.277889 0.0103273 -0.00364977 0.99994 -0.469409
180 182 11 0.999976 0.00466982 -0.00514172 0.145154 -0.00465151 0.999983 0.0035661 0.173578 0.00515829 -0.0035421 0.99998 -0.974064
180 183 11 0.999921 -0.001047 -0.0125528 0.346249 0.00107398 0.999997 0.00214231 -0.235752 0.0125505 -0.00215562 0.999919 0.908038
180 184 129 0.999101 0.0110032 -0.040945 0.986171 -0.0110646 0.999938 -0.00127373 0.142862 0.0409284 0.00172563 0.999161 -0.0840053
180 185 100 0.99946 0.0328685 0.000256202 -0.07279 -0.0326621 0.993998 -0.104406 0.967066 -0.00368634 0.104342 0.994535 0.243894
180 186 0 1 0 0 0 0 1 0 0 0 0 1 0
180 187 15 0.999697 -0.00607882 -0.0238615 -0.326116 0.00578351 0.999906 -0.0124256 -0.13976 0.0239348 0.0122838 0.999638 -0.934942
180 188 22 0.999657 0.00613156 -0.0254734 0.352048 -0.00631749 0.999954 -0.00722484 -0.27341 0.0254279 0.00738328 0.999649 0.895159
180 189 21 0.999517 0.0018889 -0.0310048 -0.386327 -0.00207501 0.99998 -0.00597161 0.0918028 0.0309929 0.00603306 0.999501 -0.917782
180 190 11 0.999438 0.00210169 -0.0334512 0.895373 -0.00241589 0.999953 -0.0093552 0.327384 0.03343 0.00943075 0.999397 0.301871
180 191 13 0.999018 0.0186004 -0.0402039 0.604898 -0.0187345 0.99982 -0.00296064 -0.00678966 0.0401416 0.00371093 0.999187 -0.796274
180 192 15 0.998761 0.0218148 -0.0447328 -0.327926 -0.0219208 0.999758 -0.00188205 0.295172 0.0446809 0.0028603 0.998997 -0.897406
180 193 47 0.998616 0.0072675 -0.0520807 -0.321168 -0.00705583 0.999966 0.00424697 -0.179785 0.0521098 -0.00387362 0.998634 -0.9298
180 194 32 0.988429 0.0241321 -0.149753 0.974125 -0.0262409 0.999582 -0.0121214 0.093266 0.149398 0.0159108 0.988649 -0.205867
195 196 28 0.999965 0.00795149 -0.00251314 0.377173 -0.00795017 0.999968 0.00053445 -0.289872 0.00251731 -0.000514451 0.999997 0.879611
195 197 94 0.999525 0.0307373 0.00227653 -0.0582207 -0.0306364 0.998891 -0.0357467 0.965432 -0.00337276 0.0356599 0.999358 0.25407
195 198 26 0.999772 0.019924 -0.00767703 0.379306 -0.0198518 0.999759 0.00936097 -0.279529 0.00786169 -0.00920644 0.999927 0.882038
195 199 17 0.999877 0.00930067 -0.0126448 0.271803 -0.00925246 0.99995 0.00386568 0.337786 0.0126801 -0.00374821 0.999913 -0.901123
195 200 23 0.999594 0.0197183 -0.0205785 0.337232 -0.0197185 0.999806 0.000190543 -0.142796 0.0205783 0.000215312 0.999788 0.930529
195 201 0 1 0 0 0 0 1 0 0 0 0 1 0
195 202 0 1 0 0 0 0 1 0 0 0 0 1 0
195 203 71 0.989074 0.0454385 -0.140244 0.999617 -0.0500508 0.99831 -0.0295356 -0.00844837 0.138665 0.0362322 0.989676 -0.0263519
195 204 14 0.998111 0.0547578 -0.0278662 0.371562 -0.0553404 0.998255 -0.0205848 -0.369351 0.0266904 0.022088 0.9994 0.851776
195 205 0 1 0 0 0 0 1 0 0 0 0 1 0
195 206 0 1 0 0 0 0 1 0 0 0 0 1 0
195 207 36 0.999498 0.0293823 -0.0118137 -0.761267 -0.0294287 0.99956 -0.00377546 -0.174054 0.0116975 0.00412123 0.999923 0.624642
195 208 16 0.998265 0.0476652 -0.0345811 0.346747 -0.0478591 0.998843 -0.00479865 -0.155643 0.0343123 0.00644534 0.99939 0.924955
195 209 16 0.998524 0.0371 -0.0396625 0.337085 -0.0376448 0.999206 -0.0130785 -0.175935 0.0391458 0.0145523 0.999128 0.92489
210 211 16 0.999989 -0.00358877 -0.00312137 -0.335637 0.00357472 0.999983 -0.00449707 0.163387 0.00313746 0.00448587 0.999985 -0.927714
210 212 0 1 0 0 0 0 1 0 0 0 0 1 0
210 213 0 1 0 0 0 0 1 0 0 0 0 1 0
210 214 13 0.999832 0.00573575 -0.0174284 -0.241191 -0.00550481 0.999897 0.01327 0.0981879 0.0175027 -0.0131718 0.99976 0.965498
210 215 18 0.999503 0.022957 -0.0216189 -0.223613 -0.0225218 0.999543 0.020165 0.136533 0.0220719 -0.0196681 0.999563 0.965068
210 216 19 0.999184 0.0297769 -0.0272824 -0.177416 -0.0292845 0.999404 0.0182735 0.227744 0.0278103 -0.0174596 0.999461 0.957422
210 217 17 0.999789 -0.0113767 -0.0170854 -0.201685 0.0116643 0.99979 0.0168268 0.124315 0.0168904 -0.0170225 0.999712 0.971529
210 218 33 0.999317 0.0312536 -0.0197307 -0.394021 -0.0307929 0.999256 0.0232374 0.0871743 0.0204423 -0.0226139 0.999535 0.914958
210 219 31 0.944562 0.0396611 0.325929 -0.986194 -0.0284735 0.998832 -0.0390264 0.160693 -0.327096 0.0275826 0.944589 0.03998
210 220 23 0.999894 -0.00741215 -0.0125245 -0.165015 0.00769763 0.999708 0.0229019 0.147137 0.0123511 -0.0229959 0.999659 0.975254
210 221 55 0.981869 -0.00829401 -0.189381 0.991969 0.0162251 0.999053 0.0403672 -0.0908956 0.188867 -0.042708 0.981074 0.0879555
210 222 13 0.999417 0.0254529 -0.0227602 -0.291992 -0.0247584 0.999234 0.0302902 0.139088 0.0235137 -0.029709 0.999282 0.946253
210 223 0 1 0 0 0 0 1 0 0 0 0 1 0
210 224 29 0.850752 -0.00569556 -0.525537 0.919111 0.0773196 0.990417 0.114433 -0.142891 0.519849 -0.137989 0.84304 0.367176
225 226 0 1 0 0 0 0 1 0 0 0 0 1 0
225 227 0 1 0 0 0 0 1 0 0 0 0 1 0
225 228 73 0.995363 0.0215248 0.0937482 -0.928788 -0.019743 0.999607 -0.0198922 0.235584 -0.0941395 0.0179491 0.995397 0.2861
225 229 18 0.999141 0.0406555 0.00799568 0.260244 -0.0406913 0.999162 0.00435814 0.0418287 -0.0078118 -0.00467975 0.999959 0.964636
225 230 17 0.999658 0.0242646 0.00972952 0.181392 -0.0244282 0.999556 0.017072 -0.142686 -0.00931095 -0.0173038 0.999807 0.973004
225 231 0 1 0 0 0 0 1 0 0 0 0 1 0
225 232 0 1 0 0 0 0 1 0 0 0 0 1 0
225 233 0 1 0 0 0 0 1 0 0 0 0 1 0
225 234 15 0.99653 0.0671747 -0.0491547 0.614783 -0.062658 0.994123 0.0882801 -0.0394636 0.054796 -0.0848938 0.994882 0.787708
225 235 10 0.997583 0.0535967 -0.0442246 0.357608 -0.0499867 0.995617 0.0790497 0.195864 0.0482675 -0.076648 0.995889 -0.913101
225 236 41 0.764577 0.180221 0.618823 -0.802847 -0.142586 0.983618 -0.110291 0.29686 -0.628563 -0.00390968 0.777749 0.517021
225 237 22 0.994262 0.102693 -0.0299518 0.811021 -0.0993522 0.990287 0.0972715 -0.285501 0.03965 -0.0937376 0.994807 0.510622
225 238 20 0.99883 -0.0450291 0.0176156 -0.150925 0.0447143 0.99884 0.0178742 0.0453764 -0.0184 -0.0170656 0.999685 0.987503
225 239 17 0.999874 0.0121375 0.0102656 0.164711 -0.0123961 0.999598 0.0255146 0.0529258 -0.00995175 -0.0256387 0.999622 0.984921
240 241 18 0.999999 0.00112699 -0.000852184 -0.359926 -0.00112664 0.999999 0.000414495 -0.053021 0.00085265 -0.000413534 1 0.931473
240 242 47 0.999984 0.00504695 -0.00261199 0.493473 -0.00505023 0.999986 -0.00125028 -0.0121927 0.00260564 0.00126345 0.999996 0.869676
240 243 54 0.999973 0.00234488 -0.00692914 0.646771 -0.0023679 0.999992 -0.00331479 -0.000885944 0.00692131 0.0033311 0.99997 0.762684
240 244 0 1 0 0 0 0 1 0 0 0 0 1 0
240 245 200 0.999594 0.00319063 -0.0283273 0.977474 -0.0037572 0.999794 -0.0199703 0.206341 0.0282577 0.0200686 0.999399 0.0443539
240 246 16 0.999969 -0.00231433 -0.00752002 0.15762 0.00214305 0.99974 -0.0227055 0.735149 0.00757061 0.0226887 0.999714 -0.659327
240 247 60 0.999882 -0.00700685 -0.0136383 -0.262868 0.00693407 0.999962 -0.00537646 -0.262898 0.0136755 0.00528126 0.999893 -0.928324
240 248 52 0.999813 -0.000873349 -0.0193035 0.280486 0.000702456 0.999961 -0.00885798 0.21163 0.0193105 0.00884277 0.999774 -0.936237
240 249 52 0.999764 0.00728981 -0.0204572 0.254892 -0.00733768 0.999971 -0.00226592 0.244414 0.0204401 0.00241549 0.999788 -0.93557
240 250 12 0.999842 -0.00340421 -0.0174395 0.506469 0.0034885 0.999982 0.00480494 -0.197981 0.0174228 -0.00486502 0.999836 0.839221
240 251 125 0.999469 0.00902757 -0.0313011 0.195528 -0.00889964 0.999951 0.004224 0.580743 0.0313377 -0.00394319 0.999501 -0.790257
240 252 220 0.997983 0.0147077 -0.0617503 0.976014 -0.013483 0.999705 0.0202034 0.0342275 0.0620292 -0.01933 0.997887 -0.214999
240 253 57 0.999809 0.00957355 -0.0170555 -0.833028 -0.0092837 0.999813 0.0169931 0.00666637 0.017215 -0.0168315 0.99971 0.55319
240 254 213 0.998455 0.0255071 -0.0493597 0.933084 -0.0245999 0.999519 0.0189006 0.0465536 0.0498181 -0.0176572 0.998602 -0.356634
255 256 17 0.999954 0.00942972 -0.00168842 -0.231453 -0.00941779 0.999932 0.00693614 -0.672308 0.00175371 -0.00691992 0.999975 0.703158
255 257 0 1 0 0 0 0 1 0 0 0 0 1 0
255 258 13 0.99925 0.0385408 -0.0036612 0.434658 -0.0384931 0.999183 0.0123168 -0.145901 0.00413291 -0.0121667 0.999917 -0.888699
255 259 0 1 0 0 0 0 1 0 0 0 0 1 0
255 260 114 0.99906 0.0414913 -0.0125761 0.525185 -0.0412426 0.99896 0.0194275 -0.791395 0.0133691 -0.0188905 0.999732 -0.31285
255 261 32 0.998253 0.0588842 0.00487807 0.466161 -0.0587881 0.998109 -0.0179324 0.196822 -0.00592478 0.0176143 0.999827 -0.862528
255 262 20 0.996571 0.0808161 0.0177404 0.0935427 -0.0807727 0.996728 -0.00315391 0.0195513 -0.0179372 0.00171015 0.999838 0.995423
255 263 124 0.996347 0.0747487 -0.0412886 0.9606 -0.0749674 0.997179 -0.00377335 0.115088 0.0408901 0.00685487 0.99914 -0.252988
255 264 104 0.997238 0.068256 -0.0292881 0.844014 -0.0682135 0.997668 0.00245049 0.000161397 0.029387 -0.00044588 0.999568 -0.536321
255 265 182 0.998442 0.055028 0.00927135 -0.72536 -0.0547304 0.998057 -0.0297644 0.68354 -0.0108912 0.0292106 0.999514 -0.0813934
255 266 94 0.997631 0.0605725 -0.0326112 0.389777 -0.0604496 0.99816 0.00474392 -0.209928 0.0328385 -0.00276135 0.999457 -0.896663
255 267 79 0.99581 0.0878403 -0.0254366 0.241466 -0.0881824 0.996024 -0.0126521 0.678198 0.0242241 0.0148422 0.999596 -0.694076
255 268 108 0.996446 0.0666225 -0.0515464 0.968009 -0.0674896 0.997603 -0.0152668 0.0512659 0.0504057 0.0186914 0.998554 -0.245623
255 269 63 0.998105 0.050947 -0.0345015 0.690161 -0.0517607 0.998392 -0.0231158 -0.167884 0.0332683 0.0248579 0.999137 0.703912
270 271 86 0.999998 0.000880231 -0.00151296 -0.465355 -0.000879762 1 0.000310687 -0.00923452 0.00151324 -0.000309355 0.999999 -0.885076
270 272 104 0.999953 0.00917591 -0.00314469 -0.577507 -0.00917495 0.999958 0.00032031 0.169867 0.0031475 -0.000291443 0.999995 -0.798518
270 273 256 0.999198 0.010612 -0.0386216 0.766408 -0.00989457 0.999776 0.0187191 -0.563037 0.0388116 -0.0183219 0.999079 -0.309207
270 274 224 0.998068 0.0181888 -0.0594058 0.782746 -0.0168067 0.999578 0.0236819 -0.436559 0.0598115 -0.0226378 0.997953 -0.443537
270 275 272 0.995052 0.0210976 -0.0970901 0.783541 -0.015699 0.998305 0.0560355 -0.571435 0.0981078 -0.054234 0.993697 -0.24398
270 276 17 0.99902 0.00971256 -0.0431873 0.997402 -0.00979952 0.99995 -0.00180249 0.0560108 0.0431677 0.00222394 0.999065 -0.0452955
270 277 76 0.998714 0.0102991 -0.0496316 0.35376 -0.0105765 0.99993 -0.00532949 0.0742736 0.0495732 0.00584756 0.998753 -0.932383
270 278 76 0.983858 0.0333997 -0.175807 0.78254 -0.0139792 0.993771 0.110565 -0.604327 0.178404 -0.106323 0.978196 -0.14973
270 279 28 0.997374 0.0232307 -0.0685971 0.870941 -0.0227206 0.999708 0.00820644 0.0730818 0.0687678 -0.00662632 0.997611 -0.485922
270 280 51 0.9974 0.0179614 -0.0697859 0.685417 -0.0176772 0.999833 0.00468738 0.015888 0.0698584 -0.00344158 0.997551 -0.727977
270 281 51 0.99604 0.0243222 -0.0855116 0.691579 -0.0237013 0.999685 0.00826867 0.0305442 0.0856857 -0.0062092 0.996303 -0.721655
270 282 21 0.997035 0.0255531 -0.0725885 -0.933746 -0.0250266 0.999654 0.0081532 0.101233 0.0727717 -0.00631238 0.997329 -0.343323
270 283 118 0.99332 0.0329286 -0.110592 0.993374 -0.0329333 0.999456 0.00178512 0.111852 0.110591 0.00186896 0.993864 -0.0264069
270 284 95 0.992731 0.0282741 -0.11699 0.596319 -0.0282344 0.999599 0.00199721 0.207638 0.116999 0.00132044 0.993131 -0.775429
285 286 0 1 0 0 0 0 1 0 0 0 0 1 0
285 287 0 1 0 0 0 0 1 0 0 0 0 1 0
285 288 38 0.999732 0.00295992 -0.0229713 0.279322 -0.00216432 0.9994 0.0345823 -0.861816 0.0230599 -0.0345233 0.999138 -0.423381
285 289 28 0.999548 0.00362429 -0.0298497 0.445745 -0.00302724 0.999795 0.020023 0.0919105 0.0299162 -0.0199236 0.999354 -0.890429
285 290 24 0.999382 0.00205636 -0.0351005 0.414486 -0.00112653 0.999648 0.02649 -0.035106 0.0351426 -0.0264341 0.999033 0.909378
285 291 0 1 0 0 0 0 1 0 0 0 0 1 0
285 292 38 0.999024 0.0168184 -0.0408362 -0.230083 -0.0150063 0.998906 0.0442843 0.0679338 0.0415363 -0.0436282 0.998184 -0.970797
285 293 40 0.997962 0.018276 -0.061138 0.807448 -0.015489 0.998833 0.0457513 0.128018 0.0619028 -0.0447111 0.99708 -0.57588
285 294 41 0.998165 0.0205543 -0.0569506 -0.504742 -0.0176933 0.998578 0.0502929 0.051269 0.0579034 -0.049193 0.997109 -0.861746
285 295 37 0.99744 0.0249323 -0.0670141 -0.337463 -0.0217116 0.998594 0.0483668 0.110792 0.0681258 -0.046788 0.996579 -0.934796
285 296 12 0.99666 0.0348492 -0.0738477 -0.754295 -0.0312576 0.998297 0.0492452 -0.141305 0.0754381 -0.0467724 0.996053 0.641149
285 297 27 0.99614 0.0416449 -0.0772699 -0.356087 -0.0374307 0.997773 0.0552088 0.129325 0.0793969 -0.0521034 0.99548 -0.925461
285 298 62 0.982973 0.0712475 -0.169376 0.953284 -0.0664837 0.99722 0.0336397 0.279967 0.171302 -0.0218061 0.984977 -0.11344
285 299 13 0.993766 0.080505 -0.0771284 0.589811 -0.0757689 0.995166 0.0624837 0.368498 0.0817858 -0.0562502 0.995061 0.718562
300 301 22 0.999984 -0.00326019 -0.00470902 -0.433273 0.0032871 0.999978 0.00571753 -0.0157691 0.00469028 -0.00573292 0.999973 -0.901125
300 302 46 0.999915 -0.00292755 -0.0126893 0.426423 0.00304996 0.999949 0.00963841 -0.115414 0.0126604 -0.00967629 0.999873 0.897131
300 303 24 0.99987 0.00220639 -0.0159726 0.866241 -0.00202377 0.999933 0.0114406 -0.0394684 0.0159968 -0.0114068 0.999807 0.498065
300 304 41 0.999826 0.0153381 -0.0106408 0.495836 -0.0152133 0.999816 0.0117122 -0.0793798 0.0108185 -0.0115483 0.999875 0.86478
300 305 329 0.997859 0.0275552 -0.0593153 0.999855 -0.0269418 0.999575 0.0111176 0.00417474 0.0595965 -0.00949575 0.998177 -0.016516
300 306 41 0.999819 0.0170403 -0.00846134 -0.793776 -0.0170918 0.999836 -0.00606302 0.602605 0.00835663 0.00620654 0.999946 -0.0823865
300 307 19 0.999424 0.0329767 -0.00801664 0.640613 -0.0330104 0.999447 -0.00411055 0.187477 0.00787665 0.00437281 0.999959 0.744626
300 308 97 0.999417 0.0332752 -0.00763254 -0.463852 -0.0333518 0.999392 -0.0101345 -0.0351868 0.00729067 0.0103831 0.99992 -0.885214
300 309 147 0.999556 0.0244151 -0.017051 0.705103 -0.0247015 0.999554 -0.0167949 -0.257924 0.0166333 0.0172086 0.999714 0.660533
300 310 237 0.999221 0.00697341 -0.0388487 0.602173 -0.0070019 0.999975 -0.000597342 -0.735815 0.0388436 0.000868892 0.999245 -0.309779
300 311 113 0.999913 0.013033 -0.00219219 0.18489 -0.0131074 0.99918 -0.0383151 -0.140477 0.00169103 0.0383404 0.999263 0.972667
300 312 13 0.999948 0.0045264 -0.00913982 -0.902305 -0.00492529 0.999015 -0.0441029 0.109027 0.00893118 0.0441456 0.998985 -0.417083
300 313 139 0.999817 0.00673925 -0.0179234 0.911033 -0.00757132 0.998877 -0.0467688 0.113865 0.0175881 0.0468959 0.998745 0.396301
300 314 254 0.998989 0.0334287 -0.0300644 0.292838 -0.0365877 0.993087 -0.111531 0.949693 0.0261282 0.112518 0.993306 -0.111032
315 316 22 0.999988 -0.00207231 -0.0044455 0.88166 0.00207162 0.999998 -0.000161273 0.153241 0.00444582 0.000152062 0.99999 -0.446309
315 317 309 0.999941 -0.00290276 -0.0104332 0.912505 0.00294118 0.999989 0.00366892 -0.0296481 0.0104224 -0.00369939 0.999939 -0.407989
315 318 29 0.999913 -0.00702619 0.0111826 -0.403301 0.00695588 0.999956 0.00631383 0.162113 -0.0112265 -0.00623549 0.999918 -0.900593
315 319 24 0.999886 -0.0038863 0.0146226 -0.422122 0.0036695 0.999883 0.0148235 -0.279201 -0.0146785 -0.0147681 0.999783 -0.862473
315 320 12 0.999685 -0.00116637 0.0250825 -0.989211 0.000773587 0.999877 0.0156637 -0.135627 -0.0250976 -0.0156394 0.999563 -0.0553779
315 321 43 0.99962 0.00290916 0.0274132 -0.45336 -0.00328867 0.999899 0.0138092 0.14441 -0.0273703 -0.0138941 0.999529 -0.879551
315 322 332 0.999919 0.0111268 0.00625072 0.987238 -0.0111847 0.999894 0.00931242 0.0295936 -0.00614644 -0.00938157 0.999937 0.156476
315 323 29 0.999605 0.00804673 0.0269387 0.801182 -0.00832786 0.999912 0.01034 0.152457 -0.0268531 -0.0105603 0.999584 -0.578674
315 324 25 0.999658 0.0110771 0.0237043 0.736115 -0.0113701 0.99986 0.012261 0.198836 -0.0235651 -0.0125263 0.999644 -0.646992
315 325 29 0.999557 0.00523544 0.0293051 -0.433632 -0.00582357 0.999783 0.02002 -0.304138 -0.0291939 -0.0201818 0.99937 -0.848212
315 326 23 0.999653 0.0101922 0.0242923 0.627157 -0.0106637 0.999756 0.0193604 0.169471 -0.024089 -0.0196127 0.999517 -0.760232
315 327 13 0.999889 0.011343 0.00966403 0.782053 -0.0115463 0.999708 0.0212456 0.0908483 -0.00942022 -0.0213549 0.999728 -0.616555
315 328 31 0.999844 0.0143593 0.0103203 0.134761 -0.0146342 0.999526 0.0270686 0.0951391 -0.00992674 -0.0272154 0.99958 -0.9863
315 329 64 0.999761 0.0175594 0.0130608 -0.43412 -0.0179815 0.999296 0.0329336 0.0629282 -0.0124733 -0.0331606 0.999372 -0.898654
330 331 28 0.999976 0.000668386 -0.00684611 0.289384 -0.000666676 1 0.000252028 0.0482631 0.00684628 -0.000247458 0.999977 0.955996
330 332 51 0.999737 0.00207264 -0.0228452 0.987899 -0.00208237 0.999998 -0.000402123 -0.0635979 0.0228444 0.000449589 0.999739 0.141462
330 333 226 0.999982 -0.00367845 0.00476537 -0.996188 0.00367545 0.999993 0.000640055 -0.0520666 -0.00476769 -0.000622529 0.999988 -0.0699845
330 334 10 0.999897 -0.00157954 -0.0142961 0.73665 0.00163276 0.999992 0.00371188 0.280168 0.0142902 -0.00373483 0.999891 0.61551
330 335 12 0.999747 -0.00290166 -0.0223101 0.700428 0.00289866 0.999996 -0.000166751 0.0970459 0.0223105 0.00010204 0.999751 -0.707095
330 336 0 1 0 0 0 0 1 0 0 0 0 1 0
330 337 216 0.998861 0.0147177 -0.0453967 0.925642 -0.0152282 0.999824 -0.0109199 0.160585 0.045228 0.0115987 0.998909 -0.342636
330 338 20 0.999516 0.0162847 -0.0265179 0.663647 -0.0165524 0.999814 -0.00990781 -0.0698498 0.0263517 0.010342 0.999599 0.744777
330 339 42 0.999454 0.0145771 -0.0296647 -0.406871 -0.0150895 0.99974 -0.0171221 0.151172 0.0294074 0.0175603 0.999413 -0.90089
330 340 53 0.999204 0.0216077 -0.0335443 -0.394392 -0.0221117 0.999647 -0.0147276 -0.260083 0.0332142 0.0154576 0.999329 -0.881369
330 341 141 0.997903 0.0219262 -0.0609006 0.753409 -0.0231333 0.999548 -0.0191878 0.214415 0.0604523 0.0205563 0.997959 -0.621612
330 342 138 0.997455 0.0231059 -0.0674561 0.841298 -0.0243064 0.999559 -0.0170313 0.240357 0.0670329 0.0186276 0.997577 -0.484197
330 343 25 0.998734 0.0187827 -0.046657 -0.313475 -0.0191074 0.999796 -0.00652413 0.192905 0.046525 0.00740737 0.99889 -0.929796
330 344 111 0.997632 0.0292691 -0.0622363 0.234967 -0.0293353 0.99957 -0.000150501 0.378941 0.0622051 0.00197587 0.998061 -0.895094
345 346 375 0.999943 0.00383112 -0.00996463 0.376704 -0.00396162 0.999906 -0.0131092 0.924918 0.00991347 0.013148 0.999864 0.0511933
345 347 35 0.99997 0.00361828 -0.00678714 0.423601 -0.00352229 0.999894 0.0141014 -0.141001 0.00683745 -0.0140771 0.999878 0.894808
345 348 17 0.999919 0.00461809 -0.011859 -0.302763 -0.00446926 0.999911 0.0125456 -0.441245 0.0119159 -0.0124916 0.999851 -0.844771
345 349 13 0.999833 0.00143879 -0.0182108 -0.373908 -0.0012301 0.999934 0.0114654 0.196027 0.018226 -0.0114411 0.999768 0.906513
345 350 10 0.999813 0.00126857 -0.0192803 -0.0460566 -0.000963182 0.999874 0.0158402 -0.622294 0.019298 -0.0158187 0.999689 -0.781427
345 351 42 0.999748 0.0056957 -0.021711 0.432913 -0.00536036 0.999866 0.0154727 0.0809701 0.0217963 -0.0153524 0.999645 0.897792
345 352 13 0.99949 0.00819373 -0.0308553 0.283608 -0.00779608 0.999885 0.0129858 0.889003 0.0309581 -0.0127386 0.99944 -0.359499
345 353 18 0.99958 0.0111654 -0.0267259 -0.101553 -0.0102525 0.999367 0.0340548 -0.130167 0.0270893 -0.0337665 0.999063 -0.986278
345 354 29 0.999576 0.0111762 -0.0269016 -0.481568 -0.0101203 0.999185 0.0390714 -0.0373262 0.0273163 -0.0387826 0.998874 -0.875613
345 355 26 0.999382 0.00682451 -0.0344823 0.273575 -0.00547069 0.999216 0.0392041 -0.282437 0.0347229 -0.0389913 0.998636 -0.919449
345 356 42 0.99954 -0.00187545 -0.030273 -0.370506 0.00277926 0.999551 0.029841 -0.0362994 0.0302035 -0.0299115 0.999096 -0.92812
345 357 270 0.998855 -0.000894631 -0.047835 0.435921 0.000909893 1 0.000297279 0.887205 0.0478347 -0.000340464 0.998855 -0.151128
345 358 33 0.999391 -0.010726 -0.0332025 -0.370701 0.0113654 0.999752 0.0191285 -0.0619283 0.0329891 -0.0194942 0.999266 -0.926685
345 359 31 0.999348 -0.0106063 -0.0345225 0.371415 0.0111884 0.999798 0.0167123 -0.102118 0.0343383 -0.0170877 0.999264 0.922834
360 361 25 0.999981 0.00352113 -0.00515376 0.300817 -0.0035273 0.999993 -0.0011885 -0.227687 0.00514954 0.00120665 0.999986 0.926104
360 362 22 0.999879 0.0101477 -0.0117943 0.269945 -0.010178 0.999945 -0.00251152 0.219453 0.0117682 0.00263126 0.999927 -0.937534
360 363 28 0.999284 0.0111164 -0.0361529 0.997152 -0.0112845 0.999926 -0.00444819 -0.0298957 0.0361008 0.00485298 0.999336 0.0692331
360 364 50 0.999568 0.00766717 -0.0283654 0.275174 -0.00784569 0.99995 -0.00618768 -0.0224313 0.0283166 0.00640755 0.999578 0.961133
360 365 26 0.999308 0.00652447 -0.0366258 0.505423 -0.00690275 0.999924 -0.0102112 0.0366257 0.0365564 0.010457 0.999277 0.862094
360 366 286 0.999689 0.00522096 -0.0244 -0.974972 -0.00538816 0.999962 -0.00679154 -0.222327 0.0243636 0.00692089 0.999679 0.000357388
360 367 172 0.997758 0.00428427 -0.0667876 0.950749 -0.0053515 0.999861 -0.0158088 0.183932 0.0667105 0.0161308 0.997642 -0.249488
360 368 19 0.998452 0.00397158 -0.0554744 0.558028 -0.00472626 0.999898 -0.0134795 0.393243 0.0554152 0.0137209 0.998369 -0.730729
360 369 13 0.998856 0.0049772 -0.047553 -0.852267 -0.00543234 0.999941 -0.00944661 -0.393732 0.0475032 0.00969413 0.998824 -0.344407
360 370 12 0.99834 0.0109134 -0.0565586 0.490817 -0.0119034 0.999781 -0.0171974 0.146045 0.0563586 0.0178421 0.998251 0.858935
360 371 15 0.997996 0.0122795 -0.0620811 0.482777 -0.0137571 0.999631 -0.0234293 -0.0811566 0.0617705 0.0242364 0.997796 0.871975
360 372 20 0.99755 0.0161484 -0.0680611 0.628354 -0.0179312 0.99951 -0.0256642 -0.147493 0.0676133 0.0268218 0.997351 0.763818
360 373 20 0.997036 0.0174045 -0.0749468 -0.108473 -0.019335 0.999498 -0.0251096 0.0703727 0.0744722 0.0264843 0.996871 -0.991605
360 374 26 0.996505 0.0211225 -0.0808212 -0.477863 -0.0234371 0.999339 -0.027798 0.0333402 0.0801806 0.029595 0.996341 -0.877802
375 376 31 0.999993 0.000847571 -0.00377711 -0.3777 -0.00087375 0.999976 -0.00693457 0.0196976 0.00377114 0.00693781 0.999969 0.925718
375 377 27 0.999961 0.00258273 -0.0084934 0.378008 -0.00267398 0.999939 -0.0107495 -0.0979732 0.00846512 0.0107718 0.999906 0.920604
375 378 20 0.999789 -0.00426479 -0.0200729 -0.06184 0.00393106 0.999854 -0.0166362 0.226893 0.0201409 0.0165537 0.99966 -0.971954
375 379 24 0.999749 -0.00793018 -0.0209646 -0.290522 0.00750078 0.999762 -0.0204822 0.176164 0.021122 0.0203198 0.99957 -0.940512
375 380 12 0.999369 -0.00370489 -0.0353192 0.801955 0.00293563 0.999758 -0.0218073 -0.0180687 0.0353915 0.0216898 0.999138 -0.597111
375 381 22 0.999575 -0.0065772 -0.0284132 -0.20628 0.0059478 0.999736 -0.0221795 0.136393 0.0285516 0.0220011 0.99935 -0.96894
375 382 17 0.99929 -0.00266121 -0.037574 -0.376638 0.0017799 0.999723 -0.0234693 0.181532 0.0376261 0.0233858 0.999018 -0.9084
375 383 37 0.999077 -0.000970079 -0.0429467 0.270919 -3.58696e-05 0.999726 -0.0234163 -0.0930326 0.0429576 0.0233962 0.998803 0.958096
375 384 45 0.998516 0.00234968 -0.0544136 0.254859 -0.00374111 0.999668 -0.0254835 0.269918 0.0543357 0.0256493 0.998193 -0.928542
