0 1 51 0.999978 0.00436803 -0.00494821 -0.728126 -0.00435614 0.999988 0.00241265 -0.0964846 0.00495869 -0.00239104 0.999985 0.678619
0 2 108 0.999976 0.0062528 -0.00312983 -0.665732 -0.00623837 0.99997 0.00459873 -0.121252 0.0031585 -0.00457909 0.999985 0.736274
0 3 97 0.999936 0.00917998 0.00658423 -0.837528 -0.00922805 0.999931 0.00730792 -0.122874 -0.00651669 -0.00736821 0.999952 0.5324
0 4 117 0.999937 0.0111387 0.00142228 0.641279 -0.011152 0.999891 0.00968056 -0.0301493 -0.0013143 -0.00969581 0.999952 0.766716
0 5 715 0.999642 0.00907763 0.0251647 -0.999625 -0.00921377 0.999944 0.00529927 -0.0165411 -0.0251152 -0.00552923 0.999669 -0.0218452
0 6 983 0.998786 0.0138771 -0.0472581 0.91971 -0.0135999 0.999888 0.00618325 -0.196426 0.0473387 -0.00553304 0.998864 0.339927
0 7 482 0.999844 0.0101776 -0.014409 0.934981 -0.0102143 0.999945 -0.00247143 -0.354338 0.0143831 0.00261822 0.999893 -0.0159452
0 8 110 0.999958 0.00378521 0.0083275 -0.965921 -0.00365902 0.999879 -0.015117 0.187683 -0.00838372 0.0150859 0.999851 0.178246
0 9 407 0.999789 0.00200306 -0.0204492 0.992157 -0.00228896 0.9999 -0.0139668 -0.117009 0.0204192 0.0140106 0.999693 0.043974
0 10 206 0.9999 -0.00431192 -0.013433 0.972104 0.00409226 0.999858 -0.016337 -0.0499585 0.0135015 0.0162804 0.999776 -0.229169
0 11 499 0.999675 0.000241004 -0.0254873 0.995589 -0.00063117 0.999883 -0.0153013 -0.074921 0.0254807 0.0153124 0.999558 -0.0564781
0 12 451 0.999874 0.00604105 -0.0147116 0.751732 -0.006295 0.999831 -0.0172776 0.0213175 0.0146047 0.017368 0.999742 0.659124
0 13 790 0.999418 0.00498377 -0.033739 0.985072 -0.00549613 0.999871 -0.0151103 -0.0756853 0.0336593 0.015287 0.999316 -0.154612
0 14 485 0.999642 0.00189446 -0.0267025 0.9964 -0.00234665 0.999854 -0.0169131 -0.0645813 0.0266665 0.0169697 0.9995 -0.0549148
15 16 90 0.99999 -0.00434875 0.000844686 -0.505111 0.00434983 0.99999 -0.00127694 -0.167097 -0.000839124 0.0012806 0.999999 0.846724
15 17 85 0.99988 -0.0143688 -0.00585068 0.745207 0.0143522 0.999893 -0.0028569 0.144007 0.0058911 0.00277259 0.999979 -0.651097
15 18 128 0.999824 -0.014122 -0.0123393 0.911117 0.0140817 0.999895 -0.00334953 0.261827 0.0123853 0.00317518 0.999918 -0.318296
15 19 836 0.999745 -0.0109496 -0.0197645 0.912906 0.0108548 0.999929 -0.00489762 0.341758 0.0198167 0.00468183 0.999793 -0.22317
15 20 385 0.999881 -0.0124218 -0.00913311 0.961553 0.012426 0.999923 0.000410299 0.219049 0.0091273 -0.000523738 0.999958 -0.165632
15 21 502 0.999864 -0.0127328 -0.0105119 0.759265 0.0126145 0.999857 -0.0112403 0.141136 0.0106535 0.0111062 0.999882 -0.635293
15 22 958 0.999634 -0.00513831 -0.0265443 0.973746 0.00488371 0.999942 -0.00964754 0.118459 0.0265923 0.00951438 0.999601 -0.194385
15 23 652 0.999638 -0.00514592 -0.026408 0.993626 0.00486907 0.999933 -0.0105373 -0.0799681 0.0264605 0.0104049 0.999596 -0.079456
15 24 388 0.999818 0.000691001 -0.0190759 0.972408 -0.00114453 0.999717 -0.0237745 -0.00298191 0.019054 0.023792 0.999535 -0.23327
15 25 812 0.998746 0.000656901 -0.0500619 0.970866 -0.00246369 0.999347 -0.036038 0.117765 0.0500056 0.0361162 0.998096 -0.208688
15 26 622 0.999118 0.0058068 -0.0415826 0.828133 -0.00722725 0.999393 -0.0340913 0.0747447 0.0413594 0.0343617 0.998553 -0.555525
15 27 994 0.998365 0.0144053 -0.0553204 0.957452 -0.0161925 0.999357 -0.0319945 0.0989259 0.0548239 0.0328379 0.997956 -0.271108
15 28 836 0.998454 0.0178242 -0.0526481 0.893027 -0.0194342 0.999354 -0.0302282 0.117021 0.0520753 0.0312046 0.998156 -0.434521
15 29 686 0.997413 0.0255495 -0.0671867 0.918841 -0.0273819 0.999274 -0.0264947 0.0801812 0.066461 0.0282659 0.997389 -0.386396
30 31 255 0.999836 0.0124987 0.0131035 -0.56663 -0.0125492 0.999914 0.00378401 -0.107807 -0.0130551 -0.00394783 0.999907 0.816889
30 32 398 0.99961 0.0124366 0.0249952 -0.910332 -0.012544 0.999913 0.00414539 -0.048509 -0.0249415 -0.00445731 0.999679 0.411027
30 33 39 0.99996 0.0085363 -0.00249181 0.78111 -0.00853019 0.999961 0.00245427 0.103315 0.00251266 -0.00243292 0.999994 -0.615787
30 34 82 0.99998 0.0044822 -0.00439179 -0.727249 -0.00447255 0.999988 0.00220538 -0.119311 0.00440162 -0.00218569 0.999988 0.675925
30 35 217 0.999998 0.00181838 -0.000340797 -0.737118 -0.00181693 0.999989 0.00420998 -0.184144 0.000348449 -0.00420935 0.999991 0.650191
30 36 146 0.999974 -0.0015497 -0.00697394 -0.736075 0.00155929 0.999998 0.00136985 -0.18718 0.0069718 -0.00138069 0.999975 0.650506
30 37 277 0.999711 0.00426354 -0.0236415 0.842468 -0.00424595 0.999991 0.000793892 0.202143 0.0236446 -0.000693282 0.99972 -0.499385
30 38 421 0.999431 0.0147516 -0.0303302 0.956827 -0.0146064 0.999881 0.00500561 0.21475 0.0304005 -0.00455975 0.999527 -0.195867
30 39 282 0.999618 0.0201807 -0.0188584 0.97521 -0.019973 0.999738 0.0111371 0.0928002 0.0190782 -0.0107562 0.99976 -0.200884
30 40 323 0.999741 0.0146784 -0.0173889 0.834775 -0.0144641 0.999819 0.0123893 0.169087 0.0175676 -0.0121346 0.999772 -0.523986
30 41 312 0.999585 0.00709729 -0.0279036 0.923028 -0.00653271 0.999773 0.0202723 0.152186 0.0280412 -0.0200816 0.999405 -0.353352
30 42 307 0.999974 -0.00143099 -0.00704604 -0.975123 0.00158692 0.999753 0.0221737 -0.138716 0.00701257 -0.0221843 0.999729 0.172895
30 43 292 0.999593 -0.000961512 -0.0285269 0.905007 0.00140998 0.999876 0.0157051 0.164594 0.0285082 -0.0157389 0.99947 -0.392264
30 44 142 0.99953 -0.0233953 0.0197993 -0.193232 0.0228662 0.999386 0.026542 0.291473 -0.0204081 -0.0260768 0.999452 -0.936859
45 46 172 0.99998 0.00626571 0.0012906 0.358579 -0.00626887 0.999977 0.00245911 0.0741372 -0.00127516 -0.00246715 0.999996 0.930551
45 47 406 0.999741 0.00201563 0.0226474 -0.814348 -0.00198699 0.999997 -0.00128687 -0.0323858 -0.0226499 0.00124154 0.999743 0.579473
45 48 384 0.9997 -0.00336448 0.0242472 -0.956954 0.00344056 0.999989 -0.00309653 -0.118426 -0.0242366 0.00317902 0.999701 0.264981
45 49 685 0.998839 0.00850932 -0.0474089 0.960882 -0.0081617 0.999938 0.00752103 -0.0334915 0.04747 -0.00712536 0.998847 -0.274926
45 50 508 0.999374 0.016516 -0.0312909 0.915629 -0.0161793 0.999809 0.0109817 0.0329204 0.0314663 -0.0104686 0.99945 0.400675
45 51 345 0.999713 0.0165555 0.0172914 -0.111287 -0.0170581 0.999424 0.0293302 -0.747717 -0.0167959 -0.0296167 0.99942 -0.654625
45 52 139 0.999124 0.0416345 -0.00420982 -0.929159 -0.0417062 0.998955 -0.0186908 -0.158816 0.00342724 0.01885 0.999816 0.333827
45 53 413 0.997943 0.0367496 -0.0525255 0.959981 -0.0377996 0.999102 -0.0191401 0.127101 0.0517749 0.0210861 0.998436 -0.249565
45 54 544 0.997188 0.0561237 -0.0496672 0.990576 -0.0564506 0.998392 -0.00520288 0.0585836 0.0492953 0.00799199 0.998752 -0.123805
45 55 394 0.998703 0.0489763 -0.0138893 0.972055 -0.0488838 0.99878 0.00692365 0.0301985 0.0142114 -0.00623571 0.99988 -0.232802
45 56 559 0.996549 0.0605347 -0.0567934 0.997692 -0.0599863 0.998135 0.0113146 0.050751 0.0573724 -0.00786875 0.998322 -0.0451181
45 57 586 0.996612 0.0547881 -0.0613356 0.987751 -0.0540537 0.998446 0.0135709 0.00416947 0.0619838 -0.0102095 0.998025 0.155985
45 58 575 0.997672 0.0533512 -0.0424731 0.995348 -0.0531027 0.998565 0.00695722 0.0323069 0.0427833 -0.00468559 0.999073 0.0907716
45 59 559 0.99811 0.0487234 -0.0374587 0.999486 -0.0485538 0.998806 0.00542446 0.0300465 0.0376783 -0.00359544 0.999283 0.0112196
60 61 92 0.999906 -0.00157455 0.0136001 -0.992345 0.0015092 0.999987 0.00481388 -0.0994303 -0.0136075 -0.0047929 0.999896 0.073249
60 62 246 0.999992 0.00280085 -0.00282021 0.908471 -0.00280517 0.999995 -0.00152807 0.171834 0.00281592 0.00153597 0.999995 0.380989
60 63 65 0.999965 -0.00264109 0.00791388 -0.901051 0.0026543 0.999995 -0.00165908 -0.0984833 -0.00790946 0.00168003 0.999967 0.422385
60 64 221 0.999979 -0.00556066 -0.00330022 0.999257 0.00555602 0.999984 -0.00141248 0.0381234 0.00330802 0.00139412 0.999994 -0.00564438
60 65 492 0.999739 -0.0105717 0.0202601 -0.971353 0.0106485 0.999937 -0.00368618 -0.0943838 -0.0202198 0.00390096 0.999788 0.218096
60 66 645 0.999889 -0.00957017 -0.011408 0.974745 0.00943366 0.999884 -0.0119608 0.107277 0.0115212 0.0118519 0.999863 -0.195868
60 67 545 0.99985 -0.0130872 -0.0113597 0.92319 0.0129503 0.999844 -0.0120397 0.0662537 0.0115155 0.0118908 0.999863 -0.378591
60 68 724 0.999712 -0.00983355 -0.0219039 0.986289 0.00954266 0.999865 -0.0133452 0.0273864 0.0220322 0.0131323 0.999671 -0.162737
60 69 890 0.999595 -0.00616129 -0.0277873 0.980203 0.00571434 0.999853 -0.0161355 0.0764409 0.0278826 0.0159702 0.999484 -0.182644
60 70 826 0.9995 -0.00824786 -0.0305177 0.936053 0.00788218 0.999896 -0.0120836 0.0901126 0.0306142 0.011837 0.999461 -0.340125
60 71 934 0.999077 -0.0104602 -0.0416632 0.976047 0.0102122 0.999929 -0.00616051 -0.0044341 0.0417247 0.00572934 0.999113 -0.217513
60 72 917 0.999129 -0.00869364 -0.0408193 0.982848 0.00836861 0.999932 -0.00812685 0.0361949 0.0408872 0.00777816 0.999133 -0.180833
60 73 899 0.999071 0.000544753 -0.0430889 0.935376 -0.00101306 0.999941 -0.0108474 0.0524235 0.0430804 0.010881 0.999012 -0.349747
60 74 802 0.998348 0.000281277 -0.0574508 0.966818 -0.000902375 0.999941 -0.0107853 0.0705483 0.0574444 0.0108193 0.99829 -0.245532
75 76 106 0.999993 0.00359183 -0.000680363 0.791126 -0.00359031 0.999991 0.00223166 -0.0519314 0.000688373 -0.00222921 0.999997 -0.609445
75 77 94 0.99999 0.00446628 -0.000548392 0.912879 -0.00446552 0.999989 0.00139347 -0.022276 0.00055461 -0.00139101 0.999999 -0.407621
75 78 160 0.999944 0.00529409 -0.00911787 0.926144 -0.00530189 0.999986 -0.000831685 0.0203077 0.00911334 0.000879981 0.999958 -0.376622
75 79 740 0.999682 0.011743 -0.0223068 0.971043 -0.0118565 0.999917 -0.00496525 0.0453519 0.0222467 0.00522815 0.999739 -0.234561
75 80 934 0.999476 0.0170178 -0.027536 0.984595 -0.0173347 0.999786 -0.0113113 0.0753465 0.0273376 0.0117827 0.999557 -0.157785
75 81 1083 0.998989 0.022595 -0.0388718 0.921352 -0.0231782 0.999624 -0.0146206 0.0754533 0.0385268 0.0155068 0.999137 -0.381336
75 82 1034 0.998844 0.0159927 -0.0453335 0.926534 -0.0166187 0.999771 -0.0134647 0.133765 0.0451077 0.0142025 0.998881 -0.351626
75 83 750 0.999239 0.0195962 -0.0337391 0.819081 -0.0199771 0.99974 -0.0109902 0.109741 0.0335149 0.0116558 0.99937 -0.563084
75 84 807 0.998203 0.0307853 -0.0514168 0.894674 -0.031468 0.999426 -0.0125201 0.146339 0.0510018 0.0141155 0.998599 -0.422071
75 85 326 0.999867 0.0161082 0.00236612 0.178436 -0.0160913 0.999846 -0.00700719 0.292949 -0.00247862 0.00696819 0.999973 -0.93933
75 86 542 0.997794 0.0473118 -0.0465661 0.918575 -0.0466866 0.998805 0.0144254 0.336684 0.0471929 -0.0122196 0.998811 -0.207034
75 87 827 0.99814 0.0477759 -0.0378789 0.919069 -0.0466828 0.998482 0.0292358 0.181713 0.0392182 -0.0274131 0.998855 -0.349702
75 88 904 0.997779 0.0452676 -0.0488747 0.938398 -0.0440257 0.998687 0.0261936 0.234948 0.0499962 -0.0239837 0.998461 -0.253395
75 89 751 0.997942 0.045556 -0.0451375 0.950053 -0.0443659 0.99865 0.027026 0.202031 0.0463078 -0.0249678 0.998615 -0.23787
90 91 185 0.999938 -0.0107022 -0.00312013 0.0834005 0.0107305 0.9999 0.00917748 -0.9877 0.0030216 -0.00921039 0.999953 -0.132261
90 92 342 0.999801 -0.0178907 -0.00885777 0.192644 0.0178388 0.999823 -0.00590568 0.341415 0.00896186 0.00574649 0.999943 -0.919959
90 93 424 0.999896 -0.0118321 -0.00823972 0.14762 0.0118549 0.999926 0.00271849 0.266728 0.00820695 -0.00281589 0.999962 -0.952399
90 94 571 0.999558 -0.00203177 -0.0296459 0.860702 0.0023504 0.99994 0.010717 -0.0582823 0.0296223 -0.0107819 0.999503 -0.505763
90 95 676 0.998899 -0.0163486 -0.0439682 0.981518 0.0165348 0.999856 0.00387372 0.0703622 0.0438985 -0.00459646 0.999025 -0.177966
90 96 507 0.999149 -0.00840885 -0.0403709 0.92126 0.00840065 0.999965 -0.000372697 0.0323453 0.0403726 3.32384e-05 0.999185 -0.3876
90 97 693 0.997881 -0.0019017 -0.0650399 0.918874 0.00145387 0.999975 -0.0069321 0.0784706 0.0650515 0.00682285 0.997859 -0.386669
90 98 698 0.998212 -0.0180994 -0.0569601 0.972656 0.0178531 0.999829 -0.00483105 0.0176336 0.0570378 0.00380551 0.998365 -0.231579
90 99 544 0.99835 -0.0178085 -0.0545937 0.894502 0.0175597 0.999833 -0.00503448 -0.01036 0.0546742 0.00406753 0.998496 -0.446945
90 100 641 0.994049 -0.00803578 -0.108638 0.954276 0.0075168 0.999958 -0.00518584 0.0244151 0.108675 0.00433837 0.994068 -0.297929
90 101 571 0.994772 -0.00639319 -0.101916 0.947324 0.00577074 0.999963 -0.00640103 0.0595796 0.101954 0.00577944 0.994772 -0.314688
90 102 612 0.997456 -0.00236228 -0.0712391 0.914097 0.00200388 0.999985 -0.005102 0.0323563 0.0712501 0.00494627 0.997446 -0.404203
90 103 524 0.996453 -0.00153056 -0.0841325 0.944519 0.00106819 0.999984 -0.0055404 0.00488042 0.0841396 0.00543089 0.996439 -0.32842
90 104 541 0.996301 0.00416896 -0.0858321 0.94766 -0.00486242 0.999957 -0.00787185 -0.00355522 0.0857956 0.00826008 0.996279 -0.31926
105 106 154 0.999927 0.0120025 -0.00145811 0.46902 -0.0120018 0.999928 0.000520833 -0.301922 0.00146425 -0.000503295 0.999999 -0.829978
105 107 98 0.999897 0.0135442 0.00483488 -0.00668801 -0.0135639 0.9999 0.00405429 -0.841758 -0.00477948 -0.00411945 0.99998 -0.539814
105 108 275 0.999662 0.0249282 0.00734337 -0.00206131 -0.0249839 0.999659 0.00759167 -0.984659 -0.00715161 -0.00777257 0.999944 -0.174476
105 109 538 0.998994 0.0413041 -0.0174406 0.976547 -0.0415169 0.999065 -0.0120253 -0.167249 0.0169276 0.0127373 0.999776 -0.135589
105 110 579 0.998262 0.054737 -0.0218218 0.929506 -0.0550821 0.998361 -0.0155408 -0.0858678 0.0209353 0.0167158 0.999641 -0.358672
105 111 156 0.999291 0.0358723 0.0114042 -0.0542434 -0.0358296 0.99935 -0.00392413 -0.937747 -0.0115376 0.00351274 0.999927 -0.343057
105 112 506 0.997842 0.0585541 -0.0297093 0.954674 -0.0588591 0.998221 -0.00949574 0.0331506 0.0291004 0.0112239 0.999513 -0.295803
105 113 555 0.997751 0.0574451 -0.0345416 0.967446 -0.0577068 0.998312 -0.00662731 -0.0303574 0.0341026 0.00860569 0.999381 -0.25125
105 114 580 0.996668 0.0596606 -0.0556111 0.995275 -0.0597919 0.998211 -0.000698903 -0.0541871 0.0554699 0.00402167 0.998452 -0.0805711
105 115 196 0.999085 0.0339082 0.0260678 -0.0581759 -0.0340423 0.999409 0.00471695 -0.984703 -0.0258925 -0.00560005 0.999649 -0.164245
105 116 328 0.998719 0.0402547 0.0306589 -0.188062 -0.0405164 0.999147 0.00796258 -0.981662 -0.0303122 -0.00919456 0.999498 -0.0311864
105 117 46 0.99915 0.0359049 0.0202573 0.0125228 -0.034592 0.997488 -0.0618103 0.843554 -0.0224257 0.061057 0.997882 0.536899
105 118 51 0.998928 0.0429951 0.0171705 0.0847056 -0.0414522 0.99578 -0.0818778 0.995643 -0.0206184 0.0810782 0.996494 -0.0389768
105 119 45 0.998668 0.0494443 0.0147736 0.10883 -0.0481201 0.995673 -0.079493 0.892316 -0.0186402 0.0786762 0.996726 0.438097
120 121 53 0.999888 0.0103636 0.0107807 0.529699 -0.0103831 0.999945 0.00175253 0.187657 -0.0107619 -0.00186427 0.99994 -0.827166
120 122 48 0.999582 0.022511 0.0181157 -0.94205 -0.0227624 0.999646 0.0137954 0.0906792 -0.0177987 -0.014202 0.999741 0.322986
120 123 476 0.998686 0.0108707 0.050081 -0.967265 -0.011531 0.99985 0.0129156 0.0819725 -0.0499331 -0.0134761 0.998662 0.240164
120 124 38 0.999561 0.012506 0.0268583 0.962713 -0.0132159 0.999564 0.0264192 -0.0470672 -0.0265162 -0.0267625 0.99929 0.266398
120 125 268 0.999006 0.00447153 0.0443596 -0.968411 -0.00615426 0.999264 0.0378699 0.0123184 -0.0441576 -0.0381053 0.998298 0.249055
120 126 529 0.999274 -0.00360968 -0.0379207 0.924151 0.00549079 0.998753 0.0496201 -0.100291 0.0376943 -0.0497923 0.998048 0.368629
120 127 443 0.996705 -0.0463908 0.0665369 -0.875381 0.0441751 0.998432 0.0343936 0.0593163 -0.0680281 -0.031341 0.997191 0.479781
120 128 422 0.998918 -0.0464551 0.00233726 0.324373 0.0463212 0.998092 0.0408155 -0.150619 -0.00422889 -0.0406631 0.999164 0.933861
120 129 432 0.999247 -0.0379722 -0.00797772 0.624913 0.0382714 0.998407 0.0414672 -0.191817 0.0063904 -0.0417413 0.999108 0.756763
120 130 398 0.995298 -0.0572368 0.0781351 -0.856546 0.0543455 0.997774 0.0386436 -0.0671953 -0.080173 -0.0342156 0.996194 0.511678
120 131 305 0.998742 -0.050148 8.84007e-05 0.525221 0.0500847 0.997565 0.0485244 -0.209787 -0.00252159 -0.0484589 0.998822 0.824701
120 132 265 0.996819 -0.0457621 -0.0652479 0.829623 0.0489563 0.997636 0.0482266 -0.0408655 0.0628867 -0.0512675 0.996703 0.556827
120 133 238 0.997601 -0.0628796 -0.0289612 0.277962 0.0644908 0.9962 0.0585403 -0.105156 0.0251702 -0.0602676 0.997865 0.954819
120 134 348 0.995787 -0.0486862 -0.077709 0.830701 0.0534992 0.996696 0.0611058 -0.0187329 0.0744773 -0.0650057 0.995102 0.556403
135 136 33 0.99998 -0.000622256 -0.00622723 0.0345872 0.00056309 0.999955 -0.00949833 0.860217 0.00623286 0.00949464 0.999935 0.508754
135 137 167 0.999908 -0.000584298 -0.0135327 0.251416 0.000380913 0.999887 -0.0150269 -0.264097 0.0135399 0.0150204 0.999796 0.931151
135 138 128 0.999443 0.0018806 -0.0333041 0.831045 -0.00257692 0.999779 -0.0208772 0.0373829 0.0332574 0.0209514 0.999227 -0.554947
135 139 187 0.998975 0.00630415 -0.0448342 0.989703 -0.007375 0.99969 -0.0237596 0.000199398 0.0446705 0.0240659 0.998712 -0.143134
135 140 54 0.999199 -0.00423048 -0.0398039 0.941807 0.00288877 0.999428 -0.0337054 0.181858 0.0399237 0.0335634 0.998639 -0.282716
135 141 511 0.996799 0.00734843 -0.0796055 0.974394 -0.0101702 0.999332 -0.0350993 0.0162106 0.0792944 0.0357965 0.996208 -0.224264
135 142 536 0.995844 0.0190928 -0.0890463 0.954303 -0.0212173 0.999511 -0.022973 -0.165179 0.0885641 0.0247669 0.995763 -0.249043
135 143 30 0.99864 0.00862977 -0.0514259 0.0290897 -0.0100486 0.999574 -0.0273952 0.888426 0.0511676 0.0278747 0.998301 0.458097
135 144 370 0.99587 0.0242458 -0.0874879 0.948242 -0.0263282 0.999395 -0.0227271 -0.0444733 0.086884 0.0249367 0.995906 -0.314419
135 145 392 0.995872 0.0312917 -0.0852067 0.91297 -0.0327011 0.99935 -0.0151955 -0.0661634 0.0846758 0.0179191 0.996247 -0.402626
135 146 397 0.991492 0.0442556 -0.122413 0.991372 -0.0456493 0.99892 -0.00860278 -0.0442144 0.1219 0.0141176 0.992442 -0.1234
135 147 61 0.997891 0.040137 -0.0510237 0.12428 -0.0408412 0.999083 -0.0128343 0.644437 0.0504618 0.0148911 0.998615 0.75449
135 148 205 0.997856 0.0348755 -0.0553793 0.234484 -0.0355863 0.999296 -0.0119002 -0.254058 0.0549253 0.0138454 0.998394 0.938335
135 149 142 0.997825 0.0256077 -0.0607358 0.225473 -0.0262742 0.999603 -0.0102013 -0.573513 0.0604504 0.0117749 0.998102 0.787556
150 151 149 0.999982 0.00591421 0.0013416 0.145552 -0.00591581 0.999982 0.00118557 0.285208 -0.00133456 -0.00119349 0.999998 0.94735
150 152 239 0.999937 0.0100678 0.00497626 0.180108 -0.0100497 0.999943 -0.00366057 0.26834 -0.00501283 0.00361033 0.999981 0.946338
150 153 512 0.999835 0.00915009 -0.0156927 0.987292 -0.00918044 0.999956 -0.0018628 -0.0784083 0.0156749 0.00200656 0.999875 -0.138225
150 154 43 0.999985 0.00420972 0.00342462 -0.9925 -0.00419929 0.999987 -0.0030475 0.0468411 -0.0034374 0.00303308 0.999989 -0.112911
150 155 662 0.999579 0.00789898 -0.0279109 0.983328 -0.00809096 0.999944 -0.00677228 -0.0160181 0.0278559 0.00699525 0.999587 0.181132
150 156 786 0.999178 0.00540689 -0.040175 0.988663 -0.00572476 0.999953 -0.00780111 -0.119069 0.040131 0.00802469 0.999162 -0.0914755
150 157 471 0.999587 0.000372885 -0.0287286 0.997797 -0.00072063 0.999927 -0.0120951 -0.0356487 0.028722 0.0121108 0.999514 -0.0559478
150 158 801 0.998358 0.0118549 -0.0560477 0.995687 -0.0123976 0.999879 -0.00934365 -0.0868625 0.0559301 0.0100232 0.998384 -0.0325918
150 159 737 0.997897 0.0126879 -0.063572 0.999121 -0.0136919 0.999788 -0.015381 -0.0276767 0.0633634 0.0162191 0.997859 -0.0314956
150 160 667 0.99857 0.0218358 -0.0487975 0.991154 -0.0224971 0.999662 -0.0130441 -0.0836409 0.0484961 0.0141233 0.998724 0.103046
150 161 457 0.998562 0.0161959 -0.0510976 0.954524 -0.0170654 0.999716 -0.0166266 -0.0770714 0.0508138 0.0174747 0.998555 -0.288001
150 162 594 0.997055 0.0160393 -0.0749948 0.996911 -0.0173284 0.999713 -0.0165705 -0.0201537 0.0747074 0.0178213 0.997046 -0.0759082
150 163 595 0.996846 0.0102528 -0.0786957 0.991401 -0.0118953 0.999721 -0.0204303 0.00351491 0.0784642 0.021302 0.996689 -0.130814
150 164 595 0.994629 0.0229752 -0.100926 0.990261 -0.0246649 0.999575 -0.0155267 -0.0706996 0.100526 0.0179327 0.994773 -0.119939
165 166 71 0.999949 -0.00104443 -0.0100195 0.898211 0.00104012 0.999999 -0.000435744 -0.0112072 0.0100199 0.000425301 0.99995 0.439421
165 167 92 0.999932 0.0113424 -0.00263386 0.651721 -0.0113299 0.999925 0.0047037 -0.226917 0.00268702 -0.00467354 0.999985 -0.723718
165 168 107 0.999907 0.0134708 -0.00204982 0.950104 -0.0134594 0.999894 0.00546306 -0.200189 0.0021232 -0.00543496 0.999983 -0.239221
165 169 716 0.999031 0.0229318 -0.0375727 0.983235 -0.0227311 0.999725 0.00575968 -0.15034 0.0376944 -0.00490003 0.999277 -0.103188
165 170 632 0.999307 0.0295075 -0.0226953 0.987881 -0.0295112 0.999564 0.000173435 -0.0898676 0.0226905 0.00049645 0.999742 0.126552
165 171 658 0.999068 0.0268099 -0.0338396 0.998301 -0.0270298 0.999616 -0.00605778 -0.0521452 0.0336642 0.00696681 0.999409 -0.0259944
165 172 170 0.999422 0.0282336 0.0189254 0.566658 -0.0280238 0.999544 -0.0112592 0.0768674 -0.0192347 0.0107224 0.999757 -0.82036
165 173 439 0.998497 0.0382011 -0.0393056 0.971699 -0.0383125 0.999264 -0.00208436 0.0351905 0.039197 0.00358712 0.999225 -0.233588
165 174 630 0.998434 0.0429992 -0.0357847 0.986355 -0.0427683 0.999059 0.0071921 0.0188237 0.0360603 -0.00565038 0.999334 -0.163553
165 175 286 0.999069 0.0390806 0.0182567 0.77333 -0.0392558 0.999186 0.00933508 0.0145694 -0.017877 -0.0100431 0.99979 -0.633836
165 176 595 0.99802 0.0406219 -0.048018 0.996636 -0.0401395 0.999134 0.0109699 -0.00339898 0.048422 -0.00902078 0.998786 -0.0818798
165 177 413 0.999363 0.0354186 0.00434875 0.989042 -0.035462 0.999317 0.010356 -0.086969 -0.00397899 -0.0105036 0.999937 0.119295
165 178 558 0.998843 0.0237417 -0.0418267 0.99017 -0.023966 0.999701 -0.0048695 0.0644441 0.0416986 0.00586628 0.999113 -0.12414
165 179 458 0.999138 0.0261465 -0.032229 0.979813 -0.0262566 0.999651 -0.00299829 0.0461284 0.0321394 0.00384194 0.999476 -0.194521
180 181 101 0.999957 -0.0033795 0.00866977 -0.948159 0.00337794 0.999994 0.000195325 0.0303622 -0.00867038 -0.00016603 0.999962 -0.316342
180 182 267 0.999961 0.00390246 0.00797967 -0.923443 -0.00393982 0.999981 0.0046711 0.0553758 -0.0079613 -0.00470236 0.999957 -0.379718
180 183 66 0.999936 0.00781174 -0.00816937 0.963885 -0.00775273 0.999944 0.00722962 -0.0444671 0.00822539 -0.00716582 0.99994 0.26258
180 184 121 0.999925 0.0118662 0.00306422 -0.960859 -0.0118857 0.999909 0.0064359 0.0874115 -0.00298757 -0.00647184 0.999975 -0.262887
180 185 365 0.999811 -0.00226966 0.0192894 -0.978402 0.00220517 0.999992 0.00336392 0.0176056 -0.0192969 -0.00332075 0.999808 -0.20596
180 186 93 0.99992 0.00903974 -0.00887738 0.974296 -0.00902903 0.999958 0.001245 -0.0779077 0.00888827 -0.00116475 0.99996 0.211372
180 187 181 0.999969 0.00602902 -0.00499296 -0.924366 -0.00604117 0.999979 -0.00242196 0.0283005 0.00497825 0.00245205 0.999985 -0.380456
180 188 473 0.999723 0.016438 0.0168226 -0.964918 -0.0164112 0.999864 -0.00172963 0.0879614 -0.0168487 0.00145307 0.999857 -0.247379
180 189 531 0.999776 0.00796674 -0.0196078 0.685667 -0.00804574 0.99996 -0.00395335 0.126175 0.0195755 0.00411023 0.9998 -0.716897
180 190 815 0.996601 0.0210279 -0.0796488 0.948131 -0.0218625 0.999715 -0.00962101 0.116789 0.0794238 0.0113296 0.996777 -0.295648
180 191 526 0.998791 0.0150968 -0.0467722 0.871542 -0.0153547 0.999869 -0.00515963 0.135097 0.0466882 0.00587157 0.998892 -0.471342
180 192 394 0.99925 0.0383289 0.00557804 -0.934683 -0.0383596 0.999249 0.0054914 0.107236 -0.00536337 -0.00570125 0.999969 -0.338921
180 193 729 0.984667 0.0106724 -0.17412 0.988 -0.00568088 0.999559 0.0291407 -0.154338 0.174354 -0.0277047 0.984293 0.00593872
180 194 480 0.998241 0.0087899 -0.0586273 0.942509 -0.00880714 0.999961 -3.56472e-05 0.0321365 0.0586247 0.000551923 0.99828 -0.332632
195 196 796 0.999791 0.000310519 0.0204482 -0.970309 -0.000227739 0.999992 -0.00405047 0.214277 -0.0204493 0.00404497 0.999783 -0.112185
195 197 57 0.999945 0.0102638 0.00227071 0.0388469 -0.0102807 0.999919 0.0075233 -0.98483 -0.00219331 -0.00754623 0.999969 -0.169116
195 198 121 0.999841 0.0178099 0.000423509 -0.718334 -0.0178136 0.999773 0.0116874 0.0232278 -0.000215261 -0.0116931 0.999932 -0.695311
195 199 236 0.999388 0.0322264 0.0136064 -0.963413 -0.0323373 0.999445 0.00800858 0.175647 -0.0133408 -0.00844368 0.999875 -0.202444
195 200 668 0.998435 0.0403556 -0.0387131 0.984055 -0.0400519 0.999161 0.00858937 -0.0751357 0.0390273 -0.00702539 0.999213 -0.161212
195 201 269 0.999644 0.025496 0.00785784 -0.0231466 -0.0253 0.999389 -0.0240994 0.958467 -0.00846748 0.023892 0.999679 0.284263
195 202 120 0.999804 0.0183198 0.00748233 0.066305 -0.018075 0.999338 -0.0315708 0.882542 -0.00805575 0.0314294 0.999474 0.465536
195 203 756 0.997583 0.0372526 -0.058655 0.95156 -0.0388043 0.99892 -0.0255404 -0.0525187 0.0576402 0.0277548 0.997952 -0.302944
195 204 167 0.999891 0.0102112 0.0106658 0.0134717 -0.00978251 0.999172 -0.0394971 0.932354 -0.0110603 0.0393884 0.999163 0.361295
195 205 382 0.999446 0.0263881 0.020273 -0.0650099 -0.0252263 0.998136 -0.0555715 0.956924 -0.0217016 0.0550293 0.998249 0.282967
195 206 728 0.994539 0.0434264 -0.0949047 0.987773 -0.0431521 0.999056 0.00494166 -0.0110278 0.0950297 -0.000819341 0.995474 -0.155509
195 207 578 0.997575 0.0487658 -0.0496605 0.960967 -0.048872 0.998805 -0.000926087 0.0340519 0.0495559 0.00335085 0.998766 -0.274561
195 208 643 0.997373 0.0458299 -0.0560922 0.984386 -0.0461583 0.998924 -0.00457262 0.00708717 0.0558222 0.00714972 0.998415 -0.175883
195 209 379 0.999307 0.0369837 -0.0042862 0.967452 -0.037027 0.999259 -0.0105185 0.0314385 0.00389401 0.0106699 0.999935 -0.251093
210 211 68 0.999968 -0.00773082 0.001883 -0.138571 0.00773584 0.999967 -0.00267359 -0.624458 -0.00186227 0.00268807 0.999995 0.768668
210 212 415 0.999761 0.0089906 -0.0199177 0.824631 -0.00871391 0.999865 0.0139352 -0.391092 0.0200403 -0.0137583 0.999705 -0.408694
210 213 167 0.999928 -0.0118629 -0.00178815 -0.714074 0.0118779 0.999892 0.00863086 0.0105674 0.00168557 -0.00865147 0.999961 -0.69999
210 214 134 0.999915 -0.00536617 -0.0118589 -0.80086 0.00550148 0.99992 0.0114074 0.00623454 0.0117967 -0.0114717 0.999865 -0.598819
210 215 128 0.999966 -0.00021142 -0.00828881 -0.958076 0.00032252 0.99991 0.0134046 0.207797 0.00828523 -0.0134068 0.999876 -0.197259
210 216 410 0.99995 0.00358667 0.00933998 -0.898497 -0.00364893 0.999971 0.00665776 0.367485 -0.00931583 -0.00669151 0.999934 0.240123
210 217 116 0.999743 0.00865255 -0.0209419 0.925194 -0.00825049 0.999781 0.0192096 -0.203602 0.0211035 -0.0190319 0.999596 0.320255
210 218 510 0.998652 0.00303606 -0.0518253 0.938143 -0.00157586 0.999601 0.0281932 -0.211181 0.0518903 -0.0280735 0.998258 0.274391
210 219 558 0.987626 -0.0198996 -0.15556 0.954762 0.0292776 0.997874 0.0582286 -0.289607 0.15407 -0.0620625 0.986109 0.0675053
210 220 513 0.967624 -0.016739 -0.251839 0.957123 0.0397129 0.995467 0.0864204 -0.269558 0.249251 -0.0936237 0.963903 0.106087
210 221 451 0.962811 -0.0191621 -0.269495 0.914386 0.0548175 0.990589 0.125409 -0.375276 0.264556 -0.135519 0.954801 0.151877
210 222 374 0.996513 -0.0018387 -0.0834231 0.960552 0.00318614 0.999867 0.0160216 0.107028 0.0833825 -0.0162315 0.996385 -0.256679
210 223 442 0.989629 0.00227339 -0.14363 0.996468 0.000465674 0.999819 0.0190338 0.0539178 0.143647 -0.0189033 0.989448 -0.0643781
210 224 423 0.986292 0.0147992 -0.164342 0.958247 -0.00316408 0.997483 0.0708357 -0.25844 0.164976 -0.0693447 0.983857 0.122358
225 226 55 0.99999 -0.00354428 0.00262775 -0.975705 0.00353846 0.999991 0.0022142 0.213321 -0.00263558 -0.00220488 0.999994 -0.0499307
225 227 152 0.999863 0.00109071 -0.0165371 0.946261 -0.00101061 0.999988 0.00485133 -0.12559 0.0165422 -0.00483395 0.999851 0.298022
225 228 513 0.999741 0.00829759 -0.0211835 0.996862 -0.00822424 0.99996 0.00354727 -0.0791384 0.0212121 -0.00337213 0.999769 0.00166498
225 229 737 0.997031 0.0277968 -0.0718021 0.990746 -0.0270766 0.999573 0.0109835 -0.118991 0.0720768 -0.00900671 0.997358 -0.0652983
225 230 534 0.998858 0.0436967 0.0193403 -0.0464895 -0.0419622 0.99571 -0.0824709 0.969834 -0.022861 0.0815651 0.996406 0.239291
225 231 62 0.997849 -0.0652931 0.00581498 -0.0585395 0.0650055 0.997063 0.0405048 -0.25054 -0.00844258 -0.0400396 0.999162 0.966335
225 232 126 0.999595 0.0170898 -0.0227603 0.242864 -0.0159547 0.998664 0.0491493 -0.065349 0.0235699 -0.0487663 0.998532 0.967857
225 233 234 0.999641 0.013008 -0.0234244 0.246169 -0.0113864 0.997615 0.0680775 -0.193495 0.0242541 -0.0677864 0.997405 0.949716
225 234 209 0.997169 0.0321615 -0.0679722 0.977219 -0.0274661 0.997244 0.0689186 0.010827 0.0700014 -0.0668566 0.995304 0.211955
225 235 390 0.988081 0.0451888 -0.147154 0.995294 -0.0335521 0.99618 0.080623 -0.0755205 0.150235 -0.0747247 0.985822 -0.0607121
225 236 287 0.999942 0.0104718 0.00261358 0.281939 -0.010632 0.99738 0.0715604 -0.149791 -0.00185737 -0.0715841 0.997433 0.947667
225 237 324 0.999943 0.0102718 0.00302062 0.290331 -0.0104609 0.997405 0.0712266 -0.155995 -0.00228116 -0.0712541 0.997456 0.944126
225 238 314 0.999873 0.0141593 0.00731942 0.266758 -0.0145601 0.998213 0.0579581 0.104549 -0.0064857 -0.0580573 0.998292 0.958076
225 239 331 0.999898 0.00283796 0.0139913 0.282824 -0.00364299 0.998319 0.0578521 -0.124438 -0.0138036 -0.0578971 0.998227 0.951065
240 241 198 1 -0.000513328 0.000786953 0.267387 0.000511926 0.999998 0.00178144 -0.222128 -0.000787866 -0.00178104 0.999998 0.937637
240 242 483 0.999799 -0.00231158 0.019894 -0.980712 0.00239294 0.999989 -0.0040669 0.0698775 -0.0198844 0.00411369 0.999794 0.18254
240 243 34 0.999991 -0.00365248 0.00232624 -0.946345 0.00366126 0.999986 -0.00378194 0.148147 -0.00231239 0.00379042 0.99999 -0.287201
240 244 183 0.999994 -0.00263395 -0.00217587 0.940803 0.00261587 0.999962 -0.00826719 -0.22797 0.00219757 0.00826145 0.999963 0.250837
240 245 211 0.999892 -0.0080133 0.0123074 -0.975535 0.00822102 0.999823 -0.0169209 0.0440828 -0.0121696 0.0170202 0.999781 0.21538
240 246 490 0.999916 -0.00574077 -0.0115904 0.890916 0.00553923 0.999834 -0.0173459 0.0439223 0.011688 0.0172802 0.999782 -0.452039
240 247 791 0.998897 0.00209494 -0.0468983 0.975098 -0.00255577 0.999949 -0.00976844 0.0047919 0.0468755 0.00987753 0.998852 -0.221722
240 248 762 0.999367 0.000691058 -0.0355812 0.934437 -0.000991478 0.999964 -0.00842627 0.0846522 0.0355741 0.00845621 0.999331 -0.345921
240 249 518 0.999664 0.00382501 -0.025636 0.818728 -0.0038737 0.999991 -0.00184994 0.0752729 0.0256287 0.00194863 0.99967 -0.569226
240 250 487 0.999461 0.00163916 -0.0327734 0.898951 -0.0015133 0.999991 0.00386473 0.108756 0.0327794 -0.00381306 0.999455 -0.424334
240 251 495 0.999491 -5.50072e-06 -0.0319145 0.913138 0.000399616 0.999924 0.0123427 0.120984 0.031912 -0.0123492 0.999414 -0.389283
240 252 704 0.998657 0.0154709 -0.0494504 0.94879 -0.0145033 0.999697 0.0198663 0.0663059 0.0497428 -0.0191224 0.998579 -0.30887
240 253 621 0.998432 0.0224608 -0.051267 0.94977 -0.0214764 0.999576 0.0196721 0.0618985 0.0516871 -0.0185403 0.998491 -0.306767
240 254 536 0.999085 0.0244138 -0.0351118 0.856832 -0.0238141 0.999565 0.0173972 0.121248 0.0355213 -0.0165452 0.999232 -0.501136
255 256 781 0.999683 0.0144836 -0.020581 0.813511 -0.0140468 0.999676 0.0212121 -0.406707 0.0208815 -0.0209163 0.999563 -0.415681
255 257 571 0.999606 0.0220229 -0.0174173 0.994264 -0.0217262 0.999619 0.0170476 -0.103206 0.017786 -0.0166624 0.999703 -0.0280804
255 258 515 0.999031 0.0384995 -0.021328 0.976836 -0.0382018 0.999169 0.0141944 -0.210576 0.0218568 -0.0133659 0.999672 0.0380666
255 259 248 0.998623 0.052454 -0.00114423 0.980232 -0.0524554 0.998623 -0.00122569 -0.0699357 0.00107837 0.00128402 0.999999 0.185078
255 260 285 0.9984 0.0551445 0.0125034 0.854048 -0.0549661 0.998387 -0.0141891 0.0282559 -0.0132657 0.0134792 0.999821 -0.519426
255 261 624 0.998178 0.0601942 -0.00422866 0.788707 -0.0602489 0.998081 -0.0143056 -0.0593984 0.00335943 0.0145343 0.999889 -0.611894
255 262 587 0.997548 0.0665713 -0.0216009 0.906852 -0.0667585 0.997737 -0.00806374 0.00446417 0.0210152 0.00948601 0.999734 -0.421425
255 263 538 0.997324 0.0698719 -0.0214979 0.95654 -0.0699398 0.997548 -0.00242123 0.0351859 0.021276 0.00391831 0.999766 -0.28947
255 264 386 0.997791 0.063078 -0.0208529 0.847893 -0.063097 0.998007 -0.00025045 0.0267154 0.0207956 0.00156565 0.999783 -0.529494
255 265 623 0.996748 0.0683445 -0.0426869 0.919049 -0.0682595 0.997662 0.00344581 0.0321303 0.0428226 -0.000520815 0.999083 -0.392831
255 266 563 0.996599 0.0679648 -0.0466067 0.965838 -0.0679038 0.997688 0.00289186 -0.00820701 0.0466954 0.000282745 0.998909 -0.259018
255 267 416 0.996479 0.0690549 -0.0475577 0.977092 -0.0694436 0.997564 -0.00656954 0.0231506 0.0469882 0.00984899 0.998847 -0.211553
255 268 382 0.997086 0.0628667 -0.0432207 0.907704 -0.0636155 0.997843 -0.0161717 0.0591935 0.0421108 0.0188741 0.998935 -0.415414
255 269 440 0.99408 0.0622465 -0.0890502 0.977428 -0.0640947 0.997781 -0.0180452 -0.0222094 0.0877293 0.023646 0.995864 -0.210096
270 271 153 0.999999 0.0013038 -0.000894156 0.337035 -0.00130425 0.999999 -0.000508781 -0.240265 0.000893492 0.000509947 0.999999 0.910319
270 272 74 0.999944 0.00786286 -0.00704647 -0.640858 -0.00785519 0.999969 0.001116 0.203591 0.00705502 -0.00106059 0.999975 -0.74017
270 273 58 0.999859 0.00691771 -0.0152976 0.89239 -0.00691382 0.999976 0.000307372 -0.137037 0.0152993 -0.000201564 0.999883 0.429955
270 274 156 0.999917 0.00378851 -0.0122842 -0.892258 -0.00381046 0.999991 -0.00176371 0.0846296 0.0122774 0.00181037 0.999923 -0.443524
270 275 90 0.999787 0.00838727 -0.0188497 -0.929431 -0.00835404 0.999963 0.00184084 -0.0108852 0.0188644 -0.00168297 0.999821 -0.368836
270 276 218 0.999748 0.00431311 -0.0220424 -0.998629 -0.00437337 0.999987 -0.0026864 0.0250277 0.0220305 0.00278212 0.999753 -0.0459661
270 277 528 0.9999 0.00659912 -0.01253 -0.978833 -0.00664495 0.999971 -0.00361982 -0.0143033 0.0125058 0.00370272 0.999915 -0.204158
270 278 573 0.996423 0.02452 -0.0808697 0.894205 -0.0244736 0.999699 0.0015649 0.10415 0.0808838 0.000419868 0.996723 -0.435374
270 279 369 0.999223 0.0171746 -0.0354845 -0.840974 -0.0169241 0.99983 0.00734824 0.134919 0.0356047 -0.00674199 0.999343 -0.523985
270 280 133 0.998056 0.0185588 -0.0595041 0.923097 -0.0182411 0.999816 0.00587807 0.107206 0.0596023 -0.00478122 0.998211 -0.369322
270 281 637 0.993799 0.0303263 -0.106974 0.975706 -0.029535 0.999523 0.00897334 0.0224185 0.107195 -0.00575821 0.994221 -0.217936
270 282 574 0.993897 0.0331012 -0.105232 0.94032 -0.0325868 0.999447 0.00660417 0.184387 0.105392 -0.0031347 0.994426 -0.286006
270 283 316 0.995555 0.0239901 -0.0910806 0.869242 -0.0238745 0.999712 0.00235851 0.131449 0.0911109 -0.000173525 0.995841 -0.476592
270 284 521 0.991594 0.028286 -0.126259 0.949058 -0.0282099 0.999599 0.00239125 0.0620139 0.126276 0.0011906 0.991994 -0.308938
285 286 23 0.999964 -0.00761074 -0.00387833 -0.991472 0.00759574 0.999964 -0.00386782 -0.012464 0.00390763 0.00383822 0.999985 0.129726
285 287 244 0.99999 0.00130107 -0.00420482 0.0993129 -0.00129951 0.999999 0.000372188 0.131969 0.0042053 -0.00036672 0.999991 -0.986266
285 288 488 0.999617 0.00619398 -0.0269821 0.666947 -0.0059924 0.999954 0.00754551 0.171254 0.0270276 -0.00738093 0.999607 -0.725158
285 289 285 0.999896 -0.00523983 -0.0134348 0.250074 0.00551644 0.999772 0.0206354 -0.21352 0.0133236 -0.0207073 0.999697 0.94439
285 290 385 0.999923 -0.00613448 -0.0107923 -0.890041 0.00647656 0.999468 0.0319519 -0.103151 0.0105905 -0.0320193 0.999431 -0.444057
285 291 552 0.994795 0.0208135 -0.0997476 0.903952 -0.018146 0.999455 0.0275753 0.202707 0.100267 -0.0256218 0.994631 -0.376538
285 292 485 0.997823 0.0224446 -0.0620109 0.990522 -0.0197729 0.998863 0.043368 0.0970548 0.0629138 -0.0420475 0.997133 0.0971948
285 293 407 0.997596 0.0230349 -0.0653527 0.871442 -0.0201097 0.998781 0.0450708 0.225396 0.0663112 -0.0436483 0.996844 -0.435643
285 294 301 0.997291 0.0213943 -0.0703832 0.845734 -0.0179873 0.998652 0.0486896 0.18074 0.07133 -0.0472916 0.996331 -0.502062
285 295 521 0.992188 0.0386307 -0.118621 0.948697 -0.0336063 0.998463 0.0440694 0.155471 0.120141 -0.0397387 0.991961 -0.275322
285 296 404 0.992245 0.0420061 -0.116981 0.970335 -0.0366865 0.998209 0.0472631 0.0848052 0.118757 -0.042605 0.992009 -0.226404
285 297 468 0.991444 0.0532079 -0.119199 0.918938 -0.0470034 0.997419 0.0542736 0.112401 0.121779 -0.0482065 0.991386 -0.378047
285 298 416 0.991484 0.0574995 -0.11685 0.93301 -0.0515691 0.997254 0.0531597 0.118996 0.119586 -0.0466811 0.991726 -0.339607
285 299 313 0.986122 0.0729969 -0.149114 0.949708 -0.0664185 0.996606 0.0486367 0.144661 0.152158 -0.0380578 0.987623 -0.277719
300 301 23 0.999983 -0.00201692 -0.00549756 -0.961862 0.00204757 0.999982 0.00557493 -0.231038 0.00548622 -0.00558609 0.999969 0.146436
300 302 49 0.999967 -0.00511413 -0.00625883 -0.915865 0.00517197 0.999944 0.00925911 0.0623916 0.00621113 -0.00929118 0.999938 -0.396608
300 303 536 0.999452 0.00606079 -0.0325555 0.995452 -0.00571469 0.999926 0.0107138 0.0781693 0.032618 -0.0105219 0.999413 0.054444
300 304 582 0.999266 0.0172809 -0.0341762 0.98889 -0.0168987 0.999792 0.0114402 0.0327271 0.0343668 -0.0108543 0.99935 0.145003
300 305 223 0.999629 0.0218365 -0.0163032 0.982394 -0.0216651 0.999709 0.0106171 -0.0534948 0.0165303 -0.0102599 0.999811 0.178997
300 306 487 0.999118 0.0265022 -0.032567 0.872731 -0.0263625 0.999641 0.0047097 -0.13248 0.0326801 -0.003847 0.999458 0.469883
300 307 721 0.997029 0.035035 -0.0685994 0.998952 -0.0355106 0.999353 -0.00572509 -0.0132953 0.0683544 0.00814408 0.997628 -0.0437864
300 308 251 0.999163 0.034579 -0.0218465 0.99617 -0.0348546 0.999316 -0.0123646 -0.017709 0.021404 0.0131157 0.999685 0.0856205
300 309 249 0.999313 0.0313814 -0.0197016 0.999797 -0.0317584 0.999313 -0.0191247 0.0138555 0.0190879 0.0197372 0.999623 0.0146049
300 310 678 0.997711 0.0305352 -0.0603321 0.995227 -0.0324217 0.999008 -0.0305412 0.0444139 0.0593397 0.0324274 0.997711 -0.0868989
300 311 600 0.998933 0.0187567 -0.042204 0.998811 -0.0203062 0.999124 -0.0365921 -0.0240848 0.0414806 0.03741 0.998439 -0.0423769
300 312 271 0.999784 0.00778957 -0.0192745 0.962198 -0.00861755 0.999027 -0.043254 0.0591942 0.0189188 0.0434107 0.998878 -0.26584
300 313 594 0.999172 0.00457929 -0.040435 0.987552 -0.00651647 0.998831 -0.0479074 0.0917046 0.0401683 0.0481312 0.998033 -0.127796
300 314 487 0.999447 -0.00398543 -0.0330119 0.999373 0.00225582 0.998631 -0.052266 0.006579 0.033175 0.0521626 0.998087 -0.0347947
315 316 159 0.999973 -0.00448718 0.0058711 -0.0835255 0.0044891 0.99999 -0.000314627 0.255582 -0.00586963 0.000340974 0.999983 -0.963172
315 317 93 0.999988 -0.00485712 -0.000567571 0.900957 0.0048568 0.999988 -0.000555006 0.319439 0.000570259 0.000552243 1 -0.29366
315 318 260 0.99993 -0.00556619 0.0104071 0.306052 0.0054982 0.999963 0.0065506 0.248388 -0.0104432 -0.00649292 0.999924 -0.919041
315 319 439 0.999993 -0.00168 0.00343694 0.785447 0.00165167 0.999965 0.00823027 0.3131 -0.00345064 -0.00822454 0.99996 -0.533892
315 320 290 0.99993 0.00182682 0.0116884 0.743928 -0.00199164 0.999899 0.0141056 0.136464 -0.0116614 -0.0141279 0.999832 -0.654178
315 321 972 0.999927 0.0115779 -0.00350959 0.917097 -0.01157 0.999931 0.00225714 0.355358 0.00353548 -0.00221637 0.999991 -0.180705
315 322 188 0.99942 0.00540847 0.033623 0.883117 -0.00581184 0.999912 0.0119108 -0.122232 -0.0335556 -0.0120993 0.999364 0.452951
315 323 361 0.999613 0.0110602 0.0255378 0.790533 -0.0113243 0.999884 0.0102207 0.242564 -0.0254217 -0.010506 0.999622 -0.562334
315 324 358 0.999635 0.0114878 0.0244605 0.731209 -0.0117509 0.999874 0.0106411 0.215397 -0.0243351 -0.0109247 0.999644 -0.647254
315 325 484 0.998986 0.00626745 0.0445915 -0.912478 -0.00718014 0.999767 0.0203372 -0.164453 -0.0444537 -0.0206368 0.998798 -0.374618
