0 1 92 0.99999 0.00169163 -0.00405666 0.066621 -0.00167931 0.999994 0.00303747 -0.156369 0.00406177 -0.00303063 0.999987 0.985449
0 2 31 0.99996 0.00711355 -0.0054193 0.92514 -0.0070862 0.999962 0.00504956 0.157942 0.00545502 -0.00501096 0.999973 -0.34521
0 3 135 0.999883 0.0121685 -0.00926038 0.941106 -0.0120807 0.999882 0.00948304 -0.103184 0.00937468 -0.00937006 0.999912 -0.321983
0 4 70 0.999938 0.0111012 0.00130569 0.688843 -0.0111128 0.999895 0.00928418 -0.0149284 -0.00120249 -0.00929811 0.999956 0.724756
0 5 230 0.99986 0.0114766 -0.0121485 0.922817 -0.0114315 0.999928 0.00376891 0.0243288 0.0121909 -0.00362951 0.999919 0.384469
0 6 66 0.999954 0.00961065 0.000576775 -0.845208 -0.00960893 0.99995 -0.00292102 0.0111845 -0.000604818 0.00291534 0.999996 0.534321
0 7 290 0.999917 0.0116482 -0.00548154 0.59316 -0.0116957 0.999894 -0.00872339 -0.027081 0.00537935 0.00878678 0.999947 0.804629
0 8 92 0.999932 0.00548573 0.0103115 -0.994231 -0.00534577 0.999894 -0.0135522 0.0748693 -0.0103847 0.0134961 0.999855 0.0768124
0 9 334 0.9997 0.0019989 -0.0244183 0.978895 -0.00229789 0.999923 -0.0122226 -0.158958 0.024392 0.0122751 0.999627 0.128444
0 10 330 0.999635 -0.00303323 -0.0268384 0.990856 0.00262765 0.999882 -0.0151342 -0.0203904 0.0268811 0.0150582 0.999525 0.133371
0 11 234 0.999849 0.002322 -0.01723 0.978843 -0.00261065 0.999856 -0.016749 0.0323017 0.0171887 0.0167914 0.999711 -0.202046
0 12 179 0.999991 0.00265686 -0.00329846 0.98049 -0.00271058 0.999862 -0.0163905 0.0122226 0.00325446 0.0163993 0.99986 0.196191
0 13 156 0.999995 0.00247771 -0.0017746 0.992687 -0.0025099 0.999828 -0.0183705 0.0154701 0.00172878 0.0183749 0.99983 -0.11972
0 14 370 0.99965 0.00586865 -0.0257861 0.982844 -0.00631597 0.99983 -0.0173003 -0.0470941 0.0256802 0.0174571 0.999518 -0.178326
15 16 32 0.999981 -0.00611836 -0.000159586 0.923516 0.00611821 0.999981 -0.000960014 0.156793 0.000165457 0.00095902 1 -0.350049
15 17 62 0.99993 -0.0104239 -0.00558346 0.777692 0.0104076 0.999941 -0.00295085 0.151936 0.00561389 0.00289253 0.99998 -0.610009
15 18 86 0.999837 -0.0159715 -0.00843473 0.699398 0.0159532 0.99987 -0.00223088 0.106462 0.00846927 0.00209596 0.999962 -0.706759
15 19 84 0.999896 -0.0127716 -0.00672715 0.783541 0.012783 0.999917 0.00166171 0.174429 0.00670537 -0.00174753 0.999976 -0.596354
15 20 326 0.999781 -0.014096 0.0154962 -0.948598 0.014021 0.99989 0.0049353 -0.0958365 -0.015564 -0.00471694 0.999868 -0.301624
15 21 656 0.999749 -0.00927441 -0.020393 0.868807 0.00904262 0.999894 -0.0114288 0.136291 0.0204968 0.0112415 0.999727 -0.476024
15 22 317 0.999861 -0.00660409 -0.0152822 0.985086 0.00645222 0.99993 -0.00996553 0.149287 0.015347 0.00986554 0.999834 -0.0855552
15 23 167 0.999986 -0.0033139 -0.00423517 0.9965 0.00325569 0.999901 -0.0136765 0.0752625 0.00428008 0.0136625 0.999898 -0.0363866
15 24 205 0.999974 0.000438607 -0.00722081 0.957596 -0.000607836 0.999725 -0.0234509 0.110197 0.00720853 0.0234546 0.999699 -0.266208
15 25 399 0.999439 -0.000655502 -0.0334964 0.884768 -0.00045815 0.999448 -0.0332284 0.108582 0.0334997 0.0332251 0.998886 -0.453206
15 26 436 0.999237 0.00620243 -0.0385719 0.841473 -0.0075368 0.999375 -0.0345456 0.127099 0.0383335 0.03481 0.998659 -0.525137
15 27 748 0.998686 0.011985 -0.0498264 0.871517 -0.0134263 0.999498 -0.028694 0.0540255 0.0494575 0.0293253 0.998346 -0.48738
15 28 632 0.998357 0.0191313 -0.05401 0.938798 -0.0207274 0.99936 -0.0291469 0.101718 0.0534178 0.0302185 0.998115 -0.329106
15 29 559 0.996516 0.0263777 -0.0791265 0.926621 -0.0288516 0.999125 -0.0302868 0.116572 0.0782584 0.0324642 0.996404 -0.357469
30 31 45 0.999915 0.0108693 0.00724071 -0.79669 -0.0109039 0.999929 0.00476146 0.0468616 -0.00718844 -0.00484001 0.999962 -0.602569
30 32 68 0.999759 0.0153624 0.0156968 -0.818129 -0.0154379 0.99987 0.00470252 -0.160855 -0.0156225 -0.00494371 0.999866 0.552079
30 33 327 0.999775 0.00493975 0.0206178 -0.996256 -0.00500057 0.999983 0.00289967 -0.0428843 -0.0206031 -0.00300212 0.999783 0.0750667
30 34 216 0.999986 0.00170453 0.00509128 -0.974445 -0.00171915 0.999994 0.00286909 -0.0893337 -0.00508636 -0.0028778 0.999983 0.206097
30 35 62 0.999973 0.00358304 -0.00636444 0.88496 -0.00355711 0.999985 0.00408059 0.19577 0.00637897 -0.00405784 0.999971 -0.422517
30 36 164 0.999997 -0.00181997 0.00154835 -0.984783 0.00181777 0.999997 0.00142094 -0.0830186 -0.00155093 -0.00141812 0.999998 0.152677
30 37 331 0.999301 0.00680821 -0.0367699 0.954094 -0.00676054 0.999976 0.0014204 0.12523 0.0367787 -0.00117082 0.999323 -0.272071
30 38 619 0.999039 0.0156431 -0.0409353 0.917045 -0.0153906 0.999861 0.00647577 0.065431 0.0410309 -0.00583953 0.999141 -0.393379
30 39 247 0.999648 0.0178462 -0.0196525 0.866875 -0.0176504 0.999793 0.0100884 0.150347 0.0198285 -0.00973792 0.999756 -0.475313
30 40 244 0.999729 0.0131198 -0.0192383 0.928762 -0.0128611 0.999826 0.0135061 0.135233 0.0194121 -0.013255 0.999724 -0.345128
30 41 230 0.999722 0.00201224 -0.0234881 0.877607 -0.00152629 0.999785 0.0206884 0.138275 0.0235247 -0.0206468 0.99951 -0.459005
30 42 282 0.999113 0.00330142 -0.0419693 0.993593 -0.00251846 0.999822 0.0186947 0.0778769 0.0420235 -0.0185724 0.998944 -0.0819053
30 43 265 0.999284 0.00193959 -0.0377837 0.939792 -0.00138134 0.99989 0.0147952 0.135201 0.0378082 -0.0147325 0.999176 -0.313866
30 44 323 0.997772 0.0146486 -0.0650949 0.887343 -0.0135185 0.999751 0.0177663 0.231857 0.0653389 -0.0168467 0.997721 -0.398579
45 46 56 0.999975 0.00414738 0.005741 -0.778526 -0.0041555 0.99999 0.00140369 0.0994271 -0.00573512 -0.00142751 0.999983 0.619687
45 47 505 0.999902 0.0116439 -0.00771503 0.876782 -0.0116704 0.999926 -0.0033941 0.100034 0.00767494 0.00348381 0.999964 0.470368
45 48 71 0.999995 0.00143286 0.00279842 -0.807348 -0.00141726 0.999983 -0.00556934 -0.04559 -0.00280635 0.00556535 0.999981 0.588312
45 49 484 0.999432 0.00627681 -0.0331132 0.946198 -0.00613094 0.999971 0.00450489 0.0514979 0.0331405 -0.00429931 0.999441 -0.319463
45 50 581 0.9991 0.0169375 -0.0388833 0.961436 -0.0164931 0.999795 0.0117218 -0.0116295 0.0390738 -0.01107 0.999175 0.274784
45 51 397 0.99881 0.0182573 0.045225 -0.988485 -0.017742 0.999773 -0.0117693 0.142499 -0.0454296 0.0109529 0.998907 -0.0509135
45 52 146 0.999247 0.034608 -0.0175157 0.931952 -0.0349692 0.999173 -0.0207511 0.114657 0.016783 0.021348 0.999631 -0.343977
45 53 210 0.999355 0.0350584 -0.00775029 -0.897672 -0.0351785 0.999254 -0.0159563 -0.0902274 0.0071851 0.0162187 0.999843 0.431329
45 54 449 0.997293 0.0543494 -0.0495255 0.991963 -0.0546086 0.9985 -0.00389598 0.0379383 0.0492395 0.00658995 0.998765 -0.12071
45 55 348 0.997769 0.0602207 -0.0288291 0.988004 -0.0601303 0.998183 0.00399489 0.0660822 0.0290173 -0.00225247 0.999576 -0.139577
45 56 437 0.997183 0.0513235 -0.0547022 0.999074 -0.0505217 0.998596 0.0159417 -0.0222407 0.0554436 -0.0131332 0.998375 -0.0368186
45 57 413 0.996871 0.0522565 -0.0593122 0.992019 -0.051502 0.998572 0.0141788 0.0134586 0.0599684 -0.0110797 0.998139 0.125369
45 58 566 0.995866 0.0545065 -0.0726627 0.989365 -0.054042 0.998504 0.00834515 0.00393633 0.0730088 -0.00438382 0.997322 0.145403
45 59 431 0.996922 0.0523178 -0.0583977 0.999132 -0.0521237 0.998629 0.00484314 0.0237914 0.058571 -0.00178433 0.998282 0.0341996
60 61 51 0.999999 0.00147732 0.000811383 0.998462 -0.00148037 0.999992 0.00377395 0.0112623 -0.000805801 -0.00377515 0.999993 -0.0542919
60 62 172 0.999992 0.00309644 -0.00242834 0.878963 -0.00309019 0.999992 0.00257231 -0.0956416 0.00243628 -0.00256479 0.999994 0.467201
60 63 330 0.999942 -0.00277701 -0.0103963 0.98791 0.00273535 0.999988 -0.00401892 0.154008 0.0104073 0.00399025 0.999938 0.0177584
60 64 455 0.999909 -0.00536617 -0.0123772 0.967234 0.00533096 0.999982 -0.00287603 0.0631357 0.0123924 0.00280979 0.999919 -0.245913
60 65 675 0.999823 -0.00502348 -0.0181313 0.995517 0.00492454 0.999973 -0.00549761 0.01603 0.0181584 0.00540735 0.999821 -0.0932155
60 66 496 0.999817 -0.0110706 -0.0156263 0.999754 0.0109179 0.999892 -0.00982668 0.00829207 0.0157334 0.00965427 0.99983 -0.0205826
60 67 356 0.999783 -0.015839 -0.0135069 0.985527 0.0156911 0.999817 -0.0109823 0.016077 0.0136784 0.010768 0.999848 -0.168757
60 68 442 0.999842 -0.0114099 -0.0136171 0.975118 0.011234 0.999853 -0.0129281 0.0119929 0.0137626 0.0127731 0.999824 -0.221362
60 69 410 0.999813 -0.00993898 -0.0166179 0.908743 0.00966982 0.999822 -0.0161995 0.0822928 0.016776 0.0160358 0.999731 -0.409163
60 70 719 0.99938 -0.00835763 -0.0341953 0.936413 0.00791003 0.999882 -0.0132041 0.104358 0.0343016 0.0129254 0.999328 -0.335023
60 71 649 0.999285 -0.00928926 -0.0366401 0.976934 0.00898509 0.999924 -0.00845765 0.0872801 0.0367159 0.00812239 0.999293 -0.19489
60 72 730 0.999089 -0.00596572 -0.0422588 0.959348 0.00560199 0.999946 -0.00872047 0.0308352 0.0423085 0.00847579 0.999069 -0.280536
60 73 675 0.99894 -0.00170633 -0.0459891 0.941046 0.00116143 0.999929 -0.0118726 0.0788991 0.046006 0.0118067 0.998871 -0.328949
60 74 523 0.99877 0.000290237 -0.0495793 0.975056 -0.00070683 0.999965 -0.00838524 0.0331516 0.0495751 0.00840997 0.998735 -0.219468
75 76 91 0.999998 0.00176348 -0.00091137 0.780457 -0.00176253 0.999998 0.00104943 0.0469399 0.000913219 -0.00104782 0.999999 -0.623445
75 77 99 0.99998 0.00316472 -0.00550187 0.976252 -0.00316046 0.999995 0.000783346 0.0914297 0.00550432 -0.000765942 0.999985 -0.196398
75 78 321 0.999861 0.00679847 -0.0151964 0.957942 -0.00682868 0.999975 -0.001937 0.0844437 0.0151829 0.00204051 0.999883 -0.274258
75 79 328 0.999852 0.0114942 -0.0128397 0.897722 -0.0115559 0.999922 -0.00474781 0.0838702 0.0127842 0.00489548 0.999906 -0.432505
75 80 671 0.999461 0.0214454 -0.0248505 0.968855 -0.0217064 0.999712 -0.0102813 0.069762 0.0246228 0.0108151 0.999638 -0.237599
75 81 524 0.999494 0.0196565 -0.0250179 0.861755 -0.0200125 0.999701 -0.0140604 0.0782943 0.024734 0.0145539 0.999588 -0.501247
75 82 661 0.999195 0.0179722 -0.0358592 0.769467 -0.0184861 0.99973 -0.0140522 0.131757 0.035597 0.0147038 0.999258 -0.624948
75 83 860 0.9984 0.0260384 -0.0502002 0.932417 -0.026776 0.999542 -0.0140779 0.146995 0.0498107 0.0153995 0.99864 -0.330138
75 84 655 0.998252 0.0341903 -0.0482011 0.876025 -0.0347306 0.999342 -0.0104162 0.132655 0.0478132 0.012072 0.998783 -0.463662
75 85 286 0.99985 0.0167948 0.00413637 0.1743 -0.0167938 0.999859 -0.000264449 0.247859 -0.00414023 0.000194944 0.999991 -0.952988
75 86 362 0.998859 0.0393924 -0.0270068 0.607992 -0.0388351 0.999028 0.0208574 0.075686 0.0278022 -0.0197848 0.999418 -0.790327
75 87 684 0.997887 0.0494573 -0.0421351 0.93331 -0.0483421 0.998463 0.0270883 0.204283 0.0434101 -0.0249941 0.998745 -0.295297
75 88 458 0.998466 0.0468391 -0.0295416 0.891271 -0.0459133 0.998456 0.0312742 0.213697 0.0309608 -0.0298698 0.999074 -0.399961
75 89 527 0.998189 0.0459085 -0.0388811 0.952767 -0.0449379 0.998665 0.0254801 0.28397 0.039999 -0.0236867 0.998919 -0.107685
90 91 139 0.999867 -0.015792 -0.00416029 0.179395 0.015751 0.999829 -0.00970612 0.639416 0.00431286 0.0096393 0.999944 -0.747639
90 92 261 0.999883 -0.012819 -0.00831454 0.167932 0.0127926 0.999913 -0.00321854 0.37552 0.00835508 0.0031118 0.99996 -0.911473
90 93 330 0.999903 -0.0115117 -0.00790293 0.166878 0.0115385 0.999928 0.00334805 0.262782 0.00786382 -0.00343891 0.999963 -0.950314
90 94 275 0.999918 -0.0114683 -0.00570714 0.174702 0.0114936 0.999924 0.00443715 0.210227 0.00565582 -0.00450238 0.999974 -0.961917
90 95 397 0.999467 -0.0101559 -0.0310299 0.867513 0.0101359 0.999948 -0.00080184 0.202263 0.0310364 0.000486897 0.999518 -0.454434
90 96 577 0.998712 -0.0101928 -0.0496982 0.91758 0.0101972 0.999948 -0.000165273 -0.0204299 0.0496973 -0.000341722 0.998764 -0.397025
90 97 530 0.998663 -0.0109171 -0.0505316 0.903892 0.0107004 0.999932 -0.00455673 0.0197256 0.0505779 0.00400993 0.998712 -0.427306
90 98 552 0.998474 -0.0103174 -0.0542508 0.889496 0.00985054 0.999912 -0.00886512 0.0611491 0.0543375 0.00831719 0.998488 -0.452833
90 99 489 0.997499 -0.0143586 -0.0692118 0.847282 0.0139379 0.999881 -0.00655771 -0.00659899 0.0692977 0.00557664 0.99758 -0.531102
90 100 498 0.996944 -0.0120375 -0.0771888 0.913155 0.0112211 0.999877 -0.011002 0.131226 0.0773117 0.0101022 0.996956 -0.385911
90 101 530 0.996455 -0.00891263 -0.0836541 0.944453 0.00797731 0.999902 -0.0115084 0.140113 0.0837485 0.0108002 0.996428 -0.297283
90 102 552 0.996974 -0.000379117 -0.0777302 0.952092 0.000119369 0.999994 -0.00334628 0.024468 0.077731 0.00332688 0.996969 -0.304831
90 103 462 0.996139 0.00308258 -0.0877332 0.948178 -0.0035152 0.999982 -0.00477695 -0.00182743 0.0877169 0.0050669 0.996133 -0.317736
90 104 514 0.994603 0.00762652 -0.103472 0.974963 -0.0086685 0.999916 -0.00962427 0.032753 0.10339 0.0104693 0.994586 -0.219941
105 106 150 0.999945 0.0103108 -0.00214275 0.425547 -0.0103074 0.999946 0.00159581 -0.283718 0.00215909 -0.00157364 0.999996 -0.85931
105 107 269 0.99979 0.0147634 -0.0142059 0.992025 -0.0147888 0.999889 -0.00168425 0.0180977 0.0141795 0.00189399 0.999898 -0.124731
105 108 628 0.998684 0.0296541 -0.0418431 0.999445 -0.0301263 0.999489 -0.0106997 0.0303293 0.0415045 0.0119462 0.999067 0.0137936
105 109 454 0.998875 0.0429996 -0.0199778 0.976213 -0.0432523 0.998987 -0.0123971 -0.0710022 0.0194245 0.0132472 0.999724 -0.204859
105 110 455 0.998469 0.0521354 -0.0184656 0.908791 -0.0524799 0.998447 -0.0186895 0.0276687 0.0174625 0.01963 0.999655 -0.416333
105 111 497 0.997453 0.0573953 -0.0423389 0.960548 -0.0580024 0.998228 -0.0132516 -0.0418161 0.0415033 0.0156737 0.999015 -0.274954
105 112 445 0.997796 0.0583506 -0.0316108 0.944367 -0.0586288 0.998248 -0.00794642 -0.0278367 0.0310917 0.0097822 0.999469 -0.327712
105 113 440 0.997637 0.0615017 -0.0306147 0.927568 -0.061741 0.998068 -0.00693168 -0.012542 0.0301293 0.00880549 0.999507 -0.373444
105 114 409 0.997979 0.056296 -0.0294785 0.958744 -0.0564811 0.998389 -0.00548185 0.00916118 0.0291223 0.00713575 0.99955 -0.284122
105 115 133 0.999104 0.0344543 0.0245824 -0.0537623 -0.0344163 0.999406 -0.00196766 -0.953618 -0.0246356 0.00111986 0.999696 -0.296178
105 116 210 0.998959 0.0382838 0.0247999 -0.0748949 -0.037882 0.999146 -0.0164757 -0.974155 -0.0254095 0.0155191 0.999557 -0.213104
105 117 179 0.998963 0.0396076 0.0224537 -0.0710704 -0.0387021 0.998473 -0.039421 -0.964681 -0.0239807 0.0385111 0.99897 -0.253651
105 118 340 0.995621 0.0748165 -0.0560453 0.986124 -0.0789262 0.994047 -0.0751079 -0.0435521 0.0500923 0.0792025 0.995599 -0.160198
105 119 419 0.993357 0.0838735 -0.0787866 0.993139 -0.0895742 0.993385 -0.0718451 -0.0329745 0.0722395 0.0784251 0.994299 -0.112192
120 121 173 0.999878 0.0155503 -0.00120637 0.842579 -0.0155464 0.999874 0.0031887 0.102219 0.0012558 -0.00316955 0.999994 -0.528783
120 122 171 0.999293 0.0196378 0.0320747 -0.987105 -0.0200675 0.999712 0.0131294 0.0253358 -0.0318077 -0.0137638 0.999399 0.158054
120 123 344 0.998947 0.0124472 0.044164 -0.952832 -0.0130439 0.999827 0.0132496 0.113772 -0.0439914 -0.0138118 0.998936 0.281368
120 124 227 0.998652 0.0103165 0.0508632 -0.989806 -0.0116379 0.999601 0.0257513 0.0590334 -0.0505772 -0.0263086 0.998374 0.129612
120 125 346 0.999934 0.0107946 -0.0039493 0.986833 -0.0106216 0.999083 0.0414776 -0.0773991 0.00439341 -0.0414329 0.999132 0.142025
120 126 359 0.999173 -0.021914 0.0342575 -0.71863 0.0203066 0.998708 0.0465837 -0.138678 -0.0352341 -0.0458495 0.998327 0.681424
120 127 311 0.999395 -0.0325003 -0.0123946 0.566999 0.0330238 0.998456 0.0446681 -0.201437 0.0109237 -0.0450504 0.998925 0.798708
120 128 375 0.999094 -0.0415987 -0.00896756 0.554061 0.0419608 0.99811 0.0449068 -0.234751 0.00708254 -0.0452424 0.998951 0.798692
120 129 426 0.996492 -0.0544569 0.0635471 -0.65568 0.0523265 0.998026 0.0347219 -0.0756139 -0.0653125 -0.0312749 0.997375 0.751243
120 130 346 0.9993 -0.0370939 -0.00478192 0.726431 0.0372498 0.998576 0.0381986 -0.129175 0.00335818 -0.03835 0.999259 0.674991
120 131 377 0.998443 -0.0523426 -0.0192651 0.708902 0.0532657 0.997276 0.051016 -0.191018 0.0165423 -0.0519627 0.998512 0.678948
120 132 338 0.997514 -0.0527579 -0.0467265 0.780783 0.0554205 0.996797 0.0576502 -0.162274 0.0435353 -0.0600964 0.997243 0.603361
120 133 329 0.997107 -0.055091 -0.0523696 0.707924 0.0583411 0.996326 0.0627041 -0.18266 0.0487227 -0.065578 0.996657 0.682261
120 134 371 0.996507 -0.0511112 -0.0660434 0.734698 0.0553161 0.996448 0.0634915 -0.0773482 0.0625637 -0.066923 0.995795 0.67397
135 136 111 0.999972 0.00187335 -0.00718623 0.244931 -0.00192402 0.999973 -0.00705083 0.307619 0.00717283 0.00706446 0.999949 0.919445
135 137 57 0.999863 0.00121107 -0.0165111 0.994469 -0.00145643 0.999889 -0.0148565 0.00211755 0.0164913 0.0148785 0.999753 0.10501
135 138 408 0.998472 0.00824752 -0.0546472 0.965287 -0.00940997 0.999734 -0.0210489 0.0374617 0.0544591 0.0215309 0.998284 -0.258493
135 139 91 0.999604 0.00279565 -0.0279891 -0.780236 -0.00348211 0.999694 -0.0245074 0.0921662 0.027912 0.0245952 0.999308 -0.618658
135 140 72 0.999538 0.000525475 -0.0304038 -0.88469 -0.00148656 0.9995 -0.0315968 -0.0612486 0.0303719 0.0316274 0.999038 0.462138
135 141 439 0.994902 0.0119882 -0.100132 0.995984 -0.0153259 0.99935 -0.0326302 -0.018769 0.0996758 0.0339985 0.994439 -0.0875425
135 142 411 0.996792 0.010053 -0.0793976 0.915945 -0.012903 0.999288 -0.0354637 0.137278 0.0789846 0.0363744 0.996212 -0.377095
135 143 355 0.995676 0.0166785 -0.0913837 0.984853 -0.0192753 0.999433 -0.0276075 0.020602 0.0908714 0.0292496 0.995433 -0.172165
135 144 401 0.99364 0.0209953 -0.110629 0.976663 -0.023428 0.99951 -0.0207358 -0.0517069 0.11014 0.0231957 0.993645 -0.208461
135 145 103 0.997254 0.0216888 -0.0708135 0.817617 -0.0231847 0.999524 -0.0203711 0.150284 0.070338 0.0219569 0.997282 -0.555803
135 146 164 0.996823 0.0351754 -0.071467 0.892792 -0.0362272 0.999253 -0.0134747 0.12073 0.0709396 0.0160209 0.997352 -0.43399
135 147 374 0.993888 0.0482346 -0.0993001 0.999261 -0.0493648 0.998741 -0.00895498 -0.00996634 0.0987431 0.0138022 0.995017 -0.0371171
135 148 217 0.996121 0.0441056 -0.0761407 0.997262 -0.0451633 0.998905 -0.0122247 -0.0186057 0.0755181 0.015616 0.997022 0.071571
135 149 211 0.995997 0.0377345 -0.081033 0.999565 -0.0392095 0.999092 -0.016689 0.0083457 0.0803296 0.0197994 0.996572 -0.0282791
150 151 118 0.99997 0.00753422 0.00190334 0.177627 -0.00753533 0.999971 0.000572901 0.423154 -0.00189897 -0.000587226 0.999998 0.888476
150 152 694 0.999774 0.00645281 -0.0202455 0.959678 -0.00645053 0.999979 0.000178235 -0.0714725 0.0202462 -4.76007e-05 0.999795 0.271862
150 153 200 0.999884 0.00926378 -0.0120945 0.997952 -0.00928912 0.999955 -0.00204072 -0.0601179 0.012075 0.00215283 0.999925 0.0218428
150 154 86 0.999934 0.00712961 -0.00901929 0.994064 -0.00714464 0.999973 -0.00163501 -0.0359599 0.00900739 0.00169935 0.999958 0.102681
150 155 66 0.999976 -0.000802391 -0.00685463 0.998893 0.000757056 0.999978 -0.0066138 -0.0297645 0.00685979 0.00660845 0.999955 0.0364211
150 156 63 0.999952 0.00190283 -0.00963909 0.996144 -0.00200394 0.999943 -0.0104911 -0.0165982 0.00961858 0.0105099 0.999899 0.0861467
150 157 477 0.999169 -0.000919104 -0.0407551 0.997216 0.000298319 0.999884 -0.0152356 0.049635 0.0407643 0.0152107 0.999053 -0.0556435
150 158 655 0.998747 0.00721011 -0.0495256 0.997954 -0.00791598 0.99987 -0.0140713 0.0166571 0.0494177 0.0144457 0.998674 -0.0617298
150 159 619 0.998531 0.0114108 -0.0529636 0.983849 -0.0122445 0.999806 -0.0154433 0.00674456 0.0527771 0.0160692 0.998477 -0.178875
150 160 558 0.998461 0.0169736 -0.052791 0.990914 -0.0177113 0.999751 -0.0135372 -0.0978563 0.0525481 0.0144513 0.998514 -0.0922681
150 161 539 0.9978 0.0162211 -0.0642848 0.983782 -0.0174782 0.999666 -0.0190415 0.0167437 0.0639544 0.0201231 0.99775 -0.178587
150 162 533 0.995723 0.0153474 -0.091108 0.994746 -0.0170609 0.999691 -0.0180586 -0.000204782 0.0908027 0.0195357 0.995677 -0.102376
150 163 487 0.997088 0.00956381 -0.0756603 0.997394 -0.0111824 0.999717 -0.0209978 0.0120323 0.0754381 0.0217827 0.996913 -0.0711376
150 164 534 0.994249 0.0194385 -0.105317 0.995812 -0.0221248 0.999457 -0.0243985 0.0314387 0.104785 0.0265883 0.994139 -0.085851
165 166 722 0.999409 -0.000195214 -0.0343687 0.983244 0.000283145 0.999997 0.00255359 -0.129074 0.0343681 -0.00256181 0.999406 -0.128731
165 167 102 0.999937 0.00221307 -0.0109946 0.98833 -0.00218814 0.999995 0.00227893 -0.019985 0.0109996 -0.00225473 0.999937 -0.15101
165 168 271 0.999754 0.0117814 -0.0188159 0.992747 -0.0116688 0.999913 0.00608206 -0.0677378 0.0188859 -0.005861 0.999804 0.0993213
165 169 148 0.999771 0.0213126 0.00205824 0.982121 -0.0213141 0.999773 0.0006855 -0.0581266 -0.00204316 -0.000729212 0.999998 0.179049
165 170 246 0.999613 0.0212174 0.0179839 -0.989562 -0.0211431 0.999767 -0.004313 0.0895982 -0.0180712 0.0039311 0.999829 -0.112867
165 171 403 0.99929 0.0298985 -0.0229241 0.998532 -0.0300468 0.99953 -0.00615209 -0.041579 0.0227293 0.00683652 0.999718 0.0347166
165 172 477 0.998056 0.0317645 -0.0536143 0.985377 -0.0324399 0.999404 -0.0117727 0.0421701 0.0532084 0.013489 0.998492 -0.165088
165 173 456 0.997914 0.0421313 -0.0489164 0.957775 -0.0423493 0.999097 -0.00342818 0.0551266 0.0487278 0.00549261 0.998797 -0.282186
165 174 543 0.998295 0.0420248 -0.0405034 0.979967 -0.041819 0.999108 0.00591659 0.0259538 0.0407159 -0.00421269 0.999162 -0.197464
165 175 350 0.999409 0.0343215 -0.00202643 0.932911 -0.0343031 0.999375 0.00850918 0.0371244 0.00231721 -0.00843463 0.999962 -0.358189
165 176 493 0.998742 0.0329661 -0.0377722 0.993687 -0.0326339 0.999423 0.00937746 0.019719 0.0380595 -0.00813302 0.999242 -0.110443
165 177 433 0.998567 0.0409379 -0.0344582 0.994346 -0.0405247 0.999099 0.0126068 -0.10417 0.0349432 -0.0111923 0.999327 -0.0205898
165 178 366 0.999343 0.02317 -0.0278678 0.99203 -0.0232403 0.999727 -0.0022013 0.034118 0.0278092 0.00284751 0.999609 -0.121294
165 179 512 0.998595 0.0275587 -0.0452713 0.990732 -0.027717 0.999612 -0.0028728 0.0267994 0.0451745 0.00412355 0.998971 -0.133163
180 181 185 0.999897 -0.00373363 0.0138736 -0.989591 0.00374756 0.999992 -0.000978156 0.101234 -0.0138698 0.00103005 0.999903 -0.102283
180 182 192 0.99998 0.00181562 0.00607298 -0.929977 -0.00183519 0.999993 0.00321843 0.0988962 -0.0060671 -0.00322951 0.999976 -0.354064
180 183 253 0.999724 0.0132108 -0.0194423 0.990991 -0.0130339 0.999873 0.00919755 -0.120934 0.0195614 -0.0089416 0.999769 0.0575478
180 184 352 0.999829 0.00819005 -0.0165749 0.965369 -0.00813518 0.999961 0.00337481 0.0445184 0.0166019 -0.00323939 0.999857 -0.257063
180 185 384 0.999867 0.00816729 -0.0141143 0.789565 -0.00813663 0.999964 0.00222833 0.0687551 0.014132 -0.00211319 0.999898 -0.609803
180 186 261 0.999916 0.00510495 0.0118817 -0.941741 -0.00508802 0.999986 -0.0014553 0.0633957 -0.011889 0.00139472 0.999928 -0.330309
180 187 454 0.999657 0.00231248 -0.0260952 0.923038 -0.0025308 0.999962 -0.00833644 0.13925 0.0260749 0.00839962 0.999625 -0.358623
180 188 209 0.999916 0.0127706 -0.00214132 -0.932524 -0.0127688 0.999918 0.000857901 0.00921786 0.0021521 -0.000830487 0.999997 -0.360991
180 189 471 0.999101 0.0101943 -0.0411539 0.917558 -0.0104164 0.999932 -0.00518573 0.0954963 0.0410983 0.00560975 0.999139 -0.385964
180 190 488 0.998819 0.0108105 -0.0473736 0.85052 -0.0110761 0.999924 -0.0053467 0.053012 0.0473122 0.0058651 0.998863 -0.523264
180 191 565 0.997383 0.020262 -0.0694054 0.932831 -0.0206287 0.999777 -0.00456951 0.0814501 0.0692973 0.00598929 0.997578 -0.350989
180 192 601 0.996697 0.022066 -0.0781528 0.96362 -0.0223872 0.999744 -0.00323553 0.0911802 0.0780614 0.00497446 0.996936 -0.251241
180 193 415 0.998229 0.0191212 -0.0563293 0.909789 -0.019373 0.999805 -0.00392798 0.102207 0.0562432 0.00501229 0.998405 -0.40229
180 194 540 0.995768 0.0255693 -0.0882685 0.937928 -0.026037 0.999652 -0.00415136 0.0897146 0.0881316 0.00643204 0.996088 -0.335025
195 196 124 0.999918 0.00467797 -0.0119045 0.932424 -0.00464368 0.999985 0.00290656 -0.189054 0.0119179 -0.00285104 0.999925 -0.307967
195 197 329 0.999786 0.00525004 0.020034 -0.971692 -0.0053353 0.999977 0.00420445 0.0924948 -0.0200115 -0.00431044 0.99979 -0.217391
195 198 722 0.998749 0.0250297 -0.0432983 0.973526 -0.0242763 0.999546 0.017841 -0.164659 0.0437252 -0.0167676 0.998903 -0.158537
195 199 402 0.999494 0.0259454 -0.0183962 0.889711 -0.0257378 0.999603 0.0114337 -0.114217 0.0186855 -0.0109544 0.999765 -0.442005
195 200 68 0.99947 0.0321028 -0.00533925 0.981187 -0.0320713 0.999468 0.00588147 -0.083495 0.00552522 -0.00570712 0.999968 0.174073
195 201 160 0.99975 0.0211 0.00740877 0.00692357 -0.0209594 0.999608 -0.0185672 0.891187 -0.00779764 0.0184073 0.9998 0.453582
195 202 328 0.999738 0.0210401 0.00899116 0.00764852 -0.0206618 0.998975 -0.040275 0.920569 -0.00982933 0.0400786 0.999148 0.390505
195 203 478 0.999093 0.0338068 -0.0258851 0.85045 -0.0346014 0.998924 -0.0308919 0.0720201 0.0248129 0.0317596 0.999187 -0.521103
195 204 376 0.999963 0.00781909 0.00345502 0.193369 -0.00757091 0.997738 -0.0667933 0.979522 -0.00396947 0.0667647 0.997761 0.0560797
195 205 312 0.999661 0.0204139 0.0161319 0.0159388 -0.0197457 0.998983 -0.0405453 0.875497 -0.0169432 0.040213 0.999047 0.48296
195 206 499 0.996966 0.0528945 -0.0571014 0.96349 -0.0530543 0.998591 -0.00128511 0.0524897 0.056953 0.00431068 0.998368 -0.262548
195 207 447 0.99803 0.0450473 -0.043669 0.973136 -0.0451251 0.998981 -0.000797385 0.0307314 0.0435886 0.00276638 0.999046 -0.228173
195 208 418 0.998695 0.0426545 -0.0281005 0.985321 -0.0428749 0.999054 -0.00728579 0.0241801 0.0277631 0.00848108 0.999579 -0.168991
195 209 443 0.998102 0.0381 -0.0483721 0.9821 -0.0386297 0.999203 -0.010063 0.0167834 0.0479502 0.0119125 0.998779 -0.18761
210 211 48 0.999958 -0.00910309 0.00136572 0.000914548 0.00911275 0.999932 -0.00723968 0.92163 -0.00129972 0.00725182 0.999973 0.388068
210 212 498 0.999402 0.00425687 -0.0343148 0.874304 -0.00365503 0.999839 0.0175823 -0.370833 0.0343841 -0.0174464 0.999256 -0.313169
210 213 289 0.999941 -0.00715639 0.00815881 -0.887585 0.00710575 0.999955 0.00621927 0.143824 -0.00820295 -0.00616093 0.999947 -0.437615
210 214 140 0.99966 -0.0158176 -0.0207078 0.603498 0.01596 0.99985 0.00672509 0.246941 0.0205983 -0.0070533 0.999763 -0.758163
210 215 175 0.999511 -0.022436 -0.021777 0.57697 0.0225943 0.99972 0.00704975 0.25086 0.0216127 -0.00753834 0.999738 -0.777287
210 216 408 0.998422 -0.0169166 -0.0535491 0.950297 0.0173046 0.999827 0.00679114 0.144888 0.0534249 -0.00770706 0.998542 -0.275576
210 217 445 0.997317 -0.0180776 -0.0709362 0.975506 0.0189143 0.999759 0.0111422 0.0472637 0.0707177 -0.0124541 0.997419 -0.214834
210 218 331 0.998735 -0.0138816 -0.048327 0.915245 0.0143355 0.999856 0.00905849 0.182605 0.0481943 -0.00973982 0.99879 -0.359141
210 219 345 0.997791 -0.0120328 -0.065335 0.958953 0.0127147 0.999869 0.0100307 0.105167 0.0652057 -0.0108392 0.997813 -0.263342
210 220 374 0.997274 -0.00959854 -0.0731566 0.942125 0.0103552 0.999897 0.00997087 0.180852 0.0730534 -0.0107012 0.997271 -0.282298
210 221 258 0.99971 0.0236953 0.00433694 -0.899057 -0.0237719 0.999545 0.0185672 0.335109 -0.00389501 -0.0186649 0.999818 0.281777
210 222 326 0.996751 -0.010014 -0.0799222 0.977428 0.0113368 0.999806 0.0161147 0.0817282 0.0797453 -0.0169684 0.996671 -0.194819
210 223 198 0.999526 -0.0091425 -0.0294118 0.753016 0.00972437 0.999759 0.0197017 0.169934 0.0292246 -0.0199784 0.999373 -0.63568
210 224 345 0.994095 0.00206586 -0.108489 0.985944 -9.98894e-05 0.999836 0.0181237 0.0775584 0.108509 -0.0180058 0.993932 -0.147983
225 226 35 0.999992 -0.000177733 -0.00386901 -0.875728 0.000192734 0.999992 0.00387734 0.130433 0.00386829 -0.00387805 0.999985 -0.464852
225 227 137 0.999829 0.00367219 -0.0181052 0.973884 -0.00358174 0.999981 0.00502569 -0.0998947 0.0181233 -0.00495999 0.999823 0.20389
225 228 159 0.999891 0.00968843 -0.0111621 0.995642 -0.00966053 0.99995 0.00255036 -0.0840619 0.0111862 -0.00244225 0.999934 -0.0403823
225 229 432 0.999509 0.0207358 -0.0234787 0.999903 -0.0207155 0.999785 0.00110809 -0.00651789 0.0234966 -0.000621172 0.999724 0.0123169
225 230 484 0.999138 0.0363545 0.0200163 -0.0998477 -0.0346967 0.996371 -0.0777267 0.988267 -0.0227694 0.0769652 0.996774 0.115577
225 231 109 0.999976 0.00688758 -4.18178e-06 0.289741 -0.0068854 0.999674 0.0245711 -0.244916 0.000173416 -0.0245705 0.999698 0.925238
225 232 121 0.999271 0.0329361 -0.0192854 -0.425098 -0.0320751 0.998544 0.0433663 0.128165 0.0206856 -0.0427162 0.998873 -0.896027
225 233 327 0.996996 0.0277773 -0.0722943 0.997538 -0.0233952 0.997878 0.0607708 0.0634133 0.0738289 -0.0588969 0.99553 -0.0299341
225 234 176 0.999161 0.0269964 -0.030795 -0.840402 -0.0247533 0.997167 0.0710298 -0.0210418 0.0326253 -0.0702079 0.996999 -0.541554
225 235 365 0.994164 0.0395382 -0.100368 0.997604 -0.0328273 0.997168 0.0676564 0.026077 0.102759 -0.0639668 0.992647 0.0640811
225 236 236 0.9999 0.0136936 0.00362492 0.311812 -0.0139144 0.997436 0.0701968 -0.150947 -0.00265438 -0.0702402 0.997527 0.938077
225 237 293 0.999965 0.00764612 0.00344396 0.28776 -0.00787586 0.997334 0.0725467 -0.16933 -0.00288008 -0.0725713 0.997359 0.942614
225 238 305 0.999921 0.00432327 0.0118373 0.181714 -0.004768 0.999274 0.0378034 0.448928 -0.0116653 -0.0378569 0.999215 0.874896
225 239 357 0.996783 0.0288841 -0.0747561 0.99737 -0.0248673 0.998225 0.0541163 0.0279201 0.0761865 -0.0520832 0.995732 0.066884
240 241 181 0.999998 -0.00137103 0.00152545 0.285912 0.00136644 0.999995 0.00300844 -0.313754 -0.00152957 -0.00300635 0.999994 0.905435
240 242 40 0.999999 -0.00135501 -0.000794829 0.873006 0.00135288 0.999995 -0.00267998 0.0347177 0.000798457 0.0026789 0.999996 -0.486472
240 243 46 0.999991 -0.00380457 -0.00185908 0.949205 0.00379641 0.999983 -0.00437295 -0.0735132 0.00187569 0.00436586 0.999989 0.305952
240 244 549 0.999325 -0.0110871 0.0350228 -0.988999 0.0115211 0.999859 -0.0122167 0.0408053 -0.0348824 0.0126119 0.999312 0.142183
240 245 314 0.999808 -0.00855415 0.0176531 -0.998377 0.00884625 0.999824 -0.0165358 0.0392054 -0.0175086 0.0166888 0.999707 0.0413191
240 246 444 0.999786 -0.00124868 -0.0206569 0.940074 0.000927991 0.999879 -0.0155267 0.00337318 0.0206738 0.0155042 0.999666 -0.340953
240 247 627 0.999198 0.00197971 -0.0399866 0.981043 -0.00233281 0.999959 -0.00878587 -0.0230371 0.0399675 0.00887211 0.999162 -0.192416
240 248 383 0.999849 -0.00280071 -0.0171653 0.929999 0.00268376 0.999973 -0.00683239 0.0740507 0.0171839 0.00678529 0.999829 -0.360026
240 249 556 0.999394 0.00577616 -0.0343131 0.891488 -0.00586298 0.99998 -0.00243008 0.0683625 0.0342984 0.00262979 0.999408 -0.447856
240 250 527 0.998393 0.00658153 -0.0562926 0.932039 -0.006242 0.999961 0.00620523 0.0638056 0.0563313 -0.00584387 0.998395 -0.356696
240 251 575 0.998724 0.00249183 -0.0504364 0.9215 -0.0018003 0.999904 0.0137517 0.0585015 0.0504658 -0.0136434 0.998633 -0.383948
240 252 455 0.998828 0.0146897 -0.0461244 0.939019 -0.013797 0.999712 0.0196147 0.0661205 0.0463992 -0.0189553 0.998743 -0.337448
240 253 404 0.998825 0.0193742 -0.0444144 0.976211 -0.0184399 0.999602 0.0213503 0.0176481 0.0448104 -0.0205062 0.998785 -0.216104
240 254 340 0.999382 0.0234479 -0.0262031 0.893746 -0.0229944 0.999583 0.0174769 0.0922862 0.0266019 -0.0168636 0.999504 -0.438977
255 256 128 0.999986 0.00396347 -0.00358641 0.385276 -0.00393737 0.999966 0.00725589 -0.00991251 0.00361505 -0.00724166 0.999967 -0.922748
255 257 676 0.998868 0.027413 -0.0388835 0.97941 -0.0265085 0.99937 0.0235896 -0.201835 0.0395057 -0.0225321 0.998965 -0.00433327
255 258 552 0.99889 0.0386409 -0.0269385 0.975961 -0.0381949 0.999128 0.0168767 -0.217829 0.0275671 -0.0158291 0.999495 0.0071211
255 259 265 0.998532 0.0468484 0.027182 -0.996614 -0.0467731 0.9989 -0.00339738 0.078961 -0.0273112 0.00212101 0.999625 -0.022923
255 260 215 0.998396 0.0550449 0.0132121 0.99212 -0.0548626 0.998399 -0.0137819 -0.0473051 -0.0139496 0.013035 0.999818 -0.116019
255 261 606 0.998224 0.0585991 -0.01072 0.849974 -0.0587288 0.998199 -0.0122172 -0.0723421 0.00998482 0.0128251 0.999868 -0.521835
255 262 518 0.997018 0.0706383 -0.0310681 0.908428 -0.0708597 0.997468 -0.00608099 -0.00191288 0.0305599 0.00826433 0.999499 -0.418037
255 263 573 0.997178 0.0686223 -0.0304311 0.890179 -0.0686582 0.99764 -0.000134213 0.0213377 0.0303501 0.00222318 0.999537 -0.45511
255 264 322 0.998067 0.0604994 -0.0142095 0.947364 -0.0605143 0.998167 -0.000625674 0.017841 0.0141456 0.00148434 0.999899 -0.319661
255 265 319 0.997595 0.0639298 -0.0267854 0.871269 -0.0639057 0.997954 0.00175458 0.0580613 0.0268428 -3.86243e-05 0.99964 -0.487359
255 266 355 0.997431 0.063933 -0.0323252 0.985913 -0.063907 0.997954 0.00183953 -0.0875935 0.0323767 0.000231001 0.999476 0.142487
255 267 342 0.997157 0.0673763 -0.0337383 0.975926 -0.0676708 0.997678 -0.00766434 0.0229048 0.0331436 0.00992565 0.999401 -0.216898
255 268 421 0.996492 0.0647198 -0.0530518 0.966628 -0.0655573 0.997748 -0.0142001 0.0165398 0.0520133 0.0176282 0.998491 -0.255651
255 269 301 0.998308 0.0488189 -0.031596 0.946178 -0.0496652 0.998412 -0.0265783 0.0545047 0.0302483 0.0281025 0.999147 -0.319024
270 271 90 0.999992 0.00185117 -0.00354991 0.442218 -0.00185255 0.999998 -0.000384045 0.0834695 0.00354919 0.000390619 0.999994 -0.893015
270 272 79 0.999962 0.00509966 -0.00706937 -0.588659 -0.00509353 0.999987 0.000885305 0.127384 0.00707379 -0.000849263 0.999975 -0.798282
270 273 81 0.999971 0.00474146 -0.00590046 -0.924611 -0.00473822 0.999989 0.000562034 0.052564 0.00590306 -0.00053406 0.999982 -0.377267
270 274 47 0.999825 0.00465525 -0.0181054 0.995478 -0.00469424 0.999987 -0.00211132 -0.0732328 0.0180953 0.00219594 0.999834 0.0604983
270 275 323 0.9999 0.00494127 -0.0132863 -0.956497 -0.00493584 0.999988 0.00044213 0.0377017 0.0132883 -0.000376506 0.999912 -0.289295
270 276 166 0.99916 0.0111145 -0.0394544 0.805678 -0.0111915 0.999936 -0.00173213 0.172838 0.0394326 0.00217222 0.99922 -0.566578
270 277 383 0.999738 0.00789651 -0.0215074 -0.789314 -0.00802797 0.99995 -0.00603287 0.120013 0.0214587 0.00620394 0.99975 -0.602147
270 278 418 0.994415 0.0299854 -0.101188 0.957305 -0.0292027 0.999531 0.00920883 -0.0528654 0.101416 -0.00620245 0.994825 -0.284206
270 279 414 0.996624 0.0271837 -0.0774667 0.967422 -0.026645 0.999613 0.00797922 0.0785773 0.0776536 -0.00588819 0.996963 -0.240668
270 280 363 0.996285 0.0285998 -0.0812353 0.84676 -0.0282226 0.999585 0.00578799 0.175816 0.0813671 -0.00347381 0.996678 -0.502083
270 281 477 0.994208 0.0325914 -0.102412 0.933684 -0.0319929 0.99946 0.00748198 0.0791815 0.1026 -0.00416219 0.994714 -0.349235
270 282 532 0.990821 0.0385765 -0.129561 0.955841 -0.0373904 0.999234 0.0115757 0.0480209 0.129908 -0.00662509 0.991504 -0.289936
270 283 417 0.993504 0.0259516 -0.110801 0.946766 -0.0256418 0.999662 0.00422061 0.0593281 0.110873 -0.00135206 0.993834 -0.316407
270 284 361 0.993389 0.0264991 -0.1117 0.647828 -0.0264132 0.999649 0.0022492 0.198189 0.111721 0.000716028 0.993739 -0.735555
285 286 45 0.999969 -0.00748027 0.0024442 -0.982409 0.00748482 0.99997 -0.00185716 -0.0906361 -0.00243023 0.0018754 0.999995 0.163272
285 287 558 0.999391 0.00107909 -0.0348782 0.969383 -0.00111133 0.999999 -0.000904938 0.0425724 0.0348772 0.000943148 0.999391 -0.241834
285 288 243 0.999876 0.00197493 -0.0156533 0.441736 -0.00187866 0.999979 0.00616265 0.270267 0.0156651 -0.00613248 0.999858 -0.855468
285 289 231 0.999926 -0.000603613 -0.0121877 -0.263475 0.000834464 0.99982 0.0189452 0.19059 0.012174 -0.0189539 0.999746 -0.945651
285 290 336 0.998782 0.00216227 -0.0492897 0.728849 -0.000970695 0.999707 0.0241862 0.23821 0.0493275 -0.0241089 0.998492 -0.6419
285 291 439 0.995408 0.0164338 -0.0943036 0.892955 -0.0138098 0.999501 0.0284099 0.199221 0.0947234 -0.0269771 0.995138 -0.403662
285 292 461 0.995172 0.0254307 -0.0947926 0.99634 -0.0216437 0.998934 0.0407666 0.085369 0.0957283 -0.0385182 0.994662 0.00433691
285 293 405 0.997414 0.0236447 -0.0678674 0.826666 -0.0205851 0.998755 0.045433 0.199091 0.0688572 -0.0439185 0.996659 -0.526295
285 294 367 0.996575 0.0229457 -0.0794472 0.980512 -0.0190903 0.998619 0.048952 0.0718007 0.0804607 -0.0472677 0.995636 -0.182867
285 295 438 0.994445 0.0313455 -0.100486 0.940664 -0.0266332 0.998497 0.0478996 0.102896 0.101836 -0.0449573 0.993785 -0.323364
285 296 415 0.993689 0.041354 -0.104272 0.926169 -0.036451 0.998158 0.0484965 0.129801 0.106086 -0.0443896 0.993366 -0.354065
285 297 389 0.991107 0.0537985 -0.121709 0.919012 -0.0475681 0.997433 0.0535318 0.118543 0.124276 -0.0472663 0.991121 -0.375985
285 298 355 0.991938 0.0525403 -0.115317 0.915269 -0.0464536 0.997413 0.0548518 0.0809094 0.1179 -0.0490527 0.991813 -0.394634
285 299 275 0.991224 0.0593971 -0.118094 0.880746 -0.0533737 0.997139 0.0535323 0.0593408 0.120936 -0.0467594 0.991558 -0.469857
300 301 43 0.999974 -0.00529168 -0.00479638 0.907613 0.00532088 0.999967 0.00609571 -0.174251 0.00476397 -0.00612108 0.99997 0.381937
300 302 114 0.999812 -0.00116817 -0.0193729 0.994069 0.00135103 0.999955 0.00942852 0.0366803 0.019361 -0.00945292 0.999768 -0.102381
300 303 715 0.998883 0.00530475 -0.0469477 0.990185 -0.00446821 0.99983 0.0179057 -0.139551 0.0470347 -0.0176759 0.998737 -0.00769755
300 304 666 0.998887 0.0154383 -0.0445638 0.988835 -0.0149518 0.999825 0.0112309 0.0249678 0.0447294 -0.0105521 0.998943 0.146907
300 305 558 0.998993 0.0216274 -0.0393114 0.99605 -0.0211786 0.999706 0.0117988 -0.0469334 0.0395551 -0.0109543 0.999157 0.075382
300 306 394 0.999004 0.0327767 -0.0302866 0.954789 -0.0327648 0.999463 0.00088936 0.0920093 0.0302995 0.000103861 0.999541 0.282687
300 307 325 0.999154 0.0312715 -0.0267242 0.989287 -0.0314994 0.999471 -0.00814852 0.013527 0.0264552 0.00898341 0.99961 0.145353
300 308 202 0.999416 0.0322171 -0.0113488 0.963744 -0.0323417 0.999417 -0.0109742 -0.0587447 0.0109887 0.0113348 0.999875 0.260282
300 309 555 0.99766 0.0369677 -0.0575075 0.996472 -0.0379417 0.999153 -0.0159382 -0.0263129 0.0568696 0.0180829 0.998218 -0.0796888
300 310 399 0.999377 0.0234153 -0.0263941 0.971725 -0.0241836 0.999282 -0.0291771 -0.0763453 0.0256919 0.0297973 0.999226 0.223433
300 311 539 0.998259 0.0205716 -0.0552807 0.99797 -0.0226992 0.999015 -0.0381397 0.0273211 0.0544416 0.0393281 0.997742 -0.0575311
300 312 447 0.999233 0.0117758 -0.0373406 0.978011 -0.0134233 0.998933 -0.0441796 0.0796861 0.0367805 0.0446469 0.998326 -0.192731
300 313 177 0.99994 -0.00132886 -0.0109133 0.882668 0.00081784 0.998909 -0.0466977 -0.131723 0.0109634 0.0466859 0.998849 0.451161
300 314 399 0.999547 -0.00330928 -0.0299221 0.998418 0.00167749 0.998518 -0.0543959 0.0553681 0.0300578 0.0543211 0.998071 -0.00983821
315 316 98 0.999977 0.00367278 0.00574806 0.165097 -0.00366554 0.999992 -0.00126931 0.495676 -0.00575267 0.00124821 0.999983 0.852671
315 317 178 0.999954 -0.00806242 0.00513363 0.303101 0.00805668 0.999967 0.00113813 0.205355 -0.00514264 -0.00109672 0.999986 -0.930569
315 318 224 0.999943 -0.00463101 0.00965215 0.298123 0.00456537 0.999966 0.00681068 0.171103 -0.00968336 -0.00676622 0.99993 -0.939067
315 319 208 0.999931 -0.000676087 0.0117323 0.472783 0.000533458 0.999926 0.0121558 0.0739761 -0.0117396 -0.0121487 0.999857 -0.878068
315 320 403 0.999996 0.00171088 0.00211893 0.972666 -0.00174165 0.999892 0.014606 0.0183543 -0.00209371 -0.0146096 0.999891 -0.231482
315 321 692 0.999853 0.00982654 -0.0140397 0.983535 -0.00966961 0.99989 0.0112023 0.0798776 0.0141482 -0.0110649 0.999839 -0.162104
315 322 223 0.99966 0.00692349 0.0251328 0.894582 -0.00719013 0.999919 0.0105346 0.155137 -0.0250578 -0.0107117 0.999629 -0.419114
315 323 331 0.999542 0.00975319 0.0286543 0.328256 -0.0100916 0.999881 0.0116881 0.135501 -0.0285369 -0.0119719 0.999521 -0.934819
315 324 621 0.999824 0.0128216 0.0136935 0.842355 -0.0129647 0.999862 0.0104177 0.20962 -0.013558 -0.0105934 0.999852 -0.496485
315 325 276 0.999747 0.0100192 0.0201442 0.72077 -0.01032 0.999836 0.0148866 0.164072 -0.0199917 -0.0150907 0.999686 -0.673477
