0 1 0.688407 -0.108471 -0.717168 9.33645 0.103729 0.993314 -0.0506677 3.59728 0.71787 -0.0395107 0.695056 21.8326
0 2 0.854081 -0.0922393 -0.511897 10.8589 0.103568 0.994601 -0.00641891 3.82521 0.509726 -0.0475336 0.859023 17.9425
0 3 0.956388 -0.0512334 -0.287571 12.3149 0.054236 0.998525 0.00247867 2.51719 0.28702 -0.0179673 0.957756 12.6127
0 4 0.987777 -0.0296093 -0.153042 9.75325 0.0254905 0.99926 -0.028804 2.00023 0.153781 0.0245502 0.9878 11.2969
0 5 0.999596 0.00364885 -0.0281958 7.4494 -0.00407887 0.999876 -0.0152 2.29042 0.0281373 0.015309 0.999487 13.2702
0 6 0.998696 0.00934896 0.0501843 4.83304 -0.0106249 0.999625 0.0252098 2.29841 -0.0499291 -0.0257103 0.998422 10.3769
0 7 0.915149 0.0786113 0.395379 4.62618 -0.093981 0.99538 0.0196227 1.6387 -0.392009 -0.0551155 0.918309 6.97195
0 8 0.852245 0.0965941 0.514149 0.803888 -0.110488 0.993871 -0.00357756 1.35646 -0.511343 -0.0537579 0.857694 6.09744
0 9 0.798588 0.110202 0.591704 -2.23784 -0.121474 0.992375 -0.0208796 1.10639 -0.589493 -0.0552017 0.805885 5.37913
0 10 0.710624 0.125648 0.692263 -6.62674 -0.122081 0.991019 -0.0545544 1.01971 -0.6929 -0.0457444 0.719581 6.10874
0 11 0.576451 0.159747 0.801366 -12.2661 -0.167414 0.982989 -0.0755253 1.82207 -0.799799 -0.0906226 0.593388 8.66238
0 12 0.44444 0.156854 0.88197 -14.7852 -0.183313 0.979641 -0.0818503 2.31746 -0.876852 -0.125299 0.464145 11.6129
0 13 0.0885115 0.173028 0.980932 -12.6233 -0.198385 0.968129 -0.152869 3.11676 -0.97612 -0.181072 0.120015 15.8825
0 14 -0.117409 0.184807 0.975737 -12.5613 -0.248234 0.94588 -0.209022 4.13736 -0.961559 -0.266752 -0.0651809 15.9425
0 15 -0.337864 0.174309 0.924913 -12.603 -0.202552 0.946208 -0.252314 3.47113 -0.919142 -0.27259 -0.284384 15.8346
0 16 -0.449742 0.157233 0.87921 -13.2416 -0.192482 0.94419 -0.267314 3.22706 -0.872172 -0.289453 -0.394378 15.6409
0 17 -0.577458 0.146644 0.803142 -14.7847 -0.196672 0.92978 -0.311174 4.6067 -0.792378 -0.337645 -0.508069 19.1747
0 18 -0.85434 0.104982 0.509001 -10.8084 -0.0915494 0.933671 -0.346232 4.86909 -0.511588 -0.342398 -0.788062 24.8106
0 19 -0.96672 0.0470007 0.251485 -8.65815 -0.0453645 0.935913 -0.349297 5.05099 -0.251786 -0.349081 -0.902634 28.8262
0 20 -0.994978 -0.00492872 -0.0999736 -1.94031 0.0329732 0.926899 -0.37386 5.80859 0.094507 -0.375279 -0.922082 28.9373
0 21 -0.966942 -0.0490189 -0.250242 -1.24702 0.0581799 0.913056 -0.403663 6.41678 0.248272 -0.404878 -0.88002 26.7878
0 22 -0.940621 -0.0825077 -0.329279 -2.55381 0.0536485 0.921688 -0.384202 5.56731 0.335192 -0.379053 -0.862535 25.3855
0 23 -0.783381 -0.109881 -0.611752 0.420209 0.103022 0.947679 -0.302145 4.76271 0.612944 -0.299718 -0.731074 24.247
0 24 -0.614259 -0.129517 -0.778404 2.35529 0.175611 0.939263 -0.294862 4.92787 0.769315 -0.317819 -0.554206 23.7039
0 25 -0.324189 -0.167502 -0.931046 6.92744 0.2244 0.942492 -0.247697 5.82973 0.918993 -0.289227 -0.267957 24.7479
0 26 -0.143926 -0.189839 -0.97121 6.98382 0.239351 0.945609 -0.220305 6.59611 0.960206 -0.264168 -0.0906591 26.2087
0 27 0.0158755 -0.193315 -0.981008 6.07329 0.216752 0.958466 -0.185365 5.65038 0.976098 -0.209693 0.0571179 25.16
0 28 0.183144 -0.188231 -0.964898 4.95786 0.17235 0.972444 -0.15699 4.26939 0.967861 -0.137549 0.210539 23.2733
0 29 0.880636 -0.0812373 -0.466776 15.1233 0.0850292 0.996294 -0.0129747 3.58512 0.466101 -0.0282634 0.884281 18.1786
1 2 0.965077 0.0229072 0.260966 -3.93148 -0.0319847 0.99902 0.0305885 -0.137748 -0.260009 -0.0378678 0.964863 -0.559197
1 3 0.870178 0.062885 0.488708 -6.70545 -0.0727517 0.997349 0.00120407 -0.417593 -0.487337 -0.0366028 0.872447 -1.75346
1 4 0.792961 0.0808041 0.603891 -11.1254 -0.0701851 0.996683 -0.0412036 -0.0302482 -0.605218 -0.00971255 0.796001 -0.396395
1 5 0.707954 0.10874 0.697837 -14.7872 -0.100364 0.993539 -0.0529994 0.81055 -0.699091 -0.0325171 0.714293 4.31927
1 6 0.650505 0.110337 0.751444 -18.0433 -0.133824 0.990563 -0.0296016 0.630802 -0.747619 -0.0813058 0.659132 3.25887
1 7 0.337915 0.15298 0.928661 -19.3542 -0.186739 0.977983 -0.0931559 1.89794 -0.922466 -0.141939 0.359042 8.25627
1 8 0.207482 0.1583 0.965346 -22.7788 -0.181301 0.975947 -0.121072 2.18173 -0.961292 -0.149897 0.231191 10.5642
1 9 0.113449 0.162322 0.980195 -25.2812 -0.176293 0.974198 -0.140925 2.32464 -0.977779 -0.156813 0.139138 12.0345
1 10 -0.0208995 0.163445 0.986331 -28.5538 -0.152413 0.974495 -0.164713 2.53331 -0.988096 -0.153772 0.00454505 15.788
1 11 -0.19521 0.177869 0.964498 -32.1409 -0.16771 0.962879 -0.211515 4.54207 -0.966316 -0.203045 -0.158132 21.8672
1 12 -0.343579 0.157219 0.92587 -32.3572 -0.173756 0.958224 -0.227192 5.45294 -0.92291 -0.238934 -0.301907 27.6806
1 13 -0.66133 0.13135 0.738505 -23.0449 -0.13195 0.948824 -0.286919 7.19973 -0.738398 -0.287194 -0.610154 37.1309
1 14 -0.800639 0.121954 0.586605 -18.332 -0.123582 0.924398 -0.360854 9.84426 -0.586264 -0.361408 -0.725038 38.5457
1 15 -0.914814 0.0912338 0.393436 -12.9798 -0.0611227 0.931656 -0.358164 8.51004 -0.399224 -0.3517 -0.846716 39.3132
1 16 -0.957202 0.0649827 0.282032 -10.696 -0.0432136 0.931456 -0.361281 8.16754 -0.286178 -0.358005 -0.888783 39.0051
1 17 -0.989421 0.0450706 0.137895 -8.71978 -0.0130805 0.91893 -0.394205 10.0297 -0.144483 -0.391838 -0.908619 41.7708
1 18 -0.96456 -0.01013 -0.263668 3.99015 0.0840075 0.935476 -0.343261 8.2139 0.250132 -0.353245 -0.901472 43.4275
1 19 -0.850952 -0.0663327 -0.521039 10.901 0.117757 0.942648 -0.312326 7.3795 0.511874 -0.327129 -0.794337 42.5664
1 20 -0.612718 -0.103038 -0.783556 21.2581 0.190279 0.943065 -0.272806 6.59569 0.767054 -0.316246 -0.558227 35.101
1 21 -0.480867 -0.136312 -0.866133 22.6429 0.230506 0.933439 -0.274879 6.90816 0.845952 -0.331829 -0.417439 29.1971
1 22 -0.402433 -0.162842 -0.90085 21.4572 0.212493 0.940558 -0.264946 5.98441 0.890447 -0.298047 -0.343909 25.6525
1 23 -0.0886375 -0.159409 -0.983225 23.2876 0.184815 0.967339 -0.173495 3.34526 0.978768 -0.197092 -0.0562812 17.0465
1 24 0.149435 -0.152927 -0.976874 22.838 0.230475 0.96614 -0.115991 1.83297 0.961535 -0.207813 0.179621 11.5526
1 25 0.462712 -0.152836 -0.873235 22.2222 0.229886 0.972018 -0.0483124 1.24158 0.856184 -0.178391 0.484899 6.80932
1 26 0.618033 -0.15429 -0.770864 18.5986 0.220196 0.975277 -0.0186633 1.43939 0.754685 -0.158207 0.636727 5.83034
1 27 0.735446 -0.140669 -0.662821 14.184 0.178186 0.983934 -0.0111101 0.68984 0.653735 -0.109935 0.748696 3.10586
1 28 0.838489 -0.119086 -0.531748 9.16718 0.125754 0.991775 -0.0238145 0.0475434 0.53021 -0.0469016 0.846569 0.00892479
1 29 0.949805 0.034304 0.310956 -0.656901 -0.0402288 0.999111 0.0126568 0.0903076 -0.310245 -0.0245312 0.950341 0.414933
2 3 0.968764 0.0499403 0.242901 -2.75406 -0.0470499 0.998736 -0.0176889 -0.474887 -0.243477 0.0057077 0.96989 -2.16754
2 4 0.924713 0.073835 0.373436 -7.27092 -0.0556551 0.996691 -0.0592487 -0.144895 -0.376575 0.0340036 0.925762 -1.35452
2 5 0.867832 0.107336 0.485125 -11.0892 -0.0879304 0.994155 -0.0626641 0.566754 -0.489015 0.0117245 0.872197 2.88606
2 6 0.826415 0.112409 0.551726 -14.4703 -0.114184 0.992967 -0.0312759 0.301181 -0.551361 -0.0371517 0.833439 1.55214
2 7 0.571967 0.170429 0.802377 -16.6333 -0.182125 0.980148 -0.0783623 1.27312 -0.799803 -0.101312 0.591651 5.42875
2 8 0.455784 0.181038 0.871485 -20.4746 -0.184208 0.977086 -0.106634 1.53248 -0.87082 -0.111932 0.478689 7.39284
2 9 0.369002 0.188517 0.91011 -23.2956 -0.184596 0.974571 -0.127026 1.66211 -0.910913 -0.12113 0.394418 8.6571
2 10 0.240973 0.194124 0.95092 -27.0479 -0.167752 0.973377 -0.156198 1.92053 -0.955924 -0.121879 0.267122 12.1624
2 11 0.0673834 0.213442 0.97463 -31.3016 -0.194994 0.96083 -0.196938 3.79768 -0.978487 -0.176776 0.106364 18.0554
2 12 -0.0863576 0.196376 0.976718 -32.1234 -0.205026 0.955893 -0.210317 4.66095 -0.974939 -0.218416 -0.0422865 23.7939
2 13 -0.4425 0.174964 0.879535 -24.2686 -0.180483 0.943338 -0.278459 6.4644 -0.878418 -0.28196 -0.38585 33.4228
2 14 -0.6168 0.165386 0.769549 -20.3038 -0.192261 0.916407 -0.351047 9.01832 -0.763278 -0.364481 -0.533443 35.1964
2 15 -0.778101 0.132439 0.614017 -15.6773 -0.131115 0.921742 -0.364966 7.91745 -0.614302 -0.364487 -0.699845 36.4565
2 16 -0.848683 0.104162 0.518542 -13.7282 -0.114649 0.920874 -0.372623 7.63528 -0.516326 -0.375689 -0.769589 36.4931
2 17 -0.917848 0.0808907 0.388602 -12.0998 -0.0944471 0.90639 -0.41175 9.55299 -0.385531 -0.414626 -0.824289 39.737
2 18 -0.999914 0.0126655 -0.00322549 0.0589422 0.0129236 0.921372 -0.388467 8.1744 -0.00194871 -0.388475 -0.921457 42.8511
2 19 -0.958726 -0.0549886 -0.278964 6.96821 0.0537316 0.928405 -0.367665 7.51303 0.279209 -0.367479 -0.887132 43.1174
2 20 -0.798161 -0.107308 -0.592811 17.7738 0.134044 0.927711 -0.348406 7.05564 0.587342 -0.357546 -0.726078 36.9548
2 21 -0.693226 -0.147292 -0.705509 19.5027 0.172105 0.916744 -0.360501 7.50948 0.699869 -0.37133 -0.610162 31.5562
2 22 -0.627199 -0.177367 -0.758394 18.5429 0.157476 0.924736 -0.346503 6.53714 0.762773 -0.336755 -0.552063 28.2962
2 23 -0.345781 -0.186494 -0.919595 21.3882 0.155243 0.955173 -0.252083 3.94621 0.925383 -0.229926 -0.301329 20.4845
2 24 -0.114217 -0.187439 -0.975613 21.8175 0.214288 0.954274 -0.208426 2.69034 0.970069 -0.232869 -0.068829 15.2958
2 25 0.215166 -0.194197 -0.957074 22.5062 0.231516 0.962235 -0.143195 2.20425 0.948738 -0.190768 0.252001 10.6539
2 26 0.391745 -0.197486 -0.89863 19.609 0.229977 0.966708 -0.112192 2.41396 0.890868 -0.162713 0.42412 9.54753
2 27 0.533565 -0.18433 -0.825427 15.7947 0.191603 0.976931 -0.0943085 1.52496 0.823769 -0.107835 0.556575 6.64088
2 28 0.66771 -0.162053 -0.726569 11.3637 0.137866 0.986053 -0.0932306 0.673255 0.731544 -0.0379184 0.68074 3.26042
2 29 0.998569 0.0134033 0.0517728 3.29975 -0.0126337 0.999806 -0.0151616 0.169881 -0.0519653 0.014486 0.998544 0.77101
3 4 0.990225 0.0236281 0.137466 -4.2346 -0.0185335 0.999098 -0.0382249 0.195667 -0.138246 0.035303 0.989769 0.426867
3 5 0.963923 0.0577877 0.259833 -7.84389 -0.050757 0.998143 -0.0336936 0.827939 -0.261298 0.0192899 0.965066 4.26741
3 6 0.94023 0.0636249 0.334542 -11.1255 -0.0686254 0.997637 0.00313481 0.592742 -0.333552 -0.0259055 0.942376 2.66385
3 7 0.75751 0.129109 0.639929 -13.0987 -0.146522 0.988864 -0.0260648 1.28269 -0.636169 -0.074019 0.767992 5.3062
3 8 0.662273 0.143948 0.735305 -16.9885 -0.15556 0.986404 -0.0529957 1.45762 -0.732936 -0.0792858 0.675662 6.80117
3 9 0.587957 0.154819 0.793938 -19.8819 -0.161014 0.984271 -0.0726931 1.52852 -0.792705 -0.0850945 0.603637 7.74195
3 10 0.47412 0.16572 0.864724 -23.7891 -0.151842 0.982801 -0.105095 1.74127 -0.867268 -0.0814734 0.491129 10.7997
3 11 0.312676 0.192762 0.930096 -28.3329 -0.188756 0.972273 -0.138047 3.44034 -0.930916 -0.132396 0.340391 16.1666
3 12 0.163392 0.182914 0.969456 -29.4853 -0.201971 0.968051 -0.148609 4.24231 -0.965666 -0.171521 0.195115 21.4758
3 13 -0.206301 0.180005 0.961789 -22.6666 -0.195373 0.955563 -0.220747 5.90164 -0.958785 -0.233448 -0.161967 30.3203
3 14 -0.402351 0.180585 0.897498 -19.3808 -0.22576 0.930504 -0.288435 8.21326 -0.887213 -0.318672 -0.333621 31.8785
3 15 -0.598038 0.15802 0.785735 -15.5462 -0.169638 0.933202 -0.316792 7.20676 -0.783309 -0.322744 -0.531285 32.9944
3 16 -0.691019 0.134788 0.710158 -14.028 -0.15559 0.931695 -0.328232 6.93777 -0.705894 -0.337307 -0.622847 33.0388
3 17 -0.790748 0.117099 0.600837 -12.9197 -0.146246 0.916971 -0.371183 8.78113 -0.594416 -0.381382 -0.707968 36.3843
3 18 -0.968833 0.0597527 0.2404 -2.05982 -0.0358255 0.926471 -0.374658 7.70361 -0.245111 -0.371593 -0.895455 40.0586
3 19 -0.999287 -0.00487632 -0.0374506 4.13262 0.0091118 0.931206 -0.364378 7.19054 0.0366511 -0.364459 -0.930498 41.0283
3 20 -0.922583 -0.0591329 -0.38124 14.3785 0.0915585 0.926394 -0.365257 6.95602 0.374776 -0.371885 -0.849261 35.9696
3 21 -0.850298 -0.10201 -0.516322 15.9933 0.124946 0.913864 -0.386317 7.45021 0.511256 -0.392997 -0.764311 31.121
3 22 -0.800681 -0.134218 -0.583863 15.0084 0.114573 0.922287 -0.369134 6.49055 0.588034 -0.362453 -0.72308 28.1763
3 23 -0.567665 -0.153723 -0.80878 17.9988 0.136865 0.95112 -0.276839 4.17476 0.811803 -0.267845 -0.518878 21.4684
3 24 -0.356987 -0.164571 -0.919498 18.7632 0.204625 0.946672 -0.248878 3.16399 0.911421 -0.276999 -0.304275 17.0148
3 25 -0.0337263 -0.187146 -0.981753 20.1964 0.237557 0.952659 -0.18976 2.89959 0.970788 -0.239622 0.0123281 13.2404
3 26 0.151369 -0.199772 -0.96808 17.8327 0.243819 0.95665 -0.15929 3.19449 0.957935 -0.211925 0.193515 12.5045
3 27 0.307197 -0.1946 -0.931536 14.5292 0.211499 0.968349 -0.132544 2.28 0.927846 -0.156302 0.338632 9.85599
3 28 0.462277 -0.180412 -0.868189 10.6693 0.160158 0.979969 -0.118362 1.32316 0.872153 -0.0843311 0.481912 6.6669
3 29 0.980624 -0.0345123 -0.192838 5.56607 0.0340085 0.999404 -0.00592217 0.72531 0.192928 -0.000750343 0.981213 3.42881
4 5 0.991583 0.0299388 0.125957 -3.70456 -0.0313082 0.99947 0.00890598 0.495996 -0.125623 -0.0127738 0.991996 3.3145
4 6 0.97853 0.0333541 0.203382 -7.07512 -0.0439511 0.997888 0.04781 0.190964 -0.201358 -0.055722 0.977931 1.40464
4 7 0.841125 0.0904927 0.533218 -9.78221 -0.125307 0.991683 0.0293682 0.545485 -0.526125 -0.0915178 0.845468 2.73528
4 8 0.76028 0.103438 0.641307 -14.063 -0.138017 0.990422 0.00387544 0.677726 -0.634763 -0.0914572 0.767275 3.80357
4 9 0.695008 0.113434 0.709999 -17.2641 -0.146177 0.989145 -0.0149416 0.722359 -0.703986 -0.0933998 0.704045 4.47859
4 10 0.592271 0.12373 0.796182 -21.6452 -0.141583 0.988745 -0.0483323 0.968891 -0.793201 -0.0840995 0.603124 7.19982
4 11 0.442031 0.15124 0.884159 -26.8681 -0.182914 0.98017 -0.0762158 2.50651 -0.878151 -0.128035 0.46093 12.2762
4 12 0.299385 0.142664 0.943407 -28.6481 -0.197552 0.9766 -0.0849909 3.25094 -0.933457 -0.160927 0.320563 17.4177
4 13 -0.0678171 0.146902 0.986824 -23.4038 -0.20123 0.966759 -0.157744 4.92768 -0.977193 -0.209277 -0.0360034 26.2386
4 14 -0.270774 0.153573 0.950314 -20.9631 -0.241217 0.944873 -0.221423 7.10144 -0.931931 -0.289188 -0.218804 28.0821
4 15 -0.480445 0.138927 0.86595 -17.9775 -0.189478 0.947612 -0.257154 6.32875 -0.856312 -0.287627 -0.428954 29.6076
4 16 -0.583455 0.120328 0.803181 -16.8651 -0.177175 0.946284 -0.270472 6.1178 -0.792584 -0.300112 -0.530796 29.9678
4 17 -0.697655 0.108682 0.708141 -16.1975 -0.174175 0.933042 -0.314795 7.99537 -0.694938 -0.34296 -0.632013 33.7784
4 18 -0.924903 0.0684654 0.373987 -6.14946 -0.0650875 0.940619 -0.333164 7.38616 -0.37459 -0.332486 -0.865526 38.9069
4 19 -0.994781 0.0150798 0.100907 -0.125904 -0.0190644 0.944124 -0.329035 7.06553 -0.100232 -0.329241 -0.938911 41.0691
4 20 -0.967369 -0.0274083 -0.251884 10.395 0.0623417 0.937822 -0.341472 7.18227 0.24558 -0.346033 -0.905512 37.4637
4 21 -0.915373 -0.0664229 -0.39709 12.2996 0.0922112 0.92549 -0.367375 7.81642 0.391905 -0.372902 -0.841044 33.2125
4 22 -0.876286 -0.0969394 -0.471937 11.5181 0.0845012 0.93344 -0.348636 6.81455 0.474321 -0.345385 -0.809771 30.5981
4 23 -0.676928 -0.112148 -0.727455 15.4648 0.119944 0.958306 -0.259349 4.60587 0.72621 -0.262815 -0.635253 24.8662
4 24 -0.483787 -0.122659 -0.866548 17.1084 0.19078 0.951538 -0.241199 3.88864 0.854138 -0.28201 -0.436941 20.8735
4 25 -0.172777 -0.148825 -0.973653 19.9095 0.231658 0.954649 -0.187027 3.77361 0.957331 -0.257869 -0.130465 17.4005
4 26 0.0120898 -0.165393 -0.986154 18.3372 0.242143 0.957356 -0.157594 4.09981 0.970165 -0.236884 0.0516233 16.6371
4 27 0.17154 -0.16451 -0.971344 15.7024 0.214091 0.968621 -0.12624 3.05095 0.961633 -0.186301 0.201379 13.8786
4 28 0.334148 -0.155631 -0.929583 12.5115 0.165476 0.98064 -0.104696 1.8767 0.927881 -0.11884 0.353433 10.4685
4 29 0.943713 -0.0452843 -0.32765 9.71104 0.0564761 0.998098 0.0247194 0.758617 0.325909 -0.0418315 0.944476 4.41392
5 6 0.996912 0.00451168 0.0784018 -3.6441 -0.0076837 0.999161 0.040201 -0.466327 -0.0781545 -0.0406796 0.99611 -2.16632
5 7 0.903918 0.0688592 0.422128 -7.8669 -0.090864 0.995342 0.0322064 -0.39156 -0.417945 -0.0674682 0.905964 -1.78237
5 8 0.837756 0.085291 0.539343 -12.7894 -0.106716 0.994253 0.0085305 -0.239028 -0.535516 -0.0647026 0.842043 -0.939139
5 9 0.781984 0.0979375 0.615557 -16.456 -0.117215 0.993064 -0.00909467 -0.174282 -0.612179 -0.0650401 0.78804 -0.368962
5 10 0.691276 0.112212 0.713825 -21.5059 -0.116877 0.992224 -0.04279 0.1856 -0.713076 -0.0538503 0.699015 2.26801
5 11 0.554205 0.145195 0.81962 -27.6037 -0.16163 0.984698 -0.0651486 1.63528 -0.816537 -0.0963688 0.569192 7.41254
5 12 0.419965 0.141616 0.896423 -30.1338 -0.177357 0.981511 -0.071969 2.34563 -0.890042 -0.128762 0.437317 12.7348
5 13 0.0614485 0.157735 0.985567 -26.521 -0.190462 0.971142 -0.143552 4.21622 -0.97977 -0.178892 0.0897167 22.4003
5 14 -0.1442 0.170432 0.974761 -24.8127 -0.238788 0.949952 -0.201419 6.41326 -0.960306 -0.261807 -0.0962863 24.9736
5 15 -0.363171 0.161607 0.9176 -22.4444 -0.191903 0.950752 -0.243398 5.95301 -0.911746 -0.264485 -0.314273 27.4028
5 16 -0.473776 0.145684 0.868511 -21.5712 -0.181421 0.948921 -0.258138 5.83065 -0.861756 -0.279866 -0.423146 28.3167
5 17 -0.599335 0.136773 0.788727 -21.0998 -0.184426 0.935197 -0.302314 7.85032 -0.778964 -0.326649 -0.535272 32.8288
5 18 -0.867963 0.100716 0.486308 -11.0267 -0.0783429 0.939191 -0.334337 7.73826 -0.490411 -0.32829 -0.807294 39.9288
5 19 -0.973248 0.0471151 0.224875 -4.50008 -0.0320821 0.941291 -0.336067 7.59369 -0.227507 -0.33429 -0.914599 43.4235
5 20 -0.991775 0.000649647 -0.127993 7.14483 0.0468837 0.932332 -0.358551 8.08194 0.119099 -0.361602 -0.924694 41.1492
5 21 -0.959674 -0.0412653 -0.278071 9.68655 0.07287 0.918841 -0.387841 8.91613 0.271508 -0.392464 -0.878781 37.3257
5 22 -0.931258 -0.0736559 -0.356839 9.28752 0.0678231 0.927195 -0.368385 7.82693 0.357993 -0.367263 -0.858463 34.9518
5 23 -0.766216 -0.0973733 -0.635162 14.7798 0.114958 0.951734 -0.284583 5.50293 0.632216 -0.291069 -0.71804 29.7325
5 24 -0.592535 -0.115164 -0.79727 17.613 0.187282 0.942913 -0.27539 5.02754 0.783471 -0.312493 -0.537141 25.7112
5 25 -0.298417 -0.152007 -0.942253 22.0025 0.234733 0.945225 -0.226827 4.92618 0.925121 -0.288867 -0.246389 21.7876
5 26 -0.117176 -0.174466 -0.977666 21.2301 0.248917 0.947864 -0.198981 5.21132 0.961411 -0.266673 -0.0676394 20.5552
5 27 0.0428244 -0.178444 -0.983017 19.2078 0.225388 0.960281 -0.164498 3.95485 0.973328 -0.214516 0.0813427 17.3212
5 28 0.209589 -0.174288 -0.962131 16.5634 0.180256 0.974007 -0.137173 2.51602 0.961031 -0.144679 0.235558 13.3197
5 29 0.893145 -0.077724 -0.443002 14.5266 0.0889962 0.996021 0.00467656 0.578786 0.440877 -0.0436021 0.896508 3.09732
6 7 0.934532 0.0788264 0.34704 -3.67281 -0.0835675 0.996502 -0.00130721 -0.234225 -0.34593 -0.0277794 0.93785 -1.02425
6 8 0.877839 0.100465 0.468302 -8.52916 -0.101231 0.994583 -0.0236079 -0.195266 -0.468137 -0.0266826 0.883254 -0.744113
6 9 0.828271 0.116593 0.548064 -12.1961 -0.113085 0.992768 -0.0402956 -0.210713 -0.548798 -0.0286017 0.835466 -0.572291
6 10 0.745612 0.135503 0.652458 -17.3122 -0.115394 0.990571 -0.0738521 0.0670341 -0.656313 -0.020225 0.754218 1.50079
6 11 0.617408 0.173765 0.767212 -23.6107 -0.161795 0.982497 -0.09232 1.30385 -0.769825 -0.067132 0.634715 5.95091
6 12 0.489588 0.174308 0.854354 -26.4176 -0.178023 0.979159 -0.0977551 1.94174 -0.853588 -0.104235 0.510415 10.6814
6 13 0.139241 0.196752 0.970516 -23.8194 -0.196747 0.966021 -0.167614 3.58664 -0.970517 -0.167608 0.173219 19.1608
6 14 -0.0665625 0.210584 0.975308 -22.8443 -0.249556 0.942894 -0.220616 5.46563 -0.966071 -0.25808 -0.0102093 21.3107
6 15 -0.289379 0.201151 0.935841 -21.3778 -0.206104 0.941646 -0.266129 5.06454 -0.934763 -0.269892 -0.231035 23.3701
6 16 -0.403563 0.184118 0.896235 -21.0144 -0.196818 0.939143 -0.281557 4.94143 -0.893533 -0.290021 -0.342766 24.1828
6 17 -0.53503 0.172972 0.826937 -21.1775 -0.203339 0.923678 -0.324767 6.83652 -0.819998 -0.341909 -0.459023 28.6868
6 18 -0.826701 0.126851 0.548155 -12.7926 -0.100076 0.925566 -0.365119 7.01422 -0.553671 -0.356701 -0.752472 36.1147
6 19 -0.9524 0.0635939 0.298148 -7.29518 -0.0540842 0.927239 -0.370544 7.02629 -0.300019 -0.36903 -0.879663 40.2525
6 20 -0.998744 0.0031239 -0.05001 3.39842 0.0228345 0.916777 -0.398747 7.72885 0.0446017 -0.399388 -0.915697 39.1418
6 21 -0.978698 -0.0450359 -0.200308 5.66514 0.0463833 0.90192 -0.429406 8.57551 0.2 -0.42955 -0.880618 35.9465
6 22 -0.956691 -0.0807843 -0.279672 5.15771 0.0429151 0.911088 -0.409971 7.52006 0.287926 -0.404218 -0.868164 33.9318
6 23 -0.814087 -0.116939 -0.568847 10.5263 0.0965855 0.938613 -0.331177 5.57517 0.572655 -0.324549 -0.752818 30.0372
6 24 -0.653732 -0.142566 -0.743175 13.5543 0.169367 0.929613 -0.327313 5.36917 0.737529 -0.339845 -0.583572 26.9762
6 25 -0.372055 -0.187467 -0.909083 18.5899 0.220489 0.933511 -0.282742 5.55248 0.901644 -0.305638 -0.305983 24.2679
6 26 -0.194252 -0.212723 -0.95761 18.3486 0.236825 0.937159 -0.25622 5.95631 0.951935 -0.276556 -0.131667 23.6099
6 27 -0.0351831 -0.218142 -0.975283 16.8651 0.216128 0.951132 -0.220537 4.70822 0.975731 -0.218545 0.0136826 20.8045
6 28 0.132723 -0.214432 -0.96768 14.8507 0.173339 0.966292 -0.190349 3.18593 0.975879 -0.142473 0.165418 17.1678
6 29 0.855304 -0.102331 -0.507921 16.4954 0.093582 0.994691 -0.0428146 1.29091 0.509606 -0.0109122 0.860339 6.81306
7 8 0.990807 0.0261421 0.132736 -4.74804 -0.0243978 0.999594 -0.014751 -0.0658541 -0.133067 0.011377 0.991042 -0.215104
7 9 0.973436 0.046252 0.224239 -8.38031 -0.0414099 0.998797 -0.0262506 -0.155748 -0.225183 0.0162678 0.97418 -0.397731
7 10 0.933908 0.0718667 0.350214 -13.5066 -0.0553868 0.996844 -0.0568616 0.0388541 -0.353195 0.0337062 0.934942 1.16908
7 11 0.856938 0.120558 0.501123 -19.9218 -0.105795 0.9927 -0.057906 1.08849 -0.504445 -0.0033945 0.863437 4.98176
7 12 0.767771 0.131667 0.62705 -22.9246 -0.12311 0.990737 -0.0572969 1.66295 -0.628786 -0.0332051 0.776869 9.15992
7 13 0.482442 0.183159 0.856564 -21.1273 -0.165887 0.979302 -0.115972 3.08796 -0.860076 -0.0861438 0.502839 16.4967
7 14 0.292866 0.214134 0.931867 -20.764 -0.235456 0.960738 -0.14677 4.67554 -0.926709 -0.176431 0.331786 18.2055
7 15 0.070197 0.223406 0.972194 -20.0719 -0.210742 0.955922 -0.204451 4.30502 -0.975018 -0.19053 0.114183 19.8614
7 16 -0.0515995 0.216026 0.975023 -20.1547 -0.207616 0.952672 -0.222062 4.17459 -0.976849 -0.213887 -0.00430724 20.5405
7 17 -0.199387 0.215996 0.955819 -20.8802 -0.229924 0.937863 -0.259902 5.94552 -0.952565 -0.271587 -0.137335 24.984
7 18 -0.572346 0.194776 0.796543 -14.0333 -0.147277 0.931168 -0.33352 6.3498 -0.806678 -0.3082 -0.504265 32.5632
7 19 -0.781565 0.142571 0.607314 -9.51028 -0.106047 0.928999 -0.354563 6.49123 -0.614745 -0.341517 -0.710954 37.1865
7 20 -0.950467 0.0866412 0.298506 0.233577 -0.0447762 0.912182 -0.407332 7.36085 -0.307584 -0.40052 -0.863119 37.0342
7 21 -0.987688 0.0371712 0.151952 2.20189 -0.0345801 0.895449 -0.443818 8.20366 -0.152563 -0.443609 -0.88314 34.3777
7 22 -0.997483 -0.000187396 0.0709005 1.56672 -0.0303537 0.90485 -0.424646 7.18557 -0.064075 -0.425729 -0.902579 32.6723
7 23 -0.967421 -0.0477544 -0.248628 6.70735 0.0493174 0.92769 -0.37008 5.59453 0.248322 -0.370284 -0.895111 29.9457
7 24 -0.880083 -0.0864646 -0.466881 9.82348 0.117965 0.912635 -0.391384 5.61532 0.459932 -0.399526 -0.792994 27.7596
7 25 -0.677963 -0.154531 -0.71867 15.3276 0.181516 0.912189 -0.367375 6.05653 0.712333 -0.379517 -0.59038 26.1906
7 26 -0.530632 -0.194493 -0.824987 15.5091 0.206274 0.914423 -0.348254 6.57139 0.82212 -0.354967 -0.445103 26.0904
7 27 -0.388537 -0.213163 -0.896437 14.47 0.200417 0.930031 -0.308017 5.34666 0.899373 -0.299338 -0.31863 23.7113
7 28 -0.228693 -0.223507 -0.947494 12.988 0.172101 0.948674 -0.265325 3.76847 0.958166 -0.223743 -0.178489 20.4517
7 29 0.614973 -0.172784 -0.769385 17.9256 0.151004 0.983446 -0.100158 1.97328 0.773955 -0.0545857 0.630884 10.289
8 9 0.995461 0.0191757 0.0932235 -3.63251 -0.0184029 0.999789 -0.0091419 -0.179252 -0.0933792 0.00738493 0.995603 -0.626454
8 10 0.973687 0.0438861 0.223622 -8.83253 -0.0363655 0.998629 -0.037641 -0.0761436 -0.224967 0.0285183 0.973949 0.312305
8 11 0.918728 0.0922097 0.383975 -15.471 -0.0865577 0.995732 -0.0320155 0.736195 -0.385288 -0.00382239 0.922788 3.35065
8 12 0.847386 0.103632 0.520765 -18.7823 -0.103683 0.994183 -0.0291302 1.22986 -0.520755 -0.0293102 0.853203 6.86895
8 13 0.596491 0.158679 0.786777 -18.1154 -0.154155 0.984661 -0.0817171 2.40329 -0.787677 -0.0725423 0.611803 12.8836
8 14 0.419463 0.193155 0.886984 -18.5689 -0.227657 0.968257 -0.103193 3.63618 -0.878762 -0.158644 0.450122 14.1195
8 15 0.204437 0.207262 0.956686 -18.8818 -0.210953 0.963691 -0.163701 3.33166 -0.955879 -0.168348 0.240736 15.3635
8 16 0.0839424 0.202815 0.975612 -19.5329 -0.210277 0.960626 -0.181607 3.20039 -0.974032 -0.189904 0.123285 15.9298
8 17 -0.0650361 0.206674 0.976246 -20.9654 -0.237791 0.946925 -0.216308 4.83231 -0.969137 -0.24621 -0.0124392 20.3636
8 18 -0.456263 0.196911 0.867784 -16 -0.16585 0.939302 -0.30034 5.55959 -0.874253 -0.280955 -0.395912 28.3086
8 19 -0.69004 0.152623 0.707496 -12.6244 -0.127849 0.936438 -0.326706 5.87559 -0.71239 -0.315892 -0.626668 33.6484
8 20 -0.899842 0.105392 0.423294 -3.94091 -0.0745856 0.918913 -0.387347 6.98391 -0.429793 -0.380121 -0.819014 34.7924
8 21 -0.957467 0.0590121 0.282443 -2.27955 -0.0697637 0.902476 -0.425054 7.84042 -0.279982 -0.426679 -0.859974 32.8353
8 22 -0.978907 0.0231032 0.202996 -3.03597 -0.0627856 0.911487 -0.406509 6.86005 -0.19442 -0.410679 -0.890811 31.5305
8 23 -0.992777 -0.0204646 -0.118212 1.96684 0.0239931 0.931569 -0.362773 5.69177 0.117546 -0.362989 -0.924349 30.281
8 24 -0.936224 -0.0580704 -0.346572 5.29988 0.0887881 0.915159 -0.393192 6.01258 0.340001 -0.398888 -0.851638 29.1645
8 25 -0.771163 -0.127326 -0.623775 11.5235 0.15493 0.912808 -0.37786 6.77097 0.617499 -0.388033 -0.684197 28.9498
8 26 -0.640343 -0.169299 -0.749199 12.2964 0.182057 0.914156 -0.362179 7.4181 0.746201 -0.368315 -0.554552 29.4898
8 27 -0.509527 -0.190374 -0.83913 11.8577 0.182002 0.929307 -0.321346 6.20289 0.840985 -0.316459 -0.438859 27.5891
8 28 -0.3582 -0.20386 -0.911117 11.0778 0.160101 0.948004 -0.275056 4.5319 0.919816 -0.244396 -0.306937 24.7369
8 29 0.502678 -0.176369 -0.846291 20.1186 0.162031 0.98084 -0.108166 2.78393 0.849153 -0.0827525 0.521623 14.4276
9 10 0.990955 0.0239138 0.13204 -5.14587 -0.0205601 0.999432 -0.026705 0.0115924 -0.132604 0.0237484 0.990884 0.45562
9 11 0.952121 0.0717726 0.297177 -11.8134 -0.0700555 0.997408 -0.0164387 0.650207 -0.297586 -0.00516731 0.954681 2.8668
9 12 0.894074 0.0832553 0.440113 -15.244 -0.0868643 0.996148 -0.0119784 1.08538 -0.439415 -0.0275206 0.897863 5.83031
9 13 0.670173 0.140475 0.72879 -15.1993 -0.142191 0.988038 -0.0596914 2.02649 -0.728458 -0.0636245 0.68213 10.6534
9 14 0.503951 0.177287 0.845342 -16.1769 -0.217677 0.973186 -0.0743304 2.97335 -0.835853 -0.146554 0.529029 11.3884
9 15 0.296669 0.19471 0.93492 -17.1836 -0.206776 0.968867 -0.136166 2.66891 -0.932326 -0.152922 0.327694 12.1547
9 16 0.1784 0.192308 0.964982 -18.2459 -0.207832 0.965954 -0.154079 2.52206 -0.961759 -0.173066 0.212295 12.5382
9 17 0.0302313 0.198902 0.979553 -20.2063 -0.238718 0.953079 -0.186159 4.01938 -0.970618 -0.22821 0.0762945 16.8447
9 18 -0.369518 0.197333 0.908028 -16.7381 -0.175084 0.944902 -0.276596 4.9197 -0.91258 -0.261188 -0.314609 24.7497
9 19 -0.618026 0.158822 0.769948 -14.3586 -0.139768 0.941581 -0.306416 5.34471 -0.773634 -0.296987 -0.559723 30.4343
9 20 -0.854275 0.11806 0.506237 -6.70578 -0.0927361 0.923633 -0.371893 6.57963 -0.511483 -0.364644 -0.778087 32.3816
9 21 -0.925659 0.0740377 0.371045 -5.3963 -0.0917664 0.907455 -0.410006 7.41289 -0.367062 -0.413574 -0.8332 30.9058
9 22 -0.955096 0.0392573 0.293684 -6.31435 -0.0829184 0.916166 -0.392127 6.47742 -0.284457 -0.398871 -0.871772 29.8796
9 23 -0.999683 -0.00110955 -0.0251383 -1.68047 0.00792866 0.934247 -0.356539 5.66468 0.023881 -0.356625 -0.933942 29.7188
9 24 -0.965396 -0.0376605 -0.258053 1.62466 0.0692791 0.916927 -0.392996 6.1824 0.251416 -0.397275 -0.882588 29.4537
9 25 -0.828254 -0.107405 -0.549962 8.1511 0.136505 0.913219 -0.383925 7.19001 0.543471 -0.39306 -0.741716 30.3888
9 26 -0.710526 -0.150629 -0.68736 9.25783 0.164996 0.913924 -0.370836 7.94896 0.684053 -0.3769 -0.624513 31.5159
9 27 -0.589091 -0.173286 -0.789267 9.19229 0.169039 0.928699 -0.330066 6.77663 0.790187 -0.327856 -0.517797 30.0763
9 28 -0.445421 -0.188896 -0.875168 8.87772 0.151911 0.947372 -0.281796 5.077 0.88234 -0.258466 -0.393284 27.6493
9 29 0.418119 -0.177846 -0.890812 21.0475 0.17002 0.97864 -0.115578 3.50455 0.892339 -0.103131 0.439425 17.9258
10 11 0.984466 0.0442201 0.169918 -6.82536 -0.0477406 0.99872 0.016688 0.385359 -0.168962 -0.0245405 0.985317 1.5487
10 12 0.946092 0.0530727 0.31952 -10.5217 -0.0638386 0.997688 0.0233066 0.734693 -0.317545 -0.0424478 0.947293 3.76515
10 13 0.763701 0.107154 0.636616 -11.5607 -0.125159 0.991994 -0.0168275 1.37861 -0.633323 -0.0668273 0.770998 7.04392
10 14 0.615252 0.14425 0.775021 -13.3657 -0.20225 0.979093 -0.021676 1.93112 -0.761946 -0.143413 0.631564 7.18146
10 15 0.422089 0.163533 0.891682 -15.4197 -0.199716 0.976204 -0.0844957 1.66838 -0.884282 -0.142418 0.444705 7.40334
10 16 0.308802 0.162761 0.937096 -17.0857 -0.203198 0.973792 -0.102175 1.51169 -0.929168 -0.158863 0.333783 7.60654
10 17 0.164055 0.172009 0.971339 -19.8066 -0.238348 0.962417 -0.130173 2.84103 -0.957224 -0.210161 0.198887 11.8308
10 18 -0.241561 0.18057 0.953437 -18.4176 -0.187426 0.955352 -0.228418 4.04822 -0.952114 -0.233875 -0.196932 19.9427
10 19 -0.506975 0.150877 0.848654 -17.3558 -0.156447 0.952102 -0.262728 4.64832 -0.847645 -0.265965 -0.459087 26.2847
10 20 -0.776882 0.122038 0.617707 -10.9864 -0.118915 0.934946 -0.334271 6.10917 -0.618316 -0.333142 -0.711829 29.528
10 21 -0.866524 0.0831186 0.492167 -10.0805 -0.123373 0.919775 -0.372549 6.93711 -0.483649 -0.383542 -0.786753 28.7799
10 22 -0.906741 0.0510291 0.418589 -11.1716 -0.112036 0.927822 -0.3558 6.05225 -0.406532 -0.369515 -0.835579 28.1727
10 23 -0.993988 0.0201159 0.107627 -6.84467 -0.016879 0.943075 -0.332153 5.71822 -0.108181 -0.331973 -0.937065 29.5929
10 24 -0.991639 -0.0108993 -0.12858 -3.41947 0.0386886 0.925476 -0.376824 6.54245 0.123104 -0.378649 -0.917317 30.5095
10 25 -0.895949 -0.0756281 -0.43767 3.74095 0.106415 0.920146 -0.376839 7.89864 0.43122 -0.384203 -0.816357 32.9842
10 26 -0.798461 -0.11758 -0.590454 5.41944 0.136394 0.919916 -0.36763 8.80766 0.586393 -0.374073 -0.71848 34.8651
10 27 -0.692123 -0.139998 -0.708072 5.95496 0.146137 0.93351 -0.327417 7.66699 0.706831 -0.330089 -0.625645 34.0024
10 28 -0.561467 -0.15626 -0.812612 6.36053 0.135984 0.951236 -0.276873 5.89188 0.81625 -0.265957 -0.512839 32.0864
10 29 0.292462 -0.162552 -0.942361 22.9838 0.176624 0.977675 -0.113828 4.45397 0.939825 -0.133153 0.314643 22.6202
11 12 0.988033 0.0131698 0.153673 -4.02107 -0.0147689 0.999848 0.00926675 0.234238 -0.153528 -0.0114255 0.988079 1.19144
11 13 0.864747 0.0811814 0.495602 -6.45727 -0.0822082 0.996419 -0.0197775 0.464158 -0.495433 -0.0236404 0.868324 2.32675
11 14 0.743762 0.127626 0.656147 -9.35459 -0.159496 0.987134 -0.0112127 0.479468 -0.649137 -0.096314 0.75455 1.61941
11 15 0.574276 0.158053 0.803259 -12.805 -0.167803 0.983079 -0.0734672 0.257997 -0.801279 -0.0925983 0.591081 1.0546
11 16 0.470431 0.163449 0.867166 -15.2808 -0.174341 0.980542 -0.0902395 0.0836447 -0.865043 -0.108731 0.489775 0.985699
11 17 0.33416 0.180166 0.925136 -19.028 -0.214206 0.970392 -0.111608 1.17789 -0.917852 -0.160875 0.362859 5.06613
11 18 -0.0678181 0.207782 0.975821 -20.4718 -0.181081 0.959265 -0.216841 2.77844 -0.981127 -0.191408 -0.0274297 13.3624
11 19 -0.348226 0.18905 0.91815 -21.2274 -0.156556 0.953968 -0.255802 3.60831 -0.924245 -0.232818 -0.302599 20.5348
11 20 -0.654457 0.169279 0.736906 -16.6597 -0.132522 0.933848 -0.332215 5.35929 -0.744394 -0.315076 -0.58873 25.4804
11 21 -0.765759 0.132594 0.62931 -16.3328 -0.144086 0.918271 -0.368805 6.17097 -0.626778 -0.373091 -0.68407 25.7051
11 22 -0.819273 0.101237 0.564395 -17.6766 -0.129724 0.926046 -0.354415 5.35886 -0.558536 -0.363578 -0.745553 25.6552
11 23 -0.959369 0.0693399 0.273499 -13.843 -0.0313526 0.937131 -0.347568 5.68138 -0.280404 -0.342021 -0.896881 29.1998
11 24 -0.998564 0.0343104 0.0411252 -10.3119 0.0149831 0.916156 -0.40054 6.91198 -0.0514199 -0.39935 -0.915355 31.73
11 25 -0.959743 -0.0400618 -0.278006 -2.36366 0.0814195 0.9076 -0.411867 8.74246 0.268819 -0.417922 -0.867801 36.324
11 26 -0.891585 -0.0891635 -0.443988 0.0560139 0.112487 0.906092 -0.407853 9.8579 0.43866 -0.413579 -0.797828 39.254
11 27 -0.807875 -0.118593 -0.577297 1.38067 0.129513 0.919875 -0.37021 8.76982 0.574946 -0.373852 -0.727786 39.1978
11 28 -0.697731 -0.142815 -0.701979 2.74045 0.128889 0.938906 -0.319127 6.90401 0.704669 -0.313143 -0.636698 38.0027
11 29 0.120607 -0.192032 -0.973949 25.3893 0.197772 0.966092 -0.165993 5.68861 0.9728 -0.1726 0.154495 29.0872
12 13 0.93163 0.0729907 0.356003 -3.15237 -0.0711408 0.997299 -0.018305 -0.033701 -0.356378 -0.00827336 0.934305 -0.217503
12 14 0.837376 0.122703 0.532678 -6.65084 -0.14631 0.989236 0.00212952 -0.343109 -0.526684 -0.0797203 0.846315 -1.48808
12 15 0.692925 0.156991 0.70371 -10.8939 -0.164138 0.984727 -0.0580611 -0.563499 -0.702078 -0.0752731 0.70811 -2.59454
12 16 0.600215 0.164512 0.782737 -13.8384 -0.173209 0.982132 -0.0736007 -0.755202 -0.780859 -0.0914 0.617986 -2.86907
12 17 0.474703 0.183777 0.860746 -18.1878 -0.216014 0.972374 -0.0884782 0.186933 -0.853227 -0.143933 0.501287 1.07171
12 18 0.0856873 0.217794 0.972226 -21.3366 -0.199603 0.959784 -0.197415 1.98621 -0.976123 -0.177143 0.125714 9.32906
12 19 -0.200474 0.202672 0.958506 -23.223 -0.181429 0.953765 -0.239616 2.94085 -0.962754 -0.221937 -0.154435 16.8994
12 20 -0.531155 0.185747 0.826664 -19.824 -0.16969 0.932585 -0.318578 4.83808 -0.830109 -0.30949 -0.463826 22.7676
12 21 -0.658142 0.149715 0.737858 -19.8934 -0.186944 0.916842 -0.352779 5.62481 -0.729316 -0.370117 -0.575424 23.5448
12 22 -0.721405 0.118552 0.68229 -21.4181 -0.17044 0.924537 -0.340854 4.86306 -0.671212 -0.362183 -0.64676 23.8116
12 23 -0.904947 0.0860323 0.416735 -17.9985 -0.0720471 0.934231 -0.349318 5.58903 -0.41938 -0.346139 -0.839231 28.5945
12 24 -0.979844 0.0494337 0.19355 -14.4942 -0.0346825 0.912084 -0.408533 7.04561 -0.19673 -0.407012 -0.891985 32.097
12 25 -0.991509 -0.028458 -0.126887 -6.19275 0.0291057 0.902443 -0.429826 9.16022 0.126741 -0.42987 -0.893951 37.9994
12 26 -0.95032 -0.0800969 -0.300794 -3.38815 0.0603986 0.900514 -0.430613 10.4029 0.305359 -0.427388 -0.850938 41.5959
12 27 -0.888485 -0.111993 -0.445029 -1.63553 0.0831867 0.914392 -0.39619 9.36217 0.451302 -0.38903 -0.803108 42.0605
12 28 -0.799139 -0.138994 -0.584858 0.256437 0.0906715 0.933903 -0.345838 7.4619 0.59427 -0.329403 -0.733715 41.3437
12 29 -0.0330348 -0.20281 -0.978661 26.47 0.18262 0.961486 -0.205415 6.44246 0.982629 -0.185509 0.00527432 33.0756
13 14 0.978716 0.0530492 0.198247 -3.52065 -0.0633435 0.996933 0.0459474 -0.499199 -0.195201 -0.0575276 0.979075 -1.89242
13 15 0.907532 0.0943906 0.409238 -7.94081 -0.10171 0.994806 -0.00389815 -0.851448 -0.407481 -0.0380849 0.912419 -3.6819
13 16 0.849844 0.10704 0.516051 -11.0435 -0.115882 0.993148 -0.0151629 -1.09033 -0.514137 -0.0469141 0.856424 -4.30513
13 17 0.76209 0.133754 0.633506 -15.6431 -0.161769 0.986733 -0.0137274 -0.292755 -0.626937 -0.0920203 0.773617 -0.739466
13 18 0.441842 0.193314 0.876017 -19.7467 -0.186182 0.975005 -0.121252 1.40578 -0.87756 -0.109523 0.466789 6.6605
13 19 0.169258 0.198841 0.965306 -22.4727 -0.184713 0.968481 -0.167108 2.35486 -0.968108 -0.15002 0.200651 13.8862
13 20 -0.186986 0.2079 0.960112 -20.1976 -0.203433 0.947969 -0.24489 4.17546 -0.961068 -0.241109 -0.134963 19.7005
13 21 -0.339536 0.182625 0.922693 -20.7569 -0.232832 0.934122 -0.270565 4.86347 -0.91132 -0.3067 -0.274648 20.6019
13 22 -0.42053 0.157064 0.89358 -22.5441 -0.212649 0.940403 -0.26537 4.16668 -0.882006 -0.301615 -0.36207 20.9423
13 23 -0.688436 0.14255 0.711149 -20.0092 -0.12329 0.943226 -0.308422 5.16508 -0.714741 -0.300007 -0.631777 26.1938
13 24 -0.840339 0.115464 0.52962 -17.0241 -0.111177 0.919565 -0.37688 6.64416 -0.530538 -0.375589 -0.75991 30.2466
13 25 -0.970968 0.0444784 0.235036 -9.20098 -0.0600342 0.905802 -0.419427 8.91027 -0.231552 -0.421362 -0.876835 37.0646
13 26 -0.998276 -0.00676797 0.058302 -6.52264 -0.0313019 0.901666 -0.431299 10.2408 -0.0496509 -0.43238 -0.900323 41.229
13 27 -0.994346 -0.0403372 -0.09823 -4.7928 0.00319585 0.913256 -0.407373 9.31442 0.10614 -0.405385 -0.907963 42.184
13 28 -0.962858 -0.0710618 -0.260491 -2.8379 0.0295186 0.931259 -0.363158 7.50735 0.26839 -0.357359 -0.894573 41.9831
13 29 -0.393987 -0.181998 -0.900917 25.0259 0.167186 0.949657 -0.264956 6.94387 0.903783 -0.25501 -0.343724 35.8413
14 15 0.974353 0.0554183 0.218093 -4.07006 -0.0475444 0.99802 -0.041191 -0.598575 -0.219944 0.0297669 0.975058 -2.59617
14 16 0.939738 0.076591 0.333204 -7.06622 -0.0637359 0.996746 -0.0493581 -0.910556 -0.335899 0.025148 0.941562 -3.69333
14 17 0.878555 0.114178 0.463793 -11.6153 -0.108702 0.993324 -0.0386265 -0.252688 -0.465107 -0.0164796 0.885101 -0.710193
14 18 0.61636 0.204984 0.760316 -16.0356 -0.154533 0.978237 -0.138461 1.08803 -0.772152 -0.0321516 0.634623 5.12694
14 19 0.367572 0.231864 0.900628 -19.3585 -0.162533 0.969534 -0.183268 1.91981 -0.915682 -0.0790166 0.394058 11.3687
14 20 0.018362 0.263222 0.96456 -18.1762 -0.197363 0.946696 -0.254589 3.47141 -0.980158 -0.185694 0.0693334 16.2882
14 21 -0.139701 0.245968 0.959157 -19.3109 -0.231961 0.933574 -0.273192 3.99586 -0.962641 -0.260652 -0.0733665 16.9438
14 22 -0.226098 0.224278 0.947933 -21.4342 -0.210844 0.938797 -0.272406 3.37751 -0.951012 -0.261457 -0.164973 17.1514
14 23 -0.525238 0.218397 0.822451 -20.193 -0.131772 0.933973 -0.332163 4.5388 -0.840691 -0.282841 -0.461779 22.2189
14 24 -0.711332 0.192675 0.675931 -18.1532 -0.134744 0.906471 -0.400191 5.86496 -0.689819 -0.375748 -0.61884 26.4594
14 25 -0.901347 0.116646 0.417093 -11.5268 -0.0938546 0.887556 -0.45104 8.16935 -0.422806 -0.445691 -0.789048 33.8603
14 26 -0.965829 0.0591663 0.252336 -9.41592 -0.0683066 0.881067 -0.468034 9.55441 -0.250017 -0.469277 -0.846918 38.5117
14 27 -0.994795 0.0182587 0.100244 -8.09631 -0.0291852 0.891535 -0.45201 8.80133 -0.0976246 -0.452584 -0.886362 39.937
14 28 -0.997775 -0.0218218 -0.0630002 -6.48084 0.00629786 0.909848 -0.414893 7.19856 0.0663741 -0.414368 -0.907686 40.2922
14 29 -0.573859 -0.197878 -0.794688 21.4029 0.161479 0.923981 -0.346678 7.31757 0.802876 -0.32727 -0.498282 37.5616
15 16 0.992552 0.0180348 0.120483 -2.70288 -0.0176281 0.999835 -0.00444017 -0.395354 -0.120543 0.00228302 0.992706 -1.60534
15 17 0.963501 0.0530772 0.262391 -6.98085 -0.0592903 0.998116 0.0158121 0.144495 -0.261058 -0.0307933 0.964832 0.713725
15 18 0.777732 0.143955 0.61189 -11.1954 -0.126555 0.98935 -0.071901 0.978477 -0.615724 -0.0215183 0.787668 4.65295
15 19 0.567415 0.17683 0.804221 -14.8554 -0.144604 0.98289 -0.114091 1.62339 -0.810636 -0.051557 0.583277 9.55275
15 20 0.242842 0.222095 0.944299 -14.6033 -0.195362 0.964691 -0.176652 2.7951 -0.95019 -0.141581 0.277657 13.057
15 21 0.0866989 0.212613 0.973282 -16.3039 -0.233856 0.954007 -0.187571 3.12813 -0.968399 -0.211346 0.132432 13.2197
15 22 -0.00113271 0.195536 0.980695 -18.7758 -0.21282 0.958183 -0.191294 2.58823 -0.977091 -0.208928 0.0405285 13.1547
15 23 -0.320293 0.209058 0.923962 -18.9727 -0.149076 0.95207 -0.267096 3.80851 -0.935515 -0.223289 -0.273776 17.5669
15 24 -0.534995 0.19827 0.82126 -18.0798 -0.168332 0.927567 -0.333592 4.86899 -0.827916 -0.316715 -0.462868 21.6984
15 25 -0.780801 0.142088 0.608408 -13.0401 -0.140629 0.908839 -0.392729 7.1214 -0.608747 -0.392203 -0.68964 29.3575
15 26 -0.882747 0.0945742 0.460232 -11.7573 -0.119803 0.901849 -0.415111 8.52893 -0.454319 -0.421574 -0.784773 34.3729
15 27 -0.946408 0.0613899 0.317086 -11.0883 -0.0776096 0.909776 -0.40778 7.97136 -0.313512 -0.410535 -0.856254 36.1923
15 28 -0.987135 0.0282549 0.157376 -10.073 -0.0339269 0.924837 -0.378848 6.63051 -0.156252 -0.379313 -0.91198 37.0616
