0 1 0.999998 -0.000529651 0.00206632 0.0451134 0.000527263 0.999999 0.00115596 0.0274314 -0.00206693 -0.00115487 0.999997 -0.858822
0 2 0.999991 -0.00105851 0.00412891 0.0865962 0.00104897 0.999997 0.00231246 0.05289 -0.00413135 -0.0023081 0.999989 -1.71677
0 3 0.99998 -0.00158795 0.0061931 0.124558 0.00156647 0.999993 0.00347248 0.0764358 -0.00619857 -0.00346271 0.999975 -2.57607
0 4 0.999964 -0.00211666 0.0082538 0.158906 0.00207847 0.999987 0.00463315 0.0980044 -0.0082635 -0.00461583 0.999955 -3.43457
5 6 0.999998 -0.000516589 0.0020616 0.0361311 0.0005142 0.999999 0.00115937 0.0225324 -0.0020622 -0.00115831 0.999997 -0.858343
5 7 0.999991 -0.00103376 0.00412487 0.0687398 0.00102419 0.999997 0.0023223 0.0431348 -0.00412725 -0.00231805 0.999989 -1.71802
5 8 0.99998 -0.00155019 0.00618445 0.0977431 0.00152865 0.999993 0.00348575 0.0617476 -0.00618981 -0.00347622 0.999975 -2.57679
5 9 0.999964 -0.00206702 0.00824501 0.123211 0.00202871 0.999987 0.00465234 0.0784082 -0.00825451 -0.00463545 0.999955 -3.43659
10 11 0.999998 -0.00050401 0.00205866 0.0272111 0.000501615 0.999999 0.00116383 0.0176112 -0.00205924 -0.00116279 0.999997 -0.858522
10 12 0.999991 -0.00100869 0.00411936 0.0509017 0.000999093 0.999997 0.00233141 0.0332707 -0.00412171 -0.00232728 0.999989 -1.71849
10 13 0.99998 -0.00151323 0.0061788 0.0710289 0.00149162 0.999993 0.00350088 0.0469435 -0.00618406 -0.00349158 0.999975 -2.57852
10 14 0.999964 -0.0021466 0.00824627 0.0875983 0.00210742 0.999986 0.00475674 0.058452 -0.00825637 -0.00473919 0.999955 -3.4379
15 16 0.999995 -0.00232688 0.00222971 0.0193009 0.0023216 0.999994 0.00236807 0.014328 -0.0022352 -0.00236287 0.999995 -0.863333
15 17 0.999987 -0.00328386 0.00387787 0.0369641 0.0032645 0.999982 0.00498858 0.024016 -0.00389419 -0.00497586 0.99998 -1.73383
15 18 0.999958 -0.00702015 0.00585098 0.0563249 0.00697944 0.999951 0.00695038 0.032267 -0.0058995 -0.00690925 0.999959 -2.61519
15 19 0.999941 -0.00818359 0.00719779 0.071262 0.00813594 0.999945 0.00662547 0.0442607 -0.00725161 -0.0065665 0.999952 -3.50691
20 21 0.999999 -0.000166557 0.0015214 0.0131951 0.000168782 0.999999 -0.00146026 0.0134627 -0.00152116 0.00146051 0.999998 -0.905969
20 22 0.999996 0.000321513 0.00270416 0.027986 -0.0003163 0.999998 -0.00192788 0.0262952 -0.00270477 0.00192702 0.999994 -1.8188
20 23 0.99999 8.43092e-05 0.0044609 0.0366649 -7.86046e-05 0.999999 -0.00127935 0.0372671 -0.004461 0.00127898 0.999989 -2.73381
20 24 0.999983 0.00176396 0.00551482 0.0454095 -0.0017636 0.999998 -7.22743e-05 0.0454054 -0.00551493 6.25462e-05 0.999985 -3.65225
25 26 0.999999 -0.00152625 4.99032e-05 0.0133108 0.00152644 0.999991 -0.00393176 0.0176378 -4.39011e-05 0.00393183 0.999992 -0.935886
25 27 0.999997 -0.00215928 -0.000752003 0.025544 0.00215348 0.999969 -0.00763151 0.0429328 0.000768466 0.00762987 0.999971 -1.87281
25 28 0.999997 -0.00111785 -0.00218765 0.0377454 0.00109546 0.999947 -0.0102106 0.0673218 0.00219895 0.0102082 0.999946 -2.81641
25 29 0.999993 -0.000882657 -0.00362905 0.0525576 0.000841214 0.999935 -0.0114053 0.0881032 0.00363889 0.0114022 0.999928 -3.76293
30 31 0.999999 -0.00122675 -0.000953185 0.0125504 0.00123176 0.999985 0.00527016 0.0121324 0.000946714 -0.00527133 0.999986 -0.953144
30 32 0.999997 -0.0006528 -0.00218749 0.0247364 0.000671984 0.999961 0.00878151 0.0187937 0.00218168 -0.00878296 0.999959 -1.91308
30 33 0.999994 0.00181741 -0.00288248 0.0357564 -0.00179555 0.99997 0.00757158 0.0338558 0.00289617 -0.00756636 0.999967 -2.88278
30 34 0.99999 0.00370992 -0.00266754 0.0452128 -0.00370276 0.99999 0.00268419 0.0634549 0.00267748 -0.00267428 0.999993 -3.85944
35 36 0.99997 0.00766931 0.00107854 0.000524429 -0.00766971 0.999971 0.000370787 0.0153475 -0.00107567 -0.000379048 0.999999 -0.980498
35 37 0.999941 0.0105607 0.00271001 0.00471776 -0.0105722 0.999935 0.00429133 0.0218034 -0.00266452 -0.00431972 0.999987 -1.96105
35 38 0.999945 0.00954417 0.00426219 0.0136273 -0.00958089 0.999917 0.00867789 0.0239074 -0.00417902 -0.00871825 0.999953 -2.94683
35 39 0.999941 0.00889379 0.00615863 0.0212076 -0.00895479 0.99991 0.00994874 0.0427451 -0.00606959 -0.0100033 0.999932 -3.9599
40 41 0.999994 -0.00318096 0.0010224 0.0178096 0.00318415 0.99999 -0.00312988 0.040992 -0.00101244 0.00313312 0.999995 -1.04368
40 42 0.999992 -0.00336969 0.00231668 0.0312833 0.00337921 0.999986 -0.00411767 0.0838653 -0.00230277 0.00412547 0.999989 -2.08926
40 43 0.999986 -0.00413047 0.00331446 0.0416328 0.00415169 0.999971 -0.00642083 0.121997 -0.00328785 0.0064345 0.999974 -3.12354
40 44 0.999988 -0.0035473 0.00336456 0.0549863 0.00358161 0.999941 -0.0102469 0.170955 -0.00332802 0.0102588 0.999942 -4.16018
45 46 1 -0.000470931 -8.452e-05 0.0181732 0.000470905 1 -0.00030577 0.029331 8.46571e-05 0.00030573 1 -1.02428
45 47 1 -0.000284471 6.02572e-05 0.0324007 0.000284383 0.999999 0.00147564 0.0499096 -6.06799e-05 -0.00147562 0.999999 -2.0365
45 48 0.999996 -0.00273521 -0.00019006 0.0527366 0.002736 0.999987 0.00428908 0.0685281 0.000178326 -0.00428959 0.999991 -3.04405
45 49 0.999996 -0.00257031 0.000784638 0.0623987 0.00256683 0.999987 0.00440296 0.0959901 -0.00079595 -0.00440093 0.99999 -4.0473
50 51 1 -0.000144558 0.000874009 0.013706 0.000145441 0.999999 -0.00101035 0.0294449 -0.000873857 0.00101048 0.999999 -0.997099
50 52 0.999995 -0.0030334 0.00113846 0.0320505 0.00303207 0.999995 0.0011656 0.0534173 -0.00114199 -0.00116215 0.999999 -1.98568
50 53 0.999991 -0.00373814 0.00187254 0.0476348 0.00372571 0.999971 0.00660215 0.0618762 -0.00189718 -0.00659511 0.999976 -2.96617
50 54 0.999988 -0.00419665 0.00233428 0.0586931 0.00417928 0.999964 0.00740024 0.076181 -0.00236525 -0.00739039 0.99997 -3.95051
55 56 0.999996 0.00287887 0.000312149 0.00898827 -0.00287789 0.999991 -0.00309738 0.0237439 -0.000321062 0.00309647 0.999995 -0.978817
55 57 0.999991 0.00414703 0.000593864 0.0188107 -0.00414465 0.999984 -0.00395775 0.0480142 -0.000610272 0.00395526 0.999992 -1.95106
55 58 0.999974 0.00716895 0.000770203 0.0259428 -0.00716655 0.99997 -0.00307746 0.0661303 -0.000792237 0.00307186 0.999995 -2.9163
55 59 0.999944 0.0105043 0.00131598 0.0273498 -0.0105026 0.999944 -0.00130113 0.0787434 -0.00132957 0.00128723 0.999998 -3.88211
60 61 0.999995 0.00304914 0.00108425 0.00405578 -0.00304445 0.999986 -0.00429821 0.0192091 -0.00109736 0.00429488 0.99999 -0.964135
60 62 0.999987 0.00496521 0.00153575 0.0141766 -0.00494984 0.999939 -0.00985529 0.0432186 -0.0015846 0.00984755 0.99995 -1.92781
60 63 0.999992 0.00353145 0.00208952 0.0284909 -0.00350641 0.999923 -0.0118668 0.0683576 -0.00213127 0.0118594 0.999927 -2.8817
60 64 0.999992 0.00191886 0.00362856 0.0341516 -0.001884 0.999952 -0.00958679 0.083894 -0.00364679 0.00957987 0.999948 -3.82521
65 66 0.999999 -0.00116748 0.00111821 0.00297911 0.00116113 0.999983 0.00566865 0.0145746 -0.00112482 -0.00566736 0.999983 -0.917436
65 67 0.999977 -0.00629974 0.00236277 0.0147926 0.00628807 0.999968 0.0049147 0.0320129 -0.00239366 -0.00489973 0.999985 -1.83099
65 68 0.999951 -0.00940647 0.00319991 0.0213761 0.00940004 0.999954 0.00202026 0.0619216 -0.00321878 -0.00199009 0.999993 -2.73215
65 69 0.999917 -0.0120594 0.00455542 0.0262676 0.0120582 0.999927 0.000286115 0.0923128 -0.00455853 -0.000231162 0.99999 -3.61761
70 71 0.999998 -0.00143261 0.00163477 0.00794606 0.00143405 0.999999 -0.000872916 0.0201506 -0.00163351 0.00087526 0.999998 -0.857811
70 72 0.999991 -0.00273715 0.00312521 0.0135388 0.00274187 0.999995 -0.00150973 0.0433581 -0.00312106 0.00151828 0.999994 -1.70363
70 73 0.999986 -0.00244454 0.0047467 0.0151246 0.00245648 0.999994 -0.00251073 0.0667672 -0.00474052 0.00252235 0.999986 -2.53509
70 74 0.999979 -0.0019846 0.00619789 0.014859 0.00200464 0.999993 -0.00322715 0.0883521 -0.00619144 0.00323951 0.999976 -3.35443
75 76 0.999998 -0.0015175 0.00115329 0.00708651 0.00152285 0.999988 -0.00465467 0.0221876 -0.0011462 0.00465642 0.999989 -0.796689
75 77 0.999988 -0.00389739 0.00303053 0.00706267 0.00391663 0.999972 -0.00636974 0.0513128 -0.0030056 0.00638153 0.999975 -1.57558
75 78 0.999964 -0.00719459 0.00459635 0.0123171 0.00720896 0.999969 -0.00311626 0.0724209 -0.00457378 0.00314928 0.999985 -2.33189
75 79 0.999948 -0.00833081 0.00582307 0.0140816 0.00830495 0.999956 0.00444915 0.0763699 -0.00585987 -0.00440056 0.999973 -3.06605
80 81 1 -0.000902516 0.000391667 0.00609834 0.000901668 0.999997 0.00216429 0.0153129 -0.000393617 -0.00216394 0.999998 -0.698098
80 82 0.999995 -0.00306438 0.00116209 0.0135957 0.00306583 0.999995 -0.00124529 0.039932 -0.00115826 0.00124884 0.999999 -1.37765
80 83 0.999989 -0.00403057 0.00245009 0.0161181 0.00404205 0.999981 -0.00469788 0.0743237 -0.0024311 0.00470773 0.999986 -2.03668
80 84 0.999992 -0.00113099 0.00378196 0.0120536 0.0011368 0.999998 -0.00153231 0.0905506 -0.00378021 0.00153659 0.999992 -2.67044
85 86 0.999991 0.004112 -0.000773944 -0.00386389 -0.00410748 0.999975 0.0057401 0.0174043 0.000797534 -0.00573687 0.999983 -0.596493
85 87 0.99999 0.00240905 -0.00374807 0.00186476 -0.0023856 0.999978 0.00624977 0.0325968 0.00376305 -0.00624077 0.999974 -1.18071
85 88 0.999966 -0.0029222 -0.00770056 0.01395 0.00294537 0.999991 0.00299689 0.0544539 0.00769174 -0.00301947 0.999966 -1.75284
85 89 0.999924 -0.00160977 -0.0122051 0.020718 0.00160835 0.999999 -0.000125811 0.0762926 0.0122053 0.000106173 0.999926 -2.30936
90 91 0.999959 0.00456861 -0.00778102 -0.00973903 -0.00460298 0.99998 -0.00440523 0.0225728 0.00776075 0.00444087 0.99996 -0.531412
90 92 0.999832 0.00168313 -0.018237 -0.00610811 -0.00175188 0.999991 -0.0037545 0.0402233 0.0182305 0.00378581 0.999827 -1.04382
90 93 0.999444 -0.00395142 -0.03311 0.0173285 0.00383399 0.999986 -0.00360948 0.0564655 0.0331238 0.00348052 0.999445 -1.5455
90 94 0.998662 -0.009123 -0.0509082 0.048596 0.00890225 0.99995 -0.00456119 0.0732471 0.0509473 0.00410188 0.998693 -2.03274
95 96 0.999672 0.00371068 -0.0253484 -0.0168486 -0.00374108 0.999992 -0.00115217 0.0149413 0.0253439 0.00124662 0.999678 -0.459728
95 97 0.998512 0.00503789 -0.0542959 -0.021905 -0.00520225 0.999982 -0.00288625 0.0306439 0.0542804 0.00316441 0.998521 -0.914411
95 98 0.996217 0.00530039 -0.0867429 -0.0102509 -0.00572233 0.999973 -0.0046163 0.0468137 0.0867161 0.0050952 0.99622 -1.36416
95 99 0.99239 0.00528589 -0.123022 0.0179304 -0.00602603 0.999966 -0.00564493 0.0615148 0.122988 0.00634331 0.992388 -1.80056
100 101 0.998987 0.000366806 -0.0450066 -0.0274886 -0.000381635 1 -0.000321035 0.0130289 0.0450065 0.000337888 0.998987 -0.430803
100 102 0.995606 -0.00127124 -0.0936333 -0.0380289 0.00135205 0.999999 0.000799541 0.0280547 0.0936322 -0.000922622 0.995606 -0.843294
100 103 0.989095 -0.00124592 -0.147274 -0.0276714 0.0017051 0.999994 0.00299166 0.0396834 0.147269 -0.00321015 0.989091 -1.25911
100 104 0.978995 -0.000430481 -0.203885 0.00238177 0.00137113 0.999989 0.00447236 0.0467722 0.20388 -0.00465797 0.978985 -1.65325
105 106 0.998014 0.000752436 -0.0629855 -0.0439515 -0.000650218 0.999998 0.00164333 0.00411072 0.0629866 -0.00159912 0.998013 -0.394401
105 107 0.991879 0.00396639 -0.127126 -0.0759841 -0.00355916 0.999988 0.00343036 0.00855127 0.127138 -0.00295005 0.991881 -0.770577
105 108 0.981665 0.00528158 -0.190543 -0.0741867 -0.00457878 0.999981 0.00412848 0.0174249 0.190561 -0.00318033 0.98167 -1.15808
105 109 0.967533 0.00660427 -0.252658 -0.0562566 -0.00606692 0.999977 0.00290579 0.027426 0.252672 -0.00127859 0.967551 -1.52969
110 111 0.998071 0.000848948 -0.0620776 -0.0483866 -0.000914266 0.999999 -0.00102391 0.00411784 0.0620767 0.00107869 0.998071 -0.380459
110 112 0.992454 0.00401325 -0.12255 -0.0897613 -0.0040166 0.999992 0.000219699 0.00698323 0.12255 0.000274197 0.992462 -0.753136
110 113 0.983646 0.0102634 -0.179818 -0.101093 -0.0100639 0.999947 0.00202137 0.0116915 0.17983 -0.00017864 0.983698 -1.13336
110 114 0.972168 0.00905052 -0.234108 -0.0934707 -0.00867998 0.999959 0.00261307 0.0182924 0.234122 -0.000508281 0.972207 -1.504
115 116 0.998726 -0.00105207 -0.0504416 -0.0392067 0.00112157 0.999998 0.00134948 0.00433271 0.05044 -0.00140433 0.998726 -0.379089
115 117 0.995319 0.00513339 -0.0965085 -0.0761655 -0.00489401 0.999984 0.00271693 0.0066163 0.0965209 -0.0022319 0.995328 -0.752999
115 118 0.990218 0.0206153 -0.137997 -0.102963 -0.0204964 0.999787 0.00228247 0.00972086 0.138015 0.000568296 0.99043 -1.13949
115 119 0.9843 0.025972 -0.17458 -0.105249 -0.0261496 0.999657 0.00128336 0.0157449 0.174553 0.00330198 0.984642 -1.5255
120 121 0.999422 -0.0115967 -0.0319511 -0.00798322 0.0117394 0.999922 0.00428206 0.0121418 0.0318989 -0.00465467 0.99948 -0.388316
120 122 0.997976 -0.0173894 -0.0611654 -0.0115023 0.0178518 0.999816 0.00702079 0.0246573 0.061032 -0.00809849 0.998103 -0.781563
120 123 0.996065 -0.0163109 -0.0871147 -0.0175752 0.0171782 0.99981 0.00921488 0.0314037 0.0869479 -0.0106751 0.996156 -1.18487
120 124 0.9938 -0.00986829 -0.110746 -0.021951 0.0112517 0.999866 0.0118735 0.0329886 0.110614 -0.013046 0.993778 -1.59504
125 126 0.999804 0.0020404 -0.0196691 -0.0253865 -0.0018738 0.999962 0.00848496 -0.0138627 0.0196856 -0.00844646 0.99977 -0.428605
125 127 0.999299 -0.000754828 -0.0374171 -0.0317472 0.00110239 0.999956 0.00926875 -0.0165228 0.0374085 -0.0093035 0.999257 -0.879132
125 128 0.99859 -0.00371352 -0.0529549 -0.0320348 0.00391549 0.999985 0.00371069 -0.00315457 0.0529404 -0.00391281 0.99859 -1.34772
125 129 0.9977 -0.00381789 -0.0676781 -0.0330446 0.00382509 0.999993 -2.31818e-05 0.0122732 0.0676777 -0.000235743 0.997707 -1.82297
130 131 0.999921 0.00373425 -0.011966 -0.0267248 -0.00374241 0.999993 -0.000658893 0.00554298 0.0119634 0.000703618 0.999928 -0.497492
130 132 0.999726 0.00692012 -0.0223731 -0.0466449 -0.00691534 0.999976 0.000290946 0.0113111 0.0223745 -0.000136151 0.99975 -1.01221
130 133 0.999484 0.00901357 -0.0308424 -0.0603633 -0.00898266 0.999959 0.00114067 0.0170073 0.0308514 -0.000863045 0.999524 -1.54271
130 134 0.999262 0.0107109 -0.036888 -0.0720276 -0.0106613 0.999942 0.00154206 0.0215325 0.0369023 -0.00114765 0.999318 -2.0889
135 136 0.99998 0.00030315 -0.0063038 -0.0168995 -0.000296911 1 0.000989686 0.000234409 0.0063041 -0.000987797 0.99998 -0.584023
135 137 0.999936 0.00266155 -0.0110081 -0.0316769 -0.00264948 0.999996 0.0011096 0.00268056 0.011011 -0.00108037 0.999939 -1.18719
135 138 0.999886 0.00430966 -0.0144943 -0.051421 -0.00429534 0.99999 0.00101901 0.00467415 0.0144985 -0.000956645 0.999894 -1.80638
135 139 0.999824 0.00533875 -0.0179882 -0.065056 -0.0053269 0.999986 0.000705912 0.00868527 0.0179917 -0.000609971 0.999838 -2.44609
140 141 0.999988 0.00464141 -0.001334 -0.0253559 -0.00464164 0.999989 -0.000159926 0.00318292 0.00133324 0.000166114 0.999999 -0.673537
140 142 0.999962 0.00863305 -0.00121928 -0.0546127 -0.00863349 0.999963 -0.000352563 0.00566415 0.0012162 0.00036308 0.999999 -1.35936
140 143 0.999944 0.0105251 0.000574606 -0.0799146 -0.0105249 0.999945 -0.0004408 0.00901162 -0.000579208 0.000434731 1 -2.06643
140 144 0.999908 0.0130135 0.00375625 -0.107961 -0.0130132 0.999915 -0.000104524 0.0123547 -0.00375729 5.56333e-05 0.999993 -2.78931
145 146 0.999992 0.00150157 0.00375374 -0.0159633 -0.00149476 0.999997 -0.00181389 0.00921657 -0.00375646 0.00180826 0.999991 -0.759223
145 147 0.99997 0.00150895 0.0076114 -0.0334457 -0.00148368 0.999993 -0.00332658 0.0209732 -0.00761637 0.00331519 0.999966 -1.531
145 148 0.999932 -0.00117037 0.0116123 -0.0492406 0.00123582 0.999983 -0.00563109 0.0342844 -0.0116055 0.00564506 0.999917 -2.31885
145 149 0.999876 -0.00211092 0.0155992 -0.0697071 0.00221695 0.999975 -0.0067831 0.0468553 -0.0155845 0.00681684 0.999855 -3.11401
150 151 0.999992 -0.00201804 0.0033746 -0.00830506 0.00200711 0.999993 0.0032364 0.0126512 -0.0033811 -0.00322961 0.999989 -0.805402
150 152 0.99996 -0.00760358 0.00469275 -0.0140425 0.00756051 0.99993 0.00912676 0.0164115 -0.00476182 -0.00909093 0.999947 -1.61608
150 153 0.999938 -0.0102239 0.00434412 -0.0234876 0.010171 0.999876 0.0120144 0.0172182 -0.00446642 -0.0119694 0.999918 -2.43186
150 154 0.99991 -0.0126533 0.00440007 -0.0333747 0.0126001 0.999849 0.0119276 0.0308169 -0.00455034 -0.0118711 0.999919 -3.25166
155 156 1 0.00088575 -0.000170585 -0.0139347 -0.000885839 0.999999 -0.000545999 0.0167992 0.000170096 0.000546143 1 -0.818853
155 157 0.999999 -0.0014018 -8.77363e-06 -0.0271394 0.00140178 0.999997 -0.00183133 0.0363549 1.1342e-05 0.00183131 0.999998 -1.63795
155 158 0.999995 -0.00310514 -0.000341076 -0.0415989 0.00310448 0.999993 -0.00191584 0.0584446 0.000347022 0.00191478 0.999998 -2.45494
155 159 0.999984 -0.00563663 -0.000254945 -0.0528395 0.00563631 0.999983 -0.00124892 0.074503 0.000261983 0.00124747 0.999999 -3.26885
160 161 0.999992 -0.00293034 -0.0027481 -0.00905031 0.00293001 0.999996 -0.000120741 0.0167588 0.00274845 0.000112685 0.999996 -0.81334
160 162 0.999962 -0.0056482 -0.00669503 -0.016555 0.00563743 0.999983 -0.00162691 0.0360017 0.0067041 0.00158911 0.999976 -1.62491
160 163 0.999901 -0.00785482 -0.0116661 -0.0185598 0.00780523 0.99996 -0.00429082 0.0613614 0.0116994 0.00419933 0.999923 -2.4383
160 164 0.999787 -0.0101065 -0.0179718 -0.0157429 0.0099853 0.999927 -0.00682144 0.0890435 0.0180394 0.00664053 0.999815 -3.25095
165 166 0.999961 -0.000697151 -0.00883459 -0.015834 0.000706043 0.999999 0.00100389 0.0177718 0.00883388 -0.00101008 0.99996 -0.802228
165 167 0.999821 -0.000307868 -0.0189422 -0.027639 0.000342121 0.999998 0.00180517 0.0337129 0.0189416 -0.00181132 0.999819 -1.60385
165 168 0.999573 0.000649071 -0.0292189 -0.0299467 -0.000621185 0.999999 0.000963226 0.0534143 0.0292195 -0.000944661 0.999573 -2.40179
165 169 0.999198 -0.000550955 -0.0400359 -0.0202579 0.000527993 1 -0.000584247 0.0766487 0.0400362 0.000562647 0.999198 -3.19428
170 171 0.999938 0.000216582 -0.011154 -0.0196893 -0.000216399 1 1.82157e-05 0.0164965 0.011154 -1.58075e-05 0.999938 -0.786972
170 172 0.999752 0.000234711 -0.0222761 -0.0288343 -0.000220117 1 0.000657892 0.0330294 0.0222762 -0.000652824 0.999752 -1.56712
170 173 0.999454 -0.000205191 -0.0330466 -0.0295584 0.000264488 0.999998 0.00179024 0.0467396 0.0330462 -0.00179801 0.999452 -2.34351
170 174 0.999058 0.000457001 -0.0433951 -0.023464 -0.000334825 0.999996 0.00282271 0.0586602 0.0433963 -0.00280552 0.999054 -3.11314
175 176 0.999953 0.000504716 -0.00967989 -0.0204846 -0.000500779 1 0.000409525 0.0158098 0.00968009 -0.000404657 0.999953 -0.7545
175 177 0.999814 0.000936811 -0.0192608 -0.0305431 -0.000927404 0.999999 0.000497533 0.0299732 0.0192613 -0.000479575 0.999814 -1.50181
175 178 0.999606 0.00224026 -0.0279609 -0.037988 -0.00223551 0.999997 0.000201381 0.0462671 0.0279613 -0.00013879 0.999609 -2.24209
175 179 0.999365 0.00372587 -0.0354227 -0.0412735 -0.00376997 0.999992 -0.00117808 0.0660227 0.035418 0.00131087 0.999372 -2.97471
180 181 0.999987 0.00301222 -0.00401781 -0.0200902 -0.00302051 0.999993 -0.00206078 0.0165126 0.00401148 0.00207289 0.99999 -0.717756
180 182 0.999965 0.0047188 -0.00693283 -0.0351766 -0.00474288 0.999983 -0.00346235 0.0338306 0.00691642 0.0034951 0.99997 -1.42362
180 183 0.999948 0.00517899 -0.00878768 -0.047488 -0.00521632 0.999978 -0.00423187 0.0515525 0.0087656 0.00427748 0.999952 -2.11434
180 184 0.999936 0.00559152 -0.00979315 -0.0594375 -0.00563243 0.999976 -0.00415424 0.0671519 0.00976973 0.00420913 0.999943 -2.79185
185 186 0.999996 0.00117957 0.00270861 -0.0137189 -0.00118264 0.999999 0.001134 0.0140443 -0.00270725 -0.00113719 0.999996 -0.6431
185 187 0.99997 0.00127525 0.00767252 -0.0260501 -0.00128989 0.999997 0.00190298 0.0272615 -0.0076701 -0.00191282 0.999969 -1.26717
185 188 0.999885 0.00064871 0.0151411 -0.0409926 -0.00068602 0.999997 0.00245979 0.0402023 -0.0151395 -0.00246988 0.999882 -1.87175
185 189 0.999659 -0.000261611 0.0261 -0.0644507 0.000189303 0.999996 0.00277276 0.0540077 -0.0261006 -0.00276686 0.999655 -2.45608
190 191 0.999863 -0.000992046 0.0165221 0.00282517 0.000971483 0.999999 0.00125296 0.0129174 -0.0165234 -0.00123673 0.999863 -0.543624
190 192 0.999303 -0.00210786 0.037264 0.00306861 0.00196164 0.99999 0.00396015 0.0274035 -0.037272 -0.0038843 0.999298 -1.07902
190 193 0.998114 -0.00372398 0.0612766 -0.00946327 0.00329572 0.999969 0.00708862 0.0382407 -0.0613011 -0.00687329 0.998096 -1.60664
190 194 0.99603 -0.0053061 0.0888598 -0.0459504 0.0045332 0.99995 0.00889752 0.0463776 -0.0889026 -0.00845937 0.996004 -2.12957
195 196 0.999297 -0.000244491 0.0374819 0.0176361 0.00033589 0.999997 -0.00243198 0.0115578 -0.0374812 0.00244286 0.999294 -0.521658
195 197 0.996881 -0.00115062 0.0789102 0.00859051 0.00162821 0.999981 -0.00598803 0.0279504 -0.0789018 0.00609783 0.996864 -1.03562
195 198 0.992338 -0.00277729 0.123525 -0.0120565 0.00414238 0.999933 -0.0107956 0.0485628 -0.123487 0.0112245 0.992283 -1.54807
195 199 0.985159 -0.00565824 0.171553 -0.0596948 0.00823621 0.999864 -0.0143191 0.072733 -0.171449 0.0155196 0.985071 -2.06089
200 201 0.998411 -0.00077261 0.0563481 0.0338298 0.000800093 1 -0.000465153 0.0146284 -0.0563477 0.000509501 0.998411 -0.497858
200 202 0.993109 0.00219106 0.117178 0.0355299 -0.00231271 0.999997 0.000902334 0.0283104 -0.117175 -0.00116711 0.993111 -0.991826
200 203 0.983459 0.00353689 0.181095 -0.00802018 -0.00444642 0.999979 0.0046167 0.0370119 -0.181075 -0.00534555 0.983455 -1.45737
200 204 0.969183 0.00559611 0.246277 -0.0675073 -0.00811391 0.999925 0.00920979 0.0404581 -0.246207 -0.0109242 0.969156 -1.93228
205 206 0.99767 -0.0022105 0.0681921 0.0479632 0.00203724 0.999995 0.00261015 0.00569332 -0.0681975 -0.00246514 0.997669 -0.475029
205 207 0.99066 -0.00194976 0.136339 0.0599408 0.00137215 0.99999 0.00433045 0.0102896 -0.136346 -0.00410293 0.990653 -0.951269
205 208 0.979142 -0.00045516 0.203175 0.0286751 -0.000257901 0.999994 0.00348308 0.0188933 -0.203175 -0.00346283 0.979136 -1.40423
205 209 0.96328 -0.000188098 0.268499 -0.0219139 0.000604255 0.999999 -0.00146732 0.0362123 -0.268498 0.00157567 0.963279 -1.87822
210 211 0.997879 -0.000574624 0.0650911 0.0456371 0.000955466 0.999983 -0.00581992 0.0148034 -0.0650867 0.00586976 0.997862 -0.454586
210 212 0.991984 -0.000459536 0.126362 0.0622579 0.00205217 0.99992 -0.0124739 0.0313106 -0.126346 0.0126332 0.991906 -0.935393
210 213 0.98328 -0.00269094 0.18208 0.054247 0.00593531 0.999833 -0.0172758 0.0542024 -0.182003 0.0180677 0.983132 -1.41708
210 214 0.972779 -0.00470332 0.231688 0.0246334 0.00946206 0.999766 -0.0194325 0.0730634 -0.231542 0.0210958 0.972596 -1.88575
215 216 0.999297 -0.00419208 0.0372583 0.0389456 0.00411786 0.999989 0.00206846 0.0047454 -0.0372666 -0.00191359 0.999304 -0.477735
215 217 0.997559 -0.00638394 0.0695419 0.0508148 0.00616845 0.999976 0.0033128 0.00799227 -0.0695614 -0.00287575 0.997574 -0.969612
215 218 0.995673 -0.0003518 0.0929281 0.0380109 4.52981e-05 0.999995 0.00330027 0.0139799 -0.0929289 -0.00328178 0.995667 -1.46284
215 219 0.994 0.00261045 0.109346 0.0221035 -0.00289279 0.999993 0.00242349 0.0264481 -0.109339 -0.00272527 0.994001 -1.95913
220 221 0.999935 -0.00566603 0.00993628 0.0139358 0.00566782 0.999984 -0.000152143 -0.000372066 -0.00993518 0.000208454 0.999951 -0.518035
220 222 0.999793 -0.012657 0.015924 0.0242268 0.0126369 0.999919 0.00136159 0.006004 -0.01594 -0.00116007 0.999872 -1.04357
220 223 0.999655 -0.0183729 0.0187863 0.0302669 0.0182745 0.999818 0.00539884 0.0120195 -0.0188821 -0.00505366 0.999809 -1.57953
220 224 0.999618 -0.0195838 0.019515 0.0295162 0.0194425 0.999784 0.00740611 0.0217439 -0.0196558 -0.00702385 0.999782 -2.12527
225 226 0.999985 0.0034502 -0.0042657 -0.00870144 -0.00342057 0.99997 0.00693567 0.00201095 0.00428946 -0.00692097 0.999967 -0.564541
225 227 0.999952 0.00476556 -0.00852126 -0.0109602 -0.00466312 0.999917 0.0120011 -0.000772971 0.00857771 -0.0119608 0.999892 -1.14113
225 228 0.999915 -0.000338162 -0.0130727 -0.00130343 0.000481655 0.99994 0.0109752 0.00595878 0.0130681 -0.0109805 0.999854 -1.7388
225 229 0.999812 -0.00485386 -0.0187916 0.0158955 0.0049852 0.999963 0.00694891 0.0222336 0.018757 -0.00704129 0.999799 -2.3475
230 231 0.999988 0.00318603 -0.00373437 -0.00862648 -0.00320829 0.999977 -0.00596824 0.0137162 0.00371514 0.00598014 0.999975 -0.633312
230 232 0.999963 0.00469632 -0.00723612 -0.0117822 -0.00477427 0.99993 -0.0107944 0.0317768 0.00718476 0.0108285 0.999916 -1.27979
230 233 0.999906 0.00895992 -0.0104096 -0.0132921 -0.00908276 0.999889 -0.0118139 0.0448512 0.0103024 0.0119073 0.999876 -1.93247
230 234 0.99985 0.0133871 -0.0110169 -0.0203224 -0.013488 0.999867 -0.009142 0.0510099 0.0108929 0.00928922 0.999898 -2.59428
235 236 1 0.000254943 0.000721937 0.0014962 -0.000260622 0.999969 0.00787222 0.00451934 -0.000719912 -0.00787241 0.999969 -0.678756
235 237 0.999992 -0.00246187 0.00301204 0.00300164 0.00242396 0.999919 0.0125238 0.00289989 -0.00304263 -0.0125164 0.999917 -1.37171
235 238 0.999982 -0.00206992 0.00557371 -0.00075045 0.00202393 0.999964 0.00824461 0.0136094 -0.00559065 -0.00823318 0.99995 -2.08526
235 239 0.999973 0.000818369 0.00729238 -0.00806264 -0.000824726 0.999999 0.00086791 0.0433034 -0.00729173 -0.000873899 0.999973 -2.81478
240 241 0.999993 -0.00318494 0.00187289 0.00618802 0.00318358 0.999995 0.000731371 0.0158588 -0.00187523 -0.000725414 0.999998 -0.743091
240 242 0.999959 -0.00829885 0.00368831 0.0149442 0.00827878 0.999951 0.00542201 0.0229791 -0.00373323 -0.00539125 0.999979 -1.49207
240 243 0.99994 -0.00801558 0.00746542 0.0102231 0.00793378 0.999909 0.0109239 0.0202986 -0.00755236 -0.0108641 0.999912 -2.25347
240 244 0.999911 -0.00650319 0.0116268 0.000404402 0.00633938 0.999881 0.0140702 0.0187116 -0.011717 -0.0139953 0.999833 -3.02729
245 246 0.999985 0.00416802 0.00362588 -0.00544434 -0.0041629 0.99999 -0.00142115 0.0136041 -0.00363172 0.00140603 0.999992 -0.797871
245 247 0.999972 0.00507176 0.0054913 -0.00990092 -0.00504783 0.999978 -0.00436286 0.0314863 -0.00551326 0.00433502 0.999975 -1.6095
245 248 0.999946 0.0076137 0.00707697 -0.0142132 -0.00756393 0.999947 -0.00703345 0.0490439 -0.00713007 0.00697954 0.99995 -2.43988
245 249 0.999889 0.0127591 0.00769499 -0.0221008 -0.012695 0.999885 -0.00833235 0.0656742 -0.00780032 0.00823373 0.999936 -3.27092
250 251 0.999989 -0.00456486 -0.000589692 0.00695071 0.00456601 0.999988 0.00198257 0.0156241 0.000580708 -0.00198524 0.999998 -0.838948
250 252 0.999948 -0.010129 -0.00124668 0.0153029 0.0101353 0.999935 0.00516241 0.0256825 0.00119434 -0.00517478 0.999986 -1.68278
250 253 0.999841 -0.0177106 -0.00203903 0.0250242 0.0177238 0.999821 0.00666568 0.0334349 0.00192066 -0.00670075 0.999976 -2.53188
250 254 0.999673 -0.0251121 -0.00483243 0.0438762 0.02514 0.999667 0.00581766 0.0506943 0.00468475 -0.00593724 0.999971 -3.38797
255 256 0.999997 -0.000362794 -0.00251732 0.000964804 0.000363964 1 0.000462802 0.0168426 0.00251721 -0.000463714 0.999997 -0.861423
255 257 0.999989 0.000598149 -0.00459631 0.00565206 -0.000580953 0.999993 0.00374057 0.0237077 0.00459846 -0.00373786 0.999982 -1.72531
255 258 0.999954 0.00790086 -0.00551607 0.00573841 -0.00788625 0.999965 0.00266513 0.0273457 0.00553698 -0.0026215 0.999981 -2.6053
255 259 0.999874 0.0148025 -0.00581303 0.000761628 -0.0147852 0.999886 0.00300602 0.0347307 0.0058568 -0.00291969 0.999979 -3.47851
260 261 0.999992 -0.00381442 -0.00105873 0.00966574 0.00381261 0.999991 -0.00169985 0.00999184 0.00106515 0.00169579 0.999998 -0.874069
260 262 0.999977 -0.00643394 -0.00197613 0.0199824 0.00641965 0.999954 -0.00715541 0.0277674 0.00202205 0.00714257 0.999972 -1.74881
260 263 0.999932 -0.011327 -0.00295265 0.0282761 0.0112881 0.999853 -0.0128691 0.0606683 0.00309793 0.0128349 0.999913 -2.61795
260 264 0.999945 -0.00956398 -0.00426002 0.025774 0.00953326 0.999929 -0.00717605 0.0711565 0.00432842 0.00713504 0.999965 -3.46498
265 266 0.99998 0.00636251 0.000421017 -0.0193455 -0.00636649 0.999927 0.0102723 0.00916127 -0.000355765 -0.0102747 0.999947 -0.838582
265 267 0.999976 0.00680488 0.00132791 -0.0308096 -0.00681127 0.999965 0.00487855 0.0262437 -0.00129474 -0.00488749 0.999987 -1.69187
265 268 0.999967 0.00772177 0.00257341 -0.0405082 -0.00767515 0.999814 -0.0176612 0.0931352 -0.00270944 0.0176409 0.999841 -2.56023
265 269 0.999969 0.00678952 0.00388531 -0.0519411 -0.00664354 0.999314 -0.0364261 0.187022 -0.00413002 0.0363992 0.999329 -3.41837
270 271 0.99999 -0.00437 0.0010914 -0.00752493 0.00435204 0.999863 0.0159462 0.00213617 -0.001161 -0.0159413 0.999872 -0.819672
270 272 0.999992 -0.0033661 0.00217113 -0.0230766 0.00331013 0.999675 0.0252864 -0.0108614 -0.00225555 -0.025279 0.999678 -1.64307
270 273 0.99999 0.00100304 0.00424289 -0.0450804 -0.00111429 0.999654 0.026301 -0.00237308 -0.00421509 -0.0263055 0.999645 -2.47278
270 274 0.999975 0.00045643 0.00699648 -0.0546044 -0.000616313 0.999738 0.0228665 0.0163909 -0.00698417 -0.0228702 0.999714 -3.30537
275 276 0.999988 -5.10794e-05 0.00492786 -0.00566688 3.94466e-05 0.999997 0.00236084 -0.00673051 -0.00492799 -0.00236062 0.999985 -0.817533
275 277 0.999954 -0.00511068 0.00814024 -0.0044757 0.00510139 0.999986 0.00116239 -0.000832891 -0.00814613 -0.00112081 0.999966 -1.6498
275 278 0.999884 -0.0112806 0.0102005 -0.0040985 0.0112464 0.999931 0.0034094 -0.00427681 -0.0102382 -0.00329429 0.999942 -2.45233
275 279 0.999834 -0.0136846 0.0120594 -0.0104633 0.0136767 0.999906 0.000740291 0.0101543 -0.0120684 -0.000575231 0.999927 -3.27256
280 281 0.999999 0.00114837 0.0013026 -0.00739652 -0.00114806 0.999999 -0.000241449 0.012136 -0.00130295 0.000239957 0.999999 -0.813634
280 282 0.999985 0.00386629 0.00396624 -0.0142581 -0.00388023 0.999986 0.00351597 0.0177845 -0.0039526 -0.00353131 0.999986 -1.62382
280 283 0.999924 0.00895968 0.0084379 -0.031871 -0.00901382 0.999939 0.00640072 0.0156315 -0.00838004 -0.00647629 0.999944 -2.42655
280 284 0.999806 0.0125603 0.0151644 -0.0511765 -0.0126876 0.999885 0.00832592 0.0172533 -0.0150581 -0.0085167 0.99985 -3.23697
285 286 0.99998 0.000407067 0.00625114 0.00151073 -0.000351607 0.999961 -0.00887034 0.0192369 -0.00625449 0.00886796 0.999941 -0.818368
285 287 0.999941 0.00333669 0.0103797 0.00601636 -0.00315338 0.99984 -0.0176271 0.0428562 -0.0104368 0.0175933 0.999791 -1.63545
285 288 0.999883 -0.00465321 0.0145518 0.0154657 0.00497018 0.99975 -0.0218228 0.069025 -0.0144465 0.0218926 0.999656 -2.44618
285 289 0.999796 -0.00688513 0.019005 0.0191675 0.00719446 0.999842 -0.0162565 0.070491 -0.0188901 0.0163899 0.999687 -3.24829
290 291 0.999971 0.0039353 0.00658211 0.000685607 -0.00398049 0.999968 0.00686656 -0.00157782 -0.00655487 -0.00689256 0.999955 -0.805561
290 292 0.999898 0.00517892 0.0132762 -0.00115877 -0.00526002 0.999968 0.00608136 0.00599108 -0.0132442 -0.00615057 0.999893 -1.62143
290 293 0.999777 -0.00243585 0.0209961 -0.000319056 0.00238523 0.999994 0.00243584 0.0288864 -0.0210019 -0.00238521 0.999777 -2.4433
290 294 0.999552 -0.00835301 0.0287533 -0.00471223 0.00825752 0.99996 0.00343853 0.0389058 -0.0287809 -0.00319956 0.999581 -3.26095
295 296 0.999962 0.00174435 0.00858418 -0.000804173 -0.00176781 0.999995 0.00272541 -0.0010945 -0.00857929 -0.00274047 0.999959 -0.815998
295 297 0.999859 0.00159262 0.0166952 -0.00649035 -0.00161839 0.999998 0.0015298 0.00278132 -0.0166927 -0.00155661 0.999859 -1.63882
295 298 0.999694 -0.00236432 0.0246105 -0.00534128 0.00249893 0.999982 -0.00544037 0.0211763 -0.0245972 0.0055002 0.999682 -2.46695
295 299 0.999445 -0.00606974 0.0327585 -0.0108615 0.00643472 0.999918 -0.011048 0.0505878 -0.0326888 0.0112526 0.999402 -3.29735
300 301 0.99998 -5.99229e-05 0.00629468 0.00504506 6.79742e-05 0.999999 -0.00127828 0.0155277 -0.00629459 0.00127868 0.999979 -0.823725
300 302 0.999943 0.000685251 0.0106958 0.00779765 -0.000682886 1 -0.00022482 0.0309698 -0.0106959 0.000217506 0.999943 -1.64755
300 303 0.999881 -0.00347178 0.015049 0.011349 0.00337547 0.999974 0.00642045 0.034164 -0.0150709 -0.00636888 0.999866 -2.46798
300 304 0.999781 -0.0100636 0.0183455 0.0219632 0.00984233 0.999878 0.0121112 0.0268217 -0.0184651 -0.0119279 0.999758 -3.28679
305 306 0.999992 -0.00214754 0.00328726 0.0104457 0.00216847 0.999977 -0.0063766 0.0041393 -0.00327348 0.00638368 0.999974 -0.835319
305 307 0.999973 -0.00483353 0.00563242 0.0239616 0.00492204 0.999863 -0.0158093 0.0221745 -0.00555523 0.0158366 0.999859 -1.67541
305 308 0.999939 -0.00605475 0.00919772 0.0283325 0.0062738 0.999693 -0.023978 0.0542776 -0.0090497 0.0240342 0.99967 -2.51114
305 309 0.999897 -0.00348254 0.0139262 0.0223317 0.0037765 0.999769 -0.0211391 0.0603831 -0.0138493 0.0211895 0.99968 -3.33518
310 311 0.999961 0.00542596 0.00698145 -0.00138565 -0.00547748 0.999958 0.00738393 -0.00616 -0.00694108 -0.00742188 0.999948 -0.818407
310 312 0.999903 0.00123726 0.01388 0.00710595 -0.00131444 0.999984 0.00555299 -0.00443507 -0.0138729 -0.00557068 0.999888 -1.64626
310 313 0.999768 0.00283426 0.0213569 0.0021245 -0.00284917 0.999996 0.000668347 0.0113385 -0.0213549 -0.000729038 0.999772 -2.48106
310 314 0.99956 0.00704592 0.0288171 -0.0183087 -0.00693154 0.999968 -0.00406717 0.0327501 -0.0288448 0.00386563 0.999576 -3.31735
315 316 0.999971 0.00453549 0.00610903 -0.00174455 -0.00452956 0.999989 -0.00098385 0.0128299 -0.00611344 0.000956151 0.999981 -0.84305
315 317 0.999893 0.00795737 0.0122851 -0.00446893 -0.00801745 0.999956 0.00484851 0.0175261 -0.012246 -0.00494648 0.999913 -1.67988
315 318 0.999691 0.0153889 0.0195344 -0.0202221 -0.0156838 0.999764 0.0150318 -0.00056816 -0.0192985 -0.0153335 0.999696 -2.50912
315 319 0.999261 0.0274956 0.0268708 -0.052769 -0.0280981 0.999356 0.0223062 -0.0212781 -0.0262402 -0.0230447 0.99939 -3.34122
320 321 0.999937 -0.00997586 0.00512502 0.0187959 0.0100427 0.999863 -0.0131782 0.0153925 -0.00499285 0.0132288 0.9999 -0.860343
320 322 0.999825 -0.0158036 0.010017 0.0302751 0.0160175 0.999637 -0.0216457 0.0471825 -0.00967127 0.0218023 0.999716 -1.71595
320 323 0.999785 -0.0153911 0.0138633 0.0315741 0.0156579 0.99969 -0.0193478 0.0581727 -0.0135612 0.0195607 0.999717 -2.5612
320 324 0.999738 -0.0166115 0.0157126 0.0370192 0.0167521 0.99982 -0.00886366 0.0374941 -0.0155625 0.00912455 0.999837 -3.40003
325 326 0.999998 -0.000381337 0.00189177 0.00951531 0.000374281 0.999993 0.00372396 0.00212369 -0.00189319 -0.00372326 0.999991 -0.847652
325 327 0.999967 0.0065274 0.00478987 -0.00086586 -0.00652616 0.999979 -0.000275433 0.0148765 -0.00479156 0.000244166 0.999988 -1.70615
325 328 0.999967 0.00632985 0.0050877 0.00231976 -0.00628151 0.999935 -0.00946317 0.0452374 -0.00514727 0.0094309 0.999942 -2.5689
325 329 0.999979 0.00450578 0.00472901 0.0129583 -0.00442958 0.999862 -0.0160026 0.0852996 -0.00480047 0.0159813 0.999861 -3.43286
330 331 0.999998 0.000860992 0.00203476 0.0027669 -0.000876933 0.999969 0.00784157 0.0157284 -0.00202795 -0.00784334 0.999967 -0.849944
330 332 0.999935 0.0104997 0.00435051 -0.00994242 -0.0105825 0.999754 0.0194694 0.01177 -0.00414503 -0.0195141 0.999801 -1.69575
330 333 0.999742 0.0216408 0.00692777 -0.029174 -0.0218029 0.999468 0.024243 0.00918862 -0.00639946 -0.0243878 0.999682 -2.54479
330 334 0.999765 0.0201214 0.00800833 -0.0302756 -0.0202767 0.999598 0.0198036 0.0309404 -0.00760665 -0.0199613 0.999772 -3.4069
335 336 0.999996 -0.00207478 0.00166514 0.0061049 0.00208361 0.999984 -0.0053166 0.0233715 -0.00165407 0.00532005 0.999984 -0.850516
335 337 0.999996 7.50416e-05 0.00268692 0.00302293 -7.11217e-05 0.999999 -0.00145667 0.0358845 -0.00268703 0.00145648 0.999995 -1.69051
335 338 0.999996 -0.000646437 0.00271688 5.60107e-05 0.000632486 0.999987 0.00513531 0.0339167 -0.00272016 -0.00513358 0.999983 -2.52824
335 339 0.999968 -0.00749674 0.00288116 0.0112703 0.00747789 0.999951 0.00650207 0.0402363 -0.00292976 -0.00648031 0.999975 -3.36923
340 341 0.999994 -0.00347794 0.000851074 0.00506739 0.00348043 0.99999 -0.00294963 0.0189335 -0.000840819 0.00295258 0.999995 -0.839573
340 342 0.999978 -0.00647786 0.00118465 0.0105285 0.00648459 0.999962 -0.00576814 0.0367191 -0.00114725 0.0057757 0.999983 -1.67663
340 343 0.999943 -0.0105079 0.00170433 0.0198353 0.0105174 0.999929 -0.00568403 0.0525513 -0.00164449 0.00570164 0.999982 -2.51065
340 344 0.999959 -0.00871292 0.00228697 0.0240427 0.00872046 0.999957 -0.00331172 0.0614253 -0.00225802 0.00333154 0.999992 -3.33637
345 346 0.999999 -0.00109706 0.00126266 0.00987591 0.00109618 0.999999 0.000688386 0.0038374 -0.00126343 -0.000687 0.999999 -0.815837
345 347 0.999998 -0.00110369 -0.00175858 0.0115127 0.00110599 0.999998 0.0013066 0.00549508 0.00175714 -0.00130854 0.999998 -1.5232
345 348 0.999988 -0.0011104 -0.0047843 0.0174421 0.00111962 0.999997 0.00192553 0.00628172 0.00478215 -0.00193087 0.999987 -2.23145
345 349 0.999969 -0.00111716 -0.00780788 0.0276532 0.00113706 0.999996 0.00254382 0.00618945 0.00780501 -0.00255263 0.999966 -2.93928
350 351 0.999995 -1.6503e-05 -0.0030243 0.0077655 1.83793e-05 1 0.000618214 0.000415071 0.00302429 -0.000618263 0.999995 -0.707854
350 352 0.999982 -3.30808e-05 -0.00604678 0.0197936 4.0552e-05 0.999999 0.00123584 -4.91197e-05 0.00604674 -0.00123606 0.999981 -1.41535
350 353 0.999959 -4.97194e-05 -0.00906794 0.0361127 6.65321e-05 0.999998 0.00185298 -0.00138409 0.00906783 -0.0018535 0.999957 -2.12238
350 354 0.999927 -6.64848e-05 -0.0120964 0.0567585 9.63879e-05 0.999997 0.00247138 -0.00359672 0.0120963 -0.00247236 0.999924 -2.83101
355 356 0.999995 -2.6253e-05 -0.00302615 0.0185043 2.81286e-05 1 0.000617838 -0.00177386 0.00302613 -0.00061792 0.999995 -0.708055
355 357 0.999982 -5.25752e-05 -0.00605035 0.0412762 6.00482e-05 0.999999 0.00123504 -0.00442051 0.00605028 -0.00123537 0.999981 -1.41549
355 358 0.999959 -7.89298e-05 -0.00907088 0.0683009 9.57299e-05 0.999998 0.00185123 -0.00793479 0.00907072 -0.00185201 0.999957 -2.12198
355 359 0.999927 -0.000105413 -0.0120961 0.0996636 0.000135279 0.999997 0.00246812 -0.0123235 0.0120958 -0.00246958 0.999924 -2.82931
360 361 0.999995 -3.59678e-05 -0.00302509 0.0292213 3.78428e-05 1 0.000616867 -0.00395489 0.00302507 -0.00061699 0.999995 -0.707385
360 362 0.999985 -0.000102876 -0.00555003 0.0651384 0.000110564 0.999999 0.00138405 -0.00958636 0.00554988 -0.00138464 0.999984 -1.41954
360 363 0.999914 0.000225347 -0.0131397 0.0836159 -0.000219116 1 0.000475243 -0.00646914 0.0131398 -0.000472325 0.999914 -2.06762
360 364 0.999813 0.0035633 -0.019026 0.0972371 -0.00366089 0.99998 -0.00509756 0.0119048 0.0190074 0.00516626 0.999806 -2.71525
365 366 0.999965 0.00629738 -0.00553918 -0.00732545 -0.00630486 0.999979 -0.00133344 0.0152174 0.00553066 0.00136831 0.999984 -0.636127
365 367 0.99994 0.00579338 -0.00924231 -0.00454357 -0.00581866 0.999979 -0.00271167 0.0288337 0.00922641 0.00276528 0.999954 -1.27463
365 368 0.999945 0.00271095 -0.0101636 0.00160083 -0.00274369 0.999991 -0.00320911 0.0392018 0.0101548 0.00323682 0.999943 -1.91072
365 369 0.999945 0.00250354 -0.0101638 0.00421844 -0.00254918 0.999987 -0.00448034 0.0480934 0.0101524 0.004506 0.999938 -2.55693
370 371 0.999999 -0.00155833 -0.000179921 0.00886153 0.00155783 0.999995 -0.00281182 0.0090516 0.000184302 0.00281153 0.999996 -0.657417
370 372 0.999948 -0.0101874 -0.000294446 0.0302044 0.0101877 0.999948 0.00097133 0.0149216 0.000284541 -0.000974284 1 -1.30783
370 373 0.999887 -0.0150491 0.00040776 0.0469846 0.0150441 0.999833 0.0103974 0.00686216 -0.000564175 -0.0103901 0.999946 -1.95836
370 374 0.999904 -0.0136281 0.00249647 0.0510204 0.0135788 0.999731 0.0188213 -0.00904597 -0.00275229 -0.0187856 0.99982 -2.61237
375 376 0.999991 -0.00130868 0.00405845 0.00918854 0.00133499 0.999978 -0.00648562 -0.00483509 -0.00404987 0.00649098 0.999971 -0.676201
375 377 0.999922 -0.00927396 0.00832768 0.0285017 0.00942547 0.999787 -0.0183421 0.0160545 -0.00815581 0.0184192 0.999797 -1.36204
375 378 0.999907 -0.00546137 0.0125161 0.0294316 0.00586311 0.999461 -0.0322894 0.0556476 -0.0123331 0.0323598 0.9994 -2.05378
375 379 0.999862 0.000967706 0.0166095 0.0188623 -0.000242432 0.999048 -0.0436128 0.0985695 -0.0166359 0.0436027 0.99891 -2.74659
