0   1 0.999924 0.00326714 -0.0119225 0.0063793 -0.003233 0.999991 0.00287412 -0.00134208 0.0119318 -0.00283517 0.999925 0.00199129
0   2 0.999941 0.00731388 -0.00809392 0.0129786 -0.00726339 0.999954 0.00624218 -0.00207877 0.0081391 -0.00618286 0.999948 0.0023776
0   3 0.999922 0.0124584 -0.000371518 0.0228534 -0.0124541 0.999871 0.0101494 -0.00306012 0.000497948 -0.0101441 0.999948 0.00284848
0   4 0.999931 0.0113263 -0.0030525 0.0296438 -0.0113172 0.999932 0.00294155 -0.00419088 0.00308568 -0.00290669 0.999991 0.00286109
0   5 0.999901 0.0114774 -0.00814431 0.0365366 -0.0114212 0.999911 0.0068927 -0.00519228 0.00822251 -0.00679876 0.999943 0.00112289
0   6 0.99982 0.0125114 -0.0142827 0.0453999 -0.0126247 0.999889 -0.00787283 -0.0068229 0.0141827 0.00805176 0.999867 -0.000126625
0   7 0.999836 0.0130958 -0.0124826 0.0529071 -0.0132324 0.999853 -0.0109224 -0.00748727 0.0123378 0.0110858 0.999862 -0.00278121
0   8 0.999867 0.00545785 -0.0153722 0.0628165 -0.00575077 0.999802 -0.0190778 -0.00724779 0.015265 0.0191637 0.9997 -0.0061498
0   9 0.999642 -0.000729473 -0.0267523 0.0699249 0.000278859 0.999858 -0.0168484 -0.00718749 0.0267607 0.016835 0.9995 -0.0079114
0   10 0.999538 0.000628999 -0.0303904 0.0779112 -0.00108014 0.999889 -0.0148323 -0.00707084 0.0303777 0.0148583 0.999428 -0.0106822
0   11 0.999699 0.00567204 -0.023857 0.0883509 -0.0060588 0.999851 -0.0161717 -0.00719965 0.0237617 0.0163115 0.999585 -0.0148848
0   12 0.999563 0.00967953 -0.0279152 0.0965956 -0.0100218 0.999876 -0.0121478 -0.0067098 0.0277941 0.0124223 0.999537 -0.0184589
0   13 0.999296 0.0124204 -0.0353978 0.105232 -0.0127102 0.999887 -0.0079755 -0.00611393 0.0352947 0.00841988 0.999341 -0.0215113
0   14 0.999236 0.0148969 -0.0361249 0.116345 -0.0152267 0.999845 -0.00887322 -0.00524471 0.0359871 0.00941659 0.999308 -0.0259685
15   16 0.99996 -0.00891051 3.33704e-05 0.0123705 0.00891041 0.999918 -0.00916621 0.00154359 4.83617e-05 0.00916601 0.999958 -0.00359949
15   17 0.999858 -0.0159721 -0.00544249 0.02151 0.0158987 0.999786 -0.0132742 0.00285095 0.00565333 0.0131858 0.999897 -0.00697599
15   18 0.999808 -0.0137924 -0.0139331 0.0309816 0.0137576 0.999902 -0.00258588 0.00449356 0.0139675 0.00239366 0.9999 -0.0116275
15   19 0.999872 -0.0135906 -0.00845017 0.0430945 0.0135763 0.999906 -0.00175153 0.00546126 0.00847308 0.00163672 0.999963 -0.0163525
15   20 0.9999 -0.0134808 -0.00423794 0.0528391 0.0134516 0.999886 -0.00684226 0.00559657 0.00432974 0.00678452 0.999968 -0.0212874
15   21 0.99985 -0.0114907 -0.0129226 0.074008 0.011326 0.999855 -0.0127382 0.00649816 0.0130672 0.0125898 0.999835 -0.0339223
15   22 0.999842 -0.00555288 -0.0168927 0.0830795 0.00530498 0.999878 -0.0146842 0.0061873 0.0169723 0.0145923 0.99975 -0.0387649
15   23 0.999833 -0.000352396 -0.0182911 0.0923806 -0.000102592 0.999691 -0.024869 0.00616088 0.0182942 0.0248667 0.999523 -0.0446792
15   24 0.999591 0.00142299 -0.0285538 0.104945 -0.00242553 0.999381 -0.0351055 0.00696537 0.0284863 0.0351603 0.998976 -0.0524184
15   25 0.999356 0.000111576 -0.0358765 0.114063 -0.00153182 0.999216 -0.0395607 0.00834709 0.035844 0.0395901 0.998573 -0.0578016
15   26 0.999177 0.00536472 -0.0401998 0.12435 -0.00688473 0.999263 -0.0377697 0.00910517 0.0399675 0.0380155 0.998478 -0.0622086
15   27 0.998983 0.0148288 -0.0425757 0.137576 -0.016221 0.999339 -0.0325415 0.0104472 0.042065 0.033199 0.998563 -0.0675381
15   28 0.998839 0.017868 -0.0447417 0.147598 -0.0193374 0.999281 -0.0326255 0.0118517 0.0441267 0.0334528 0.998466 -0.0722652
15   29 0.998172 0.0247111 -0.0551632 0.157571 -0.0264068 0.999194 -0.0302248 0.0126595 0.054372 0.0316261 0.99802 -0.0750408
30   31 0.99995 0.00974204 0.00228041 0.0107898 -0.00973267 0.999944 -0.00410986 0.000720697 -0.00232022 0.00408726 0.999989 -0.00276406
30   32 0.999938 0.0103886 0.00383922 0.0219362 -0.0103887 0.999946 -1.85676e-05 0.00131104 -0.0038391 -2.157e-05 0.999992 -0.00761359
30   33 0.9999 0.0050038 -0.0132176 0.0365946 -0.0050164 0.999987 -0.000918642 0.00234421 0.0132129 0.000984692 0.999912 -0.0125901
30   34 0.99987 0.00169527 -0.0160401 0.0471025 -0.00158102 0.999973 0.00713385 0.00374996 0.0160517 -0.00710761 0.999846 -0.0158589
30   35 0.999823 -0.00135491 -0.0187536 0.0583824 0.00137063 0.999999 0.00082859 0.00549286 0.0187525 -0.000854395 0.999824 -0.0197595
30   36 0.999605 -0.00283212 -0.0279577 0.0728921 0.00273542 0.99999 -0.00349376 0.0075708 0.0279674 0.00341561 0.999603 -0.0241007
30   37 0.999425 0.00161706 -0.033849 0.0835223 -0.00142217 0.999982 0.00578353 0.00921657 0.0338579 -0.00573247 0.99941 -0.027037
30   38 0.999295 0.0117237 -0.0356762 0.0952605 -0.0116593 0.99993 0.00201209 0.0107643 0.0356974 -0.00159478 0.999361 -0.0297776
30   39 0.999419 0.0164535 -0.0298428 0.111863 -0.0160718 0.999786 0.0129891 0.0133266 0.0300502 -0.0125021 0.99947 -0.034215
30   40 0.999133 0.0104836 -0.0402776 0.125213 -0.0101401 0.99991 0.00872528 0.0167572 0.0403655 -0.00830964 0.99915 -0.035674
30   41 0.998658 0.00154086 -0.0517646 0.14391 -0.000751751 0.999883 0.0152598 0.0207424 0.051782 -0.0152005 0.998543 -0.0378475
30   42 0.998768 -6.34907e-05 -0.0496178 0.15791 0.00102473 0.999812 0.0193497 0.0234003 0.0496073 -0.019377 0.998581 -0.041033
30   43 0.998478 0.000786169 -0.0551445 0.177624 0.00022289 0.999833 0.0182913 0.0261588 0.0551498 -0.018276 0.998311 -0.0430872
30   44 0.997533 0.00400156 -0.0700777 0.19243 -0.00224077 0.99968 0.0251871 0.0277308 0.0701561 -0.0249681 0.997223 -0.0417302
45   46 0.999972 0.00709837 0.00232741 0.0209175 -0.00709643 0.999975 -0.000828618 0.00127887 -0.00233322 0.000812193 0.999997 -0.00151354
45   47 0.999979 0.00623556 0.00160546 0.0369762 -0.00622679 0.999966 -0.00540208 0.00155016 -0.00163912 0.00539192 0.999984 -0.00302176
45   48 0.999829 0.00208329 -0.0183615 0.0574291 -0.00222475 0.999968 -0.00768698 0.00207978 0.0183448 0.00772646 0.999802 -0.00255791
45   49 0.999621 0.00876123 -0.0261016 0.0725721 -0.00860404 0.999944 0.00612849 0.00181113 0.0261538 -0.00590166 0.99964 -0.00182538
45   50 0.999599 0.0170846 -0.0225923 0.087889 -0.0169109 0.999826 0.00785493 0.000816295 0.0227226 -0.00746966 0.999714 -0.00315638
45   51 0.999186 0.0206456 -0.034661 0.107167 -0.0212374 0.999633 -0.0167954 -1.5916e-05 0.0343015 0.0175179 0.999258 -0.0049341
45   52 0.998348 0.0288394 -0.049693 0.121429 -0.0301301 0.999223 -0.0254227 -0.000121956 0.0489212 0.0268778 0.998441 -0.00470416
45   53 0.997847 0.0440482 -0.0485856 0.136554 -0.0449239 0.998844 -0.0170835 -0.000327498 0.047777 0.0192295 0.998673 -0.00439651
45   54 0.997642 0.0569026 -0.0383632 0.158228 -0.0569906 0.998374 -0.00120268 0.00071336 0.0382325 0.00338604 0.999263 -0.00491902
45   55 0.997151 0.0578268 -0.0484287 0.174389 -0.0576677 0.998325 0.00467535 0.00199336 0.0486181 -0.00186933 0.998816 -0.00291138
45   56 0.9966 0.0548079 -0.0615194 0.190086 -0.0542171 0.998466 0.0112338 0.00384081 0.0620408 -0.00786019 0.998043 -0.00138143
45   57 0.996137 0.053198 -0.0698643 0.210831 -0.0527579 0.998574 0.00813216 0.00541901 0.0701973 -0.00441508 0.997523 -0.00236917
45   58 0.996147 0.0542997 -0.0688714 0.226077 -0.054219 0.998524 0.00304092 0.00649466 0.0689349 0.000704981 0.997621 -0.00524216
45   59 0.995977 0.0529782 -0.0722689 0.240832 -0.0529742 0.998594 0.00197256 0.00829633 0.0722718 0.00186391 0.997383 -0.00698348
60   61 0.999941 -0.00424149 0.00996079 0.0135139 0.00434758 0.999934 -0.0106546 0.000758288 -0.00991495 0.0106973 0.999894 -0.00133343
60   62 0.999974 -0.0037178 0.00622664 0.0273407 0.00377036 0.999957 -0.00845485 0.00225506 -0.00619496 0.00847799 0.999945 -0.00574927
60   63 0.999952 -0.00870519 -0.00450098 0.0445517 0.00865442 0.9999 -0.011178 0.00349078 0.00459787 0.0111384 0.999927 -0.011147
60   64 0.999927 -0.0106182 -0.00584985 0.0566793 0.0105616 0.999898 -0.00962563 0.00437296 0.00595143 0.0095631 0.999936 -0.0155183
60   65 0.999913 -0.0122116 -0.00508469 0.0683616 0.0121336 0.999812 -0.0151026 0.00511733 0.00526814 0.0150396 0.999873 -0.0200421
60   66 0.999782 -0.0176831 -0.0111022 0.083041 0.0174398 0.999614 -0.021641 0.0060943 0.0114806 0.0214425 0.999704 -0.0264751
60   67 0.999707 -0.0161716 -0.0179989 0.0933084 0.0158114 0.999675 -0.019973 0.00651508 0.0183161 0.0196823 0.999639 -0.0313959
60   68 0.999737 -0.0128056 -0.0190244 0.103282 0.0123663 0.999658 -0.0230319 0.00682905 0.0193129 0.0227904 0.999554 -0.0366125
60   69 0.999694 -0.0109363 -0.0222025 0.116992 0.0104329 0.999689 -0.0226656 0.00737393 0.0224435 0.0224271 0.999496 -0.0437605
60   70 0.999529 -0.0138439 -0.0273774 0.127178 0.0133209 0.999727 -0.0191937 0.00789049 0.0276356 0.01882 0.999441 -0.0488157
60   71 0.999377 -0.0114131 -0.0333819 0.140537 0.0108286 0.999786 -0.0176378 0.00766898 0.0335761 0.0172652 0.999287 -0.0559443
60   72 0.999408 -0.00805002 -0.0334363 0.150411 0.00742515 0.999796 -0.0187694 0.00726762 0.0335805 0.0185099 0.999265 -0.0622286
60   73 0.999186 -0.00441237 -0.0400827 0.160558 0.00365842 0.999815 -0.0188637 0.00676862 0.0401585 0.0187016 0.999018 -0.0677109
60   74 0.998744 -0.00135464 -0.0500814 0.170972 0.000601744 0.999887 -0.0150452 0.00653724 0.0500962 0.0149961 0.998632 -0.0725288
75   76 0.999995 0.00241403 0.00180682 0.0148454 -0.00242034 0.999991 0.00350976 0.00152641 -0.00179835 -0.00351417 0.999992 -0.00833436
75   77 0.999992 0.00315339 -0.00266264 0.0262895 -0.00314937 0.999994 0.00150089 0.0023229 0.00266735 -0.00149239 0.999995 -0.0149568
75   78 0.999941 0.00380926 -0.0101548 0.0372537 -0.0038256 0.999991 -0.00159281 0.00351781 0.0101486 0.00163164 0.999947 -0.0211758
75   79 0.999804 0.0139369 -0.0140264 0.0518548 -0.014001 0.999892 -0.00448072 0.00480412 0.0139625 0.00467622 0.999892 -0.0298969
75   80 0.999632 0.0209298 -0.0172695 0.0631052 -0.0210836 0.999739 -0.00877431 0.00622069 0.0170813 0.00913524 0.999812 -0.036312
75   81 0.999327 0.0209803 -0.0301005 0.0782381 -0.0212742 0.999729 -0.00947572 0.00910743 0.0298935 0.0101097 0.999502 -0.0431038
75   82 0.99913 0.0213309 -0.0358468 0.0902923 -0.021581 0.999745 -0.00660478 0.0119753 0.0356968 0.00737278 0.999336 -0.0479426
75   83 0.998994 0.0265539 -0.0361275 0.101796 -0.0267975 0.999621 -0.00627586 0.0156898 0.0359472 0.00723761 0.999327 -0.0527532
75   84 0.998676 0.0345643 -0.0381097 0.117699 -0.0346263 0.9994 -0.000967474 0.0216312 0.0380533 0.00228588 0.999273 -0.057682
75   85 0.998301 0.0399532 -0.0424231 0.129809 -0.0394506 0.999142 0.0126193 0.0263055 0.0428909 -0.0109241 0.99902 -0.0592251
75   86 0.998134 0.0464296 -0.0396727 0.142334 -0.0452442 0.998517 0.0302732 0.0299376 0.0410194 -0.0284216 0.998754 -0.0619015
75   87 0.998152 0.0496855 -0.0349812 0.159067 -0.0483646 0.99812 0.0376429 0.0349883 0.0367858 -0.0358814 0.998679 -0.0656721
75   88 0.998131 0.0485839 -0.0370817 0.171599 -0.0472215 0.998207 0.03677 0.0385137 0.0388017 -0.03495 0.998636 -0.0679625
75   89 0.998073 0.0421633 -0.0455297 0.187726 -0.040813 0.998711 0.0301898 0.043044 0.0467439 -0.0282735 0.998507 -0.0707616
90   91 0.999962 -0.00450045 -0.00744317 0.01085 0.00446334 0.999978 -0.00499142 0.00187448 0.0074655 0.00495777 0.99996 -0.00355045
90   92 0.999778 -0.00368499 -0.0207488 0.0245835 0.003713 0.999992 0.00131203 0.00460965 0.0207439 -0.00138896 0.999784 -0.00749489
90   93 0.999721 -0.0036234 -0.0233638 0.0353902 0.0037486 0.999979 0.00531691 0.00605315 0.023344 -0.005403 0.999713 -0.0110444
90   94 0.99969 -0.00304295 -0.0247001 0.0468634 0.00315522 0.999985 0.00450829 0.00671969 0.024686 -0.00458501 0.999685 -0.0150634
90   95 0.999401 -0.00689934 -0.0339107 0.0616216 0.00689687 0.999976 -0.000190079 0.00708037 0.0339112 -4.39308e-05 0.999425 -0.0211553
90   96 0.99908 -0.00815924 -0.0421008 0.0729782 0.00800189 0.99996 -0.00390444 0.00767371 0.042131 0.00356386 0.999106 -0.0253964
90   97 0.999106 -0.00543199 -0.041933 0.0848963 0.00519074 0.999969 -0.00585984 0.00813898 0.0419636 0.00563675 0.999103 -0.0301183
90   98 0.998982 -0.00644435 -0.0446368 0.101659 0.00602829 0.999937 -0.00944916 0.00915608 0.0446949 0.00917023 0.998959 -0.0357216
90   99 0.998403 -0.0119057 -0.0552179 0.114822 0.0113382 0.99988 -0.0105793 0.0103891 0.0553372 0.00993614 0.998418 -0.0387086
90   100 0.997973 -0.0112909 -0.0626221 0.127926 0.0108707 0.999916 -0.00704717 0.0109012 0.0626965 0.00635204 0.998012 -0.0415208
90   101 0.998023 -0.00290749 -0.0627873 0.146129 0.00272945 0.999992 -0.00292106 0.00932756 0.0627953 0.00274376 0.998023 -0.0467036
90   102 0.997803 0.00241583 -0.0662114 0.160152 -0.00276992 0.999982 -0.00525679 0.00742078 0.0661975 0.00542861 0.997792 -0.0497647
90   103 0.997214 0.00444008 -0.0744636 0.174066 -0.00499994 0.999961 -0.00733393 0.00547226 0.0744282 0.00768576 0.997197 -0.0524282
90   104 0.996561 0.0111012 -0.082115 0.193414 -0.0119077 0.999885 -0.009339 0.00170554 0.082002 0.0102847 0.996579 -0.0564112
105   106 0.999977 0.00531943 -0.00412937 0.0145531 -0.00533245 0.999981 -0.00314727 -0.00255145 0.00411257 0.00316907 0.999986 -0.00364618
105   107 0.999739 0.0204172 -0.0102397 0.0346984 -0.0204526 0.999785 -0.00336083 -0.00659823 0.0101689 0.0035694 0.999942 -0.00818419
105   108 0.999382 0.032141 -0.0142345 0.0491621 -0.032276 0.999435 -0.00936022 -0.00889281 0.0139256 0.00981393 0.999855 -0.0116837
105   109 0.99883 0.0445531 -0.0187865 0.0630757 -0.0448704 0.998851 -0.0168184 -0.0104414 0.0180156 0.0176416 0.999682 -0.0144306
105   110 0.998255 0.0541905 -0.023475 0.0824982 -0.0546699 0.998298 -0.0202872 -0.0102835 0.0223357 0.0215352 0.999519 -0.0168671
105   111 0.997887 0.0571456 -0.0309108 0.0975533 -0.0576175 0.998232 -0.0145958 -0.00911586 0.0300221 0.0163459 0.999416 -0.016604
105   112 0.997529 0.0607309 -0.0353121 0.112794 -0.061012 0.998113 -0.00693816 -0.00856634 0.0348242 0.00907545 0.999352 -0.0158834
105   113 0.997468 0.0604049 -0.0375363 0.133554 -0.0607366 0.998124 -0.00776114 -0.0083764 0.0369971 0.010021 0.999265 -0.0149847
105   114 0.997496 0.058187 -0.0401957 0.149074 -0.0582855 0.998299 -0.0012825 -0.00902132 0.0400527 0.00362203 0.999191 -0.0140124
105   115 0.997284 0.0574907 -0.0460372 0.163965 -0.0579088 0.998291 -0.00779986 -0.0109439 0.0455101 0.0104447 0.998909 -0.0127602
105   116 0.99631 0.0648635 -0.0562099 0.182458 -0.0669377 0.997113 -0.0358389 -0.0150515 0.053723 0.039469 0.997775 -0.010916
105   117 0.995615 0.0689197 -0.0632495 0.195573 -0.0725309 0.995754 -0.0566931 -0.018006 0.0590736 0.061032 0.996386 -0.00851105
105   118 0.994544 0.0737357 -0.0737854 0.210841 -0.0790227 0.994305 -0.0715027 -0.021308 0.0680929 0.0769432 0.994707 -0.00281069
105   119 0.993368 0.0837043 -0.0788271 0.225261 -0.0889284 0.993897 -0.0652724 -0.0258816 0.0728824 0.0718494 0.994749 0.00473207
120   121 0.999863 0.0137314 0.00928849 0.0130185 -0.0137904 0.999885 0.00631926 -0.00280223 -0.00920064 -0.00644658 0.999937 0.00976397
120   122 0.999736 0.0199682 0.0113565 0.0222832 -0.020124 0.999703 0.0137722 -0.00574534 -0.0110781 -0.0139974 0.999841 0.0188825
120   123 0.999796 0.0145588 0.0140009 0.030379 -0.0148089 0.99973 0.0179297 -0.0086572 -0.0137361 -0.0181336 0.999741 0.0286332
120   124 0.999776 0.00957171 0.0188724 0.0406849 -0.0101831 0.999417 0.0325726 -0.0125831 -0.0185496 -0.0327577 0.999291 0.0427727
120   125 0.999927 -0.000313973 0.012042 0.0470588 -0.000231375 0.998975 0.0452596 -0.0147781 -0.0120438 -0.0452593 0.998903 0.053373
120   126 0.999715 -0.02234 -0.0083948 0.0543378 0.0226932 0.998745 0.0446423 -0.0184358 0.00738696 -0.04482 0.998968 0.0665931
120   127 0.999157 -0.0385819 -0.0140157 0.0587512 0.0391444 0.998335 0.0423594 -0.0199457 0.012358 -0.0428725 0.999004 0.0744449
120   128 0.999091 -0.0411106 -0.011242 0.0638798 0.0415623 0.998191 0.0434322 -0.0221971 0.00943618 -0.0438602 0.998993 0.0819217
120   129 0.999157 -0.0409967 -0.00184583 0.0708512 0.0410375 0.998401 0.0388697 -0.024588 0.000249339 -0.0389129 0.999243 0.0906604
120   130 0.99896 -0.0455973 -0.000372288 0.0758751 0.0455715 0.998045 0.0427598 -0.0242854 -0.00157818 -0.0427325 0.999085 0.0975039
120   131 0.998506 -0.0538665 -0.0091684 0.0799515 0.0542665 0.997216 0.0511416 -0.0222035 0.00638805 -0.0515627 0.998649 0.104609
120   132 0.997863 -0.0577741 -0.0305344 0.0837969 0.0594395 0.996615 0.0567847 -0.0202702 0.0271503 -0.0584785 0.997919 0.113488
120   133 0.997138 -0.059218 -0.0470036 0.0863432 0.0622056 0.995953 0.0648716 -0.0185278 0.0429718 -0.0676096 0.996786 0.119381
120   134 0.996903 -0.056425 -0.0547707 0.0904887 0.0602524 0.995659 0.0709469 -0.0174795 0.0505297 -0.0740273 0.995975 0.124243
135   136 0.999961 0.00320665 -0.0081954 0.0072339 -0.00325053 0.99998 -0.00534567 -0.000747151 0.0081781 0.00537205 0.999952 0.00219368
135   137 0.999856 0.00211644 -0.0168345 0.0145438 -0.00231551 0.999928 -0.0118145 -0.00190777 0.0168083 0.0118516 0.999789 0.00414513
135   138 0.999538 0.00380798 -0.0301625 0.0254627 -0.00429195 0.999863 -0.0159969 -0.00356904 0.0300974 0.0161191 0.999417 0.0067775
135   139 0.999242 0.00388245 -0.038732 0.0339042 -0.00475051 0.999739 -0.0223452 -0.00489525 0.0386352 0.0225122 0.999 0.00873569
135   140 0.998889 0.000625075 -0.0471142 0.0416965 -0.00192044 0.999621 -0.0274542 -0.00491252 0.0470792 0.0275139 0.998512 0.00995273
135   141 0.998286 0.00661133 -0.0581542 0.0518788 -0.00871625 0.999313 -0.0360167 -0.00522279 0.0578762 0.0364617 0.997658 0.012976
135   142 0.997836 0.0130779 -0.0644422 0.0593316 -0.0151197 0.999396 -0.0312999 -0.00457182 0.0639939 0.0322066 0.997431 0.0153597
135   143 0.996957 0.0199884 -0.0753442 0.0666955 -0.0218803 0.999463 -0.0243685 -0.00424377 0.0748167 0.0259428 0.99686 0.0179461
135   144 0.995835 0.0249522 -0.0876865 0.0765554 -0.0269686 0.999397 -0.0218858 -0.00417545 0.0870875 0.0241593 0.995908 0.0212167
135   145 0.995185 0.0293223 -0.0935271 0.0837893 -0.0310423 0.999374 -0.0169891 -0.00399687 0.0929703 0.0198104 0.995472 0.0233227
135   146 0.994988 0.0418201 -0.0908298 0.0913978 -0.0429696 0.999019 -0.0107356 -0.00464736 0.0902917 0.0145847 0.995809 0.0246202
135   147 0.994874 0.0494636 -0.0881994 0.102521 -0.05027 0.998712 -0.00694397 -0.00525218 0.0877423 0.0113422 0.996079 0.0251858
135   148 0.99426 0.0456286 -0.0967767 0.111444 -0.0469205 0.998837 -0.0111142 -0.00578202 0.096157 0.0155912 0.995244 0.026139
135   149 0.993891 0.0354939 -0.104503 0.120062 -0.037288 0.999188 -0.0152637 -0.00450744 0.103877 0.0190671 0.994407 0.0262876
150   151 0.999996 0.00165848 -0.00241687 0.00866625 -0.00165137 0.999994 0.00293478 0.000496795 0.00242174 -0.00293091 0.999993 -0.00121242
150   152 0.999976 0.006371 -0.00259696 0.0169444 -0.00637659 0.999977 -0.00215205 0.000909503 0.00258319 0.00216855 0.999994 -0.00323834
150   153 0.999936 0.00986618 -0.00557519 0.0287974 -0.00988353 0.999946 -0.00309321 0.00112063 0.00554437 0.003148 0.99998 -0.00610038
150   154 0.999918 0.00872114 -0.00937818 0.0377521 -0.00874539 0.999958 -0.00254913 0.00128558 0.00935553 0.00263073 0.999953 -0.00829878
150   155 0.999774 0.00875896 -0.0193566 0.0506857 -0.0089229 0.999925 -0.0083993 0.00133101 0.0192816 0.00857021 0.999777 -0.0118046
150   156 0.999703 0.00227087 -0.0242636 0.0606576 -0.00252484 0.999942 -0.0104426 0.00184857 0.0242385 0.0105005 0.999651 -0.0146606
150   157 0.999465 0.00384052 -0.0324891 0.0712715 -0.00430045 0.999891 -0.0140986 0.00173895 0.0324314 0.0142306 0.999372 -0.0168465
150   158 0.999301 0.00789726 -0.0365405 0.085122 -0.00839917 0.999872 -0.0136037 0.00189528 0.0364283 0.0139009 0.999239 -0.0209925
150   159 0.999213 0.0117101 -0.037895 0.0961568 -0.0122999 0.999806 -0.0153714 0.00185385 0.0377076 0.0158254 0.999163 -0.0239218
150   160 0.99902 0.0141259 -0.0419516 0.108079 -0.0148524 0.999744 -0.0170566 0.00169134 0.0416999 0.0176629 0.998974 -0.0265566
150   161 0.998487 0.01357 -0.0532888 0.124937 -0.0146143 0.999708 -0.0192575 0.00188043 0.0530119 0.0200071 0.998393 -0.0288579
150   162 0.997936 0.0130144 -0.0628886 0.138544 -0.0141931 0.999731 -0.0183322 0.00174343 0.0626331 0.0191867 0.997852 -0.030086
150   163 0.997762 0.0168372 -0.0647113 0.157428 -0.0182827 0.999595 -0.0218123 0.00108204 0.0643178 0.0229465 0.997666 -0.0331365
150   164 0.997467 0.0215984 -0.0677661 0.172207 -0.0230655 0.999515 -0.0209427 7.40597e-05 0.0672808 0.0224526 0.997481 -0.0350525
165   166 0.999945 -0.000797034 -0.0104505 0.0206026 0.000791207 1 -0.000560187 -0.000145593 0.010451 0.000551978 0.999945 -0.00320029
165   167 0.999892 0.00517358 -0.013749 0.0363494 -0.0051162 0.999978 0.00420551 -0.000398358 0.0137704 -0.00413462 0.999897 -0.0050942
165   168 0.999851 0.0139583 -0.0101391 0.0525649 -0.0139098 0.999892 0.00483931 -0.00128927 0.0102056 -0.00469763 0.999937 -0.00779179
165   169 0.999688 0.0230411 -0.00965182 0.0745083 -0.0230512 0.999734 -0.000935614 -0.0021584 0.00962772 0.00115794 0.999953 -0.0120549
165   170 0.999569 0.0251672 -0.0150912 0.090946 -0.0252293 0.999674 -0.00393374 -0.00198796 0.0149873 0.00431292 0.999878 -0.0148117
165   171 0.999435 0.0263181 -0.0209201 0.107224 -0.0265201 0.999604 -0.00943914 -0.000718307 0.0206634 0.00998841 0.999736 -0.0174368
165   172 0.999183 0.0329077 -0.0234521 0.128783 -0.0331275 0.99941 -0.0090463 0.000646507 0.0231406 0.00981595 0.999684 -0.0205766
165   173 0.99874 0.0417681 -0.0278344 0.150786 -0.0416665 0.999123 0.00422006 0.00122763 0.0279863 -0.00305498 0.999604 -0.022637
165   174 0.998623 0.0422973 -0.031033 0.161936 -0.0421706 0.999099 0.00472521 0.0017226 0.0312049 -0.00341005 0.999507 -0.0232237
165   175 0.998637 0.0388482 -0.0348624 0.178933 -0.0386659 0.999235 0.00588973 0.00293686 0.0350646 -0.00453376 0.999375 -0.0246085
165   176 0.998577 0.0358602 -0.0394812 0.200823 -0.0356048 0.99934 0.00715226 0.00432557 0.0397116 -0.00573639 0.999195 -0.0276887
165   177 0.998621 0.0316074 -0.0419137 0.216567 -0.0316392 0.999499 -9.40871e-05 0.00629902 0.0418898 0.00142013 0.999121 -0.030699
165   178 0.998553 0.0275236 -0.046188 0.23139 -0.0278992 0.999583 -0.00750706 0.00907881 0.0459621 0.00878482 0.998904 -0.0335296
165   179 0.998278 0.0318184 -0.0492689 0.249846 -0.0321843 0.99946 -0.00665286 0.0109996 0.0490306 0.00822701 0.998763 -0.0378903
180   181 0.99999 -0.000136459 -0.00444035 0.016272 0.000155105 0.999991 0.00420129 0.0034021 0.00443973 -0.00420192 0.999981 -0.00517035
180   182 0.999936 0.00313471 -0.0108379 0.0282728 -0.00303753 0.999955 0.00897072 0.00548917 0.0108655 -0.00893732 0.999901 -0.00874904
180   183 0.999875 0.00405324 -0.0153254 0.0401659 -0.00391445 0.999951 0.00907885 0.00714825 0.0153615 -0.00901755 0.999841 -0.0126888
180   184 0.999816 0.00459272 -0.0186385 0.055837 -0.00449449 0.999976 0.00530879 0.00906172 0.0186624 -0.00522403 0.999812 -0.0179533
180   185 0.999798 0.00700938 -0.0188594 0.0675414 -0.00688603 0.999955 0.00659876 0.00995775 0.0189047 -0.00646751 0.9998 -0.0226158
180   186 0.999639 0.00507069 -0.026389 0.078833 -0.00509102 0.999987 -0.000701386 0.0111422 0.0263851 0.00083553 0.999652 -0.0268839
180   187 0.999421 0.00337571 -0.0338684 0.0937081 -0.0036466 0.999962 -0.00793752 0.0129304 0.0338403 0.00805673 0.999395 -0.0330726
180   188 0.999211 0.00601366 -0.0392533 0.104411 -0.00618362 0.999972 -0.00420949 0.0142281 0.0392269 0.00444895 0.99922 -0.037131
180   189 0.998965 0.0119222 -0.0439058 0.115096 -0.0120182 0.999926 -0.00192225 0.0149814 0.0438796 0.00244798 0.999034 -0.0415805
180   190 0.998573 0.0156344 -0.0510699 0.129407 -0.0158396 0.999868 -0.00361609 0.0162968 0.0510067 0.00441991 0.998689 -0.0468004
180   191 0.998241 0.0175654 -0.0566279 0.140644 -0.0176557 0.999844 -0.00109357 0.0169498 0.0565998 0.00209159 0.998395 -0.0507642
180   192 0.997836 0.0196605 -0.0627526 0.151832 -0.0196996 0.999806 -3.99845e-06 0.0178479 0.0627403 0.00124021 0.998029 -0.0543267
180   193 0.99721 0.021229 -0.0715724 0.168091 -0.02146 0.999767 -0.00245869 0.0191632 0.0715035 0.00398791 0.997433 -0.0592912
180   194 0.996592 0.0225852 -0.0793376 0.180214 -0.0228487 0.999736 -0.00241425 0.0199816 0.0792621 0.00421875 0.996845 -0.0627976
195   196 0.999986 0.0016062 -0.0050494 0.0127181 -0.00162117 0.999994 -0.00295648 0.00100114 0.00504458 0.00296467 0.999983 -0.00444202
195   197 0.999904 0.00925541 -0.0102927 0.0296889 -0.00918279 0.999933 0.00708377 0.00265393 0.0103576 -0.00698839 0.999922 -0.0104184
195   198 0.999715 0.0187244 -0.0148301 0.0426692 -0.0186156 0.999799 0.00743818 0.00275822 0.0149664 -0.00716 0.999862 -0.0148057
195   199 0.999396 0.027849 -0.0207875 0.0560897 -0.0277578 0.999604 0.00466621 0.0021746 0.0209092 -0.00408631 0.999773 -0.0190289
195   200 0.998915 0.0377968 -0.0271992 0.0744853 -0.0377729 0.999285 0.00139293 0.00125223 0.0272324 -0.000363981 0.999629 -0.0256219
195   201 0.998766 0.0384733 -0.0314086 0.0890009 -0.0388231 0.99919 -0.0106059 0.00136669 0.0309751 0.011812 0.99945 -0.0308446
195   202 0.998721 0.0353109 -0.0361871 0.103527 -0.03626 0.999006 -0.0259163 0.00251457 0.0352361 0.0271953 0.999009 -0.0358326
195   203 0.998414 0.0351888 -0.0439386 0.123169 -0.0367168 0.998731 -0.0344678 0.00494525 0.04267 0.0360263 0.998439 -0.0401569
195   204 0.998108 0.0358888 -0.0499082 0.137754 -0.037245 0.998954 -0.0265154 0.00707841 0.0489044 0.0283239 0.998402 -0.0414144
195   205 0.997749 0.0439363 -0.0506628 0.152853 -0.0446674 0.998912 -0.0133907 0.00748057 0.0500193 0.0156234 0.998626 -0.0425029
195   206 0.997534 0.0473325 -0.0518333 0.172857 -0.047468 0.998872 -0.00138383 0.00798628 0.0517093 0.00384092 0.998655 -0.0443375
195   207 0.997335 0.0457672 -0.0568241 0.187767 -0.0462682 0.998901 -0.00753135 0.00877139 0.0564168 0.0101406 0.998356 -0.0456835
195   208 0.997191 0.0450417 -0.0598469 0.202858 -0.045723 0.998903 -0.0100619 0.00948733 0.0593281 0.0127701 0.998157 -0.0480538
195   209 0.996967 0.0414944 -0.0658358 0.217494 -0.0426764 0.99895 -0.0166495 0.0115526 0.0650758 0.0194087 0.997692 -0.0498352
210   211 0.999996 -0.000411465 -0.00287282 0.0133091 0.000433765 0.99997 0.00778476 0.00282156 0.00286956 -0.00778593 0.999966 -0.00228206
210   212 0.999864 -0.00289059 -0.0162092 0.0310232 0.00313576 0.999881 0.0151215 0.00653251 0.0161636 -0.0151702 0.999754 -0.0034618
210   213 0.999611 -0.00662506 -0.027096 0.0448075 0.00707829 0.999836 0.0166661 0.0094764 0.0269811 -0.0168513 0.999494 -0.00417418
210   214 0.999298 -0.011443 -0.0356863 0.058808 0.012011 0.999804 0.0157409 0.0120529 0.0354992 -0.0161584 0.999239 -0.00493131
210   215 0.999162 -0.011766 -0.0392115 0.0778372 0.0117478 0.999931 -0.00069092 0.0139744 0.039217 0.000229815 0.999231 -0.00608487
210   216 0.998674 -0.0110691 -0.0502819 0.0921319 0.0119779 0.99977 0.0178106 0.0168493 0.0500732 -0.0183892 0.998576 -0.00724882
210   217 0.998263 -0.00980706 -0.0580908 0.106613 0.0108151 0.999796 0.0170633 0.0185995 0.0579116 -0.0176619 0.998165 -0.0082179
210   218 0.997789 -0.00800143 -0.0659851 0.126492 0.00930629 0.999767 0.0194926 0.0204338 0.0658137 -0.0200634 0.99763 -0.0104271
210   219 0.997342 -0.00503239 -0.0726875 0.141966 0.00634229 0.999821 0.0178027 0.0214763 0.072585 -0.0182162 0.997196 -0.0117774
210   220 0.996727 -0.00117245 -0.0808314 0.157928 0.00301514 0.999738 0.0226787 0.0217286 0.0807837 -0.0228481 0.99647 -0.012909
210   221 0.995791 0.00045833 -0.0916559 0.180228 0.00170281 0.999722 0.0234997 0.0219432 0.0916413 -0.0235568 0.995514 -0.0136451
210   222 0.995231 -0.000329302 -0.0975488 0.197786 0.0020396 0.999846 0.0174335 0.0221154 0.097528 -0.0175493 0.995078 -0.014339
210   223 0.995484 0.00805764 -0.0945901 0.215697 -0.00538716 0.999581 0.0284543 0.0199987 0.0947796 -0.027816 0.99511 -0.0171414
210   224 0.994042 0.0115816 -0.108382 0.239585 -0.00878262 0.999617 0.0262682 0.0187701 0.108645 -0.0251597 0.993762 -0.0164301
225   226 0.999929 0.00352494 -0.0114063 0.0187528 -0.00350696 0.999993 0.00160288 -0.000566125 0.0114119 -0.00156247 0.999934 -0.00121131
225   227 0.999805 0.00452309 -0.0192248 0.0438941 -0.00441578 0.999974 0.00562427 -0.000745304 0.0192498 -0.00553814 0.999799 -0.00259863
225   228 0.999723 0.0120856 -0.0202178 0.0625982 -0.0120625 0.999926 0.00126613 -0.000771293 0.0202316 -0.00102177 0.999795 -0.00319473
225   229 0.999521 0.0220732 -0.0216981 0.0871545 -0.0219582 0.999744 0.00552947 0.00151774 0.0218147 -0.00505022 0.999749 -0.00400681
225   230 0.999122 0.0298466 -0.0294151 0.105006 -0.0295726 0.999516 0.00971016 0.00367324 0.0296907 -0.00883154 0.99952 -0.00273715
225   231 0.998289 0.0361813 -0.0459278 0.122522 -0.034828 0.998945 0.0299344 0.00626034 0.0469624 -0.0282834 0.998496 0.000105286
225   232 0.996577 0.0352953 -0.0747546 0.145808 -0.0315141 0.998193 0.0511714 0.00975904 0.0764256 -0.0486404 0.995888 0.00620093
225   233 0.995714 0.0352337 -0.0855083 0.164843 -0.0298245 0.997521 0.0637332 0.0111708 0.0875419 -0.0609096 0.994297 0.00906225
225   234 0.995997 0.0364814 -0.0816121 0.189579 -0.0306324 0.996948 0.0718085 0.0119245 0.0839828 -0.0690208 0.994074 0.00940095
225   235 0.996044 0.0416678 -0.0784888 0.207871 -0.0362343 0.996929 0.0694233 0.0110696 0.0811405 -0.0663045 0.994495 0.00899012
225   236 0.99595 0.0434816 -0.078691 0.224887 -0.0377158 0.996594 0.0733301 0.0108238 0.0816116 -0.0700651 0.994198 0.00850573
225   237 0.995435 0.0386619 -0.0872649 0.246582 -0.032665 0.997073 0.0691338 0.0126724 0.0896824 -0.0659675 0.993783 0.00825769
225   238 0.995409 0.033873 -0.089524 0.262252 -0.0287077 0.997882 0.0583697 0.0137129 0.0913117 -0.0555316 0.994273 0.00656906
225   239 0.995409 0.0348354 -0.0891472 0.276951 -0.03049 0.998301 0.0496504 0.0136945 0.0907252 -0.0467044 0.99478 0.00395881
240   241 0.999985 0.00356602 -0.0041955 0.0184172 -0.0035611 0.999993 0.00118968 -0.000438018 0.00419982 -0.00117462 0.99999 -0.0043853
240   242 0.999934 -0.000967995 -0.0114417 0.0361218 0.000916901 0.99999 -0.00447008 -0.0017519 0.0114459 0.00445935 0.999925 -0.00945808
240   243 0.999915 -0.00225029 -0.0128512 0.0492544 0.00215401 0.99997 -0.00749924 -0.00235827 0.0128677 0.00747096 0.999889 -0.0139692
240   244 0.999913 -0.000975214 -0.0131418 0.0624925 0.000849149 0.999954 -0.00959098 -0.002718 0.0131505 0.0095792 0.999868 -0.0192327
240   245 0.9999 -0.00405461 -0.0135495 0.0741058 0.00385017 0.999879 -0.0150784 -0.00173263 0.013609 0.0150248 0.999795 -0.0244163
240   246 0.999748 -0.00267209 -0.022309 0.0893411 0.00221852 0.999791 -0.0203273 0.000765529 0.0223588 0.0202728 0.999545 -0.0300382
240   247 0.999536 0.000444482 -0.0304499 0.100701 -0.000911939 0.999882 -0.0153394 0.00309195 0.0304394 0.0153601 0.999419 -0.0338221
240   248 0.999536 0.00274487 -0.0303468 0.112417 -0.00291555 0.99998 -0.00558225 0.00519589 0.0303308 0.00566815 0.999524 -0.0391376
240   249 0.999321 0.00441615 -0.0365742 0.1287 -0.0047423 0.99995 -0.00883647 0.00899248 0.0365334 0.00900392 0.999292 -0.0451719
240   250 0.999117 0.0038975 -0.0418354 0.141706 -0.00372469 0.999984 0.00420845 0.0112974 0.0418513 -0.00404875 0.999116 -0.050606
240   251 0.998893 0.00451794 -0.0468157 0.155382 -0.00412723 0.999956 0.00843963 0.0131317 0.0468516 -0.00823696 0.998868 -0.0560063
240   252 0.998752 0.0154217 -0.0475168 0.173992 -0.0146375 0.999752 0.0168077 0.0123217 0.0477641 -0.0160911 0.998729 -0.0649862
240   253 0.998712 0.0203933 -0.0464577 0.188014 -0.0198164 0.999721 0.0128474 0.0123479 0.0467066 -0.0119102 0.998838 -0.0723718
240   254 0.998586 0.0246801 -0.0470885 0.202675 -0.0240861 0.999623 0.0131383 0.0126774 0.047395 -0.0119856 0.998804 -0.0809145
255   256 0.999968 0.00673993 -0.00435134 0.0139555 -0.00670598 0.999947 0.00775757 0.00159926 0.0044034 -0.00772829 0.99996 -0.00769258
255   257 0.999717 0.0228979 -0.00638305 0.0279851 -0.022762 0.999529 0.0206011 0.00181047 0.00685166 -0.0204501 0.999767 -0.0160223
255   258 0.99906 0.0430629 -0.00492683 0.0468863 -0.0430165 0.999032 0.00915914 0.000327771 0.00531651 -0.00893866 0.999946 -0.0275257
255   259 0.99863 0.0522634 -0.00258489 0.0611315 -0.052266 0.998633 -0.000960484 -0.000120022 0.00253126 0.00109423 0.999996 -0.0364473
255   260 0.998493 0.0548725 -0.000286225 0.0754407 -0.0548715 0.998407 -0.0131762 0.000637728 -0.000437142 0.0131719 0.999913 -0.0446894
255   261 0.998192 0.0599389 -0.00440733 0.09328 -0.0599904 0.998118 -0.0126996 0.00252628 0.00363782 0.0129408 0.99991 -0.0532708
255   262 0.997773 0.0652253 -0.0139631 0.105805 -0.065296 0.997855 -0.00468104 0.00371429 0.0136279 0.00558222 0.999891 -0.0574552
255   263 0.99738 0.066894 -0.0275307 0.122464 -0.0667963 0.997757 0.00445032 0.00531462 0.0277667 -0.00259982 0.999611 -0.0619869
255   264 0.997258 0.0651181 -0.0351441 0.134537 -0.0649907 0.997875 0.00475663 0.0065356 0.0353793 -0.00245941 0.999371 -0.0655347
255   265 0.996869 0.0668736 -0.0421805 0.146656 -0.0666594 0.997755 0.00646246 0.00732768 0.042518 -0.00363078 0.999089 -0.069099
255   266 0.996615 0.0676998 -0.046639 0.161311 -0.0677171 0.997704 0.0012084 0.00819533 0.0466137 0.00195378 0.998911 -0.0749454
255   267 0.996474 0.0682269 -0.0488338 0.172012 -0.068642 0.997618 -0.00687309 0.00888861 0.0482484 0.0102008 0.998783 -0.0803108
255   268 0.996484 0.0632676 -0.0549224 0.18266 -0.0641724 0.997828 -0.0148697 0.00994379 0.0538623 0.0183419 0.99838 -0.0844581
255   269 0.996396 0.0542802 -0.0651767 0.19634 -0.0558585 0.998182 -0.0226431 0.012503 0.0638292 0.026202 0.997617 -0.0894075
270   271 0.999988 0.00333259 -0.0036139 0.00752628 -0.0033296 0.999994 0.000846984 0.00123072 0.00361672 -0.000834852 0.999993 -0.00395122
270   272 0.999872 0.00892547 -0.0132819 0.0168137 -0.0088854 0.999956 0.00307624 0.00279149 0.0133088 -0.00295777 0.999907 -0.00897324
270   273 0.999727 0.00828733 -0.0218671 0.0232941 -0.00824997 0.999964 0.00180246 0.00394123 0.0218813 -0.0016215 0.999759 -0.0127905
270   274 0.999431 0.0100846 -0.0321732 0.0318504 -0.0101434 0.999947 -0.001665 0.0054585 0.0321548 0.00199039 0.999481 -0.0174604
270   275 0.999151 0.0125458 -0.0392366 0.0378415 -0.0124688 0.99992 0.00220382 0.00658491 0.0392609 -0.00171287 0.999227 -0.0213137
270   276 0.998883 0.0116652 -0.0457899 0.0440495 -0.0118766 0.99992 -0.00434449 0.00746561 0.0457355 0.0048835 0.998942 -0.0248558
270   277 0.99838 0.0175216 -0.0541297 0.0519914 -0.0179137 0.999817 -0.00676837 0.00816776 0.054001 0.00772694 0.998511 -0.0284972
270   278 0.99781 0.0249024 -0.0612751 0.0580236 -0.0248378 0.99969 0.00181453 0.00868626 0.0613014 -0.000288664 0.998119 -0.0307264
270   279 0.997203 0.0274372 -0.0695137 0.0643251 -0.0270833 0.999615 0.00602648 0.00930778 0.0696522 -0.00412715 0.997563 -0.0330533
270   280 0.996363 0.0277533 -0.0805652 0.0737296 -0.0276822 0.999615 0.00199863 0.0101967 0.0805895 0.000238871 0.996747 -0.0363734
270   281 0.995522 0.0294982 -0.089805 0.0809695 -0.02925 0.999564 0.00407912 0.0107653 0.0898861 -0.0014341 0.995951 -0.0392039
270   282 0.994748 0.0320067 -0.0972183 0.0887758 -0.0319065 0.999488 0.00258473 0.0111085 0.0972511 0.000530487 0.99526 -0.0427274
270   283 0.993925 0.0283296 -0.106353 0.0995806 -0.0288042 0.999581 -0.00292738 0.0130991 0.106226 0.00597316 0.994324 -0.0474648
270   284 0.992626 0.0292611 -0.117629 0.108426 -0.0294734 0.999566 -6.61134e-05 0.0140921 0.117576 0.00353254 0.993058 -0.0508298
285   286 0.999942 -0.00470065 -0.00970006 0.0123852 0.00465547 0.999978 -0.00468002 0.00306533 0.0097218 0.00463458 0.999942 -0.00625049
285   287 0.999938 -0.00248091 -0.0108593 0.021562 0.00246961 0.999996 -0.00105088 0.00622307 0.0108618 0.0010241 0.99994 -0.0106212
285   288 0.999866 0.00317559 -0.0160822 0.031922 -0.00308425 0.999979 0.00570736 0.00967057 0.0161 -0.00565681 0.999854 -0.014758
285   289 0.999468 0.001262 -0.0326013 0.046748 -0.00059912 0.999793 0.0203336 0.0148889 0.0326201 -0.0203032 0.999262 -0.0211466
285   290 0.998965 0.00309276 -0.0453807 0.0595807 -0.00197061 0.999692 0.0247511 0.01821 0.0454432 -0.0246362 0.998663 -0.0263663
285   291 0.998603 0.011643 -0.0515343 0.0731176 -0.0100884 0.999489 0.0303236 0.0207878 0.0518611 -0.0297612 0.998211 -0.0316067
285   292 0.998057 0.0214468 -0.0584946 0.0930144 -0.0188924 0.998858 0.0438778 0.0221659 0.0593689 -0.0426874 0.997323 -0.0401123
285   293 0.997342 0.0235003 -0.0689719 0.109294 -0.0204957 0.998823 0.0439519 0.0229951 0.0699235 -0.0424213 0.99665 -0.0451672
285   294 0.996344 0.026992 -0.0810524 0.126212 -0.0231822 0.998598 0.047582 0.0230903 0.0822231 -0.0455292 0.995574 -0.04998
285   295 0.99511 0.0340389 -0.092723 0.148498 -0.0299208 0.998519 0.045447 0.0233886 0.0941327 -0.0424503 0.994654 -0.0573265
285   296 0.994002 0.0445155 -0.0998906 0.165936 -0.0395478 0.997907 0.0511727 0.0233363 0.101959 -0.0469152 0.993682 -0.0630491
285   297 0.99275 0.0533344 -0.107714 0.183515 -0.0474467 0.997274 0.0565044 0.0241155 0.110434 -0.050984 0.992575 -0.0682773
285   298 0.991364 0.0602445 -0.116482 0.2067 -0.0539862 0.996961 0.0561586 0.0267744 0.119511 -0.0493852 0.991604 -0.0755428
285   299 0.990547 0.0690131 -0.118548 0.22445 -0.0627142 0.996455 0.0560713 0.0282009 0.121997 -0.0481066 0.991364 -0.0812263
300   301 0.999955 -0.00156671 -0.00939079 0.0168689 0.00162035 0.999982 0.00571259 0.00292707 0.00938184 -0.00572749 0.99994 -0.00426978
300   302 0.999841 -0.00190363 -0.0177482 0.0322036 0.00203337 0.999971 0.00729781 0.00502957 0.0177339 -0.00733259 0.999816 -0.0083279
300   303 0.999764 0.00772541 -0.0202976 0.0520125 -0.00750609 0.999913 0.0108627 0.00682562 0.0203799 -0.0107076 0.999735 -0.0139082
300   304 0.999559 0.0179473 -0.0236818 0.0658274 -0.0176943 0.999785 0.0108527 0.00696745 0.0238716 -0.0104289 0.999661 -0.0178501
300   305 0.999272 0.0261518 -0.027761 0.0793936 -0.0259415 0.999632 0.00790997 0.00615657 0.0279579 -0.00718397 0.999584 -0.0217326
300   306 0.999101 0.0311695 -0.0287215 0.0969781 -0.031215 0.999512 -0.00113698 0.00496133 0.0286722 0.00203257 0.999587 -0.0278502
300   307 0.999042 0.0331612 -0.0285456 0.109247 -0.0334601 0.99939 -0.0100537 0.00424587 0.028195 0.0109992 0.999542 -0.0322204
300   308 0.998869 0.0362107 -0.0308274 0.124617 -0.0366858 0.999214 -0.0149855 0.00398706 0.0302606 0.0160995 0.999412 -0.0375444
300   309 0.998943 0.0322725 -0.0327464 0.13569 -0.0330153 0.999204 -0.022401 0.00531989 0.0319974 0.0234586 0.999213 -0.0416019
300   310 0.999154 0.0236489 -0.0336449 0.145985 -0.0247788 0.999129 -0.0335728 0.00766567 0.0328216 0.0343781 0.99887 -0.0460277
300   311 0.999335 0.0148999 -0.0332802 0.158354 -0.016329 0.998938 -0.0430871 0.0111965 0.032603 0.043602 0.998517 -0.0516325
300   312 0.999273 0.0106222 -0.0366234 0.166959 -0.0122805 0.998896 -0.0453521 0.0134952 0.0361012 0.045769 0.9983 -0.0553069
300   313 0.999237 0.00294988 -0.0389339 0.174622 -0.00492148 0.998705 -0.0506419 0.0163359 0.0387342 0.050795 0.997958 -0.0590343
300   314 0.999244 -0.00594365 -0.0384207 0.183874 0.00367751 0.998264 -0.0587848 0.0199977 0.0387035 0.0585991 0.997531 -0.0649474
315   316 0.999995 -0.00235426 0.00217151 0.00643224 0.00235229 0.999997 0.000907403 0.00123887 -0.00217359 -0.000902306 0.999997 -0.0037069
315   317 0.999972 -0.00489354 0.00573098 0.0142064 0.00487943 0.999985 0.0024793 0.00302683 -0.00574305 -0.00245132 0.99998 -0.00766725
315   318 0.999964 -0.00230655 0.00819918 0.0193981 0.00223937 0.999964 0.00819579 0.00422608 -0.0082179 -0.00817711 0.999933 -0.0102095
315   319 0.999953 0.000227736 0.00970189 0.0243812 -0.000345909 0.999926 0.0121874 0.00496073 -0.00969849 -0.0121903 0.999879 -0.0124305
315   320 0.99991 0.000848365 0.0133716 0.0290985 -0.00103922 0.999897 0.0142833 0.00554177 -0.0133582 -0.0142961 0.999808 -0.0147879
315   321 0.999752 0.00665094 0.0212393 0.0350908 -0.00691849 0.999897 0.0125484 0.00603574 -0.0211538 -0.0126923 0.999696 -0.0180185
315   322 0.99966 0.00997039 0.0240977 0.0391297 -0.0101853 0.999909 0.00880867 0.00675982 -0.0240076 -0.00905113 0.999671 -0.0203239
315   323 0.99964 0.0108582 0.024525 0.0439428 -0.0110953 0.999893 0.00955293 0.00790605 -0.0244187 -0.00982158 0.999654 -0.0232016
315   324 0.999669 0.0119721 0.0227523 0.0471222 -0.0122521 0.99985 0.0122108 0.0092183 -0.0226027 -0.0124855 0.999667 -0.0254578
