0 1 163 0.965932 0.0758601 -0.247428 0.938361 -0.0751679 0.997096 0.0122572 0.181404 0.247639 0.00675902 0.968829 -0.294231
0 2 50 0.836618 0.0964736 -0.539224 0.979956 -0.156396 0.985464 -0.0663413 0.194851 0.524986 0.139835 0.839545 -0.0414568
0 3 31 0.718122 0.616676 -0.322507 0.256588 0.626049 -0.370082 0.686369 -0.283102 0.303913 -0.694802 -0.651834 0.92413
0 4 0 1 0 0 0 0 1 0 0 0 0 1 0
0 5 0 1 0 0 0 0 1 0 0 0 0 1 0
0 6 0 1 0 0 0 0 1 0 0 0 0 1 0
0 7 14 0.954912 -0.271376 0.120408 -0.303905 -0.272632 -0.962098 -0.00623665 -0.0856055 0.117537 -0.0268715 -0.992705 0.948848
0 8 0 1 0 0 0 0 1 0 0 0 0 1 0
0 9 0 1 0 0 0 0 1 0 0 0 0 1 0
0 10 0 1 0 0 0 0 1 0 0 0 0 1 0
0 11 19 -0.0243607 0.688949 0.7244 -0.411086 0.993018 -0.0669871 0.0971028 -0.0358238 0.115424 0.721708 -0.682507 0.910893
0 12 0 1 0 0 0 0 1 0 0 0 0 1 0
0 13 14 -0.901777 -0.292188 -0.318473 0.420206 -0.231285 0.948715 -0.215515 0.137592 0.365111 -0.120688 -0.923108 0.896937
0 14 0 1 0 0 0 0 1 0 0 0 0 1 0
0 15 0 1 0 0 0 0 1 0 0 0 0 1 0
0 16 24 0.203866 0.931731 0.300526 0.0742283 -0.78023 0.340049 -0.524984 0.502452 -0.591338 -0.127453 0.796289 0.861413
0 17 14 -0.884811 0.345093 -0.313082 -0.0407964 -0.353946 -0.934783 -0.0300597 -0.307309 -0.303037 0.0842172 0.94925 0.950735
0 18 0 1 0 0 0 0 1 0 0 0 0 1 0
0 19 0 1 0 0 0 0 1 0 0 0 0 1 0
0 20 14 0.506148 -0.811054 -0.293267 -0.423697 0.782761 0.574766 -0.2386 0.0958446 0.362077 -0.108791 0.925778 0.900719
0 21 14 0.67962 0.549192 0.486317 -0.38415 0.586915 -0.804783 0.0886274 -0.267642 0.440053 0.225194 -0.869276 0.883627
0 22 0 1 0 0 0 0 1 0 0 0 0 1 0
0 23 0 1 0 0 0 0 1 0 0 0 0 1 0
0 24 0 1 0 0 0 0 1 0 0 0 0 1 0
0 25 0 1 0 0 0 0 1 0 0 0 0 1 0
0 26 16 0.985619 -0.0910807 0.142335 -0.0107887 -0.0979974 -0.994285 0.0423503 0.0797046 0.137665 -0.0556897 -0.988912 0.99676
0 27 0 1 0 0 0 0 1 0 0 0 0 1 0
0 28 13 0.618173 0.771128 -0.152397 0.168125 0.78384 -0.590239 0.192907 -0.0840006 0.058805 -0.238704 -0.96931 0.98218
0 29 0 1 0 0 0 0 1 0 0 0 0 1 0
0 30 19 -0.284958 -0.861796 -0.41965 0.117109 -0.809833 0.450669 -0.37559 0.0412183 0.512805 0.232819 -0.826333 0.992263
0 31 15 -0.0689806 0.894745 -0.441217 0.0674031 0.712919 0.353585 0.605577 -0.168208 0.697845 -0.272779 -0.662272 0.983444
0 32 14 0.721828 -0.584746 -0.370185 0.261051 -0.627349 -0.778709 0.00677678 0.00871208 -0.292229 0.227343 -0.928934 0.965286
0 33 13 -0.532098 -0.821732 0.204029 -0.0988142 -0.821928 0.559163 0.108493 -0.0206151 -0.203238 -0.109968 -0.972934 0.994892
0 34 14 -0.900287 0.331228 0.282439 0.172175 -0.33413 -0.941706 0.0393218 -0.407036 0.278999 -0.0589704 0.958479 0.897038
0 35 14 0.928135 -0.370038 0.0404559 -0.331923 0.359399 0.919104 0.161492 -0.0682738 -0.0969413 -0.135346 0.986045 -0.940833
0 36 10 0.603886 -0.795754 -0.0458019 0.289907 0.796995 0.602039 0.0484593 -0.0184156 -0.0109872 -0.0657678 0.997774 0.956878
0 37 0 1 0 0 0 0 1 0 0 0 0 1 0
0 38 0 1 0 0 0 0 1 0 0 0 0 1 0
0 39 10 0.952934 -0.302447 -0.0210413 0.0761224 0.30234 0.953165 -0.00819115 -0.359642 0.0225333 0.00144399 0.999745 0.92998
0 40 10 -0.074321 0.975064 0.209108 0.348527 -0.997232 -0.0731667 -0.0132609 0.0140343 0.00236949 -0.209515 0.977803 0.937194
0 41 27 0.890129 -0.310903 0.333181 -0.900227 0.321469 0.946604 0.0244701 -0.0829096 -0.322998 0.0853256 0.942545 0.427454
0 42 24 -0.54396 0.362191 0.756919 -0.41704 0.430156 0.894868 -0.119069 0.0264511 -0.720468 0.260825 -0.642571 0.908503
0 43 24 0.986564 -0.153606 -0.0556465 0.30372 0.158632 0.982119 0.101385 0.202326 0.0390782 -0.10885 0.99329 -0.931031
0 44 30 0.379524 -0.131384 0.915806 -0.79276 0.190898 0.979685 0.0614373 0.052228 -0.905273 0.151509 0.396895 0.607292
0 45 33 0.718163 -0.253884 0.647908 -0.838326 0.333844 0.942628 -0.000673206 0.0399759 -0.610566 0.216784 0.761718 0.543702
0 46 13 0.978453 -0.192062 -0.0757808 0.039134 0.192787 0.981238 0.00229586 0.0592369 0.0739181 -0.0168559 0.997122 -0.997477
0 47 35 0.188718 -0.218148 0.957495 -0.658288 0.0658424 0.975632 0.209303 -0.121287 -0.979822 0.0235446 0.198483 0.742931
0 48 25 0.546435 -0.629399 -0.55251 0.327513 -0.540118 -0.769025 0.341866 -0.221745 -0.640064 0.111613 -0.760172 0.918458
0 49 18 0.994312 -0.0506137 0.0937068 0.566337 0.0350963 0.986429 0.160395 -0.18549 -0.100553 -0.156194 0.982595 0.803029
0 50 0 1 0 0 0 0 1 0 0 0 0 1 0
0 51 19 0.749067 -0.600841 -0.279085 0.0114869 -0.642311 -0.761851 -0.0837838 0.0802355 -0.16228 0.242019 -0.956604 0.99671
0 52 0 1 0 0 0 0 1 0 0 0 0 1 0
0 53 23 0.00199633 0.939645 0.342146 -0.0383782 0.999113 0.0125189 -0.0402104 0.149925 -0.0420668 0.341923 -0.938786 0.987952
0 54 16 -0.895626 -0.427523 0.122791 -0.0587993 -0.441378 0.8884 -0.12622 0.0921997 -0.0551254 -0.167243 -0.984373 0.994003
0 55 21 -0.18792 0.950098 -0.248999 0.204841 0.878964 0.0495449 -0.474308 0.263187 -0.438303 -0.307993 -0.844412 0.942747
0 56 0 1 0 0 0 0 1 0 0 0 0 1 0
0 57 0 1 0 0 0 0 1 0 0 0 0 1 0
0 58 0 1 0 0 0 0 1 0 0 0 0 1 0
0 59 0 1 0 0 0 0 1 0 0 0 0 1 0
0 60 0 1 0 0 0 0 1 0 0 0 0 1 0
0 61 0 1 0 0 0 0 1 0 0 0 0 1 0
0 62 0 1 0 0 0 0 1 0 0 0 0 1 0
0 63 0 1 0 0 0 0 1 0 0 0 0 1 0
0 64 0 1 0 0 0 0 1 0 0 0 0 1 0
0 65 18 -0.956612 -0.144181 0.253189 -0.102254 -0.128633 0.988697 0.0770179 0.143251 -0.261431 0.041108 -0.964346 0.98439
0 66 0 1 0 0 0 0 1 0 0 0 0 1 0
0 67 0 1 0 0 0 0 1 0 0 0 0 1 0
0 68 0 1 0 0 0 0 1 0 0 0 0 1 0
0 69 0 1 0 0 0 0 1 0 0 0 0 1 0
0 70 20 -0.56053 -0.800303 0.212887 -0.188697 -0.809313 0.474886 -0.345682 0.2386 0.175554 -0.366057 -0.913883 0.952609
0 71 18 -0.89737 -0.185601 0.400348 -0.22927 -0.0850525 0.962983 0.255794 0.0546047 -0.433004 0.195491 -0.879938 0.97183
0 72 23 0.525467 0.832887 -0.173735 0.188878 0.848003 -0.49611 0.186455 -0.0366162 0.0691039 -0.245303 -0.96698 0.981318
0 73 21 0.795294 -0.604164 0.0499358 0.237057 0.604894 0.796306 0.000623293 0.315516 -0.0401407 0.0297101 0.998752 -0.918833
0 74 17 -0.826233 -0.454925 -0.332239 0.156928 -0.496346 0.866829 0.0474213 0.0117234 0.266422 0.204087 -0.942002 0.98754
0 75 41 0.817119 -0.398116 0.416918 -0.873737 0.509921 0.8365 -0.200619 0.339513 -0.268882 0.376525 0.886528 0.348304
0 76 45 0.728985 -0.317644 0.606368 -0.863699 0.498961 0.853009 -0.153013 0.244021 -0.468634 0.414099 0.780323 0.440997
0 77 15 0.939092 -0.335038 -0.0765211 -0.0930851 0.337131 0.941323 0.015915 0.00722182 0.066699 -0.0407433 0.996941 -0.995632
0 78 26 0.0595257 -0.642614 0.763874 -0.418268 -0.962016 0.167308 0.215715 -0.0739739 -0.266423 -0.7477 -0.608246 0.905306
0 79 0 1 0 0 0 0 1 0 0 0 0 1 0
0 80 0 1 0 0 0 0 1 0 0 0 0 1 0
0 81 0 1 0 0 0 0 1 0 0 0 0 1 0
0 82 0 1 0 0 0 0 1 0 0 0 0 1 0
0 83 0 1 0 0 0 0 1 0 0 0 0 1 0
0 84 13 -0.275165 -0.813725 0.511992 -0.498034 -0.938558 0.342756 0.040334 0.114359 -0.208309 -0.469436 -0.858043 0.859584
0 85 16 -0.652058 -0.301694 -0.695558 0.382752 -0.454178 0.890025 0.0397313 0.0244375 0.607077 0.341814 -0.717371 0.923528
0 86 29 0.766251 -0.635629 0.0939999 -0.813153 0.627198 0.771685 0.105474 -0.226346 -0.139581 -0.0218628 0.989969 -0.536237
0 87 30 0.917734 -0.35895 -0.170054 0.405056 0.374085 0.925022 0.0662931 0.0447317 0.133508 -0.124454 0.983202 -0.913197
0 88 79 0.905138 -0.222331 0.362344 -0.924885 0.202464 0.974917 0.0924442 -0.0793467 -0.373809 -0.0103133 0.927448 -0.371875
0 89 190 0.993205 -0.0493692 0.105383 -0.239724 0.0575379 0.995451 -0.0759359 0.177054 -0.101155 0.0814835 0.991528 -0.95456
0 90 130 0.999862 0.0157443 -0.00537535 0.0167002 -0.0166128 0.962158 -0.271986 0.290636 0.00088971 0.272038 0.962286 -0.956688
0 91 38 0.955501 0.022096 0.294159 -0.479119 -0.00227181 0.997712 -0.0675645 -0.14414 -0.294979 0.0638897 0.953365 -0.865834
0 92 11 0.994061 0.105576 0.0263874 0.152506 -0.104091 0.993184 -0.052444 -0.0561371 -0.0317443 0.0493859 0.998275 -0.986707
0 93 0 1 0 0 0 0 1 0 0 0 0 1 0
0 94 21 0.997418 -0.0652942 0.0299099 -0.0488691 0.0676395 0.99403 -0.0856067 0.277415 -0.0241418 0.0874087 0.99588 -0.959506
0 95 29 0.979785 -0.0292674 0.197899 -0.495357 0.0139871 0.996842 0.0781741 -0.203298 -0.199562 -0.0738258 0.9771 -0.844566
0 96 24 0.96009 0.0216176 -0.278854 0.73189 -0.0132831 0.999408 0.0317434 0.135895 0.279376 -0.0267724 0.959809 -0.667734
0 97 0 1 0 0 0 0 1 0 0 0 0 1 0
0 98 0 1 0 0 0 0 1 0 0 0 0 1 0
0 99 0 1 0 0 0 0 1 0 0 0 0 1 0
0 100 11 0.819617 -0.151151 -0.552613 0.456917 0.29705 0.936905 0.184313 -0.0202365 0.489887 -0.31522 0.812802 -0.889279
0 101 15 -0.884036 0.319801 0.340893 -0.0520565 0.414608 0.873257 0.255975 -0.133166 -0.215826 0.367628 -0.904582 0.989726
0 102 0 1 0 0 0 0 1 0 0 0 0 1 0
0 103 12 -0.485226 -0.868118 -0.104532 0.167344 -0.873287 0.475139 0.107763 -0.0973743 -0.0438843 0.143576 -0.988666 0.981078
0 104 0 1 0 0 0 0 1 0 0 0 0 1 0
0 105 17 -0.882439 0.468197 0.0457533 0.255613 0.44788 0.806411 0.386142 -0.298192 0.143894 0.361238 -0.921304 0.919643
0 106 0 1 0 0 0 0 1 0 0 0 0 1 0
0 107 21 -0.811895 0.207199 -0.545798 0.424039 0.0241901 0.946036 0.323157 -0.160087 0.583302 0.249167 -0.773094 0.891383
0 108 0 1 0 0 0 0 1 0 0 0 0 1 0
0 109 15 0.700288 -0.648832 -0.297679 0.055532 -0.709499 -0.586583 -0.390553 0.295973 0.0787896 0.484703 -0.871123 0.953581
0 110 0 1 0 0 0 0 1 0 0 0 0 1 0
0 111 10 0.246969 -0.943787 -0.219711 0.411175 0.929643 0.294742 -0.221112 0.268894 0.273441 -0.149645 0.950177 -0.870994
0 112 0 1 0 0 0 0 1 0 0 0 0 1 0
0 113 0 1 0 0 0 0 1 0 0 0 0 1 0
0 114 10 0.584989 0.807534 0.0753465 0.0115461 -0.810736 0.57969 0.0816565 -0.296395 0.0222628 -0.108854 0.993808 -0.954996
0 115 21 -0.168531 -0.961609 -0.216577 -0.0524711 -0.858277 0.251208 -0.447499 0.206881 0.484724 0.110466 -0.867663 0.976958
0 116 15 -0.638539 0.684007 -0.352708 0.456514 0.767908 0.596569 -0.233287 0.155943 0.050845 -0.41981 -0.906187 0.875944
0 117 13 0.103662 -0.980617 -0.166264 -0.17636 0.991624 0.114845 -0.0590919 -0.0665059 0.0770411 -0.158746 0.984309 -0.982076
0 118 0 1 0 0 0 0 1 0 0 0 0 1 0
0 119 24 0.429962 -0.88394 -0.183799 -0.0787725 -0.889545 -0.379938 -0.253687 0.0651884 0.154412 0.272573 -0.949664 0.994759
0 120 18 -0.864461 0.241059 0.441133 -0.192569 0.263917 0.964495 -0.00987149 0.0296129 -0.42785 0.107889 -0.897388 0.980836
0 121 16 -0.555971 0.634225 0.537267 -0.120669 0.700796 0.705242 -0.10732 0.0561117 -0.446969 0.316847 -0.836557 0.991106
0 122 15 0.97316 -0.160719 -0.164709 0.184285 -0.186694 -0.969839 -0.156708 -0.0603417 -0.134555 0.183252 -0.973814 0.981019
0 123 11 0.322502 -0.938164 -0.125858 0.121552 0.901959 0.344912 -0.259818 0.072985 0.287162 -0.0297269 0.957421 -0.989898
0 124 14 0.846017 -0.484751 -0.221974 0.33291 0.44608 0.871605 -0.203268 0.0383301 0.292008 0.0729499 0.95363 -0.942179
0 125 19 -0.946096 0.268602 -0.180984 0.358425 0.237549 0.955301 0.175987 -0.140144 0.220165 0.123508 -0.967612 0.922979
0 126 27 0.909886 -0.406077 -0.084904 0.26371 0.393878 0.909846 -0.130541 -0.0711433 0.130259 0.0853359 0.987801 -0.961975
0 127 20 0.987632 -0.156747 0.0036495 0.00799303 0.156779 0.987026 -0.0346341 0.233969 0.00182662 0.0347779 0.999393 -0.972211
0 128 25 0.99834 0.0556548 -0.0148373 -0.383975 -0.0524177 0.984653 0.166467 0.0422473 0.0238742 -0.165413 0.985935 -0.922377
0 129 27 0.934631 0.0341305 0.353977 -0.689894 -0.0169351 0.998526 -0.051563 0.723604 -0.355215 0.0421977 0.933832 -0.0210403
0 130 11 -0.956175 -0.1528 -0.249762 0.104816 0.164267 -0.986084 -0.0256016 -0.113949 -0.242374 -0.0655071 0.967969 -0.987942
0 131 0 1 0 0 0 0 1 0 0 0 0 1 0
0 132 26 0.928376 -0.301328 -0.217529 0.169555 0.0264563 -0.530248 0.847429 -0.658592 -0.370699 -0.792488 -0.484298 0.733149
0 133 14 0.740835 0.667544 0.0744797 -0.313809 -0.67029 0.727589 0.146033 0.00543632 0.0432932 -0.15811 0.986472 -0.949471
0 134 0 1 0 0 0 0 1 0 0 0 0 1 0
0 135 17 -0.383482 -0.882925 0.270895 -0.251319 -0.911092 0.313658 -0.26745 0.127139 0.15117 -0.349373 -0.924709 0.959518
0 136 0 1 0 0 0 0 1 0 0 0 0 1 0
0 137 19 0.779854 0.575678 -0.24581 0.821267 -0.571706 0.814961 0.0948192 -0.00844112 0.25491 0.0665857 0.964669 -0.570482
0 138 25 -0.174467 -0.85697 0.484937 -0.411331 -0.974602 0.220514 0.0390507 0.144903 -0.1404 -0.465807 -0.873677 0.899894
0 139 12 -0.669452 -0.715023 -0.201434 0.199566 0.736986 -0.673298 -0.0593386 0.130646 -0.0931968 -0.188178 0.977703 0.971136
0 140 103 0.999096 -0.00342981 0.0423778 -0.754696 -0.00545075 0.978183 0.207675 -0.640955 -0.0421655 -0.207718 0.97728 -0.140039
0 141 123 0.98738 -0.0390873 0.153468 -0.979533 0.0183225 0.99075 0.134454 0.198901 -0.157304 -0.129946 0.978963 -0.0308946
0 142 88 0.922072 -0.0345014 0.385476 -0.867895 0.102511 0.982216 -0.157299 0.434363 -0.373194 0.184557 0.909211 0.241012
0 143 21 0.978707 -0.201832 -0.037367 0.454571 0.204203 0.975857 0.0774842 -0.0867401 0.0208261 -0.0834648 0.996293 -0.886477
0 144 15 -0.777828 0.392569 0.490789 -0.400427 -0.539319 -0.817873 -0.200546 0.273444 0.322675 -0.420682 0.847884 -0.874578
0 145 13 -0.396535 0.91245 0.100973 -0.149686 0.917999 0.39338 0.0502989 -0.036388 0.00617433 0.112639 -0.993617 0.988064
0 146 13 0.492435 -0.868544 -0.0560247 0.111525 0.861694 0.495582 -0.109006 0.119054 0.122442 0.00540236 0.992461 0.986605
0 147 11 -0.965981 0.258596 -0.00298004 0.172266 -0.248426 -0.931071 -0.267192 0.139467 -0.0718693 -0.257362 0.963639 0.975127
0 148 0 1 0 0 0 0 1 0 0 0 0 1 0
0 149 0 1 0 0 0 0 1 0 0 0 0 1 0
0 150 14 0.854363 -0.468263 -0.225374 0.246607 -0.333401 -0.826561 0.453476 -0.0935926 -0.398632 -0.312293 -0.862302 0.964586
0 151 21 0.641895 0.764874 0.0542041 0.223886 0.72535 -0.582759 -0.366414 0.236871 -0.248672 0.274516 -0.928872 0.945392
0 152 21 0.0741656 -0.967306 0.242524 0.281292 0.908655 0.165754 0.383238 -0.338491 -0.410908 0.191948 0.891241 0.897941
0 153 11 0.0467869 0.834213 0.549454 0.254658 -0.998663 0.0511716 0.00734619 0.220361 -0.0219882 -0.549063 0.835491 0.941589
0 154 0 1 0 0 0 0 1 0 0 0 0 1 0
0 155 0 1 0 0 0 0 1 0 0 0 0 1 0
0 156 14 0.26078 -0.935926 0.236721 -0.614834 0.936434 0.304847 0.173668 -0.296777 -0.234704 0.176384 0.95593 -0.730686
0 157 0 1 0 0 0 0 1 0 0 0 0 1 0
0 158 0 1 0 0 0 0 1 0 0 0 0 1 0
0 159 0 1 0 0 0 0 1 0 0 0 0 1 0
0 160 0 1 0 0 0 0 1 0 0 0 0 1 0
1 2 153 0.959195 0.051658 -0.277987 0.977031 -0.065836 0.99695 -0.0419051 0.0719198 0.274974 0.0584967 0.95967 -0.200596
1 3 23 0.982467 0.152722 0.106929 0.383555 -0.154799 0.987881 0.0113486 -0.0234179 -0.1039 -0.0277021 0.994202 -0.923221
1 4 0 1 0 0 0 0 1 0 0 0 0 1 0
1 5 0 1 0 0 0 0 1 0 0 0 0 1 0
1 6 0 1 0 0 0 0 1 0 0 0 0 1 0
1 7 0 1 0 0 0 0 1 0 0 0 0 1 0
1 8 0 1 0 0 0 0 1 0 0 0 0 1 0
1 9 17 0.279113 -0.454644 -0.84581 0.626683 -0.876769 -0.479887 -0.031378 0.17719 -0.391627 0.750338 -0.532561 0.758862
1 10 14 0.329331 0.779838 0.532348 -0.208838 -0.926202 0.376411 0.0215793 -0.207888 -0.183553 -0.500168 0.846251 0.955599
1 11 0 1 0 0 0 0 1 0 0 0 0 1 0
1 12 0 1 0 0 0 0 1 0 0 0 0 1 0
1 13 0 1 0 0 0 0 1 0 0 0 0 1 0
1 14 0 1 0 0 0 0 1 0 0 0 0 1 0
1 15 0 1 0 0 0 0 1 0 0 0 0 1 0
1 16 0 1 0 0 0 0 1 0 0 0 0 1 0
1 17 11 -0.953429 -0.208738 -0.217719 -0.0131087 -0.253322 0.945974 0.202388 -0.329044 0.163711 0.248115 -0.954797 0.944223
1 18 0 1 0 0 0 0 1 0 0 0 0 1 0
1 19 0 1 0 0 0 0 1 0 0 0 0 1 0
1 20 0 1 0 0 0 0 1 0 0 0 0 1 0
1 21 15 0.292399 -0.928738 -0.227925 -0.0666576 -0.933446 -0.328978 0.143013 -0.18697 -0.207804 0.170939 -0.963119 0.980101
1 22 0 1 0 0 0 0 1 0 0 0 0 1 0
1 23 0 1 0 0 0 0 1 0 0 0 0 1 0
1 24 15 0.379615 -0.793237 -0.476097 0.267851 -0.523613 -0.608482 0.596305 -0.186184 -0.762707 0.022924 -0.646338 0.9453
1 25 0 1 0 0 0 0 1 0 0 0 0 1 0
1 26 0 1 0 0 0 0 1 0 0 0 0 1 0
1 27 0 1 0 0 0 0 1 0 0 0 0 1 0
1 28 0 1 0 0 0 0 1 0 0 0 0 1 0
1 29 17 -0.951672 -0.247848 -0.181359 0.161712 -0.29822 0.886873 0.352876 -0.219177 0.0733825 0.389907 -0.917925 0.962191
1 30 0 1 0 0 0 0 1 0 0 0 0 1 0
1 31 0 1 0 0 0 0 1 0 0 0 0 1 0
1 32 17 0.302029 -0.953184 0.0147972 0.034959 -0.787949 -0.240875 0.56667 -0.325841 -0.536577 -0.18281 -0.823812 0.944778
1 33 0 1 0 0 0 0 1 0 0 0 0 1 0
1 34 0 1 0 0 0 0 1 0 0 0 0 1 0
1 35 0 1 0 0 0 0 1 0 0 0 0 1 0
1 36 18 0.672234 0.721442 -0.166204 0.109527 0.549197 -0.335398 0.765435 -0.292426 0.496472 -0.60583 -0.62168 0.949995
1 37 0 1 0 0 0 0 1 0 0 0 0 1 0
1 38 12 0.06187 -0.99689 0.0488048 0.0362992 0.981792 0.0519881 -0.182709 0.344184 0.179603 0.0592203 0.981955 -0.9382
1 39 0 1 0 0 0 0 1 0 0 0 0 1 0
1 40 0 1 0 0 0 0 1 0 0 0 0 1 0
1 41 18 -0.542441 0.679802 -0.493586 0.240588 0.37102 0.720988 0.585253 -0.333126 0.753726 0.134335 -0.643313 0.911671
1 42 0 1 0 0 0 0 1 0 0 0 0 1 0
1 43 22 -0.645277 0.489468 0.586548 -0.063276 0.510105 0.847606 -0.146139 0.0808412 -0.568692 0.204901 -0.796621 0.994716
1 44 17 -0.560202 0.774055 -0.294978 0.26546 0.826585 0.499086 -0.260138 0.117806 -0.0541415 -0.389554 -0.919411 0.956898
1 45 22 0.691101 -0.439583 0.573713 -0.809806 0.378153 0.896385 0.23129 -0.474139 -0.615939 0.0571063 0.785722 0.345552
1 46 16 0.989076 0.0166809 0.14646 -0.151516 -0.0262322 0.997635 0.0635273 -0.177408 -0.145054 -0.0666753 0.987175 0.972404
1 47 24 0.321059 -0.121073 0.939288 -0.781402 0.272517 0.961658 0.0308069 -0.0375052 -0.907003 0.246082 0.341744 0.6229
1 48 15 0.910613 -0.0159294 0.412952 -0.163958 -0.0345572 0.992822 0.114501 -0.00916165 -0.411812 -0.118536 0.903527 0.986425
1 49 14 0.644693 -0.764228 -0.0180601 0.398944 0.744564 0.622401 0.241332 -0.0529963 -0.173192 -0.169032 0.970274 0.915442
1 50 0 1 0 0 0 0 1 0 0 0 0 1 0
1 51 0 1 0 0 0 0 1 0 0 0 0 1 0
1 52 10 0.0412003 -0.833001 0.551736 0.0464866 0.914604 0.253754 0.314815 0.0990491 -0.402246 0.491649 0.77232 0.993996
1 53 10 0.584449 -0.766841 0.26528 -0.283697 0.810118 0.532857 -0.244484 0.17404 0.0461242 0.357796 0.93266 -0.942988
1 54 0 1 0 0 0 0 1 0 0 0 0 1 0
1 55 0 1 0 0 0 0 1 0 0 0 0 1 0
1 56 0 1 0 0 0 0 1 0 0 0 0 1 0
1 57 0 1 0 0 0 0 1 0 0 0 0 1 0
1 58 0 1 0 0 0 0 1 0 0 0 0 1 0
1 59 0 1 0 0 0 0 1 0 0 0 0 1 0
1 60 0 1 0 0 0 0 1 0 0 0 0 1 0
1 61 0 1 0 0 0 0 1 0 0 0 0 1 0
1 62 0 1 0 0 0 0 1 0 0 0 0 1 0
1 63 0 1 0 0 0 0 1 0 0 0 0 1 0
1 64 0 1 0 0 0 0 1 0 0 0 0 1 0
1 65 14 0.72362 -0.58244 -0.370321 0.171317 -0.688391 -0.647843 -0.326215 0.193161 -0.0499097 0.490982 -0.869739 0.966095
1 66 0 1 0 0 0 0 1 0 0 0 0 1 0
1 67 0 1 0 0 0 0 1 0 0 0 0 1 0
1 68 0 1 0 0 0 0 1 0 0 0 0 1 0
1 69 18 0.352676 0.867243 0.351439 -0.279631 0.925103 -0.379623 0.0084347 0.158687 0.140729 0.322142 -0.936173 0.946903
1 70 13 0.771613 -0.279752 0.571272 0.0407954 -0.1372 -0.950153 -0.279975 0.110821 0.62112 0.137653 -0.771532 0.993003
1 71 30 0.955215 -0.284477 -0.0814655 0.471592 0.283958 0.958665 -0.0181327 0.840628 0.0832565 -0.00581219 0.996511 0.266358
1 72 12 0.989578 -0.141498 0.026701 0.20387 0.136148 0.979801 0.146469 0.287619 -0.0468868 -0.141307 0.988855 -0.935795
1 73 23 0.665802 -0.579219 0.470332 -0.229507 -0.719804 -0.66459 0.200505 0.0131475 0.196441 -0.472044 -0.85941 0.973218
1 74 10 0.889564 -0.456134 -0.0248326 -0.0573998 0.456597 0.889494 0.0178777 0.0166383 0.0139338 -0.0272418 0.999532 -0.998213
1 75 15 0.961724 -0.15105 0.228627 0.152714 0.18056 0.976925 -0.114091 0.0146308 -0.206118 0.151005 0.966805 0.988162
1 76 24 0.19652 -0.906711 -0.373168 0.274876 -0.874392 -0.334268 0.351715 -0.144977 -0.443642 0.257176 -0.858512 0.950487
1 77 0 1 0 0 0 0 1 0 0 0 0 1 0
1 78 0 1 0 0 0 0 1 0 0 0 0 1 0
1 79 22 -0.943277 -0.304589 0.132113 0.059988 -0.204886 0.847154 0.490257 -0.234716 -0.261247 0.43538 -0.861507 0.970211
1 80 0 1 0 0 0 0 1 0 0 0 0 1 0
1 81 22 -0.0442606 -0.996152 0.0756437 -0.178869 -0.947882 0.0179594 -0.318116 -0.0509191 0.315533 -0.0857813 -0.945029 0.982554
1 82 17 0.87596 0.427532 0.223407 -0.131311 0.420514 -0.903699 0.0806026 0.0313998 0.236353 0.0233411 -0.971387 0.990844
1 83 0 1 0 0 0 0 1 0 0 0 0 1 0
1 84 0 1 0 0 0 0 1 0 0 0 0 1 0
1 85 21 -0.803284 -0.594958 0.0275739 -0.0905594 -0.553807 0.729086 -0.402159 0.127898 0.219164 -0.338318 -0.915155 0.987644
1 86 0 1 0 0 0 0 1 0 0 0 0 1 0
1 87 0 1 0 0 0 0 1 0 0 0 0 1 0
1 88 41 0.858894 -0.287156 0.424078 -0.964135 0.266842 0.957667 0.108025 -0.250651 -0.437146 0.0203797 0.89916 -0.0872823
1 89 95 0.936483 -0.123081 0.328407 -0.893216 0.149591 0.987126 -0.056616 -0.122225 -0.317211 0.102147 0.942838 -0.432696
1 90 88 0.981575 -0.0456244 0.185549 -0.514598 0.0972653 0.955153 -0.279682 0.107393 -0.164468 0.292577 0.941992 -0.85068
1 91 42 0.994006 -0.0556415 0.0941089 -0.0308978 0.106128 0.697813 -0.708374 0.960246 -0.0262554 0.714115 0.699536 -0.277439
1 92 10 0.684586 -0.691731 0.229894 -0.15848 0.707427 0.706523 0.0192685 -0.107642 -0.175754 0.149442 0.973025 0.981477
1 93 0 1 0 0 0 0 1 0 0 0 0 1 0
1 94 62 0.980576 -0.188718 0.0534343 -0.0543768 0.195593 0.92059 -0.338019 0.751791 0.0145993 0.341905 0.939621 -0.657155
1 95 91 0.955666 -0.203257 -0.213045 0.60411 0.130615 0.94108 -0.311941 0.605529 0.263896 0.270285 0.925908 -0.518059
1 96 38 0.902158 -0.214289 -0.374421 0.78786 0.190069 0.976567 -0.100945 0.241468 0.387279 0.0199029 0.921748 -0.566542
1 97 0 1 0 0 0 0 1 0 0 0 0 1 0
1 98 0 1 0 0 0 0 1 0 0 0 0 1 0
1 99 0 1 0 0 0 0 1 0 0 0 0 1 0
1 100 0 1 0 0 0 0 1 0 0 0 0 1 0
1 101 0 1 0 0 0 0 1 0 0 0 0 1 0
1 102 0 1 0 0 0 0 1 0 0 0 0 1 0
1 103 0 1 0 0 0 0 1 0 0 0 0 1 0
1 104 16 0.548114 -0.789191 -0.277035 0.166854 -0.785848 -0.599323 0.152493 -0.0287227 -0.28638 0.134124 -0.948682 0.985563
1 105 18 -0.617092 0.546334 0.566318 -0.46167 0.428614 0.836929 -0.340353 0.18538 -0.659914 0.032703 -0.750629 0.867465
1 106 0 1 0 0 0 0 1 0 0 0 0 1 0
1 107 0 1 0 0 0 0 1 0 0 0 0 1 0
1 108 0 1 0 0 0 0 1 0 0 0 0 1 0
1 109 0 1 0 0 0 0 1 0 0 0 0 1 0
1 110 0 1 0 0 0 0 1 0 0 0 0 1 0
1 111 0 1 0 0 0 0 1 0 0 0 0 1 0
1 112 0 1 0 0 0 0 1 0 0 0 0 1 0
1 113 0 1 0 0 0 0 1 0 0 0 0 1 0
1 114 0 1 0 0 0 0 1 0 0 0 0 1 0
1 115 0 1 0 0 0 0 1 0 0 0 0 1 0
1 116 13 -0.345078 0.938494 0.0122261 0.0524237 0.900647 0.334771 -0.277062 0.127629 -0.264114 -0.0845966 -0.960774 0.990436
1 117 14 -0.780391 -0.451563 -0.432529 0.17205 -0.263792 0.864908 -0.427022 0.0537682 0.566925 -0.219147 -0.794085 0.98362
1 118 0 1 0 0 0 0 1 0 0 0 0 1 0
1 119 17 0.408259 0.895514 0.177144 0.0188827 0.89441 -0.431224 0.11864 -0.226684 0.182633 0.110004 -0.977008 0.973785
1 120 0 1 0 0 0 0 1 0 0 0 0 1 0
1 121 16 0.972446 0.0786013 0.219477 -0.202125 0.0449945 -0.987026 0.154124 0.0429391 0.228744 -0.140002 -0.963367 0.978418
1 122 0 1 0 0 0 0 1 0 0 0 0 1 0
1 123 17 0.93049 -0.278051 -0.238485 0.359891 0.261013 0.960044 -0.100935 -0.192153 0.257021 0.031671 0.965887 0.912993
1 124 0 1 0 0 0 0 1 0 0 0 0 1 0
1 125 13 -0.879262 0.390998 -0.272063 0.147628 0.367477 0.920203 0.134857 -0.0572738 0.303082 0.0185981 -0.952783 0.987383
1 126 16 -0.916355 -0.395229 -0.063931 0.196124 -0.382776 0.911666 -0.149493 0.0522478 0.117368 -0.112518 -0.986694 0.979186
1 127 14 0.998823 -0.0251933 -0.0414421 -0.2432 0.0223555 0.997464 -0.0675696 0.118305 0.0430393 0.0665636 0.996854 -0.962735
1 128 15 0.343852 0.938877 -0.0166098 -0.176342 -0.921236 0.333859 -0.199657 0.215166 -0.181908 0.0839538 0.979725 -0.960524
1 129 0 1 0 0 0 0 1 0 0 0 0 1 0
1 130 0 1 0 0 0 0 1 0 0 0 0 1 0
1 131 14 0.785151 0.598671 -0.158526 -0.0788676 0.554666 -0.793633 -0.249983 0.0886898 -0.275469 0.108345 -0.955185 0.992932
1 132 0 1 0 0 0 0 1 0 0 0 0 1 0
1 133 0 1 0 0 0 0 1 0 0 0 0 1 0
1 134 0 1 0 0 0 0 1 0 0 0 0 1 0
1 135 0 1 0 0 0 0 1 0 0 0 0 1 0
1 136 11 0.0617516 0.990112 -0.125956 0.211651 -0.998022 0.0627429 0.00391441 0.151835 0.0117786 0.125465 0.992028 -0.965479
1 137 0 1 0 0 0 0 1 0 0 0 0 1 0
1 138 20 0.725687 0.238309 0.645436 -0.779159 -0.665133 0.482964 0.569512 -0.485169 -0.176002 -0.842588 0.508988 0.396892
1 139 0 1 0 0 0 0 1 0 0 0 0 1 0
1 140 17 0.93308 -0.346315 -0.0970942 0.109654 0.33811 0.936643 -0.0915526 0.243651 0.122649 0.0525973 0.991055 -0.963644
1 141 42 0.954521 -0.104971 0.279053 -0.928131 0.0621089 0.985444 0.158246 -0.0455912 -0.291602 -0.133717 0.947147 0.369452
1 142 34 0.82055 -0.100136 0.562734 -0.875997 0.189231 0.976605 -0.102145 0.101614 -0.539341 0.190302 0.820303 0.471491
1 143 22 0.99166 -0.0610824 0.113489 -0.11635 0.0524373 0.9956 0.0776615 -0.248532 -0.117733 -0.0710627 0.990499 0.96161
1 144 0 1 0 0 0 0 1 0 0 0 0 1 0
1 145 0 1 0 0 0 0 1 0 0 0 0 1 0
1 146 17 -0.495296 0.831725 -0.250829 0.0537637 0.845544 0.527802 0.0804996 0.0613775 0.199341 -0.172216 -0.964679 0.996666
1 147 0 1 0 0 0 0 1 0 0 0 0 1 0
1 148 0 1 0 0 0 0 1 0 0 0 0 1 0
1 149 0 1 0 0 0 0 1 0 0 0 0 1 0
1 150 0 1 0 0 0 0 1 0 0 0 0 1 0
1 151 0 1 0 0 0 0 1 0 0 0 0 1 0
1 152 0 1 0 0 0 0 1 0 0 0 0 1 0
1 153 0 1 0 0 0 0 1 0 0 0 0 1 0
1 154 0 1 0 0 0 0 1 0 0 0 0 1 0
1 155 0 1 0 0 0 0 1 0 0 0 0 1 0
1 156 0 1 0 0 0 0 1 0 0 0 0 1 0
1 157 0 1 0 0 0 0 1 0 0 0 0 1 0
1 158 0 1 0 0 0 0 1 0 0 0 0 1 0
1 159 0 1 0 0 0 0 1 0 0 0 0 1 0
1 160 0 1 0 0 0 0 1 0 0 0 0 1 0
2 3 115 0.983387 0.0712396 -0.166959 0.989878 -0.0659338 0.997133 0.0371172 -0.00372104 0.169124 -0.0254924 0.985265 0.141871
2 4 17 0.901156 0.366822 0.230996 0.339466 -0.387805 0.920304 0.051452 0.0796156 -0.193713 -0.135948 0.971593 0.937243
2 5 10 0.962703 -0.119115 0.242929 0.290317 0.0817689 0.983979 0.158429 0.0506764 -0.257908 -0.132656 0.957019 0.955588
2 6 0 1 0 0 0 0 1 0 0 0 0 1 0
2 7 0 1 0 0 0 0 1 0 0 0 0 1 0
2 8 0 1 0 0 0 0 1 0 0 0 0 1 0
2 9 0 1 0 0 0 0 1 0 0 0 0 1 0
2 10 0 1 0 0 0 0 1 0 0 0 0 1 0
2 11 0 1 0 0 0 0 1 0 0 0 0 1 0
2 12 0 1 0 0 0 0 1 0 0 0 0 1 0
2 13 10 0.733644 -0.662485 -0.151261 0.0987298 0.629214 0.746337 -0.216959 0.11639 0.256623 0.0639954 0.964391 -0.988284
2 14 0 1 0 0 0 0 1 0 0 0 0 1 0
2 15 0 1 0 0 0 0 1 0 0 0 0 1 0
2 16 10 0.936753 -0.349835 -0.0104502 0.257343 0.340342 0.917485 -0.205883 -0.345461 0.0816129 0.189305 0.978521 0.902458
2 17 0 1 0 0 0 0 1 0 0 0 0 1 0
2 18 0 1 0 0 0 0 1 0 0 0 0 1 0
2 19 0 1 0 0 0 0 1 0 0 0 0 1 0
2 20 17 -0.457444 -0.836897 0.30058 -0.328549 -0.885836 0.458413 -0.0717814 -0.0437362 -0.0777161 -0.299101 -0.951052 0.943474
2 21 0 1 0 0 0 0 1 0 0 0 0 1 0
2 22 0 1 0 0 0 0 1 0 0 0 0 1 0
2 23 0 1 0 0 0 0 1 0 0 0 0 1 0
2 24 0 1 0 0 0 0 1 0 0 0 0 1 0
2 25 0 1 0 0 0 0 1 0 0 0 0 1 0
2 26 0 1 0 0 0 0 1 0 0 0 0 1 0
2 27 0 1 0 0 0 0 1 0 0 0 0 1 0
2 28 25 0.622863 -0.0773733 -0.778496 0.509712 0.780949 0.120615 0.612838 -0.34423 0.0464808 -0.989679 0.135551 0.788479
2 29 11 -0.700917 -0.689061 0.184148 0.0872373 0.695753 -0.717373 -0.0361063 -0.117685 0.156982 0.102814 0.982235 0.989212
2 30 10 -0.811197 -0.532931 0.240716 0.126422 0.557976 -0.828587 0.0458984 0.105679 0.174993 0.171546 0.96951 0.986331
2 31 0 1 0 0 0 0 1 0 0 0 0 1 0
2 32 19 -0.860855 -0.501145 -0.0882172 0.0993346 -0.489014 0.862703 -0.128879 0.0232505 0.140692 -0.0678066 -0.987729 0.994782
2 33 21 -0.796561 0.0461383 0.602795 -0.17155 -0.022299 0.994163 -0.105561 -0.00860502 -0.604147 -0.0975272 -0.790883 0.985138
2 34 0 1 0 0 0 0 1 0 0 0 0 1 0
2 35 0 1 0 0 0 0 1 0 0 0 0 1 0
2 36 0 1 0 0 0 0 1 0 0 0 0 1 0
2 37 28 0.47729 -0.748689 -0.460065 0.990548 0.855145 0.516251 0.0470386 -0.12479 0.202291 -0.415873 0.886639 0.0569358
2 38 0 1 0 0 0 0 1 0 0 0 0 1 0
2 39 18 -0.867113 -0.322441 0.379667 -0.187578 -0.369922 0.927292 -0.0573322 0.0888649 -0.333576 -0.190161 -0.923345 0.978222
2 40 25 -0.270985 -0.94977 0.156537 0.00493546 -0.761731 0.31101 0.568365 -0.270458 -0.5885 0.0347789 -0.807749 0.962719
2 41 17 -0.435808 0.834842 0.336318 -0.1931 0.855757 0.500115 -0.132529 0.0119491 -0.278838 0.23005 -0.932377 0.981106
2 42 31 0.510237 -0.61264 0.603598 -0.250056 -0.491094 -0.783704 -0.380309 0.0650002 0.706035 -0.102376 -0.700738 0.966047
2 43 16 0.681189 -0.727989 0.0775471 -0.361295 0.718265 0.68505 0.121667 -0.162978 -0.141696 -0.0271787 0.989537 0.918098
2 44 0 1 0 0 0 0 1 0 0 0 0 1 0
2 45 17 -0.900118 -0.339563 -0.272919 0.208909 -0.23709 0.907394 -0.347022 0.148655 0.365481 -0.247654 -0.897269 0.966571
2 46 0 1 0 0 0 0 1 0 0 0 0 1 0
2 47 0 1 0 0 0 0 1 0 0 0 0 1 0
2 48 19 -0.961645 0.176187 -0.210233 0.222328 0.115627 0.95539 0.271774 -0.0672517 0.248737 0.237041 -0.939117 0.97265
2 49 0 1 0 0 0 0 1 0 0 0 0 1 0
2 50 18 -0.306997 -0.848554 -0.430939 0.175084 -0.845412 0.451099 -0.285987 0.19048 0.437072 0.276523 -0.855864 0.965952
2 51 19 -0.886073 0.384926 -0.258276 -0.000270705 0.427223 0.894343 -0.13278 0.112413 0.179877 -0.227995 -0.956903 0.993662
2 52 21 -0.193002 0.914858 0.354662 -0.249018 -0.97254 -0.130452 -0.192739 0.484471 -0.130063 -0.382122 0.914913 0.838617
2 53 14 0.929922 0.0798087 0.358994 0.046866 -0.161967 0.965277 0.204958 0.180694 -0.330171 -0.24874 0.910558 0.982422
2 54 0 1 0 0 0 0 1 0 0 0 0 1 0
2 55 0 1 0 0 0 0 1 0 0 0 0 1 0
2 56 0 1 0 0 0 0 1 0 0 0 0 1 0
2 57 0 1 0 0 0 0 1 0 0 0 0 1 0
2 58 12 0.587697 0.761257 0.274044 -0.401438 0.802722 -0.590995 -0.0797637 0.0410376 0.101238 0.266858 -0.958404 0.914966
2 59 0 1 0 0 0 0 1 0 0 0 0 1 0
2 60 0 1 0 0 0 0 1 0 0 0 0 1 0
2 61 0 1 0 0 0 0 1 0 0 0 0 1 0
2 62 0 1 0 0 0 0 1 0 0 0 0 1 0
2 63 0 1 0 0 0 0 1 0 0 0 0 1 0
2 64 0 1 0 0 0 0 1 0 0 0 0 1 0
2 65 0 1 0 0 0 0 1 0 0 0 0 1 0
2 66 0 1 0 0 0 0 1 0 0 0 0 1 0
2 67 25 0.977432 -0.121093 0.1731 -0.108299 0.112381 0.991894 0.0593081 0.327748 -0.178879 -0.0385164 0.983117 0.938537
2 68 15 0.985142 -0.127952 0.114558 0.0359187 0.102493 0.973245 0.205642 0.0205525 -0.137805 -0.190845 0.971899 -0.999143
2 69 28 0.958345 -0.224091 0.177081 -0.234513 0.283345 0.667983 -0.688124 0.925477 0.0359149 0.709635 0.703653 0.297483
2 70 37 0.489046 -0.67853 0.548116 -0.29442 -0.799337 -0.600146 -0.0297457 0.151327 0.349133 -0.423583 -0.835873 0.943619
2 71 19 0.894827 -0.446371 0.00617342 -0.522171 0.44006 0.88433 0.15591 0.587692 -0.075053 -0.136796 0.987752 -0.618026
2 72 10 0.472029 -0.801523 -0.367082 0.213793 0.881491 0.43512 0.183422 -0.147924 0.0127072 -0.41016 0.911925 -0.965614
2 73 13 0.87285 -0.485736 -0.0468442 0.205975 0.487989 0.868724 0.0847644 -0.0465584 -0.000478448 -0.096846 0.995299 0.977449
2 74 0 1 0 0 0 0 1 0 0 0 0 1 0
2 75 22 -0.259046 -0.959002 0.114933 -0.0366239 -0.956147 0.23778 -0.171008 0.0742218 0.136668 -0.154192 -0.978543 0.996569
2 76 0 1 0 0 0 0 1 0 0 0 0 1 0
2 77 14 -0.090206 0.96583 -0.242974 0.199233 0.995519 0.0943942 0.00562575 -0.177605 0.0283688 -0.241377 -0.970017 0.963723
2 78 0 1 0 0 0 0 1 0 0 0 0 1 0
2 79 0 1 0 0 0 0 1 0 0 0 0 1 0
2 80 11 0.543057 -0.833848 0.0989301 -0.0333513 -0.826532 -0.51004 0.238128 -0.0567129 -0.148105 -0.211086 -0.966182 0.997833
2 81 0 1 0 0 0 0 1 0 0 0 0 1 0
2 82 20 -0.958455 -0.0463956 0.281445 -0.0925193 -0.147154 0.925673 -0.348534 0.153192 -0.244356 -0.37547 -0.894043 0.983856
2 83 0 1 0 0 0 0 1 0 0 0 0 1 0
2 84 0 1 0 0 0 0 1 0 0 0 0 1 0
2 85 22 -0.185878 -0.943824 0.273213 -0.215709 -0.962035 0.231369 0.144764 0.0331683 -0.199845 -0.235932 -0.950999 0.975894
2 86 19 -0.919297 -0.290149 0.265906 -0.175649 -0.390089 0.761338 -0.517876 0.243097 -0.0521835 -0.579809 -0.81308 0.953966
2 87 18 -0.887193 0.379896 0.261855 -0.0726797 0.179272 0.806754 -0.563037 0.300373 -0.425147 -0.452579 -0.783851 0.951049
2 88 17 0.876603 -0.480481 0.0265569 0.0631163 0.479218 0.876658 0.0426814 -0.0707589 -0.0437889 -0.0246881 0.998736 -0.995495
2 89 33 0.809284 -0.20577 0.550198 -0.966733 0.225673 0.973671 0.0322049 -0.217983 -0.542339 0.0981018 0.834413 0.13383
2 90 49 0.816962 -0.0730492 0.572047 -0.987565 0.300558 0.900508 -0.314245 0.117219 -0.492177 0.42866 0.757636 -0.104763
2 91 50 0.880545 -0.138981 0.453128 -0.881358 0.30261 0.90067 -0.311801 0.22419 -0.364785 0.411676 0.835138 -0.415869
2 92 12 0.633727 -0.759602 0.146274 -0.383554 0.771407 0.634653 -0.046337 0.184614 -0.0576353 0.142201 0.988158 -0.904878
2 93 12 0.409309 0.81926 0.401596 -0.233985 -0.909003 0.328237 0.256855 -0.0321588 0.0786121 -0.470185 0.87906 0.971708
2 94 74 0.926178 -0.23303 0.296466 -0.722035 0.305852 0.924094 -0.229139 0.541783 -0.220566 0.302898 0.927148 -0.430274
2 95 232 0.960583 -0.262388 0.0918349 -0.226717 0.274933 0.945564 -0.174127 0.531027 -0.041147 0.192512 0.980432 -0.816462
2 96 184 0.949278 -0.194312 -0.247213 0.713905 0.20621 0.978239 0.0229235 -0.0245532 0.237379 -0.0727386 0.96869 -0.699812
2 97 62 0.964427 -0.0446522 -0.26055 0.771142 0.0566778 0.997637 0.0388215 -0.238871 0.258201 -0.0522079 0.96468 -0.590153
2 98 0 1 0 0 0 0 1 0 0 0 0 1 0
2 99 0 1 0 0 0 0 1 0 0 0 0 1 0
2 100 0 1 0 0 0 0 1 0 0 0 0 1 0
2 101 15 -0.064271 -0.603071 0.795094 -0.147072 0.123125 -0.795446 -0.593385 -0.103932 0.990308 0.0597581 0.125377 0.98365
2 102 0 1 0 0 0 0 1 0 0 0 0 1 0
2 103 15 -0.782475 -0.621224 -0.0425778 0.124505 -0.606649 0.745127 0.27706 -0.195578 -0.140391 0.242622 -0.959909 0.972753
2 104 0 1 0 0 0 0 1 0 0 0 0 1 0
2 105 0 1 0 0 0 0 1 0 0 0 0 1 0
2 106 0 1 0 0 0 0 1 0 0 0 0 1 0
2 107 11 0.769649 -0.633657 0.0782237 0.286286 0.582174 0.746805 0.321491 -0.246664 -0.262133 -0.201896 0.943676 0.925849
2 108 10 -0.929249 -0.0804046 -0.360599 0.118089 0.1598 -0.967481 -0.196073 0.340824 -0.333108 -0.239824 0.911879 -0.932681
2 109 0 1 0 0 0 0 1 0 0 0 0 1 0
2 110 0 1 0 0 0 0 1 0 0 0 0 1 0
2 111 14 -0.594955 -0.53846 -0.596732 0.269199 -0.781949 0.55954 0.274721 -0.186188 0.185969 0.63006 -0.753949 0.944916
2 112 0 1 0 0 0 0 1 0 0 0 0 1 0
2 113 0 1 0 0 0 0 1 0 0 0 0 1 0
2 114 0 1 0 0 0 0 1 0 0 0 0 1 0
2 115 14 0.779694 -0.626018 0.0133835 -0.111925 -0.603285 -0.756761 -0.251713 0.174864 0.167705 0.188185 -0.967709 0.97821
2 116 14 -0.93961 -0.124452 -0.318816 0.441788 -0.159326 0.983504 0.0856466 -0.0352555 0.302898 0.13127 -0.943939 0.896426
2 117 14 0.946484 0.116585 -0.300958 0.180799 0.0737097 -0.985917 -0.150113 0.0717005 -0.314221 0.119896 -0.941748 0.980903
2 118 0 1 0 0 0 0 1 0 0 0 0 1 0
2 119 0 1 0 0 0 0 1 0 0 0 0 1 0
2 120 18 -0.159472 0.987202 -0.0005872 -0.39451 -0.959346 -0.155112 -0.235788 0.30792 -0.232862 -0.0370382 0.971804 -0.865764
2 121 0 1 0 0 0 0 1 0 0 0 0 1 0
2 122 0 1 0 0 0 0 1 0 0 0 0 1 0
2 123 0 1 0 0 0 0 1 0 0 0 0 1 0
2 124 11 0.50862 -0.851817 0.125354 -0.18266 0.808346 0.422303 -0.410168 0.353153 0.29645 0.309949 0.903354 -0.917561
2 125 0 1 0 0 0 0 1 0 0 0 0 1 0
2 126 11 0.946227 -0.307838 0.0994464 0.154228 0.312167 0.949522 -0.0309936 -0.0823732 -0.0848855 0.0603708 0.99456 0.984596
2 127 0 1 0 0 0 0 1 0 0 0 0 1 0
2 128 39 -0.325362 0.365614 0.872047 -0.327281 0.344131 0.904768 -0.250937 0.194455 -0.880746 0.218453 -0.420196 0.924703
2 129 0 1 0 0 0 0 1 0 0 0 0 1 0
2 130 0 1 0 0 0 0 1 0 0 0 0 1 0
2 131 0 1 0 0 0 0 1 0 0 0 0 1 0
2 132 0 1 0 0 0 0 1 0 0 0 0 1 0
2 133 25 -0.636875 -0.355874 0.683919 -0.452462 -0.498858 0.866577 -0.0136245 0.1486 -0.58782 -0.349855 -0.729431 0.879316
2 134 0 1 0 0 0 0 1 0 0 0 0 1 0
2 135 0 1 0 0 0 0 1 0 0 0 0 1 0
2 136 0 1 0 0 0 0 1 0 0 0 0 1 0
2 137 0 1 0 0 0 0 1 0 0 0 0 1 0
2 138 0 1 0 0 0 0 1 0 0 0 0 1 0
2 139 0 1 0 0 0 0 1 0 0 0 0 1 0
2 140 0 1 0 0 0 0 1 0 0 0 0 1 0
2 141 21 0.745419 -0.651687 0.140194 -0.100174 0.632616 0.75789 0.15937 -0.0799575 -0.210112 -0.0301085 0.977214 0.991752
2 142 29 -0.769185 -0.0142454 0.638867 -0.411434 0.367256 0.808298 0.460193 -0.235313 -0.522951 0.588601 -0.616499 0.88054
2 143 34 0.813992 -0.307214 0.492988 -0.599818 0.177177 0.939565 0.292961 -0.395315 -0.553196 -0.151122 0.819229 0.695662
2 144 17 0.512521 0.82939 -0.222338 0.164906 -0.784382 0.557566 0.271782 0.191891 0.349381 0.0351045 0.936323 0.967463
2 145 0 1 0 0 0 0 1 0 0 0 0 1 0
2 146 0 1 0 0 0 0 1 0 0 0 0 1 0
2 147 0 1 0 0 0 0 1 0 0 0 0 1 0
2 148 0 1 0 0 0 0 1 0 0 0 0 1 0
2 149 0 1 0 0 0 0 1 0 0 0 0 1 0
2 150 10 0.591239 -0.704534 0.392514 0.388839 0.697812 0.690896 0.189003 0.0613345 -0.404345 0.162155 0.900117 0.919262
2 151 0 1 0 0 0 0 1 0 0 0 0 1 0
2 152 0 1 0 0 0 0 1 0 0 0 0 1 0
2 153 0 1 0 0 0 0 1 0 0 0 0 1 0
2 154 15 0.360577 0.928189 -0.091923 0.125664 0.879472 -0.305509 0.364956 -0.029902 0.310665 -0.212439 -0.926476 0.991622
2 155 0 1 0 0 0 0 1 0 0 0 0 1 0
2 156 0 1 0 0 0 0 1 0 0 0 0 1 0
2 157 0 1 0 0 0 0 1 0 0 0 0 1 0
2 158 0 1 0 0 0 0 1 0 0 0 0 1 0
2 159 12 0.941778 0.0782031 0.327013 -0.481584 -0.00818561 0.97762 -0.210218 0.19738 -0.336134 0.195302 0.921342 -0.853884
2 160 0 1 0 0 0 0 1 0 0 0 0 1 0
3 4 117 0.94522 0.132752 -0.298221 0.987688 -0.123043 0.99108 0.0511865 0.0575558 0.302357 -0.0116885 0.953123 0.145461
3 5 41 0.929443 0.358074 -0.0889887 0.514569 -0.368945 0.89941 -0.234394 0.663165 -0.00389315 0.250688 0.96806 0.543536
3 6 21 -0.185733 -0.961534 0.202373 0.0420455 -0.918477 0.243072 0.311954 -0.192114 -0.349146 -0.127935 -0.928294 0.980472
3 7 0 1 0 0 0 0 1 0 0 0 0 1 0
3 8 0 1 0 0 0 0 1 0 0 0 0 1 0
3 9 0 1 0 0 0 0 1 0 0 0 0 1 0
3 10 0 1 0 0 0 0 1 0 0 0 0 1 0
3 11 0 1 0 0 0 0 1 0 0 0 0 1 0
3 12 0 1 0 0 0 0 1 0 0 0 0 1 0
3 13 0 1 0 0 0 0 1 0 0 0 0 1 0
3 14 0 1 0 0 0 0 1 0 0 0 0 1 0
3 15 0 1 0 0 0 0 1 0 0 0 0 1 0
3 16 0 1 0 0 0 0 1 0 0 0 0 1 0
3 17 0 1 0 0 0 0 1 0 0 0 0 1 0
3 18 0 1 0 0 0 0 1 0 0 0 0 1 0
3 19 0 1 0 0 0 0 1 0 0 0 0 1 0
3 20 0 1 0 0 0 0 1 0 0 0 0 1 0
3 21 0 1 0 0 0 0 1 0 0 0 0 1 0
3 22 0 1 0 0 0 0 1 0 0 0 0 1 0
3 23 0 1 0 0 0 0 1 0 0 0 0 1 0
3 24 0 1 0 0 0 0 1 0 0 0 0 1 0
3 25 0 1 0 0 0 0 1 0 0 0 0 1 0
3 26 0 1 0 0 0 0 1 0 0 0 0 1 0
3 27 0 1 0 0 0 0 1 0 0 0 0 1 0
3 28 0 1 0 0 0 0 1 0 0 0 0 1 0
3 29 0 1 0 0 0 0 1 0 0 0 0 1 0
3 30 0 1 0 0 0 0 1 0 0 0 0 1 0
3 31 0 1 0 0 0 0 1 0 0 0 0 1 0
3 32 18 0.8642 0.312788 -0.394109 0.344188 -0.223371 0.940372 0.256528 -0.220785 0.450848 -0.133659 0.882537 0.912572
3 33 0 1 0 0 0 0 1 0 0 0 0 1 0
3 34 0 1 0 0 0 0 1 0 0 0 0 1 0
3 35 0 1 0 0 0 0 1 0 0 0 0 1 0
3 36 0 1 0 0 0 0 1 0 0 0 0 1 0
3 37 0 1 0 0 0 0 1 0 0 0 0 1 0
3 38 0 1 0 0 0 0 1 0 0 0 0 1 0
3 39 0 1 0 0 0 0 1 0 0 0 0 1 0
3 40 0 1 0 0 0 0 1 0 0 0 0 1 0
3 41 0 1 0 0 0 0 1 0 0 0 0 1 0
3 42 0 1 0 0 0 0 1 0 0 0 0 1 0
3 43 11 0.878925 0.476863 0.00965431 -0.300856 -0.475496 0.87446 0.0960437 -0.187541 0.0373574 -0.0890057 0.99533 -0.935047
3 44 0 1 0 0 0 0 1 0 0 0 0 1 0
3 45 0 1 0 0 0 0 1 0 0 0 0 1 0
3 46 0 1 0 0 0 0 1 0 0 0 0 1 0
3 47 0 1 0 0 0 0 1 0 0 0 0 1 0
3 48 0 1 0 0 0 0 1 0 0 0 0 1 0
3 49 0 1 0 0 0 0 1 0 0 0 0 1 0
3 50 0 1 0 0 0 0 1 0 0 0 0 1 0
3 51 0 1 0 0 0 0 1 0 0 0 0 1 0
3 52 0 1 0 0 0 0 1 0 0 0 0 1 0
3 53 0 1 0 0 0 0 1 0 0 0 0 1 0
3 54 0 1 0 0 0 0 1 0 0 0 0 1 0
3 55 0 1 0 0 0 0 1 0 0 0 0 1 0
3 56 0 1 0 0 0 0 1 0 0 0 0 1 0
3 57 0 1 0 0 0 0 1 0 0 0 0 1 0
3 58 0 1 0 0 0 0 1 0 0 0 0 1 0
3 59 0 1 0 0 0 0 1 0 0 0 0 1 0
3 60 0 1 0 0 0 0 1 0 0 0 0 1 0
3 61 0 1 0 0 0 0 1 0 0 0 0 1 0
3 62 0 1 0 0 0 0 1 0 0 0 0 1 0
3 63 0 1 0 0 0 0 1 0 0 0 0 1 0
3 64 0 1 0 0 0 0 1 0 0 0 0 1 0
3 65 0 1 0 0 0 0 1 0 0 0 0 1 0
3 66 0 1 0 0 0 0 1 0 0 0 0 1 0
3 67 22 0.976062 -0.216492 0.020853 -0.0666967 0.161148 0.78425 0.599153 -0.771242 -0.146066 -0.581449 0.800363 0.633039
3 68 38 0.962939 -0.265539 0.0473043 -0.124334 0.236876 0.7487 -0.619143 0.953693 0.12899 0.607402 0.783853 0.27388
3 69 22 0.940797 -0.273356 -0.200444 0.161002 0.299771 0.946989 0.115539 0.0319911 0.158235 -0.168786 0.972868 -0.986436
3 70 18 0.927721 -0.297277 -0.225745 -0.167305 0.350255 0.902368 0.251106 0.0591567 0.129057 -0.312024 0.941268 0.984129
3 71 17 0.90295 0.240446 0.356185 -0.243039 0.327145 -0.922047 -0.206896 0.10498 0.278672 0.30334 -0.911223 0.964319
3 72 0 1 0 0 0 0 1 0 0 0 0 1 0
3 73 0 1 0 0 0 0 1 0 0 0 0 1 0
3 74 0 1 0 0 0 0 1 0 0 0 0 1 0
3 75 0 1 0 0 0 0 1 0 0 0 0 1 0
3 76 0 1 0 0 0 0 1 0 0 0 0 1 0
3 77 0 1 0 0 0 0 1 0 0 0 0 1 0
3 78 0 1 0 0 0 0 1 0 0 0 0 1 0
3 79 0 1 0 0 0 0 1 0 0 0 0 1 0
3 80 14 -0.896461 0.441571 -0.037065 -0.0318211 0.429889 0.886929 0.168975 -0.0884543 0.107488 0.135546 -0.984923 0.995572
3 81 0 1 0 0 0 0 1 0 0 0 0 1 0
3 82 0 1 0 0 0 0 1 0 0 0 0 1 0
3 83 0 1 0 0 0 0 1 0 0 0 0 1 0
3 84 0 1 0 0 0 0 1 0 0 0 0 1 0
3 85 0 1 0 0 0 0 1 0 0 0 0 1 0
3 86 0 1 0 0 0 0 1 0 0 0 0 1 0
3 87 0 1 0 0 0 0 1 0 0 0 0 1 0
3 88 15 -0.928875 -0.0572675 0.36594 -0.0888087 -0.0198231 0.994245 0.105276 0.0434393 -0.369863 0.0905344 -0.924665 0.995101
3 89 0 1 0 0 0 0 1 0 0 0 0 1 0
3 90 0 1 0 0 0 0 1 0 0 0 0 1 0
3 91 0 1 0 0 0 0 1 0 0 0 0 1 0
3 92 0 1 0 0 0 0 1 0 0 0 0 1 0
3 93 20 0.799129 -0.409844 0.439796 -0.532062 0.600375 0.581444 -0.549064 0.7298 -0.030686 0.702816 0.71071 -0.429304
3 94 0 1 0 0 0 0 1 0 0 0 0 1 0
3 95 82 0.899197 -0.3282 0.289362 -0.921469 0.377563 0.916224 -0.134084 0.0153601 -0.221114 0.229821 0.947782 -0.388148
3 96 133 0.95793 -0.269515 -0.098647 -0.357423 0.273515 0.961421 0.0293075 -0.315397 0.0869424 -0.055056 0.994691 -0.879075
