0 1 210 0.992373 0.0907313 -0.0834429 0.732705 -0.0866137 0.994899 0.0517164 0.0836592 0.0877095 -0.0440947 0.99517 -0.675384
0 2 0 1 0 0 0 0 1 0 0 0 0 1 0
0 3 0 1 0 0 0 0 1 0 0 0 0 1 0
0 4 0 1 0 0 0 0 1 0 0 0 0 1 0
0 5 0 1 0 0 0 0 1 0 0 0 0 1 0
0 6 0 1 0 0 0 0 1 0 0 0 0 1 0
0 7 0 1 0 0 0 0 1 0 0 0 0 1 0
0 8 0 1 0 0 0 0 1 0 0 0 0 1 0
0 9 0 1 0 0 0 0 1 0 0 0 0 1 0
0 10 0 1 0 0 0 0 1 0 0 0 0 1 0
0 11 0 1 0 0 0 0 1 0 0 0 0 1 0
0 12 0 1 0 0 0 0 1 0 0 0 0 1 0
0 13 0 1 0 0 0 0 1 0 0 0 0 1 0
0 14 0 1 0 0 0 0 1 0 0 0 0 1 0
0 15 0 1 0 0 0 0 1 0 0 0 0 1 0
0 16 0 1 0 0 0 0 1 0 0 0 0 1 0
0 17 0 1 0 0 0 0 1 0 0 0 0 1 0
0 18 0 1 0 0 0 0 1 0 0 0 0 1 0
0 19 0 1 0 0 0 0 1 0 0 0 0 1 0
0 20 0 1 0 0 0 0 1 0 0 0 0 1 0
0 21 0 1 0 0 0 0 1 0 0 0 0 1 0
0 22 0 1 0 0 0 0 1 0 0 0 0 1 0
0 23 0 1 0 0 0 0 1 0 0 0 0 1 0
0 24 0 1 0 0 0 0 1 0 0 0 0 1 0
0 25 0 1 0 0 0 0 1 0 0 0 0 1 0
0 26 0 1 0 0 0 0 1 0 0 0 0 1 0
0 27 0 1 0 0 0 0 1 0 0 0 0 1 0
0 28 0 1 0 0 0 0 1 0 0 0 0 1 0
0 29 0 1 0 0 0 0 1 0 0 0 0 1 0
0 30 0 1 0 0 0 0 1 0 0 0 0 1 0
0 31 0 1 0 0 0 0 1 0 0 0 0 1 0
0 32 0 1 0 0 0 0 1 0 0 0 0 1 0
0 33 0 1 0 0 0 0 1 0 0 0 0 1 0
0 34 0 1 0 0 0 0 1 0 0 0 0 1 0
0 35 0 1 0 0 0 0 1 0 0 0 0 1 0
0 36 0 1 0 0 0 0 1 0 0 0 0 1 0
0 37 0 1 0 0 0 0 1 0 0 0 0 1 0
0 38 0 1 0 0 0 0 1 0 0 0 0 1 0
0 39 0 1 0 0 0 0 1 0 0 0 0 1 0
0 40 0 1 0 0 0 0 1 0 0 0 0 1 0
0 41 0 1 0 0 0 0 1 0 0 0 0 1 0
0 42 0 1 0 0 0 0 1 0 0 0 0 1 0
0 43 0 1 0 0 0 0 1 0 0 0 0 1 0
0 44 0 1 0 0 0 0 1 0 0 0 0 1 0
0 45 0 1 0 0 0 0 1 0 0 0 0 1 0
0 46 0 1 0 0 0 0 1 0 0 0 0 1 0
0 47 0 1 0 0 0 0 1 0 0 0 0 1 0
0 48 0 1 0 0 0 0 1 0 0 0 0 1 0
0 49 0 1 0 0 0 0 1 0 0 0 0 1 0
0 50 0 1 0 0 0 0 1 0 0 0 0 1 0
0 51 0 1 0 0 0 0 1 0 0 0 0 1 0
0 52 0 1 0 0 0 0 1 0 0 0 0 1 0
0 53 0 1 0 0 0 0 1 0 0 0 0 1 0
0 54 0 1 0 0 0 0 1 0 0 0 0 1 0
0 55 0 1 0 0 0 0 1 0 0 0 0 1 0
0 56 0 1 0 0 0 0 1 0 0 0 0 1 0
0 57 0 1 0 0 0 0 1 0 0 0 0 1 0
0 58 0 1 0 0 0 0 1 0 0 0 0 1 0
0 59 0 1 0 0 0 0 1 0 0 0 0 1 0
0 60 0 1 0 0 0 0 1 0 0 0 0 1 0
0 61 0 1 0 0 0 0 1 0 0 0 0 1 0
0 62 0 1 0 0 0 0 1 0 0 0 0 1 0
0 63 0 1 0 0 0 0 1 0 0 0 0 1 0
0 64 0 1 0 0 0 0 1 0 0 0 0 1 0
0 65 0 1 0 0 0 0 1 0 0 0 0 1 0
0 66 0 1 0 0 0 0 1 0 0 0 0 1 0
0 67 0 1 0 0 0 0 1 0 0 0 0 1 0
0 68 0 1 0 0 0 0 1 0 0 0 0 1 0
0 69 0 1 0 0 0 0 1 0 0 0 0 1 0
0 70 0 1 0 0 0 0 1 0 0 0 0 1 0
0 71 0 1 0 0 0 0 1 0 0 0 0 1 0
0 72 0 1 0 0 0 0 1 0 0 0 0 1 0
0 73 0 1 0 0 0 0 1 0 0 0 0 1 0
0 74 0 1 0 0 0 0 1 0 0 0 0 1 0
0 75 0 1 0 0 0 0 1 0 0 0 0 1 0
0 76 0 1 0 0 0 0 1 0 0 0 0 1 0
0 77 0 1 0 0 0 0 1 0 0 0 0 1 0
0 78 0 1 0 0 0 0 1 0 0 0 0 1 0
0 79 0 1 0 0 0 0 1 0 0 0 0 1 0
0 80 0 1 0 0 0 0 1 0 0 0 0 1 0
0 81 0 1 0 0 0 0 1 0 0 0 0 1 0
0 82 0 1 0 0 0 0 1 0 0 0 0 1 0
0 83 0 1 0 0 0 0 1 0 0 0 0 1 0
0 84 0 1 0 0 0 0 1 0 0 0 0 1 0
0 85 0 1 0 0 0 0 1 0 0 0 0 1 0
0 86 0 1 0 0 0 0 1 0 0 0 0 1 0
0 87 0 1 0 0 0 0 1 0 0 0 0 1 0
0 88 23 0.992362 -0.0379478 0.117378 -0.318776 0.0263604 0.994764 0.0987405 -0.0295815 -0.120511 -0.0948922 0.988166 -0.947368
0 89 155 0.993416 -0.0497134 0.10321 -0.236849 0.057457 0.995641 -0.0734622 0.170956 -0.0991082 0.0789087 0.991943 -0.956387
0 90 36 0.999741 0.0203906 -0.0101422 0.019779 -0.0223397 0.964594 -0.262792 0.262741 0.0044246 0.26295 0.964799 -0.964664
0 91 0 1 0 0 0 0 1 0 0 0 0 1 0
0 92 0 1 0 0 0 0 1 0 0 0 0 1 0
0 93 0 1 0 0 0 0 1 0 0 0 0 1 0
0 94 0 1 0 0 0 0 1 0 0 0 0 1 0
0 95 10 0.996888 -0.0486311 0.0620366 -0.312762 0.0515861 0.997564 -0.0469546 0.0914352 -0.0596021 0.0500087 0.996969 -0.94542
0 96 0 1 0 0 0 0 1 0 0 0 0 1 0
0 97 0 1 0 0 0 0 1 0 0 0 0 1 0
0 98 0 1 0 0 0 0 1 0 0 0 0 1 0
0 99 0 1 0 0 0 0 1 0 0 0 0 1 0
0 100 0 1 0 0 0 0 1 0 0 0 0 1 0
0 101 0 1 0 0 0 0 1 0 0 0 0 1 0
0 102 0 1 0 0 0 0 1 0 0 0 0 1 0
0 103 0 1 0 0 0 0 1 0 0 0 0 1 0
0 104 0 1 0 0 0 0 1 0 0 0 0 1 0
0 105 0 1 0 0 0 0 1 0 0 0 0 1 0
0 106 0 1 0 0 0 0 1 0 0 0 0 1 0
0 107 0 1 0 0 0 0 1 0 0 0 0 1 0
0 108 0 1 0 0 0 0 1 0 0 0 0 1 0
0 109 0 1 0 0 0 0 1 0 0 0 0 1 0
0 110 0 1 0 0 0 0 1 0 0 0 0 1 0
0 111 0 1 0 0 0 0 1 0 0 0 0 1 0
0 112 0 1 0 0 0 0 1 0 0 0 0 1 0
0 113 0 1 0 0 0 0 1 0 0 0 0 1 0
0 114 0 1 0 0 0 0 1 0 0 0 0 1 0
0 115 0 1 0 0 0 0 1 0 0 0 0 1 0
0 116 0 1 0 0 0 0 1 0 0 0 0 1 0
0 117 0 1 0 0 0 0 1 0 0 0 0 1 0
0 118 0 1 0 0 0 0 1 0 0 0 0 1 0
0 119 0 1 0 0 0 0 1 0 0 0 0 1 0
0 120 0 1 0 0 0 0 1 0 0 0 0 1 0
0 121 0 1 0 0 0 0 1 0 0 0 0 1 0
0 122 0 1 0 0 0 0 1 0 0 0 0 1 0
0 123 0 1 0 0 0 0 1 0 0 0 0 1 0
0 124 0 1 0 0 0 0 1 0 0 0 0 1 0
0 125 0 1 0 0 0 0 1 0 0 0 0 1 0
0 126 0 1 0 0 0 0 1 0 0 0 0 1 0
0 127 0 1 0 0 0 0 1 0 0 0 0 1 0
0 128 0 1 0 0 0 0 1 0 0 0 0 1 0
0 129 0 1 0 0 0 0 1 0 0 0 0 1 0
0 130 0 1 0 0 0 0 1 0 0 0 0 1 0
0 131 0 1 0 0 0 0 1 0 0 0 0 1 0
0 132 0 1 0 0 0 0 1 0 0 0 0 1 0
0 133 0 1 0 0 0 0 1 0 0 0 0 1 0
0 134 0 1 0 0 0 0 1 0 0 0 0 1 0
0 135 0 1 0 0 0 0 1 0 0 0 0 1 0
0 136 0 1 0 0 0 0 1 0 0 0 0 1 0
0 137 0 1 0 0 0 0 1 0 0 0 0 1 0
0 138 0 1 0 0 0 0 1 0 0 0 0 1 0
0 139 0 1 0 0 0 0 1 0 0 0 0 1 0
0 140 133 0.995835 -0.00365503 0.0910967 -0.720815 -0.021548 0.961451 0.274131 -0.689848 -0.0885869 -0.274952 0.957368 -0.0673472
0 141 179 0.999405 -0.0271467 0.0212641 -0.971189 0.0230741 0.984713 0.172651 0.102649 -0.025626 -0.172057 0.984754 -0.215068
0 142 111 0.905742 -0.0187003 0.423417 -0.878157 0.0927543 0.983555 -0.154974 0.398373 -0.413555 0.17964 0.892581 0.26484
0 143 0 1 0 0 0 0 1 0 0 0 0 1 0
0 144 0 1 0 0 0 0 1 0 0 0 0 1 0
0 145 0 1 0 0 0 0 1 0 0 0 0 1 0
0 146 0 1 0 0 0 0 1 0 0 0 0 1 0
0 147 0 1 0 0 0 0 1 0 0 0 0 1 0
0 148 0 1 0 0 0 0 1 0 0 0 0 1 0
0 149 0 1 0 0 0 0 1 0 0 0 0 1 0
0 150 0 1 0 0 0 0 1 0 0 0 0 1 0
0 151 0 1 0 0 0 0 1 0 0 0 0 1 0
0 152 0 1 0 0 0 0 1 0 0 0 0 1 0
0 153 0 1 0 0 0 0 1 0 0 0 0 1 0
0 154 0 1 0 0 0 0 1 0 0 0 0 1 0
0 155 0 1 0 0 0 0 1 0 0 0 0 1 0
0 156 0 1 0 0 0 0 1 0 0 0 0 1 0
0 157 0 1 0 0 0 0 1 0 0 0 0 1 0
0 158 0 1 0 0 0 0 1 0 0 0 0 1 0
0 159 0 1 0 0 0 0 1 0 0 0 0 1 0
0 160 0 1 0 0 0 0 1 0 0 0 0 1 0
1 2 237 0.992919 0.0868834 -0.0810161 0.582591 -0.0882644 0.996004 -0.0136163 -0.0691606 0.0795094 0.0206708 0.99662 -0.809818
1 3 29 0.972767 -0.117846 0.199592 -0.100429 0.0902057 0.985698 0.142349 -0.365739 -0.213512 -0.120468 0.969484 0.925283
1 4 0 1 0 0 0 0 1 0 0 0 0 1 0
1 5 0 1 0 0 0 0 1 0 0 0 0 1 0
1 6 0 1 0 0 0 0 1 0 0 0 0 1 0
1 7 0 1 0 0 0 0 1 0 0 0 0 1 0
1 8 0 1 0 0 0 0 1 0 0 0 0 1 0
1 9 0 1 0 0 0 0 1 0 0 0 0 1 0
1 10 0 1 0 0 0 0 1 0 0 0 0 1 0
1 11 0 1 0 0 0 0 1 0 0 0 0 1 0
1 12 0 1 0 0 0 0 1 0 0 0 0 1 0
1 13 0 1 0 0 0 0 1 0 0 0 0 1 0
1 14 0 1 0 0 0 0 1 0 0 0 0 1 0
1 15 0 1 0 0 0 0 1 0 0 0 0 1 0
1 16 0 1 0 0 0 0 1 0 0 0 0 1 0
1 17 0 1 0 0 0 0 1 0 0 0 0 1 0
1 18 0 1 0 0 0 0 1 0 0 0 0 1 0
1 19 0 1 0 0 0 0 1 0 0 0 0 1 0
1 20 0 1 0 0 0 0 1 0 0 0 0 1 0
1 21 0 1 0 0 0 0 1 0 0 0 0 1 0
1 22 0 1 0 0 0 0 1 0 0 0 0 1 0
1 23 0 1 0 0 0 0 1 0 0 0 0 1 0
1 24 0 1 0 0 0 0 1 0 0 0 0 1 0
1 25 0 1 0 0 0 0 1 0 0 0 0 1 0
1 26 0 1 0 0 0 0 1 0 0 0 0 1 0
1 27 0 1 0 0 0 0 1 0 0 0 0 1 0
1 28 0 1 0 0 0 0 1 0 0 0 0 1 0
1 29 0 1 0 0 0 0 1 0 0 0 0 1 0
1 30 0 1 0 0 0 0 1 0 0 0 0 1 0
1 31 0 1 0 0 0 0 1 0 0 0 0 1 0
1 32 0 1 0 0 0 0 1 0 0 0 0 1 0
1 33 0 1 0 0 0 0 1 0 0 0 0 1 0
1 34 0 1 0 0 0 0 1 0 0 0 0 1 0
1 35 0 1 0 0 0 0 1 0 0 0 0 1 0
1 36 0 1 0 0 0 0 1 0 0 0 0 1 0
1 37 0 1 0 0 0 0 1 0 0 0 0 1 0
1 38 0 1 0 0 0 0 1 0 0 0 0 1 0
1 39 0 1 0 0 0 0 1 0 0 0 0 1 0
1 40 0 1 0 0 0 0 1 0 0 0 0 1 0
1 41 0 1 0 0 0 0 1 0 0 0 0 1 0
1 42 0 1 0 0 0 0 1 0 0 0 0 1 0
1 43 0 1 0 0 0 0 1 0 0 0 0 1 0
1 44 0 1 0 0 0 0 1 0 0 0 0 1 0
1 45 0 1 0 0 0 0 1 0 0 0 0 1 0
1 46 0 1 0 0 0 0 1 0 0 0 0 1 0
1 47 0 1 0 0 0 0 1 0 0 0 0 1 0
1 48 0 1 0 0 0 0 1 0 0 0 0 1 0
1 49 0 1 0 0 0 0 1 0 0 0 0 1 0
1 50 0 1 0 0 0 0 1 0 0 0 0 1 0
1 51 0 1 0 0 0 0 1 0 0 0 0 1 0
1 52 0 1 0 0 0 0 1 0 0 0 0 1 0
1 53 0 1 0 0 0 0 1 0 0 0 0 1 0
1 54 0 1 0 0 0 0 1 0 0 0 0 1 0
1 55 0 1 0 0 0 0 1 0 0 0 0 1 0
1 56 0 1 0 0 0 0 1 0 0 0 0 1 0
1 57 0 1 0 0 0 0 1 0 0 0 0 1 0
1 58 0 1 0 0 0 0 1 0 0 0 0 1 0
1 59 0 1 0 0 0 0 1 0 0 0 0 1 0
1 60 0 1 0 0 0 0 1 0 0 0 0 1 0
1 61 0 1 0 0 0 0 1 0 0 0 0 1 0
1 62 0 1 0 0 0 0 1 0 0 0 0 1 0
1 63 0 1 0 0 0 0 1 0 0 0 0 1 0
1 64 0 1 0 0 0 0 1 0 0 0 0 1 0
1 65 0 1 0 0 0 0 1 0 0 0 0 1 0
1 66 0 1 0 0 0 0 1 0 0 0 0 1 0
1 67 0 1 0 0 0 0 1 0 0 0 0 1 0
1 68 0 1 0 0 0 0 1 0 0 0 0 1 0
1 69 0 1 0 0 0 0 1 0 0 0 0 1 0
1 70 0 1 0 0 0 0 1 0 0 0 0 1 0
1 71 16 0.969391 -0.245522 -0.000572795 -0.239622 0.244269 0.964202 0.103184 0.0828273 -0.0247817 -0.100166 0.994662 0.967327
1 72 0 1 0 0 0 0 1 0 0 0 0 1 0
1 73 0 1 0 0 0 0 1 0 0 0 0 1 0
1 74 0 1 0 0 0 0 1 0 0 0 0 1 0
1 75 0 1 0 0 0 0 1 0 0 0 0 1 0
1 76 0 1 0 0 0 0 1 0 0 0 0 1 0
1 77 0 1 0 0 0 0 1 0 0 0 0 1 0
1 78 0 1 0 0 0 0 1 0 0 0 0 1 0
1 79 0 1 0 0 0 0 1 0 0 0 0 1 0
1 80 0 1 0 0 0 0 1 0 0 0 0 1 0
1 81 0 1 0 0 0 0 1 0 0 0 0 1 0
1 82 0 1 0 0 0 0 1 0 0 0 0 1 0
1 83 0 1 0 0 0 0 1 0 0 0 0 1 0
1 84 0 1 0 0 0 0 1 0 0 0 0 1 0
1 85 0 1 0 0 0 0 1 0 0 0 0 1 0
1 86 0 1 0 0 0 0 1 0 0 0 0 1 0
1 87 0 1 0 0 0 0 1 0 0 0 0 1 0
1 88 0 1 0 0 0 0 1 0 0 0 0 1 0
1 89 65 0.938639 -0.12538 0.321305 -0.899134 0.157923 0.984429 -0.0772021 -0.0559388 -0.306622 0.123206 0.943824 -0.434085
1 90 33 0.976507 -0.0891814 0.196167 -0.524116 0.156775 0.91858 -0.362811 0.370709 -0.147839 0.385041 0.910981 -0.766731
1 91 23 0.992029 -0.125814 -0.00700067 0.231888 0.118302 0.949051 -0.292072 0.232082 0.0433907 0.288916 0.956371 -0.944651
1 92 23 0.998643 0.0220181 0.0471925 0.167216 -0.0126064 0.981479 -0.191154 0.0887488 -0.0505273 0.190299 0.980425 -0.981918
1 93 0 1 0 0 0 0 1 0 0 0 0 1 0
1 94 68 0.993965 -0.08492 -0.0694461 0.311464 0.0797116 0.994021 -0.0746161 0.067974 0.0753673 0.0686301 0.994791 -0.947824
1 95 116 0.98034 -0.182879 -0.0740876 0.341729 0.166483 0.968168 -0.186906 0.389896 0.10591 0.170897 0.97958 -0.855104
1 96 0 1 0 0 0 0 1 0 0 0 0 1 0
1 97 0 1 0 0 0 0 1 0 0 0 0 1 0
1 98 0 1 0 0 0 0 1 0 0 0 0 1 0
1 99 0 1 0 0 0 0 1 0 0 0 0 1 0
1 100 0 1 0 0 0 0 1 0 0 0 0 1 0
1 101 0 1 0 0 0 0 1 0 0 0 0 1 0
1 102 0 1 0 0 0 0 1 0 0 0 0 1 0
1 103 0 1 0 0 0 0 1 0 0 0 0 1 0
1 104 0 1 0 0 0 0 1 0 0 0 0 1 0
1 105 0 1 0 0 0 0 1 0 0 0 0 1 0
1 106 0 1 0 0 0 0 1 0 0 0 0 1 0
1 107 0 1 0 0 0 0 1 0 0 0 0 1 0
1 108 0 1 0 0 0 0 1 0 0 0 0 1 0
1 109 0 1 0 0 0 0 1 0 0 0 0 1 0
1 110 0 1 0 0 0 0 1 0 0 0 0 1 0
1 111 0 1 0 0 0 0 1 0 0 0 0 1 0
1 112 0 1 0 0 0 0 1 0 0 0 0 1 0
1 113 0 1 0 0 0 0 1 0 0 0 0 1 0
1 114 0 1 0 0 0 0 1 0 0 0 0 1 0
1 115 0 1 0 0 0 0 1 0 0 0 0 1 0
1 116 0 1 0 0 0 0 1 0 0 0 0 1 0
1 117 0 1 0 0 0 0 1 0 0 0 0 1 0
1 118 0 1 0 0 0 0 1 0 0 0 0 1 0
1 119 0 1 0 0 0 0 1 0 0 0 0 1 0
1 120 0 1 0 0 0 0 1 0 0 0 0 1 0
1 121 0 1 0 0 0 0 1 0 0 0 0 1 0
1 122 0 1 0 0 0 0 1 0 0 0 0 1 0
1 123 0 1 0 0 0 0 1 0 0 0 0 1 0
1 124 0 1 0 0 0 0 1 0 0 0 0 1 0
1 125 0 1 0 0 0 0 1 0 0 0 0 1 0
1 126 0 1 0 0 0 0 1 0 0 0 0 1 0
1 127 0 1 0 0 0 0 1 0 0 0 0 1 0
1 128 0 1 0 0 0 0 1 0 0 0 0 1 0
1 129 0 1 0 0 0 0 1 0 0 0 0 1 0
1 130 0 1 0 0 0 0 1 0 0 0 0 1 0
1 131 0 1 0 0 0 0 1 0 0 0 0 1 0
1 132 0 1 0 0 0 0 1 0 0 0 0 1 0
1 133 0 1 0 0 0 0 1 0 0 0 0 1 0
1 134 0 1 0 0 0 0 1 0 0 0 0 1 0
1 135 0 1 0 0 0 0 1 0 0 0 0 1 0
1 136 0 1 0 0 0 0 1 0 0 0 0 1 0
1 137 0 1 0 0 0 0 1 0 0 0 0 1 0
1 138 0 1 0 0 0 0 1 0 0 0 0 1 0
1 139 0 1 0 0 0 0 1 0 0 0 0 1 0
1 140 17 0.965604 -0.232106 -0.117201 -0.110413 0.22877 0.972602 -0.041349 -0.260001 0.123587 0.0131147 0.992247 -0.959275
1 141 38 0.871605 -0.142044 0.469178 -0.883193 0.0595166 0.980682 0.186336 -0.0742255 -0.486582 -0.134487 0.863221 0.463099
1 142 0 1 0 0 0 0 1 0 0 0 0 1 0
1 143 0 1 0 0 0 0 1 0 0 0 0 1 0
1 144 0 1 0 0 0 0 1 0 0 0 0 1 0
1 145 0 1 0 0 0 0 1 0 0 0 0 1 0
1 146 0 1 0 0 0 0 1 0 0 0 0 1 0
1 147 0 1 0 0 0 0 1 0 0 0 0 1 0
1 148 0 1 0 0 0 0 1 0 0 0 0 1 0
1 149 0 1 0 0 0 0 1 0 0 0 0 1 0
1 150 0 1 0 0 0 0 1 0 0 0 0 1 0
1 151 0 1 0 0 0 0 1 0 0 0 0 1 0
1 152 0 1 0 0 0 0 1 0 0 0 0 1 0
1 153 0 1 0 0 0 0 1 0 0 0 0 1 0
1 154 0 1 0 0 0 0 1 0 0 0 0 1 0
1 155 0 1 0 0 0 0 1 0 0 0 0 1 0
1 156 0 1 0 0 0 0 1 0 0 0 0 1 0
1 157 0 1 0 0 0 0 1 0 0 0 0 1 0
1 158 0 1 0 0 0 0 1 0 0 0 0 1 0
1 159 0 1 0 0 0 0 1 0 0 0 0 1 0
1 160 0 1 0 0 0 0 1 0 0 0 0 1 0
2 3 237 0.974596 0.0731806 -0.211677 0.988836 -0.0662976 0.99702 0.0394431 -0.0138738 0.213932 -0.0244074 0.976543 0.148361
2 4 22 0.950735 0.148833 0.271941 -0.00814428 -0.179103 0.979708 0.0899701 -0.10521 -0.253032 -0.134243 0.958099 -0.994417
2 5 0 1 0 0 0 0 1 0 0 0 0 1 0
2 6 0 1 0 0 0 0 1 0 0 0 0 1 0
2 7 0 1 0 0 0 0 1 0 0 0 0 1 0
2 8 0 1 0 0 0 0 1 0 0 0 0 1 0
2 9 0 1 0 0 0 0 1 0 0 0 0 1 0
2 10 0 1 0 0 0 0 1 0 0 0 0 1 0
2 11 0 1 0 0 0 0 1 0 0 0 0 1 0
2 12 0 1 0 0 0 0 1 0 0 0 0 1 0
2 13 0 1 0 0 0 0 1 0 0 0 0 1 0
2 14 0 1 0 0 0 0 1 0 0 0 0 1 0
2 15 0 1 0 0 0 0 1 0 0 0 0 1 0
2 16 0 1 0 0 0 0 1 0 0 0 0 1 0
2 17 0 1 0 0 0 0 1 0 0 0 0 1 0
2 18 0 1 0 0 0 0 1 0 0 0 0 1 0
2 19 0 1 0 0 0 0 1 0 0 0 0 1 0
2 20 0 1 0 0 0 0 1 0 0 0 0 1 0
2 21 0 1 0 0 0 0 1 0 0 0 0 1 0
2 22 0 1 0 0 0 0 1 0 0 0 0 1 0
2 23 0 1 0 0 0 0 1 0 0 0 0 1 0
2 24 0 1 0 0 0 0 1 0 0 0 0 1 0
2 25 0 1 0 0 0 0 1 0 0 0 0 1 0
2 26 0 1 0 0 0 0 1 0 0 0 0 1 0
2 27 0 1 0 0 0 0 1 0 0 0 0 1 0
2 28 0 1 0 0 0 0 1 0 0 0 0 1 0
2 29 0 1 0 0 0 0 1 0 0 0 0 1 0
2 30 0 1 0 0 0 0 1 0 0 0 0 1 0
2 31 0 1 0 0 0 0 1 0 0 0 0 1 0
2 32 0 1 0 0 0 0 1 0 0 0 0 1 0
2 33 0 1 0 0 0 0 1 0 0 0 0 1 0
2 34 0 1 0 0 0 0 1 0 0 0 0 1 0
2 35 0 1 0 0 0 0 1 0 0 0 0 1 0
2 36 0 1 0 0 0 0 1 0 0 0 0 1 0
2 37 0 1 0 0 0 0 1 0 0 0 0 1 0
2 38 0 1 0 0 0 0 1 0 0 0 0 1 0
2 39 0 1 0 0 0 0 1 0 0 0 0 1 0
2 40 0 1 0 0 0 0 1 0 0 0 0 1 0
2 41 0 1 0 0 0 0 1 0 0 0 0 1 0
2 42 0 1 0 0 0 0 1 0 0 0 0 1 0
2 43 0 1 0 0 0 0 1 0 0 0 0 1 0
2 44 0 1 0 0 0 0 1 0 0 0 0 1 0
2 45 0 1 0 0 0 0 1 0 0 0 0 1 0
2 46 0 1 0 0 0 0 1 0 0 0 0 1 0
2 47 0 1 0 0 0 0 1 0 0 0 0 1 0
2 48 0 1 0 0 0 0 1 0 0 0 0 1 0
2 49 0 1 0 0 0 0 1 0 0 0 0 1 0
2 50 0 1 0 0 0 0 1 0 0 0 0 1 0
2 51 0 1 0 0 0 0 1 0 0 0 0 1 0
2 52 0 1 0 0 0 0 1 0 0 0 0 1 0
2 53 0 1 0 0 0 0 1 0 0 0 0 1 0
2 54 0 1 0 0 0 0 1 0 0 0 0 1 0
2 55 0 1 0 0 0 0 1 0 0 0 0 1 0
2 56 0 1 0 0 0 0 1 0 0 0 0 1 0
2 57 0 1 0 0 0 0 1 0 0 0 0 1 0
2 58 0 1 0 0 0 0 1 0 0 0 0 1 0
2 59 0 1 0 0 0 0 1 0 0 0 0 1 0
2 60 0 1 0 0 0 0 1 0 0 0 0 1 0
2 61 0 1 0 0 0 0 1 0 0 0 0 1 0
2 62 0 1 0 0 0 0 1 0 0 0 0 1 0
2 63 0 1 0 0 0 0 1 0 0 0 0 1 0
2 64 0 1 0 0 0 0 1 0 0 0 0 1 0
2 65 0 1 0 0 0 0 1 0 0 0 0 1 0
2 66 0 1 0 0 0 0 1 0 0 0 0 1 0
2 67 18 0.959075 -0.237024 0.154904 0.0551538 0.180465 0.933237 0.310647 -0.0301242 -0.218193 -0.269979 0.937818 0.998023
2 68 41 0.580814 -0.796938 -0.165967 0.0720364 -0.402761 -0.104156 -0.90936 0.501766 0.707417 0.595014 -0.381471 0.861999
2 69 25 0.996283 -0.0759341 -0.0406828 0.200472 0.0820709 0.980171 0.180358 0.0940371 0.0261808 -0.183027 0.982759 -0.975176
2 70 0 1 0 0 0 0 1 0 0 0 0 1 0
2 71 41 0.918206 -0.39582 0.0149847 -0.243154 0.385744 0.902146 0.193221 -0.09275 -0.0899993 -0.171637 0.981041 0.965543
2 72 0 1 0 0 0 0 1 0 0 0 0 1 0
2 73 0 1 0 0 0 0 1 0 0 0 0 1 0
2 74 0 1 0 0 0 0 1 0 0 0 0 1 0
2 75 0 1 0 0 0 0 1 0 0 0 0 1 0
2 76 0 1 0 0 0 0 1 0 0 0 0 1 0
2 77 0 1 0 0 0 0 1 0 0 0 0 1 0
2 78 0 1 0 0 0 0 1 0 0 0 0 1 0
2 79 0 1 0 0 0 0 1 0 0 0 0 1 0
2 80 0 1 0 0 0 0 1 0 0 0 0 1 0
2 81 0 1 0 0 0 0 1 0 0 0 0 1 0
2 82 0 1 0 0 0 0 1 0 0 0 0 1 0
2 83 0 1 0 0 0 0 1 0 0 0 0 1 0
2 84 0 1 0 0 0 0 1 0 0 0 0 1 0
2 85 0 1 0 0 0 0 1 0 0 0 0 1 0
2 86 0 1 0 0 0 0 1 0 0 0 0 1 0
2 87 0 1 0 0 0 0 1 0 0 0 0 1 0
2 88 0 1 0 0 0 0 1 0 0 0 0 1 0
2 89 0 1 0 0 0 0 1 0 0 0 0 1 0
2 90 16 0.995193 -0.0654494 -0.0728503 -0.316679 0.0379799 0.943599 -0.328904 -0.24548 0.0902681 0.324556 0.941549 0.916217
2 91 42 0.736932 0.632073 0.239614 -0.1913 0.282241 -0.609814 0.740586 -0.382397 0.614224 -0.478132 -0.627788 0.903978
2 92 29 0.993645 -0.0846977 0.0741376 -0.188331 0.0963394 0.980551 -0.17099 -0.098267 -0.0582133 0.177046 0.98248 0.977177
2 93 0 1 0 0 0 0 1 0 0 0 0 1 0
2 94 171 0.935161 -0.270914 0.22821 -0.601652 0.318181 0.925589 -0.205052 0.555324 -0.155677 0.264368 0.951774 -0.574134
2 95 299 0.962228 -0.253921 0.0981915 -0.266377 0.265964 0.953784 -0.139857 0.406204 -0.0581409 0.16069 0.985291 -0.874095
2 96 207 0.944391 -0.186812 -0.270603 0.772101 0.202413 0.97882 0.0306771 -0.0548302 0.259141 -0.0837447 0.962202 -0.63313
2 97 41 0.993125 -0.071706 -0.0925275 0.3307 0.0708975 0.997411 -0.0119996 -0.086877 0.0931484 0.00535711 0.995638 -0.939729
2 98 0 1 0 0 0 0 1 0 0 0 0 1 0
2 99 0 1 0 0 0 0 1 0 0 0 0 1 0
2 100 0 1 0 0 0 0 1 0 0 0 0 1 0
2 101 0 1 0 0 0 0 1 0 0 0 0 1 0
2 102 0 1 0 0 0 0 1 0 0 0 0 1 0
2 103 0 1 0 0 0 0 1 0 0 0 0 1 0
2 104 0 1 0 0 0 0 1 0 0 0 0 1 0
2 105 0 1 0 0 0 0 1 0 0 0 0 1 0
2 106 0 1 0 0 0 0 1 0 0 0 0 1 0
2 107 0 1 0 0 0 0 1 0 0 0 0 1 0
2 108 0 1 0 0 0 0 1 0 0 0 0 1 0
2 109 0 1 0 0 0 0 1 0 0 0 0 1 0
2 110 0 1 0 0 0 0 1 0 0 0 0 1 0
2 111 0 1 0 0 0 0 1 0 0 0 0 1 0
2 112 0 1 0 0 0 0 1 0 0 0 0 1 0
2 113 0 1 0 0 0 0 1 0 0 0 0 1 0
2 114 0 1 0 0 0 0 1 0 0 0 0 1 0
2 115 0 1 0 0 0 0 1 0 0 0 0 1 0
2 116 0 1 0 0 0 0 1 0 0 0 0 1 0
2 117 0 1 0 0 0 0 1 0 0 0 0 1 0
2 118 0 1 0 0 0 0 1 0 0 0 0 1 0
2 119 0 1 0 0 0 0 1 0 0 0 0 1 0
2 120 0 1 0 0 0 0 1 0 0 0 0 1 0
2 121 0 1 0 0 0 0 1 0 0 0 0 1 0
2 122 0 1 0 0 0 0 1 0 0 0 0 1 0
2 123 0 1 0 0 0 0 1 0 0 0 0 1 0
2 124 0 1 0 0 0 0 1 0 0 0 0 1 0
2 125 0 1 0 0 0 0 1 0 0 0 0 1 0
2 126 0 1 0 0 0 0 1 0 0 0 0 1 0
2 127 0 1 0 0 0 0 1 0 0 0 0 1 0
2 128 0 1 0 0 0 0 1 0 0 0 0 1 0
2 129 0 1 0 0 0 0 1 0 0 0 0 1 0
2 130 0 1 0 0 0 0 1 0 0 0 0 1 0
2 131 0 1 0 0 0 0 1 0 0 0 0 1 0
2 132 0 1 0 0 0 0 1 0 0 0 0 1 0
2 133 0 1 0 0 0 0 1 0 0 0 0 1 0
2 134 0 1 0 0 0 0 1 0 0 0 0 1 0
2 135 0 1 0 0 0 0 1 0 0 0 0 1 0
2 136 0 1 0 0 0 0 1 0 0 0 0 1 0
2 137 0 1 0 0 0 0 1 0 0 0 0 1 0
2 138 0 1 0 0 0 0 1 0 0 0 0 1 0
2 139 0 1 0 0 0 0 1 0 0 0 0 1 0
2 140 0 1 0 0 0 0 1 0 0 0 0 1 0
2 141 0 1 0 0 0 0 1 0 0 0 0 1 0
2 142 0 1 0 0 0 0 1 0 0 0 0 1 0
2 143 0 1 0 0 0 0 1 0 0 0 0 1 0
2 144 0 1 0 0 0 0 1 0 0 0 0 1 0
2 145 0 1 0 0 0 0 1 0 0 0 0 1 0
2 146 0 1 0 0 0 0 1 0 0 0 0 1 0
2 147 0 1 0 0 0 0 1 0 0 0 0 1 0
2 148 0 1 0 0 0 0 1 0 0 0 0 1 0
2 149 0 1 0 0 0 0 1 0 0 0 0 1 0
2 150 0 1 0 0 0 0 1 0 0 0 0 1 0
2 151 0 1 0 0 0 0 1 0 0 0 0 1 0
2 152 0 1 0 0 0 0 1 0 0 0 0 1 0
2 153 0 1 0 0 0 0 1 0 0 0 0 1 0
2 154 0 1 0 0 0 0 1 0 0 0 0 1 0
2 155 0 1 0 0 0 0 1 0 0 0 0 1 0
2 156 0 1 0 0 0 0 1 0 0 0 0 1 0
2 157 0 1 0 0 0 0 1 0 0 0 0 1 0
2 158 0 1 0 0 0 0 1 0 0 0 0 1 0
2 159 0 1 0 0 0 0 1 0 0 0 0 1 0
2 160 0 1 0 0 0 0 1 0 0 0 0 1 0
3 4 188 0.94873 0.162201 -0.271297 0.992184 -0.146415 0.986176 0.0775911 -0.0163847 0.280132 -0.0338909 0.959363 0.123702
3 5 68 0.957042 0.242724 0.158606 -0.214257 -0.252729 0.966444 0.0459851 -0.0878016 -0.142122 -0.0840941 0.986271 0.972823
3 6 15 0.903403 0.400024 0.154417 -0.0648391 -0.392164 0.916433 -0.0797404 0.0903116 -0.173411 0.0114808 0.984783 -0.993801
3 7 15 0.873866 0.463917 0.14539 0.234187 -0.47673 0.876325 0.0691661 -0.0304009 -0.0953217 -0.129754 0.986954 0.971716
3 8 0 1 0 0 0 0 1 0 0 0 0 1 0
3 9 0 1 0 0 0 0 1 0 0 0 0 1 0
3 10 0 1 0 0 0 0 1 0 0 0 0 1 0
3 11 0 1 0 0 0 0 1 0 0 0 0 1 0
3 12 0 1 0 0 0 0 1 0 0 0 0 1 0
3 13 0 1 0 0 0 0 1 0 0 0 0 1 0
3 14 0 1 0 0 0 0 1 0 0 0 0 1 0
3 15 0 1 0 0 0 0 1 0 0 0 0 1 0
3 16 0 1 0 0 0 0 1 0 0 0 0 1 0
3 17 0 1 0 0 0 0 1 0 0 0 0 1 0
3 18 0 1 0 0 0 0 1 0 0 0 0 1 0
3 19 0 1 0 0 0 0 1 0 0 0 0 1 0
3 20 0 1 0 0 0 0 1 0 0 0 0 1 0
3 21 0 1 0 0 0 0 1 0 0 0 0 1 0
3 22 0 1 0 0 0 0 1 0 0 0 0 1 0
3 23 0 1 0 0 0 0 1 0 0 0 0 1 0
3 24 0 1 0 0 0 0 1 0 0 0 0 1 0
3 25 0 1 0 0 0 0 1 0 0 0 0 1 0
3 26 0 1 0 0 0 0 1 0 0 0 0 1 0
3 27 0 1 0 0 0 0 1 0 0 0 0 1 0
3 28 0 1 0 0 0 0 1 0 0 0 0 1 0
3 29 0 1 0 0 0 0 1 0 0 0 0 1 0
3 30 0 1 0 0 0 0 1 0 0 0 0 1 0
3 31 0 1 0 0 0 0 1 0 0 0 0 1 0
3 32 0 1 0 0 0 0 1 0 0 0 0 1 0
3 33 0 1 0 0 0 0 1 0 0 0 0 1 0
3 34 0 1 0 0 0 0 1 0 0 0 0 1 0
3 35 0 1 0 0 0 0 1 0 0 0 0 1 0
3 36 0 1 0 0 0 0 1 0 0 0 0 1 0
3 37 0 1 0 0 0 0 1 0 0 0 0 1 0
3 38 0 1 0 0 0 0 1 0 0 0 0 1 0
3 39 0 1 0 0 0 0 1 0 0 0 0 1 0
3 40 0 1 0 0 0 0 1 0 0 0 0 1 0
3 41 0 1 0 0 0 0 1 0 0 0 0 1 0
3 42 0 1 0 0 0 0 1 0 0 0 0 1 0
3 43 0 1 0 0 0 0 1 0 0 0 0 1 0
3 44 0 1 0 0 0 0 1 0 0 0 0 1 0
3 45 0 1 0 0 0 0 1 0 0 0 0 1 0
3 46 0 1 0 0 0 0 1 0 0 0 0 1 0
3 47 0 1 0 0 0 0 1 0 0 0 0 1 0
3 48 0 1 0 0 0 0 1 0 0 0 0 1 0
3 49 0 1 0 0 0 0 1 0 0 0 0 1 0
3 50 0 1 0 0 0 0 1 0 0 0 0 1 0
3 51 0 1 0 0 0 0 1 0 0 0 0 1 0
3 52 0 1 0 0 0 0 1 0 0 0 0 1 0
3 53 0 1 0 0 0 0 1 0 0 0 0 1 0
3 54 0 1 0 0 0 0 1 0 0 0 0 1 0
3 55 0 1 0 0 0 0 1 0 0 0 0 1 0
3 56 0 1 0 0 0 0 1 0 0 0 0 1 0
3 57 0 1 0 0 0 0 1 0 0 0 0 1 0
3 58 0 1 0 0 0 0 1 0 0 0 0 1 0
3 59 0 1 0 0 0 0 1 0 0 0 0 1 0
3 60 0 1 0 0 0 0 1 0 0 0 0 1 0
3 61 0 1 0 0 0 0 1 0 0 0 0 1 0
3 62 0 1 0 0 0 0 1 0 0 0 0 1 0
3 63 0 1 0 0 0 0 1 0 0 0 0 1 0
3 64 0 1 0 0 0 0 1 0 0 0 0 1 0
3 65 18 0.998511 0.0320775 -0.0441239 0.0328055 -0.0179835 0.957189 0.288903 -0.145223 0.0515022 -0.287679 0.956341 -0.988855
3 66 18 -0.402622 -0.912244 0.0755381 -0.128818 -0.902813 0.382125 -0.197254 0.217899 0.151079 -0.147615 -0.977438 0.967433
3 67 70 0.982572 -0.185811 -0.00516697 -0.0969603 0.183151 0.963008 0.197663 0.662331 -0.0317522 -0.195165 0.980256 0.74291
3 68 53 0.967727 -0.24889 -0.0394725 0.0198092 0.251994 0.956846 0.144721 -0.0171144 0.00174959 -0.149997 0.988685 -0.999657
3 69 32 0.943556 -0.260553 -0.204484 0.300229 0.288749 0.949538 0.122481 -0.190808 0.162253 -0.174612 0.971177 -0.934588
3 70 21 0.913873 -0.359547 -0.188581 -0.167237 0.393743 0.898145 0.195706 0.0589111 0.0990073 -0.253103 0.96236 0.984155
3 71 0 1 0 0 0 0 1 0 0 0 0 1 0
3 72 0 1 0 0 0 0 1 0 0 0 0 1 0
3 73 0 1 0 0 0 0 1 0 0 0 0 1 0
3 74 0 1 0 0 0 0 1 0 0 0 0 1 0
3 75 0 1 0 0 0 0 1 0 0 0 0 1 0
3 76 0 1 0 0 0 0 1 0 0 0 0 1 0
3 77 0 1 0 0 0 0 1 0 0 0 0 1 0
3 78 0 1 0 0 0 0 1 0 0 0 0 1 0
3 79 0 1 0 0 0 0 1 0 0 0 0 1 0
3 80 0 1 0 0 0 0 1 0 0 0 0 1 0
3 81 0 1 0 0 0 0 1 0 0 0 0 1 0
3 82 0 1 0 0 0 0 1 0 0 0 0 1 0
3 83 0 1 0 0 0 0 1 0 0 0 0 1 0
3 84 0 1 0 0 0 0 1 0 0 0 0 1 0
3 85 0 1 0 0 0 0 1 0 0 0 0 1 0
3 86 0 1 0 0 0 0 1 0 0 0 0 1 0
3 87 0 1 0 0 0 0 1 0 0 0 0 1 0
3 88 0 1 0 0 0 0 1 0 0 0 0 1 0
3 89 0 1 0 0 0 0 1 0 0 0 0 1 0
3 90 0 1 0 0 0 0 1 0 0 0 0 1 0
3 91 0 1 0 0 0 0 1 0 0 0 0 1 0
3 92 0 1 0 0 0 0 1 0 0 0 0 1 0
3 93 0 1 0 0 0 0 1 0 0 0 0 1 0
3 94 0 1 0 0 0 0 1 0 0 0 0 1 0
3 95 63 0.935582 -0.284871 0.20865 -0.760802 0.300361 0.952712 -0.0460674 -0.192888 -0.18566 0.10577 0.976905 -0.619657
3 96 120 0.961996 -0.2605 -0.0818763 -0.402247 0.265129 0.962822 0.0517669 -0.378379 0.065347 -0.0715074 0.995297 -0.833682
3 97 189 0.96751 -0.0477185 -0.248288 0.237739 0.058479 0.997634 0.0361413 -0.470009 0.245976 -0.0494867 0.968012 -0.850043
3 98 48 0.885249 0.20351 -0.418232 0.500241 -0.058961 0.941043 0.333109 -0.834254 0.461365 -0.270225 0.845057 -0.231902
3 99 0 1 0 0 0 0 1 0 0 0 0 1 0
3 100 0 1 0 0 0 0 1 0 0 0 0 1 0
3 101 0 1 0 0 0 0 1 0 0 0 0 1 0
3 102 0 1 0 0 0 0 1 0 0 0 0 1 0
3 103 0 1 0 0 0 0 1 0 0 0 0 1 0
3 104 0 1 0 0 0 0 1 0 0 0 0 1 0
3 105 0 1 0 0 0 0 1 0 0 0 0 1 0
3 106 0 1 0 0 0 0 1 0 0 0 0 1 0
3 107 0 1 0 0 0 0 1 0 0 0 0 1 0
3 108 0 1 0 0 0 0 1 0 0 0 0 1 0
3 109 0 1 0 0 0 0 1 0 0 0 0 1 0
3 110 0 1 0 0 0 0 1 0 0 0 0 1 0
3 111 0 1 0 0 0 0 1 0 0 0 0 1 0
3 112 0 1 0 0 0 0 1 0 0 0 0 1 0
3 113 0 1 0 0 0 0 1 0 0 0 0 1 0
3 114 0 1 0 0 0 0 1 0 0 0 0 1 0
3 115 0 1 0 0 0 0 1 0 0 0 0 1 0
3 116 0 1 0 0 0 0 1 0 0 0 0 1 0
3 117 0 1 0 0 0 0 1 0 0 0 0 1 0
3 118 0 1 0 0 0 0 1 0 0 0 0 1 0
3 119 0 1 0 0 0 0 1 0 0 0 0 1 0
3 120 0 1 0 0 0 0 1 0 0 0 0 1 0
3 121 0 1 0 0 0 0 1 0 0 0 0 1 0
3 122 0 1 0 0 0 0 1 0 0 0 0 1 0
3 123 0 1 0 0 0 0 1 0 0 0 0 1 0
3 124 0 1 0 0 0 0 1 0 0 0 0 1 0
3 125 0 1 0 0 0 0 1 0 0 0 0 1 0
3 126 0 1 0 0 0 0 1 0 0 0 0 1 0
3 127 0 1 0 0 0 0 1 0 0 0 0 1 0
3 128 0 1 0 0 0 0 1 0 0 0 0 1 0
3 129 0 1 0 0 0 0 1 0 0 0 0 1 0
3 130 0 1 0 0 0 0 1 0 0 0 0 1 0
3 131 0 1 0 0 0 0 1 0 0 0 0 1 0
3 132 0 1 0 0 0 0 1 0 0 0 0 1 0
3 133 0 1 0 0 0 0 1 0 0 0 0 1 0
3 134 0 1 0 0 0 0 1 0 0 0 0 1 0
3 135 0 1 0 0 0 0 1 0 0 0 0 1 0
3 136 0 1 0 0 0 0 1 0 0 0 0 1 0
3 137 0 1 0 0 0 0 1 0 0 0 0 1 0
3 138 0 1 0 0 0 0 1 0 0 0 0 1 0
3 139 0 1 0 0 0 0 1 0 0 0 0 1 0
3 140 0 1 0 0 0 0 1 0 0 0 0 1 0
3 141 0 1 0 0 0 0 1 0 0 0 0 1 0
3 142 0 1 0 0 0 0 1 0 0 0 0 1 0
3 143 0 1 0 0 0 0 1 0 0 0 0 1 0
3 144 0 1 0 0 0 0 1 0 0 0 0 1 0
3 145 0 1 0 0 0 0 1 0 0 0 0 1 0
3 146 0 1 0 0 0 0 1 0 0 0 0 1 0
3 147 0 1 0 0 0 0 1 0 0 0 0 1 0
3 148 0 1 0 0 0 0 1 0 0 0 0 1 0
3 149 0 1 0 0 0 0 1 0 0 0 0 1 0
3 150 0 1 0 0 0 0 1 0 0 0 0 1 0
3 151 0 1 0 0 0 0 1 0 0 0 0 1 0
3 152 0 1 0 0 0 0 1 0 0 0 0 1 0
3 153 0 1 0 0 0 0 1 0 0 0 0 1 0
3 154 0 1 0 0 0 0 1 0 0 0 0 1 0
3 155 0 1 0 0 0 0 1 0 0 0 0 1 0
3 156 0 1 0 0 0 0 1 0 0 0 0 1 0
3 157 0 1 0 0 0 0 1 0 0 0 0 1 0
3 158 0 1 0 0 0 0 1 0 0 0 0 1 0
3 159 0 1 0 0 0 0 1 0 0 0 0 1 0
3 160 0 1 0 0 0 0 1 0 0 0 0 1 0
4 5 170 0.988332 0.051436 -0.143364 0.79156 -0.0526585 0.998601 -0.00474314 -0.139974 0.142919 0.0122371 0.989659 0.594844
4 6 94 0.9806 0.129498 -0.147149 0.691935 -0.141175 0.987374 -0.0718518 -0.229042 0.135987 0.0912317 0.986501 0.684665
4 7 13 0.927596 0.3698 0.0530417 0.065618 -0.371982 0.927396 0.0395609 -0.0262047 -0.034561 -0.0564271 0.997808 0.997501
4 8 36 0.839541 0.205596 -0.502893 0.398187 -0.173468 0.978621 0.110495 -0.414259 0.514859 -0.00552875 0.857257 0.818435
4 9 14 0.807223 0.292737 -0.512539 -0.330651 -0.255281 0.956082 0.144012 -0.254261 0.532187 0.014591 0.846501 0.908857
4 10 0 1 0 0 0 0 1 0 0 0 0 1 0
4 11 0 1 0 0 0 0 1 0 0 0 0 1 0
4 12 0 1 0 0 0 0 1 0 0 0 0 1 0
4 13 0 1 0 0 0 0 1 0 0 0 0 1 0
4 14 0 1 0 0 0 0 1 0 0 0 0 1 0
4 15 0 1 0 0 0 0 1 0 0 0 0 1 0
4 16 0 1 0 0 0 0 1 0 0 0 0 1 0
4 17 0 1 0 0 0 0 1 0 0 0 0 1 0
4 18 0 1 0 0 0 0 1 0 0 0 0 1 0
4 19 0 1 0 0 0 0 1 0 0 0 0 1 0
4 20 0 1 0 0 0 0 1 0 0 0 0 1 0
4 21 0 1 0 0 0 0 1 0 0 0 0 1 0
4 22 0 1 0 0 0 0 1 0 0 0 0 1 0
4 23 0 1 0 0 0 0 1 0 0 0 0 1 0
4 24 0 1 0 0 0 0 1 0 0 0 0 1 0
4 25 0 1 0 0 0 0 1 0 0 0 0 1 0
4 26 0 1 0 0 0 0 1 0 0 0 0 1 0
4 27 0 1 0 0 0 0 1 0 0 0 0 1 0
4 28 0 1 0 0 0 0 1 0 0 0 0 1 0
4 29 0 1 0 0 0 0 1 0 0 0 0 1 0
4 30 0 1 0 0 0 0 1 0 0 0 0 1 0
4 31 0 1 0 0 0 0 1 0 0 0 0 1 0
4 32 0 1 0 0 0 0 1 0 0 0 0 1 0
4 33 0 1 0 0 0 0 1 0 0 0 0 1 0
4 34 0 1 0 0 0 0 1 0 0 0 0 1 0
4 35 0 1 0 0 0 0 1 0 0 0 0 1 0
4 36 0 1 0 0 0 0 1 0 0 0 0 1 0
4 37 0 1 0 0 0 0 1 0 0 0 0 1 0
4 38 0 1 0 0 0 0 1 0 0 0 0 1 0
4 39 0 1 0 0 0 0 1 0 0 0 0 1 0
4 40 0 1 0 0 0 0 1 0 0 0 0 1 0
4 41 0 1 0 0 0 0 1 0 0 0 0 1 0
4 42 0 1 0 0 0 0 1 0 0 0 0 1 0
4 43 0 1 0 0 0 0 1 0 0 0 0 1 0
4 44 0 1 0 0 0 0 1 0 0 0 0 1 0
4 45 0 1 0 0 0 0 1 0 0 0 0 1 0
4 46 0 1 0 0 0 0 1 0 0 0 0 1 0
4 47 0 1 0 0 0 0 1 0 0 0 0 1 0
4 48 0 1 0 0 0 0 1 0 0 0 0 1 0
4 49 0 1 0 0 0 0 1 0 0 0 0 1 0
4 50 0 1 0 0 0 0 1 0 0 0 0 1 0
4 51 0 1 0 0 0 0 1 0 0 0 0 1 0
4 52 0 1 0 0 0 0 1 0 0 0 0 1 0
4 53 0 1 0 0 0 0 1 0 0 0 0 1 0
4 54 0 1 0 0 0 0 1 0 0 0 0 1 0
4 55 0 1 0 0 0 0 1 0 0 0 0 1 0
4 56 0 1 0 0 0 0 1 0 0 0 0 1 0
4 57 0 1 0 0 0 0 1 0 0 0 0 1 0
4 58 0 1 0 0 0 0 1 0 0 0 0 1 0
4 59 0 1 0 0 0 0 1 0 0 0 0 1 0
4 60 0 1 0 0 0 0 1 0 0 0 0 1 0
4 61 0 1 0 0 0 0 1 0 0 0 0 1 0
4 62 0 1 0 0 0 0 1 0 0 0 0 1 0
4 63 0 1 0 0 0 0 1 0 0 0 0 1 0
4 64 0 1 0 0 0 0 1 0 0 0 0 1 0
4 65 0 1 0 0 0 0 1 0 0 0 0 1 0
4 66 0 1 0 0 0 0 1 0 0 0 0 1 0
4 67 0 1 0 0 0 0 1 0 0 0 0 1 0
4 68 0 1 0 0 0 0 1 0 0 0 0 1 0
4 69 0 1 0 0 0 0 1 0 0 0 0 1 0
4 70 0 1 0 0 0 0 1 0 0 0 0 1 0
4 71 0 1 0 0 0 0 1 0 0 0 0 1 0
4 72 0 1 0 0 0 0 1 0 0 0 0 1 0
4 73 0 1 0 0 0 0 1 0 0 0 0 1 0
4 74 0 1 0 0 0 0 1 0 0 0 0 1 0
4 75 0 1 0 0 0 0 1 0 0 0 0 1 0
4 76 0 1 0 0 0 0 1 0 0 0 0 1 0
4 77 0 1 0 0 0 0 1 0 0 0 0 1 0
4 78 0 1 0 0 0 0 1 0 0 0 0 1 0
4 79 0 1 0 0 0 0 1 0 0 0 0 1 0
4 80 0 1 0 0 0 0 1 0 0 0 0 1 0
4 81 0 1 0 0 0 0 1 0 0 0 0 1 0
4 82 0 1 0 0 0 0 1 0 0 0 0 1 0
4 83 0 1 0 0 0 0 1 0 0 0 0 1 0
4 84 0 1 0 0 0 0 1 0 0 0 0 1 0
4 85 0 1 0 0 0 0 1 0 0 0 0 1 0
4 86 0 1 0 0 0 0 1 0 0 0 0 1 0
4 87 0 1 0 0 0 0 1 0 0 0 0 1 0
4 88 0 1 0 0 0 0 1 0 0 0 0 1 0
4 89 0 1 0 0 0 0 1 0 0 0 0 1 0
4 90 0 1 0 0 0 0 1 0 0 0 0 1 0
4 91 0 1 0 0 0 0 1 0 0 0 0 1 0
4 92 0 1 0 0 0 0 1 0 0 0 0 1 0
4 93 0 1 0 0 0 0 1 0 0 0 0 1 0
4 94 0 1 0 0 0 0 1 0 0 0 0 1 0
4 95 0 1 0 0 0 0 1 0 0 0 0 1 0
4 96 0 1 0 0 0 0 1 0 0 0 0 1 0
4 97 88 0.974765 -0.205536 -0.087111 -0.354588 0.215905 0.967189 0.133906 -0.710324 0.0567303 -0.149334 0.987158 -0.608036
4 98 0 1 0 0 0 0 1 0 0 0 0 1 0
4 99 0 1 0 0 0 0 1 0 0 0 0 1 0
4 100 0 1 0 0 0 0 1 0 0 0 0 1 0
4 101 0 1 0 0 0 0 1 0 0 0 0 1 0
4 102 0 1 0 0 0 0 1 0 0 0 0 1 0
4 103 0 1 0 0 0 0 1 0 0 0 0 1 0
4 104 0 1 0 0 0 0 1 0 0 0 0 1 0
4 105 0 1 0 0 0 0 1 0 0 0 0 1 0
4 106 0 1 0 0 0 0 1 0 0 0 0 1 0
4 107 0 1 0 0 0 0 1 0 0 0 0 1 0
4 108 0 1 0 0 0 0 1 0 0 0 0 1 0
4 109 0 1 0 0 0 0 1 0 0 0 0 1 0
4 110 0 1 0 0 0 0 1 0 0 0 0 1 0
4 111 0 1 0 0 0 0 1 0 0 0 0 1 0
4 112 0 1 0 0 0 0 1 0 0 0 0 1 0
4 113 0 1 0 0 0 0 1 0 0 0 0 1 0
4 114 0 1 0 0 0 0 1 0 0 0 0 1 0
4 115 0 1 0 0 0 0 1 0 0 0 0 1 0
4 116 0 1 0 0 0 0 1 0 0 0 0 1 0
4 117 0 1 0 0 0 0 1 0 0 0 0 1 0
4 118 0 1 0 0 0 0 1 0 0 0 0 1 0
4 119 0 1 0 0 0 0 1 0 0 0 0 1 0
4 120 0 1 0 0 0 0 1 0 0 0 0 1 0
4 121 0 1 0 0 0 0 1 0 0 0 0 1 0
4 122 0 1 0 0 0 0 1 0 0 0 0 1 0
4 123 0 1 0 0 0 0 1 0 0 0 0 1 0
4 124 0 1 0 0 0 0 1 0 0 0 0 1 0
4 125 0 1 0 0 0 0 1 0 0 0 0 1 0
4 126 0 1 0 0 0 0 1 0 0 0 0 1 0
4 127 0 1 0 0 0 0 1 0 0 0 0 1 0
4 128 0 1 0 0 0 0 1 0 0 0 0 1 0
4 129 0 1 0 0 0 0 1 0 0 0 0 1 0
4 130 0 1 0 0 0 0 1 0 0 0 0 1 0
4 131 0 1 0 0 0 0 1 0 0 0 0 1 0
4 132 0 1 0 0 0 0 1 0 0 0 0 1 0
4 133 0 1 0 0 0 0 1 0 0 0 0 1 0
4 134 0 1 0 0 0 0 1 0 0 0 0 1 0
4 135 0 1 0 0 0 0 1 0 0 0 0 1 0
4 136 0 1 0 0 0 0 1 0 0 0 0 1 0
4 137 0 1 0 0 0 0 1 0 0 0 0 1 0
4 138 0 1 0 0 0 0 1 0 0 0 0 1 0
4 139 0 1 0 0 0 0 1 0 0 0 0 1 0
4 140 0 1 0 0 0 0 1 0 0 0 0 1 0
4 141 0 1 0 0 0 0 1 0 0 0 0 1 0
4 142 0 1 0 0 0 0 1 0 0 0 0 1 0
4 143 0 1 0 0 0 0 1 0 0 0 0 1 0
4 144 0 1 0 0 0 0 1 0 0 0 0 1 0
4 145 0 1 0 0 0 0 1 0 0 0 0 1 0
4 146 0 1 0 0 0 0 1 0 0 0 0 1 0
4 147 0 1 0 0 0 0 1 0 0 0 0 1 0
4 148 0 1 0 0 0 0 1 0 0 0 0 1 0
4 149 0 1 0 0 0 0 1 0 0 0 0 1 0
4 150 0 1 0 0 0 0 1 0 0 0 0 1 0
4 151 0 1 0 0 0 0 1 0 0 0 0 1 0
4 152 0 1 0 0 0 0 1 0 0 0 0 1 0
4 153 0 1 0 0 0 0 1 0 0 0 0 1 0
4 154 0 1 0 0 0 0 1 0 0 0 0 1 0
4 155 0 1 0 0 0 0 1 0 0 0 0 1 0
4 156 0 1 0 0 0 0 1 0 0 0 0 1 0
4 157 0 1 0 0 0 0 1 0 0 0 0 1 0
4 158 0 1 0 0 0 0 1 0 0 0 0 1 0
4 159 0 1 0 0 0 0 1 0 0 0 0 1 0
4 160 0 1 0 0 0 0 1 0 0 0 0 1 0
5 6 267 0.991498 0.0363509 -0.124944 0.881148 -0.0433358 0.997619 -0.0536475 -0.234686 0.122696 0.0586059 0.990712 0.410489
5 7 111 0.981884 0.189093 0.0121379 0.44193 -0.189481 0.980063 0.0597795 -0.00320323 -0.000592057 -0.0609965 0.998138 0.897044
5 8 24 0.453224 0.365958 -0.812812 0.916475 -0.285072 0.92346 0.256819 -0.180579 0.844584 0.115313 0.522859 0.357023
5 9 0 1 0 0 0 0 1 0 0 0 0 1 0
5 10 0 1 0 0 0 0 1 0 0 0 0 1 0
5 11 0 1 0 0 0 0 1 0 0 0 0 1 0
5 12 0 1 0 0 0 0 1 0 0 0 0 1 0
5 13 0 1 0 0 0 0 1 0 0 0 0 1 0
5 14 0 1 0 0 0 0 1 0 0 0 0 1 0
5 15 0 1 0 0 0 0 1 0 0 0 0 1 0
5 16 0 1 0 0 0 0 1 0 0 0 0 1 0
5 17 0 1 0 0 0 0 1 0 0 0 0 1 0
5 18 0 1 0 0 0 0 1 0 0 0 0 1 0
5 19 0 1 0 0 0 0 1 0 0 0 0 1 0
5 20 0 1 0 0 0 0 1 0 0 0 0 1 0
5 21 0 1 0 0 0 0 1 0 0 0 0 1 0
5 22 0 1 0 0 0 0 1 0 0 0 0 1 0
5 23 0 1 0 0 0 0 1 0 0 0 0 1 0
5 24 0 1 0 0 0 0 1 0 0 0 0 1 0
5 25 0 1 0 0 0 0 1 0 0 0 0 1 0
5 26 0 1 0 0 0 0 1 0 0 0 0 1 0
5 27 0 1 0 0 0 0 1 0 0 0 0 1 0
5 28 0 1 0 0 0 0 1 0 0 0 0 1 0
5 29 0 1 0 0 0 0 1 0 0 0 0 1 0
5 30 0 1 0 0 0 0 1 0 0 0 0 1 0
5 31 0 1 0 0 0 0 1 0 0 0 0 1 0
5 32 0 1 0 0 0 0 1 0 0 0 0 1 0
5 33 0 1 0 0 0 0 1 0 0 0 0 1 0
5 34 0 1 0 0 0 0 1 0 0 0 0 1 0
5 35 0 1 0 0 0 0 1 0 0 0 0 1 0
5 36 0 1 0 0 0 0 1 0 0 0 0 1 0
5 37 0 1 0 0 0 0 1 0 0 0 0 1 0
5 38 0 1 0 0 0 0 1 0 0 0 0 1 0
5 39 0 1 0 0 0 0 1 0 0 0 0 1 0
5 40 0 1 0 0 0 0 1 0 0 0 0 1 0
5 41 0 1 0 0 0 0 1 0 0 0 0 1 0
5 42 0 1 0 0 0 0 1 0 0 0 0 1 0
5 43 0 1 0 0 0 0 1 0 0 0 0 1 0
5 44 0 1 0 0 0 0 1 0 0 0 0 1 0
5 45 0 1 0 0 0 0 1 0 0 0 0 1 0
5 46 0 1 0 0 0 0 1 0 0 0 0 1 0
5 47 0 1 0 0 0 0 1 0 0 0 0 1 0
5 48 0 1 0 0 0 0 1 0 0 0 0 1 0
5 49 0 1 0 0 0 0 1 0 0 0 0 1 0
5 50 0 1 0 0 0 0 1 0 0 0 0 1 0
5 51 0 1 0 0 0 0 1 0 0 0 0 1 0
5 52 0 1 0 0 0 0 1 0 0 0 0 1 0
5 53 0 1 0 0 0 0 1 0 0 0 0 1 0
5 54 0 1 0 0 0 0 1 0 0 0 0 1 0
5 55 0 1 0 0 0 0 1 0 0 0 0 1 0
5 56 0 1 0 0 0 0 1 0 0 0 0 1 0
5 57 0 1 0 0 0 0 1 0 0 0 0 1 0
5 58 0 1 0 0 0 0 1 0 0 0 0 1 0
5 59 0 1 0 0 0 0 1 0 0 0 0 1 0
5 60 0 1 0 0 0 0 1 0 0 0 0 1 0
5 61 0 1 0 0 0 0 1 0 0 0 0 1 0
5 62 0 1 0 0 0 0 1 0 0 0 0 1 0
5 63 0 1 0 0 0 0 1 0 0 0 0 1 0
5 64 0 1 0 0 0 0 1 0 0 0 0 1 0
5 65 0 1 0 0 0 0 1 0 0 0 0 1 0
5 66 0 1 0 0 0 0 1 0 0 0 0 1 0
5 67 0 1 0 0 0 0 1 0 0 0 0 1 0
5 68 0 1 0 0 0 0 1 0 0 0 0 1 0
5 69 0 1 0 0 0 0 1 0 0 0 0 1 0
5 70 0 1 0 0 0 0 1 0 0 0 0 1 0
5 71 0 1 0 0 0 0 1 0 0 0 0 1 0
5 72 0 1 0 0 0 0 1 0 0 0 0 1 0
5 73 0 1 0 0 0 0 1 0 0 0 0 1 0
5 74 0 1 0 0 0 0 1 0 0 0 0 1 0
5 75 0 1 0 0 0 0 1 0 0 0 0 1 0
5 76 0 1 0 0 0 0 1 0 0 0 0 1 0
5 77 0 1 0 0 0 0 1 0 0 0 0 1 0
5 78 0 1 0 0 0 0 1 0 0 0 0 1 0
5 79 0 1 0 0 0 0 1 0 0 0 0 1 0
5 80 0 1 0 0 0 0 1 0 0 0 0 1 0
5 81 0 1 0 0 0 0 1 0 0 0 0 1 0
5 82 0 1 0 0 0 0 1 0 0 0 0 1 0
5 83 0 1 0 0 0 0 1 0 0 0 0 1 0
5 84 0 1 0 0 0 0 1 0 0 0 0 1 0
5 85 0 1 0 0 0 0 1 0 0 0 0 1 0
5 86 0 1 0 0 0 0 1 0 0 0 0 1 0
5 87 0 1 0 0 0 0 1 0 0 0 0 1 0
5 88 0 1 0 0 0 0 1 0 0 0 0 1 0
5 89 0 1 0 0 0 0 1 0 0 0 0 1 0
5 90 0 1 0 0 0 0 1 0 0 0 0 1 0
5 91 0 1 0 0 0 0 1 0 0 0 0 1 0
5 92 0 1 0 0 0 0 1 0 0 0 0 1 0
5 93 0 1 0 0 0 0 1 0 0 0 0 1 0
5 94 0 1 0 0 0 0 1 0 0 0 0 1 0
5 95 0 1 0 0 0 0 1 0 0 0 0 1 0
5 96 0 1 0 0 0 0 1 0 0 0 0 1 0
5 97 0 1 0 0 0 0 1 0 0 0 0 1 0
5 98 13 0.975385 -0.148656 -0.162864 0.546902 0.175838 0.970033 0.167679 -0.711132 0.133057 -0.192189 0.972296 0.441803
5 99 0 1 0 0 0 0 1 0 0 0 0 1 0
5 100 0 1 0 0 0 0 1 0 0 0 0 1 0
5 101 0 1 0 0 0 0 1 0 0 0 0 1 0
5 102 0 1 0 0 0 0 1 0 0 0 0 1 0
5 103 0 1 0 0 0 0 1 0 0 0 0 1 0
5 104 0 1 0 0 0 0 1 0 0 0 0 1 0
5 105 0 1 0 0 0 0 1 0 0 0 0 1 0
5 106 0 1 0 0 0 0 1 0 0 0 0 1 0
5 107 0 1 0 0 0 0 1 0 0 0 0 1 0
5 108 0 1 0 0 0 0 1 0 0 0 0 1 0
5 109 0 1 0 0 0 0 1 0 0 0 0 1 0
5 110 0 1 0 0 0 0 1 0 0 0 0 1 0
5 111 0 1 0 0 0 0 1 0 0 0 0 1 0
5 112 0 1 0 0 0 0 1 0 0 0 0 1 0
5 113 0 1 0 0 0 0 1 0 0 0 0 1 0
5 114 0 1 0 0 0 0 1 0 0 0 0 1 0
5 115 0 1 0 0 0 0 1 0 0 0 0 1 0
5 116 0 1 0 0 0 0 1 0 0 0 0 1 0
5 117 0 1 0 0 0 0 1 0 0 0 0 1 0
5 118 0 1 0 0 0 0 1 0 0 0 0 1 0
5 119 0 1 0 0 0 0 1 0 0 0 0 1 0
5 120 0 1 0 0 0 0 1 0 0 0 0 1 0
5 121 0 1 0 0 0 0 1 0 0 0 0 1 0
5 122 0 1 0 0 0 0 1 0 0 0 0 1 0
5 123 0 1 0 0 0 0 1 0 0 0 0 1 0
5 124 0 1 0 0 0 0 1 0 0 0 0 1 0
5 125 0 1 0 0 0 0 1 0 0 0 0 1 0
5 126 0 1 0 0 0 0 1 0 0 0 0 1 0
5 127 0 1 0 0 0 0 1 0 0 0 0 1 0
5 128 0 1 0 0 0 0 1 0 0 0 0 1 0
5 129 0 1 0 0 0 0 1 0 0 0 0 1 0
5 130 0 1 0 0 0 0 1 0 0 0 0 1 0
5 131 0 1 0 0 0 0 1 0 0 0 0 1 0
5 132 0 1 0 0 0 0 1 0 0 0 0 1 0
5 133 0 1 0 0 0 0 1 0 0 0 0 1 0
5 134 0 1 0 0 0 0 1 0 0 0 0 1 0
5 135 0 1 0 0 0 0 1 0 0 0 0 1 0
5 136 0 1 0 0 0 0 1 0 0 0 0 1 0
5 137 0 1 0 0 0 0 1 0 0 0 0 1 0
5 138 0 1 0 0 0 0 1 0 0 0 0 1 0
5 139 0 1 0 0 0 0 1 0 0 0 0 1 0
5 140 0 1 0 0 0 0 1 0 0 0 0 1 0
5 141 0 1 0 0 0 0 1 0 0 0 0 1 0
5 142 0 1 0 0 0 0 1 0 0 0 0 1 0
5 143 0 1 0 0 0 0 1 0 0 0 0 1 0
5 144 0 1 0 0 0 0 1 0 0 0 0 1 0
5 145 0 1 0 0 0 0 1 0 0 0 0 1 0
5 146 0 1 0 0 0 0 1 0 0 0 0 1 0
5 147 0 1 0 0 0 0 1 0 0 0 0 1 0
5 148 0 1 0 0 0 0 1 0 0 0 0 1 0
5 149 0 1 0 0 0 0 1 0 0 0 0 1 0
5 150 0 1 0 0 0 0 1 0 0 0 0 1 0
5 151 0 1 0 0 0 0 1 0 0 0 0 1 0
5 152 0 1 0 0 0 0 1 0 0 0 0 1 0
5 153 0 1 0 0 0 0 1 0 0 0 0 1 0
5 154 0 1 0 0 0 0 1 0 0 0 0 1 0
5 155 0 1 0 0 0 0 1 0 0 0 0 1 0
5 156 0 1 0 0 0 0 1 0 0 0 0 1 0
5 157 0 1 0 0 0 0 1 0 0 0 0 1 0
5 158 0 1 0 0 0 0 1 0 0 0 0 1 0
5 159 0 1 0 0 0 0 1 0 0 0 0 1 0
5 160 0 1 0 0 0 0 1 0 0 0 0 1 0
6 7 229 0.984888 0.167992 -0.0421127 0.961237 -0.160349 0.97638 0.144814 0.13132 0.0654456 -0.135873 0.988562 -0.242444
6 8 29 0.952599 0.0893723 0.290805 -0.685623 -0.154148 0.965883 0.208105 -0.137183 -0.262285 -0.243068 0.933876 0.714914
6 9 0 1 0 0 0 0 1 0 0 0 0 1 0
6 10 0 1 0 0 0 0 1 0 0 0 0 1 0
6 11 0 1 0 0 0 0 1 0 0 0 0 1 0
6 12 0 1 0 0 0 0 1 0 0 0 0 1 0
6 13 0 1 0 0 0 0 1 0 0 0 0 1 0
6 14 0 1 0 0 0 0 1 0 0 0 0 1 0
6 15 0 1 0 0 0 0 1 0 0 0 0 1 0
6 16 0 1 0 0 0 0 1 0 0 0 0 1 0
6 17 0 1 0 0 0 0 1 0 0 0 0 1 0
6 18 0 1 0 0 0 0 1 0 0 0 0 1 0
6 19 0 1 0 0 0 0 1 0 0 0 0 1 0
6 20 0 1 0 0 0 0 1 0 0 0 0 1 0
6 21 0 1 0 0 0 0 1 0 0 0 0 1 0
6 22 0 1 0 0 0 0 1 0 0 0 0 1 0
6 23 0 1 0 0 0 0 1 0 0 0 0 1 0
6 24 0 1 0 0 0 0 1 0 0 0 0 1 0
6 25 0 1 0 0 0 0 1 0 0 0 0 1 0
6 26 0 1 0 0 0 0 1 0 0 0 0 1 0
6 27 0 1 0 0 0 0 1 0 0 0 0 1 0
6 28 0 1 0 0 0 0 1 0 0 0 0 1 0
6 29 0 1 0 0 0 0 1 0 0 0 0 1 0
6 30 0 1 0 0 0 0 1 0 0 0 0 1 0
6 31 0 1 0 0 0 0 1 0 0 0 0 1 0
6 32 0 1 0 0 0 0 1 0 0 0 0 1 0
6 33 0 1 0 0 0 0 1 0 0 0 0 1 0
6 34 0 1 0 0 0 0 1 0 0 0 0 1 0
6 35 0 1 0 0 0 0 1 0 0 0 0 1 0
6 36 0 1 0 0 0 0 1 0 0 0 0 1 0
6 37 0 1 0 0 0 0 1 0 0 0 0 1 0
6 38 0 1 0 0 0 0 1 0 0 0 0 1 0
6 39 0 1 0 0 0 0 1 0 0 0 0 1 0
6 40 0 1 0 0 0 0 1 0 0 0 0 1 0
6 41 0 1 0 0 0 0 1 0 0 0 0 1 0
6 42 0 1 0 0 0 0 1 0 0 0 0 1 0
6 43 0 1 0 0 0 0 1 0 0 0 0 1 0
6 44 0 1 0 0 0 0 1 0 0 0 0 1 0
6 45 0 1 0 0 0 0 1 0 0 0 0 1 0
6 46 0 1 0 0 0 0 1 0 0 0 0 1 0
6 47 0 1 0 0 0 0 1 0 0 0 0 1 0
6 48 0 1 0 0 0 0 1 0 0 0 0 1 0
6 49 0 1 0 0 0 0 1 0 0 0 0 1 0
6 50 0 1 0 0 0 0 1 0 0 0 0 1 0
6 51 0 1 0 0 0 0 1 0 0 0 0 1 0
6 52 0 1 0 0 0 0 1 0 0 0 0 1 0
6 53 0 1 0 0 0 0 1 0 0 0 0 1 0
6 54 0 1 0 0 0 0 1 0 0 0 0 1 0
6 55 0 1 0 0 0 0 1 0 0 0 0 1 0
6 56 0 1 0 0 0 0 1 0 0 0 0 1 0
6 57 0 1 0 0 0 0 1 0 0 0 0 1 0
6 58 0 1 0 0 0 0 1 0 0 0 0 1 0
6 59 0 1 0 0 0 0 1 0 0 0 0 1 0
6 60 0 1 0 0 0 0 1 0 0 0 0 1 0
6 61 0 1 0 0 0 0 1 0 0 0 0 1 0
6 62 0 1 0 0 0 0 1 0 0 0 0 1 0
6 63 0 1 0 0 0 0 1 0 0 0 0 1 0
6 64 0 1 0 0 0 0 1 0 0 0 0 1 0
6 65 0 1 0 0 0 0 1 0 0 0 0 1 0
6 66 17 0.897588 -0.36136 -0.252496 0.125166 0.428791 0.848636 0.309766 -0.216441 0.10234 -0.38631 0.916674 -0.968239
6 67 0 1 0 0 0 0 1 0 0 0 0 1 0
6 68 0 1 0 0 0 0 1 0 0 0 0 1 0
6 69 0 1 0 0 0 0 1 0 0 0 0 1 0
6 70 26 0.376752 0.867283 0.325389 -0.172604 -0.864945 0.455104 -0.211544 0.0647492 -0.331555 -0.201744 0.921613 0.982861
6 71 0 1 0 0 0 0 1 0 0 0 0 1 0
6 72 0 1 0 0 0 0 1 0 0 0 0 1 0
6 73 0 1 0 0 0 0 1 0 0 0 0 1 0
6 74 0 1 0 0 0 0 1 0 0 0 0 1 0
6 75 0 1 0 0 0 0 1 0 0 0 0 1 0
6 76 0 1 0 0 0 0 1 0 0 0 0 1 0
6 77 0 1 0 0 0 0 1 0 0 0 0 1 0
6 78 0 1 0 0 0 0 1 0 0 0 0 1 0
6 79 0 1 0 0 0 0 1 0 0 0 0 1 0
6 80 0 1 0 0 0 0 1 0 0 0 0 1 0
6 81 0 1 0 0 0 0 1 0 0 0 0 1 0
6 82 0 1 0 0 0 0 1 0 0 0 0 1 0
6 83 0 1 0 0 0 0 1 0 0 0 0 1 0
6 84 0 1 0 0 0 0 1 0 0 0 0 1 0
6 85 0 1 0 0 0 0 1 0 0 0 0 1 0
6 86 0 1 0 0 0 0 1 0 0 0 0 1 0
6 87 0 1 0 0 0 0 1 0 0 0 0 1 0
6 88 0 1 0 0 0 0 1 0 0 0 0 1 0
6 89 0 1 0 0 0 0 1 0 0 0 0 1 0
6 90 0 1 0 0 0 0 1 0 0 0 0 1 0
6 91 0 1 0 0 0 0 1 0 0 0 0 1 0
6 92 0 1 0 0 0 0 1 0 0 0 0 1 0
6 93 0 1 0 0 0 0 1 0 0 0 0 1 0
6 94 0 1 0 0 0 0 1 0 0 0 0 1 0
6 95 0 1 0 0 0 0 1 0 0 0 0 1 0
6 96 0 1 0 0 0 0 1 0 0 0 0 1 0
6 97 0 1 0 0 0 0 1 0 0 0 0 1 0
6 98 0 1 0 0 0 0 1 0 0 0 0 1 0
6 99 0 1 0 0 0 0 1 0 0 0 0 1 0
6 100 0 1 0 0 0 0 1 0 0 0 0 1 0
6 101 0 1 0 0 0 0 1 0 0 0 0 1 0
6 102 0 1 0 0 0 0 1 0 0 0 0 1 0
6 103 0 1 0 0 0 0 1 0 0 0 0 1 0
6 104 0 1 0 0 0 0 1 0 0 0 0 1 0
6 105 0 1 0 0 0 0 1 0 0 0 0 1 0
6 106 0 1 0 0 0 0 1 0 0 0 0 1 0
6 107 0 1 0 0 0 0 1 0 0 0 0 1 0
6 108 0 1 0 0 0 0 1 0 0 0 0 1 0
6 109 0 1 0 0 0 0 1 0 0 0 0 1 0
6 110 0 1 0 0 0 0 1 0 0 0 0 1 0
6 111 0 1 0 0 0 0 1 0 0 0 0 1 0
6 112 0 1 0 0 0 0 1 0 0 0 0 1 0
6 113 0 1 0 0 0 0 1 0 0 0 0 1 0
6 114 0 1 0 0 0 0 1 0 0 0 0 1 0
6 115 0 1 0 0 0 0 1 0 0 0 0 1 0
6 116 0 1 0 0 0 0 1 0 0 0 0 1 0
6 117 0 1 0 0 0 0 1 0 0 0 0 1 0
6 118 0 1 0 0 0 0 1 0 0 0 0 1 0
6 119 0 1 0 0 0 0 1 0 0 0 0 1 0
6 120 0 1 0 0 0 0 1 0 0 0 0 1 0
6 121 0 1 0 0 0 0 1 0 0 0 0 1 0
6 122 0 1 0 0 0 0 1 0 0 0 0 1 0
6 123 0 1 0 0 0 0 1 0 0 0 0 1 0
6 124 0 1 0 0 0 0 1 0 0 0 0 1 0
6 125 0 1 0 0 0 0 1 0 0 0 0 1 0
6 126 0 1 0 0 0 0 1 0 0 0 0 1 0
6 127 0 1 0 0 0 0 1 0 0 0 0 1 0
6 128 0 1 0 0 0 0 1 0 0 0 0 1 0
6 129 0 1 0 0 0 0 1 0 0 0 0 1 0
6 130 0 1 0 0 0 0 1 0 0 0 0 1 0
6 131 0 1 0 0 0 0 1 0 0 0 0 1 0
6 132 0 1 0 0 0 0 1 0 0 0 0 1 0
6 133 0 1 0 0 0 0 1 0 0 0 0 1 0
6 134 0 1 0 0 0 0 1 0 0 0 0 1 0
6 135 0 1 0 0 0 0 1 0 0 0 0 1 0
6 136 0 1 0 0 0 0 1 0 0 0 0 1 0
6 137 0 1 0 0 0 0 1 0 0 0 0 1 0
6 138 0 1 0 0 0 0 1 0 0 0 0 1 0
6 139 0 1 0 0 0 0 1 0 0 0 0 1 0
6 140 0 1 0 0 0 0 1 0 0 0 0 1 0
6 141 0 1 0 0 0 0 1 0 0 0 0 1 0
6 142 0 1 0 0 0 0 1 0 0 0 0 1 0
6 143 0 1 0 0 0 0 1 0 0 0 0 1 0
6 144 0 1 0 0 0 0 1 0 0 0 0 1 0
6 145 0 1 0 0 0 0 1 0 0 0 0 1 0
6 146 0 1 0 0 0 0 1 0 0 0 0 1 0
6 147 0 1 0 0 0 0 1 0 0 0 0 1 0
6 148 0 1 0 0 0 0 1 0 0 0 0 1 0
6 149 0 1 0 0 0 0 1 0 0 0 0 1 0
6 150 0 1 0 0 0 0 1 0 0 0 0 1 0
6 151 0 1 0 0 0 0 1 0 0 0 0 1 0
6 152 0 1 0 0 0 0 1 0 0 0 0 1 0
6 153 0 1 0 0 0 0 1 0 0 0 0 1 0
6 154 0 1 0 0 0 0 1 0 0 0 0 1 0
6 155 0 1 0 0 0 0 1 0 0 0 0 1 0
6 156 0 1 0 0 0 0 1 0 0 0 0 1 0
6 157 0 1 0 0 0 0 1 0 0 0 0 1 0
6 158 0 1 0 0 0 0 1 0 0 0 0 1 0
6 159 0 1 0 0 0 0 1 0 0 0 0 1 0
6 160 0 1 0 0 0 0 1 0 0 0 0 1 0
