0 1 93 0.988962 0.0942787 -0.114309 0.798151 -0.0901661 0.995097 0.040641 0.139559 0.117581 -0.0298855 0.992614 -0.586071
0 2 29 0.974519 0.219519 -0.0460826 0.249484 -0.217134 0.974774 0.0516554 -0.0810453 0.0562595 -0.0403331 0.997601 -0.964982
0 3 0 1 0 0 0 0 1 0 0 0 0 1 0
0 4 0 1 0 0 0 0 1 0 0 0 0 1 0
0 5 21 -0.443827 -0.388564 -0.807487 0.446469 -0.822271 0.534786 0.194613 -0.232319 0.356213 0.750348 -0.556857 0.864114
0 6 0 1 0 0 0 0 1 0 0 0 0 1 0
0 7 10 0.69105 -0.611453 0.385454 0.224818 0.572994 0.78849 0.223521 0.173484 -0.4406 0.0663984 0.895245 0.958833
0 8 0 1 0 0 0 0 1 0 0 0 0 1 0
0 9 0 1 0 0 0 0 1 0 0 0 0 1 0
0 10 20 0.588209 0.80411 -0.0861233 0.269618 0.756884 -0.509875 0.408844 -0.143918 0.284843 -0.305671 -0.908532 0.952152
0 11 12 -0.299146 0.925494 0.232321 -0.191091 0.93913 0.242451 0.243417 -0.0465883 0.168955 0.290997 -0.941687 0.980466
0 12 0 1 0 0 0 0 1 0 0 0 0 1 0
0 13 0 1 0 0 0 0 1 0 0 0 0 1 0
0 14 0 1 0 0 0 0 1 0 0 0 0 1 0
0 15 0 1 0 0 0 0 1 0 0 0 0 1 0
0 16 0 1 0 0 0 0 1 0 0 0 0 1 0
0 17 15 -0.439526 0.853684 0.279358 -0.0871363 -0.880176 -0.347291 -0.323541 0.0249051 -0.179183 -0.388088 0.904036 0.995885
0 18 24 -0.618533 0.556011 -0.555219 0.126263 0.775909 0.543725 -0.319889 -0.0420413 0.124024 -0.628661 -0.767726 0.991106
0 19 17 0.89428 -0.324481 -0.30818 0.0966239 -0.242314 -0.930075 0.276123 -0.205374 -0.376228 -0.172255 -0.910374 0.973902
0 20 0 1 0 0 0 0 1 0 0 0 0 1 0
0 21 0 1 0 0 0 0 1 0 0 0 0 1 0
0 22 0 1 0 0 0 0 1 0 0 0 0 1 0
0 23 0 1 0 0 0 0 1 0 0 0 0 1 0
0 24 16 0.245525 0.969264 0.0156239 0.482356 -0.951896 0.244111 -0.185211 -0.309247 -0.183333 0.0306018 0.982575 0.819573
0 25 0 1 0 0 0 0 1 0 0 0 0 1 0
0 26 0 1 0 0 0 0 1 0 0 0 0 1 0
0 27 0 1 0 0 0 0 1 0 0 0 0 1 0
0 28 0 1 0 0 0 0 1 0 0 0 0 1 0
0 29 0 1 0 0 0 0 1 0 0 0 0 1 0
0 30 0 1 0 0 0 0 1 0 0 0 0 1 0
0 31 0 1 0 0 0 0 1 0 0 0 0 1 0
0 32 0 1 0 0 0 0 1 0 0 0 0 1 0
0 33 0 1 0 0 0 0 1 0 0 0 0 1 0
0 34 0 1 0 0 0 0 1 0 0 0 0 1 0
0 35 0 1 0 0 0 0 1 0 0 0 0 1 0
0 36 0 1 0 0 0 0 1 0 0 0 0 1 0
0 37 0 1 0 0 0 0 1 0 0 0 0 1 0
0 38 0 1 0 0 0 0 1 0 0 0 0 1 0
0 39 0 1 0 0 0 0 1 0 0 0 0 1 0
0 40 21 -0.401608 -0.497233 -0.769071 0.450262 -0.833547 0.546319 0.0820616 -0.118413 0.379355 0.674014 -0.633873 0.88501
0 41 20 0.831191 -0.359784 0.423883 -0.918051 0.382962 0.923187 0.0326339 0.188896 -0.403064 0.135206 0.905129 -0.348571
0 42 25 0.22346 0.96876 -0.107565 0.0859669 0.887611 -0.156649 0.433137 -0.308373 0.402756 -0.192264 -0.894887 0.947373
0 43 0 1 0 0 0 0 1 0 0 0 0 1 0
0 44 29 -0.878586 -0.117139 -0.462996 0.209698 -0.352249 0.813591 0.462591 -0.275033 0.322502 0.569516 -0.756072 0.938288
0 45 25 0.940257 -0.336314 0.0530086 0.82499 0.335777 0.94175 0.0190134 0.118051 -0.0563154 -7.84457e-05 0.998413 -0.552681
0 46 50 0.809834 -0.254898 0.528389 -0.910074 0.303645 0.952768 -0.00575864 0.00823978 -0.501964 0.165106 0.848983 0.414364
0 47 12 0.941232 -0.325978 0.0884299 0.0999577 0.324589 0.945377 0.0300658 0.123191 -0.0934004 0.000404469 0.995629 0.987336
0 48 11 0.0418557 0.757767 0.651182 0.156993 -0.994721 -0.0295123 0.09828 0.191336 0.0936912 -0.651858 0.752531 0.968888
0 49 14 0.910128 -0.399592 0.109514 0.117808 0.395121 0.916613 0.0608245 0.0159757 -0.124687 -0.0120869 0.992123 0.992908
0 50 14 -0.539898 -0.794649 0.277566 -0.23234 0.839259 -0.533454 0.105218 -0.180561 0.0644568 0.289757 0.954927 0.955728
0 51 29 0.654976 -0.746142 -0.119492 -0.114097 -0.592164 -0.605045 0.532223 -0.370429 -0.469412 -0.277835 -0.838129 0.921826
0 52 0 1 0 0 0 0 1 0 0 0 0 1 0
0 53 0 1 0 0 0 0 1 0 0 0 0 1 0
0 54 11 0.999839 -0.00750788 -0.0163204 0.142004 0.00820784 0.99903 0.0432539 0.175262 0.0159798 -0.0433808 0.998931 -0.974227
0 55 0 1 0 0 0 0 1 0 0 0 0 1 0
0 56 0 1 0 0 0 0 1 0 0 0 0 1 0
0 57 0 1 0 0 0 0 1 0 0 0 0 1 0
0 58 0 1 0 0 0 0 1 0 0 0 0 1 0
0 59 0 1 0 0 0 0 1 0 0 0 0 1 0
0 60 0 1 0 0 0 0 1 0 0 0 0 1 0
0 61 0 1 0 0 0 0 1 0 0 0 0 1 0
0 62 0 1 0 0 0 0 1 0 0 0 0 1 0
0 63 0 1 0 0 0 0 1 0 0 0 0 1 0
0 64 10 -0.0195773 -0.99847 0.0517133 0.194827 0.986272 -0.010804 0.164776 -0.0140905 -0.163965 0.0542292 0.984974 0.980736
0 65 15 0.577374 0.790251 -0.205285 0.287208 -0.75434 0.612505 0.236238 0.00698911 0.312425 0.0184565 0.949763 0.957843
0 66 0 1 0 0 0 0 1 0 0 0 0 1 0
0 67 0 1 0 0 0 0 1 0 0 0 0 1 0
0 68 15 0.884371 0.237815 -0.401661 0.270121 0.172983 -0.96619 -0.191189 0.202835 -0.433548 0.0996015 -0.895609 0.941219
0 69 15 -0.6321 0.651373 0.419718 -0.263798 0.537447 0.758724 -0.368087 0.236306 -0.558212 -0.00709152 -0.829668 0.935185
0 70 0 1 0 0 0 0 1 0 0 0 0 1 0
0 71 0 1 0 0 0 0 1 0 0 0 0 1 0
0 72 0 1 0 0 0 0 1 0 0 0 0 1 0
0 73 17 -0.030208 -0.998541 0.0447662 0.0173563 -0.944897 0.013922 -0.327071 0.192458 0.32597 -0.0521796 -0.943939 0.981152
0 74 10 0.993238 -0.115526 -0.0115332 0.135557 0.114638 0.960163 0.254843 -0.258165 -0.0183672 -0.254442 0.966914 -0.956543
0 75 16 0.864127 -0.489963 0.114984 -0.424125 0.499139 0.863587 -0.0712594 0.229009 -0.064384 0.11897 0.990808 -0.87617
0 76 11 0.743824 -0.668288 0.0108339 -0.00488584 0.667889 0.743803 0.0260936 -0.210698 -0.0254963 -0.0121732 0.999601 0.977539
0 77 0 1 0 0 0 0 1 0 0 0 0 1 0
0 78 15 -0.907865 -0.380919 0.175162 -0.172243 -0.326997 0.904795 0.2728 -0.235438 -0.2624 0.190388 -0.945991 0.956505
0 79 0 1 0 0 0 0 1 0 0 0 0 1 0
0 80 0 1 0 0 0 0 1 0 0 0 0 1 0
0 81 0 1 0 0 0 0 1 0 0 0 0 1 0
0 82 0 1 0 0 0 0 1 0 0 0 0 1 0
0 83 0 1 0 0 0 0 1 0 0 0 0 1 0
0 84 0 1 0 0 0 0 1 0 0 0 0 1 0
0 85 16 -0.539045 -0.842263 -0.00487851 -0.00881039 -0.825424 0.529403 -0.195976 -0.00983702 0.167646 -0.101613 -0.980596 0.999913
0 86 0 1 0 0 0 0 1 0 0 0 0 1 0
0 87 33 0.83263 -0.349932 0.429272 -0.943091 0.30017 0.936516 0.181206 -0.186237 -0.46543 -0.0220234 0.88481 -0.275492
0 88 71 0.934879 -0.227932 0.272117 -0.804315 0.224462 0.973478 0.0442489 0.0595662 -0.274986 0.0197128 0.961246 -0.59121
0 89 114 0.993324 -0.0574285 0.100044 -0.225506 0.064817 0.995279 -0.0722369 0.166272 -0.0954233 0.0782392 0.992357 -0.959948
0 90 87 0.99887 0.0297766 -0.0370549 0.0776855 -0.038552 0.963479 -0.264993 0.274409 0.027811 0.266122 0.963538 -0.95847
0 91 35 0.999232 0.0345135 0.0185721 0.0934824 -0.0215654 0.879842 -0.474776 0.706147 -0.0327268 0.474011 0.879911 -0.701867
0 92 18 0.561227 -0.797427 0.221661 -0.130981 -0.819353 -0.497446 0.28497 -0.33248 -0.116978 -0.341552 -0.932555 0.933971
0 93 18 -0.681013 -0.710143 0.178655 -0.214877 -0.603544 0.682494 0.412233 -0.2626 -0.414675 0.17291 -0.893391 0.940675
0 94 37 0.963505 -0.155366 -0.217991 0.329378 -0.0253456 0.75773 -0.652076 0.940577 0.266489 0.633804 0.726138 -0.08261
0 95 32 0.897077 -0.123729 -0.424199 0.777175 0.0224796 0.971533 -0.235835 0.414997 0.441303 0.202026 0.874321 -0.473051
0 96 31 0.87554 -0.249812 -0.413551 0.784033 0.259286 0.965198 -0.0341007 0.275477 0.407678 -0.0773716 0.909842 -0.556242
0 97 15 0.898632 0.425122 -0.108311 0.144232 -0.427285 0.90411 0.0035583 0.618304 0.0994376 0.043082 0.994111 0.772591
0 98 0 1 0 0 0 0 1 0 0 0 0 1 0
0 99 19 -0.685759 -0.177477 -0.705859 0.40502 -0.274042 0.961406 0.0245074 0.0183106 0.674267 0.210241 -0.707929 0.914124
0 100 0 1 0 0 0 0 1 0 0 0 0 1 0
0 101 0 1 0 0 0 0 1 0 0 0 0 1 0
0 102 0 1 0 0 0 0 1 0 0 0 0 1 0
0 103 0 1 0 0 0 0 1 0 0 0 0 1 0
0 104 15 0.00973043 0.985774 -0.167794 0.100839 0.989466 0.014746 0.144011 -0.144337 0.144436 -0.167428 -0.975247 0.984377
0 105 18 -0.903962 -0.223612 0.364487 0.101955 0.338452 -0.8951 0.29025 -0.123703 0.261349 0.385737 0.884818 0.987068
0 106 32 0.376282 0.899192 -0.223306 0.147407 0.754484 -0.157498 0.63714 -0.362711 0.537741 -0.408225 -0.73769 0.920169
0 107 19 0.324978 -0.943682 -0.0620772 0.333444 0.945344 0.326003 -0.00687378 0.240705 0.026724 -0.0564505 0.998048 -0.911524
0 108 0 1 0 0 0 0 1 0 0 0 0 1 0
0 109 11 0.938637 -0.324547 -0.116749 -0.0111947 0.273107 0.906098 -0.323109 -0.322569 0.21065 0.271397 0.939133 0.94648
0 110 0 1 0 0 0 0 1 0 0 0 0 1 0
0 111 13 -0.468746 0.83899 -0.276356 -0.0384662 0.874652 0.484593 -0.0123793 -0.105359 0.123534 -0.247518 -0.960976 0.99369
0 112 13 -0.574615 -0.708992 -0.408837 -0.0166697 -0.816377 0.531848 0.225094 -0.255475 0.0578488 0.463107 -0.884412 0.966672
0 113 0 1 0 0 0 0 1 0 0 0 0 1 0
0 114 0 1 0 0 0 0 1 0 0 0 0 1 0
0 115 13 -0.813981 0.33776 -0.472602 0.481228 0.188894 0.923269 0.334504 -0.0611256 0.549321 0.183008 -0.815324 0.874461
0 116 24 -0.342781 -0.716569 -0.607479 0.438664 -0.647484 0.648737 -0.399882 0.177768 0.680637 0.256261 -0.686341 0.880893
0 117 0 1 0 0 0 0 1 0 0 0 0 1 0
0 118 0 1 0 0 0 0 1 0 0 0 0 1 0
0 119 0 1 0 0 0 0 1 0 0 0 0 1 0
0 120 11 -0.208774 0.973797 -0.0901866 0.211414 -0.933257 -0.225945 -0.279251 0.386153 -0.292311 0.0258669 0.955973 -0.897881
0 121 0 1 0 0 0 0 1 0 0 0 0 1 0
0 122 16 0.918959 -0.0856591 0.384937 -0.0890661 0.135547 0.985261 -0.104343 -0.0313649 -0.370326 0.148064 0.917025 0.995532
0 123 0 1 0 0 0 0 1 0 0 0 0 1 0
0 124 26 -0.58896 -0.72168 -0.363735 0.3691 0.808053 -0.518462 -0.279728 -0.206733 0.013291 -0.458666 0.88851 0.906105
0 125 10 0.282443 -0.936242 0.208992 0.268374 0.958907 0.26944 -0.08888 -0.162706 0.0269022 0.225508 0.97387 0.949475
0 126 12 0.882606 -0.459389 0.0998439 0.350776 0.470088 0.864651 -0.177188 -0.35953 -0.00493187 0.203323 0.979099 0.864693
0 127 42 0.956364 0.130393 0.261467 -0.502045 0.0118538 0.87684 -0.480637 0.86465 -0.291936 0.462763 0.837033 0.0182061
0 128 23 0.992107 0.0800494 -0.0965198 0.437044 -0.0580118 0.975402 0.212665 -0.495523 0.111169 -0.205387 0.972346 -0.750632
0 129 42 0.960227 0.0448969 0.275586 -0.707144 -0.0587639 0.997377 0.0422647 0.654819 -0.272966 -0.0567783 0.960347 -0.266759
0 130 0 1 0 0 0 0 1 0 0 0 0 1 0
0 131 20 -0.746079 -0.0661986 -0.662558 -0.026526 0.10534 0.97078 -0.215613 0.116425 0.657472 -0.230658 -0.717306 0.992845
0 132 0 1 0 0 0 0 1 0 0 0 0 1 0
0 133 17 0.791697 0.556577 0.251869 -0.272983 -0.592339 0.800241 0.0935303 0.253947 -0.149499 -0.223239 0.963231 -0.927896
0 134 0 1 0 0 0 0 1 0 0 0 0 1 0
0 135 0 1 0 0 0 0 1 0 0 0 0 1 0
0 136 27 -0.698582 0.456168 -0.551265 0.412883 0.383747 0.889112 0.249437 -0.0158752 0.603921 -0.0372939 -0.796171 0.910646
0 137 21 -0.111015 -0.892074 0.438041 -0.210383 -0.590025 -0.295518 -0.751358 0.24704 0.799716 -0.341867 -0.493539 0.945891
0 138 13 0.971872 0.105662 0.210478 -0.10749 0.0663196 -0.980326 0.185908 -0.10019 0.225981 -0.16672 -0.959759 0.989145
0 139 12 0.987855 0.108163 -0.11155 -0.220532 -0.0908933 0.984542 0.14972 0.249877 0.12602 -0.137762 0.982416 0.942829
0 140 93 0.997039 -0.00759988 0.0765215 -0.736565 -0.0117909 0.968228 0.249791 -0.670389 -0.0759886 -0.249954 0.965271 -0.0897257
0 141 120 0.988369 -0.0368384 0.147544 -0.975183 0.0173156 0.991168 0.131478 0.214308 -0.151084 -0.127394 0.980278 -0.0555996
0 142 69 0.901212 -0.0233746 0.432749 -0.835454 0.128852 0.96784 -0.21606 0.482129 -0.413781 0.250476 0.875241 0.263759
0 143 27 0.669003 -0.0984064 0.736716 -0.798969 0.290944 0.946773 -0.137738 0.231082 -0.683949 0.30649 0.662025 0.555203
0 144 19 -0.977213 -0.132515 0.165813 -0.0353639 -0.0607441 0.923101 0.379731 -0.252219 -0.203382 0.361006 -0.910116 0.967024
0 145 17 0.769872 0.621437 0.145305 0.124276 -0.636444 0.764463 0.102642 -0.723943 -0.0472946 -0.171499 0.984048 -0.678574
0 146 12 0.852908 -0.520703 0.0376207 -0.0689485 0.522059 0.850863 -0.059053 -0.357864 -0.001261 0.070007 0.997546 0.931225
0 147 0 1 0 0 0 0 1 0 0 0 0 1 0
0 148 0 1 0 0 0 0 1 0 0 0 0 1 0
0 149 0 1 0 0 0 0 1 0 0 0 0 1 0
0 150 0 1 0 0 0 0 1 0 0 0 0 1 0
0 151 0 1 0 0 0 0 1 0 0 0 0 1 0
0 152 0 1 0 0 0 0 1 0 0 0 0 1 0
0 153 24 -0.835463 -0.463716 0.294904 0.0682612 0.530225 -0.539146 0.654357 -0.737039 -0.14444 0.703057 0.696311 0.672394
0 154 0 1 0 0 0 0 1 0 0 0 0 1 0
0 155 0 1 0 0 0 0 1 0 0 0 0 1 0
0 156 15 -0.204843 0.978153 -0.0354286 -0.0327271 0.96759 0.207826 0.143447 -0.052867 0.147676 -0.00489633 -0.989024 0.998065
0 157 10 0.8522 0.500302 0.153145 0.0685436 -0.518177 0.847557 0.11463 0.240032 -0.0724496 -0.177044 0.981533 0.968342
0 158 0 1 0 0 0 0 1 0 0 0 0 1 0
0 159 25 -0.200914 -0.0832934 0.976061 -0.707214 0.918521 -0.362366 0.158146 -0.0543132 0.340519 0.928306 0.149311 0.70491
0 160 0 1 0 0 0 0 1 0 0 0 0 1 0
1 2 92 0.953373 0.0544967 -0.296833 0.981463 -0.0719509 0.996243 -0.0481889 0.0874904 0.293092 0.0672994 0.953713 -0.170518
1 3 13 0.96605 0.214353 0.144224 0.0440545 -0.21592 0.976399 -0.00488436 0.248959 -0.141867 -0.0264222 0.989533 -0.967512
1 4 0 1 0 0 0 0 1 0 0 0 0 1 0
1 5 0 1 0 0 0 0 1 0 0 0 0 1 0
1 6 0 1 0 0 0 0 1 0 0 0 0 1 0
1 7 0 1 0 0 0 0 1 0 0 0 0 1 0
1 8 0 1 0 0 0 0 1 0 0 0 0 1 0
1 9 0 1 0 0 0 0 1 0 0 0 0 1 0
1 10 0 1 0 0 0 0 1 0 0 0 0 1 0
1 11 0 1 0 0 0 0 1 0 0 0 0 1 0
1 12 0 1 0 0 0 0 1 0 0 0 0 1 0
1 13 0 1 0 0 0 0 1 0 0 0 0 1 0
1 14 0 1 0 0 0 0 1 0 0 0 0 1 0
1 15 0 1 0 0 0 0 1 0 0 0 0 1 0
1 16 0 1 0 0 0 0 1 0 0 0 0 1 0
1 17 0 1 0 0 0 0 1 0 0 0 0 1 0
1 18 0 1 0 0 0 0 1 0 0 0 0 1 0
1 19 0 1 0 0 0 0 1 0 0 0 0 1 0
1 20 0 1 0 0 0 0 1 0 0 0 0 1 0
1 21 0 1 0 0 0 0 1 0 0 0 0 1 0
1 22 0 1 0 0 0 0 1 0 0 0 0 1 0
1 23 0 1 0 0 0 0 1 0 0 0 0 1 0
1 24 0 1 0 0 0 0 1 0 0 0 0 1 0
1 25 0 1 0 0 0 0 1 0 0 0 0 1 0
1 26 0 1 0 0 0 0 1 0 0 0 0 1 0
1 27 0 1 0 0 0 0 1 0 0 0 0 1 0
1 28 0 1 0 0 0 0 1 0 0 0 0 1 0
1 29 0 1 0 0 0 0 1 0 0 0 0 1 0
1 30 0 1 0 0 0 0 1 0 0 0 0 1 0
1 31 0 1 0 0 0 0 1 0 0 0 0 1 0
1 32 0 1 0 0 0 0 1 0 0 0 0 1 0
1 33 0 1 0 0 0 0 1 0 0 0 0 1 0
1 34 0 1 0 0 0 0 1 0 0 0 0 1 0
1 35 0 1 0 0 0 0 1 0 0 0 0 1 0
1 36 0 1 0 0 0 0 1 0 0 0 0 1 0
1 37 0 1 0 0 0 0 1 0 0 0 0 1 0
1 38 0 1 0 0 0 0 1 0 0 0 0 1 0
1 39 0 1 0 0 0 0 1 0 0 0 0 1 0
1 40 0 1 0 0 0 0 1 0 0 0 0 1 0
1 41 0 1 0 0 0 0 1 0 0 0 0 1 0
1 42 0 1 0 0 0 0 1 0 0 0 0 1 0
1 43 0 1 0 0 0 0 1 0 0 0 0 1 0
1 44 0 1 0 0 0 0 1 0 0 0 0 1 0
1 45 11 0.912988 -0.402154 0.0687423 0.452812 0.404542 0.914186 -0.0246967 0.0233742 -0.0529114 0.0503569 0.997329 -0.891299
1 46 19 0.954368 -0.264377 0.138877 -0.594663 0.278014 0.956359 -0.0899219 0.242622 -0.109043 0.124428 0.986219 -0.766492
1 47 13 0.572154 -0.635863 -0.517994 0.330654 -0.625313 -0.746887 0.226147 -0.171608 -0.530682 0.194518 -0.824948 0.928019
1 48 0 1 0 0 0 0 1 0 0 0 0 1 0
1 49 0 1 0 0 0 0 1 0 0 0 0 1 0
1 50 11 0.312361 -0.914443 0.257341 -0.24203 0.940439 0.335931 0.0522008 -0.195766 -0.134183 0.225708 0.96491 0.950314
1 51 0 1 0 0 0 0 1 0 0 0 0 1 0
1 52 10 0.859888 0.171722 -0.480734 0.188886 -0.16197 0.984841 0.0620777 0.181643 0.484106 0.0244848 0.874667 0.965053
1 53 0 1 0 0 0 0 1 0 0 0 0 1 0
1 54 0 1 0 0 0 0 1 0 0 0 0 1 0
1 55 0 1 0 0 0 0 1 0 0 0 0 1 0
1 56 0 1 0 0 0 0 1 0 0 0 0 1 0
1 57 0 1 0 0 0 0 1 0 0 0 0 1 0
1 58 0 1 0 0 0 0 1 0 0 0 0 1 0
1 59 0 1 0 0 0 0 1 0 0 0 0 1 0
1 60 0 1 0 0 0 0 1 0 0 0 0 1 0
1 61 0 1 0 0 0 0 1 0 0 0 0 1 0
1 62 0 1 0 0 0 0 1 0 0 0 0 1 0
1 63 0 1 0 0 0 0 1 0 0 0 0 1 0
1 64 0 1 0 0 0 0 1 0 0 0 0 1 0
1 65 0 1 0 0 0 0 1 0 0 0 0 1 0
1 66 0 1 0 0 0 0 1 0 0 0 0 1 0
1 67 0 1 0 0 0 0 1 0 0 0 0 1 0
1 68 0 1 0 0 0 0 1 0 0 0 0 1 0
1 69 0 1 0 0 0 0 1 0 0 0 0 1 0
1 70 0 1 0 0 0 0 1 0 0 0 0 1 0
1 71 0 1 0 0 0 0 1 0 0 0 0 1 0
1 72 0 1 0 0 0 0 1 0 0 0 0 1 0
1 73 0 1 0 0 0 0 1 0 0 0 0 1 0
1 74 21 0.553832 0.827342 0.0936769 -0.135557 0.752932 -0.449608 -0.480568 0.258165 -0.355476 0.336687 -0.87194 0.956543
1 75 13 0.759635 -0.635468 0.138332 0.05717 0.650139 0.747429 -0.136635 0.0256805 -0.0165665 0.193727 0.980916 0.998034
1 76 0 1 0 0 0 0 1 0 0 0 0 1 0
1 77 0 1 0 0 0 0 1 0 0 0 0 1 0
1 78 0 1 0 0 0 0 1 0 0 0 0 1 0
1 79 12 -0.798996 0.453869 0.394472 0.0284105 0.460863 0.883568 -0.0831408 0.0545528 -0.386278 0.115368 -0.915139 0.998107
1 80 17 0.859761 -0.491443 0.138909 -0.318492 0.509474 0.806552 -0.29985 0.623227 0.0353222 0.32857 0.943819 0.714248
1 81 0 1 0 0 0 0 1 0 0 0 0 1 0
1 82 0 1 0 0 0 0 1 0 0 0 0 1 0
1 83 0 1 0 0 0 0 1 0 0 0 0 1 0
1 84 0 1 0 0 0 0 1 0 0 0 0 1 0
1 85 0 1 0 0 0 0 1 0 0 0 0 1 0
1 86 0 1 0 0 0 0 1 0 0 0 0 1 0
1 87 0 1 0 0 0 0 1 0 0 0 0 1 0
1 88 15 0.966314 -0.254111 0.0407944 -0.108645 0.254415 0.967092 -0.00237784 0.0442458 -0.0388477 0.0126765 0.999165 -0.993095
1 89 31 0.983447 -0.0937641 0.155052 -0.563038 0.10879 0.989851 -0.0914308 -0.0626797 -0.144905 0.106785 0.983666 -0.82405
1 90 52 0.976365 -0.0527793 0.209585 -0.565065 0.108935 0.957714 -0.266302 0.0700039 -0.186668 0.282839 0.940828 -0.822071
1 91 34 0.968971 -0.0840238 0.232456 -0.399172 0.182186 0.878353 -0.441933 0.583138 -0.167045 0.470571 0.866406 -0.707539
1 92 22 0.888422 -0.02959 0.458072 -0.867167 0.0988108 0.986853 -0.127894 -0.0414864 -0.448265 0.158887 0.879666 -0.496287
1 93 18 0.931907 -0.36162 0.0279221 -0.134599 0.362641 0.927645 -0.0892538 -0.0513675 0.00637415 0.093302 0.995617 -0.989568
1 94 52 0.978148 -0.207175 0.0174376 0.0246828 0.188501 0.848338 -0.494762 0.929716 0.0877093 0.487238 0.868854 -0.367449
1 95 65 0.961839 -0.210856 -0.174373 0.538708 0.156019 0.946182 -0.283546 0.568986 0.224776 0.24552 0.942972 -0.621328
1 96 29 0.950217 -0.0848718 -0.299807 0.688893 0.0917042 0.995748 0.00876571 -0.0536114 0.297788 -0.0358229 0.95396 -0.722877
1 97 0 1 0 0 0 0 1 0 0 0 0 1 0
1 98 0 1 0 0 0 0 1 0 0 0 0 1 0
1 99 0 1 0 0 0 0 1 0 0 0 0 1 0
1 100 0 1 0 0 0 0 1 0 0 0 0 1 0
1 101 0 1 0 0 0 0 1 0 0 0 0 1 0
1 102 0 1 0 0 0 0 1 0 0 0 0 1 0
1 103 0 1 0 0 0 0 1 0 0 0 0 1 0
1 104 0 1 0 0 0 0 1 0 0 0 0 1 0
1 105 13 0.188887 -0.853399 0.485831 0.291503 -0.733694 -0.451477 -0.5078 -0.0286687 0.652698 -0.260535 -0.711412 0.95614
1 106 17 -0.848078 -0.374753 0.374598 -0.390507 -0.508682 0.773741 -0.377581 0.0118728 -0.148342 -0.510769 -0.846823 0.920523
1 107 0 1 0 0 0 0 1 0 0 0 0 1 0
1 108 10 -0.75632 0.654196 -0.00274494 0.114353 -0.651253 -0.753302 -0.0916784 0.318678 -0.0620434 -0.0675505 0.995785 -0.94094
1 109 0 1 0 0 0 0 1 0 0 0 0 1 0
1 110 0 1 0 0 0 0 1 0 0 0 0 1 0
1 111 0 1 0 0 0 0 1 0 0 0 0 1 0
1 112 0 1 0 0 0 0 1 0 0 0 0 1 0
1 113 0 1 0 0 0 0 1 0 0 0 0 1 0
1 114 0 1 0 0 0 0 1 0 0 0 0 1 0
1 115 0 1 0 0 0 0 1 0 0 0 0 1 0
1 116 0 1 0 0 0 0 1 0 0 0 0 1 0
1 117 0 1 0 0 0 0 1 0 0 0 0 1 0
1 118 0 1 0 0 0 0 1 0 0 0 0 1 0
1 119 0 1 0 0 0 0 1 0 0 0 0 1 0
1 120 0 1 0 0 0 0 1 0 0 0 0 1 0
1 121 0 1 0 0 0 0 1 0 0 0 0 1 0
1 122 0 1 0 0 0 0 1 0 0 0 0 1 0
1 123 0 1 0 0 0 0 1 0 0 0 0 1 0
1 124 12 -0.681412 -0.731363 0.0280316 0.0437802 0.692445 -0.656611 -0.298969 -0.225432 0.23706 -0.184311 0.953851 0.973275
1 125 0 1 0 0 0 0 1 0 0 0 0 1 0
1 126 17 0.731146 -0.498257 -0.46601 0.350776 -0.164052 -0.791442 0.588818 -0.35953 -0.662203 -0.354062 -0.6604 0.864693
1 127 0 1 0 0 0 0 1 0 0 0 0 1 0
1 128 14 0.995125 0.0985254 -0.00439043 -0.617264 -0.0980921 0.993398 0.0594759 0.340741 0.0102213 -0.0587552 0.99822 -0.709141
1 129 0 1 0 0 0 0 1 0 0 0 0 1 0
1 130 0 1 0 0 0 0 1 0 0 0 0 1 0
1 131 0 1 0 0 0 0 1 0 0 0 0 1 0
1 132 0 1 0 0 0 0 1 0 0 0 0 1 0
1 133 0 1 0 0 0 0 1 0 0 0 0 1 0
1 134 0 1 0 0 0 0 1 0 0 0 0 1 0
1 135 0 1 0 0 0 0 1 0 0 0 0 1 0
1 136 0 1 0 0 0 0 1 0 0 0 0 1 0
1 137 0 1 0 0 0 0 1 0 0 0 0 1 0
1 138 13 0.975575 -0.219663 -0.00120197 -0.255121 -0.204801 -0.907562 -0.366589 0.158115 0.0794352 0.357882 -0.930382 0.953894
1 139 0 1 0 0 0 0 1 0 0 0 0 1 0
1 140 21 0.931411 -0.0641999 0.358263 -0.858211 -0.0274915 0.9691 0.245132 -0.400288 -0.36293 -0.238168 0.900865 0.321314
1 141 43 0.916295 -0.113275 0.384151 -0.950142 0.0705225 0.989816 0.123654 0.0289629 -0.394246 -0.0862125 0.914952 0.310471
1 142 13 0.974143 -0.217164 0.0623286 -0.216533 0.219362 0.975157 -0.0308226 -0.120974 -0.0540866 0.0436981 0.99758 -0.968751
1 143 0 1 0 0 0 0 1 0 0 0 0 1 0
1 144 0 1 0 0 0 0 1 0 0 0 0 1 0
1 145 0 1 0 0 0 0 1 0 0 0 0 1 0
1 146 12 -0.412434 0.810422 0.416069 -0.0265129 -0.867288 -0.489064 0.092891 -0.128593 0.278765 -0.322541 0.904576 0.991343
1 147 0 1 0 0 0 0 1 0 0 0 0 1 0
1 148 0 1 0 0 0 0 1 0 0 0 0 1 0
1 149 0 1 0 0 0 0 1 0 0 0 0 1 0
1 150 0 1 0 0 0 0 1 0 0 0 0 1 0
1 151 0 1 0 0 0 0 1 0 0 0 0 1 0
1 152 0 1 0 0 0 0 1 0 0 0 0 1 0
1 153 0 1 0 0 0 0 1 0 0 0 0 1 0
1 154 0 1 0 0 0 0 1 0 0 0 0 1 0
1 155 0 1 0 0 0 0 1 0 0 0 0 1 0
1 156 0 1 0 0 0 0 1 0 0 0 0 1 0
1 157 0 1 0 0 0 0 1 0 0 0 0 1 0
1 158 0 1 0 0 0 0 1 0 0 0 0 1 0
1 159 0 1 0 0 0 0 1 0 0 0 0 1 0
1 160 0 1 0 0 0 0 1 0 0 0 0 1 0
2 3 78 0.976499 0.0722208 -0.20306 0.985733 -0.0671382 0.997236 0.0318175 0.00819545 0.204796 -0.0174367 0.978649 0.168115
2 4 0 1 0 0 0 0 1 0 0 0 0 1 0
2 5 0 1 0 0 0 0 1 0 0 0 0 1 0
2 6 0 1 0 0 0 0 1 0 0 0 0 1 0
2 7 0 1 0 0 0 0 1 0 0 0 0 1 0
2 8 0 1 0 0 0 0 1 0 0 0 0 1 0
2 9 0 1 0 0 0 0 1 0 0 0 0 1 0
2 10 0 1 0 0 0 0 1 0 0 0 0 1 0
2 11 0 1 0 0 0 0 1 0 0 0 0 1 0
2 12 0 1 0 0 0 0 1 0 0 0 0 1 0
2 13 0 1 0 0 0 0 1 0 0 0 0 1 0
2 14 0 1 0 0 0 0 1 0 0 0 0 1 0
2 15 0 1 0 0 0 0 1 0 0 0 0 1 0
2 16 0 1 0 0 0 0 1 0 0 0 0 1 0
2 17 0 1 0 0 0 0 1 0 0 0 0 1 0
2 18 0 1 0 0 0 0 1 0 0 0 0 1 0
2 19 0 1 0 0 0 0 1 0 0 0 0 1 0
2 20 0 1 0 0 0 0 1 0 0 0 0 1 0
2 21 0 1 0 0 0 0 1 0 0 0 0 1 0
2 22 0 1 0 0 0 0 1 0 0 0 0 1 0
2 23 0 1 0 0 0 0 1 0 0 0 0 1 0
2 24 0 1 0 0 0 0 1 0 0 0 0 1 0
2 25 0 1 0 0 0 0 1 0 0 0 0 1 0
2 26 0 1 0 0 0 0 1 0 0 0 0 1 0
2 27 0 1 0 0 0 0 1 0 0 0 0 1 0
2 28 0 1 0 0 0 0 1 0 0 0 0 1 0
2 29 0 1 0 0 0 0 1 0 0 0 0 1 0
2 30 0 1 0 0 0 0 1 0 0 0 0 1 0
2 31 0 1 0 0 0 0 1 0 0 0 0 1 0
2 32 0 1 0 0 0 0 1 0 0 0 0 1 0
2 33 0 1 0 0 0 0 1 0 0 0 0 1 0
2 34 0 1 0 0 0 0 1 0 0 0 0 1 0
2 35 0 1 0 0 0 0 1 0 0 0 0 1 0
2 36 0 1 0 0 0 0 1 0 0 0 0 1 0
2 37 0 1 0 0 0 0 1 0 0 0 0 1 0
2 38 0 1 0 0 0 0 1 0 0 0 0 1 0
2 39 0 1 0 0 0 0 1 0 0 0 0 1 0
2 40 0 1 0 0 0 0 1 0 0 0 0 1 0
2 41 0 1 0 0 0 0 1 0 0 0 0 1 0
2 42 0 1 0 0 0 0 1 0 0 0 0 1 0
2 43 0 1 0 0 0 0 1 0 0 0 0 1 0
2 44 0 1 0 0 0 0 1 0 0 0 0 1 0
2 45 0 1 0 0 0 0 1 0 0 0 0 1 0
2 46 0 1 0 0 0 0 1 0 0 0 0 1 0
2 47 0 1 0 0 0 0 1 0 0 0 0 1 0
2 48 0 1 0 0 0 0 1 0 0 0 0 1 0
2 49 0 1 0 0 0 0 1 0 0 0 0 1 0
2 50 0 1 0 0 0 0 1 0 0 0 0 1 0
2 51 0 1 0 0 0 0 1 0 0 0 0 1 0
2 52 11 -0.742338 -0.668604 -0.0436093 0.188886 -0.643376 0.729475 -0.232235 0.181643 0.187085 -0.14434 -0.971682 0.965053
2 53 0 1 0 0 0 0 1 0 0 0 0 1 0
2 54 25 -0.904323 -0.0570713 -0.423017 0.215768 -0.400621 0.455515 0.79499 -0.330498 0.147319 0.888397 -0.434796 0.918812
2 55 0 1 0 0 0 0 1 0 0 0 0 1 0
2 56 0 1 0 0 0 0 1 0 0 0 0 1 0
2 57 0 1 0 0 0 0 1 0 0 0 0 1 0
2 58 0 1 0 0 0 0 1 0 0 0 0 1 0
2 59 0 1 0 0 0 0 1 0 0 0 0 1 0
2 60 10 0.599282 0.789864 0.130294 0.191215 -0.799255 0.599556 0.0415326 -0.140966 -0.0453137 -0.129028 0.990605 0.971373
2 61 0 1 0 0 0 0 1 0 0 0 0 1 0
2 62 0 1 0 0 0 0 1 0 0 0 0 1 0
2 63 0 1 0 0 0 0 1 0 0 0 0 1 0
2 64 0 1 0 0 0 0 1 0 0 0 0 1 0
2 65 0 1 0 0 0 0 1 0 0 0 0 1 0
2 66 0 1 0 0 0 0 1 0 0 0 0 1 0
2 67 0 1 0 0 0 0 1 0 0 0 0 1 0
2 68 31 0.976827 -0.187231 0.103696 0.0466966 0.144221 0.933793 0.327462 -0.642406 -0.158141 -0.304919 0.939157 0.764941
2 69 22 -0.993587 -0.104729 -0.0426279 -0.247545 -0.0828258 0.930753 -0.356145 0.228816 0.0769746 -0.350331 -0.933458 0.941469
2 70 0 1 0 0 0 0 1 0 0 0 0 1 0
2 71 21 -0.401335 -0.385179 -0.831004 0.251533 -0.767047 0.637179 0.0751078 -0.0966882 0.500568 0.667563 -0.551173 0.963007
2 72 0 1 0 0 0 0 1 0 0 0 0 1 0
2 73 0 1 0 0 0 0 1 0 0 0 0 1 0
2 74 21 -0.935348 0.114779 0.334589 -0.170354 0.187145 0.96324 0.192731 -0.119758 -0.300168 0.242887 -0.922445 0.978078
2 75 0 1 0 0 0 0 1 0 0 0 0 1 0
2 76 0 1 0 0 0 0 1 0 0 0 0 1 0
2 77 0 1 0 0 0 0 1 0 0 0 0 1 0
2 78 0 1 0 0 0 0 1 0 0 0 0 1 0
2 79 0 1 0 0 0 0 1 0 0 0 0 1 0
2 80 0 1 0 0 0 0 1 0 0 0 0 1 0
2 81 0 1 0 0 0 0 1 0 0 0 0 1 0
2 82 0 1 0 0 0 0 1 0 0 0 0 1 0
2 83 0 1 0 0 0 0 1 0 0 0 0 1 0
2 84 0 1 0 0 0 0 1 0 0 0 0 1 0
2 85 0 1 0 0 0 0 1 0 0 0 0 1 0
2 86 0 1 0 0 0 0 1 0 0 0 0 1 0
2 87 0 1 0 0 0 0 1 0 0 0 0 1 0
2 88 0 1 0 0 0 0 1 0 0 0 0 1 0
2 89 17 -0.15816 0.987253 -0.0178186 -0.230693 -0.526694 -0.0996144 -0.844198 -0.0405323 -0.835212 -0.124134 0.535735 0.972182
2 90 30 0.837899 -0.0868666 0.538869 -0.98284 0.266408 0.926759 -0.264847 0.0384093 -0.476396 0.365474 0.799672 -0.180417
2 91 14 0.998997 -0.0447745 0.00108216 0.242532 0.0428478 0.948416 -0.314118 0.240399 0.0130382 0.31385 0.949383 -0.939886
2 92 21 0.997826 -0.0119253 0.0648214 0.233812 0.0240954 0.981419 -0.190358 0.150183 -0.0613469 0.191506 0.979572 -0.960613
2 93 22 0.998058 -0.057503 -0.0239657 0.338935 0.0538259 0.989656 -0.132977 0.119177 0.0313644 0.131429 0.990829 -0.933231
2 94 74 0.927154 -0.265486 0.264392 -0.583164 0.341179 0.889867 -0.302877 0.704452 -0.154864 0.371018 0.915621 -0.404559
2 95 166 0.960209 -0.263371 0.0929256 -0.238221 0.274759 0.95048 -0.145242 0.429548 -0.0500716 0.164994 0.985023 -0.871056
2 96 131 0.947733 -0.196799 -0.251144 0.725309 0.207281 0.978155 0.0157149 0.00445607 0.242565 -0.0669507 0.967822 -0.688409
2 97 42 0.963999 0.0594928 -0.259165 0.756378 -0.0422444 0.996536 0.0716271 -0.402929 0.262528 -0.0581002 0.963174 -0.515306
2 98 0 1 0 0 0 0 1 0 0 0 0 1 0
2 99 13 -0.901427 -0.378815 -0.209591 -0.10959 -0.337877 0.918259 -0.206491 -0.0176245 0.270681 -0.11532 -0.955737 0.993821
2 100 0 1 0 0 0 0 1 0 0 0 0 1 0
2 101 0 1 0 0 0 0 1 0 0 0 0 1 0
2 102 0 1 0 0 0 0 1 0 0 0 0 1 0
2 103 0 1 0 0 0 0 1 0 0 0 0 1 0
2 104 0 1 0 0 0 0 1 0 0 0 0 1 0
2 105 0 1 0 0 0 0 1 0 0 0 0 1 0
2 106 27 0.258426 -0.779934 0.570016 -0.390507 -0.814207 -0.493404 -0.305974 0.0118728 0.519888 -0.38504 -0.762536 0.920523
2 107 0 1 0 0 0 0 1 0 0 0 0 1 0
2 108 0 1 0 0 0 0 1 0 0 0 0 1 0
2 109 12 -0.980659 -0.0363249 0.192323 -0.0111947 -0.0576551 -0.885412 -0.461217 -0.322569 0.187038 -0.463385 0.866193 0.94648
2 110 0 1 0 0 0 0 1 0 0 0 0 1 0
2 111 0 1 0 0 0 0 1 0 0 0 0 1 0
2 112 0 1 0 0 0 0 1 0 0 0 0 1 0
2 113 0 1 0 0 0 0 1 0 0 0 0 1 0
2 114 0 1 0 0 0 0 1 0 0 0 0 1 0
2 115 0 1 0 0 0 0 1 0 0 0 0 1 0
2 116 0 1 0 0 0 0 1 0 0 0 0 1 0
2 117 0 1 0 0 0 0 1 0 0 0 0 1 0
2 118 0 1 0 0 0 0 1 0 0 0 0 1 0
2 119 0 1 0 0 0 0 1 0 0 0 0 1 0
2 120 0 1 0 0 0 0 1 0 0 0 0 1 0
2 121 0 1 0 0 0 0 1 0 0 0 0 1 0
2 122 0 1 0 0 0 0 1 0 0 0 0 1 0
2 123 0 1 0 0 0 0 1 0 0 0 0 1 0
2 124 0 1 0 0 0 0 1 0 0 0 0 1 0
2 125 0 1 0 0 0 0 1 0 0 0 0 1 0
2 126 13 -0.755393 0.551704 0.353559 -0.350776 -0.615202 -0.782895 -0.09275 0.35953 0.225629 -0.287573 0.930802 -0.864693
2 127 15 0.298189 0.929753 0.215969 -0.139653 0.940066 -0.246852 -0.235246 0.0119684 -0.165408 0.273173 -0.947637 0.990128
2 128 0 1 0 0 0 0 1 0 0 0 0 1 0
2 129 0 1 0 0 0 0 1 0 0 0 0 1 0
2 130 0 1 0 0 0 0 1 0 0 0 0 1 0
2 131 0 1 0 0 0 0 1 0 0 0 0 1 0
2 132 0 1 0 0 0 0 1 0 0 0 0 1 0
2 133 0 1 0 0 0 0 1 0 0 0 0 1 0
2 134 0 1 0 0 0 0 1 0 0 0 0 1 0
2 135 0 1 0 0 0 0 1 0 0 0 0 1 0
2 136 0 1 0 0 0 0 1 0 0 0 0 1 0
2 137 0 1 0 0 0 0 1 0 0 0 0 1 0
2 138 0 1 0 0 0 0 1 0 0 0 0 1 0
2 139 0 1 0 0 0 0 1 0 0 0 0 1 0
2 140 0 1 0 0 0 0 1 0 0 0 0 1 0
2 141 0 1 0 0 0 0 1 0 0 0 0 1 0
2 142 0 1 0 0 0 0 1 0 0 0 0 1 0
2 143 0 1 0 0 0 0 1 0 0 0 0 1 0
2 144 0 1 0 0 0 0 1 0 0 0 0 1 0
2 145 0 1 0 0 0 0 1 0 0 0 0 1 0
2 146 10 0.954653 -0.20891 0.212118 0.0689485 0.22644 0.972066 -0.061747 0.357864 -0.193293 0.106979 0.975291 -0.931225
2 147 0 1 0 0 0 0 1 0 0 0 0 1 0
2 148 0 1 0 0 0 0 1 0 0 0 0 1 0
2 149 0 1 0 0 0 0 1 0 0 0 0 1 0
2 150 0 1 0 0 0 0 1 0 0 0 0 1 0
2 151 0 1 0 0 0 0 1 0 0 0 0 1 0
2 152 0 1 0 0 0 0 1 0 0 0 0 1 0
2 153 0 1 0 0 0 0 1 0 0 0 0 1 0
2 154 16 -0.288041 0.407262 0.866701 0.0698863 -0.0547291 0.896578 -0.439491 0.166663 -0.956053 -0.174025 -0.235962 0.983534
2 155 0 1 0 0 0 0 1 0 0 0 0 1 0
2 156 0 1 0 0 0 0 1 0 0 0 0 1 0
2 157 0 1 0 0 0 0 1 0 0 0 0 1 0
2 158 0 1 0 0 0 0 1 0 0 0 0 1 0
2 159 0 1 0 0 0 0 1 0 0 0 0 1 0
2 160 0 1 0 0 0 0 1 0 0 0 0 1 0
3 4 51 0.976245 0.142578 -0.163146 0.989559 -0.135524 0.989321 0.0536391 0.0911722 0.169051 -0.0302547 0.985143 0.11163
3 5 21 0.941835 0.31857 0.107052 0.0432093 -0.331462 0.933119 0.139361 -0.342114 -0.0554961 -0.166738 0.984438 0.938665
3 6 20 0.582437 -0.765126 0.274497 0.0282509 -0.791999 -0.458106 0.40358 -0.141963 -0.183041 -0.452461 -0.872797 0.989469
3 7 19 0.0384101 0.890303 -0.453745 0.1462 -0.943562 -0.117171 -0.309777 0.0501042 -0.328961 0.440035 0.835556 0.987985
3 8 0 1 0 0 0 0 1 0 0 0 0 1 0
3 9 0 1 0 0 0 0 1 0 0 0 0 1 0
3 10 0 1 0 0 0 0 1 0 0 0 0 1 0
3 11 0 1 0 0 0 0 1 0 0 0 0 1 0
3 12 0 1 0 0 0 0 1 0 0 0 0 1 0
3 13 0 1 0 0 0 0 1 0 0 0 0 1 0
3 14 0 1 0 0 0 0 1 0 0 0 0 1 0
3 15 0 1 0 0 0 0 1 0 0 0 0 1 0
3 16 0 1 0 0 0 0 1 0 0 0 0 1 0
3 17 0 1 0 0 0 0 1 0 0 0 0 1 0
3 18 0 1 0 0 0 0 1 0 0 0 0 1 0
3 19 0 1 0 0 0 0 1 0 0 0 0 1 0
3 20 0 1 0 0 0 0 1 0 0 0 0 1 0
3 21 0 1 0 0 0 0 1 0 0 0 0 1 0
3 22 0 1 0 0 0 0 1 0 0 0 0 1 0
3 23 0 1 0 0 0 0 1 0 0 0 0 1 0
3 24 0 1 0 0 0 0 1 0 0 0 0 1 0
3 25 0 1 0 0 0 0 1 0 0 0 0 1 0
3 26 0 1 0 0 0 0 1 0 0 0 0 1 0
3 27 0 1 0 0 0 0 1 0 0 0 0 1 0
3 28 0 1 0 0 0 0 1 0 0 0 0 1 0
3 29 0 1 0 0 0 0 1 0 0 0 0 1 0
3 30 0 1 0 0 0 0 1 0 0 0 0 1 0
3 31 0 1 0 0 0 0 1 0 0 0 0 1 0
3 32 15 0.598533 -0.783902 -0.165093 -0.0992167 -0.797734 -0.56436 -0.212411 -0.0219151 0.0733378 0.258835 -0.963133 0.994824
3 33 0 1 0 0 0 0 1 0 0 0 0 1 0
3 34 0 1 0 0 0 0 1 0 0 0 0 1 0
3 35 0 1 0 0 0 0 1 0 0 0 0 1 0
3 36 0 1 0 0 0 0 1 0 0 0 0 1 0
3 37 0 1 0 0 0 0 1 0 0 0 0 1 0
3 38 0 1 0 0 0 0 1 0 0 0 0 1 0
3 39 0 1 0 0 0 0 1 0 0 0 0 1 0
3 40 0 1 0 0 0 0 1 0 0 0 0 1 0
3 41 0 1 0 0 0 0 1 0 0 0 0 1 0
3 42 0 1 0 0 0 0 1 0 0 0 0 1 0
3 43 0 1 0 0 0 0 1 0 0 0 0 1 0
3 44 0 1 0 0 0 0 1 0 0 0 0 1 0
3 45 17 -0.358489 0.932571 0.0423969 0.102723 0.917972 0.360407 -0.165634 0.246377 -0.169745 -0.0204587 -0.985276 0.963715
3 46 0 1 0 0 0 0 1 0 0 0 0 1 0
3 47 0 1 0 0 0 0 1 0 0 0 0 1 0
3 48 0 1 0 0 0 0 1 0 0 0 0 1 0
3 49 0 1 0 0 0 0 1 0 0 0 0 1 0
3 50 0 1 0 0 0 0 1 0 0 0 0 1 0
3 51 0 1 0 0 0 0 1 0 0 0 0 1 0
3 52 0 1 0 0 0 0 1 0 0 0 0 1 0
3 53 14 -0.523789 0.703567 0.480249 -0.146827 0.815786 0.576599 0.045026 -0.0349076 -0.245232 0.415364 -0.875976 0.988546
3 54 0 1 0 0 0 0 1 0 0 0 0 1 0
3 55 0 1 0 0 0 0 1 0 0 0 0 1 0
3 56 0 1 0 0 0 0 1 0 0 0 0 1 0
3 57 0 1 0 0 0 0 1 0 0 0 0 1 0
3 58 0 1 0 0 0 0 1 0 0 0 0 1 0
3 59 0 1 0 0 0 0 1 0 0 0 0 1 0
3 60 0 1 0 0 0 0 1 0 0 0 0 1 0
3 61 0 1 0 0 0 0 1 0 0 0 0 1 0
3 62 0 1 0 0 0 0 1 0 0 0 0 1 0
3 63 0 1 0 0 0 0 1 0 0 0 0 1 0
3 64 0 1 0 0 0 0 1 0 0 0 0 1 0
3 65 19 -0.420842 -0.880941 0.216416 -0.10081 -0.835542 0.283541 -0.470611 0.360188 0.353218 -0.378877 -0.855389 0.927417
3 66 19 -0.269343 -0.962676 0.0266459 -0.167287 -0.958182 0.265104 -0.107734 0.21045 0.0966491 -0.0545491 -0.993823 0.963185
3 67 24 -0.915937 0.0744554 -0.394354 0.241872 0.183666 0.951464 -0.246947 0.302922 0.356827 -0.298618 -0.885156 0.921811
3 68 15 0.985868 -0.0723326 0.151104 -0.113999 -0.0956544 -0.983543 0.153274 0.111135 0.137531 -0.165562 -0.976563 0.987245
3 69 0 1 0 0 0 0 1 0 0 0 0 1 0
3 70 14 0.877831 -0.451735 -0.159213 0.161214 -0.475655 -0.783142 -0.400551 0.270071 0.0562568 0.427347 -0.902336 0.949248
3 71 17 0.570088 0.606358 -0.554374 -0.166024 0.821469 -0.431971 0.372276 -0.0263138 -0.013741 -0.667631 -0.744366 0.985771
3 72 0 1 0 0 0 0 1 0 0 0 0 1 0
3 73 0 1 0 0 0 0 1 0 0 0 0 1 0
3 74 0 1 0 0 0 0 1 0 0 0 0 1 0
3 75 0 1 0 0 0 0 1 0 0 0 0 1 0
3 76 0 1 0 0 0 0 1 0 0 0 0 1 0
3 77 17 -0.0456571 -0.719163 0.69334 -0.449315 -0.708404 0.512668 0.485113 -0.255343 -0.704328 -0.469016 -0.532865 0.856105
3 78 16 -0.603323 -0.794298 -0.0713519 0.0575086 -0.769093 0.603167 -0.21139 0.0960619 0.210944 -0.0726604 -0.974794 0.993713
3 79 0 1 0 0 0 0 1 0 0 0 0 1 0
3 80 0 1 0 0 0 0 1 0 0 0 0 1 0
3 81 0 1 0 0 0 0 1 0 0 0 0 1 0
3 82 0 1 0 0 0 0 1 0 0 0 0 1 0
3 83 0 1 0 0 0 0 1 0 0 0 0 1 0
3 84 0 1 0 0 0 0 1 0 0 0 0 1 0
3 85 0 1 0 0 0 0 1 0 0 0 0 1 0
3 86 0 1 0 0 0 0 1 0 0 0 0 1 0
3 87 0 1 0 0 0 0 1 0 0 0 0 1 0
3 88 0 1 0 0 0 0 1 0 0 0 0 1 0
3 89 0 1 0 0 0 0 1 0 0 0 0 1 0
3 90 0 1 0 0 0 0 1 0 0 0 0 1 0
3 91 10 -0.642196 -0.765595 -0.0380754 -0.194915 0.764344 -0.635806 -0.107374 7.54035e-05 0.0579961 -0.0980575 0.993489 -0.98082
3 92 22 0.742663 0.0397155 -0.668486 0.664425 0.396414 0.778477 0.486651 -0.729786 0.539729 -0.626415 0.562403 0.161096
3 93 0 1 0 0 0 0 1 0 0 0 0 1 0
3 94 24 0.851949 -0.427825 -0.301909 0.632401 0.443 0.896298 -0.0200234 -0.285435 0.279167 -0.116687 0.953126 -0.720136
3 95 70 0.911946 -0.333347 0.239236 -0.862811 0.36845 0.921873 -0.119979 -0.0165057 -0.180551 0.197561 0.96352 -0.505258
3 96 87 0.957066 -0.265036 -0.117387 -0.30722 0.26792 0.963397 0.0092197 -0.263392 0.110646 -0.0402741 0.993043 -0.914462
3 97 62 0.967599 -0.0324218 -0.250402 0.232107 0.0477452 0.997324 0.0553635 -0.528027 0.247937 -0.0655251 0.966558 -0.816893
3 98 21 0.257899 0.862728 -0.434957 0.167448 0.651488 0.177162 0.737684 -0.561647 0.713479 -0.473617 -0.516367 0.810255
3 99 23 -0.374856 0.671696 -0.63899 0.368392 0.769877 0.609535 0.189093 -0.200327 0.5165 -0.421061 -0.745611 0.907831
3 100 0 1 0 0 0 0 1 0 0 0 0 1 0
3 101 0 1 0 0 0 0 1 0 0 0 0 1 0
3 102 0 1 0 0 0 0 1 0 0 0 0 1 0
3 103 0 1 0 0 0 0 1 0 0 0 0 1 0
3 104 0 1 0 0 0 0 1 0 0 0 0 1 0
3 105 0 1 0 0 0 0 1 0 0 0 0 1 0
3 106 0 1 0 0 0 0 1 0 0 0 0 1 0
3 107 0 1 0 0 0 0 1 0 0 0 0 1 0
3 108 0 1 0 0 0 0 1 0 0 0 0 1 0
3 109 0 1 0 0 0 0 1 0 0 0 0 1 0
3 110 0 1 0 0 0 0 1 0 0 0 0 1 0
3 111 0 1 0 0 0 0 1 0 0 0 0 1 0
3 112 0 1 0 0 0 0 1 0 0 0 0 1 0
3 113 20 -0.773567 -0.397779 -0.493322 0.35925 -0.507712 0.854879 0.106819 -0.0606607 0.37924 0.333097 -0.863263 0.931268
3 114 0 1 0 0 0 0 1 0 0 0 0 1 0
3 115 0 1 0 0 0 0 1 0 0 0 0 1 0
3 116 0 1 0 0 0 0 1 0 0 0 0 1 0
3 117 0 1 0 0 0 0 1 0 0 0 0 1 0
3 118 0 1 0 0 0 0 1 0 0 0 0 1 0
3 119 0 1 0 0 0 0 1 0 0 0 0 1 0
3 120 0 1 0 0 0 0 1 0 0 0 0 1 0
3 121 0 1 0 0 0 0 1 0 0 0 0 1 0
3 122 13 0.840269 -0.506981 0.192141 -0.0215068 0.5193 0.854433 -0.0165042 -0.0143404 -0.155804 0.113647 0.981229 0.999666
3 123 0 1 0 0 0 0 1 0 0 0 0 1 0
3 124 0 1 0 0 0 0 1 0 0 0 0 1 0
3 125 0 1 0 0 0 0 1 0 0 0 0 1 0
3 126 18 -0.358336 0.922158 -0.145674 0.350776 -0.851395 -0.258764 0.456254 -0.35953 0.383043 0.287518 0.877845 0.864693
3 127 16 -0.972649 -0.038272 -0.229104 0.393844 0.0196748 0.969213 -0.245436 0.155569 0.231444 -0.243231 -0.941951 0.905917
3 128 0 1 0 0 0 0 1 0 0 0 0 1 0
3 129 0 1 0 0 0 0 1 0 0 0 0 1 0
3 130 0 1 0 0 0 0 1 0 0 0 0 1 0
3 131 0 1 0 0 0 0 1 0 0 0 0 1 0
3 132 0 1 0 0 0 0 1 0 0 0 0 1 0
3 133 12 -0.325914 -0.901703 0.284098 -0.414089 -0.929375 0.360675 0.0785821 -0.0672427 -0.173325 -0.238423 -0.95557 0.907749
3 134 0 1 0 0 0 0 1 0 0 0 0 1 0
3 135 21 0.225144 -0.804949 0.548969 -0.438614 -0.92027 -0.360748 -0.151538 0.108062 0.32002 -0.471082 -0.821991 0.892155
3 136 0 1 0 0 0 0 1 0 0 0 0 1 0
3 137 0 1 0 0 0 0 1 0 0 0 0 1 0
3 138 0 1 0 0 0 0 1 0 0 0 0 1 0
3 139 0 1 0 0 0 0 1 0 0 0 0 1 0
3 140 0 1 0 0 0 0 1 0 0 0 0 1 0
3 141 0 1 0 0 0 0 1 0 0 0 0 1 0
3 142 0 1 0 0 0 0 1 0 0 0 0 1 0
3 143 0 1 0 0 0 0 1 0 0 0 0 1 0
3 144 0 1 0 0 0 0 1 0 0 0 0 1 0
3 145 0 1 0 0 0 0 1 0 0 0 0 1 0
3 146 17 0.32435 0.789292 -0.521359 -0.0689485 0.450166 0.355948 0.818933 -0.357864 0.831954 -0.500319 -0.239861 0.931225
3 147 0 1 0 0 0 0 1 0 0 0 0 1 0
3 148 10 0.361112 0.860277 0.35989 -0.270783 -0.86645 0.452216 -0.211578 0.228229 -0.344764 -0.235423 0.908688 -0.935194
3 149 0 1 0 0 0 0 1 0 0 0 0 1 0
3 150 0 1 0 0 0 0 1 0 0 0 0 1 0
3 151 0 1 0 0 0 0 1 0 0 0 0 1 0
3 152 0 1 0 0 0 0 1 0 0 0 0 1 0
3 153 0 1 0 0 0 0 1 0 0 0 0 1 0
3 154 0 1 0 0 0 0 1 0 0 0 0 1 0
3 155 0 1 0 0 0 0 1 0 0 0 0 1 0
3 156 0 1 0 0 0 0 1 0 0 0 0 1 0
3 157 0 1 0 0 0 0 1 0 0 0 0 1 0
3 158 0 1 0 0 0 0 1 0 0 0 0 1 0
3 159 0 1 0 0 0 0 1 0 0 0 0 1 0
3 160 0 1 0 0 0 0 1 0 0 0 0 1 0
4 5 82 0.981443 0.0593146 -0.18235 0.828295 -0.0616588 0.998071 -0.00720822 -0.0929373 0.181571 0.0183179 0.983207 0.552531
4 6 26 0.957104 0.084273 -0.277219 0.783491 -0.0989759 0.994307 -0.0394523 -0.235228 0.272317 0.065198 0.959996 0.57516
4 7 18 0.893371 0.234643 -0.383186 0.844107 -0.208576 0.971927 0.108876 -0.15393 0.397976 -0.0173429 0.917232 0.513604
4 8 0 1 0 0 0 0 1 0 0 0 0 1 0
4 9 19 0.048693 0.995639 -0.0795726 0.104598 0.93374 -0.0170905 0.357543 -0.536136 0.354624 -0.09171 -0.9305 0.837626
4 10 0 1 0 0 0 0 1 0 0 0 0 1 0
4 11 0 1 0 0 0 0 1 0 0 0 0 1 0
4 12 0 1 0 0 0 0 1 0 0 0 0 1 0
4 13 0 1 0 0 0 0 1 0 0 0 0 1 0
4 14 0 1 0 0 0 0 1 0 0 0 0 1 0
4 15 0 1 0 0 0 0 1 0 0 0 0 1 0
4 16 0 1 0 0 0 0 1 0 0 0 0 1 0
4 17 0 1 0 0 0 0 1 0 0 0 0 1 0
4 18 0 1 0 0 0 0 1 0 0 0 0 1 0
4 19 0 1 0 0 0 0 1 0 0 0 0 1 0
4 20 0 1 0 0 0 0 1 0 0 0 0 1 0
4 21 0 1 0 0 0 0 1 0 0 0 0 1 0
4 22 0 1 0 0 0 0 1 0 0 0 0 1 0
4 23 0 1 0 0 0 0 1 0 0 0 0 1 0
4 24 0 1 0 0 0 0 1 0 0 0 0 1 0
4 25 0 1 0 0 0 0 1 0 0 0 0 1 0
4 26 0 1 0 0 0 0 1 0 0 0 0 1 0
4 27 0 1 0 0 0 0 1 0 0 0 0 1 0
4 28 0 1 0 0 0 0 1 0 0 0 0 1 0
4 29 0 1 0 0 0 0 1 0 0 0 0 1 0
4 30 0 1 0 0 0 0 1 0 0 0 0 1 0
4 31 0 1 0 0 0 0 1 0 0 0 0 1 0
4 32 0 1 0 0 0 0 1 0 0 0 0 1 0
4 33 0 1 0 0 0 0 1 0 0 0 0 1 0
4 34 0 1 0 0 0 0 1 0 0 0 0 1 0
4 35 0 1 0 0 0 0 1 0 0 0 0 1 0
4 36 0 1 0 0 0 0 1 0 0 0 0 1 0
4 37 0 1 0 0 0 0 1 0 0 0 0 1 0
4 38 0 1 0 0 0 0 1 0 0 0 0 1 0
4 39 0 1 0 0 0 0 1 0 0 0 0 1 0
4 40 0 1 0 0 0 0 1 0 0 0 0 1 0
4 41 0 1 0 0 0 0 1 0 0 0 0 1 0
4 42 0 1 0 0 0 0 1 0 0 0 0 1 0
4 43 0 1 0 0 0 0 1 0 0 0 0 1 0
4 44 0 1 0 0 0 0 1 0 0 0 0 1 0
4 45 0 1 0 0 0 0 1 0 0 0 0 1 0
4 46 0 1 0 0 0 0 1 0 0 0 0 1 0
4 47 0 1 0 0 0 0 1 0 0 0 0 1 0
4 48 0 1 0 0 0 0 1 0 0 0 0 1 0
4 49 0 1 0 0 0 0 1 0 0 0 0 1 0
4 50 0 1 0 0 0 0 1 0 0 0 0 1 0
4 51 0 1 0 0 0 0 1 0 0 0 0 1 0
4 52 0 1 0 0 0 0 1 0 0 0 0 1 0
4 53 0 1 0 0 0 0 1 0 0 0 0 1 0
4 54 0 1 0 0 0 0 1 0 0 0 0 1 0
4 55 0 1 0 0 0 0 1 0 0 0 0 1 0
4 56 0 1 0 0 0 0 1 0 0 0 0 1 0
4 57 0 1 0 0 0 0 1 0 0 0 0 1 0
4 58 0 1 0 0 0 0 1 0 0 0 0 1 0
4 59 0 1 0 0 0 0 1 0 0 0 0 1 0
4 60 0 1 0 0 0 0 1 0 0 0 0 1 0
4 61 0 1 0 0 0 0 1 0 0 0 0 1 0
4 62 0 1 0 0 0 0 1 0 0 0 0 1 0
4 63 0 1 0 0 0 0 1 0 0 0 0 1 0
4 64 0 1 0 0 0 0 1 0 0 0 0 1 0
4 65 0 1 0 0 0 0 1 0 0 0 0 1 0
4 66 0 1 0 0 0 0 1 0 0 0 0 1 0
4 67 12 0.9337 0.3502 -0.0745881 0.0237472 0.351042 -0.936358 -0.00193098 0.0793998 -0.0705174 -0.0243806 -0.997213 0.99656
4 68 33 0.928395 -0.175424 -0.327582 0.168928 0.31633 -0.0894716 0.94442 -0.613448 -0.194983 -0.980419 -0.0275731 0.771456
4 69 0 1 0 0 0 0 1 0 0 0 0 1 0
4 70 0 1 0 0 0 0 1 0 0 0 0 1 0
4 71 0 1 0 0 0 0 1 0 0 0 0 1 0
4 72 0 1 0 0 0 0 1 0 0 0 0 1 0
4 73 0 1 0 0 0 0 1 0 0 0 0 1 0
4 74 0 1 0 0 0 0 1 0 0 0 0 1 0
4 75 0 1 0 0 0 0 1 0 0 0 0 1 0
4 76 0 1 0 0 0 0 1 0 0 0 0 1 0
4 77 0 1 0 0 0 0 1 0 0 0 0 1 0
4 78 0 1 0 0 0 0 1 0 0 0 0 1 0
4 79 0 1 0 0 0 0 1 0 0 0 0 1 0
4 80 0 1 0 0 0 0 1 0 0 0 0 1 0
4 81 0 1 0 0 0 0 1 0 0 0 0 1 0
4 82 0 1 0 0 0 0 1 0 0 0 0 1 0
4 83 0 1 0 0 0 0 1 0 0 0 0 1 0
4 84 0 1 0 0 0 0 1 0 0 0 0 1 0
4 85 0 1 0 0 0 0 1 0 0 0 0 1 0
4 86 0 1 0 0 0 0 1 0 0 0 0 1 0
4 87 0 1 0 0 0 0 1 0 0 0 0 1 0
4 88 0 1 0 0 0 0 1 0 0 0 0 1 0
4 89 0 1 0 0 0 0 1 0 0 0 0 1 0
4 90 0 1 0 0 0 0 1 0 0 0 0 1 0
4 91 0 1 0 0 0 0 1 0 0 0 0 1 0
4 92 0 1 0 0 0 0 1 0 0 0 0 1 0
4 93 0 1 0 0 0 0 1 0 0 0 0 1 0
4 94 0 1 0 0 0 0 1 0 0 0 0 1 0
4 95 0 1 0 0 0 0 1 0 0 0 0 1 0
4 96 18 0.726506 -0.680721 -0.0938512 -0.0269456 0.664514 0.730754 -0.15627 -0.0466987 0.174958 0.0511654 0.983246 -0.998546
4 97 47 0.972303 -0.211434 -0.0996091 -0.336543 0.220414 0.971256 0.0898805 -0.661184 0.0777421 -0.109346 0.990959 -0.670503
4 98 31 0.968744 0.00181245 -0.248056 0.0293974 0.0513533 0.976846 0.20769 -0.948154 0.242689 -0.213937 0.94622 -0.316448
4 99 0 1 0 0 0 0 1 0 0 0 0 1 0
4 100 0 1 0 0 0 0 1 0 0 0 0 1 0
4 101 0 1 0 0 0 0 1 0 0 0 0 1 0
4 102 0 1 0 0 0 0 1 0 0 0 0 1 0
4 103 0 1 0 0 0 0 1 0 0 0 0 1 0
4 104 0 1 0 0 0 0 1 0 0 0 0 1 0
4 105 17 -0.0719044 0.511945 -0.856004 0.399031 0.778191 0.565629 0.272914 -0.084776 0.623898 -0.64651 -0.439062 0.91301
4 106 16 0.285153 0.632776 -0.719918 0.143008 -0.773758 0.595255 0.216724 -0.360999 0.565673 0.495243 0.659354 0.921536
4 107 0 1 0 0 0 0 1 0 0 0 0 1 0
4 108 0 1 0 0 0 0 1 0 0 0 0 1 0
4 109 0 1 0 0 0 0 1 0 0 0 0 1 0
4 110 0 1 0 0 0 0 1 0 0 0 0 1 0
4 111 16 0.210403 -0.729696 -0.650595 0.362266 -0.702362 -0.575735 0.41859 -0.202012 -0.680014 0.36888 -0.633647 0.90992
4 112 0 1 0 0 0 0 1 0 0 0 0 1 0
4 113 0 1 0 0 0 0 1 0 0 0 0 1 0
4 114 0 1 0 0 0 0 1 0 0 0 0 1 0
4 115 0 1 0 0 0 0 1 0 0 0 0 1 0
4 116 0 1 0 0 0 0 1 0 0 0 0 1 0
4 117 0 1 0 0 0 0 1 0 0 0 0 1 0
4 118 0 1 0 0 0 0 1 0 0 0 0 1 0
4 119 0 1 0 0 0 0 1 0 0 0 0 1 0
4 120 0 1 0 0 0 0 1 0 0 0 0 1 0
4 121 0 1 0 0 0 0 1 0 0 0 0 1 0
4 122 0 1 0 0 0 0 1 0 0 0 0 1 0
4 123 0 1 0 0 0 0 1 0 0 0 0 1 0
4 124 0 1 0 0 0 0 1 0 0 0 0 1 0
4 125 0 1 0 0 0 0 1 0 0 0 0 1 0
4 126 0 1 0 0 0 0 1 0 0 0 0 1 0
4 127 0 1 0 0 0 0 1 0 0 0 0 1 0
4 128 0 1 0 0 0 0 1 0 0 0 0 1 0
4 129 0 1 0 0 0 0 1 0 0 0 0 1 0
4 130 0 1 0 0 0 0 1 0 0 0 0 1 0
4 131 0 1 0 0 0 0 1 0 0 0 0 1 0
4 132 0 1 0 0 0 0 1 0 0 0 0 1 0
4 133 0 1 0 0 0 0 1 0 0 0 0 1 0
