0 1 225 0.973587 0.078608 -0.214358 0.915638 -0.0787016 0.996865 0.00811105 0.218925 0.214324 0.00897354 0.976721 -0.337163
0 2 57 0.894442 0.136244 -0.425923 0.974878 -0.152335 0.988322 -0.00376209 0.104247 0.420437 0.0682481 0.904751 -0.196837
0 3 33 0.222137 -0.26856 -0.9373 0.662885 -0.643744 0.681605 -0.347862 0.259327 0.73229 0.680654 -0.0214739 0.702377
0 4 13 -0.868641 -0.284852 -0.405366 0.32755 -0.29291 0.955149 -0.0435203 0.0585541 0.399582 0.0809324 -0.913118 0.943018
0 5 0 1 0 0 0 0 1 0 0 0 0 1 0
0 6 12 0.852245 0.312986 0.419188 0.0278355 -0.336836 0.94139 -0.0180711 -0.065916 -0.400276 -0.125797 0.907719 0.997437
0 7 0 1 0 0 0 0 1 0 0 0 0 1 0
0 8 18 -0.493376 0.855949 0.154701 0.131178 0.765183 0.511679 -0.390743 0.277238 -0.413613 -0.0744085 -0.907407 0.951804
0 9 15 -0.41535 -0.886611 0.203483 0.0390582 -0.801945 0.462476 0.378155 -0.216295 -0.429382 -0.00611489 -0.903102 0.975546
0 10 17 0.551857 -0.768609 0.323565 -0.325875 0.811155 0.584803 0.00569636 -0.0829169 -0.1936 0.259318 0.946189 0.94177
0 11 0 1 0 0 0 0 1 0 0 0 0 1 0
0 12 17 -0.438986 0.558142 -0.704108 0.170618 0.897039 0.316835 -0.308118 0.314712 0.0511126 -0.766872 -0.639761 0.933727
0 13 15 0.389564 0.819687 0.419944 0.211713 -0.835283 0.506532 -0.213842 0.298844 -0.387999 -0.267467 0.881997 0.930521
0 14 15 0.931582 0.339398 -0.130249 0.0107473 -0.337212 0.940614 0.0391701 0.0259209 0.135808 0.00743141 0.990707 0.999606
0 15 15 0.905275 0.423314 -0.035824 -0.760065 -0.421918 0.905725 0.0405862 -0.0968672 0.0496274 -0.0216269 0.998534 0.642587
0 16 0 1 0 0 0 0 1 0 0 0 0 1 0
0 17 0 1 0 0 0 0 1 0 0 0 0 1 0
0 18 23 0.236546 0.761944 0.602898 -0.219847 0.796314 -0.507566 0.32903 -0.283894 0.556713 0.402266 -0.72681 0.933312
0 19 34 0.509515 0.788101 -0.345386 0.376307 0.0202739 0.390289 0.920469 -0.675085 0.860223 -0.475995 0.18288 0.634549
0 20 23 -0.30785 0.653104 -0.691869 0.480805 0.765327 -0.262034 -0.587888 0.311102 -0.565245 -0.710488 -0.419171 0.819781
0 21 0 1 0 0 0 0 1 0 0 0 0 1 0
0 22 0 1 0 0 0 0 1 0 0 0 0 1 0
0 23 0 1 0 0 0 0 1 0 0 0 0 1 0
0 24 0 1 0 0 0 0 1 0 0 0 0 1 0
0 25 0 1 0 0 0 0 1 0 0 0 0 1 0
0 26 0 1 0 0 0 0 1 0 0 0 0 1 0
0 27 22 0.7922 -0.610069 -0.0153391 0.586395 0.608885 0.791851 -0.0472397 -0.0382258 0.0409657 0.0280836 0.998766 0.809122
0 28 18 -0.978625 -0.143514 0.147301 -0.0939908 -0.18236 0.936685 -0.298942 0.0666677 -0.0950717 -0.319414 -0.942834 0.993338
0 29 10 -0.937333 0.301579 0.174519 0.101187 -0.331192 -0.926749 -0.177336 -0.0552397 0.108254 -0.224022 0.968553 0.993333
0 30 21 0.162995 -0.63527 -0.754893 0.101233 -0.67775 0.483937 -0.553589 0.0267957 0.716999 0.601861 -0.351675 0.994502
0 31 29 0.445079 0.0847393 0.891473 -0.382691 -0.23525 -0.949482 0.207705 -0.301363 0.864038 -0.302164 -0.40266 0.873343
0 32 16 0.604095 -0.795689 0.0441322 -0.163522 0.792418 0.593894 -0.13915 -0.167491 0.0845103 0.119031 0.989287 0.972218
0 33 24 0.423935 0.865904 0.2655 -0.0849842 0.37643 -0.435084 0.817926 -0.115019 0.823759 -0.246806 -0.510399 0.989721
0 34 10 0.988605 -0.134952 0.0666953 -0.222213 0.12584 0.984038 0.12583 0.149348 -0.0826117 -0.116003 0.989807 -0.963492
0 35 25 0.290081 0.90119 -0.32204 0.246552 0.855246 -0.395117 -0.335316 -0.180976 -0.429427 -0.178154 -0.885355 0.952082
0 36 10 0.620057 -0.784192 0.0239417 0.138718 0.780396 0.61962 0.0839883 -0.302525 -0.0806977 -0.0333935 0.996179 0.942993
0 37 23 -0.126118 -0.967151 -0.220713 0.510637 0.992015 -0.123004 -0.027852 -0.233597 -0.00021143 -0.222463 0.974941 -0.827455
0 38 23 -0.502932 0.861992 -0.0634795 0.0271527 0.775628 0.482509 0.406924 -0.0777493 0.381394 0.155418 -0.911254 0.996603
0 39 35 0.0863477 0.584327 0.806911 -0.29766 0.168229 -0.806858 0.566286 -0.361446 0.981959 0.0868483 -0.167971 0.883604
0 40 16 -0.940342 -0.298312 0.163605 -0.478005 0.26148 -0.941309 -0.213463 0.156672 0.217682 -0.157949 0.963155 -0.864271
0 41 21 0.952348 -0.289267 -0.0967407 0.933749 0.290672 0.956823 0.000451194 0.112421 0.0924332 -0.0285495 0.99531 -0.339815
0 42 80 0.735376 -0.27087 0.621169 -0.952537 0.38369 0.921986 -0.052188 -0.0632191 -0.558573 0.276714 0.781937 0.297788
0 43 22 0.315084 -0.926448 0.205953 0.0622039 0.948262 0.316236 -0.0281895 -0.107351 -0.0390136 0.204179 0.978156 0.992273
0 44 40 -0.194196 -0.610428 -0.767896 0.160209 -0.546511 0.717387 -0.432067 -0.0439616 0.814624 0.335758 -0.47292 0.986104
0 45 93 0.691737 -0.258452 0.674316 -0.841589 0.345707 0.938329 0.00500406 0.0220653 -0.634024 0.229654 0.738426 0.539667
0 46 85 0.816313 -0.217664 0.535028 -0.893578 0.298513 0.951968 -0.0681663 0.119925 -0.494492 0.215358 0.84208 0.432593
0 47 48 0.969928 -0.243229 0.00893259 0.383831 0.24159 0.966553 0.0860805 -0.0958062 -0.0295711 -0.0813338 0.996248 0.91842
0 48 25 0.880663 0.448476 0.152652 -0.318966 -0.435482 0.893221 -0.111858 0.198953 -0.186517 0.0320323 0.981929 -0.926649
0 49 53 -0.183616 -0.788158 -0.587445 0.272922 -0.505901 0.588154 -0.630983 0.382305 0.842823 0.18133 -0.506724 0.882812
0 50 24 -0.842316 0.0939289 -0.530736 0.338579 -0.0744117 0.955003 0.287112 -0.177978 0.533822 0.281332 -0.797425 0.923952
0 51 17 -0.428666 0.354804 0.830879 0.125226 0.676132 0.73597 0.0345539 0.227123 -0.599242 0.576596 -0.55538 0.965781
0 52 0 1 0 0 0 0 1 0 0 0 0 1 0
0 53 0 1 0 0 0 0 1 0 0 0 0 1 0
0 54 21 -0.8056 0.454446 -0.380115 0.135675 0.469839 0.880885 0.0573827 0.159537 0.360915 -0.132366 -0.923157 0.977824
0 55 22 -0.110335 0.946242 0.30406 -0.142141 0.82936 0.256245 -0.496488 0.276459 -0.547712 0.197395 -0.813048 0.950456
0 56 0 1 0 0 0 0 1 0 0 0 0 1 0
0 57 0 1 0 0 0 0 1 0 0 0 0 1 0
0 58 0 1 0 0 0 0 1 0 0 0 0 1 0
0 59 12 0.911696 -0.374155 -0.169761 0.111558 0.41081 0.823315 0.391648 -0.334651 -0.00676977 -0.426803 0.904319 -0.935716
0 60 0 1 0 0 0 0 1 0 0 0 0 1 0
0 61 0 1 0 0 0 0 1 0 0 0 0 1 0
0 62 0 1 0 0 0 0 1 0 0 0 0 1 0
0 63 0 1 0 0 0 0 1 0 0 0 0 1 0
0 64 0 1 0 0 0 0 1 0 0 0 0 1 0
0 65 0 1 0 0 0 0 1 0 0 0 0 1 0
0 66 0 1 0 0 0 0 1 0 0 0 0 1 0
0 67 0 1 0 0 0 0 1 0 0 0 0 1 0
0 68 14 0.637204 0.458726 0.619308 -0.0715344 0.696499 -0.686771 -0.207929 0.249337 0.32994 0.56384 -0.757115 0.965771
0 69 0 1 0 0 0 0 1 0 0 0 0 1 0
0 70 15 -0.76454 -0.105002 -0.635967 0.0172729 0.0507164 -0.993383 0.103044 0.294535 -0.642578 0.0465271 0.764806 0.955484
0 71 16 -0.922282 0.384546 -0.0389938 -0.155459 0.38338 0.897294 -0.218823 0.12929 -0.0491586 -0.216766 -0.974985 0.979345
0 72 11 0.975103 0.217673 0.0423302 -0.207622 -0.219349 0.918786 0.328205 0.0569684 0.0325489 -0.329319 0.943657 0.976549
0 73 32 0.980231 -0.197436 0.0128916 -0.226607 0.195978 0.977818 0.0739204 0.0175208 -0.0272002 -0.0699326 0.997181 -0.973829
0 74 29 0.3946 0.862037 0.318094 -0.173234 0.918826 -0.367516 -0.143846 0.00443459 -0.00709552 0.349035 -0.937083 0.984871
0 75 32 0.876657 -0.47386 0.0832407 0.845056 0.479777 0.87393 -0.0778507 -0.0795775 -0.0358563 0.108185 0.993484 0.528723
0 76 76 0.767863 -0.365093 0.526397 -0.880773 0.498386 0.856723 -0.132804 0.247266 -0.402491 0.364324 0.839803 0.403855
0 77 42 0.853457 -0.425982 0.30025 -0.91892 0.471394 0.876665 -0.0961553 0.149561 -0.222258 0.2236 0.949002 0.364991
0 78 29 0.66969 -0.742641 -6.95406e-05 -0.597715 0.739832 0.667166 -0.0868206 0.0324541 0.0645229 0.0580915 0.996224 -0.801051
0 79 21 -0.213068 -0.962 -0.170757 0.148134 -0.934119 0.149343 0.324219 -0.145956 -0.286398 0.228588 -0.930443 0.978138
0 80 13 -0.859452 0.476871 -0.184218 0.218044 -0.493799 -0.867657 0.057739 0.194211 -0.132304 0.140591 0.981188 0.95642
0 81 24 0.098567 0.89373 0.437643 -0.067381 0.994859 -0.0782314 -0.0643047 0.110123 -0.0232336 0.441732 -0.896846 0.991631
0 82 24 0.104024 -0.994563 0.00487755 -0.254818 0.989153 0.102944 -0.104775 0.242863 0.103704 0.0157238 0.994484 0.935994
0 83 0 1 0 0 0 0 1 0 0 0 0 1 0
0 84 12 0.158358 -0.975953 -0.149794 -0.123171 0.953664 0.190487 -0.232894 -0.431874 0.255828 -0.105972 0.960897 0.893484
0 85 41 0.642121 -0.462972 0.611013 -0.892967 0.410306 0.880824 0.236215 -0.304396 -0.647556 0.0990237 0.755556 0.331592
0 86 31 0.789511 -0.37223 0.487973 -0.958872 0.314406 0.928132 0.199298 -0.172545 -0.527088 -0.00392653 0.849802 -0.225372
0 87 54 0.882183 -0.357083 0.306993 -0.865891 0.311243 0.931361 0.188929 -0.248448 -0.353385 -0.0711204 0.932771 -0.434174
0 88 147 0.937683 -0.234022 0.256876 -0.780305 0.22941 0.972135 0.0482202 0.0464781 -0.261003 0.0137147 0.965241 -0.62367
0 89 249 0.994128 -0.04121 0.100054 -0.227856 0.049361 0.995539 -0.0804063 0.200248 -0.0962946 0.084873 0.991728 -0.952881
0 90 182 0.99887 0.0213215 -0.0424672 0.090787 -0.0319261 0.963052 -0.267415 0.28295 0.0351964 0.268469 0.962645 -0.954828
0 91 60 0.996485 -0.00752745 0.0834342 -0.0421747 0.0405356 0.914923 -0.401587 0.582435 -0.073313 0.403557 0.912012 -0.811783
0 92 31 0.996538 0.0704884 0.0440866 0.0751756 -0.0280747 0.784426 -0.619587 0.948841 -0.0782564 0.616204 0.783689 -0.306673
0 93 22 0.97332 0.208273 -0.0962842 0.303107 -0.229119 0.904809 -0.358922 0.677328 0.012365 0.371406 0.928388 -0.670338
0 94 15 0.992864 -0.085037 0.0836067 -0.187345 0.0888953 0.995088 -0.0435563 0.174056 -0.0794921 0.0506777 0.995546 -0.96675
0 95 24 0.997861 0.0471626 -0.0452585 0.13854 -0.0472171 0.998885 -0.000136582 0.01991 0.0452015 0.00227326 0.998975 -0.990157
0 96 13 0.789764 -0.589303 -0.170281 0.330283 0.613298 0.763928 0.200698 0.0842567 0.0118111 -0.262937 0.964741 -0.940114
0 97 0 1 0 0 0 0 1 0 0 0 0 1 0
0 98 11 0.996954 0.0700862 -0.0342088 0.178338 -0.0684503 0.996554 0.0468555 -0.121195 0.0373749 -0.0443711 0.998316 0.976477
0 99 19 -0.794277 -0.607552 0.00225748 -0.565038 0.489211 -0.637353 0.59536 -0.506621 -0.360273 0.473985 0.803456 -0.651205
0 100 15 0.830077 -0.480743 0.282592 -0.0811153 0.508479 0.860565 -0.0296044 0.021132 -0.228957 0.168266 0.958783 0.996481
0 101 30 -0.113324 -0.486438 -0.866335 0.387472 -0.849749 -0.404395 0.338218 -0.368844 -0.514864 0.774495 -0.367522 0.844878
0 102 0 1 0 0 0 0 1 0 0 0 0 1 0
0 103 0 1 0 0 0 0 1 0 0 0 0 1 0
0 104 16 -0.273821 0.961217 -0.0329202 0.0502866 0.948464 0.264196 -0.174977 0.0256134 -0.159493 -0.0791359 -0.984022 0.998406
0 105 17 -0.744704 -0.604129 0.283625 0.134102 -0.537545 0.291081 -0.791402 0.132303 0.395551 -0.741822 -0.541516 0.982096
0 106 19 0.239758 0.95773 0.158964 0.167842 0.902378 -0.159449 -0.400362 0.224292 -0.358092 0.239435 -0.902464 0.959959
0 107 15 0.838859 0.402966 0.365969 -0.501274 -0.516081 0.802571 0.299234 -0.145881 -0.173135 -0.439885 0.881207 -0.852903
0 108 10 0.32616 0.714201 0.619303 -0.504335 -0.907451 0.420107 -0.00656689 -0.0709138 -0.264864 -0.559845 0.785125 -0.860591
0 109 0 1 0 0 0 0 1 0 0 0 0 1 0
0 110 0 1 0 0 0 0 1 0 0 0 0 1 0
0 111 25 0.0794514 -0.02181 -0.9966 0.252623 -0.996797 -0.0108616 -0.0792294 -0.23911 -0.00909667 0.999703 -0.0226032 0.937554
0 112 18 0.455262 -0.453507 0.766203 -0.213361 -0.881712 -0.349269 0.317167 -0.39229 0.123773 -0.819965 -0.558872 0.894755
0 113 17 -0.545495 -0.672066 0.500763 0.245286 0.451588 -0.739026 -0.499908 -0.0216582 0.706048 -0.0465588 0.706632 0.969209
0 114 0 1 0 0 0 0 1 0 0 0 0 1 0
0 115 11 -0.45919 0.619072 0.637099 0.331884 -0.839603 -0.536727 -0.0836053 0.0227084 0.290191 -0.573301 0.766235 0.943047
0 116 0 1 0 0 0 0 1 0 0 0 0 1 0
0 117 0 1 0 0 0 0 1 0 0 0 0 1 0
0 118 15 0.324422 0.792221 -0.516852 0.296443 0.614506 0.238884 0.751875 -0.310829 0.71912 -0.561533 -0.409325 0.903054
0 119 0 1 0 0 0 0 1 0 0 0 0 1 0
0 120 33 0.626016 0.484689 -0.610885 0.468069 0.758086 -0.194638 0.622433 -0.394834 0.182785 -0.852756 -0.489282 0.790581
0 121 18 0.796767 -0.504153 -0.333153 0.307785 0.347816 0.833449 -0.429403 0.664887 0.494151 0.226258 0.839417 -0.680583
0 122 11 0.902043 -0.415885 -0.11558 -0.055325 0.419376 0.907789 0.00656916 0.0904853 0.10219 -0.0543971 0.993276 0.99436
0 123 23 -0.809414 0.491953 0.320673 -0.0765084 0.488839 0.867045 -0.0962738 0.0179979 -0.3254 0.078832 -0.942285 0.996906
0 124 0 1 0 0 0 0 1 0 0 0 0 1 0
0 125 17 0.967851 -0.230759 0.100076 0.363564 0.248101 0.941288 -0.228962 -0.155644 -0.0413656 0.24643 0.968278 0.918475
0 126 31 0.968722 -0.217511 0.119441 -0.392603 0.233773 0.96138 -0.145257 -0.0465426 -0.0832331 0.168636 0.982158 -0.91853
0 127 51 0.965582 0.127865 0.226501 -0.47901 -0.0162093 0.898711 -0.438242 0.877608 -0.259595 0.419487 0.869852 -0.0188105
0 128 64 0.964291 0.184673 0.189839 -0.501372 -0.131107 0.955656 -0.26369 0.829055 -0.230118 0.229384 0.945742 -0.247577
0 129 36 0.980456 0.0878662 0.176025 -0.611386 -0.109791 0.986812 0.118948 0.622494 -0.163252 -0.13595 0.977173 -0.488578
0 130 31 -0.844105 0.531689 0.0692285 0.111976 0.526897 0.846471 -0.0765973 0.174587 -0.0993258 -0.0281799 -0.994656 0.978254
0 131 16 0.93852 0.345074 0.0101888 0.245751 -0.327963 0.88199 0.338427 -0.0508286 0.107796 -0.320962 0.940937 -0.967999
0 132 25 -0.770569 -0.118548 0.626235 -0.29654 -0.187621 0.981205 -0.0451189 0.195345 -0.609116 -0.152262 -0.778328 0.934829
0 133 13 0.244253 -0.8332 -0.496102 0.446233 0.959235 0.2826 -0.00235097 -0.120494 0.142157 -0.475305 0.868261 -0.886768
0 134 0 1 0 0 0 0 1 0 0 0 0 1 0
0 135 0 1 0 0 0 0 1 0 0 0 0 1 0
0 136 20 0.909665 -0.346219 0.229441 -0.441832 0.269159 0.91211 0.309208 0.165859 -0.316328 -0.219519 0.922902 0.881632
0 137 15 0.771556 0.635761 0.0225822 0.458039 -0.609299 0.728304 0.313573 -0.089325 0.182911 -0.255699 0.949295 -0.884433
0 138 18 0.182802 -0.752848 0.6323 -0.247922 -0.609159 -0.591542 -0.528208 0.121065 0.771693 -0.288614 -0.566739 0.961186
0 139 32 0.996191 0.0414412 0.0767251 -0.548108 -0.0735285 0.872202 0.483587 -0.832597 -0.0468794 -0.487387 0.871927 0.0797512
0 140 164 0.997698 -0.00400504 0.0676929 -0.7592 -0.0116264 0.97337 0.228947 -0.64338 -0.0668071 -0.229207 0.971082 -0.0983781
0 141 158 0.987755 -0.0358302 0.151844 -0.978623 0.0153136 0.990837 0.13419 0.200649 -0.15526 -0.130221 0.979253 -0.0451267
0 142 131 0.932176 -0.0513665 0.358343 -0.883937 0.105969 0.98524 -0.134433 0.412759 -0.346148 0.163288 0.923861 0.219741
0 143 55 0.903734 -0.223565 0.36508 -0.975295 0.205843 0.974682 0.0873158 -0.0681766 -0.375357 -0.00376109 0.926873 0.210121
0 144 52 -0.212189 -0.533166 0.818969 -0.417265 -0.309622 0.831556 0.46114 -0.167017 -0.926882 -0.155721 -0.341527 0.893306
0 145 11 -0.028767 0.971679 0.234549 -0.13495 -0.928748 -0.112742 0.353151 -0.301201 0.369593 -0.207678 0.905688 -0.943963
0 146 22 -0.0828292 -0.933308 -0.349394 0.0427636 -0.958316 0.170793 -0.229042 0.0598867 0.273441 0.315858 -0.90855 0.997289
0 147 0 1 0 0 0 0 1 0 0 0 0 1 0
0 148 0 1 0 0 0 0 1 0 0 0 0 1 0
0 149 0 1 0 0 0 0 1 0 0 0 0 1 0
0 150 15 -0.212827 0.94863 0.234105 0.162888 -0.754873 -0.31176 0.577038 -0.103547 0.62038 -0.0539104 0.782446 0.981196
0 151 15 0.14895 0.743119 0.652371 0.159235 -0.980456 0.0252332 0.195115 -0.137604 0.128532 -0.668683 0.732354 0.977604
0 152 16 0.590057 -0.755283 -0.285272 0.232957 -0.802548 -0.587232 -0.105239 -0.0557916 -0.0880359 0.291041 -0.952651 0.970885
0 153 13 0.737714 0.515184 0.436307 0.106662 -0.611574 0.783686 0.108694 -0.0119542 -0.28593 -0.347019 0.893209 0.994223
0 154 0 1 0 0 0 0 1 0 0 0 0 1 0
0 155 15 -0.28877 0.956458 -0.0424336 0.17946 0.830159 0.272224 0.486549 -0.161558 0.476915 0.105274 -0.872622 0.970409
0 156 12 0.296875 0.929716 0.217931 0.293992 -0.952069 0.270567 0.142681 -0.0924038 0.0736875 -0.249844 0.965478 0.951331
0 157 16 -0.696554 0.717283 -0.0178201 0.112962 0.655916 0.646634 0.389409 -0.163217 0.29084 0.259556 -0.920892 0.980102
0 158 0 1 0 0 0 0 1 0 0 0 0 1 0
0 159 0 1 0 0 0 0 1 0 0 0 0 1 0
0 160 0 1 0 0 0 0 1 0 0 0 0 1 0
1 2 191 0.955951 0.0557689 -0.288181 0.980616 -0.0726591 0.996189 -0.0482409 0.0943348 0.284393 0.0670549 0.95636 -0.171734
1 3 31 0.987273 0.107932 0.116805 0.120323 -0.108459 0.994099 -0.00185092 -0.00746676 -0.116315 -0.0108412 0.993153 -0.992707
1 4 32 0.812608 0.580199 0.0551214 0.026027 0.404847 -0.493908 -0.769515 0.253113 -0.419247 0.64763 -0.636245 0.967087
1 5 0 1 0 0 0 0 1 0 0 0 0 1 0
1 6 26 -0.107529 0.356365 -0.928139 0.693991 -0.355202 0.858167 0.370651 -0.29599 0.928585 0.369532 0.034304 0.656328
1 7 0 1 0 0 0 0 1 0 0 0 0 1 0
1 8 0 1 0 0 0 0 1 0 0 0 0 1 0
1 9 19 0.344263 0.900656 0.265143 -0.648399 -0.935865 0.35178 0.0201801 0.142439 -0.0750968 -0.255085 0.963998 -0.747857
1 10 15 -0.0681605 0.848773 0.524345 0.216279 -0.965238 -0.189027 0.180511 0.347291 0.252328 -0.493814 0.832153 0.912476
1 11 0 1 0 0 0 0 1 0 0 0 0 1 0
1 12 15 -0.581954 -0.801319 0.138625 -0.113133 -0.412075 0.143613 -0.899761 0.282799 0.701087 -0.580743 -0.41378 0.952484
1 13 0 1 0 0 0 0 1 0 0 0 0 1 0
1 14 14 0.971277 -0.186357 -0.147963 0.0104306 -0.175403 -0.980904 0.0840313 0.0243961 -0.160797 -0.0556645 -0.985417 0.999648
1 15 0 1 0 0 0 0 1 0 0 0 0 1 0
1 16 0 1 0 0 0 0 1 0 0 0 0 1 0
1 17 0 1 0 0 0 0 1 0 0 0 0 1 0
1 18 0 1 0 0 0 0 1 0 0 0 0 1 0
1 19 12 0.715594 0.0730887 -0.694682 0.504026 -0.0973749 -0.974362 -0.20282 -0.0445272 -0.691696 0.212782 -0.690131 0.86254
1 20 17 0.577047 -0.271536 -0.77025 0.0291462 -0.415396 0.71443 -0.563059 -0.212897 0.703181 0.64487 0.299465 0.97664
1 21 0 1 0 0 0 0 1 0 0 0 0 1 0
1 22 10 -0.486732 -0.873433 0.0143759 0.160976 0.804203 -0.454458 -0.383047 0.200568 0.341099 -0.17488 0.923617 0.966364
1 23 16 -0.888765 0.458134 0.0145083 0.0176814 0.456165 0.880964 0.125763 -0.269013 0.0448348 0.118391 -0.991954 0.962974
1 24 0 1 0 0 0 0 1 0 0 0 0 1 0
1 25 0 1 0 0 0 0 1 0 0 0 0 1 0
1 26 12 0.175374 0.837303 -0.517849 0.479045 0.879449 -0.369661 -0.299867 -0.0442878 -0.442508 -0.402833 -0.801195 0.876672
1 27 15 0.909841 -0.310422 0.275369 -0.0143123 0.291881 0.950447 0.107037 -0.308327 -0.29495 -0.0170112 0.955361 0.951173
1 28 0 1 0 0 0 0 1 0 0 0 0 1 0
1 29 10 -0.0994464 0.917314 0.385545 0.341935 -0.892086 0.0894491 -0.442925 -0.110319 -0.440788 -0.387987 0.809427 0.933226
1 30 0 1 0 0 0 0 1 0 0 0 0 1 0
1 31 15 -0.857485 -0.25883 0.444664 -0.41795 0.15645 -0.954495 -0.253896 -0.373913 0.490146 -0.148144 0.858959 0.827953
1 32 15 0.737693 -0.534007 -0.413093 0.140993 -0.50621 -0.842349 0.18493 0.00256799 -0.446723 0.0726901 -0.891715 0.990007
1 33 0 1 0 0 0 0 1 0 0 0 0 1 0
1 34 0 1 0 0 0 0 1 0 0 0 0 1 0
1 35 10 0.966506 -0.119269 0.227248 0.143343 0.0924449 0.987807 0.125265 -0.205548 -0.239418 -0.100062 0.965747 0.968092
1 36 0 1 0 0 0 0 1 0 0 0 0 1 0
1 37 16 0.547812 -0.836413 0.0177535 0.218918 0.832512 0.542916 -0.110302 0.274982 0.0826194 0.0752048 0.99374 -0.936194
1 38 13 0.781353 -0.623267 -0.0320308 -0.269319 0.623924 0.778932 0.0631242 -0.0153368 -0.0143934 -0.069307 0.997492 0.962929
1 39 0 1 0 0 0 0 1 0 0 0 0 1 0
1 40 13 0.729705 -0.682342 0.0440441 0.0852968 0.679647 0.71675 -0.156041 0.166616 0.074905 0.143799 0.986768 -0.982326
1 41 27 0.677835 -0.415614 0.606469 -0.87577 0.441599 0.889666 0.116126 -0.239855 -0.587818 0.189102 0.786581 0.418923
1 42 49 -0.0619333 -0.101036 -0.992953 0.57896 0.177027 0.977977 -0.110553 -0.0281942 0.982255 -0.182626 -0.0426834 0.814869
1 43 42 -0.999852 0.00420766 -0.0166624 0.0312714 -0.00540646 0.843321 0.537384 -0.292703 0.0163128 0.537394 -0.843173 0.955692
1 44 13 -0.0680958 -0.847009 0.527199 0.163371 0.995282 -0.0210631 0.0947155 -0.0457006 -0.0691204 0.531162 0.844446 0.985506
1 45 52 0.695586 -0.334585 0.635777 -0.751102 0.377137 0.923256 0.0732586 -0.163397 -0.611496 0.188817 0.768388 0.639646
1 46 55 0.602858 -0.256653 0.755442 -0.808566 0.37332 0.927543 0.0172054 -0.0884498 -0.70512 0.271649 0.65499 0.581719
1 47 26 0.986047 0.00856482 0.166249 0.128862 -0.00790035 0.999958 -0.00465774 0.270028 -0.166282 0.00327933 0.986073 0.95419
1 48 35 0.702401 -0.309607 0.640919 -0.648607 0.269581 0.949078 0.163026 -0.201612 -0.658756 0.05827 0.750097 0.733936
1 49 23 0.886731 -0.429335 0.171403 0.0823143 0.435984 0.899954 -0.00127622 0.279945 -0.153707 0.0758606 0.9852 0.956481
1 50 34 -0.537216 0.777818 -0.326186 0.338579 -0.711027 -0.209613 0.671195 -0.177978 0.453695 0.592504 0.665658 0.923952
1 51 17 -0.277457 0.94046 -0.196351 0.24127 -0.934111 -0.21629 0.283999 0.250995 0.224621 0.262211 0.938505 0.937438
1 52 11 0.174782 -0.984604 0.00248099 -0.000809702 0.976217 0.17362 0.129831 -0.120573 -0.128263 -0.0202701 0.991533 0.992704
1 53 14 0.0873737 -0.845215 -0.527235 0.127882 -0.972733 0.0417548 -0.228139 0.226935 0.214841 0.532792 -0.81852 0.965477
1 54 10 -0.711296 0.646877 0.274968 -0.0152704 -0.668796 -0.743218 0.018399 0.124173 0.216263 -0.17081 0.961277 0.992143
1 55 0 1 0 0 0 0 1 0 0 0 0 1 0
1 56 0 1 0 0 0 0 1 0 0 0 0 1 0
1 57 0 1 0 0 0 0 1 0 0 0 0 1 0
1 58 0 1 0 0 0 0 1 0 0 0 0 1 0
1 59 15 0.428008 0.753215 0.499476 -0.106214 0.881037 -0.47092 -0.0448219 -0.0483152 0.201453 0.459241 -0.865168 0.993169
1 60 0 1 0 0 0 0 1 0 0 0 0 1 0
1 61 0 1 0 0 0 0 1 0 0 0 0 1 0
1 62 0 1 0 0 0 0 1 0 0 0 0 1 0
1 63 0 1 0 0 0 0 1 0 0 0 0 1 0
1 64 0 1 0 0 0 0 1 0 0 0 0 1 0
1 65 0 1 0 0 0 0 1 0 0 0 0 1 0
1 66 0 1 0 0 0 0 1 0 0 0 0 1 0
1 67 0 1 0 0 0 0 1 0 0 0 0 1 0
1 68 18 0.947259 -0.317775 0.041466 -0.0733781 0.301668 0.927858 0.219262 0.2475 -0.10815 -0.195189 0.974785 0.966105
1 69 10 0.979931 -0.178819 -0.0880875 0.264251 0.191481 0.967256 0.166586 -0.176736 0.0554144 -0.18011 0.982084 -0.948122
1 70 18 0.978166 0.0125806 -0.207445 0.207266 0.0318995 0.977249 0.209681 0.207023 0.205364 -0.21172 0.955511 0.956129
1 71 31 0.974998 -0.222196 0.00261964 0.167804 0.221713 0.973532 0.055485 0.443887 -0.0148789 -0.053517 0.998456 -0.880231
1 72 31 0.215597 -0.936742 0.275739 -0.207622 -0.935325 -0.279223 -0.217258 0.0569684 0.280508 -0.211066 -0.936358 0.976549
1 73 18 0.941606 -0.335114 -0.0328195 0.076625 0.335721 0.941842 0.0150028 0.188166 0.0258832 -0.0251449 0.999349 0.979144
1 74 33 0.948032 0.166776 -0.270962 0.147518 0.294289 -0.783351 0.547499 -0.335497 -0.120948 -0.598788 -0.791722 0.930419
1 75 33 0.763734 -0.621902 0.173057 -0.167101 0.644395 0.750384 -0.147237 0.214946 -0.0382922 0.223966 0.973844 0.962224
1 76 49 0.501215 -0.456918 0.734854 -0.737041 0.42893 0.86874 0.247609 -0.254477 -0.751534 0.191095 0.631411 0.626108
1 77 12 0.388577 -0.920885 -0.0312774 0.0883745 0.913108 0.3894 -0.120834 -0.0533798 0.123454 0.0183939 0.99218 -0.994656
1 78 23 -0.938306 0.0988945 0.331363 -0.0847807 0.280407 0.778361 0.561717 -0.396005 -0.202369 0.619979 -0.758072 0.914326
1 79 10 0.971476 -0.236552 -0.0166266 0.264478 0.235965 0.971259 -0.0312463 -0.3402 0.0235401 0.0264317 0.999373 0.902394
1 80 13 -0.147387 -0.696541 0.702217 0.0262453 0.983674 -0.177349 0.0305463 0.213422 0.103261 0.695254 0.711308 0.976608
1 81 0 1 0 0 0 0 1 0 0 0 0 1 0
1 82 16 -0.716461 0.683516 0.139608 0.0205511 0.60291 0.70734 -0.369011 0.00649001 -0.350975 -0.18021 -0.91888 0.999768
1 83 0 1 0 0 0 0 1 0 0 0 0 1 0
1 84 15 -0.782077 -0.594426 -0.187117 0.178391 -0.600505 0.799106 -0.0286921 -0.00992935 0.166581 0.089925 -0.981919 0.98391
1 85 29 0.814746 -0.576993 0.0571729 -0.223674 0.392183 0.621027 0.678615 -0.972072 -0.427062 -0.530476 0.732266 0.071033
1 86 31 0.34196 -0.489013 0.802452 -0.842668 0.324105 0.86291 0.38774 -0.353162 -0.882054 0.127487 0.453573 0.406432
1 87 25 0.792929 -0.551015 -0.26009 0.507094 0.564347 0.82508 -0.0274689 0.0303395 0.229731 -0.125 0.965194 -0.861357
1 88 80 0.853107 -0.290033 0.433693 -0.993704 0.305677 0.951491 0.0350234 -0.0661322 -0.422813 0.102691 0.90038 -0.0904363
1 89 123 0.900605 -0.124606 0.416395 -0.963698 0.151393 0.987962 -0.0317951 -0.166166 -0.40742 0.0916742 0.908628 -0.208986
1 90 140 0.977427 -0.0553094 0.203903 -0.552861 0.111765 0.954384 -0.276875 0.0979688 -0.179288 0.293415 0.939023 -0.827494
1 91 83 0.99333 -0.10031 0.0568566 0.0504044 0.107701 0.983277 -0.146853 -0.179307 -0.0411749 0.151997 0.987523 -0.982501
1 92 59 0.961618 0.128747 0.242311 -0.145571 -0.272251 0.337621 0.90105 -0.894809 0.0341979 -0.932436 0.359714 0.42205
1 93 31 0.999824 -0.00255229 0.0185724 0.116847 0.00666619 0.974343 -0.224968 0.326247 -0.0175217 0.225053 0.974189 -0.938035
1 94 89 0.980877 -0.194074 0.0146962 0.044537 0.18704 0.919053 -0.346926 0.766355 0.0538228 0.34304 0.937777 -0.640872
1 95 116 0.966766 -0.206745 -0.150398 0.504266 0.163255 0.951935 -0.259169 0.535068 0.196751 0.226002 0.95405 -0.677805
1 96 44 0.98233 -0.0919048 -0.163036 0.381538 0.0924185 0.99571 -0.00444743 4.11649e-05 0.162746 -0.0106987 0.98661 -0.924353
1 97 33 0.68729 0.705938 -0.171126 0.0368875 0.621075 -0.448936 0.642434 -0.298653 0.376694 -0.547821 -0.74699 0.953649
1 98 18 -0.783206 0.363488 -0.504445 0.269932 0.297417 0.931494 0.209433 -0.126242 0.546014 0.0139992 -0.837659 0.954568
1 99 0 1 0 0 0 0 1 0 0 0 0 1 0
1 100 0 1 0 0 0 0 1 0 0 0 0 1 0
1 101 0 1 0 0 0 0 1 0 0 0 0 1 0
1 102 0 1 0 0 0 0 1 0 0 0 0 1 0
1 103 0 1 0 0 0 0 1 0 0 0 0 1 0
1 104 19 0.219233 -0.207135 0.953432 -0.390119 -0.639477 0.707541 0.300757 -0.38066 -0.73689 -0.675633 0.0226581 0.838394
1 105 13 0.30326 0.945733 0.116715 0.138605 -0.950438 0.309009 -0.0343581 0.124168 -0.0685595 -0.100511 0.992571 0.982533
1 106 0 1 0 0 0 0 1 0 0 0 0 1 0
1 107 12 0.7359 -0.61571 -0.281695 0.266144 0.631227 0.774374 -0.0435571 0.150626 0.244956 -0.14576 0.958515 -0.952092
1 108 24 0.576208 -0.380234 -0.723468 0.471999 -0.807758 -0.399831 -0.433201 0.0471266 -0.124547 0.834001 -0.537523 0.880339
1 109 14 0.97691 -0.0470363 0.208409 -0.0207144 0.0694993 0.992374 -0.101804 -0.405153 -0.202031 0.113938 0.972729 0.914014
1 110 0 1 0 0 0 0 1 0 0 0 0 1 0
1 111 23 -0.76166 0.112799 -0.638083 0.310773 -0.115165 0.945489 0.30461 -0.224261 0.63766 0.305494 -0.707151 0.923649
1 112 0 1 0 0 0 0 1 0 0 0 0 1 0
1 113 18 -0.338282 0.0858334 -0.937122 0.44385 -0.388701 0.894166 0.222212 -0.157844 0.857016 0.43943 -0.269117 0.88209
1 114 0 1 0 0 0 0 1 0 0 0 0 1 0
1 115 0 1 0 0 0 0 1 0 0 0 0 1 0
1 116 10 -0.652482 -0.60456 0.45692 -0.277368 0.52831 -0.795162 -0.297668 0.210941 0.543283 0.0471727 0.838223 0.937321
1 117 0 1 0 0 0 0 1 0 0 0 0 1 0
1 118 0 1 0 0 0 0 1 0 0 0 0 1 0
1 119 0 1 0 0 0 0 1 0 0 0 0 1 0
1 120 21 -0.636771 -0.501846 -0.585383 0.460377 -0.768997 0.468753 0.434643 -0.331528 0.0562759 0.726926 -0.684406 0.823494
1 121 0 1 0 0 0 0 1 0 0 0 0 1 0
1 122 0 1 0 0 0 0 1 0 0 0 0 1 0
1 123 23 -0.392839 -0.877109 0.276327 -0.0263061 -0.760908 0.478768 0.437951 -0.245173 -0.516427 -0.0382149 -0.855478 0.969122
1 124 35 -0.671781 0.350473 0.652595 -0.275131 0.502092 0.86317 0.0532923 -0.213809 -0.544623 0.363463 -0.755831 0.937331
1 125 17 0.735013 -0.663352 0.140426 -0.063897 0.67765 0.711515 -0.18584 -0.121528 0.0233621 0.231754 0.972494 -0.990529
1 126 17 0.879183 -0.476429 0.00721972 0.0172666 0.463073 0.850769 -0.248506 0.161083 0.112253 0.221826 0.968603 -0.98679
1 127 29 0.998532 0.00951548 -0.0533138 0.0839888 -0.00966648 0.99995 -0.00257514 -0.176545 0.0532866 0.00308672 0.998574 -0.980703
1 128 21 0.996025 0.0596152 -0.0661791 -0.241106 -0.0504195 0.989854 0.13284 0.174854 0.0734269 -0.128976 0.988926 0.954617
1 129 41 0.877209 -0.0170622 0.479806 -0.925927 -0.0149909 0.997908 0.0628934 0.37199 -0.479875 -0.0623634 0.875118 -0.0654362
1 130 16 0.914737 -0.371703 -0.15841 -0.0847652 0.40405 0.840889 0.360068 -0.193449 -0.000633396 -0.393373 0.919379 -0.977442
1 131 0 1 0 0 0 0 1 0 0 0 0 1 0
1 132 11 0.979158 -0.0975722 0.178125 -0.382468 0.0502625 0.966173 0.25295 0.009513 -0.19678 -0.238725 0.950941 -0.92392
1 133 0 1 0 0 0 0 1 0 0 0 0 1 0
1 134 0 1 0 0 0 0 1 0 0 0 0 1 0
1 135 0 1 0 0 0 0 1 0 0 0 0 1 0
1 136 0 1 0 0 0 0 1 0 0 0 0 1 0
1 137 11 -0.785394 0.358936 0.504302 -0.442336 -0.496709 -0.851614 -0.167434 0.340606 0.369373 -0.381993 0.847139 -0.829655
1 138 0 1 0 0 0 0 1 0 0 0 0 1 0
1 139 20 0.96839 -0.112049 -0.222857 0.478146 0.135356 0.986501 0.0921707 -0.110179 0.209521 -0.119422 0.970484 0.871342
1 140 61 0.920959 -0.0665124 0.383941 -0.857438 -0.0350769 0.967173 0.251688 -0.397857 -0.388078 -0.245262 0.888393 0.326358
1 141 59 0.951797 -0.108724 0.286814 -0.935694 0.0666256 0.986027 0.152682 -0.02973 -0.299407 -0.126213 0.945741 0.351559
1 142 82 0.758455 -0.103956 0.643381 -0.860936 0.185591 0.980774 -0.0603145 0.028549 -0.624742 0.165151 0.763166 0.507911
1 143 52 0.414657 -0.117651 -0.90234 0.869065 0.361178 0.931433 0.0445295 -0.0311193 0.835231 -0.34437 0.428718 0.493718
1 144 34 0.835251 0.487667 -0.254039 0.0947586 0.134838 -0.629544 -0.765175 0.281744 -0.53308 0.604859 -0.591584 0.954799
1 145 15 -0.819222 -0.565725 -0.0939696 0.015107 -0.550102 0.821515 -0.150005 0.236235 0.162059 -0.0711942 -0.984209 0.971579
1 146 0 1 0 0 0 0 1 0 0 0 0 1 0
1 147 16 0.164972 0.956263 0.241546 -0.0130213 0.968854 -0.202975 0.141853 -0.160196 0.184676 0.210622 -0.959965 0.986999
1 148 0 1 0 0 0 0 1 0 0 0 0 1 0
1 149 0 1 0 0 0 0 1 0 0 0 0 1 0
1 150 19 -0.555828 0.43548 -0.708104 0.4062 0.217499 0.898317 0.381733 0.0245969 0.80234 0.0581659 -0.594027 0.913453
1 151 14 0.246847 -0.952029 -0.18085 0.325809 -0.933025 -0.283909 0.221043 -0.214339 -0.261784 0.114174 -0.958349 0.920819
1 152 15 -0.408728 0.912598 0.0103326 0.066012 0.904137 0.40643 -0.131723 0.0948266 -0.12441 -0.0444969 -0.991233 0.993303
1 153 14 -0.487563 0.816591 0.308967 0.0640892 0.848428 0.526646 -0.0530543 0.099693 -0.20604 0.236269 -0.949592 0.992952
1 154 25 -0.54081 0.251417 -0.802692 0.40436 -0.186505 0.89469 0.405889 -0.01836 0.820208 0.369215 -0.436967 0.914416
1 155 20 0.101449 -0.952443 0.287335 -0.276673 -0.479692 0.2062 0.852864 -0.403489 -0.871552 -0.224354 -0.435961 0.872152
1 156 19 0.995075 -0.0985766 -0.0104427 0.0668153 -0.0888861 -0.933931 0.346224 -0.215898 -0.0438823 -0.343591 -0.938094 0.974127
1 157 16 -0.515582 0.744449 0.424229 0.0184693 0.759485 0.626272 -0.17597 0.0826091 -0.396684 0.231469 -0.888293 0.996411
1 158 20 0.785954 0.616913 -0.0411793 0.354806 -0.590203 0.768434 0.247324 0.0148342 0.184221 -0.170081 0.968057 0.934822
1 159 0 1 0 0 0 0 1 0 0 0 0 1 0
1 160 0 1 0 0 0 0 1 0 0 0 0 1 0
2 3 141 0.975615 0.071582 -0.20749 0.985001 -0.0677816 0.997377 0.0253774 0.0255698 0.208762 -0.0106946 0.977908 0.170645
2 4 30 0.914306 0.30997 0.260696 0.079097 -0.334166 0.941017 0.0531008 0.203287 -0.22886 -0.135666 0.963959 0.975919
2 5 18 0.906746 0.289029 0.30704 -0.118842 -0.267706 0.957152 -0.110421 0.237341 -0.325799 0.0179275 0.945269 -0.96413
2 6 14 -0.540404 -0.805316 0.243782 0.225512 0.770921 -0.589979 -0.240012 0.232744 0.337112 0.058233 0.939662 0.946031
2 7 11 0.267943 -0.960251 -0.0782571 0.129599 0.9497 0.276917 -0.146245 0.137731 0.162103 -0.0351353 0.986148 0.981954
2 8 28 -0.92507 -0.158375 -0.345201 0.105329 -0.0471414 0.949759 -0.309411 0.285343 0.376861 -0.269954 -0.886059 0.95262
2 9 10 0.751225 0.452159 0.480847 0.276245 -0.61292 0.207545 0.7624 0.0998765 0.244929 -0.867455 0.43305 0.955884
2 10 17 0.221415 0.946175 0.236068 0.216279 -0.975147 0.216814 0.0456143 0.347291 -0.00802392 -0.240301 0.970665 0.912476
2 11 32 -0.732931 0.273433 -0.622934 0.249415 0.680288 0.300768 -0.668392 0.3327 0.00459829 -0.913659 -0.406455 0.909452
2 12 12 -0.937647 -0.329743 -0.109944 0.157736 0.347131 -0.904566 -0.24751 0.0900622 -0.0178367 -0.270242 0.962627 0.983366
2 13 16 0.43332 0.282043 -0.855971 0.0611805 -0.789118 -0.340053 -0.511524 0.0368522 -0.435347 0.897115 0.0752128 0.997446
2 14 21 -0.0560765 -0.682091 0.729114 0.0104306 0.851249 0.348958 0.391922 0.0243961 -0.521757 0.642635 0.561061 0.999648
2 15 0 1 0 0 0 0 1 0 0 0 0 1 0
2 16 0 1 0 0 0 0 1 0 0 0 0 1 0
2 17 0 1 0 0 0 0 1 0 0 0 0 1 0
2 18 0 1 0 0 0 0 1 0 0 0 0 1 0
2 19 0 1 0 0 0 0 1 0 0 0 0 1 0
2 20 0 1 0 0 0 0 1 0 0 0 0 1 0
2 21 0 1 0 0 0 0 1 0 0 0 0 1 0
2 22 0 1 0 0 0 0 1 0 0 0 0 1 0
2 23 0 1 0 0 0 0 1 0 0 0 0 1 0
2 24 0 1 0 0 0 0 1 0 0 0 0 1 0
2 25 12 0.0485711 0.994757 -0.0899952 0.212246 0.965902 -0.0238383 0.25781 -0.0447055 0.254313 -0.0994486 -0.961995 0.976193
2 26 18 -0.891344 0.451607 0.0394685 0.06642 0.356513 0.7521 -0.554296 0.13158 -0.280008 -0.479997 -0.831383 0.989078
2 27 23 -0.975843 -0.118206 0.183733 -0.0692404 -0.102013 0.990212 0.0952503 -0.0650326 -0.193194 0.0742062 -0.97835 0.995478
2 28 23 -0.805677 -0.301896 -0.50965 0.286779 -0.534059 0.742406 0.404494 -0.304715 0.256252 0.598074 -0.759369 0.908244
2 29 31 0.351506 0.27124 -0.896031 0.365925 0.600342 -0.799717 -0.00657424 -0.102673 -0.718354 -0.535614 -0.443942 0.924963
2 30 0 1 0 0 0 0 1 0 0 0 0 1 0
2 31 22 0.681593 -0.509263 0.525436 -0.210038 0.73131 0.449727 -0.512768 0.306165 0.0248313 0.733756 0.67896 0.928519
2 32 17 -0.698135 -0.487194 0.524643 -0.193554 -0.240074 0.849647 0.469537 -0.279512 -0.674516 0.201847 -0.710131 0.940431
2 33 18 -0.828389 -0.390935 0.401175 -0.165654 -0.089063 0.799001 0.594698 -0.407296 -0.553027 0.456911 -0.696701 0.898147
2 34 20 -0.212642 0.774762 -0.595422 -0.271743 0.811914 0.47914 0.333497 -0.215298 0.543671 -0.412516 -0.730925 0.937978
2 35 27 0.562155 0.692565 -0.452035 0.3535 0.789495 -0.286588 0.542739 -0.322851 0.246334 -0.661983 -0.707883 0.877955
2 36 0 1 0 0 0 0 1 0 0 0 0 1 0
2 37 0 1 0 0 0 0 1 0 0 0 0 1 0
2 38 13 0.495236 -0.868071 -0.0345556 -0.0654208 0.853899 0.493706 -0.164653 0.366193 0.159991 0.0520353 0.985746 -0.928236
2 39 19 0.00996363 0.970066 -0.242636 0.165708 0.820136 0.130894 0.556995 -0.332226 0.572082 -0.204544 -0.794282 0.928529
2 40 24 -0.211663 -0.83942 0.500573 -0.221562 -0.521944 0.530109 0.668251 -0.404352 -0.826301 -0.119827 -0.550335 0.887361
2 41 12 -0.650019 -0.736187 0.188423 -0.275307 0.705266 -0.676764 -0.211165 -0.171716 0.282975 -0.00437289 0.959117 0.945896
2 42 20 0.0164165 0.95455 -0.297599 -0.123723 0.995592 0.0118818 0.093031 0.0399203 0.0923388 -0.297814 -0.950148 0.991513
2 43 15 0.783446 -0.620747 -0.029754 0.000316281 0.616914 0.782604 -0.0833583 0.1407 0.07503 0.0469511 0.996075 0.990052
2 44 19 0.868043 0.252854 -0.427278 0.334651 0.486924 -0.601681 0.633155 -0.507851 -0.0969887 -0.757657 -0.645406 0.793786
2 45 37 -0.203105 0.243558 0.948382 -0.451613 0.60699 0.791328 -0.0732314 0.0351742 -0.768317 0.560785 -0.30856 0.89152
2 46 39 0.677518 -0.42494 0.60033 -0.767938 0.501757 0.863828 0.0451835 -0.115785 -0.537782 0.270607 0.798475 0.629973
2 47 16 0.87072 -0.451287 0.195414 0.10149 0.464841 0.884967 -0.0274907 0.206251 -0.160529 0.114773 0.980336 0.973222
2 48 21 -0.229326 -0.937829 0.26055 -0.283689 0.969611 -0.243547 -0.0232108 0.27352 0.0852237 0.247309 0.965181 -0.91908
2 49 15 0.172765 0.962177 -0.210636 0.19042 -0.978936 0.191357 0.0711786 0.281635 0.108793 0.193902 0.97497 0.940437
2 50 31 -0.669546 -0.57553 -0.469546 0.338579 -0.611528 0.785934 -0.091329 -0.177978 0.421595 0.225992 -0.878172 0.923952
2 51 0 1 0 0 0 0 1 0 0 0 0 1 0
2 52 0 1 0 0 0 0 1 0 0 0 0 1 0
2 53 14 0.077617 0.965261 0.249492 -0.0754375 0.973203 -0.127686 0.191241 0.073801 0.216454 0.227963 -0.949305 0.994416
2 54 24 -0.653514 0.576263 -0.490755 0.149879 -0.754007 -0.438856 0.488753 0.143934 0.0662794 0.689439 0.721305 0.978171
2 55 23 -0.926937 -0.0492662 -0.37197 0.0906917 -0.320992 0.617469 0.71812 -0.09916 0.194301 0.785051 -0.588169 0.99093
2 56 0 1 0 0 0 0 1 0 0 0 0 1 0
2 57 0 1 0 0 0 0 1 0 0 0 0 1 0
2 58 0 1 0 0 0 0 1 0 0 0 0 1 0
2 59 24 0.107209 0.880152 0.462426 -0.500176 -0.940525 0.240584 -0.23986 0.0902183 -0.322366 -0.409208 0.853598 0.861211
2 60 24 -0.875437 -0.353064 -0.330085 0.166148 -0.196658 0.884045 -0.424017 0.136599 0.441515 -0.306287 -0.843358 0.976594
2 61 0 1 0 0 0 0 1 0 0 0 0 1 0
2 62 0 1 0 0 0 0 1 0 0 0 0 1 0
2 63 0 1 0 0 0 0 1 0 0 0 0 1 0
2 64 0 1 0 0 0 0 1 0 0 0 0 1 0
2 65 0 1 0 0 0 0 1 0 0 0 0 1 0
2 66 0 1 0 0 0 0 1 0 0 0 0 1 0
2 67 0 1 0 0 0 0 1 0 0 0 0 1 0
2 68 19 0.992407 -0.0275998 0.119857 0.110684 0.00801828 0.986942 0.160875 0.358371 -0.122732 -0.158692 0.97967 -0.926995
2 69 10 0.919672 -0.386922 -0.0670423 0.0021568 0.391349 0.889003 0.237739 0.0857396 -0.0323856 -0.244879 0.969013 0.996315
2 70 15 -0.806205 -0.288626 -0.516458 0.0587479 0.194997 -0.953784 0.228633 0.282039 -0.558578 0.0836177 0.825226 0.957602
2 71 24 0.929612 -0.368292 0.0135297 -0.224974 0.36492 0.924993 0.105931 0.117865 -0.0515283 -0.0935373 0.994281 0.96721
2 72 10 0.452781 0.884694 -0.110935 -0.171784 -0.847675 0.465699 0.25411 0.0498376 0.276472 -0.0210193 0.960792 0.983873
2 73 40 0.964973 -0.254085 -0.0653258 0.00765862 0.262348 0.934317 0.241301 -0.334682 -0.000275918 -0.249987 0.968249 0.9423
2 74 32 0.961116 0.0149488 -0.27574 0.147518 0.145254 -0.876601 0.458771 -0.335497 -0.234856 -0.480985 -0.844687 0.930419
2 75 12 0.992458 0.117928 0.0334644 0.388385 -0.107612 0.968887 -0.222886 -0.185835 -0.0587077 0.217604 0.97427 0.902565
2 76 21 0.932585 0.346267 -0.101904 -0.0152536 0.271993 -0.859756 -0.432249 0.379387 -0.237286 0.375391 -0.895978 0.925112
2 77 14 0.218538 -0.9738 0.062884 -0.039263 0.974624 0.214614 -0.0636283 -0.241716 0.0484654 0.0751935 0.99599 0.969552
2 78 29 0.786653 -0.575323 0.22401 -0.924838 0.601457 0.796033 -0.0676842 0.0799035 -0.139379 0.187976 0.972234 0.371873
2 79 21 -0.919816 -0.392224 0.00992675 0.0272555 -0.390914 0.918321 0.0622386 -0.128838 -0.0335274 0.0533676 -0.998012 0.991291
2 80 16 -0.300839 -0.889518 0.34388 -0.153718 -0.901847 0.382604 0.200715 -0.0716524 -0.310109 -0.249744 -0.917311 0.985513
2 81 0 1 0 0 0 0 1 0 0 0 0 1 0
2 82 16 0.946008 -0.311977 0.0879784 -0.385897 0.323612 0.924551 -0.201199 0.383783 -0.0185712 0.218806 0.975592 -0.838925
2 83 19 -0.814315 0.494323 0.304198 -0.134347 0.575326 0.756736 0.310404 -0.155564 -0.0767573 0.42778 -0.900618 0.978647
2 84 22 -0.584483 0.800033 0.135378 -0.171678 0.761178 0.482826 0.432998 -0.276166 0.281049 0.356126 -0.891171 0.945653
2 85 14 0.994969 0.0782731 -0.0625325 0.217438 0.0946788 -0.938707 0.331459 -0.243883 -0.0327554 -0.335712 -0.941395 0.945115
2 86 24 -0.430885 -0.901776 -0.0337446 -0.12994 -0.827839 0.409888 -0.382981 0.155102 0.359194 -0.137086 -0.92314 0.979316
2 87 17 -0.289859 0.882151 -0.371202 0.509583 -0.956865 -0.259104 0.13143 0.0244841 0.0197607 0.393287 0.919204 -0.860073
2 88 43 0.829661 -0.477408 0.289386 -0.971128 0.499929 0.866054 -0.00452757 0.191894 -0.248463 0.148429 0.957202 -0.141731
2 89 48 0.848703 -0.226969 0.477691 -0.994643 0.303173 0.948883 -0.0877886 0.0186739 -0.433348 0.219329 0.874131 0.10167
2 90 69 0.876986 -0.131347 0.462215 -0.933958 0.231933 0.958153 -0.167782 -0.15136 -0.420835 0.254346 0.87075 -0.323748
2 91 66 0.863909 -0.128424 0.487 -0.910777 0.31694 0.890106 -0.327506 0.247089 -0.391422 0.437285 0.809673 -0.330804
2 92 40 0.977439 -0.148275 0.150423 -0.223089 0.17671 0.964175 -0.197838 0.310915 -0.1157 0.219956 0.968624 -0.923885
2 93 48 0.943728 -0.136508 0.301235 -0.606311 0.240166 0.909072 -0.340453 0.651108 -0.227369 0.393642 0.890702 -0.456557
2 94 135 0.934449 -0.273478 0.228069 -0.568082 0.328019 0.910333 -0.252383 0.65388 -0.138598 0.31065 0.940366 -0.499724
2 95 277 0.962059 -0.254818 0.0975196 -0.261763 0.267541 0.951163 -0.153984 0.457172 -0.0535191 0.174232 0.983249 -0.849984
2 96 219 0.948122 -0.197987 -0.248728 0.726662 0.21108 0.9771 0.0268462 -0.0390799 0.237716 -0.077955 0.968201 -0.685883
2 97 86 0.891502 0.0310525 -0.451951 0.923546 0.0252013 0.992704 0.117918 -0.352457 0.452315 -0.116514 0.884215 -0.151121
2 98 18 0.989506 0.100247 -0.104062 0.386473 -0.103356 0.994332 -0.0249094 -0.171962 0.100975 0.0354034 0.994259 -0.906128
2 99 0 1 0 0 0 0 1 0 0 0 0 1 0
2 100 0 1 0 0 0 0 1 0 0 0 0 1 0
2 101 0 1 0 0 0 0 1 0 0 0 0 1 0
2 102 0 1 0 0 0 0 1 0 0 0 0 1 0
2 103 0 1 0 0 0 0 1 0 0 0 0 1 0
2 104 0 1 0 0 0 0 1 0 0 0 0 1 0
2 105 0 1 0 0 0 0 1 0 0 0 0 1 0
2 106 0 1 0 0 0 0 1 0 0 0 0 1 0
2 107 15 -0.0686409 0.615402 0.785219 0.0437518 -0.99731 -0.02205 -0.0698998 -0.239376 -0.0257024 -0.787905 0.61526 0.969941
2 108 15 0.183014 -0.925829 -0.330676 0.20985 -0.961467 -0.238745 0.136313 -0.332803 -0.20515 0.292987 -0.933848 0.91935
2 109 0 1 0 0 0 0 1 0 0 0 0 1 0
2 110 0 1 0 0 0 0 1 0 0 0 0 1 0
2 111 27 -0.245429 0.863408 -0.440785 0.310773 0.778538 0.446476 0.441065 -0.224261 0.577619 -0.234917 -0.781774 0.923649
2 112 15 -0.773531 0.585177 -0.243346 0.0253231 0.382163 0.737 0.557478 -0.335308 0.50557 0.338229 -0.793726 0.941768
2 113 0 1 0 0 0 0 1 0 0 0 0 1 0
2 114 11 0.412084 -0.875977 0.2507 -0.296088 0.856971 0.466084 0.219923 0.0288011 -0.309495 0.124216 0.942753 -0.954726
2 115 0 1 0 0 0 0 1 0 0 0 0 1 0
2 116 0 1 0 0 0 0 1 0 0 0 0 1 0
