0 1 353 0.969804 0.0797998 -0.230462 0.932881 -0.0810566 0.996701 0.00402457 0.220788 0.230023 0.0147774 0.973073 -0.28458
0 2 104 0.946637 0.120196 -0.299052 0.884669 -0.131258 0.991201 -0.0171031 0.177627 0.294364 0.0554433 0.954084 -0.431057
0 3 58 0.442138 -0.882494 -0.160367 0.235352 -0.802518 -0.309363 -0.510156 0.331136 0.400598 0.354257 -0.844999 0.91376
0 4 17 0.295117 0.888109 0.352376 -0.145737 -0.951717 0.305855 0.0262085 -0.207347 -0.0844999 -0.343097 0.935491 -0.967351
0 5 41 -0.398794 0.880269 0.257078 -0.149904 0.906451 0.420862 -0.0349508 -0.147941 -0.138961 0.219091 -0.965758 0.97757
0 6 35 0.423325 -0.438379 0.792855 -0.242267 -0.66038 0.449815 0.601302 -0.180605 -0.620237 -0.778132 -0.0990787 0.953252
0 7 25 0.390027 0.917242 -0.0809128 -0.0919603 -0.910826 0.371408 -0.180144 0.588188 -0.135184 0.143958 0.980307 -0.803479
0 8 17 -0.983385 0.0025886 0.181513 -0.382094 -0.00643556 -0.999767 -0.0206081 -0.292206 0.181418 -0.0214338 0.983173 0.87671
0 9 33 -0.763897 -0.377877 0.523135 -0.0344099 -0.259434 0.922067 0.287205 -0.131407 -0.590894 0.0836755 -0.802398 0.990731
0 10 26 -0.456008 -0.736535 -0.499572 -0.152401 -0.839177 0.54278 -0.0342407 -0.0817976 0.296377 0.403616 -0.865595 0.984928
0 11 37 0.582401 0.812893 0.00369446 0.330937 0.725815 -0.517956 -0.452675 0.28714 -0.366062 0.26632 -0.891668 0.898906
0 12 32 -0.0487611 -0.965401 0.256172 -0.139488 -0.962094 0.114299 0.247612 -0.0853169 -0.268325 -0.234388 -0.934379 0.986541
0 13 24 0.0186278 -0.976761 -0.213522 0.0908223 -0.968732 -0.0704782 0.237891 -0.168478 -0.247411 0.202414 -0.947532 0.981512
0 14 15 0.0398992 -0.998244 -0.0437776 0.133505 0.995576 0.0359861 0.0867974 0.0894744 -0.0850696 -0.0470471 0.995264 -0.987001
0 15 37 0.36041 -0.757983 -0.54366 0.331923 -0.638316 -0.625407 0.448796 -0.25556 -0.680189 0.185277 -0.709236 0.908029
0 16 29 -0.632737 0.768791 -0.0927597 0.134194 0.635691 0.58409 0.504713 -0.312546 0.442199 0.260384 -0.858289 0.940376
0 17 56 0.711411 -0.147263 -0.687174 0.342606 -0.14455 -0.987554 0.0619864 -0.0753032 -0.68775 0.0552331 -0.723844 0.936456
0 18 35 0.49215 -0.865079 0.0970881 -0.206609 -0.813436 -0.417294 0.405201 -0.280485 -0.310017 -0.278395 -0.909058 0.937359
0 19 23 0.527255 0.833121 0.16707 -0.0219685 -0.796128 0.55308 -0.245527 0.158196 -0.296956 -0.00355366 0.954884 0.987163
0 20 15 -0.649552 0.731347 -0.20788 0.240503 -0.723418 -0.678621 -0.127044 0.237327 -0.233985 0.0678625 0.969869 -0.941188
0 21 35 -0.720593 0.693307 0.00848027 -0.00258381 0.692706 0.720392 -0.0345518 -0.0117452 -0.0300641 -0.0190235 -0.999367 0.999928
0 22 50 -0.311123 -0.902518 -0.297765 0.52638 0.946585 -0.322213 -0.012428 -0.0881047 -0.0847274 -0.285727 0.954558 0.845672
0 23 20 0.839033 0.275987 0.468887 0.0977238 -0.35241 0.932257 0.0818811 -0.120272 -0.414525 -0.233941 0.879455 0.987919
0 24 17 0.149946 0.967413 -0.204031 0.00257013 -0.981667 0.121116 -0.147178 -0.128363 -0.11767 0.222359 0.967838 0.991724
0 25 21 -0.313138 -0.945163 -0.0927969 -0.021732 0.949268 -0.31447 -0.000283893 0.194706 -0.0289135 -0.0881779 0.995685 0.980621
0 26 24 0.995507 0.066326 0.067578 0.152058 -0.0353631 0.922472 -0.38444 0.350644 -0.0878372 0.380323 0.920673 -0.924082
0 27 24 -0.854333 -0.435476 0.283682 -0.0234239 0.391642 -0.898247 -0.199422 -0.248745 0.34166 -0.0592713 0.937953 0.968286
0 28 13 0.915288 0.300021 0.268768 -0.109051 -0.347023 0.926107 0.147987 0.0379651 -0.204509 -0.228719 0.951769 -0.993311
0 29 65 -0.450476 -0.594579 -0.665994 0.264901 -0.443588 0.796438 -0.410995 0.0425048 0.774791 0.110284 -0.622524 0.963338
0 30 59 -0.227416 0.894314 0.385336 -0.167435 0.749732 -0.0917242 0.655354 -0.338537 0.621437 0.437937 -0.649637 0.925936
0 31 23 0.978051 0.157512 -0.136404 -0.0891979 -0.192662 0.932951 -0.304113 0.268397 0.079357 0.323718 0.94282 0.95917
0 32 52 0.527272 0.81293 0.247243 0.134382 0.798197 -0.573643 0.183889 -0.105012 0.291318 0.100389 -0.951344 0.98535
0 33 21 0.903972 -0.412659 -0.112013 0.0693756 0.407097 0.910718 -0.0697428 0.0700829 0.130792 0.0174455 0.991256 0.995126
0 34 13 0.942137 -0.126646 0.310384 -0.0370531 0.0818912 0.984788 0.153251 -0.198693 -0.325071 -0.118966 0.938177 -0.979361
0 35 44 0.909892 -0.0697134 -0.408946 0.296899 -0.0281082 -0.993874 0.106887 -0.293634 -0.413892 -0.0857608 -0.906277 0.908642
0 36 36 0.92714 0.367323 0.0740691 -0.00160966 0.3557 -0.924893 0.134351 0.0205915 0.117856 -0.0982158 -0.988162 0.999787
0 37 44 -0.347054 -0.914129 -0.209574 0.0190769 -0.729518 0.403565 -0.552213 0.191495 0.58937 -0.0387596 -0.806933 0.981308
0 38 27 0.865652 -0.495244 -0.0733419 0.249108 0.496651 0.86795 0.0010944 -0.179081 0.0631151 -0.0373727 0.997306 -0.951775
0 39 24 0.79541 -0.606059 0.00391352 -0.170642 0.604864 0.794217 0.0579604 -0.163012 -0.0382356 -0.0437352 0.998311 -0.971755
0 40 42 0.625796 0.694652 0.354737 -0.630867 -0.748467 0.66279 0.0224933 0.175081 -0.219491 -0.279585 0.934696 -0.755879
0 41 46 0.727861 0.580683 0.364727 0.105516 0.673522 -0.705291 -0.221207 -0.0171508 0.128788 0.40666 -0.904457 0.99427
0 42 72 0.896661 -0.29569 0.329493 -0.992527 0.341409 0.935651 -0.0894247 -0.0113429 -0.281849 0.192676 0.939913 0.121497
0 43 54 -0.60791 0.77168 -0.186964 0.226434 0.540378 0.574617 0.614661 -0.285628 0.581754 0.272628 -0.766314 0.931206
0 44 50 -0.760477 -0.644956 -0.0755401 -0.0160378 -0.649249 0.752992 0.107136 -0.0724503 -0.0122171 0.130519 -0.991371 0.997243
0 45 123 0.731805 -0.255878 0.631655 -0.851348 0.328537 0.944489 0.00197756 0.0348268 -0.597097 0.206075 0.775247 0.523444
0 46 100 0.751729 -0.209379 0.625351 -0.877858 0.325815 0.942363 -0.0761394 0.104796 -0.573365 0.260985 0.776621 0.467315
0 47 23 0.974798 -0.19588 0.106773 -0.159257 0.191454 0.98021 0.0503363 0.203496 -0.11452 -0.0286255 0.993008 0.966037
0 48 17 -0.741114 -0.665312 -0.0900536 -0.028119 0.671007 -0.738475 -0.0663614 0.0653129 -0.0223512 -0.109608 0.993724 0.997469
0 49 26 0.910379 -0.397171 0.116039 0.0599919 0.390755 0.917467 0.0745931 0.272809 -0.136088 -0.0225653 0.99044 -0.960196
0 50 25 -0.389379 0.878631 0.276389 -0.262839 -0.901676 -0.424877 0.0803799 -0.133146 0.188055 -0.217915 0.957679 -0.955608
0 51 34 0.00476443 -0.953988 0.299807 -0.14859 -0.916336 0.115875 0.383276 -0.259888 -0.400381 -0.27655 -0.873622 0.954138
0 52 28 -0.294818 0.954022 -0.0540682 0.174158 -0.941444 -0.299688 -0.154503 0.165832 -0.163603 0.0053519 0.986512 0.970654
0 53 42 -0.293386 -0.946958 -0.131128 0.0891158 -0.898572 0.319979 -0.300302 0.278219 0.326332 0.029724 -0.944788 0.956375
0 54 55 -0.251634 -0.789891 -0.559243 0.132791 0.872883 -0.434814 0.221387 -0.295674 -0.418039 -0.432445 0.798896 0.946014
0 55 32 -0.256022 0.946346 -0.197185 0.171495 0.886063 0.311287 0.343501 -0.240878 0.386452 -0.0867742 -0.918219 0.955284
0 56 50 0.84075 -0.211064 -0.49859 0.101658 0.0442737 -0.891001 0.451837 -0.145695 -0.53961 -0.401957 -0.739764 0.984093
0 57 14 0.908448 -0.390595 0.148853 -0.148615 0.398721 0.916642 -0.0280982 0.060484 -0.12547 0.0848767 0.98846 -0.987044
0 58 59 -0.847314 0.507759 -0.155688 -0.266533 0.527792 0.77243 -0.353253 0.0249672 -0.0591092 -0.381487 -0.922482 0.963502
0 59 51 0.798587 -0.522284 0.299128 -0.233916 -0.581382 -0.797974 0.158846 -0.192084 0.155734 -0.30076 -0.940899 0.953093
0 60 27 -0.793438 -0.601758 0.0913409 -0.174234 -0.52926 0.756239 0.38469 -0.226124 -0.300566 0.256885 -0.918515 0.958389
0 61 29 0.0672705 -0.950656 -0.302865 0.0569121 -0.996808 -0.0771194 0.0206639 -0.21592 -0.043001 0.300508 -0.95281 0.974751
0 62 35 -0.986043 0.0198688 -0.165304 -0.193986 -0.0584226 -0.971012 0.231781 -0.302966 -0.155907 0.238204 0.95862 0.93305
0 63 46 0.291974 -0.899701 0.324483 -0.110223 0.763146 0.423652 0.487982 0.0967518 -0.576506 0.10515 0.810299 0.989187
0 64 39 0.910878 -0.390411 0.133721 -0.0545308 0.390381 0.920241 0.0275437 0.3402 -0.133809 0.027113 0.990636 0.938771
0 65 19 -0.978855 -0.204157 0.0127668 0.27462 0.198223 -0.962108 -0.187232 -0.0198158 0.0505078 -0.180742 0.982233 0.961349
0 66 19 0.916427 0.115005 0.383322 0.125936 -0.0626752 0.987245 -0.146353 0.181386 -0.395264 0.110097 0.911946 0.975315
0 67 16 0.846186 -0.530171 0.0537342 0.193598 0.524872 0.846634 0.0878676 0.160823 -0.0920781 -0.0461487 0.994682 0.96781
0 68 15 -0.872131 -0.377573 -0.311171 -0.0452183 0.329677 -0.923423 0.196476 0.261641 -0.361526 0.0687664 0.929823 0.964105
0 69 45 -0.182383 -0.881034 0.43648 -0.277807 -0.983187 0.167467 -0.0727914 0.0874894 -0.00896446 -0.442418 -0.896764 0.956644
0 70 24 -0.923839 0.243562 -0.295294 0.20578 0.302285 0.937487 -0.17246 0.202095 0.23483 -0.248589 -0.939712 0.957503
0 71 50 0.656245 0.427217 -0.621955 0.236453 0.495827 -0.865487 -0.071335 0.152974 -0.568769 -0.261568 -0.779797 0.959525
0 72 39 0.960118 -0.277853 0.0311652 0.56125 0.26951 0.949386 0.161341 -0.104072 -0.0744168 -0.146507 0.986407 0.821077
0 73 47 0.953065 -0.292753 -0.0772184 0.223977 0.299234 0.949637 0.0929933 -0.029629 0.0461054 -0.111735 0.992668 -0.974144
0 74 24 -0.725287 0.671398 -0.15226 -0.163083 -0.683025 -0.729457 0.0369972 -0.00292759 -0.0862271 0.130831 0.987648 0.986608
0 75 27 0.777323 -0.62376 0.0818122 -0.0117127 0.629094 0.77138 -0.0959848 0.0789916 -0.00323689 0.126079 0.992015 0.996806
0 76 39 0.910977 -0.410341 -0.041736 -0.607588 0.411887 0.910368 0.0397322 0.426166 0.0216914 -0.0533857 0.998338 -0.670238
0 77 32 0.934113 -0.352822 -0.0543143 -0.0828579 0.354828 0.93435 0.0329675 -0.233959 0.0391169 -0.0500676 0.99798 0.968709
0 78 26 0.913723 -0.406141 -0.0126628 -0.0857245 0.406304 0.913609 0.015359 -0.180092 0.00533093 -0.0191788 0.999802 0.979907
0 79 52 -0.71805 0.691335 0.0803807 -0.102859 0.606 0.564222 0.560729 -0.212722 0.342299 0.451342 -0.824088 0.971684
0 80 50 -0.641524 0.543491 -0.541355 0.364222 0.364935 0.836967 0.407809 -0.156716 0.674737 0.0640598 -0.735273 0.918032
0 81 53 0.971515 -0.231149 0.0522327 0.068085 -0.170381 -0.834513 -0.523983 0.160558 0.164707 0.500158 -0.850126 0.984675
0 82 19 -0.99974 -0.00342643 0.022546 -0.185114 0.0029576 -0.999779 -0.0207949 0.00393923 0.0226122 -0.0207229 0.99953 -0.982709
0 83 21 -0.993837 0.0537749 0.0969334 0.146482 -0.0659568 -0.989681 -0.127204 0.268754 0.0890928 -0.132813 0.987129 0.952006
0 84 18 -0.973654 0.212083 0.0837765 0.0197061 -0.216601 -0.975028 -0.0490301 0.129383 0.071286 -0.0658844 0.995278 -0.991399
0 85 70 -0.545117 -0.615075 -0.569675 0.344595 -0.508079 0.782882 -0.359097 0.272456 0.66686 0.0936898 -0.73927 0.898344
0 86 56 0.78579 -0.358709 0.503848 -0.973819 0.297821 0.933422 0.200064 -0.16399 -0.542067 -0.00715146 0.840305 -0.157431
0 87 94 0.777892 -0.356426 0.517538 -0.949089 0.257459 0.932056 0.254925 -0.285741 -0.573236 -0.0650587 0.816803 -0.1326
0 88 165 0.944844 -0.215631 0.246522 -0.757039 0.212268 0.976373 0.0404639 0.0712179 -0.249422 0.0140967 0.968292 -0.649477
0 89 366 0.993738 -0.0513394 0.0992427 -0.224851 0.05881 0.995532 -0.0738773 0.171149 -0.0950065 0.0792511 0.992317 -0.959245
0 90 226 0.999457 0.0259341 -0.0203391 0.0381623 -0.0303735 0.964335 -0.262938 0.265558 0.0127946 0.263413 0.964598 -0.963339
0 91 91 0.982129 0.115753 0.148405 -0.185112 -0.116536 0.99318 -0.0034399 -0.320226 -0.147791 -0.0139161 0.988921 -0.92908
0 92 45 0.993507 0.111572 0.0222739 0.162931 -0.109266 0.990239 -0.0865313 0.0196216 -0.031711 0.0835357 0.996 -0.986442
0 93 91 0.953571 0.300502 0.0200104 0.0429976 -0.249684 0.751662 0.61046 -0.953 0.168403 -0.587114 0.791794 -0.299903
0 94 54 0.982301 -0.0937613 0.162154 -0.327278 0.106263 0.991856 -0.0702084 0.215527 -0.154251 0.0861968 0.984265 -0.92002
0 95 86 0.979578 -0.136492 -0.147639 0.38579 0.109755 0.978226 -0.176148 0.423492 0.168467 0.156346 0.973229 -0.819647
0 96 30 0.985943 -0.0476596 0.160139 -0.324294 0.0246298 0.989441 0.14283 -0.170462 -0.165256 -0.136878 0.976706 -0.930471
0 97 57 0.57038 0.699284 -0.430893 0.17694 0.682256 -0.695459 -0.225529 0.148767 -0.457377 -0.165342 -0.873767 0.972913
0 98 63 -0.0469203 0.31888 0.946633 -0.486609 0.538564 -0.790062 0.292832 -0.195035 0.841277 0.523562 -0.134667 0.851571
0 99 49 0.328188 -0.459529 -0.825304 0.395788 -0.484629 -0.831857 0.270461 -0.089735 -0.810819 0.311204 -0.495706 0.913947
0 100 28 0.314639 -0.791434 0.524057 -0.224395 -0.714323 -0.561001 -0.418355 -0.0490037 0.625097 -0.242715 -0.741852 0.973265
0 101 12 -0.565846 0.81131 -0.146948 0.0675398 -0.739754 -0.578258 -0.344065 0.174543 -0.364118 -0.0859825 0.927375 -0.98233
0 102 27 -0.988093 0.0735016 -0.135162 -0.0163032 -0.0668632 -0.996352 -0.0530208 -0.0874812 -0.138566 -0.0433521 0.989404 0.996033
0 103 21 -0.809871 0.586601 -0.00297774 0.0956047 -0.585768 -0.808971 -0.0494223 -0.197266 -0.0314001 -0.0382814 0.998774 0.975677
0 104 58 -0.216576 0.890097 -0.401026 0.297145 0.945342 0.293775 0.14151 -0.0277337 0.243769 -0.348458 -0.905071 0.95443
0 105 60 -0.77062 -0.605311 -0.199357 0.177137 -0.62882 0.773057 0.083474 -0.0645843 0.103587 0.189686 -0.976365 0.982065
0 106 64 -0.00692858 -0.145638 0.989314 -0.378402 0.352801 0.925362 0.138694 -0.00640984 -0.935673 0.349992 0.0449697 0.925619
0 107 20 -0.942316 -0.324454 0.0822755 -0.32454 0.325269 -0.945614 -0.00367796 0.135021 0.0789943 0.0232959 0.996603 -0.936185
0 108 23 0.875372 -0.220081 0.430452 -0.358553 0.301029 0.944836 -0.1291 0.271037 -0.378294 0.242589 0.893333 -0.893296
0 109 37 0.950647 0.290709 0.10844 -0.0517069 0.305051 -0.939566 -0.155432 0.00996248 0.0567012 0.18084 -0.981877 0.998613
0 110 40 0.984806 -0.0925587 0.146938 -0.30608 0.102588 0.992778 -0.0621968 -0.296921 -0.14012 0.0763258 0.987188 0.904518
0 111 20 0.954464 -0.126862 -0.270008 -0.384386 0.142359 0.989065 0.0385229 -0.237109 0.262169 -0.0752068 0.962087 0.892203
0 112 60 0.212873 0.676413 0.705089 -0.235141 0.960902 -0.0141558 -0.276526 -0.048858 -0.177065 0.736386 -0.65298 0.970732
0 113 29 -0.71835 -0.690222 0.0869884 0.0945414 -0.678677 0.722769 0.130391 -0.00299603 -0.152871 0.0346296 -0.987639 0.995516
0 114 48 0.319651 -0.28723 -0.902952 0.769923 0.111252 -0.93498 0.336802 -0.227768 -0.940982 -0.208114 -0.266912 0.596104
0 115 59 0.141613 0.868356 0.475294 -0.213735 0.748486 -0.408148 0.522671 -0.33134 0.647854 0.281734 -0.707751 0.918984
0 116 65 -0.555019 -0.823662 0.116334 -0.0114452 -0.724906 0.547514 0.418018 -0.230825 -0.408 0.147677 -0.900959 0.972928
0 117 60 0.555529 -0.700724 -0.447631 0.259427 -0.724986 -0.671803 0.151906 -0.153206 -0.407164 0.240138 -0.881221 0.953533
0 118 34 0.775738 0.229777 0.587736 -0.00452002 -0.00315433 0.932754 -0.3605 0.0444117 -0.631047 0.2778 0.724297 0.999003
0 119 13 -0.792134 -0.597476 -0.124687 0.265422 0.599643 -0.723736 -0.341518 0.309426 0.113808 -0.345296 0.931568 -0.91313
0 120 54 0.501669 0.739408 -0.449004 0.230711 0.249752 0.373142 0.893526 -0.23731 0.828222 -0.560394 0.00252517 0.94364
0 121 28 -0.842717 0.507963 0.178331 -0.278542 -0.523139 -0.850866 -0.0485057 -0.188854 0.127097 -0.134169 0.982774 -0.941673
0 122 25 0.198881 0.953332 0.227167 -0.0544521 -0.975676 0.214415 -0.0456293 -0.0286897 -0.0922078 -0.212566 0.972786 0.998104
0 123 28 0.875417 -0.458354 -0.153483 0.234921 0.406182 0.869688 -0.280462 0.35334 0.262033 0.183179 0.947515 -0.905518
0 124 43 0.618823 -0.698273 -0.359823 0.196359 -0.760434 -0.64737 -0.051505 -0.177555 -0.196974 0.305494 -0.931598 0.964322
0 125 31 -0.397016 -0.917506 0.0236884 0.180136 0.878227 -0.387265 -0.280613 0.0650184 0.266638 -0.0906041 0.959529 -0.981491
0 126 41 0.997053 0.0662261 0.0387216 0.112385 -0.0601479 0.988143 -0.141268 0.210609 -0.0476181 0.138523 0.989214 -0.971089
0 127 67 0.983277 0.093465 0.1563 -0.556999 -0.0659079 0.98271 -0.173021 0.563924 -0.169769 0.159827 0.972437 -0.609706
0 128 101 0.832785 0.297521 0.466852 -0.491088 0.180746 0.650966 -0.737275 0.804584 -0.52326 0.698373 0.488338 0.333881
0 129 56 0.980784 0.0949178 0.170453 -0.596354 -0.116738 0.985528 0.122913 0.60616 -0.156319 -0.140449 0.97767 -0.526243
0 130 48 -0.255196 -0.906935 0.335178 -0.24953 -0.962257 0.272117 0.00366603 0.106529 -0.0945326 -0.321592 -0.942148 0.96249
0 131 20 0.619631 0.784146 0.0342405 0.208544 -0.771264 0.600198 0.21193 0.0867664 0.145633 -0.157727 0.976685 -0.974157
0 132 45 0.141093 -0.921281 0.362401 -0.401372 -0.780257 -0.328793 -0.532066 0.0583152 0.609337 -0.207695 -0.765226 0.914057
0 133 17 0.966231 0.100651 0.237208 -0.297182 -0.107542 0.994068 0.0162583 -0.13656 -0.234164 -0.0412191 0.971323 -0.945005
0 134 32 0.932275 -0.346805 0.102906 0.0220858 -0.358415 -0.924057 0.13288 -0.1951 0.049008 -0.160764 -0.985775 0.980535
0 135 21 0.782245 0.497308 0.375203 -0.37188 -0.570573 0.813704 0.111051 -0.17159 -0.250078 -0.300949 0.920267 -0.912284
0 136 27 0.947621 -0.318469 0.0243235 -0.0636784 0.306873 0.928938 0.207132 0.0162344 -0.0885599 -0.188818 0.978011 -0.997838
0 137 58 0.864902 -0.182927 0.46742 -0.359459 0.0512214 -0.8942 -0.444728 0.220768 0.49932 0.408588 -0.764025 0.90667
0 138 20 0.395641 0.911757 0.110303 -0.153745 -0.918405 0.392851 0.046906 -0.200116 -0.000565625 -0.119861 0.992791 -0.967634
0 139 61 0.97933 0.177426 -0.097127 -0.228112 -0.15423 0.965686 0.208961 -0.300645 0.130869 -0.189661 0.973089 -0.926055
0 140 209 0.996694 0.000995742 0.0812381 -0.74142 -0.0213567 0.96797 0.250157 -0.666165 -0.078387 -0.251065 0.964791 -0.0807544
0 141 299 0.995719 -0.029501 0.0875921 -0.976438 0.0161295 0.988614 0.14961 0.192892 -0.0910084 -0.147557 0.984858 -0.096753
0 142 167 0.925665 -0.0374144 0.37649 -0.841231 0.113999 0.976434 -0.183252 0.490651 -0.360762 0.212549 0.908116 0.227137
0 143 86 0.912268 -0.191479 0.362081 -0.92655 0.215163 0.976236 -0.0258438 0.256939 -0.348528 0.101483 0.931788 0.274749
0 144 62 0.258106 -0.962039 0.0886678 -0.0990068 -0.803504 -0.264716 -0.533204 0.181407 0.536435 0.066378 -0.841327 0.978412
0 145 31 0.815713 -0.567572 -0.111688 0.326481 0.575367 0.816019 0.0553751 0.215413 0.0597105 -0.109432 0.992199 -0.92033
0 146 39 0.97248 0.0700112 0.222218 0.0789959 0.121659 -0.966017 -0.228059 -0.0115105 0.198699 0.248818 -0.94795 0.996808
0 147 41 0.379915 -0.839467 -0.388535 0.31789 -0.667113 -0.539619 0.513586 -0.347115 -0.6408 0.0640777 -0.765029 0.882302
0 148 40 -0.812787 0.50424 -0.291753 0.183674 0.393793 0.844616 0.3627 -0.124487 0.429307 0.179908 -0.885059 0.975073
0 149 25 -0.0478514 0.996213 0.0725913 0.299813 -0.998696 -0.046422 -0.0212531 0.242851 -0.0178028 -0.0735136 0.997135 0.92257
0 150 46 -0.266547 -0.668692 -0.694121 0.312889 -0.963172 0.158357 0.217308 -0.223856 -0.0353931 0.726481 -0.686275 0.923032
0 151 40 0.368273 -0.76229 -0.532249 0.338551 -0.926043 -0.249912 -0.282822 0.291178 0.0825767 0.597042 -0.797949 0.894762
0 152 51 0.511493 0.720448 0.468326 -0.116418 -0.340995 -0.330083 0.880209 -0.437827 0.788732 -0.609917 0.0768335 0.89149
0 153 22 0.327765 -0.935969 -0.128575 0.110141 0.887319 0.351703 -0.298278 0.250788 0.324399 -0.0163221 0.945779 -0.961756
0 154 42 -0.197178 -0.93985 -0.278931 0.121981 -0.899927 0.286386 -0.328806 0.274672 0.388911 0.186185 -0.902266 0.953769
0 155 38 -0.187858 0.868382 -0.458936 0.448844 0.982005 0.175277 -0.0703162 -0.168534 0.0193796 -0.463887 -0.885682 0.877574
0 156 33 0.876115 0.265266 -0.402562 0.237 0.272057 -0.96139 -0.0414126 -0.00295043 -0.398005 -0.0732377 -0.914455 0.971505
0 157 44 0.773966 -0.429597 -0.465213 0.317884 -0.321 -0.899453 0.296553 -0.0853378 -0.545835 -0.0801884 -0.834046 0.944281
0 158 49 -0.551048 -0.791092 0.265556 0.0296977 -0.832037 0.545175 -0.10246 0.180072 -0.0637195 -0.277413 -0.958636 0.983205
0 159 19 0.99648 -0.000790314 0.0838257 0.402734 -0.00731889 0.995317 0.0963874 0.0770846 -0.0835094 -0.0966616 0.991808 0.912066
0 160 11 -0.633372 -0.758785 0.151935 0.283701 0.741588 -0.651253 -0.160988 -0.0365022 0.221103 0.0107073 0.975192 0.958218
1 2 247 0.961359 0.0515021 -0.270436 0.971528 -0.0671913 0.996533 -0.0490743 0.100461 0.266971 0.0653489 0.961486 -0.214574
1 3 73 0.732405 0.0662895 -0.677635 0.97577 -0.117562 0.992613 -0.0299622 0.045582 0.670643 0.101609 0.734788 0.213997
1 4 35 0.863374 -0.504341 0.0150235 0.0531795 -0.461329 -0.801103 -0.381327 0.0558161 0.204354 0.322297 -0.924318 0.997024
1 5 28 0.0127095 -0.915329 0.402507 -0.35285 -0.962194 0.0983314 0.253995 -0.282205 -0.272068 -0.390518 -0.879474 0.892108
1 6 34 0.0171392 0.999137 0.0378314 0.184898 0.887388 0.0022338 -0.461018 0.0462324 -0.460705 0.0414726 -0.886584 0.98167
1 7 22 0.18714 0.930124 -0.315987 0.195241 0.967872 -0.229577 -0.10256 0.197172 -0.167936 -0.286642 -0.943204 0.960731
1 8 15 -0.998246 -0.0336521 -0.0487104 0.407109 0.0412332 -0.985579 -0.164115 0.256728 -0.0424851 -0.165835 0.985238 -0.876557
1 9 0 1 0 0 0 0 1 0 0 0 0 1 0
1 10 13 0.768991 0.638814 -0.0238659 -0.125781 -0.637226 0.763034 -0.108268 0.262259 -0.0509525 0.098465 0.993835 -0.956765
1 11 20 -0.398797 0.915547 0.0523004 0.394647 -0.838133 -0.340745 -0.425942 -0.110525 -0.372149 -0.213699 0.903237 0.912161
1 12 10 -0.430231 0.763002 0.48242 0.135719 -0.892348 -0.440239 -0.0995238 -0.141575 0.136443 -0.473305 0.870267 0.98058
1 13 13 0.900464 0.417613 0.12151 -0.434601 -0.422603 0.906147 0.0174437 -0.0920895 -0.102821 -0.0670578 0.992437 -0.895903
1 14 0 1 0 0 0 0 1 0 0 0 0 1 0
1 15 14 0.611218 0.779972 -0.134373 0.0367233 -0.781745 0.568426 -0.25645 0.206151 -0.123643 0.261793 0.957171 -0.977831
1 16 26 0.365059 -0.810767 -0.457589 0.195347 -0.820725 -0.51229 0.252922 -0.23544 -0.439479 0.283223 -0.852433 0.952054
1 17 33 0.588943 -0.774155 -0.232014 0.0872899 -0.691395 -0.631285 0.351358 -0.226122 -0.418473 -0.0465162 -0.907037 0.97018
1 18 0 1 0 0 0 0 1 0 0 0 0 1 0
1 19 21 0.181106 -0.780492 -0.598359 0.0186504 0.877864 0.402571 -0.259404 -0.11709 0.443345 -0.478298 0.758074 0.992946
1 20 23 -0.720581 -0.690747 -0.0602625 -0.030271 -0.653225 0.705435 -0.275063 0.0746821 0.23251 -0.15884 -0.959536 0.996748
1 21 39 0.328133 0.940162 -0.091779 0.00679344 0.647551 -0.153135 0.746476 -0.360801 0.687754 -0.304375 -0.659052 0.932618
1 22 10 -0.166677 -0.951003 -0.260409 0.175465 0.973882 -0.117484 -0.194296 0.0643805 0.154182 -0.285993 0.945746 -0.982378
1 23 30 0.882902 -0.467644 -0.042355 0.0209789 -0.462173 -0.881408 0.0975464 -0.0397276 -0.082949 -0.0665485 -0.994329 0.99899
1 24 23 0.675099 0.688676 0.264512 -0.382305 -0.731696 0.670815 0.12095 -0.12612 -0.0941429 -0.275196 0.956768 0.915389
1 25 15 0.49885 -0.863852 -0.0700635 0.0179339 0.834528 0.500585 -0.230167 -0.017137 0.233903 0.0563491 0.970626 0.999692
1 26 29 0.593369 0.799331 -0.0947782 0.0210984 0.782539 -0.60043 -0.16467 0.0650058 -0.188534 0.0235425 -0.981785 0.997662
1 27 21 0.513412 -0.855879 -0.0622844 0.0945952 -0.717974 -0.468172 0.5151 -0.288065 -0.470023 -0.21974 -0.854864 0.952927
1 28 27 -0.434369 -0.838329 0.329436 0.139044 -0.878789 0.474667 0.0492008 -0.111655 -0.197619 -0.268133 -0.942895 0.983971
1 29 27 -0.525077 -0.851032 -0.00616655 0.424357 0.844929 -0.520417 -0.123537 -0.197079 0.101925 -0.0700769 0.992321 0.883788
1 30 35 -0.394156 -0.915081 0.0852501 -0.0179213 -0.875158 0.345394 -0.338824 0.0335686 0.280606 -0.208157 -0.93698 0.999276
1 31 16 0.0271857 -0.993541 0.110173 -0.353246 0.931551 -0.0147976 -0.363309 0.252994 0.362592 0.112509 0.925132 -0.900673
1 32 26 0.593878 0.765406 0.247916 -0.206732 -0.719597 0.64314 -0.261825 0.28912 -0.359847 -0.0229074 0.93273 0.934704
1 33 43 0.717046 -0.403446 0.568398 -0.25081 0.593687 -0.0737662 -0.801308 0.24092 0.365213 0.912025 0.186627 0.937578
1 34 21 -0.698224 0.715817 -0.00945328 0.25141 -0.61088 -0.602647 -0.513461 0.43045 -0.373241 -0.352736 0.858061 -0.866894
1 35 32 -0.958797 0.254314 0.126618 0.143354 0.266401 0.959673 0.0897628 -0.245335 -0.0986842 0.119796 -0.987882 0.958781
1 36 36 0.156001 0.754331 -0.63769 0.519306 0.982215 -0.186759 0.0193653 -0.130749 -0.104486 -0.62937 -0.770049 0.844527
1 37 31 0.685637 -0.381728 0.619827 -0.55741 -0.354757 -0.918739 -0.173393 0.144944 0.635649 -0.101004 -0.765342 0.817487
1 38 21 -0.0548663 -0.979745 -0.192586 0.0248674 -0.976866 0.0127437 0.21347 -0.106545 -0.206692 0.199844 -0.957779 0.993997
1 39 11 -0.649848 0.722876 0.234834 -0.0735689 -0.758582 -0.597567 -0.259744 0.271046 -0.0474338 -0.346935 0.936689 -0.959751
1 40 14 0.845083 0.52851 0.080702 -0.171738 -0.534575 0.83302 0.142502 -0.107874 0.0080873 -0.163567 0.986499 -0.979219
1 41 32 -0.295478 0.585815 -0.754662 0.00873136 -0.941183 -0.0429671 0.335154 0.0996294 0.163912 0.809305 0.564055 0.994986
1 42 47 -0.249522 0.768075 -0.589746 0.329818 0.573374 0.607962 0.549204 -0.339974 0.780372 -0.201107 -0.592094 0.880703
1 43 48 -0.558156 -0.271768 0.783967 -0.239575 -0.307684 0.945268 0.108624 -0.214219 -0.770579 -0.180585 -0.611226 0.94695
1 44 13 -0.115074 0.966329 0.230143 -0.38383 -0.958989 -0.0476555 -0.27941 0.183934 -0.259034 -0.252858 0.932183 -0.904899
1 45 23 0.902552 -0.424761 0.0705533 0.184715 0.430396 0.89477 -0.118938 0.173231 -0.0126087 0.137714 0.990392 0.967405
1 46 26 0.924764 -0.37453 0.067362 -0.0407901 0.378247 0.92408 -0.0548185 -0.0237808 -0.0417167 0.0761737 0.996222 0.998885
1 47 42 0.877094 -0.442146 -0.187652 0.588721 0.448702 0.893642 -0.00834738 0.0479313 0.171385 -0.0768785 0.9822 0.806914
1 48 71 0.570547 -0.251165 0.781915 -0.680796 0.334029 0.940749 0.0584511 -0.0603003 -0.750267 0.227833 0.620638 0.729986
1 49 32 0.850824 -0.518612 0.0845001 0.364041 0.521036 0.853497 -0.0080066 0.0975763 -0.0679682 0.0508398 0.996391 0.926258
1 50 45 -0.575943 -0.735529 0.356772 -0.247273 -0.481497 -0.0474739 -0.875161 0.563331 0.660644 -0.675827 -0.326813 0.788362
1 51 32 -0.964508 0.215928 0.151982 -0.0961657 0.230434 0.407261 0.883764 -0.553128 0.128933 0.88742 -0.442563 0.827527
1 52 0 1 0 0 0 0 1 0 0 0 0 1 0
1 53 14 0.829808 0.464584 0.309162 0.253661 -0.551376 0.767986 0.325857 0.00912997 -0.0860443 -0.440863 0.893441 0.96725
1 54 25 0.401766 -0.8907 0.212693 0.0225528 -0.863093 -0.445931 -0.237098 0.0762691 0.306029 -0.0883159 -0.947917 0.996832
1 55 10 -0.343056 0.928254 -0.143724 -0.161782 -0.93451 -0.352739 -0.0476058 -0.191643 -0.0948874 0.11798 0.988472 0.968039
1 56 15 0.704366 -0.666536 0.244127 0.0220114 0.705253 0.696149 -0.134143 -0.23147 -0.080537 0.266657 0.960421 0.972593
1 57 15 0.80717 -0.514359 -0.289674 0.0252989 0.48593 0.857563 -0.168697 0.366259 0.335184 -0.004594 0.942141 -0.930169
1 58 31 0.90855 0.256951 0.329414 -0.266533 0.256502 -0.965466 0.0456322 0.0249672 0.329763 0.0430363 -0.943082 0.963502
1 59 22 0.960685 -0.264139 -0.0855327 -0.301267 0.255785 0.961821 -0.097341 0.0385827 0.107979 0.0716361 0.991569 0.952759
1 60 30 -0.0824895 0.961397 0.262509 -0.266 0.92486 -0.0242766 0.379533 -0.177088 0.371255 0.274091 -0.887155 0.947567
1 61 30 0.701628 0.711445 0.0395437 0.00557242 0.667495 -0.636838 -0.385861 0.107214 -0.249336 0.297126 -0.921709 0.99422
1 62 14 -0.939034 -0.342962 0.0243331 -0.201298 0.339331 -0.935843 -0.0951496 -0.312645 0.0554047 -0.0810918 0.995166 0.928295
1 63 30 -0.265503 0.964101 0.00408721 -0.017521 0.911471 0.252387 -0.324841 0.190668 -0.314211 -0.082521 -0.94576 0.981498
1 64 10 0.364384 0.905563 -0.217212 0.0545308 -0.776283 0.424211 0.466294 -0.3402 0.514402 -0.00129208 0.857548 -0.938771
1 65 22 0.997287 -0.0592757 0.0436457 -0.147164 0.047678 0.971898 0.230523 -0.00427421 -0.0560835 -0.227816 0.972088 0.989103
1 66 34 -0.8233 0.45893 -0.334007 0.222388 0.567274 0.645128 -0.511869 0.287524 -0.0194351 -0.610896 -0.791473 0.931597
1 67 36 0.262245 -0.827866 -0.495848 0.368118 -0.951255 -0.135353 -0.277116 0.15443 0.162301 0.544351 -0.823007 0.916864
1 68 51 0.937121 -0.262916 0.229518 -0.0837455 0.246176 0.0318039 -0.968703 0.815185 0.247388 0.964294 0.0945278 0.573114
1 69 37 -0.00214122 -0.94099 0.338426 -0.288564 0.282248 -0.325236 -0.902529 0.957294 0.959339 0.0935876 0.266289 0.017881
1 70 40 -0.730055 -0.384977 0.564634 -0.285771 -0.584555 0.779778 -0.224146 0.23498 -0.353998 -0.493699 -0.794321 0.929042
1 71 81 0.952144 -0.300483 0.0559543 -0.156654 0.303357 0.951411 -0.0528396 0.768093 -0.0373581 0.067285 0.997034 -0.620881
1 72 28 0.756441 -0.653795 0.0186941 0.233523 0.653758 0.756652 0.00886921 -0.207487 -0.0199436 0.00551238 0.999786 -0.949956
1 73 47 0.834748 -0.533581 -0.135967 0.273318 0.546028 0.834001 0.0793473 0.052669 0.0710587 -0.140477 0.987531 0.960481
1 74 43 0.967277 0.249246 0.0474508 -0.153477 0.24461 -0.965754 0.0865189 0.00502419 0.0673903 -0.0720808 -0.99512 0.988139
1 75 19 0.889943 -0.439259 0.122688 0.0615648 0.451881 0.885645 -0.10694 -0.181425 -0.0616836 0.150611 0.986667 0.981476
1 76 23 0.881849 -0.471506 0.00484076 -0.115991 0.471314 0.881708 0.0213134 -0.0668172 -0.0143176 -0.0165137 0.999761 0.991
1 77 44 0.600888 -0.563459 0.566963 -0.740242 0.566709 0.800521 0.194955 -0.372486 -0.563715 0.204157 0.800341 0.559729
1 78 22 0.247606 -0.953454 0.172098 -0.303645 0.941479 0.19485 -0.275048 0.164186 0.228712 0.23013 0.945902 -0.938532
1 79 47 0.850683 0.515863 -0.101116 -0.11274 -0.223412 0.18067 -0.957834 0.286385 -0.475842 0.837403 0.268943 0.951458
1 80 29 0.81477 -0.323426 -0.481192 0.266554 -0.273681 -0.946211 0.172576 -0.132046 -0.511125 -0.00891612 -0.85946 0.954732
1 81 13 0.327278 -0.944732 -0.0192229 -0.140567 0.941503 0.327755 -0.0784093 -0.176562 0.0803762 0.00756324 0.996736 0.974201
1 82 17 0.884106 -0.421227 0.202299 -0.0937389 0.399161 0.90586 0.14173 0.0499012 -0.242955 -0.0445547 0.969014 0.994345
1 83 24 -0.461019 0.865165 -0.197358 0.356338 -0.866721 -0.486726 -0.109056 0.381743 -0.190411 0.120777 0.974247 -0.852816
1 84 39 0.943044 -0.264864 0.201285 -0.266001 -0.316418 -0.527355 0.788528 -0.331759 -0.102704 -0.807307 -0.581126 0.905085
1 85 34 -0.96495 -0.0614724 0.255131 -0.174553 -0.110752 0.976753 -0.183541 0.0254268 -0.237918 -0.205365 -0.949326 0.984319
1 86 41 -0.101185 0.9731 -0.206975 0.0347245 0.83655 0.195823 0.5117 -0.312181 0.538465 -0.121368 -0.833861 0.949388
1 87 50 0.663504 -0.37472 0.64757 -0.967552 0.324572 0.924012 0.202126 -0.235538 -0.674104 0.0760713 0.734709 0.0914572
1 88 38 0.972081 -0.233363 0.0244888 0.328712 0.233528 0.972342 -0.00405617 0.20816 -0.0228649 0.00966173 0.999692 -0.921205
1 89 164 0.90323 -0.114243 0.413672 -0.972715 0.165279 0.982165 -0.0896348 -0.0113738 -0.396054 0.149332 0.906003 -0.231723
1 90 140 0.979896 -0.0544766 0.191925 -0.531921 0.106205 0.956799 -0.270659 0.0845477 -0.168889 0.285601 0.94335 -0.842562
1 91 115 0.970828 -0.0381765 0.236716 -0.411859 0.149 0.869542 -0.470846 0.632816 -0.18786 0.492381 0.849864 -0.65568
1 92 85 0.941964 0.0144842 0.335401 -0.695675 0.0378193 0.988131 -0.148886 -0.0117304 -0.333577 0.15293 0.930236 -0.718261
1 93 77 0.950712 -0.00107091 0.310074 -0.47096 0.169264 0.83965 -0.516079 0.79946 -0.259801 0.543127 0.798447 -0.372907
1 94 122 0.978022 -0.20751 0.0202972 0.0217123 0.193495 0.867066 -0.459081 0.899509 0.0776647 0.452919 0.888163 -0.436362
1 95 181 0.962256 -0.215931 -0.16564 0.518856 0.161076 0.94248 -0.292892 0.595864 0.219357 0.255157 0.941689 -0.612972
1 96 122 0.80956 -0.167855 -0.562527 0.959818 0.133096 0.985778 -0.102605 0.181992 0.571749 0.00819486 0.820387 -0.213606
1 97 34 0.996419 0.0845036 0.00277705 -0.0222548 -0.0836072 0.989675 -0.116418 0.146049 -0.0125861 0.115769 0.993196 -0.989027
1 98 30 -0.612378 -0.690062 -0.385755 0.0803526 -0.653329 0.716488 -0.244552 0.130541 0.445145 0.102267 -0.8896 0.988181
1 99 27 0.627145 -0.702305 -0.336833 0.0942957 -0.727082 -0.68295 0.0702243 -0.0599656 -0.279359 0.200864 -0.938942 0.993737
1 100 28 0.275857 -0.940098 -0.200298 -0.0399822 -0.839149 -0.337167 0.426787 -0.158093 -0.468756 0.0503476 -0.881892 0.986614
1 101 26 -0.875246 0.0267478 -0.482937 0.289767 0.0640528 0.996086 -0.0609166 0.0474467 0.479418 -0.0842505 -0.873533 0.95592
1 102 45 -0.0719432 -0.130017 0.988898 -0.1466 -0.834441 -0.53528 -0.131083 0.0652443 0.546381 -0.834608 -0.0699816 0.987042
1 103 23 -0.938102 -0.240042 0.249689 0.00907621 -0.120992 -0.448368 -0.885622 -0.168108 0.324539 -0.861015 0.391572 0.985727
1 104 37 0.506605 -0.862036 -0.0156909 -0.0651415 0.83873 0.49696 -0.222627 0.0406216 0.19971 0.0996232 0.974778 0.997049
1 105 43 -0.794082 -0.287583 0.535472 -0.463257 -0.513345 0.789026 -0.337512 0.183933 -0.325439 -0.542894 -0.774181 0.866927
1 106 44 0.283944 0.832792 0.47522 -0.374159 0.956911 -0.214693 -0.195518 -0.00690733 -0.0607997 0.51026 -0.857868 0.927339
1 107 17 0.485371 0.767567 -0.418636 0.314741 0.866322 -0.486791 0.111894 -0.148865 -0.117903 -0.416984 -0.901234 0.937431
1 108 34 -0.96753 -0.126759 0.218675 -0.326855 -0.127759 0.991759 0.00962004 -0.0589963 -0.218093 -0.01863 -0.97575 0.943231
1 109 14 0.592475 0.79468 0.132126 -0.131886 0.709842 -0.59254 0.380815 -0.240163 0.380916 -0.131835 -0.915162 0.961732
1 110 43 0.469361 -0.882847 -0.0167965 -0.0220289 -0.868832 -0.465137 0.169644 -0.0892575 -0.157582 -0.0650308 -0.985362 0.995765
1 111 42 0.357239 -0.847237 0.393153 -0.26898 -0.932129 -0.296674 0.207655 -0.100442 -0.059295 -0.440652 -0.895718 0.957894
1 112 49 -0.33022 0.629069 0.703724 -0.277519 0.369469 0.772202 -0.516911 -0.0282874 -0.868589 0.0893095 -0.487418 0.960304
1 113 0 1 0 0 0 0 1 0 0 0 0 1 0
1 114 14 -0.735284 0.666803 0.121373 0.253276 -0.667039 -0.743681 0.0447019 0.0318035 0.12007 -0.0480922 0.9916 -0.966871
1 115 12 -0.91145 0.312412 0.26769 -0.233782 -0.342064 -0.936978 -0.0711692 0.221502 0.228585 -0.156434 0.960873 -0.946722
1 116 21 -0.502685 -0.734189 0.456371 -0.452265 0.793507 -0.601352 -0.0933931 0.29013 0.343008 0.315186 0.884875 -0.843375
1 117 0 1 0 0 0 0 1 0 0 0 0 1 0
1 118 26 0.724844 0.566213 -0.392433 0.0328002 0.666854 -0.719665 0.193361 -0.173563 -0.172937 -0.401853 -0.899226 0.984276
1 119 37 -0.374529 -0.909734 0.179198 -0.537674 0.763876 -0.412282 -0.496505 0.520664 0.525568 -0.0490706 0.849335 -0.663186
1 120 51 -0.590477 0.0616568 0.804696 -0.457189 0.665218 0.601749 0.442022 -0.352922 -0.456971 0.796302 -0.396334 0.816348
1 121 12 -0.44045 0.895848 -0.0588268 0.0714021 -0.88894 -0.444349 -0.111083 0.0695856 -0.125653 0.00336679 0.992068 -0.995017
1 122 18 0.798931 0.600732 -0.0287955 -0.13873 -0.596728 0.785817 -0.1625 0.114445 -0.0749911 0.14701 0.986288 -0.983695
1 123 30 0.22462 -0.94331 0.244359 -0.184469 -0.950408 -0.156723 0.26863 -0.194039 -0.215104 -0.292581 -0.931733 0.963494
1 124 15 -0.619234 -0.762775 0.186343 -0.196359 0.691234 -0.64213 -0.331458 0.177555 0.372484 -0.0764439 0.924885 -0.964322
1 125 27 0.656494 -0.735263 0.168532 -0.184745 0.754307 0.641679 -0.138816 -0.181758 -0.00607691 0.218257 0.975872 -0.965833
1 126 14 0.917085 -0.397446 0.0314873 -0.112027 0.39194 0.884269 -0.253874 0.210786 0.0730577 0.245165 0.966725 -0.971092
1 127 40 -0.344892 -0.408713 0.844987 -0.410877 -0.56538 0.809052 0.160564 -0.0934265 -0.749263 -0.422362 -0.510113 0.906891
1 128 33 0.994482 0.0387099 -0.0974994 0.244677 -0.0274358 0.993053 0.114427 0.123304 0.101251 -0.11112 0.988636 0.961732
1 129 38 0.0269901 -0.871259 -0.49008 0.196245 -0.936002 0.150096 -0.318388 0.236126 0.350957 0.467309 -0.81145 0.9517
1 130 27 0.868356 0.249271 0.428745 -0.21857 0.141732 -0.953183 0.267123 -0.157131 0.475258 -0.171191 -0.863032 0.963087
1 131 13 0.386546 -0.794539 -0.468285 0.418755 0.921738 0.350064 0.166896 -0.0183746 0.0313242 -0.496149 0.867672 -0.907913
1 132 43 -0.671444 -0.670267 -0.316077 0.315046 -0.560778 0.738396 -0.374565 0.278329 0.484449 -0.0742503 -0.871663 0.907347
1 133 38 -0.476849 -0.600027 -0.642326 0.363967 -0.878833 0.339065 0.33569 -0.252789 0.0163666 0.724571 -0.689006 0.896451
1 134 28 0.753703 -0.450416 -0.478599 0.481705 0.615649 0.738742 0.274291 -0.432027 0.230016 -0.501383 0.834091 -0.762439
1 135 30 -0.797462 0.367334 -0.478665 0.265585 0.391628 0.918624 0.0525078 -0.109524 0.459001 -0.145586 -0.876426 0.957846
1 136 23 0.105421 0.835131 -0.539855 0.253748 0.990051 -0.139023 -0.0217287 0.00116333 -0.0931987 -0.532193 -0.841478 0.96727
1 137 13 -0.752717 -0.451736 0.478907 0.177958 0.4776 -0.875367 -0.0750391 -0.196019 0.453117 0.172243 0.874653 0.964317
1 138 23 -0.998439 0.00819494 -0.0552486 0.0725065 0.0310177 0.903975 -0.426458 0.294704 0.0464485 -0.427506 -0.902818 0.952834
1 139 14 0.954918 -0.251658 -0.157483 0.422312 0.257416 0.966152 0.0169665 0.00639533 0.147883 -0.0567403 0.987376 -0.906428
1 140 67 0.925247 -0.0210445 -0.378781 0.847067 -0.00650244 0.997434 -0.0712995 0.281657 0.37931 0.0684326 0.922736 0.450717
1 141 45 0.978391 -0.19402 -0.0714682 -0.177487 0.201288 0.972796 0.114677 0.208283 0.0472743 -0.126585 0.990829 0.96183
1 142 33 0.980204 -0.192105 0.0479048 -0.0508045 0.194096 0.980122 -0.0410673 0.0175727 -0.0390634 0.0495525 0.998007 0.998554
1 143 40 0.473538 0.728602 -0.494875 0.21165 0.712522 0.0133941 0.701522 -0.276192 0.517758 -0.684807 -0.512802 0.937509
1 144 16 -0.254503 -0.961048 0.107775 -0.120731 0.967023 -0.254026 0.0183639 -0.159396 0.0097292 0.108895 0.994006 -0.979805
1 145 14 -0.980029 0.127877 0.152287 0.0594468 -0.125068 -0.991755 0.0279209 -0.0530978 0.154601 0.00831702 0.987942 -0.996818
1 146 15 -0.265262 -0.938247 0.222099 -0.0646944 0.941429 -0.301779 -0.150468 -0.0125004 0.208201 0.169177 0.963344 -0.997827
1 147 0 1 0 0 0 0 1 0 0 0 0 1 0
1 148 14 0.176262 -0.982088 0.0665952 -0.0407591 0.959247 0.156195 -0.235476 0.103534 0.220857 0.105387 0.969596 -0.99379
1 149 27 0.928122 0.246218 -0.279225 0.127346 0.302696 -0.93574 0.181011 -0.165037 -0.216713 -0.252521 -0.94301 0.978032
1 150 0 1 0 0 0 0 1 0 0 0 0 1 0
1 151 24 -0.831607 -0.338222 0.440494 0.203683 0.167102 -0.908794 -0.382324 0.0967026 0.529629 -0.244336 0.812277 0.974249
1 152 16 0.11924 -0.919489 0.374596 0.217926 0.992503 0.120579 -0.0199565 0.0111251 -0.0268185 0.374167 0.926973 0.975902
1 153 33 0.887704 0.161777 -0.431057 0.248652 0.226922 -0.968356 0.103888 0.0272964 -0.40061 -0.190038 -0.896324 0.968208
1 154 15 0.779766 -0.61036 0.139375 -0.255689 0.62561 0.751103 -0.210845 0.30274 0.0240059 0.251604 0.967533 -0.918135
1 155 26 0.0600775 -0.99417 -0.0895369 0.150216 -0.977943 -0.0406453 -0.204878 -0.00351951 0.200044 0.0998705 -0.974684 0.988647
1 156 16 0.941171 -0.323108 0.0989873 -0.0542083 0.323739 0.946093 0.0100728 0.262479 -0.0969058 0.0225658 0.995038 -0.963414
1 157 13 0.938185 0.316283 0.14062 -0.36159 -0.327066 0.943027 0.0610571 -0.0296448 -0.113297 -0.103275 0.988179 -0.931866
1 158 23 -0.879208 -0.476431 -0.00244568 0.18096 -0.475025 0.876985 -0.0724506 0.0176126 0.0366625 -0.0625374 -0.997369 0.983333
1 159 20 0.400261 0.868876 -0.291282 0.170614 0.850781 -0.470442 -0.234213 0.121125 -0.340534 -0.154071 -0.927523 0.977865
1 160 14 0.184301 0.939458 0.288882 -0.368739 -0.980677 0.195389 -0.00976104 -0.0186402 -0.0656144 -0.281501 0.957315 -0.929346
2 3 233 0.985974 0.0777701 -0.147674 0.984706 -0.0732185 0.996665 0.0360198 -0.00312176 0.149982 -0.0247022 0.98838 0.174196
2 4 55 0.927715 0.181979 0.325926 -0.175232 -0.234642 0.96335 0.130003 -0.058254 -0.290323 -0.197082 0.936414 0.982802
2 5 34 0.973321 0.0395758 0.226011 0.0396865 -0.0012434 -0.984089 0.177674 -0.0384499 0.229446 -0.173215 -0.957784 0.998472
2 6 29 -0.287039 -0.00325357 0.957913 -0.266066 0.304286 0.947892 0.0943988 -0.192916 -0.908306 0.318575 -0.271092 0.944454
2 7 33 0.262656 -0.478583 0.837837 -0.394893 -0.955765 -0.248179 0.157863 -0.0464859 0.132383 -0.842239 -0.522598 0.91755
2 8 31 -0.156373 -0.51617 0.842091 -0.409203 0.692432 0.550689 0.466133 -0.310031 -0.704333 0.655981 0.2713 0.858157
2 9 0 1 0 0 0 0 1 0 0 0 0 1 0
2 10 44 -0.959898 0.124839 0.251019 -0.00963045 0.239285 0.83137 0.501564 -0.331693 -0.146075 0.541515 -0.827903 0.943338
2 11 14 -0.973433 0.0083726 0.228818 -0.095741 -0.023084 -0.997828 -0.0616925 0.145355 0.227804 -0.0653356 0.971512 -0.984736
2 12 41 -0.830036 -0.0941273 -0.549709 0.316595 -0.344881 0.861229 0.373285 -0.14803 0.438289 0.499424 -0.747314 0.936939
2 13 37 0.845103 0.532819 -0.0436442 -0.0799011 0.473968 -0.784513 -0.399868 0.302258 -0.247297 0.317243 -0.915533 0.949871
2 14 24 -0.563079 -0.609674 0.557888 -0.331728 -0.694206 0.715211 0.0809358 -0.0734216 -0.448353 -0.341716 -0.82596 0.940513
