0 1 841 0.968628 0.0879975 -0.232415 0.929402 -0.0885793 0.996037 0.00795318 0.209139 0.232194 0.0128835 0.972584 -0.304094
0 2 236 0.813694 0.175864 -0.554052 0.999537 -0.175122 0.983019 0.0548361 -0.0292074 0.554287 0.0524067 0.830674 -0.00847914
0 3 0 1 0 0 0 0 1 0 0 0 0 1 0
0 4 22 0.843774 0.523859 0.116691 0.39732 -0.477627 0.832105 -0.28191 -0.298103 -0.24478 0.182134 0.952318 0.867912
0 5 23 0.692551 0.678371 0.245327 -0.170432 -0.666835 0.731752 -0.140962 -0.167908 -0.275143 -0.0659693 0.959137 0.970958
0 6 21 0.174004 0.983129 0.0563914 -0.245257 -0.890674 0.181548 -0.416822 -0.186506 -0.420028 0.0223022 0.907237 0.951349
0 7 0 1 0 0 0 0 1 0 0 0 0 1 0
0 8 32 -0.891833 0.243364 -0.381325 0.195034 -0.156614 -0.956934 -0.244437 0.136883 -0.42439 -0.158276 0.891539 -0.971198
0 9 0 1 0 0 0 0 1 0 0 0 0 1 0
0 10 0 1 0 0 0 0 1 0 0 0 0 1 0
0 11 12 0.497802 -0.86678 -0.0297502 -0.209071 0.867246 0.497136 0.0271979 -0.329954 -0.00878472 -0.0393399 0.999187 0.920554
0 12 0 1 0 0 0 0 1 0 0 0 0 1 0
0 13 0 1 0 0 0 0 1 0 0 0 0 1 0
0 14 0 1 0 0 0 0 1 0 0 0 0 1 0
0 15 0 1 0 0 0 0 1 0 0 0 0 1 0
0 16 31 0.974364 -0.214218 0.0687432 -0.0579789 0.200688 0.965699 0.164773 0.0192518 -0.101683 -0.146753 0.983933 0.998132
0 17 20 -0.97872 -0.152339 -0.137478 -0.0232076 0.187573 -0.935847 -0.29834 -0.315931 -0.0832098 -0.317778 0.944507 0.948498
0 18 23 0.55863 -0.72572 0.401575 -0.236829 -0.800334 -0.598736 0.0313168 -0.311277 0.21771 -0.338888 -0.915291 0.920336
0 19 0 1 0 0 0 0 1 0 0 0 0 1 0
0 20 0 1 0 0 0 0 1 0 0 0 0 1 0
0 21 0 1 0 0 0 0 1 0 0 0 0 1 0
0 22 0 1 0 0 0 0 1 0 0 0 0 1 0
0 23 0 1 0 0 0 0 1 0 0 0 0 1 0
0 24 0 1 0 0 0 0 1 0 0 0 0 1 0
0 25 0 1 0 0 0 0 1 0 0 0 0 1 0
0 26 0 1 0 0 0 0 1 0 0 0 0 1 0
0 27 0 1 0 0 0 0 1 0 0 0 0 1 0
0 28 0 1 0 0 0 0 1 0 0 0 0 1 0
0 29 57 -0.745496 0.642343 -0.17785 0.157919 0.526264 0.731031 0.434328 -0.224332 0.409001 0.230194 -0.883023 0.961632
0 30 0 1 0 0 0 0 1 0 0 0 0 1 0
0 31 0 1 0 0 0 0 1 0 0 0 0 1 0
0 32 0 1 0 0 0 0 1 0 0 0 0 1 0
0 33 0 1 0 0 0 0 1 0 0 0 0 1 0
0 34 0 1 0 0 0 0 1 0 0 0 0 1 0
0 35 0 1 0 0 0 0 1 0 0 0 0 1 0
0 36 0 1 0 0 0 0 1 0 0 0 0 1 0
0 37 0 1 0 0 0 0 1 0 0 0 0 1 0
0 38 0 1 0 0 0 0 1 0 0 0 0 1 0
0 39 0 1 0 0 0 0 1 0 0 0 0 1 0
0 40 0 1 0 0 0 0 1 0 0 0 0 1 0
0 41 57 0.917239 -0.368962 0.150132 0.122317 -0.37886 -0.691647 0.61489 -0.662224 -0.123033 -0.62088 -0.77419 0.739255
0 42 119 0.780173 -0.224167 0.584019 -0.948909 0.37198 0.916846 -0.144998 0.0545385 -0.502952 0.330367 0.798684 0.310802
0 43 25 0.330395 -0.924443 0.190378 0.2656 0.934927 0.292889 -0.200318 0.122224 0.129423 0.244174 0.961056 0.956304
0 44 31 0.778231 -0.542772 -0.315841 0.333588 -0.46645 -0.836364 0.287959 -0.412542 -0.420454 -0.0767748 -0.90406 0.847661
0 45 192 0.726052 -0.161368 0.668438 -0.817898 0.354884 0.920549 -0.163241 0.270719 -0.588987 0.355739 0.725633 0.507695
0 46 283 0.870705 -0.254914 0.420584 -0.919515 0.292473 0.955917 -0.026108 0.0602194 -0.395388 0.145742 0.906878 0.388413
0 47 138 0.963041 -0.243527 0.115093 -0.0168847 0.239671 0.969743 0.0464408 0.0383082 -0.12292 -0.0171398 0.992269 0.999123
0 48 179 0.808053 -0.104594 0.57975 -0.747193 0.325395 0.899612 -0.291233 0.495638 -0.491089 0.42398 0.760968 0.442771
0 49 175 0.985707 -0.119307 0.11894 0.0686756 0.104292 0.986616 0.125346 -0.268913 -0.132303 -0.11115 0.984958 0.960713
0 50 17 0.832163 0.495418 0.249128 -0.0643036 0.490375 -0.867205 0.0865315 -0.00518206 0.258915 0.0501579 -0.964597 0.997917
0 51 0 1 0 0 0 0 1 0 0 0 0 1 0
0 52 18 -0.420172 -0.450254 0.787862 0.0740491 -0.405547 -0.683519 -0.606904 -0.340693 0.81178 -0.574519 0.104596 0.937254
0 53 0 1 0 0 0 0 1 0 0 0 0 1 0
0 54 0 1 0 0 0 0 1 0 0 0 0 1 0
0 55 0 1 0 0 0 0 1 0 0 0 0 1 0
0 56 0 1 0 0 0 0 1 0 0 0 0 1 0
0 57 0 1 0 0 0 0 1 0 0 0 0 1 0
0 58 49 -0.826094 0.0589697 -0.560438 -0.228838 -0.477512 -0.601359 0.640585 -0.0562838 -0.299249 0.7968 0.524938 0.971836
0 59 0 1 0 0 0 0 1 0 0 0 0 1 0
0 60 0 1 0 0 0 0 1 0 0 0 0 1 0
0 61 0 1 0 0 0 0 1 0 0 0 0 1 0
0 62 20 0.955444 -0.139452 -0.260155 0.282973 0.175471 0.977058 0.120696 0.0795185 0.237356 -0.160968 0.957994 -0.955826
0 63 17 -0.619006 0.774608 0.129666 -0.044142 -0.726668 -0.627505 0.279627 0.165918 0.297968 0.0788667 0.951312 0.985151
0 64 39 0.732738 0.549171 0.401878 -0.035672 0.648716 -0.742094 -0.168714 0.124466 0.205578 0.384328 -0.900016 0.991582
0 65 0 1 0 0 0 0 1 0 0 0 0 1 0
0 66 0 1 0 0 0 0 1 0 0 0 0 1 0
0 67 0 1 0 0 0 0 1 0 0 0 0 1 0
0 68 0 1 0 0 0 0 1 0 0 0 0 1 0
0 69 44 0.0715324 0.995705 -0.0587739 0.0909071 0.996747 -0.0735516 -0.032939 0.132482 -0.0371205 -0.0562265 -0.997728 0.987008
0 70 100 0.999648 0.0218531 -0.0150176 -0.165183 -0.0171876 0.9653 0.260577 -0.209847 0.0201909 -0.260227 0.965336 -0.96368
0 71 42 0.912096 -0.40982 0.0113309 -0.259457 0.399695 0.895033 0.197889 0.116635 -0.0912404 -0.175965 0.980159 0.958686
0 72 89 0.97393 -0.149992 0.170182 0.249218 0.1215 0.978438 0.167025 0.140879 -0.191565 -0.141993 0.971154 0.958146
0 73 277 0.945288 -0.259895 0.197192 -0.398529 0.317843 0.869916 -0.377124 0.91116 -0.0735281 0.419167 0.904927 -0.104706
0 74 151 0.915438 -0.39994 -0.0449518 0.157655 0.402082 0.913687 0.0592047 0.118544 0.0173936 -0.0722726 0.997233 -0.980353
0 75 138 0.922716 -0.371704 0.102135 0.168619 0.379855 0.921855 -0.0767698 -0.334888 -0.0656181 0.109633 0.991804 0.927048
0 76 182 0.832751 -0.462216 0.304765 -0.907966 0.473734 0.879767 0.0398326 -0.0108586 -0.286534 0.111207 0.951594 0.418903
0 77 0 1 0 0 0 0 1 0 0 0 0 1 0
0 78 0 1 0 0 0 0 1 0 0 0 0 1 0
0 79 28 0.493456 0.862866 -0.109379 0.205484 0.864247 -0.50058 -0.0499654 0.108245 -0.0978663 -0.0698747 -0.992744 0.972656
0 80 0 1 0 0 0 0 1 0 0 0 0 1 0
0 81 24 -0.906281 -0.395587 -0.14888 0.0815655 -0.362797 0.908766 -0.206209 0.132626 0.21687 -0.13287 -0.967116 0.987804
0 82 0 1 0 0 0 0 1 0 0 0 0 1 0
0 83 0 1 0 0 0 0 1 0 0 0 0 1 0
0 84 0 1 0 0 0 0 1 0 0 0 0 1 0
0 85 0 1 0 0 0 0 1 0 0 0 0 1 0
0 86 0 1 0 0 0 0 1 0 0 0 0 1 0
0 87 127 0.936328 -0.342368 0.0779288 -0.412317 0.331597 0.935184 0.124393 -0.121396 -0.115466 -0.0906316 0.989168 -0.902916
0 88 252 0.951148 -0.208556 0.227644 -0.662017 0.209722 0.97757 0.0193361 0.134921 -0.226571 0.0293505 0.973552 -0.737245
0 89 687 0.993605 -0.054657 0.0988062 -0.224784 0.0621394 0.995298 -0.0743072 0.170138 -0.0942801 0.0799717 0.992328 -0.95944
0 90 318 0.99849 0.0359544 0.0415441 -0.0927664 -0.0329297 0.996909 -0.0713303 -0.19147 -0.0439803 0.0698545 0.996587 -0.977105
0 91 155 0.997699 0.048297 -0.0475834 0.255561 -0.0592191 0.962502 -0.264732 0.266992 0.0330133 0.266941 0.963147 -0.929195
0 92 134 0.949612 0.201373 0.240178 -0.199159 -0.310264 0.712559 0.629282 -0.957573 -0.0444203 -0.672093 0.739133 -0.208302
0 93 142 0.991139 0.107855 -0.0775296 0.280537 -0.125335 0.952662 -0.276996 0.508671 0.043984 0.284259 0.957738 -0.813974
0 94 155 0.997344 -0.0296447 -0.0665331 0.207662 0.0263323 0.998396 -0.0501226 0.148366 0.0679122 0.0482375 0.996524 -0.966884
0 95 185 0.993254 0.0461331 -0.106383 0.310273 -0.0438991 0.998765 0.0232477 -0.0615335 0.107324 -0.0184208 0.994053 -0.948654
0 96 0 1 0 0 0 0 1 0 0 0 0 1 0
0 97 0 1 0 0 0 0 1 0 0 0 0 1 0
0 98 0 1 0 0 0 0 1 0 0 0 0 1 0
0 99 19 0.728823 -0.403569 0.553126 0.38984 0.524792 0.848122 -0.0726861 -0.154231 -0.439784 0.343251 0.829921 0.907875
0 100 0 1 0 0 0 0 1 0 0 0 0 1 0
0 101 0 1 0 0 0 0 1 0 0 0 0 1 0
0 102 0 1 0 0 0 0 1 0 0 0 0 1 0
0 103 22 0.82885 0.54591 0.122432 -0.190472 -0.530436 0.83637 -0.138286 0.150148 -0.17789 0.0496766 0.982796 0.970142
0 104 0 1 0 0 0 0 1 0 0 0 0 1 0
0 105 26 -0.978514 0.138626 -0.152623 0.175536 -0.144075 -0.989246 0.025186 -0.0667294 -0.14749 0.046634 0.987964 0.982209
0 106 0 1 0 0 0 0 1 0 0 0 0 1 0
0 107 34 -0.892097 -0.142512 -0.428782 0.307033 -0.210342 0.970847 0.114948 -0.143651 0.3999 0.192735 -0.896065 0.940795
0 108 0 1 0 0 0 0 1 0 0 0 0 1 0
0 109 50 0.88229 0.469263 -0.0368483 -0.147105 -0.452949 0.825099 -0.337712 -0.231754 -0.128072 0.31465 0.940528 0.961587
0 110 12 0.723754 0.221591 0.653512 -0.30968 0.245568 -0.96775 0.0561805 -0.283885 0.644885 0.11982 -0.754828 0.907473
0 111 0 1 0 0 0 0 1 0 0 0 0 1 0
0 112 44 0.20006 -0.964245 0.173803 -0.230633 0.829965 0.072508 -0.553084 -0.0724157 0.520706 0.254901 0.814795 0.970342
0 113 0 1 0 0 0 0 1 0 0 0 0 1 0
0 114 0 1 0 0 0 0 1 0 0 0 0 1 0
0 115 26 0.867005 -0.489819 0.0915373 -0.00573551 -0.482737 -0.871185 -0.0894511 0.0213593 0.123561 0.0333662 -0.991776 0.999755
0 116 36 0.894755 -0.399767 0.198999 0.0848276 0.408464 0.91277 -0.00291058 -0.066547 -0.180477 0.0838881 0.979995 0.994171
0 117 21 0.244376 0.943929 -0.221988 0.251342 0.948355 -0.184907 0.257744 -0.14784 0.202245 -0.27351 -0.940367 0.956541
0 118 0 1 0 0 0 0 1 0 0 0 0 1 0
0 119 0 1 0 0 0 0 1 0 0 0 0 1 0
0 120 0 1 0 0 0 0 1 0 0 0 0 1 0
0 121 0 1 0 0 0 0 1 0 0 0 0 1 0
0 122 37 -0.563207 0.706043 -0.429303 0.33486 0.754635 0.651142 0.0808721 0.00843414 0.336636 -0.278419 -0.899533 0.94223
0 123 17 0.845435 0.268478 0.461691 -0.274424 -0.32897 0.942786 0.0541613 0.0325753 -0.420735 -0.197673 0.885386 -0.961057
0 124 131 0.55862 -0.778037 -0.287406 0.367278 0.642855 0.625097 -0.442708 -0.207818 0.5241 0.0625448 0.849357 0.906597
0 125 44 -0.872126 -0.234511 0.42942 -0.0578816 -0.0330553 0.903889 0.426489 -0.308025 -0.488164 0.357757 -0.796056 0.949616
0 126 99 -0.225442 0.662813 0.714041 -0.267543 0.821463 0.523367 -0.226461 -0.024714 -0.523807 0.535505 -0.662465 0.963229
0 127 213 0.933138 0.137805 0.33206 -0.433958 0.144618 0.701727 -0.697614 0.837375 -0.32915 0.698991 0.634879 0.33239
0 128 207 0.971704 0.152647 0.180253 -0.44761 -0.0882575 0.942491 -0.322369 0.885604 -0.219095 0.297338 0.929294 -0.1239
0 129 65 0.521223 -0.0411857 0.852426 -0.944781 0.103936 0.994463 -0.0155039 0.258378 -0.847068 0.0966785 0.522617 0.201567
0 130 0 1 0 0 0 0 1 0 0 0 0 1 0
0 131 25 -0.956814 -0.280618 0.0759037 -0.262564 -0.288091 0.950244 -0.118491 0.0540704 -0.0388762 -0.135241 -0.99005 0.963398
0 132 0 1 0 0 0 0 1 0 0 0 0 1 0
0 133 14 0.976763 0.0667362 0.203667 -0.384688 -0.0896126 0.990401 0.105244 0.183476 -0.194688 -0.121049 0.973367 -0.904628
0 134 41 0.971934 0.071853 0.224011 -0.389156 -0.129686 0.95811 0.255358 0.0725737 -0.196279 -0.277242 0.940538 -0.918309
0 135 0 1 0 0 0 0 1 0 0 0 0 1 0
0 136 21 0.980079 0.113756 0.162803 -0.329575 -0.160628 0.936107 0.312894 -0.00595322 -0.116808 -0.332811 0.935731 -0.944111
0 137 0 1 0 0 0 0 1 0 0 0 0 1 0
0 138 0 1 0 0 0 0 1 0 0 0 0 1 0
0 139 80 0.96016 0.203759 -0.191247 0.390392 -0.204651 0.978716 0.0152921 0.875604 0.190292 0.0244559 0.981423 -0.284449
0 140 486 0.996669 -0.0206685 0.078896 -0.723871 -0.000400027 0.966106 0.258146 -0.688077 -0.0815574 -0.257317 0.962879 -0.0506013
0 141 677 0.996183 -0.0353066 0.0798353 -0.974372 0.0226804 0.987833 0.153858 0.163616 -0.0842961 -0.15146 0.984862 -0.154367
0 142 366 0.824731 0.0305844 0.564697 -0.784459 0.173065 0.936981 -0.303506 0.468143 -0.538393 0.34804 0.767464 0.406776
0 143 99 0.971941 -0.231446 0.0419949 0.0774395 0.228806 0.971651 0.0595223 0.0269629 -0.0545806 -0.0482435 0.997343 0.996632
0 144 0 1 0 0 0 0 1 0 0 0 0 1 0
0 145 21 -0.814441 0.551538 -0.180254 -0.0586091 -0.37991 -0.741671 -0.552805 0.0756454 -0.438582 -0.381746 0.813582 0.995411
0 146 24 -0.87182 0.417663 -0.255906 -0.281341 -0.381935 -0.906744 -0.178718 -0.210778 -0.306685 -0.0580707 0.950038 -0.936173
0 147 0 1 0 0 0 0 1 0 0 0 0 1 0
0 148 0 1 0 0 0 0 1 0 0 0 0 1 0
0 149 0 1 0 0 0 0 1 0 0 0 0 1 0
0 150 0 1 0 0 0 0 1 0 0 0 0 1 0
0 151 0 1 0 0 0 0 1 0 0 0 0 1 0
0 152 0 1 0 0 0 0 1 0 0 0 0 1 0
0 153 0 1 0 0 0 0 1 0 0 0 0 1 0
0 154 0 1 0 0 0 0 1 0 0 0 0 1 0
0 155 18 0.801251 0.032945 -0.59742 0.364928 0.0127445 -0.999196 -0.0380083 -0.268095 -0.598192 0.0228404 -0.801027 0.891601
0 156 0 1 0 0 0 0 1 0 0 0 0 1 0
0 157 12 0.479246 0.742567 0.467887 -0.350634 -0.853834 0.517874 0.0526642 0.263025 -0.2032 -0.424737 0.882218 -0.898818
0 158 13 0.562347 0.703029 0.435335 -0.329221 -0.795745 0.603245 0.0537204 0.28653 -0.224847 -0.376625 0.898665 -0.89973
0 159 0 1 0 0 0 0 1 0 0 0 0 1 0
0 160 0 1 0 0 0 0 1 0 0 0 0 1 0
1 2 765 0.968392 0.0527135 -0.2438 0.953125 -0.0676851 0.996275 -0.0534394 0.125769 0.240075 0.0682519 0.968352 -0.275198
1 3 146 -0.144469 0.625437 -0.766784 0.436984 0.563719 0.688888 0.45569 -0.196606 0.813234 -0.366418 -0.452094 0.877719
1 4 55 0.122546 0.920018 0.372223 -0.115798 0.450075 0.28275 -0.847045 0.565013 -0.884542 0.271331 -0.379427 0.816915
1 5 0 1 0 0 0 0 1 0 0 0 0 1 0
1 6 0 1 0 0 0 0 1 0 0 0 0 1 0
1 7 0 1 0 0 0 0 1 0 0 0 0 1 0
1 8 0 1 0 0 0 0 1 0 0 0 0 1 0
1 9 0 1 0 0 0 0 1 0 0 0 0 1 0
1 10 0 1 0 0 0 0 1 0 0 0 0 1 0
1 11 32 0.309217 0.907548 0.28415 -0.0872237 0.913366 -0.200201 -0.354517 -0.0861909 -0.264854 0.369155 -0.890829 0.992453
1 12 0 1 0 0 0 0 1 0 0 0 0 1 0
1 13 34 0.633427 -0.756662 -0.161966 0.205959 0.773421 0.612518 0.163221 0.191158 -0.0242961 -0.228656 0.973204 0.959708
1 14 17 -0.830235 0.557189 -0.0158082 0.248728 -0.511611 -0.772967 -0.375202 0.179009 -0.221278 -0.303418 0.926808 0.951888
1 15 0 1 0 0 0 0 1 0 0 0 0 1 0
1 16 25 0.722436 -0.595607 0.351195 0.171251 0.611843 0.787266 0.0765507 -0.0745118 -0.322078 0.159573 0.933168 0.982406
1 17 28 0.994039 -0.0354448 0.103107 0.116757 0.0216323 0.990998 0.132118 -0.0931881 -0.106862 -0.1291 0.985857 -0.988779
1 18 24 -0.327844 0.0863528 -0.940777 0.299354 -0.337239 0.919509 0.201922 -0.0409341 0.88249 0.383466 -0.272334 0.953264
1 19 0 1 0 0 0 0 1 0 0 0 0 1 0
1 20 0 1 0 0 0 0 1 0 0 0 0 1 0
1 21 0 1 0 0 0 0 1 0 0 0 0 1 0
1 22 0 1 0 0 0 0 1 0 0 0 0 1 0
1 23 0 1 0 0 0 0 1 0 0 0 0 1 0
1 24 0 1 0 0 0 0 1 0 0 0 0 1 0
1 25 0 1 0 0 0 0 1 0 0 0 0 1 0
1 26 0 1 0 0 0 0 1 0 0 0 0 1 0
1 27 0 1 0 0 0 0 1 0 0 0 0 1 0
1 28 0 1 0 0 0 0 1 0 0 0 0 1 0
1 29 0 1 0 0 0 0 1 0 0 0 0 1 0
1 30 0 1 0 0 0 0 1 0 0 0 0 1 0
1 31 0 1 0 0 0 0 1 0 0 0 0 1 0
1 32 0 1 0 0 0 0 1 0 0 0 0 1 0
1 33 0 1 0 0 0 0 1 0 0 0 0 1 0
1 34 0 1 0 0 0 0 1 0 0 0 0 1 0
1 35 0 1 0 0 0 0 1 0 0 0 0 1 0
1 36 0 1 0 0 0 0 1 0 0 0 0 1 0
1 37 0 1 0 0 0 0 1 0 0 0 0 1 0
1 38 0 1 0 0 0 0 1 0 0 0 0 1 0
1 39 0 1 0 0 0 0 1 0 0 0 0 1 0
1 40 0 1 0 0 0 0 1 0 0 0 0 1 0
1 41 0 1 0 0 0 0 1 0 0 0 0 1 0
1 42 40 0.97417 0.00110787 -0.225814 0.164017 0.0114337 0.998463 0.0542242 -0.280006 0.225527 -0.0554055 0.97266 0.945883
1 43 12 0.640048 -0.566438 0.519121 0.373409 0.530584 0.814524 0.234586 -0.251526 -0.555715 0.125291 0.821878 0.892917
1 44 18 0.451924 -0.772131 -0.446741 0.389843 -0.866299 -0.499348 -0.013295 -0.233074 -0.212814 0.39302 -0.894565 0.890898
1 45 56 0.896839 -0.413695 0.156643 0.00269801 0.42191 0.906374 -0.0218551 -0.0206513 -0.132936 0.0856897 0.987413 0.999783
1 46 43 0.93413 -0.354722 0.0396588 0.0471771 0.356417 0.932976 -0.0502299 -0.0590299 -0.0191831 0.0610563 0.99795 0.997141
1 47 60 0.533157 -0.808857 0.24798 -0.0287653 0.84597 0.512786 -0.146238 0.0745132 -0.00887505 0.287751 0.957664 0.996805
1 48 22 0.978183 -0.19343 0.0757791 0.0178174 0.192423 0.981099 0.0204458 -0.151031 -0.0783017 -0.00541807 0.996915 0.988368
1 49 19 0.747059 0.639857 0.180241 -0.0390778 0.661457 -0.74249 -0.105748 0.107643 0.0661635 0.198221 -0.977922 0.993421
1 50 0 1 0 0 0 0 1 0 0 0 0 1 0
1 51 33 -0.721068 -0.6805 0.130311 0.289057 0.686953 -0.67764 0.262488 0.304206 -0.0903191 0.278789 0.956096 0.907692
1 52 0 1 0 0 0 0 1 0 0 0 0 1 0
1 53 0 1 0 0 0 0 1 0 0 0 0 1 0
1 54 22 0.902177 0.262588 0.342233 -0.114733 0.182754 -0.951323 0.248163 -0.212372 0.390739 -0.161343 -0.906252 0.97043
1 55 0 1 0 0 0 0 1 0 0 0 0 1 0
1 56 0 1 0 0 0 0 1 0 0 0 0 1 0
1 57 0 1 0 0 0 0 1 0 0 0 0 1 0
1 58 45 0.75827 -0.577523 -0.30248 0.0522122 0.640548 0.746335 0.18078 0.248278 0.121347 -0.330833 0.935855 0.967281
1 59 0 1 0 0 0 0 1 0 0 0 0 1 0
1 60 0 1 0 0 0 0 1 0 0 0 0 1 0
1 61 0 1 0 0 0 0 1 0 0 0 0 1 0
1 62 0 1 0 0 0 0 1 0 0 0 0 1 0
1 63 16 0.26357 0.960276 -0.0916581 -0.298042 0.826465 -0.273797 -0.491926 0.250093 -0.49748 0.0539047 -0.865799 0.921208
1 64 0 1 0 0 0 0 1 0 0 0 0 1 0
1 65 18 0.00466993 0.833802 0.552043 -0.297712 -0.992254 -0.0646658 0.106065 0.0960661 0.124135 -0.548262 0.827042 -0.94981
1 66 21 0.763361 -0.612441 0.205415 -0.138823 -0.622311 -0.782505 -0.0203986 0.238454 0.173231 -0.112261 -0.978462 0.96118
1 67 0 1 0 0 0 0 1 0 0 0 0 1 0
1 68 123 0.92178 0.0370642 0.385939 -0.168766 0.350652 -0.50441 -0.789059 0.654604 0.165425 0.862669 -0.477951 0.736893
1 69 52 -0.701999 0.627114 0.33753 -0.012326 0.638539 0.764113 -0.0916421 0.133501 -0.315381 0.151193 -0.936843 0.990972
1 70 199 0.211362 0.671376 -0.710338 0.225947 0.510936 0.543658 0.665868 0.200487 0.833229 -0.503677 -0.228122 0.953285
1 71 214 0.929111 -0.302165 0.213187 -0.386021 0.362419 0.858634 -0.362492 0.922254 -0.0735167 0.414058 0.907277 -0.0208681
1 72 107 0.949341 -0.312169 0.0360834 0.0231228 0.306894 0.945689 0.107186 0.0776299 -0.0675839 -0.0906826 0.993584 -0.996714
1 73 112 0.922538 -0.385595 0.015495 -0.247721 0.384813 0.922203 0.0382039 0.2035 -0.0290208 -0.0292819 0.99915 0.947218
1 74 134 0.45174 0.0928829 0.887301 -0.70373 0.64751 0.650048 -0.397705 0.314537 -0.613728 0.754195 0.23351 0.637048
1 75 35 0.822838 -0.543183 0.167 0.00720412 0.56359 0.81768 -0.117325 -0.147763 -0.0728232 0.190659 0.978951 0.988997
1 76 78 0.806037 -0.589782 0.0496159 -0.250193 0.591013 0.80654 -0.0140094 0.0245706 -0.0317547 0.0406157 0.99867 0.967884
1 77 49 -0.285881 -0.798624 0.529595 -0.133556 -0.518178 0.593726 0.615615 -0.211868 -0.806079 -0.0984317 -0.583564 0.968129
1 78 0 1 0 0 0 0 1 0 0 0 0 1 0
1 79 15 -0.618823 -0.691038 -0.373531 0.20212 -0.717459 0.690834 -0.08945 0.110746 0.319861 0.212639 -0.923295 0.973079
1 80 0 1 0 0 0 0 1 0 0 0 0 1 0
1 81 24 -0.221326 0.96454 -0.143793 0.176978 -0.964306 -0.23844 -0.115158 0.130526 -0.145361 0.113173 0.982885 -0.975521
1 82 0 1 0 0 0 0 1 0 0 0 0 1 0
1 83 0 1 0 0 0 0 1 0 0 0 0 1 0
1 84 0 1 0 0 0 0 1 0 0 0 0 1 0
1 85 0 1 0 0 0 0 1 0 0 0 0 1 0
1 86 0 1 0 0 0 0 1 0 0 0 0 1 0
1 87 47 0.960632 -0.272055 -0.0563149 0.400433 0.274279 0.960964 0.0363233 -0.0731764 0.0442346 -0.0503393 0.997752 -0.913399
1 88 52 0.916886 -0.398642 0.0201025 0.213535 0.398157 0.916996 0.0242942 -0.0236193 -0.0281186 -0.0142711 0.999503 -0.97665
1 89 306 0.958922 -0.108504 0.2621 -0.838059 0.129838 0.989373 -0.065444 -0.129532 -0.252214 0.0967861 0.962819 -0.52998
1 90 241 0.982339 -0.053102 0.179415 -0.496376 0.101002 0.957671 -0.269565 0.0839845 -0.157506 0.282925 0.946121 -0.864035
1 91 173 0.99747 -0.0705902 -0.00836466 0.244678 0.0646521 0.949825 -0.306029 0.226064 0.0295476 0.304714 0.951986 -0.942883
1 92 148 0.997099 0.0653238 0.0390625 0.189916 -0.0565177 0.979202 -0.194855 0.11 -0.0509788 0.192082 0.980054 -0.975619
1 93 112 0.988455 0.144628 -0.0451541 0.268353 -0.150046 0.975778 -0.159196 0.0816747 0.0210362 0.164133 0.986214 -0.959852
1 94 333 0.984828 -0.172532 -0.0186171 0.131421 0.157245 0.93262 -0.324798 0.717246 0.0734006 0.316943 0.9456 -0.684315
1 95 437 0.980525 -0.176781 -0.0855518 0.370685 0.160548 0.972405 -0.169274 0.322269 0.113115 0.152242 0.981849 -0.871054
1 96 68 0.98575 -0.103021 -0.132976 0.280358 0.105594 0.994332 0.0124225 -0.0731127 0.130942 -0.026287 0.991041 -0.957107
1 97 43 0.994508 -0.102854 -0.019355 0.0388197 0.102458 0.994527 -0.0204624 -0.0316219 0.0213537 0.0183669 0.999603 -0.998746
1 98 0 1 0 0 0 0 1 0 0 0 0 1 0
1 99 0 1 0 0 0 0 1 0 0 0 0 1 0
1 100 0 1 0 0 0 0 1 0 0 0 0 1 0
1 101 0 1 0 0 0 0 1 0 0 0 0 1 0
1 102 0 1 0 0 0 0 1 0 0 0 0 1 0
1 103 0 1 0 0 0 0 1 0 0 0 0 1 0
1 104 0 1 0 0 0 0 1 0 0 0 0 1 0
1 105 0 1 0 0 0 0 1 0 0 0 0 1 0
1 106 24 0.150485 -0.98233 -0.111276 0.139374 -0.949185 -0.175036 0.261552 -0.360262 -0.276408 0.0662615 -0.958753 0.922381
1 107 42 0.828942 -0.297242 0.473816 0.267814 0.427995 0.882454 -0.195182 -0.133326 -0.360104 0.364586 0.858721 0.954201
1 108 0 1 0 0 0 0 1 0 0 0 0 1 0
1 109 31 0.938596 0.000333984 -0.345017 -0.0927617 -0.0157018 0.999005 -0.0417485 -0.0377294 0.34466 0.0446024 0.937667 0.994973
1 110 0 1 0 0 0 0 1 0 0 0 0 1 0
1 111 13 0.895159 0.414255 -0.164569 -0.360837 -0.384559 0.90441 0.184818 -0.0498168 0.225399 -0.102155 0.968896 0.931297
1 112 19 -0.686423 0.72153 -0.0906544 -0.171049 -0.580197 -0.618542 -0.529884 -0.293891 -0.438401 -0.311127 0.843211 0.94041
1 113 0 1 0 0 0 0 1 0 0 0 0 1 0
1 114 0 1 0 0 0 0 1 0 0 0 0 1 0
1 115 0 1 0 0 0 0 1 0 0 0 0 1 0
1 116 0 1 0 0 0 0 1 0 0 0 0 1 0
1 117 0 1 0 0 0 0 1 0 0 0 0 1 0
1 118 23 0.821496 0.53085 -0.208187 0.234673 0.467868 -0.83622 -0.286068 -0.13704 -0.32595 0.1376 -0.93532 0.962366
1 119 0 1 0 0 0 0 1 0 0 0 0 1 0
1 120 0 1 0 0 0 0 1 0 0 0 0 1 0
1 121 0 1 0 0 0 0 1 0 0 0 0 1 0
1 122 26 -0.80495 -0.537198 -0.25194 0.34339 0.586404 -0.785006 -0.199739 0.0136604 -0.0904751 -0.308519 0.946906 0.939094
1 123 29 0.411037 0.907816 0.0831739 0.13884 0.820765 -0.408235 0.399612 -0.238576 0.396729 -0.0959892 -0.912903 0.961148
1 124 41 -0.0462775 0.719534 -0.692913 0.175338 -0.68777 -0.52601 -0.500285 -0.327196 -0.724452 0.453413 0.519217 0.928547
1 125 28 -0.415131 -0.909658 -0.0137137 -0.0314582 0.909065 -0.415356 0.032862 -0.305828 -0.0355892 0.00117535 0.999366 0.951567
1 126 0 1 0 0 0 0 1 0 0 0 0 1 0
1 127 45 0.998742 0.0473882 -0.0164144 -0.132605 -0.048557 0.995596 -0.0801922 -0.0803073 0.012542 0.0808884 0.996644 0.98791
1 128 96 0.997846 -0.0349 -0.0555531 -0.285201 0.0412389 0.99223 0.117388 0.237319 0.0510246 -0.119426 0.991531 0.928623
1 129 25 0.752894 -0.444435 0.485416 -0.300472 -0.182989 0.567113 0.803056 -0.890145 -0.632192 -0.693441 0.345649 0.342577
1 130 24 0.908407 0.418025 -0.00726719 -0.133291 -0.396246 0.866364 0.303977 -0.100722 0.133366 -0.273255 0.952652 0.985946
1 131 0 1 0 0 0 0 1 0 0 0 0 1 0
1 132 0 1 0 0 0 0 1 0 0 0 0 1 0
1 133 0 1 0 0 0 0 1 0 0 0 0 1 0
1 134 31 0.926133 0.353571 0.131397 -0.209364 -0.372398 0.912472 0.169457 0.185865 -0.0599809 -0.205871 0.976739 -0.960011
1 135 0 1 0 0 0 0 1 0 0 0 0 1 0
1 136 0 1 0 0 0 0 1 0 0 0 0 1 0
1 137 0 1 0 0 0 0 1 0 0 0 0 1 0
1 138 0 1 0 0 0 0 1 0 0 0 0 1 0
1 139 0 1 0 0 0 0 1 0 0 0 0 1 0
1 140 44 0.978063 -0.19965 -0.0594405 -0.365818 0.19944 0.979864 -0.00951039 0.0505736 0.0601423 -0.00255304 0.998187 -0.929311
1 141 227 0.881549 -0.112569 0.458475 -0.941123 0.0561495 0.989263 0.134929 0.00767025 -0.468741 -0.0932037 0.878405 0.337976
1 142 84 0.979762 -0.195856 0.041313 -0.00889331 0.197526 0.979433 -0.0411662 0.0173588 -0.0324007 0.0484935 0.998298 0.99981
1 143 39 0.333233 0.929539 -0.15784 -0.0391598 -0.879243 0.366812 0.30394 -0.0505502 0.340422 0.0374966 0.939525 0.997953
1 144 0 1 0 0 0 0 1 0 0 0 0 1 0
1 145 0 1 0 0 0 0 1 0 0 0 0 1 0
1 146 29 0.481522 -0.760789 -0.435128 -0.0142822 -0.750739 -0.614225 0.243142 -0.139527 -0.452246 0.209589 -0.866917 0.990115
1 147 0 1 0 0 0 0 1 0 0 0 0 1 0
1 148 0 1 0 0 0 0 1 0 0 0 0 1 0
1 149 0 1 0 0 0 0 1 0 0 0 0 1 0
1 150 0 1 0 0 0 0 1 0 0 0 0 1 0
1 151 0 1 0 0 0 0 1 0 0 0 0 1 0
1 152 0 1 0 0 0 0 1 0 0 0 0 1 0
1 153 0 1 0 0 0 0 1 0 0 0 0 1 0
1 154 0 1 0 0 0 0 1 0 0 0 0 1 0
1 155 0 1 0 0 0 0 1 0 0 0 0 1 0
1 156 0 1 0 0 0 0 1 0 0 0 0 1 0
1 157 0 1 0 0 0 0 1 0 0 0 0 1 0
1 158 0 1 0 0 0 0 1 0 0 0 0 1 0
1 159 0 1 0 0 0 0 1 0 0 0 0 1 0
1 160 0 1 0 0 0 0 1 0 0 0 0 1 0
2 3 754 0.983195 0.0767135 -0.165659 0.985666 -0.0750054 0.997046 0.0165519 0.0543806 0.166439 -0.00384843 0.986044 0.159702
2 4 172 0.899802 0.124743 0.418084 -0.512096 -0.205243 0.966629 0.153312 -0.116047 -0.385008 -0.223759 0.895378 0.851053
2 5 19 0.974394 0.18983 -0.1205 -0.780924 -0.191826 0.981416 -0.00507216 0.123999 0.117298 0.0280573 0.9927 0.612195
2 6 0 1 0 0 0 0 1 0 0 0 0 1 0
2 7 18 0.717573 0.440011 -0.539888 -0.4012 -0.362757 0.897836 0.249594 -0.0341488 0.594555 0.016746 0.803881 0.915354
2 8 0 1 0 0 0 0 1 0 0 0 0 1 0
2 9 11 0.779785 0.615203 -0.116018 0.122349 -0.607863 0.788361 0.0948117 -0.296824 0.149792 -0.0034099 0.988712 0.947062
2 10 0 1 0 0 0 0 1 0 0 0 0 1 0
2 11 0 1 0 0 0 0 1 0 0 0 0 1 0
2 12 0 1 0 0 0 0 1 0 0 0 0 1 0
2 13 0 1 0 0 0 0 1 0 0 0 0 1 0
2 14 0 1 0 0 0 0 1 0 0 0 0 1 0
2 15 19 -0.272786 -0.951506 -0.14221 0.0892252 0.847717 -0.167823 -0.503202 -0.212663 0.454933 -0.25782 0.852387 0.973043
2 16 30 0.963628 0.24235 0.112635 -0.227563 -0.253744 0.961982 0.10102 0.30848 -0.0838707 -0.125926 0.988488 0.92361
2 17 0 1 0 0 0 0 1 0 0 0 0 1 0
2 18 15 -0.733023 -0.502427 0.458525 -0.147342 -0.675465 0.617103 -0.403647 0.0376651 -0.0801542 -0.6056 -0.791722 0.988368
2 19 0 1 0 0 0 0 1 0 0 0 0 1 0
2 20 0 1 0 0 0 0 1 0 0 0 0 1 0
2 21 0 1 0 0 0 0 1 0 0 0 0 1 0
2 22 40 -0.387533 -0.373018 -0.843016 0.228659 -0.893429 0.377318 0.243753 -0.132188 0.227161 0.847637 -0.479488 0.96449
2 23 34 0.991753 0.12419 0.0316557 0.127243 -0.0848679 0.821472 -0.563898 0.198495 -0.0960346 0.556561 0.825238 0.971807
2 24 0 1 0 0 0 0 1 0 0 0 0 1 0
2 25 0 1 0 0 0 0 1 0 0 0 0 1 0
2 26 0 1 0 0 0 0 1 0 0 0 0 1 0
2 27 0 1 0 0 0 0 1 0 0 0 0 1 0
2 28 0 1 0 0 0 0 1 0 0 0 0 1 0
2 29 32 -0.991371 0.0228333 -0.129079 0.191535 0.00379392 -0.979302 -0.202371 -0.18176 -0.131028 -0.201115 0.970765 0.964509
2 30 0 1 0 0 0 0 1 0 0 0 0 1 0
2 31 0 1 0 0 0 0 1 0 0 0 0 1 0
2 32 0 1 0 0 0 0 1 0 0 0 0 1 0
2 33 0 1 0 0 0 0 1 0 0 0 0 1 0
2 34 0 1 0 0 0 0 1 0 0 0 0 1 0
2 35 0 1 0 0 0 0 1 0 0 0 0 1 0
2 36 0 1 0 0 0 0 1 0 0 0 0 1 0
2 37 0 1 0 0 0 0 1 0 0 0 0 1 0
2 38 0 1 0 0 0 0 1 0 0 0 0 1 0
2 39 0 1 0 0 0 0 1 0 0 0 0 1 0
2 40 0 1 0 0 0 0 1 0 0 0 0 1 0
2 41 0 1 0 0 0 0 1 0 0 0 0 1 0
2 42 0 1 0 0 0 0 1 0 0 0 0 1 0
2 43 0 1 0 0 0 0 1 0 0 0 0 1 0
2 44 0 1 0 0 0 0 1 0 0 0 0 1 0
2 45 20 -0.484132 -0.829418 -0.278716 0.00504133 -0.84851 0.367247 0.380998 -0.0252142 -0.21365 0.420947 -0.881566 0.999669
2 46 0 1 0 0 0 0 1 0 0 0 0 1 0
2 47 19 0.904893 -0.197323 -0.377137 -0.0468271 -0.251254 -0.962836 -0.0990848 0.0100033 -0.34357 0.184419 -0.920842 0.998853
2 48 0 1 0 0 0 0 1 0 0 0 0 1 0
2 49 0 1 0 0 0 0 1 0 0 0 0 1 0
2 50 0 1 0 0 0 0 1 0 0 0 0 1 0
2 51 0 1 0 0 0 0 1 0 0 0 0 1 0
2 52 0 1 0 0 0 0 1 0 0 0 0 1 0
2 53 0 1 0 0 0 0 1 0 0 0 0 1 0
2 54 13 0.0433494 0.981781 -0.185006 -0.114592 -0.993267 0.0622656 0.0976915 -0.203549 0.107431 0.179526 0.97787 0.972335
2 55 0 1 0 0 0 0 1 0 0 0 0 1 0
2 56 0 1 0 0 0 0 1 0 0 0 0 1 0
2 57 0 1 0 0 0 0 1 0 0 0 0 1 0
2 58 0 1 0 0 0 0 1 0 0 0 0 1 0
2 59 12 0.929622 0.358933 -0.0834904 -0.334342 -0.352421 0.932128 0.0832837 -0.141021 0.107717 -0.0479985 0.993022 0.931842
2 60 0 1 0 0 0 0 1 0 0 0 0 1 0
2 61 0 1 0 0 0 0 1 0 0 0 0 1 0
2 62 17 -0.904768 0.398396 -0.150586 0.159375 0.418469 0.897334 -0.140272 0.0217956 0.0792417 -0.189929 -0.978595 0.986978
2 63 29 -0.932941 0.261012 -0.247981 -0.0382315 0.203864 0.950698 0.233693 0.157453 0.296752 0.167467 -0.940156 0.986786
2 64 0 1 0 0 0 0 1 0 0 0 0 1 0
2 65 0 1 0 0 0 0 1 0 0 0 0 1 0
2 66 16 0.305387 0.950365 0.0595439 0.231809 0.951843 -0.306445 0.00930763 0.0559993 0.0270926 0.053834 -0.998182 0.971148
2 67 29 -0.804218 -0.39574 0.443422 0.195861 0.483536 -0.86948 0.100988 0.155683 0.345581 0.295626 0.890606 0.968195
2 68 137 0.903095 -0.422712 -0.0757259 0.106248 0.138738 0.454069 -0.880099 0.809456 0.406413 0.784306 0.468713 0.577488
2 69 162 -0.131588 0.386385 -0.912903 0.206717 0.58626 0.772933 0.242638 0.0807767 0.799365 -0.50327 -0.32823 0.975061
2 70 188 -0.272755 0.32543 -0.905373 0.22256 0.684858 0.726609 0.0548526 0.201375 0.675703 -0.605091 -0.421059 0.953895
2 71 221 0.904889 -0.424508 0.0311199 -0.388385 0.41925 0.901532 0.107097 0.416461 -0.073519 -0.0838636 0.993761 0.82202
2 72 86 0.969519 -0.237489 0.060266 -0.213432 0.226291 0.962222 0.151401 0.0505843 -0.0939453 -0.133148 0.986634 0.975648
2 73 83 0.889862 -0.455207 0.0305142 -0.231318 0.453148 0.889634 0.0566464 0.0544687 -0.0529323 -0.03658 0.997928 0.971352
2 74 30 0.845306 -0.534237 0.00699967 -0.162015 0.533839 0.845065 0.0296826 0.00723977 -0.0217727 -0.0213542 0.999535 0.986762
2 75 0 1 0 0 0 0 1 0 0 0 0 1 0
2 76 0 1 0 0 0 0 1 0 0 0 0 1 0
2 77 0 1 0 0 0 0 1 0 0 0 0 1 0
2 78 0 1 0 0 0 0 1 0 0 0 0 1 0
2 79 0 1 0 0 0 0 1 0 0 0 0 1 0
2 80 0 1 0 0 0 0 1 0 0 0 0 1 0
2 81 28 0.0233921 0.996415 0.0813056 -0.178801 0.894528 -0.0571759 0.44334 -0.142842 0.446399 0.0623595 -0.892658 0.973461
2 82 0 1 0 0 0 0 1 0 0 0 0 1 0
2 83 0 1 0 0 0 0 1 0 0 0 0 1 0
2 84 0 1 0 0 0 0 1 0 0 0 0 1 0
2 85 24 -0.0938617 0.984305 -0.149442 -0.0149864 -0.979367 -0.0643036 0.191584 0.110479 0.178968 0.164341 0.970032 0.993765
2 86 0 1 0 0 0 0 1 0 0 0 0 1 0
2 87 0 1 0 0 0 0 1 0 0 0 0 1 0
2 88 0 1 0 0 0 0 1 0 0 0 0 1 0
2 89 47 -0.773268 0.553904 -0.308622 -0.12652 0.522331 0.832386 0.185212 -0.074723 0.359482 -0.017984 -0.932979 0.989146
2 90 52 0.994969 -0.0676645 -0.0738809 0.326618 0.0404323 0.945933 -0.321832 0.248845 0.091663 0.317226 0.94391 -0.91181
2 91 128 0.970252 -0.241354 0.0189328 -0.230505 0.236928 0.930562 -0.279141 -0.216661 0.0497538 0.275323 0.960063 0.948644
2 92 197 0.367162 0.394757 0.842234 -0.668096 0.754694 0.402861 -0.517822 0.391043 -0.543717 0.825754 -0.150006 0.633035
2 93 157 0.97863 -0.182555 0.0946456 -0.244983 0.193512 0.97328 -0.123609 0.197483 -0.0695511 0.139282 0.987807 -0.949202
2 94 490 0.908506 -0.241095 0.341305 -0.691323 0.357132 0.872059 -0.334618 0.681971 -0.216963 0.425894 0.878374 -0.238721
2 95 1085 0.959442 -0.267368 0.0893605 -0.220062 0.278669 0.947412 -0.157337 0.470006 -0.0425944 0.175858 0.983494 -0.854791
2 96 744 0.944766 -0.19316 -0.264777 0.759828 0.208571 0.977513 0.0310996 -0.055099 0.252815 -0.0846066 0.963808 -0.647785
2 97 128 0.977125 0.105156 -0.184846 0.565026 -0.0871784 0.990869 0.102851 -0.612467 0.193974 -0.0843835 0.977371 -0.552837
2 98 22 0.901437 0.3054 0.306826 -0.260144 -0.2749 0.951333 -0.13927 0.0423125 -0.334427 0.0411961 0.941521 -0.964642
2 99 0 1 0 0 0 0 1 0 0 0 0 1 0
2 100 28 -0.90353 0.339895 0.260968 -0.191401 -0.425273 -0.636343 -0.643592 0.140592 -0.052689 -0.692487 0.719503 0.971391
2 101 0 1 0 0 0 0 1 0 0 0 0 1 0
2 102 0 1 0 0 0 0 1 0 0 0 0 1 0
2 103 0 1 0 0 0 0 1 0 0 0 0 1 0
2 104 0 1 0 0 0 0 1 0 0 0 0 1 0
2 105 12 0.811326 -0.427804 -0.398413 0.183039 -0.364617 -0.903029 0.227142 -0.0647673 -0.456951 -0.0390186 -0.888636 0.98097
2 106 24 0.961029 0.190591 0.200247 -0.391353 0.229646 -0.953651 -0.194456 -0.0929713 0.153904 0.232864 -0.960254 0.915532
2 107 46 -0.735249 -0.435843 0.519086 0.225105 -0.590237 0.0352153 -0.806461 -0.0777019 0.33321 -0.899334 -0.283143 0.971231
2 108 47 0.0540302 -0.99645 0.0645634 -0.144495 0.558775 0.083758 0.825079 -0.37815 -0.827557 -0.00850272 0.561317 0.914398
2 109 22 -0.806396 -0.442344 0.392501 -0.158193 -0.49284 0.869509 -0.0326167 -0.0129128 -0.326856 -0.219742 -0.919173 0.987324
2 110 0 1 0 0 0 0 1 0 0 0 0 1 0
2 111 13 -0.97655 0.0581132 -0.207299 -0.0488436 0.0176001 -0.938108 -0.345895 -0.0220342 -0.21457 -0.341432 0.915087 0.998563
2 112 0 1 0 0 0 0 1 0 0 0 0 1 0
2 113 15 -0.722683 -0.685476 0.0886107 0.356586 0.686923 -0.726512 -0.0178229 -0.0684299 0.0765939 0.0479884 0.995907 0.931753
2 114 23 -0.779107 0.57583 -0.247814 0.345897 0.626077 0.734851 -0.260808 0.0339498 0.0319248 -0.358348 -0.933042 0.937658
2 115 0 1 0 0 0 0 1 0 0 0 0 1 0
2 116 0 1 0 0 0 0 1 0 0 0 0 1 0
2 117 0 1 0 0 0 0 1 0 0 0 0 1 0
2 118 0 1 0 0 0 0 1 0 0 0 0 1 0
2 119 0 1 0 0 0 0 1 0 0 0 0 1 0
2 120 0 1 0 0 0 0 1 0 0 0 0 1 0
2 121 0 1 0 0 0 0 1 0 0 0 0 1 0
2 122 19 0.681578 0.675631 0.281024 0.315052 -0.730635 0.649512 0.210493 0.0414999 -0.0403126 -0.348793 0.936332 0.948167
2 123 0 1 0 0 0 0 1 0 0 0 0 1 0
2 124 0 1 0 0 0 0 1 0 0 0 0 1 0
2 125 18 -0.401629 0.904204 -0.145288 -0.0286061 -0.888433 -0.423187 -0.177761 -0.238348 -0.222216 0.0576844 0.973289 0.970758
2 126 22 -0.497303 0.865435 -0.0609319 -0.0294998 -0.867043 -0.493306 0.0698936 -0.0529506 0.0304302 0.0875888 0.995692 -0.998161
2 127 0 1 0 0 0 0 1 0 0 0 0 1 0
2 128 70 0.756607 0.0907534 0.647541 -0.652836 0.377969 0.747402 -0.546379 0.632477 -0.533559 0.658145 0.531187 0.416867
2 129 0 1 0 0 0 0 1 0 0 0 0 1 0
2 130 0 1 0 0 0 0 1 0 0 0 0 1 0
2 131 0 1 0 0 0 0 1 0 0 0 0 1 0
2 132 0 1 0 0 0 0 1 0 0 0 0 1 0
2 133 0 1 0 0 0 0 1 0 0 0 0 1 0
2 134 0 1 0 0 0 0 1 0 0 0 0 1 0
2 135 0 1 0 0 0 0 1 0 0 0 0 1 0
2 136 0 1 0 0 0 0 1 0 0 0 0 1 0
2 137 0 1 0 0 0 0 1 0 0 0 0 1 0
2 138 0 1 0 0 0 0 1 0 0 0 0 1 0
2 139 0 1 0 0 0 0 1 0 0 0 0 1 0
2 140 0 1 0 0 0 0 1 0 0 0 0 1 0
2 141 18 0.99821 -0.049505 -0.0335515 -0.102939 0.0550841 0.979548 0.193523 -0.108412 0.0232849 -0.195025 0.980522 -0.988762
2 142 36 0.971325 -0.174272 0.161731 -0.220034 0.17395 0.98462 0.0162568 -0.0677692 -0.162077 0.0123425 0.986701 0.973135
2 143 0 1 0 0 0 0 1 0 0 0 0 1 0
2 144 13 -0.845642 0.50939 0.159408 -0.0972326 -0.460974 -0.847558 0.262961 0.0508006 0.269057 0.148887 0.951546 0.993964
2 145 0 1 0 0 0 0 1 0 0 0 0 1 0
2 146 0 1 0 0 0 0 1 0 0 0 0 1 0
2 147 0 1 0 0 0 0 1 0 0 0 0 1 0
2 148 0 1 0 0 0 0 1 0 0 0 0 1 0
2 149 0 1 0 0 0 0 1 0 0 0 0 1 0
2 150 0 1 0 0 0 0 1 0 0 0 0 1 0
2 151 0 1 0 0 0 0 1 0 0 0 0 1 0
2 152 0 1 0 0 0 0 1 0 0 0 0 1 0
2 153 0 1 0 0 0 0 1 0 0 0 0 1 0
2 154 0 1 0 0 0 0 1 0 0 0 0 1 0
2 155 0 1 0 0 0 0 1 0 0 0 0 1 0
2 156 0 1 0 0 0 0 1 0 0 0 0 1 0
2 157 12 0.996615 0.0306286 -0.0762857 -0.186959 -0.0360784 0.996815 -0.0711172 0.0102021 0.0738645 0.0736287 0.994547 -0.982315
2 158 0 1 0 0 0 0 1 0 0 0 0 1 0
2 159 13 -0.463579 0.868161 -0.177173 0.16549 0.884311 0.44078 -0.15397 0.0354602 -0.0555762 -0.228053 -0.972061 0.985574
2 160 0 1 0 0 0 0 1 0 0 0 0 1 0
3 4 451 0.914616 0.102408 -0.391141 0.949825 -0.122625 0.992086 -0.0269896 0.208634 0.385281 0.0726485 0.919935 0.233032
3 5 253 0.949697 0.198988 -0.241824 0.875102 -0.202956 0.97915 0.0086503 0.0678522 0.238503 0.0408645 0.970282 0.479158
3 6 52 0.799998 0.577282 0.163551 -0.0592515 -0.57898 0.814258 -0.0420287 0.0540025 -0.157435 -0.0610697 0.985639 -0.996781
3 7 55 0.686731 0.714657 0.132913 0.0206271 -0.720561 0.693372 -0.0051996 0.123437 -0.0958744 -0.0922015 0.991114 -0.992138
3 8 0 1 0 0 0 0 1 0 0 0 0 1 0
3 9 0 1 0 0 0 0 1 0 0 0 0 1 0
3 10 0 1 0 0 0 0 1 0 0 0 0 1 0
3 11 0 1 0 0 0 0 1 0 0 0 0 1 0
3 12 0 1 0 0 0 0 1 0 0 0 0 1 0
3 13 0 1 0 0 0 0 1 0 0 0 0 1 0
3 14 0 1 0 0 0 0 1 0 0 0 0 1 0
3 15 0 1 0 0 0 0 1 0 0 0 0 1 0
3 16 0 1 0 0 0 0 1 0 0 0 0 1 0
3 17 0 1 0 0 0 0 1 0 0 0 0 1 0
3 18 0 1 0 0 0 0 1 0 0 0 0 1 0
3 19 0 1 0 0 0 0 1 0 0 0 0 1 0
3 20 0 1 0 0 0 0 1 0 0 0 0 1 0
3 21 0 1 0 0 0 0 1 0 0 0 0 1 0
3 22 0 1 0 0 0 0 1 0 0 0 0 1 0
3 23 46 0.803001 0.590274 0.082261 0.0296806 -0.563242 0.796745 -0.218989 -0.0159405 -0.194804 0.129515 0.972254 0.999432
3 24 0 1 0 0 0 0 1 0 0 0 0 1 0
3 25 0 1 0 0 0 0 1 0 0 0 0 1 0
3 26 0 1 0 0 0 0 1 0 0 0 0 1 0
3 27 0 1 0 0 0 0 1 0 0 0 0 1 0
3 28 0 1 0 0 0 0 1 0 0 0 0 1 0
3 29 11 -0.937194 0.145968 0.316799 0.361446 -0.222545 -0.949583 -0.22083 -0.105831 0.268592 -0.277463 0.922428 0.926367
3 30 0 1 0 0 0 0 1 0 0 0 0 1 0
3 31 0 1 0 0 0 0 1 0 0 0 0 1 0
3 32 0 1 0 0 0 0 1 0 0 0 0 1 0
3 33 0 1 0 0 0 0 1 0 0 0 0 1 0
3 34 21 0.138482 -0.952394 0.271603 0.235619 0.973997 0.0813175 -0.211465 -0.291975 0.179312 0.293825 0.93889 0.926949
3 35 0 1 0 0 0 0 1 0 0 0 0 1 0
3 36 0 1 0 0 0 0 1 0 0 0 0 1 0
3 37 0 1 0 0 0 0 1 0 0 0 0 1 0
3 38 0 1 0 0 0 0 1 0 0 0 0 1 0
3 39 0 1 0 0 0 0 1 0 0 0 0 1 0
3 40 0 1 0 0 0 0 1 0 0 0 0 1 0
3 41 0 1 0 0 0 0 1 0 0 0 0 1 0
3 42 14 0.667716 0.512572 -0.539839 0.180487 -0.580459 0.812528 0.0535293 0.0128192 0.466072 0.277612 0.840065 -0.983494
3 43 0 1 0 0 0 0 1 0 0 0 0 1 0
3 44 0 1 0 0 0 0 1 0 0 0 0 1 0
3 45 0 1 0 0 0 0 1 0 0 0 0 1 0
3 46 0 1 0 0 0 0 1 0 0 0 0 1 0
3 47 0 1 0 0 0 0 1 0 0 0 0 1 0
3 48 0 1 0 0 0 0 1 0 0 0 0 1 0
3 49 0 1 0 0 0 0 1 0 0 0 0 1 0
3 50 0 1 0 0 0 0 1 0 0 0 0 1 0
3 51 0 1 0 0 0 0 1 0 0 0 0 1 0
3 52 48 0.280182 0.770902 0.572021 -0.145647 0.938391 -0.0943814 -0.332438 -0.0181934 -0.202289 0.629922 -0.749851 0.989169
3 53 0 1 0 0 0 0 1 0 0 0 0 1 0
3 54 0 1 0 0 0 0 1 0 0 0 0 1 0
3 55 0 1 0 0 0 0 1 0 0 0 0 1 0
3 56 0 1 0 0 0 0 1 0 0 0 0 1 0
3 57 0 1 0 0 0 0 1 0 0 0 0 1 0
3 58 26 -0.775953 0.621199 -0.109587 0.261724 -0.586157 -0.774271 -0.238587 -0.00694744 -0.23306 -0.120897 0.964918 -0.965118
3 59 0 1 0 0 0 0 1 0 0 0 0 1 0
3 60 0 1 0 0 0 0 1 0 0 0 0 1 0
3 61 0 1 0 0 0 0 1 0 0 0 0 1 0
3 62 0 1 0 0 0 0 1 0 0 0 0 1 0
3 63 0 1 0 0 0 0 1 0 0 0 0 1 0
3 64 0 1 0 0 0 0 1 0 0 0 0 1 0
3 65 0 1 0 0 0 0 1 0 0 0 0 1 0
3 66 53 0.969664 0.215189 -0.115957 -0.0722635 -0.14801 0.894393 0.422083 -0.200625 0.194539 -0.392116 0.899111 0.976999
3 67 134 0.554816 0.728605 0.401639 -0.0991545 0.804707 -0.347382 -0.481427 0.169715 -0.211248 0.590305 -0.779047 0.980492
3 68 115 0.984973 -0.164822 -0.0515997 -0.147148 0.17087 0.973469 0.152191 0.106281 0.0251463 -0.158721 0.987003 0.983388
3 69 249 0.897078 -0.210005 0.38878 -0.589017 0.425666 0.646814 -0.632803 0.742178 -0.118576 0.733164 0.669635 0.319736
3 70 197 0.905309 0.0814532 0.416871 -0.341579 0.40408 -0.467621 -0.786161 0.601249 0.130902 0.880168 -0.456255 0.722374
3 71 58 0.966648 -0.200516 -0.159326 0.453586 0.203716 0.979022 0.00384124 0.355307 0.155214 -0.0361704 0.987219 0.817323
3 72 78 0.792654 -0.606336 -0.063691 0.135215 0.6087 0.792956 0.0265391 -0.157907 0.0344125 -0.059805 0.997617 -0.978152
3 73 0 1 0 0 0 0 1 0 0 0 0 1 0
3 74 0 1 0 0 0 0 1 0 0 0 0 1 0
3 75 0 1 0 0 0 0 1 0 0 0 0 1 0
3 76 0 1 0 0 0 0 1 0 0 0 0 1 0
3 77 0 1 0 0 0 0 1 0 0 0 0 1 0
3 78 0 1 0 0 0 0 1 0 0 0 0 1 0
3 79 0 1 0 0 0 0 1 0 0 0 0 1 0
3 80 0 1 0 0 0 0 1 0 0 0 0 1 0
3 81 0 1 0 0 0 0 1 0 0 0 0 1 0
3 82 0 1 0 0 0 0 1 0 0 0 0 1 0
3 83 0 1 0 0 0 0 1 0 0 0 0 1 0
3 84 0 1 0 0 0 0 1 0 0 0 0 1 0
3 85 0 1 0 0 0 0 1 0 0 0 0 1 0
3 86 0 1 0 0 0 0 1 0 0 0 0 1 0
3 87 0 1 0 0 0 0 1 0 0 0 0 1 0
3 88 0 1 0 0 0 0 1 0 0 0 0 1 0
3 89 0 1 0 0 0 0 1 0 0 0 0 1 0
3 90 0 1 0 0 0 0 1 0 0 0 0 1 0
3 91 48 0.776754 -0.621016 0.104843 -0.25802 0.595497 0.670002 -0.443261 0.453657 0.205027 0.406739 0.89024 -0.853007
3 92 37 0.968256 -0.235627 -0.0834311 0.195559 0.211371 0.949985 -0.229894 0.0844269 0.133427 0.204961 0.969633 -0.977051
3 93 16 0.906246 0.37564 -0.193941 -0.117406 -0.406176 0.900882 -0.153077 -0.0160604 0.117216 0.2175 0.968997 0.992954
3 94 128 0.960545 -0.187818 -0.205128 0.328294 0.170927 0.980465 -0.0973297 0.102624 0.219401 0.0584276 0.973884 -0.938984
3 95 370 0.881847 -0.411203 -0.230775 0.471908 0.398944 0.911534 -0.099741 -0.0968422 0.251373 -0.00411001 0.967882 -0.876313
3 96 655 0.958357 -0.266928 -0.1015 -0.341304 0.271361 0.96193 0.032462 -0.327468 0.0889709 -0.0586534 0.994306 -0.881065
3 97 592 0.961873 -0.0236575 -0.272471 0.281375 0.0571104 0.991663 0.115508 -0.672985 0.267466 -0.126665 0.955206 -0.684046
3 98 92 0.554412 0.82023 -0.140889 -0.0503892 0.458139 -0.159462 0.87446 -0.606856 0.694792 -0.549358 -0.464187 0.793213
3 99 48 -0.31327 -0.884864 -0.344786 -0.122505 0.946503 -0.261324 -0.189319 -0.0652266 0.0774209 -0.385649 0.919392 0.990322
3 100 48 -0.910561 0.208895 0.356709 -0.226126 0.39877 0.671233 0.624843 -0.349366 -0.108909 0.711202 -0.6945 0.909291
3 101 0 1 0 0 0 0 1 0 0 0 0 1 0
3 102 0 1 0 0 0 0 1 0 0 0 0 1 0
3 103 0 1 0 0 0 0 1 0 0 0 0 1 0
3 104 0 1 0 0 0 0 1 0 0 0 0 1 0
3 105 0 1 0 0 0 0 1 0 0 0 0 1 0
3 106 0 1 0 0 0 0 1 0 0 0 0 1 0
3 107 0 1 0 0 0 0 1 0 0 0 0 1 0
3 108 39 0.877628 0.400239 0.263777 -0.118213 0.44839 -0.880016 -0.156581 -0.268964 0.169458 0.255695 -0.95179 0.955868
3 109 18 0.740722 -0.565733 0.362322 -0.172602 -0.602685 -0.797862 -0.0136738 -0.234875 0.296818 -0.208237 -0.931953 0.956578
3 110 0 1 0 0 0 0 1 0 0 0 0 1 0
3 111 25 -0.0440272 0.962992 0.265911 -0.0419874 0.96467 -0.0282274 0.261946 -0.0029647 0.259758 0.268049 -0.927726 0.999114
3 112 26 0.771491 -0.459463 -0.440109 0.211484 -0.231985 -0.847254 0.477854 -0.211092 -0.59244 -0.266561 -0.760237 0.954314
3 113 0 1 0 0 0 0 1 0 0 0 0 1 0
3 114 0 1 0 0 0 0 1 0 0 0 0 1 0
3 115 0 1 0 0 0 0 1 0 0 0 0 1 0
3 116 0 1 0 0 0 0 1 0 0 0 0 1 0
3 117 0 1 0 0 0 0 1 0 0 0 0 1 0
3 118 0 1 0 0 0 0 1 0 0 0 0 1 0
3 119 0 1 0 0 0 0 1 0 0 0 0 1 0
3 120 0 1 0 0 0 0 1 0 0 0 0 1 0
3 121 0 1 0 0 0 0 1 0 0 0 0 1 0
3 122 0 1 0 0 0 0 1 0 0 0 0 1 0
3 123 0 1 0 0 0 0 1 0 0 0 0 1 0
3 124 0 1 0 0 0 0 1 0 0 0 0 1 0
3 125 0 1 0 0 0 0 1 0 0 0 0 1 0
3 126 0 1 0 0 0 0 1 0 0 0 0 1 0
3 127 0 1 0 0 0 0 1 0 0 0 0 1 0
3 128 0 1 0 0 0 0 1 0 0 0 0 1 0
3 129 0 1 0 0 0 0 1 0 0 0 0 1 0
