0 1 160 0.974277 0.0738726 -0.212904 0.911924 -0.0732892 0.997254 0.0106422 0.214044 0.213105 0.00523507 0.977015 -0.350114
0 2 69 0.463408 0.174803 0.868733 -0.839835 -0.135142 0.982824 -0.125672 0.169156 -0.87578 -0.0591652 0.479072 0.515814
0 3 36 0.673545 -0.700334 0.236368 -0.106432 -0.738434 -0.651592 0.173615 -0.0249843 0.0324267 -0.29148 -0.956027 0.994006
0 4 17 0.911892 0.355275 0.205507 0.224555 -0.410342 0.799628 0.438423 -0.0508151 -0.00856858 -0.484123 0.874958 0.973136
0 5 11 0.711471 -0.687086 -0.147383 -0.168124 0.698144 0.715007 0.0368915 0.102092 0.0800323 -0.129142 0.988391 -0.980465
0 6 33 -0.491798 -0.869834 0.0390404 -0.0911869 -0.758209 0.449868 0.47195 -0.237058 -0.428081 0.202503 -0.88076 0.967207
0 7 11 -0.431064 0.901681 0.0339951 0.222867 -0.888627 -0.430759 0.157447 0.169467 0.156611 0.0376608 0.986942 0.960006
0 8 33 -0.368705 0.929448 -0.0135359 -0.0455439 0.830244 0.33583 0.444873 -0.248627 0.418032 0.152789 -0.895491 0.967528
0 9 0 1 0 0 0 0 1 0 0 0 0 1 0
0 10 13 -0.572133 -0.710388 -0.409892 0.0363432 0.799347 -0.594859 -0.0847838 -0.185011 -0.183599 -0.376154 0.908185 0.982064
0 11 13 -0.973572 0.209645 0.0905953 0.117481 -0.201876 -0.975462 0.0878605 -0.0444315 0.106792 0.0672495 0.992005 -0.992081
0 12 11 0.415836 -0.904195 0.0975268 0.264429 0.862283 0.426084 0.273717 0.242328 -0.289049 -0.0297258 0.956853 0.933464
0 13 15 0.336056 -0.931641 -0.138242 0.180371 0.919774 0.356215 -0.1647 0.240751 0.202685 -0.071803 0.976608 -0.95368
0 14 16 0.83366 -0.55214 -0.0123311 -0.251403 0.544255 0.817554 0.188126 -0.182041 -0.0937905 -0.163544 0.982068 -0.950609
0 15 21 0.817995 -0.570435 -0.0740841 0.145405 -0.530635 -0.698581 -0.480012 0.252803 0.222062 0.431959 -0.874128 0.956529
0 16 38 0.739888 -0.67097 -0.0486291 0.1144 -0.386816 -0.48346 0.785264 -0.240943 -0.550399 -0.562197 -0.617249 0.963773
0 17 48 0.170937 -0.984759 -0.0320898 -0.07539 -0.931765 -0.172155 0.319651 -0.240764 -0.320303 -0.02474 -0.946992 0.967651
0 18 36 -0.0297792 -0.9963 -0.0806186 -0.131536 -0.999473 0.0307224 -0.0104844 -0.0138765 0.0129224 0.0802639 -0.99669 0.991214
0 19 0 1 0 0 0 0 1 0 0 0 0 1 0
0 20 21 -0.391498 -0.892303 -0.224775 0.0184658 0.911375 -0.409716 0.0391015 -0.223692 -0.126984 -0.189546 0.973626 0.974485
0 21 23 -0.940208 0.262045 0.217583 -0.0130806 0.285144 0.954968 0.082036 0.0629816 -0.186287 0.139173 -0.972588 0.997929
0 22 19 -0.471539 -0.824365 -0.313167 0.102368 0.881303 -0.42808 -0.20013 -0.0432454 0.0309197 -0.370364 0.928372 -0.993806
0 23 32 0.695418 -0.438587 -0.569241 0.212207 -0.524377 -0.851348 0.0153345 -0.158614 -0.491348 0.287833 -0.822027 0.964267
0 24 16 0.298496 -0.932508 -0.203294 0.131889 0.950782 0.271979 0.148464 -0.0556213 -0.0831521 -0.237604 0.967796 -0.989703
0 25 34 -0.315772 -0.928334 0.196173 -0.163591 -0.891458 0.219461 -0.396409 0.161926 0.324948 -0.300055 -0.89687 0.973149
0 26 24 -0.993557 0.0621594 0.094771 -0.0414432 0.0903418 0.939275 0.33106 -0.290153 -0.0684376 0.337489 -0.938839 0.956082
0 27 17 0.709836 0.69232 0.129712 0.272868 -0.690655 0.720273 -0.0648183 -0.268596 -0.138303 -0.0435759 0.989431 0.923796
0 28 34 0.741196 0.148346 0.654692 0.0179063 0.0300769 0.966959 -0.253152 -0.338075 -0.670614 0.207327 0.712245 0.940949
0 29 33 0.883955 0.467293 0.0161719 0.228136 0.467564 -0.883205 -0.0365108 -0.00303033 -0.00277809 0.0398353 -0.999202 0.973625
0 30 13 0.464346 0.885453 0.0188428 0.22103 -0.88083 0.46393 -0.0943746 -0.000734631 -0.092306 0.0272252 0.995358 -0.975267
0 31 29 0.757004 0.387017 0.526462 -0.358355 0.457204 -0.889355 -0.00362756 -0.215067 0.466807 0.243446 -0.850191 0.908476
0 32 35 0.52335 0.834645 0.171677 0.00395023 0.735923 -0.544281 0.40271 -0.316225 0.42956 -0.0844174 -0.899084 0.948676
0 33 32 -0.883006 -0.454774 0.116104 -0.0530597 -0.351373 0.804497 0.478876 -0.378922 -0.311186 0.382055 -0.870171 0.923906
0 34 18 0.961441 0.274975 -0.00444963 -0.193713 -0.264787 0.929948 0.255115 -0.21739 0.0742882 -0.2441 0.9669 -0.95667
0 35 14 0.941852 -0.316493 0.1129 0.0446289 0.294506 0.939269 0.17618 -0.010599 -0.161804 -0.132686 0.977862 -0.998947
0 36 40 -0.0327393 0.331208 0.94299 -0.516054 0.62206 0.745231 -0.240152 0.188817 -0.782285 0.578733 -0.230429 0.835486
0 37 17 0.770586 -0.637286 0.00806355 -0.425667 0.637305 0.770612 0.000274033 0.0817351 -0.00638851 0.00492777 0.999967 -0.901181
0 38 38 0.22498 0.955451 0.191044 0.139042 -0.670197 0.294066 -0.681441 0.0779311 -0.707263 0.025273 0.706499 0.987215
0 39 23 -0.0640223 -0.991658 0.111875 -0.149111 0.957375 -0.0926728 -0.273577 0.33856 0.281663 0.0895911 0.955322 -0.929055
0 40 19 0.063978 -0.99648 -0.0541736 -0.295177 0.995199 0.0677361 -0.07064 0.317396 0.0740608 -0.0493941 0.99603 -0.901182
0 41 34 0.810983 -0.369144 0.453915 -0.300624 0.399216 0.916301 0.031922 -0.124445 -0.427706 0.155322 0.890473 0.945589
0 42 66 0.84461 -0.273463 0.460275 -0.972564 0.346542 0.93456 -0.0806593 -0.024974 -0.408097 0.22763 0.884105 0.231292
0 43 18 -0.93872 -0.304673 0.161178 -0.281169 0.247543 -0.921316 -0.299831 0.164305 0.239847 -0.241559 0.940278 -0.945488
0 44 31 0.982534 0.185109 0.0190223 0.0384977 0.185191 -0.982699 -0.00263069 -0.21534 0.0182062 0.00610751 -0.999816 0.97578
0 45 70 0.74495 -0.259948 0.614391 -0.855954 0.328541 0.944489 0.00125549 0.0353403 -0.580612 0.200918 0.789001 0.515843
0 46 80 0.81705 -0.228048 0.52955 -0.899165 0.314971 0.945836 -0.0786541 0.133628 -0.482931 0.231057 0.844624 0.41671
0 47 43 -0.728156 0.093825 -0.678959 0.506319 0.121951 0.992516 0.00636715 0.0284041 0.674475 -0.0781638 -0.734149 0.861879
0 48 32 0.961338 -0.158181 0.225405 -0.387355 0.160167 0.987044 0.00957245 -0.315182 -0.223999 0.0269001 0.974218 0.866381
0 49 24 0.965424 -0.244625 0.0900876 0.378452 0.237044 0.967586 0.0871099 -0.19519 -0.108477 -0.0627431 0.992117 -0.904806
0 50 31 0.658598 0.680734 -0.320703 0.316368 0.722085 -0.691647 0.0147686 -0.233517 -0.21176 -0.241301 -0.947065 0.919446
0 51 14 -0.889036 0.370686 0.268715 0.0623878 -0.357033 -0.928731 0.0999303 -0.258197 0.286607 -0.00709838 0.958022 -0.964076
0 52 31 -0.591781 0.806091 0.0035873 0.215515 0.799668 0.586494 0.12867 0.0338099 0.101616 0.0790131 -0.991681 0.975915
0 53 28 -0.970135 -0.177152 -0.165698 0.0568809 -0.0496326 0.813622 -0.579272 0.233962 0.237435 -0.553748 -0.798115 0.97058
0 54 33 0.825161 0.456496 -0.332747 0.111867 0.425456 -0.889712 -0.16553 0.0568193 -0.371613 -0.00498047 -0.928375 0.992097
0 55 11 0.437689 -0.809411 -0.391512 -0.0321857 0.899002 0.401216 0.175561 -0.211238 0.0149795 -0.428812 0.90327 0.976905
0 56 27 -0.139571 0.849286 -0.509149 0.153415 0.691081 0.451794 0.564171 -0.207608 0.709173 -0.273122 -0.649983 0.966107
0 57 18 0.450305 0.835403 0.315162 0.0019966 -0.890172 0.392601 0.231209 -0.248606 0.06942 -0.384663 0.920443 -0.968603
0 58 50 -0.240529 0.77202 0.588329 -0.333987 0.933255 0.350544 -0.0784467 0.00610002 -0.266798 0.530192 -0.804808 0.942558
0 59 13 0.920177 0.00373391 -0.391484 0.31642 -0.0430495 0.994856 -0.0916984 0.128976 0.389128 0.101232 0.915604 -0.93981
0 60 26 0.642912 0.76552 -0.0253492 0.00830554 0.655171 -0.566778 -0.499513 0.307799 -0.396755 0.304535 -0.865935 0.951415
0 61 35 0.297925 -0.870763 0.391169 -0.142413 -0.932257 -0.177287 0.315384 -0.217981 -0.205276 -0.45863 -0.864592 0.965507
0 62 11 0.922175 -0.319594 0.217835 -0.0348584 0.29924 0.946386 0.12169 0.0708031 -0.245047 -0.0470344 0.96837 0.996881
0 63 19 0.987015 -0.0931183 0.130886 0.210921 0.0174061 0.87203 0.489143 0.196727 -0.159684 -0.480513 0.862327 0.957502
0 64 38 -0.694191 -0.71972 0.0101638 0.00874063 -0.698585 0.670269 -0.250435 0.16623 0.173431 -0.18095 -0.96808 0.986048
0 65 13 0.808633 -0.57444 0.127011 -0.171921 0.563542 0.818305 0.113125 -0.213017 -0.168918 -0.0199005 0.985429 -0.961804
0 66 12 0.606244 -0.772851 -0.187535 -0.00848478 0.792759 0.606038 0.0652076 0.316201 0.0632575 -0.188202 0.980091 0.948654
0 67 38 0.198811 -0.924313 0.32576 0.0702096 -0.963739 -0.244757 -0.106306 0.260416 0.177992 -0.292813 -0.939457 0.96294
0 68 34 0.80484 0.49595 -0.325984 0.120464 0.415302 -0.863016 -0.287624 0.210461 -0.423977 0.0961096 -0.900559 0.970152
0 69 40 -0.552955 -0.789351 -0.266768 0.163669 -0.68784 0.613142 -0.388501 0.313832 0.47023 -0.0313296 -0.881988 0.935266
0 70 44 0.0941385 0.67425 -0.732479 0.108604 -0.717207 0.556209 0.419817 0.102336 0.690472 0.485818 0.535937 0.988804
0 71 14 0.685687 -0.681663 0.255281 -0.364302 0.649122 0.731329 0.20928 -0.0211453 -0.329353 0.0222078 0.943946 -0.931041
0 72 16 -0.10473 0.974248 -0.199681 0.375394 -0.933576 -0.165509 -0.317872 0.318415 -0.342735 0.153126 0.926869 -0.870455
0 73 20 0.698386 -0.711208 -0.0802482 -0.0521385 -0.698086 -0.701619 0.142853 -0.138478 -0.157902 -0.0437466 -0.986485 0.988992
0 74 15 0.732221 0.649129 -0.206117 0.0764426 -0.680945 0.703502 -0.203469 -0.127499 0.0129262 0.289339 0.957139 0.988889
0 75 49 0.747951 -0.359113 0.558217 -0.917364 0.527239 0.832336 -0.170986 0.182553 -0.403221 0.422203 0.811885 0.35372
0 76 52 0.764363 0.644737 -0.00793434 0.0280532 0.559299 -0.669095 -0.489384 0.186756 -0.320833 0.369629 -0.872032 0.982006
0 77 16 0.106648 -0.994212 -0.0129579 0.0637621 0.993941 0.106252 0.0281297 -0.17649 -0.0265901 -0.0158794 0.99952 0.982235
0 78 48 0.445927 -0.312577 0.838716 -0.782852 0.581704 0.813377 -0.00614548 -0.0456696 -0.680272 0.490625 0.544534 0.62053
0 79 21 -0.288094 -0.936035 0.202092 -0.399961 0.889797 -0.339665 -0.304776 0.247388 0.353925 0.0920164 0.930736 -0.882514
0 80 14 -0.621717 -0.782674 0.0298148 0.103594 0.735104 -0.596223 -0.322708 0.15643 0.270351 -0.178716 0.946029 0.982241
0 81 27 0.938239 0.271389 -0.214608 0.108536 0.195581 -0.927677 -0.318063 0.0736653 -0.285406 0.256446 -0.92346 0.991359
0 82 15 0.893137 0.449676 0.00985954 0.0442694 -0.447441 0.886036 0.121394 -0.167277 0.0458519 -0.112833 0.992555 -0.984915
0 83 33 0.470785 0.734743 0.48838 -0.385557 0.837067 -0.197116 -0.510357 0.322398 -0.278713 0.649075 -0.707828 0.864526
0 84 23 0.506082 0.799319 -0.323991 -0.0203586 0.833726 -0.357181 0.421097 -0.295334 0.220867 -0.483229 -0.847176 0.955177
0 85 53 0.552676 -0.469903 0.688288 -0.919462 0.399094 0.874257 0.276404 -0.323089 -0.731624 0.12193 0.670716 0.224062
0 86 66 0.717934 -0.404029 0.566861 -0.978688 0.332729 0.914452 0.230369 -0.205229 -0.611442 0.0232207 0.790948 0.00707856
0 87 51 0.914383 -0.316435 -0.252532 0.483909 0.330471 0.943711 0.0140728 0.154858 0.233864 -0.0963223 0.967486 -0.861308
0 88 100 0.926898 -0.219688 0.304299 -0.842714 0.217046 0.975217 0.0429311 0.0567145 -0.306189 0.0262542 0.951609 -0.535367
0 89 104 0.99469 -0.032506 0.0976499 -0.221965 0.0407746 0.995639 -0.0839106 0.200914 -0.0944964 0.0874466 0.991677 -0.954131
0 90 89 0.999094 0.0228608 -0.0358906 0.0775879 -0.0318746 0.960833 -0.275289 0.298093 0.0281915 0.276183 0.960691 -0.951378
0 91 38 0.995729 0.0196546 0.0902114 -0.0673396 -0.00402977 0.985399 -0.170212 0.0739594 -0.0922397 0.169121 0.981269 -0.994985
0 92 24 0.938491 -0.15787 0.307103 -0.519787 0.167897 0.985784 -0.00633163 -0.0442563 -0.301738 0.057504 0.951655 -0.853149
0 93 17 0.996051 0.08622 -0.0211601 0.152138 -0.0868474 0.995746 -0.0307787 -0.0104183 0.0184163 0.0324948 0.999302 -0.988304
0 94 57 0.943126 -0.114786 -0.311989 0.545418 -0.0471069 0.88288 -0.467229 0.782653 0.329081 0.455353 0.82726 -0.299957
0 95 32 0.990763 -0.11275 -0.0753394 0.242874 0.10484 0.989267 -0.101782 0.259332 0.0860067 0.0929433 0.99195 -0.934751
0 96 54 0.672342 0.0241072 -0.739848 0.998802 0.00900504 0.999129 0.040739 0.00978485 0.740186 -0.0340529 0.67154 -0.0479505
0 97 41 -0.517447 -0.751081 -0.410032 0.211612 -0.791518 0.238007 0.562896 -0.302077 -0.32519 0.615817 -0.71765 0.9295
0 98 31 -0.942284 0.309793 -0.127001 0.139918 0.275883 0.933329 0.229753 0.0188361 0.18971 0.181455 -0.964927 0.989984
0 99 22 -0.883442 -0.464677 -0.0600436 0.19594 0.441788 -0.78345 -0.437069 0.210751 0.156055 -0.412652 0.897422 -0.957701
0 100 43 0.500151 0.724904 -0.47367 0.272275 0.841362 -0.536204 0.0677931 -0.0826858 -0.20484 -0.432435 -0.878089 0.95866
0 101 10 0.844675 -0.210875 -0.491993 0.318885 0.254087 0.966936 0.021786 0.18195 0.471131 -0.143411 0.870327 -0.930165
0 102 21 -0.951896 0.149307 -0.267586 0.475312 -0.073009 -0.958619 -0.275171 0.293567 -0.297598 -0.242398 0.923406 -0.829396
0 103 17 0.991266 -0.0682063 0.112868 -0.222908 0.0706199 0.997349 -0.0175214 0.128332 -0.111374 0.0253391 0.993456 -0.966355
0 104 13 0.755294 0.655152 0.0175008 0.00415555 -0.65486 0.755488 -0.0199033 -0.0238446 -0.0262613 0.00357226 0.999649 0.999707
0 105 30 0.246454 0.93736 -0.246207 0.185419 0.932934 -0.298263 -0.201677 -0.0678058 -0.262478 -0.179991 -0.948002 0.980317
0 106 11 0.771439 0.634161 0.0521719 -0.265459 -0.635626 0.764243 0.109144 -0.0318469 0.0293427 -0.11736 0.992656 -0.963596
0 107 27 0.824101 0.0230416 -0.565974 0.324821 -0.208288 -0.916843 -0.34061 0.155444 -0.526758 0.398583 -0.750772 0.932914
0 108 12 0.251933 0.966805 0.0426299 0.192861 -0.965108 0.247753 0.0847695 0.0144965 0.0713939 -0.0624986 0.995488 -0.981119
0 109 16 0.0698932 -0.936071 -0.344798 -0.100254 0.885617 0.217309 -0.410437 -0.221251 0.459126 -0.276672 0.844189 0.97005
0 110 33 -0.72625 -0.574011 -0.37825 0.243851 -0.662529 0.731214 0.162423 0.238224 0.18335 0.368561 -0.911343 0.940099
0 111 45 -0.784772 0.619486 0.0192274 0.0875169 0.616764 0.777514 0.122777 -0.261352 0.0611087 0.10821 -0.992248 0.961268
0 112 0 1 0 0 0 0 1 0 0 0 0 1 0
0 113 12 -0.87676 -0.467571 -0.112554 0.272939 0.429054 -0.654741 -0.622275 0.290779 0.217264 -0.593878 0.774664 -0.917034
0 114 30 0.27225 0.849685 -0.45157 0.326505 0.953004 -0.302924 0.0045734 -0.163173 -0.132905 -0.431593 -0.892224 0.931004
0 115 17 0.337285 -0.932717 0.127585 0.342544 0.886832 0.26933 -0.375487 0.0747069 0.315861 0.239793 0.918004 0.936527
0 116 17 -0.942132 0.176866 0.284791 0.427854 -0.270553 -0.902769 -0.334378 0.145343 0.197961 -0.39208 0.898379 0.892086
0 117 15 -0.925818 0.296325 0.234633 0.0110093 -0.377843 -0.741701 -0.554178 0.676572 0.00981037 -0.601723 0.798645 -0.736294
0 118 18 0.644504 -0.704297 -0.297622 0.0269273 -0.753944 -0.650161 -0.0941232 -0.0749284 -0.127212 0.285053 -0.950032 0.996825
0 119 36 0.978346 -0.203898 -0.0355643 0.389547 0.206192 0.945201 0.253142 -0.373874 -0.0179997 -0.254993 0.966775 0.841707
0 120 28 0.785921 -0.597562 -0.158896 0.0963689 0.562149 0.797547 -0.218878 -0.133529 0.25752 0.0826974 0.962728 -0.986348
0 121 27 -0.774471 0.53497 0.337641 -0.222339 -0.631197 -0.689119 -0.355958 0.598032 0.0422478 -0.488797 0.871374 -0.770015
0 122 36 0.931892 -0.222775 -0.286265 0.150047 -0.344508 -0.790586 -0.506249 0.238698 -0.113537 0.57039 -0.813489 0.959432
0 123 38 0.694023 0.710734 0.114845 -0.0178318 0.667152 -0.574928 -0.473672 0.0717794 -0.270627 0.405358 -0.873181 0.997261
0 124 15 0.885854 -0.452053 -0.104456 -0.0505606 0.433257 0.886531 -0.16233 -0.0226687 0.165985 0.0985439 0.981192 0.998464
0 125 18 0.898151 -0.436111 -0.0559594 0.207874 0.423192 0.891961 -0.159104 0.0653675 0.119301 0.119218 0.985675 -0.975969
0 126 23 0.951902 -0.305619 0.0218871 -0.114311 0.305452 0.940905 -0.146276 0.0764302 0.024111 0.145926 0.989002 -0.990501
0 127 19 0.910731 -0.403806 0.0866558 -0.16302 0.408257 0.911939 -0.0411464 0.207997 -0.0624097 0.0728512 0.995388 -0.964449
0 128 43 0.993842 0.0898805 -0.0647969 -0.020377 -0.0762152 0.979011 0.189023 -0.16949 0.0804263 -0.18292 0.979832 -0.985321
0 129 53 0.978224 0.0863806 0.188723 -0.619798 -0.108124 0.988241 0.10812 0.61863 -0.177164 -0.126171 0.97606 -0.482852
0 130 20 -0.923396 -0.113917 -0.366555 -0.286628 0.340945 -0.682119 -0.646893 -0.242646 -0.176342 -0.722313 0.668706 0.926805
0 131 32 0.506428 0.860153 -0.060559 -0.0722873 0.740429 -0.469783 -0.480696 0.202956 -0.441922 0.198599 -0.874794 0.976516
0 132 36 0.961346 0.130257 0.242584 -0.390102 -0.186391 0.95633 0.225149 -0.00566798 -0.202663 -0.261661 0.943642 -0.920754
0 133 33 -0.845601 -0.297208 0.443425 -0.333919 -0.323054 0.946207 0.018144 0.115599 -0.424965 -0.127908 -0.896128 0.935486
0 134 36 -0.0130467 -0.995861 0.0899493 -0.124638 -0.99904 0.00921924 -0.0428365 0.189724 0.0418299 -0.0904218 -0.995025 0.973894
0 135 22 0.909441 0.347199 0.228843 -0.277343 -0.415585 0.77787 0.471388 -0.237406 -0.0143446 -0.523804 0.851718 -0.930977
0 136 20 0.289248 -0.83299 -0.47166 0.2267 0.95701 0.240501 0.162147 -0.270231 -0.0216328 -0.498284 0.866744 -0.935725
0 137 31 0.937372 0.339167 0.0793679 -0.162059 -0.347824 0.923659 0.160849 0.0627007 -0.0187541 -0.178382 0.983783 -0.984787
0 138 23 -0.027582 -0.958453 -0.283913 0.267568 0.99949 -0.0218721 -0.0232626 -0.171516 0.0160863 -0.28441 0.958568 -0.948151
0 139 49 0.99674 0.074581 0.0307621 -0.538954 -0.0806004 0.904066 0.419723 -0.838841 0.00349236 -0.420835 0.907131 -0.0766439
0 140 89 0.998914 0.00111047 0.0465795 -0.749437 -0.0110832 0.976683 0.214399 -0.648658 -0.0452553 -0.214683 0.975635 -0.132616
0 141 138 0.989293 -0.0446466 0.138943 -0.98171 0.0249641 0.989794 0.140303 0.183744 -0.143789 -0.135332 0.980311 -0.049847
0 142 86 0.928529 -0.0389525 0.36921 -0.876496 0.100593 0.983676 -0.149203 0.43422 -0.357372 0.175679 0.917291 0.207865
0 143 59 0.829975 -0.152743 0.53648 -0.899427 0.224383 0.971954 -0.0704094 0.242434 -0.510679 0.178815 0.840971 0.363671
0 144 25 0.991346 0.128393 -0.0273576 -0.00452303 -0.127286 0.991101 0.0389625 0.249002 0.0321167 -0.0351431 0.998866 -0.968492
0 145 32 -0.897785 -0.331998 0.289411 -0.179065 -0.153301 0.851572 0.501322 -0.288207 -0.412893 0.405713 -0.815424 0.940677
0 146 16 -0.869286 0.481519 0.111721 0.0686661 -0.476582 -0.876409 0.0691165 -0.247887 0.131195 0.00683754 0.991333 0.966352
0 147 27 -0.903897 -0.416792 0.0962018 0.0845387 -0.427595 0.874345 -0.22953 0.0148171 0.0115528 -0.248607 -0.968536 0.99631
0 148 12 0.360535 0.821503 0.441756 0.179657 -0.883412 0.452728 -0.120919 0.0476036 -0.299331 -0.346656 0.888949 0.982577
0 149 26 0.905757 -0.298488 -0.300846 0.257322 -0.397584 -0.352702 -0.84707 0.0454996 0.146731 0.886852 -0.438136 0.965254
0 150 29 -0.541933 0.761922 -0.354661 0.251651 0.831555 0.547268 -0.0949415 0.169763 0.121756 -0.346372 -0.930162 0.952813
0 151 39 -0.74537 -0.665215 -0.0437249 0.247988 -0.616755 0.712996 -0.333542 0.121082 0.253053 -0.221645 -0.941721 0.961166
0 152 12 0.931503 -0.339013 0.131803 0.19123 0.343066 0.939271 -0.00866319 0.140328 -0.120862 0.053287 0.991238 0.971462
0 153 32 -0.989384 -0.0895385 0.114461 0.225915 -0.108525 0.979068 -0.172186 0.134905 -0.0966476 -0.18278 -0.978392 0.964761
0 154 18 0.625574 0.583636 0.517712 0.221914 -0.408846 0.810423 -0.419595 0.0934921 -0.664456 0.0508233 0.745597 0.970574
0 155 26 -0.140618 0.969376 -0.201337 0.307092 0.90811 0.0452712 -0.416276 0.214583 -0.394413 -0.241373 -0.886666 0.927172
0 156 11 -0.905498 0.0606353 0.419997 0.224868 -0.114639 -0.987892 -0.104535 0.0793195 0.408573 -0.142804 0.901485 0.971155
0 157 28 0.597601 -0.788672 -0.144462 0.207335 -0.793796 -0.607343 0.0319931 -0.0681939 -0.11297 0.0955543 -0.988993 0.97589
0 158 25 0.875652 0.364031 0.317355 0.210857 -0.351287 0.93105 -0.0987102 0.144364 -0.331407 -0.0250468 0.943155 0.966798
0 159 20 -0.305761 -0.932911 0.190232 -0.390841 0.941387 -0.326122 -0.0862293 0.241008 0.142483 0.152716 0.977945 -0.888346
0 160 30 -0.371979 0.784859 0.495608 0.212969 -0.897851 -0.168722 -0.40669 0.158354 -0.235574 -0.596262 0.767448 0.964141
1 2 117 0.948428 0.0582212 -0.311599 0.984868 -0.0723376 0.996803 -0.0339282 0.0404553 0.308627 0.0547188 0.949608 -0.168516
1 3 44 -0.561992 -0.488907 -0.667184 0.311473 -0.320637 0.872312 -0.369139 0.195756 0.762467 0.00647074 -0.646994 0.929873
1 4 36 -0.419118 0.823153 -0.383093 0.317153 0.874271 0.47972 0.0742913 0.0917632 0.24493 -0.30379 -0.920718 0.943925
1 5 16 0.692905 -0.714942 -0.0934922 -0.286528 0.719176 0.694579 0.018576 -0.302164 0.0516569 -0.0801088 0.995447 -0.909174
1 6 14 0.751965 -0.302051 -0.58593 0.468452 0.285553 0.950378 -0.123456 0.146595 0.594145 -0.0744792 0.800902 -0.871242
1 7 0 1 0 0 0 0 1 0 0 0 0 1 0
1 8 11 0.63123 -0.766363 0.119314 -0.147216 0.75146 0.642386 0.150494 0.0629214 -0.191979 -0.00533643 0.981385 -0.987101
1 9 13 0.652967 -0.655311 -0.379738 0.248545 0.699122 0.714348 -0.0305901 0.172248 0.291311 -0.245509 0.924588 -0.953182
1 10 10 0.694907 0.604898 -0.388847 0.053983 -0.710851 0.659512 -0.244409 -0.228101 0.108607 0.446254 0.888292 0.97214
1 11 33 -0.339613 -0.882941 0.324157 -0.284025 0.72332 -0.0248709 0.690065 -0.368685 -0.601225 0.468824 0.647095 0.8851
1 12 26 -0.368555 0.85227 0.371218 -0.124225 0.870058 0.456874 -0.185107 0.0946511 -0.327361 0.254759 -0.909908 0.987729
1 13 0 1 0 0 0 0 1 0 0 0 0 1 0
1 14 22 -0.762887 -0.596664 0.248989 -0.299314 -0.272832 0.646247 0.712691 -0.386503 -0.586146 0.47577 -0.655802 0.872368
1 15 10 -0.932323 -0.311285 0.184051 0.0969988 0.296154 -0.949309 -0.10538 -0.0321114 0.207525 -0.0437413 0.977251 0.994766
1 16 0 1 0 0 0 0 1 0 0 0 0 1 0
1 17 23 -0.763656 -0.639303 0.0901207 -0.0703488 -0.524383 0.695607 0.491074 -0.237857 -0.376634 0.327754 -0.866444 0.968749
1 18 31 0.996817 0.0214262 0.0767966 -0.472251 -0.00889828 0.987093 -0.159899 -0.039315 -0.0792314 0.158707 0.984142 -0.880587
1 19 30 -0.659826 -0.749868 -0.048236 0.0298722 -0.744202 0.643267 0.179922 -0.0561477 -0.103889 0.154615 -0.982498 0.997975
1 20 13 0.681174 0.717056 -0.147762 -0.0184658 -0.731684 0.673739 -0.10351 0.223692 0.0253304 0.178623 0.983591 -0.974485
1 21 16 -0.85511 0.318607 -0.408995 -0.0305993 -0.10192 -0.876797 -0.469935 -0.117318 -0.50833 -0.360162 0.78223 0.992623
1 22 17 -0.868592 0.484177 0.105453 -0.0359591 -0.451125 -0.860696 0.235983 -0.159262 0.205021 0.1574 0.966018 0.986581
1 23 25 0.901129 0.432574 0.0290784 0.0360588 0.415922 -0.843611 -0.339602 0.0773563 -0.122372 0.318119 -0.94012 0.996351
1 24 41 -0.420681 0.458234 0.782975 -0.0606607 0.892932 0.0566294 0.446617 -0.087896 0.160316 0.887026 -0.432995 0.994281
1 25 15 -0.832849 0.318558 0.452641 -0.0307553 -0.464158 -0.847462 -0.257615 0.0469611 0.301531 -0.424652 0.853669 0.998423
1 26 23 -0.933088 0.30803 0.185647 -0.0414432 0.347309 0.9058 0.242699 -0.290153 -0.093401 0.290936 -0.952172 0.956082
1 27 26 -0.590929 0.759728 -0.271325 0.235715 0.798523 0.598681 -0.0627879 -0.0786442 0.114735 -0.253762 -0.960438 0.968635
1 28 11 -0.0694234 0.735145 0.674345 0.293479 -0.994001 0.00629273 -0.109192 -0.228594 -0.0845153 -0.67788 0.730298 0.928232
1 29 22 0.877293 -0.275453 0.393043 0.228136 0.393279 0.881975 -0.259714 -0.00303033 -0.275115 0.382421 0.882081 0.973625
1 30 19 -0.426362 -0.825987 0.368727 -0.451131 0.758629 -0.548532 -0.351559 -0.0857876 0.492642 0.129836 0.860492 0.888325
1 31 13 -0.58476 0.691095 -0.424785 -0.0923839 -0.779094 -0.624332 0.0567591 -0.201137 -0.225981 0.364138 0.903513 0.975197
1 32 26 0.884383 -0.427629 -0.187086 0.00395023 -0.377883 -0.891233 0.250814 -0.316225 -0.273992 -0.151119 -0.949785 0.948676
1 33 31 0.989819 -0.0820167 0.116324 -0.275002 0.100451 0.981551 -0.162686 0.0159951 -0.100835 0.172715 0.979797 0.961311
1 34 11 0.305083 -0.943742 0.127577 -0.0504426 0.95027 0.310478 0.0243038 0.035544 -0.0625465 0.113818 0.991531 -0.998094
1 35 19 0.583015 -0.653532 -0.48269 0.279123 -0.73019 -0.681988 0.0414133 -0.190786 -0.356254 0.328311 -0.874811 0.941112
1 36 35 -0.704087 -0.649628 0.286784 -0.0267846 -0.698455 0.706421 -0.114586 0.172787 -0.128152 -0.280984 -0.951118 0.984595
1 37 13 0.740985 0.66589 -0.0867852 -0.0358549 -0.640368 0.73959 0.20721 -0.303445 0.202164 -0.0979649 0.97444 -0.952174
1 38 18 0.898697 0.405362 0.167407 -0.296928 -0.407829 0.912818 -0.0209537 -0.106259 -0.161306 -0.0494423 0.985665 0.948969
1 39 17 0.915562 -0.398989 -0.0505382 -0.103041 -0.396167 -0.873088 -0.284199 0.119248 0.0692682 0.280223 -0.957432 0.987503
1 40 16 -0.574357 -0.808485 -0.12832 -0.296191 0.790264 -0.506728 -0.344543 0.319218 0.213535 -0.299298 0.929959 -0.900206
1 41 23 0.489983 0.862467 0.126755 -0.298152 -0.776534 0.497908 -0.386111 -0.124523 -0.39612 0.0907578 0.913702 0.946361
1 42 40 0.823233 -0.364025 0.435631 -0.897494 0.416088 0.90893 -0.0267759 -0.200629 -0.386211 0.203304 0.899727 0.392751
1 43 16 -0.360206 -0.880603 0.307881 0.281169 0.897992 -0.416714 -0.141279 -0.164305 0.252709 0.225585 0.940877 0.945488
1 44 13 -0.861126 -0.172494 -0.478234 -0.0476798 0.210376 -0.977266 -0.0263213 -0.00924806 -0.462821 -0.123275 0.877838 0.99882
1 45 44 0.615257 -0.325792 0.717857 -0.738565 0.386101 0.918447 0.08591 -0.153415 -0.687303 0.224309 0.69087 0.656495
1 46 57 0.827168 -0.313356 0.466477 -0.862895 0.369449 0.928726 -0.0312438 -0.0534489 -0.423439 0.198183 0.883981 0.50255
1 47 23 0.959437 -0.270394 0.079799 0.17034 0.280376 0.944766 -0.169722 0.393673 -0.0294995 0.185212 0.982256 -0.90333
1 48 18 0.932563 0.291313 -0.213219 0.411081 -0.35178 0.865971 -0.35545 0.314702 0.0810944 0.406485 0.910051 -0.855556
1 49 16 -0.849343 -0.515751 0.112328 0.0392032 0.433745 -0.803219 -0.408295 0.489347 0.300803 -0.29806 0.905913 -0.871207
1 50 14 -0.905804 -0.418822 0.0640916 -0.263135 0.411811 -0.90584 -0.0993275 0.136627 0.0996572 -0.0635776 0.992989 -0.955036
1 51 11 0.878288 0.462124 0.122683 0.256299 -0.462354 0.755499 0.464166 0.0773732 0.121815 -0.464395 0.877211 0.963496
1 52 0 1 0 0 0 0 1 0 0 0 0 1 0
1 53 16 -0.0556818 0.928404 0.367377 0.0563506 -0.966613 0.0420489 -0.252768 0.236872 -0.250118 -0.369186 0.895066 0.969905
1 54 15 0.435999 0.858138 -0.271116 -0.00861934 0.899024 -0.428958 0.0880384 0.00277668 -0.0407482 -0.282124 -0.958512 0.999959
1 55 15 -0.359207 0.810599 0.462492 -0.599928 -0.881773 -0.132462 -0.452691 0.343539 -0.305689 -0.570423 0.762346 -0.722542
1 56 27 -0.710356 -0.527215 -0.466304 -0.114521 -0.567756 0.0376525 0.822335 -0.213074 -0.41599 0.848898 -0.326076 0.970301
1 57 11 0.943166 -0.328986 -0.0469745 0.0019966 0.327568 0.896511 0.298273 -0.248606 -0.0560145 -0.296708 0.953324 -0.968603
1 58 20 -0.76874 -0.605651 0.205489 -0.361461 -0.489053 0.763716 0.421385 -0.148805 -0.412147 0.22344 -0.883294 0.920436
1 59 0 1 0 0 0 0 1 0 0 0 0 1 0
1 60 29 -0.812508 0.184519 -0.552977 0.475991 -0.135378 0.862926 0.486859 -0.290648 0.567013 0.470438 -0.676154 0.830034
1 61 39 0.802771 -0.590545 -0.0825593 0.15935 -0.217077 -0.418387 0.881947 -0.278021 -0.555371 -0.690079 -0.464062 0.947265
1 62 28 0.412057 -0.895218 0.169685 -0.0222025 -0.877369 -0.44008 -0.19119 0.0616833 0.245832 -0.0700957 -0.966775 0.997849
1 63 14 0.962209 -0.222917 -0.156406 0.0215834 0.257027 0.933182 0.251215 0.147671 0.0899551 -0.281922 0.955211 0.988801
1 64 15 -0.346319 -0.870293 -0.350219 0.00874063 0.901035 -0.412505 0.134072 0.16623 -0.261149 -0.269128 0.927023 0.986048
1 65 21 0.598344 -0.801224 -0.004931 0.0294583 0.800874 0.598245 -0.026518 0.392569 0.0241968 0.0119178 0.999636 0.919251
1 66 19 -0.995653 -0.0796957 0.0482122 -0.151026 -0.0764885 0.994945 0.0650647 0.140703 -0.0531538 0.0610942 -0.996716 0.978465
1 67 31 0.894311 -0.413208 -0.171658 0.158341 -0.445652 -0.788259 -0.424312 0.208471 0.0400185 0.455967 -0.889097 0.965126
1 68 30 0.099918 -0.994834 0.0179391 0.113801 -0.901412 -0.098139 -0.421694 0.215199 0.421276 0.0259642 -0.906561 0.969917
1 69 16 0.921803 -0.380966 -0.0717173 -0.163669 0.386313 0.887349 0.251742 -0.313832 -0.032267 -0.259762 0.965134 -0.935266
1 70 14 0.995971 0.0168956 -0.0880669 -0.0873508 0.00460062 0.971169 0.238348 0.0771781 0.0895549 -0.237793 0.967179 0.993183
1 71 21 0.763978 -0.641358 0.0706885 -0.212248 0.614839 0.756832 0.221761 -0.167341 -0.195728 -0.125959 0.972535 -0.962781
1 72 17 -0.930386 -0.26357 -0.25478 0.250417 -0.320945 0.921499 0.218712 -0.00962081 0.177134 0.285257 -0.941941 0.96809
1 73 14 0.900248 -0.434164 -0.0324879 0.574587 0.435354 0.898471 0.0567162 -0.0929151 0.0045653 -0.0652024 0.997862 -0.813152
1 74 12 0.309361 0.948692 -0.0654183 0.0764426 -0.950877 0.307785 -0.0331972 -0.127499 -0.0113592 0.0724746 0.997306 0.988889
1 75 16 0.801558 -0.590991 0.0907389 0.153218 0.597118 0.783373 -0.172559 -0.0186284 0.0308986 0.192498 0.980811 0.988017
1 76 19 0.942017 0.321787 -0.0951697 0.126832 -0.24414 0.851794 0.46351 -0.206275 0.230217 -0.4134 0.880966 0.970239
1 77 33 0.576042 -0.799916 -0.168259 0.243606 0.816909 0.570636 0.0838737 -0.365524 0.0289226 -0.185767 0.982168 0.898359
1 78 14 0.719777 0.633428 -0.284061 0.039442 -0.689849 0.69841 -0.190609 -0.230293 0.077654 0.333155 0.939669 0.972322
1 79 16 0.966147 -0.0286881 -0.256394 0.0210146 0.0283244 -0.975996 0.215937 -0.23851 -0.256434 -0.215889 -0.942143 0.970913
1 80 0 1 0 0 0 0 1 0 0 0 0 1 0
1 81 16 0.14206 0.988508 -0.0516816 0.155404 -0.9516 0.122008 -0.282084 -0.398167 -0.272537 0.089253 0.957997 0.904053
1 82 12 -0.385039 0.893815 -0.229867 0.0153348 -0.915875 -0.339393 0.21444 0.0783424 0.113654 0.293098 0.949303 0.996809
1 83 18 -0.48173 -0.874743 0.0525341 -0.286159 -0.863813 0.463909 -0.196507 0.120545 0.147522 -0.140043 -0.979094 0.950569
1 84 32 -0.862962 -0.401578 0.306645 -0.233235 -0.499526 0.769309 -0.398293 0.214814 -0.0759593 -0.496889 -0.864483 0.948397
1 85 34 -0.250429 -0.399434 -0.881894 0.435258 -0.956611 0.24222 0.161938 -0.158032 0.148929 0.884184 -0.442762 0.886328
1 86 53 0.533671 -0.449151 0.71656 -0.910713 0.338718 0.889898 0.305536 -0.294277 -0.774897 0.0796557 0.627048 0.289832
1 87 17 -0.238229 -0.931717 0.274135 -0.0652484 0.860365 -0.33341 -0.385501 0.276044 0.450577 0.144019 0.881044 -0.958928
1 88 38 0.935616 -0.332219 -0.119383 0.481327 0.328808 0.943186 -0.047799 0.14293 0.128481 0.00546727 0.991697 -0.86481
1 89 85 0.925288 -0.124034 0.358409 -0.930401 0.155829 0.985892 -0.0611088 -0.102154 -0.345773 0.112394 0.931562 -0.35202
1 90 104 0.977396 -0.0534254 0.204553 -0.560389 0.111061 0.953037 -0.281755 0.111905 -0.179894 0.298104 0.937428 -0.820635
1 91 73 0.967646 -0.0510109 0.247102 -0.430895 0.16572 0.86698 -0.469981 0.6298 -0.190258 0.495725 0.847383 -0.646283
1 92 36 0.966674 -0.017557 0.255409 -0.450259 0.0760025 0.97235 -0.220814 0.239253 -0.244471 0.232867 0.941279 -0.860247
1 93 39 0.9932 0.0181293 0.114996 -0.137738 0.0245451 0.932985 -0.359077 0.635342 -0.1138 0.359458 0.926196 -0.759848
1 94 65 0.98095 -0.193297 0.0193263 0.0259131 0.183975 0.892457 -0.411915 0.852856 0.0623739 0.407623 0.911017 -0.521503
1 95 78 0.959251 -0.214366 -0.184077 0.552056 0.153638 0.942464 -0.296912 0.589785 0.237134 0.256532 0.936995 -0.589397
1 96 65 0.815176 -0.176516 -0.551661 0.956437 0.140679 0.98425 -0.107055 0.199412 0.561869 0.00966196 0.827169 -0.21322
1 97 17 -0.705954 -0.606031 -0.366545 0.275366 0.69235 -0.699563 -0.176815 0.239607 -0.149267 -0.378601 0.913445 -0.931001
1 98 35 -0.483164 0.868533 -0.110463 0.0460052 0.831416 0.494697 0.253026 -0.267394 0.274407 0.030412 -0.961133 0.962488
1 99 35 0.969463 0.0789567 -0.232178 0.0917816 0.156093 -0.928879 0.335886 -0.227386 -0.189144 -0.36187 -0.912839 0.96947
1 100 22 0.0939023 -0.945377 -0.312161 0.272275 0.976462 0.148608 -0.156323 -0.0826858 0.194174 -0.290135 0.93708 0.95866
1 101 24 -0.839501 -0.363494 0.403869 -0.334721 -0.352913 0.929927 0.103381 -0.181109 -0.413147 -0.0557418 -0.908957 0.92475
1 102 28 -0.35309 0.772541 0.527739 -0.471806 0.929492 0.22536 0.29199 -0.293186 0.106643 0.593628 -0.797642 0.831529
1 103 24 -0.94925 0.291747 -0.117508 0.169074 0.229658 0.898202 0.37482 -0.134989 0.214898 0.328812 -0.91962 0.976315
1 104 29 -0.290957 -0.95535 0.0514825 0.0256673 -0.742639 0.259446 0.617394 -0.369931 -0.603184 0.141402 -0.784968 0.928705
1 105 18 0.0695811 -0.924129 0.375691 0.185419 0.957136 0.167987 0.235947 -0.0678058 -0.281156 0.34317 0.896206 0.980317
1 106 18 0.945259 0.317218 0.0765319 0.140454 0.246158 -0.847129 0.470933 -0.384014 0.214221 -0.426315 -0.878843 0.912582
1 107 18 0.932958 -0.0144767 -0.359694 0.323676 0.163164 -0.873656 0.45837 -0.365494 -0.320884 -0.486329 -0.812722 0.872724
1 108 19 0.361274 0.888647 0.282467 -0.459137 -0.931938 0.354241 0.077493 0.00231214 -0.0311975 -0.291238 0.956142 -0.888362
1 109 37 0.993375 -0.113288 0.0192994 -0.100819 -0.114754 -0.986877 0.113604 -0.222802 0.00617611 -0.115066 -0.993339 0.969636
1 110 23 0.786944 -0.585249 0.195454 -0.243851 0.552452 0.809383 0.199239 -0.238224 -0.274802 -0.0488115 0.960261 -0.940099
1 111 45 -0.645952 -0.554796 -0.524353 0.296336 -0.757673 0.382132 0.529062 -0.235755 -0.0931496 0.739037 -0.667193 0.925529
1 112 15 0.921844 -0.104183 -0.373295 0.19464 0.143853 -0.802403 0.579185 -0.168923 -0.359874 -0.587618 -0.724704 0.966219
1 113 0 1 0 0 0 0 1 0 0 0 0 1 0
1 114 29 -0.1896 -0.708705 0.679551 -0.490924 -0.897554 0.405687 0.172667 -0.0768472 -0.398055 -0.577196 -0.71302 0.867807
1 115 0 1 0 0 0 0 1 0 0 0 0 1 0
1 116 17 0.248247 0.965586 0.077573 0.219857 -0.967283 0.251413 -0.0339743 0.25342 -0.052308 -0.066601 0.996408 -0.942041
1 117 0 1 0 0 0 0 1 0 0 0 0 1 0
1 118 0 1 0 0 0 0 1 0 0 0 0 1 0
1 119 23 -0.88075 -0.254237 -0.399553 0.389547 -0.381764 0.880402 0.281334 -0.373874 0.280241 0.40032 -0.872473 0.841707
1 120 27 -0.197283 -0.9739 -0.11224 -0.0948634 -0.835775 0.226926 -0.499985 0.138223 0.512406 -0.0048311 -0.85873 0.985847
1 121 14 0.997062 0.0663959 0.0382017 0.297141 -0.0724305 0.979485 0.188052 -0.0552534 -0.0249321 -0.190266 0.981416 -0.953234
1 122 10 0.821122 0.515589 0.2448 -0.147207 -0.508059 0.855715 -0.0981195 0.14795 -0.260068 -0.0438045 0.964596 -0.977978
1 123 17 0.988649 -0.116598 0.0947559 -0.0461021 -0.0842087 -0.952322 -0.293243 0.112299 0.12443 0.281935 -0.951331 0.992604
1 124 13 0.0845517 0.985191 0.14916 -0.0202976 -0.986873 0.10347 -0.123997 0.0991052 -0.137594 -0.136718 0.981008 -0.99487
1 125 0 1 0 0 0 0 1 0 0 0 0 1 0
1 126 29 0.967633 -0.239443 -0.0797079 0.0693039 0.247209 0.962855 0.108621 -0.363472 0.0507386 -0.12481 0.990882 -0.929024
1 127 16 0.520344 -0.840703 0.149869 0.0204324 0.853952 0.51286 -0.0879834 0.317668 -0.00289375 0.173762 0.984783 -0.947982
1 128 29 0.258864 -0.892797 0.368649 -0.367299 -0.954183 -0.295664 -0.0460173 -0.115379 0.150081 -0.339847 -0.928429 0.922919
1 129 39 -0.235113 0.682145 -0.692388 0.517158 0.939426 0.342269 0.018206 0.0517399 0.249402 -0.646166 -0.721296 0.854325
1 130 22 0.560785 -0.822807 0.0922478 -0.284616 -0.82045 -0.537264 0.195473 -0.242009 -0.111275 -0.185303 -0.976361 0.927591
1 131 11 -0.963902 0.265923 0.0133329 0.282058 -0.242775 -0.857228 -0.454115 0.0952004 -0.10933 -0.44096 0.890843 -0.954662
1 132 21 -0.349892 -0.90163 0.254243 -0.502339 0.936673 -0.341009 0.0797261 0.122629 0.0148158 0.266038 0.963849 0.855931
1 133 32 -0.275571 -0.871193 0.406304 -0.445774 -0.892952 0.388501 0.227385 0.0314841 -0.355946 -0.30015 -0.884993 0.894592
1 134 0 1 0 0 0 0 1 0 0 0 0 1 0
1 135 16 -0.655861 -0.722411 0.219015 -0.471052 0.695816 -0.691045 -0.195693 0.33206 0.29272 0.0240469 0.955896 -0.817219
1 136 32 0.0553111 -0.539754 -0.840004 0.246315 -0.635562 -0.667876 0.387302 -0.221937 -0.770066 0.512452 -0.379988 0.943437
1 137 12 0.353212 0.934715 0.0393553 0.323438 -0.933674 0.349537 0.0779553 -0.0420493 0.0591099 -0.0642798 0.99618 0.945315
1 138 16 0.10098 -0.96685 -0.23453 0.363147 0.994782 0.0946686 0.0380434 -0.0505302 -0.0145796 -0.237148 0.971364 -0.930361
1 139 21 0.806137 -0.554919 -0.205449 0.189047 0.550008 0.830747 -0.0857411 0.309479 0.218255 -0.0438792 0.974905 -0.931925
1 140 29 0.99242 -0.119168 0.0300227 -0.709949 0.120574 0.991421 -0.0504621 0.241001 -0.0237517 0.0536996 0.998275 0.661734
1 141 70 0.811012 -0.10305 0.575881 -0.903301 0.064427 0.994109 0.0871562 0.078232 -0.58147 -0.0335824 0.812874 0.421815
1 142 57 0.82952 -0.1151 0.546487 -0.876102 0.180333 0.981318 -0.0670456 0.0472148 -0.528561 0.154165 0.834779 0.479808
1 143 54 0.622021 -0.197994 0.757554 -0.801757 0.317956 0.948012 -0.0132983 0.0228305 -0.715537 0.24914 0.652637 0.597214
1 144 0 1 0 0 0 0 1 0 0 0 0 1 0
1 145 11 -0.850288 0.506731 -0.142246 0.0150996 -0.493319 -0.861511 -0.120151 0.212703 -0.183431 -0.0319904 0.982512 0.977
1 146 33 0.905094 0.421099 -0.0589997 0.326506 0.397034 -0.88661 -0.237246 0.134458 -0.152214 0.191305 -0.969656 0.935583
1 147 22 -0.0536786 0.963903 0.260786 -0.258387 -0.998001 -0.0605123 0.0182399 -0.35711 0.0333623 -0.259286 0.965224 0.897613
1 148 25 -0.892575 0.233984 0.385437 0.0477514 0.450548 0.429071 0.782882 -0.106567 0.0178019 0.872439 -0.488399 0.993158
1 149 14 -0.038767 -0.99566 0.0846113 0.343032 0.994798 -0.0464387 -0.0906717 -0.329156 0.0942074 0.080656 0.99228 0.879764
1 150 24 0.00897209 -0.328311 0.944527 -0.491933 -0.59036 0.76064 0.270002 -0.124947 -0.80709 -0.560034 -0.186998 0.861621
1 151 11 -0.88961 0.141712 0.434179 -0.250372 -0.115744 -0.989564 0.0858308 -0.169574 0.441811 0.0261024 0.896728 -0.953183
1 152 23 -0.73696 0.543319 -0.402112 0.401564 0.314849 0.802344 0.507065 -0.121609 0.59813 0.247082 -0.762359 0.907721
1 153 18 -0.743001 -0.652745 -0.147897 0.325929 -0.666135 0.742649 0.0688227 -0.0719219 0.0649119 0.149655 -0.986605 0.942654
1 154 23 -0.549531 -0.834114 0.0476331 0.167247 -0.789415 0.499723 -0.356513 0.156393 0.273569 -0.233517 -0.933075 0.973432
1 155 11 -0.0582696 -0.992703 0.105571 0.221287 0.873875 -0.101848 -0.475363 -0.20977 0.482646 0.0645564 0.873433 0.952381
1 156 0 1 0 0 0 0 1 0 0 0 0 1 0
1 157 18 0.74532 0.666666 -0.007393 0.451534 -0.591103 0.665889 0.455181 -0.250826 0.308377 -0.334885 0.890368 0.856273
1 158 15 -0.162967 0.986192 -0.0294471 0.226399 0.795317 0.14897 0.587604 -3.70001e-06 0.583877 0.07234 -0.808613 0.974035
1 159 0 1 0 0 0 0 1 0 0 0 0 1 0
1 160 19 0.539336 0.621825 -0.567847 0.353603 0.653592 -0.734307 -0.183332 0.048881 -0.530974 -0.272263 -0.802458 0.934118
2 3 106 0.98119 0.0714197 -0.179349 0.988582 -0.0669019 0.997274 0.0311214 0.011692 0.181083 -0.0185373 0.983293 0.15023
2 4 16 0.575889 0.776257 0.256469 0.106109 -0.813561 0.57503 0.0863648 0.2146 -0.0804361 -0.25839 0.962686 0.970921
2 5 50 0.450209 -0.662456 -0.598718 0.286528 -0.892918 -0.33162 -0.304509 0.302164 0.00317707 0.671699 -0.740818 0.909174
2 6 55 0.961916 0.23488 -0.139816 0.194553 0.0952833 -0.767543 -0.633876 0.180673 -0.2562 0.596413 -0.760692 0.964109
2 7 15 0.894762 -0.443419 0.0527428 -0.0307184 0.445269 0.877042 -0.180367 0.0547699 0.0337205 0.18487 0.982184 -0.998026
2 8 20 -0.961346 0.19868 0.190633 0.145245 -0.0725835 -0.850714 0.520594 0.0991536 0.265606 0.486634 0.832251 0.984415
2 9 43 -0.717368 -0.565752 -0.40658 0.204174 -0.652907 0.749557 0.108984 -0.0291274 0.243097 0.343641 -0.907092 0.978501
2 10 33 -0.124196 -0.771957 -0.623425 0.22965 -0.810322 0.441517 -0.38528 0.138949 0.572672 0.457324 -0.680368 0.963304
2 11 27 -0.45941 0.875909 -0.1474 0.195344 0.879919 0.471445 0.059019 0.147841 0.121186 -0.102586 -0.987315 0.969528
2 12 29 0.478843 -0.852378 0.210144 0.137726 0.717497 0.517908 0.465799 0.0548832 -0.505872 -0.0722674 0.859576 0.988949
2 13 30 0.475182 0.724426 -0.499409 0.07402 0.875096 -0.329938 0.354046 -0.298012 0.0917062 -0.605267 -0.790722 0.951688
2 14 17 -0.156342 -0.944432 -0.289146 0.484567 0.777262 0.0629914 -0.626016 0.434758 0.609443 -0.322615 0.724223 -0.759065
2 15 13 0.217152 -0.972907 0.0793582 0.119743 0.969928 0.205901 -0.129788 -0.00229725 0.109932 0.105156 0.988361 -0.992802
2 16 10 0.192699 0.956337 0.219744 -0.0826055 -0.973198 0.214906 -0.0818639 0.00864121 -0.125514 -0.198079 0.972117 0.996545
2 17 34 0.296018 0.954991 -0.0191387 -0.0770385 0.884834 -0.281709 -0.371091 0.324407 -0.35978 0.0929152 -0.928399 0.942775
2 18 22 -0.847632 0.183482 -0.49785 0.469611 0.401458 0.835285 -0.375674 0.0580072 0.346917 -0.518299 -0.781674 0.880966
2 19 15 0.960632 -0.0646376 0.2702 0.0239711 0.0447677 0.995863 0.0790707 -0.0625496 -0.274194 -0.0638615 0.959552 0.997754
2 20 18 -0.63517 0.767085 0.0902266 0.0174071 -0.734406 -0.635987 0.236998 -0.214273 0.23918 0.0842709 0.967311 0.976619
2 21 0 1 0 0 0 0 1 0 0 0 0 1 0
2 22 33 0.0255144 -0.996256 0.0825957 -0.35869 0.999644 0.0260681 0.00563139 -0.246443 -0.00776341 0.0824226 0.996567 0.900337
2 23 22 0.918099 0.347946 0.189809 -0.0214916 -0.353528 0.935412 -0.00473836 0.0155046 -0.179198 -0.0627524 0.98181 0.999649
