0 1 275 0.975103 0.0793612 -0.207067 0.907051 -0.07877 0.996831 0.0111119 0.217345 0.207293 0.0054754 0.978264 -0.360582
0 2 141 0.844942 0.130121 -0.518788 0.996255 -0.122926 0.991234 0.0484112 -0.0121597 0.52054 0.0228681 0.853531 -0.0856056
0 3 60 0.979059 -0.00234908 0.203562 -0.0256195 -0.0991479 -0.878828 0.466723 -0.156562 0.1778 -0.477132 -0.860658 0.987336
0 4 47 0.980277 0.0266781 0.195821 0.236314 -0.0366277 0.998206 0.0473651 0.124156 -0.194206 -0.0536033 0.979495 -0.963712
0 5 76 -0.929955 0.19708 0.310393 -0.09933 0.312466 0.868549 0.384691 -0.26401 -0.193777 0.454733 -0.869292 0.959392
0 6 64 -0.808683 -0.585254 0.0592449 -0.0193694 -0.48583 0.721279 0.493685 -0.225902 -0.331663 0.370452 -0.86762 0.973958
0 7 74 -0.568332 0.530511 -0.628934 0.259711 0.752174 0.644823 -0.135785 0.132731 0.333515 -0.550239 -0.76551 0.956521
0 8 95 0.0896763 -0.897154 -0.43252 0.177071 -0.897363 0.11562 -0.425878 0.309637 0.432086 0.426318 -0.794704 0.934222
0 9 33 0.512037 -0.755892 0.407977 -0.30137 0.758345 0.620873 0.198569 -0.256502 -0.403399 0.207712 0.891137 -0.918359
0 10 66 0.72028 0.449862 0.528035 -0.329981 0.6097 -0.773613 -0.172593 -0.0581721 0.330852 0.446258 -0.831499 0.942194
0 11 85 -0.534079 0.409081 0.739873 -0.499291 0.600511 0.79957 -0.00860793 -0.0467206 -0.595102 0.439705 -0.672691 0.865174
0 12 74 -0.194844 -0.742041 -0.641414 0.443201 0.943727 -0.320003 0.0835283 -0.282873 -0.267236 -0.589045 0.762635 0.850621
0 13 24 0.91883 -0.389133 0.0657847 -0.18516 0.353586 0.885738 0.30074 -0.306867 -0.175296 -0.253068 0.951435 -0.933568
0 14 71 -0.560481 -0.787369 0.256733 -0.103826 -0.69441 0.277881 -0.663759 0.369631 0.451282 -0.550302 -0.702504 0.92336
0 15 58 -0.198223 0.891126 -0.40817 0.417377 0.978651 0.203013 -0.0320495 -0.0651357 0.0543035 -0.405809 -0.912343 0.906396
0 16 39 0.120389 0.990815 -0.0615843 0.0402499 -0.99246 0.121564 0.0156745 -0.370543 0.0230169 0.0592329 0.997979 0.927943
0 17 25 0.9852 0.143204 0.0941988 -0.0581609 -0.0860155 0.888393 -0.450954 -0.178148 -0.148264 0.436177 0.887562 0.982283
0 18 54 0.627496 0.747316 0.218558 -0.174467 0.756376 -0.651678 0.0566706 -0.172174 0.18478 0.129751 -0.974177 0.969493
0 19 91 -0.641816 -0.12291 0.756944 -0.337836 0.429136 0.76048 0.487351 -0.226104 -0.635542 0.637623 -0.435344 0.913643
0 20 68 0.120504 0.951332 0.283629 -0.0572958 0.97944 -0.1605 0.122213 -0.0325851 0.161788 0.263071 -0.951114 0.997825
0 21 67 -0.807923 0.585355 -0.067975 -0.0157646 0.562238 0.800239 0.208581 -0.247017 0.17649 0.1303 -0.97564 0.968883
0 22 22 0.912574 0.349223 0.212726 -0.0778762 -0.372091 0.924929 0.0778188 0.00314173 -0.16958 -0.150169 0.974008 0.996958
0 23 29 -0.483607 -0.828169 0.283302 -0.322041 0.874661 -0.445026 0.192147 0.0283649 -0.0330527 0.340717 0.939585 -0.946301
0 24 50 -0.168368 -0.985135 -0.0340717 -0.02232 -0.984929 0.166743 0.0459486 -0.186025 -0.0395844 0.0412945 -0.998363 0.982291
0 25 71 0.799276 0.24197 0.550098 -0.234798 0.246717 -0.966784 0.0667824 -0.128977 0.547986 0.0823412 -0.832425 0.963449
0 26 69 -0.710518 0.696523 -0.100099 0.0604222 0.687688 0.657158 -0.30859 0.155652 -0.14916 -0.288096 -0.945914 0.985962
0 27 66 0.663436 -0.635485 -0.394983 0.309915 -0.51575 -0.770838 0.373913 -0.233717 -0.542084 -0.0443552 -0.839153 0.921591
0 28 62 0.733382 0.658131 0.170335 0.133455 -0.557125 0.725434 -0.404174 0.123398 -0.389566 0.201516 0.898682 0.983343
0 29 20 -0.844421 0.532214 0.0608405 0.0997421 -0.533948 -0.845371 -0.0157506 -0.197774 0.0430501 -0.0457857 0.998023 0.97516
0 30 42 0.79991 0.296625 0.521686 0.0959222 -0.345422 0.938439 -0.0039452 0.26461 -0.490741 -0.177046 0.853128 0.959573
0 31 60 0.837751 -0.531093 -0.126944 0.254908 -0.52476 -0.71874 -0.456113 0.205582 0.150999 0.448724 -0.880821 0.944859
0 32 67 -0.306179 -0.847656 -0.433281 0.177679 -0.8998 0.406294 -0.159014 0.140088 0.310829 0.34118 -0.88712 0.974066
0 33 62 -0.847904 -0.326229 -0.417892 0.263498 -0.462691 0.84016 0.282926 -0.154457 0.258797 0.433249 -0.863319 0.952214
0 34 71 0.310777 0.92819 -0.204647 0.459939 0.273187 0.118995 0.954573 -0.320383 0.910377 -0.352566 -0.216589 0.828137
0 35 81 0.897493 -0.403943 0.177024 -0.0616967 -0.296244 -0.849513 -0.436539 0.259255 0.326721 0.339348 -0.882097 0.963836
0 36 60 0.960875 0.0961528 0.259758 -0.196547 0.192686 -0.905743 -0.377493 -0.000538631 0.198977 0.412775 -0.888833 0.980494
0 37 68 -0.730461 -0.646741 0.219436 -0.175666 -0.408053 0.670944 0.619134 -0.282787 -0.547648 0.362712 -0.754003 0.94296
0 38 46 -0.995707 0.0546568 -0.0747047 -0.358869 -0.046364 -0.993009 -0.108556 -0.329842 -0.0801157 -0.104626 0.991279 0.873165
0 39 35 0.996098 -0.00103309 0.0882521 0.138353 0.0018544 0.999956 -0.00922492 -0.302288 -0.0882386 0.00935258 0.996055 -0.943123
0 40 59 -0.394617 0.853219 0.34102 -0.187606 0.91818 0.380291 0.111014 0.082271 -0.0349678 0.356926 -0.933478 0.978793
0 41 63 -0.885538 -0.269542 -0.378379 0.121169 0.00927993 -0.824576 0.565676 -0.114601 -0.464475 0.497416 0.732694 0.985994
0 42 113 -0.0874216 -0.99592 0.0223801 -0.141803 -0.793054 0.0559833 -0.606573 0.263193 0.602846 -0.0707763 -0.794713 0.954265
0 43 84 -0.905689 0.416399 0.0796155 0.0244417 0.321088 0.796378 -0.512527 0.343435 -0.27682 -0.438627 -0.854972 0.938858
0 44 33 -0.991335 -0.00417697 0.131294 -0.120493 -0.0118229 -0.992601 -0.120847 -0.250598 0.130827 -0.121352 0.98395 0.960563
0 45 169 -0.11974 -0.418455 0.90031 -0.427215 -0.0790042 0.907975 0.41151 -0.217827 -0.989657 -0.021854 -0.141781 0.877519
0 46 96 0.947605 -0.311339 0.0714958 -0.888929 0.312578 0.949869 -0.00655669 0.0490272 -0.0658703 0.0285612 0.997419 0.455414
0 47 63 0.99492 -0.031597 0.0955835 0.0778276 0.020353 0.992994 0.116401 -0.240492 -0.0985917 -0.113864 0.988592 -0.967526
0 48 80 0.906252 -0.393315 0.154956 -0.480638 0.393063 0.918898 0.033577 0.0118342 -0.155595 0.0304781 0.987351 0.876839
0 49 49 0.989125 -0.119657 0.0855221 -0.0448611 0.115449 0.991921 0.0525811 0.345066 -0.0911228 -0.0421358 0.994948 -0.937506
0 50 81 -0.977674 0.15021 -0.146939 0.0791939 0.202932 0.856401 -0.47476 0.328118 0.0545252 -0.493979 -0.867763 0.941311
0 51 45 0.264288 -0.820206 -0.50736 -0.0122659 0.845733 0.44995 -0.286848 -0.397416 0.463561 -0.35328 0.812591 0.917556
0 52 71 -0.321874 0.89706 0.302789 0.125589 0.662109 0.441873 -0.605277 0.274023 -0.676764 0.00565641 -0.736178 0.953488
0 53 59 0.278428 0.880713 0.383174 -0.152152 -0.824854 0.423642 -0.374357 0.240363 -0.49203 -0.211831 0.844414 0.958684
0 54 26 0.841125 -0.451568 -0.297649 0.0698832 0.496666 0.86277 0.094605 0.113894 0.214082 -0.227407 0.949976 0.991032
0 55 101 0.332669 -0.801464 0.496977 -0.15443 0.732586 -0.112222 -0.67136 0.270405 0.593843 0.587419 0.549808 0.95028
0 56 49 -0.803108 0.52689 0.278217 -0.230874 0.452307 0.843065 -0.290964 0.286965 -0.387861 -0.107836 -0.915388 0.929703
0 57 32 0.299448 0.949581 -0.0928785 -0.336502 -0.953714 0.295089 -0.0578978 0.12121 -0.0275712 0.105917 0.993993 0.933849
0 58 67 0.939022 0.340151 0.0503404 -0.0105928 0.246026 -0.562344 -0.789456 0.253934 -0.240226 0.753702 -0.611739 0.967163
0 59 29 -0.635577 0.76491 -0.104663 0.32261 -0.770973 -0.621724 0.138059 -0.347764 0.0405307 0.16844 0.984878 -0.880331
0 60 22 0.658611 0.734016 -0.165688 0.168705 -0.660046 0.669262 0.341215 -0.338266 0.361346 -0.115366 0.925268 -0.925805
0 61 55 -0.414869 -0.885875 -0.207627 -0.0535658 -0.882932 0.447085 -0.143338 0.0299995 0.219806 0.123854 -0.967649 0.998114
0 62 77 -0.0423748 -0.990822 -0.128358 -0.132072 -0.984785 0.0630927 -0.161919 0.0860696 0.168531 0.119543 -0.97842 0.987496
0 63 28 0.800413 -0.528683 -0.282547 -0.106711 0.560153 0.827496 0.0384737 0.144808 0.213466 -0.189064 0.958482 0.983689
0 64 81 -0.394051 -0.49408 0.774989 -0.0959184 -0.414883 0.848039 0.3297 0.0646192 -0.820119 -0.191611 -0.539156 0.993289
0 65 62 0.0625543 -0.997869 0.0185428 -0.0547148 -0.709201 -0.0575153 -0.702657 0.270044 0.702226 0.0308037 -0.711287 0.961292
0 66 58 -0.643536 -0.504987 0.575196 -0.149819 -0.661039 -0.0121579 -0.750253 0.331913 0.385861 -0.863042 -0.325992 0.931337
0 67 59 -0.108017 -0.993179 -0.043915 -0.121268 -0.860012 0.11551 -0.497028 0.272884 0.49871 -0.0159198 -0.866623 0.954373
0 68 97 -0.155837 -0.973833 0.165421 -0.0850066 -0.726594 -0.000436752 -0.687067 0.265747 0.669161 -0.227264 -0.707513 0.960288
0 69 68 -0.996497 -0.0449432 0.0705271 -0.227669 -0.0467545 0.998612 -0.0242443 0.241683 -0.0693396 -0.0274568 -0.997215 0.943269
0 70 54 0.966057 -0.257825 0.0161221 -0.222973 0.256648 0.96501 0.0537432 0.293773 -0.0294143 -0.0477813 0.998425 0.929505
0 71 60 0.230802 -0.881853 -0.411176 0.181572 -0.93924 -0.0915713 -0.330822 0.145263 0.254085 0.462547 -0.849406 0.972589
0 72 46 0.951734 -0.301903 -0.0552914 0.172388 0.306721 0.928982 0.207159 -0.158902 -0.0111773 -0.214119 0.976744 -0.972128
0 73 92 0.684277 0.603536 0.409279 -0.19537 0.700835 -0.699365 -0.140424 0.0647424 0.201484 0.382926 -0.901538 0.97859
0 74 137 -0.803052 -0.000840482 0.595909 -0.264602 -0.234191 0.919984 -0.3143 0.294605 -0.547962 -0.391955 -0.738991 0.918256
0 75 45 0.874964 -0.472832 0.104252 -0.154783 0.480654 0.874173 -0.0692373 0.111294 -0.0583966 0.110689 0.992138 0.98166
0 76 41 -0.886865 -0.459485 -0.0484164 -0.272539 0.445586 -0.822888 -0.352573 0.172929 0.122161 -0.334259 0.934531 0.946477
0 77 77 0.756971 0.645308 -0.10282 0.0275373 0.556907 -0.554786 0.618116 -0.334075 0.341832 -0.525158 -0.779333 0.942144
0 78 98 0.656249 -0.500246 0.564882 -0.201232 0.0472937 -0.719897 -0.692468 0.296107 0.753061 0.481146 -0.448773 0.933716
0 79 24 -0.308831 0.896568 0.317473 -0.09261 -0.948833 -0.313538 -0.0375502 -0.190728 0.0658735 -0.312826 0.947524 -0.977265
0 80 45 0.785251 0.619176 -0.00119504 0.202006 -0.616702 0.782283 0.0878231 -0.197974 0.0553128 -0.0682262 0.996135 -0.959166
0 81 28 0.0984397 0.988129 0.117943 0.176335 -0.968279 0.0677551 0.240509 -0.255647 0.229662 -0.137878 0.963455 -0.950553
0 82 81 0.670121 -0.678484 -0.300994 0.19955 -0.714581 -0.480025 -0.50887 0.324585 0.200776 0.55609 -0.806507 0.924567
0 83 61 -0.405019 -0.799196 0.444123 -0.413645 -0.631843 0.595751 0.495837 -0.354448 -0.660858 -0.0797925 -0.746257 0.838609
0 84 22 0.276172 0.846956 0.454308 0.215171 -0.948325 0.163294 0.272057 0.346751 0.156235 -0.505966 0.848286 0.912943
0 85 23 -0.780035 -0.574546 -0.247873 -0.300963 0.505937 -0.812197 0.290454 -0.108035 -0.368201 0.101156 0.924227 0.947497
0 86 105 0.752444 -0.39846 0.52446 -0.980018 0.336527 0.917054 0.213918 -0.191642 -0.566196 0.015534 0.824125 0.0532736
0 87 116 -0.0617734 0.647093 0.759904 -0.339403 0.601764 0.631562 -0.488886 0.337981 -0.796282 0.427083 -0.428411 0.877824
0 88 176 0.928898 -0.219479 0.29829 -0.839311 0.216233 0.975337 0.0442772 0.0542824 -0.300651 0.0233711 0.953448 -0.540934
0 89 247 0.994718 -0.0502068 0.0895319 -0.188003 0.0572342 0.99533 -0.0777319 0.183585 -0.0852112 0.0824456 0.992946 -0.964858
0 90 204 0.998885 0.0193938 -0.0430363 0.0949507 -0.0300148 0.964612 -0.261961 0.266915 0.0364329 0.262961 0.964118 -0.959031
0 91 106 0.980637 0.0115611 0.195492 -0.299197 0.037809 0.968297 -0.246923 0.251931 -0.19215 0.249533 0.949111 -0.920333
0 92 85 -0.356212 -0.746441 -0.562084 0.369764 -0.703521 0.610135 -0.364407 0.206378 0.614956 0.265631 -0.742475 0.905915
0 93 69 0.943466 0.241096 0.227475 -0.32931 -0.266174 0.960041 0.0864408 -0.276361 -0.197545 -0.142102 0.96994 -0.902873
0 94 62 0.994152 0.089795 0.0599958 -0.125139 -0.0956449 0.990067 0.103048 -0.284541 -0.0501466 -0.108184 0.992865 -0.950461
0 95 84 0.0952993 -0.929033 -0.357512 0.164387 -0.747515 0.170384 -0.64202 0.351241 0.657373 0.32843 -0.678229 0.921741
0 96 52 0.980317 -0.0451487 -0.192199 0.381878 0.0567518 0.996856 0.0552971 0.00235635 0.189098 -0.0651163 0.979797 -0.92421
0 97 52 -0.24667 0.840773 0.481928 -0.318998 0.89936 0.0133681 0.437005 -0.112881 0.36098 0.541223 -0.759455 0.941009
0 98 35 -0.952 -0.29278 -0.0893127 -0.150568 0.302868 -0.943247 -0.13622 0.142222 -0.0443615 -0.156731 0.986645 0.978316
0 99 75 -0.173558 0.91213 0.371344 -0.339762 -0.863187 0.0406355 -0.503247 0.287408 -0.474117 -0.407882 0.780286 0.895521
0 100 29 0.0217054 0.986438 -0.16269 0.451609 -0.968196 -0.0198299 -0.249407 -0.0472453 -0.249251 0.162929 0.954635 -0.890964
0 101 28 0.894738 0.259146 -0.363714 0.456897 -0.302416 0.950856 -0.0664587 -0.179715 0.328617 0.169456 0.929137 -0.871176
0 102 67 0.168478 -0.793935 0.584194 -0.445251 -0.959467 0.00374642 0.281796 -0.0805393 -0.225917 -0.607991 -0.761123 0.891776
0 103 25 -0.960164 -0.177151 -0.216109 0.159937 0.147027 -0.977936 0.148405 -0.242183 -0.237631 0.110719 0.965025 -0.956958
0 104 78 -0.867517 0.0686514 0.492648 -0.410784 -0.163938 0.895629 -0.41349 0.281292 -0.469616 -0.439473 -0.765718 0.867255
0 105 35 -0.995619 -0.0217492 -0.0909438 0.167735 0.000495407 -0.973788 0.227458 -0.197953 -0.093507 0.226416 0.969532 -0.965753
0 106 42 0.817724 -0.42026 -0.39333 0.437617 0.540077 0.796544 0.271726 -0.255114 0.199109 -0.434625 0.878326 -0.862211
0 107 61 0.594741 0.588779 0.547377 -0.32193 0.717917 -0.69539 -0.032051 -0.0889667 0.36177 0.412034 -0.836272 0.942574
0 108 39 -0.956554 -0.246917 -0.155036 -0.437877 0.249011 -0.968482 0.00608073 -0.222558 -0.151651 -0.0327892 0.98789 -0.871052
0 109 33 0.557088 0.824061 -0.102841 -0.245267 -0.777858 0.474419 -0.412145 -0.186573 -0.290842 0.309597 0.905296 0.951333
0 110 62 -0.997188 -0.00740911 0.0745798 -0.0760144 -0.0050536 0.999484 0.0317231 -0.0610536 -0.0747763 0.031257 -0.99671 0.995236
0 111 21 -0.994247 -0.0592083 -0.08926 -0.166512 0.0818214 -0.957617 -0.27618 -0.0231984 -0.0691248 -0.281895 0.956952 -0.985767
0 112 34 0.671332 0.528566 0.519549 -0.173985 -0.419588 0.84889 -0.321453 -0.173089 -0.610949 -0.00219484 0.791667 0.969417
0 113 48 0.474778 -0.876569 0.0788243 -0.300823 0.835835 0.477131 0.271524 -0.323402 -0.275619 -0.0630293 0.959198 -0.897171
0 114 78 -0.157094 -0.588542 0.793057 -0.279198 -0.897845 -0.249354 -0.362901 0.304863 0.411334 -0.769052 -0.489248 0.910553
0 115 19 0.802756 0.582328 0.12836 -0.14072 -0.565562 0.811745 -0.145636 0.0820199 -0.189003 0.0443149 0.980976 -0.986646
0 116 55 -0.894315 0.25049 -0.37075 0.281783 0.200715 0.96515 0.167925 0.129034 0.399893 0.075763 -0.913425 0.950762
0 117 22 0.978055 -0.0583842 0.199999 0.0307973 0.0701268 0.996175 -0.0521356 -0.153713 -0.19619 0.0650167 0.978408 -0.987635
0 118 76 -0.700758 -0.646837 0.3009 -0.344843 -0.493768 0.135334 -0.858998 0.285236 0.514909 -0.750525 -0.414224 0.894273
0 119 35 0.98804 0.13643 0.0718602 0.337658 -0.123987 0.97998 -0.155778 0.320072 -0.0916742 0.145005 0.985175 -0.885179
0 120 80 -0.347971 0.931891 -0.102447 0.140965 0.753411 0.212933 -0.622119 0.339339 -0.557932 -0.293664 -0.776191 0.930042
0 121 63 -0.722567 -0.269029 -0.636805 0.278436 -0.172281 0.962182 -0.211008 0.312696 0.66949 -0.0427583 -0.74159 0.908127
0 122 103 0.622651 0.393835 -0.676165 0.361969 -0.642067 0.751065 -0.153789 -0.0406116 0.447277 0.5299 0.72052 0.931305
0 123 42 -0.0868188 -0.993919 -0.0677251 0.0369852 0.990371 -0.0787507 -0.113858 -0.174682 0.107832 -0.076958 0.991186 -0.98393
0 124 39 0.589482 0.749924 0.300208 0.0790433 -0.775853 0.629084 -0.0480146 -0.273196 -0.224863 -0.204613 0.952665 0.958705
0 125 23 0.396244 0.836608 0.378257 -0.116464 -0.913926 0.319944 0.249751 -0.276333 0.0879229 -0.444662 0.891373 -0.953979
0 126 94 -0.73463 -0.0558156 -0.676168 0.35004 -0.277332 0.934251 0.224191 -0.144507 0.619198 0.35222 -0.701808 0.925521
0 127 69 0.98744 -0.0482784 -0.150436 0.437219 0.0662871 0.990906 0.117095 -0.47915 0.143414 -0.125596 0.981661 -0.761088
0 128 69 0.994833 0.0507985 -0.0878994 0.0824593 -0.0327854 0.980176 0.195398 -0.21763 0.0960828 -0.191507 0.976777 -0.972542
0 129 122 0.971313 0.0604818 0.229984 -0.67653 -0.0806134 0.993597 0.0791639 0.630388 -0.223723 -0.0954327 0.969969 -0.38068
0 130 36 0.907767 0.409733 -0.0898763 0.27681 -0.377171 0.891033 0.252592 0.234299 0.183578 -0.195396 0.96339 -0.931923
0 131 40 0.641098 -0.632301 -0.434958 0.383575 0.694428 0.719226 -0.022005 0.23464 0.326747 -0.28794 0.900182 -0.893204
0 132 32 0.971053 -0.0602273 -0.231145 0.420805 0.113075 0.9683 0.222733 -0.0657901 0.210403 -0.242422 0.947081 -0.904762
0 133 36 -0.940376 -0.314914 0.128539 -0.138304 0.339777 -0.8871 0.312418 -0.337846 0.0156425 0.337465 0.941208 -0.930985
0 134 43 -0.506568 -0.789617 -0.346256 0.429448 0.859151 -0.496026 -0.125769 -0.321971 -0.0724427 -0.361197 0.929671 -0.843747
0 135 87 -0.551915 -0.183028 0.813567 -0.467471 -0.0381849 -0.969046 -0.24391 0.279207 0.833026 -0.165684 0.527842 0.838758
0 136 44 0.992376 0.00587007 0.12311 -0.255153 -0.0527358 0.923034 0.381086 -0.313362 -0.111398 -0.384673 0.916306 -0.914714
0 137 38 0.299311 0.949628 0.0928422 0.323211 -0.944336 0.280902 0.171243 -0.265831 0.136538 -0.138929 0.980845 0.908223
0 138 54 -0.151695 -0.950992 -0.269451 0.298324 -0.972068 0.0941421 0.214991 -0.252032 -0.179088 0.294537 -0.938709 0.920588
0 139 53 0.988888 -0.0401556 -0.143134 -0.0868368 0.063899 0.98416 0.165365 -0.205141 0.134227 -0.172674 0.97579 0.974873
0 140 219 0.997567 -0.0127163 0.0685376 -0.749708 -0.00372246 0.972099 0.234541 -0.655461 -0.0696078 -0.234225 0.969687 -0.0911525
0 141 219 0.999168 -0.0393708 0.0106729 -0.971441 0.0369648 0.984533 0.171253 0.12575 -0.0172502 -0.170716 0.985169 -0.20122
0 142 188 0.956661 -0.0589366 0.285178 -0.901895 0.0897512 0.991306 -0.0962107 0.408477 -0.277029 0.117636 0.953633 0.140473
0 143 86 0.924223 -0.380831 0.0279165 -0.141284 0.376645 0.921212 0.0975042 -0.361837 -0.0628496 -0.0796011 0.994844 -0.921473
0 144 33 0.932236 0.276122 0.233863 0.136047 -0.28451 0.958671 0.00222475 0.158217 -0.223583 -0.0686103 0.972267 0.977987
0 145 75 -0.771366 0.259813 0.58094 -0.341328 0.255611 0.962482 -0.0910517 0.0502572 -0.582801 0.0782605 -0.808838 0.9386
0 146 51 -0.264897 -0.955663 0.128598 0.3562 0.964271 -0.263001 0.0318252 0.268304 0.00340723 0.132434 0.991186 0.895061
0 147 59 0.143671 -0.966432 -0.213 0.222841 -0.98791 -0.15273 0.0266156 -0.00552684 -0.0582535 0.2066 -0.97669 0.974839
0 148 40 -0.993758 -0.098718 -0.0519604 0.277166 0.104173 -0.987816 -0.115619 0.269516 -0.0399137 -0.12031 0.991934 -0.922247
0 149 19 0.136751 0.957517 0.253891 -0.234848 -0.988692 0.116005 0.0950341 0.00779321 0.0615442 -0.264016 0.962553 -0.972001
0 150 56 -0.657171 -0.73071 -0.184905 0.383263 0.744563 -0.667499 -0.00841942 0.324375 -0.117272 -0.143206 0.98272 0.864806
0 151 75 0.0999955 0.53054 0.841741 -0.332149 0.723881 -0.6192 0.304281 -0.209835 0.68264 0.578894 -0.445965 0.91959
0 152 42 -0.0583138 -0.997883 0.0287857 0.217375 0.970721 -0.0499487 0.234958 0.227414 -0.233023 0.0416442 0.971579 -0.949226
0 153 19 -0.360835 -0.923575 -0.129645 0.237058 0.93223 -0.361248 -0.0211521 -0.207227 -0.0272984 -0.128491 0.991335 0.949137
0 154 67 -0.154144 -0.979994 0.125905 -0.165574 -0.862285 0.195641 0.467107 -0.246795 -0.482394 -0.0365641 -0.875191 0.954818
0 155 54 0.676339 -0.712263 -0.187742 0.164526 -0.68899 -0.521598 -0.503218 0.131523 0.260498 0.469698 -0.843519 0.977565
0 156 52 -0.983127 0.182713 -0.00876973 -0.0362141 0.153749 0.851353 0.501558 -0.245395 0.0991072 0.491747 -0.86508 0.968747
0 157 93 -0.793431 -0.257208 0.551645 -0.167183 -0.0120387 0.91278 0.408274 -0.260405 -0.608542 0.317296 -0.727324 0.950915
0 158 79 0.186405 0.511537 0.838799 -0.217152 0.248997 -0.850486 0.46333 -0.257559 0.950397 0.122491 -0.285905 0.941546
0 159 77 0.847684 0.130555 0.514186 -0.185014 0.0991194 -0.991154 0.0882518 -0.268867 0.52116 -0.0238438 -0.853126 0.945241
0 160 91 -0.874523 -0.338344 0.347467 -0.105612 -0.187624 0.896691 0.400927 -0.274446 -0.447222 0.285426 -0.847658 0.955785
1 2 229 0.963513 0.0458605 -0.263703 0.964736 -0.0650038 0.995809 -0.0643285 0.159096 0.259648 0.0791231 0.962456 -0.209697
1 3 112 0.895056 0.0968696 -0.435305 0.993447 -0.116405 0.993032 -0.0183647 0.0543189 0.430493 0.067109 0.900096 0.100564
1 4 61 0.0217158 -0.969034 0.24597 0.0191687 -0.907442 0.0841572 0.411664 -0.135275 -0.419617 -0.232143 -0.877514 0.990623
1 5 37 -0.912852 0.357076 0.197987 0.0477034 -0.326973 -0.92975 0.169271 -0.255651 0.244521 0.0897833 0.965478 -0.965591
1 6 38 -0.838239 0.494325 -0.230212 0.235189 -0.404674 -0.846885 -0.345001 0.0353601 -0.365505 -0.196032 0.909932 0.971306
1 7 56 0.0791589 -0.801416 0.592846 -0.0708471 0.246074 0.592017 0.767439 -0.218648 -0.966013 0.0851346 0.244071 0.973228
1 8 67 -0.244063 -0.848693 -0.469205 0.250521 -0.88283 0.394667 -0.254655 0.199614 0.401304 0.352076 -0.845575 0.947309
1 9 50 -0.94123 0.135683 -0.309316 0.201122 0.247604 0.900039 -0.358639 0.267419 0.229736 -0.41415 -0.880739 0.942357
1 10 23 0.551193 0.821089 -0.14832 0.32964 -0.759031 0.567253 0.319526 0.0574813 0.346494 -0.0635408 0.935898 -0.942355
1 11 24 -0.581087 -0.804557 0.122576 -0.142285 0.791698 -0.523935 0.314175 0.35566 -0.18855 0.279606 0.941419 0.923721
1 12 78 -0.0656974 0.787262 -0.613109 0.443212 0.647598 0.501096 0.574038 -0.283118 0.759145 -0.359336 -0.54275 0.850533
1 13 54 -0.962983 -0.0521565 -0.26447 0.18516 0.115164 0.80746 -0.578572 0.306867 0.243725 -0.587612 -0.771563 0.933568
1 14 16 0.988953 -0.127016 -0.0764113 0.0147834 0.137105 0.979757 0.145874 0.0354191 0.0563362 -0.154739 0.986348 -0.999263
1 15 42 0.85805 0.508898 0.0690884 -0.417377 -0.488823 0.850539 -0.193999 0.0651357 -0.157488 0.132689 0.978566 -0.906396
1 16 24 -0.8978 0.161499 0.409724 0.25385 -0.290382 -0.916536 -0.275027 0.0107977 0.331111 -0.365895 0.869762 0.967183
1 17 29 0.973153 -0.205339 0.103968 -0.125545 0.203301 0.978658 0.0299511 0.356222 -0.107899 -0.00801026 0.99413 -0.925929
1 18 72 -0.155181 0.968546 0.194516 -0.17421 0.936053 0.207103 -0.284452 0.0442729 -0.31579 0.137936 -0.938749 0.983713
1 19 41 0.312908 0.901021 -0.300415 -0.0904784 0.936781 -0.240622 0.254052 -0.204032 0.156619 -0.360918 -0.919352 0.974774
1 20 30 0.914674 -0.00844838 0.404104 0.130804 0.181779 0.901566 -0.3926 -0.0425687 -0.36101 0.432559 0.826175 0.990494
1 21 31 -0.188802 -0.559779 0.806846 -0.052743 0.972562 -0.220315 0.0747271 -0.126346 0.13593 0.798817 0.586016 0.990583
1 22 55 0.130072 -0.951133 0.280048 -0.00425637 -0.878962 0.0200867 0.476468 -0.284688 -0.458809 -0.308127 -0.833398 0.958611
1 23 27 -0.961724 -0.0895797 0.258965 -0.322041 0.10804 -0.992458 0.0579241 0.0283649 0.251823 0.0836856 0.964148 -0.946301
1 24 67 0.00665013 -0.659635 0.751557 -0.284217 -0.598671 0.599373 0.531361 -0.35468 -0.800967 -0.453469 -0.390918 0.890743
1 25 50 -0.204758 -0.609426 -0.765946 0.425181 -0.968118 0.0107334 0.250264 -0.115821 -0.144296 0.79277 -0.592194 0.897667
1 26 16 0.675216 0.729398 0.109827 -0.00766619 -0.723984 0.626848 0.287937 0.115065 0.141176 -0.273933 0.951331 0.993328
1 27 78 -0.0440206 0.964434 0.260632 -0.0292837 0.183715 -0.248621 0.951019 -0.363584 0.981993 0.0897463 -0.166236 0.931101
1 28 28 0.971859 0.0684154 -0.225407 0.176435 -0.0162219 0.974061 0.225704 -0.0636038 0.235002 -0.215696 0.94776 0.982255
1 29 35 -0.797296 0.506659 0.328049 0.352463 -0.588585 -0.532194 -0.608554 -0.133458 -0.133744 -0.678282 0.722528 0.926261
1 30 33 0.272125 -0.890288 -0.365151 0.244657 -0.930217 -0.146273 -0.336601 -0.0277204 0.24626 0.431268 -0.867966 0.969213
1 31 60 0.20115 0.325816 -0.923787 0.286974 0.356717 0.853944 0.378856 -0.102582 0.9123 -0.405737 0.0555464 0.95243
1 32 23 0.973733 -0.0993061 0.204895 0.131446 0.178217 0.892476 -0.414396 0.398511 -0.141712 0.440027 0.886732 -0.907695
1 33 62 -0.869787 -0.120271 -0.478544 0.263498 -0.225555 0.959493 0.168816 -0.154457 0.438856 0.254772 -0.861682 0.952214
1 34 68 -0.66759 -0.710009 -0.224079 0.129159 -0.480211 0.64062 -0.599169 0.313743 0.568964 -0.292394 -0.768626 0.940682
1 35 54 -0.474108 -0.633905 -0.611053 0.278124 -0.367708 -0.488036 0.791588 -0.130549 -0.800007 0.599988 -0.00171053 0.951632
1 36 17 0.636591 0.695164 -0.333914 -0.127765 -0.769838 0.547073 -0.328727 0.312253 -0.0458436 0.466324 0.883425 -0.941368
1 37 20 0.8471 0.523099 0.0937449 -0.0516472 -0.530141 0.819501 0.217643 0.023269 0.0370247 -0.234063 0.971516 0.998394
1 38 72 0.254538 -0.761807 0.595701 -0.358897 -0.572216 0.377938 0.727827 -0.331326 -0.779602 -0.526129 -0.339719 0.872592
1 39 44 0.436963 -0.899429 0.00958102 0.138353 0.89947 0.436884 -0.00930224 -0.302288 0.00418091 0.0126826 0.999911 -0.943123
1 40 51 -0.182708 -0.933333 0.309043 -0.18769 -0.972572 0.125554 -0.195807 0.0821375 0.143952 -0.336342 -0.930673 0.978788
1 41 50 -0.525076 -0.682725 -0.508116 0.124956 -0.736381 0.0651483 0.673423 -0.12565 -0.42666 0.727765 -0.536954 0.984174
1 42 58 -0.960436 0.263887 -0.0890308 0.118749 0.234745 0.939076 0.251058 -0.312325 0.149858 0.220226 -0.963869 0.942524
1 43 30 0.187089 -0.974445 0.124316 -0.0181257 0.903837 0.220326 0.366789 -0.343204 -0.384806 0.0437392 0.92196 -0.939086
1 44 23 -0.996057 -0.0748598 0.0475997 -0.0198536 0.0637318 -0.977094 -0.203039 0.0396097 0.0617088 -0.199205 0.978013 -0.999018
1 45 49 0.909739 -0.333 0.247966 -0.236221 0.332593 0.942005 0.0448222 -0.246302 -0.24851 0.0416952 0.967731 0.939965
1 46 84 0.559214 -0.253912 0.789182 -0.779451 0.385273 0.922496 0.0238002 -0.0900776 -0.73406 0.290741 0.613698 0.619953
1 47 82 0.716617 -0.319642 0.619911 -0.747808 0.214302 0.946717 0.240418 -0.368742 -0.663728 -0.0394399 0.746933 0.552099
1 48 73 0.87071 0.376572 -0.31632 0.163767 -0.456945 0.857278 -0.237227 0.354033 0.181841 0.351096 0.918513 0.920783
1 49 73 0.102293 -0.880827 0.462255 -0.106854 -0.855728 -0.31486 -0.410601 0.24003 0.507214 -0.353563 -0.785956 0.964867
1 50 51 0.263298 -0.958037 -0.113312 0.0791939 -0.730357 -0.121217 -0.672224 0.328118 0.630279 0.259754 -0.731625 0.941311
1 51 48 0.513856 -0.839035 -0.178806 0.403142 0.842283 0.532995 -0.0804723 0.158712 0.162822 -0.109254 0.980588 -0.90127
1 52 45 -0.745928 0.64085 -0.181392 0.218463 0.644373 0.625514 -0.439904 0.050748 -0.168449 -0.445021 -0.879535 0.974525
1 53 26 -0.117843 0.990958 -0.0641437 -0.0182959 -0.989955 -0.122314 -0.0709181 0.14313 -0.0781226 0.0551422 0.995418 0.989535
1 54 19 0.367775 -0.919771 -0.136978 0.162351 0.929867 0.365241 0.0441253 0.0957164 0.00944485 -0.1436 0.989591 0.98208
1 55 65 0.71434 -0.542795 0.441691 -0.153237 -0.234047 -0.780133 -0.580185 0.269141 0.659499 0.311073 -0.68432 0.950832
1 56 39 0.389603 0.92032 0.0349476 -0.232824 -0.913145 0.381069 0.144752 0.287687 0.119901 -0.088308 0.988851 0.928994
1 57 57 -0.790671 -0.533968 0.29953 -0.338096 -0.602916 0.764145 -0.229291 0.104692 -0.10645 -0.361885 -0.926125 0.93527
1 58 42 0.969144 -0.151645 -0.19433 0.110853 -0.129952 -0.984236 0.119965 -0.0579814 -0.209458 -0.0910096 -0.973573 0.992144
1 59 46 -0.868216 -0.228305 0.440543 -0.25102 -0.288823 0.954474 -0.0745656 0.0344835 -0.403463 -0.191978 -0.89463 0.967368
1 60 50 -0.620772 0.0852378 0.779344 -0.223407 0.27127 0.956021 0.111514 -0.00469898 -0.735564 0.280638 -0.616594 0.974714
1 61 36 0.639383 -0.485456 0.596256 -0.248062 -0.247272 -0.864108 -0.438377 -0.120955 0.728043 0.132854 -0.672535 0.961163
1 62 46 0.851837 -0.199032 0.48452 -0.132072 0.00994897 0.930979 0.364938 0.0860696 -0.523712 -0.306047 0.795022 0.987496
1 63 48 0.671664 0.679979 0.294102 -0.119488 0.718494 -0.501069 -0.482386 0.125864 -0.180647 0.535312 -0.825111 0.984825
1 64 38 -0.449286 -0.893003 0.0262137 -0.149024 0.880364 -0.437553 0.18305 -0.484182 -0.151994 0.105319 0.982754 -0.862183
1 65 40 0.855463 -0.517715 0.0123861 -0.0687016 -0.481053 -0.803286 -0.351169 0.209586 0.191755 0.294454 -0.93623 0.975374
1 66 48 -0.474189 0.835319 0.278185 -0.139215 0.802717 0.539978 -0.253119 0.278732 -0.361649 0.103277 -0.926576 0.950225
1 67 24 0.589319 0.760447 0.272807 -0.392668 -0.758043 0.637259 -0.138824 0.126713 -0.279417 -0.124988 0.952 -0.910909
1 68 42 0.189309 -0.897298 0.398771 -0.0850066 -0.947331 -0.273738 -0.166227 0.265747 0.258314 -0.3463 -0.901859 0.960288
1 69 41 0.713512 0.683705 0.153128 -0.227669 -0.678826 0.728697 -0.0905321 0.241683 -0.173481 -0.0393516 0.984051 0.943269
1 70 40 -0.946523 0.195189 0.256898 -0.224212 0.122276 0.953862 -0.274217 0.293866 -0.298569 -0.22814 -0.926719 0.929178
1 71 28 0.999215 -0.0389031 -0.00748752 0.211751 0.0393194 0.996959 0.0672837 0.172151 0.00484721 -0.0675252 0.997706 0.962042
1 72 68 0.343887 -0.89298 0.290394 -0.172388 -0.769433 -0.445239 -0.457968 0.158902 0.538251 -0.0659493 -0.8402 0.972128
1 73 34 0.890901 -0.454195 0.00150083 -0.0943281 0.453857 0.890356 0.0357785 0.216445 -0.0175867 -0.0311939 0.999359 0.971727
1 74 54 0.928144 -0.371097 0.0289064 -0.264602 0.372196 0.926181 -0.0604845 0.294605 -0.00432694 0.0668972 0.99775 0.918256
1 75 68 0.849282 -0.411106 0.33123 -0.193627 0.424515 0.904764 0.0344789 -0.380548 -0.313859 0.11133 0.94292 0.904263
1 76 71 0.794308 0.434677 0.424417 -0.211586 0.392164 -0.900427 0.188249 -0.130261 0.463984 0.0169131 -0.885682 0.96864
1 77 67 -0.102339 0.251674 -0.962386 0.898261 0.833496 -0.506379 -0.221056 0.194245 -0.542966 -0.824767 -0.157947 0.394202
1 78 29 -0.0341573 0.972817 -0.229042 0.201232 -0.963828 0.0285489 0.264993 -0.296107 0.264329 0.229809 0.936653 -0.933716
1 79 63 0.867334 -0.459885 -0.190362 0.09261 -0.493866 -0.84272 -0.214288 0.190728 -0.0618738 0.279873 -0.958041 0.977265
1 80 59 -0.638172 -0.761319 0.114587 -0.00017543 0.748074 -0.577995 0.326048 -0.314967 -0.181996 0.293794 0.938383 0.949103
1 81 29 0.680854 -0.717935 0.144939 0.0768714 0.728691 0.644053 -0.23282 0.374577 0.0738017 0.264132 0.961659 -0.924004
1 82 34 -0.990393 0.00501813 0.138187 0.018372 -0.00513396 -0.999987 -0.000481817 0.350308 0.138182 -0.00118663 0.990406 0.936454
1 83 21 0.0777677 0.996932 0.00882849 -0.0081523 -0.995318 0.0771258 0.0582615 0.132096 0.0574019 -0.013318 0.998262 -0.991203
1 84 25 0.409841 -0.855987 0.315144 -0.215438 0.835463 0.490933 0.246952 -0.345874 -0.366102 0.16208 0.916351 -0.913213
1 85 29 0.979744 -0.180039 -0.0876754 0.0473419 0.179526 0.983657 -0.0137652 -0.0890262 0.0887208 -0.00225366 0.996054 -0.994904
1 86 36 -0.59687 -0.800354 -0.0563877 0.0404318 0.767736 -0.590134 0.249648 -0.363114 -0.233083 0.105717 0.966693 -0.930867
1 87 86 -0.221484 0.64961 0.727291 -0.339403 0.508457 0.713339 -0.482306 0.337981 -0.832115 0.262973 -0.488292 0.877824
1 88 127 0.815732 -0.281298 0.505423 -0.968828 0.252764 0.959294 0.125955 -0.24361 -0.52028 0.025007 0.85363 0.0450116
1 89 137 0.943217 -0.136762 0.302718 -0.858185 0.160112 0.985643 -0.0535869 -0.143308 -0.291043 0.0990127 0.951573 -0.492932
1 90 192 0.977443 -0.0583256 0.202984 -0.551192 0.112415 0.957328 -0.266243 0.0710898 -0.178793 0.283056 0.942291 -0.831345
1 91 144 0.971924 -0.0272013 0.233718 -0.370608 0.156572 0.816225 -0.556113 0.783149 -0.175639 0.577093 0.797568 -0.499327
1 92 99 0.99742 -0.0124686 0.0706971 0.0925345 0.0259177 0.980925 -0.192653 0.156785 -0.0669464 0.193989 0.978717 -0.983288
1 93 115 0.978058 -0.00400477 0.208296 -0.276211 0.12772 0.801421 -0.584304 0.907347 -0.164593 0.598087 0.784348 -0.316905
1 94 133 0.980789 -0.193602 0.0239102 0.0148566 0.188891 0.911937 -0.364269 0.795597 0.0487184 0.361787 0.930987 -0.605644
1 95 166 0.978236 -0.188121 -0.0875529 0.372249 0.16819 0.965993 -0.19639 0.399017 0.121521 0.177391 0.976609 -0.837984
1 96 127 0.847002 -0.165838 -0.505059 0.94319 0.13858 0.986125 -0.0913956 0.181609 0.513208 0.00742143 0.858232 -0.278229
1 97 76 0.979834 0.00310608 -0.199791 0.541667 -0.0125567 0.99886 -0.046053 -0.013283 0.19942 0.047633 0.978756 -0.840488
1 98 36 -0.253976 -0.959946 -0.118321 -0.0025527 0.875077 -0.175949 -0.450869 -0.0580246 0.411991 -0.218049 0.884713 0.998312
1 99 42 -0.791948 -0.361777 -0.49187 0.300683 -0.490004 0.857196 0.158464 -0.10399 0.3643 0.366513 -0.856127 0.948038
1 100 44 -0.83953 -0.211967 -0.50026 0.352601 -0.406924 0.855411 0.320445 -0.243806 0.360003 0.472591 -0.804397 0.903455
1 101 60 0.295286 -0.860165 0.41584 -0.44872 -0.784305 -0.466789 -0.408623 0.205801 0.545593 -0.205485 -0.812468 0.869653
1 102 41 -0.819491 -0.539382 -0.193653 0.445251 0.566057 -0.814603 -0.126497 0.0805393 -0.0895204 -0.213282 0.972881 -0.891776
1 103 65 -0.106628 -0.969232 0.221854 -0.159937 -0.891408 -0.00566246 -0.453167 0.242183 0.44048 -0.246083 -0.863377 0.956958
1 104 60 0.206729 0.729939 0.6515 -0.466793 0.769254 0.290203 -0.569236 0.330327 -0.604575 0.618847 -0.501516 0.820358
1 105 48 -0.210104 0.922484 -0.323851 0.258525 0.975958 0.217539 -0.0135116 -0.0405857 0.0579862 -0.318904 -0.946012 0.965152
1 106 32 0.318574 -0.947838 0.0107002 -0.195998 0.893636 0.296553 -0.336855 0.309769 0.316111 0.116875 0.941496 -0.930392
1 107 55 0.747386 0.26664 0.608538 -0.382276 0.2402 -0.96242 0.126693 -0.0762797 0.61945 0.0514824 -0.783346 0.920894
1 108 30 0.539718 0.787152 0.298491 -0.443148 -0.841531 0.514168 0.165704 -0.101979 -0.0230404 -0.340622 0.939918 -0.890629
1 109 27 0.982497 0.15589 -0.101974 0.194527 -0.174793 0.960767 -0.215348 0.265833 0.0644031 0.229403 0.971198 -0.944189
1 110 43 0.669436 -0.741888 0.0381792 0.0182716 0.711363 0.625389 -0.320705 0.104783 0.21405 0.241851 0.946409 0.994327
1 111 46 0.331725 -0.927768 0.170896 -0.0533379 -0.937316 -0.303642 0.170995 -0.0303034 -0.106753 -0.216907 -0.970338 0.998117
1 112 31 0.930872 0.359385 0.0657179 -0.26417 -0.324892 0.896572 -0.301005 -0.0922265 -0.167098 0.258846 0.951355 0.960057
1 113 71 -0.652481 0.501975 -0.567706 0.301275 0.748498 0.309846 -0.586298 0.323188 -0.118405 -0.807475 -0.577896 0.897097
1 114 59 0.686938 0.364351 0.62878 -0.308918 0.643049 0.0983026 -0.759489 0.318929 -0.338531 0.926059 -0.166768 0.896021
1 115 29 0.580781 -0.811178 0.0684328 -0.312914 0.799351 0.552361 -0.236506 0.307058 0.154049 0.19206 0.969217 -0.898777
1 116 65 0.0181908 -0.981154 -0.192371 0.36007 -0.0752818 0.190513 -0.978794 0.295411 0.996996 0.0322871 -0.0703974 0.884919
1 117 19 0.967965 -0.250955 0.00803415 -0.446086 0.230704 0.876318 -0.422898 0.204936 0.099088 0.411205 0.906141 -0.871211
1 118 55 0.129167 -0.739243 -0.660936 0.389797 -0.964815 -0.247621 0.0884037 -0.0528096 -0.229013 0.626262 -0.745217 0.919386
1 119 22 -0.588616 0.806335 0.0579294 0.098216 -0.808289 -0.588265 -0.0247545 0.205302 0.0141174 -0.0613946 0.998014 -0.973758
1 120 58 0.750565 0.00368694 -0.660786 0.41098 0.184195 -0.961517 0.203856 -0.0326908 -0.634606 -0.27472 -0.72236 0.911058
1 121 46 -0.898106 0.339987 0.278952 -0.0169144 0.311206 0.939504 -0.143119 -0.0224619 -0.310735 -0.0417249 -0.94958 0.999605
1 122 60 0.299783 0.952209 -0.0585446 -0.0504691 0.925819 -0.305185 -0.222985 0.255043 -0.230195 0.0126456 -0.973062 0.965612
1 123 61 -0.988636 -0.0987631 0.113334 -0.0369852 0.004148 -0.771544 -0.636163 0.174682 0.150272 -0.628463 0.763185 0.98393
1 124 72 -0.429999 -0.0979049 -0.897505 0.500115 -0.347944 0.935282 0.0646758 -0.257139 0.833088 0.340092 -0.436236 0.826901
1 125 54 0.730911 -0.587958 0.346517 -0.719564 0.645263 0.760719 -0.0702964 -0.489296 -0.222271 0.274975 0.935406 -0.492765
1 126 24 0.430481 0.858904 0.277435 -0.35004 -0.844153 0.491924 -0.21311 0.144507 -0.319518 -0.142458 0.936811 -0.925521
1 127 84 -0.550271 -0.308507 0.775902 -0.136629 -0.388042 0.917284 0.0895223 -0.0418438 -0.739341 -0.251821 -0.624469 0.989738
1 128 55 0.996737 -0.0727853 -0.0349015 -0.35229 0.0759997 0.991886 0.101913 0.122001 0.0272005 -0.104233 0.994181 -0.927905
1 129 91 -0.100741 0.0131244 -0.994826 0.82663 0.576386 -0.81425 -0.0691101 0.0629552 -0.810944 -0.580366 0.074464 0.559213
1 130 35 0.788523 -0.546394 -0.282286 0.459964 0.585596 0.807294 0.073171 0.1988 0.187908 -0.223003 0.956536 -0.865397
1 131 52 -0.740755 0.449031 0.499653 -0.113322 0.387441 0.893181 -0.228293 0.201461 -0.548791 0.0244765 -0.835601 0.972919
1 132 24 0.973044 0.207442 -0.100764 0.230442 -0.21395 0.975082 -0.0586493 0.0128673 0.0860866 0.0786268 0.99318 -0.973001
1 133 52 -0.624867 -0.765731 0.152306 -0.30462 -0.774453 0.583243 -0.24505 0.0918097 0.0988111 -0.271077 -0.957472 0.948039
1 134 59 -0.131157 -0.99124 -0.0155336 0.136511 -0.960229 0.123127 0.250601 -0.208779 -0.246493 0.0477839 -0.967966 0.968388
1 135 19 -0.259614 -0.94019 -0.220552 0.217476 0.953785 -0.285415 0.0939847 -0.100514 -0.151312 -0.185959 0.970837 -0.970877
1 136 27 -0.800586 -0.598793 -0.0225592 0.125498 0.594915 -0.798778 0.0896098 -0.0685065 -0.0716775 0.0583196 0.995721 -0.989726
1 137 61 0.635428 -0.584738 -0.504294 0.324084 -0.465974 -0.811156 0.353405 -0.26413 -0.61571 0.0104245 -0.787904 0.908408
1 138 41 0.277227 0.957457 0.0801275 -0.298324 -0.948541 0.286017 -0.135883 0.252032 -0.15302 -0.0383337 0.987479 -0.920588
1 139 49 0.866764 -0.491608 -0.0839135 -0.0178327 0.477917 0.866857 -0.141964 0.384455 0.142532 0.0829455 0.986309 -0.922972
1 140 100 0.970881 -0.0654074 0.230459 -0.917991 0.0423857 0.993729 0.103471 -0.243855 -0.235781 -0.0906898 0.967565 0.312774
1 141 110 0.901526 -0.106424 0.419434 -0.931009 0.044244 0.986875 0.155304 -0.0236129 -0.430457 -0.121453 0.894403 0.364232
1 142 122 0.858574 -0.131177 0.495625 -0.885545 0.172355 0.984299 -0.038058 -0.00487678 -0.482851 0.118099 0.867703 0.464527
1 143 117 0.663349 -0.234281 0.71069 -0.750874 0.337841 0.941189 -0.0050715 0.0166365 -0.667706 0.243465 0.703487 0.660236
1 144 40 -0.919872 0.34236 -0.191378 0.135535 0.379801 0.899325 -0.216716 0.159348 0.0979162 -0.272036 -0.957292 0.977875
1 145 28 -0.951903 -0.108756 -0.286449 0.340349 0.121666 -0.992187 -0.0276085 -0.0518183 -0.281208 -0.0611318 0.957698 -0.93887
1 146 79 0.773769 -0.0142286 -0.633308 0.362697 0.275036 -0.893055 0.356101 0.0711522 -0.570645 -0.449722 -0.687105 0.929187
1 147 48 0.657202 0.734639 -0.168494 0.219653 0.753507 -0.645638 0.124013 -0.030569 -0.0176808 -0.208463 -0.97787 0.975099
1 148 59 0.231818 -0.771899 -0.591973 0.314324 -0.945978 -0.037075 -0.322104 0.220832 0.226684 0.634664 -0.738794 0.923273
1 149 64 -0.446126 -0.781489 -0.436172 0.292781 -0.726118 0.600964 -0.334058 0.19911 0.523186 0.167681 -0.835559 0.935219
1 150 50 -0.419433 -0.88485 -0.202771 0.413341 -0.130761 -0.162149 0.978064 -0.0821692 -0.898319 0.436747 -0.0476936 0.906861
1 151 44 0.503631 -0.842568 -0.19088 0.338251 -0.861982 -0.475296 -0.176299 0.0177857 0.0578195 0.253324 -0.965652 0.940888
1 152 31 0.155319 0.820614 0.549972 0.298722 -0.919664 0.323386 -0.2228 0.119836 -0.360686 -0.471184 0.804917 0.946786
1 153 66 0.452017 -0.667158 -0.592099 0.380563 -0.891696 -0.320369 -0.319753 0.0356128 0.0236361 0.672506 -0.739714 0.924069
1 154 62 -0.601091 0.663748 -0.445115 0.243582 0.314388 0.708449 0.631871 -0.260613 0.734744 0.239873 -0.634517 0.93421
1 155 54 0.624654 -0.778465 0.0616498 0.15938 -0.705326 -0.596321 -0.383297 0.13654 0.335146 0.195945 -0.921565 0.977729
1 156 22 -0.933404 0.287978 0.214068 0.121217 -0.256503 -0.952673 0.163159 -0.167079 0.250923 0.0973841 0.963096 0.978464
1 157 25 -0.622113 -0.633811 0.459629 0.172358 0.711559 -0.702603 -0.00576005 0.124061 0.326588 0.32347 0.888092 0.977191
1 158 21 0.241356 0.927808 0.284464 0.397985 -0.957885 0.180775 0.223108 -0.0922596 0.155578 -0.326332 0.932364 0.912741
1 159 28 0.907096 -0.323027 0.26987 0.146425 0.307956 0.946374 0.0976726 0.138004 -0.286949 -0.0054902 0.95793 0.979548
1 160 52 0.971878 -0.171139 -0.161752 0.18316 -0.228436 -0.851966 -0.471137 -0.0121079 -0.0571778 0.494838 -0.867102 0.983008
2 3 214 0.981766 0.0707002 -0.17646 0.983582 -0.0688547 0.997489 0.0165673 0.0537801 0.177188 -0.00411515 0.984168 0.17226
2 4 53 0.921272 0.287374 0.262056 -0.255299 -0.313396 0.947553 0.0626593 0.157519 -0.230305 -0.139854 0.963016 0.953944
2 5 22 -0.727619 0.685888 0.0113372 0.29259 -0.678747 -0.717452 -0.156732 -0.148332 -0.0993664 -0.121736 0.987576 0.944663
2 6 36 0.301222 -0.940821 0.155312 -0.0356688 0.948527 0.312336 0.0523787 -0.150802 -0.0977886 0.13154 0.986476 -0.98792
2 7 42 0.991493 0.00627071 0.130012 0.322513 -0.0128234 0.998686 0.0496253 0.254466 -0.12953 -0.0508703 0.99027 0.91172
2 8 23 -0.997428 0.0703692 -0.0136541 -0.161107 -0.0668548 -0.844515 0.531343 -0.280613 0.0258591 0.530889 0.847047 -0.946203
