0   1 0.999999 -0.000568864 -0.00105736 0.00109675 0.000572085 0.999995 0.00305209 -0.000400372 0.00105562 -0.00305277 0.999995 0.000370327
0   2 0.999996 -0.00172648 -0.00223183 0.00208972 0.00173269 0.999995 0.0027829 -0.000576267 0.00222701 -0.00278669 0.999994 0.000749086
0   3 0.999994 -0.00220578 -0.00264806 0.00347839 0.0022127 0.999994 0.00261271 -0.000522004 0.00264228 -0.00261848 0.999993 0.00114783
0   4 0.999995 -0.00250492 -0.00200932 0.00466681 0.00251252 0.99999 0.00378779 -0.000517585 0.00199981 -0.00379294 0.999991 0.00162577
0   5 0.999991 -0.00276653 -0.00324673 0.00566222 0.00277879 0.999989 0.00378023 -0.000731275 0.00323624 -0.00378932 0.999987 0.00187444
0   6 0.999987 -0.00336378 -0.00382196 0.00724925 0.00337274 0.999991 0.00234139 -0.000856812 0.00381405 -0.00235452 0.99999 0.00240919
0   7 0.999987 -0.00352613 -0.00372769 0.00824064 0.00353756 0.999989 0.00306411 -0.00107746 0.00371684 -0.00307736 0.999988 0.00287608
0   8 0.999983 -0.00362054 -0.00459896 0.00953345 0.00362391 0.999993 0.000724757 -0.00134181 0.0045963 -0.000741583 0.999989 0.00322087
0   9 0.999968 -0.00331495 -0.00733014 0.0114129 0.00333925 0.999989 0.00330443 -0.00154395 0.0073191 -0.00332874 0.999968 0.00374988
0   10 0.999954 -0.00314054 -0.00905353 0.0128922 0.00318097 0.999985 0.00445414 -0.00148462 0.0090394 -0.00448279 0.999949 0.00418176
0   11 0.999962 -0.000168261 -0.00871057 0.0148757 0.000202986 0.999992 0.00398634 -0.00160112 0.00870983 -0.00398784 0.999954 0.004643
0   12 0.999968 0.00175763 -0.00775701 0.0164679 -0.00173588 0.999995 0.00280988 -0.00135261 0.0077619 -0.00279648 0.999966 0.00482434
0   13 0.999953 0.00486609 -0.00841581 0.0182322 -0.00483533 0.999982 0.00367195 -0.00123407 0.00843352 -0.00363103 0.999958 0.0056635
0   14 0.999927 0.00990014 -0.0069589 0.0212088 -0.00987191 0.999943 0.00407891 -0.00124924 0.00699889 -0.00400981 0.999968 0.00645261
15   16 0.999997 -0.000224539 -0.00240718 0.00257706 0.000229077 0.999998 0.00188522 3.3979e-05 0.00240675 -0.00188572 0.999995 0.000676654
15   17 0.999989 0.000498949 -0.0046974 0.00672738 -0.000493554 0.999999 0.00114957 -0.000626961 0.00469798 -0.00114725 0.999988 0.00207096
15   18 0.999981 0.00252304 -0.00564605 0.00988369 -0.00250862 0.999994 0.0025597 -0.000937075 0.00565247 -0.00254547 0.999981 0.00317717
15   19 0.999983 0.00407751 -0.00422813 0.0147391 -0.00406186 0.999985 0.00370406 -0.00112388 0.00424316 -0.00368693 0.999984 0.00450751
15   20 0.999965 0.00652052 -0.00520231 0.0190646 -0.00650147 0.999972 0.00366901 -0.00203231 0.00522608 -0.00363519 0.99998 0.00627309
15   21 0.999968 0.00538602 -0.00593281 0.0232288 -0.00536686 0.99998 0.0032398 -0.00253748 0.00595013 -0.00320795 0.999977 0.00719442
15   22 0.999952 0.00479948 -0.00857641 0.0296285 -0.00475407 0.999975 0.00530751 -0.00360258 0.00860167 -0.00526652 0.999949 0.00933275
15   23 0.999931 0.00461847 -0.0108092 0.0346366 -0.00457577 0.999982 0.00397223 -0.00487214 0.0108274 -0.00392241 0.999934 0.0110977
15   24 0.999907 0.0032261 -0.0132221 0.03976 -0.00315819 0.999982 0.00515343 -0.00551368 0.0132384 -0.00511126 0.999899 0.012525
15   25 0.99988 0.0038951 -0.014969 0.0467461 -0.00377523 0.999961 0.0080274 -0.00707326 0.0149997 -0.00797008 0.999856 0.0146059
15   26 0.999859 0.00261923 -0.0165928 0.0520641 -0.00254709 0.999987 0.00436707 -0.00853332 0.016604 -0.00432432 0.999853 0.0161728
15   27 0.999825 0.00246897 -0.0185505 0.0571828 -0.00233675 0.999972 0.00714573 -0.00997528 0.0185676 -0.00710111 0.999803 0.017461
15   28 0.999791 0.00411565 -0.0200113 0.0638797 -0.00400937 0.999978 0.00534851 -0.0123248 0.0200328 -0.00526721 0.999785 0.0188452
15   29 0.999799 0.00354068 -0.019704 0.0688442 -0.00347844 0.999989 0.0031918 -0.0140097 0.019715 -0.00312277 0.999801 0.0198549
30   31 0.999997 -0.0015228 -0.00196132 0.00634856 0.00151391 0.999989 -0.00452583 -0.00261847 0.00196818 0.00452285 0.999988 0.00118668
30   32 0.999994 -0.0027075 -0.00213903 0.011302 0.0027042 0.999995 -0.00154322 -0.00418991 0.00214319 0.0015373 0.999997 0.00230822
30   33 0.999999 -0.00179689 -0.0005893 0.0157767 0.00179579 0.999997 -0.00183891 -0.00554867 0.000592606 0.00183809 0.999998 0.00292931
30   34 0.999999 -0.000945886 -3.29652e-05 0.0219107 0.000945583 0.999965 -0.00831306 -0.00741151 4.08233e-05 0.00831278 0.999965 0.00425342
30   35 0.999999 -0.00120323 0.00079285 0.0258022 0.00121124 0.999947 -0.0101918 -0.00772981 -0.000780541 0.0101929 0.999948 0.00459333
30   36 0.999998 -0.00192325 0.000758094 0.0298761 0.00193085 0.999946 -0.010172 -0.00786 -0.000738492 0.0101735 0.999948 0.00529775
30   37 0.999985 -0.00543934 0.00102264 0.0354731 0.00544753 0.999952 -0.00818804 -0.00773318 -0.000978055 0.0081934 0.999966 0.00605046
30   38 0.999969 -0.00772857 0.00172899 0.0393754 0.00773741 0.999957 -0.00516978 -0.00738785 -0.00168896 0.00518312 0.999985 0.00648618
30   39 0.999953 -0.00945556 0.00230322 0.0431642 0.00946523 0.999946 -0.00422599 -0.00715895 -0.00226313 0.0042475 0.999988 0.0070755
30   40 0.999933 -0.0109039 0.00390983 0.0475079 0.0108992 0.99994 0.00121071 -0.00633819 -0.00392279 -0.001168 0.999992 0.00854209
30   41 0.999932 -0.00883186 0.00760754 0.0502899 0.00878837 0.999945 0.00573172 -0.00513288 -0.00765774 -0.00566452 0.999955 0.00896762
30   42 0.99995 -0.00621666 0.00788419 0.0528541 0.00620338 0.999979 0.00170656 -0.00444449 -0.00789463 -0.00165741 0.999968 0.00939701
30   43 0.999981 -0.00578392 0.00202449 0.0563806 0.0057845 0.999983 -0.000283066 -0.00348123 -0.00202282 0.000294765 0.999998 0.00996733
30   44 0.99997 -0.00760982 -0.0015259 0.0589253 0.00761164 0.99997 0.00119442 -0.00245621 0.00151677 -0.00120597 0.999998 0.0105729
45   46 0.999981 0.00457756 -0.00401345 0.00422117 -0.0045525 0.99997 0.00623295 0.00156462 0.00404186 -0.00621455 0.999972 0.00121427
45   47 0.999943 0.0105351 -0.00190603 0.00755227 -0.0105184 0.999908 0.00857132 0.00249542 0.00199614 -0.00855066 0.999962 0.00259952
45   48 0.999888 0.0147126 0.00266772 0.0123294 -0.0147439 0.999818 0.0121117 0.00431639 -0.00248905 -0.0121494 0.999923 0.00359095
45   49 0.999817 0.0191451 -0.000122468 0.0160163 -0.0191417 0.999724 0.0135973 0.00485762 0.000382755 -0.0135924 0.999908 0.00416925
45   50 0.999776 0.0204439 -0.00549353 0.0191492 -0.0203614 0.999685 0.0146833 0.00608184 0.00579198 -0.0145681 0.999877 0.00376668
45   51 0.999717 0.0196532 -0.0134401 0.0241725 -0.0194915 0.999737 0.0120641 0.00665082 0.0136736 -0.0117985 0.999837 0.00337993
45   52 0.999655 0.0202078 -0.0168054 0.0285437 -0.0200198 0.999736 0.0112778 0.00698392 0.0170288 -0.0109373 0.999795 0.00264696
45   53 0.999464 0.0247292 -0.0214561 0.0346823 -0.0245918 0.999676 0.00664754 0.00730027 0.0216136 -0.00611613 0.999748 0.00166858
45   54 0.999273 0.0260758 -0.0278086 0.0392641 -0.026077 0.99966 0.000319947 0.00743521 0.0278075 0.000405458 0.999613 0.0012256
45   55 0.999131 0.0261482 -0.0324705 0.0447621 -0.0261148 0.999658 0.00145218 0.0076189 0.0324974 -0.000602913 0.999472 0.000572243
45   56 0.998849 0.0269507 -0.0396807 0.0521946 -0.0271465 0.999622 -0.00440347 0.00778794 0.039547 0.00547572 0.999203 3.21835e-05
45   57 0.998505 0.0278714 -0.0470268 0.0585358 -0.0281518 0.99959 -0.00531061 0.00760211 0.0468595 0.00662673 0.99888 -0.000517969
45   58 0.998236 0.026198 -0.0532832 0.0650371 -0.0265516 0.99963 -0.00593818 0.00818239 0.0531079 0.00734242 0.998562 -0.000687893
45   59 0.997801 0.0291026 -0.0595579 0.0746772 -0.0293438 0.999564 -0.00317959 0.0082676 0.0594394 0.00492036 0.99822 -0.000615586
60   61 0.999997 0.000582146 -0.00235708 0.00823363 -0.000577884 0.999998 0.00181095 0.000416884 0.00235815 -0.00180952 0.999996 0.000351825
60   62 0.999989 0.00246292 -0.00408754 0.017042 -0.00243084 0.999966 0.00783605 0.00092085 0.00410671 -0.00782591 0.999961 0.000986059
60   63 0.999985 0.004736 -0.0029119 0.0295637 -0.00470264 0.999924 0.0113607 0.00102943 0.00296551 -0.0113467 0.999931 0.00168166
60   64 0.999965 0.00838955 0.000106118 0.0398872 -0.00839012 0.999935 0.0077574 0.000582758 -4.10223e-05 -0.00775794 0.99997 0.00207641
60   65 0.999944 0.0106015 0.000539209 0.0534981 -0.0106043 0.99993 0.00527504 -0.000205327 -0.000483233 -0.00528037 0.999986 0.00190155
60   66 0.999963 0.00783144 -0.00370027 0.0633632 -0.00781561 0.99996 0.00427518 -0.000665916 0.00373361 -0.00424599 0.999984 0.00208106
60   67 0.999951 0.00661399 -0.00738146 0.0732335 -0.00661137 0.999978 0.000379365 -0.00128018 0.00738381 -0.000330465 0.999973 0.00225193
60   68 0.999928 0.00962622 -0.00718883 0.0861935 -0.00963985 0.999952 -0.00186359 -0.00235962 0.00717056 0.00193285 0.999972 0.00244233
60   69 0.999906 0.0113996 -0.00760674 0.0956099 -0.0114237 0.99993 -0.00312939 -0.00294039 0.00757052 0.00321606 0.999966 0.0028634
60   70 0.999879 0.0135978 -0.00763163 0.104936 -0.0136065 0.999907 -0.00109243 -0.00305153 0.00761611 0.00119633 0.99997 0.00331607
60   71 0.999863 0.0158363 -0.00485 0.11735 -0.0158297 0.999874 0.00140539 -0.00310136 0.00487163 -0.00132848 0.999987 0.0038596
60   72 0.999835 0.0178458 -0.00330662 0.126666 -0.017845 0.999841 0.000257288 -0.00316062 0.00331067 -0.000198266 0.999995 0.00426221
60   73 0.999802 0.0197201 -0.00268012 0.135901 -0.0197256 0.999803 -0.00203459 -0.00345503 0.00263949 0.00208719 0.999994 0.00451221
60   74 0.999802 0.0187794 -0.00660664 0.147923 -0.0188243 0.9998 -0.00681439 -0.00324466 0.00647732 0.00693741 0.999955 0.00488088
75   76 0.999984 -0.00102621 -0.00555124 0.00866471 0.00101536 0.999998 -0.00195457 0.000589208 0.00555324 0.00194895 0.999983 0.000368354
75   77 0.999923 -0.00353587 -0.011933 0.0201252 0.00352186 0.999993 -0.00119487 0.00143728 0.0119371 0.00115267 0.999928 0.0010964
75   78 0.999933 -0.000612795 -0.0116015 0.0289275 0.000632302 0.999998 0.00167898 0.0018514 0.0116004 -0.00168622 0.999931 0.00192628
75   79 0.999941 0.00526988 -0.00946074 0.0381309 -0.00528969 0.999984 -0.00206868 0.00184702 0.0094497 0.00211867 0.999953 0.00273911
75   80 0.999935 0.00501988 -0.0102728 0.0508865 -0.00504461 0.999984 -0.00238087 0.00199858 0.0102607 0.0024327 0.999945 0.00412913
75   81 0.999862 0.000524298 -0.0165867 0.0603052 -0.00053426 1 -0.000596288 0.00204238 0.0165864 0.000605062 0.999862 0.00612605
75   82 0.999677 -0.00249441 -0.0252973 0.0700628 0.002467 0.999996 -0.00111369 0.00199123 0.0253 0.00105115 0.99968 0.00856307
75   83 0.999514 -0.00309511 -0.031034 0.0835471 0.00303955 0.999994 -0.00183726 0.00170225 0.0310395 0.00174197 0.999517 0.0122857
75   84 0.999514 -0.00217533 -0.0310863 0.0939085 0.00223231 0.999996 0.00179871 0.00150754 0.0310822 -0.00186712 0.999515 0.015212
75   85 0.999394 -0.00112481 -0.0347891 0.108148 0.00127125 0.99999 0.00418728 0.00106191 0.034784 -0.00422903 0.999386 0.0203322
75   86 0.999294 -0.000548042 -0.0375796 0.118814 0.000998023 0.999928 0.0119566 0.000879412 0.0375704 -0.0119856 0.999222 0.0243207
75   87 0.999252 0.00296278 -0.0385469 0.130218 -0.00243233 0.999902 0.0138008 0.000142822 0.038584 -0.0136967 0.999162 0.0287245
75   88 0.999259 0.00725421 -0.0378137 0.145863 -0.00663925 0.999844 0.0163635 -0.00150821 0.0379265 -0.0161003 0.999151 0.034268
75   89 0.999224 0.00966588 -0.0381903 0.158124 -0.0090016 0.999806 0.0175279 -0.00289331 0.0383523 -0.0171705 0.999117 0.0381992
90   91 1 0.000314222 -0.000935488 0.0127009 -0.000306308 0.999964 0.00846798 -0.00161061 0.000938127 -0.00846759 0.999964 0.00360309
90   92 0.999983 0.00577004 0.000464504 0.0255541 -0.00577355 0.999952 0.00794658 -0.0038961 -0.000418637 -0.00794904 0.999968 0.00668957
90   93 0.999909 0.0119844 0.00616088 0.0430045 -0.0120363 0.999892 0.00846075 -0.0075964 -0.00605882 -0.00853417 0.999945 0.0103169
90   94 0.999869 0.0154057 0.00499713 0.0558572 -0.0154572 0.999826 0.0104555 -0.0108359 -0.00483517 -0.0105313 0.999933 0.0123436
90   95 0.999926 0.012135 0.000624958 0.0685475 -0.0121393 0.999898 0.00747568 -0.0140481 -0.00053421 -0.00748295 0.999972 0.013795
90   96 0.999929 0.0108481 -0.00483308 0.0854247 -0.0108067 0.999905 0.00850874 -0.0186214 0.00492495 -0.00845594 0.999952 0.0153533
90   97 0.999888 0.010862 -0.0102793 0.0981871 -0.0108109 0.999929 0.00501373 -0.0221982 0.0103331 -0.00490195 0.999935 0.0168308
90   98 0.999824 0.00780905 -0.0170786 0.111 -0.00781179 0.99997 -9.17395e-05 -0.0258978 0.0170774 0.000225364 0.999854 0.0178394
90   99 0.999711 0.00480292 -0.0235558 0.12793 -0.00502072 0.999945 -0.0091965 -0.0310115 0.0235103 0.00931196 0.99968 0.0188926
90   100 0.999669 0.00246975 -0.0255974 0.140745 -0.00268591 0.999961 -0.00841335 -0.0343006 0.0255756 0.00847943 0.999637 0.0192464
90   101 0.999568 0.00015222 -0.0293873 0.153102 -0.000489115 0.999934 -0.0114569 -0.0376649 0.0293837 0.0114664 0.999502 0.0194144
90   102 0.999484 -0.00553873 -0.0316354 0.169108 0.00489365 0.999779 -0.0204324 -0.0410808 0.0317416 0.0202671 0.999291 0.0181493
90   103 0.9996 -0.00303911 -0.0281037 0.180635 0.0024268 0.999759 -0.0217963 -0.0435677 0.0281632 0.0217193 0.999367 0.0159738
90   104 0.999613 -0.00168386 -0.0277711 0.191648 0.000997827 0.999694 -0.024698 -0.0458672 0.0278042 0.0246609 0.999309 0.0136999
105   106 1 -0.000324088 0.000487154 0.0108236 0.00032496 0.999998 -0.00177497 -0.00120319 -0.00048657 0.00177504 0.999998 -0.00370827
105   107 0.999992 0.00279964 0.00296141 0.0216864 -0.00278921 0.99999 -0.00353519 -0.00239833 -0.00297127 0.00352707 0.99999 -0.00777738
105   108 0.999954 0.00708001 0.00641546 0.0354965 -0.0069979 0.999894 -0.0127338 -0.00374165 -0.00650489 0.0126884 0.999898 -0.0142009
105   109 0.99995 0.00722331 0.00688352 0.0456672 -0.00712374 0.999871 -0.0143834 -0.0041614 -0.00698654 0.0143337 0.999873 -0.0198245
105   110 0.999961 0.0068939 0.00548838 0.056065 -0.00683188 0.999913 -0.0112409 -0.00415788 -0.0055654 0.0112031 0.999922 -0.0255824
105   111 0.99998 0.00546379 0.00319223 0.0695527 -0.00541513 0.999872 -0.0150662 -0.00327485 -0.00327413 0.0150488 0.999882 -0.0339929
105   112 0.99996 0.00879624 -0.00136569 0.079507 -0.00881315 0.999878 -0.0129068 -0.00230109 0.001252 0.0129185 0.999916 -0.0406238
105   113 0.999968 0.00610664 -0.00516088 0.0891141 -0.00618633 0.99986 -0.0155691 -0.000287508 0.00506503 0.0156004 0.999866 -0.0477051
105   114 0.999949 0.00620531 -0.00793857 0.102642 -0.00632056 0.999874 -0.0145764 0.00260462 0.00784711 0.0146259 0.999862 -0.0565291
105   115 0.999933 0.0103826 -0.00505178 0.112308 -0.0104326 0.999896 -0.00996053 0.0050227 0.00494782 0.0100127 0.999938 -0.0645621
105   116 0.99993 0.0112215 -0.00380093 0.121837 -0.0112544 0.999898 -0.00873608 0.00815566 0.00370253 0.00877838 0.999955 -0.0728442
105   117 0.999923 0.0116694 -0.00427508 0.135198 -0.0116944 0.999914 -0.00587132 0.0122833 0.00420621 0.00592091 0.999974 -0.0841186
105   118 0.999946 0.010212 -0.0018267 0.144558 -0.0102095 0.999947 0.0013842 0.015807 0.00184075 -0.00136527 0.999998 -0.0939688
105   119 0.999898 0.0132985 -0.0051272 0.157785 -0.0132985 0.999912 3.21113e-05 0.0202705 0.00512718 3.60359e-05 0.999987 -0.106288
120   121 0.999997 0.00256428 -9.68736e-06 0.00910945 -0.0025642 0.999981 0.00559481 0.00397097 2.40493e-05 -0.00559476 0.999984 -0.00955868
120   122 0.999981 0.00607545 0.000685695 0.0211395 -0.00608326 0.999909 0.0120626 0.00925778 -0.000612349 -0.0120667 0.999927 -0.0231156
120   123 0.999918 0.0127713 -0.0012441 0.0299817 -0.0127642 0.999903 0.00559068 0.0129045 0.00131539 -0.00557451 0.999983 -0.0325731
120   124 0.999824 0.0186973 0.00164178 0.0378278 -0.0187032 0.999818 0.00366498 0.0168689 -0.00157297 -0.00369516 0.999992 -0.0422879
120   125 0.999674 0.0243197 0.00779399 0.0473049 -0.0243222 0.999704 0.000226801 0.022389 -0.00778613 -0.000416418 0.999969 -0.0557684
120   126 0.999614 0.0275711 0.00325458 0.0544039 -0.0275549 0.999608 -0.00492695 0.0264148 -0.00338915 0.00483535 0.999983 -0.0647697
120   127 0.999612 0.0274845 -0.00452755 0.063299 -0.0275302 0.999567 -0.0103587 0.032331 0.00424093 0.0104794 0.999936 -0.076966
120   128 0.999579 0.0269343 -0.0107453 0.0698699 -0.0270669 0.999557 -0.0124004 0.0370819 0.0104066 0.0126857 0.999865 -0.085584
120   129 0.999448 0.0296057 -0.0151049 0.0761751 -0.0298195 0.999455 -0.0141281 0.0421382 0.0146784 0.0145708 0.999786 -0.0943973
120   130 0.999205 0.033105 -0.0222078 0.0846222 -0.0334866 0.999294 -0.0170346 0.0488045 0.0216282 0.0177647 0.999608 -0.105018
120   131 0.999046 0.034114 -0.0272541 0.0910299 -0.0345828 0.999259 -0.0169196 0.0539797 0.0266567 0.017846 0.999485 -0.113022
120   132 0.998896 0.0356944 -0.0305384 0.0975208 -0.0360559 0.999285 -0.0113661 0.0586335 0.0301109 0.0124545 0.999469 -0.120802
120   133 0.998492 0.0378234 -0.0397848 0.10685 -0.0384553 0.999144 -0.0152384 0.0658914 0.0391744 0.0167454 0.999092 -0.129909
120   134 0.998335 0.0360237 -0.0450567 0.113393 -0.0365807 0.999263 -0.0116003 0.0707799 0.0446056 0.0132291 0.998917 -0.137479
135   136 0.999996 -0.000512125 -0.00289564 0.00882853 0.000518624 0.999997 0.00223102 0.00642822 0.00289444 -0.0022326 0.999993 -0.0106352
135   137 0.999985 0.000464657 -0.00546858 0.0154578 -0.000458669 0.999999 0.00109313 0.0106712 0.00546904 -0.00109055 0.999984 -0.018802
135   138 0.999937 0.0015629 -0.0111202 0.0219978 -0.00156146 0.999999 0.000138661 0.0149717 0.0111204 -0.000121302 0.999938 -0.0267812
135   139 0.999844 0.00157184 -0.0176026 0.0312004 -0.00153368 0.999996 0.00218069 0.0207219 0.017606 -0.00215333 0.999843 -0.0375215
135   140 0.99981 0.00327527 -0.0192042 0.0381718 -0.0032237 0.999991 0.00271398 0.0249287 0.0192129 -0.00265164 0.999812 -0.0461043
135   141 0.999728 0.0046835 -0.0228413 0.0454472 -0.00466886 0.999989 0.000693133 0.0292564 0.0228443 -0.000586284 0.999739 -0.0546881
135   142 0.999487 0.00739701 -0.0311628 0.0554861 -0.007377 0.999973 0.000754847 0.0350667 0.0311675 -0.000524636 0.999514 -0.0662859
135   143 0.999288 0.00910005 -0.0366114 0.0633742 -0.00902872 0.999957 0.0021123 0.0392758 0.0366291 -0.00178024 0.999327 -0.0751377
135   144 0.999166 0.0112562 -0.0392415 0.071289 -0.0110519 0.999924 0.00541796 0.0431911 0.0392995 -0.00497984 0.999215 -0.0843019
135   145 0.999014 0.014647 -0.0419139 0.0818902 -0.0145047 0.999888 0.00369665 0.0488117 0.0419633 -0.00308506 0.999115 -0.0950434
135   146 0.998641 0.0196121 -0.0482797 0.0910395 -0.0191694 0.99977 0.00961519 0.0524891 0.0484571 -0.00867662 0.998788 -0.103839
135   147 0.998311 0.026861 -0.051512 0.100605 -0.0260908 0.999538 0.0155677 0.0554572 0.0519063 -0.0141973 0.998551 -0.111872
135   148 0.997799 0.0360355 -0.0556604 0.114051 -0.0346898 0.999087 0.0249568 0.0594376 0.0565089 -0.0229711 0.998138 -0.122456
135   149 0.997417 0.039435 -0.0600449 0.123912 -0.0376133 0.998806 0.0311734 0.0624142 0.0612026 -0.0288343 0.997709 -0.129471
150   151 0.999959 0.00892357 -0.00190772 0.0117725 -0.00889554 0.999859 0.0142411 0.00551372 0.00203458 -0.0142233 0.999897 -0.00883176
150   152 0.999882 0.0149249 -0.00363487 0.0205341 -0.0148881 0.999839 0.00996102 0.00954988 0.00378296 -0.00990576 0.999944 -0.0157973
150   153 0.999724 0.0210708 -0.0103593 0.0289662 -0.0210316 0.999771 0.00388064 0.0135381 0.0104386 -0.00366176 0.999939 -0.022901
150   154 0.999569 0.0196825 -0.021777 0.0401319 -0.0195617 0.999792 0.00574641 0.0193093 0.0218855 -0.00531782 0.999747 -0.0324534
150   155 0.999312 0.0198486 -0.0313229 0.0485356 -0.0196298 0.999781 0.00727732 0.0234415 0.0314605 -0.00665749 0.999483 -0.0391727
150   156 0.998999 0.0244806 -0.037454 0.0596043 -0.0242235 0.99968 0.00730237 0.0289262 0.0376208 -0.00638771 0.999272 -0.0481373
150   157 0.998748 0.0292955 -0.0405385 0.0676834 -0.0291537 0.999567 0.00408669 0.0329598 0.0406407 -0.00289965 0.99917 -0.0549014
150   158 0.998533 0.0325722 -0.0432484 0.0754317 -0.0323739 0.999462 0.00527767 0.0371805 0.043397 -0.00386998 0.99905 -0.0618729
150   159 0.998071 0.0327316 -0.0527616 0.0857523 -0.0327085 0.999464 0.00130265 0.0430406 0.052776 0.000425731 0.998606 -0.0706926
150   160 0.99754 0.0329451 -0.0618771 0.0932581 -0.0335339 0.999401 -0.00850026 0.0483238 0.06156 0.0105545 0.998048 -0.0769145
150   161 0.99712 0.0336877 -0.0679492 0.100575 -0.0338396 0.999427 -0.0010859 0.052257 0.0678737 0.00338229 0.997688 -0.0841648
150   162 0.99663 0.0368376 -0.0732879 0.110292 -0.0364578 0.999314 0.00651408 0.0580006 0.0734776 -0.00382034 0.997289 -0.0936203
150   163 0.996037 0.0408388 -0.079008 0.117932 -0.0405138 0.999163 0.00571223 0.0624539 0.0791752 -0.00248872 0.996858 -0.100074
150   164 0.995383 0.0443979 -0.085097 0.127543 -0.0437366 0.998997 0.00962017 0.0682449 0.0854388 -0.00585382 0.996326 -0.109751
165   166 0.999958 0.00617625 -0.00685725 0.00909437 -0.00614553 0.999971 0.00449251 0.00641433 0.00688474 -0.00445009 0.999967 -0.0113019
165   167 0.999884 0.00801259 -0.0129204 0.0159555 -0.00797465 0.999964 0.00297976 0.010759 0.0129437 -0.00287653 0.999912 -0.0202475
165   168 0.999712 0.0115625 -0.0210366 0.0259886 -0.0114931 0.999928 0.0034153 0.0166216 0.0210745 -0.0031727 0.999773 -0.0325928
165   169 0.999374 0.015329 -0.0318746 0.0338861 -0.0153961 0.99988 -0.00186088 0.0205337 0.0318422 0.00235058 0.99949 -0.0411599
165   170 0.999225 0.0164376 -0.0357569 0.0417083 -0.0165511 0.999859 -0.00288099 0.0249386 0.0357045 0.0034706 0.999356 -0.0505779
165   171 0.999023 0.0186342 -0.0400846 0.0520391 -0.0186972 0.999824 -0.00119966 0.0308231 0.0400552 0.00194792 0.999196 -0.0634229
165   172 0.99883 0.0193242 -0.044334 0.0603277 -0.0194735 0.999806 -0.00294091 0.034944 0.0442685 0.00380064 0.999012 -0.0733065
165   173 0.998434 0.0202874 -0.0521264 0.0688295 -0.020494 0.999784 -0.00343268 0.0392733 0.0520454 0.00449545 0.998635 -0.0828665
165   174 0.998077 0.0198609 -0.0587133 0.0790498 -0.0201697 0.999786 -0.00467244 0.0458133 0.0586079 0.00584757 0.998264 -0.0947155
165   175 0.997844 0.0232428 -0.0613834 0.0866463 -0.023521 0.999716 -0.00381495 0.0498872 0.0612772 0.00525041 0.998107 -0.10383
165   176 0.997422 0.0323309 -0.0640655 0.0946481 -0.0326704 0.999457 -0.00425898 0.0532981 0.063893 0.00634094 0.997937 -0.112544
165   177 0.996905 0.0439797 -0.0651682 0.105161 -0.0444211 0.998999 -0.00534049 0.0575915 0.064868 0.00821869 0.99786 -0.124192
165   178 0.996519 0.0493054 -0.0672274 0.112911 -0.0499255 0.998724 -0.00757424 0.0607712 0.0667681 0.0109042 0.997709 -0.132951
165   179 0.995868 0.0531427 -0.0736454 0.121304 -0.0544936 0.998378 -0.0164562 0.0648748 0.0726515 0.0204015 0.997149 -0.140222
180   181 0.999991 0.00266705 -0.00342145 0.00736603 -0.00268297 0.999986 -0.00464052 0.00310561 0.00340913 0.0046498 0.999983 -0.00848542
180   182 0.999951 0.00853541 -0.00497645 0.0146101 -0.00859851 0.999881 -0.0127726 0.00586017 0.00486685 0.012815 0.999906 -0.0165743
180   183 0.999887 0.0133409 -0.00692667 0.0215744 -0.0134505 0.999781 -0.0160017 0.00875321 0.00671166 0.0160934 0.999848 -0.024775
180   184 0.999832 0.0159563 -0.00906675 0.028467 -0.0161364 0.999667 -0.0201422 0.0117291 0.00874229 0.0202853 0.999756 -0.0331319
180   185 0.99969 0.0181528 -0.0170133 0.0377218 -0.018559 0.999539 -0.0240351 0.0155588 0.0165692 0.0243433 0.999566 -0.0433195
180   186 0.999519 0.0222288 -0.021614 0.0447516 -0.0227683 0.999427 -0.0250444 0.018517 0.0210449 0.0255245 0.999453 -0.050696
180   187 0.999506 0.0226337 -0.0217984 0.0513767 -0.0231734 0.999423 -0.0248336 0.0216058 0.0212237 0.0253265 0.999454 -0.058765
180   188 0.999258 0.0284393 -0.025979 0.0610251 -0.0292074 0.999133 -0.0296833 0.0248548 0.0251124 0.0304201 0.999222 -0.0683722
180   189 0.99906 0.0281623 -0.0329596 0.0683139 -0.0291655 0.999113 -0.0303628 0.0271456 0.0320753 0.0312957 0.998995 -0.075353
180   190 0.998758 0.0249729 -0.043128 0.0758902 -0.0263056 0.999185 -0.0306144 0.0295272 0.0423284 0.0317111 0.998601 -0.0820478
180   191 0.998352 0.0196716 -0.0539096 0.0853547 -0.0213582 0.999295 -0.0308882 0.0323826 0.053264 0.031989 0.998068 -0.091191
180   192 0.997916 0.0215726 -0.0608156 0.0930959 -0.0236184 0.999172 -0.0331227 0.0339642 0.0600507 0.0344903 0.997599 -0.0974401
180   193 0.997083 0.0281248 -0.0709586 0.104071 -0.0307394 0.998878 -0.0360286 0.0351903 0.0698656 0.0381046 0.996828 -0.104984
180   194 0.996441 0.0269581 -0.0798687 0.112284 -0.029844 0.998936 -0.0351613 0.0363793 0.0788358 0.0374199 0.996185 -0.110071
195   196 0.999904 -0.00314103 -0.0135025 0.0107698 0.00324351 0.999966 0.00757802 0.00106631 0.0134782 -0.00762101 0.99988 -0.00714982
195   197 0.999705 -0.00258244 -0.024133 0.0192139 0.00302572 0.999827 0.0183532 0.00162239 0.0240814 -0.0184207 0.99954 -0.0124341
195   198 0.999319 -0.0025555 -0.0368096 0.0278897 0.00350264 0.999664 0.0256895 0.00143598 0.0367315 -0.0258009 0.998992 -0.0172198
195   199 0.99874 -0.000502781 -0.0501858 0.0395519 0.0022521 0.999392 0.0348063 0.000684492 0.0501378 -0.0348755 0.998133 -0.0239065
195   200 0.998617 0.00129927 -0.052554 0.0482813 0.00104044 0.99901 0.0444679 -0.000672473 0.0525597 -0.0444611 0.997627 -0.0288001
195   201 0.99815 0.00847082 -0.0602029 0.060559 -0.00596623 0.999114 0.0416611 -0.00324762 0.0605025 -0.0412247 0.997316 -0.0355778
195   202 0.997551 0.0147544 -0.0683735 0.0696265 -0.0120165 0.999116 0.0402833 -0.00561041 0.0689075 -0.039363 0.996846 -0.0405411
195   203 0.996913 0.0203086 -0.0758383 0.0790211 -0.0166939 0.998708 0.0479968 -0.00840868 0.076715 -0.0465825 0.995964 -0.044883
195   204 0.996186 0.0295485 -0.0821051 0.0912495 -0.0256127 0.998491 0.0485832 -0.0124981 0.0834167 -0.0462948 0.995439 -0.0510401
195   205 0.995602 0.0341984 -0.0872153 0.100389 -0.0300439 0.998371 0.0485104 -0.0151076 0.0887321 -0.0456768 0.995008 -0.0559022
195   206 0.995141 0.0375203 -0.0910329 0.109345 -0.0332518 0.998296 0.0479608 -0.0173699 0.0926771 -0.0447009 0.994692 -0.0606909
195   207 0.994812 0.0437514 -0.0918472 0.120841 -0.039496 0.998083 0.0476492 -0.0202822 0.0937558 -0.0437744 0.994632 -0.0674661
195   208 0.994302 0.0517284 -0.0932116 0.129473 -0.0473737 0.997707 0.0483419 -0.0228986 0.0954985 -0.0436506 0.994472 -0.0724203
195   209 0.993931 0.0569371 -0.0941264 0.138188 -0.0527692 0.997538 0.0461931 -0.0251884 0.0965247 -0.0409458 0.994488 -0.0774719
210   211 0.999991 0.00416137 0.000134607 0.0122742 -0.00416114 0.999989 -0.00206013 -0.00251384 -0.000143353 0.00205955 0.999998 -0.00581393
210   212 0.99996 0.00892739 0.000505618 0.021465 -0.00892794 0.99996 0.00101804 -0.00412866 -0.000496616 -0.00102256 0.999999 -0.0100268
210   213 0.999956 0.00879821 0.00324926 0.0308476 -0.00880443 0.999959 0.00194141 -0.00562318 -0.00323209 -0.00197008 0.999993 -0.013747
210   214 0.999981 0.00588703 0.00163209 0.0434777 -0.0059031 0.999933 0.00999694 -0.00692848 -0.00157315 -0.0100064 0.999949 -0.0182668
210   215 0.999995 0.00308484 -0.000227473 0.0526608 -0.00308175 0.999918 0.0124233 -0.00766636 0.00026561 -0.0124226 0.999923 -0.0217797
210   216 0.999996 -0.00158134 -0.00228036 0.0615264 0.00162502 0.999812 0.0193335 -0.00834759 0.00224944 -0.019337 0.999811 -0.0252714
210   217 0.99997 -0.00732631 -0.00242187 0.0734095 0.00739179 0.999574 0.0282441 -0.00908699 0.00221378 -0.0282614 0.999598 -0.0298053
210   218 0.999891 -0.0137031 -0.00550724 0.0817883 0.013889 0.999282 0.0352635 -0.00943092 0.00502002 -0.0353361 0.999363 -0.0336978
210   219 0.999793 -0.0180161 -0.0094169 0.0900787 0.0183679 0.999082 0.0387069 -0.0100174 0.00871078 -0.038872 0.999206 -0.0374466
210   220 0.999792 -0.0169299 -0.0113343 0.100413 0.0173839 0.998998 0.0412421 -0.011259 0.0106247 -0.0414306 0.999085 -0.0428329
210   221 0.999909 -0.0109241 -0.0079472 0.107553 0.0112113 0.999252 0.0370239 -0.0128248 0.00753685 -0.0371098 0.999283 -0.0477862
210   222 0.999933 -0.00775117 -0.00864074 0.113973 0.00803125 0.999428 0.0328621 -0.013988 0.00838104 -0.0329294 0.999422 -0.0526655
210   223 0.999884 -0.00657325 -0.0137176 0.122543 0.00705215 0.999357 0.035159 -0.0158485 0.0134775 -0.0352518 0.999288 -0.0581386
210   224 0.999834 -0.00450209 -0.0176683 0.128723 0.00509939 0.999412 0.0339041 -0.0175817 0.0175051 -0.0339888 0.999269 -0.0618996
225   226 0.999978 0.00579287 -0.00312218 0.00728548 -0.0057948 0.999983 -0.000603962 -0.00239481 0.00311865 0.000622051 0.999995 -0.00552528
225   227 0.999924 0.0119015 -0.00310833 0.0125924 -0.011907 0.999928 -0.00175174 -0.00461869 0.00308717 0.00178868 0.999994 -0.00884924
225   228 0.999843 0.0166123 -0.00613917 0.0176141 -0.0166127 0.999862 -5.05186e-06 -0.00642675 0.00613817 0.000106889 0.999981 -0.0112595
225   229 0.999779 0.0194234 -0.00805941 0.0248658 -0.0193965 0.999806 0.00338668 -0.00961812 0.00812343 -0.00322956 0.999962 -0.0149307
225   230 0.999656 0.021443 -0.0151383 0.0298227 -0.0213061 0.999731 0.00915008 -0.0112535 0.0153302 -0.0088242 0.999843 -0.0165042
225   231 0.99952 0.0276899 -0.0138524 0.0367205 -0.0277144 0.999615 -0.00158151 -0.014159 0.0138032 0.00196463 0.999903 -0.0187724
225   232 0.999498 0.0289047 -0.012993 0.0420874 -0.0289797 0.999564 -0.00562742 -0.0159096 0.0128247 0.00600105 0.9999 -0.019876
225   233 0.999461 0.0276206 -0.0177673 0.0475364 -0.0276464 0.999617 -0.00120264 -0.0174223 0.0177272 0.00169325 0.999841 -0.020524
225   234 0.9995 0.0209954 -0.0236276 0.0546711 -0.0212323 0.999726 -0.00981749 -0.0193865 0.0234149 0.0103144 0.999673 -0.0209395
225   235 0.999483 0.0178834 -0.0267036 0.059966 -0.0182112 0.999761 -0.0120788 -0.0203273 0.0264812 0.0125589 0.99957 -0.0206372
225   236 0.999308 0.0197375 -0.0315224 0.0672126 -0.0202378 0.999673 -0.0156304 -0.0213742 0.0312036 0.0162575 0.999381 -0.0195186
225   237 0.999049 0.0257664 -0.0351829 0.072644 -0.0262836 0.999552 -0.0143207 -0.0220696 0.0347981 0.0152317 0.999278 -0.0186526
225   238 0.998869 0.0318203 -0.0353321 0.0779422 -0.0324333 0.999331 -0.0169122 -0.0228018 0.0347703 0.018039 0.999233 -0.0168751
225   239 0.998569 0.0383703 -0.0372411 0.0859652 -0.0390146 0.999099 -0.016728 -0.0236435 0.0365657 0.0181572 0.999166 -0.0140067
240   241 0.999971 -0.000669218 -0.00752882 0.00649703 0.0006576 0.999999 -0.00155572 -0.000561835 0.00752981 0.00155066 0.99997 0.00253053
240   242 0.999837 0.00524683 -0.0172601 0.0221263 -0.00535821 0.999965 -0.00641225 -0.00131795 0.0172258 0.00650359 0.99983 0.00951727
240   243 0.999733 0.00805014 -0.0216581 0.0292672 -0.00831533 0.999891 -0.0121817 -0.00196512 0.0215576 0.0123585 0.999691 0.0129002
240   244 0.99969 0.0111841 -0.0222328 0.0366281 -0.0114732 0.999851 -0.0129175 -0.00245428 0.022085 0.0131687 0.999669 0.0165523
240   245 0.999632 0.0129226 -0.0238228 0.0446447 -0.0134056 0.999705 -0.0202301 -0.00303729 0.0235543 0.020542 0.999511 0.0206339
240   246 0.99951 0.0117791 -0.0290002 0.0554507 -0.012492 0.999621 -0.0245244 -0.00308928 0.0287001 0.0248748 0.999278 0.0262212
240   247 0.999537 0.00888933 -0.0290962 0.0637318 -0.00940048 0.999803 -0.0174803 -0.00218676 0.028935 0.0177459 0.999424 0.0309876
240   248 0.999557 0.0125168 -0.0269924 0.0721384 -0.0128715 0.999833 -0.0130076 -0.00141119 0.0268252 0.0133493 0.999551 0.0358252
240   249 0.99958 0.0159292 -0.0241985 0.0836481 -0.0161515 0.999829 -0.00901524 -0.000272983 0.0240508 0.00940238 0.999667 0.0425478
240   250 0.999652 0.0168731 -0.0202609 0.0929473 -0.0169849 0.999841 -0.00535752 0.000496103 0.0201674 0.0056997 0.99978 0.0474941
240   251 0.999703 0.0191324 -0.0150873 0.102333 -0.0191856 0.99981 -0.00338832 0.000845678 0.0150196 0.0036767 0.99988 0.0524461
240   252 0.999824 0.0151582 -0.0110365 0.114947 -0.0151589 0.999885 2.71241e-05 0.0020923 0.0110357 0.000140225 0.999939 0.0587728
240   253 0.999942 0.00725835 -0.00794685 0.12445 -0.00725043 0.999973 0.00102322 0.0036672 0.00795427 -0.000965561 0.999968 0.0633225
240   254 0.999982 -0.000207248 -0.00590203 0.133687 0.0002094 1 0.000345176 0.00483919 0.00590193 -0.00034659 0.999982 0.0678349
255   256 0.999952 -0.0090264 -0.00382352 0.00796802 0.00902981 0.999959 0.000887007 0.000919555 0.00381535 -0.000921237 0.999992 0.00494022
255   257 0.999857 -0.0163858 -0.00409022 0.0154441 0.016403 0.999857 0.00417974 0.00242173 0.00402107 -0.00424625 0.999983 0.010539
255   258 0.999759 -0.0216885 -0.00346641 0.0250303 0.0216987 0.99976 0.00296138 0.00437851 0.00340154 -0.00303573 0.99999 0.0173146
255   259 0.999752 -0.0209363 -0.00755707 0.0314464 0.0209256 0.99978 -0.00148062 0.00522904 0.00758647 0.00132232 0.999971 0.0219045
255   260 0.999782 -0.0199283 -0.00626901 0.0380786 0.0199177 0.9998 -0.00173864 0.00636497 0.00630244 0.00161353 0.999979 0.0267654
255   261 0.999836 -0.0172123 -0.00566161 0.0469075 0.0171949 0.999847 -0.00312104 0.00733226 0.00571455 0.00302331 0.999979 0.0328573
255   262 0.999757 -0.0190991 -0.0110474 0.0528377 0.0190493 0.999808 -0.00458731 0.00792133 0.0111329 0.00437577 0.999929 0.0376449
255   263 0.99958 -0.0234609 -0.0170342 0.0590105 0.0234895 0.999723 0.00148406 0.00905388 0.0169948 -0.00188336 0.999854 0.0426023
255   264 0.999344 -0.0267115 -0.0244788 0.0670367 0.0267883 0.999637 0.00281263 0.00959726 0.0243948 -0.00346646 0.999696 0.0488854
255   265 0.999287 -0.0269739 -0.0264118 0.0736675 0.0270056 0.999635 0.000850742 0.00941352 0.0263793 -0.00156318 0.999651 0.0534131
255   266 0.999042 -0.0283247 -0.0333592 0.0822446 0.0284211 0.999593 0.00242269 0.00916644 0.0332771 -0.0033683 0.999441 0.0600786
255   267 0.998814 -0.0302721 -0.0381459 0.0887104 0.0303096 0.999541 0.000404151 0.00834352 0.0381161 -0.00155983 0.999272 0.0649618
255   268 0.998695 -0.0296182 -0.0415945 0.0957346 0.0295705 0.999561 -0.00176536 0.00723221 0.0416286 0.00053305 0.999133 0.0705994
255   269 0.99862 -0.0277158 -0.0446256 0.105435 0.0276255 0.999615 -0.00263623 0.00576008 0.0446816 0.00140009 0.999 0.0786229
270   271 0.999988 0.00123634 -0.0047351 0.00779598 -0.00122153 0.999994 0.00314593 -0.0006965 0.00473901 -0.0031401 0.999984 0.00675475
270   272 0.999965 0.00803583 -0.00218072 0.019277 -0.00803546 0.999968 0.000186189 -0.00218219 0.00218229 -0.000168601 0.999998 0.0165208
270   273 0.999922 0.0125182 -0.000163336 0.0279633 -0.0125177 0.999916 0.00323027 -0.00332587 0.000203785 -0.0032279 0.999995 0.0240034
270   274 0.999916 0.0119975 -0.00490651 0.0390724 -0.0119812 0.999923 0.003376 -0.00525347 0.00494661 -0.0033169 0.999982 0.0340776
270   275 0.999914 0.00996652 -0.00855058 0.0475343 -0.00992735 0.99994 0.00460869 -0.00662509 0.00859589 -0.00452342 0.999953 0.0415254
270   276 0.99993 0.0086485 -0.00799997 0.0564062 -0.00860177 0.999946 0.00582989 -0.00770837 0.00804989 -0.00576077 0.999951 0.0489667
270   277 0.999892 0.0112507 -0.00941936 0.0670912 -0.011193 0.999918 0.00615452 -0.009304 0.00948789 -0.00604859 0.999937 0.0587477
270   278 0.999878 0.0112827 -0.0107811 0.0749143 -0.0111986 0.999906 0.00783371 -0.0103126 0.0108684 -0.00771203 0.999911 0.0662115
270   279 0.99987 0.0139789 -0.00807087 0.0835182 -0.0138882 0.999841 0.0111914 -0.0115101 0.00822611 -0.0110779 0.999905 0.0737033
270   280 0.999804 0.019725 -0.00172 0.095194 -0.0197002 0.999715 0.0134546 -0.0135256 0.00198504 -0.0134179 0.999908 0.0833286
270   281 0.999744 0.0224514 -0.00285376 0.103164 -0.0224204 0.999694 0.0104885 -0.0157177 0.00308842 -0.010422 0.999941 0.0906245
270   282 0.99973 0.023214 -0.000835226 0.111892 -0.0232003 0.999636 0.0137966 -0.0171926 0.00115518 -0.0137736 0.999904 0.0975604
270   283 0.999732 0.0231324 0.000570693 0.12319 -0.0231382 0.999634 0.0140188 -0.0195208 -0.000246086 -0.0140283 0.999902 0.106246
270   284 0.999742 0.0227346 -2.45094e-05 0.131456 -0.0227329 0.999675 0.0115361 -0.0216487 0.00028675 -0.0115326 0.999934 0.112357
285   286 0.999996 0.00127583 0.0025533 0.0104569 -0.00127124 0.999998 -0.00178212 -0.00265291 -0.00255582 0.00177878 0.999995 0.00694708
285   287 0.99999 0.00428551 0.000891489 0.0176487 -0.00427843 0.999961 -0.00774519 -0.00503189 -0.000924658 0.00774134 0.99997 0.0114728
285   288 0.999991 0.00311335 0.00284928 0.0251006 -0.00309552 0.999976 -0.00619688 -0.00698092 -0.00286854 0.0061879 0.999977 0.0160492
285   289 0.999991 0.00411664 0.000803344 0.0340575 -0.00410985 0.999958 -0.0081483 -0.00985505 -0.000836978 0.00814488 0.999966 0.021891
285   290 0.999939 0.0106075 -0.00309885 0.04059 -0.0106435 0.999872 -0.0119027 -0.0121297 0.00297211 0.0119348 0.999924 0.0258771
285   291 0.999892 0.0144552 -0.00254128 0.0471195 -0.0144877 0.999806 -0.0133316 -0.0143006 0.00234816 0.0133669 0.999908 0.0301162
285   292 0.999852 0.017014 -0.00270494 0.0557778 -0.0170479 0.999769 -0.0130803 -0.0167658 0.0024817 0.0131243 0.999911 0.0355863
285   293 0.999785 0.0186213 -0.00909967 0.0620874 -0.0187573 0.99971 -0.0150991 -0.0186686 0.00881575 0.0152664 0.999845 0.0398936
285   294 0.999702 0.0207925 -0.0127953 0.0683221 -0.0210042 0.999641 -0.0166554 -0.0205627 0.0124443 0.016919 0.999779 0.0439561
285   295 0.999453 0.0305411 -0.0126967 0.0771194 -0.0307506 0.999389 -0.0166372 -0.0232148 0.0121808 0.0170185 0.999781 0.0493781
285   296 0.99918 0.038013 -0.0139129 0.0835904 -0.0383036 0.99904 -0.0212502 -0.0256384 0.0130918 0.0217655 0.999677 0.0530396
285   297 0.998969 0.0423144 -0.016426 0.0899501 -0.0427177 0.998773 -0.0250374 -0.0277152 0.0153464 0.025713 0.999552 0.0569851
285   298 0.998748 0.0451737 -0.0214817 0.0981421 -0.0455656 0.998797 -0.0181284 -0.0292269 0.0206368 0.0190844 0.999605 0.0621329
285   299 0.998478 0.0491556 -0.0250041 0.10448 -0.0496464 0.998578 -0.0194071 -0.0308662 0.0240145 0.0206189 0.999499 0.0655863
300   301 0.999981 4.62694e-06 -0.0060984 0.0086722 -8.76947e-06 1 -0.000669975 -0.000956721 0.00609846 0.000669969 0.999981 0.00357438
300   302 0.999936 -6.74983e-05 -0.0113127 0.0150398 5.92954e-05 1 -0.000731994 -0.00127811 0.0113126 0.000731242 0.999936 0.00581593
300   303 0.999826 -0.00180668 -0.0185465 0.0235971 0.00179613 0.999998 -0.00057991 -0.00146815 0.0185475 0.000546772 0.999828 0.00860403
300   304 0.999765 -0.00105827 -0.0216442 0.030459 0.0010802 0.999999 0.000996561 -0.00119836 0.021643 -0.00101963 0.999765 0.0109307
300   305 0.999669 0.00246207 -0.0256048 0.0370281 -0.00246264 0.999997 9.76377e-06 -0.000923778 0.0256046 5.33223e-05 0.999672 0.0127912
300   306 0.999473 0.00640171 -0.0318259 0.0461231 -0.00639353 0.999979 0.000357863 -0.000340271 0.0318275 -0.000154196 0.999493 0.0154011
300   307 0.99935 0.0121844 -0.0339205 0.0536718 -0.0121295 0.999925 0.00182369 -0.000504549 0.0339401 -0.00141102 0.999423 0.0169609
300   308 0.999238 0.0130673 -0.0367727 0.0614487 -0.0129837 0.999913 0.00251075 -0.000381 0.0368024 -0.00203149 0.999321 0.0184485
300   309 0.998914 0.01615 -0.043713 0.0722823 -0.0160313 0.999867 0.00306626 -0.000838107 0.0437568 -0.00236208 0.999039 0.0206374
300   310 0.998843 0.0156347 -0.0454759 0.0811579 -0.0154384 0.99987 0.0046603 -0.0011065 0.0455429 -0.00395304 0.998954 0.0223195
300   311 0.998541 0.0170256 -0.0512528 0.0933042 -0.0167753 0.999845 0.00530922 -0.0022201 0.0513353 -0.00444172 0.998672 0.0246389
300   312 0.998252 0.0191941 -0.0558971 0.102232 -0.0187637 0.99979 0.00821266 -0.00317318 0.0560429 -0.00714949 0.998403 0.0265362
300   313 0.997879 0.0238276 -0.0605775 0.111512 -0.0232436 0.999676 0.010327 -0.00445218 0.060804 -0.00889689 0.99811 0.028777
300   314 0.997887 0.0372184 -0.053261 0.123874 -0.0366987 0.999269 0.0107032 -0.00730392 0.0536204 -0.008726 0.998523 0.0295664
315   316 0.999986 0.00452178 -0.00287631 0.00913554 -0.00453638 0.999977 -0.00506881 -0.00116855 0.00285324 0.00508192 0.999983 0.000814125
315   317 0.999911 0.00413211 -0.0126674 0.0208933 -0.00423524 0.999958 -0.00813328 -0.00217224 0.0126332 0.00818612 0.999887 0.00173737
315   318 0.99981 0.00494762 -0.0188548 0.0287888 -0.00513925 0.999935 -0.0101299 -0.00274385 0.0188034 0.0102248 0.999771 0.00265924
315   319 0.999631 0.00823369 -0.0258919 0.0366899 -0.00850372 0.99991 -0.0103404 -0.00299842 0.0258042 0.0105566 0.999611 0.00377093
315   320 0.999417 0.0173327 -0.0294027 0.0453784 -0.0176471 0.999789 -0.0104704 -0.00310603 0.0292148 0.0109831 0.999513 0.00569962
315   321 0.999107 0.0263038 -0.0330701 0.0514967 -0.0266838 0.999582 -0.0111017 -0.00372141 0.0327643 0.0119741 0.999391 0.00752173
