0 1 0.999195 0.0154834 -0.036999 0.125298 -0.0155635 0.999877 -0.00188074 -0.00386627 0.0369653 0.00245589 0.999314 -0.0304941
0 2 0.993814 0.0564338 -0.095659 0.297455 -0.0586338 0.998072 -0.0203519 0.00292258 0.0943265 0.0258355 0.995207 -0.103352
0 3 0.982578 0.0640717 -0.17446 0.512239 -0.0615896 0.997909 0.0196102 0.0246566 0.175352 -0.00852376 0.98447 -0.120384
0 4 0.961586 0.117112 -0.248271 0.780476 -0.112687 0.993115 0.0320106 0.00819543 0.25031 -0.00280387 0.968162 -0.0900569
0 5 0.946956 0.119796 -0.298202 0.965821 -0.120456 0.992586 0.016234 0.0136303 0.297935 0.0205483 0.954365 -0.127745
0 6 0.926316 0.153974 -0.343847 1.17008 -0.147084 0.988045 0.0462017 0.0245118 0.346849 0.00777762 0.937889 -0.153795
0 7 0.891557 0.169554 -0.419973 1.38716 -0.167361 0.984985 0.042372 0.0034676 0.420852 0.0325104 0.906547 -0.115949
0 8 0.838484 0.252829 -0.482724 1.619 -0.277053 0.960606 0.0218845 -0.146648 0.46924 0.115391 0.8755 -0.00956347
0 9 0.822266 0.190857 -0.536146 1.72017 -0.19803 0.97917 0.0448528 -0.0688269 0.533538 0.0692922 0.842934 0.22204
0 10 0.751305 0.210466 -0.625496 1.81315 -0.23188 0.97154 0.0483834 -0.12869 0.617878 0.10869 0.778727 0.436212
0 11 0.697947 0.222268 -0.680785 1.9601 -0.261201 0.964139 0.0469936 -0.178776 0.666817 0.145023 0.730975 0.530678
0 12 0.653936 0.245778 -0.715515 2.18618 -0.288984 0.955193 0.0639929 -0.233655 0.699182 0.164925 0.695662 0.587506
0 13 0.580837 0.257744 -0.772138 2.3153 -0.307435 0.947756 0.0850997 -0.276482 0.753732 0.187954 0.629731 0.710812
0 14 0.512789 0.278028 -0.812249 2.48282 -0.35321 0.93065 0.0955677 -0.373333 0.78249 0.237889 0.575429 0.812821
0 15 0.412455 0.259619 -0.873201 2.62241 -0.334142 0.934838 0.120113 -0.352745 0.847484 0.242232 0.472329 1.09564
0 16 0.318347 0.274112 -0.90748 2.7839 -0.301792 0.936782 0.177092 -0.37345 0.898653 0.217493 0.380947 1.35679
0 17 0.262285 0.287547 -0.921154 2.91978 -0.298073 0.932034 0.206072 -0.414354 0.917801 0.220522 0.330168 1.41601
0 18 0.180843 0.319023 -0.930334 2.9924 -0.337821 0.908526 0.245878 -0.597078 0.923673 0.269821 0.272075 1.50813
0 19 0.051925 0.305606 -0.950741 2.87518 -0.337468 0.901391 0.271313 -0.650431 0.939904 0.306757 0.149937 1.82595
0 20 -0.0866732 0.328132 -0.940648 2.8264 -0.286236 0.896187 0.338997 -0.693871 0.954231 0.298629 0.0162479 2.11386
0 21 -0.120337 0.307779 -0.943818 2.94043 -0.344647 0.878641 0.330468 -0.77875 0.930988 0.365051 0.000342528 2.10683
0 22 -0.1376 0.326843 -0.935008 2.97216 -0.307153 0.883372 0.353995 -0.758907 0.94166 0.335901 -0.0211603 2.1209
0 23 -0.222355 0.332545 -0.9165 2.88624 -0.290532 0.874726 0.387875 -0.825006 0.930671 0.352519 -0.0978853 2.29648
0 24 -0.277951 0.305956 -0.910569 2.84164 -0.279363 0.881203 0.381365 -0.754809 0.919075 0.36038 -0.159458 2.45377
0 25 -0.381566 0.29084 -0.877394 2.65034 -0.301042 0.858357 0.415449 -0.932383 0.873946 0.422654 -0.239965 2.67299
0 26 -0.507126 0.269481 -0.818661 2.45639 -0.296526 0.837322 0.459309 -1.09086 0.809257 0.475682 -0.34472 2.94267
0 27 -0.586031 0.24246 -0.773163 2.36152 -0.268424 0.842215 0.467571 -1.05007 0.764537 0.481547 -0.428481 3.14846
0 28 -0.656939 0.226675 -0.719062 2.23518 -0.242557 0.839487 0.486239 -1.09531 0.713862 0.493843 -0.496509 3.30318
0 29 -0.738565 0.174689 -0.651158 2.04579 -0.233352 0.839908 0.490002 -1.08528 0.63251 0.513847 -0.579563 3.58346
0 30 -0.799247 0.133346 -0.586023 1.90202 -0.221622 0.840968 0.493616 -1.09941 0.558648 0.524397 -0.64259 3.8546
0 31 -0.843833 0.100264 -0.527154 1.84584 -0.229088 0.821051 0.522872 -1.28248 0.485246 0.561981 -0.669861 4.07429
0 32 -0.915655 0.0615332 -0.397227 1.38825 -0.178459 0.823251 0.538898 -1.34796 0.360178 0.564335 -0.742832 4.37629
0 33 -0.964805 0.00316505 -0.262947 0.914132 -0.144594 0.828811 0.540523 -1.33083 0.219644 0.55952 -0.799184 4.645
0 34 -0.98807 -0.0017449 -0.153993 0.596605 -0.0886276 0.824194 0.55933 -1.43881 0.125943 0.566305 -0.814516 4.80103
0 35 -0.998669 -0.00644588 -0.0511678 0.303096 -0.0341499 0.826127 0.562448 -1.48158 0.0386459 0.563447 -0.825248 4.95495
0 36 -0.999119 -0.0248925 0.0337832 0.0838155 -0.00230109 0.836351 0.54819 -1.43728 -0.0418999 0.547629 -0.835672 5.0682
0 37 -0.995487 -0.0518035 0.0795132 0.0192802 -0.00245284 0.851635 0.52413 -1.29356 -0.0948685 0.521569 -0.84792 5.19593
0 38 -0.994519 -0.0430057 0.0953083 0.18335 0.0152896 0.841894 0.539426 -1.43425 -0.103437 0.537926 -0.836622 5.20699
0 39 -0.982675 -0.0560682 0.176651 -0.0319157 0.0506366 0.835657 0.546914 -1.52056 -0.178284 0.546383 -0.81834 5.239
0 40 -0.960242 -0.080619 0.267274 -0.352675 0.0736192 0.850379 0.520996 -1.40985 -0.269286 0.519959 -0.810635 5.23572
0 41 -0.903441 -0.190436 0.384096 -1.00615 0.0383468 0.856441 0.514821 -1.2872 -0.426995 0.479838 -0.766441 5.12685
0 42 -0.895633 -0.158646 0.41554 -0.91184 0.0928958 0.846911 0.523557 -1.44985 -0.434985 0.507517 -0.743784 5.09673
0 43 -0.804962 -0.256696 0.534925 -1.58514 0.064872 0.858087 0.509392 -1.31906 -0.58977 0.444742 -0.674075 4.99439
0 44 -0.792127 -0.237825 0.562115 -1.49735 0.100525 0.857552 0.50448 -1.37009 -0.602021 0.456119 -0.655383 4.89429
0 45 -0.768858 -0.198059 0.607973 -1.48852 0.110383 0.895432 0.431297 -0.955555 -0.62982 0.398716 -0.666597 4.84591
0 46 -0.734655 -0.220574 0.641584 -1.54242 0.0791118 0.91137 0.403914 -0.767128 -0.673813 0.347494 -0.652093 4.76384
0 47 -0.612451 -0.270126 0.742924 -2.09764 0.0790683 0.91416 0.39757 -0.725283 -0.786544 0.302234 -0.53852 4.45305
0 48 -0.577574 -0.258901 0.774196 -2.16117 0.172335 0.888333 0.425637 -1.11055 -0.79794 0.379257 -0.468461 4.21586
0 49 -0.524274 -0.254174 0.812732 -2.26481 0.197254 0.892207 0.406274 -1.06776 -0.828389 0.373313 -0.417624 3.97728
0 50 -0.490606 -0.282178 0.824428 -2.22073 0.203822 0.882708 0.423418 -1.16279 -0.847208 0.375769 -0.375548 3.78748
0 51 -0.421851 -0.305337 0.853704 -2.30361 0.241085 0.869914 0.430265 -1.28689 -0.874025 0.387323 -0.293362 3.52068
0 52 -0.397689 -0.322096 0.859127 -2.19885 0.242182 0.866299 0.436892 -1.30178 -0.884981 0.381811 -0.266512 3.41455
0 53 -0.330329 -0.327601 0.885191 -2.29019 0.265201 0.86784 0.420146 -1.2662 -0.905843 0.373539 -0.199792 3.10771
0 54 -0.246073 -0.339846 0.907718 -2.42849 0.278172 0.872356 0.402016 -1.19522 -0.928476 0.351427 -0.120128 2.78259
0 55 -0.178967 -0.387151 0.90448 -2.46688 0.286631 0.858927 0.424368 -1.29321 -0.941176 0.3352 -0.0427498 2.51958
0 56 -0.0935666 -0.414158 0.905384 -2.5221 0.270409 0.864618 0.423456 -1.205 -0.958188 0.284446 0.0310928 2.26997
0 57 -0.0680823 -0.443614 0.893629 -2.46508 0.276695 0.852175 0.444115 -1.2685 -0.958543 0.277499 0.0647267 2.11819
0 58 -0.00980832 -0.427229 0.904091 -2.56152 0.294926 0.862678 0.410859 -1.18168 -0.95547 0.270669 0.117539 1.89463
0 59 0.0159723 -0.442656 0.89655 -2.52115 0.31035 0.854572 0.416402 -1.20015 -0.950488 0.271593 0.151028 1.72641
0 60 0.0528234 -0.450781 0.891071 -2.49893 0.307487 0.856304 0.414966 -1.16093 -0.950085 0.252073 0.183842 1.57015
0 61 0.0596201 -0.429839 0.900935 -2.44915 0.286508 0.871935 0.397043 -1.04336 -0.956221 0.234453 0.175137 1.57895
0 62 0.0519022 -0.425446 0.903494 -2.39996 0.293015 0.871382 0.393493 -1.04397 -0.954698 0.244314 0.169889 1.59155
0 63 0.0475441 -0.421763 0.905459 -2.40549 0.303705 0.869672 0.389147 -1.05948 -0.951579 0.25649 0.169438 1.58519
0 64 0.050432 -0.429989 0.901424 -2.41011 0.306177 0.86577 0.395853 -1.08418 -0.950638 0.256031 0.175315 1.56523
0 65 0.0468415 -0.4221 0.905339 -2.41085 0.306921 0.868572 0.389079 -1.065 -0.950581 0.259643 0.170237 1.57195
0 66 0.0450924 -0.421093 0.905895 -2.41014 0.30098 0.870408 0.389616 -1.05084 -0.952564 0.255088 0.16599 1.5804
0 67 0.0471342 -0.427603 0.902738 -2.41148 0.303356 0.867186 0.394924 -1.07258 -0.951711 0.255236 0.17059 1.56628
1 2 0.997427 0.0411395 -0.058718 0.170848 -0.0423802 0.998901 -0.020055 0.0114831 0.057829 0.0224917 0.998074 -0.0800754
1 3 0.989234 0.0490996 -0.137861 0.384276 -0.0468147 0.998708 0.01977 0.0349866 0.138654 -0.0131041 0.990254 -0.107611
1 4 0.971811 0.102599 -0.212267 0.652634 -0.0984043 0.994687 0.0302613 0.0252938 0.214244 -0.00852088 0.976743 -0.0871493
1 5 0.959082 0.105605 -0.262698 0.838048 -0.105592 0.994309 0.014207 0.0311382 0.262703 0.0141132 0.964773 -0.131187
1 6 0.940677 0.140185 -0.308991 1.04333 -0.133377 0.990126 0.0431586 0.046368 0.31199 0.000613757 0.950085 -0.163913
1 7 0.909004 0.156447 -0.386312 1.26209 -0.153544 0.987389 0.0385745 0.0277001 0.387475 0.0242508 0.921562 -0.136303
1 8 0.859585 0.240656 -0.450777 1.49848 -0.262766 0.964759 0.0139864 -0.109567 0.438257 0.106427 0.892528 -0.0368476
1 9 0.844397 0.179045 -0.504914 1.59966 -0.18437 0.982047 0.0399056 -0.0407121 0.502994 0.059394 0.862247 0.185539
1 10 0.777102 0.199924 -0.596778 1.69836 -0.218441 0.974939 0.0421638 -0.0962643 0.590251 0.097595 0.801299 0.387067
1 11 0.726015 0.212659 -0.653972 1.85001 -0.247802 0.967998 0.039673 -0.142774 0.641481 0.133252 0.755478 0.473855
1 12 0.683689 0.236917 -0.690247 2.08039 -0.27633 0.959453 0.0556117 -0.193626 0.675434 0.152714 0.721434 0.525465
1 13 0.612929 0.250125 -0.749504 2.21661 -0.295662 0.952264 0.0760036 -0.233437 0.732737 0.175015 0.657622 0.639732
1 14 0.546733 0.271542 -0.792053 2.39121 -0.342052 0.935853 0.0847304 -0.324272 0.764254 0.224599 0.604543 0.736365
1 15 0.448451 0.254811 -0.856717 2.54108 -0.323842 0.939698 0.109974 -0.305181 0.833077 0.228124 0.503927 1.0075
1 16 0.355911 0.270831 -0.894416 2.71308 -0.293597 0.94103 0.168115 -0.327898 0.887203 0.202764 0.414438 1.25904
1 17 0.300608 0.285162 -0.91012 2.85547 -0.291027 0.936171 0.1972 -0.368256 0.908261 0.205589 0.36441 1.31412
1 18 0.220059 0.31792 -0.922227 2.93793 -0.33258 0.91321 0.235452 -0.544696 0.917041 0.254901 0.306695 1.40357
1 19 0.0917914 0.306549 -0.947419 2.83597 -0.333279 0.906022 0.260865 -0.597215 0.93835 0.291809 0.185331 1.71516
1 20 -0.0467199 0.33121 -0.9424 2.8048 -0.284672 0.899894 0.330383 -0.644648 0.957486 0.283711 0.0522433 1.99658
1 21 -0.0805542 0.31139 -0.946862 2.92285 -0.342993 0.883275 0.319658 -0.722611 0.935878 0.350516 0.0356528 1.99201
1 22 -0.0978339 0.330704 -0.93865 2.95707 -0.306326 0.887378 0.344567 -0.706586 0.946887 0.321244 0.0144877 2.00394
1 23 -0.183118 0.337689 -0.923274 2.88233 -0.291106 0.87841 0.379017 -0.773577 0.939003 0.338176 -0.0625501 2.17823
1 24 -0.2393 0.311958 -0.919467 2.84479 -0.279605 0.884725 0.37294 -0.704982 0.929815 0.346332 -0.12449 2.33481
1 25 -0.344293 0.298394 -0.890182 2.66748 -0.302881 0.862155 0.406143 -0.878714 0.888665 0.409452 -0.206457 2.55692
1 26 -0.472256 0.278881 -0.836183 2.49114 -0.300317 0.84097 0.450088 -1.03626 0.828725 0.463677 -0.313401 2.83107
1 27 -0.553199 0.253006 -0.7937 2.4076 -0.272468 0.845409 0.459395 -0.99865 0.787231 0.470396 -0.398744 3.03948
1 28 -0.626296 0.238224 -0.742296 2.29194 -0.247354 0.842244 0.479 -1.04645 0.739304 0.483606 -0.468568 3.19813
1 29 -0.711174 0.187387 -0.677583 2.11496 -0.23829 0.842514 0.483102 -1.03743 0.661401 0.505031 -0.554522 3.48563
1 30 -0.774857 0.146871 -0.614838 1.98093 -0.226686 0.843385 0.48715 -1.05289 0.590094 0.516847 -0.62021 3.76375
1 31 -0.822098 0.114377 -0.557739 1.93228 -0.235537 0.823532 0.51606 -1.23404 0.518341 0.555621 -0.650084 3.99167
1 32 -0.899269 0.0765239 -0.430651 1.48809 -0.185508 0.824913 0.533953 -1.30524 0.39611 0.560058 -0.727622 4.30664
1 33 -0.954251 0.0186753 -0.298423 1.02467 -0.151643 0.829943 0.536842 -1.29225 0.2577 0.557537 -0.789142 4.5908
1 34 -0.981605 0.013923 -0.190415 0.713845 -0.0964898 0.82442 0.557693 -1.40652 0.164746 0.565808 -0.807911 4.75794
1 35 -0.996073 0.00919402 -0.0880646 0.425253 -0.0421412 0.825499 0.562828 -1.45594 0.0778722 0.564329 -0.82187 4.92232
1 36 -0.999951 -0.00940311 -0.00323391 0.208972 -0.00963223 0.835253 0.549781 -1.41608 -0.00246809 0.549787 -0.835302 5.04516
1 37 -0.99843 -0.0364534 0.042533 0.145537 -0.00865702 0.850583 0.52577 -1.27315 -0.0553444 0.524577 -0.849564 5.17899
1 38 -0.997911 -0.0277014 0.0583745 0.31006 0.00835433 0.840538 0.541688 -1.41553 -0.0640707 0.541044 -0.838551 5.19154
1 39 -0.989289 -0.0410998 0.140067 0.096152 0.0432993 0.833737 0.550462 -1.50598 -0.139403 0.550631 -0.823027 5.2335
1 40 -0.970607 -0.0661672 0.231397 -0.22426 0.0674504 0.848149 0.525447 -1.399 -0.231026 0.525611 -0.818756 5.24174
1 41 -0.919874 -0.177074 0.349969 -0.880908 0.0325287 0.85477 0.517987 -1.27218 -0.390865 0.487867 -0.78052 5.15391
1 42 -0.912743 -0.145469 0.381758 -0.786397 0.086563 0.844376 0.528711 -1.44131 -0.399258 0.515624 -0.758107 5.12563
1 43 -0.82808 -0.245142 0.504172 -1.46696 0.0592589 0.856014 0.513547 -1.30752 -0.55747 0.455134 -0.694321 5.04482
1 44 -0.81597 -0.226525 0.531864 -1.37977 0.0950564 0.854933 0.509955 -1.36314 -0.570226 0.466666 -0.676068 4.94692
1 45 -0.7938 -0.187213 0.578649 -1.37214 0.108201 0.892793 0.43728 -0.952326 -0.598476 0.409724 -0.688442 4.90149
1 46 -0.761217 -0.21032 0.613445 -1.42915 0.0782148 0.909267 0.408798 -0.760946 -0.643763 0.359165 -0.6757 4.82529
1 47 -0.643629 -0.261959 0.719111 -1.99608 0.0784493 0.912069 0.402464 -0.719313 -0.761307 0.315451 -0.566483 4.53239
1 48 -0.609763 -0.251337 0.751679 -2.06282 0.170202 0.884741 0.433896 -1.11522 -0.774094 0.392511 -0.496704 4.29922
1 49 -0.557858 -0.247512 0.79217 -2.17172 0.195878 0.888264 0.415477 -1.0762 -0.806491 0.386946 -0.447043 4.0662
1 50 -0.525084 -0.276059 0.805034 -2.13145 0.201659 0.878631 0.432829 -1.17146 -0.826813 0.389615 -0.405685 3.88022
1 51 -0.457826 -0.300341 0.836774 -2.22189 0.238441 0.865246 0.441017 -1.29997 -0.856471 0.401431 -0.324518 3.61965
1 52 -0.434144 -0.317484 0.843045 -2.11997 0.239236 0.861601 0.447671 -1.31477 -0.868496 0.396039 -0.298105 3.51582
1 53 -0.367887 -0.324085 0.871568 -2.21877 0.262879 0.862816 0.431791 -1.28264 -0.891938 0.387967 -0.232223 3.21388
1 54 -0.284722 -0.337682 0.897165 -2.36676 0.276581 0.867163 0.414164 -1.21389 -0.917843 0.36606 -0.153504 2.89433
1 55 -0.218282 -0.38602 0.896293 -2.41369 0.283999 0.853562 0.436781 -1.31218 -0.933647 0.349887 -0.0766884 2.63558
1 56 -0.133402 -0.414355 0.900286 -2.47954 0.267911 0.859506 0.435284 -1.22197 -0.954163 0.299265 -0.00365003 2.39058
1 57 -0.107959 -0.444181 0.88941 -2.42615 0.273235 0.846929 0.456131 -1.28555 -0.95587 0.292262 0.0299306 2.24
1 58 -0.0498658 -0.428725 0.902059 -2.52942 0.292845 0.857209 0.423597 -1.20214 -0.954859 0.285285 0.082804 2.0179
1 59 -0.0240658 -0.444537 0.895438 -2.49255 0.307925 0.848854 0.429686 -1.22235 -0.951106 0.286068 0.116456 1.85024
1 60 0.0128326 -0.453225 0.891305 -2.47511 0.305145 0.850632 0.428149 -1.18282 -0.952219 0.266482 0.149215 1.69504
1 61 0.0195831 -0.432409 0.901465 -2.42578 0.285088 0.866622 0.409502 -1.06324 -0.958302 0.248977 0.140245 1.70426
1 62 0.0118447 -0.427902 0.903748 -2.37554 0.291713 0.865974 0.406194 -1.06478 -0.956433 0.258823 0.135081 1.71651
1 63 0.0074745 -0.424155 0.905559 -2.38045 0.302528 0.864106 0.402241 -1.08178 -0.953111 0.27095 0.134776 1.70977
1 64 0.010382 -0.432418 0.901614 -2.38559 0.304689 0.860153 0.409024 -1.10655 -0.952395 0.270465 0.140683 1.6899
1 65 0.0067717 -0.42448 0.905412 -2.38573 0.305727 0.862957 0.40229 -1.0877 -0.952095 0.274086 0.135619 1.69644
1 66 0.00501893 -0.423448 0.905906 -2.38478 0.2998 0.864884 0.402612 -1.07279 -0.95399 0.269569 0.13129 1.70498
1 67 0.00707507 -0.429983 0.90281 -2.3865 0.301927 0.861615 0.407996 -1.09464 -0.953305 0.269695 0.135919 1.69091
2 3 0.996802 0.00988579 -0.0792853 0.207512 -0.00676944 0.999197 0.0394875 0.027831 0.0796122 -0.0388253 0.996069 -0.0410066
2 4 0.985994 0.0655574 -0.153352 0.471147 -0.0590078 0.997156 0.0468847 0.0276789 0.155989 -0.0371797 0.987059 -0.0343339
2 5 0.976383 0.0701102 -0.204354 0.654066 -0.0652494 0.997405 0.0304373 0.0332697 0.205958 -0.0163842 0.978423 -0.0878383
2 6 0.962166 0.106361 -0.250845 0.857641 -0.0948351 0.993824 0.0576322 0.0557729 0.255424 -0.031663 0.96631 -0.12981
2 7 0.935784 0.125498 -0.329482 1.07439 -0.114794 0.992036 0.0518292 0.0400707 0.333363 -0.0106791 0.942738 -0.117645
2 8 0.893741 0.213002 -0.394787 1.31173 -0.223222 0.974553 0.0204633 -0.0809822 0.389099 0.0698364 0.918545 -0.0305739
2 9 0.879237 0.153188 -0.451084 1.41157 -0.145838 0.98798 0.0512549 -0.0230369 0.453512 0.0207192 0.891009 0.179168
2 10 0.818368 0.178738 -0.546192 1.51276 -0.180246 0.982278 0.0513786 -0.0726351 0.545696 0.0564024 0.836083 0.360137
2 11 0.771295 0.194771 -0.605944 1.66748 -0.209671 0.976639 0.0470387 -0.114401 0.600951 0.0907679 0.794115 0.43373
2 12 0.732206 0.221523 -0.644051 1.90117 -0.239413 0.968993 0.0611047 -0.158957 0.637616 0.109453 0.762538 0.476333
2 13 0.665651 0.238905 -0.706989 2.04353 -0.260188 0.962223 0.0801778 -0.193613 0.699436 0.13058 0.702664 0.575001
2 14 0.603005 0.263956 -0.752803 2.22488 -0.307647 0.947621 0.0858358 -0.275719 0.736028 0.179838 0.652625 0.660811
2 15 0.508084 0.252706 -0.823402 2.38544 -0.290808 0.950183 0.11217 -0.257427 0.810727 0.18246 0.556262 0.91144
2 16 0.418655 0.273386 -0.866018 2.56907 -0.264 0.949066 0.171978 -0.279922 0.868925 0.156629 0.469506 1.14639
2 17 0.365006 0.290361 -0.884568 2.71894 -0.263344 0.94352 0.201047 -0.318 0.892983 0.159562 0.420855 1.19342
2 18 0.286723 0.326739 -0.900573 2.81308 -0.307981 0.921578 0.236305 -0.483738 0.907158 0.209605 0.364868 1.27539
2 19 0.159797 0.321322 -0.93339 2.73024 -0.310466 0.913918 0.261467 -0.53373 0.937057 0.248003 0.2458 1.5719
2 20 0.0223622 0.351725 -0.935836 2.722 -0.266318 0.904342 0.333525 -0.582826 0.963625 0.241772 0.113894 1.83829
2 21 -0.0119383 0.33345 -0.942692 2.84558 -0.324543 0.890429 0.319074 -0.651839 0.945795 0.309752 0.0975882 1.83468
2 22 -0.0288611 0.353311 -0.935061 2.88307 -0.289264 0.892473 0.346147 -0.639697 0.956814 0.28047 0.076442 1.84338
2 23 -0.114541 0.363594 -0.924489 2.8237 -0.276475 0.88218 0.381209 -0.705947 0.95417 0.299262 -0.000522307 2.01173
2 24 -0.17186 0.340196 -0.924517 2.79621 -0.264387 0.888122 0.375951 -0.639906 0.948979 0.309041 -0.0626908 2.16411
2 25 -0.278861 0.330509 -0.901665 2.63913 -0.290481 0.865898 0.407237 -0.80642 0.915345 0.375479 -0.14546 2.38458
2 26 -0.410468 0.315358 -0.855608 2.48913 -0.291376 0.843746 0.450769 -0.960072 0.864069 0.43433 -0.254444 2.65808
2 27 -0.494762 0.29209 -0.81847 2.42324 -0.263963 0.846813 0.461769 -0.926301 0.82797 0.444511 -0.341871 2.86554
2 28 -0.571297 0.279392 -0.771725 2.32454 -0.240194 0.842194 0.482716 -0.976432 0.784809 0.461139 -0.414035 3.0256
2 29 -0.661848 0.23091 -0.713189 2.16828 -0.231383 0.841998 0.48734 -0.968544 0.713035 0.487565 -0.503846 3.31787
2 30 -0.730718 0.191879 -0.655158 2.05111 -0.220011 0.842295 0.492071 -0.985569 0.646255 0.503708 -0.573266 3.60165
2 31 -0.782527 0.160277 -0.601632 2.01595 -0.231354 0.822258 0.519968 -1.16232 0.578036 0.546079 -0.606359 3.83809
2 32 -0.868519 0.123188 -0.480103 1.59662 -0.182447 0.821159 0.54075 -1.2402 0.460855 0.557246 -0.690717 4.16619
2 33 -0.933504 0.0650815 -0.352611 1.15517 -0.148633 0.82469 0.545705 -1.23263 0.32631 0.561828 -0.760179 4.46773
2 34 -0.967324 0.0593277 -0.2465 0.858691 -0.0950727 0.816418 0.569581 -1.35404 0.235038 0.574406 -0.784101 4.6484
2 35 -0.987959 0.0531644 -0.145289 0.581799 -0.0411212 0.81509 0.577873 -1.41201 0.149146 0.57689 -0.80309 4.8259
2 36 -0.997574 0.0330508 -0.0612646 0.37412 -0.00752854 0.823716 0.566951 -1.37886 0.0692035 0.566038 -0.821469 4.96106
2 37 -0.999857 0.00504809 -0.0161066 0.315013 -0.00451529 0.83947 0.543387 -1.23851 0.0162636 0.543383 -0.839328 5.10276
2 38 -0.999909 0.0134507 -6.85437e-05 0.480732 0.0111044 0.828395 0.560032 -1.3821 0.00759048 0.559981 -0.82847 5.11747
2 39 -0.996657 -0.00193664 0.0816633 0.27299 0.0451644 0.819946 0.570657 -1.47741 -0.0680652 0.572438 -0.817118 5.17313
2 40 -0.984418 -0.0295998 0.173335 -0.0418541 0.071315 0.833819 0.547412 -1.37692 -0.160732 0.551244 -0.818715 5.19731
2 41 -0.94534 -0.144913 0.292117 -0.694343 0.0371937 0.842063 0.538095 -1.24511 -0.323957 0.519549 -0.790646 5.13998
2 42 -0.938794 -0.114282 0.324968 -0.598672 0.0900315 0.829175 0.55169 -1.42203 -0.332503 0.547181 -0.768137 5.11465
2 43 -0.865638 -0.219889 0.4498 -1.28053 0.0641669 0.842261 0.535237 -1.2853 -0.496542 0.492184 -0.714983 5.06675
2 44 -0.854419 -0.202361 0.478558 -1.19315 0.100039 0.839737 0.533698 -1.34714 -0.509862 0.503877 -0.697244 4.97241
2 45 -0.833436 -0.164969 0.527418 -1.18562 0.118974 0.878455 0.462774 -0.945683 -0.539656 0.448443 -0.712509 4.93149
2 46 -0.803931 -0.19013 0.563512 -1.24449 0.0914155 0.896753 0.432985 -0.752191 -0.587654 0.399604 -0.703547 4.86476
2 47 -0.694974 -0.248815 0.674613 -1.82047 0.0921366 0.899669 0.426739 -0.711215 -0.713107 0.35873 -0.602322 4.60187
2 48 -0.66267 -0.240293 0.709315 -1.89005 0.180684 0.867852 0.462802 -1.119 -0.726788 0.434847 -0.531683 4.37582
2 49 -0.613119 -0.239484 0.752816 -2.00393 0.207519 0.870652 0.445982 -1.08594 -0.762247 0.429665 -0.484116 4.15272
2 50 -0.582359 -0.269647 0.766908 -1.96745 0.211871 0.860438 0.463418 -1.18043 -0.784836 0.432363 -0.443953 3.97379
2 51 -0.518137 -0.297388 0.801931 -2.06574 0.247527 0.845344 0.473417 -1.31406 -0.818696 0.443795 -0.364392 3.72525
2 52 -0.495589 -0.315642 0.809174 -1.96688 0.247778 0.841537 0.480022 -1.32833 -0.832464 0.438389 -0.338847 3.62587
2 53 -0.431449 -0.325616 0.841324 -2.07395 0.272344 0.842066 0.465567 -1.30156 -0.860046 0.429998 -0.274629 3.33389
2 54 -0.350561 -0.343236 0.871375 -2.23315 0.287224 0.846181 0.448864 -1.23674 -0.891407 0.407635 -0.198052 3.02608
2 55 -0.28623 -0.394319 0.873261 -2.29033 0.292735 0.831827 0.47156 -1.33398 -0.912347 0.390609 -0.122662 2.77715
2 56 -0.202968 -0.4263 0.881517 -2.36938 0.277022 0.838477 0.46927 -1.24135 -0.939181 0.339448 -0.0520896 2.54296
2 57 -0.178179 -0.456954 0.871462 -2.32068 0.28059 0.825269 0.490101 -1.30372 -0.943144 0.33185 -0.0188299 2.39582
2 58 -0.120342 -0.44423 0.887794 -2.43267 0.302482 0.83536 0.458996 -1.22665 -0.945527 0.323778 0.0338431 2.17844
2 59 -0.0948703 -0.460986 0.882322 -2.40039 0.316823 0.826252 0.465757 -1.24867 -0.943727 0.323727 0.0676646 2.01318
2 60 -0.0581816 -0.471145 0.880135 -2.38928 0.314213 0.828178 0.464103 -1.20885 -0.947567 0.303553 0.0998557 1.86144
2 61 -0.0511887 -0.450842 0.891134 -2.3405 0.29596 0.845374 0.444691 -1.08791 -0.953827 0.286504 0.0901581 1.87115
2 62 -0.0588558 -0.446057 0.893067 -2.28885 0.302736 0.844512 0.441757 -1.09083 -0.951255 0.296364 0.0853336 1.88246
2 63 -0.063167 -0.442165 0.894706 -2.29294 0.313679 0.842267 0.438396 -1.10993 -0.947425 0.308343 0.0854938 1.87494
2 64 -0.0603753 -0.450463 0.890751 -2.29878 0.315273 0.838091 0.445202 -1.13439 -0.947078 0.30771 0.0914192 1.85549
2 65 -0.0638727 -0.442458 0.894512 -2.29811 0.316819 0.840983 0.438603 -1.11636 -0.946332 0.311415 0.086464 1.86147
2 66 -0.0656075 -0.441363 0.894927 -2.29684 0.310967 0.843152 0.438625 -1.10047 -0.948153 0.307071 0.0819324 1.87001
2 67 -0.0636437 -0.447915 0.891808 -2.29907 0.312638 0.839689 0.444048 -1.12214 -0.947737 0.307075 0.086595 1.85624
3 4 0.995649 0.0527753 -0.0767979 0.259919 -0.0526781 0.998606 0.00328872 0.0109528 0.0768634 0.00077152 0.997041 -0.00941996
3 5 0.990157 0.0553755 -0.128541 0.441784 -0.0575932 0.998248 -0.0136007 0.016881 0.127563 0.0208711 0.99161 -0.0742273
3 6 0.98003 0.0898574 -0.177388 0.644498 -0.0892759 0.995943 0.0112709 0.0470427 0.17768 0.00479138 0.984076 -0.12646
3 7 0.960156 0.106053 -0.25856 0.861592 -0.108728 0.994063 0.0039712 0.0351302 0.257446 0.0243001 0.965987 -0.132132
3 8 0.924291 0.191192 -0.330353 1.10106 -0.214496 0.976089 -0.0352248 -0.0650817 0.315718 0.103418 0.9432 -0.06029
3 9 0.913705 0.129301 -0.38526 1.20256 -0.139668 0.990198 0.00108519 -0.0215679 0.381624 0.0528172 0.922807 0.136347
3 10 0.860825 0.151487 -0.485833 1.30999 -0.174032 0.984739 -0.00130955 -0.0639815 0.47822 0.085679 0.874051 0.294358
3 11 0.818797 0.165466 -0.54972 1.47042 -0.203075 0.979132 -0.00775608 -0.0998288 0.536965 0.117986 0.835313 0.353273
3 12 0.783119 0.190957 -0.591828 1.70908 -0.233913 0.972248 0.00418367 -0.137304 0.576202 0.13516 0.806053 0.386056
3 13 0.721939 0.206289 -0.660492 1.8609 -0.256201 0.966378 0.0217907 -0.16645 0.64278 0.153488 0.750516 0.468121
3 14 0.663373 0.229936 -0.712085 2.05162 -0.304101 0.952332 0.0242151 -0.238126 0.68371 0.200482 0.701675 0.542126
3 15 0.574242 0.216549 -0.789527 2.22788 -0.289378 0.955818 0.051687 -0.221859 0.765836 0.198792 0.611535 0.772064
3 16 0.488683 0.236135 -0.839899 2.42665 -0.267408 0.956882 0.113438 -0.24641 0.830471 0.169161 0.530756 0.991109
3 17 0.436844 0.252727 -0.863306 2.58585 -0.269114 0.952484 0.14266 -0.282814 0.858339 0.170008 0.484098 1.03042
3 18 0.360439 0.288974 -0.886892 2.69388 -0.316621 0.932254 0.175077 -0.436802 0.877402 0.217704 0.427517 1.10479
3 19 0.236467 0.283125 -0.929475 2.63518 -0.321168 0.925611 0.20024 -0.484633 0.917025 0.251167 0.309806 1.38732
3 20 0.0999663 0.314337 -0.944033 2.65379 -0.28297 0.918589 0.275901 -0.538358 0.953905 0.239553 0.180776 1.64109
3 21 0.0661384 0.296038 -0.952883 2.78454 -0.34 0.90451 0.257412 -0.595903 0.938097 0.306956 0.160475 1.63805
3 22 0.0488608 0.316299 -0.9474 2.82528 -0.30696 0.907383 0.287108 -0.589479 0.950468 0.276787 0.141426 1.64424
3 23 -0.0372819 0.327571 -0.944091 2.7836 -0.297094 0.898397 0.32345 -0.656036 0.95412 0.292543 0.0638245 1.80822
3 24 -0.094647 0.304579 -0.947773 2.76851 -0.284569 0.904044 0.318944 -0.592936 0.953972 0.299894 0.00110742 1.95785
3 25 -0.203213 0.296526 -0.933153 2.63478 -0.31328 0.88325 0.348892 -0.751685 0.927664 0.363238 -0.0865933 2.17842
3 26 -0.338201 0.284096 -0.897167 2.51461 -0.317842 0.86284 0.393042 -0.902012 0.885775 0.418085 -0.201516 2.45437
3 27 -0.425399 0.262884 -0.865983 2.46869 -0.291358 0.866155 0.406062 -0.873295 0.856823 0.42505 -0.291869 2.66394
3 28 -0.505522 0.25256 -0.825021 2.38858 -0.269373 0.862205 0.428999 -0.926939 0.819687 0.439107 -0.36783 2.8282
3 29 -0.600904 0.207042 -0.772041 2.25555 -0.260958 0.862132 0.434314 -0.920577 0.755524 0.462451 -0.464029 3.12919
3 30 -0.674541 0.1708 -0.718207 2.15688 -0.249995 0.862539 0.43992 -0.939658 0.694621 0.476292 -0.539119 3.42215
3 31 -0.73074 0.141688 -0.667789 2.13626 -0.263711 0.843697 0.467582 -1.11191 0.629663 0.517784 -0.579159 3.66927
3 32 -0.826459 0.11001 -0.552144 1.74241 -0.216619 0.843088 0.492218 -1.19853 0.519655 0.526404 -0.672947 4.01611
3 33 -0.901919 0.0574238 -0.42807 1.32318 -0.183271 0.846583 0.499709 -1.19767 0.391093 0.52915 -0.753026 4.34097
3 34 -0.944102 0.0560937 -0.324845 1.03972 -0.131857 0.838898 0.528077 -1.32838 0.302134 0.541391 -0.784608 4.53846
3 35 -0.972756 0.0540717 -0.225436 0.772909 -0.0787483 0.837533 0.540683 -1.3968 0.218047 0.543705 -0.810457 4.73229
3 36 -0.989201 0.0373574 -0.141726 0.57254 -0.0443118 0.845494 0.532143 -1.37137 0.139709 0.532677 -0.834707 4.88302
3 37 -0.995334 0.0111757 -0.0958399 0.517316 -0.0392842 0.860284 0.5083 -1.23346 0.0881304 0.509693 -0.855831 5.03519
3 38 -0.996575 0.0202052 -0.0801953 0.683683 -0.0251436 0.84977 0.526553 -1.37894 0.0787882 0.526765 -0.846351 5.05175
3 39 -0.999966 0.0080357 0.00207163 0.480357 0.0078816 0.841516 0.540176 -1.48032 0.00259744 0.540173 -0.841549 5.12304
3 40 -0.995307 -0.0160682 0.095431 0.169044 0.0359288 0.854283 0.518565 -1.38689 -0.0898563 0.51956 -0.849696 5.16665
3 41 -0.966911 -0.126863 0.221335 -0.48109 0.00273668 0.862384 0.506249 -1.24892 -0.255098 0.490103 -0.833501 5.1451
3 42 -0.962689 -0.0950034 0.253388 -0.385867 0.0542004 0.849685 0.524496 -1.43542 -0.265128 0.51866 -0.812833 5.1219
3 43 -0.900707 -0.196091 0.387654 -1.07226 0.0298523 0.862286 0.505541 -1.29476 -0.433401 0.466916 -0.770813 5.11208
3 44 -0.891631 -0.177518 0.416512 -0.986102 0.0657066 0.85946 0.506962 -1.36391 -0.44797 0.479391 -0.754657 5.02108
3 45 -0.874219 -0.138369 0.465399 -0.981273 0.0905874 0.895219 0.436322 -0.971504 -0.477006 0.4236 -0.770082 4.9871
3 46 -0.847919 -0.162284 0.504677 -1.04333 0.0656597 0.912512 0.403745 -0.774656 -0.526044 0.375479 -0.763081 4.93218
3 47 -0.748699 -0.217272 0.626293 -1.63338 0.0669025 0.915175 0.397467 -0.734269 -0.659525 0.339484 -0.670654 4.70178
3 48 -0.719166 -0.207605 0.6631 -1.70784 0.151993 0.884208 0.441673 -1.15704 -0.678011 0.418422 -0.604337 4.48009
3 49 -0.673215 -0.205415 0.710343 -1.82939 0.180104 0.88616 0.426948 -1.13046 -0.717179 0.415363 -0.559579 4.26704
3 50 -0.643968 -0.235205 0.728 -1.79742 0.182958 0.876612 0.445058 -1.22454 -0.742853 0.419797 -0.521477 4.09487
3 51 -0.583003 -0.261976 0.769075 -1.90593 0.217558 0.861684 0.458443 -1.36439 -0.782801 0.434591 -0.445368 3.85733
3 52 -0.561281 -0.280081 0.778793 -1.81068 0.217248 0.858139 0.465189 -1.37822 -0.798603 0.430292 -0.42081 3.76236
3 53 -0.499994 -0.289212 0.816311 -1.92868 0.242885 0.857931 0.452727 -1.35727 -0.831272 0.42463 -0.358714 3.47986
3 54 -0.421921 -0.306179 0.853368 -2.10208 0.259084 0.861283 0.437114 -1.29655 -0.868825 0.405521 -0.284067 3.18344
3 55 -0.35845 -0.357582 0.86235 -2.17063 0.262635 0.847799 0.460717 -1.39318 -0.895844 0.391627 -0.209979 2.94353
3 56 -0.276426 -0.389774 0.878445 -2.26514 0.247219 0.854459 0.456926 -1.2977 -0.928693 0.343475 -0.139834 2.72039
3 57 -0.251222 -0.420968 0.871592 -2.22109 0.248994 0.842061 0.478473 -1.3592 -0.935355 0.337224 -0.106725 2.57615
3 58 -0.194739 -0.408002 0.891971 -2.34433 0.273383 0.850767 0.44884 -1.28866 -0.941987 0.331255 -0.0541359 2.36247
3 59 -0.16908 -0.425132 0.889199 -2.31701 0.287051 0.841836 0.457071 -1.31293 -0.942875 0.332526 -0.020302 2.19875
3 60 -0.132436 -0.435618 0.890336 -2.31316 0.2846 0.843713 0.45514 -1.27272 -0.949454 0.313666 0.0122402 2.05023
3 61 -0.126136 -0.414944 0.90106 -2.26583 0.268115 0.860252 0.433684 -1.1497 -0.955094 0.296291 0.00274429 2.06121
3 62 -0.133885 -0.410035 0.902189 -2.21266 0.275092 0.859229 0.431335 -1.15414 -0.95205 0.305934 -0.00223939 2.07142
3 63 -0.138274 -0.406053 0.903328 -2.2159 0.286245 0.856779 0.428945 -1.17559 -0.948127 0.317884 -0.00223992 2.06275
3 64 -0.135259 -0.414519 0.899932 -2.22227 0.287253 0.852864 0.436013 -1.19986 -0.948256 0.317483 0.00371441 2.04358
3 65 -0.138965 -0.406348 0.903089 -2.22093 0.289346 0.855483 0.429451 -1.1826 -0.947083 0.320985 -0.0013058 2.04901
3 66 -0.140716 -0.405225 0.903322 -2.21932 0.283532 0.857691 0.428923 -1.16559 -0.948583 0.316477 -0.00579593 2.0578
3 67 -0.138576 -0.411909 0.900627 -2.22192 0.284734 0.854433 0.434593 -1.18719 -0.948537 0.316663 -0.00111867 2.04421
4 5 0.998643 0.00271576 -0.0520106 0.181698 -0.0036156 0.999845 -0.0172175 0.00670752 0.0519563 0.017383 0.998498 -0.0785166
4 6 0.994131 0.0375225 -0.101465 0.384738 -0.0371922 0.999295 0.00514356 0.045813 0.101586 -0.00133923 0.994825 -0.143479
4 7 0.981432 0.0544751 -0.183911 0.60417 -0.0560984 0.998419 -0.0036313 0.0387415 0.183424 0.0138809 0.982936 -0.170701
4 8 0.955729 0.141149 -0.258183 0.848668 -0.159345 0.985912 -0.050855 -0.0349426 0.247368 0.0897443 0.964757 -0.116481
4 9 0.94614 0.0797215 -0.313789 0.952815 -0.086886 0.996179 -0.00888991 -0.00997922 0.311882 0.0356748 0.949451 0.0638363
4 10 0.902384 0.104332 -0.418112 1.07036 -0.121205 0.99253 -0.0139231 -0.04348 0.413536 0.0632419 0.908289 0.194736
4 11 0.866184 0.120295 -0.48503 1.2394 -0.149922 0.988439 -0.0225873 -0.0719002 0.476706 0.0922814 0.874206 0.236592
4 12 0.83524 0.147491 -0.529736 1.48538 -0.181906 0.983229 -0.0130585 -0.100916 0.518926 0.107269 0.848062 0.257991
4 13 0.780408 0.165799 -0.602887 1.65056 -0.205759 0.978599 0.00277872 -0.123662 0.590446 0.121881 0.797821 0.320834
4 14 0.727308 0.192328 -0.658812 1.85427 -0.254378 0.967104 0.00150337 -0.182587 0.637429 0.166494 0.752306 0.381709
4 15 0.643805 0.183401 -0.742886 2.05154 -0.241645 0.9699 0.0300283 -0.169391 0.726031 0.160183 0.668745 0.5879
4 16 0.56352 0.207301 -0.79967 2.27037 -0.224457 0.970008 0.0932857 -0.197815 0.795025 0.126923 0.59315 0.788665
4 17 0.514579 0.226524 -0.826979 2.44183 -0.228631 0.965802 0.122287 -0.232815 0.826399 0.126147 0.548773 0.819414
4 18 0.442232 0.266667 -0.856341 2.56794 -0.279489 0.94821 0.150941 -0.373121 0.852242 0.172586 0.493861 0.886042
4 19 0.321761 0.267217 -0.90833 2.54006 -0.2863 0.941898 0.175675 -0.41888 0.902498 0.203529 0.37957 1.15409
4 20 0.188619 0.305529 -0.933314 2.59263 -0.254449 0.933123 0.254043 -0.480049 0.948514 0.189563 0.253747 1.39487
4 21 0.154652 0.289008 -0.944752 2.73228 -0.310554 0.922007 0.231214 -0.523104 0.937891 0.257638 0.232344 1.39364
4 22 0.138098 0.310169 -0.940598 2.77712 -0.279787 0.923233 0.263364 -0.524388 0.950078 0.226798 0.214278 1.39683
4 23 0.0526711 0.325974 -0.94391 2.75745 -0.273228 0.913858 0.30035 -0.592199 0.960506 0.242083 0.137199 1.5572
4 24 -0.00537501 0.306023 -0.952009 2.75759 -0.260114 0.918824 0.296825 -0.532595 0.965563 0.249226 0.0746618 1.70485
4 25 -0.115016 0.303749 -0.945784 2.65244 -0.292097 0.899669 0.324461 -0.682561 0.949447 0.31358 -0.0147527 1.92807
4 26 -0.252836 0.298566 -0.92029 2.56839 -0.301107 0.879674 0.368114 -0.829916 0.919461 0.370178 -0.132513 2.21008
4 27 -0.34317 0.28208 -0.895916 2.54636 -0.275564 0.881631 0.383133 -0.807718 0.897941 0.378362 -0.224818 2.42429
4 28 -0.426634 0.276125 -0.861242 2.48833 -0.255643 0.876605 0.407689 -0.866253 0.867542 0.394106 -0.303399 2.59553
4 29 -0.528072 0.235869 -0.815786 2.38254 -0.247678 0.876106 0.413635 -0.8619 0.812278 0.420481 -0.404227 2.90965
4 30 -0.607436 0.203734 -0.767799 2.3053 -0.237171 0.875952 0.420068 -0.88365 0.758137 0.437263 -0.483765 3.21575
4 31 -0.668799 0.177789 -0.721871 2.30135 -0.253946 0.85795 0.446579 -1.05109 0.698727 0.481988 -0.528648 3.47739
4 32 -0.774655 0.151577 -0.61395 1.93632 -0.208984 0.854943 0.474762 -1.1491 0.596855 0.496083 -0.630608 3.84961
4 33 -0.86209 0.103448 -0.496085 1.54145 -0.176171 0.856701 0.484796 -1.1567 0.475147 0.505334 -0.720329 4.20515
4 34 -0.912086 0.104681 -0.396408 1.27191 -0.127565 0.846411 0.517026 -1.29962 0.389646 0.522141 -0.758646 4.42432
4 35 -0.948357 0.104498 -0.299498 1.01544 -0.0757276 0.842292 0.533676 -1.38132 0.308032 0.528796 -0.79088 4.63899
4 36 -0.972041 0.0889487 -0.217312 0.822171 -0.040365 0.8484 0.527815 -1.3652 0.231316 0.52183 -0.821088 4.80944
4 37 -0.983053 0.0632776 -0.172053 0.770516 -0.0327477 0.862826 0.50444 -1.22965 0.180371 0.501526 -0.846132 4.97485
4 38 -0.985013 0.0724113 -0.156544 0.937438 -0.0206253 0.851642 0.523718 -1.37797 0.171242 0.519098 -0.837385 4.99367
4 39 -0.995349 0.0607079 -0.07479 0.737698 0.0107744 0.841704 0.539833 -1.48725 0.0957221 0.536516 -0.838443 5.08439
4 40 -0.999152 0.0366991 0.0186327 0.428517 0.0410331 0.852905 0.520451 -1.40199 0.00320839 0.520775 -0.853688 5.15207
4 41 -0.986397 -0.0750226 0.146261 -0.222507 0.00935871 0.862702 0.505626 -1.25604 -0.164113 0.500117 -0.850265 5.17427
4 42 -0.982973 -0.0433249 0.178569 -0.128217 0.058527 0.847371 0.527766 -1.45494 -0.174179 0.529231 -0.830407 5.15355
4 43 -0.936907 -0.147096 0.317124 -0.824146 0.0364055 0.861174 0.507005 -1.30888 -0.347677 0.486562 -0.801485 5.18957
4 44 -0.929106 -0.128931 0.346608 -0.739932 0.0718455 0.856468 0.511176 -1.38714 -0.362765 0.49984 -0.786488 5.10249
4 45 -0.913459 -0.0905931 0.396719 -0.739119 0.10393 0.890634 0.442684 -1.0041 -0.393435 0.445605 -0.804142 5.07691
4 46 -0.891552 -0.115731 0.437884 -0.806202 0.0825254 0.909109 0.408301 -0.802217 -0.445337 0.400158 -0.800968 5.03601
4 47 -0.805005 -0.175469 0.566725 -1.41688 0.0843854 0.911682 0.40214 -0.7624 -0.587235 0.371548 -0.719102 4.84357
4 48 -0.777917 -0.16725 0.6057 -1.49811 0.164076 0.876421 0.452731 -1.20502 -0.606567 0.451568 -0.654341 4.62664
4 49 -0.735678 -0.167329 0.656337 -1.63016 0.193299 0.876841 0.440211 -1.18616 -0.649163 0.450724 -0.612729 4.42506
4 50 -0.709487 -0.19856 0.676167 -1.60447 0.194246 0.867216 0.458481 -1.28021 -0.677418 0.45663 -0.576709 4.26051
4 51 -0.653354 -0.22837 0.721786 -1.72681 0.22688 0.85053 0.474473 -1.4282 -0.722256 0.473758 -0.503885 4.03512
4 52 -0.633429 -0.247563 0.733131 -1.63642 0.225865 0.847028 0.481173 -1.44167 -0.740103 0.470377 -0.480617 3.94505
4 53 -0.575772 -0.259786 0.775241 -1.76887 0.252338 0.845429 0.470718 -1.42769 -0.777696 0.466649 -0.42122 3.67292
4 54 -0.50178 -0.28072 0.818176 -1.96088 0.269841 0.847871 0.456399 -1.37167 -0.821828 0.44979 -0.349695 3.38883
4 55 -0.441988 -0.335365 0.831971 -2.04424 0.270853 0.834297 0.480195 -1.4682 -0.855151 0.437582 -0.277914 3.15839
4 56 -0.363255 -0.371781 0.854298 -2.15861 0.256147 0.841748 0.475236 -1.36902 -0.895786 0.391459 -0.210539 2.94695
4 57 -0.339281 -0.404282 0.849379 -2.12048 0.255605 0.829344 0.496845 -1.43004 -0.905292 0.385676 -0.178045 2.80556
4 58 -0.283924 -0.394241 0.874049 -2.25798 0.282623 0.836655 0.469182 -1.36686 -0.916248 0.380237 -0.126125 2.59527
4 59 -0.259068 -0.412709 0.873244 -2.23693 0.295128 0.827045 0.478431 -1.39419 -0.919664 0.381665 -0.092459 2.43273
4 60 -0.223224 -0.425106 0.877186 -2.24222 0.292935 0.829041 0.47632 -1.35346 -0.929709 0.363285 -0.0605333 2.28733
4 61 -0.216685 -0.404758 0.888379 -2.19671 0.279042 0.846355 0.453673 -1.22723 -0.935512 0.3462 -0.070448 2.29991
4 62 -0.224227 -0.399444 0.888913 -2.14163 0.286116 0.844959 0.451866 -1.23351 -0.93159 0.355653 -0.0751755 2.30895
4 63 -0.228474 -0.395232 0.889714 -2.1438 0.297274 0.841917 0.450339 -1.25784 -0.927053 0.367379 -0.0748653 2.29898
4 64 -0.225659 -0.403857 0.886553 -2.15084 0.297529 0.837978 0.457461 -1.28206 -0.92766 0.367005 -0.0689389 2.28003
4 65 -0.229159 -0.395491 0.889422 -2.14866 0.300255 0.84046 0.451081 -1.2656 -0.925922 0.370424 -0.0738514 2.28492
4 66 -0.230862 -0.394277 0.889521 -2.14662 0.294623 0.84297 0.450109 -1.24716 -0.927308 0.365987 -0.0784469 2.29408
4 67 -0.228877 -0.401073 0.886993 -2.14968 0.295212 0.839672 0.455852 -1.26882 -0.927612 0.366185 -0.0737799 2.28061
5 6 0.998161 0.0356692 -0.0490092 0.199286 -0.0346955 0.999186 0.0205734 0.0470305 0.0497025 -0.0188355 0.998586 -0.073978
5 7 0.989813 0.0540846 -0.131697 0.41362 -0.053122 0.998529 0.0108143 0.0425454 0.132089 -0.00370896 0.991231 -0.116848
5 8 0.968244 0.142117 -0.205686 0.655637 -0.153806 0.987211 -0.0419202 -0.0169094 0.197098 0.0722245 0.97772 -0.0760104
5 9 0.961393 0.081691 -0.262775 0.756951 -0.0836005 0.996492 0.00392502 -0.00116471 0.262173 0.0181937 0.96485 0.0918342
5 10 0.923189 0.108252 -0.368786 0.872933 -0.117621 0.993054 -0.00294718 -0.0290006 0.365906 0.0460977 0.92951 0.200923
5 11 0.890562 0.125496 -0.437207 1.04242 -0.145859 0.989217 -0.0131614 -0.0530662 0.430841 0.0754912 0.899265 0.22841
5 12 0.862059 0.15357 -0.482981 1.2898 -0.17831 0.983959 -0.00539925 -0.0755409 0.474404 0.0907739 0.875614 0.239934
5 13 0.811156 0.173333 -0.558553 1.45815 -0.202967 0.979143 0.00909439 -0.0926367 0.54848 0.10599 0.829419 0.285587
5 14 0.761108 0.201012 -0.616691 1.66621 -0.251485 0.967847 0.00509507 -0.142984 0.597887 0.15121 0.787189 0.333867
5 15 0.682068 0.193836 -0.705133 1.87094 -0.240245 0.970106 0.0342874 -0.129554 0.690698 0.146018 0.708246 0.517031
5 16 0.60491 0.219001 -0.765587 2.09888 -0.22637 0.969063 0.0983447 -0.155462 0.76344 0.113816 0.635772 0.699104
5 17 0.557508 0.238867 -0.795064 2.27651 -0.232059 0.964374 0.127012 -0.187146 0.797077 0.113691 0.593077 0.720391
5 18 0.486895 0.279772 -0.827443 2.41263 -0.284385 0.946475 0.152676 -0.315809 0.825867 0.160975 0.540398 0.777333
5 19 0.369293 0.281652 -0.885604 2.40154 -0.29249 0.939762 0.176909 -0.358148 0.882084 0.193698 0.429428 1.02623
5 20 0.237736 0.320869 -0.916802 2.4753 -0.264782 0.929524 0.256661 -0.418021 0.934543 0.181735 0.305942 1.24786
5 21 0.204365 0.304671 -0.930275 2.62006 -0.319654 0.919006 0.230758 -0.45307 0.925233 0.250206 0.285202 1.24625
5 22 0.187675 0.325817 -0.926619 2.66808 -0.290598 0.919567 0.26448 -0.456989 0.93826 0.219638 0.267261 1.24586
5 23 0.102579 0.341986 -0.93409 2.66318 -0.285997 0.909533 0.301588 -0.522655 0.952724 0.236211 0.191105 1.39751
5 24 0.0449784 0.322387 -0.945539 2.67301 -0.272704 0.914511 0.298836 -0.465716 0.961046 0.244411 0.129048 1.53873
5 25 -0.0648441 0.320403 -0.945059 2.58787 -0.306133 0.894999 0.324436 -0.607467 0.949777 0.310352 0.0400494 1.75656
