0   1 0.999883 0.00761362 -0.0132813 0.0088631 -0.00763613 0.999969 -0.00164821 0.00318371 0.0132683 0.00174953 0.99991 -0.00508457
0   2 0.999592 0.0117779 -0.0260102 0.0180926 -0.0119755 0.9999 -0.00745805 0.00617583 0.0259196 0.00776663 0.999634 -0.010024
0   3 0.999103 0.0140359 -0.0399442 0.0281105 -0.0142002 0.999892 -0.00383257 0.00893611 0.039886 0.00439638 0.999194 -0.0147679
0   4 0.998141 0.0173224 -0.0584384 0.0426658 -0.0174764 0.999845 -0.00212344 0.0126689 0.0583925 0.00314077 0.998289 -0.0216109
0   5 0.997469 0.0193087 -0.0684264 0.054293 -0.0193453 0.999813 0.000126642 0.0154048 0.068416 0.00119739 0.997656 -0.0267623
0   6 0.996832 0.0243088 -0.0757293 0.0664944 -0.0242731 0.999704 0.00139165 0.018125 0.0757407 0.000451071 0.997127 -0.0329063
0   7 0.995353 0.0300095 -0.0914987 0.0792109 -0.029377 0.999534 0.00825233 0.0203205 0.0917038 -0.00552605 0.995771 -0.0382802
0   8 0.993548 0.0328831 -0.108542 0.0968796 -0.0319415 0.999436 0.0104035 0.0240672 0.108823 -0.00686939 0.994037 -0.0457463
0   9 0.992471 0.032118 -0.118196 0.110222 -0.0308944 0.999449 0.0121706 0.0274849 0.118522 -0.00842734 0.992916 -0.0515034
0   10 0.989914 0.0372545 -0.136683 0.128232 -0.0358709 0.999277 0.012573 0.0314675 0.137052 -0.00754314 0.990535 -0.0580638
0   11 0.987616 0.0447086 -0.150385 0.141426 -0.0441301 0.999 0.00718349 0.0342485 0.150556 -0.000457925 0.988601 -0.0626296
0   12 0.985096 0.0555993 -0.162773 0.154572 -0.0557189 0.998439 0.00383397 0.0368152 0.162732 0.00529278 0.986656 -0.0665241
0   13 0.981626 0.0676397 -0.178423 0.171824 -0.0661166 0.997707 0.0144755 0.0393233 0.178993 -0.00241268 0.983848 -0.0722637
0   14 0.978365 0.07207 -0.19393 0.184876 -0.0705674 0.997399 0.0146544 0.0424821 0.194482 -0.000652063 0.980906 -0.0752112
15   16 0.999923 0.00103741 -0.012393 0.0121765 -0.00118443 0.999929 -0.0118622 0.00359115 0.0123798 0.011876 0.999853 -0.00486731
15   17 0.999638 0.00466402 -0.0264839 0.0286066 -0.00493773 0.999935 -0.0102774 0.00896731 0.0264343 0.0104044 0.999596 -0.0109388
15   18 0.999271 0.00755308 -0.0374185 0.0408756 -0.00778031 0.999952 -0.00593055 0.0128681 0.0373721 0.00621727 0.999282 -0.0155092
15   19 0.99846 0.00575593 -0.0551775 0.0573943 -0.00620888 0.999948 -0.00804059 0.0169308 0.0551284 0.00837068 0.998444 -0.0215039
15   20 0.997637 0.00441466 -0.0685571 0.0695229 -0.00487336 0.999967 -0.00652442 0.0199077 0.068526 0.00684307 0.997626 -0.0258854
15   21 0.996634 0.00706505 -0.0816718 0.0815783 -0.00724603 0.999972 -0.00191887 0.0222893 0.0816559 0.00250403 0.996657 -0.030591
15   22 0.994366 0.0160784 -0.104773 0.0976371 -0.0172433 0.999799 -0.0102224 0.0238605 0.104588 0.0119714 0.994444 -0.0354066
15   23 0.992415 0.0208899 -0.121149 0.10983 -0.0225484 0.99967 -0.0123353 0.024718 0.120851 0.0149735 0.992558 -0.0399976
15   24 0.98848 0.0291633 -0.148513 0.126492 -0.0320806 0.999336 -0.0172852 0.0252888 0.14791 0.0218505 0.988759 -0.0444097
15   25 0.985922 0.0369658 -0.163066 0.139427 -0.0410398 0.998922 -0.0216852 0.025239 0.162089 0.0280723 0.986377 -0.0475422
15   26 0.982583 0.0392149 -0.181641 0.15303 -0.0454836 0.9985 -0.0304738 0.0256768 0.180174 0.0382046 0.982893 -0.0495214
15   27 0.97836 0.0402771 -0.20295 0.166883 -0.0487172 0.998136 -0.0367625 0.0258448 0.201091 0.0458541 0.978499 -0.0502569
15   28 0.971717 0.0505556 -0.230673 0.186947 -0.0632219 0.996852 -0.0478486 0.0246314 0.227528 0.0610788 0.971854 -0.0489418
15   29 0.966606 0.0551398 -0.250265 0.202742 -0.0702915 0.99617 -0.0520072 0.0237594 0.246439 0.0678619 0.96678 -0.0467111
30   31 0.999814 0.00117695 -0.0192514 0.0161465 -0.000959808 0.999936 0.0112839 -9.5318e-05 0.0192634 -0.0112631 0.999751 0.00112252
30   32 0.999305 -0.000329451 -0.0372562 0.0315584 0.000890655 0.999886 0.0150488 -5.9994e-05 0.0372471 -0.0150717 0.999192 0.00307284
30   33 0.998345 0.0146018 -0.0556206 0.0525585 -0.0142665 0.999878 0.00642133 0.000745695 0.0557076 -0.00561718 0.998431 0.00762293
30   34 0.99711 0.0382522 -0.0656342 0.0681591 -0.0377092 0.999244 0.00949345 0.00155769 0.0659477 -0.00699098 0.997799 0.0114893
30   35 0.996068 0.0560084 -0.0686391 0.089187 -0.0549727 0.998345 0.0168864 0.00394648 0.0694713 -0.0130468 0.997499 0.0167282
30   36 0.995827 0.059885 -0.0688661 0.105052 -0.058147 0.997944 0.0269731 0.00646202 0.0703398 -0.0228562 0.997261 0.0199426
30   37 0.995057 0.0652273 -0.0748849 0.120186 -0.0629163 0.997479 0.0328179 0.00825403 0.0768368 -0.0279441 0.996652 0.0232934
30   38 0.993867 0.070201 -0.0854426 0.139337 -0.0672983 0.997069 0.0363945 0.0100137 0.0877471 -0.030421 0.995678 0.0266509
30   39 0.992869 0.0652669 -0.0997548 0.152709 -0.0618645 0.997405 0.0368324 0.0115392 0.1019 -0.0303986 0.99433 0.0293692
30   40 0.992045 0.0639877 -0.108406 0.166248 -0.0607837 0.997618 0.0326095 0.011904 0.110235 -0.0257607 0.993572 0.0310519
30   41 0.990934 0.0677079 -0.116037 0.18304 -0.0651264 0.997541 0.0259008 0.011392 0.117505 -0.0181089 0.992907 0.0321125
30   42 0.989378 0.0700234 -0.127393 0.194787 -0.06762 0.997444 0.0230993 0.0107886 0.128685 -0.0142393 0.991583 0.0334255
30   43 0.987515 0.0711319 -0.14055 0.206147 -0.0693881 0.99744 0.0172753 0.0103487 0.141419 -0.00730701 0.989923 0.0352313
30   44 0.985858 0.0717815 -0.151429 0.220281 -0.0701469 0.997406 0.0161161 0.0102149 0.152193 -0.0052659 0.988337 0.036164
45   46 0.999803 0.00413535 -0.0194194 0.0103906 -0.00408114 0.999988 0.00283033 0.000940297 0.0194308 -0.00275082 0.999807 -0.00206248
45   47 0.999236 0.0135281 -0.0366557 0.0245085 -0.0132639 0.999884 0.00744041 0.00202563 0.0367522 -0.00694873 0.9993 -0.00439246
45   48 0.998809 0.0195417 -0.0447011 0.0357013 -0.0192518 0.999791 0.00690516 0.00275657 0.0448267 -0.00603645 0.998977 -0.00589967
45   49 0.998078 0.0274956 -0.0555295 0.0468852 -0.0269693 0.999584 0.0102051 0.00340625 0.055787 -0.00868796 0.998405 -0.007476
45   50 0.996571 0.0359627 -0.0745157 0.0621225 -0.0347483 0.999242 0.01753 0.00414322 0.0750897 -0.0148805 0.997066 -0.00844837
45   51 0.995618 0.0368356 -0.085954 0.0736033 -0.0350634 0.999142 0.0220374 0.00492198 0.0866921 -0.0189268 0.996056 -0.00867931
45   52 0.994622 0.0407378 -0.09522 0.0856033 -0.0383464 0.998905 0.0268119 0.00546005 0.096208 -0.0230164 0.995095 -0.00886082
45   53 0.992496 0.0563399 -0.108525 0.100569 -0.0516238 0.997616 0.0457892 0.00679134 0.110846 -0.0398429 0.993039 -0.00833572
45   54 0.989901 0.0747062 -0.120476 0.111751 -0.0689389 0.996298 0.0513542 0.00770709 0.123866 -0.0425302 0.991387 -0.00669779
45   55 0.98812 0.0923945 -0.122808 0.122649 -0.0878316 0.995246 0.0420745 0.00839433 0.126111 -0.0307883 0.991538 -0.00543005
45   56 0.984952 0.11857 -0.125741 0.136413 -0.115359 0.992791 0.0325483 0.00726797 0.128694 -0.0175531 0.991529 -0.00219524
45   57 0.981681 0.135467 -0.133982 0.14655 -0.131645 0.990605 0.0370247 0.00669619 0.137739 -0.0187083 0.990292 0.00166492
45   58 0.978109 0.147994 -0.146291 0.156388 -0.142509 0.98866 0.0473476 0.00687596 0.151639 -0.0254632 0.988108 0.0070481
45   59 0.974739 0.148644 -0.1667 0.168952 -0.14108 0.98839 0.0563994 0.00985684 0.173148 -0.0314568 0.984393 0.0157354
60   61 0.999868 0.0156948 -0.00436571 0.0128588 -0.015699 0.999876 -0.000915492 0.00241904 0.00435086 0.000984152 0.99999 0.00484212
60   62 0.999542 0.0256494 -0.0160362 0.0213439 -0.0257051 0.999664 -0.00327867 0.00377557 0.0159468 0.00368936 0.999866 0.00890625
60   63 0.999213 0.028708 -0.027371 0.0290696 -0.0288989 0.99956 -0.00660674 0.00443073 0.0271694 0.00739259 0.999604 0.0133573
60   64 0.998565 0.036428 -0.0392568 0.0406489 -0.0364786 0.999334 -0.000572913 0.00418498 0.0392098 0.0020044 0.999229 0.0171799
60   65 0.998212 0.0306147 -0.0513474 0.0483941 -0.0309124 0.99951 -0.00501204 0.00343035 0.0511689 0.00659051 0.998668 0.0205748
60   66 0.997782 0.0280354 -0.0603836 0.0564508 -0.0281406 0.999604 -0.000891877 0.00241471 0.0603347 0.00258922 0.998175 0.0234658
60   67 0.997134 0.0250248 -0.0713917 0.0667158 -0.025872 0.999605 -0.0109666 0.000301229 0.0710891 0.0127822 0.997388 0.0284767
60   68 0.995866 0.0270656 -0.0867136 0.0730395 -0.0281107 0.999546 -0.010854 -0.00114743 0.0863805 0.0132467 0.996174 0.0333511
60   69 0.994653 0.0298028 -0.098876 0.0798049 -0.0307539 0.999494 -0.00810758 -0.00314118 0.0985844 0.0111052 0.995067 0.0384652
60   70 0.994283 0.0332808 -0.10146 0.0897105 -0.034382 0.999367 -0.00912274 -0.00533325 0.101093 0.0125592 0.994798 0.0452775
60   71 0.993579 0.0348568 -0.107643 0.0966639 -0.0358745 0.999328 -0.00753106 -0.00720843 0.107308 0.0113444 0.994161 0.0511397
60   72 0.991306 0.0385639 -0.125803 0.10184 -0.0398142 0.999179 -0.00743787 -0.00971829 0.125413 0.012382 0.992027 0.0582573
60   73 0.989285 0.0448954 -0.138925 0.109615 -0.0461456 0.998918 -0.00578884 -0.0132721 0.138515 0.0121378 0.990286 0.0668657
60   74 0.988709 0.0477879 -0.142025 0.116711 -0.0491894 0.998769 -0.00637122 -0.0159297 0.141546 0.0132856 0.989843 0.0725974
75   76 0.999961 0.00547837 -0.0069382 0.00719939 -0.00547535 0.999985 0.000459316 -0.00322029 0.00694065 -0.000421285 0.999976 0.00517001
75   77 0.999871 0.00588717 -0.0149489 0.0150693 -0.00587418 0.999982 0.000918507 -0.00597295 0.0149541 -0.000830462 0.999888 0.00959294
75   78 0.999728 0.0101096 -0.0210133 0.0268634 -0.0103817 0.999863 -0.0128822 -0.0111146 0.0208802 0.0130969 0.999696 0.0160744
75   79 0.999476 0.0177759 -0.0270431 0.0356301 -0.0181438 0.999745 -0.0134173 -0.0148866 0.0267978 0.0139011 0.999544 0.0208003
75   80 0.999217 0.0222963 -0.0326772 0.0442021 -0.0229339 0.999551 -0.0192683 -0.019543 0.0322329 0.0200026 0.99928 0.025226
75   81 0.998912 0.021457 -0.0414109 0.0556397 -0.022384 0.999506 -0.022053 -0.0243505 0.0409173 0.022956 0.998899 0.0306754
75   82 0.99862 0.0197634 -0.0486554 0.064224 -0.0209527 0.999491 -0.0240557 -0.0276986 0.0481553 0.0250421 0.998526 0.0345001
75   83 0.998239 0.0226151 -0.0548486 0.0726757 -0.0241912 0.999308 -0.0282426 -0.0311891 0.054172 0.02952 0.998095 0.0386487
75   84 0.997581 0.0268504 -0.064128 0.0836423 -0.0289395 0.999073 -0.0318709 -0.0353863 0.0632129 0.0336499 0.997433 0.0434399
75   85 0.997443 0.0241737 -0.0672548 0.0918464 -0.0266314 0.999001 -0.0358877 -0.0376881 0.0663202 0.0375871 0.99709 0.046696
75   86 0.996916 0.0277726 -0.0734047 0.0996472 -0.0305115 0.998869 -0.0364561 -0.0402748 0.0723092 0.0385837 0.996636 0.0502285
75   87 0.995581 0.0349009 -0.0871856 0.109029 -0.0395934 0.997826 -0.0526842 -0.0449186 0.0851573 0.0559033 0.994798 0.0544178
75   88 0.994604 0.0410627 -0.0952748 0.116458 -0.045402 0.998007 -0.0438324 -0.045791 0.093285 0.0479214 0.994485 0.0580065
75   89 0.993553 0.0442716 -0.104367 0.124017 -0.0486958 0.998003 -0.0402291 -0.0462082 0.102377 0.045052 0.993725 0.0611684
90   91 0.999916 0.00633976 -0.0113293 0.00797652 -0.00633861 0.99998 0.000128753 0.000113231 0.0113298 -5.70448e-05 0.999936 0.00166511
90   92 0.999756 0.0139855 -0.0170962 0.0160744 -0.0139068 0.999892 0.00471521 0.000472927 0.0171602 -0.00447626 0.999843 0.00290584
90   93 0.999492 0.0181155 -0.0262195 0.0267329 -0.0178739 0.999796 0.00942324 0.00145856 0.0263849 -0.00894945 0.999612 0.00378465
90   94 0.999034 0.0254731 -0.0358063 0.0341583 -0.0249697 0.999584 0.014435 0.00250708 0.0361592 -0.0135269 0.999254 0.00443418
90   95 0.998239 0.0378895 -0.0456512 0.0418098 -0.0368139 0.99903 0.0241753 0.00409629 0.0465227 -0.0224522 0.998665 0.00507411
90   96 0.997164 0.0544151 -0.0519909 0.0517234 -0.0525486 0.997947 0.036617 0.00681702 0.0538766 -0.0337812 0.997976 0.00578326
90   97 0.996077 0.0669363 -0.0578811 0.0593211 -0.0643637 0.996901 0.0452253 0.00929308 0.060729 -0.0413224 0.997299 0.00619192
90   98 0.994875 0.0788535 -0.0632832 0.0667205 -0.0752451 0.995505 0.0575105 0.0124853 0.0675338 -0.052454 0.996337 0.00644269
90   99 0.992964 0.0927675 -0.0736045 0.0771888 -0.0866885 0.992865 0.0818841 0.0168099 0.0806754 -0.0749273 0.99392 0.00600024
90   100 0.99187 0.100133 -0.0785396 0.0854843 -0.0932381 0.991833 0.0870274 0.0192817 0.0866125 -0.0789968 0.993105 0.0051991
90   101 0.990378 0.10978 -0.0842683 0.0938025 -0.101922 0.990484 0.0924861 0.0211522 0.0936195 -0.0830071 0.992142 0.00415817
90   102 0.986941 0.126773 -0.0993808 0.104617 -0.116024 0.987426 0.107366 0.0241088 0.111742 -0.0944335 0.98924 0.00187328
90   103 0.984508 0.135687 -0.11105 0.112736 -0.123743 0.986397 0.108203 0.0262939 0.124222 -0.0927854 0.987907 -0.000208709
90   104 0.98044 0.15335 -0.123378 0.123224 -0.139772 0.983818 0.112098 0.028465 0.138571 -0.0926608 0.986008 -0.00364933
105   106 0.999815 0.015675 -0.0110973 0.00766389 -0.015707 0.999873 -0.00280512 0.00319944 0.011052 0.00297883 0.999934 -0.00277999
105   107 0.999169 0.0271805 -0.0303734 0.0180325 -0.027081 0.999626 0.00368509 0.00695362 0.0304622 -0.00285957 0.999532 -0.00593008
105   108 0.998648 0.0281438 -0.0437075 0.0261742 -0.0279622 0.999598 0.00475887 0.00960373 0.0438237 -0.00353058 0.999033 -0.00780013
105   109 0.998034 0.0307721 -0.054593 0.0368931 -0.0303163 0.999498 0.00915682 0.0131125 0.0548473 -0.00748393 0.998467 -0.00954869
105   110 0.997029 0.0309414 -0.0705401 0.0447096 -0.0295976 0.999361 0.0200154 0.0152096 0.0711141 -0.0178683 0.997308 -0.0102806
105   111 0.996074 0.0288651 -0.0836834 0.0532299 -0.026709 0.999285 0.026769 0.0164275 0.0843962 -0.0244289 0.996133 -0.0109315
105   112 0.995105 0.0271391 -0.0950168 0.0645163 -0.0251606 0.999442 0.0219581 0.0170311 0.0955596 -0.0194601 0.995233 -0.0117572
105   113 0.994028 0.028408 -0.105362 0.0730858 -0.0267325 0.999493 0.0172797 0.0166995 0.105799 -0.0143601 0.994284 -0.0118779
105   114 0.99315 0.0286673 -0.113274 0.0824013 -0.0270741 0.999512 0.0155776 0.0164293 0.113665 -0.0124043 0.993441 -0.011797
105   115 0.992069 0.0243145 -0.123322 0.0949203 -0.0230515 0.999666 0.0116577 0.0164235 0.123564 -0.00872265 0.992298 -0.01137
105   116 0.990367 0.0219014 -0.136724 0.104844 -0.0209658 0.999746 0.00827933 0.0152869 0.136871 -0.00533303 0.990574 -0.0101429
105   117 0.989602 0.0224624 -0.14207 0.115371 -0.0210551 0.999713 0.0114003 0.0147638 0.142285 -0.00829059 0.989791 -0.00926777
105   118 0.989361 0.0221272 -0.143788 0.130647 -0.0204087 0.999702 0.0134149 0.0128445 0.144042 -0.0103379 0.989517 -0.0079809
105   119 0.989584 0.0188773 -0.142714 0.142731 -0.0182751 0.999818 0.00552898 0.0104668 0.142792 -0.00286334 0.989748 -0.00716142
120   121 0.999996 -0.0017355 0.00222365 0.016354 0.00172348 0.999984 0.00539054 -0.00398285 -0.00223302 -0.00538675 0.999983 0.00125347
120   122 0.999982 -0.00439843 0.00400843 0.0286635 0.00436403 0.999954 0.00856724 -0.00727303 -0.00404581 -0.00854971 0.999955 0.00255293
120   123 0.999966 -0.00816917 -4.04657e-05 0.0403032 0.00816929 0.999925 0.00916477 -0.0111227 -3.44941e-05 -0.00916508 0.999958 0.00367047
120   124 0.999956 -0.00822355 -0.00446368 0.0562384 0.00827009 0.999911 0.0105031 -0.0163713 0.00437686 -0.0105396 0.999935 0.00561462
120   125 0.99999 -0.0035556 -0.00272291 0.0677067 0.00357331 0.999973 0.00647311 -0.0211029 0.00269953 -0.00648301 0.999975 0.00706358
120   126 0.999985 0.00104151 -0.00530034 0.0785327 -0.00102315 0.999993 0.00346811 -0.0252891 0.00530369 -0.00346259 0.99998 0.00861803
120   127 0.999914 0.00662675 -0.0112929 0.0925522 -0.00661482 0.999977 0.00107952 -0.0308987 0.0112998 -0.00100506 0.999936 0.0116543
120   128 0.999891 0.005803 -0.0135578 0.103179 -0.00570304 0.999956 0.00740159 -0.0337014 0.0136001 -0.00732353 0.999881 0.014002
120   129 0.999734 0.00355677 -0.0227565 0.113386 -0.003203 0.999874 0.0155587 -0.0358349 0.0228088 -0.015482 0.99962 0.0167981
120   130 0.999485 0.00260712 -0.0319659 0.123367 -0.00232981 0.999959 0.008708 -0.0389182 0.0319872 -0.00862907 0.999451 0.0185628
120   131 0.999271 0.00364858 -0.0380122 0.135632 -0.00357558 0.999992 0.00198983 -0.0410528 0.038019 -0.0018525 0.999275 0.0200948
120   132 0.998833 0.00327096 -0.048192 0.14708 -0.00275091 0.999937 0.0108527 -0.040652 0.0482243 -0.0107075 0.998779 0.0226086
120   133 0.998209 0.00255196 -0.0597689 0.155117 -0.00173688 0.999905 0.0136828 -0.0402023 0.059798 -0.0135547 0.998118 0.0247494
120   134 0.997168 0.00350996 -0.0751259 0.162539 -0.00224823 0.999855 0.0168724 -0.0395982 0.0751742 -0.0166558 0.997031 0.0267216
135   136 0.999923 0.00327132 -0.0120067 0.00817355 -0.0031836 0.999968 0.00732446 0.00137829 0.0120304 -0.00728558 0.999901 -0.00182313
135   137 0.999655 0.00511007 -0.0257528 0.0161747 -0.00480057 0.999916 0.0120664 0.00283092 0.0258123 -0.0119386 0.999596 -0.00374198
135   138 0.998586 0.0117773 -0.0518467 0.0367272 -0.0104187 0.999597 0.0263952 0.00639793 0.0521366 -0.0258176 0.998306 -0.0100717
135   139 0.99808 0.0149109 -0.0601198 0.0461297 -0.0131842 0.999492 0.0290167 0.00738172 0.0605221 -0.0281684 0.99777 -0.0128614
135   140 0.997247 0.0181926 -0.0718893 0.0553524 -0.0157793 0.999297 0.0339959 0.00865524 0.0724573 -0.032768 0.996833 -0.0164892
135   141 0.996078 0.0228843 -0.0854637 0.0644174 -0.0196731 0.999075 0.0382285 0.00994457 0.0862595 -0.0363973 0.995608 -0.0202671
135   142 0.994294 0.0308011 -0.102128 0.0774384 -0.0260171 0.998516 0.0478495 0.0121492 0.10345 -0.0449194 0.99362 -0.0255198
135   143 0.992878 0.0381477 -0.112861 0.090027 -0.0322129 0.998024 0.053951 0.0146852 0.114696 -0.0499312 0.992145 -0.0316294
135   144 0.99136 0.0484179 -0.12191 0.0996026 -0.0414512 0.997394 0.0590501 0.0164991 0.124452 -0.0534865 0.990783 -0.0366032
135   145 0.989576 0.0602642 -0.130798 0.108969 -0.0528372 0.996827 0.0595318 0.0184693 0.133971 -0.0520002 0.98962 -0.0413489
135   146 0.987502 0.070892 -0.140767 0.118527 -0.0626263 0.99609 0.0623109 0.0204711 0.144633 -0.0527164 0.98808 -0.0457808
135   147 0.985572 0.082258 -0.147924 0.131058 -0.0740352 0.995433 0.0602697 0.0230794 0.152206 -0.0484485 0.987161 -0.0521412
135   148 0.98341 0.0901889 -0.157387 0.140231 -0.0822882 0.995032 0.0560271 0.0251024 0.161658 -0.0421466 0.985946 -0.0562436
135   149 0.981005 0.0970681 -0.16795 0.149083 -0.0887328 0.994454 0.0564604 0.026978 0.172499 -0.0404853 0.984178 -0.0602039
150   151 0.999878 -0.00296359 -0.0153554 0.00751322 0.00306063 0.999975 0.00629932 0.0019288 0.0153364 -0.00634563 0.999862 -0.00510407
150   152 0.999455 -0.0100625 -0.0314452 0.0168158 0.0100413 0.999949 -0.000832607 0.00348443 0.031452 0.000516254 0.999505 -0.0115303
150   153 0.998709 -0.0100609 -0.0497811 0.0235044 0.00983705 0.99994 -0.0047402 0.00404163 0.0498257 0.00424425 0.998749 -0.016299
150   154 0.997997 -0.0104801 -0.0623819 0.0300808 0.009773 0.999885 -0.0116282 0.0044026 0.0624965 0.0109953 0.997985 -0.0203424
150   155 0.996761 -0.0110237 -0.0796617 0.0387195 0.00964046 0.999796 -0.0177261 0.00487123 0.0798409 0.0169007 0.996664 -0.0248331
150   156 0.99516 -0.0135581 -0.0973312 0.0450204 0.0117527 0.999749 -0.0190982 0.00520562 0.0975656 0.0178618 0.995069 -0.0270606
150   157 0.99354 -0.0165437 -0.112265 0.0517862 0.0145553 0.999723 -0.018509 0.00598222 0.11254 0.0167553 0.993506 -0.0293318
150   158 0.991436 -0.0141929 -0.129822 0.060139 0.0125728 0.999833 -0.0132907 0.00717427 0.129989 0.0115446 0.991448 -0.0316644
150   159 0.990183 -0.0098076 -0.139436 0.0673241 0.00858764 0.999919 -0.00934783 0.0078993 0.139516 0.00805858 0.990187 -0.0335046
150   160 0.989195 -0.00627763 -0.146471 0.0746305 0.00496997 0.999944 -0.00929183 0.00847193 0.146522 0.00846341 0.989171 -0.0351906
150   161 0.986101 -0.00185307 -0.166137 0.0848019 7.37065e-05 0.999943 -0.0107157 0.009527 0.166148 0.0105545 0.986044 -0.0372636
150   162 0.983596 0.000484882 -0.180382 0.0927532 -0.00176186 0.999974 -0.00691934 0.0104953 0.180374 0.0071236 0.983572 -0.0384184
150   163 0.980989 0.00504277 -0.193999 0.104562 -0.00570922 0.99998 -0.00287651 0.0118427 0.193981 0.00392931 0.980997 -0.0388274
150   164 0.978162 0.0139772 -0.207373 0.11378 -0.0118596 0.999864 0.0114509 0.0118263 0.207505 -0.00874159 0.978195 -0.0382617
165   166 0.999922 0.00517531 -0.0113448 0.00926 -0.00502328 0.999898 0.0133955 0.000928751 0.011413 -0.0133375 0.999846 0.000591484
165   167 0.999315 0.0192099 -0.0316228 0.0221667 -0.0184839 0.999563 0.023091 0.000656842 0.0320525 -0.0224908 0.999233 0.00211123
165   168 0.998695 0.0263861 -0.0437176 0.0328873 -0.0253465 0.999387 0.0241655 -0.000829374 0.0443285 -0.0230259 0.998752 0.00441212
165   169 0.998021 0.0315487 -0.05439 0.0437588 -0.0305582 0.999353 0.0189472 -0.00276371 0.0549526 -0.0172477 0.99834 0.00697321
165   170 0.996629 0.0409202 -0.0710992 0.0589612 -0.0393661 0.998957 0.0231246 -0.00568622 0.0719713 -0.0202477 0.997201 0.01135
165   171 0.995486 0.042813 -0.0846999 0.0706961 -0.0402137 0.998673 0.0321603 -0.0076245 0.0859644 -0.0286091 0.995887 0.0153551
165   172 0.994104 0.0469495 -0.0977378 0.0824202 -0.0434472 0.998346 0.0376599 -0.0100351 0.0993443 -0.0331915 0.994499 0.0197711
165   173 0.992288 0.0565818 -0.110286 0.0941921 -0.0537182 0.998142 0.0287691 -0.0143125 0.111708 -0.0226229 0.993484 0.0238979
165   174 0.989268 0.0715042 -0.127417 0.109488 -0.0690928 0.997339 0.0232502 -0.0200421 0.128741 -0.0141973 0.991577 0.0294158
165   175 0.98732 0.0757152 -0.139521 0.121632 -0.0729469 0.997026 0.0248578 -0.0231288 0.140988 -0.0143649 0.989907 0.0340109
165   176 0.984527 0.0800153 -0.155894 0.138052 -0.0784409 0.996787 0.0162344 -0.0279335 0.156692 -0.00375477 0.98764 0.0397647
165   177 0.98242 0.0852609 -0.166078 0.150571 -0.084547 0.996354 0.0113765 -0.0315206 0.166442 0.00286471 0.986047 0.044409
165   178 0.981174 0.0857637 -0.173039 0.163225 -0.0854097 0.996301 0.00950497 -0.0339791 0.173214 0.00545319 0.984869 0.0490953
165   179 0.979282 0.0820589 -0.185129 0.179111 -0.0793503 0.996604 0.0220058 -0.0346527 0.186306 -0.00685991 0.982468 0.056021
180   181 0.99991 0.0110226 -0.00772271 0.0153868 -0.0109686 0.999915 0.00701076 -0.00181705 0.00779938 -0.00692539 0.999946 0.00363939
180   182 0.999847 0.00923247 -0.0148378 0.0263978 -0.00906419 0.999894 0.0113746 -0.00282054 0.0149413 -0.0112384 0.999825 0.00528403
180   183 0.999527 0.00883792 -0.0294707 0.0406055 -0.00840534 0.999856 0.0147752 -0.00426343 0.0295972 -0.0145203 0.999457 0.00750711
180   184 0.999127 0.00888044 -0.0408231 0.0506464 -0.00898407 0.999957 -0.00235263 -0.00628676 0.0408006 0.00271747 0.999164 0.00980593
180   185 0.998969 0.0132524 -0.0434112 0.0616799 -0.0129607 0.999892 0.00699482 -0.00723155 0.0434992 -0.00642489 0.999033 0.00983399
180   186 0.99834 0.00897635 -0.0568874 0.0716903 -0.00836551 0.999905 0.0109674 -0.00800043 0.0569804 -0.0104733 0.99832 0.0115615
180   187 0.997522 0.0105746 -0.0695588 0.0845154 -0.00977807 0.999883 0.0117828 -0.00955501 0.0696753 -0.0110734 0.997508 0.0135225
180   188 0.996838 0.0163015 -0.0777721 0.0938806 -0.015429 0.999811 0.011807 -0.0107749 0.0779499 -0.0105697 0.996901 0.0150541
180   189 0.995668 0.0176109 -0.0912954 0.106994 -0.0165762 0.99979 0.0120799 -0.0122945 0.0914889 -0.0105142 0.995751 0.0157496
180   190 0.993641 0.0201433 -0.11078 0.116189 -0.0181786 0.99966 0.0187184 -0.0131167 0.11112 -0.0165854 0.993669 0.0177461
180   191 0.992899 0.0287059 -0.115445 0.125786 -0.026239 0.999395 0.0228329 -0.0144299 0.116031 -0.0196415 0.993051 0.017215
180   192 0.991535 0.0371108 -0.124423 0.139224 -0.0339507 0.999047 0.0274255 -0.017209 0.125323 -0.0229689 0.99185 0.0158261
180   193 0.990325 0.038824 -0.133226 0.149262 -0.0358655 0.999055 0.0245379 -0.0189405 0.134053 -0.0195222 0.990782 0.0154182
180   194 0.989636 0.040901 -0.13765 0.160091 -0.0375813 0.998939 0.0266313 -0.0200182 0.138593 -0.0211821 0.990123 0.0135251
195   196 0.999963 0.00799945 -0.00297579 0.0117871 -0.00797467 0.999934 0.00820139 -0.00135376 0.00304102 -0.00817745 0.999962 -0.00345294
195   197 0.999914 0.00910136 -0.00937602 0.0231814 -0.00905995 0.999949 0.00444271 -0.00278689 0.00941586 -0.00435746 0.999946 -0.00602628
195   198 0.999672 0.019278 -0.0168517 0.0383593 -0.0190576 0.999732 0.0131397 -0.00360908 0.0171003 -0.0128144 0.999772 -0.0100735
195   199 0.999236 0.0334959 -0.0201492 0.0498032 -0.0332263 0.999356 0.0135645 -0.0048911 0.0205904 -0.0128848 0.999705 -0.0134282
195   200 0.998445 0.0413274 -0.0374008 0.0595049 -0.0413748 0.999143 -0.000498573 -0.00450493 0.0373481 0.00204505 0.9993 -0.0146399
195   201 0.997495 0.0494815 -0.0505406 0.0744904 -0.049675 0.998762 -0.00257915 -0.00538123 0.0503504 0.00508321 0.998719 -0.0181141
195   202 0.996745 0.0577274 -0.0562835 0.0852839 -0.0582673 0.998269 -0.00799774 -0.00587396 0.0557243 0.0112511 0.998383 -0.0195745
195   203 0.995928 0.0663709 -0.0610126 0.0958242 -0.0670583 0.997706 -0.00928734 -0.00596297 0.0602561 0.0133408 0.998094 -0.0207526
195   204 0.994573 0.0674761 -0.0791897 0.109421 -0.0684562 0.997607 -0.00972442 -0.00516206 0.0783439 0.0150926 0.996812 -0.0206008
195   205 0.993384 0.0654406 -0.0943697 0.119697 -0.0667746 0.997707 -0.0110455 -0.00478789 0.0934304 0.0172738 0.995476 -0.0198069
195   206 0.992477 0.0686953 -0.101339 0.130192 -0.0692388 0.997598 -0.00185334 -0.00394368 0.100968 0.00885585 0.99485 -0.0200008
195   207 0.991036 0.0670089 -0.115571 0.143378 -0.0682059 0.99765 -0.00642965 -0.00263378 0.114869 0.0142546 0.993278 -0.0181581
195   208 0.990006 0.0643985 -0.125465 0.153085 -0.0655427 0.997837 -0.00501013 -0.00171429 0.124871 0.0131833 0.992085 -0.0168752
195   209 0.988133 0.066684 -0.138371 0.162525 -0.0672937 0.997733 0.000272489 -0.00137922 0.138076 0.00904225 0.99038 -0.0145072
210   211 0.999891 -0.00444958 -0.0140541 0.00887778 0.00440128 0.999984 -0.00347009 5.52088e-05 0.0140692 0.00340782 0.999895 0.000268836
210   212 0.99946 -0.00693077 -0.0321076 0.0179603 0.00691394 0.999976 -0.000636015 -0.000789204 0.0321112 0.000413719 0.999484 -0.000209594
210   213 0.998601 -0.00790799 -0.0522739 0.0298795 0.00769747 0.999961 -0.00422656 -0.00248815 0.0523053 0.00381826 0.998624 -0.000715639
210   214 0.997853 -0.00918176 -0.0648513 0.0389068 0.00869416 0.999932 -0.00779619 -0.00401593 0.0649184 0.00721566 0.997865 -0.00105649
210   215 0.996566 -0.00670118 -0.0825252 0.0480707 0.00579338 0.99992 -0.0112349 -0.00563762 0.0825938 0.0107182 0.996526 -0.000171639
210   216 0.994301 -0.00689746 -0.106382 0.0605885 0.00596949 0.999941 -0.00903953 -0.00821053 0.106438 0.00835297 0.994284 0.00137402
210   217 0.993006 -0.00418721 -0.117989 0.0707697 0.00307902 0.999949 -0.0095728 -0.0102853 0.118023 0.00914258 0.992969 0.00327998
210   218 0.990184 0.00257 -0.139743 0.0841681 -0.00380675 0.999956 -0.00858328 -0.0134665 0.139714 0.00903106 0.990151 0.00713862
210   219 0.988134 0.0102228 -0.153253 0.0951566 -0.0111143 0.999926 -0.00496145 -0.0164226 0.153191 0.00660593 0.988174 0.0106276
210   220 0.985642 0.0139161 -0.168273 0.106755 -0.0148909 0.999879 -0.00453273 -0.0198637 0.168189 0.00697341 0.98573 0.0147282
210   221 0.982173 0.0216769 -0.186723 0.122146 -0.0214297 0.999765 0.00334282 -0.0246508 0.186752 0.000718248 0.982407 0.0214687
210   222 0.979813 0.0308307 -0.197525 0.133813 -0.030564 0.999523 0.00439965 -0.0292488 0.197566 0.00172632 0.980288 0.0264064
210   223 0.97707 0.0418831 -0.20876 0.145102 -0.0425398 0.999094 0.00134494 -0.0343109 0.208627 0.00756652 0.977966 0.031603
210   224 0.972369 0.0556668 -0.226716 0.160005 -0.0566624 0.998391 0.00211951 -0.0407614 0.226469 0.0107853 0.973959 0.0400653
225   226 0.999921 0.00549324 -0.0112963 0.0160584 -0.00548859 0.999985 0.000443922 -0.00314138 0.0112985 -0.000381915 0.999936 0.00585319
225   227 0.999674 0.0109152 -0.0230742 0.0278991 -0.0108683 0.999939 0.00215505 -0.00533946 0.0230962 -0.0019036 0.999731 0.0105005
225   228 0.999489 0.0143699 -0.0285364 0.0397995 -0.0142449 0.999888 0.00458214 -0.00717454 0.0285992 -0.00417328 0.999582 0.0156059
225   229 0.999245 0.0131845 -0.0365576 0.0513438 -0.0127979 0.99986 0.0107913 -0.00806058 0.0366948 -0.0103153 0.999273 0.0202311
225   230 0.998542 0.00744212 -0.0534704 0.0664788 -0.00693403 0.999929 0.00968247 -0.00918445 0.0535386 -0.00929758 0.998523 0.0262957
225   231 0.998047 0.00939175 -0.0617576 0.0816507 -0.00903948 0.999941 0.00598302 -0.0101838 0.0618102 -0.00541306 0.998073 0.0313118
225   232 0.997677 0.00822516 -0.067618 0.0928433 -0.00778656 0.999947 0.00675019 -0.0104681 0.0676701 -0.00620797 0.997689 0.0352795
225   233 0.996884 0.00782617 -0.0784952 0.103579 -0.00713601 0.999934 0.00906944 -0.0108899 0.078561 -0.0084811 0.996873 0.0394473
225   234 0.995743 0.00774759 -0.0918505 0.1174 -0.00664237 0.999902 0.0123323 -0.0116024 0.091937 -0.0116697 0.995696 0.0447743
225   235 0.99497 0.00942456 -0.0997323 0.127617 -0.00788318 0.999843 0.0158385 -0.0125164 0.099866 -0.0149725 0.994888 0.0482413
225   236 0.994193 0.0134927 -0.106758 0.137808 -0.0114592 0.999742 0.0196395 -0.0133901 0.106996 -0.0183021 0.994091 0.0512162
225   237 0.992113 0.0191439 -0.123873 0.150954 -0.0162648 0.999574 0.0242119 -0.0147519 0.124283 -0.0220062 0.992003 0.0562262
225   238 0.990876 0.0216135 -0.133033 0.161156 -0.018012 0.999439 0.0282173 -0.0154138 0.133568 -0.0255637 0.99071 0.0594003
225   239 0.989618 0.0227746 -0.141908 0.17177 -0.0184429 0.999325 0.0317653 -0.0161183 0.142536 -0.0288183 0.98937 0.0616608
240   241 0.999927 0.00451429 -0.0112206 0.0118886 -0.00449824 0.999989 0.00144842 -0.000813677 0.0112271 -0.00139778 0.999936 0.000433383
240   242 0.999693 0.0116159 -0.0218993 0.0226224 -0.0115217 0.999924 0.00442107 -0.00127448 0.021949 -0.00416736 0.99975 0.000560579
240   243 0.998829 0.0154711 -0.0458446 0.0381846 -0.0152607 0.999871 0.00493558 -0.00284721 0.0459151 -0.0042302 0.998936 0.00056704
240   244 0.998169 0.0200101 -0.0570728 0.0501601 -0.0198379 0.999797 0.00358141 -0.00411656 0.0571329 -0.00244264 0.998364 0.000176229
240   245 0.997268 0.0270611 -0.0687268 0.0626311 -0.0268773 0.999632 0.00359649 -0.00541914 0.0687988 -0.00173948 0.997629 -5.11776e-05
240   246 0.995437 0.030105 -0.0905457 0.0795448 -0.0296986 0.999542 0.00583213 -0.00769821 0.09068 -0.00311649 0.995875 0.00050248
240   247 0.994183 0.0337914 -0.102265 0.0926888 -0.0330957 0.999416 0.00849148 -0.009806 0.102492 -0.0050575 0.994721 0.00118638
240   248 0.992979 0.0402656 -0.111226 0.105551 -0.0395465 0.99918 0.00866341 -0.0119549 0.111484 -0.00420398 0.993757 0.00246839
240   249 0.990689 0.0492152 -0.12694 0.122704 -0.0481403 0.998774 0.0115231 -0.0155302 0.127352 -0.00530483 0.991843 0.00505411
240   250 0.988692 0.0602541 -0.137324 0.135472 -0.059845 0.998182 0.00710866 -0.0187227 0.137503 0.00118991 0.990501 0.00734812
240   251 0.987202 0.0666424 -0.144884 0.148355 -0.0677672 0.997697 -0.0028365 -0.0219101 0.144361 0.0126186 0.989444 0.00970274
240   252 0.985497 0.0726333 -0.153365 0.165097 -0.0745512 0.997194 -0.00678451 -0.0246217 0.152442 0.0181197 0.988146 0.0136401
240   253 0.98474 0.0775988 -0.155772 0.177035 -0.0793333 0.996836 -0.00493939 -0.0257955 0.154896 0.0172219 0.987781 0.017492
240   254 0.982419 0.0812696 -0.168075 0.191776 -0.084539 0.996343 -0.0123769 -0.0269333 0.166454 0.0263681 0.985697 0.0236345
255   256 0.999991 0.00343634 -0.0025235 0.0106265 -0.00343157 0.999992 0.00186004 0.00124421 0.00252982 -0.00185134 0.999995 0.00413486
255   257 0.999829 0.00385521 -0.0180681 0.0239628 -0.00370625 0.999959 0.00827152 0.00298305 0.0180991 -0.00820319 0.999802 0.00962036
255   258 0.999465 0.00425355 -0.0324348 0.0328918 -0.00395972 0.999951 0.00911784 0.00438993 0.032472 -0.00898456 0.999432 0.0135569
255   259 0.99912 0.00803652 -0.0411634 0.045828 -0.00726253 0.999795 0.0189173 0.00562238 0.0413069 -0.0186017 0.998973 0.0180221
255   260 0.998471 0.00777313 -0.0547224 0.0548092 -0.00659086 0.999742 0.021751 0.00589657 0.0548773 -0.0213571 0.998265 0.0215751
255   261 0.997422 0.0048231 -0.0715977 0.0637001 -0.00296705 0.999657 0.026007 0.00527074 0.0716986 -0.0257276 0.997094 0.0245078
255   262 0.99625 0.00792463 -0.086159 0.0761533 -0.00601464 0.999731 0.0224052 0.00321095 0.0863133 -0.0218029 0.996029 0.0289036
255   263 0.995265 0.010254 -0.0966547 0.0856629 -0.00837299 0.999768 0.0198463 0.000826443 0.0968357 -0.0189431 0.99512 0.0323279
255   264 0.993472 0.00721046 -0.113851 0.0946498 -0.00528927 0.999839 0.0171675 -0.00124064 0.113956 -0.0164532 0.99335 0.036773
255   265 0.991455 0.00901589 -0.130136 0.107007 -0.00696987 0.999845 0.0161683 -0.00483105 0.130261 -0.0151231 0.991364 0.0423238
255   266 0.990586 0.0144404 -0.136131 0.116452 -0.0130136 0.99985 0.0113646 -0.00825172 0.136275 -0.00948607 0.990625 0.0472063
255   267 0.988396 0.0187217 -0.150742 0.125448 -0.0172103 0.999788 0.0113244 -0.0117613 0.150922 -0.0085987 0.988508 0.0533961
255   268 0.986378 0.0256608 -0.16248 0.13813 -0.0244062 0.999655 0.00971312 -0.0171354 0.162673 -0.00561528 0.986664 0.0617441
255   269 0.98497 0.0341426 -0.169316 0.147904 -0.0325913 0.999397 0.0119332 -0.0217605 0.169622 -0.00623567 0.985489 0.0683994
270   271 0.999892 0.00841817 -0.0120522 0.0102715 -0.00838302 0.99996 0.00296236 -0.00329565 0.0120766 -0.00286097 0.999923 0.00640427
270   272 0.999703 0.0143188 -0.0197216 0.0208188 -0.0144102 0.999886 -0.0044981 -0.00795252 0.019655 0.00478092 0.999796 0.0131432
270   273 0.999479 0.023066 -0.0225949 0.0320003 -0.023259 0.999695 -0.00831405 -0.0118565 0.0223963 0.00883524 0.99971 0.0202236
270   274 0.999056 0.0311436 -0.0302777 0.04628 -0.0312804 0.999503 -0.00405392 -0.015153 0.0301364 0.00499718 0.999534 0.0286956
270   275 0.998995 0.0286618 -0.0344592 0.0571947 -0.028688 0.999588 -0.000264425 -0.0178843 0.0344375 0.00125268 0.999406 0.035574
270   276 0.998762 0.0307715 -0.0390824 0.0674395 -0.0309566 0.999512 -0.00413819 -0.0204855 0.0389361 0.00534285 0.999227 0.0420838
270   277 0.998604 0.0332979 -0.0410067 0.0809189 -0.0333512 0.999444 -0.000615053 -0.0235569 0.0409634 0.00198182 0.999159 0.0502131
270   278 0.998381 0.0298749 -0.0483953 0.0903844 -0.029719 0.999551 0.00393895 -0.0250443 0.0484912 -0.00249432 0.99882 0.0555542
270   279 0.998218 0.0289606 -0.0521809 0.102607 -0.0292089 0.999565 -0.00400124 -0.0275924 0.0520423 0.00551827 0.99863 0.0627026
270   280 0.998051 0.0290363 -0.0552281 0.111292 -0.0291482 0.999574 -0.00122177 -0.0285475 0.0551691 0.00282915 0.998473 0.0674168
270   281 0.99754 0.0304059 -0.0631697 0.119331 -0.0300995 0.99953 0.00579762 -0.0289661 0.0633163 -0.00388196 0.997986 0.0720961
270   282 0.996966 0.0269843 -0.0730058 0.129408 -0.0267519 0.999633 0.00415999 -0.0303073 0.0730912 -0.00219431 0.997323 0.0772326
270   283 0.996603 0.0305698 -0.0764672 0.137519 -0.0307387 0.999527 -0.00103216 -0.0325026 0.0763995 0.00337916 0.997072 0.0806214
270   284 0.996266 0.0281287 -0.0816319 0.14896 -0.0286321 0.999578 -0.00500129 -0.0347283 0.0814567 0.00731984 0.99665 0.0838869
285   286 0.999975 0.00251028 -0.00660015 0.00863259 -0.00248831 0.999991 0.00332673 -0.000501421 0.00660844 -0.00331028 0.999973 0.000346758
285   287 0.999918 0.00222969 -0.0126297 0.0207735 -0.00206241 0.99991 0.0132402 -0.00165749 0.0126581 -0.0132131 0.999833 0.000441469
285   288 0.999763 0.00173161 -0.0216864 0.029232 -0.0016021 0.999981 0.0059881 -0.00307269 0.0216964 -0.00595198 0.999747 0.000738752
285   289 0.999596 0.00544125 -0.0279073 0.0381741 -0.00531409 0.999975 0.00462773 -0.00463839 0.0279318 -0.00447755 0.9996 0.000362567
285   290 0.999512 0.011844 -0.028892 0.0499131 -0.0117893 0.999928 0.00206362 -0.00630776 0.0289143 -0.00172197 0.99958 -0.000534391
285   291 0.999293 0.0168823 -0.033595 0.0582756 -0.0167413 0.99985 0.00447466 -0.00716536 0.0336654 -0.00390905 0.999425 -0.00172421
285   292 0.998835 0.0254286 -0.0410055 0.0695333 -0.0250072 0.999629 0.0107565 -0.00758594 0.0412638 -0.0097185 0.999101 -0.00428779
285   293 0.999045 0.0291556 -0.0325323 0.0787126 -0.0287354 0.999498 0.0133097 -0.0079591 0.032904 -0.0123621 0.999382 -0.00714807
285   294 0.999027 0.03935 -0.019912 0.0869708 -0.0392789 0.99922 0.00394267 -0.00856779 0.0200516 -0.00315667 0.999794 -0.0110364
285   295 0.998187 0.0568273 -0.0198446 0.0948202 -0.0565263 0.998282 0.0154148 -0.00970033 0.0206865 -0.0142651 0.999684 -0.0140772
285   296 0.997337 0.0696504 -0.0216036 0.104492 -0.0691392 0.997328 0.0235728 -0.0098061 0.0231878 -0.0220164 0.999489 -0.0158053
285   297 0.996653 0.0805409 -0.0139798 0.111602 -0.0799944 0.996144 0.0360271 -0.00988699 0.0168275 -0.0347883 0.999253 -0.018545
285   298 0.995465 0.094547 -0.0105312 0.118196 -0.0941207 0.994928 0.0354799 -0.0105406 0.0138323 -0.0343278 0.999315 -0.019812
285   299 0.993802 0.110257 -0.0141822 0.127139 -0.109706 0.993345 0.035058 -0.0129505 0.0179531 -0.0332849 0.999285 -0.0206167
300   301 0.999985 0.00431165 0.00336794 0.00681122 -0.00430163 0.999986 -0.00298358 -0.000189422 -0.00338075 0.00296901 0.99999 -0.000799901
300   302 0.999914 0.011412 -0.006492 0.0162296 -0.0114231 0.999933 -0.00167596 -0.00118936 0.00647244 0.00174997 0.999977 -0.00239267
300   303 0.999819 0.0121882 -0.0146009 0.0227692 -0.012308 0.999891 -0.0081473 -0.00185944 0.0145001 0.0083255 0.99986 -0.00345029
300   304 0.999839 0.0130537 -0.0122669 0.0294086 -0.0131471 0.999885 -0.00756853 -0.00308415 0.0121667 0.00772857 0.999896 -0.0051426
300   305 0.999777 0.0172249 -0.0122293 0.0379545 -0.0174528 0.999671 -0.0187755 -0.00497981 0.0119019 0.0189848 0.999749 -0.00663794
300   306 0.9996 0.015824 -0.0234419 0.0440159 -0.0163815 0.999583 -0.0237859 -0.00649253 0.0230558 0.0241603 0.999442 -0.00721808
300   307 0.999467 0.0117492 -0.030463 0.0497248 -0.0125974 0.999534 -0.0278029 -0.00773413 0.0301221 0.0281718 0.999149 -0.00805919
300   308 0.99928 0.00721867 -0.0372581 0.0560112 -0.00822765 0.999601 -0.0269999 -0.00780578 0.0370484 0.027287 0.998941 -0.00930041
300   309 0.998833 0.00170865 -0.0482647 0.0604864 -0.00303127 0.999621 -0.0273435 -0.00777178 0.0481998 0.0274578 0.99846 -0.0105808
300   310 0.998069 -0.00554437 -0.0618646 0.0643998 0.00393811 0.999653 -0.0260559 -0.00782228 0.0619876 0.0257619 0.997744 -0.0116026
300   311 0.99725 -0.00438598 -0.0739742 0.0696679 0.00262564 0.999711 -0.0238774 -0.0080657 0.0740575 0.0236175 0.996974 -0.0132826
300   312 0.996841 -0.00383599 -0.0793264 0.0741383 0.00151906 0.999571 -0.0292474 -0.00875464 0.0794046 0.0290345 0.99642 -0.0145724
300   313 0.995941 -0.00884952 -0.0895742 0.0782691 0.00574177 0.999374 -0.0348937 -0.00910407 0.0898269 0.0342377 0.995368 -0.0165408
300   314 0.994588 -0.00983478 -0.103434 0.0846665 0.00626006 0.999374 -0.0348283 -0.00956259 0.103712 0.0339924 0.994026 -0.0184511
315   316 0.999911 -0.00605722 -0.0118482 0.00766041 0.00596999 0.999955 -0.00738427 -0.00135647 0.0118924 0.0073129 0.999902 -0.00319049
315   317 0.999856 -0.00528637 -0.0161072 0.0133499 0.00501554 0.999846 -0.0168084 -0.00167298 0.0161935 0.0167252 0.999729 -0.00579976
315   318 0.999725 -0.000911839 -0.0234404 0.0199116 0.000621278 0.999923 -0.0124001 -0.00242025 0.02345 0.0123821 0.999649 -0.00864863
315   319 0.999502 -0.0013558 -0.0315243 0.0269902 0.00112883 0.999973 -0.00721603 -0.00328673 0.0315333 0.00717688 0.999477 -0.0110756
315   320 0.999068 -0.00667098 -0.0426378 0.0369821 0.00598251 0.99985 -0.0162542 -0.00419059 0.0427398 0.015984 0.998958 -0.0145817
315   321 0.998697 -0.00634915 -0.0506284 0.0453946 0.00533047 0.999781 -0.0202302 -0.00439671 0.0507458 0.019934 0.998513 -0.0167756
315   322 0.998555 -0.00593615 -0.0534197 0.0545617 0.00488506 0.999792 -0.0197852 -0.00523647 0.053526 0.0194957 0.998376 -0.0195434
315   323 0.998079 -0.00583269 -0.0616846 0.0666925 0.0046828 0.999813 -0.0187698 -0.00586907 0.0617825 0.0184449 0.997919 -0.0226642
315   324 0.997298 -0.00675082 -0.0731457 0.0760632 0.00542274 0.999817 -0.01834 -0.00613709 0.0732561 0.0178939 0.997153 -0.0245139
315   325 0.996679 -0.00492123 -0.0812757 0.0862448 0.00388414 0.999909 -0.0129133 -0.00623821 0.0813319 0.0125547 0.996608 -0.0268623
315   326 0.996224 -0.00156884 -0.0868066 0.0994716 0.000282183 0.99989 -0.0148324 -0.00688071 0.0868203 0.0147518 0.996115 -0.0294855
