0 1 1266 0.999628 0.00888337 -0.0257743 0.940388 -0.0089982 0.99995 -0.00434278 0.262785 0.0257345 0.00457309 0.999658 -0.215905
0 2 739 0.999716 0.0120876 -0.0205188 0.706488 -0.0121387 0.999924 -0.00236862 0.29383 0.0204886 0.00261702 0.999787 -0.643847
0 3 1134 0.999447 0.0161127 -0.029087 0.634259 -0.0161173 0.99987 7.39621e-05 0.295311 0.0290845 0.000394884 0.999577 -0.714497
0 4 1269 0.99736 0.0201467 -0.0697583 0.859564 -0.0204194 0.999786 -0.0031983 0.286765 0.0696789 0.00461428 0.997559 -0.422984
0 5 1209 0.995855 0.0245746 -0.0875674 0.924621 -0.0246918 0.999695 -0.000255471 0.24171 0.0875344 0.00241661 0.996159 -0.294368
0 6 1110 0.995555 0.0229269 -0.0913455 0.872914 -0.0227636 0.999737 0.00282912 0.211462 0.0913863 -0.000737193 0.995815 -0.439665
0 7 1003 0.992918 0.0311936 -0.11463 0.885692 -0.0311946 0.999512 0.00178588 0.238937 0.114629 0.00180259 0.993407 -0.398069
0 8 926 0.988132 0.0387248 -0.148647 0.910871 -0.0390414 0.999237 0.000788252 0.232746 0.148564 0.00502447 0.98889 -0.340798
0 9 823 0.989052 0.032794 -0.143877 0.900485 -0.0318643 0.999454 0.00876171 0.216429 0.144086 -0.00408124 0.989557 -0.377207
0 10 773 0.987592 0.0361414 -0.152826 0.907031 -0.0349176 0.999333 0.010685 0.221514 0.15311 -0.00521608 0.988195 -0.358087
0 11 692 0.985603 0.0467806 -0.162479 0.904646 -0.0459312 0.998904 0.00898226 0.214699 0.162721 -0.0013901 0.986671 -0.36813
0 12 517 0.987289 0.0476699 -0.151615 0.879302 -0.0466691 0.998859 0.0101542 0.218238 0.151926 -0.00294938 0.988387 -0.42332
0 13 535 0.97814 0.0628551 -0.198223 0.904219 -0.061916 0.998021 0.0109383 0.198856 0.198518 0.00157394 0.980096 -0.377947
0 14 496 0.975415 0.070915 -0.208654 0.919383 -0.0692662 0.997482 0.0152077 0.202952 0.209207 -0.000381156 0.977871 -0.336964
15 16 580 0.99993 -0.000815063 -0.0118054 0.778861 0.000727924 0.999972 -0.0073837 0.171408 0.0118111 0.00737459 0.999903 -0.60332
15 17 1235 0.998503 -0.00207343 -0.0546626 0.893456 0.00118798 0.999868 -0.016226 0.25568 0.054689 0.0161368 0.998373 -0.369275
15 18 1268 0.99876 0.00273226 -0.0497064 0.876963 -0.00322054 0.999947 -0.009746 0.284412 0.0496771 0.009894 0.998716 -0.387357
15 19 1158 0.998454 0.00285095 -0.0555039 0.883072 -0.00311175 0.999985 -0.00461292 0.253319 0.0554899 0.0047785 0.998448 -0.394987
15 20 1013 0.999165 0.00479899 -0.0405783 0.788333 -0.00427231 0.999906 0.013056 0.0877501 0.0406371 -0.0128717 0.999091 -0.608958
15 21 987 0.995097 0.00360583 -0.0988345 0.912036 -0.0038964 0.999989 -0.00274715 0.214415 0.0988235 0.00311878 0.9951 -0.349594
15 22 889 0.991342 0.00973258 -0.130945 0.940994 -0.0106299 0.999925 -0.00615503 0.194462 0.130875 0.00749366 0.991371 -0.276973
15 23 811 0.994005 0.0261294 -0.106167 0.899763 -0.0265896 0.999642 -0.0029215 0.176511 0.106053 0.00572693 0.994344 -0.399088
15 24 755 0.992143 0.0255021 -0.122485 0.910479 -0.0263363 0.99964 -0.0051962 0.14806 0.122308 0.00838118 0.992457 -0.386143
15 25 705 0.988246 0.0374486 -0.148212 0.918352 -0.0392304 0.999189 -0.00911594 0.127578 0.14775 0.0148232 0.988914 -0.374636
15 26 642 0.985261 0.0426812 -0.165649 0.933693 -0.045416 0.998887 -0.0127553 0.113091 0.164921 0.0200904 0.986102 -0.339746
15 27 549 0.971966 0.0387585 -0.231904 0.965068 -0.0475205 0.998347 -0.0323148 0.121937 0.230268 0.0424291 0.972202 -0.231897
15 28 498 0.959013 0.0464888 -0.279524 0.984498 -0.0564713 0.998018 -0.0277615 0.0569438 0.277679 0.0424087 0.959737 -0.165897
15 29 438 0.957318 0.0481704 -0.284996 0.97615 -0.0665015 0.99627 -0.0549918 0.128343 0.281283 0.0715973 0.95695 -0.175095
30 31 85 0.999993 0.00331963 0.00155864 0.294609 -0.00332871 0.999977 0.00585842 -0.146505 -0.00153916 -0.00586357 0.999982 -0.944321
30 32 1396 0.997616 0.000107293 -0.0690158 0.988856 0.0013388 0.999781 0.0209065 -0.122359 0.0690029 -0.0209491 0.997396 0.0848093
30 33 1104 0.994112 0.0105028 -0.10785 0.9907 -0.00923847 0.999883 0.0122158 -0.0275558 0.107965 -0.0111475 0.994092 0.133243
30 34 869 0.993089 0.0265349 -0.114324 0.985508 -0.0266445 0.999645 0.000569451 0.0623147 0.114298 0.00248058 0.993443 0.157767
30 35 624 0.994696 0.0500648 -0.0898503 0.994269 -0.049005 0.998701 0.0139637 0.0180319 0.0904326 -0.00948657 0.995857 0.105375
30 36 551 0.994933 0.0574346 -0.0825172 0.99494 -0.0548829 0.997952 0.032868 -0.0190527 0.084236 -0.0281727 0.996047 0.0986466
30 37 570 0.991388 0.0544783 -0.119092 0.979868 -0.0525673 0.998434 0.0191318 0.110517 0.119948 -0.0127067 0.992699 0.166265
30 38 636 0.996556 0.0720326 -0.0410902 0.98187 -0.0702475 0.996587 0.0433493 0.0315608 0.0440725 -0.0403135 0.998215 0.186908
30 39 561 0.997194 0.0689263 -0.0292018 0.982029 -0.0673244 0.996339 0.0526847 -0.00402989 0.0327263 -0.0505709 0.998184 0.188689
30 40 456 0.987896 0.0696087 -0.138621 0.980866 -0.0632132 0.996746 0.0500219 -0.000354237 0.141652 -0.0406537 0.989081 0.194683
30 41 437 0.981195 0.0594946 -0.18362 0.981701 -0.0566247 0.998178 0.0208384 0.0697006 0.184525 -0.0100491 0.982776 0.177217
30 42 429 0.993136 0.078992 -0.0862607 0.983958 -0.0752556 0.996114 0.0457454 -0.0302586 0.0895391 -0.0389398 0.995222 0.175817
30 43 376 0.985863 0.0658227 -0.154083 0.984378 -0.0617345 0.997606 0.0311739 0.0160601 0.155766 -0.021221 0.987566 0.175334
30 44 336 0.98651 0.0611627 -0.151848 0.987409 -0.0568544 0.997851 0.0325579 0.00515483 0.153513 -0.0234855 0.987867 0.158106
45 46 0 1 0 0 0 0 1 0 0 0 0 1 0
45 47 1314 0.998984 0.00444815 -0.044837 0.977664 -0.0044922 0.99999 -0.000881759 0.162913 0.0448326 0.00108228 0.998994 -0.132788
45 48 1130 0.99863 0.0229669 -0.0470179 0.99574 -0.022801 0.999732 0.00406065 0.0576054 0.0470985 -0.00298303 0.998886 -0.0720011
45 49 1177 0.995639 0.0264815 -0.0894485 0.990263 -0.025998 0.99964 0.00656718 0.00902432 0.0895902 -0.00421307 0.99597 -0.138913
45 50 977 0.996895 0.0359122 -0.0700806 0.969869 -0.0352392 0.99932 0.0108157 0.0537526 0.0704214 -0.00831251 0.997483 -0.237623
45 51 842 0.996772 0.0314792 -0.0738618 0.976704 -0.0302717 0.99939 0.0174109 0.0733749 0.0743648 -0.0151188 0.997116 -0.201655
45 52 701 0.993332 0.0532312 -0.102265 0.983587 -0.0487816 0.997771 0.0455308 -0.0902927 0.104461 -0.0402386 0.993715 -0.156215
45 53 570 0.985053 0.0493461 -0.165035 0.983926 -0.0443025 0.998436 0.0341056 0.0668817 0.16646 -0.0262844 0.985698 -0.165577
45 54 606 0.989893 0.0752803 -0.120189 0.996069 -0.0693069 0.996179 0.0531354 0.0573922 0.12373 -0.0442684 0.991328 -0.0674747
45 55 418 0.989576 0.0851571 -0.116133 0.998317 -0.0797906 0.995551 0.0501094 0.0550253 0.119883 -0.0403208 0.991969 -0.0182984
45 56 493 0.972401 0.109095 -0.20624 0.99532 -0.106095 0.994027 0.025585 0.0794075 0.207799 -0.00299793 0.978167 0.0550618
45 57 524 0.981443 0.129123 -0.141763 0.999947 -0.124237 0.991328 0.0428254 0.00243234 0.146064 -0.0244184 0.988974 0.0099595
45 58 459 0.967578 0.161228 -0.194417 0.999576 -0.154195 0.986729 0.0508841 0.0054622 0.200041 -0.0192562 0.979598 0.0286039
45 59 363 0.96937 0.134271 -0.205654 0.996285 -0.128684 0.990864 0.0403648 0.0766196 0.209194 -0.012664 0.977792 0.0393084
60 61 260 0.999958 0.00713194 0.00568905 0.339482 -0.00713423 0.999974 0.00038143 0.0300403 -0.00568618 -0.000422001 0.999984 0.940133
60 62 939 0.999355 0.0250898 -0.0256863 0.924896 -0.0253118 0.999645 -0.0083562 0.207495 0.0254675 0.00900098 0.999635 0.318612
60 63 950 0.998753 0.031559 -0.0386961 0.889524 -0.032072 0.999405 -0.0127072 0.211058 0.0382721 0.0139324 0.99917 0.405217
60 64 774 0.999118 0.0322528 -0.0268795 0.815031 -0.0324396 0.999452 -0.00654487 0.12164 0.0266537 0.00741106 0.999617 0.566505
60 65 726 0.998754 0.0237758 -0.0438731 0.797938 -0.0240658 0.999692 -0.00609345 0.0360246 0.0437147 0.0071417 0.999019 0.601662
60 66 777 0.996494 0.0214896 -0.080855 0.918497 -0.0223893 0.999697 -0.0102369 0.0319901 0.0806105 0.0120113 0.996673 0.394131
60 67 715 0.994224 0.0153148 -0.106222 0.912894 -0.0182929 0.999465 -0.0271187 0.119739 0.10575 0.0289052 0.993973 0.39024
60 68 654 0.990714 0.0155232 -0.135071 0.944068 -0.0178265 0.999715 -0.01586 0.0046675 0.134787 0.0181205 0.990709 0.329717
60 69 551 0.996264 0.0219234 -0.0835309 0.829976 -0.0227852 0.999696 -0.00937745 -0.0631589 0.0833 0.0112457 0.996461 0.554212
60 70 519 0.997227 0.0285086 -0.0687363 0.742661 -0.0292156 0.99953 -0.00930136 -0.0522325 0.0684388 0.0112837 0.997592 0.667628
60 71 483 0.996708 0.0412359 -0.0698083 0.747376 -0.0421049 0.999052 -0.0110219 -0.0389161 0.0692876 0.0139249 0.9975 0.66326
60 72 446 0.993976 0.0299367 -0.105426 0.78461 -0.0307438 0.999509 -0.00603853 -0.0913176 0.105194 0.00924336 0.994409 0.613228
60 73 489 0.98827 0.040903 -0.147137 0.850421 -0.0421649 0.999096 -0.00546671 -0.0932261 0.14678 0.0116066 0.989101 0.517777
60 74 430 0.989593 0.0511254 -0.134509 0.793459 -0.0506657 0.998692 0.00684041 -0.177985 0.134683 4.57651e-05 0.990889 0.582018
75 76 17 0.999909 0.00767813 -0.0111078 0.765408 -0.00770294 0.999968 -0.00219264 -0.233785 0.0110906 0.002278 0.999936 0.599579
75 77 802 0.99985 0.010969 -0.0134222 0.551693 -0.0110462 0.999923 -0.00569434 -0.350959 0.0133587 0.00584175 0.999894 0.756612
75 78 898 0.999418 0.0148809 -0.0306967 0.822912 -0.0152173 0.999826 -0.0107553 -0.389097 0.0305313 0.0112162 0.999471 0.414028
75 79 908 0.999425 0.0244815 -0.0234698 0.765175 -0.0249531 0.999488 -0.0200154 -0.332975 0.0229678 0.0205895 0.999524 0.551031
75 80 997 0.997998 0.0297229 -0.0558266 0.858351 -0.0305412 0.999437 -0.0138612 -0.359592 0.0553832 0.0155384 0.998344 0.365961
75 81 925 0.99801 0.0272254 -0.0568749 0.861978 -0.0283628 0.999412 -0.0192875 -0.380622 0.0563163 0.0208623 0.998195 0.334843
75 82 908 0.997832 0.0168303 -0.0636273 0.854632 -0.0183621 0.999554 -0.0235668 -0.385719 0.0632022 0.024684 0.997695 0.347599
75 83 718 0.998714 0.0270552 -0.0428853 0.750041 -0.028504 0.999031 -0.0335399 -0.352846 0.0419363 0.0347191 0.998517 0.559409
75 84 736 0.995713 0.0356327 -0.0853603 0.86458 -0.0381007 0.998897 -0.0274605 -0.359794 0.0842877 0.0305951 0.995972 0.350785
75 85 577 0.998238 0.027099 -0.0527958 0.794285 -0.0295882 0.998459 -0.046951 -0.339121 0.0514421 0.0484303 0.997501 0.504092
75 86 593 0.997462 0.0290119 -0.0650282 0.818471 -0.0321488 0.998343 -0.0477224 -0.338437 0.0635359 0.0496919 0.996742 0.464291
75 87 635 0.994769 0.02414 -0.0992519 0.851288 -0.0281924 0.998817 -0.0396322 -0.355372 0.0981777 0.042223 0.994273 0.38603
75 88 604 0.992642 0.0446787 -0.112542 0.864991 -0.0500504 0.997716 -0.0453643 -0.330941 0.110258 0.0506633 0.992611 0.377186
75 89 480 0.997268 0.0527119 -0.0517415 0.793491 -0.0559895 0.996373 -0.0640853 -0.326541 0.0481757 0.0668073 0.996602 0.513559
90 91 88 0.999951 0.00905828 -0.00391765 0.322506 -0.00905043 0.999957 0.00201723 0.210604 0.00393576 -0.00198167 0.99999 0.922841
90 92 128 0.999957 0.00924966 0.0010359 -0.629919 -0.00925604 0.999937 0.00633307 -0.0640926 -0.000977254 -0.00634239 0.999979 0.774012
90 93 1091 0.998579 0.0219335 -0.0485723 0.996275 -0.0213759 0.9997 0.0119701 0.016668 0.0488203 -0.0109148 0.998748 0.0846091
90 94 96 0.999639 0.025106 -0.00956023 -0.92686 -0.0249382 0.99954 0.0172836 -0.0200012 0.00998975 -0.017039 0.999805 -0.374874
90 95 786 0.998611 0.0406339 -0.0335351 0.987109 -0.0397831 0.998879 0.025659 0.1596 0.0345401 -0.0242893 0.999108 0.0119616
90 96 521 0.998855 0.0447586 -0.0168756 0.871401 -0.044047 0.998212 0.0404127 0.105087 0.0186542 -0.0396231 0.999041 0.479184
90 97 81 0.998142 0.0608511 -0.00309284 -0.853605 -0.0605948 0.996692 0.0541636 -0.0893758 0.00637852 -0.0538755 0.998527 -0.513196
90 98 105 0.9979 0.0644958 0.00592751 -0.900817 -0.0647542 0.99537 0.0710254 -0.0748625 -0.00131923 -0.0712601 0.997457 -0.427697
90 99 606 0.991847 0.0955075 -0.0843664 0.962321 -0.0892279 0.99316 0.0753119 0.223259 0.0909822 -0.0671701 0.993585 -0.155221
90 100 726 0.989529 0.103943 -0.100136 0.978653 -0.0954778 0.991716 0.085925 0.205461 0.108238 -0.0754645 0.991257 -0.00492048
90 101 558 0.9798 0.104502 -0.170506 0.97388 -0.0926746 0.992797 0.07593 0.226745 0.177212 -0.0585947 0.982427 -0.0120535
90 102 575 0.984341 0.123312 -0.125962 0.98167 -0.109878 0.987998 0.108562 0.181917 0.137838 -0.093022 0.986077 -0.05683
90 103 591 0.983893 0.138274 -0.113295 0.973422 -0.125417 0.985567 0.113699 0.228685 0.127381 -0.0976588 0.987034 -0.0123528
90 104 544 0.975285 0.155676 -0.156791 0.974669 -0.139594 0.984203 0.10889 0.223333 0.171266 -0.0843117 0.981611 0.0118986
105 106 29 0.999874 0.01574 0.00187701 -0.902286 -0.0157529 0.999851 0.00706251 -0.415142 -0.00176556 -0.00709119 0.999973 0.11635
105 107 239 0.999778 0.0210828 -0.000377897 -0.915417 -0.0210781 0.99973 0.00981983 -0.0800878 0.000584824 -0.00980968 0.999952 -0.39446
105 108 596 0.999073 0.029417 -0.0314329 0.761442 -0.0291392 0.999532 0.00925762 0.332066 0.0316905 -0.00833311 0.999463 -0.55672
105 109 866 0.999398 0.0321849 0.0129883 -0.880799 -0.0325696 0.999001 0.0305869 -0.272275 -0.0119909 -0.0309915 0.999448 -0.387376
105 110 674 0.996227 0.0342242 -0.0797555 0.811958 -0.0330885 0.999332 0.0155189 0.251034 0.0802334 -0.0128214 0.996694 -0.526978
105 111 794 0.993639 0.0310654 -0.108239 0.941308 -0.0286087 0.999298 0.0241768 0.246672 0.108914 -0.0209265 0.993831 -0.230418
105 112 576 0.998291 0.0288229 -0.0508275 0.952131 -0.0269565 0.998951 0.03703 0.298614 0.0518415 -0.0355966 0.998021 -0.0653867
105 113 615 0.993813 0.032291 -0.106272 0.967701 -0.030169 0.999313 0.0215146 0.239786 0.106894 -0.0181754 0.994104 -0.0778312
105 114 110 0.99896 0.0337001 -0.0307254 0.970972 -0.0326139 0.998848 0.0351933 0.237366 0.031876 -0.0341546 0.998908 0.0295235
105 115 582 0.99268 0.0305822 -0.116841 0.966292 -0.0290648 0.99947 0.0146695 0.19009 0.117227 -0.0111661 0.993042 -0.173623
105 116 524 0.992777 0.022399 -0.117867 0.991029 -0.0204144 0.999629 0.0180189 0.132285 0.118227 -0.0154825 0.992866 -0.0190467
105 117 436 0.990401 0.0270082 -0.135558 0.982389 -0.0255987 0.999599 0.0121307 0.152867 0.135831 -0.0085442 0.990695 -0.107443
105 118 363 0.990165 0.0206959 -0.138364 0.99606 -0.018199 0.999648 0.0192861 0.0880215 0.138715 -0.0165784 0.990194 -0.010813
105 119 246 0.991786 0.0265883 -0.125111 0.995209 -0.0251794 0.999601 0.0128297 0.0884983 0.125402 -0.00957413 0.99206 0.0415478
120 121 73 0.99999 0.00404763 -0.00209646 0.941381 -0.00404682 0.999992 0.000388275 -0.122368 0.00209801 -0.000379787 0.999998 -0.31437
120 122 258 0.999876 -0.0037224 0.0152852 0.929256 0.00370475 0.999992 0.00118263 -0.199951 -0.0152895 -0.00112585 0.999882 0.31065
120 123 562 0.99988 -0.007815 0.0134097 0.928813 0.00778582 0.999967 0.00222697 -0.235231 -0.0134267 -0.00212229 0.999908 0.286311
120 124 511 0.999962 -0.00761332 0.00422934 0.948819 0.00759184 0.999958 0.00506977 -0.28669 -0.00426776 -0.00503747 0.999978 0.132485
120 125 834 0.99986 -0.00240276 -0.0165601 0.95147 0.00257337 0.999944 0.0102891 -0.274297 0.0165344 -0.0103303 0.99981 0.139522
120 126 485 0.999974 -0.00112582 -0.00714958 0.926922 0.00115405 0.999992 0.00394495 -0.323842 0.00714508 -0.00395309 0.999967 0.189585
120 127 823 0.999281 0.00798066 -0.0370552 0.943256 -0.00767177 0.999935 0.00847075 -0.32461 0.0371203 -0.00818038 0.999277 0.0699739
120 128 397 0.999918 0.00616061 -0.0112286 0.950833 -0.00616938 0.999981 -0.000746469 -0.295684 0.0112238 0.000815681 0.999937 0.0921243
120 129 666 0.99946 0.00475858 -0.0325056 0.944692 -0.00435104 0.999911 0.0125967 -0.284558 0.0325627 -0.0124485 0.999392 0.163045
120 130 352 0.999689 -0.000826873 -0.0249165 0.939663 0.00102349 0.999968 0.00787945 -0.31173 0.0249092 -0.0079025 0.999658 0.140916
120 131 505 0.999339 0.00528821 -0.0359542 0.947638 -0.00520553 0.999984 0.00239297 -0.274257 0.0359662 -0.00220422 0.999351 0.163602
120 132 595 0.998405 0.00404689 -0.0563137 0.951188 -0.00347845 0.999942 0.0101886 -0.307631 0.0563516 -0.00997644 0.998361 0.0246004
120 133 297 0.998996 0.000342947 -0.0447937 0.949692 -0.000116447 0.999987 0.00505902 -0.245852 0.0447949 -0.00504873 0.998983 0.194015
120 134 284 0.998331 0.00283712 -0.0576856 0.944761 -0.00241578 0.99997 0.0073726 -0.209558 0.0577048 -0.00722094 0.998308 0.252016
135 136 15 0.999998 0.00064351 -0.00190992 -0.8389 -0.00063147 0.99998 0.00629775 -0.00224898 0.00191394 -0.00629654 0.999978 -0.54428
135 137 774 0.999205 0.00923507 -0.0387802 0.976254 -0.00881595 0.999901 0.0109647 0.140045 0.0388777 -0.0106141 0.999188 -0.165276
135 138 667 0.998495 0.0109781 -0.0537366 0.900276 -0.00978245 0.9997 0.022463 0.193705 0.0539671 -0.0219035 0.998302 -0.389847
135 139 631 0.997442 0.019885 -0.0686629 0.946354 -0.0178784 0.999398 0.0297162 0.171454 0.0692125 -0.0284126 0.997197 -0.273892
135 140 671 0.996028 0.0197405 -0.0868296 0.960432 -0.016665 0.999213 0.0360033 0.118245 0.0874719 -0.0344133 0.995572 -0.252166
135 141 500 0.995797 0.02454 -0.0882378 0.945004 -0.0210319 0.998959 0.0404698 0.150628 0.0891391 -0.0384439 0.995277 -0.290307
135 142 704 0.9914 0.0317584 -0.126957 0.935457 -0.0259799 0.998561 0.0469155 0.126789 0.128264 -0.0432137 0.990798 -0.329917
135 143 400 0.993472 0.0365919 -0.108049 0.952202 -0.0306314 0.997943 0.0563189 0.163969 0.109888 -0.0526416 0.992549 -0.257733
135 144 631 0.986543 0.0511973 -0.155279 0.954528 -0.043052 0.997537 0.0553754 0.156753 0.157731 -0.0479452 0.986317 -0.253585
135 145 378 0.988863 0.058917 -0.136672 0.938553 -0.0506992 0.996734 0.0628508 0.150914 0.139929 -0.0552217 0.98862 -0.310392
135 146 362 0.986414 0.0726585 -0.147338 0.93466 -0.063577 0.995829 0.0654426 0.157409 0.151479 -0.0551862 0.986919 -0.3188
135 147 501 0.980149 0.0863988 -0.178449 0.950429 -0.0763791 0.995131 0.0622885 0.148081 0.182962 -0.0474222 0.981976 -0.273418
135 148 273 0.984556 0.0911418 -0.149477 0.914224 -0.0824908 0.994592 0.063101 0.146228 0.154419 -0.049796 0.98675 -0.377905
135 149 439 0.977791 0.097718 -0.185408 0.911507 -0.0879206 0.994297 0.060368 0.143276 0.190249 -0.0427261 0.980806 -0.385522
150 151 462 0.999979 -0.0051822 0.00389251 -0.957754 0.00514287 0.999936 0.0100485 -0.218762 -0.00394433 -0.0100283 0.999942 0.18668
150 152 259 0.999899 -0.00767447 -0.0119318 -0.808893 0.00776608 0.999941 0.00765065 -0.226521 0.0118724 -0.00774255 0.9999 0.542569
150 153 16 0.999472 -0.00386453 -0.0322511 -0.957285 0.00389142 0.999992 0.000771162 -0.220403 0.0322479 -0.000896258 0.99948 -0.187157
150 154 194 0.999126 -0.00320303 -0.0416746 -0.939881 0.00291879 0.999972 -0.00687943 -0.142256 0.0416954 0.00675178 0.999108 0.310463
150 155 200 0.998513 -0.0120712 -0.0531673 0.983898 0.0112794 0.999821 -0.0151673 0.106267 0.0533409 0.014545 0.99847 -0.14371
150 156 460 0.995413 -0.0149328 -0.0944941 0.90348 0.0132711 0.999746 -0.0181894 0.0772982 0.0947417 0.0168519 0.995359 -0.421603
150 157 460 0.992793 -0.0190059 -0.118324 0.931673 0.0170952 0.999707 -0.0171418 0.075246 0.118616 0.0149955 0.992827 -0.355419
150 158 514 0.990772 -0.0151358 -0.134692 0.892713 0.0133977 0.999815 -0.013801 0.0954032 0.134876 0.0118691 0.990791 -0.44041
150 159 382 0.989931 -0.0102231 -0.141184 0.963312 0.00913563 0.999923 -0.0083488 0.105915 0.141258 0.00697493 0.989948 -0.2466
150 160 349 0.988461 -0.00157529 -0.151465 0.956005 3.349e-05 0.999948 -0.0101813 0.125184 0.151473 0.0100587 0.98841 -0.265299
150 161 320 0.987393 -0.00372906 -0.158247 0.958512 0.00265079 0.999972 -0.00702439 0.106004 0.158269 0.00651635 0.987375 -0.264608
150 162 470 0.979393 0.00459622 -0.201912 0.951132 -0.00553669 0.999976 -0.00409333 0.0763989 0.201888 0.0051269 0.979395 -0.299183
150 163 462 0.979522 0.0052763 -0.201266 0.954682 -0.00548924 0.999985 -0.000499887 0.102338 0.20126 0.00159445 0.979537 -0.279481
150 164 428 0.973666 0.0126901 -0.227624 0.941676 -0.0110629 0.999903 0.00842299 0.0868561 0.227709 -0.00568299 0.973713 -0.325119
165 166 0 1 0 0 0 0 1 0 0 0 0 1 0
165 167 1008 0.998975 0.0160229 -0.0423288 0.996159 -0.0156527 0.999836 0.0090637 0.0357293 0.0424671 -0.00839185 0.999063 -0.0799465
165 168 613 0.999073 0.0232566 -0.0362372 0.924087 -0.0226956 0.999617 0.0158187 -0.0487134 0.0365912 -0.0149816 0.999218 0.379066
165 169 1059 0.996903 0.0308474 -0.0723352 0.975983 -0.0298253 0.99944 0.0151685 -0.0625971 0.0727626 -0.0129641 0.997265 0.208661
165 170 624 0.996738 0.0340765 -0.073164 0.986045 -0.0329677 0.999323 0.0163101 -0.0838706 0.0736703 -0.0138448 0.997187 0.143806
165 171 465 0.996305 0.0389933 -0.0765298 0.965719 -0.0371061 0.998975 0.0259286 -0.126181 0.0774624 -0.022993 0.99673 0.226857
165 172 414 0.99473 0.0435604 -0.0928177 0.919408 -0.0408285 0.998681 0.0311319 -0.124686 0.0940514 -0.0271782 0.995196 0.373019
165 173 532 0.987692 0.0605525 -0.144218 0.936628 -0.0560268 0.997807 0.0352421 -0.155245 0.146036 -0.0267283 0.988918 0.31405
165 174 528 0.984483 0.0678091 -0.161846 0.947306 -0.0636131 0.997494 0.0309748 -0.16924 0.163541 -0.0201986 0.98633 0.271974
165 175 496 0.984834 0.0679063 -0.159661 0.940121 -0.065455 0.997644 0.0205682 -0.160775 0.160681 -0.00980568 0.986958 0.300539
165 176 407 0.979114 0.0814935 -0.186262 0.93843 -0.0783088 0.99663 0.0244045 -0.209444 0.187624 -0.00930883 0.982197 0.274742
165 177 436 0.980408 0.085051 -0.17767 0.944804 -0.08373 0.996377 0.0149339 -0.199979 0.178296 0.000235018 0.983977 0.259527
165 178 350 0.983441 0.089217 -0.157746 0.92367 -0.0879022 0.996012 0.0153063 -0.208697 0.158483 -0.00118664 0.987361 0.321372
165 179 356 0.980946 0.0725677 -0.18022 0.93828 -0.0707404 0.997357 0.0165546 -0.17257 0.180945 -0.00349035 0.983487 0.299749
180 181 0 1 0 0 0 0 1 0 0 0 0 1 0
180 182 613 0.999856 0.0018194 -0.0168902 0.961913 -0.0017257 0.999983 0.00556013 -0.0504888 0.0169 -0.00553018 0.999842 0.268653
180 183 1014 0.998297 0.00753437 -0.0578439 0.986687 -0.00673423 0.999879 0.0140154 -0.127179 0.0579425 -0.013602 0.998227 0.101361
180 184 742 0.99577 0.0131954 -0.0909312 0.977966 -0.0123883 0.999879 0.00943423 -0.0845738 0.0910447 -0.00826783 0.995812 0.190866
180 185 469 0.999032 0.00486792 -0.0437228 0.949817 -0.00482157 0.999988 0.00116545 -0.0883195 0.0437279 -0.000953512 0.999043 0.30008
180 186 427 0.998629 0.00303394 -0.052267 0.967737 -0.00282973 0.999988 0.00398063 -0.0969026 0.0522785 -0.00382727 0.998625 0.232585
180 187 657 0.996916 0.00541778 -0.0782847 0.968672 -0.00490045 0.999965 0.00679886 -0.0995804 0.0783188 -0.00639426 0.996908 0.227505
180 188 642 0.994166 0.0149549 -0.106816 0.980911 -0.0138923 0.999846 0.0106847 -0.10404 0.106959 -0.00913845 0.994221 0.164281
180 189 492 0.995247 0.0102178 -0.0968497 0.988089 -0.00903453 0.999879 0.0126477 -0.0982305 0.0969673 -0.0117126 0.995219 0.118453
180 190 302 0.997035 0.0117109 -0.0760583 0.965097 -0.0102364 0.999753 0.0197478 -0.108302 0.0762707 -0.0189106 0.996908 0.238449
180 191 474 0.990374 0.022699 -0.136543 0.981814 -0.0192897 0.99947 0.0262403 -0.097988 0.137066 -0.0233539 0.990287 0.162603
180 192 430 0.989732 0.0335158 -0.138954 0.97806 -0.0300355 0.999182 0.027069 -0.116099 0.139747 -0.0226175 0.989929 0.172975
180 193 390 0.989274 0.0349968 -0.141819 0.984619 -0.0318635 0.999197 0.0243055 -0.119281 0.142556 -0.0195259 0.989594 0.127661
180 194 357 0.980334 0.0428124 -0.192645 0.990032 -0.0376325 0.998827 0.030469 -0.132244 0.193724 -0.02262 0.980795 0.0484607
195 196 14 0.999977 0.00501767 -0.00457007 0.84861 -0.00500917 0.999986 0.00186962 -0.0924246 0.00457938 -0.00184668 0.999988 -0.520882
195 197 1145 0.999373 0.0116911 -0.033412 0.951981 -0.0114601 0.999909 0.00709433 -0.148406 0.0334919 -0.00670698 0.999416 -0.267782
195 198 549 0.999784 0.0135479 -0.0157394 0.96811 -0.0134669 0.999896 0.00524508 -0.122035 0.0158088 -0.00503199 0.999862 -0.218793
195 199 926 0.998285 0.0359505 -0.0461938 0.98105 -0.0354967 0.999314 0.0106069 -0.132413 0.0465434 -0.00894902 0.998876 -0.141447
195 200 443 0.999108 0.0364311 -0.0213397 0.971033 -0.0364175 0.999336 0.0010224 -0.116452 0.0213628 -0.000244349 0.999772 -0.208649
195 201 744 0.996839 0.0486739 -0.0627947 0.987487 -0.0487254 0.998812 0.000711245 -0.111809 0.0627547 0.0023507 0.998026 -0.111214
195 202 343 0.997793 0.0520727 -0.0411947 0.964794 -0.0525039 0.998576 -0.00945488 -0.0630315 0.0406437 0.0115969 0.999106 -0.255342
195 203 400 0.995745 0.0668247 -0.0634586 0.991099 -0.0675971 0.997662 -0.0101 -0.0425464 0.0626353 0.0143466 0.997933 -0.126141
195 204 615 0.993983 0.0688853 -0.0851677 0.987251 -0.0697519 0.997538 -0.00723708 -0.0643196 0.0844595 0.0131341 0.99634 -0.145597
195 205 548 0.993823 0.0594251 -0.0937238 0.978942 -0.06009 0.998184 -0.00428546 -0.0575422 0.0932989 0.00989085 0.995589 -0.19586
195 206 614 0.991498 0.0699783 -0.109701 0.987452 -0.0707586 0.997488 -0.00323168 -0.0309716 0.1092 0.0109665 0.993959 -0.154854
195 207 571 0.990001 0.0692179 -0.122913 0.99991 -0.0703445 0.997511 -0.00484514 -0.0126727 0.122271 0.0134429 0.992406 -0.00447367
195 208 526 0.98861 0.069889 -0.133288 0.993355 -0.0714393 0.997421 -0.00687908 -0.0194694 0.132464 0.0163227 0.991053 -0.113436
195 209 451 0.987402 0.0703583 -0.141729 0.985316 -0.0717508 0.997411 -0.00473179 0.00758915 0.141029 0.0148414 0.989894 -0.17057
210 211 588 0.999637 -0.0046776 -0.0265513 0.989878 0.00468454 0.999989 0.000199074 0.0905012 0.0265501 -0.000323382 0.999647 0.109323
210 212 1078 0.998548 -0.00807033 -0.0532671 0.968169 0.00816461 0.999965 0.00155265 0.0437405 0.0532527 -0.0019853 0.998579 0.246446
210 213 558 0.999072 -0.0148393 -0.0404421 0.792936 0.0149613 0.999884 0.00271738 -0.128022 0.0403971 -0.00331992 0.999178 0.595704
210 214 520 0.998482 -0.0138099 -0.05332 0.895858 0.0136458 0.999901 -0.00344052 -0.184197 0.0533623 0.00270771 0.998572 0.404364
210 215 467 0.997022 -0.00711471 -0.0767838 0.99195 0.0065245 0.999947 -0.00793474 -0.126627 0.0768362 0.00741013 0.997016 0.000656968
210 216 898 0.992886 -0.00439014 -0.118987 0.98751 0.00394583 0.999984 -0.00396944 -0.118122 0.119003 0.0034717 0.992888 0.104269
210 217 467 0.993073 -0.00399189 -0.117433 0.979068 0.00356604 0.999986 -0.00383626 -0.144276 0.117447 0.00339091 0.993073 0.143562
210 218 687 0.988404 0.0030312 -0.151817 0.976983 -0.00328573 0.999994 -0.00142568 -0.14222 0.151811 0.00190798 0.988408 0.158993
210 219 581 0.988075 0.00497527 -0.153894 0.969405 -0.00496727 0.999988 0.000436516 -0.166097 0.153895 0.000333123 0.988087 0.180736
210 220 641 0.981384 0.00786808 -0.191892 0.973881 -0.005749 0.999916 0.0115973 -0.202791 0.191968 -0.0102782 0.981347 0.102134
210 221 555 0.982312 0.0195725 -0.186227 0.96695 -0.0180991 0.99979 0.00960886 -0.176273 0.186376 -0.00606834 0.98246 0.184218
210 222 271 0.982442 0.0236786 -0.185059 0.951033 -0.0221133 0.9997 0.0105178 -0.210346 0.185252 -0.00624088 0.982671 0.226474
210 223 416 0.971067 0.038863 -0.235624 0.913864 -0.0359824 0.999216 0.0165144 -0.222327 0.236081 -0.00755829 0.971704 0.339741
210 224 455 0.971745 0.0462512 -0.231458 0.936241 -0.0444188 0.998927 0.0131251 -0.242518 0.231817 -0.00247318 0.972756 0.254241
225 226 296 0.999932 0.00329169 -0.0112222 0.796185 -0.00328433 0.999994 0.000674088 -0.213242 0.0112243 -0.000637184 0.999937 0.566231
225 227 1186 0.999086 0.0102446 -0.0414909 0.925718 -0.0102059 0.999947 0.00114255 -0.195274 0.0415005 -0.00071805 0.999138 0.323904
225 228 422 0.999281 0.0142261 -0.0351553 0.932375 -0.0142503 0.999898 -0.000439015 -0.156979 0.0351455 0.000939675 0.999382 0.325629
225 229 442 0.999803 0.00959866 -0.0173565 0.857705 -0.0095532 0.999951 0.00270012 -0.164701 0.0173816 -0.00253378 0.999846 0.487048
225 230 415 0.999543 0.00460939 -0.029875 0.804451 -0.00447785 0.99998 0.00446841 -0.166458 0.029895 -0.00433259 0.999544 0.57022
225 231 434 0.998047 0.00758838 -0.0620086 0.908678 -0.00739315 0.999967 0.00337723 -0.12485 0.0620322 -0.00291219 0.99807 0.398393
225 232 1026 0.995133 0.0141316 -0.097521 0.959495 -0.0136125 0.999889 0.00598636 -0.0935025 0.0975948 -0.00462971 0.995215 0.265756
225 233 370 0.997672 0.00485245 -0.0680202 0.912554 -0.00441146 0.999968 0.00663191 -0.100606 0.0680503 -0.0063164 0.997662 0.396388
225 234 324 0.997191 0.0033726 -0.0748235 0.904372 -0.00259027 0.999941 0.0105502 -0.116707 0.0748547 -0.0103267 0.997141 0.410477
225 235 708 0.995453 0.00724567 -0.0949787 0.945677 -0.00599117 0.999891 0.0134867 -0.0855056 0.0950661 -0.0128564 0.995388 0.313662
225 236 748 0.992416 0.0146879 -0.122045 0.939019 -0.0128729 0.999795 0.0156465 -0.084435 0.12225 -0.0139568 0.992401 0.333339
225 237 654 0.990086 0.0204343 -0.138967 0.943514 -0.0182222 0.999686 0.0171724 -0.0844027 0.139274 -0.0144698 0.990148 0.320403
225 238 718 0.989602 0.0221373 -0.142119 0.93663 -0.0193172 0.999589 0.0211929 -0.0854927 0.14253 -0.0182272 0.989623 0.339727
225 239 440 0.991819 0.0154913 -0.126711 0.917753 -0.012484 0.999622 0.0244931 -0.0899533 0.127043 -0.0227109 0.991637 0.38683
240 241 1158 0.999402 0.00597448 -0.0340628 0.915223 -0.00564298 0.999936 0.00981976 -0.282026 0.0341192 -0.00962167 0.999371 -0.287798
240 242 1002 0.9991 0.0101701 -0.0411901 0.996801 -0.00997297 0.999938 0.00498979 -0.0768909 0.0412383 -0.0045745 0.999139 -0.0218281
240 243 1019 0.997818 0.0108104 -0.0651327 0.998744 -0.0104477 0.999928 0.0059069 -0.0501135 0.0651919 -0.00521352 0.997859 -0.000212714
240 244 499 0.998454 0.0112322 -0.0544422 0.992156 -0.0108868 0.999919 0.00663774 -0.11964 0.0545123 -0.00603478 0.998495 -0.0362362
240 245 901 0.99394 0.0298047 -0.10581 0.994752 -0.0289587 0.999535 0.00952283 -0.100814 0.106044 -0.00640101 0.994341 0.017484
240 246 458 0.997449 0.0242109 -0.0671551 0.9776 -0.023936 0.999702 0.00489571 -0.073777 0.0672535 -0.0032758 0.997731 -0.197116
240 247 414 0.996634 0.0274706 -0.0772447 0.995443 -0.0270393 0.999612 0.00662449 -0.0950169 0.0773967 -0.00451354 0.99699 0.0080098
240 248 687 0.990844 0.0399686 -0.12896 0.992043 -0.0386178 0.99917 0.0129595 -0.1258 0.129371 -0.00786065 0.991565 -0.00496046
240 249 635 0.989322 0.0449013 -0.13866 0.986861 -0.0435873 0.998971 0.0125002 -0.129063 0.139078 -0.00632289 0.990261 0.097201
240 250 472 0.983632 0.0566105 -0.171068 0.976864 -0.0554309 0.998394 0.0116679 -0.151287 0.171454 -0.00199448 0.98519 0.151156
240 251 268 0.99278 0.0626315 -0.102296 0.975386 -0.0644104 0.997823 -0.0141778 -0.136829 0.101185 0.0206644 0.994653 0.172913
240 252 279 0.990445 0.0680322 -0.119961 0.991177 -0.0708351 0.997302 -0.0192528 -0.125719 0.118327 0.0275663 0.992592 0.0419873
240 253 414 0.983471 0.0744233 -0.165063 0.98637 -0.077311 0.996945 -0.0111308 -0.132152 0.16373 0.023708 0.98622 0.0980344
240 254 439 0.977843 0.0782607 -0.19416 0.982601 -0.0809135 0.996705 -0.0057575 -0.148079 0.19307 0.0213401 0.980953 0.112112
255 256 952 0.999508 0.0068572 -0.0306159 0.976203 -0.0067216 0.999967 0.00453002 0.0609673 0.030646 -0.004322 0.999521 -0.20811
255 257 223 0.999838 0.00363576 -0.017643 0.97712 -0.00339897 0.999904 0.0134327 0.191543 0.0176901 -0.0133705 0.999754 0.0924529
255 258 583 0.999125 0.00551797 -0.0414582 0.961652 -0.00485564 0.999859 0.0160597 0.114708 0.0415409 -0.0158444 0.999011 0.249134
255 259 807 0.997349 0.0115835 -0.0718448 0.965432 -0.0105915 0.999843 0.0141742 0.180242 0.0719977 -0.0133756 0.997315 0.188294
255 260 665 0.995355 0.00991323 -0.095759 0.991261 -0.0075509 0.999659 0.0250005 0.105643 0.0959742 -0.0241613 0.995091 0.0789994
255 261 455 0.997615 0.00721109 -0.0686447 0.86261 -0.00510437 0.999512 0.0308164 0.0693257 0.0688334 -0.0303925 0.997165 0.501097
255 262 497 0.996878 0.00877872 -0.0784628 0.894015 -0.00670072 0.999621 0.026708 0.0492189 0.0786676 -0.0260989 0.996559 0.445324
255 263 498 0.99481 0.0119036 -0.101054 0.897525 -0.00942923 0.999645 0.0249278 0.00276485 0.101315 -0.0238455 0.994569 0.440956
255 264 539 0.984563 0.0143829 -0.174441 0.962373 -0.0104833 0.999675 0.0232558 -0.00517215 0.174718 -0.0210681 0.984393 0.271682
255 265 614 0.989085 0.013192 -0.146755 0.926565 -0.0103746 0.999747 0.0199469 -0.0203185 0.146982 -0.0182066 0.988972 0.375585
255 266 583 0.984079 0.0195751 -0.17665 0.927456 -0.0164468 0.999681 0.0191561 -0.0394632 0.176969 -0.0159458 0.984087 0.371844
255 267 373 0.992226 0.0140295 -0.123654 0.854111 -0.0116003 0.999726 0.0203428 -0.082582 0.123905 -0.0187503 0.992117 0.513492
255 268 503 0.981487 0.0301652 -0.189139 0.915024 -0.0267706 0.999432 0.0204777 -0.0894281 0.189649 -0.0150352 0.981737 0.393362
255 269 417 0.984731 0.0281322 -0.171793 0.909418 -0.0246004 0.999441 0.0226531 -0.127076 0.172334 -0.0180811 0.984873 0.395992
270 271 778 0.999343 0.00696191 -0.0355758 0.794472 -0.00643667 0.999869 0.0148572 -0.413478 0.0356746 -0.0146185 0.999257 0.444804
270 272 497 0.999517 0.0153237 -0.0270521 0.52917 -0.0152784 0.999882 0.00187931 -0.24993 0.0270777 -0.00146509 0.999632 0.810873
270 273 536 0.999029 0.0176425 -0.0403697 0.823854 -0.0176155 0.999844 0.00102391 -0.300754 0.0403815 -0.000311786 0.999184 0.480429
270 274 467 0.998977 0.0282672 -0.0352946 0.813689 -0.0283179 0.999599 -0.000936241 -0.283683 0.0352539 0.00193475 0.999377 0.50738
270 275 532 0.998318 0.0280995 -0.0507169 0.820316 -0.0278685 0.999598 0.00525541 -0.290139 0.0508442 -0.00383316 0.998699 0.492851
270 276 561 0.997514 0.0282184 -0.064578 0.836208 -0.0281251 0.999602 0.002353 -0.244801 0.0646187 -0.000530885 0.99791 0.490743
270 277 396 0.998724 0.0268461 -0.0427667 0.77762 -0.0269662 0.999634 -0.00223195 -0.23832 0.0426912 0.00338235 0.999083 0.581816
270 278 396 0.99843 0.0259215 -0.0496541 0.834992 -0.0258804 0.999664 0.00147136 -0.279085 0.0496756 -0.000183981 0.998765 0.474237
270 279 524 0.995912 0.0326023 -0.0842387 0.844237 -0.0327455 0.999464 -0.000318985 -0.225942 0.0841832 0.00307612 0.996446 0.486019
270 280 497 0.993168 0.0309743 -0.112507 0.896796 -0.0303407 0.999513 0.00734007 -0.219739 0.112679 -0.0038764 0.993624 0.38402
270 281 348 0.998332 0.0345031 -0.0462936 0.801616 -0.0345357 0.999403 9.66705e-05 -0.226338 0.0462693 0.00150227 0.998928 0.553338
270 282 406 0.996592 0.0322012 -0.0759431 0.832115 -0.0318632 0.999476 0.00565809 -0.210433 0.0760855 -0.00321901 0.997096 0.51313
270 283 393 0.995921 0.0289642 -0.0854552 0.842617 -0.0281489 0.999546 0.0107307 -0.237556 0.0857272 -0.00828144 0.996284 0.483284
270 284 322 0.996309 0.03838 -0.0767844 0.812198 -0.0380708 0.99926 0.00548695 -0.209263 0.0769382 -0.00254346 0.997033 0.544557
285 286 43 1 0.000530987 8.74213e-06 -0.672375 -0.000531003 0.999998 0.00202717 0.0285009 -7.66572e-06 -0.00202717 0.999998 -0.739661
285 287 763 0.999619 0.00335354 -0.0274004 0.991785 -0.00314831 0.999967 0.00752961 -0.116717 0.0274247 -0.00744048 0.999596 -0.052337
285 288 888 0.999327 0.00573168 -0.0362431 0.993021 -0.00549556 0.999963 0.006611 -0.0945366 0.0362796 -0.00640737 0.999321 0.0705177
285 289 599 0.999157 0.00572914 -0.0406482 0.992913 -0.00553027 0.999972 0.0050032 -0.118751 0.0406758 -0.00477419 0.999161 -0.00465268
285 290 890 0.996971 0.0118382 -0.0768732 0.983401 -0.0108361 0.999851 0.0134402 -0.18133 0.0770209 -0.0125665 0.99695 0.00652512
285 291 883 0.998577 0.0160391 -0.0508509 0.990711 -0.0157786 0.99986 0.00552056 -0.130305 0.0509323 -0.00471035 0.998691 -0.0388888
285 292 816 0.996228 0.0240002 -0.0833893 0.989655 -0.0229643 0.999647 0.0133602 -0.135011 0.0836805 -0.0113949 0.996427 -0.048521
285 293 677 0.997915 0.0290777 -0.057627 0.992292 -0.0285095 0.999537 0.0106577 -0.109661 0.0579102 -0.00899261 0.998281 -0.0577139
285 294 587 0.99772 0.0267924 -0.0619423 0.973277 -0.0257672 0.999518 0.017291 -0.194741 0.0623757 -0.0156555 0.99793 -0.121685
285 295 706 0.997293 0.0490092 -0.0548158 0.987397 -0.0485597 0.998775 0.00950276 -0.105828 0.0552144 -0.00681519 0.998451 -0.117676
285 296 528 0.994209 0.075421 -0.0765465 0.973677 -0.0737163 0.996969 0.0248599 -0.112807 0.0781895 -0.0190732 0.996756 -0.198059
285 297 569 0.995586 0.0791265 -0.0504706 0.979188 -0.0776279 0.9965 0.0309955 -0.102842 0.0527466 -0.0269407 0.998244 -0.174972
285 298 718 0.994398 0.0976671 -0.0404129 0.990399 -0.0964167 0.994832 0.0318165 -0.0871227 0.0433115 -0.0277418 0.998676 -0.107327
285 299 686 0.994208 0.104862 -0.0235343 0.986804 -0.104071 0.994035 0.032625 -0.109133 0.0268151 -0.0299868 0.999191 -0.11962
300 301 24 0.999973 0.00602279 -0.00416175 0.975682 -0.00602268 0.999982 3.98791e-05 -0.1576 0.00416192 -1.48131e-05 0.999991 0.152336
300 302 21 0.999885 0.0135857 0.0067845 0.70136 -0.0135601 0.999901 -0.00380495 -0.157477 -0.00683552 0.00371251 0.99997 0.695194
300 303 30 0.99982 0.0178921 -0.006338 0.953269 -0.0179265 0.999825 -0.00541959 0.0339647 0.00623992 0.00553224 0.999965 -0.300208
300 304 528 0.999753 0.0155958 0.0158354 -0.983869 -0.0154053 0.999808 -0.0120821 0.122973 -0.0160208 0.0118351 0.999802 -0.129923
300 305 403 0.999834 0.0128117 0.0129847 -0.984996 -0.0125692 0.999748 -0.0185936 0.172575 -0.0132197 0.0184273 0.999743 -0.000712004
300 306 469 0.999625 0.023973 -0.0132719 0.975913 -0.0242714 0.999445 -0.0228057 -0.126683 0.0127178 0.0231193 0.999652 -0.177612
300 307 494 0.999357 0.0147621 -0.0326733 0.958988 -0.0155076 0.999622 -0.0226818 -0.215231 0.0323261 0.0231739 0.999209 -0.184436
300 308 368 0.999896 0.0102965 -0.0101378 0.990492 -0.0106028 0.999474 -0.0306357 -0.0995647 0.00981707 0.03074 0.999479 0.0949304
300 309 517 0.999691 0.0137757 0.0207039 -0.962517 -0.013075 0.99935 -0.0336065 0.0914806 -0.0211534 0.0333254 0.999221 -0.255326
300 310 438 0.999479 -0.00107354 -0.0322468 0.930536 1.63146e-05 0.999463 -0.0327677 -0.0308609 0.0322647 0.0327501 0.998943 -0.364897
300 311 787 0.995547 0.00026578 -0.094266 0.981068 -0.00238141 0.999748 -0.0223315 -0.122063 0.0942363 0.0224565 0.995297 -0.150355
300 312 444 0.998496 -0.00823054 -0.0542035 0.986953 0.00663086 0.999539 -0.0296264 -0.138751 0.0544224 0.0292225 0.99809 -0.0816849
300 313 418 0.998071 -0.00743135 -0.0616336 0.932545 0.00509765 0.999267 -0.0379353 -0.100378 0.0618703 0.037548 0.997378 -0.346821
300 314 475 0.994335 -0.0160141 -0.105075 0.953177 0.0126519 0.999389 -0.0325867 -0.162328 0.105533 0.0310728 0.99393 -0.255152
315 316 0 1 0 0 0 0 1 0 0 0 0 1 0
315 317 20 0.999969 -0.00718038 -0.00329623 -0.959657 0.00714228 0.999909 -0.011428 0.28109 0.00337799 0.0114041 0.999929 0.0068444
315 318 0 1 0 0 0 0 1 0 0 0 0 1 0
315 319 251 0.999691 -0.00139013 -0.0248214 0.929396 0.00109713 0.99993 -0.0118139 -0.121888 0.0248361 0.011783 0.999622 -0.348377
315 320 707 0.998684 -0.0029445 -0.0512051 0.980771 0.00230213 0.999918 -0.0125996 -0.125486 0.051238 0.0124651 0.998609 -0.149468
315 321 672 0.998794 -0.0100363 -0.0480547 0.932348 0.0093982 0.999865 -0.013487 -0.154297 0.0481836 0.0130191 0.998754 -0.326986
315 322 622 0.999094 -0.0107942 -0.041175 0.990296 0.0100233 0.999771 -0.0188846 -0.116488 0.0413694 0.0184548 0.998973 -0.0757954
315 323 647 0.99843 -0.00620515 -0.0556664 0.960468 0.00510167 0.999788 -0.0199432 -0.0679369 0.0557784 0.0196279 0.99825 -0.269974
315 324 617 0.997334 -0.0131659 -0.0717803 0.954714 0.0121019 0.999811 -0.0152365 -0.117857 0.0719673 0.0143272 0.997304 -0.273188
315 325 670 0.996318 -0.00731159 -0.0854196 0.961523 0.00597234 0.999855 -0.0159234 -0.0712003 0.0855236 0.0153547 0.996218 -0.265338
315 326 571 0.996674 -0.00234245 -0.0814596 0.947031 0.000965199 0.999856 -0.0169424 -0.0290773 0.0814876 0.0168074 0.996533 -0.319824
315 327 801 0.994649 -0.000102597 -0.103308 0.965444 -0.000980427 0.999945 -0.0104327 -0.0832504 0.103303 0.0104781 0.994595 -0.246957
315 328 616 0.994346 0.00350028 -0.106127 0.971758 -0.00484232 0.999912 -0.0123905 -0.0785769 0.106074 0.0128344 0.994275 -0.222513
315 329 478 0.995455 0.010753 -0.0946218 0.975763 -0.0125628 0.999749 -0.0185514 -0.0706825 0.0943986 0.0196558 0.99534 -0.2071
330 331 66 0.999924 -0.00324666 -0.0118697 0.907916 0.0032839 0.99999 0.00311969 -0.0550132 0.0118595 -0.00315843 0.999925 -0.415527
330 332 21 0.999965 -0.00751735 -0.00364378 0.993024 0.00752358 0.99997 0.00169914 -0.0248323 0.0036309 -0.00172649 0.999992 -0.115264
330 333 481 0.999958 -0.00845831 -0.00360359 0.991108 0.00844674 0.999959 -0.00321219 -0.0544056 0.00363061 0.00318162 0.999988 -0.121425
330 334 601 0.99991 -0.0100482 -0.00893291 0.973482 0.00999015 0.999929 -0.00652323 -0.093249 0.00899782 0.0064334 0.999939 -0.208894
