0 1 1622 0.998729 0.0103586 -0.0493356 0.989787 -0.0102357 0.999944 0.00274142 -0.0055561 0.0493612 -0.00223295 0.998778 -0.142449
0 2 1236 0.999601 0.0118846 -0.0256336 0.811661 -0.0119523 0.999925 -0.00248966 0.273271 0.0256021 0.00279505 0.999668 -0.516265
0 3 1287 0.998646 0.019153 -0.0483761 0.856056 -0.0193577 0.999806 -0.00376675 0.272719 0.0482945 0.00469809 0.998822 -0.439082
0 4 1277 0.99757 0.0213025 -0.0663298 0.864341 -0.0214544 0.999769 -0.00157954 0.268319 0.0662808 0.00299877 0.997797 -0.425346
0 5 1227 0.997426 0.0278637 -0.0660712 0.840934 -0.0277939 0.999612 0.00197484 0.274951 0.0661006 -0.000133378 0.997813 -0.466081
0 6 1373 0.9937 0.0331422 -0.107064 0.913598 -0.0333952 0.999442 -0.000570764 0.223061 0.106986 0.00414261 0.994252 -0.339975
0 7 1319 0.993191 0.0264757 -0.113453 0.875207 -0.0259322 0.999644 0.00626377 0.19569 0.113578 -0.00327903 0.993524 -0.442401
0 8 1133 0.994042 0.0332276 -0.103811 0.852752 -0.0322774 0.99942 0.0108208 0.230034 0.10411 -0.00740555 0.994538 -0.468934
0 9 1181 0.986994 0.0398495 -0.15574 0.910715 -0.0393817 0.999206 0.00608879 0.219049 0.155859 0.000123693 0.987779 -0.350164
0 10 1218 0.987306 0.028252 -0.156298 0.91233 -0.0263244 0.99955 0.0143891 0.194141 0.156634 -0.010092 0.987605 -0.360505
0 11 997 0.988536 0.0405548 -0.145434 0.888503 -0.0393274 0.999162 0.0113062 0.21898 0.14577 -0.00545704 0.989303 -0.40325
0 12 1048 0.981214 0.0602205 -0.183282 0.900718 -0.0601035 0.998173 0.00619874 0.212735 0.183321 0.00493362 0.983041 -0.37875
0 13 930 0.977577 0.0582394 -0.202364 0.910683 -0.0575985 0.998299 0.00905969 0.201637 0.202547 0.00279929 0.979269 -0.360553
0 14 810 0.985386 0.072882 -0.153957 0.858932 -0.069066 0.997161 0.0299983 0.169583 0.155706 -0.0189268 0.987622 -0.483194
15 16 1552 0.999427 0.000666982 -0.0338368 0.930092 -0.00125146 0.99985 -0.0172552 0.324166 0.0338202 0.0172876 0.999278 -0.172757
15 17 1380 0.998449 0.00338411 -0.0555699 0.895313 -0.00459966 0.999753 -0.0217609 0.331499 0.0554825 0.0219827 0.998218 -0.297528
15 18 1429 0.999298 0.00476159 -0.0371502 0.841575 -0.00485397 0.999985 -0.00239698 0.223763 0.0371382 0.00257563 0.999307 -0.491612
15 19 1365 0.999181 0.011737 -0.0387222 0.839484 -0.0114224 0.9999 0.00833709 0.12447 0.0388162 -0.00788796 0.999215 -0.528936
15 20 1288 0.998712 0.00458196 -0.0505302 0.831961 -0.0043009 0.999975 0.00566964 0.162802 0.0505549 -0.00544501 0.998706 -0.530412
15 21 1305 0.994538 0.00946815 -0.103948 0.909583 -0.00968752 0.999952 -0.0016057 0.208232 0.103928 0.00260393 0.994581 -0.359582
15 22 1237 0.995807 0.014946 -0.0902512 0.89073 -0.0155698 0.999859 -0.00621145 0.242869 0.0901456 0.00759059 0.9959 -0.384206
15 23 1217 0.991665 0.0226966 -0.12683 0.916722 -0.0246367 0.999602 -0.0137483 0.2218 0.126468 0.0167584 0.991829 -0.332303
15 24 1194 0.993937 0.0306032 -0.105605 0.890188 -0.0308713 0.999523 -0.000904601 0.137742 0.105527 0.00415929 0.994408 -0.434273
15 25 1130 0.985144 0.0359706 -0.16792 0.935776 -0.040242 0.998945 -0.0221025 0.18344 0.166948 0.0285316 0.985553 -0.301121
15 26 1056 0.977472 0.0398494 -0.207268 0.955871 -0.0435736 0.99896 -0.0134323 0.090731 0.206517 0.0221611 0.978192 -0.279427
15 27 996 0.983251 0.0459264 -0.176375 0.935572 -0.0487208 0.998746 -0.0115438 0.045787 0.175624 0.0199435 0.984255 -0.350156
15 28 931 0.961267 0.0517147 -0.270724 0.977542 -0.0639308 0.997287 -0.0364954 0.0930394 0.268102 0.0523894 0.961965 -0.18909
15 29 897 0.966852 0.0554558 -0.249242 0.967254 -0.0690991 0.996534 -0.0463204 0.106638 0.24581 0.0620074 0.967333 -0.230324
30 31 128 0.999987 0.00410365 0.0030125 -0.268732 -0.00411892 0.999979 0.00508246 0.202616 -0.00299158 -0.0050948 0.999983 0.941663
30 32 1515 0.99868 -0.000190288 -0.051362 0.995725 0.000951158 0.99989 0.0147898 -0.0653447 0.0513535 -0.0148192 0.998571 0.0652892
30 33 1375 0.995235 0.00778345 -0.0971981 0.99631 -0.0069574 0.999937 0.00883461 -0.00442621 0.0972607 -0.00811627 0.995226 0.0857083
30 34 1186 0.994095 0.0354843 -0.102551 0.993348 -0.0344717 0.999338 0.01163 -0.0153047 0.102895 -0.00802619 0.99466 0.114126
30 35 970 0.996576 0.0460055 -0.0686996 0.992639 -0.0452438 0.998896 0.0126029 0.036555 0.0692036 -0.00945155 0.997558 0.115465
30 36 886 0.982568 0.044772 -0.180432 0.994744 -0.0429469 0.998979 0.0140109 0.0582978 0.180875 -0.00601768 0.983488 0.084178
30 37 912 0.996709 0.0658405 -0.0472912 0.99225 -0.0635971 0.996846 0.0474746 -0.0476001 0.0502678 -0.0443108 0.997752 0.114779
30 38 1056 0.994381 0.0764854 -0.0731924 0.991925 -0.0722561 0.995652 0.0587864 -0.0624085 0.0773705 -0.0531675 0.995584 0.110412
30 39 1048 0.99473 0.070037 -0.0748833 0.98635 -0.0656604 0.996073 0.059393 -0.04547 0.078749 -0.0541631 0.995422 0.158262
30 40 904 0.992238 0.0643174 -0.106431 0.972263 -0.0616821 0.997707 0.0278731 0.093097 0.107979 -0.0210919 0.993929 0.214564
30 41 854 0.99244 0.0649462 -0.104137 0.983232 -0.0605788 0.997168 0.0445701 0.00135628 0.106737 -0.0379246 0.993564 0.182354
30 42 916 0.993323 0.0670478 -0.0938789 0.982302 -0.0649155 0.997563 0.0255889 0.05763 0.0953658 -0.0193238 0.995255 0.17822
30 43 885 0.987091 0.073145 -0.142483 0.983233 -0.0707617 0.997257 0.0217298 0.0479221 0.143681 -0.011367 0.989559 0.175943
30 44 770 0.990553 0.0704662 -0.117641 0.987706 -0.0676182 0.997317 0.0280322 0.0254974 0.1193 -0.0198127 0.992661 0.154228
45 46 1464 0.998812 0.00597312 -0.0483584 0.968066 -0.00533549 0.999897 0.0133037 -0.235882 0.0484329 -0.0130299 0.998741 -0.0848958
45 47 1452 0.999081 0.00913087 -0.0418807 0.976538 -0.00915396 0.999958 -0.000359785 0.187579 0.0418756 0.000742828 0.999123 -0.105771
45 48 330 0.999571 0.0241071 -0.0166259 0.99186 -0.0239817 0.999683 0.00770367 -0.062196 0.0168063 -0.00730165 0.999832 -0.111108
45 49 1407 0.997072 0.0261181 -0.0718693 0.985533 -0.0258347 0.999654 0.00487054 0.0320499 0.0719717 -0.00299956 0.997402 -0.166424
45 50 1265 0.997015 0.0331304 -0.0697366 0.971514 -0.0331326 0.99945 0.00112604 0.167334 0.0697356 0.00118787 0.997565 -0.167807
45 51 1180 0.998176 0.0311149 -0.0517333 0.974309 -0.0300526 0.999324 0.0211878 0.0345732 0.0523576 -0.0195944 0.998436 -0.222548
45 52 1051 0.995225 0.0412572 -0.0884648 0.979988 -0.0389251 0.998852 0.0279283 0.0462637 0.0895155 -0.0243514 0.995688 -0.193604
45 53 918 0.987198 0.0555978 -0.149497 0.989411 -0.0496889 0.99784 0.0429766 0.0306533 0.151563 -0.0349981 0.987828 -0.141869
45 54 976 0.98546 0.0752128 -0.152353 0.99793 -0.066841 0.995997 0.0593521 0.0131146 0.156208 -0.0483057 0.986542 -0.0629625
45 55 712 0.977981 0.112323 -0.175886 0.991661 -0.0987485 0.991548 0.0841452 -0.113594 0.183851 -0.064924 0.980808 0.0608631
45 56 879 0.978084 0.114241 -0.174073 0.997514 -0.109822 0.99334 0.0348397 0.0548216 0.176893 -0.0149591 0.984116 0.0442712
45 57 992 0.986999 0.130295 -0.0941124 0.998152 -0.127596 0.991237 0.0341736 0.059524 0.0977404 -0.0217209 0.994975 -0.0122473
45 58 890 0.96834 0.135192 -0.209859 0.998782 -0.128966 0.99071 0.0431384 0.0280917 0.213742 -0.0147078 0.97678 0.0405736
45 59 723 0.98108 0.14353 -0.129928 0.998816 -0.137724 0.989069 0.0526687 0.0480973 0.136067 -0.0337781 0.990124 -0.00731218
60 61 1002 0.999879 0.00858193 -0.0129452 0.893582 -0.00859602 0.999963 -0.0010331 0.0550806 0.0129358 0.00114426 0.999916 0.445507
60 62 1117 0.999285 0.0158675 -0.0343149 0.906195 -0.0163111 0.999786 -0.0126874 0.219332 0.0341062 0.0132381 0.999331 0.361531
60 63 1085 0.998756 0.031148 -0.0389514 0.895117 -0.0317386 0.999389 -0.0146373 0.24118 0.0384716 0.0158554 0.999134 0.374964
60 64 901 0.999055 0.027528 -0.0336249 0.818074 -0.0277161 0.999603 -0.00514032 0.0718518 0.03347 0.00606741 0.999421 0.570606
60 65 1017 0.995828 0.0268051 -0.0872204 0.942543 -0.0288439 0.999337 -0.0221996 0.176424 0.0865675 0.0246228 0.995942 0.283705
60 66 915 0.997213 0.0176972 -0.072474 0.888643 -0.018856 0.999705 -0.0153369 0.0736024 0.0721812 0.0166607 0.997252 0.452655
60 67 877 0.99689 0.0198157 -0.0762745 0.869709 -0.0216248 0.999502 -0.0229659 0.111648 0.0757814 0.0245439 0.996822 0.480771
60 68 857 0.992052 0.0285463 -0.122551 0.933997 -0.0304938 0.999436 -0.0140445 0.00614841 0.122081 0.01767 0.992363 0.357228
60 69 809 0.994835 0.037974 -0.0941365 0.868068 -0.0392749 0.999156 -0.0120045 -0.0198893 0.0936013 0.0156397 0.995487 0.496047
60 70 770 0.99446 0.0363178 -0.0986426 0.85519 -0.0369455 0.999307 -0.00454393 -0.0895712 0.0984093 0.00816316 0.995113 0.510516
60 71 738 0.994419 0.0330371 -0.100194 0.83202 -0.0337303 0.999417 -0.00523212 -0.0738441 0.0999631 0.00858251 0.994954 0.549809
60 72 729 0.992405 0.0385671 -0.116814 0.813229 -0.0390416 0.999236 -0.00177523 -0.101838 0.116657 0.00632236 0.993152 0.572963
60 73 790 0.988655 0.0425996 -0.144039 0.8245 -0.043771 0.999029 -0.00497168 -0.0929275 0.143687 0.01122 0.98956 0.55818
60 74 766 0.989852 0.0380318 -0.136917 0.815504 -0.0390776 0.999224 -0.00495737 -0.126643 0.136623 0.0102575 0.99057 0.564726
75 76 31 0.999924 0.00843696 -0.00900366 0.710749 -0.00845951 0.999961 -0.00246971 -0.281002 0.00898248 0.00254568 0.999956 0.644883
75 77 620 0.999739 0.0199012 -0.0112314 0.544707 -0.0199629 0.999786 -0.00540133 -0.420721 0.0111215 0.00562413 0.999922 0.725457
75 78 1015 0.999753 0.016108 -0.0153312 0.674873 -0.0163585 0.999732 -0.01636 -0.31743 0.0150636 0.0166067 0.999749 0.666172
75 79 1087 0.999477 0.0189006 -0.0262501 0.753345 -0.019408 0.999627 -0.0192116 -0.34814 0.0258772 0.019711 0.999471 0.557915
75 80 1238 0.998152 0.0258746 -0.0549743 0.857951 -0.0266157 0.999564 -0.012791 -0.387268 0.0546194 0.0142305 0.998406 0.337556
75 81 1006 0.999221 0.031293 -0.0240588 0.694661 -0.0320461 0.998987 -0.0315785 -0.326694 0.0230462 0.0323249 0.999212 0.640872
75 82 1190 0.997382 0.0189226 -0.069788 0.86784 -0.0205357 0.999537 -0.0224698 -0.373591 0.0693305 0.0238441 0.997309 0.327541
75 83 1188 0.996648 0.0240675 -0.0781885 0.868785 -0.025871 0.99942 -0.0221355 -0.367949 0.0776105 0.0240841 0.996693 0.331401
75 84 1051 0.996495 0.0322976 -0.0771653 0.839452 -0.0346988 0.998948 -0.0299817 -0.354378 0.0761158 0.0325541 0.996567 0.411991
75 85 891 0.997167 0.0358505 -0.0661323 0.837413 -0.0387272 0.998335 -0.0427427 -0.353298 0.0644898 0.0451828 0.996895 0.417037
75 86 1095 0.99491 0.0277024 -0.096886 0.870457 -0.0315653 0.998757 -0.0385676 -0.336429 0.0956971 0.0414295 0.994548 0.359333
75 87 964 0.987181 0.0309634 -0.156571 0.892275 -0.0339505 0.999288 -0.0164394 -0.367198 0.15595 0.0215443 0.98753 0.2627
75 88 858 0.997635 0.060089 -0.0333829 0.676393 -0.0623143 0.995585 -0.0701905 -0.304333 0.0290179 0.0721048 0.996975 0.670726
75 89 923 0.992858 0.0463163 -0.109942 0.859326 -0.0516782 0.997584 -0.0464317 -0.322125 0.107525 0.0517817 0.992853 0.397233
90 91 62 0.99996 0.00768896 -0.00457411 -0.53678 -0.00767278 0.999964 0.00354509 0.170403 0.0046012 -0.00350985 0.999983 -0.826335
90 92 39 0.999825 0.0156872 -0.0101983 0.979945 -0.0156198 0.999856 0.00665179 0.14652 0.0103012 -0.00649133 0.999926 0.135055
90 93 1138 0.99915 0.0205768 -0.0357267 0.963038 -0.0204786 0.999785 0.00311285 0.236413 0.0357831 -0.00237857 0.999357 0.129102
90 94 341 0.999578 0.0256508 0.0136032 -0.814432 -0.0258898 0.999508 0.0176947 0.00559444 -0.0131426 -0.0180394 0.999751 0.580232
90 95 898 0.99906 0.0322206 -0.0290147 0.985489 -0.0315088 0.999199 0.0246639 0.160758 0.0297861 -0.0237265 0.999275 0.0544841
90 96 996 0.996767 0.0523588 -0.0609498 0.988787 -0.0503092 0.998131 0.0346907 0.133767 0.0626523 -0.0315122 0.997538 0.0663857
90 97 801 0.998257 0.0548689 -0.0217421 0.942614 -0.0536975 0.997243 0.0512232 0.105078 0.0244927 -0.0499664 0.998451 0.31692
90 98 203 0.998347 0.05621 0.0119951 -0.567066 -0.0569176 0.995894 0.0703886 -0.154279 -0.00798934 -0.0709549 0.997448 0.809095
90 99 836 0.993743 0.0878629 -0.0689504 0.981871 -0.0820523 0.993165 0.083008 0.178025 0.0757725 -0.0768311 0.994161 -0.0650924
90 100 978 0.985635 0.104556 -0.13263 0.972337 -0.0951469 0.992602 0.0754163 0.232438 0.139534 -0.0617136 0.988292 0.0230736
90 101 814 0.991441 0.110541 -0.069465 0.962933 -0.103562 0.989871 0.0971151 0.269663 0.0794966 -0.08909 0.992846 -0.00644114
90 102 882 0.981125 0.124019 -0.148366 0.972474 -0.110387 0.989158 0.0968596 0.227731 0.15877 -0.0786537 0.984178 -0.0493164
90 103 929 0.982294 0.138604 -0.126044 0.971686 -0.125024 0.986042 0.109955 0.236253 0.139525 -0.0922496 0.985912 -0.00329519
90 104 806 0.985746 0.15151 -0.0731347 0.970903 -0.141433 0.981708 0.127464 0.222222 0.091109 -0.115304 0.989143 -0.0892396
105 106 150 0.999665 0.0161334 -0.0202152 0.926103 -0.016139 0.99987 -0.000111009 0.266236 0.0202108 0.000437225 0.999796 -0.267304
105 107 1040 0.999565 0.0281641 0.00876893 -0.798568 -0.0283083 0.999458 0.0167765 -0.268083 -0.00829168 -0.0170174 0.999821 -0.538907
105 108 225 0.999402 0.0287414 -0.0192486 -0.65362 -0.0284882 0.999506 0.0133023 -0.350884 0.0196215 -0.012746 0.999726 0.670568
105 109 789 0.998863 0.0268197 -0.0394162 0.847973 -0.0263278 0.99957 0.0129481 0.301907 0.0397465 -0.0118956 0.999139 -0.435654
105 110 754 0.996544 0.0259358 -0.0789076 0.912516 -0.0244112 0.999497 0.0202243 0.209337 0.0793924 -0.0182281 0.996677 -0.351416
105 111 791 0.996191 0.0345225 -0.0800731 0.910329 -0.0322911 0.999058 0.0289968 0.290581 0.0809987 -0.0263007 0.996367 -0.294728
105 112 402 0.99847 0.0352706 -0.0425978 0.925614 -0.0335633 0.99863 0.0401519 0.28452 0.0439556 -0.0386607 0.998285 -0.249574
105 113 741 0.996862 0.028625 -0.0738047 0.973457 -0.0265081 0.999213 0.0295044 0.207051 0.0745912 -0.0274554 0.996836 -0.0975259
105 114 860 0.989523 0.024916 -0.142212 0.983065 -0.0230331 0.999624 0.0148709 0.177765 0.142529 -0.0114395 0.989724 -0.0445325
105 115 723 0.995978 0.0327295 -0.0834014 0.969723 -0.0309101 0.999257 0.0230132 0.179373 0.0840926 -0.0203427 0.99625 -0.165716
105 116 716 0.99307 0.0262035 -0.114565 0.983295 -0.0245024 0.999568 0.016231 0.149802 0.11494 -0.0133114 0.993283 -0.103391
105 117 705 0.985757 0.0211898 -0.166838 0.992605 -0.0191773 0.999723 0.013665 0.109912 0.167081 -0.0102708 0.98589 -0.0515227
105 118 693 0.98758 0.0327878 -0.153658 0.988877 -0.0307715 0.999407 0.015483 0.114786 0.154075 -0.0105624 0.988003 -0.0945866
105 119 543 0.984977 0.0220594 -0.171271 0.998346 -0.0195123 0.999673 0.0165412 0.0469636 0.17158 -0.0129508 0.985085 0.0331618
120 121 26 0.999992 -0.000171857 0.00409846 0.798338 0.000176284 0.999999 -0.00107976 -0.199005 -0.00409827 0.00108047 0.999991 -0.568378
120 122 661 0.999986 -0.00077361 -0.00516869 0.963003 0.000806784 0.999979 0.00641916 -0.239045 0.00516362 -0.00642324 0.999966 -0.12443
120 123 403 0.999619 -0.00956083 0.0258998 -0.945134 0.00961123 0.999952 -0.00182208 0.305383 -0.0258812 0.00207032 0.999663 -0.116027
120 124 1005 0.999872 -0.00521927 -0.0151344 0.96415 0.00537137 0.999935 0.0100269 -0.251553 0.0150811 -0.0101069 0.999835 0.0844743
120 125 551 0.999989 -0.00469134 0.000195986 0.951759 0.0046901 0.999972 0.00591626 -0.28905 -0.000223736 -0.00591527 0.999982 0.102979
120 126 864 0.999909 0.000291395 -0.013484 0.923584 -0.000220553 0.999986 0.00525491 -0.302909 0.0134854 -0.00525145 0.999895 0.235029
120 127 1009 0.999591 0.0102436 -0.0266854 0.943207 -0.0101731 0.999944 0.00277571 -0.293999 0.0267123 -0.00250311 0.99964 0.154675
120 128 961 0.999505 0.00854759 -0.0302645 0.948398 -0.00833966 0.999941 0.00698976 -0.306937 0.0303224 -0.00673391 0.999517 0.0795651
120 129 525 0.999923 0.0057338 -0.0109929 0.937932 -0.00566392 0.999964 0.00637781 -0.313799 0.011029 -0.00631505 0.999919 0.147696
120 130 862 0.998525 0.00356242 -0.0541779 0.945115 -0.00268694 0.999865 0.0162236 -0.287197 0.0542283 -0.0160541 0.998399 0.155806
120 131 877 0.998684 0.00323433 -0.0511781 0.946142 -0.002806 0.99996 0.00843904 -0.283637 0.0512034 -0.00828433 0.998654 0.156094
120 132 877 0.997726 0.00493107 -0.0672142 0.957095 -0.00403464 0.999901 0.0134661 -0.278445 0.0672739 -0.0131643 0.997648 0.0802308
120 133 797 0.997983 0.00345063 -0.0633868 0.956836 -0.00276678 0.999937 0.0108732 -0.25682 0.0634203 -0.0106758 0.99793 0.136045
120 134 681 0.997138 0.00364484 -0.075518 0.954358 -0.00266974 0.999912 0.0130092 -0.235333 0.0755588 -0.0127703 0.99706 0.183899
135 136 604 0.999728 0.0022208 -0.0232195 0.984735 -0.00210223 0.999985 0.00512973 0.0708369 0.0232305 -0.00507952 0.999717 -0.158997
135 137 385 0.999975 0.00489158 -0.00514051 -0.97706 -0.0048098 0.999864 0.0158015 -0.174546 0.0052171 -0.0157763 0.999862 -0.122011
135 138 746 0.999035 0.0110145 -0.0425122 0.908229 -0.00992724 0.99962 0.0257016 0.165254 0.0427791 -0.0252548 0.998765 -0.384463
135 139 442 0.999369 0.0119277 -0.0334652 0.847676 -0.0107839 0.999358 0.0341542 0.183343 0.0338512 -0.0337718 0.998856 -0.497825
135 140 1005 0.99582 0.0248342 -0.0878989 0.959181 -0.0218142 0.999144 0.0351531 0.1377 0.0886967 -0.0330887 0.995509 -0.247003
135 141 695 0.998083 0.0226011 -0.0576206 0.886259 -0.0200909 0.998839 0.0437765 0.151702 0.0585431 -0.0425349 0.997378 -0.437644
135 142 966 0.992021 0.0349037 -0.121141 0.912915 -0.0294179 0.998472 0.046782 0.136344 0.122589 -0.0428451 0.991532 -0.384704
135 143 722 0.992475 0.0451938 -0.113804 0.909768 -0.0393704 0.997823 0.0529088 0.194194 0.115947 -0.0480302 0.992093 -0.366894
135 144 689 0.990529 0.0506862 -0.127606 0.945336 -0.0434538 0.997321 0.0588384 0.170381 0.130246 -0.0527362 0.990078 -0.278048
135 145 683 0.988556 0.0614223 -0.137786 0.940404 -0.053243 0.996637 0.0622851 0.151579 0.141149 -0.0542362 0.988502 -0.304408
135 146 539 0.988018 0.073421 -0.135758 0.951689 -0.0647614 0.995639 0.0671446 0.153278 0.140096 -0.0575482 0.988464 -0.26607
135 147 509 0.988664 0.0780105 -0.128286 0.945591 -0.069644 0.99522 0.0684649 0.1458 0.133014 -0.0587544 0.989371 -0.29086
135 148 498 0.987462 0.0893091 -0.130165 0.948696 -0.0811993 0.994487 0.0663433 0.161362 0.135373 -0.0549422 0.98927 -0.271915
135 149 681 0.978609 0.102849 -0.178174 0.916907 -0.0934688 0.993795 0.0602852 0.159912 0.183269 -0.0423419 0.98215 -0.365663
150 151 18 0.999889 -0.00076802 -0.0149124 0.690722 0.00086168 0.99998 0.00627533 0.130125 0.0149072 -0.00628748 0.999869 -0.711316
150 152 261 0.999726 -0.012341 -0.0199133 -0.603586 0.0124291 0.999913 0.00430448 -0.0937584 0.0198584 -0.0045508 0.999792 0.791766
150 153 83 0.999438 -0.0132734 -0.0307742 -0.997775 0.0133306 0.99991 0.00165444 -0.066598 0.0307494 -0.00206375 0.999525 -0.00308733
150 154 960 0.994834 -0.0101698 -0.101 0.995739 0.00941169 0.999924 -0.00797985 0.0291475 0.101073 0.00698805 0.994854 -0.0874864
150 155 564 0.997927 -0.0136303 -0.0628925 0.846453 0.0126596 0.999795 -0.0158068 0.0412393 0.063095 0.0149778 0.997895 -0.530864
150 156 595 0.995767 -0.0128873 -0.0910059 0.881004 0.011373 0.999788 -0.0171395 0.0955189 0.0912076 0.016032 0.995703 -0.463366
150 157 909 0.991142 -0.0127767 -0.13219 0.922205 0.0106568 0.999803 -0.0167323 0.085805 0.132378 0.0151754 0.991083 -0.377062
150 158 877 0.989777 -0.0165293 -0.14166 0.922829 0.014567 0.999783 -0.0148787 0.098472 0.141875 0.0126631 0.989804 -0.37241
150 159 693 0.988701 -0.0126777 -0.149363 0.943438 0.0117555 0.999906 -0.00705571 0.0731203 0.149439 0.00522015 0.988757 -0.323385
150 160 517 0.993476 -0.0125474 -0.113352 0.98048 0.011961 0.999911 -0.0058516 0.110626 0.113416 0.00445761 0.993538 -0.162547
150 161 583 0.986507 0.00111613 -0.163716 0.931556 -0.0021027 0.999981 -0.00585298 0.0905322 0.163706 0.00611825 0.98649 -0.352147
150 162 767 0.982083 0.00475079 -0.188391 0.938655 -0.00566086 0.999975 -0.004293 0.103605 0.188366 0.00528254 0.982085 -0.328927
150 163 505 0.983422 0.00393222 -0.181288 0.937938 -0.00393546 0.999992 0.000341847 0.109667 0.181288 0.000377272 0.98343 -0.329007
150 164 457 0.98396 0.0124028 -0.177958 0.904001 -0.0103359 0.999868 0.0125366 0.0977814 0.17809 -0.0104962 0.983958 -0.416199
165 166 121 0.999987 0.00344012 0.00384352 -0.883794 -0.00345578 0.999986 0.00407615 -0.138428 -0.00382944 -0.00408937 0.999984 0.44693
165 167 594 0.999623 0.00919406 -0.0258885 0.996551 -0.00898193 0.999925 0.00829867 0.0742852 0.0259628 -0.00806301 0.99963 0.0369726
165 168 970 0.998317 0.0249078 -0.0523708 0.986519 -0.0241353 0.999591 0.0153323 0.0194563 0.0527313 -0.0140425 0.99851 0.162489
165 169 1204 0.997477 0.0317468 -0.0634953 0.983122 -0.0308076 0.999402 0.015716 -0.0894666 0.0639562 -0.0137202 0.997858 0.15958
165 170 748 0.997806 0.0346321 -0.0564261 0.940194 -0.0337989 0.999306 0.015655 -0.0978964 0.0569291 -0.0137135 0.998284 0.32627
165 171 728 0.996607 0.0388474 -0.0725625 0.965841 -0.0371943 0.99902 0.0239967 -0.0987478 0.0734236 -0.0212164 0.997075 0.239581
165 172 1082 0.991672 0.0442286 -0.120957 0.963158 -0.0404717 0.998624 0.0333429 -0.114509 0.122265 -0.0281698 0.992098 0.243341
165 173 842 0.989991 0.0508552 -0.131651 0.929191 -0.046969 0.998369 0.0324599 -0.154818 0.133087 -0.0259515 0.990765 0.335613
165 174 803 0.988253 0.0746284 -0.133366 0.911147 -0.0713411 0.997023 0.0292661 -0.177823 0.135153 -0.0194078 0.990635 0.37174
165 175 794 0.985586 0.0711312 -0.153495 0.94112 -0.0683224 0.997386 0.0235033 -0.190504 0.154766 -0.0126774 0.98787 0.279287
165 176 683 0.984696 0.0806858 -0.154479 0.925885 -0.0787912 0.996722 0.0183581 -0.201921 0.155454 -0.00590556 0.987826 0.319319
165 177 707 0.980825 0.0861872 -0.174796 0.932033 -0.0849646 0.996279 0.01448 -0.20008 0.175394 0.000649098 0.984498 0.302128
165 178 661 0.981574 0.0806917 -0.17321 0.948642 -0.0796276 0.996739 0.0130953 -0.187636 0.173702 0.000938329 0.984798 0.254697
165 179 632 0.974041 0.082953 -0.210627 0.953422 -0.0796004 0.996529 0.0243607 -0.175372 0.211916 -0.00696231 0.977263 0.245422
180 181 39 0.999947 0.00572471 -0.00856356 0.948724 -0.00569245 0.999977 0.00378616 -0.098284 0.00858504 -0.00373722 0.999956 0.300438
180 182 669 0.999851 0.00535789 -0.0163908 0.931529 -0.00524296 0.999961 0.00704682 -0.0983766 0.0164279 -0.00695984 0.999841 0.350107
180 183 709 0.999745 0.0021867 -0.0224617 0.898321 -0.00199022 0.99996 0.0087658 -0.122777 0.02248 -0.00871887 0.999709 0.421835
180 184 1055 0.997897 0.0107751 -0.0639216 0.976966 -0.0102258 0.999908 0.00891352 -0.101954 0.0640118 -0.00824112 0.997915 0.187467
180 185 704 0.999179 0.00677945 -0.0399338 0.954344 -0.00669914 0.999975 0.00214461 -0.124333 0.0399474 -0.00187532 0.9992 0.271606
180 186 658 0.998956 0.00471474 -0.04544 0.97138 -0.00453763 0.999982 0.0040002 -0.0967323 0.0454581 -0.00378983 0.998959 0.216941
180 187 964 0.994566 -0.000973686 -0.104108 0.987783 0.00145071 0.999989 0.00450638 -0.0555934 0.104102 -0.00463292 0.994556 0.145584
180 188 622 0.99794 0.0164767 -0.0620019 0.970897 -0.0160175 0.999841 0.00789573 -0.12573 0.0621221 -0.00688636 0.998045 0.203839
180 189 571 0.997475 0.00861994 -0.0704875 0.968282 -0.00781345 0.999901 0.0117093 -0.0981474 0.0705815 -0.011129 0.997444 0.229776
180 190 579 0.994885 0.0163524 -0.0996858 0.987233 -0.0143419 0.99968 0.020852 -0.0981186 0.0999949 -0.0193156 0.9948 0.125476
180 191 556 0.993558 0.0228152 -0.111 0.975226 -0.0201313 0.999479 0.0252404 -0.110989 0.111518 -0.0228432 0.9935 0.19135
180 192 533 0.996773 0.0278343 -0.0752971 0.960615 -0.0264523 0.999464 0.0192886 -0.112105 0.0757936 -0.0172346 0.996975 0.254267
180 193 723 0.989414 0.0423682 -0.138799 0.984575 -0.0390302 0.998882 0.0266843 -0.134651 0.139775 -0.0209844 0.989961 0.111723
180 194 653 0.985733 0.0359569 -0.164432 0.980619 -0.0321163 0.999147 0.025957 -0.119175 0.165225 -0.0203057 0.986047 0.15551
195 196 41 0.999959 0.00293592 -0.00852423 0.98161 -0.00291095 0.999991 0.00294026 -0.177492 0.00853279 -0.00291532 0.999959 -0.0702673
195 197 146 0.999953 0.00700274 -0.00677696 0.971341 -0.00699184 0.999974 0.00163081 -0.07105 0.0067882 -0.00158335 0.999976 -0.226822
195 198 682 0.999575 0.0215304 -0.0196657 0.925398 -0.0214586 0.999762 0.00385432 -0.035659 0.019744 -0.00343068 0.999799 -0.377315
195 199 675 0.999404 0.0272543 -0.0211649 0.975862 -0.0271237 0.999611 0.00643682 -0.10454 0.0213321 -0.00585892 0.999755 -0.191741
195 200 665 0.998443 0.0407774 -0.0380758 0.995858 -0.0407497 0.999168 0.00150206 -0.0909225 0.0381054 5.1854e-05 0.999274 -0.000640375
195 201 613 0.998364 0.0451382 -0.0351057 0.985757 -0.0452807 0.998969 -0.00327534 -0.0980577 0.0349217 0.0048596 0.999378 -0.136632
195 202 995 0.996099 0.056044 -0.0681593 0.981465 -0.0566284 0.998373 -0.00667179 -0.0771383 0.0676745 0.0105055 0.997652 -0.175429
195 203 568 0.996577 0.0631082 -0.0534096 0.963292 -0.063732 0.997916 -0.0100569 -0.0641003 0.0526637 0.0134264 0.998522 -0.260692
195 204 868 0.994074 0.0661863 -0.0862355 0.981881 -0.0669841 0.997734 -0.00638797 -0.0599201 0.0856172 0.0121265 0.996254 -0.179774
195 205 658 0.993821 0.0648895 -0.0900531 0.984227 -0.0656429 0.997828 -0.00542592 -0.0428262 0.0895054 0.0113037 0.995922 -0.171646
195 206 916 0.989624 0.0705871 -0.125149 0.988924 -0.0713546 0.99745 -0.0016551 -0.0296057 0.124713 0.0105679 0.992137 -0.145437
195 207 886 0.990585 0.0584194 -0.123808 0.995374 -0.0588742 0.998265 -1.50985e-05 -0.0560102 0.123593 0.00730408 0.992306 -0.0780551
195 208 778 0.986043 0.0518299 -0.158217 0.997173 -0.0525491 0.998618 -0.000362982 -0.0606141 0.15798 0.00867209 0.987404 -0.0443985
195 209 764 0.987101 0.0649681 -0.146326 0.992546 -0.0659349 0.997822 -0.00176132 -0.0137358 0.145893 0.0113866 0.989235 -0.121097
210 211 74 0.999917 -0.00944457 -0.0087416 -0.527931 0.00945973 0.999954 0.00169471 0.0616435 0.00872519 -0.00177726 0.99996 -0.847047
210 212 708 0.999173 -0.0130058 -0.0385207 0.923364 0.0131757 0.999905 0.00416019 -0.0394656 0.0384629 -0.00466428 0.999249 0.381892
210 213 895 0.998078 -0.0081081 -0.0614394 0.882898 0.00821199 0.999965 0.00143868 -0.0408477 0.0614256 -0.00194045 0.99811 0.467785
210 214 596 0.998755 -0.0110154 -0.0486621 0.915201 0.0107752 0.999928 -0.00519419 -0.101729 0.0487158 0.00466337 0.998802 0.389948
210 215 714 0.99604 -0.00924689 -0.0884199 0.984562 0.0088596 0.999949 -0.00477158 -0.139959 0.0884596 0.00396932 0.996072 0.105111
210 216 681 0.995806 -0.0028506 -0.0914409 0.99446 0.00215844 0.999968 -0.00766751 -0.0915678 0.0914598 0.00743799 0.995781 0.0516224
210 217 949 0.992263 -0.0156293 -0.123169 0.96632 0.0158617 0.999874 0.000906444 -0.203304 0.123139 -0.0028531 0.992385 0.157774
210 218 574 0.996107 -0.00282197 -0.0881048 0.948439 0.00183573 0.999935 -0.011273 -0.152908 0.0881308 0.0110673 0.996047 0.277638
210 219 586 0.990472 0.00732667 -0.137518 0.970148 -0.007738 0.999967 -0.00245678 -0.151533 0.137495 0.00349749 0.990496 0.189344
210 220 872 0.983473 0.0184761 -0.180107 0.978883 -0.017738 0.999826 0.00570839 -0.164773 0.180181 -0.00241931 0.98363 0.120989
210 221 565 0.984584 0.014569 -0.174302 0.965751 -0.0133063 0.999876 0.00841099 -0.193187 0.174403 -0.00596201 0.984656 0.173216
210 222 468 0.982964 0.0306076 -0.181229 0.954699 -0.0296657 0.999529 0.00790641 -0.194212 0.181386 -0.00239543 0.983409 0.225456
210 223 646 0.976316 0.0389009 -0.212822 0.937692 -0.0375082 0.99924 0.0105794 -0.211274 0.213071 -0.00234632 0.977034 0.275856
210 224 664 0.961574 0.0563347 -0.268703 0.951704 -0.0517688 0.998369 0.0240538 -0.245988 0.26962 -0.0092191 0.962923 0.183708
225 226 324 0.99998 0.000108981 -0.00632544 0.558104 -0.000111773 1 -0.00044095 -0.171506 0.00632539 0.000441648 0.99998 0.811853
225 227 739 0.99945 0.00887475 -0.0319671 0.886318 -0.00888751 0.99996 -0.000257151 -0.208416 0.0319635 0.000541117 0.999489 0.413525
225 228 662 0.999158 0.0155095 -0.0379789 0.9879 -0.0155078 0.99988 0.000337742 -0.154215 0.0379796 0.000251513 0.999278 -0.0164672
225 229 530 0.999837 0.006511 -0.0168208 0.882433 -0.00645947 0.999974 0.0031163 -0.165184 0.0168406 -0.00300714 0.999854 0.440483
225 230 594 0.9989 0.00563092 -0.0465618 0.755149 -0.00537872 0.99997 0.00553995 -0.127395 0.0465916 -0.00528341 0.9989 0.643055
225 231 1352 0.997125 0.0109229 -0.0749889 0.865874 -0.0106542 0.999935 0.0039821 -0.119613 0.0750275 -0.00317171 0.997176 0.485752
225 232 499 0.998808 0.00635021 -0.0483895 0.934003 -0.00615245 0.999972 0.00423466 -0.135758 0.048415 -0.0039319 0.99882 0.330466
225 233 1064 0.995617 0.0121394 -0.092735 0.929376 -0.0115907 0.999912 0.00645381 -0.0876487 0.0928052 -0.00535066 0.99567 0.358577
225 234 496 0.997697 0.000444915 -0.0678239 0.876862 0.000232028 0.99995 0.00997268 -0.102931 0.067825 -0.00996546 0.997647 0.469593
225 235 921 0.995635 0.00488265 -0.0932089 0.923954 -0.00362269 0.9999 0.013682 -0.0945761 0.0932663 -0.0132846 0.995553 0.370626
225 236 493 0.995663 0.0109424 -0.0923836 0.934815 -0.00964063 0.999848 0.0145254 -0.0986726 0.0925285 -0.0135718 0.995618 0.341151
225 237 943 0.99081 0.0184112 -0.134005 0.943108 -0.0161442 0.999708 0.0179847 -0.0972292 0.134297 -0.015656 0.990817 0.317951
225 238 837 0.99169 0.022667 -0.12664 0.946131 -0.0200941 0.999566 0.0215575 -0.0958174 0.127074 -0.0188336 0.991714 0.309281
225 239 839 0.989629 0.0223615 -0.141894 0.954064 -0.0190444 0.999514 0.0246925 -0.0803425 0.142377 -0.0217342 0.989574 0.288631
240 241 1218 0.999472 0.00500509 -0.0320991 0.992822 -0.00496804 0.999987 0.00123384 -0.0325734 0.0321049 -0.00107372 0.999484 0.115083
240 242 672 0.999405 0.00876318 -0.0333623 0.997379 -0.00862574 0.999954 0.00426134 -0.0623535 0.0333981 -0.00397103 0.999434 -0.0367032
240 243 1150 0.997625 0.0157183 -0.0670679 0.991534 -0.0152773 0.999858 0.00708244 -0.0789184 0.0671697 -0.006041 0.997723 0.103111
240 244 728 0.997576 0.0162811 -0.0676581 0.990632 -0.0158163 0.999848 0.00739994 -0.104105 0.0677683 -0.0063119 0.997681 0.0883758
240 245 1087 0.99177 0.0297069 -0.124539 0.995224 -0.0287864 0.999543 0.00918435 -0.0855635 0.124755 -0.00552373 0.992172 0.0469862
240 246 583 0.995545 0.0210481 -0.0919104 0.993259 -0.0203 0.999753 0.00906702 -0.10932 0.0920786 -0.00716084 0.995726 -0.0385547
240 247 882 0.99021 0.0352797 -0.135052 0.993779 -0.0337937 0.999341 0.0132803 -0.109097 0.135431 -0.00858637 0.99075 0.0224075
240 248 871 0.990768 0.0391114 -0.129804 0.993392 -0.0378694 0.99921 0.0120233 -0.109159 0.130171 -0.00699667 0.991467 0.0354483
240 249 668 0.991734 0.0405389 -0.121742 0.989551 -0.0394785 0.999159 0.0111103 -0.136066 0.12209 -0.00621229 0.9925 0.0476881
240 250 665 0.985184 0.055888 -0.162138 0.957193 -0.0551975 0.998437 0.00876388 -0.139909 0.162374 0.000315574 0.986729 0.253392
240 251 609 0.986843 0.063598 -0.148648 0.981382 -0.064855 0.997888 -0.00361962 -0.158407 0.148104 0.0132126 0.988883 0.108609
240 252 648 0.983641 0.0633108 -0.168648 0.977127 -0.0655915 0.997815 -0.00798152 -0.156853 0.167774 0.0189128 0.985644 0.143594
240 253 660 0.980786 0.0802371 -0.177821 0.98538 -0.083446 0.996456 -0.0106283 -0.130991 0.176338 0.0252626 0.984005 0.108941
240 254 626 0.984995 0.0718108 -0.156936 0.981873 -0.0746226 0.997139 -0.0120911 -0.146553 0.155619 0.0236206 0.987535 0.1202
255 256 447 0.999861 0.00430569 -0.0161025 0.897875 -0.00423363 0.999981 0.00450631 0.130207 0.0161216 -0.00443751 0.99986 -0.420556
255 257 53 0.999987 0.00300529 -0.00421939 -0.854613 -0.00293381 0.999854 0.0168475 -0.125103 0.00426941 -0.0168349 0.999849 -0.50397
255 258 821 0.998886 0.00914211 -0.0462851 0.979733 -0.00849271 0.999863 0.0142076 0.162563 0.0464087 -0.0137987 0.998827 0.117036
255 259 462 0.999659 0.00830693 -0.0247681 0.918679 -0.00770777 0.999678 0.0241889 0.101682 0.024961 -0.0239897 0.999401 0.381693
255 260 530 0.999358 0.00898293 -0.0346718 0.848663 -0.00789459 0.999476 0.0314001 0.11788 0.0349357 -0.0311063 0.998905 0.515632
255 261 559 0.998365 0.00684932 -0.0567505 0.821129 -0.00502248 0.999467 0.0322712 0.0442673 0.0569413 -0.0319334 0.997867 0.569023
255 262 614 0.996974 0.00517891 -0.0775669 0.904593 -0.00299826 0.999598 0.0282033 0.0261266 0.0776818 -0.0278854 0.996588 0.425475
255 263 597 0.995553 0.0125063 -0.0933662 0.912579 -0.0101936 0.99963 0.0252064 0.0148542 0.0936469 -0.0241426 0.995313 0.408631
255 264 671 0.988895 -0.00107538 -0.14861 0.941195 0.00591263 0.999467 0.0321121 -0.0700864 0.148496 -0.0326341 0.988374 0.330515
255 265 756 0.989699 0.0110569 -0.142738 0.905893 -0.00819616 0.999754 0.0206142 -0.0265847 0.14293 -0.0192319 0.989546 0.422671
255 266 770 0.985531 0.0126431 -0.169025 0.912757 -0.00966371 0.999783 0.0184377 -0.0403916 0.169222 -0.0165375 0.985439 0.406502
255 267 605 0.985727 0.0181168 -0.167376 0.914451 -0.0151207 0.999702 0.019158 -0.0665204 0.167674 -0.0163537 0.985707 0.399192
255 268 618 0.985654 0.0264519 -0.166693 0.892092 -0.0231918 0.9995 0.0214743 -0.113165 0.167178 -0.0173003 0.985775 0.437453
255 269 535 0.991022 0.0287587 -0.130567 0.831626 -0.0267079 0.999491 0.017431 -0.118139 0.131002 -0.0137873 0.991286 0.542625
270 271 564 0.999713 0.00426528 -0.023566 0.788204 -0.00408714 0.999963 0.00760197 -0.321285 0.0235976 -0.00750347 0.999693 0.524891
270 272 541 0.999621 0.00803438 -0.0263165 0.667372 -0.00790229 0.999956 0.00511941 -0.390713 0.0263565 -0.00490951 0.999641 0.634002
270 273 547 0.99935 0.0282951 -0.0223504 0.651106 -0.028354 0.999595 -0.00232472 -0.342413 0.0222756 0.00295693 0.999747 0.677358
270 274 517 0.999417 0.0286066 -0.0186426 0.694071 -0.0286874 0.99958 -0.00408217 -0.322559 0.018518 0.0046146 0.999818 0.6436
270 275 732 0.997226 0.0293161 -0.068421 0.816449 -0.0289414 0.99956 0.00646176 -0.240784 0.0685804 -0.00446363 0.997636 0.524818
270 276 646 0.997779 0.0331423 -0.0577769 0.813769 -0.0329749 0.999449 0.00384778 -0.276273 0.0578726 -0.00193404 0.998322 0.511325
270 277 628 0.997468 0.0273157 -0.0656629 0.856872 -0.0269959 0.999619 0.00575295 -0.276636 0.0657951 -0.00396575 0.997825 0.43502
270 278 509 0.998514 0.0307192 -0.045007 0.695309 -0.0307933 0.999525 -0.000952015 -0.240392 0.0449564 0.00233651 0.998986 0.677316
270 279 682 0.992044 0.0258926 -0.123203 0.899521 -0.0250198 0.99965 0.00862592 -0.226006 0.123383 -0.00547477 0.992344 0.373875
270 280 471 0.998402 0.0292863 -0.0483332 0.807787 -0.0295713 0.999549 -0.00519351 -0.218609 0.0481593 0.00661449 0.998818 0.54744
270 281 654 0.994968 0.0351037 -0.0938428 0.884515 -0.0344319 0.999369 0.00876901 -0.211203 0.0940914 -0.0054937 0.995548 0.415965
270 282 644 0.995344 0.0253411 -0.0929969 0.851586 -0.0245412 0.999651 0.00973524 -0.211922 0.0932112 -0.00740765 0.995619 0.479469
270 283 474 0.996679 0.0268023 -0.0768999 0.800462 -0.0263358 0.999628 0.00707502 -0.211417 0.0770609 -0.0050263 0.997014 0.560859
270 284 525 0.99559 0.0329853 -0.0878177 0.829882 -0.0325363 0.999449 0.00653955 -0.204011 0.087985 -0.00365344 0.996115 0.519303
285 286 34 0.999955 0.000748285 -0.00946463 0.958455 -0.000733013 0.999998 0.00161688 -0.0941707 0.00946582 -0.00160987 0.999954 -0.26925
285 287 732 0.999676 0.00395474 -0.0251401 0.962312 -0.00367633 0.999932 0.011111 -0.253242 0.0251823 -0.011015 0.999622 -0.0991157
285 288 45 0.999998 0.00209871 -0.000301844 -0.970336 -0.00209781 0.999993 0.0029531 0.105745 0.00030804 -0.00295246 0.999996 -0.217408
285 289 1036 0.99823 0.00568296 -0.0591941 0.983759 -0.00503928 0.999927 0.0110177 -0.179301 0.0592523 -0.0106999 0.998186 0.00828888
285 290 599 0.999676 0.00421087 -0.0251208 0.990004 -0.00414486 0.999988 0.00267917 -0.138551 0.0251318 -0.00257418 0.999681 -0.0263695
285 291 1021 0.99848 0.019584 -0.0515152 0.995136 -0.0194032 0.999804 0.00400769 -0.0872648 0.0515836 -0.00300204 0.998664 -0.0457092
285 292 979 0.997528 0.0264499 -0.0651083 0.992551 -0.0259727 0.999629 0.00816467 -0.118236 0.0653001 -0.00645345 0.997845 -0.0293866
285 293 839 0.998324 0.027185 -0.0510855 0.987156 -0.0266874 0.99959 0.0103972 -0.113895 0.0513472 -0.00901647 0.99864 -0.112032
285 294 464 0.999476 0.0318461 -0.00581331 0.996444 -0.031831 0.99949 0.00266702 -0.0842602 0.00589528 -0.00248058 0.99998 -0.000123144
285 295 858 0.997102 0.0531424 -0.054436 0.973362 -0.0526764 0.998562 0.00996145 -0.102762 0.0548871 -0.00706509 0.998468 -0.204957
285 296 710 0.995215 0.0711118 -0.0670086 0.986725 -0.0698261 0.997331 0.0213404 -0.095121 0.0683474 -0.0165594 0.997524 -0.131627
285 297 733 0.996569 0.072271 -0.0403429 0.988936 -0.0711057 0.997029 0.0296112 -0.101766 0.0423631 -0.026641 0.998747 -0.107929
285 298 772 0.996749 0.077902 -0.0205763 0.976051 -0.0771778 0.99644 0.0339154 -0.125567 0.0231451 -0.0322171 0.999213 -0.177646
285 299 875 0.993584 0.106586 -0.0378069 0.98627 -0.105243 0.993799 0.0358882 -0.123552 0.0413976 -0.0316791 0.99864 -0.109576
300 301 16 0.999988 0.00440709 0.00198445 0.958841 -0.0044059 0.99999 -0.000602145 -0.260235 -0.00198708 0.000593395 0.999998 -0.113588
300 302 17 0.999893 0.0131159 0.00643755 0.821834 -0.0130931 0.999908 -0.0035798 -0.138399 -0.00648391 0.00349513 0.999973 0.552662
300 303 32 0.999818 0.0185194 0.00462984 -0.857861 -0.0184976 0.999818 -0.00471341 0.0150874 -0.00471629 0.00462691 0.999978 -0.51366
300 304 613 0.9996 0.0139549 0.0246179 -0.995859 -0.0136468 0.999827 -0.0126374 0.0897498 -0.0247899 0.0122963 0.999617 0.0144668
300 305 518 0.99978 0.0123137 0.0169959 -0.975197 -0.0119657 0.99972 -0.0204276 0.217412 -0.0172427 0.0202197 0.999647 -0.0414982
300 306 548 0.999752 0.0166591 -0.0148094 0.980896 -0.0169898 0.999603 -0.022493 -0.184128 0.0144288 0.0227391 0.999637 0.0627665
300 307 519 0.999557 0.0135875 0.0264756 -0.993278 -0.0126649 0.999317 -0.034707 0.112824 -0.0269291 0.0343563 0.999047 0.025864
300 308 528 0.999609 0.0166807 0.0224234 -0.967584 -0.0159014 0.999278 -0.0344959 0.0994746 -0.0229827 0.0341258 0.999153 -0.232134
300 309 593 0.999119 0.00442022 -0.0417238 0.943691 -0.00553207 0.999632 -0.0265702 -0.127428 0.041591 0.0267776 0.998776 -0.305302
300 310 574 0.999061 0.00197722 -0.043288 0.939592 -0.00333398 0.999505 -0.031293 -0.0750891 0.0432047 0.0314079 0.998572 -0.333959
300 311 595 0.997485 -0.00651941 -0.0705755 0.976714 0.00470909 0.999656 -0.0257869 -0.118257 0.0707194 0.0253897 0.997173 -0.179008
300 312 564 0.998264 0.00257052 -0.0588368 0.911722 -0.0044081 0.999506 -0.0311235 -0.0508954 0.0587278 0.0313288 0.997782 -0.407642
300 313 571 0.997782 -0.00658217 -0.0662399 0.988621 0.00407865 0.999275 -0.0378592 -0.0745072 0.0664411 0.037505 0.997085 -0.130682
300 314 590 0.995815 -0.014496 -0.090238 0.957418 0.0110963 0.999214 -0.0380631 -0.1072 0.0907189 0.0369025 0.995193 -0.268067
315 316 114 0.999989 0.00131448 -0.00453647 0.346379 -0.00132431 0.999997 -0.00216511 -0.0869175 0.00453361 0.00217109 0.999987 0.934059
315 317 1273 0.998645 -0.00602107 -0.0516972 0.846375 0.00693844 0.999821 0.0175839 -0.531402 0.0515821 -0.0179188 0.998508 0.0355177
315 318 730 0.999605 -0.00101721 -0.0280749 0.960424 0.00071265 0.999941 -0.0108562 -0.125268 0.0280842 0.0108319 0.999547 -0.248785
315 319 797 0.999353 -0.0024293 -0.0358866 0.968964 0.00208854 0.999952 -0.00952992 -0.17696 0.0359081 0.0094488 0.99931 -0.172608
315 320 591 0.999504 -0.00738175 -0.030627 0.868786 0.00689067 0.999847 -0.0161088 -0.108035 0.0307412 0.0158897 0.999401 -0.483258
315 321 814 0.998578 -0.00742428 -0.0527947 0.928003 0.00676559 0.999897 -0.0126442 -0.123079 0.0528831 0.012269 0.998525 -0.351656
315 322 1186 0.997342 -0.00953652 -0.0722419 0.953484 0.00891028 0.99992 -0.00898601 -0.198566 0.0723218 0.00831843 0.997347 -0.226801
315 323 799 0.998841 -0.0129954 -0.0463477 0.922144 0.0120515 0.999715 -0.0205866 -0.0624024 0.046602 0.0200042 0.998713 -0.38178
315 324 868 0.996998 -0.00262186 -0.0773828 0.978627 0.00137426 0.999868 -0.0161714 -0.0932008 0.077415 0.0160165 0.99687 -0.18331
315 325 799 0.997083 -0.00567719 -0.0761192 0.955512 0.00427263 0.999818 -0.0186023 -0.0406368 0.076211 0.0182228 0.996925 -0.29214
315 326 777 0.997811 -0.00817592 -0.0656216 0.90064 0.00700699 0.999813 -0.0180237 -0.0334552 0.0657567 0.0175244 0.997682 -0.433276
315 327 779 0.996764 -0.00583151 -0.0801722 0.967111 0.00461056 0.999871 -0.0154058 -0.0481721 0.0802517 0.0149863 0.996662 -0.249753
315 328 1016 0.9938 -0.000785423 -0.11118 0.977033 -0.000356568 0.999947 -0.0102513 -0.0995137 0.111182 0.0102274 0.993747 -0.188423
315 329 730 0.995077 0.0108173 -0.098513 0.969457 -0.0125815 0.999771 -0.0173048 -0.0750994 0.0983033 0.0184591 0.994985 -0.233481
