0 1 1345 0.999959 0.00519426 0.00744163 -0.799265 -0.00522543 0.999978 0.00417565 -0.137097 -0.00741977 -0.00421437 0.999964 -0.585133
0 2 3921 0.999358 0.012139 -0.0336943 0.928191 -0.0121412 0.999926 0.000140999 0.117569 0.0336935 0.000268179 0.999432 -0.353041
0 3 3872 0.998628 0.0245573 -0.0462396 0.821012 -0.0249032 0.999666 -0.00691824 0.349291 0.0460542 0.00806027 0.998906 -0.451592
0 4 4433 0.997266 0.0227363 -0.070315 0.858345 -0.0228445 0.999739 -0.000734821 0.267142 0.0702799 0.00233912 0.997525 -0.43804
0 5 3662 0.997209 0.0153547 -0.0730585 0.849838 -0.0150599 0.999876 0.00458369 0.213725 0.0731198 -0.00347064 0.997317 -0.481765
0 6 3555 0.997439 0.02074 -0.0684518 0.817246 -0.0203173 0.99977 0.00686519 0.207003 0.0685785 -0.00545685 0.997631 -0.537828
0 7 3843 0.993573 0.0396578 -0.106014 0.862111 -0.0396682 0.999211 0.00201143 0.243847 0.106011 0.0022069 0.994363 -0.444188
0 8 3827 0.992009 0.0429322 -0.118638 0.872774 -0.0423628 0.999075 0.00731875 0.23634 0.118842 -0.00223444 0.992911 -0.427094
0 9 3298 0.990906 0.0265211 -0.131917 0.891735 -0.0248885 0.999592 0.01401 0.19179 0.132234 -0.0105993 0.991162 -0.40991
0 10 3110 0.990403 0.0333507 -0.134128 0.877094 -0.0315373 0.99938 0.0156226 0.20759 0.134566 -0.0112426 0.990841 -0.433142
0 11 3284 0.983905 0.0401361 -0.174126 0.920775 -0.0391088 0.999191 0.00932816 0.204432 0.17436 -0.00236815 0.984679 -0.332235
0 12 3016 0.98272 0.0652069 -0.173235 0.902906 -0.0656289 0.997839 0.00329704 0.233953 0.173075 0.00812915 0.984875 -0.360592
0 13 2730 0.980877 0.0659533 -0.183115 0.892195 -0.0654125 0.997818 0.00899861 0.219105 0.183309 0.00315149 0.98305 -0.394945
0 14 2476 0.979957 0.0823568 -0.181385 0.878663 -0.0815667 0.996598 0.0118238 0.232059 0.181742 0.00320816 0.983341 -0.417253
15 16 456 0.999981 0.0059581 -0.0012795 0.427925 -0.00596681 0.999958 -0.00692149 0.271945 0.00123821 0.006929 0.999975 -0.861931
15 17 4365 0.998167 0.000903139 -0.0605064 0.903189 -0.00156626 0.999939 -0.010913 0.171163 0.0604928 0.0109878 0.998108 -0.393639
15 18 4367 0.999498 0.000588965 -0.0316686 0.796375 -0.000780468 0.999981 -0.00603505 0.277174 0.0316645 0.00605674 0.99948 -0.537551
15 19 4329 0.998487 0.00905419 -0.0542428 0.879397 -0.00906754 0.999959 -6.15223e-08 0.194471 0.0542405 0.00049191 0.998528 -0.434559
15 20 4045 0.998198 0.00271291 -0.0599375 0.867836 -0.00279157 0.999995 -0.00122868 0.233808 0.0599339 0.00139378 0.998201 -0.438401
15 21 3884 0.998132 0.0072707 -0.0606609 0.825458 -0.00720849 0.999973 0.00124425 0.252232 0.0606684 -0.000804652 0.998158 -0.504973
15 22 3743 0.996167 0.0134534 -0.0864277 0.895203 -0.013569 0.999908 -0.000750549 0.215544 0.0864096 0.00192041 0.996258 -0.390067
15 23 3627 0.992467 0.0242809 -0.120085 0.904427 -0.0261534 0.999559 -0.0140416 0.232286 0.119691 0.0170765 0.992664 -0.357847
15 24 3387 0.990905 0.0220758 -0.132738 0.915716 -0.0240497 0.999622 -0.0132856 0.198661 0.132395 0.0163571 0.991062 -0.349283
15 25 3181 0.992847 0.0413462 -0.112007 0.875807 -0.0417885 0.999125 -0.00160346 0.107593 0.111843 0.00627262 0.993706 -0.470517
15 26 2805 0.982126 0.0415988 -0.183569 0.95313 -0.0453546 0.998838 -0.0163069 0.116078 0.182678 0.0243411 0.982872 -0.279409
15 27 2387 0.976031 0.0401345 -0.213901 0.965759 -0.0462712 0.998646 -0.0237585 0.097767 0.212658 0.0330865 0.976566 -0.240316
15 28 2408 0.974473 0.039519 -0.221 0.956098 -0.0497627 0.99792 -0.0409755 0.128849 0.218921 0.0509271 0.974413 -0.263202
15 29 2269 0.966543 0.0549523 -0.25055 0.968625 -0.0686491 0.996568 -0.0462526 0.109757 0.247148 0.0619051 0.966998 -0.22298
30 31 424 0.999994 0.00331467 0.00125473 0.403457 -0.0033219 0.999978 0.00580282 -0.122051 -0.00123547 -0.00580696 0.999982 -0.906822
30 32 3698 0.999855 0.000987282 -0.0170155 0.993246 -0.000798589 0.999938 0.0110927 -0.008323 0.0170254 -0.0110775 0.999794 0.115731
30 33 4451 0.994782 0.00518356 -0.101887 0.989333 -0.00531734 0.999985 -0.00104152 0.0820464 0.10188 0.00157785 0.994795 0.120371
30 34 3665 0.991432 0.0343992 -0.126013 0.994938 -0.0343113 0.999407 0.00286826 0.0453454 0.126037 0.00147999 0.992024 0.0896735
30 35 2585 0.99676 0.0579676 -0.0557623 0.992336 -0.0570618 0.998214 0.017702 -0.00248112 0.0566888 -0.0144627 0.998287 0.123548
30 36 2315 0.991401 0.048221 -0.121647 0.99267 -0.046857 0.998803 0.0140509 0.0747551 0.122179 -0.00823003 0.992474 0.0949595
30 37 2499 0.992624 0.0625371 -0.103862 0.991242 -0.0595653 0.997728 0.0314753 0.0479491 0.105595 -0.0250566 0.994094 0.123045
30 38 2937 0.991955 0.0648432 -0.108727 0.985056 -0.0612918 0.997481 0.0356966 0.0600614 0.110768 -0.0287454 0.993431 0.161423
30 39 3025 0.99425 0.0608712 -0.0881045 0.97886 -0.0572417 0.997427 0.0431546 0.0436565 0.0905047 -0.0378632 0.995176 0.199819
30 40 2428 0.992789 0.0610078 -0.103186 0.976852 -0.0580922 0.997829 0.031032 0.0773205 0.104855 -0.0248139 0.994178 0.199451
30 41 2358 0.993811 0.0648135 -0.0902158 0.978499 -0.062306 0.997596 0.0303413 0.0597945 0.0919654 -0.0245326 0.99546 0.197393
30 42 2567 0.987242 0.0670062 -0.144439 0.983599 -0.0630598 0.997505 0.0317343 0.0232881 0.146205 -0.0222212 0.989005 0.178862
30 43 2308 0.98763 0.0706208 -0.139997 0.983563 -0.0688447 0.997474 0.0174954 0.0612819 0.140879 -0.00764096 0.989997 0.169849
30 44 2062 0.984099 0.063778 -0.165775 0.986009 -0.059729 0.997784 0.0293015 0.0195694 0.167276 -0.018934 0.985728 0.165541
45 46 4755 0.999123 0.00374026 -0.041707 0.997226 -0.00368133 0.999992 0.00148954 0.0388139 0.0417122 -0.0013347 0.999129 -0.0635075
45 47 4510 0.999257 0.0105006 -0.0370717 0.98069 -0.0105018 0.999945 0.000161402 0.187414 0.0370714 0.000228039 0.999313 -0.0558898
45 48 4451 0.996876 0.0198059 -0.0764646 0.995905 -0.019109 0.999769 0.0098347 -0.0435104 0.0766417 -0.00834281 0.997024 -0.0792509
45 49 4525 0.99582 0.0259129 -0.087582 0.971302 -0.0271348 0.99955 -0.0127894 0.20878 0.0872112 0.0151125 0.996075 -0.113949
45 50 3982 0.992686 0.0448462 -0.112091 0.9817 -0.0432627 0.998927 0.0165208 0.00411648 0.112711 -0.0115507 0.993561 -0.19039
45 51 3543 0.996468 0.0343531 -0.0766265 0.957829 -0.03399 0.999404 0.00603766 0.196743 0.0767882 -0.0034118 0.997042 -0.209418
45 52 3206 0.989735 0.0353833 -0.138462 0.991338 -0.0313341 0.999018 0.0313162 0.00139586 0.139434 -0.0266562 0.989872 -0.131331
45 53 2780 0.988397 0.0410784 -0.146233 0.986347 -0.0370489 0.998858 0.0301746 0.0849729 0.147305 -0.0244067 0.98879 -0.141066
45 54 3021 0.987829 0.0688229 -0.139486 0.988105 -0.0641577 0.997228 0.0376753 0.136278 0.141693 -0.0282677 0.989507 -0.0712499
45 55 2289 0.970467 0.100314 -0.219387 0.99914 -0.0883168 0.994044 0.0638483 -0.0180519 0.224485 -0.0425871 0.973546 0.0373316
45 56 2429 0.974379 0.118351 -0.191256 0.998533 -0.112136 0.992761 0.0430359 0.0134995 0.194965 -0.0204866 0.980596 0.0524393
45 57 2915 0.976203 0.120403 -0.180362 0.995246 -0.118795 0.992723 0.0197336 0.094865 0.181425 0.0021621 0.983402 0.022062
45 58 2564 0.969429 0.155136 -0.190104 0.999243 -0.146172 0.987414 0.0603862 -0.0357044 0.19708 -0.0307522 0.979905 0.015453
45 59 2114 0.976177 0.16334 -0.14282 0.999287 -0.154528 0.985446 0.0708313 -0.036457 0.152311 -0.0470742 0.987211 0.00977632
60 61 3388 0.999823 0.0122056 -0.0143459 0.867357 -0.0122475 0.999921 -0.00283812 0.160486 0.0143101 0.00301332 0.999893 0.471102
60 62 3014 0.999561 0.0237702 -0.0177046 0.848907 -0.023813 0.999714 -0.00221108 0.0481241 0.017647 0.00263171 0.999841 0.526347
60 63 3252 0.99837 0.0267848 -0.0503952 0.956656 -0.0273062 0.99958 -0.00968659 0.130766 0.0501146 0.0110469 0.998682 0.260212
60 64 2742 0.998764 0.0337714 -0.0364653 0.846812 -0.0338501 0.999426 -0.00154379 0.0185814 0.0363923 0.00277623 0.999334 0.531568
60 65 2831 0.997728 0.027825 -0.0613514 0.909552 -0.0280768 0.9996 -0.0032461 -0.00666877 0.0612365 0.00496128 0.998111 0.415538
60 66 2605 0.998826 0.0225995 -0.0428357 0.781075 -0.0228878 0.999718 -0.00625207 -0.0191469 0.0426824 0.00722515 0.999063 0.624144
60 67 2828 0.996513 0.0215112 -0.0806177 0.898657 -0.0226775 0.999651 -0.0135792 0.00247553 0.0802974 0.0153601 0.996653 0.438645
60 68 2539 0.997091 0.0215028 -0.0731247 0.850165 -0.0223695 0.999689 -0.0110542 -0.0522195 0.0728642 0.0126578 0.997262 0.52392
60 69 2656 0.990494 0.0200641 -0.136086 0.920634 -0.0240612 0.999324 -0.0277903 0.0788775 0.135437 0.0308006 0.990307 0.382376
60 70 2504 0.993912 0.025938 -0.107083 0.870084 -0.0267896 0.99962 -0.0065212 -0.0830523 0.106873 0.0093502 0.994229 0.485857
60 71 2268 0.994526 0.0386131 -0.0970941 0.831932 -0.0398327 0.99915 -0.0106536 -0.0373446 0.0966001 0.0144628 0.995218 0.55362
60 72 2373 0.98987 0.0411809 -0.135877 0.85745 -0.0428185 0.999041 -0.00915098 -0.0496802 0.13537 0.0148763 0.990683 0.512163
60 73 2088 0.991954 0.0377372 -0.120846 0.779276 -0.0388407 0.999222 -0.00678825 -0.100172 0.120496 0.0114274 0.992648 0.618624
60 74 2155 0.988893 0.0444264 -0.141833 0.814902 -0.0455355 0.998952 -0.00458173 -0.112262 0.141481 0.0109893 0.98988 0.568623
75 76 310 0.999809 0.00978177 -0.0169396 0.98221 -0.00980459 0.999951 -0.001265 -0.154922 0.0169264 0.00143085 0.999856 0.106125
75 77 3242 0.999459 0.0144802 -0.0295453 0.851174 -0.014595 0.999887 -0.00367477 -0.250218 0.0294887 0.00410399 0.999557 0.461404
75 78 3247 0.999277 0.0167885 -0.034126 0.867873 -0.0171314 0.999805 -0.00978008 -0.345963 0.0339552 0.0103576 0.99937 0.356519
75 79 3095 0.999709 0.0188914 -0.0150001 0.663056 -0.0192206 0.999571 -0.0221137 -0.330936 0.0145759 0.0223956 0.999643 0.671445
75 80 2961 0.999296 0.0252774 -0.0277194 0.727461 -0.0259007 0.999414 -0.0223619 -0.37103 0.027138 0.0230641 0.999366 0.57718
75 81 2905 0.999453 0.0292276 -0.0155012 0.639763 -0.0297145 0.999041 -0.0321709 -0.35064 0.014546 0.0326139 0.999362 0.683926
75 82 3330 0.997942 0.0241126 -0.0594165 0.878271 -0.0258024 0.999279 -0.027839 -0.343938 0.0587025 0.0293148 0.997845 0.332186
75 83 2878 0.998327 0.0283186 -0.0504178 0.811478 -0.0300546 0.998969 -0.0340137 -0.338528 0.0494026 0.0354721 0.998149 0.476342
75 84 3164 0.995587 0.0338943 -0.0875032 0.848637 -0.0364606 0.998946 -0.0278978 -0.344203 0.0864653 0.0309651 0.995774 0.40167
75 85 2936 0.992346 0.0346838 -0.118517 0.875419 -0.0374922 0.999065 -0.0215483 -0.367383 0.117659 0.0258268 0.992718 0.314122
75 86 2537 0.997941 0.0318874 -0.0556564 0.819356 -0.0346762 0.998153 -0.0498836 -0.347153 0.0539629 0.0517108 0.997203 0.456224
75 87 2904 0.990309 0.0358131 -0.134187 0.884214 -0.040104 0.998763 -0.0294111 -0.339439 0.132968 0.0345075 0.990519 0.320853
75 88 2456 0.994286 0.0438786 -0.0973097 0.848651 -0.0490391 0.997479 -0.0512889 -0.320994 0.0948139 0.0557678 0.993932 0.420422
75 89 2292 0.994643 0.053163 -0.0886556 0.867359 -0.0583736 0.996652 -0.057254 -0.304561 0.0853149 0.0621224 0.994415 0.393613
90 91 345 0.999979 0.0037726 -0.00524785 0.407546 -0.00375318 0.999986 0.00370543 -0.197139 0.00526175 -0.00368565 0.999979 0.891651
90 92 160 0.999846 0.0140581 -0.0104855 0.980476 -0.0139777 0.999873 0.0076983 -0.0147934 0.0105924 -0.00755055 0.999915 0.196081
90 93 3021 0.999538 0.0198196 -0.0230297 0.92817 -0.0195533 0.99974 0.0117329 0.0246206 0.0232562 -0.0112772 0.999666 0.371341
90 94 3386 0.996363 0.0300264 -0.0797397 0.999344 -0.0288247 0.999454 0.0161792 0.0317799 0.0801819 -0.0138219 0.996684 -0.017387
90 95 2825 0.994837 0.0448896 -0.0910219 0.984719 -0.0434816 0.998903 0.0173943 0.164895 0.0917028 -0.0133467 0.995697 -0.0560149
90 96 2978 0.991331 0.0558778 -0.118918 0.989648 -0.0530633 0.998234 0.0267058 0.136079 0.1202 -0.0201641 0.992545 -0.0455962
90 97 2828 0.993962 0.0670053 -0.0868934 0.982497 -0.0637523 0.997176 0.0396894 0.168116 0.0893075 -0.0339101 0.995427 -0.0802339
90 98 2076 0.984749 0.0689852 -0.159721 0.996302 -0.0604823 0.996511 0.0575049 0.0801828 0.16313 -0.0469676 0.985486 -0.0308596
90 99 2136 0.988218 0.0897197 -0.124001 0.985609 -0.0800206 0.993488 0.0811093 0.123767 0.130471 -0.0702309 0.988962 -0.115134
90 100 2260 0.994298 0.100599 -0.0353712 0.959068 -0.0966727 0.990362 0.0991872 0.207648 0.0450084 -0.0952022 0.99444 0.192537
90 101 1886 0.993585 0.100613 -0.0516256 0.974315 -0.0948816 0.990094 0.103499 0.22467 0.0615275 -0.0979366 0.993289 -0.0153008
90 102 1977 0.991875 0.113437 -0.0575919 0.965855 -0.106088 0.987366 0.1177 0.232913 0.0702159 -0.110634 0.991378 0.113471
90 103 2234 0.986868 0.137054 -0.0854823 0.968515 -0.126553 0.984907 0.118079 0.248346 0.100375 -0.10571 0.989318 -0.0174162
90 104 2269 0.974215 0.161381 -0.157672 0.976907 -0.144777 0.983136 0.111724 0.21353 0.173043 -0.0860156 0.981151 0.00756335
105 106 884 0.999909 0.0133763 -0.00195559 -0.289316 -0.0133694 0.999904 0.00350964 0.155722 0.00200234 -0.00348317 0.999992 -0.944483
105 107 2830 0.999107 0.0257119 -0.0335173 0.821948 -0.0256872 0.999669 0.0011693 0.329645 0.0335363 -0.000307294 0.999437 -0.464474
105 108 2273 0.998784 0.0376855 -0.0317985 0.683067 -0.0374303 0.999262 0.00858523 0.352786 0.0320986 -0.00738456 0.999457 -0.639501
105 109 2510 0.998263 0.0344901 -0.0477679 0.808094 -0.0339853 0.999358 0.0113398 0.306649 0.0481283 -0.00969672 0.998794 -0.502941
105 110 2166 0.997214 0.0312227 -0.0677446 0.761624 -0.0301061 0.999395 0.0174426 0.279866 0.0682482 -0.0153545 0.99755 -0.584468
105 111 3306 0.993854 0.0308894 -0.106305 0.94952 -0.0284158 0.999291 0.0247054 0.256976 0.106993 -0.0215328 0.994027 -0.179932
105 112 511 0.998918 0.0291916 -0.0361947 -0.972327 -0.0276589 0.998729 0.0421468 -0.224031 0.037379 -0.0411002 0.998456 -0.0662567
105 113 2177 0.997866 0.0372107 -0.0536566 0.940638 -0.0354309 0.998802 0.033749 0.227382 0.0548482 -0.0317758 0.997989 -0.251987
105 114 2385 0.996636 0.0351497 -0.0740315 0.962014 -0.0333581 0.999123 0.0252996 0.227546 0.0748559 -0.022745 0.996935 -0.150838
105 115 2345 0.991993 0.0301664 -0.12264 0.984015 -0.0282145 0.999447 0.0176218 0.17543 0.123103 -0.0140205 0.992295 -0.0306464
105 116 2212 0.99521 0.0311095 -0.0926796 0.974347 -0.029724 0.999425 0.0162928 0.195205 0.0931332 -0.01346 0.995563 -0.111993
105 117 1891 0.993114 0.0236379 -0.114744 0.985409 -0.0221238 0.999651 0.0144515 0.159792 0.115045 -0.0118134 0.99329 -0.0586215
105 118 2098 0.985089 0.0204608 -0.170826 0.996574 -0.0175091 0.999671 0.0187676 0.0826241 0.171154 -0.0154967 0.985122 -0.00356517
105 119 1705 0.987049 0.0172341 -0.159493 0.996243 -0.0146209 0.999739 0.0175432 0.029629 0.159753 -0.014984 0.987043 0.0813751
120 121 210 0.999998 0.00129983 0.00151361 0.976792 -0.00130205 0.999998 0.00146465 -0.212132 -0.00151171 -0.00146662 0.999998 -0.0296383
120 122 2262 0.999995 0.000762177 -0.00292381 0.966252 -0.00074767 0.999987 0.00495926 -0.20883 0.00292755 -0.00495705 0.999983 -0.15082
120 123 2122 0.999942 -0.00781735 0.00735299 0.966853 0.00779335 0.999964 0.00328682 -0.246216 -0.00737842 -0.00322933 0.999968 -0.0676301
120 124 2111 0.999844 -0.0100333 0.0145072 0.918077 0.0100108 0.999949 0.00162409 -0.281046 -0.0145227 -0.00147861 0.999893 0.279548
120 125 3335 0.999653 -0.00180593 -0.0262853 0.942894 0.00218281 0.999895 0.0143164 -0.290437 0.0262567 -0.0143688 0.999552 0.163085
120 126 1669 0.999998 -0.00148173 0.00126108 0.930861 0.00148119 0.999999 0.000428856 -0.326248 -0.00126172 -0.000426987 0.999999 0.164498
120 127 2916 0.999845 0.00370323 -0.0172255 0.942445 -0.00368339 0.999993 0.00118305 -0.316678 0.0172298 -0.00111942 0.999851 0.107299
120 128 2904 0.999659 0.0137815 -0.0221665 0.956535 -0.0137273 0.999902 0.00259598 -0.291322 0.0222001 -0.00229081 0.999751 0.0131284
120 129 1473 0.999974 0.00413342 -0.00585946 0.93031 -0.00410571 0.99998 0.00473216 -0.286112 0.0058789 -0.00470798 0.999972 0.229484
120 130 1391 0.999847 0.0023123 -0.0173246 0.936205 -0.00223267 0.999987 0.00461405 -0.283402 0.0173351 -0.00457467 0.999839 0.207854
120 131 2008 0.999479 0.00335785 -0.0320907 0.948763 -0.00330599 0.999993 0.00166902 -0.282652 0.0320961 -0.00156206 0.999484 0.141267
120 132 1356 0.999873 -0.000207546 -0.0159367 0.950411 0.000153303 0.999994 -0.00340478 -0.279635 0.0159373 0.0034019 0.999867 0.136102
120 133 2477 0.996826 0.00378756 -0.0795217 0.957806 -0.00238713 0.999841 0.0176983 -0.270245 0.079576 -0.0174523 0.996676 0.0978514
120 134 2007 0.997887 0.000798097 -0.0649752 0.954668 -6.43989e-05 0.999936 0.0112933 -0.245633 0.06498 -0.0112652 0.997823 0.168148
135 136 79 0.999989 0.00374071 -0.00294524 -0.920782 -0.00372128 0.999971 0.00657401 -0.138729 0.00296975 -0.00656298 0.999974 -0.364575
135 137 70 0.999857 0.00528484 -0.016044 -0.96671 -0.00508013 0.999906 0.0127739 -0.229727 0.01611 -0.0126905 0.99979 0.112679
135 138 1036 0.999624 0.00757491 -0.0263358 -0.985083 -0.00683442 0.999582 0.0280943 -0.0990686 0.0265376 -0.0279037 0.999258 -0.140699
135 139 2442 0.998595 0.0151047 -0.0507842 0.927794 -0.0134944 0.9994 0.0319031 0.146229 0.0512356 -0.0311729 0.9982 -0.343243
135 140 2508 0.996537 0.0241942 -0.0795577 0.943782 -0.0215667 0.999199 0.0337213 0.187706 0.0803098 -0.0318887 0.99626 -0.272106
135 141 2133 0.997488 0.0253679 -0.0661317 0.904669 -0.0225807 0.998839 0.0425587 0.171575 0.0671345 -0.0409585 0.996903 -0.390047
135 142 1959 0.994412 0.0310927 -0.100886 0.897253 -0.026422 0.998531 0.0473076 0.171813 0.102209 -0.0443776 0.993773 -0.406716
135 143 1977 0.993858 0.0397914 -0.103265 0.92565 -0.034108 0.997835 0.0562311 0.168712 0.105279 -0.0523635 0.993063 -0.338687
135 144 2826 0.987879 0.0524428 -0.146097 0.941326 -0.0446228 0.997416 0.0563009 0.157298 0.148672 -0.0490992 0.987667 -0.298601
135 145 1894 0.992968 0.0592678 -0.10248 0.912037 -0.0526063 0.996397 0.066529 0.167521 0.106054 -0.0606701 0.992508 -0.374333
135 146 2479 0.981505 0.0789601 -0.174394 0.945978 -0.069678 0.995839 0.0587309 0.171569 0.178306 -0.0454932 0.982923 -0.275116
135 147 2317 0.980028 0.0871839 -0.178729 0.952529 -0.0774697 0.995149 0.0606424 0.165923 0.183149 -0.0455851 0.982028 -0.255262
135 148 1780 0.982932 0.0892714 -0.160858 0.949795 -0.0802341 0.994856 0.0618402 0.163126 0.165552 -0.0478784 0.985038 -0.266982
135 149 2125 0.972174 0.101493 -0.211131 0.940546 -0.0918571 0.994253 0.0549836 0.157795 0.215498 -0.0340598 0.97591 -0.300789
150 151 157 0.999838 -0.0036508 -0.0176525 0.95944 0.00372115 0.999985 0.00395391 0.246536 0.0176378 -0.00401895 0.999836 0.136733
150 152 3250 0.99823 -0.00493457 -0.0592743 0.981929 0.00532769 0.999965 0.00647613 0.00870886 0.0592402 -0.00678046 0.998221 -0.189047
150 153 232 0.999375 -0.0139459 -0.0324941 -0.993345 0.0139596 0.999903 0.000195156 -0.0883138 0.0324883 -0.00064864 0.999472 -0.0739324
150 154 1881 0.997388 -0.00378703 -0.0721273 0.992444 0.00328666 0.99997 -0.00705473 0.0594644 0.0721518 0.00679925 0.99737 -0.107326
150 155 1761 0.997176 -0.0120447 -0.0741274 0.936562 0.0108889 0.999813 -0.0159761 0.0466372 0.074306 0.0151238 0.997121 -0.347386
150 156 1730 0.996577 -0.015528 -0.0812022 0.86705 0.0141252 0.999741 -0.0178213 0.113897 0.0814579 0.0166133 0.996538 -0.485027
150 157 1826 0.994623 -0.0227158 -0.101038 0.932836 0.0211089 0.999634 -0.0169439 0.0891871 0.101386 0.01472 0.994738 -0.349089
150 158 1733 0.994952 -0.0160664 -0.0990587 0.78067 0.0149424 0.999815 -0.0120786 0.124636 0.0992344 0.0105374 0.995008 -0.612389
150 159 2228 0.980172 -0.00143205 -0.198142 0.979021 0.000798899 0.999994 -0.00327531 0.029637 0.198146 0.00305208 0.980168 -0.20159
150 160 2080 0.985379 -0.00922582 -0.170127 0.964802 0.00763755 0.999921 -0.0099879 0.102035 0.170205 0.00854252 0.985372 -0.242377
150 161 2191 0.981527 0.00108438 -0.191321 0.955313 -0.00230174 0.999978 -0.00614076 0.0664692 0.19131 0.0064677 0.981508 -0.288025
150 162 2027 0.980611 0.00388588 -0.195924 0.956094 -0.00462126 0.999984 -0.00329642 0.0884478 0.195908 0.00413792 0.980614 -0.279394
150 163 1778 0.980697 0.00182142 -0.195524 0.933567 -0.00166352 0.999998 0.000971806 0.0870178 0.195526 -0.000627789 0.980698 -0.347678
150 164 1851 0.973365 0.0133901 -0.22887 0.962569 -0.0116251 0.999891 0.00905794 0.0843677 0.228967 -0.00615604 0.973415 -0.25757
165 166 119 0.999982 0.00535307 -0.00270075 -0.838902 -0.00534412 0.99998 0.00331106 -0.0525166 0.00271842 -0.00329657 0.999991 -0.541742
165 167 307 0.999857 0.0124628 -0.0113938 -0.92986 -0.012353 0.999877 0.00966147 0.0474985 0.0115128 -0.00951934 0.999888 -0.364835
165 168 3492 0.998196 0.0266957 -0.0537703 0.951634 -0.0258895 0.999543 0.0156352 -0.00295542 0.0541631 -0.0142149 0.998431 0.307219
165 169 3689 0.9969 0.0291611 -0.0730724 0.981277 -0.0282849 0.999515 0.012997 -0.0431365 0.073416 -0.0108899 0.997242 0.187712
165 170 2328 0.998807 0.0322849 -0.0366345 0.922998 -0.0318149 0.999405 0.0133387 -0.110803 0.0370433 -0.0121572 0.99924 0.368507
165 171 2142 0.998364 0.0345648 -0.045548 0.960364 -0.0336654 0.999226 0.0203692 -0.0975231 0.0462167 -0.0188025 0.998754 0.261132
165 172 2752 0.994031 0.0427413 -0.10038 0.947995 -0.0396426 0.99868 0.0326646 -0.138627 0.101644 -0.0284903 0.994413 0.286511
165 173 2216 0.991899 0.0559372 -0.114046 0.929061 -0.0526125 0.998103 0.0319585 -0.166601 0.115617 -0.0256993 0.992961 0.330288
165 174 2353 0.986163 0.0680553 -0.151163 0.938076 -0.0645477 0.997522 0.0279965 -0.164677 0.152694 -0.0178519 0.988112 0.304788
165 175 2146 0.980779 0.0812553 -0.177397 0.939219 -0.076881 0.996546 0.031406 -0.197487 0.179336 -0.0171638 0.983638 0.280832
165 176 1964 0.98236 0.0744813 -0.171524 0.92211 -0.0723906 0.997206 0.0184207 -0.188246 0.172417 -0.00567904 0.985008 0.338047
165 177 1940 0.982566 0.0762373 -0.169562 0.932668 -0.0754419 0.997088 0.0111383 -0.191627 0.169917 0.001848 0.985457 0.305629
165 178 1629 0.984668 0.0690916 -0.160174 0.935886 -0.0689056 0.997601 0.00672146 -0.164205 0.160254 0.00441845 0.987066 0.311695
165 179 1225 0.984394 0.0854311 -0.153854 0.909048 -0.0836892 0.996333 0.0177754 -0.198807 0.154808 -0.00462212 0.987934 0.366207
180 181 469 0.999948 0.000722782 -0.0101432 0.957151 -0.000683972 0.999992 0.0038292 -0.112424 0.0101459 -0.00382206 0.999941 0.266875
180 182 2387 0.999671 0.0137756 -0.0216269 0.982354 -0.0135446 0.99985 0.0107909 -0.169377 0.0217723 -0.0104944 0.999708 -0.0793206
180 183 2312 0.999707 -0.000902685 -0.0241879 0.944218 0.00105914 0.999979 0.00645623 -0.0397174 0.0241815 -0.00647995 0.999687 0.326916
180 184 2809 0.99606 0.0127834 -0.0877527 0.9722 -0.0114719 0.999815 0.0154344 -0.155532 0.0879338 -0.0143669 0.996023 0.175034
180 185 2232 0.999475 0.0108356 -0.0305343 0.971687 -0.0107849 0.99994 0.00182713 -0.139297 0.0305522 -0.00149687 0.999532 0.190844
180 186 2126 0.998638 0.00952856 -0.0512878 0.982926 -0.00930251 0.999946 0.00464452 -0.110116 0.0513293 -0.00416109 0.998673 0.147416
180 187 2104 0.998303 0.00575479 -0.0579414 0.960495 -0.00546661 0.999972 0.00513085 -0.120313 0.0579693 -0.0048054 0.998307 0.250945
180 188 2099 0.997745 0.00518374 -0.0669143 0.976457 -0.00493777 0.99998 0.00384081 -0.0867955 0.0669329 -0.00350174 0.997751 0.197482
180 189 2353 0.993018 0.0153084 -0.116966 0.988767 -0.0137589 0.999807 0.0140435 -0.0875599 0.117159 -0.0123361 0.993037 0.12113
180 190 1868 0.99622 0.0230648 -0.0837449 0.970015 -0.0212181 0.999513 0.0228751 -0.123343 0.0842318 -0.0210117 0.996225 0.209421
180 191 1751 0.996543 0.0213919 -0.080278 0.965057 -0.0195718 0.999535 0.0233911 -0.130279 0.0807411 -0.0217391 0.996498 0.227359
180 192 2003 0.992751 0.0340539 -0.115264 0.963972 -0.0312504 0.999172 0.0260434 -0.12815 0.116056 -0.0222525 0.992993 0.233098
180 193 2245 0.983805 0.0422462 -0.17419 0.985238 -0.0376588 0.998853 0.0295589 -0.125027 0.175239 -0.0225204 0.984268 0.116938
180 194 2063 0.985821 0.0450953 -0.161625 0.986134 -0.0412327 0.99878 0.0271754 -0.13467 0.162653 -0.0201258 0.986478 0.0969742
195 196 495 0.999984 0.00221136 0.00521742 -0.719789 -0.0022098 0.999998 -0.000304253 0.125827 -0.00521808 0.000292718 0.999986 0.682695
195 197 440 0.999935 0.0107946 -0.00361565 0.948008 -0.0107908 0.999941 0.00108497 -0.0428038 0.00362715 -0.00104589 0.999993 0.315356
195 198 3073 0.999312 0.0145363 -0.0341101 0.98053 -0.0143673 0.999883 0.00519342 -0.0606001 0.0341816 -0.00469978 0.999405 -0.186785
195 199 1112 0.99903 0.0344878 0.02737 -0.836403 -0.0345137 0.999404 0.000474557 0.0955798 -0.0273373 -0.00141874 0.999625 -0.539717
195 200 1977 0.99878 0.0427137 -0.0247669 0.993791 -0.0427256 0.999087 4.87898e-05 -0.0825432 0.0247464 0.00100945 0.999693 -0.0746006
195 201 1890 0.998541 0.0530565 -0.0100675 0.960059 -0.0531199 0.998569 -0.00613937 -0.0755272 0.00972741 0.0066652 0.99993 -0.269411
195 202 1782 0.997916 0.0512627 -0.0392002 0.982669 -0.0516638 0.998621 -0.00928883 -0.0748217 0.03867 0.0112947 0.999188 -0.169598
195 203 1834 0.99639 0.0665856 -0.0526547 0.962121 -0.0672234 0.997683 -0.0104343 -0.0689368 0.0518379 0.0139362 0.998558 -0.263765
195 204 1749 0.995346 0.067685 -0.0685968 0.976123 -0.0684815 0.997609 -0.00932403 -0.0568475 0.0678016 0.0139782 0.997601 -0.209648
195 205 2108 0.992951 0.0764058 -0.0906079 0.979841 -0.0774582 0.996962 -0.00815034 -0.0200251 0.08971 0.0151112 0.995853 -0.198773
195 206 2487 0.992095 0.0627887 -0.108654 0.988312 -0.0632357 0.997998 -0.000669715 -0.0531496 0.108395 0.00753526 0.994079 -0.142879
195 207 1448 0.99492 0.0740533 -0.0681883 0.975159 -0.0748488 0.997153 -0.00918344 0.0108351 0.067314 0.0142406 0.99763 -0.221242
195 208 1470 0.993534 0.0674932 -0.0912957 0.990659 -0.0687849 0.99757 -0.0110732 0.000638858 0.0903265 0.0172813 0.995762 -0.136358
195 209 2019 0.986886 0.0611805 -0.149374 0.995326 -0.0621198 0.998067 -0.00162565 -0.0223414 0.148986 0.0108834 0.988779 -0.0939526
210 211 108 0.999915 -0.00544407 -0.011828 0.916137 0.00546606 0.999983 0.00182804 0.125325 0.0118179 -0.00189254 0.999928 -0.380772
210 212 1146 0.999783 -0.018374 -0.00981333 -0.94805 0.0183899 0.99983 0.00153707 0.141467 0.00978342 -0.00171721 0.999951 0.284936
210 213 627 0.999469 -0.0150073 -0.028913 -0.745276 0.0150226 0.999887 0.000311213 0.158959 0.028905 -0.000745396 0.999582 -0.647531
210 214 1708 0.998931 -0.00720396 -0.0456624 0.991667 0.00691375 0.999955 -0.00651036 -0.0509117 0.0457073 0.00618771 0.998936 0.118344
210 215 1436 0.998582 -0.00910779 -0.0524435 0.993612 0.00856617 0.999908 -0.0105432 -0.11213 0.0525347 0.010079 0.998568 0.012739
210 216 2335 0.99526 -0.000279863 -0.0972529 0.987578 -0.000284746 0.999983 -0.00579165 -0.105118 0.0972528 0.00579189 0.995243 0.116792
210 217 3330 0.984219 -0.0010746 -0.176954 0.977657 0.00235281 0.999973 0.00701369 -0.160656 0.176942 -0.00731935 0.984194 0.135558
210 218 2943 0.983808 -0.0075112 -0.17907 0.982401 0.00834774 0.999957 0.00391852 -0.156444 0.179033 -0.0053499 0.983829 0.102049
210 219 2909 0.979704 0.00667149 -0.200337 0.97151 -0.00399257 0.999897 0.0137732 -0.203269 0.200408 -0.0126938 0.97963 0.12186
210 220 2804 0.979917 0.0131116 -0.198975 0.974464 -0.0110172 0.999872 0.0116292 -0.185203 0.199102 -0.00920351 0.979936 0.126965
210 221 2698 0.975122 0.0193168 -0.220825 0.967509 -0.0154793 0.999698 0.0190957 -0.200573 0.221127 -0.0152024 0.975126 0.153938
210 222 2318 0.975501 0.0299364 -0.21795 0.954992 -0.0268923 0.999495 0.0169207 -0.200654 0.218346 -0.010645 0.975813 0.218467
210 223 2168 0.972079 0.0308864 -0.232612 0.935291 -0.0276799 0.999472 0.0170373 -0.225993 0.233015 -0.010123 0.97242 0.272319
210 224 1611 0.983593 0.0462987 -0.174362 0.906078 -0.0471162 0.998889 -0.000549893 -0.238985 0.174143 0.00875615 0.984681 0.349153
225 226 4271 0.998876 0.00744159 -0.0468209 0.978043 -0.00728137 0.999967 0.0035917 -0.106445 0.0468461 -0.00324675 0.998897 0.179167
225 227 3970 0.998538 0.0132197 -0.0524058 0.944324 -0.0131211 0.999911 0.00222397 -0.162165 0.0524306 -0.00153309 0.998623 0.286277
225 228 4030 0.998629 0.0144823 -0.0503029 0.970349 -0.0142489 0.999886 0.0049952 -0.201872 0.0503696 -0.00427159 0.998722 0.132928
225 229 2052 0.999563 0.0166998 -0.0244001 0.87102 -0.0166437 0.999858 0.00249967 -0.131959 0.0244384 -0.00209247 0.999699 0.473192
225 230 3576 0.997156 0.00816291 -0.0749236 0.949738 -0.00769841 0.999949 0.00648635 -0.123024 0.0749728 -0.00589111 0.997168 0.28786
225 231 1952 0.998963 0.00618251 -0.0451043 0.908659 -0.00615639 0.999981 0.000718076 -0.102603 0.0451079 -0.000439652 0.998982 0.404736
225 232 2005 0.998057 0.00950754 -0.0615743 0.892403 -0.00924865 0.999947 0.00448823 -0.124272 0.0616137 -0.00391004 0.998092 0.43379
225 233 2845 0.996823 0.00619199 -0.0794043 0.905264 -0.00570855 0.999964 0.00631391 -0.0799442 0.0794405 -0.00584056 0.996822 0.41726
225 234 1793 0.997255 0.00276668 -0.0739912 0.910889 -0.00208214 0.999954 0.00932723 -0.104903 0.0740136 -0.00914757 0.997215 0.399096
225 235 2726 0.995445 0.00577179 -0.0951678 0.934542 -0.0044792 0.999895 0.0137902 -0.0927885 0.0952374 -0.0133011 0.995366 0.343543
225 236 1685 0.998358 0.0005479 -0.0572785 0.847357 0.000293961 0.999892 0.0146882 -0.119634 0.0572803 -0.014681 0.99825 0.517372
225 237 2794 0.991943 0.0152457 -0.125767 0.932444 -0.0131762 0.999764 0.0172708 -0.0969924 0.126 -0.0154746 0.99191 0.348052
225 238 2957 0.986125 0.0243018 -0.164215 0.950637 -0.0212511 0.999568 0.0203091 -0.0707681 0.164638 -0.0165376 0.986215 0.302126
225 239 2600 0.989556 0.0179501 -0.143029 0.945738 -0.0146339 0.9996 0.0242043 -0.0868326 0.143406 -0.0218585 0.989423 0.313113
240 241 1267 0.999977 -0.00261309 0.00618554 -0.657506 0.00263161 0.999992 -0.00298802 0.335339 -0.00617769 0.00300423 0.999976 -0.67471
240 242 3345 0.999029 0.00991783 -0.0429245 0.997613 -0.00973237 0.999942 0.00452743 -0.0627013 0.042967 -0.00410528 0.999068 -0.0289368
240 243 2151 0.998892 0.0140354 -0.0449093 0.992278 -0.0138231 0.999892 0.00503556 -0.0415454 0.0449751 -0.0044092 0.998978 0.11687
240 244 1093 0.999552 0.00781633 -0.0288745 0.993168 -0.0077465 0.999967 0.00252945 -0.116481 0.0288933 -0.00230464 0.99958 0.00697501
240 245 2149 0.997197 0.0207632 -0.0718795 0.997349 -0.0204979 0.99978 0.00442702 -0.0651978 0.0719556 -0.00294124 0.997403 0.0323223
240 246 2041 0.996793 0.0278982 -0.0750066 0.995624 -0.0275765 0.999606 0.0053218 -0.0706853 0.0751255 -0.00323632 0.997169 -0.0611343
240 247 2750 0.989837 0.0269924 -0.139618 0.988308 -0.0247922 0.99954 0.0174745 -0.136532 0.140025 -0.0138354 0.990051 0.0678658
240 248 2618 0.99178 0.0378041 -0.122239 0.989482 -0.0364689 0.999248 0.0131422 -0.136078 0.122644 -0.00857626 0.992414 0.0490831
240 249 1739 0.993751 0.0467874 -0.101342 0.983316 -0.0464697 0.998905 0.00549537 -0.117358 0.101488 -0.000751717 0.994837 0.138982
240 250 1323 0.994284 0.0414179 -0.0984077 0.989356 -0.0414366 0.999139 0.00185424 -0.143408 0.0983999 0.00223405 0.995144 -0.024683
240 251 1339 0.993474 0.0608661 -0.0964598 0.97948 -0.0624404 0.997959 -0.0133848 -0.145557 0.0954482 0.0193205 0.995247 0.139398
240 252 1891 0.982252 0.0655419 -0.175739 0.980539 -0.0680483 0.997648 -0.00826706 -0.150122 0.174784 0.0200791 0.984402 0.126518
240 253 2007 0.980988 0.080086 -0.176775 0.989071 -0.083291 0.996467 -0.0107729 -0.128262 0.175288 0.0252919 0.984192 0.0727165
240 254 2086 0.978233 0.0795929 -0.19164 0.978727 -0.0825304 0.996561 -0.0073824 -0.146296 0.190394 0.0230379 0.981437 0.143843
255 256 119 0.999981 0.00388758 -0.00484307 0.977601 -0.00386235 0.999979 0.00520759 0.207799 0.00486321 -0.00518878 0.999975 0.033399
255 257 669 0.999818 0.0114587 -0.0152331 0.948041 -0.0112633 0.999854 0.0128514 0.298042 0.0153781 -0.0126775 0.999801 -0.111304
255 258 3239 0.997159 0.0154888 -0.0737148 0.951934 -0.0153623 0.999879 0.00228299 0.247771 0.0737412 -0.00114408 0.997277 0.180085
255 259 2954 0.996834 0.00761944 -0.0791488 0.972791 -0.00638069 0.999853 0.0158921 0.133266 0.0792583 -0.0153367 0.996736 0.189522
255 260 1600 0.999624 0.0100009 -0.0255488 0.722777 -0.00919989 0.999468 0.0312786 0.0720233 0.025848 -0.0310318 0.999184 0.687318
255 261 2506 0.993808 0.0114447 -0.110524 0.955695 -0.00845929 0.999588 0.0274426 0.0786535 0.110792 -0.0263377 0.993495 0.283656
255 262 2587 0.995362 0.0150168 -0.0950227 0.893992 -0.0127092 0.999611 0.0248435 0.0563134 0.0953588 -0.0235206 0.995165 0.44453
255 263 2608 0.984366 0.0169622 -0.175315 0.970011 -0.0135095 0.999691 0.0208688 0.0400173 0.175615 -0.0181742 0.984291 0.239746
255 264 2149 0.984592 0.0166574 -0.17407 0.946873 -0.0131953 0.999692 0.0210273 0.0168945 0.174367 -0.0184064 0.984509 0.321163
255 265 2370 0.981792 0.0112122 -0.189628 0.943083 -0.0078072 0.999795 0.0186938 -0.00868748 0.189799 -0.0168729 0.981678 0.332443
255 266 1933 0.991512 0.00994191 -0.129638 0.890607 -0.00770262 0.999813 0.0177634 -0.0444368 0.12979 -0.0166141 0.991402 0.452597
255 267 1762 0.994529 0.0235465 -0.101768 0.787164 -0.0219084 0.999612 0.017185 -0.0922876 0.102133 -0.0148614 0.99466 0.6098
255 268 2082 0.978028 0.0250045 -0.20697 0.917793 -0.0203531 0.999491 0.0245727 -0.105817 0.207479 -0.0198203 0.978039 0.3827
255 269 1810 0.986934 0.0236468 -0.159381 0.865189 -0.0206252 0.999575 0.0205862 -0.121262 0.1598 -0.01703 0.987002 0.486563
270 271 2509 0.999368 0.00651735 -0.0349445 0.869928 -0.00608408 0.999903 0.0124908 -0.336882 0.0350225 -0.0122703 0.999311 0.360188
270 272 1912 0.999451 0.00703069 -0.0323729 0.746383 -0.0068248 0.999956 0.0064662 -0.347352 0.0324169 -0.00624171 0.999455 0.567678
270 273 2007 0.999065 0.0196333 -0.0385164 0.850751 -0.0195995 0.999807 0.00125378 -0.322401 0.0385336 -0.000497705 0.999257 0.415068
270 274 1680 0.999548 0.0296789 -0.00476211 0.402285 -0.029703 0.999546 -0.00506199 -0.330612 0.00460971 0.00520116 0.999976 0.853734
270 275 2178 0.997113 0.0256079 0.0714882 -0.775862 -0.0239264 0.999419 -0.0242797 0.0858391 -0.0720684 0.0224992 0.997146 0.625036
270 276 2083 0.995765 0.021016 -0.0894953 0.872951 -0.0194333 0.99964 0.0185194 -0.324685 0.0898522 -0.0167018 0.995815 0.364056
270 277 2058 0.99233 0.0416696 -0.116386 0.927789 -0.0405095 0.999103 0.0123161 -0.232346 0.116795 -0.00750689 0.993128 0.291931
270 278 1717 0.998797 0.0277921 -0.0403995 0.72386 -0.0279772 0.9996 -0.00402419 -0.234961 0.0402715 0.00514961 0.999176 0.648707
270 279 2039 0.992521 0.0365443 -0.116479 0.874557 -0.0354793 0.999308 0.0112048 -0.245365 0.116808 -0.00698839 0.99313 0.418266
270 280 1688 0.998028 0.0121998 -0.0615715 0.871541 -0.012047 0.999923 0.0028518 -0.263868 0.0616016 -0.00210442 0.998099 0.413267
270 281 2011 0.993952 0.0313642 -0.105237 0.861264 -0.0300841 0.999453 0.0137296 -0.226476 0.10561 -0.0104806 0.994352 0.4549
270 282 1960 0.993027 0.020442 -0.1161 0.872108 -0.0184133 0.999659 0.0185192 -0.231079 0.116439 -0.0162522 0.993065 0.431312
270 283 1853 0.993592 0.0379559 -0.106465 0.865686 -0.0368702 0.999246 0.0121486 -0.213838 0.106846 -0.0081453 0.994242 0.452616
270 284 1719 0.993182 0.0252658 -0.113801 0.866951 -0.0246167 0.999672 0.00710563 -0.179515 0.113943 -0.00425578 0.993478 0.464941
285 286 46 1 1.89477e-05 0.000645965 0.999127 -1.89405e-05 1 -1.11032e-05 -0.00353 -0.000645965 1.10909e-05 1 -0.0416268
285 287 99 0.999987 0.00315541 0.00402703 -0.998724 -0.00316883 0.999989 0.00333252 0.0207056 -0.00401647 -0.00334524 0.999986 0.0460506
285 288 127 0.999964 0.00423731 -0.00729362 0.983926 -0.00421151 0.999985 0.00354969 -0.125509 0.00730855 -0.00351884 0.999967 0.127033
285 289 352 0.999938 0.00654835 -0.00904635 0.925827 -0.00653799 0.999978 0.00117397 -0.110574 0.00905384 -0.00111475 0.999958 0.36141
285 290 2097 0.999196 0.0116531 -0.0383518 0.973996 -0.0114407 0.999918 0.00575282 -0.175947 0.0384157 -0.00530942 0.999248 -0.14274
285 291 1989 0.999336 0.0115773 -0.0345494 0.994687 -0.0115329 0.999932 0.00148231 -0.0968223 0.0345643 -0.00108287 0.999402 0.0349627
285 292 2719 0.996671 0.0153529 -0.0800752 0.975061 -0.0139961 0.999749 0.0174775 -0.18568 0.0803235 -0.0162986 0.996636 -0.121566
285 293 2389 0.996912 0.0226493 -0.0751915 0.987144 -0.0215131 0.999642 0.0158864 -0.136209 0.0755245 -0.0142197 0.997043 -0.0836296
285 294 1634 0.998794 0.0331097 -0.0362644 0.985236 -0.0328714 0.999434 0.00714946 -0.131091 0.0364806 -0.00594877 0.999317 -0.110114
285 295 1694 0.999345 0.036155 0.00141462 0.963969 -0.0361574 0.999345 0.00174784 -0.0832961 -0.0013505 -0.00179784 0.999997 -0.252639
285 296 1959 0.995862 0.0664828 -0.0619513 0.958413 -0.0648294 0.997494 0.0283299 -0.133758 0.0636795 -0.0241964 0.997677 -0.252099
285 297 2067 0.996512 0.0750861 -0.0364139 0.97997 -0.0740117 0.996806 0.0300077 -0.110852 0.0385507 -0.027208 0.998886 -0.165443
285 298 2557 0.9921 0.102102 -0.0728838 0.984547 -0.0994574 0.994275 0.0390455 -0.108294 0.0764532 -0.0314882 0.996576 -0.13762
285 299 1664 0.995473 0.0948966 -0.00527541 0.979927 -0.0946911 0.99503 0.0308095 -0.110336 0.00817291 -0.0301705 0.999511 -0.166041
300 301 86 0.999927 0.00438261 0.0112189 -0.898103 -0.0043415 0.999984 -0.0036863 0.0977307 -0.0112349 0.00363733 0.99993 0.428789
300 302 83 0.999922 0.00917903 0.00846052 -0.890811 -0.00914085 0.999948 -0.00454041 -0.00697191 -0.00850176 0.00446272 0.999954 0.45432
300 303 994 0.999692 0.0219837 -0.0114756 0.995486 -0.0220561 0.999737 -0.00622173 0.0898943 0.0113358 0.00647292 0.999915 0.0304279
300 304 1647 0.999412 0.0192373 0.0283789 -0.998211 -0.0188942 0.999746 -0.0123078 0.0596371 -0.0286085 0.0117644 0.999521 0.00429693
300 305 1355 0.999612 0.0109146 0.0256403 -0.972862 -0.010375 0.999724 -0.021086 0.162593 -0.0258633 0.0208118 0.999449 0.164627
300 306 2607 0.998133 0.0191044 0.0580071 -0.991687 -0.0172345 0.999321 -0.0325674 0.0696393 -0.0585899 0.0315069 0.997785 0.1082
300 307 1550 0.999765 0.0121272 -0.0179838 0.9624 -0.012632 0.999522 -0.0282273 -0.20148 0.0176329 0.0284478 0.99944 -0.182186
300 308 2379 0.998923 0.0166601 -0.0433007 0.96477 -0.0178213 0.999488 -0.0265721 -0.111083 0.0428358 0.0273151 0.998709 -0.238492
300 309 1683 0.99945 0.000195416 -0.033171 0.957909 -0.00102615 0.999686 -0.0250287 -0.203516 0.0331557 0.025049 0.999136 -0.202464
300 310 2410 0.996587 0.00184915 -0.0825256 0.983367 -0.00370729 0.999743 -0.0223684 -0.150717 0.082463 0.022598 0.996338 -0.10136
300 311 2296 0.999865 -0.00398671 0.0159651 -0.98691 0.00457885 0.999296 -0.0372267 0.113943 -0.0158055 0.0372947 0.999179 -0.11413
300 312 1517 0.998098 -0.0125752 -0.060356 0.975399 0.0109373 0.999565 -0.0273919 -0.181694 0.0606742 0.0266797 0.997801 -0.124834
300 313 2213 0.993746 -0.00581872 -0.111516 0.977828 0.00321046 0.999717 -0.0235544 -0.196696 0.111622 0.023049 0.993483 -0.071853
300 314 1750 0.994712 -0.00673808 -0.102487 0.927054 0.00325095 0.999411 -0.0341543 -0.113073 0.102656 0.0336405 0.994148 -0.357472
315 316 220 0.999992 0.00238686 -0.00315828 -0.629918 -0.00238864 0.999997 -0.000558946 -0.363029 0.00315694 0.000566485 0.999995 0.686596
315 317 979 0.99998 -0.00601191 0.00213441 -0.932069 0.00603677 0.999912 -0.01184 0.0370067 -0.00206305 0.0118526 0.999928 0.360386
315 318 1942 0.999895 -0.00812088 0.0119698 -0.956702 0.00834613 0.999787 -0.0188895 0.240848 -0.0118138 0.0189874 0.99975 -0.163442
315 319 907 0.999866 -0.00968269 -0.0132173 -0.902599 0.00948199 0.99984 -0.015164 0.0722966 0.013362 0.0150366 0.999798 0.424368
315 320 1245 1 -0.000646438 0.000756083 -0.934305 0.000660199 0.999832 -0.0183442 0.0503672 -0.000744097 0.0183447 0.999831 -0.352898
315 321 2257 0.998534 -0.00583352 -0.0538081 0.972851 0.0051005 0.999892 -0.01375 -0.117761 0.0538825 0.0134554 0.998457 -0.199229
315 322 2315 0.997824 -0.0189505 -0.0631543 0.920545 0.0185203 0.999801 -0.00739137 -0.265121 0.0632818 0.00620565 0.997976 -0.286893
315 323 3162 0.997093 -0.00913212 -0.0756494 0.975271 0.0081697 0.999882 -0.0130218 -0.158434 0.0757594 0.0123659 0.997049 -0.154091
315 324 2126 0.997992 -0.0129715 -0.0619963 0.982672 0.011836 0.999756 -0.018648 -0.104609 0.0622231 0.0178767 0.997902 -0.153015
315 325 2385 0.999686 -0.0192547 0.0160292 -0.883154 0.0196839 0.99944 -0.0270633 0.141155 -0.0154991 0.0273703 0.999505 -0.447341
315 326 2855 0.992945 -0.00686959 -0.118377 0.961471 0.00689351 0.999976 -0.000207419 -0.168022 0.118376 -0.000610078 0.992969 -0.217584
315 327 2770 0.994115 -0.00647842 -0.108134 0.953919 0.00596263 0.999969 -0.00509251 -0.127721 0.108164 0.00441778 0.994123 -0.271525
