0 1 287 0.99997 0.00771552 -0.000791687 -0.433843 -0.00771415 0.999969 0.0017109 0.00795484 0.000804863 -0.00170474 0.999998 -0.900953
0 2 2518 0.999507 0.0148398 -0.0276615 0.89828 -0.0148686 0.999889 -0.000836485 0.198347 0.027646 0.00124736 0.999617 -0.392112
0 3 2322 0.999086 0.0134841 -0.0405678 0.789429 -0.0135318 0.999908 -0.000899511 0.242088 0.040552 0.00144764 0.999176 -0.564088
0 4 2295 0.998098 0.0193005 -0.0585485 0.858531 -0.0192624 0.999814 0.00121529 0.262307 0.058561 -8.51976e-05 0.998284 -0.440591
0 5 2161 0.996827 0.0170939 -0.0777377 0.898456 -0.0167971 0.999849 0.00447109 0.209772 0.0778023 -0.00315114 0.996964 -0.385711
0 6 1990 0.997886 0.0292372 -0.0580393 0.78642 -0.0288176 0.999552 0.0080542 0.231335 0.0582488 -0.00636462 0.998282 -0.572737
0 7 2000 0.991913 0.0300373 -0.123318 0.906245 -0.0292947 0.99954 0.00783126 0.169277 0.123496 -0.00415536 0.992336 -0.387382
0 8 1899 0.992399 0.0329524 -0.118565 0.884204 -0.03201 0.999439 0.0098447 0.211724 0.118823 -0.00597461 0.992897 -0.416362
0 9 1310 0.993137 0.0274492 -0.11369 0.86155 -0.0261036 0.999571 0.0133079 0.220939 0.114006 -0.0102488 0.993427 -0.457075
0 10 1705 0.987455 0.0370809 -0.153487 0.906508 -0.0358922 0.9993 0.0105095 0.223709 0.15377 -0.00486864 0.988095 -0.358047
0 11 1492 0.986157 0.0462922 -0.159223 0.898171 -0.0450155 0.998919 0.0116177 0.209877 0.159589 -0.00428942 0.987174 -0.386316
0 12 1341 0.983534 0.0542282 -0.172398 0.891865 -0.0538226 0.998526 0.00702983 0.214403 0.172525 0.00236484 0.985002 -0.398257
0 13 1150 0.971304 0.0643152 -0.22898 0.930089 -0.0662187 0.997805 -0.000630916 0.219244 0.228436 0.0157755 0.973431 -0.294732
0 14 1085 0.972918 0.0705366 -0.220127 0.914213 -0.0701799 0.99749 0.00945001 0.212136 0.220241 0.00625441 0.975425 -0.345271
15 16 2628 0.999867 0.000166786 -0.016308 0.8029 -0.000359796 0.99993 -0.011833 0.300081 0.0163049 0.0118373 0.999797 -0.515076
15 17 2339 0.998795 0.00493943 -0.0488365 0.840709 -0.00608123 0.999711 -0.0232593 0.378185 0.0487075 0.0235283 0.998536 -0.387536
15 18 2553 0.999871 0.00190548 -0.015933 0.663754 -0.00192703 0.999997 -0.00133715 0.288926 0.0159304 0.00136768 0.999872 -0.689893
15 19 2497 0.998638 -0.000655608 -0.0521634 0.869393 0.000644255 1 -0.000234463 0.203345 0.0521635 0.000200537 0.998639 -0.450342
15 20 2147 0.997753 0.0076076 -0.0665718 0.832513 -0.00814287 0.999937 -0.00777292 0.281338 0.0665085 0.00829754 0.997751 -0.477254
15 21 2174 0.991737 0.00830359 -0.128022 0.934314 -0.00989978 0.999881 -0.0118368 0.232413 0.127908 0.0130064 0.991701 -0.270261
15 22 1888 0.9977 0.00824133 -0.067275 0.860641 -0.00818411 0.999966 0.00112611 0.231192 0.067282 -0.00057293 0.997734 -0.453703
15 23 1640 0.99613 0.0257747 -0.0840325 0.880474 -0.0255491 0.999667 0.00375936 0.152946 0.0841013 -0.00159786 0.996456 -0.448746
15 24 1576 0.986653 0.0333119 -0.159392 0.932638 -0.0372725 0.999065 -0.0219229 0.214625 0.158512 0.0275712 0.986972 -0.29004
15 25 1459 0.979999 0.0385545 -0.195231 0.951871 -0.04458 0.998653 -0.0265625 0.18246 0.193944 0.0347346 0.980397 -0.246273
15 26 1135 0.979872 0.045562 -0.194359 0.949584 -0.0512671 0.998386 -0.0244224 0.150939 0.192932 0.033895 0.980626 -0.274787
15 27 902 0.979 0.0479773 -0.198135 0.949354 -0.0548731 0.998059 -0.0294578 0.12809 0.196337 0.0397114 0.979732 -0.286915
15 28 901 0.969924 0.0386523 -0.24032 0.96405 -0.05098 0.997672 -0.0452909 0.13835 0.23801 0.0561802 0.969637 -0.226862
15 29 841 0.970411 0.0509391 -0.236024 0.960783 -0.0641809 0.996746 -0.0487596 0.125264 0.232773 0.0624651 0.970523 -0.247398
30 31 71 0.999968 0.00794998 -0.00122776 0.698772 -0.00793996 0.999937 0.00796669 -0.35105 0.00129102 -0.00795668 0.999968 -0.623283
30 32 2966 0.998527 -0.00169236 -0.0542266 0.996447 0.00220441 0.999954 0.00938427 0.0301027 0.0542082 -0.00948998 0.998485 0.0786585
30 33 2165 0.998386 0.00732444 -0.0563206 0.996975 -0.00664752 0.999904 0.0121969 -0.0342411 0.0564045 -0.0118029 0.998338 0.0697798
30 34 1668 0.992555 0.0311893 -0.117735 0.991543 -0.0315297 0.999502 -0.00102923 0.0689332 0.117645 0.00473372 0.993044 0.109958
30 35 877 0.994969 0.0510331 -0.086215 0.997368 -0.0501411 0.998664 0.0124818 0.0237929 0.0867368 -0.00809612 0.996198 0.0684968
30 36 672 0.991913 0.0585824 -0.112589 0.994817 -0.0562515 0.998134 0.0237723 0.0284371 0.113772 -0.0172467 0.993357 0.0976255
30 37 856 0.992462 0.059162 -0.107325 0.991538 -0.0560959 0.997933 0.031368 0.0520306 0.108959 -0.025111 0.993729 0.118934
30 38 1109 0.994909 0.0665035 -0.0757196 0.980035 -0.0632029 0.996977 0.0451838 0.0248769 0.0784956 -0.0401681 0.996105 0.197264
30 39 1261 0.994842 0.0572223 -0.0837514 0.975193 -0.054007 0.997732 0.0401675 0.0567372 0.08586 -0.0354372 0.995677 0.213962
30 40 861 0.994 0.0620554 -0.0900728 0.97461 -0.0593839 0.997721 0.0320448 0.0802077 0.091856 -0.0265036 0.99542 0.209052
30 41 795 0.989911 0.0656255 -0.125576 0.979993 -0.0622546 0.997592 0.0305863 0.0516634 0.127281 -0.02246 0.991612 0.192211
30 42 928 0.989876 0.0607589 -0.128272 0.984018 -0.0569864 0.997833 0.0328812 0.0255011 0.129992 -0.0252385 0.991194 0.176231
30 43 867 0.987486 0.0661851 -0.143146 0.982727 -0.0624303 0.997581 0.0305703 0.0191311 0.144823 -0.0212511 0.989229 0.184069
30 44 706 0.98339 0.0752369 -0.165179 0.986948 -0.0716727 0.997051 0.0274414 0.022412 0.166757 -0.0151468 0.985882 0.15947
45 46 100 0.999969 0.00342006 -0.00711015 -0.513515 -0.00340419 0.999992 0.0022434 -0.207738 0.00711776 -0.00221912 0.999972 0.832555
45 47 2821 0.999352 0.0121447 -0.0338757 0.99286 -0.0120208 0.99992 0.0038601 0.0999945 0.0339199 -0.00345039 0.999419 -0.0650324
45 48 2430 0.998342 0.019682 -0.0540928 0.98893 -0.0190015 0.999734 0.0130656 -0.124766 0.0543356 -0.0120161 0.99845 -0.0803178
45 49 2749 0.994399 0.0272247 -0.102124 0.984944 -0.0256146 0.999527 0.0170454 -0.0894704 0.10254 -0.0143341 0.994626 -0.14792
45 50 2114 0.997963 0.0312644 -0.055613 0.964358 -0.0306853 0.999466 0.0112371 0.0521718 0.0559346 -0.00950775 0.998389 -0.259406
45 51 1754 0.992956 0.0402603 -0.111433 0.98164 -0.0363999 0.998672 0.0364642 -0.0927208 0.112753 -0.0321512 0.993103 -0.166693
45 52 1379 0.994222 0.0384026 -0.100238 0.975206 -0.0369795 0.999188 0.016018 0.143767 0.100771 -0.0122187 0.994835 -0.168238
45 53 1072 0.993543 0.0539198 -0.0998198 0.980703 -0.0496281 0.997754 0.0449913 0.0274189 0.102021 -0.039747 0.993988 -0.193571
45 54 1280 0.987554 0.0752598 -0.138102 0.994859 -0.0692715 0.996458 0.0476739 0.0783971 0.141201 -0.037514 0.98927 -0.0641084
45 55 685 0.985534 0.0880287 -0.144822 0.998745 -0.0805823 0.995144 0.0565151 0.000523804 0.149094 -0.0440275 0.987842 0.0500715
45 56 903 0.982325 0.103238 -0.156142 0.998566 -0.0984173 0.994407 0.0383144 0.0348463 0.159224 -0.0222701 0.986991 0.0406403
45 57 1255 0.976979 0.127988 -0.170677 0.998953 -0.123769 0.991687 0.0351796 0.0386802 0.173761 -0.0132452 0.984699 0.0244441
45 58 939 0.968631 0.149405 -0.198574 0.999732 -0.143188 0.988654 0.0453911 0.0200872 0.203103 -0.0155338 0.979034 0.0115184
45 59 674 0.97074 0.148613 -0.18862 0.999579 -0.139534 0.988361 0.0606086 -0.000846957 0.195432 -0.0325164 0.980178 0.0290081
60 61 2202 0.99788 0.0168126 -0.0628639 0.909067 -0.0187597 0.999358 -0.0305125 0.414566 0.0623105 0.0316272 0.997556 0.0416199
60 62 1250 0.999753 0.0216351 -0.00500068 0.647461 -0.0216554 0.999757 -0.00404378 0.0842818 0.00491198 0.00415107 0.999979 0.757424
60 63 1830 0.997153 0.0344592 -0.0670771 0.93261 -0.0362725 0.999004 -0.0260051 0.317514 0.0661141 0.0283641 0.997409 0.171533
60 64 1526 0.999109 0.0325421 -0.0268641 0.814279 -0.0325634 0.99947 -0.00035525 -0.0259541 0.0268383 0.00122972 0.999639 0.579894
60 65 1450 0.998254 0.0258204 -0.0531269 0.869778 -0.0261361 0.999645 -0.00525694 0.0150426 0.0529723 0.00663629 0.998574 0.493213
60 66 1561 0.996282 0.027949 -0.0814948 0.901694 -0.0294373 0.99942 -0.0171177 0.106374 0.0809691 0.019453 0.996527 0.419086
60 67 1494 0.9955 0.0238415 -0.0917166 0.908665 -0.025565 0.999517 -0.0176628 0.0591358 0.0912512 0.019928 0.995628 0.413317
60 68 1280 0.996698 0.0232257 -0.0778034 0.842466 -0.0243361 0.999615 -0.0133541 -0.0187995 0.0774633 0.0152035 0.996879 0.538422
60 69 1201 0.994406 0.0303234 -0.101181 0.890877 -0.0315064 0.999452 -0.0101141 -0.0455441 0.100819 0.0132454 0.994817 0.451957
60 70 1416 0.990625 0.0323107 -0.132731 0.903149 -0.0320539 0.999478 0.00407154 -0.121604 0.132793 0.000221184 0.991144 0.411746
60 71 1221 0.99227 0.0365633 -0.118587 0.874734 -0.03786 0.999245 -0.00869923 -0.0406388 0.118179 0.0131217 0.992906 0.482896
60 72 1084 0.987543 0.0394775 -0.152319 0.873451 -0.0411256 0.999124 -0.00768369 -0.0594187 0.151882 0.0138522 0.988302 0.483273
60 73 940 0.990935 0.0484006 -0.125324 0.794611 -0.0486302 0.998816 0.00122869 -0.13255 0.125235 0.00487699 0.992115 0.592472
60 74 894 0.992482 0.0585327 -0.107487 0.734481 -0.0598581 0.998165 -0.00914293 -0.101153 0.106755 0.0155082 0.994164 0.671048
75 76 479 0.999978 0.0065401 -0.000941472 0.0149401 -0.00654342 0.999972 -0.00356058 -0.172366 0.000918159 0.00356666 0.999993 0.98492
75 77 2060 0.999257 0.0144434 -0.035737 0.876486 -0.0145694 0.999889 -0.00326654 -0.244072 0.0356858 0.00378478 0.999356 0.41497
75 78 1761 0.999253 0.0135699 -0.036172 0.893799 -0.013939 0.999853 -0.00997146 -0.373908 0.0360314 0.0104682 0.999296 0.247622
75 79 2371 0.996727 0.0160067 -0.0792348 0.931827 -0.0164853 0.99985 -0.00538996 -0.315426 0.0791366 0.00667853 0.996841 0.179458
75 80 2100 0.997171 0.0261735 -0.0704567 0.908743 -0.0270911 0.99956 -0.0120998 -0.330974 0.070109 0.0139743 0.997441 0.254247
75 81 1580 0.999544 0.0249714 -0.01699 0.677082 -0.0255371 0.999098 -0.0339368 -0.348962 0.0161273 0.0343552 0.99928 0.647908
75 82 2055 0.997537 0.0302452 -0.0632888 0.857596 -0.0319454 0.999151 -0.0260263 -0.337471 0.0624479 0.027984 0.997656 0.388127
75 83 1530 0.998625 0.0256748 -0.0457109 0.803488 -0.0272806 0.99902 -0.0348584 -0.354042 0.0447711 0.0360575 0.998346 0.478603
75 84 1229 0.998179 0.0362946 -0.0481826 0.765553 -0.038094 0.99859 -0.0369689 -0.36035 0.0467729 0.0387371 0.998154 0.532989
75 85 1372 0.993887 0.0310852 -0.105937 0.879176 -0.03434 0.998988 -0.0290389 -0.352815 0.104927 0.0324992 0.993949 0.320268
75 86 1265 0.997019 0.0314102 -0.0704755 0.845913 -0.0346044 0.998407 -0.04457 -0.344882 0.0689633 0.0468759 0.996517 0.406803
75 87 1121 0.99591 0.0369265 -0.0824639 0.850246 -0.0408863 0.998064 -0.046858 -0.332463 0.080574 0.050038 0.995492 0.408106
75 88 1253 0.99368 0.0488197 -0.101078 0.858281 -0.0540197 0.997319 -0.0493627 -0.327254 0.0983968 0.0545109 0.993653 0.395297
75 89 989 0.997234 0.0487194 -0.0561305 0.795183 -0.0522934 0.996574 -0.0640694 -0.31804 0.0528168 0.0668274 0.996366 0.516269
90 91 126 0.999878 0.00573028 -0.0145499 0.909934 -0.00569987 0.999981 0.00213053 -0.0247462 0.0145618 -0.00204734 0.999892 0.414014
90 92 2027 0.999641 0.00950843 -0.0250484 0.985468 -0.00929993 0.999921 0.00842704 -0.072888 0.0251266 -0.00819106 0.999651 0.153431
90 93 172 0.999771 0.0192124 -0.00943995 0.821518 -0.0191073 0.999756 0.0111053 0.070249 0.00965101 -0.0109224 0.999894 0.565838
90 94 1876 0.998589 0.0200182 -0.0491879 0.989173 -0.0195092 0.999751 0.0108054 0.119194 0.049392 -0.00983054 0.998731 0.0856145
90 95 1525 0.996548 0.0429034 -0.071076 0.989193 -0.0413697 0.998881 0.0229127 0.128559 0.0719795 -0.0198932 0.997208 -0.0704991
90 96 1423 0.996884 0.0540451 -0.0574622 0.986606 -0.0521659 0.998069 0.0337161 0.160658 0.0591735 -0.0306135 0.997778 -0.0282304
90 97 1245 0.997213 0.0589976 -0.0456675 0.996799 -0.0566537 0.997089 0.0510223 0.0625954 0.0485447 -0.0482928 0.997653 0.0497386
90 98 870 0.992243 0.0728756 -0.100717 0.977115 -0.068072 0.99641 0.0503396 0.20377 0.104023 -0.0430931 0.993641 -0.0610261
90 99 768 0.995084 0.0900477 -0.0412144 0.956696 -0.0863581 0.992723 0.083922 0.288202 0.0484714 -0.0799503 0.99562 -0.0408895
90 100 1221 0.991409 0.105414 -0.0774307 0.972031 -0.0984639 0.991182 0.0886747 0.232414 0.0860954 -0.0802888 0.993046 0.0337405
90 101 836 0.99363 0.100218 -0.0515424 0.980222 -0.0944075 0.989989 0.104928 0.193726 0.061542 -0.0993934 0.993143 -0.0404337
90 102 883 0.988222 0.12559 -0.0874316 0.969508 -0.115503 0.986951 0.112187 0.239808 0.10038 -0.100767 0.989833 -0.0504613
90 103 1148 0.984606 0.139044 -0.105917 0.971339 -0.126742 0.985227 0.115171 0.235809 0.120366 -0.0999739 0.987683 0.0299107
90 104 1087 0.971114 0.151613 -0.18426 0.974314 -0.134269 0.985548 0.103283 0.224708 0.197257 -0.0755593 0.977436 0.014748
105 106 178 0.999732 0.0142043 -0.0183037 0.935651 -0.0142069 0.999899 -1.11798e-05 0.296294 0.0183017 0.000271216 0.999832 -0.191745
105 107 678 0.99954 0.0302651 -0.0020386 -0.75902 -0.0302321 0.999436 0.0146133 -0.33685 0.00247973 -0.0145449 0.999891 -0.557154
105 108 1919 0.998063 0.0322086 -0.0532218 0.89974 -0.0321065 0.999481 0.00277145 0.324225 0.0532835 -0.00105732 0.998579 -0.29214
105 109 1704 0.999437 0.0314701 0.0116657 -0.927412 -0.0318196 0.99901 0.0310947 -0.317968 -0.0106756 -0.0314483 0.999448 -0.196984
105 110 1293 0.999619 0.0254598 0.0106225 -0.825698 -0.0258748 0.998826 0.0409516 -0.213433 -0.00956743 -0.0412108 0.999105 -0.522177
105 111 1598 0.995273 0.031448 -0.0918849 0.917319 -0.0293105 0.99927 0.0245212 0.308618 0.0925889 -0.0217121 0.995468 -0.251557
105 112 289 0.998876 0.0349513 -0.0320132 -0.885533 -0.0335107 0.998448 0.0444825 -0.264681 0.0335183 -0.0433597 0.998497 -0.381806
105 113 1354 0.993469 0.0247958 -0.111374 0.986089 -0.0220023 0.999413 0.026242 0.160069 0.111959 -0.0236201 0.993432 -0.0448013
105 114 1246 0.997611 0.0320787 -0.0611816 0.97074 -0.0303713 0.999128 0.0286363 0.23954 0.0620469 -0.0267097 0.997716 -0.0168695
105 115 1189 0.994147 0.0289084 -0.104101 0.984734 -0.0267794 0.999404 0.0217919 0.155736 0.104669 -0.0188766 0.994328 -0.0777501
105 116 1105 0.990506 0.0207282 -0.135897 0.988402 -0.0191994 0.999737 0.0125512 0.150295 0.136121 -0.00982289 0.990644 -0.0217299
105 117 784 0.991723 0.0343649 -0.123709 0.974415 -0.0328944 0.999362 0.0139105 0.153608 0.124108 -0.00972602 0.992221 -0.164073
105 118 683 0.989166 0.0222821 -0.145104 0.995954 -0.0197322 0.999625 0.0189889 0.0826341 0.145472 -0.01592 0.989234 -0.0353278
105 119 445 0.99134 0.0202479 -0.129752 0.99532 -0.0184616 0.999718 0.0149559 0.0634442 0.130018 -0.0124309 0.991434 0.0728839
120 121 839 0.99978 -0.00332259 0.0207181 -0.990312 0.00337751 0.999991 -0.00261652 0.136902 -0.0207092 0.00268592 0.999782 -0.0232498
120 122 645 0.999675 -0.00226444 0.0253732 -0.937118 0.00233647 0.999993 -0.00280957 0.307183 -0.0253667 0.00286794 0.999674 -0.165677
120 123 1177 0.999936 -0.0066631 0.00911401 0.973736 0.00663781 0.999974 0.00280216 -0.225914 -0.00913245 -0.00274149 0.999955 0.0283146
120 124 1231 0.999901 -0.0102098 0.0097059 0.938365 0.0101813 0.999944 0.00298083 -0.264053 -0.00973579 -0.00288171 0.999948 0.223042
120 125 1030 0.999953 -0.00844301 -0.00481839 0.940077 0.00847059 0.999948 0.00573389 -0.289839 0.00476973 -0.00577443 0.999972 0.179577
120 126 1262 0.999946 0.00134323 -0.0103149 0.92123 -0.00129072 0.999986 0.00509517 -0.331884 0.0103216 -0.00508158 0.999934 0.202951
120 127 1771 0.999513 0.00775217 -0.0302269 0.946917 -0.00762484 0.999962 0.00432523 -0.298961 0.0302593 -0.00409265 0.999534 0.118197
120 128 627 0.999976 0.00649003 0.00232633 0.928118 -0.00647857 0.999967 -0.00489829 -0.294737 -0.00235805 0.0048831 0.999985 0.227437
120 129 573 0.999986 0.00196283 -0.0049764 0.93078 -0.00194873 0.999994 0.00283804 -0.298686 0.00498194 -0.00282831 0.999984 0.210798
120 130 710 0.999696 0.00524479 -0.0240942 0.920171 -0.00506274 0.999958 0.00761051 -0.282266 0.0241331 -0.00748621 0.999681 0.271315
120 131 577 0.999936 0.000868138 -0.0113065 0.94514 -0.000916712 0.99999 -0.00429168 -0.286273 0.0113027 0.00430177 0.999927 0.157351
120 132 1260 0.998846 0.00252687 -0.0479653 0.952023 -0.00226224 0.999982 0.00557057 -0.27053 0.0479785 -0.00545564 0.998833 0.143057
120 133 1105 0.996813 0.00658935 -0.0795003 0.96532 -0.00545036 0.99988 0.0145353 -0.241976 0.0795865 -0.0140557 0.996729 0.0980089
120 134 857 0.99755 0.000945891 -0.0699496 0.955489 -0.000114485 0.999929 0.0118888 -0.236562 0.0699559 -0.0118517 0.99748 0.176295
135 136 92 0.999897 0.00629058 -0.0129304 0.673116 -0.00621225 0.999962 0.00608885 0.169463 0.0129682 -0.0060079 0.999898 -0.719859
135 137 173 0.999891 0.00369943 -0.0142719 -0.807713 -0.00352116 0.999916 0.0124961 -0.212462 0.014317 -0.0124445 0.99982 0.549963
135 138 1401 0.998615 0.0140279 -0.0507025 0.932409 -0.0128487 0.999641 0.0235085 0.219238 0.0510141 -0.0228245 0.998437 -0.287313
135 139 1386 0.998464 0.0135615 -0.0537145 0.98384 -0.0118508 0.999416 0.0320385 0.149429 0.0541177 -0.0313527 0.998042 -0.0986443
135 140 1371 0.996623 0.0222702 -0.0790411 0.955073 -0.0195088 0.999178 0.0355384 0.145563 0.0797676 -0.0338764 0.996238 -0.258162
135 141 1612 0.994315 0.0310142 -0.101865 0.94346 -0.0273395 0.998931 0.0372753 0.170574 0.102912 -0.0342784 0.9941 -0.28423
135 142 890 0.996477 0.026868 -0.0794509 0.880251 -0.0229787 0.998511 0.0494682 0.170971 0.0806617 -0.0474683 0.995611 -0.442637
135 143 1484 0.989597 0.0393375 -0.138385 0.948799 -0.0325512 0.99817 0.0509661 0.161746 0.140136 -0.0459313 0.989066 -0.271329
135 144 1085 0.990476 0.050907 -0.127931 0.957991 -0.0436347 0.997303 0.0590204 0.167666 0.13059 -0.052876 0.990025 -0.232683
135 145 1305 0.987729 0.0640834 -0.142422 0.925403 -0.0558153 0.996557 0.0613132 0.150517 0.145861 -0.0526115 0.987905 -0.347813
135 146 852 0.98707 0.0792825 -0.139307 0.911558 -0.0707381 0.995358 0.0652589 0.174001 0.143835 -0.0545608 0.988097 -0.372539
135 147 799 0.985242 0.0853997 -0.14834 0.934817 -0.0763558 0.994918 0.0656381 0.145843 0.153191 -0.0533428 0.986756 -0.323801
135 148 959 0.978797 0.0924909 -0.18276 0.939893 -0.0825826 0.994708 0.0611178 0.140366 0.187446 -0.0447291 0.981256 -0.311286
135 149 546 0.985238 0.0943322 -0.142856 0.891043 -0.0860764 0.9943 0.062922 0.173992 0.147978 -0.0496965 0.987741 -0.419248
150 151 414 0.999981 -0.000108712 -0.00615279 -0.577259 0.000156864 0.999969 0.00782617 -0.179972 0.00615175 -0.00782699 0.99995 0.796481
150 152 558 0.99952 -0.0084072 -0.0298106 0.942491 0.00862099 0.999938 0.00705059 -0.0098141 0.0297494 -0.00730421 0.999531 0.334089
150 153 656 0.998985 -0.00762913 -0.044384 0.962664 0.00760396 0.999971 -0.000735871 0.122534 0.0443883 0.00039763 0.999014 -0.241378
150 154 1368 0.992479 -0.00560727 -0.122287 0.989793 0.00350099 0.999842 -0.0174322 0.135482 0.122365 0.016873 0.992342 -0.0442056
150 155 826 0.997073 -0.0111628 -0.0756385 0.883613 0.00990958 0.999808 -0.0169232 0.105582 0.0758129 0.0161242 0.996992 -0.456159
150 156 621 0.997613 -0.0170866 -0.0668989 0.928787 0.0160045 0.999733 -0.0166778 0.126921 0.0671659 0.0155673 0.99762 -0.348202
150 157 1285 0.992085 -0.0128031 -0.124918 0.931818 0.01081 0.999803 -0.0166202 0.074723 0.125106 0.0151383 0.992028 -0.35515
150 158 955 0.993212 -0.0196035 -0.114656 0.852278 0.0181971 0.999746 -0.0133001 0.113208 0.114888 0.0111234 0.993316 -0.510692
150 159 930 0.988304 -0.0131648 -0.151925 0.964055 0.0118619 0.999885 -0.00947858 0.0898689 0.152033 0.00756559 0.988347 -0.250042
150 160 884 0.986951 -0.00219096 -0.161004 0.966613 0.00123409 0.999981 -0.00604291 0.0735868 0.161014 0.00576537 0.986935 -0.245449
150 161 899 0.985323 -0.00170699 -0.170691 0.946125 0.000137121 0.999958 -0.00920852 0.110095 0.1707 0.00904996 0.985282 -0.304511
150 162 674 0.984008 0.00400261 -0.178081 0.933485 -0.00473238 0.999982 -0.00367341 0.103939 0.178063 0.00445741 0.984009 -0.343225
150 163 595 0.987532 0.00335364 -0.157384 0.92271 -0.0029073 0.999991 0.00306611 0.105831 0.157393 -0.00257031 0.987533 -0.370684
150 164 913 0.972828 0.0144525 -0.231078 0.959416 -0.013055 0.999886 0.00757555 0.0926311 0.231161 -0.00435298 0.972906 -0.266346
165 166 974 0.999775 0.0111845 -0.0180329 0.908076 -0.0110706 0.999918 0.00640638 -0.133252 0.0181031 -0.0062053 0.999817 -0.39704
165 167 1570 0.999223 0.014283 -0.036722 0.99483 -0.0139376 0.999856 0.0096436 0.0670497 0.0368544 -0.00912429 0.999279 -0.0762732
165 168 1525 0.999143 0.0219513 -0.0351042 0.929526 -0.0213913 0.999639 0.0162493 -0.0648812 0.0354482 -0.0154844 0.999252 0.363005
165 169 1420 0.99871 0.0278114 -0.0424914 0.950281 -0.0272398 0.999531 0.0139737 -0.0957064 0.0428601 -0.0127982 0.998999 0.296321
165 170 2121 0.995812 0.0378854 -0.0832112 0.986381 -0.0362367 0.999118 0.0212363 -0.131707 0.0839423 -0.0181321 0.996306 0.0985168
165 171 1679 0.994356 0.0393458 -0.0985325 0.986705 -0.0367695 0.998936 0.027828 -0.110237 0.0995226 -0.0240479 0.994745 0.119418
165 172 971 0.996024 0.0396666 -0.0797677 0.945512 -0.037522 0.998898 0.0282073 -0.105799 0.0807986 -0.0251021 0.996414 0.307919
165 173 1060 0.990635 0.0613277 -0.121992 0.922038 -0.0578483 0.997817 0.0318656 -0.153313 0.12368 -0.0245101 0.992019 0.355446
165 174 1020 0.989143 0.0653821 -0.131609 0.911007 -0.0622953 0.99768 0.0274413 -0.174668 0.133098 -0.0189447 0.990922 0.373573
165 175 967 0.983609 0.0767487 -0.163168 0.948649 -0.0731483 0.996929 0.0279695 -0.194704 0.164813 -0.0155756 0.986202 0.24931
165 176 417 0.988853 0.0752679 -0.128467 0.905093 -0.0744142 0.997162 0.0114394 -0.210724 0.128963 -0.00175209 0.991648 0.369327
165 177 878 0.984503 0.071613 -0.160079 0.938037 -0.0716142 0.997416 0.00576953 -0.172645 0.160079 0.00578383 0.987087 0.300467
165 178 795 0.9824 0.0826105 -0.167527 0.949126 -0.0817338 0.99658 0.0121338 -0.182155 0.167957 0.00177242 0.985793 0.256866
165 179 592 0.982625 0.0881263 -0.163347 0.928331 -0.0859405 0.996091 0.020414 -0.202921 0.164508 -0.00602113 0.986357 0.311489
180 181 2191 0.999631 0.0071719 -0.0262028 0.98587 -0.00708739 0.999969 0.00331702 -0.00519332 0.0262258 -0.00313009 0.999651 0.167432
180 182 160 0.999893 0.014406 -0.00265185 -0.790519 -0.0143869 0.999871 0.00709886 0.177165 0.00275378 -0.00705994 0.999971 -0.586253
180 183 1348 0.999818 -0.00134717 -0.0190558 0.941248 0.00149618 0.999968 0.00780736 -0.107463 0.0190446 -0.00783445 0.999788 0.320163
180 184 1430 0.998654 0.0105672 -0.0507863 0.961716 -0.0101591 0.999914 0.00828786 -0.114573 0.0508695 -0.00776076 0.998675 0.24895
180 185 1451 0.998607 0.0100668 -0.051787 0.955363 -0.00997021 0.999948 0.00212213 -0.0810664 0.0518057 -0.00160285 0.998656 0.284094
180 186 1111 0.99979 0.00352033 -0.0202122 0.930909 -0.00350327 0.999993 0.000879399 -0.134881 0.0202152 -0.000808405 0.999795 0.339433
180 187 1134 0.997686 0.00682849 -0.0676449 0.96146 -0.00623998 0.999941 0.00890742 -0.134779 0.0677017 -0.0084647 0.99767 0.239646
180 188 1087 0.997174 0.0098225 -0.0744785 0.960288 -0.00933851 0.999933 0.00684385 -0.109371 0.0745407 -0.00612899 0.997199 0.256681
180 189 865 0.996173 0.0139961 -0.0862788 0.976425 -0.0130671 0.999851 0.0113226 -0.0878283 0.0864243 -0.0101519 0.996207 0.197182
180 190 1190 0.993721 0.0215198 -0.109796 0.984111 -0.0190718 0.999547 0.0232978 -0.104396 0.110248 -0.0210575 0.993681 0.143622
180 191 761 0.995606 0.0195099 -0.0915813 0.977829 -0.0174447 0.999576 0.0232975 -0.0994539 0.091997 -0.0215975 0.995525 0.184279
180 192 978 0.991947 0.0260436 -0.123949 0.982277 -0.0231091 0.999419 0.0250548 -0.111433 0.12453 -0.0219886 0.991972 0.150714
180 193 853 0.992039 0.030145 -0.122272 0.97936 -0.0278 0.999396 0.02084 -0.121016 0.122827 -0.017275 0.992278 0.161891
180 194 814 0.991028 0.0324303 -0.129658 0.983056 -0.0299369 0.999328 0.0211346 -0.126873 0.130256 -0.0170634 0.991334 0.132307
195 196 1356 0.999842 0.00570123 -0.0168355 0.981561 -0.00564241 0.999978 0.00353896 -0.127161 0.0168553 -0.00344341 0.999852 -0.142714
195 197 1291 0.99986 0.00802339 -0.0146716 0.985096 -0.007979 0.999963 0.00308148 -0.146842 0.0146958 -0.00296398 0.999888 -0.089569
195 198 1912 0.999167 0.0144526 -0.0381725 0.980896 -0.0142911 0.999888 0.00449986 -0.0513964 0.0382332 -0.00395058 0.999261 -0.187622
195 199 1127 0.999669 0.0233609 -0.0108113 0.986788 -0.0232999 0.999712 0.00573374 -0.123655 0.0109421 -0.00547994 0.999925 -0.104686
195 200 1155 0.998114 0.0470598 -0.0394301 0.980568 -0.0470359 0.998892 0.0015329 -0.0897156 0.0394585 0.000324627 0.999221 -0.174463
195 201 1479 0.996526 0.0474992 -0.0684138 0.987847 -0.0474817 0.99887 0.00188229 -0.113663 0.0684259 0.00137265 0.997655 -0.106015
195 202 812 0.998509 0.0538883 -0.00875329 0.965575 -0.0539914 0.998469 -0.0120023 -0.0755857 0.00809311 0.012457 0.99989 -0.248902
195 203 1275 0.995594 0.0673381 -0.0652527 0.965698 -0.0680426 0.997645 -0.00863273 -0.0658582 0.0645177 0.0130347 0.997831 -0.251177
195 204 896 0.995037 0.0668236 -0.0737284 0.971143 -0.0676584 0.997669 -0.00888151 -0.0510186 0.072963 0.0138258 0.997239 -0.232976
195 205 816 0.994435 0.0585439 -0.0875869 0.978806 -0.0590738 0.998248 -0.0034676 -0.0670778 0.0872304 0.00862239 0.996151 -0.193494
195 206 732 0.994237 0.0695247 -0.0815994 0.9839 -0.0701105 0.99753 -0.00433239 -0.0267457 0.0810967 0.0100284 0.996656 -0.176708
195 207 811 0.991918 0.0685884 -0.106747 0.993745 -0.0693348 0.997588 -0.00329265 -0.0435942 0.106264 0.0106673 0.994281 -0.102813
195 208 1043 0.988094 0.0625818 -0.140548 0.994165 -0.0643384 0.997896 -0.00798544 -0.0105167 0.139752 0.016933 0.990042 -0.107352
195 209 878 0.985838 0.0714414 -0.151719 0.992237 -0.0730751 0.997313 -0.00521204 0.0098958 0.150939 0.0162251 0.98841 -0.123969
210 211 48 0.999943 -0.00393344 -0.00996439 -0.858006 0.00395999 0.999989 0.00264538 0.0491812 0.00995387 -0.00268468 0.999947 -0.51128
210 212 2150 0.996752 -0.00475869 -0.0803888 0.99748 0.00485416 0.999988 0.000992245 0.0347012 0.0803831 -0.00137924 0.996763 0.0618829
210 213 1127 0.999298 -0.0121799 -0.0354296 0.781478 0.0121869 0.999926 -1.86682e-05 -0.101326 0.0354272 -0.000413121 0.999372 0.615651
210 214 814 0.999162 -0.013182 -0.038762 0.85498 0.0129223 0.999892 -0.00694119 -0.0789062 0.0388493 0.00643448 0.999224 0.512624
210 215 457 0.999075 -0.0117007 -0.0413898 -0.955899 0.0112221 0.999868 -0.0117781 0.114019 0.0415221 0.0113027 0.999074 -0.27066
210 216 1310 0.996316 -0.00290975 -0.0857136 0.995594 0.00211682 0.999954 -0.00934036 -0.090421 0.0857368 0.0091245 0.996276 0.0248302
210 217 1893 0.985899 -0.00284388 -0.167316 0.979966 0.003944 0.999973 0.00624318 -0.163619 0.167293 -0.00681504 0.985884 0.113557
210 218 1499 0.984971 6.28603e-06 -0.172721 0.982976 0.000514621 0.999995 0.00297112 -0.15206 0.17272 -0.00301535 0.984966 0.103128
210 219 1537 0.980949 0.0063076 -0.194164 0.965242 -0.00451289 0.999943 0.00968423 -0.179482 0.194214 -0.00862349 0.980921 0.189986
210 220 1437 0.984075 0.0162791 -0.177009 0.978353 -0.0157144 0.999866 0.00459182 -0.156741 0.17706 -0.0017371 0.984198 0.13512
210 221 1168 0.983739 0.0208443 -0.178393 0.965997 -0.0193044 0.99976 0.0103637 -0.200729 0.178566 -0.00675143 0.983905 0.162964
210 222 664 0.984377 0.021749 -0.174728 0.935174 -0.0206609 0.999754 0.00804444 -0.200598 0.17486 -0.00430872 0.984584 0.291907
210 223 924 0.976218 0.0375338 -0.213516 0.939878 -0.0363945 0.999295 0.00926578 -0.20938 0.213713 -0.00127463 0.976896 0.269794
210 224 882 0.976111 0.0514174 -0.2111 0.931465 -0.0513841 0.998663 0.00564729 -0.221989 0.211108 0.00533479 0.977448 0.288259
225 226 535 0.999916 0.00646563 -0.0112021 0.889656 -0.00647743 0.999979 -0.00101699 -0.124181 0.0111953 0.00108946 0.999937 0.439422
225 227 1208 0.999783 0.0108587 -0.017766 0.719592 -0.0109108 0.999936 -0.00283836 -0.213658 0.0177341 0.00303159 0.999838 0.66071
225 228 2528 0.997654 0.02113 -0.0651192 0.977948 -0.0209176 0.999773 0.00394226 -0.159777 0.0651878 -0.00257087 0.99787 0.134492
225 229 1093 0.999383 0.0184384 -0.029896 0.898556 -0.0183565 0.999827 0.0030111 -0.124608 0.0299463 -0.00246046 0.999548 0.420797
225 230 2029 0.996504 0.0100866 -0.0829331 0.953519 -0.00955358 0.999931 0.00682202 -0.105487 0.0829962 -0.00600586 0.996532 0.282267
225 231 1056 0.998991 0.00221373 -0.0448571 0.892981 -0.00205313 0.999991 0.00362623 -0.162251 0.0448647 -0.00353047 0.998987 0.419833
225 232 1792 0.997455 0.00765763 -0.0708934 0.967349 -0.00743444 0.999967 0.00341153 -0.0809065 0.0709172 -0.0028758 0.997478 0.240188
225 233 943 0.998314 0.00252136 -0.057997 0.912508 -0.00213921 0.999976 0.00665041 -0.113003 0.0580124 -0.00651513 0.998295 0.393141
225 234 1841 0.991968 0.00960976 -0.126122 0.952679 -0.00815502 0.999894 0.0120456 -0.0795132 0.126225 -0.0109204 0.991942 0.293396
225 235 851 0.996252 0.00275161 -0.0864514 0.919051 -0.0016585 0.999918 0.0127135 -0.0852522 0.0864792 -0.0125225 0.996175 0.384807
225 236 1648 0.99311 0.0150876 -0.116209 0.932546 -0.01334 0.999786 0.0158011 -0.0842915 0.116423 -0.014142 0.993099 0.351074
225 237 1358 0.992199 0.0192385 -0.123172 0.930904 -0.017142 0.99969 0.0180579 -0.0954434 0.123481 -0.0158056 0.992221 0.352575
225 238 1540 0.987131 0.0214982 -0.158461 0.948794 -0.0182322 0.999591 0.0220359 -0.0729698 0.15887 -0.0188632 0.987119 0.307351
225 239 627 0.995844 0.00493322 -0.0909462 0.898846 -0.00289191 0.999741 0.0225635 -0.106328 0.0910339 -0.0222067 0.9956 0.42517
240 241 1843 0.999615 0.00496232 -0.0272976 0.980088 -0.00500009 0.999987 -0.00131568 0.0894689 0.0272907 0.00145166 0.999626 -0.177268
240 242 1655 0.999199 0.0132934 -0.0377542 0.996998 -0.0131269 0.999903 0.00465453 -0.0771859 0.0378124 -0.0041552 0.999276 -0.00613732
240 243 2192 0.997934 0.0130767 -0.0628966 0.995012 -0.0125776 0.999886 0.00832525 -0.0921645 0.0629983 -0.00751697 0.997985 0.0381553
240 244 1252 0.998456 0.0131232 -0.0539755 0.981901 -0.0127575 0.999893 0.00711434 -0.145264 0.0540631 -0.00641476 0.998517 0.121526
240 245 1871 0.996231 0.0239443 -0.0833744 0.993798 -0.0233742 0.999696 0.00780766 -0.102112 0.083536 -0.00582942 0.996488 -0.0440218
240 246 1627 0.994978 0.0244295 -0.0970675 0.99287 -0.0237745 0.999686 0.00789835 -0.0844809 0.0972299 -0.00555096 0.995246 0.084098
240 247 1093 0.995286 0.0233299 -0.0941341 0.993557 -0.0227521 0.999715 0.00720742 -0.0977873 0.0942755 -0.0050317 0.995533 -0.0572945
240 248 1483 0.98811 0.0395888 -0.148562 0.989743 -0.037614 0.999163 0.0160804 -0.127639 0.149075 -0.0103012 0.988772 0.0641624
240 249 1342 0.988703 0.0434979 -0.143436 0.982759 -0.0421588 0.999034 0.0123631 -0.119176 0.143835 -0.0061763 0.989582 0.141358
240 250 503 0.994047 0.0453659 -0.0990577 0.967383 -0.0453326 0.998969 0.00258785 -0.168941 0.099073 0.0019181 0.995078 0.188756
240 251 519 0.990196 0.052439 -0.129468 0.965508 -0.0534558 0.998561 -0.00438925 -0.17452 0.129051 0.011267 0.991574 0.19323
240 252 704 0.993758 0.06183 -0.0928556 0.9856 -0.0639676 0.997747 -0.02022 -0.158346 0.0913962 0.0260335 0.995474 0.0593248
240 253 977 0.975169 0.0830385 -0.205306 0.988735 -0.085997 0.99628 -0.00551373 -0.131445 0.204084 0.0230325 0.978682 0.0715901
240 254 704 0.989542 0.0701955 -0.126009 0.981011 -0.0726419 0.997246 -0.0149196 -0.156813 0.124615 0.0239172 0.991917 0.114134
255 256 1788 0.99943 0.00556904 -0.0332847 0.957371 -0.00517244 0.999915 0.0119897 -0.130932 0.0333486 -0.0118107 0.999374 -0.257484
255 257 311 0.999971 -9.45515e-05 -0.00764209 0.537526 0.000224215 0.999856 0.016968 -0.0461226 0.00763938 -0.0169692 0.999827 0.841985
255 258 1011 0.9998 0.00297792 -0.0197662 0.780378 -0.00260376 0.999817 0.0189281 0.106917 0.0198189 -0.0188728 0.999625 0.6161
255 259 664 0.999862 0.00297821 -0.016314 0.703008 -0.00256478 0.999676 0.0253049 0.0504274 0.016384 -0.0252596 0.999547 0.709391
255 260 1343 0.997538 0.00475901 -0.0699651 0.953841 -0.0027702 0.99959 0.0284953 0.0858334 0.0700721 -0.0282313 0.997142 0.287785
255 261 1348 0.993784 0.0118542 -0.110693 0.910344 -0.00894076 0.999601 0.0267792 0.0826633 0.110966 -0.0256231 0.993494 0.405513
255 262 1202 0.997631 0.0146816 -0.0672103 0.861729 -0.0130406 0.999608 0.0247895 0.0861691 0.0675479 -0.0238544 0.997431 0.499998
255 263 1317 0.994762 0.0115904 -0.101561 0.936142 -0.00919773 0.99967 0.0239953 0.0250003 0.101806 -0.0229354 0.99454 0.350734
255 264 1099 0.989752 0.00931673 -0.142496 0.919298 -0.00643034 0.999765 0.0207031 0.0193068 0.142655 -0.0195747 0.989579 0.393089
255 265 1296 0.988872 0.0136414 -0.148144 0.912676 -0.0109063 0.999755 0.019259 -0.0200318 0.148371 -0.017429 0.988778 0.408192
255 266 1325 0.98688 0.0208364 -0.160104 0.918937 -0.0184108 0.999692 0.0166186 -0.0304189 0.160401 -0.0134529 0.98696 0.393229
255 267 830 0.991451 0.0177537 -0.129268 0.887595 -0.0160579 0.999771 0.0141489 -0.0356123 0.12949 -0.0119522 0.991509 0.459247
255 268 846 0.989523 0.0309847 -0.141009 0.858292 -0.0285245 0.999404 0.0194359 -0.12176 0.141527 -0.01521 0.989817 0.498508
255 269 1058 0.968085 0.0283344 -0.249014 0.938103 -0.0233875 0.999466 0.0228027 -0.0811438 0.249527 -0.0162511 0.968231 0.336718
270 271 83 0.999971 0.00401999 -0.00646582 -0.402675 -0.00399471 0.999984 0.00391882 0.453338 0.00648147 -0.00389287 0.999971 -0.795196
270 272 1029 0.999787 0.0147766 -0.0144217 0.391018 -0.0147801 0.999891 -0.000137126 -0.271265 0.0144181 0.000350251 0.999896 0.8795
270 273 1264 0.998879 0.0232956 -0.0412194 0.779495 -0.023291 0.999729 0.000591156 -0.300042 0.041222 0.000369549 0.99915 0.549875
270 274 1127 0.998935 0.0283413 -0.0364185 0.820438 -0.028351 0.999598 0.000249135 -0.289066 0.0364109 0.000783631 0.999337 0.493277
270 275 1086 0.998754 0.0350237 -0.0355416 0.797994 -0.0350985 0.999383 -0.00148221 -0.248891 0.0354678 0.00272782 0.999367 0.548871
270 276 1173 0.992737 0.0369921 -0.114478 0.901326 -0.0356724 0.999272 0.0135559 -0.245709 0.114896 -0.0093738 0.993333 0.356705
270 277 1179 0.991674 0.0421171 -0.121691 0.926922 -0.0406674 0.999069 0.0143729 -0.231974 0.122183 -0.00930434 0.992464 0.294964
270 278 948 0.999533 0.0305456 -0.000357196 0.488113 -0.0305477 0.999454 -0.012603 -0.214184 -2.79643e-05 0.012608 0.999921 0.846091
270 279 1033 0.997737 0.0255516 -0.0621946 0.802458 -0.0256109 0.999672 -0.000156467 -0.256167 0.0621702 0.00174897 0.998064 0.538924
270 280 985 0.99431 0.0386669 -0.0992568 0.890569 -0.038495 0.999252 0.00364811 -0.213055 0.0993236 0.000193535 0.995055 0.401865
270 281 1187 0.993494 0.0425588 -0.105633 0.879693 -0.0422948 0.999094 0.00473931 -0.169826 0.105739 -0.000240769 0.994394 0.444183
270 282 1025 0.996139 0.0408454 -0.0777088 0.825461 -0.0402937 0.99915 0.00865523 -0.22014 0.0779963 -0.00549063 0.996939 0.519762
270 283 783 0.999048 0.0366703 -0.0236196 0.653906 -0.0368269 0.999302 -0.00622999 -0.185979 0.0233747 0.0070939 0.999702 0.733361
270 284 813 0.997814 0.0312131 -0.0582418 0.778431 -0.0311017 0.999512 0.00281866 -0.21663 0.0583013 -0.00100108 0.998299 0.589166
285 286 577 0.999835 0.000689708 -0.0181419 0.965646 -0.000622155 0.999993 0.00372898 -0.123286 0.0181444 -0.00371708 0.999828 -0.228756
285 287 1230 0.999845 0.000926379 -0.0175642 0.990301 -0.000815 0.99998 0.00634734 -0.120727 0.0175697 -0.00633204 0.999826 -0.0687729
285 288 1861 0.998797 0.0103368 -0.0479324 0.991213 -0.00998869 0.999922 0.00749705 -0.0819039 0.0480061 -0.00700925 0.998822 0.103863
285 289 1245 0.999512 0.00300788 -0.0310834 0.994556 -0.00291295 0.999991 0.00309889 -0.102334 0.0310924 -0.00300683 0.999512 0.019648
285 290 1629 0.998815 0.00758795 -0.0480693 0.992771 -0.00736252 0.999961 0.00486486 -0.11883 0.0481043 -0.00450518 0.998832 -0.0168688
285 291 1175 0.999655 0.0172851 -0.0197772 0.986777 -0.0172966 0.99985 -0.000409927 -0.100148 0.0197672 0.000751864 0.999804 -0.127444
285 292 1108 0.99916 0.024904 -0.0325572 0.98229 -0.0248562 0.999689 0.00187275 -0.0363761 0.0325938 -0.00106193 0.999468 -0.183801
285 293 1314 0.997422 0.030671 -0.0648753 0.996168 -0.0301128 0.999501 0.00956385 -0.087358 0.0651363 -0.00758562 0.997848 0.00426355
285 294 653 0.998945 0.0298983 -0.0348642 0.983056 -0.0296318 0.999528 0.00813438 -0.138959 0.035091 -0.00709271 0.999359 -0.119547
285 295 863 0.998994 0.0448128 0.00184312 0.951433 -0.0448124 0.998995 -0.0002578 -0.0429429 -0.00185282 0.000174946 0.999998 -0.304845
285 296 569 0.998403 0.0564662 0.00168884 0.884969 -0.0564816 0.998341 0.0112242 -0.0352297 -0.00105224 -0.0113017 0.999936 -0.464315
285 297 972 0.996375 0.0799951 -0.0289402 0.97978 -0.0792538 0.996518 0.0259148 -0.0767805 0.0309125 -0.0235272 0.999245 -0.184757
285 298 1343 0.993056 0.108228 -0.0461223 0.986264 -0.10689 0.993801 0.0305601 -0.0739279 0.0491439 -0.0254179 0.998468 -0.14771
285 299 948 0.994394 0.10486 -0.0136286 0.991717 -0.104418 0.994084 0.0298973 -0.104349 0.0166831 -0.0283066 0.99946 -0.0748869
300 301 1549 0.999602 0.000671528 0.0281987 -0.977855 -0.000481597 0.999977 -0.00674169 0.1726 -0.0282025 0.00672543 0.99958 0.118359
300 302 64 0.999779 0.016987 0.0123574 -0.949585 -0.0169409 0.999849 -0.00382597 0.0157811 -0.0124205 0.00361578 0.999916 -0.313113
300 303 79 0.999879 0.0150607 -0.00379854 0.900627 -0.0150735 0.999881 -0.00337438 -0.0810101 0.00374727 0.00343123 0.999987 -0.426975
300 304 936 0.999738 0.0133288 -0.01863 0.981286 -0.0134308 0.999895 -0.00536078 -0.170074 0.0185566 0.00560959 0.999812 -0.090293
300 305 557 0.999607 0.0280258 0.000428297 0.952754 -0.0280135 0.999444 -0.018061 -0.0861476 -0.000934233 0.0180419 0.999837 -0.291271
300 306 703 0.999115 0.0278255 0.0315328 -0.973928 -0.0269353 0.999236 -0.0283128 0.0512584 -0.0322965 0.0274384 0.999102 -0.220991
300 307 866 0.999744 0.0134424 -0.0182042 0.943091 -0.0139653 0.999484 -0.028909 -0.116517 0.0178062 0.0291558 0.999416 -0.311454
300 308 859 0.999621 0.0121178 -0.0247268 0.960534 -0.0128497 0.999477 -0.0296594 -0.108449 0.0243545 0.0299659 0.999254 -0.25615
300 309 634 0.999932 0.0020622 -0.0115077 0.874065 -0.00242802 0.999489 -0.0318663 -0.0481089 0.0114361 0.0318921 0.999426 -0.483421
300 310 442 0.99996 -0.00462339 -0.00760186 -0.968324 0.00435738 0.99939 -0.0346438 0.144966 0.0077574 0.0346093 0.999371 -0.203305
300 311 960 0.997049 -0.0112369 -0.0759373 0.953181 0.00955085 0.999701 -0.0225305 -0.171271 0.0761678 0.0217388 0.996858 -0.249224
300 312 860 0.996641 0.000386171 -0.0818979 0.983681 -0.00243812 0.999686 -0.0249565 -0.124466 0.0818625 0.0250723 0.996328 -0.129925
300 313 552 0.999089 -0.00975013 -0.041541 0.914167 0.00806422 0.999145 -0.0405604 -0.0624425 0.0419009 0.0401885 0.998313 -0.4005
300 314 842 0.99693 -0.0114296 -0.0774631 0.94644 0.0083237 0.999153 -0.0402999 -0.115301 0.077858 0.0395314 0.99618 -0.301589
315 316 1426 0.999861 -0.00509553 0.0158855 -0.974781 0.00506216 0.999985 0.00214025 -0.172988 -0.0158961 -0.00205954 0.999872 0.140986
315 317 1742 0.999876 -0.00235834 0.0155873 -0.99311 0.00248644 0.999963 -0.00820401 -0.107294 -0.0155674 0.00824175 0.999845 -0.0471197
315 318 524 0.999982 -0.0051935 -0.00311636 -0.827181 0.00514715 0.999879 -0.0147014 0.208909 0.00319233 0.0146851 0.999887 -0.52166
315 319 646 0.999944 -0.00606567 -0.00871488 -0.894076 0.00593285 0.999867 -0.0151869 0.244396 0.00880584 0.0151343 0.999847 -0.375365
315 320 1172 0.999461 0.00105873 -0.0328105 0.953893 -0.00161622 0.999855 -0.0169693 -0.0248813 0.0327877 0.0170132 0.999318 -0.299114
315 321 1488 0.998776 -0.0143644 -0.0473216 0.889724 0.0138221 0.999835 -0.0117658 -0.191563 0.0474828 0.0110974 0.99881 -0.414361
315 322 1231 0.998595 -0.00711941 -0.0525149 0.978027 0.00620356 0.999826 -0.0175823 -0.0897366 0.052631 0.0172318 0.998465 -0.188179
315 323 1429 0.998072 -0.0169498 -0.0597115 0.941932 0.0161242 0.999768 -0.0142818 -0.171079 0.0599397 0.0132915 0.998114 -0.288958
315 324 1320 0.998721 -0.0110165 -0.0493397 0.90424 0.0100694 0.999761 -0.0194015 -0.0761664 0.0495417 0.0188799 0.998594 -0.420176
315 325 1803 0.992863 -0.0120393 -0.118653 0.93758 0.0128715 0.999898 0.00624987 -0.233269 0.118566 -0.0077325 0.992916 -0.257935
315 326 1280 0.997253 0.000494139 -0.0740624 0.946847 -0.00188819 0.999822 -0.0187539 -0.0108507 0.07404 0.0188422 0.997077 -0.321501
315 327 1339 0.995213 0.000907055 -0.0977215 0.964144 -0.0021032 0.999924 -0.012138 -0.0618116 0.0977031 0.0122855 0.99514 -0.258082
315 328 1162 0.995306 0.0129798 -0.0959037 0.970415 -0.0149435 0.999693 -0.0197854 -0.0169483 0.0956174 0.0211257 0.995194 -0.240848
