0 1 1732 0.999502 0.00800946 -0.0305329 0.960116 -0.00808459 0.999965 -0.00233798 0.154484 0.0305131 0.00258366 0.999531 -0.233048
0 2 1273 0.999419 0.0162614 -0.0299608 0.811388 -0.0164251 0.999851 -0.00522326 0.331317 0.0298714 0.00571233 0.999537 -0.481537
0 3 1577 0.999499 0.0183046 0.0258389 -0.858632 -0.0187753 0.99966 0.018092 -0.234341 -0.025499 -0.0185681 0.999502 -0.455889
0 4 1467 0.997345 0.0211689 -0.0696707 0.865758 -0.0213389 0.999771 -0.00169604 0.267781 0.0696188 0.00317823 0.997569 -0.422796
0 5 1119 0.997381 0.0230236 -0.06857 0.850246 -0.0228781 0.999734 0.00290664 0.246903 0.0686187 -0.00133027 0.997642 -0.464887
0 6 1078 0.996387 0.0294097 -0.0796733 0.855725 -0.0295588 0.999563 -0.000693047 0.283211 0.0796181 0.00304559 0.996821 -0.433042
0 7 1023 0.994973 0.0294076 -0.0957269 0.835092 -0.0290207 0.999564 0.00543226 0.231143 0.0958449 -0.0026269 0.995393 -0.499193
0 8 1122 0.992048 0.0385873 -0.119795 0.876928 -0.037946 0.999251 0.00763078 0.235384 0.12 -0.00302434 0.992769 -0.419037
0 9 835 0.992004 0.0352418 -0.121185 0.872341 -0.0338214 0.999333 0.0137582 0.213908 0.121589 -0.00954956 0.992535 -0.439618
0 10 945 0.98963 0.0328527 -0.139835 0.884179 -0.0311484 0.999412 0.0143595 0.204502 0.140225 -0.0098549 0.990071 -0.420007
0 11 751 0.989918 0.0410179 -0.135575 0.882071 -0.0396258 0.999131 0.012952 0.223606 0.135988 -0.00744915 0.990682 -0.41467
0 12 827 0.983438 0.0579272 -0.171738 0.892167 -0.0576279 0.998315 0.0067321 0.219957 0.171839 0.00327633 0.98512 -0.394534
0 13 759 0.979745 0.064898 -0.189444 0.892678 -0.0643427 0.997886 0.00908692 0.216656 0.189633 0.00328645 0.98185 -0.395204
0 14 680 0.977469 0.071393 -0.198637 0.903396 -0.0699377 0.997448 0.0143417 0.209824 0.199154 -0.000126393 0.979968 -0.373964
15 16 193 0.999976 -0.00289133 -0.00629645 0.666345 0.00284166 0.999965 -0.00788333 0.246921 0.00631903 0.00786524 0.999949 -0.703572
15 17 1183 0.999837 0.00454682 -0.0174947 0.663033 -0.0044881 0.999984 0.00339425 -0.0384705 0.0175098 -0.00331518 0.999841 -0.747601
15 18 1280 0.999459 0.000948148 -0.0328672 0.828114 -0.00107165 0.999992 -0.00374005 0.263782 0.0328635 0.00377325 0.999453 -0.494617
15 19 1247 0.999157 0.00304486 -0.040943 0.824937 -0.00324547 0.999983 -0.00483427 0.288792 0.0409276 0.00496307 0.99915 -0.485879
15 20 1138 0.998141 0.00365162 -0.0608348 0.84751 -0.00367954 0.999993 -0.000347074 0.211586 0.0608331 0.000570273 0.998148 -0.486784
15 21 1181 0.994274 0.00743163 -0.106603 0.90725 -0.00825629 0.999939 -0.00729648 0.237561 0.106543 0.00813485 0.994275 -0.347077
15 22 1081 0.990967 0.00812534 -0.133862 0.942076 -0.00859585 0.999959 -0.00293729 0.168519 0.133832 0.00406141 0.990996 -0.289989
15 23 959 0.991302 0.021062 -0.12991 0.93193 -0.0227706 0.999672 -0.0116811 0.203346 0.129621 0.0145377 0.991457 -0.300261
15 24 894 0.985731 0.0260342 -0.166301 0.943457 -0.0288265 0.999481 -0.0143986 0.168829 0.16584 0.018987 0.98597 -0.285283
15 25 834 0.981109 0.026861 -0.19158 0.945874 -0.0337974 0.998883 -0.0330304 0.21225 0.190478 0.0388813 0.980921 -0.245505
15 26 754 0.966586 0.0309151 -0.254473 0.972557 -0.0407402 0.99861 -0.0334292 0.149664 0.253085 0.0426795 0.966502 -0.178142
15 27 662 0.969262 0.0384919 -0.242999 0.967782 -0.0488661 0.998127 -0.0368076 0.133853 0.241127 0.0475506 0.969328 -0.213262
15 28 615 0.965455 0.0458236 -0.25651 0.970725 -0.058244 0.997459 -0.0410309 0.114556 0.253978 0.0545536 0.96567 -0.211114
15 29 562 0.957277 0.0435179 -0.285881 0.974743 -0.0660129 0.995394 -0.0695223 0.177931 0.281538 0.0854239 0.95574 -0.134971
30 31 1344 0.999729 -0.00284403 -0.023093 0.964082 0.00298996 0.999976 0.00628698 -0.0505944 0.0230745 -0.00635433 0.999714 -0.260743
30 32 1348 0.999334 0.00142231 -0.0364678 0.992494 -0.000905685 0.999899 0.0141792 -0.0734647 0.0364843 -0.0141367 0.999234 0.0977712
30 33 1104 0.998694 0.0118821 -0.0496952 0.976895 -0.0114067 0.999887 0.00983746 -0.0272682 0.0498064 -0.00925775 0.998716 0.211974
30 34 879 0.994247 0.032035 -0.102206 0.99201 -0.0314274 0.999478 0.00755022 0.00312391 0.102395 -0.00429472 0.994735 0.126121
30 35 648 0.994511 0.0521601 -0.0907054 0.996893 -0.0514132 0.998622 0.0105527 0.0391672 0.0911308 -0.00583129 0.995822 0.0683402
30 36 527 0.996193 0.0583798 -0.0647454 0.995264 -0.0567183 0.998019 0.0272116 0.0157277 0.0662057 -0.0234357 0.997531 0.0959317
30 37 569 0.997301 0.0682412 -0.0270912 0.994139 -0.0670043 0.996773 0.0442054 -0.024707 0.0300204 -0.0422709 0.998655 0.105248
30 38 721 0.996549 0.0665247 -0.0496346 0.973933 -0.0645465 0.997095 0.0404491 0.0584416 0.0521813 -0.0371057 0.997948 0.219178
30 39 691 0.99392 0.0664747 -0.0877679 0.981074 -0.0631038 0.997179 0.0406415 0.058411 0.090222 -0.034856 0.995312 0.184614
30 40 550 0.992802 0.0604706 -0.103383 0.980917 -0.0571853 0.997769 0.0344547 0.068314 0.105236 -0.0282947 0.994045 0.18203
30 41 530 0.996062 0.0652728 -0.0599997 0.974528 -0.0634368 0.997472 0.0320137 0.0628778 0.0619376 -0.0280814 0.997685 0.215271
30 42 523 0.993201 0.0706801 -0.0925032 0.983373 -0.0677741 0.997115 0.0341923 0.0199161 0.094653 -0.0276905 0.995125 0.180504
30 43 491 0.985631 0.0747223 -0.151488 0.985558 -0.0702246 0.996923 0.0348331 0.00446364 0.153625 -0.0236944 0.987845 0.169281
30 44 454 0.981515 0.0721962 -0.177244 0.984357 -0.0698802 0.997369 0.0192827 0.0432576 0.178169 -0.00654044 0.983978 0.170791
45 46 58 0.999978 0.00274813 -0.00609296 -0.409416 -0.00273333 0.999993 0.00243582 -0.172832 0.00609962 -0.00241911 0.999978 0.895828
45 47 1389 0.996479 0.00917263 -0.0833404 0.946816 -0.00687126 0.999588 0.027859 -0.292379 0.0835616 -0.0271882 0.996132 -0.134368
45 48 1245 0.996817 0.012546 -0.078731 0.998944 -0.0123943 0.99992 0.00241525 0.0426956 0.078755 -0.00143175 0.996893 -0.0169591
45 49 1213 0.9951 0.0271711 -0.0950717 0.980608 -0.0280561 0.999574 -0.00798427 0.157856 0.0948143 0.0106125 0.995438 -0.116146
45 50 1029 0.995621 0.0337562 -0.0871726 0.982092 -0.0325418 0.999353 0.0153158 -0.00862252 0.0876332 -0.012412 0.996075 -0.188204
45 51 866 0.997615 0.0379357 -0.0576637 0.967351 -0.0366788 0.999069 0.0227026 0.0165223 0.0584713 -0.0205335 0.998078 -0.2529
45 52 751 0.992777 0.036749 -0.114205 0.988045 -0.03432 0.999142 0.0231631 0.0789225 0.114958 -0.0190763 0.993187 -0.132434
45 53 629 0.984278 0.05781 -0.1669 0.985015 -0.0493351 0.997295 0.0544889 -0.0383855 0.169598 -0.0453982 0.984467 -0.168142
45 54 676 0.976506 0.0678975 -0.204512 0.997713 -0.059507 0.997125 0.0469083 0.0601364 0.207109 -0.0336364 0.97774 -0.0308534
45 55 483 0.978582 0.0973261 -0.181395 0.993788 -0.0838244 0.993209 0.0806863 -0.101068 0.188016 -0.0637529 0.980095 0.0466003
45 56 564 0.976485 0.109125 -0.185928 0.997642 -0.102131 0.993669 0.0468196 0.00191357 0.18986 -0.0267298 0.981447 0.0685988
45 57 607 0.977331 0.132467 -0.165159 0.999685 -0.127711 0.991039 0.0391428 0.0229879 0.168864 -0.017163 0.98549 0.0101065
45 58 560 0.9726 0.151877 -0.176019 0.998971 -0.143633 0.987886 0.0587401 -0.0347305 0.182808 -0.0318483 0.982633 0.029172
45 59 461 0.965035 0.143954 -0.219054 0.99934 -0.13383 0.989159 0.0604536 0.00604186 0.225382 -0.0290239 0.973838 0.0358131
60 61 781 0.999942 0.00936651 -0.00533069 0.703415 -0.00937781 0.999954 -0.00209916 0.159208 0.00531078 0.00214903 0.999984 0.692719
60 62 1076 0.99915 0.018092 -0.0370442 0.95551 -0.018608 0.999734 -0.0136339 0.223256 0.0367877 0.0143116 0.999221 0.192765
60 63 989 0.998803 0.0284308 -0.0397964 0.912759 -0.02889 0.999522 -0.0110121 0.174579 0.0394643 0.0121486 0.999147 0.369315
60 64 764 0.999126 0.0292408 -0.0298586 0.829811 -0.0293681 0.999561 -0.00383599 0.0275261 0.0297334 0.00470953 0.999547 0.557365
60 65 732 0.998404 0.0274467 -0.0493478 0.860602 -0.0277962 0.999593 -0.00640889 0.0307386 0.0491518 0.00777034 0.998761 0.50835
60 66 824 0.996684 0.0267316 -0.0768565 0.925911 -0.0277744 0.999536 -0.0125309 0.0536483 0.0764858 0.014624 0.996963 0.373912
60 67 772 0.995818 0.0262552 -0.0875034 0.921228 -0.0275155 0.999534 -0.0132275 0.0170604 0.0871153 0.0155798 0.996076 0.388649
60 68 729 0.995153 0.0244815 -0.0952452 0.921371 -0.0261235 0.99953 -0.0160311 0.0024088 0.0948079 0.0184415 0.995325 0.388677
60 69 575 0.995682 0.0295545 -0.0880006 0.848034 -0.0306923 0.999462 -0.0116039 -0.0304011 0.0876102 0.0142547 0.996053 0.529069
60 70 593 0.993725 0.0271066 -0.108517 0.892832 -0.0281559 0.99957 -0.00814869 -0.0704275 0.10825 0.011153 0.994061 0.444849
60 71 586 0.992947 0.0314165 -0.114317 0.867932 -0.0325106 0.999442 -0.00771856 -0.055628 0.114011 0.0113806 0.993414 0.493558
60 72 511 0.992933 0.0310782 -0.114532 0.80396 -0.0321988 0.99945 -0.00794743 -0.0733855 0.114222 0.0115791 0.993388 0.590139
60 73 523 0.987951 0.0421282 -0.148924 0.840623 -0.0434396 0.999041 -0.00556231 -0.0878821 0.148546 0.0119645 0.988833 0.534444
60 74 485 0.980035 0.0410915 -0.19453 0.881043 -0.0415518 0.999135 0.00171548 -0.123379 0.194432 0.00640185 0.980895 0.456663
75 76 99 0.999932 0.0103009 -0.00550714 -0.542975 -0.0103197 0.999941 -0.00340321 0.202395 0.00547176 0.00345981 0.999979 -0.814993
75 77 1218 0.998821 0.0157703 -0.0459151 0.923011 -0.0156898 0.999875 0.00211305 -0.325433 0.0459427 -0.00139016 0.998943 0.205288
75 78 1190 0.997285 0.0167307 -0.0717144 0.929474 -0.0167832 0.999859 -0.000128483 -0.319022 0.0717021 0.00133173 0.997425 0.18521
75 79 934 0.999038 0.0201956 -0.038916 0.817733 -0.0208589 0.999643 -0.0167132 -0.312193 0.0385646 0.0175089 0.999103 0.483578
75 80 753 0.999083 0.0277893 -0.0325868 0.789768 -0.0285169 0.999349 -0.0220822 -0.34068 0.031952 0.0229912 0.999225 0.510102
75 81 763 0.999094 0.0268089 -0.0330615 0.784642 -0.0277917 0.999174 -0.0296343 -0.338229 0.0322397 0.0305263 0.999014 0.519555
75 82 712 0.998691 0.0220828 -0.0461426 0.795435 -0.0235246 0.999244 -0.030942 -0.358593 0.0454245 0.0319869 0.998456 0.488563
75 83 944 0.996804 0.0256841 -0.0756459 0.86145 -0.0278348 0.999234 -0.027515 -0.327684 0.0748812 0.0295326 0.996755 0.387978
75 84 823 0.996158 0.0316874 -0.0816365 0.852584 -0.0341299 0.999005 -0.0286996 -0.349891 0.0806458 0.0313756 0.996249 0.388171
75 85 761 0.994804 0.033018 -0.0963012 0.863661 -0.0361923 0.998851 -0.0314033 -0.359659 0.0951537 0.0347255 0.994857 0.353177
75 86 613 0.996538 0.0236412 -0.0797078 0.843219 -0.0270383 0.99876 -0.0418121 -0.353251 0.0786205 0.0438225 0.995941 0.405211
75 87 689 0.994635 0.0361421 -0.0969282 0.841658 -0.0403327 0.998319 -0.0416284 -0.345976 0.0952608 0.0453144 0.99442 0.414624
75 88 697 0.993614 0.0420629 -0.104696 0.860237 -0.047287 0.997731 -0.0479254 -0.3349 0.102443 0.0525701 0.993349 0.384493
75 89 563 0.993431 0.0437666 -0.105729 0.879991 -0.0493509 0.997489 -0.0507904 -0.312735 0.103241 0.0556746 0.993097 0.357509
90 91 117 0.999988 0.00493739 -0.000755987 -0.193933 -0.00493505 0.999983 0.00306634 -0.182283 0.000771114 -0.00306257 0.999995 0.963931
90 92 933 0.999401 0.0107381 -0.0329046 0.989953 -0.0106047 0.999935 0.00422455 0.0890964 0.0329479 -0.00387307 0.99945 0.109798
90 93 1086 0.998302 0.0210449 -0.0543149 0.994836 -0.0206956 0.999761 0.0069853 0.0979814 0.0544489 -0.00584936 0.998499 -0.0264742
90 94 770 0.999254 0.0223272 -0.0315013 0.982671 -0.0218497 0.999642 0.0154222 0.039354 0.0318343 -0.0147224 0.999385 0.181131
90 95 825 0.996399 0.0379436 -0.0758297 0.989518 -0.0364967 0.999126 0.020376 0.143722 0.0765366 -0.017535 0.996913 -0.0140578
90 96 695 0.99668 0.051992 -0.0626607 0.987909 -0.049945 0.99818 0.0338043 0.149583 0.0643042 -0.0305624 0.997462 -0.0407603
90 97 749 0.995066 0.0643122 -0.0755462 0.988081 -0.0611433 0.997179 0.043538 0.152003 0.0781332 -0.0387041 0.996191 -0.0243039
90 98 197 0.997946 0.0624253 -0.0143745 0.984258 -0.0613321 0.995873 0.0668928 0.170248 0.0184909 -0.0658738 0.997657 -0.0474572
90 99 474 0.995905 0.084047 -0.0333136 0.979716 -0.0808514 0.992849 0.0878248 0.186397 0.0404568 -0.0847716 0.995579 -0.0735768
90 100 614 0.992702 0.09787 -0.070461 0.970565 -0.0911919 0.991532 0.0924612 0.195824 0.0789135 -0.0853609 0.99322 0.140203
90 101 565 0.988534 0.107319 -0.106219 0.97386 -0.0977167 0.990969 0.0918237 0.226791 0.115114 -0.0803914 0.990094 0.0127543
90 102 595 0.984191 0.126293 -0.124172 0.97309 -0.113576 0.988 0.10467 0.228357 0.135901 -0.0889124 0.986725 -0.0308002
90 103 532 0.988483 0.126054 -0.0837371 0.978136 -0.115289 0.9857 0.122898 0.199347 0.0980314 -0.111828 0.98888 0.0592484
90 104 588 0.97971 0.150914 -0.131886 0.975427 -0.136063 0.983979 0.115202 0.216145 0.147159 -0.0949199 0.984548 -0.042693
105 106 238 0.999871 0.0154037 0.00457922 -0.865651 -0.0154418 0.999846 0.00839524 -0.444986 -0.0044492 -0.00846486 0.999954 0.229426
105 107 800 0.99909 0.029784 -0.0305347 0.659371 -0.0297027 0.999554 0.00311376 0.210137 0.0306138 -0.00220396 0.999529 -0.721853
105 108 752 0.998591 0.0302704 -0.0435757 0.858648 -0.0300655 0.999534 0.00534962 0.353426 0.0437173 -0.00403196 0.999036 -0.371233
105 109 670 0.998304 0.032447 -0.0483273 0.868201 -0.0320562 0.999447 0.00884144 0.365203 0.0485875 -0.00727726 0.998792 -0.335937
105 110 600 0.9996 0.02827 1.41336e-05 -0.852328 -0.0282496 0.998862 0.0384279 -0.227073 0.00107224 -0.0384129 0.999261 -0.471142
105 111 850 0.999325 0.0366963 0.00143976 -0.907538 -0.0367192 0.997742 0.0562382 -0.328077 0.000627228 -0.0562531 0.998416 -0.262184
105 112 656 0.995813 0.0340139 -0.0848443 0.934695 -0.0315713 0.999052 0.0299672 0.237494 0.0857831 -0.0271631 0.995943 -0.264465
105 113 199 0.998815 0.0356513 -0.0331319 -0.933731 -0.0343494 0.998646 0.0390671 -0.288106 0.0344798 -0.0378827 0.998687 -0.212463
105 114 607 0.995789 0.0270905 -0.0875797 0.979039 -0.0251551 0.999416 0.0231274 0.203394 0.0881551 -0.0208269 0.995889 0.0106727
105 115 591 0.994621 0.032122 -0.0984718 0.981509 -0.030201 0.999325 0.0209376 0.186435 0.0990778 -0.0178511 0.99492 -0.0433738
105 116 542 0.9957 0.0233631 -0.0896421 0.988041 -0.0215757 0.99955 0.0208571 0.152779 0.090089 -0.0188333 0.995756 0.0208289
105 117 615 0.986328 0.0264158 -0.162662 0.990763 -0.0247013 0.999616 0.0125541 0.121803 0.162931 -0.00836456 0.986602 -0.0596012
105 118 340 0.991463 0.0264118 -0.127685 0.989571 -0.0244276 0.999556 0.0170815 0.12048 0.128079 -0.0138166 0.991668 -0.07896
105 119 279 0.991107 0.020649 -0.131452 0.995961 -0.0189241 0.999718 0.014358 0.0628276 0.131711 -0.0117427 0.991219 0.0641492
120 121 30 0.999929 -0.000529632 0.0119304 -0.967023 0.00054823 0.999999 -0.00155565 0.192651 -0.0119295 0.00156208 0.999928 -0.166589
120 122 82 0.999847 -0.00157234 0.0174347 0.944631 0.00156594 0.999999 0.000380858 -0.210709 -0.0174353 -0.000353498 0.999848 0.251543
120 123 633 0.99998 -0.00289721 -0.00564532 0.96208 0.00293661 0.999971 0.00698505 -0.257775 0.00562492 -0.00700149 0.99996 0.0891824
120 124 545 0.999961 -0.00778678 -0.00411128 0.956857 0.00781394 0.999947 0.00663224 -0.253566 0.00405942 -0.00666411 0.99997 0.141876
120 125 1164 0.999797 0.00126744 -0.0201113 0.949959 -0.00104236 0.999937 0.0111984 -0.280832 0.0201242 -0.0111752 0.999735 0.136787
120 126 422 0.999979 -0.00521038 0.0039652 0.8967 0.00520812 0.999986 0.000579662 -0.307766 -0.00396817 -0.000558998 0.999992 0.318132
120 127 408 0.999977 0.00498486 -0.00452392 0.936465 -0.00500475 0.999978 -0.00439581 -0.294047 0.00450191 0.00441835 0.99998 0.191231
120 128 319 0.999969 0.00447481 -0.00649907 0.947826 -0.0044947 0.999985 -0.00304982 -0.305228 0.00648533 0.00307894 0.999974 0.0919849
120 129 316 0.999951 0.00318821 -0.00933086 0.938679 -0.00315298 0.999988 0.00378818 -0.277577 0.00934283 -0.00375857 0.999949 0.20453
120 130 716 0.999519 0.00230782 -0.0309104 0.935603 -0.00205893 0.999965 0.00808156 -0.273781 0.030928 -0.00801404 0.999489 0.222917
120 131 806 0.999187 0.00298227 -0.0401967 0.946265 -0.0027995 0.999985 0.00460252 -0.279161 0.0402098 -0.00448625 0.999181 0.163257
120 132 277 0.999685 -0.000358447 -0.0250845 0.950643 0.00030975 0.999998 -0.00194521 -0.26328 0.0250852 0.00193682 0.999683 0.164196
120 133 784 0.997471 0.00151669 -0.0710611 0.957332 -0.000546542 0.999906 0.0136698 -0.266694 0.0710752 -0.0135964 0.997378 0.111308
120 134 364 0.998365 -0.00248823 -0.0571089 0.948298 0.00295093 0.999963 0.00801927 -0.228905 0.0570869 -0.00817468 0.998336 0.219847
135 136 45 0.999965 0.00227417 -0.00802006 -0.625648 -0.00223194 0.999984 0.00527097 -0.319601 0.00803192 -0.00525288 0.999954 0.711632
135 137 193 0.999939 0.00316495 -0.0105377 -0.904321 -0.00302148 0.999903 0.0136028 -0.047179 0.0105797 -0.0135701 0.999852 -0.424237
135 138 718 0.998 0.0136599 -0.0617258 0.953079 -0.0122517 0.999657 0.0231349 0.180661 0.0620207 -0.0223323 0.997825 -0.242902
135 139 1164 0.996136 0.0203539 -0.0854272 0.959132 -0.0181715 0.99949 0.0262476 0.203576 0.0859179 -0.0245938 0.995999 -0.196525
135 140 731 0.996217 0.0221078 -0.0840389 0.946421 -0.0193078 0.999236 0.0339866 0.158982 0.0847261 -0.0322354 0.995883 -0.281089
135 141 527 0.995746 0.0272771 -0.0880072 0.925722 -0.023978 0.998977 0.0383289 0.183846 0.0889627 -0.0360556 0.995382 -0.330514
135 142 904 0.991142 0.037633 -0.127359 0.934272 -0.0319063 0.998399 0.0467111 0.139759 0.128913 -0.0422338 0.990756 -0.328029
135 143 835 0.991554 0.0397792 -0.123446 0.922807 -0.0331282 0.997911 0.0554712 0.12283 0.125394 -0.0509131 0.9908 -0.365157
135 144 545 0.990753 0.050544 -0.12591 0.950472 -0.0435166 0.99737 0.0579529 0.175801 0.128509 -0.0519378 0.990347 -0.256313
135 145 787 0.985206 0.0622626 -0.159664 0.952674 -0.0535027 0.996847 0.0585926 0.166671 0.162809 -0.0491833 0.985431 -0.254229
135 146 687 0.985639 0.07426 -0.15166 0.951034 -0.0651668 0.995815 0.0640794 0.166585 0.155784 -0.053276 0.986353 -0.260353
135 147 595 0.983625 0.0863192 -0.158211 0.961532 -0.0771287 0.995007 0.0633488 0.170505 0.162889 -0.0501088 0.985371 -0.215369
135 148 381 0.984503 0.0909928 -0.149911 0.956348 -0.0823311 0.994611 0.0630183 0.165896 0.154837 -0.0496994 0.986689 -0.240578
135 149 376 0.980992 0.0995259 -0.166583 0.913611 -0.0904977 0.994029 0.0609554 0.163636 0.171656 -0.0447213 0.984141 -0.372206
150 151 29 0.999977 -0.00241571 -0.0063817 -0.967988 0.00246434 0.999968 0.00762337 -0.150859 0.00636308 -0.00763892 0.999951 0.200599
150 152 75 0.99962 -0.00878393 -0.0261145 0.979941 0.00893024 0.999945 0.00549117 0.0633719 0.0260648 -0.0057223 0.999644 0.188943
150 153 468 0.998773 -0.00756786 -0.0489354 0.998515 0.00767148 0.999969 0.00193002 -0.00948799 0.0489193 -0.00230305 0.9988 -0.0536394
150 154 422 0.999427 -0.0066878 -0.0331822 -0.907077 0.00650556 0.999963 -0.00559706 -0.143441 0.0332184 0.00537798 0.999434 0.395772
150 155 451 0.997196 -0.0113949 -0.0739598 0.96261 0.0102658 0.999825 -0.0156293 0.00890085 0.0741249 0.0148262 0.997139 -0.270743
150 156 472 0.996206 -0.0131478 -0.0860273 0.852971 0.0116749 0.999777 -0.0176025 0.0626982 0.0862395 0.0165314 0.996137 -0.518178
150 157 452 0.993785 -0.0176705 -0.109902 0.958822 0.0158308 0.99972 -0.0175896 0.11643 0.110182 0.0157404 0.993787 -0.259045
150 158 611 0.99072 -0.014403 -0.135154 0.927941 0.0125312 0.999814 -0.0146894 0.117943 0.13534 0.0128595 0.990716 -0.353575
150 159 692 0.985927 -0.0104401 -0.166853 0.954809 0.0087198 0.999901 -0.0110397 0.106014 0.166952 0.00942942 0.98592 -0.27767
150 160 445 0.987782 -0.00568506 -0.155741 0.944037 0.00454072 0.99996 -0.00770254 0.0689303 0.155778 0.00690125 0.987768 -0.322557
150 161 409 0.986583 -0.00252204 -0.163241 0.971444 0.00119117 0.999965 -0.00825014 0.126706 0.163256 0.007945 0.986552 -0.200603
150 162 396 0.98404 0.00275361 -0.177925 0.938874 -0.00352051 0.999986 -0.00399466 0.111833 0.177911 0.00455729 0.984036 -0.32559
150 163 518 0.980501 0.00398314 -0.196472 0.943455 -0.00413493 0.999991 -0.00036239 0.103373 0.196469 0.00116772 0.980509 -0.314972
150 164 583 0.974172 0.0147138 -0.225325 0.958728 -0.0130845 0.999876 0.00872238 0.0932744 0.225426 -0.00554883 0.974244 -0.268589
165 166 36 0.999991 0.00118336 -0.0041562 -0.872789 -0.00117188 0.999995 0.00276524 -0.0115644 0.00415946 -0.00276034 0.999988 -0.48796
165 167 50 0.999799 0.0154193 -0.0128055 0.95433 -0.0152762 0.999821 0.0111967 -0.0508351 0.0129759 -0.0109988 0.999855 0.294398
165 168 715 0.998547 0.0240578 -0.0482247 0.969529 -0.0233129 0.999601 0.01595 -0.0351425 0.0485892 -0.0148025 0.998709 0.242441
165 169 650 0.998562 0.0327993 -0.0424026 0.918591 -0.0322069 0.999375 0.0145794 -0.0890894 0.0428543 -0.0131928 0.998994 0.385038
165 170 665 0.997087 0.0350741 -0.0677358 0.970016 -0.0340658 0.999292 0.0159844 -0.0895502 0.0682485 -0.0136304 0.997575 0.225944
165 171 840 0.995453 0.0396594 -0.0865998 0.990773 -0.0376461 0.998984 0.0247597 -0.0904955 0.0874938 -0.0213869 0.995935 0.100892
165 172 1013 0.992917 0.0482042 -0.108588 0.946688 -0.0448034 0.998432 0.0335442 -0.121002 0.110034 -0.0284416 0.993521 0.298565
165 173 817 0.990327 0.059771 -0.125222 0.923645 -0.0560434 0.99788 0.0330857 -0.160791 0.126934 -0.0257478 0.991577 0.347889
165 174 674 0.989532 0.0681895 -0.127189 0.919092 -0.0652173 0.997495 0.027393 -0.191151 0.128738 -0.0188114 0.9915 0.344575
165 175 695 0.986016 0.0691616 -0.151624 0.923066 -0.066717 0.997548 0.0211575 -0.16548 0.152716 -0.0107457 0.988212 0.347225
165 176 609 0.983289 0.0810931 -0.162991 0.908322 -0.0791479 0.996693 0.0184039 -0.189195 0.163945 -0.00519593 0.986456 0.373036
165 177 647 0.983369 0.0781262 -0.163956 0.935099 -0.0776152 0.996938 0.00953064 -0.190628 0.164199 0.00335337 0.986422 0.298749
165 178 277 0.985519 0.0760953 -0.151532 0.916459 -0.0758064 0.997093 0.0076911 -0.171049 0.151677 0.0039074 0.988422 0.361726
165 179 485 0.983119 0.0743505 -0.167181 0.922163 -0.0727517 0.997227 0.0156762 -0.167318 0.167882 -0.00324892 0.985802 0.348742
180 181 125 0.999889 0.00746434 -0.012927 0.977111 -0.00738984 0.999956 0.00580129 -0.212262 0.0129697 -0.00570511 0.9999 0.0141447
180 182 548 0.999849 0.00673563 -0.0160388 0.994438 -0.00661969 0.999952 0.00727088 -0.101887 0.016087 -0.0071636 0.999845 0.0267023
180 183 659 0.999673 0.0055833 -0.0249419 0.873258 -0.00533429 0.999935 0.0100392 -0.105877 0.0249964 -0.00990283 0.999638 0.475616
180 184 710 0.998798 0.00434942 -0.048828 0.951681 -0.00408519 0.999976 0.00551006 -0.0924462 0.0488508 -0.00530396 0.998792 0.292844
180 185 960 0.997829 0.0101678 -0.0650756 0.989742 -0.00996591 0.999944 0.00342594 -0.0921161 0.0651069 -0.00276996 0.997874 0.109204
180 186 535 0.998477 0.00585722 -0.0548652 0.963816 -0.00561686 0.999974 0.00453403 -0.107616 0.0548903 -0.00421895 0.998483 0.243882
180 187 503 0.997835 0.00319596 -0.0656961 0.962309 -0.00275482 0.999973 0.0068043 -0.112712 0.0657161 -0.00660858 0.997816 0.247503
180 188 453 0.998663 0.0124969 -0.0501568 0.959217 -0.0122324 0.99991 0.00557678 -0.12074 0.0502219 -0.00495578 0.998726 0.255587
180 189 428 0.996355 0.0154266 -0.083898 0.987999 -0.0144864 0.999825 0.0118039 -0.0933472 0.0840654 -0.0105455 0.996404 0.123063
180 190 494 0.994635 0.0151891 -0.102329 0.979761 -0.0131569 0.999703 0.0205055 -0.0736829 0.10261 -0.0190491 0.994539 0.186115
180 191 591 0.989432 0.0249678 -0.14283 0.9862 -0.0211695 0.999382 0.0280514 -0.102785 0.143442 -0.0247314 0.98935 0.129786
180 192 361 0.993294 0.0310799 -0.111364 0.974176 -0.0286921 0.999324 0.0229807 -0.108677 0.112003 -0.0196313 0.993514 0.197914
180 193 515 0.989999 0.0390149 -0.13557 0.981511 -0.0360325 0.999053 0.0243844 -0.125418 0.136393 -0.0192556 0.990468 0.144587
180 194 467 0.988248 0.038872 -0.147833 0.986883 -0.0357209 0.999076 0.0239123 -0.126988 0.148626 -0.0183506 0.988723 0.0996816
195 196 37 0.999956 0.00633638 -0.00685519 0.996239 -0.00632547 0.999979 0.00161165 -0.0775467 0.00686525 -0.00156822 0.999975 -0.0386478
195 197 48 0.999952 0.00873766 -0.00451171 0.977968 -0.00872843 0.99996 0.00206146 -0.0989432 0.00452954 -0.00202198 0.999988 -0.183816
195 198 597 0.999704 0.0131103 -0.0204775 0.981339 -0.0129941 0.999899 0.00579826 -0.106967 0.0205514 -0.00553046 0.999774 -0.159785
195 199 1018 0.998736 0.0303113 -0.0401038 0.988882 -0.0300012 0.999515 0.00831032 -0.117906 0.0403362 -0.00709665 0.999161 -0.0906132
195 200 376 0.999204 0.0397736 0.00294405 -0.962201 -0.0397651 0.999205 -0.00287041 0.0681066 -0.00305588 0.00275106 0.999992 0.263688
195 201 465 0.998444 0.0409715 -0.0378289 0.988173 -0.0411265 0.999148 -0.00332813 -0.0941568 0.0376604 0.00487872 0.999279 -0.121035
195 202 798 0.995884 0.0555545 -0.0716192 0.982523 -0.0559938 0.998423 -0.00413942 -0.103232 0.0712762 0.0081326 0.997423 -0.154891
195 203 795 0.995017 0.0643236 -0.076188 0.983705 -0.0651254 0.997844 -0.00808349 -0.0683707 0.0755038 0.013005 0.997061 -0.166285
195 204 432 0.995032 0.0677019 -0.0729862 0.976907 -0.0684995 0.997615 -0.00847871 -0.0495367 0.0722382 0.0134361 0.997297 -0.207843
195 205 594 0.993416 0.066254 -0.093458 0.981864 -0.0670724 0.997732 -0.00563861 -0.0495691 0.0928725 0.0118699 0.995607 -0.182993
195 206 710 0.990012 0.0687237 -0.123096 0.994635 -0.0695262 0.997578 -0.00223074 -0.0360935 0.122645 0.0107669 0.992392 -0.0969472
195 207 666 0.989902 0.0713981 -0.122459 0.997162 -0.0724442 0.997364 -0.00410615 -0.0216845 0.121843 0.0129361 0.992465 -0.0720909
195 208 588 0.990062 0.0648976 -0.124758 0.99922 -0.0663868 0.997763 -0.00781157 -0.0164653 0.123972 0.0160162 0.992156 -0.0358834
195 209 581 0.986336 0.0708594 -0.148728 0.987116 -0.0722 0.997384 -0.00362703 -0.00528605 0.148082 0.0143156 0.988872 -0.159921
210 211 73 0.999929 -0.00426825 -0.0111524 0.728671 0.00428994 0.999989 0.00192196 0.0300207 0.0111441 -0.00196967 0.999936 0.684206
210 212 1106 0.998657 -0.0103555 -0.0507556 0.996856 0.0103955 0.999946 0.000524971 0.0501339 0.0507475 -0.0010519 0.998711 0.0613586
210 213 587 0.998649 -0.010605 -0.0508718 0.952219 0.0106467 0.999943 0.000548482 -0.0454638 0.0508631 -0.00108936 0.998705 0.302015
210 214 531 0.997629 -0.0156371 -0.0670288 0.935165 0.0156076 0.999878 -0.000964044 -0.157808 0.0670356 -8.44021e-05 0.997751 0.317118
210 215 489 0.997025 -0.00902479 -0.0765461 0.981547 0.00856183 0.999943 -0.00637415 -0.135767 0.0765993 0.00569982 0.997046 0.134659
210 216 517 0.995318 -0.00858527 -0.0962696 0.979594 0.00806474 0.999951 -0.00579479 -0.118629 0.0963146 0.00499127 0.995338 0.162244
210 217 982 0.992104 -0.00519146 -0.125308 0.975533 0.00483369 0.999983 -0.00315897 -0.128589 0.125322 0.00252832 0.992113 0.178328
210 218 762 0.989203 -0.00146374 -0.146544 0.984822 0.0014127 0.999999 -0.000452359 -0.158661 0.146545 0.000240452 0.989204 0.07037
210 219 772 0.984849 0.011873 -0.173007 0.979527 -0.0116084 0.999929 0.002541 -0.151303 0.173025 -0.00049416 0.984917 0.132791
210 220 771 0.98545 0.0113685 -0.169587 0.977341 -0.0108085 0.999933 0.0042253 -0.17567 0.169624 -0.00233085 0.985506 0.118084
210 221 730 0.979293 0.0195588 -0.201503 0.974934 -0.0168507 0.999743 0.0151462 -0.200092 0.201748 -0.0114371 0.979371 0.0973013
210 222 658 0.976139 0.0247707 -0.215729 0.952615 -0.0218377 0.999634 0.0159695 -0.199624 0.216045 -0.0108774 0.976323 0.229509
210 223 563 0.967158 0.0447937 -0.2502 0.938565 -0.0414152 0.998966 0.0187544 -0.216545 0.250781 -0.00777637 0.968013 0.268709
210 224 593 0.971497 0.0473576 -0.232272 0.91501 -0.0456805 0.998877 0.0125969 -0.238345 0.232608 -0.0016276 0.972569 0.325498
225 226 330 0.999961 0.00216894 0.00857106 -0.88561 -0.00213342 0.999989 -0.00415125 0.195672 -0.00857997 0.0041328 0.999955 0.421198
225 227 604 0.999639 0.00778514 -0.0257112 0.838414 -0.0078222 0.999969 -0.00134095 -0.203205 0.0257 0.00154159 0.999669 0.505737
225 228 496 0.999613 0.0138915 -0.0240842 0.8892 -0.0139327 0.999902 -0.00154621 -0.170915 0.0240604 0.00188117 0.999709 0.424396
225 229 525 0.999307 0.014941 -0.0341028 0.953273 -0.0148033 0.999881 0.00428928 -0.13658 0.0341629 -0.00378147 0.999409 0.269473
225 230 1199 0.998123 0.00843736 -0.0606516 0.895042 -0.00809301 0.99995 0.00592104 -0.118587 0.0606985 -0.00541908 0.998141 0.429927
225 231 1330 0.996991 0.0112525 -0.076695 0.971244 -0.010899 0.999928 0.00502498 -0.121562 0.0767461 -0.00417396 0.997042 0.204713
225 232 440 0.998606 0.00486863 -0.0525519 0.934515 -0.00463948 0.999979 0.00448162 -0.122876 0.0525726 -0.00423156 0.998608 0.33404
225 233 868 0.996919 0.00696553 -0.0781258 0.937456 -0.00642835 0.999954 0.0071252 -0.0929495 0.0781718 -0.00660103 0.996918 0.335466
225 234 1172 0.992313 0.0136637 -0.122999 0.94481 -0.0124164 0.999863 0.0109016 -0.0824993 0.123131 -0.00929058 0.992347 0.317061
225 235 976 0.995034 0.00845341 -0.0991782 0.915636 -0.00715191 0.999884 0.0134711 -0.0874052 0.0992806 -0.0126948 0.994978 0.392392
225 236 835 0.99439 0.0111355 -0.105184 0.95462 -0.00946198 0.999821 0.0163963 -0.11155 0.105348 -0.0153091 0.994318 0.276147
225 237 731 0.993655 0.0170985 -0.111161 0.917085 -0.0152846 0.999736 0.0171495 -0.0983163 0.111425 -0.0153416 0.993654 0.38638
225 238 386 0.993481 0.0157791 -0.112901 0.924909 -0.0135687 0.999701 0.0203198 -0.091007 0.113188 -0.0186554 0.993398 0.369135
225 239 334 0.993026 0.0135616 -0.117113 0.903329 -0.0108867 0.999666 0.0234493 -0.100566 0.117392 -0.0220108 0.992842 0.416994
240 241 278 0.999795 0.00141949 -0.0201985 0.985335 -0.00138771 0.999998 0.00158718 -0.0484797 0.0202007 -0.00155883 0.999795 0.1636
240 242 558 0.999474 0.00757686 -0.0315379 0.995392 -0.00744328 0.999963 0.00435098 -0.0688548 0.0315697 -0.00411394 0.999493 -0.066742
240 243 1185 0.997848 0.0159914 -0.0635896 0.993469 -0.0157516 0.999867 0.0042706 -0.00623038 0.0636495 -0.00325977 0.997967 0.113933
240 244 526 0.997912 0.0150951 -0.0627967 0.99242 -0.0147604 0.999874 0.00579042 -0.0846718 0.0628762 -0.00485142 0.99801 0.0890636
240 245 1107 0.99477 0.0266498 -0.0986041 0.99418 -0.0258815 0.999624 0.00906267 -0.105475 0.0988085 -0.00646325 0.995085 0.0219507
240 246 997 0.993876 0.0289668 -0.106638 0.993742 -0.0279852 0.999551 0.0106904 -0.10857 0.106899 -0.00764061 0.99424 -0.026263
240 247 868 0.988649 0.0352078 -0.146063 0.993192 -0.033788 0.999355 0.0121911 -0.0958756 0.146398 -0.00711751 0.9892 0.0661627
240 248 751 0.99205 0.0372332 -0.120208 0.988777 -0.0362236 0.999288 0.0105739 -0.100021 0.120516 -0.0061355 0.992692 0.110975
240 249 829 0.984546 0.0524787 -0.167077 0.979387 -0.0508661 0.998608 0.0139192 -0.116825 0.167575 -0.00520554 0.985846 0.164779
240 250 294 0.993176 0.0528042 -0.103987 0.970406 -0.0530502 0.998592 0.000399822 -0.140524 0.103862 0.00511946 0.994579 0.196382
240 251 461 0.987952 0.0579013 -0.143519 0.979858 -0.0593886 0.998216 -0.00609684 -0.138633 0.14291 0.0145468 0.989629 0.143733
240 252 506 0.986593 0.0660999 -0.149217 0.984182 -0.0689377 0.997524 -0.0139206 -0.138811 0.147927 0.0240206 0.988707 0.11008
240 253 517 0.980703 0.0763671 -0.179973 0.981837 -0.0789275 0.996855 -0.00709778 -0.15218 0.178865 0.0211656 0.983646 0.113305
240 254 581 0.982914 0.080227 -0.165664 0.985836 -0.083315 0.996454 -0.0117649 -0.134999 0.164133 0.0253662 0.986112 0.0995157
255 256 311 0.999864 0.00492052 -0.0157181 0.923404 -0.00489686 0.999987 0.00154296 0.284249 0.0157254 -0.00146579 0.999875 -0.257928
255 257 77 0.999971 0.00120929 -0.00755135 -0.672708 -0.00108487 0.999864 0.0164578 -0.0128853 0.00757023 -0.0164491 0.999836 -0.739796
255 258 579 0.999328 0.00517188 -0.0362758 0.928796 -0.00454144 0.999838 0.0174399 0.102993 0.0363601 -0.0172635 0.99919 0.355993
255 259 538 0.998833 0.00879075 -0.0474901 0.967286 -0.00787043 0.999778 0.0195315 0.148662 0.0476513 -0.019135 0.998681 0.205567
255 260 554 0.998091 0.0107041 -0.0608241 0.937415 -0.00911468 0.999611 0.0263498 0.147106 0.0610825 -0.0257451 0.997801 0.315615
255 261 528 0.997169 0.00379808 -0.0750958 0.888802 -0.00130844 0.999449 0.0331743 0.0308804 0.0751804 -0.0329821 0.996624 0.45725
255 262 834 0.994759 0.00870512 -0.10188 0.923217 -0.00633092 0.999701 0.0236039 0.0628089 0.102055 -0.0228352 0.994517 0.379111
255 263 480 0.995626 0.0111775 -0.0927563 0.896063 -0.00890699 0.999651 0.0248562 0.0245973 0.0930018 -0.0239213 0.995379 0.443244
255 264 482 0.993525 0.0159336 -0.112495 0.869945 -0.0133494 0.99963 0.0236881 -0.000108292 0.112831 -0.022033 0.99337 0.493148
255 265 447 0.992123 0.00972032 -0.124888 0.92619 -0.00736096 0.999786 0.0193394 -0.0315211 0.125049 -0.0182678 0.991982 0.375738
255 266 551 0.990236 0.0152417 -0.138563 0.890303 -0.0127979 0.999747 0.0185108 -0.0499472 0.13881 -0.0165568 0.990181 0.452621
255 267 542 0.986212 0.0313001 -0.162499 0.913584 -0.0282888 0.999383 0.0208123 -0.0788286 0.163051 -0.0159284 0.986489 0.398937
255 268 422 0.988943 0.0266003 -0.145889 0.837272 -0.0241236 0.999534 0.0187193 -0.0976863 0.146319 -0.014993 0.989124 0.53799
255 269 403 0.988245 0.0246432 -0.150878 0.876488 -0.0219221 0.999566 0.019672 -0.11625 0.151297 -0.0161332 0.988357 0.467177
270 271 568 0.99961 0.00811977 -0.0267351 0.795338 -0.00792895 0.999942 0.00723576 -0.27399 0.0267923 -0.00702095 0.999616 0.54071
270 272 799 0.998753 0.0143458 -0.0478189 0.881698 -0.0138548 0.999848 0.0105834 -0.369791 0.0479635 -0.00990769 0.9988 0.293025
270 273 439 0.999541 0.0154724 -0.0260617 0.744721 -0.0155199 0.999878 -0.00162176 -0.33093 0.0260334 0.00202549 0.999659 0.579548
270 274 591 0.998243 0.033075 -0.0491716 0.884911 -0.0330075 0.999453 0.00218369 -0.293679 0.0492169 -0.000556825 0.998788 0.361505
270 275 446 0.998674 0.0292389 -0.0423758 0.847474 -0.02915 0.999571 0.0027147 -0.291696 0.042437 -0.00147585 0.999098 0.44351
270 276 466 0.998325 0.0298773 -0.0495425 0.84744 -0.0298188 0.999553 0.00192009 -0.298579 0.0495777 -0.000439577 0.99877 0.438971
270 277 410 0.998885 0.0245257 -0.0403308 0.77581 -0.024581 0.999697 -0.000876206 -0.263665 0.0402971 0.0018666 0.999186 0.573236
270 278 638 0.997063 0.0314244 -0.0698485 0.832571 -0.031243 0.999505 0.0036888 -0.249816 0.0699298 -0.00149569 0.997551 0.494386
270 279 633 0.996736 0.0298723 -0.074995 0.830833 -0.0300298 0.999549 -0.000974139 -0.232666 0.0749321 0.00322305 0.997183 0.505552
270 280 594 0.996589 0.0319136 -0.0761034 0.874625 -0.0319605 0.999489 0.00060246 -0.22359 0.0760837 0.0018319 0.9971 0.43016
270 281 653 0.995647 0.0366485 -0.0856924 0.869162 -0.0362643 0.999324 0.00603668 -0.206911 0.0858557 -0.00290283 0.996303 0.449161
270 282 589 0.995688 0.0307131 -0.0875327 0.8847 -0.030011 0.999506 0.00932655 -0.234238 0.0877759 -0.0066594 0.996118 0.403037
270 283 555 0.994918 0.0289904 -0.0964247 0.850918 -0.02815 0.999553 0.0100649 -0.202814 0.0966734 -0.00729944 0.995289 0.484568
270 284 512 0.994533 0.0303395 -0.0999135 0.851835 -0.0294872 0.999515 0.00999646 -0.212439 0.100168 -0.00699565 0.994946 0.478797
285 286 91 0.999898 0.00136559 -0.0142414 0.907162 -0.00133402 0.999997 0.00222571 -0.0216725 0.0142444 -0.00220648 0.999896 -0.420223
285 287 631 0.999749 0.00588818 -0.0215984 0.996977 -0.00577611 0.99997 0.00524775 -0.0694876 0.0216286 -0.00512168 0.999753 -0.0347573
285 288 74 0.999929 0.000472212 -0.0119476 0.989372 -0.00041659 0.999989 0.00465754 -0.139713 0.0119497 -0.00465223 0.999918 0.0402978
285 289 189 0.999917 0.00230018 -0.0126899 0.983328 -0.00228757 0.999997 0.00100841 -0.104193 0.0126922 -0.000979295 0.999919 -0.149031
285 290 1177 0.997393 0.0192262 -0.0695568 0.990913 -0.0187123 0.999793 0.0080325 -0.133213 0.0696968 -0.00670999 0.997546 0.0185788
285 291 534 0.999607 0.0128828 -0.0249139 0.991378 -0.0128746 0.999917 0.000491619 -0.091973 0.0249181 -0.000170671 0.999689 -0.0933357
285 292 540 0.998879 0.0206634 -0.0425817 0.992267 -0.0204896 0.99978 0.00451403 -0.114069 0.0426656 -0.00363649 0.999083 -0.0489299
285 293 520 0.998557 0.0265768 -0.0466574 0.977745 -0.0261339 0.999608 0.0100767 -0.119641 0.0469069 -0.00884283 0.99886 -0.17234
285 294 325 0.99943 0.0279462 -0.0189619 0.995326 -0.0278771 0.999604 0.00389775 -0.0919512 0.0190633 -0.00336692 0.999813 0.0295117
285 295 805 0.998299 0.0502253 -0.0296136 0.947986 -0.0500763 0.998729 0.00575225 -0.0823536 0.0298648 -0.00425953 0.999545 -0.307473
285 296 636 0.997356 0.0654967 -0.0314764 0.949545 -0.0650535 0.99777 0.0149048 -0.0437596 0.0323824 -0.0128178 0.999393 -0.310562
285 297 320 0.997603 0.0690702 -0.00419149 0.979654 -0.0689571 0.997358 0.022865 -0.0557844 0.00575971 -0.0225211 0.99973 -0.192785
285 298 960 0.99469 0.0943444 -0.0411266 0.990059 -0.0930618 0.995144 0.0320628 -0.0828978 0.0439519 -0.0280652 0.998639 -0.113631
285 299 414 0.995281 0.0969622 -0.00374097 0.989929 -0.096809 0.994857 0.0297806 -0.103617 0.00660932 -0.0292779 0.999549 -0.0964573
300 301 70 0.999966 0.00744889 0.00360952 0.375364 -0.00744243 0.999971 -0.00179805 -0.110586 -0.00362281 0.00177112 0.999992 -0.920257
300 302 99 0.999898 0.0125371 0.00689758 0.487331 -0.0125104 0.999914 -0.00390907 -0.0883858 -0.006946 0.00382238 0.999969 0.868732
300 303 44 0.999873 0.0155685 -0.00346975 0.908739 -0.0155858 0.999866 -0.00500138 -0.0698129 0.00339142 0.00505483 0.999981 -0.411485
300 304 127 0.999912 0.0117079 0.00616446 -0.976874 -0.0116385 0.99987 -0.0111757 0.207685 -0.0062945 0.0111029 0.999919 0.0508373
300 305 348 0.999833 0.0182458 0.000442654 0.779236 -0.0182339 0.99965 -0.0191702 -0.0954115 -0.000792275 0.019159 0.999816 -0.619426
300 306 272 0.999785 0.0206072 -0.00216165 0.929477 -0.0206566 0.999447 -0.0260459 -0.155741 0.00162373 0.026085 0.999658 -0.33439
300 307 376 0.999865 0.011629 -0.0116257 0.954008 -0.0119764 0.99947 -0.0302676 -0.172866 0.0112676 0.0304027 0.999474 -0.24492
300 308 485 0.999496 0.0117144 -0.0295194 0.98375 -0.0125621 0.999509 -0.0286978 -0.102879 0.0291687 0.0290542 0.999152 -0.147143
300 309 396 0.99984 0.00471966 -0.017267 -0.952151 -0.00526912 0.999477 -0.0319156 0.0874762 0.0171073 0.0320014 0.999341 0.292842
300 310 467 0.99914 0.000407299 -0.0414711 0.874235 -0.00172527 0.999494 -0.0317497 -0.0766342 0.0414372 0.0317939 0.998635 -0.479416
300 311 446 0.997941 -0.00120541 -0.0641327 0.964375 -0.000553762 0.999624 -0.0274054 -0.0882614 0.0641416 0.0273845 0.997565 -0.249381
300 312 430 0.997451 -0.00240039 -0.0713111 0.981828 0.000444909 0.999624 -0.027425 -0.127473 0.0713501 0.0273234 0.997077 -0.140587
300 313 407 0.998513 -0.0124542 -0.0530774 -0.98657 0.0103926 0.999187 -0.0389414 0.135971 0.0535192 0.0383318 0.997831 0.0905078
300 314 440 0.99494 -0.00400381 -0.100392 0.975056 0.000256125 0.999303 -0.0373158 -0.0852036 0.100471 0.0371013 0.994248 -0.204952
315 316 566 0.999928 -0.0053989 0.0106723 -0.929781 0.00541782 0.999984 -0.00174538 -0.0452254 -0.0106627 0.00180308 0.999942 0.365324
315 317 1252 0.999341 -0.0144015 0.0333328 -0.991061 0.0148329 0.999809 -0.0127321 0.059078 -0.033143 0.0132181 0.999363 0.119612
315 318 53 0.999878 -0.00318949 -0.0152642 0.843289 0.00297955 0.999901 -0.0137566 -0.0258981 0.0153066 0.0137094 0.999789 -0.536836
315 319 63 0.999778 -0.00314635 -0.0208453 0.985277 0.00286898 0.999907 -0.0133225 -0.110591 0.0208852 0.0132597 0.999694 -0.13038
315 320 213 0.999621 -0.00923301 -0.0259278 -0.877746 0.00877976 0.999808 -0.0175411 0.0322511 0.0260848 0.0173068 0.99951 0.478039
315 321 635 0.999943 -0.0106114 0.000898531 -0.894142 0.0106284 0.999709 -0.021663 0.179837 -0.000668394 0.0216713 0.999765 -0.410083
315 322 589 0.998296 -0.0106158 -0.0573791 0.960784 0.00981528 0.999851 -0.0142157 -0.150893 0.0575215 0.0136283 0.998251 -0.232647
315 323 619 0.998158 -0.00820603 -0.0601023 0.946947 0.00713437 0.999812 -0.0180236 -0.0940903 0.0602389 0.0175616 0.998029 -0.307307
315 324 590 0.997255 -0.00780328 -0.073631 0.975635 0.00656068 0.999832 -0.017103 -0.100616 0.0737521 0.0165729 0.997139 -0.194968
315 325 604 0.996556 -0.00663852 -0.0826569 0.972711 0.00520789 0.999833 -0.0175117 -0.0551161 0.0827594 0.0170209 0.996424 -0.225377
315 326 553 0.996949 -0.0128881 -0.0769833 0.943206 0.0117133 0.999808 -0.0156924 -0.0546953 0.0771708 0.0147427 0.996909 -0.327675
315 327 839 0.994527 0.00654922 -0.104271 0.987106 -0.00798752 0.999879 -0.0133822 -0.0529267 0.104171 0.0141419 0.994459 -0.151064
315 328 556 0.994794 0.00574358 -0.101745 0.976612 -0.00724319 0.99987 -0.0143755 -0.0672664 0.101649 0.0150376 0.994707 -0.204216
