0 1 613 0.999781 0.00775926 -0.0194515 0.853076 -0.00785015 0.999959 -0.00460075 0.376458 0.019415 0.00475244 0.9998 -0.361305
0 2 1259 0.999593 0.0146051 -0.024524 0.76065 -0.014681 0.999888 -0.00291973 0.302234 0.0244786 0.00327858 0.999695 -0.574515
0 3 1289 0.998907 0.0203126 -0.0420904 0.818013 -0.0204806 0.999784 -0.00356453 0.298693 0.0420089 0.00442268 0.999107 -0.491567
0 4 1400 0.997597 0.0206586 -0.0661315 0.879432 -0.0206565 0.999786 0.000715814 0.2383 0.0661321 0.000651947 0.997811 -0.412083
0 5 1494 0.996367 0.0213248 -0.0824552 0.898136 -0.0211675 0.999772 0.00278168 0.219325 0.0824957 -0.0010262 0.996591 -0.381114
0 6 1435 0.995629 0.0271503 -0.0893654 0.887782 -0.0270459 0.999631 0.00237966 0.227786 0.0893971 4.77027e-05 0.995996 -0.399945
0 7 1142 0.995441 0.0329544 -0.089508 0.847903 -0.0324231 0.999447 0.00738306 0.227394 0.0897018 -0.00444727 0.995959 -0.478907
0 8 1350 0.991713 0.0325074 -0.124292 0.89308 -0.0316921 0.999461 0.00853185 0.217816 0.124502 -0.00452209 0.992209 -0.393654
0 9 1142 0.991145 0.031403 -0.129019 0.8846 -0.0300571 0.999472 0.0123664 0.212105 0.12934 -0.00837896 0.991565 -0.415324
0 10 1177 0.98953 0.0383776 -0.139134 0.89187 -0.0369585 0.999235 0.0127698 0.226823 0.139517 -0.0074939 0.990191 -0.391304
0 11 1007 0.988221 0.050252 -0.144549 0.881197 -0.0494577 0.998735 0.00908602 0.239544 0.144823 -0.00182994 0.989456 -0.407566
0 12 1092 0.982412 0.0500226 -0.179902 0.905764 -0.0493825 0.998748 0.008038 0.207449 0.180078 0.000987356 0.983652 -0.369536
0 13 1055 0.979391 0.063734 -0.191655 0.898346 -0.0630661 0.997963 0.00958929 0.211513 0.191875 0.00269524 0.981416 -0.385016
0 14 984 0.972666 0.0663548 -0.222524 0.929118 -0.0651223 0.997794 0.01288 0.197952 0.222888 0.00196334 0.974842 -0.312338
15 16 1450 0.999798 -0.00186893 -0.0200287 0.877748 0.00173348 0.999976 -0.00677806 0.11435 0.0200408 0.00674197 0.999776 -0.465277
15 17 1331 0.999609 0.0035992 -0.0277337 0.75714 -0.00405731 0.999856 -0.0164796 0.378629 0.0276704 0.0165857 0.999479 -0.532334
15 18 1518 0.998115 0.00500844 -0.0611699 0.875877 -0.00591757 0.999875 -0.0146902 0.306989 0.0610886 0.0150245 0.998019 -0.372287
15 19 1408 0.999206 0.00631303 -0.0393506 0.81864 -0.00624001 0.999979 0.00197811 0.190162 0.0393623 -0.00173099 0.999224 -0.54191
15 20 1361 0.998083 0.00583323 -0.061606 0.847211 -0.00502788 0.9999 0.0132195 0.0662767 0.061677 -0.0128844 0.998013 -0.527106
15 21 1377 0.99349 0.00345817 -0.113866 0.91889 -0.00431211 0.999964 -0.00725408 0.227203 0.113837 0.00769786 0.99347 -0.322522
15 22 1302 0.996174 0.0115939 -0.0866246 0.880061 -0.0119657 0.999921 -0.00377503 0.242061 0.086574 0.00479712 0.996234 -0.408532
15 23 1206 0.992781 0.0233187 -0.117654 0.904675 -0.0250353 0.9996 -0.013134 0.22912 0.117301 0.0159847 0.992968 -0.359259
15 24 1197 0.987811 0.0246399 -0.153693 0.935184 -0.0257701 0.999653 -0.00536573 0.131881 0.153507 0.00926101 0.988104 -0.328693
15 25 1126 0.978487 0.0284353 -0.204339 0.953956 -0.0347287 0.999024 -0.0272782 0.174078 0.203364 0.0337878 0.97852 -0.244265
15 26 1059 0.986937 0.0393776 -0.156223 0.920202 -0.0410492 0.999129 -0.00748711 0.080944 0.155792 0.0138021 0.987693 -0.382984
15 27 962 0.97556 0.0424826 -0.215588 0.961693 -0.0516892 0.997968 -0.0372452 0.149771 0.213567 0.0474785 0.975774 -0.229598
15 28 973 0.943228 0.0339114 -0.330409 0.984162 -0.0582038 0.996257 -0.0639059 0.15744 0.327005 0.0795089 0.941672 -0.0814684
15 29 929 0.962578 0.0472289 -0.266857 0.973397 -0.0629874 0.996721 -0.0508001 0.115956 0.263583 0.0657077 0.962396 -0.197617
30 31 236 0.999994 0.00330209 0.000478556 0.293135 -0.00330509 0.999974 0.00641964 -0.144433 -0.000457345 -0.00642118 0.999979 -0.945098
30 32 1532 0.998139 -0.0020504 -0.0609465 0.99561 0.00282307 0.999917 0.0125943 -0.0220112 0.0609156 -0.012743 0.998062 0.0909766
30 33 1308 0.998983 0.00708157 -0.0445326 0.98081 -0.00654099 0.999903 0.0122729 -0.0697367 0.0446152 -0.0119691 0.998933 0.182068
30 34 1137 0.997339 0.0267049 -0.0678401 0.992794 -0.0262698 0.999628 0.00729741 0.0197601 0.0680098 -0.00549585 0.99767 0.118196
30 35 827 0.993161 0.0466778 -0.107015 0.98705 -0.0461868 0.998908 0.00706337 0.0616394 0.107227 -0.00207241 0.994232 0.1481
30 36 800 0.99203 0.0556815 -0.113034 0.995971 -0.0538577 0.998365 0.0191276 0.049397 0.113915 -0.0128874 0.993407 0.0748444
30 37 879 0.995069 0.06254 -0.0769867 0.985382 -0.060156 0.997646 0.0329068 0.0557505 0.0788635 -0.0281134 0.996489 0.160981
30 38 1030 0.989133 0.0663184 -0.131214 0.985382 -0.0620655 0.997414 0.0362454 0.0520427 0.133279 -0.0277076 0.990691 0.162216
30 39 993 0.993783 0.0607601 -0.0932909 0.973191 -0.0578155 0.99775 0.0339514 0.0860005 0.0951439 -0.0283467 0.99506 0.213316
30 40 834 0.992575 0.0607802 -0.105358 0.97791 -0.0567017 0.997537 0.0412866 0.033883 0.107608 -0.0350061 0.993577 0.206263
30 41 872 0.989581 0.0714405 -0.125004 0.978083 -0.0663667 0.996811 0.0442983 0.00122058 0.12777 -0.0355406 0.991167 0.208213
30 42 883 0.982994 0.0663552 -0.171232 0.979089 -0.0635455 0.99774 0.0218441 0.0567417 0.172294 -0.0105916 0.984989 0.195357
30 43 817 0.976088 0.0709771 -0.205461 0.984027 -0.0667659 0.997393 0.0273662 0.0215315 0.206868 -0.012994 0.978283 0.176711
30 44 744 0.982735 0.0731996 -0.169926 0.983815 -0.0695924 0.997207 0.0270964 0.0211266 0.171434 -0.014803 0.985084 0.177936
45 46 69 0.999981 0.000992893 -0.00600784 -0.378879 -0.000981971 0.999998 0.00182053 -0.28217 0.00600963 -0.0018146 0.99998 0.88138
45 47 1461 0.998377 0.0124868 -0.0555675 0.957276 -0.0129547 0.999884 -0.00806683 0.281264 0.0554603 0.00877359 0.998422 -0.0671728
45 48 1370 0.998856 0.0192123 -0.0437975 0.996899 -0.0190656 0.999811 0.00376492 0.0638923 0.0438616 -0.00292558 0.999033 -0.0459355
45 49 1398 0.996153 0.0205677 -0.0851774 0.985045 -0.0197076 0.999746 0.0109274 -0.0487852 0.0853805 -0.00920678 0.996306 -0.165244
45 50 1308 0.995244 0.0364709 -0.090324 0.978876 -0.0344038 0.999112 0.0243378 -0.0956538 0.0911314 -0.0211146 0.995615 -0.180699
45 51 1154 0.995816 0.0392778 -0.0825106 0.970131 -0.0377361 0.999084 0.0201627 0.0422688 0.083227 -0.0169647 0.996386 -0.238873
45 52 966 0.989731 0.0400118 -0.137228 0.984013 -0.0382296 0.999147 0.0155992 0.114196 0.137735 -0.0101928 0.990417 -0.136667
45 53 903 0.994414 0.0657753 -0.0825548 0.971151 -0.0614576 0.996659 0.0537971 -0.0309033 0.0858175 -0.0484229 0.995133 -0.236455
45 54 907 0.987846 0.0729903 -0.137233 0.996757 -0.0648819 0.995924 0.0626632 -0.00690748 0.141247 -0.0529976 0.988555 -0.0801742
45 55 570 0.976472 0.0999092 -0.191106 0.980881 -0.0814815 0.991443 0.101985 -0.183789 0.19966 -0.0840137 0.976257 0.0639843
45 56 786 0.979864 0.12247 -0.157694 0.999135 -0.114994 0.991802 0.0557264 -0.0342865 0.163226 -0.0364706 0.985914 0.0235353
45 57 898 0.97993 0.124436 -0.155735 0.996578 -0.121782 0.992203 0.0265069 0.0810995 0.157819 -0.00700927 0.987443 0.0159945
45 58 785 0.97746 0.148691 -0.149874 0.999746 -0.143167 0.988579 0.0470543 0.0201006 0.155159 -0.0245366 0.987585 0.0101605
45 59 632 0.972152 0.132399 -0.193367 0.995087 -0.124959 0.990889 0.0502335 0.0486166 0.198257 -0.0246715 0.97984 0.0862437
60 61 404 0.999926 0.0121546 -0.00039979 0.554711 -0.012153 0.999919 0.00372805 -0.0993891 0.000445071 -0.00372291 0.999993 0.826086
60 62 1089 0.999531 0.0215636 -0.0217352 0.838977 -0.0216868 0.99975 -0.00544616 0.099424 0.0216123 0.00591497 0.999749 0.535007
60 63 969 0.999222 0.0239044 -0.0313654 0.917706 -0.0241992 0.999666 -0.00905181 0.137516 0.0311385 0.00980378 0.999467 0.372701
60 64 862 0.998631 0.0339324 -0.0398079 0.906404 -0.0342352 0.99939 -0.00695037 0.0984002 0.0395478 0.00830369 0.999183 0.410791
60 65 854 0.998323 0.0308408 -0.0489942 0.856299 -0.0312123 0.999489 -0.00683564 0.0610546 0.0487584 0.00835339 0.998776 0.512858
60 66 905 0.997144 0.0237028 -0.0717033 0.882282 -0.0246096 0.999628 -0.0117895 0.0431838 0.0713972 0.0135204 0.997356 0.468737
60 67 818 0.997479 0.0168008 -0.0689432 0.845074 -0.0177459 0.999756 -0.0131184 0.0158995 0.068706 0.0143088 0.997534 0.534413
60 68 874 0.995185 0.0222922 -0.0954493 0.892124 -0.0240173 0.999568 -0.0169628 0.0173424 0.0950299 0.0191736 0.99529 0.451457
60 69 783 0.996028 0.025757 -0.0852309 0.830108 -0.0266267 0.999604 -0.00908227 -0.064216 0.0849632 0.0113156 0.99632 0.553893
60 70 843 0.992201 0.0240597 -0.122305 0.896464 -0.026128 0.999541 -0.0153347 -0.0103453 0.12188 0.0184107 0.992374 0.442995
60 71 708 0.994093 0.034281 -0.102975 0.844138 -0.0353145 0.999342 -0.00822888 -0.0597198 0.102625 0.0118168 0.99465 0.532789
60 72 781 0.990428 0.0313292 -0.134428 0.859661 -0.0322676 0.999468 -0.00480765 -0.0816406 0.134206 0.0090993 0.990912 0.504299
60 73 762 0.987777 0.0403234 -0.150568 0.84902 -0.0414027 0.999134 -0.00403928 -0.102359 0.150274 0.0102238 0.988591 0.51835
60 74 679 0.990392 0.0363487 -0.133423 0.795995 -0.0373618 0.999289 -0.00509659 -0.122559 0.133143 0.0100326 0.991046 0.592766
75 76 46 0.99994 0.007927 -0.007626 0.66234 -0.00794952 0.999964 -0.00292677 -0.295877 0.00760252 0.00298722 0.999967 0.688305
75 77 937 0.999612 0.0146567 -0.0236855 0.790911 -0.0147457 0.999885 -0.00358609 -0.353569 0.0236302 0.00393395 0.999713 0.499448
75 78 905 0.999744 0.0138536 -0.0178849 0.746294 -0.014182 0.999731 -0.0183655 -0.288233 0.0176257 0.0186144 0.999671 0.599972
75 79 1015 0.999252 0.0202227 -0.0329474 0.83757 -0.0208063 0.999631 -0.0174657 -0.332158 0.032582 0.0181382 0.999304 0.43376
75 80 925 0.998756 0.0278343 -0.0413811 0.848181 -0.0286557 0.999401 -0.0193893 -0.351676 0.0408166 0.020551 0.998955 0.396123
75 81 900 0.998565 0.0269054 -0.0463033 0.818581 -0.0280513 0.999312 -0.0242772 -0.348917 0.0456182 0.0255412 0.998632 0.456269
75 82 970 0.998033 0.0272964 -0.0564406 0.846835 -0.0288417 0.999226 -0.0267487 -0.358617 0.0556668 0.0283239 0.998048 0.392765
75 83 893 0.998242 0.0204286 -0.0556375 0.824224 -0.0222356 0.999239 -0.0320547 -0.351696 0.0549404 0.0332355 0.997936 0.443807
75 84 827 0.997168 0.0298469 -0.0690343 0.831465 -0.0322256 0.998916 -0.0336029 -0.345222 0.0679565 0.0357324 0.997048 0.435302
75 85 767 0.996826 0.0292543 -0.0740478 0.843902 -0.0323063 0.998663 -0.0403607 -0.358056 0.072768 0.0426247 0.996438 0.399531
75 86 1034 0.99566 0.0332536 -0.0869272 0.866384 -0.036869 0.998506 -0.0403215 -0.345771 0.0854565 0.0433514 0.995398 0.360308
75 87 866 0.995425 0.0327264 -0.08977 0.843855 -0.0368832 0.998304 -0.0450436 -0.336477 0.0881436 0.0481485 0.994943 0.417963
75 88 951 0.993462 0.0423792 -0.106007 0.844823 -0.0476734 0.997713 -0.0479158 -0.332429 0.103734 0.0526562 0.99321 0.419244
75 89 784 0.993586 0.0421246 -0.10494 0.883286 -0.0477942 0.997497 -0.0521106 -0.303889 0.102482 0.0567919 0.993112 0.357011
90 91 81 0.999844 0.00940426 -0.014961 0.960454 -0.0094037 0.999956 0.000108006 0.258656 0.0149613 3.26989e-05 0.999888 0.103076
90 92 1219 0.998962 0.0165192 -0.0424566 0.982455 -0.0165011 0.999864 0.000776446 0.154435 0.0424636 -7.50581e-05 0.999098 0.104557
90 93 128 0.999797 0.017255 -0.0104435 0.841175 -0.0171295 0.999781 0.0119912 -0.0178471 0.0106481 -0.0118098 0.999874 0.540469
90 94 1094 0.997345 0.0250985 -0.0683591 0.991038 -0.024578 0.999662 0.00844504 0.133563 0.0685479 -0.00674249 0.997625 -0.00195895
90 95 802 0.997858 0.0302678 -0.0579923 0.987442 -0.0291537 0.999376 0.0199622 0.154321 0.0585603 -0.0182288 0.998117 0.033823
90 96 935 0.995857 0.0487092 -0.076781 0.998369 -0.0459027 0.998227 0.0379041 0.05705 0.0784911 -0.0342226 0.996327 -0.00228084
90 97 793 0.996149 0.0614227 -0.0625624 0.982191 -0.0587374 0.997308 0.0438948 0.181545 0.0650901 -0.040051 0.997075 -0.0483993
90 98 514 0.995237 0.0786284 -0.0576269 0.939315 -0.0751587 0.995359 0.0600897 0.193785 0.0620843 -0.0554723 0.996528 -0.28308
90 99 737 0.983738 0.0894628 -0.155743 0.993411 -0.0770689 0.99349 0.0838871 0.0646173 0.162234 -0.0705201 0.984229 -0.0946582
90 100 793 0.988686 0.10081 -0.111075 0.983638 -0.0913406 0.991987 0.0872834 0.177519 0.118984 -0.0761502 0.989972 -0.0307206
90 101 704 0.988577 0.110307 -0.102701 0.971633 -0.100646 0.990383 0.0949348 0.206907 0.112186 -0.0835138 0.990172 -0.114537
90 102 680 0.983855 0.121756 -0.131165 0.971305 -0.109076 0.989002 0.0998915 0.235447 0.141885 -0.0839718 0.986315 -0.03364
90 103 684 0.987498 0.137011 -0.0779494 0.966647 -0.127132 0.984593 0.120056 0.255845 0.0931975 -0.108646 0.989702 -0.0116848
90 104 707 0.980839 0.15545 -0.117431 0.975841 -0.141514 0.982764 0.118949 0.216392 0.133897 -0.100052 0.985932 -0.0301402
105 106 62 0.999788 0.0178645 -0.0102425 0.5791 -0.0178512 0.99984 0.00138662 0.353302 0.0102656 -0.00120348 0.999947 -0.734725
105 107 393 0.99971 0.0238521 0.00341232 -0.937123 -0.0238958 0.999624 0.0134135 -0.26541 -0.0030911 -0.0134912 0.999904 -0.226625
105 108 1087 0.999503 0.030238 0.00888897 -0.93028 -0.030447 0.999238 0.0244077 -0.331586 -0.00814416 -0.0246662 0.999663 -0.156942
105 109 780 0.998073 0.0292078 -0.0547442 0.873351 -0.0288008 0.999551 0.00820801 0.309314 0.0549594 -0.00661551 0.998467 -0.376275
105 110 575 0.997238 0.029677 -0.0680901 0.833225 -0.0284342 0.999412 0.0191497 0.273146 0.0686184 -0.0171607 0.997495 -0.480757
105 111 763 0.995585 0.0337019 -0.0876032 0.930753 -0.031456 0.999143 0.0268931 0.302552 0.0884345 -0.0240187 0.995792 -0.205334
105 112 723 0.997834 0.0302323 -0.058426 0.953949 -0.0281369 0.998943 0.0363588 0.261843 0.0594634 -0.0346361 0.997629 -0.146356
105 113 765 0.993594 0.0251718 -0.110174 0.984736 -0.0224686 0.999417 0.0257093 0.173298 0.110756 -0.0230691 0.99358 0.0162021
105 114 738 0.994279 0.0364397 -0.100408 0.973169 -0.0345043 0.999185 0.0209464 0.220669 0.101089 -0.017362 0.994726 -0.0651672
105 115 701 0.992632 0.0310481 -0.11712 0.980363 -0.0291889 0.99942 0.0175569 0.196372 0.117597 -0.014009 0.992963 0.018063
105 116 690 0.991671 0.0286719 -0.125568 0.975646 -0.026976 0.999521 0.0151861 0.134038 0.125944 -0.0116723 0.991969 -0.173636
105 117 750 0.987316 0.0300959 -0.155886 0.988141 -0.0286274 0.999522 0.0116573 0.1322 0.156162 -0.00704679 0.987706 -0.0781031
105 118 546 0.995765 0.0265324 -0.0880183 0.990303 -0.0248617 0.99949 0.0200244 0.133907 0.0885048 -0.0177514 0.995918 -0.036993
105 119 431 0.988258 0.0205589 -0.151404 0.996478 -0.018701 0.999731 0.013685 0.0653047 0.151645 -0.0106929 0.988377 0.052602
120 121 57 0.999998 -0.000217514 0.00186785 0.941056 0.000216376 1 0.000609598 -0.0961257 -0.00186798 -0.000609192 0.999998 -0.324304
120 122 1176 0.999948 0.000562402 -0.0102155 0.938364 -0.000466859 0.999956 0.00935276 -0.285746 0.0102203 -0.0093475 0.999904 -0.194478
120 123 421 0.999668 -0.00639465 0.0249788 -0.881968 0.00642532 0.999979 -0.00114812 0.317813 -0.0249709 0.00130823 0.999687 -0.348034
120 124 571 0.999881 -0.0102708 0.0114907 0.94919 0.0102385 0.999943 0.00286874 -0.285803 -0.0115196 -0.00275075 0.99993 0.131736
120 125 577 0.999985 -0.00478363 -0.00278486 0.936685 0.00480153 0.999968 0.00645785 -0.276183 0.00275388 -0.00647113 0.999975 0.215276
120 126 1167 0.999907 0.00128281 -0.0135575 0.930697 -0.00120699 0.999984 0.00559896 -0.316546 0.0135645 -0.00558207 0.999892 0.183306
120 127 1006 0.999881 0.00586349 -0.014293 0.939458 -0.00587457 0.999982 -0.00073334 -0.31107 0.0142884 0.000817217 0.999898 0.143719
120 128 457 0.999963 0.00836994 -0.00186055 0.949335 -0.00837604 0.999959 -0.00329491 -0.30199 0.00183289 0.00331037 0.999993 0.0869746
120 129 568 0.999903 0.00492435 -0.0130132 0.943919 -0.00486092 0.999976 0.00490115 -0.282593 0.013037 -0.00483742 0.999903 0.170756
120 130 552 0.999781 0.00241289 -0.0207993 0.922623 -0.00227923 0.999977 0.0064474 -0.305397 0.0208144 -0.00639858 0.999763 0.235583
120 131 439 0.999892 0.000377285 -0.0147241 0.940383 -0.00042258 0.999995 -0.00307327 -0.2885 0.0147229 0.00307916 0.999887 0.18013
120 132 428 0.999544 0.0012259 -0.0301811 0.950352 -0.00122214 0.999999 0.00014326 -0.311118 0.0301813 -0.000106309 0.999544 0.00614015
120 133 613 0.998893 -0.00207783 -0.0469879 0.950343 0.0023173 0.999985 0.00504253 -0.24809 0.0469767 -0.00514583 0.998883 0.18788
120 134 455 0.99859 -0.00226706 -0.0530453 0.957195 0.00265687 0.99997 0.00727927 -0.235884 0.0530272 -0.00740994 0.998566 0.167742
135 136 55 0.999917 0.00343282 -0.0124079 0.798376 -0.00336834 0.999981 0.00521405 0.154606 0.0124256 -0.00517182 0.999909 -0.581973
135 137 1046 0.999152 0.0119208 -0.0394116 0.917087 -0.0117414 0.99992 0.00477961 0.374238 0.0394654 -0.00431281 0.999212 -0.137465
135 138 402 0.999416 0.0109313 -0.0323893 0.837976 -0.010076 0.999599 0.0264517 0.215526 0.0326655 -0.0261099 0.999125 -0.501342
135 139 714 0.997997 0.0171395 -0.0608924 0.954836 -0.0152733 0.999403 0.0309813 0.171841 0.0613871 -0.0299892 0.997663 -0.242401
135 140 1285 0.993812 0.0272149 -0.107686 0.966199 -0.0239628 0.99922 0.0313802 0.156456 0.108456 -0.0286055 0.99369 -0.204891
135 141 1121 0.992812 0.0317301 -0.1154 0.951314 -0.0273777 0.99886 0.0391075 0.129977 0.11651 -0.035667 0.992549 -0.279478
135 142 745 0.993579 0.0335319 -0.108061 0.940398 -0.0285049 0.998453 0.0477336 0.14841 0.109494 -0.0443468 0.992998 -0.305983
135 143 1112 0.990243 0.0427723 -0.132625 0.949047 -0.0358244 0.99788 0.0543392 0.142597 0.134668 -0.0490579 0.989676 -0.281027
135 144 708 0.991345 0.0499635 -0.121402 0.957573 -0.0429685 0.997299 0.0595698 0.178259 0.12405 -0.0538377 0.990814 -0.226445
135 145 979 0.98745 0.0648196 -0.144014 0.966114 -0.0566801 0.996592 0.0599245 0.188167 0.147408 -0.0510097 0.98776 -0.176684
135 146 607 0.988076 0.0748446 -0.134555 0.938822 -0.0663392 0.99557 0.0666261 0.162689 0.138945 -0.0569053 0.988664 -0.303554
135 147 881 0.983293 0.0855375 -0.16068 0.954993 -0.0761989 0.995074 0.0634196 0.160615 0.165313 -0.0501164 0.984967 -0.24938
135 148 585 0.983539 0.0902201 -0.156559 0.940112 -0.0813914 0.994756 0.0619282 0.166779 0.161325 -0.0481663 0.985725 -0.297279
135 149 808 0.978316 0.103058 -0.179658 0.927478 -0.0938298 0.993829 0.0591519 0.163525 0.184646 -0.0410119 0.981949 -0.336221
150 151 52 0.999908 -0.00565153 -0.0123063 0.986114 0.0057357 0.99996 0.00681465 -0.0693189 0.0122673 -0.00688461 0.999901 -0.15091
150 152 453 0.999903 -0.00802549 -0.0113559 -0.733411 0.00811581 0.999936 0.00792963 -0.151687 0.0112915 -0.00802102 0.999904 0.662646
150 153 284 0.999537 -0.00866513 -0.0291582 -0.941446 0.00869309 0.999962 0.000832243 -0.155957 0.0291499 -0.00108533 0.999574 0.298926
150 154 472 0.998501 -0.00951313 -0.0539071 0.959775 0.00907706 0.999924 -0.0083282 0.0456795 0.0539823 0.00782639 0.998511 -0.27703
150 155 476 0.998707 -0.0134794 -0.0490227 -0.984239 0.0127659 0.999808 -0.0148374 -0.0471385 0.0492133 0.0141924 0.998687 0.170448
150 156 590 0.996388 -0.0149097 -0.0835948 0.905504 0.0135601 0.999769 -0.0166891 0.0623174 0.0838243 0.0154953 0.99636 -0.419738
150 157 609 0.994457 -0.01548 -0.104003 0.893152 0.0138081 0.999764 -0.0167766 0.106299 0.104238 0.0152476 0.994435 -0.437013
150 158 803 0.990537 -0.0146053 -0.13647 0.927932 0.0127139 0.999811 -0.0147215 0.126311 0.136659 0.0128471 0.990535 -0.350696
150 159 739 0.988999 -0.00663553 -0.147771 0.943791 0.00538068 0.999946 -0.00889005 0.129894 0.147822 0.00799715 0.988982 -0.303952
150 160 596 0.98847 -0.00648539 -0.151281 0.937224 0.00548492 0.99996 -0.00702966 0.0846756 0.15132 0.00611884 0.988466 -0.338292
150 161 560 0.986865 -0.00228054 -0.16153 0.952638 0.00107918 0.999971 -0.00752477 0.0974571 0.161543 0.00725161 0.986839 -0.288066
150 162 601 0.984004 0.00567257 -0.178054 0.965269 -0.00655595 0.999969 -0.00437334 0.115876 0.178024 0.0054707 0.984011 -0.234155
150 163 752 0.980212 0.00611843 -0.197856 0.934197 -0.00619802 0.999981 0.000216996 0.0895934 0.197853 0.00101361 0.980231 -0.345326
150 164 760 0.975841 0.0146306 -0.217989 0.956593 -0.0129024 0.999873 0.00934957 0.10206 0.218098 -0.00631113 0.975906 -0.272973
165 166 30 0.999973 0.00504308 -0.00526328 -0.999236 -0.00502541 0.999982 0.00336483 -0.0323744 0.00528016 -0.00333829 0.99998 0.0218986
165 167 118 0.999781 0.0129094 -0.0164951 0.894287 -0.0127402 0.999866 0.0103203 0.00785222 0.0166261 -0.0101079 0.999811 0.447426
165 168 1444 0.998142 0.026055 -0.0550852 0.983717 -0.0251397 0.999535 0.0172444 -0.0559294 0.0555089 -0.0158276 0.998333 0.170802
165 169 1536 0.997062 0.0340394 -0.0686176 0.973751 -0.0330014 0.999324 0.016205 -0.0875808 0.0691228 -0.0138929 0.997511 0.210091
165 170 854 0.998011 0.0352587 -0.0522663 0.980879 -0.0345407 0.999297 0.0145781 -0.0965906 0.0527436 -0.0127438 0.998527 0.168959
165 171 860 0.996265 0.0391738 -0.0769455 0.981294 -0.0372473 0.99896 0.0263152 -0.156649 0.0778963 -0.0233509 0.996688 0.111911
165 172 795 0.995123 0.0423097 -0.089106 0.941867 -0.0397487 0.998749 0.030323 -0.117617 0.0902775 -0.0266332 0.99556 0.314728
165 173 962 0.992469 0.0535631 -0.110161 0.919814 -0.0505697 0.998276 0.0297916 -0.150507 0.111567 -0.0239964 0.993467 0.36234
165 174 890 0.990544 0.0653044 -0.120656 0.914314 -0.062839 0.997732 0.0241311 -0.173298 0.121958 -0.016321 0.992401 0.366057
165 175 590 0.989165 0.0721714 -0.127846 0.916869 -0.0702017 0.997335 0.0198518 -0.19213 0.128939 -0.0106617 0.991595 0.34991
165 176 915 0.984962 0.0782272 -0.154047 0.911813 -0.0763859 0.996919 0.017845 -0.202848 0.154968 -0.00580965 0.987902 0.357
165 177 1033 0.982176 0.0798968 -0.170136 0.942266 -0.0791547 0.9968 0.0111515 -0.190829 0.170483 0.00251432 0.985357 0.275171
165 178 938 0.980771 0.0822493 -0.176985 0.948347 -0.0810556 0.996612 0.0139767 -0.184576 0.177535 0.000637711 0.984114 0.258011
165 179 857 0.981785 0.0795736 -0.172527 0.92094 -0.0776359 0.99682 0.0179612 -0.177489 0.173408 -0.00423971 0.984841 0.346939
180 181 60 0.999981 0.00436884 -0.00426131 0.791583 -0.00435088 0.999982 0.00421295 -0.0875971 0.00427964 -0.00419434 0.999982 0.604751
180 182 340 0.99996 0.00480311 -0.00757525 0.815027 -0.00475248 0.999966 0.00668773 -0.106557 0.00760712 -0.00665146 0.999949 0.569541
180 183 715 0.999736 0.00483964 -0.022464 0.917499 -0.00463791 0.999949 0.00902369 -0.151455 0.0225065 -0.00891712 0.999707 0.367772
180 184 1099 0.998674 0.0099637 -0.0505094 0.915455 -0.00960291 0.999927 0.0073807 -0.0940693 0.0505793 -0.00688587 0.998696 0.391271
180 185 748 0.999118 0.00904151 -0.0409981 0.967209 -0.0089338 0.999956 0.00280965 -0.122485 0.0410217 -0.0024409 0.999155 0.222494
180 186 704 0.999215 0.00503261 -0.03929 0.966376 -0.00487608 0.99998 0.00407869 -0.119226 0.0393098 -0.00388391 0.99922 0.227823
180 187 647 0.998768 0.00116304 -0.0495999 0.946616 -0.000913264 0.999987 0.00505814 -0.102006 0.0496051 -0.00500661 0.998756 0.305798
180 188 672 0.99829 0.00786069 -0.0579174 0.958044 -0.00757919 0.999958 0.00507844 -0.110659 0.0579549 -0.00463079 0.998308 0.264399
180 189 966 0.994633 0.0161826 -0.102192 0.992933 -0.014671 0.999772 0.0155268 -0.110222 0.10242 -0.0139443 0.994644 0.0439997
180 190 841 0.993264 0.0200994 -0.114118 0.987341 -0.017501 0.999565 0.023726 -0.11488 0.114546 -0.021569 0.993184 0.109364
180 191 825 0.990675 0.0227067 -0.134342 0.977984 -0.0192885 0.999458 0.0266914 -0.103651 0.134875 -0.0238512 0.990575 0.18112
180 192 791 0.990998 0.0291745 -0.130657 0.983181 -0.0261627 0.999352 0.024709 -0.102846 0.131293 -0.0210682 0.99112 0.150921
180 193 773 0.990608 0.0375363 -0.131479 0.978721 -0.0346645 0.999109 0.0240644 -0.123519 0.132265 -0.0192807 0.991027 0.163852
180 194 540 0.993115 0.0351965 -0.111733 0.981767 -0.0333681 0.999278 0.0181926 -0.111853 0.112293 -0.014339 0.993572 0.153697
195 196 714 0.999836 0.00528483 0.0173113 -0.9751 -0.00524745 0.999984 -0.00220421 0.19941 -0.0173227 0.00211301 0.999848 0.0970348
195 197 784 0.99959 0.0108625 -0.0265038 0.992588 -0.0107626 0.999934 0.00390844 -0.0762065 0.0265445 -0.00362159 0.999641 -0.0946625
195 198 618 0.999884 0.0132804 -0.00742286 0.958201 -0.0132564 0.999907 0.00327608 -0.0827472 0.00746567 -0.0031773 0.999967 -0.273867
195 199 907 0.999011 0.0283498 -0.0342424 0.990502 -0.028098 0.999575 0.00781304 -0.115694 0.0344493 -0.00684317 0.999383 -0.0742946
195 200 536 0.999127 0.0416672 -0.003102 0.948057 -0.041675 0.999128 -0.0024808 -0.0683666 0.00299593 0.00260791 0.999992 -0.310668
195 201 613 0.998704 0.0425731 -0.0278857 0.99566 -0.0427133 0.999077 -0.00445176 -0.0926232 0.0276704 0.00563708 0.999601 -0.00909265
195 202 995 0.996202 0.0549441 -0.0675495 0.996708 -0.0555332 0.998433 -0.00687392 -0.0759508 0.067066 0.0105991 0.997692 0.0283508
195 203 1008 0.994588 0.0681786 -0.0784026 0.99048 -0.0690729 0.997573 -0.00874816 -0.0447951 0.0776159 0.0141163 0.996883 -0.130166
195 204 573 0.995269 0.065994 -0.0713009 0.978682 -0.0668179 0.997722 -0.00923091 -0.0470606 0.0705293 0.0139514 0.997412 -0.199915
195 205 766 0.993628 0.0653562 -0.0918206 0.98378 -0.0661644 0.997792 -0.00578284 -0.047369 0.0912399 0.0118213 0.995759 -0.173009
195 206 930 0.990523 0.0652288 -0.12087 0.993236 -0.0657312 0.997837 -0.000170043 -0.0532247 0.120597 0.00811335 0.992668 -0.103198
195 207 863 0.98729 0.0707331 -0.142324 0.998621 -0.0720039 0.997397 -0.00379241 -0.0330976 0.141685 0.0139921 0.989813 -0.0407552
195 208 484 0.991157 0.0719161 -0.111513 0.989732 -0.0735607 0.997233 -0.0106988 -0.00385026 0.110435 0.0188071 0.993705 -0.142881
195 209 707 0.987289 0.0666166 -0.144304 0.993492 -0.0677165 0.997701 -0.00271815 -0.0113792 0.143791 0.0124554 0.98953 -0.113329
210 211 149 0.999957 -0.00372819 -0.00849956 -0.524405 0.00374246 0.999992 0.00166388 -0.168574 0.00849328 -0.00169561 0.999962 0.834615
210 212 89 0.999545 -0.00957337 -0.028611 0.999589 0.00966788 0.999948 0.00316667 -0.0179413 0.0285792 -0.00344183 0.999586 -0.0223385
210 213 637 0.998908 -0.0123962 -0.0450443 0.844525 0.0124866 0.999921 0.00172534 -0.0638273 0.0450193 -0.0022859 0.998984 0.531698
210 214 426 0.998996 -0.0113896 -0.0433168 0.862665 0.0111696 0.999923 -0.00531765 -0.10595 0.043374 0.00482848 0.999047 0.494554
210 215 678 0.996457 -0.00576972 -0.0839019 0.99562 0.00514048 0.999957 -0.00771383 -0.0933629 0.0839428 0.0072552 0.996444 0.00500829
210 216 691 0.994385 -0.00992603 -0.105357 0.98633 0.00961831 0.999948 -0.00342844 -0.146105 0.105385 0.00239584 0.994429 0.0761947
210 217 1237 0.989824 -0.00507365 -0.142208 0.978497 0.00536381 0.999984 0.00165714 -0.181303 0.142197 -0.00240305 0.989835 0.0983496
210 218 984 0.98938 0.000374914 -0.145353 0.983181 -0.000556263 0.999999 -0.00120701 -0.158799 0.145352 0.00127504 0.989379 0.0902087
210 219 994 0.986394 0.00582487 -0.164292 0.970913 -0.00533174 0.99998 0.00344232 -0.174149 0.164309 -0.00251952 0.986406 0.164317
210 220 1040 0.980325 0.00894953 -0.197187 0.971444 -0.00670518 0.999905 0.0120465 -0.190336 0.197276 -0.0104874 0.980292 0.141666
210 221 886 0.983293 0.0151906 -0.181393 0.957676 -0.0135886 0.999857 0.0100713 -0.194797 0.18152 -0.00743818 0.983359 0.211922
210 222 912 0.97363 0.0332809 -0.225692 0.952914 -0.0299417 0.999386 0.0182032 -0.202002 0.226159 -0.0109656 0.974029 0.226165
210 223 741 0.974804 0.0386707 -0.219684 0.920711 -0.0365787 0.999238 0.013584 -0.230154 0.220042 -0.00520596 0.975477 0.315153
210 224 822 0.971795 0.0506762 -0.230319 0.944885 -0.0494206 0.998715 0.0112209 -0.228832 0.230591 0.000478127 0.973051 0.234154
225 226 843 0.999771 0.00735161 -0.0200963 0.933865 -0.00726088 0.999963 0.00458394 -0.301641 0.0201293 -0.00443697 0.999788 0.192115
225 227 445 0.999864 0.00584549 -0.0153985 0.835195 -0.00589117 0.999978 -0.0029226 -0.267483 0.0153811 0.00301292 0.999877 0.480522
225 228 1267 0.999023 0.0157949 -0.0412823 0.966273 -0.0157608 0.999875 0.00115154 -0.171793 0.0412954 -0.000499769 0.999147 0.191845
225 229 577 0.999544 0.0116022 -0.0278832 0.832047 -0.0114809 0.999924 0.0045063 -0.152659 0.0279334 -0.00418412 0.999601 0.533285
225 230 573 0.998818 0.00390587 -0.0484595 0.911924 -0.00367104 0.999981 0.00493384 -0.136197 0.0484778 -0.00475011 0.998813 0.387097
225 231 1529 0.996249 0.0119527 -0.0857018 0.919719 -0.011668 0.999925 0.00382274 -0.0938579 0.0857411 -0.00280843 0.996313 0.381194
225 232 504 0.998562 0.0058093 -0.0532946 0.878804 -0.00555759 0.999973 0.00487008 -0.129183 0.0533214 -0.00456689 0.998567 0.459364
225 233 526 0.99815 0.00494676 -0.0605969 0.935536 -0.00455549 0.999968 0.00659343 -0.119924 0.0606275 -0.00630519 0.998141 0.332251
225 234 1013 0.996264 0.00517308 -0.0862007 0.922374 -0.00434978 0.999943 0.00973608 -0.0928871 0.0862462 -0.00932475 0.99623 0.374965
225 235 957 0.995825 0.00648688 -0.0910548 0.927129 -0.00536741 0.999907 0.0125341 -0.0852275 0.0911276 -0.011993 0.995767 0.364921
225 236 1212 0.993964 0.0125538 -0.108984 0.866794 -0.0110948 0.999841 0.0139832 -0.0623027 0.109143 -0.0126897 0.993945 0.494759
225 237 447 0.997298 0.0041764 -0.0733397 0.877917 -0.0030047 0.999866 0.0160794 -0.119611 0.073397 -0.0158156 0.997177 0.463632
225 238 960 0.992037 0.017865 -0.124672 0.915756 -0.0154349 0.999672 0.0204309 -0.0850886 0.124996 -0.0183439 0.991988 0.39262
225 239 425 0.994473 0.00985741 -0.104525 0.921328 -0.00737348 0.999682 0.0241238 -0.100529 0.10473 -0.0232198 0.99423 0.375565
240 241 92 0.999866 0.00118277 -0.0163371 0.990386 -0.00116581 0.999999 0.00104745 0.115146 0.0163383 -0.00102826 0.999866 -0.0766656
240 242 662 0.999364 0.0106168 -0.0340436 0.993075 -0.010472 0.999935 0.00442999 -0.0783358 0.0340884 -0.00407067 0.999411 0.087555
240 243 612 0.998942 0.0125341 -0.0442443 0.995896 -0.0122925 0.999908 0.00572947 -0.0786028 0.044312 -0.00517954 0.999004 0.0448689
240 244 1244 0.995341 0.0226804 -0.0937067 0.986926 -0.0222188 0.999735 0.00596621 -0.0568005 0.0938172 -0.00385636 0.995582 0.15083
240 245 573 0.997309 0.0208183 -0.0702892 0.99096 -0.0204061 0.99977 0.00657649 -0.105643 0.07041 -0.00512447 0.997505 -0.0826858
240 246 901 0.995047 0.028431 -0.095256 0.996077 -0.0278105 0.999583 0.00783557 -0.0884668 0.095439 -0.00514764 0.995422 0.00214951
240 247 1049 0.989997 0.0351102 -0.13665 0.994107 -0.0338447 0.99936 0.0115746 -0.105306 0.136969 -0.00683392 0.990552 0.0257258
240 248 977 0.990474 0.0406896 -0.13155 0.990412 -0.0393298 0.999143 0.0129194 -0.124414 0.131963 -0.00762252 0.991225 0.0600362
240 249 983 0.987424 0.0487808 -0.150383 0.98603 -0.0471714 0.998785 0.0142525 -0.13283 0.150896 -0.00697944 0.988525 0.100506
240 250 338 0.992395 0.0450717 -0.114546 0.978293 -0.0449439 0.998983 0.00369959 -0.15658 0.114597 0.0014767 0.993411 -0.135741
240 251 418 0.989138 0.0555754 -0.136082 0.97797 -0.0568643 0.998366 -0.00559978 -0.155158 0.135549 0.0132772 0.990682 0.139648
240 252 651 0.985918 0.0635786 -0.154671 0.985761 -0.0658138 0.997788 -0.0093685 -0.154769 0.153734 0.0194161 0.987922 0.0657351
240 253 707 0.9823 0.0732281 -0.172409 0.983384 -0.0758285 0.997084 -0.00853609 -0.142332 0.171281 0.0214585 0.984988 0.112681
240 254 436 0.987462 0.0683836 -0.142276 0.98555 -0.0709289 0.997398 -0.0128894 -0.152323 0.141025 0.0228192 0.989743 0.0740913
255 256 150 0.999986 0.0038466 0.00352441 -0.585574 -0.00387312 0.999964 0.0075495 -0.0653753 -0.00349525 -0.00756305 0.999965 -0.807978
255 257 64 0.999968 0.00604334 -0.00519066 -0.851096 -0.00596143 0.99986 0.015653 -0.106429 0.00528453 -0.0156216 0.999864 -0.51411
255 258 650 0.999265 0.00910488 -0.0372464 0.946713 -0.00858156 0.999863 0.014186 0.205986 0.0373705 -0.0138559 0.999205 0.247596
255 259 629 0.998699 0.00907229 -0.0501741 0.96525 -0.00811804 0.999783 0.01919 0.14751 0.0503373 -0.0187577 0.998556 0.215717
255 260 372 0.999769 0.00519363 -0.0208666 -0.876263 -0.00449654 0.999435 0.0333161 -0.0479458 0.0210279 -0.0332146 0.999227 -0.479442
255 261 851 0.996001 0.00767669 -0.0890101 0.910568 -0.00515023 0.999578 0.0285789 0.0812479 0.089192 -0.0280062 0.995621 0.405297
255 262 961 0.994824 0.0125286 -0.100842 0.90478 -0.0101714 0.999664 0.0238558 0.0617183 0.101107 -0.0227066 0.994616 0.421383
255 263 571 0.996116 0.00710573 -0.0877584 0.910873 -0.00482938 0.999647 0.026124 0.00839225 0.087913 -0.0255987 0.995799 0.412602
255 264 698 0.986916 0.013049 -0.160704 0.930391 -0.00971631 0.999721 0.0215067 0.0108794 0.16094 -0.0196638 0.986768 0.366406
255 265 811 0.990212 0.0129498 -0.138969 0.921573 -0.0102533 0.999745 0.020102 -0.0282036 0.139194 -0.0184804 0.990093 0.38718
255 266 708 0.990001 0.015824 -0.140171 0.941033 -0.0133239 0.999735 0.0187567 -0.054157 0.14043 -0.0167016 0.98995 0.333951
255 267 586 0.982861 0.0203785 -0.183218 0.922123 -0.016926 0.999649 0.0203878 -0.0655934 0.183569 -0.0169373 0.982861 0.381295
255 268 514 0.987269 0.0189998 -0.157921 0.886282 -0.0161757 0.999686 0.0191492 -0.101639 0.158235 -0.0163509 0.987266 0.451856
255 269 712 0.983855 0.0384156 -0.174798 0.916858 -0.0353988 0.999166 0.0203451 -0.108278 0.175434 -0.0138289 0.984394 0.384248
270 271 907 0.999356 0.0106455 -0.0342673 0.850327 -0.0101435 0.999839 0.0147885 -0.45006 0.0344192 -0.0144314 0.999303 0.272746
270 272 681 0.999093 0.0138157 -0.0402822 0.870418 -0.0134826 0.999873 0.008528 -0.383783 0.0403949 -0.00797715 0.999152 0.308355
270 273 880 0.998371 0.0248258 -0.0513808 0.838831 -0.0246985 0.99969 0.00311171 -0.280415 0.0514421 -0.00183762 0.998674 0.466615
270 274 460 0.999275 0.0281382 -0.0256341 0.791067 -0.0281939 0.999601 -0.00181424 -0.340327 0.0255728 0.00253565 0.99967 0.508321
270 275 457 0.999028 0.023046 -0.0375814 0.788517 -0.0230108 0.999734 0.00136887 -0.284967 0.0376029 -0.000502761 0.999293 0.545009
270 276 515 0.998241 0.0301649 -0.0510411 0.838862 -0.0300567 0.999544 0.00288655 -0.295429 0.0511049 -0.00134735 0.998692 0.457201
270 277 424 0.998864 0.029643 -0.0373023 0.800567 -0.0296607 0.99956 8.00641e-05 -0.286074 0.0372882 0.00102644 0.999304 0.526549
270 278 437 0.998466 0.0251056 -0.0493472 0.800091 -0.0250733 0.999685 0.00127321 -0.274029 0.0493636 -3.39614e-05 0.998781 0.533631
270 279 678 0.995977 0.0298177 -0.0845036 0.882354 -0.0297915 0.999555 0.00157147 -0.240758 0.0845128 0.000952335 0.996422 0.404336
270 280 507 0.997507 0.0231029 -0.0666756 0.865869 -0.0232109 0.99973 -0.000845897 -0.220043 0.066638 0.00239139 0.997774 0.44928
270 281 664 0.996423 0.0352063 -0.0768172 0.860413 -0.0349764 0.999379 0.0043371 -0.201158 0.0769222 -0.0016348 0.997036 0.468215
270 282 670 0.995626 0.0260017 -0.0897382 0.854818 -0.0252295 0.999634 0.00972788 -0.216012 0.0899583 -0.00742128 0.995918 0.471832
270 283 522 0.995807 0.0248189 -0.0880519 0.828447 -0.0240699 0.999665 0.00955806 -0.21607 0.0882596 -0.00739858 0.99607 0.51671
270 284 627 0.994252 0.0310417 -0.102471 0.845124 -0.0302587 0.9995 0.00918743 -0.205833 0.102705 -0.00603399 0.994694 0.493354
285 286 1303 0.999648 0.00420286 -0.0262058 0.982177 -0.00429921 0.999984 -0.00362158 0.175276 0.0261902 0.00373297 0.99965 0.067873
285 287 73 0.999939 0.00120438 -0.0109542 0.997449 -0.00115506 0.999989 0.00450799 -0.0197459 0.0109595 -0.00449507 0.99993 -0.0686023
285 288 710 0.999482 0.00520448 -0.0317719 0.987237 -0.00502155 0.99997 0.00583476 -0.102936 0.0318013 -0.00567219 0.999478 0.121518
285 289 161 0.999914 0.00444884 -0.0123071 0.985697 -0.00443571 0.99999 0.00109398 -0.108082 0.0123119 -0.0010393 0.999924 0.129302
285 290 1229 0.998737 0.0134038 -0.048426 0.990973 -0.0131916 0.999902 0.0046986 -0.131149 0.0484842 -0.00405384 0.998816 0.0278065
285 291 630 0.999237 0.0131736 -0.0367635 0.988197 -0.0130654 0.99991 0.00318258 -0.120357 0.0368021 -0.00269982 0.999319 -0.094765
285 292 1172 0.996627 0.0308482 -0.0760442 0.984473 -0.0300779 0.999484 0.0112538 -0.129737 0.0763521 -0.00892859 0.997041 -0.118239
285 293 467 0.99903 0.025541 -0.0358618 0.980303 -0.0253379 0.99966 0.00610552 -0.073577 0.0360055 -0.00519093 0.999338 -0.183283
285 294 608 0.998745 0.0301597 -0.0399734 0.992318 -0.029868 0.999523 0.00787411 -0.117387 0.0401918 -0.00667031 0.99917 -0.0390472
285 295 1083 0.99704 0.0565322 -0.0521078 0.970693 -0.0560876 0.998376 0.00995564 -0.0969903 0.052586 -0.00700356 0.998592 -0.219883
285 296 869 0.995311 0.0687707 -0.0680247 0.969978 -0.06714 0.997405 0.0259775 -0.1214 0.0696347 -0.0212886 0.997345 -0.210725
285 297 920 0.995652 0.0768898 -0.0525903 0.977095 -0.0753323 0.996677 0.0309853 -0.0970817 0.054798 -0.0268888 0.998135 -0.189367
285 298 1156 0.993441 0.0985367 -0.0580052 0.983066 -0.0965354 0.994665 0.0363537 -0.106043 0.0612779 -0.0305158 0.997654 -0.149452
285 299 1021 0.993649 0.109958 -0.0239071 0.988514 -0.109201 0.993538 0.0309425 -0.0950296 0.027155 -0.0281353 0.999235 -0.11751
300 301 86 0.999946 0.00911318 0.00490851 0.451638 -0.00910152 0.999956 -0.00239224 -0.106995 -0.0049301 0.00234744 0.999985 -0.885762
300 302 159 0.999816 0.00918961 0.0168568 -0.960678 -0.00909446 0.999942 -0.00571279 0.217519 -0.0169084 0.00555844 0.999842 -0.172576
300 303 247 0.999749 0.0192441 -0.0115119 0.998949 -0.0192916 0.999806 -0.00403087 -0.0437225 0.0114321 0.00425194 0.999926 -0.0137608
300 304 527 0.999602 0.0179126 -0.0217726 0.987186 -0.0180346 0.999823 -0.00542058 -0.15924 0.0216717 0.00581108 0.999748 -0.0103181
300 305 1167 0.999367 0.0246731 -0.0256333 0.98715 -0.0250135 0.999602 -0.0130434 -0.141628 0.0253012 0.0136764 0.999586 -0.0740026
300 306 538 0.999714 0.0223034 0.0086597 -0.941845 -0.0220631 0.999394 -0.0269257 0.052438 -0.00925498 0.0267269 0.9996 0.331931
300 307 558 0.999903 0.0136944 -0.00236219 -0.934937 -0.0137623 0.999404 -0.0316513 0.111324 0.00192734 0.0316808 0.999496 0.336898
300 308 493 0.999621 0.0150638 -0.0230246 0.954462 -0.015766 0.999406 -0.0306287 -0.0826195 0.0225496 0.0309801 0.999266 -0.286664
300 309 502 0.999217 0.00506006 -0.0392514 0.978801 -0.00609649 0.999635 -0.0263302 -0.151011 0.0391038 0.0265489 0.998882 -0.138367
300 310 479 0.999376 -0.00283394 -0.0352052 0.883466 0.00169363 0.999474 -0.032378 -0.0465109 0.0352785 0.0322982 0.998855 -0.466181
300 311 503 0.998072 -0.000670083 -0.062064 0.970391 -0.00101577 0.999631 -0.0271277 -0.0984503 0.0620593 0.0271384 0.997703 -0.220563
300 312 466 0.99822 -0.00215427 -0.0596041 0.977795 0.000352734 0.999543 -0.0302191 -0.0894722 0.059642 0.0301443 0.997765 -0.189503
300 313 425 0.998545 -0.0041051 -0.0537593 0.988459 0.00206404 0.999277 -0.0379673 -0.101757 0.0538763 0.0378011 0.997832 -0.112223
300 314 526 0.994887 -0.0030483 -0.100952 0.960139 -0.000714741 0.999307 -0.0372182 -0.0951418 0.100996 0.0371001 0.994195 -0.262832
315 316 326 0.999941 -0.0108645 -0.000352927 -0.698298 0.0108628 0.99993 -0.00459016 0.135012 0.000402773 0.00458605 0.999989 0.702959
315 317 1246 0.999411 -0.00537464 -0.0338888 0.887386 0.00549543 0.999979 0.00347232 -0.460879 0.0338695 -0.00365651 0.99942 -0.0116882
315 318 545 0.999683 -0.00225218 -0.0250874 0.872877 0.00199562 0.999946 -0.0102471 -0.211261 0.0251091 0.0101938 0.999633 -0.439835
315 319 199 0.999702 -0.00703359 -0.0233564 0.857194 0.00674894 0.999902 -0.0122439 -0.13039 0.0234403 0.0120826 0.999652 -0.498214
315 320 307 0.999666 -0.010893 -0.0234562 -0.922926 0.0104803 0.999789 -0.0176474 0.106061 0.0236435 0.0173957 0.999569 0.37008
315 321 618 0.998947 -0.00962011 -0.0448651 0.864128 0.00892841 0.999839 -0.0155923 -0.0923856 0.0450079 0.0151753 0.998871 -0.49472
315 322 616 0.998928 -0.00863537 -0.0454819 0.985957 0.0078003 0.999798 -0.0185061 -0.0813405 0.0456325 0.0181315 0.998794 -0.145852
315 323 662 0.998607 -0.00622481 -0.0523897 0.920166 0.00513284 0.999767 -0.020952 -0.0722885 0.052508 0.0206539 0.998407 -0.384798
315 324 641 0.997444 -0.00468298 -0.0712964 0.958913 0.00343675 0.999839 -0.0175923 -0.0655244 0.0713673 0.0173023 0.9973 -0.276029
315 325 623 0.996785 -0.0144837 -0.0788062 0.950788 0.0133016 0.999791 -0.0155032 -0.0952691 0.0790143 0.0144051 0.996769 -0.294834
315 326 990 0.993531 0.000600774 -0.113556 0.975418 -0.00175486 0.999948 -0.0100634 -0.0817974 0.113544 0.0101976 0.993481 -0.20462
315 327 978 0.993891 0.00300396 -0.110322 0.970136 -0.00429582 0.999925 -0.0114741 -0.0637015 0.11028 0.0118779 0.99383 -0.234046
315 328 602 0.995998 -8.0623e-05 -0.0893726 0.963959 -0.00131764 0.999878 -0.0155862 -0.0641704 0.0893629 0.0156416 0.995876 -0.258195
315 329 582 0.995287 0.0153325 -0.0957555 0.969413 -0.0173259 0.999649 -0.0200199 -0.0450913 0.095415 0.0215846 0.995204 -0.241257
