0 1 131 0.999872 0.00960306 -0.012806 0.862173 -0.00961582 0.999953 -0.000935515 0.25554 0.0127965 0.00105854 0.999918 -0.437444
0 2 6344 0.999867 0.00516569 0.0154804 -0.861173 -0.00528233 0.999958 0.00750302 -0.155402 -0.015441 -0.00758379 0.999852 -0.483975
0 3 4796 0.998983 0.0168072 -0.0418299 0.801245 -0.0167312 0.999858 0.00216569 0.181569 0.0418604 -0.00146362 0.999122 -0.570121
0 4 5483 0.997042 0.0206019 -0.0740425 0.87329 -0.0209568 0.999772 -0.0040192 0.272377 0.0739428 0.00555901 0.997247 -0.40395
0 5 4026 0.997095 0.0308798 -0.0696344 0.874794 -0.0308971 0.999522 0.000828661 0.285993 0.0696267 0.00132525 0.997572 -0.391079
0 6 3685 0.997953 0.0260739 -0.0583881 0.799093 -0.026009 0.99966 0.00187062 0.313132 0.0584171 -0.000348174 0.998292 -0.513224
0 7 3970 0.992008 0.0369717 -0.12064 0.901173 -0.037234 0.999307 7.9992e-05 0.230961 0.12056 0.00441257 0.992696 -0.366803
0 8 3033 0.994907 0.0364412 -0.0939758 0.821086 -0.0354512 0.999297 0.0121829 0.238564 0.0943537 -0.00878931 0.9955 -0.518561
0 9 2602 0.991794 0.0340919 -0.123217 0.87389 -0.0327415 0.99938 0.0129686 0.221969 0.123583 -0.00882782 0.992295 -0.432488
0 10 3010 0.988759 0.0319305 -0.146069 0.903591 -0.029833 0.999418 0.0165281 0.19676 0.146512 -0.0119846 0.989136 -0.380538
0 11 2591 0.98661 0.0439513 -0.157067 0.908971 -0.0430869 0.999032 0.00890603 0.223069 0.157306 -0.00201927 0.987548 -0.352153
0 12 2312 0.979895 0.0594477 -0.190451 0.914565 -0.0590167 0.998225 0.00793913 0.197693 0.190585 0.00346031 0.981665 -0.352829
0 13 1801 0.982424 0.0618705 -0.17611 0.871581 -0.0611599 0.998083 0.00946519 0.223256 0.176358 0.00147207 0.984325 -0.436468
0 14 1907 0.976967 0.071607 -0.201019 0.911037 -0.0682208 0.997388 0.0237319 0.168572 0.202193 -0.00947158 0.9793 -0.376291
15 16 6323 0.999561 -0.00606033 -0.0289909 0.941484 0.00587469 0.999962 -0.00648437 0.0455561 0.0290291 0.00631121 0.999559 -0.333966
15 17 4909 0.999003 0.00562704 -0.0442876 0.824467 -0.00668846 0.999693 -0.023855 0.407012 0.0441398 0.0241274 0.998734 -0.393186
15 18 5311 0.996693 0.00393264 -0.0811664 0.915097 -0.00565257 0.999764 -0.0209713 0.316439 0.0810648 0.0213607 0.99648 -0.249929
15 19 4520 0.998514 -0.000239506 -0.0545003 0.866278 -0.0004871 0.999911 -0.0133185 0.35439 0.0544987 0.0133252 0.998425 -0.352093
15 20 3790 0.998927 0.00109299 -0.0462934 0.773583 -0.00117747 0.999998 -0.00179767 0.248631 0.0462913 0.00185025 0.998926 -0.582882
15 21 3654 0.996712 -0.00152449 -0.0810116 0.88471 0.00072379 0.999951 -0.00991217 0.299275 0.0810228 0.00982094 0.996664 -0.357382
15 22 3334 0.995248 0.0197935 -0.0953368 0.903399 -0.0198684 0.999803 0.00016402 0.200325 0.0953212 0.00173094 0.995445 -0.379131
15 23 2859 0.99586 0.0185134 -0.0890001 0.885858 -0.0190999 0.999801 -0.00574291 0.219713 0.088876 0.00741902 0.996015 -0.408635
15 24 2689 0.984088 0.0199422 -0.176558 0.946122 -0.024116 0.999477 -0.0215254 0.194971 0.176036 0.0254407 0.984055 -0.258533
15 25 2469 0.98376 0.03271 -0.176484 0.943355 -0.03818 0.998887 -0.0276874 0.204196 0.175382 0.0339759 0.983914 -0.261504
15 26 2053 0.973818 0.0379002 -0.224146 0.957263 -0.0470695 0.998253 -0.035705 0.17982 0.222402 0.0453206 0.973901 -0.226522
15 27 1729 0.973787 0.0337676 -0.22494 0.962589 -0.042023 0.998604 -0.0320131 0.13135 0.223545 0.0406266 0.973847 -0.237001
15 28 1625 0.975388 0.0471057 -0.215404 0.947924 -0.0567092 0.997644 -0.0386193 0.124952 0.213077 0.0498842 0.975761 -0.292962
15 29 1490 0.970545 0.0461744 -0.236454 0.963897 -0.0596122 0.996969 -0.0499966 0.126692 0.233429 0.0626195 0.970355 -0.234205
30 31 5465 0.999789 0.000238673 -0.0205285 0.935119 -0.000221658 1 0.000831087 0.184497 0.0205287 -0.000826361 0.999789 -0.302511
30 32 5932 0.999279 -0.00271473 -0.037879 0.993991 0.00319891 0.999914 0.0127277 -0.0679347 0.0378412 -0.0128397 0.999201 0.0858309
30 33 4676 0.993887 0.000346362 -0.110405 0.986435 -0.000443912 1 -0.00085899 0.0785904 0.110405 0.000902749 0.993886 0.144118
30 34 3390 0.994351 0.0330826 -0.100856 0.995097 -0.0319325 0.999406 0.0129966 -0.0235125 0.101226 -0.00970253 0.994816 0.0960661
30 35 2048 0.991608 0.0514339 -0.118609 0.996771 -0.049431 0.998582 0.019769 -0.0159099 0.119458 -0.0137401 0.992744 0.0787099
30 36 1629 0.990149 0.0601467 -0.126441 0.997498 -0.0564552 0.997873 0.0325824 -0.0164552 0.128132 -0.0251232 0.991439 0.0687565
30 37 1657 0.99638 0.0715477 -0.0459213 0.993352 -0.069527 0.996601 0.0441893 -0.0225949 0.0489269 -0.0408365 0.997967 0.112878
30 38 2184 0.996019 0.0723084 -0.0521224 0.984853 -0.0698274 0.996406 0.0479467 0.00363287 0.055402 -0.0441163 0.997489 0.173355
30 39 2201 0.989345 0.0664854 -0.129524 0.98255 -0.0613098 0.997168 0.0435484 0.0359594 0.132052 -0.0351433 0.99062 0.182492
30 40 1586 0.993049 0.0684408 -0.0957534 0.968033 -0.0637326 0.996643 0.0513959 -0.00556294 0.0989495 -0.044936 0.994077 0.250762
30 41 1633 0.992638 0.0597347 -0.105364 0.982237 -0.0565183 0.997848 0.0332548 0.0453544 0.107124 -0.027055 0.993878 0.182081
30 42 1693 0.987676 0.0753166 -0.137196 0.976939 -0.0713481 0.996885 0.0336242 0.0164173 0.139301 -0.0234211 0.989973 0.212888
30 43 1596 0.989245 0.0677983 -0.129605 0.983946 -0.0657351 0.997634 0.0201367 0.0547244 0.130663 -0.0114006 0.991361 0.169869
30 44 1327 0.982036 0.0777071 -0.171953 0.986605 -0.0717778 0.9966 0.0404452 -0.0181963 0.174511 -0.0273762 0.984275 0.16211
45 46 6563 0.99913 0.00703451 -0.0410984 0.994472 -0.00690785 0.999971 0.00322299 0.00271624 0.0411198 -0.00293628 0.99915 -0.104965
45 47 6101 0.998882 0.0109332 -0.0460015 0.966743 -0.0110916 0.999933 -0.00319007 0.232901 0.0459636 0.00369673 0.998936 -0.105665
45 48 4901 0.998635 0.0167588 -0.0494631 0.967444 -0.0159229 0.999724 0.0172458 -0.219769 0.0497385 -0.0164347 0.998627 -0.125514
45 49 5026 0.996693 0.0297705 -0.0756087 0.985925 -0.0298242 0.999555 0.000419019 0.0984349 0.0755875 0.00183733 0.997137 -0.135138
45 50 4150 0.993426 0.0371351 -0.10829 0.97792 -0.0364192 0.9993 0.00858256 0.0519811 0.108533 -0.00458229 0.994082 -0.202411
45 51 3246 0.99555 0.0405203 -0.085074 0.986371 -0.0391986 0.999084 0.0171494 0.0783667 0.085691 -0.0137383 0.996227 -0.144676
45 52 2710 0.986204 0.0404289 -0.160523 0.992687 -0.0370768 0.999028 0.0238239 0.0475413 0.16133 -0.0175435 0.986745 -0.110959
45 53 2125 0.981508 0.0481933 -0.185258 0.991965 -0.0419405 0.998415 0.0375259 0.0472174 0.186773 -0.0290622 0.981973 -0.117371
45 54 2318 0.98917 0.0723765 -0.127686 0.989839 -0.0679154 0.99693 0.0389586 0.134044 0.130114 -0.0298648 0.991049 -0.0474391
45 55 1360 0.972973 0.103334 -0.206507 0.997012 -0.0957797 0.994326 0.046278 0.0483196 0.210117 -0.0252481 0.97735 0.0602687
45 56 1692 0.968998 0.111482 -0.220486 0.998204 -0.103572 0.993504 0.0471521 -0.00159616 0.22431 -0.0228541 0.97425 0.0598794
45 57 2044 0.979169 0.137709 -0.149213 0.998838 -0.133984 0.990373 0.0347886 0.0477375 0.152567 -0.0140718 0.988193 0.00661241
45 58 1638 0.979784 0.147508 -0.135146 0.999131 -0.142935 0.988798 0.0429969 0.039469 0.139975 -0.0228106 0.989892 0.013423
45 59 1371 0.973898 0.137807 -0.180368 0.998085 -0.131015 0.990164 0.0491013 0.0443097 0.18536 -0.0241887 0.982373 0.0431555
60 61 1358 0.999984 0.00547325 -0.00112445 0.665475 -0.00547399 0.999985 -0.000660992 0.0927941 0.00112081 0.000667137 0.999999 0.74063
60 62 3763 0.999749 0.0147299 -0.016897 0.830716 -0.014771 0.999888 -0.00230876 0.00426977 0.0168611 0.00255777 0.999855 0.55668
60 63 3905 0.997276 0.0271494 -0.0685771 0.952281 -0.0285559 0.9994 -0.019613 0.213023 0.0680034 0.0215179 0.997453 0.218591
60 64 3510 0.997638 0.0351126 -0.05903 0.901761 -0.0362914 0.99916 -0.019017 0.238671 0.0583127 0.0211144 0.998075 0.360365
60 65 2992 0.99856 0.0258831 -0.046987 0.85378 -0.0260636 0.999655 -0.003233 -0.0191083 0.0468871 0.00445299 0.99889 0.520283
60 66 3136 0.99547 0.0199675 -0.092956 0.931125 -0.0205606 0.999774 -0.005427 -0.0153172 0.0928266 0.00731365 0.995655 0.364378
60 67 2597 0.997774 0.0217848 -0.0630269 0.827841 -0.0225459 0.999681 -0.0113898 -0.000205191 0.0627587 0.0127855 0.997947 0.560963
60 68 2673 0.994641 0.024218 -0.100512 0.923906 -0.02576 0.999569 -0.0140717 -0.00467574 0.100128 0.0165854 0.994836 0.382591
60 69 2249 0.995156 0.0270589 -0.0945128 0.863865 -0.028259 0.999536 -0.0113814 -0.0412336 0.094161 0.0139971 0.995459 0.502034
60 70 2246 0.995082 0.0163872 -0.0976902 0.842208 -0.0173152 0.999813 -0.00865943 -0.0640635 0.09753 0.0103084 0.995179 0.535333
60 71 2169 0.99132 0.0209189 -0.129796 0.893974 -0.0234743 0.999559 -0.0181894 -0.00506079 0.129358 0.0210784 0.991374 0.44809
60 72 1968 0.983355 0.0279119 -0.179538 0.890072 -0.0287134 0.999586 -0.00186634 -0.081724 0.179412 0.00699042 0.983749 0.448433
60 73 1830 0.989478 0.0382333 -0.139541 0.821584 -0.0393094 0.999215 -0.00496271 -0.0974528 0.139242 0.0103958 0.990204 0.561696
60 74 1741 0.987699 0.0426656 -0.150437 0.833527 -0.0439866 0.999017 -0.00546318 -0.113963 0.150056 0.0120132 0.988605 0.540597
75 76 910 0.999921 0.012165 -0.00311149 0.278977 -0.0121802 0.999914 -0.00491091 -0.107049 0.00305148 0.00494842 0.999983 0.954312
75 77 4605 0.999366 0.00681388 -0.0349396 0.783607 -0.00647261 0.99993 0.00987123 -0.569523 0.0350044 -0.00963882 0.999341 0.2482
75 78 3614 0.99965 0.0126395 -0.0232406 0.797894 -0.0129932 0.999801 -0.0151314 -0.345287 0.0230447 0.0154281 0.999615 0.494107
75 79 3661 0.999535 0.0214931 -0.0216195 0.738956 -0.0219409 0.999545 -0.0206932 -0.313958 0.0211649 0.0211579 0.999552 0.596133
75 80 3177 0.999311 0.0285722 -0.0236881 0.752042 -0.0291314 0.999297 -0.0236105 -0.375051 0.0229969 0.0242843 0.999441 0.542005
75 81 3726 0.99747 0.0338738 -0.0625009 0.878995 -0.0350715 0.99922 -0.0181662 -0.351619 0.0618368 0.0203122 0.99788 0.322074
75 82 3130 0.99825 0.0203974 -0.0555113 0.84704 -0.0220582 0.999322 -0.0294715 -0.347412 0.0548725 0.0306444 0.998023 0.402279
75 83 2706 0.999102 0.0195166 -0.0376146 0.778021 -0.0208833 0.999123 -0.0362923 -0.380929 0.0368733 0.0370453 0.998633 0.499576
75 84 2901 0.996212 0.0358793 -0.0792059 0.838183 -0.0381951 0.99888 -0.0279186 -0.350942 0.0781155 0.0308381 0.996467 0.41748
75 85 2021 0.997863 0.0298537 -0.0581231 0.825458 -0.032417 0.99852 -0.0436697 -0.368085 0.0567334 0.0454605 0.997354 0.427939
75 86 2565 0.995797 0.0279356 -0.0872224 0.868315 -0.0314537 0.998735 -0.0392234 -0.356629 0.0860163 0.0418021 0.995416 0.344739
75 87 1946 0.998248 0.0393616 -0.0441686 0.723928 -0.0419613 0.997342 -0.0595615 -0.315267 0.0417068 0.0613106 0.997247 0.613625
75 88 1741 0.9955 0.0395414 -0.0861206 0.850978 -0.0444607 0.997442 -0.0559726 -0.324786 0.083687 0.0595497 0.994711 0.412736
75 89 2071 0.985581 0.0510702 -0.161314 0.910184 -0.0569697 0.997858 -0.0321572 -0.31204 0.159326 0.0408835 0.986379 0.272389
90 91 533 0.999819 0.00480685 -0.0184138 0.962702 -0.00482669 0.999988 -0.00103327 0.224242 0.0184086 0.00112196 0.99983 0.151393
90 92 4877 0.998022 0.0190159 -0.0599269 0.965741 -0.019415 0.999793 -0.00608398 0.246877 0.0597988 0.00723543 0.998184 -0.0799755
90 93 555 0.999852 0.0164766 -0.00504315 -0.631129 -0.0164115 0.999785 0.0126807 0.130104 0.00525101 -0.0125961 0.999907 -0.764689
90 94 3929 0.997554 0.0264854 -0.0646899 0.996958 -0.0257208 0.999589 0.0126241 0.0646313 0.0649977 -0.0109293 0.997826 0.0435533
90 95 365 0.999532 0.0303532 -0.00376843 -0.966497 -0.0302332 0.999133 0.0286105 -0.0814609 0.00463358 -0.0284832 0.999584 -0.243407
90 96 2996 0.996191 0.056777 -0.0661744 0.985454 -0.0546988 0.997964 0.0328059 0.169941 0.0679023 -0.0290613 0.997269 0.000764022
90 97 2386 0.996119 0.0631687 -0.0612926 0.9884 -0.0603569 0.997084 0.0466912 0.140343 0.0640633 -0.0428106 0.997027 -0.0580474
90 98 1697 0.990666 0.0829296 -0.10818 0.967508 -0.0782125 0.995821 0.0471488 0.23528 0.111638 -0.0382477 0.993013 -0.0925798
90 99 269 0.997023 0.0770731 -0.00239768 -0.894242 -0.0765267 0.992815 0.0919877 -0.202601 0.00947022 -0.0915303 0.995757 0.399104
90 100 2356 0.990798 0.0968995 -0.0945014 0.977246 -0.0888004 0.992291 0.0864459 0.206556 0.102149 -0.0772586 0.991764 0.0482145
90 101 1771 0.986401 0.11746 -0.114958 0.969271 -0.107322 0.990075 0.0907427 0.229945 0.124475 -0.0771713 0.989217 -0.0873987
90 102 1468 0.989084 0.124857 -0.0782488 0.972567 -0.115556 0.986755 0.113846 0.22779 0.0914268 -0.103561 0.990412 -0.047162
90 103 1900 0.981064 0.142789 -0.130859 0.975762 -0.128386 0.98531 0.112614 0.215139 0.145016 -0.0936816 0.984984 -0.040043
90 104 1637 0.976464 0.142323 -0.162054 0.988186 -0.12365 0.985038 0.120041 0.149356 0.176714 -0.0971781 0.979453 0.034372
105 106 177 0.999874 0.0158569 9.43139e-05 -0.775976 -0.0158572 0.999864 0.00454025 -0.0210194 -2.23066e-05 -0.00454118 0.99999 -0.630412
105 107 3337 0.999096 0.0328618 -0.0269811 0.68642 -0.0328183 0.999459 0.00205349 0.38434 0.027034 -0.00116616 0.999634 -0.617342
105 108 4162 0.99786 0.0375028 -0.0535624 0.866241 -0.0373048 0.999293 0.0046928 0.279072 0.0537005 -0.00268463 0.998553 -0.414422
105 109 3629 0.999445 0.0271236 0.0193452 -0.936032 -0.0277655 0.999046 0.0337192 -0.337036 -0.0184121 -0.0342376 0.999244 -0.101246
105 110 2650 0.99609 0.0293393 -0.0833321 0.892951 -0.0283977 0.999519 0.0124632 0.313736 0.0836577 -0.010048 0.996444 -0.322813
105 111 2801 0.997038 0.0302796 -0.0706969 0.911436 -0.0280701 0.999092 0.0320403 0.304661 0.0716029 -0.0299609 0.996983 -0.276524
105 112 2550 0.997611 0.0287053 -0.062839 0.968958 -0.0264598 0.998991 0.0362798 0.245852 0.063817 -0.0345304 0.997364 0.0260184
105 113 2390 0.996107 0.0382237 -0.0794367 0.958824 -0.0362573 0.999003 0.0260515 0.282595 0.0803533 -0.0230699 0.996499 -0.0282334
105 114 2230 0.994319 0.0363269 -0.10005 0.965993 -0.0344565 0.999199 0.0203605 0.215137 0.10071 -0.0167975 0.994774 -0.143434
105 115 2397 0.991116 0.0277502 -0.130074 0.991973 -0.0249942 0.999428 0.0227736 0.107476 0.130631 -0.0193202 0.991243 -0.0666276
105 116 1885 0.994783 0.0305758 -0.0973193 0.977116 -0.0289369 0.999415 0.0182082 0.167379 0.0978191 -0.0152971 0.995087 -0.131258
105 117 1569 0.991258 0.0344803 -0.127351 0.970548 -0.0332781 0.999379 0.0115563 0.16331 0.12767 -0.00721733 0.99179 -0.177105
105 118 1297 0.991873 0.0254782 -0.124652 0.993669 -0.0233253 0.999553 0.0187 0.111069 0.125073 -0.0156405 0.992024 -0.0169232
105 119 817 0.993992 0.0196123 -0.107682 0.994691 -0.0181039 0.999724 0.0149671 0.0665721 0.107945 -0.0129278 0.994073 0.0784672
120 121 53 0.999924 -0.00230573 0.0121028 -0.993691 0.00231604 0.999997 -0.000838223 0.0472795 -0.0121009 0.00086619 0.999926 0.101705
120 122 235 0.999818 -0.002168 0.0189409 0.951451 0.00216581 0.999998 0.000136137 -0.224397 -0.0189412 -9.50895e-05 0.999821 0.210681
120 123 4079 0.999909 -0.00283588 -0.0131768 0.96445 0.00295762 0.999953 0.00922887 -0.213495 0.01315 -0.00926701 0.999871 0.155741
120 124 2291 0.999877 -0.0149995 -0.00458775 0.940862 0.015041 0.999845 0.00913137 -0.325049 0.00445007 -0.00919926 0.999948 0.0955071
120 125 1899 0.999976 -0.00652054 0.00237474 0.936961 0.00650592 0.99996 0.00611044 -0.311639 -0.00241449 -0.00609485 0.999979 0.158067
120 126 1588 0.999997 -0.000369843 0.00255364 0.899534 0.00036924 1 0.000236433 -0.313163 -0.00255373 -0.00023549 0.999997 0.304576
120 127 1620 0.999971 0.00736788 -0.00170293 0.936809 -0.00737669 0.999959 -0.0052257 -0.312466 0.00166436 0.00523811 0.999985 0.157336
120 128 3071 0.999266 0.0143966 -0.0355056 0.947891 -0.0140536 0.999852 0.00988933 -0.318109 0.0356427 -0.00938308 0.999321 -0.0175982
120 129 2616 0.999674 0.0054988 -0.0249443 0.938087 -0.00519059 0.99991 0.0124036 -0.343499 0.0250102 -0.0122701 0.999612 0.0447343
120 130 1062 0.999873 0.000644625 -0.0159473 0.92757 -0.000548372 0.999982 0.00603931 -0.312504 0.0159509 -0.0060298 0.999855 0.204831
120 131 2648 0.99901 5.69556e-05 -0.044489 0.94838 0.000241471 0.999978 0.00670247 -0.29434 0.0444883 -0.00670658 0.998987 0.118069
120 132 2314 0.998863 0.00160244 -0.0476426 0.955102 -0.00139219 0.999989 0.00444593 -0.260856 0.0476492 -0.00437455 0.998855 0.140482
120 133 1989 0.998553 0.00664987 -0.0533627 0.957115 -0.00626609 0.999953 0.00735602 -0.245115 0.0534091 -0.007011 0.998548 0.15443
120 134 901 0.999236 -0.000484446 -0.0390887 0.947372 0.000620744 0.999994 0.00347481 -0.242357 0.0390868 -0.00349642 0.99923 0.209163
135 136 283 0.999939 0.00500331 -0.00989624 0.390936 -0.00496059 0.999978 0.00433648 0.311831 0.00991772 -0.00428712 0.999942 -0.865985
135 137 5162 0.996414 0.0128138 -0.0836372 0.950038 -0.0128952 0.999917 -0.000433676 0.233258 0.0836246 0.00151064 0.996496 -0.20741
135 138 2940 0.998799 0.0100414 -0.0479523 0.974241 -0.00882666 0.999636 0.0254775 0.135579 0.0481907 -0.0250237 0.998525 -0.180201
135 139 2800 0.997939 0.0179914 -0.0616022 0.931857 -0.0160968 0.999386 0.0311148 0.166962 0.0621242 -0.030059 0.997616 -0.322128
135 140 3971 0.995336 0.0235802 -0.0935452 0.939324 -0.0202987 0.99915 0.035877 0.124728 0.0943117 -0.0338108 0.994968 -0.319551
135 141 2345 0.99509 0.0271405 -0.0951815 0.964137 -0.023494 0.998954 0.0392251 0.154828 0.0961465 -0.0367963 0.994687 -0.215565
135 142 2837 0.990259 0.0372835 -0.134154 0.907155 -0.0316849 0.998545 0.0436292 0.160091 0.135585 -0.0389535 0.99 -0.389154
135 143 2917 0.988765 0.0415176 -0.143598 0.963071 -0.0341401 0.997986 0.0534649 0.140039 0.145529 -0.0479618 0.988191 -0.229963
135 144 1581 0.993604 0.0457407 -0.103243 0.901334 -0.0395324 0.99733 0.0613987 0.15482 0.105776 -0.0569246 0.992759 -0.40451
135 145 2407 0.985646 0.066196 -0.155303 0.934461 -0.057525 0.996559 0.0596819 0.162265 0.15872 -0.0498914 0.986062 -0.316942
135 146 2202 0.981971 0.0785919 -0.171917 0.947301 -0.0690587 0.995761 0.0607564 0.160986 0.175963 -0.0477887 0.983236 -0.276955
135 147 1198 0.98822 0.0757662 -0.132967 0.930901 -0.067136 0.995408 0.068236 0.142766 0.137526 -0.0585054 0.988769 -0.336215
135 148 1279 0.982578 0.0982665 -0.157749 0.910237 -0.0894295 0.99405 0.0621899 0.159388 0.162922 -0.046999 0.985519 -0.382182
135 149 1713 0.975536 0.101464 -0.195024 0.94599 -0.0920282 0.994131 0.0568733 0.164421 0.19965 -0.0375342 0.979148 -0.279407
150 151 222 0.999987 0.000573675 -0.00502749 -0.858705 -0.000529291 0.999961 0.00882522 -0.367531 0.00503236 -0.00882245 0.999948 0.357136
150 152 381 0.999513 -0.0103389 -0.0294412 0.990331 0.0105287 0.999925 0.00630015 0.0545832 0.0293738 -0.00660706 0.999547 -0.127535
150 153 2371 0.997883 -0.0110984 -0.0640826 0.995472 0.0110429 0.999938 -0.00122132 0.0949477 0.0640922 0.000511081 0.997944 0.00452432
150 154 1072 0.999463 -0.0159674 -0.0286021 -0.994857 0.015765 0.999849 -0.00729079 -0.00973071 0.0287142 0.00683596 0.999564 -0.100822
150 155 1831 0.996175 -0.00785696 -0.0870282 0.963275 0.00668937 0.999884 -0.0136997 0.00922112 0.0871257 0.0130651 0.996112 -0.268357
150 156 2692 0.993585 -0.00474479 -0.112987 0.943297 0.00293495 0.999865 -0.0161791 0.0775921 0.113049 0.0157437 0.993465 -0.322754
150 157 1581 0.994324 -0.0172748 -0.104986 0.890784 0.0154927 0.999722 -0.0177674 0.0872645 0.105264 0.01604 0.994315 -0.44597
150 158 2571 0.989907 -0.012415 -0.141175 0.956109 0.0104476 0.999838 -0.0146691 0.113841 0.141334 0.0130461 0.989876 -0.269991
150 159 2111 0.983902 -0.0095713 -0.178451 0.970014 0.00759685 0.999902 -0.0117445 0.109539 0.178546 0.0101997 0.983879 -0.216964
150 160 1218 0.98859 -0.00707863 -0.150467 0.971811 0.0058066 0.999944 -0.00889152 0.0980444 0.150521 0.00791637 0.988575 -0.214407
150 161 1132 0.98991 -0.0077815 -0.14148 0.938445 0.00664298 0.999942 -0.00851771 0.123555 0.141538 0.00749192 0.989904 -0.322576
150 162 1065 0.986056 -0.00126682 -0.166411 0.924279 0.000635955 0.999992 -0.00384422 0.103629 0.166414 0.00368479 0.986049 -0.367382
150 163 1246 0.981635 0.00801661 -0.190599 0.94613 -0.00801748 0.999968 0.000766559 0.094753 0.190599 0.000775642 0.981668 -0.309612
150 164 1298 0.978417 0.0117139 -0.206308 0.956117 -0.0100782 0.999909 0.00897749 0.104835 0.206394 -0.00670453 0.978446 -0.273585
165 166 307 0.999984 0.0053043 -0.00171213 -0.403557 -0.00529877 0.999981 0.00322041 -0.0589149 0.00172918 -0.00321128 0.999993 0.913056
165 167 783 0.999635 0.0175 -0.0205929 0.98097 -0.0172845 0.999794 0.010597 0.0300524 0.0207741 -0.0102372 0.999732 0.19182
165 168 2835 0.998532 0.0259876 -0.0475335 0.98944 -0.0251883 0.999532 0.0173382 -0.107076 0.0479618 -0.0161155 0.998719 0.0976875
165 169 3593 0.997437 0.0359195 -0.0618748 0.984194 -0.034936 0.999247 0.0169047 -0.107644 0.0624354 -0.0146998 0.997941 0.140625
165 170 2269 0.997154 0.0344947 -0.0670355 0.973487 -0.0334609 0.999304 0.0164835 -0.0954927 0.0675574 -0.0141935 0.997614 0.207858
165 171 3328 0.994268 0.0366814 -0.100432 0.989678 -0.0340557 0.999035 0.0277353 -0.116439 0.101352 -0.024156 0.994557 0.0835477
165 172 2070 0.99463 0.0430821 -0.0940968 0.900131 -0.0402314 0.998678 0.0319862 -0.133316 0.0953504 -0.0280288 0.995049 0.414718
165 173 2155 0.990858 0.0544191 -0.123444 0.930005 -0.0509308 0.998213 0.0312416 -0.133707 0.124923 -0.0246689 0.99186 0.342364
165 174 2036 0.983707 0.0705481 -0.165359 0.941978 -0.0655041 0.997211 0.0357677 -0.191275 0.167421 -0.0243533 0.985585 0.275845
165 175 829 0.990714 0.0706782 -0.116145 0.903684 -0.0690192 0.997448 0.0182492 -0.201002 0.117139 -0.0100635 0.993065 0.378092
165 176 1393 0.986376 0.0774646 -0.145124 0.931408 -0.0759367 0.996984 0.0160463 -0.221366 0.145929 -0.00480744 0.989283 0.288921
165 177 889 0.986095 0.076472 -0.147539 0.930689 -0.0762488 0.997063 0.00717665 -0.198353 0.147655 0.00417282 0.98903 0.307365
165 178 1527 0.979042 0.0921812 -0.181601 0.953429 -0.0899383 0.995735 0.0205649 -0.213217 0.182722 -0.00380103 0.983157 0.213335
165 179 1180 0.983449 0.0687698 -0.167625 0.932097 -0.0676974 0.997632 0.0121109 -0.159475 0.168061 -0.000562668 0.985776 0.325213
180 181 3893 0.999749 0.00422484 -0.0220183 0.981919 -0.00418163 0.999989 0.00200813 0.0512254 0.0220265 -0.00191555 0.999756 0.18224
180 182 3277 0.999712 0.0119607 -0.0207963 0.952495 -0.0118372 0.999912 0.00605591 -0.0318535 0.0208669 -0.005808 0.999765 0.302885
180 183 4639 0.998808 0.0100907 -0.0477602 0.960542 -0.00959982 0.999899 0.0104964 -0.0930132 0.0478613 -0.0100254 0.998804 0.262123
180 184 3232 0.99849 0.00629175 -0.0545666 0.96517 -0.00584118 0.999948 0.00841289 -0.146219 0.0546167 -0.00808146 0.998475 0.216947
180 185 2414 0.999244 0.00553406 -0.0384894 0.959096 -0.00550461 0.999984 0.000871044 -0.105239 0.0384936 -0.000658516 0.999259 0.26279
180 186 2150 0.999554 0.00500246 -0.0294357 0.91613 -0.00494653 0.999986 0.00197255 -0.117664 0.0294452 -0.00182607 0.999565 0.383224
180 187 3106 0.996406 0.00764347 -0.0843603 0.97581 -0.00689731 0.999935 0.00913283 -0.122568 0.0844246 -0.00851815 0.996393 0.181031
180 188 1858 0.99802 0.00686618 -0.0625144 0.984002 -0.00645702 0.999956 0.00674469 -0.122331 0.062558 -0.00632768 0.998021 0.129521
180 189 1427 0.998755 0.0119138 -0.0484433 0.971425 -0.0114348 0.999883 0.0101545 -0.112686 0.0485587 -0.00958793 0.998774 0.20889
180 190 1479 0.996985 0.0107184 -0.0768481 0.961142 -0.009255 0.999769 0.0193739 -0.104586 0.077038 -0.0186043 0.996855 0.255476
180 191 2043 0.989044 0.023217 -0.145782 0.985556 -0.0195956 0.999464 0.0262282 -0.0936732 0.146313 -0.0230842 0.988969 0.141085
180 192 1162 0.995181 0.0239041 -0.0950977 0.968659 -0.0220123 0.999539 0.0208929 -0.108773 0.0955533 -0.0186989 0.995249 0.223313
180 193 1160 0.994936 0.0318462 -0.0953357 0.966033 -0.0301765 0.999366 0.0189052 -0.117341 0.0958773 -0.0159325 0.995266 0.230243
180 194 1550 0.988183 0.0377806 -0.148552 0.987839 -0.0347374 0.999131 0.0230283 -0.125542 0.149293 -0.0175959 0.988636 0.091727
195 196 75 0.999997 0.00205032 -0.00122582 -0.730242 -0.00204983 0.999998 0.000400597 0.0364382 0.00122664 -0.000398083 0.999999 0.682216
195 197 2470 0.999823 0.0141159 -0.0124141 0.998339 -0.0140952 0.999899 0.0017526 -0.0146749 0.0124376 -0.00157731 0.999921 -0.0557213
195 198 2266 0.999785 0.0137376 -0.0155429 0.967555 -0.013652 0.999891 0.00560033 -0.108664 0.0156181 -0.00538693 0.999864 -0.228101
195 199 2170 0.999698 0.0245249 -0.0014294 0.989855 -0.0245203 0.999694 0.0031171 -0.115834 0.00150541 -0.00308111 0.999994 -0.0822786
195 200 1231 0.998997 0.0362717 0.0262449 -0.972983 -0.0361554 0.999334 -0.00489212 0.0630374 -0.0264049 0.00393832 0.999644 0.222106
195 201 1869 0.997779 0.0531804 -0.0401198 0.991453 -0.0534205 0.99856 -0.00493592 -0.0690358 0.0397995 0.00706818 0.999183 -0.110701
195 202 1533 0.9978 0.0449332 -0.048743 0.980078 -0.0453009 0.998952 -0.00646476 -0.0980188 0.0484015 0.00865864 0.99879 -0.172741
195 203 1600 0.996254 0.0636031 -0.0585914 0.94276 -0.06421 0.9979 -0.00853351 -0.0729031 0.0579256 0.0122637 0.998246 -0.325405
195 204 2369 0.994839 0.0536891 -0.0860985 0.98125 -0.0542291 0.998521 -0.00394417 -0.0948989 0.0857594 0.00859286 0.996279 -0.167755
195 205 1349 0.994474 0.0615898 -0.0850239 0.961359 -0.0622624 0.998046 -0.00527987 -0.0458464 0.0845326 0.0105445 0.996365 -0.271453
195 206 2365 0.989955 0.0653335 -0.125385 0.9918 -0.0662044 0.997802 -0.00278652 -0.0236177 0.124928 0.0110596 0.992104 -0.125596
195 207 1065 0.99383 0.0651706 -0.0897521 0.998488 -0.0659147 0.997811 -0.00534818 -0.0262797 0.089207 0.0112312 0.99595 -0.0482868
195 208 1928 0.989656 0.0622872 -0.129233 0.991991 -0.0635566 0.997962 -0.00571752 -0.0318861 0.128613 0.013872 0.991598 -0.122216
195 209 1728 0.987468 0.0717936 -0.140543 0.986221 -0.0731225 0.997314 -0.00430768 0.00213789 0.139856 0.0145306 0.990065 -0.165422
210 211 243 0.999953 -0.00629292 -0.00731997 -0.534905 0.00630898 0.999978 0.00217305 0.0649714 0.00730613 -0.00221913 0.999971 -0.84241
210 212 3286 0.999044 -0.00735138 -0.0430884 0.999341 0.00746496 0.999969 0.00247573 0.0237902 0.0430689 -0.00279502 0.999068 0.0274042
210 213 2928 0.998747 -0.00554127 -0.0497452 0.98829 0.00559598 0.999984 0.000960557 -0.0515779 0.0497391 -0.00123773 0.998761 0.143603
210 214 2913 0.997174 -0.0118668 -0.0741803 0.976336 0.011749 0.999929 -0.00202484 -0.122446 0.074199 0.00114758 0.997243 0.178258
210 215 3362 0.991235 -0.00916079 -0.131794 0.989041 0.00942414 0.999955 0.00137454 -0.137453 0.131776 -0.00260453 0.991276 0.0538853
210 216 3874 0.993059 -0.0062088 -0.117454 0.976465 0.00634599 0.99998 0.000794098 -0.173057 0.117447 -0.00153395 0.993078 0.128717
210 217 2243 0.994484 -0.00436024 -0.104799 0.981098 0.00376367 0.999976 -0.00588961 -0.140736 0.104822 0.00546269 0.994476 0.132819
210 218 2817 0.990252 -0.00353104 -0.139239 0.96964 0.00343567 0.999994 -0.000925324 -0.175954 0.139242 0.000437924 0.990258 0.169819
210 219 2953 0.986815 0.00387224 -0.161808 0.967875 -0.00329074 0.999987 0.00386162 -0.182171 0.16182 -0.00327824 0.986815 0.173297
210 220 2820 0.983034 0.0165416 -0.182674 0.973484 -0.0160286 0.999862 0.00428436 -0.147085 0.18272 -0.00128366 0.983164 0.175203
210 221 1613 0.986462 0.0074556 -0.163818 0.942587 -0.00657536 0.999961 0.00591488 -0.190187 0.163856 -0.00475764 0.986473 0.274515
210 222 1227 0.988407 0.025068 -0.149741 0.897439 -0.0248482 0.999686 0.00333902 -0.211866 0.149778 0.000420481 0.98872 0.386933
210 223 1088 0.988232 0.0365295 -0.148537 0.919134 -0.0374912 0.99929 -0.00367833 -0.224942 0.148297 0.00920387 0.9889 0.32341
210 224 1110 0.980548 0.0457551 -0.190871 0.923441 -0.0465364 0.998917 0.000389302 -0.222143 0.190682 0.00850072 0.981615 0.312903
225 226 56 1 0.000250695 0.000141771 -0.939928 -0.000250365 0.999997 -0.00232286 0.269216 -0.000142353 0.00232283 0.999997 0.209901
225 227 2711 0.999837 0.00401646 -0.0176028 0.730952 -0.00407819 0.999986 -0.00347272 -0.1614 0.0175886 0.00354394 0.999839 0.663067
225 228 5372 0.998623 0.0175077 -0.049447 0.94492 -0.0174507 0.999846 0.00158303 -0.164607 0.0494671 -0.000717967 0.998775 0.282896
225 229 2298 0.999482 0.0103289 -0.030478 0.853822 -0.0102087 0.999939 0.00409732 -0.132171 0.0305184 -0.00378406 0.999527 0.503507
225 230 3397 0.99835 0.0103845 -0.0564747 0.829541 -0.0100176 0.999927 0.00677632 -0.146996 0.0565409 -0.0061994 0.998381 0.538753
225 231 1940 0.998695 0.00619065 -0.0507012 0.906618 -0.00605025 0.999977 0.00292201 -0.136472 0.0507182 -0.00261144 0.99871 0.399274
225 232 4575 0.997028 0.0077407 -0.0766444 0.955053 -0.00743976 0.999963 0.00421117 -0.08276 0.0766742 -0.00362844 0.99705 0.284648
225 233 3659 0.994339 0.0110425 -0.10568 0.955302 -0.0100261 0.999898 0.0101441 -0.0971703 0.105781 -0.00902709 0.994348 0.279207
225 234 3867 0.994517 0.00788963 -0.104275 0.961734 -0.00687513 0.999926 0.0100849 -0.0811679 0.104347 -0.00931267 0.994497 0.261685
225 235 1555 0.996354 0.00545062 -0.085143 0.870739 -0.00434566 0.999904 0.0131576 -0.0979699 0.0852066 -0.0127396 0.996282 0.481887
225 236 3246 0.992403 0.015753 -0.122019 0.942064 -0.0138064 0.999764 0.0167818 -0.0938864 0.122254 -0.0149696 0.992386 0.322026
225 237 2766 0.991809 0.0157606 -0.126757 0.930176 -0.013765 0.999767 0.0166038 -0.0884163 0.126989 -0.014723 0.991795 0.356307
225 238 1281 0.993825 0.0143177 -0.110027 0.88842 -0.0121094 0.999712 0.020713 -0.0958732 0.110292 -0.0192527 0.993713 0.448908
225 239 2550 0.989141 0.0201331 -0.145587 0.943955 -0.0166428 0.999545 0.0251528 -0.0952239 0.146027 -0.0224566 0.989026 0.31604
240 241 110 0.999983 0.0051344 -0.00292827 -0.883931 -0.00513399 0.999987 0.000145842 0.0181306 0.00292898 -0.000130805 0.999996 0.467265
240 242 489 0.999954 0.00139918 -0.00951307 -0.856379 -0.00136513 0.999993 0.00358423 0.130327 0.00951801 -0.00357108 0.999948 -0.499629
240 243 2826 0.998834 0.0120735 -0.0467493 0.97766 -0.0117695 0.999908 0.00677265 -0.123483 0.0468267 -0.00621453 0.998884 -0.170099
240 244 4091 0.995882 0.0208734 -0.0882188 0.993552 -0.0201281 0.999754 0.00932959 -0.101845 0.0883918 -0.0075155 0.996057 0.0498178
240 245 3959 0.996197 0.0228773 -0.0840697 0.993531 -0.0224199 0.999728 0.00638111 -0.090101 0.0841928 -0.004472 0.996439 -0.0691261
240 246 2255 0.996909 0.0297461 -0.0727136 0.981813 -0.0294086 0.999551 0.0057078 -0.100304 0.0728507 -0.00355175 0.997337 0.161192
240 247 2995 0.991394 0.0442083 -0.123222 0.998559 -0.0441121 0.99902 0.00350998 -0.030781 0.123256 0.0019558 0.992373 0.0439634
240 248 1954 0.993677 0.0385599 -0.105451 0.993323 -0.0378451 0.999245 0.00877182 -0.103167 0.105709 -0.00472556 0.994386 -0.0516368
240 249 2591 0.984779 0.0470854 -0.167312 0.979089 -0.0445374 0.998828 0.0189512 -0.154016 0.168008 -0.0112112 0.985722 0.132908
240 250 1858 0.985606 0.053726 -0.160295 0.970702 -0.0530067 0.998556 0.00876316 -0.13547 0.160534 -0.000140297 0.98703 0.19846
240 251 1518 0.987938 0.0623839 -0.141727 0.969352 -0.0637103 0.997957 -0.00483587 -0.163363 0.141135 0.013807 0.989894 0.183493
240 252 1749 0.981436 0.0681295 -0.179283 0.981148 -0.069966 0.997542 -0.00393306 -0.167311 0.178574 0.0164037 0.98379 0.0967214
240 253 1796 0.980195 0.0652941 -0.186961 0.979459 -0.0666299 0.997777 -0.000863314 -0.173077 0.186489 0.0133034 0.982367 0.103464
240 254 1785 0.981391 0.0699276 -0.178836 0.981596 -0.0723432 0.997355 -0.00701397 -0.151563 0.177872 0.019821 0.983854 0.116179
255 256 3592 0.999664 0.00123762 -0.0258771 0.95242 -0.00128013 0.999998 -0.00162619 0.304209 0.025875 0.00165877 0.999664 0.0187938
255 257 2299 0.999694 0.0110471 -0.0221244 0.965427 -0.0107775 0.999867 0.0122656 0.22788 0.022257 -0.0120234 0.99968 0.126573
255 258 2852 0.999604 0.00865383 -0.0267835 0.829957 -0.0082219 0.999835 0.0161953 0.206822 0.0269193 -0.0159687 0.99951 0.51807
255 259 3556 0.995451 0.0111017 -0.0946209 0.979664 -0.0101299 0.999891 0.0107445 0.165914 0.0947299 -0.00973712 0.995455 0.112834
255 260 2961 0.996699 0.0110633 -0.0804235 0.974324 -0.0087129 0.999526 0.0295176 0.0628932 0.080712 -0.0287194 0.996324 0.216186
255 261 2848 0.980724 0.0163995 -0.194707 0.969336 -0.0143423 0.999825 0.0119708 0.126112 0.194869 -0.00894754 0.980788 0.210913
255 262 2382 0.996115 0.00766583 -0.0877308 0.85199 -0.00541704 0.999651 0.0258423 0.0557362 0.0878983 -0.0252667 0.995809 0.520583
255 263 2200 0.99682 0.0149587 -0.0782722 0.871266 -0.0131808 0.999644 0.0231812 0.0496675 0.0785911 -0.0220757 0.996662 0.488292
255 264 2152 0.990981 0.0131596 -0.133355 0.9028 -0.0103884 0.999716 0.021455 0.0172682 0.133599 -0.0198761 0.990836 0.429713
255 265 1857 0.994958 0.00977274 -0.0998197 0.82006 -0.00758117 0.999722 0.022311 -0.0557399 0.10001 -0.0214418 0.994755 0.569556
255 266 2385 0.988902 0.0154804 -0.147762 0.893082 -0.0128208 0.999739 0.0189347 -0.0421856 0.148016 -0.0168301 0.988842 0.447911
255 267 1755 0.988052 0.0136671 -0.153511 0.903976 -0.0108832 0.999761 0.0189605 -0.0751942 0.153734 -0.0170633 0.987965 0.420919
255 268 2070 0.983135 0.0274751 -0.180803 0.896004 -0.0242141 0.999502 0.0202189 -0.0911289 0.181269 -0.0154999 0.983311 0.434594
255 269 1833 0.981524 0.0397294 -0.187167 0.919849 -0.0369024 0.999146 0.0185656 -0.0895029 0.187745 -0.0113157 0.982153 0.381925
270 271 959 0.999863 -0.00339655 -0.016193 0.625959 0.00349585 0.999975 0.00610779 -0.3601 0.0161719 -0.00616356 0.99985 0.691739
270 272 2477 0.999461 0.015454 -0.0289697 0.671578 -0.0153831 0.999878 0.00266883 -0.287633 0.0290074 -0.00222174 0.999577 0.682826
270 273 1999 0.99965 0.0258926 -0.00539213 0.245207 -0.0259276 0.999643 -0.00652553 -0.306494 0.00522124 0.00666305 0.999964 0.919747
270 274 2184 0.99834 0.0409057 -0.0405557 0.875776 -0.0409811 0.999159 -0.00103059 -0.266008 0.0404794 0.00269089 0.999177 0.402811
270 275 2292 0.998387 0.019804 -0.053218 0.878147 -0.0196466 0.999801 0.00347835 -0.273152 0.0532763 -0.00242718 0.998577 0.392741
270 276 2308 0.994895 0.023002 -0.0982586 0.896483 -0.0225215 0.999728 0.00599688 -0.216741 0.0983698 -0.00375334 0.995143 0.386447
270 277 2181 0.997057 0.0298778 -0.0705995 0.864383 -0.0293902 0.999537 0.00793632 -0.267732 0.0708039 -0.00583804 0.997473 0.425631
270 278 2000 0.997939 0.0191668 -0.061234 0.815754 -0.019082 0.999816 0.00196992 -0.240034 0.0612605 -0.000797399 0.998121 0.526241
270 279 1809 0.99798 0.0266627 -0.0576603 0.820578 -0.0271067 0.999609 -0.00693161 -0.215593 0.0574529 0.00848059 0.998312 0.529312
270 280 1875 0.994004 0.0428676 -0.100591 0.874912 -0.0427276 0.99908 0.0035472 -0.209797 0.100651 0.000772092 0.994922 0.43648
270 281 2133 0.994484 0.0307245 -0.100283 0.867195 -0.0297582 0.999495 0.0111174 -0.215687 0.100574 -0.00807183 0.994897 0.448833
270 282 1975 0.980457 0.0538745 -0.189212 0.90196 -0.0514421 0.998518 0.0177469 -0.16824 0.189888 -0.00766665 0.981776 0.397697
270 283 1773 0.994629 0.0221903 -0.101099 0.851821 -0.021115 0.999709 0.0116939 -0.213529 0.101329 -0.00949641 0.994808 0.478337
270 284 1718 0.985077 0.0326581 -0.168985 0.886242 -0.0292316 0.999314 0.0227257 -0.205854 0.169611 -0.0174469 0.985357 0.41497
285 286 171 1 0.000139797 -0.000676167 -0.692894 -0.000139734 1 9.35119e-05 -0.0478674 0.00067618 -9.34174e-05 1 0.719449
285 287 164 0.999989 -0.00431727 0.00205053 -0.744357 0.00430691 0.999978 0.00503173 0.132756 -0.00207221 -0.00502284 0.999985 -0.654452
285 288 142 0.999944 0.0105843 0.000213517 -0.951782 -0.0105848 0.99994 0.00285543 -0.0929026 -0.000183282 -0.00285753 0.999996 -0.292371
285 289 3820 0.998384 0.0135263 -0.0551973 0.993493 -0.0132521 0.999898 0.00533072 -0.0981235 0.0552638 -0.00459063 0.998461 0.0578287
285 290 3674 0.997023 0.00692565 -0.0767939 0.977726 -0.00570059 0.999853 0.0161603 -0.209744 0.0768945 -0.0156744 0.996916 -0.00766341
285 291 1700 0.999373 0.0129766 0.0329361 -0.9699 -0.0128187 0.999905 -0.0050028 0.0964127 -0.0329979 0.00457747 0.999445 -0.223605
285 292 2219 0.999093 0.0187211 -0.0382511 0.987913 -0.0186023 0.999821 0.00346072 -0.0826285 0.038309 -0.00274602 0.999262 -0.131149
285 293 1255 0.999387 0.0289455 0.0196877 -0.874128 -0.0289983 0.999577 0.00240422 0.107375 -0.0196097 -0.00297366 0.999803 -0.473679
285 294 1209 0.999294 0.0364974 -0.00892766 0.97736 -0.0364889 0.999333 0.00111271 -0.0546564 0.00896232 -0.000786164 0.99996 -0.204403
285 295 2738 0.995224 0.063635 -0.0740239 0.985054 -0.0631499 0.997965 0.00887788 -0.0725328 0.0744382 -0.00416088 0.997217 -0.156227
285 296 1987 0.992614 0.0736273 -0.0964172 0.970414 -0.0704537 0.996868 0.0359212 -0.165276 0.09876 -0.028863 0.994693 -0.176014
285 297 2243 0.996051 0.0754221 -0.0468346 0.978367 -0.0739736 0.996749 0.0319293 -0.108458 0.0490905 -0.0283387 0.998392 -0.176165
285 298 2006 0.995799 0.090561 -0.0135061 0.956444 -0.0901236 0.995476 0.0300776 -0.0960637 0.0161689 -0.0287341 0.999456 -0.275655
285 299 1696 0.99427 0.106481 0.00942777 0.98441 -0.106701 0.993922 0.0271094 -0.0941731 -0.00648382 -0.02796 0.999588 -0.148556
300 301 189 0.999828 0.00406703 0.0180754 -0.955704 -0.00400003 0.999985 -0.00374146 0.181853 -0.0180904 0.00366852 0.99983 -0.23143
300 302 63 0.999927 0.00677194 0.0100519 -0.954529 -0.00673005 0.999969 -0.00419534 0.238927 -0.01008 0.00412739 0.999941 0.178292
300 303 140 0.999916 0.0128114 -0.00219819 0.893468 -0.0128196 0.999911 -0.00377989 -0.149236 0.00214957 0.00380776 0.99999 0.423609
300 304 1969 0.999638 0.0113715 0.0244 -0.982479 -0.0110085 0.999828 -0.0149589 0.186284 -0.0245658 0.0146848 0.99959 -0.00577408
300 305 1683 0.999734 0.0194618 -0.0123588 0.937198 -0.0196518 0.999688 -0.0154367 -0.12503 0.0120545 0.0156755 0.999804 0.325618
300 306 894 0.999467 0.030935 0.0104045 -0.99968 -0.0306465 0.99917 -0.0268352 0.0138305 -0.0112261 0.026502 0.999586 -0.021186
300 307 1620 0.999841 0.0105051 0.0143913 -0.981319 -0.0100053 0.999359 -0.0343728 0.192301 -0.0147432 0.0342234 0.999305 -0.00576307
300 308 1762 0.999781 0.0127376 0.0166162 -0.829486 -0.0121299 0.999272 -0.0361739 0.219982 -0.0170648 0.0359644 0.999207 -0.513382
300 309 1962 0.998813 0.008303 -0.0480043 0.981378 -0.00957841 0.999606 -0.0263999 -0.122123 0.0477662 0.0268283 0.998498 -0.14827
300 310 1870 0.998955 -0.0140412 -0.0434996 0.947759 0.0127529 0.999476 -0.0297534 -0.137925 0.0438946 0.0291676 0.99861 -0.287628
300 311 1694 0.99874 -0.00431344 -0.049995 0.963177 0.00283837 0.99956 -0.0295377 -0.0951158 0.0501004 0.0293586 0.998313 -0.25148
300 312 1481 0.999943 -0.00163102 -0.0105306 -0.848769 0.00126023 0.999382 -0.035122 0.170078 0.0105814 0.0351067 0.999328 -0.500664
300 313 1488 0.995925 -0.0153976 -0.0888608 0.977605 0.0128825 0.999502 -0.0288087 -0.194914 0.0892602 0.0275466 0.995627 -0.0793593
300 314 2525 0.993733 -0.0135345 -0.110958 0.969986 0.0102064 0.999482 -0.0305078 -0.152802 0.111314 0.0291841 0.993357 -0.189151
315 316 622 0.999988 0.00440664 -0.00218553 -0.531947 -0.0044071 0.99999 -0.000209096 -0.342903 0.00218459 0.000218726 0.999998 0.774242
315 317 168 0.999884 -0.0116465 -0.00982354 0.563502 0.0115557 0.99989 -0.00925004 -0.250219 0.0099302 0.00913545 0.999909 0.787309
315 318 4317 0.999876 -0.000603709 0.0157119 -0.993281 0.000784163 0.999934 -0.0114815 -0.0866481 -0.015704 0.0114924 0.999811 -0.0767093
315 319 2034 0.999625 -0.00886744 -0.0259042 0.889273 0.00859072 0.999905 -0.0107742 -0.206453 0.0259973 0.0105476 0.999606 -0.40813
315 320 3058 0.999058 -0.01002 -0.0422212 0.97224 0.00954113 0.999888 -0.0115275 -0.206463 0.0423319 0.0111138 0.999042 -0.1101
315 321 2994 0.998928 -0.0203276 -0.0415802 0.884727 0.0197318 0.999697 -0.0146876 -0.141931 0.0418662 0.0138514 0.999027 -0.443976
315 322 2502 0.999365 -0.0167069 -0.0314859 0.936626 0.0160864 0.999673 -0.0198609 -0.122383 0.0318075 0.0193418 0.999307 -0.328258
315 323 2759 0.998235 -0.018261 -0.0565112 0.916071 0.0174031 0.999726 -0.0156361 -0.156149 0.0567813 0.014625 0.99828 -0.369367
315 324 2736 0.997268 -0.0143776 -0.0724525 0.938889 0.0132756 0.999789 -0.0156684 -0.101775 0.0726625 0.0146637 0.997249 -0.328831
315 325 3629 0.994616 -0.0049179 -0.103509 0.966229 0.00368341 0.99992 -0.0121141 -0.0997407 0.10356 0.0116677 0.994555 -0.237597
315 326 2388 0.997821 0.00522143 -0.0657662 0.94718 -0.00658418 0.999768 -0.0205214 0.0167222 0.0656438 0.0209097 0.997624 -0.320265
315 327 2365 0.996021 0.00172699 -0.0890975 0.975175 -0.00292395 0.999907 -0.0133055 -0.0744932 0.0890662 0.0135131 0.995934 -0.208528
