0 1 516 0.99987 0.0101854 -0.01248 0.773501 -0.0101915 0.999948 -0.000424879 0.247203 0.0124751 0.000552014 0.999922 -0.583598
0 2 8701 0.999369 0.0168414 -0.0312862 0.816785 -0.0170237 0.99984 -0.00556903 0.356165 0.0311874 0.00609812 0.999495 -0.453883
0 3 8255 0.999178 0.0182643 -0.0361898 0.684197 -0.018313 0.999832 -0.00101522 0.273237 0.0361651 0.00167712 0.999344 -0.676177
0 4 10269 0.997129 0.0171278 -0.0737604 0.880169 -0.0170202 0.999853 0.00208627 0.177709 0.0737853 -0.000824863 0.997274 -0.440139
0 5 9847 0.995842 0.0211022 -0.0886166 0.90311 -0.0210184 0.999777 0.00187932 0.202863 0.0886365 -8.93308e-06 0.996064 -0.37847
0 6 7893 0.998119 0.0211635 -0.0575417 0.769738 -0.0208811 0.999767 0.0055046 0.255146 0.0576448 -0.00429271 0.998328 -0.585152
0 7 8777 0.992671 0.0337554 -0.116041 0.885519 -0.0334327 0.99943 0.00472683 0.205503 0.116134 -0.000812639 0.993233 -0.416684
0 8 7259 0.994716 0.036794 -0.0958419 0.842631 -0.035895 0.999294 0.0110878 0.235226 0.0961822 -0.00758898 0.995335 -0.484398
0 9 7932 0.987616 0.0331939 -0.153339 0.923342 -0.0315311 0.999415 0.0132641 0.180614 0.15369 -0.00826493 0.988085 -0.338847
0 10 7934 0.986904 0.0344332 -0.157588 0.908642 -0.0330612 0.999389 0.0113201 0.2089 0.157881 -0.00596177 0.98744 -0.361568
0 11 6857 0.987251 0.0366947 -0.154884 0.898736 -0.0349877 0.999293 0.0137337 0.200923 0.155279 -0.00813958 0.987837 -0.389749
0 12 6692 0.982878 0.0559278 -0.175567 0.898666 -0.0559683 0.998421 0.00472464 0.221037 0.175554 0.00518246 0.984456 -0.378868
0 13 5759 0.982568 0.0644396 -0.174377 0.874516 -0.0645206 0.997903 0.00521011 0.243373 0.174347 0.0061316 0.984665 -0.419513
0 14 5868 0.977509 0.0665201 -0.200127 0.909637 -0.0638502 0.997764 0.0197733 0.18531 0.200995 -0.00655044 0.97957 -0.37178
15 16 797 0.999992 0.00163203 -0.00372218 0.594322 -0.00166002 0.99997 -0.00752991 0.289133 0.00370978 0.00753602 0.999965 -0.750456
15 17 9790 0.998669 0.00267182 -0.0515149 0.873694 -0.00339504 0.999897 -0.0139567 0.230368 0.0514723 0.014113 0.998575 -0.428473
15 18 9896 0.998448 0.00390684 -0.0555487 0.878562 -0.0044982 0.999934 -0.0105248 0.280269 0.0555039 0.0107584 0.998401 -0.386752
15 19 9215 0.999541 0.00717857 -0.0294269 0.817757 -0.00717255 0.999974 0.000310078 0.251408 0.0294284 -9.88695e-05 0.999567 -0.517753
15 20 9009 0.996254 0.00389328 -0.0863876 0.89653 -0.00437899 0.999976 -0.00543367 0.218578 0.0863644 0.0057916 0.996247 -0.385303
15 21 8630 0.995679 0.00771868 -0.0925375 0.909534 -0.0079295 0.999967 -0.00191069 0.223391 0.0925197 0.00263621 0.995707 -0.350493
15 22 8305 0.991914 0.0133433 -0.126211 0.932537 -0.0143003 0.999875 -0.00667957 0.20533 0.126106 0.00843042 0.991981 -0.297009
15 23 7673 0.991415 0.0182163 -0.12948 0.927496 -0.0191103 0.999801 -0.00566518 0.175397 0.129351 0.00809096 0.991566 -0.330133
15 24 7149 0.992954 0.0342353 -0.113446 0.891912 -0.0346046 0.9994 -0.00128742 0.128651 0.113334 0.00520412 0.993543 -0.433522
15 25 6785 0.987136 0.0339214 -0.15624 0.935087 -0.0369035 0.999187 -0.016225 0.162121 0.155563 0.0217821 0.987586 -0.315166
15 26 6069 0.984122 0.0352592 -0.173953 0.939271 -0.0401027 0.998897 -0.0244069 0.157997 0.172901 0.0309954 0.984451 -0.304642
15 27 5616 0.968476 0.0306903 -0.24721 0.974587 -0.0403323 0.998607 -0.0340335 0.123481 0.245821 0.0429312 0.968364 -0.186901
15 28 5410 0.970872 0.0448517 -0.235364 0.963715 -0.0566025 0.997453 -0.0434065 0.12993 0.232818 0.0554643 0.970937 -0.233178
15 29 5004 0.974185 0.0629819 -0.216788 0.951113 -0.0715967 0.996917 -0.0321086 0.0606104 0.214097 0.046801 0.975691 -0.302837
30 31 4386 0.999876 -0.00232258 -0.0155548 0.980338 0.00239079 0.999988 0.00436823 0.0768082 0.0155444 -0.00440488 0.999869 -0.181763
30 32 10523 0.999215 -0.00205843 -0.0395611 0.982319 0.00276195 0.999839 0.0177365 -0.13661 0.0395182 -0.0178319 0.99906 0.128014
30 33 10202 0.995548 0.00773804 -0.0939407 0.985418 -0.00642169 0.999877 0.0143068 -0.0534404 0.0940398 -0.0136398 0.995475 0.16154
30 34 8852 0.995984 0.0348085 -0.0824909 0.991454 -0.03413 0.999371 0.00962171 -0.00243515 0.082774 -0.00676765 0.996545 0.130432
30 35 7126 0.993637 0.0578639 -0.096629 0.995186 -0.055557 0.998106 0.0263977 -0.0629256 0.0979735 -0.0208613 0.99497 0.0751393
30 36 6397 0.993635 0.0623939 -0.0937851 0.992438 -0.0608265 0.997958 0.0194822 0.0644977 0.0948092 -0.0136535 0.995402 0.104436
30 37 6373 0.987738 0.0545882 -0.146263 0.991402 -0.0509611 0.998296 0.0284344 0.0549393 0.147566 -0.020632 0.988837 0.118756
30 38 7059 0.987705 0.0653171 -0.14203 0.986188 -0.0601202 0.997366 0.0405827 0.0370956 0.144307 -0.0315449 0.98903 0.16142
30 39 6877 0.993683 0.0721895 -0.0859253 0.981337 -0.0680463 0.996418 0.0502116 0.00915349 0.0892422 -0.0440475 0.995035 0.192077
30 40 5887 0.996136 0.0595313 -0.0645612 0.973774 -0.0573583 0.99774 0.0350054 0.0734416 0.0664991 -0.031167 0.9973 0.215337
30 41 5706 0.994129 0.0572667 -0.0918015 0.972793 -0.0551097 0.998145 0.025864 0.0776124 0.0931124 -0.020653 0.995441 0.218291
30 42 6017 0.987547 0.0713063 -0.140239 0.985568 -0.0688949 0.997382 0.0219818 0.0581068 0.141439 -0.0120463 0.989874 0.158994
30 43 5721 0.989406 0.0657332 -0.129444 0.979206 -0.0645687 0.997826 0.0131767 0.0805286 0.130028 -0.0046791 0.991499 0.186202
30 44 5180 0.989658 0.0746704 -0.122482 0.985582 -0.0732102 0.997182 0.0163856 0.0593497 0.12336 -0.00724923 0.992335 0.15845
45 46 469 0.999852 -0.00253654 -0.0170345 0.915927 0.00248919 0.999993 -0.00280066 0.315525 0.0170415 0.00275785 0.999851 -0.248037
45 47 10041 0.99913 0.0102892 -0.0404165 0.991146 -0.0100631 0.999933 0.00579601 -0.0345923 0.0404734 -0.00538425 0.999166 -0.128192
45 48 9723 0.997294 0.0180594 -0.071263 0.996165 -0.0176658 0.999825 0.00614936 -0.0107877 0.0713616 -0.0048738 0.997439 -0.0868223
45 49 9607 0.998125 0.0254618 -0.0556681 0.975401 -0.0249043 0.999633 0.0106849 -0.0428642 0.0559197 -0.00927847 0.998392 -0.216229
45 50 8906 0.996913 0.0293003 -0.0728423 0.974166 -0.0289393 0.999563 0.00600638 0.103807 0.0729865 -0.00387983 0.997325 -0.200561
45 51 8242 0.992954 0.0378658 -0.112289 0.980624 -0.0345172 0.998904 0.0316176 -0.0599623 0.113363 -0.0275189 0.993172 -0.186497
45 52 7573 0.988024 0.0433933 -0.148075 0.9848 -0.04093 0.998969 0.0196437 0.0850479 0.148775 -0.0133477 0.988781 -0.151443
45 53 6715 0.991885 0.0507619 -0.116569 0.974337 -0.0452157 0.997738 0.0497417 -0.0200311 0.11883 -0.0440673 0.991936 -0.224203
45 54 6669 0.988644 0.0790234 -0.127825 0.997794 -0.0714829 0.995479 0.0625461 -0.0125043 0.13219 -0.0526985 0.989823 -0.0651915
45 55 5591 0.967023 0.0961295 -0.235849 0.99841 -0.0832623 0.994474 0.0639465 -0.0208802 0.240693 -0.0422004 0.969684 0.0523543
45 56 6034 0.974715 0.120603 -0.188109 0.997694 -0.116391 0.992644 0.0333207 0.0603334 0.190744 -0.0105841 0.981583 0.0310788
45 57 6400 0.977394 0.126509 -0.169401 0.997076 -0.123828 0.991954 0.02634 0.0728732 0.17137 -0.00476798 0.985195 0.022996
45 58 5675 0.972445 0.156456 -0.172833 0.997683 -0.14672 0.98685 0.0678181 -0.0667754 0.181171 -0.0405913 0.982614 0.0130521
45 59 5282 0.972436 0.154777 -0.174393 0.996651 -0.142786 0.986564 0.0793976 -0.0704505 0.184339 -0.0523081 0.98147 0.0415198
60 61 6811 0.999923 0.0046813 -0.0114966 0.882636 -0.00469329 0.999988 -0.00101644 0.0325477 0.0114917 0.00107031 0.999933 0.468928
60 62 7950 0.999287 0.0244809 -0.0287492 0.899607 -0.0248628 0.999606 -0.013001 0.289519 0.0284196 0.0137065 0.999502 0.326935
60 63 6798 0.999558 0.0237556 -0.0178765 0.795497 -0.0238467 0.999704 -0.0049012 0.0725331 0.0177548 0.00532533 0.999828 0.6016
60 64 6658 0.998935 0.0353701 -0.0296385 0.834914 -0.0354296 0.999371 -0.00148338 0.0172231 0.0295674 0.00253188 0.99956 0.55011
60 65 6476 0.998608 0.0289853 -0.0440672 0.850696 -0.0294541 0.999516 -0.0100263 0.103352 0.0437553 0.0113103 0.998978 0.515397
60 66 6986 0.996894 0.0265613 -0.0741383 0.891387 -0.0278506 0.999477 -0.0164119 0.109518 0.0736636 0.0184257 0.997113 0.439812
60 67 6858 0.995942 0.0212895 -0.087438 0.902152 -0.0224972 0.999664 -0.0128497 0.0189317 0.0871351 0.0147647 0.996087 0.431004
60 68 6410 0.995204 0.0296544 -0.0932176 0.912944 -0.031292 0.99938 -0.0161555 0.0192333 0.0926807 0.018995 0.995515 0.407632
60 69 5729 0.996577 0.0319135 -0.076263 0.793923 -0.0330438 0.999361 -0.0136049 -0.00629905 0.0757801 0.0160783 0.996995 0.607986
60 70 6006 0.993284 0.0291562 -0.11197 0.88508 -0.0304477 0.999488 -0.00984136 -0.045283 0.111626 0.0131845 0.993663 0.463231
60 71 5485 0.993826 0.0288991 -0.107116 0.862103 -0.0294348 0.999561 -0.00342347 -0.0963744 0.10697 0.00655529 0.994241 0.497483
60 72 5466 0.989008 0.0285718 -0.145074 0.869549 -0.0296303 0.999548 -0.00514016 -0.0833165 0.144862 0.00938226 0.989407 0.486767
60 73 5545 0.982697 0.0428674 -0.180189 0.882607 -0.043547 0.999051 0.000184599 -0.101833 0.180026 0.0076653 0.983632 0.45895
60 74 5360 0.986288 0.0455289 -0.158629 0.842672 -0.0470909 0.998872 -0.00610031 -0.0965134 0.158172 0.0134866 0.987319 0.529707
75 76 1049 0.999826 0.013923 -0.0123861 0.780163 -0.0139315 0.999903 -0.000601594 -0.246584 0.0123765 0.000774047 0.999923 0.574928
75 77 5687 0.999856 0.0111875 -0.0127431 0.54226 -0.0112552 0.999923 -0.00525622 -0.355603 0.0126834 0.00539889 0.999905 0.76125
75 78 7179 0.999531 0.0174927 -0.0251455 0.739621 -0.0178205 0.999758 -0.0128692 -0.385335 0.0249143 0.0133113 0.999601 0.551795
75 79 8889 0.997768 0.0199887 -0.0637198 0.901298 -0.0203883 0.999776 -0.00562619 -0.360144 0.0635931 0.00691277 0.997952 0.240746
75 80 7068 0.998709 0.0286048 -0.0419718 0.843 -0.0293757 0.999409 -0.0178669 -0.353491 0.041436 0.0190768 0.998959 0.405456
75 81 6754 0.998749 0.0281613 -0.0413188 0.814639 -0.0291893 0.999274 -0.0244913 -0.385029 0.0405991 0.0256667 0.998846 0.433723
75 82 7932 0.997701 0.0254072 -0.0628228 0.844622 -0.0271335 0.999273 -0.0267804 -0.341626 0.0620967 0.0284235 0.997665 0.412196
75 83 6446 0.998781 0.0274481 -0.0410201 0.80213 -0.0290441 0.998824 -0.0388307 -0.334836 0.039906 0.0399748 0.998403 0.494442
75 84 7124 0.996293 0.0227178 -0.0829716 0.866734 -0.0251978 0.999263 -0.0289656 -0.349342 0.0822524 0.0309489 0.996131 0.355995
75 85 6436 0.996503 0.0275682 -0.0788782 0.862478 -0.0307802 0.998734 -0.0397985 -0.339113 0.0776811 0.0420872 0.99609 0.375679
75 86 6910 0.993135 0.027591 -0.113671 0.887562 -0.0318309 0.998857 -0.0356542 -0.319571 0.112557 0.0390277 0.992878 0.331824
75 87 5520 0.995866 0.0383099 -0.0823608 0.843854 -0.0423349 0.997965 -0.0476922 -0.336632 0.080366 0.0509818 0.995461 0.417838
75 88 5178 0.995996 0.0407293 -0.079579 0.816231 -0.0452063 0.997446 -0.0552903 -0.347263 0.0771239 0.0586664 0.995294 0.46171
75 89 5328 0.994506 0.0488216 -0.0925955 0.859243 -0.0538045 0.997191 -0.0521021 -0.318834 0.0897917 0.056798 0.99434 0.400058
90 91 334 0.999884 0.000178238 -0.0152544 0.991882 -0.000127471 0.999994 0.0033289 -0.0875664 0.0152549 -0.00332657 0.999878 0.092205
90 92 256 0.999847 0.0129533 -0.0117507 0.967573 -0.0128663 0.999889 0.00744747 -0.027149 0.0118459 -0.00729515 0.999903 0.251127
90 93 7457 0.998907 0.0212061 -0.041649 0.975764 -0.0208494 0.999742 0.00897902 0.0562278 0.0418287 -0.00810085 0.999092 0.211476
90 94 6557 0.998955 0.0199986 -0.0410926 0.991401 -0.0195212 0.999738 0.0119867 0.128735 0.0413215 -0.011172 0.999083 -0.023487
90 95 6886 0.996742 0.0384952 -0.0708805 0.992714 -0.0369458 0.999052 0.0230428 0.119444 0.0717003 -0.0203489 0.997219 -0.0158799
90 96 5934 0.997426 0.0532583 -0.048013 0.971682 -0.0517866 0.998165 0.0313939 0.234678 0.0495969 -0.0288266 0.998353 0.0275717
90 97 6462 0.991815 0.0687062 -0.107621 0.992925 -0.0639769 0.996853 0.0468004 0.0864745 0.110498 -0.0395321 0.99309 -0.0813722
90 98 5043 0.994285 0.0786147 -0.0722261 0.956106 -0.0748679 0.995773 0.0532002 0.253567 0.0761031 -0.0474888 0.995968 -0.146854
90 99 4858 0.993498 0.0826057 -0.0783411 0.970411 -0.0767066 0.994188 0.0755377 0.223301 0.0841257 -0.0690373 0.994061 -0.0918654
90 100 5301 0.995453 0.0872788 -0.0381617 0.952579 -0.0831058 0.991524 0.0998671 0.153113 0.0465545 -0.0962416 0.994269 0.262964
90 101 4672 0.992279 0.10482 -0.0662908 0.974944 -0.0976079 0.989777 0.103995 0.204006 0.0765138 -0.0967215 0.992366 -0.0886921
90 102 4726 0.990545 0.121788 -0.0631542 0.967834 -0.113947 0.986733 0.115643 0.25071 0.0764003 -0.107354 0.991281 -0.0209994
90 103 5538 0.981762 0.14025 -0.12835 0.976701 -0.126013 0.985566 0.113054 0.214605 0.142353 -0.0948181 0.985264 0.000385714
90 104 4647 0.98265 0.146158 -0.114181 0.972863 -0.132729 0.984162 0.117511 0.230666 0.129548 -0.100317 0.986486 -0.018181
105 106 2829 0.999805 0.0191964 -0.00453743 0.0267227 -0.0191772 0.999807 0.00425071 0.130823 0.00461816 -0.00416286 0.999981 -0.991045
105 107 5181 0.999297 0.023924 -0.0288776 0.877659 -0.0237651 0.999701 0.00583268 0.170166 0.0290085 -0.0051423 0.999566 -0.44806
105 108 3636 0.998937 0.0342317 -0.0308836 0.793974 -0.0339617 0.999381 0.00922587 0.371136 0.0311803 -0.0081672 0.99948 -0.481523
105 109 6418 0.997534 0.03641 -0.059996 0.857909 -0.0362259 0.999335 0.00415434 0.381586 0.0601073 -0.00197069 0.99819 -0.34407
105 110 5040 0.997816 0.0343238 -0.05643 0.738859 -0.0333538 0.999281 0.0180422 0.357629 0.0570087 -0.0161206 0.998244 -0.571129
105 111 5647 0.997681 0.029593 -0.0612959 0.856175 -0.0276626 0.999102 0.0321064 0.33032 0.0621909 -0.0303363 0.997603 -0.397306
105 112 1665 0.998767 0.0397039 -0.0297889 -0.944404 -0.0383414 0.998251 0.044996 -0.307935 0.0315233 -0.0437983 0.998543 -0.115227
105 113 5474 0.997272 0.0280006 -0.0682929 0.969763 -0.0259571 0.999194 0.0306293 0.217793 0.0690954 -0.0287731 0.997195 -0.11012
105 114 5750 0.992766 0.0270981 -0.116971 0.97621 -0.0252063 0.999527 0.0176225 0.195203 0.117393 -0.0145466 0.992979 -0.0943946
105 115 5663 0.991716 0.02279 -0.126413 0.986436 -0.020755 0.999633 0.017392 0.163732 0.126763 -0.0146242 0.991825 -0.0116408
105 116 6294 0.987307 0.0303209 -0.1559 0.988876 -0.0286473 0.999505 0.0129716 0.143793 0.156216 -0.0083408 0.987688 -0.0380554
105 117 4463 0.99277 0.0250378 -0.117388 0.99013 -0.0233211 0.9996 0.0159748 0.140045 0.117741 -0.0131217 0.992958 -0.00544985
105 118 4072 0.994127 0.0296681 -0.104069 0.993892 -0.0276559 0.999403 0.0207254 0.10704 0.104622 -0.0177256 0.994354 -0.0268649
105 119 3595 0.990264 0.0262298 -0.136709 0.994228 -0.0247999 0.999619 0.0121524 0.0924027 0.136975 -0.0086437 0.990537 0.0545112
120 121 284 0.999879 -0.00317478 0.015252 -0.982908 0.00320905 0.999992 -0.00222257 0.18066 -0.0152448 0.00227124 0.999881 -0.0354087
120 122 5798 0.999974 -0.000501911 -0.0072535 0.966062 0.000558719 0.999969 0.00783193 -0.239604 0.00724935 -0.00783577 0.999943 0.0965112
120 123 4784 0.999875 -0.0108839 0.0114406 0.936108 0.0108366 0.999933 0.00418516 -0.300956 -0.0114854 -0.00406066 0.999926 0.18201
120 124 5078 0.999941 -0.00758889 -0.00772936 0.953238 0.00765611 0.999933 0.00870459 -0.300113 0.00766279 -0.00876326 0.999932 0.035636
120 125 4331 0.999985 -0.00374212 0.00405025 0.926047 0.00372338 0.999982 0.00462321 -0.299202 -0.00406748 -0.00460806 0.999981 0.230031
120 126 3948 0.999636 -0.00489772 0.0265187 0.868249 0.00504728 0.999972 -0.00557563 -0.323849 -0.0264906 0.00570745 0.999633 0.375852
120 127 5645 0.99988 0.00803464 -0.0132345 0.933503 -0.00804769 0.999967 -0.000932767 -0.31443 0.0132266 0.00103916 0.999912 0.172352
120 128 3703 0.999971 0.00556321 -0.0051105 0.941434 -0.00557685 0.999981 -0.00265918 -0.314264 0.00509561 0.0026876 0.999983 0.122227
120 129 3529 0.999909 0.00108342 0.0134641 0.923571 -0.00105734 0.999998 -0.00194432 -0.304029 -0.0134662 0.0019299 0.999907 0.233629
120 130 6113 0.9992 0.00746902 -0.0392824 0.932216 -0.0070194 0.999908 0.0115714 -0.279665 0.0393652 -0.0112864 0.999161 0.229699
120 131 3321 0.999964 -0.00168426 -0.00827724 0.920408 0.00165894 0.999994 -0.00306486 -0.300362 0.00828235 0.00305102 0.999961 0.250263
120 132 6092 0.998635 0.00398124 -0.0520823 0.951803 -0.00354503 0.999958 0.0084651 -0.296767 0.0521138 -0.00826891 0.998607 0.0774596
120 133 5665 0.998227 0.00103452 -0.0595171 0.955933 -0.000401912 0.999943 0.01064 -0.265369 0.0595248 -0.0105972 0.998171 0.125587
120 134 5301 0.997141 0.00289512 -0.0755125 0.956227 -0.00182762 0.999897 0.0142021 -0.244172 0.0755459 -0.0140235 0.997044 0.161273
135 136 6580 0.999677 0.00664395 -0.0245403 0.808027 -0.00655918 0.999972 0.00353321 0.194527 0.0245631 -0.0033711 0.999693 -0.556103
135 137 1113 0.999728 0.0121457 -0.0198882 0.615331 -0.0118675 0.999831 0.0140457 0.190811 0.0200554 -0.0138058 0.999704 -0.764826
135 138 6671 0.99787 0.0119261 -0.0641281 0.962642 -0.0104697 0.999681 0.0229988 0.180146 0.0643819 -0.0222784 0.997677 -0.202156
135 139 6275 0.997188 0.018096 -0.0727163 0.924566 -0.0158532 0.999384 0.0313032 0.118919 0.073238 -0.0300624 0.996861 -0.361989
135 140 7908 0.992124 0.0284809 -0.121981 0.97432 -0.0251044 0.99926 0.0291285 0.159353 0.12272 -0.0258368 0.992105 -0.159083
135 141 4771 0.997706 0.0226012 -0.0638061 0.91481 -0.0198659 0.99887 0.0431834 0.16127 0.0647099 -0.0418168 0.997028 -0.370291
135 142 4549 0.995172 0.0311454 -0.0930745 0.882571 -0.0265795 0.9984 0.0499 0.136019 0.0944798 -0.0471852 0.994408 -0.450076
135 143 5029 0.992559 0.035557 -0.116457 0.929128 -0.0291776 0.998002 0.0560339 0.124078 0.118217 -0.052219 0.991614 -0.348319
135 144 4951 0.990682 0.0521596 -0.12581 0.933791 -0.0448227 0.997164 0.0604604 0.148208 0.128607 -0.0542579 0.99021 -0.325683
135 145 4177 0.992058 0.0569157 -0.112164 0.90392 -0.0499239 0.996688 0.0641898 0.164746 0.115446 -0.0580804 0.991614 -0.3947
135 146 4226 0.987777 0.0737898 -0.1373 0.943359 -0.0650843 0.995638 0.0668546 0.153851 0.141635 -0.0571014 0.988271 -0.293945
135 147 5582 0.976568 0.0934271 -0.193874 0.955705 -0.0833184 0.994735 0.0596735 0.160168 0.198428 -0.0421219 0.97921 -0.246928
135 148 4001 0.983889 0.0865944 -0.156406 0.939396 -0.0775193 0.994984 0.0632304 0.145576 0.161097 -0.0500872 0.985667 -0.310391
135 149 3423 0.985246 0.0981986 -0.140169 0.894092 -0.0897271 0.993807 0.0655439 0.153969 0.145737 -0.0519999 0.987956 -0.420586
150 151 2084 0.999736 0.000857744 -0.0229446 0.917774 -0.000802853 0.999997 0.00240143 0.297149 0.0229466 -0.00238238 0.999734 0.263426
150 152 5009 0.999029 -0.00819238 -0.0432972 0.948277 0.00846857 0.999945 0.00619952 0.0191593 0.043244 -0.00656016 0.999043 -0.316866
150 153 1875 0.99912 -0.00825257 -0.0411335 0.901401 0.00828158 0.999966 0.000534883 0.111866 0.0411277 -0.000875062 0.999154 -0.418285
150 154 2597 0.999604 -0.00710496 -0.0272257 -0.810121 0.00697293 0.999963 -0.00494137 -0.131604 0.0272598 0.00474957 0.999617 0.571301
150 155 3833 0.997638 -0.0074444 -0.0682793 0.964305 0.00628213 0.999832 -0.0172212 0.135355 0.0683961 0.0167516 0.997518 -0.227583
150 156 5232 0.994078 -0.0130421 -0.10788 0.965252 0.0109966 0.999749 -0.0195341 0.0966641 0.108108 0.0182321 0.993972 -0.242784
150 157 3426 0.99653 -0.0175667 -0.0813575 0.915612 0.0163897 0.999751 -0.0151114 0.123378 0.0816027 0.0137256 0.99657 -0.382666
150 158 5612 0.989997 -0.0114696 -0.140622 0.950023 0.00935779 0.999833 -0.0156699 0.129856 0.140778 0.0141972 0.989939 -0.283891
150 159 3609 0.994272 -0.00927686 -0.106479 0.843445 0.00874918 0.999947 -0.00542178 0.0904453 0.106523 0.00445912 0.9943 -0.529547
150 160 5214 0.984298 -0.00773601 -0.176344 0.970814 0.00616096 0.999936 -0.00947748 0.075272 0.176406 0.00824222 0.984283 -0.227717
150 161 4823 0.984784 -0.00407954 -0.173737 0.937399 0.00274169 0.999965 -0.00793974 0.0944255 0.173764 0.00734259 0.98476 -0.335213
150 162 4796 0.97887 0.0018067 -0.204475 0.971265 -0.00280329 0.999986 -0.00458434 0.0902994 0.204464 0.00506068 0.978861 -0.220205
150 163 4624 0.976926 0.0123087 -0.213224 0.965446 -0.0126574 0.99992 -0.000270546 0.102403 0.213204 0.00296317 0.977003 -0.239642
150 164 4369 0.974441 0.0159163 -0.22408 0.946452 -0.0146609 0.999866 0.00726523 0.104408 0.224165 -0.00379431 0.974544 -0.305495
165 166 10050 0.999409 0.00587077 -0.0338808 0.939367 -0.00616913 0.999943 -0.00870845 0.342312 0.0338278 0.00891231 0.999388 0.020293
165 167 1744 0.999847 0.0163904 -0.00608707 -0.782252 -0.0163235 0.999808 0.0108828 -0.0116545 0.00626428 -0.0107818 0.999922 0.622853
165 168 5592 0.998819 0.0321655 -0.0364211 0.895286 -0.0314952 0.999326 0.0188309 -0.122981 0.0370023 -0.0176616 0.999159 0.42818
165 169 5566 0.998654 0.0264819 -0.0446033 0.949208 -0.0258993 0.999572 0.0135902 -0.0857605 0.0449441 -0.0124167 0.998912 0.302737
165 170 5297 0.998108 0.03786 -0.0484383 0.925253 -0.0372267 0.99921 0.01391 -0.0753025 0.0489267 -0.0120805 0.998729 0.371802
165 171 7382 0.994895 0.0406376 -0.0923684 0.988419 -0.0383292 0.99891 0.0266299 -0.105489 0.0933499 -0.0229536 0.995369 0.109089
165 172 7094 0.992812 0.0426124 -0.111838 0.972507 -0.0391934 0.9987 0.0325939 -0.123303 0.113081 -0.0279763 0.993192 0.19755
165 173 6068 0.990391 0.0547168 -0.12701 0.943257 -0.0508197 0.998138 0.0337266 -0.170545 0.128619 -0.0269479 0.991328 0.284923
165 174 5779 0.986818 0.0705204 -0.145658 0.936893 -0.0670518 0.99734 0.0285931 -0.17579 0.147287 -0.0184496 0.988922 0.302209
165 175 3706 0.989444 0.0672321 -0.128378 0.912976 -0.0652751 0.997679 0.0193952 -0.185659 0.129384 -0.0108105 0.991536 0.363326
165 176 4649 0.985047 0.0779433 -0.153644 0.916014 -0.0761232 0.996941 0.0177028 -0.217149 0.154554 -0.00574222 0.987968 0.33729
165 177 3579 0.985975 0.0744303 -0.149374 0.921924 -0.0744647 0.997209 0.00537045 -0.188475 0.149357 0.00582796 0.988766 0.338427
165 178 4097 0.982777 0.0869988 -0.163036 0.945153 -0.0857133 0.996208 0.0149164 -0.2033 0.163715 -0.000685211 0.986507 0.255648
165 179 4203 0.974641 0.0790297 -0.209353 0.95108 -0.0758853 0.996851 0.0230231 -0.177403 0.210513 -0.00655242 0.977569 0.252931
180 181 3638 0.999788 0.00863544 0.0186953 -0.958044 -0.00866632 0.999961 0.00157139 0.0946195 -0.018681 -0.00173308 0.999824 0.270554
180 182 8708 0.999199 0.00696262 -0.0394141 0.975208 -0.00678689 0.999966 0.00459052 0.00685464 0.0394447 -0.00431934 0.999212 0.221186
180 183 8146 0.999483 0.0028648 0.0320165 -0.782317 -0.00298227 0.999989 0.00362207 0.0240141 -0.0320058 -0.00371568 0.999481 0.622417
180 184 4911 0.999412 0.0102697 -0.03271 0.87455 -0.00999301 0.999913 0.00861108 -0.160354 0.0327956 -0.00827915 0.999428 0.457656
180 185 5389 0.999094 0.00259334 -0.0424879 0.954006 -0.00252556 0.999995 0.00164904 -0.113421 0.042492 -0.00154024 0.999096 0.277502
180 186 7360 0.995021 0.0144927 -0.0986092 0.989442 -0.0132498 0.999824 0.0132468 -0.131874 0.0987838 -0.0118743 0.995038 0.0601163
180 187 6970 0.995158 0.0108961 -0.0976801 0.987628 -0.00999525 0.999903 0.00970679 -0.0994065 0.0977764 -0.00868345 0.995171 0.121281
180 188 4632 0.999008 0.00486269 -0.0442743 0.949236 -0.00473057 0.999984 0.00308849 -0.095034 0.0442886 -0.00287598 0.999015 0.299867
180 189 4200 0.998598 0.0130828 -0.0512872 0.956288 -0.0125879 0.999871 0.00996177 -0.101457 0.0514109 -0.00930221 0.998634 0.274263
180 190 5226 0.994364 0.00850561 -0.105676 0.979094 -0.00656642 0.999804 0.0186847 -0.0651084 0.105815 -0.0178855 0.994225 0.192707
180 191 5713 0.98697 0.0215783 -0.159449 0.974613 -0.0172269 0.999442 0.0286223 -0.0977863 0.159978 -0.0255026 0.986791 0.201415
180 192 5424 0.986721 0.037334 -0.158078 0.984907 -0.0331522 0.999029 0.0290102 -0.105732 0.159008 -0.0233844 0.987 0.137037
180 193 5356 0.989884 0.0317892 -0.138273 0.983724 -0.0289324 0.999325 0.0226223 -0.115978 0.138899 -0.0183929 0.990136 0.137248
180 194 4862 0.989396 0.0274252 -0.142627 0.98536 -0.0241529 0.999405 0.0246248 -0.137004 0.143217 -0.0209188 0.98947 0.101469
195 196 6654 0.999694 0.0107152 -0.0222889 0.992069 -0.0106256 0.999935 0.00413498 -0.1154 0.0223317 -0.00389688 0.999743 0.0498293
195 197 8007 0.999453 0.00904903 -0.0318001 0.989671 -0.00900194 0.999958 0.00162368 -0.0449361 0.0318134 -0.00133653 0.999493 -0.136134
195 198 4110 0.99979 0.0203094 -0.00282062 0.901668 -0.0203001 0.999789 0.00329392 -0.0530288 0.00288692 -0.00323597 0.999991 -0.429166
195 199 4592 0.999547 0.0300653 -0.00141897 0.912463 -0.030062 0.999545 0.00233053 -0.0495203 0.0014884 -0.00228682 0.999996 -0.406152
195 200 4791 0.998742 0.0424761 -0.0266339 0.961959 -0.0424499 0.999097 0.00154849 -0.127184 0.0266756 -0.000415937 0.999644 -0.241782
195 201 3445 0.997649 0.0565882 0.0386434 -0.971665 -0.0562412 0.998367 -0.0100102 0.0439271 -0.0391468 0.00781331 0.999203 -0.232246
195 202 4381 0.998017 0.0552209 -0.0302085 0.957695 -0.0555843 0.99839 -0.0113246 -0.0496849 0.0295345 0.0129813 0.999479 -0.283465
195 203 4430 0.996925 0.0557 -0.0551192 0.972473 -0.0562872 0.998373 -0.00915713 -0.0827544 0.0545195 0.0122315 0.998438 -0.217826
195 204 6434 0.993896 0.0642074 -0.0897078 0.985397 -0.0649419 0.997875 -0.00528914 -0.0689871 0.0891776 0.0110826 0.995954 -0.155673
195 205 4000 0.995538 0.0619552 -0.0711783 0.98427 -0.0626582 0.998005 -0.00768336 -0.0350617 0.0705603 0.012109 0.997434 -0.173154
195 206 6454 0.988847 0.0683935 -0.132304 0.9912 -0.0687815 0.99763 0.00164093 -0.0548187 0.132102 0.00747742 0.991208 -0.120487
195 207 4045 0.99209 0.0676115 -0.105768 0.995818 -0.0684751 0.997642 -0.00455079 -0.0285053 0.10521 0.0117572 0.99438 -0.0867972
195 208 3485 0.992188 0.0686058 -0.10419 0.993314 -0.0698611 0.997521 -0.00844267 -0.0181104 0.103353 0.0156556 0.994522 -0.114011
195 209 5123 0.987927 0.0634355 -0.14134 0.986484 -0.0644469 0.997918 -0.002585 -0.0114568 0.140881 0.0116627 0.989958 -0.163459
210 211 1618 0.999949 -0.00904687 0.00446055 -0.99228 0.00904147 0.999958 0.00123037 0.0404401 -0.0044715 -0.00118998 0.999989 -0.117238
210 212 314 0.999787 -0.00462338 -0.0201152 -0.952015 0.00466949 0.999987 0.00224616 -0.0350648 0.0201045 -0.00233961 0.999795 0.304036
210 213 9417 0.995713 -0.00800735 -0.092144 0.968348 0.00863403 0.999942 0.00640456 -0.0947819 0.0920874 -0.00717268 0.995725 0.230909
210 214 8307 0.996867 -0.00621083 -0.0788503 0.995513 0.00596401 0.999977 -0.00336532 -0.094411 0.0788694 0.00288452 0.996881 -0.00630438
210 215 2868 0.998723 -0.0066924 -0.0500793 0.958269 0.00614785 0.99992 -0.01102 -0.107084 0.0501491 0.010698 0.998684 0.265054
210 216 5396 0.994995 -0.0102346 -0.099404 0.984071 0.00993769 0.999945 -0.00348136 -0.177476 0.0994341 0.00247609 0.995041 0.0103191
210 217 5165 0.995013 -0.0131051 -0.0988781 0.963708 0.0124833 0.999898 -0.00690437 -0.135063 0.0989585 0.00563561 0.995076 0.230272
210 218 5030 0.992105 -0.00413131 -0.125343 0.983188 0.00356235 0.999982 -0.00476308 -0.160446 0.12536 0.00427896 0.992102 0.0871702
210 219 6129 0.988305 0.00887324 -0.152231 0.976161 -0.00881209 0.999961 0.00107638 -0.169112 0.152234 0.000277683 0.988344 0.136058
210 220 6994 0.980643 0.0194126 -0.194841 0.977474 -0.0187571 0.99981 0.00520928 -0.137096 0.194905 -0.00145379 0.980821 0.160466
210 221 6542 0.976969 0.0249077 -0.211923 0.960798 -0.0221592 0.999637 0.0153348 -0.187577 0.212228 -0.0102856 0.977166 0.204164
210 222 5943 0.980782 0.0212489 -0.193948 0.928804 -0.0191053 0.999734 0.0129163 -0.206218 0.194171 -0.0089626 0.980927 0.307891
210 223 5484 0.969907 0.0447119 -0.239336 0.943159 -0.0414029 0.998965 0.0188382 -0.225981 0.239931 -0.00836213 0.970754 0.243689
210 224 5421 0.968169 0.0493233 -0.245388 0.93923 -0.0463811 0.998766 0.0177586 -0.243625 0.245961 -0.00581201 0.969262 0.241854
225 226 10644 0.998869 0.010559 -0.046358 0.948756 -0.0101034 0.999898 0.0100513 -0.263542 0.0464594 -0.00957158 0.998874 0.174376
225 227 9886 0.998128 0.00973034 -0.0603752 0.940757 -0.00922399 0.99992 0.00865984 -0.243805 0.0604547 -0.00808673 0.998138 0.235658
225 228 4690 0.999503 0.0105936 -0.0296824 0.964663 -0.010641 0.999942 -0.00144135 -0.129343 0.0296654 0.00175649 0.999558 0.229557
225 229 4702 0.999605 0.0101709 -0.02621 0.947382 -0.0100563 0.999939 0.00450172 -0.151555 0.0262542 -0.00423637 0.999646 0.281956
225 230 4793 0.998651 0.00726408 -0.0514045 0.929874 -0.00699272 0.999961 0.00545676 -0.134077 0.0514421 -0.00508995 0.998663 0.342576
225 231 4313 0.9992 0.00430764 -0.0397697 0.845761 -0.00428795 0.999991 0.00058033 -0.102623 0.0397718 -0.000409335 0.999209 0.523601
225 232 4323 0.998425 0.00932517 -0.0553276 0.925912 -0.00906518 0.999947 0.00494833 -0.106812 0.0553708 -0.00443898 0.998456 0.362323
225 233 7521 0.996524 0.00729086 -0.0829896 0.957675 -0.00672852 0.999952 0.00705369 -0.0944984 0.083037 -0.00647078 0.996525 0.271897
225 234 8095 0.993206 0.00957007 -0.115973 0.944152 -0.00814765 0.999886 0.012733 -0.0909088 0.116082 -0.0117016 0.993171 0.316721
225 235 7738 0.994618 0.00120745 -0.103605 0.94483 0.000576632 0.999852 0.0171882 -0.109193 0.103611 -0.0171555 0.99447 0.308827
225 236 6070 0.994869 0.0102287 -0.100655 0.922024 -0.00888599 0.999866 0.0137789 -0.0844413 0.100783 -0.0128137 0.994826 0.377812
225 237 5960 0.993246 0.0112976 -0.115472 0.916403 -0.00935294 0.999805 0.0173687 -0.103286 0.115646 -0.0161714 0.993159 0.3867
225 238 3674 0.994259 0.0145737 -0.106007 0.944254 -0.0124278 0.999705 0.0208754 -0.103548 0.10628 -0.0194381 0.994146 0.31251
225 239 5277 0.991356 0.02296 -0.129173 0.919893 -0.0199431 0.999498 0.0246004 -0.101291 0.129673 -0.0218116 0.991317 0.378862
240 241 1764 0.999998 0.00160877 -0.00104026 -0.693916 -0.00160853 0.999999 0.000235652 -0.0250575 0.00104064 -0.000233978 0.999999 0.71962
240 242 3564 0.99998 0.00556244 0.00312901 -0.980262 -0.00557013 0.999981 0.00245629 -0.0167584 -0.00311528 -0.00247367 0.999992 0.196992
240 243 4087 0.999473 0.00724968 -0.0316265 0.997361 -0.00712859 0.999967 0.00393962 -0.0461278 0.031654 -0.0037121 0.999492 -0.056068
240 244 6916 0.99728 0.0138591 -0.0723967 0.993552 -0.013316 0.99988 0.00797921 -0.100997 0.0724986 -0.00699346 0.997344 0.0515229
240 245 6901 0.996349 0.0232465 -0.0821487 0.984214 -0.0226578 0.999711 0.00809076 -0.100574 0.082313 -0.00619991 0.996587 -0.145631
240 246 7250 0.99286 0.0322734 -0.114837 0.992594 -0.0314694 0.999466 0.00880741 -0.090374 0.11506 -0.00513066 0.993345 0.0811729
240 247 6725 0.988877 0.0291624 -0.14585 0.991354 -0.0270785 0.999501 0.0162534 -0.122358 0.146251 -0.0121232 0.989173 0.047383
240 248 6492 0.988741 0.0415958 -0.143742 0.990807 -0.0398203 0.999091 0.0152078 -0.116984 0.144244 -0.00931275 0.989498 0.0679441
240 249 4233 0.993923 0.0441971 -0.100817 0.991633 -0.0436491 0.999018 0.00763668 -0.126427 0.101055 -0.00318973 0.994876 -0.0260747
240 250 5071 0.984233 0.0529614 -0.16876 0.973299 -0.0511646 0.998578 0.0149812 -0.167452 0.169313 -0.00611051 0.985543 0.156997
240 251 3462 0.993885 0.0469309 -0.0999519 0.978064 -0.0481466 0.998792 -0.00978444 -0.171356 0.099372 0.0145369 0.994944 0.118441
240 252 5011 0.973768 0.0694751 -0.216676 0.985144 -0.0715549 0.997435 -0.00175796 -0.145706 0.215998 0.0172161 0.976242 0.0908861
240 253 4815 0.985317 0.0702562 -0.15561 0.986573 -0.0729059 0.997274 -0.0113796 -0.143455 0.154386 0.0225574 0.987753 0.0780725
240 254 3695 0.990948 0.0708823 -0.114008 0.983996 -0.0734332 0.997132 -0.0183282 -0.143018 0.112382 0.0265342 0.993311 0.106288
255 256 190 0.999969 0.00644487 -0.00455577 0.910523 -0.00642042 0.999965 0.00536233 0.160167 0.00459017 -0.00533292 0.999975 -0.381175
255 257 1232 0.99996 0.00868084 0.00190948 -0.795349 -0.0087118 0.99982 0.0168543 -0.0741336 -0.00176282 -0.0168702 0.999856 -0.601602
255 258 2920 0.999787 0.0104463 -0.017802 0.748102 -0.0101397 0.9998 0.0172305 0.186474 0.0179784 -0.0170463 0.999693 0.636845
255 259 6895 0.994158 0.00818802 -0.107627 0.983049 -0.00695295 0.999906 0.0118457 0.137134 0.107714 -0.0110282 0.994121 0.121691
255 260 3687 0.999654 -0.00212757 -0.0262267 0.821284 0.00300504 0.999435 0.0334632 0.0650218 0.0261407 -0.0335304 0.999096 0.566803
255 261 6103 0.984329 0.0115202 -0.175965 0.963971 -0.0085577 0.999809 0.0175851 0.104221 0.176134 -0.0158037 0.984239 0.244739
255 262 4632 0.998072 0.00200691 -0.0620344 0.80868 -0.000205155 0.999578 0.0290373 -0.00750441 0.0620665 -0.0289685 0.997652 0.588201
255 263 4580 0.997054 0.00612791 -0.0764609 0.873691 -0.00408635 0.999632 0.0268286 0.0173155 0.0765972 -0.0264371 0.996712 0.486174
255 264 5313 0.982817 0.0180555 -0.183696 0.93745 -0.0154872 0.999761 0.0154064 0.0483718 0.18393 -0.0122967 0.982862 0.344742
255 265 4356 0.992851 0.00449725 -0.119277 0.847896 -0.00198363 0.999774 0.0211841 -0.0434446 0.119346 -0.0207961 0.992635 0.528379
255 266 5476 0.980965 0.0228871 -0.192831 0.950589 -0.0206384 0.999694 0.0136622 -0.000957244 0.193085 -0.00942242 0.981137 0.31045
255 267 4814 0.981687 0.0210377 -0.189337 0.910686 -0.0164819 0.999536 0.0256045 -0.0936995 0.189788 -0.0220149 0.981578 0.402332
255 268 3982 0.993662 0.0280988 -0.108842 0.803717 -0.0266048 0.999531 0.0151552 -0.102616 0.109217 -0.0121634 0.993944 0.586097
255 269 3972 0.989378 0.032425 -0.141705 0.853438 -0.0300716 0.999372 0.0187184 -0.119437 0.142223 -0.0142583 0.989732 0.507324
270 271 6266 0.997853 0.0104896 -0.0646464 0.836972 -0.00801731 0.999231 0.0383855 -0.5304 0.0649993 -0.0377848 0.99717 0.134739
270 272 5838 0.996714 0.0113914 -0.0801928 0.883322 -0.0102662 0.999843 0.0144293 -0.261827 0.0803446 -0.0135586 0.996675 0.38883
270 273 5753 0.99399 0.030416 -0.105162 0.881554 -0.0267951 0.999004 0.0356753 -0.422142 0.106142 -0.032643 0.993815 0.211324
270 274 5441 0.995586 0.0278117 -0.0896411 0.925805 -0.0270488 0.999587 0.00971447 -0.238212 0.0898742 -0.0072469 0.995927 0.293495
270 275 5260 0.994765 0.0230482 -0.0995573 0.905565 -0.0209394 0.999535 0.0221749 -0.313347 0.100022 -0.0199741 0.994785 0.285948
270 276 5088 0.996757 0.0225588 -0.0772439 0.863115 -0.0217412 0.999699 0.0114092 -0.288231 0.077478 -0.0096928 0.996947 0.414674
270 277 4729 0.997892 0.0264341 -0.0592609 0.882138 -0.0263391 0.99965 0.00238448 -0.256643 0.0593032 -0.000818575 0.99824 0.394927
270 278 4908 0.994101 0.0180921 -0.10694 0.87771 -0.0163964 0.999726 0.0167145 -0.268304 0.107214 -0.0148624 0.994125 0.397037
270 279 4488 0.997481 0.0379772 -0.0599182 0.819252 -0.0385056 0.999229 -0.00768931 -0.209022 0.05958 0.00997712 0.998174 0.533981
270 280 4627 0.995903 0.0457987 -0.0779765 0.854894 -0.0460963 0.998935 -0.00201891 -0.206644 0.077801 0.00560506 0.996953 0.475872
270 281 4856 0.995746 0.0280404 -0.0877659 0.86429 -0.0276372 0.999601 0.00580616 -0.193049 0.0878937 -0.00335586 0.996124 0.464472
270 282 4253 0.996479 0.0349744 -0.0761946 0.816506 -0.0346751 0.999385 0.00524787 -0.199193 0.0763313 -0.00258734 0.997079 0.541885
270 283 4494 0.99052 0.0241781 -0.135225 0.864055 -0.0219923 0.999603 0.0176355 -0.203478 0.135597 -0.0144944 0.990658 0.460441
270 284 4364 0.992459 0.0474849 -0.113003 0.839831 -0.04697 0.99887 0.00721646 -0.177757 0.113218 -0.00185429 0.993568 0.51292
285 286 7277 0.998896 0.00386192 -0.0468085 0.970246 -0.0033002 0.999922 0.0120717 -0.231792 0.0468515 -0.0119039 0.998831 -0.0699689
285 287 4657 0.999729 -0.000219016 -0.0232728 0.998547 0.000339565 0.999987 0.00517598 -0.0495829 0.0232714 -0.00518248 0.999716 0.0211074
285 288 418 0.999983 0.00383855 -0.00445112 0.727999 -0.00382075 0.999985 0.00400155 -0.185435 0.00446641 -0.00398447 0.999982 0.660024
285 289 2308 0.999954 0.00169038 0.00939998 -0.987998 -0.00168978 0.999999 -7.11232e-05 0.0149626 -0.00940009 5.5236e-05 0.999956 0.153737
285 290 6655 0.997048 0.0175466 -0.0747463 0.993112 -0.017077 0.99983 0.00691721 -0.107987 0.074855 -0.00562035 0.997179 0.0454759
285 291 6592 0.99627 0.017816 -0.0844368 0.983482 -0.0166425 0.999755 0.0145809 -0.167492 0.0846759 -0.0131213 0.996322 -0.0686312
285 292 4346 0.99937 0.00675652 -0.0348433 0.980838 -0.0065494 0.99996 0.00605487 -0.134015 0.0348828 -0.00582285 0.999374 -0.141412
285 293 5863 0.996154 0.0250279 -0.0839635 0.989757 -0.0235966 0.99956 0.017996 -0.135854 0.0843769 -0.0159456 0.996306 -0.0438747
285 294 1926 0.998713 0.0163768 0.0480073 -0.923736 -0.0162035 0.999861 -0.0039968 0.195406 -0.048066 0.00321377 0.998839 -0.329437
285 295 5835 0.997744 0.0514769 -0.0430964 0.986567 -0.0513289 0.998672 0.0045338 -0.0753127 0.0432726 -0.00231148 0.999061 -0.144963
285 296 5280 0.993793 0.0730105 -0.083935 0.974602 -0.0709712 0.997112 0.027033 -0.107233 0.0856663 -0.0209082 0.996104 -0.196603
285 297 5422 0.994563 0.0784398 -0.0685023 0.992025 -0.0764185 0.996573 0.0316497 -0.082972 0.0707502 -0.0262427 0.997149 -0.0948752
285 298 5916 0.995925 0.0847552 -0.0308234 0.984301 -0.0837733 0.995975 0.0318655 -0.0990485 0.0334001 -0.0291534 0.999017 -0.146088
285 299 5293 0.994002 0.107662 -0.019233 0.977252 -0.107026 0.993757 0.0314926 -0.110705 0.0225035 -0.0292452 0.999319 -0.180896
300 301 828 0.999895 0.013261 0.00582568 0.35273 -0.0132503 0.99991 -0.00186901 0.0790497 -0.00584995 0.00179162 0.999981 -0.93238
300 302 104 0.999958 0.00663199 0.00627704 0.964649 -0.00661049 0.999972 -0.00343992 -0.242735 -0.00629968 0.00339828 0.999974 -0.102629
300 303 1253 0.9999 0.0105955 -0.00931339 0.961566 -0.0106254 0.999939 -0.00316896 -0.104578 0.00927924 0.00326761 0.999952 -0.25388
300 304 577 0.999837 0.0168171 0.00654547 -0.77072 -0.0167506 0.999809 -0.0100866 0.197219 -0.00671385 0.00997531 0.999928 -0.605884
300 305 2391 0.999839 0.0153978 0.00922309 -0.866624 -0.015206 0.999674 -0.020517 0.075526 -0.009536 0.0203734 0.999747 0.493212
300 306 3309 0.999837 0.0168702 -0.00644134 0.924703 -0.0170157 0.999585 -0.0232496 -0.206455 0.00604644 0.0233554 0.999709 0.319844
300 307 3661 0.999662 0.0103645 -0.0238351 0.959455 -0.0109828 0.999603 -0.0259583 -0.172253 0.0235565 0.0262113 0.999379 -0.223103
300 308 3519 0.99982 0.00518411 -0.0182645 0.98 -0.00572791 0.999538 -0.0298483 -0.157969 0.0181013 0.0299475 0.999388 -0.121023
300 309 3781 0.999659 0.00833633 0.0247326 -0.995058 -0.00746638 0.999357 -0.0350606 0.0839681 -0.025009 0.034864 0.999079 -0.0529903
300 310 3713 0.998725 -0.00270306 -0.0504013 0.937459 0.00119173 0.999549 -0.0299919 -0.0962326 0.0504596 0.0298936 0.998279 -0.334529
300 311 5884 0.995334 -0.00447004 -0.0963812 0.967806 0.00257229 0.999801 -0.0198053 -0.148224 0.0964505 0.019465 0.995147 -0.203423
300 312 5909 0.995818 0.00345279 -0.0912902 0.991475 -0.00584222 0.999647 -0.0259197 -0.101331 0.0911685 0.0263446 0.995487 -0.0819051
300 313 3247 0.998471 -0.00272101 -0.0552113 0.983945 0.00050735 0.999197 -0.0400687 -0.0554494 0.055276 0.0399795 0.99767 -0.169642
300 314 3440 0.996453 -0.0089585 -0.0836788 0.948608 0.00557736 0.999162 -0.040553 -0.0708332 0.0839719 0.0399424 0.995667 -0.308424
315 316 241 0.999971 -0.00728206 -0.00227837 -0.802626 0.00727459 0.999968 -0.00326847 0.235226 0.0023021 0.0032518 0.999992 0.548143
315 317 1070 0.999903 -0.00634953 -0.0124066 0.499754 0.00624581 0.999945 -0.00838044 -0.235551 0.0124592 0.00830214 0.999888 0.833524
315 318 2310 0.999728 -0.00365594 -0.0230531 0.862907 0.00344345 0.999951 -0.00925003 -0.270598 0.0230858 0.00916813 0.999691 -0.426812
315 319 2637 0.999669 -0.00537395 -0.0251464 0.882021 0.00507825 0.999917 -0.0118083 -0.177618 0.0252078 0.0116767 0.999614 -0.436452
315 320 5196 0.998988 -0.00544444 -0.0446467 0.97924 0.00489697 0.999912 -0.0123625 -0.127771 0.04471 0.0121313 0.998926 -0.157365
315 321 5290 0.998558 -0.0153211 -0.0514428 0.897377 0.0148252 0.99984 -0.010007 -0.208996 0.0515878 0.00922997 0.998626 -0.388632
315 322 7331 0.999367 -0.0166819 0.0314079 -0.967237 0.0175836 0.999435 -0.0286541 0.135789 -0.0309121 0.0291882 0.999096 -0.214508
315 323 5080 0.998524 -0.0112779 -0.0531258 0.925679 0.0102876 0.999769 -0.0188767 -0.108299 0.0533264 0.0183023 0.998409 -0.362477
315 324 7081 0.995619 -0.00117107 -0.0934919 0.967935 -0.000108028 0.999906 -0.0136752 -0.0905391 0.0934991 0.0136254 0.995526 -0.234316
315 325 4980 0.997481 -0.0183613 -0.0685221 0.89523 0.0172369 0.999708 -0.0169638 -0.0562981 0.0688135 0.01574 0.997505 -0.442033
315 326 6025 0.995872 0.00296617 -0.0907249 0.963642 -0.00444858 0.99986 -0.0161418 -0.0420319 0.0906643 0.0164788 0.995745 -0.263871
315 327 6659 0.99271 -0.000176164 -0.120528 0.971466 -0.000187904 0.999995 -0.00300924 -0.136087 0.120528 0.00300995 0.992705 -0.194252
