0 1 47 0.999911 0.00509749 -0.012315 0.728211 -0.00509921 0.999987 -0.000107611 0.143391 0.0123143 0.000170398 0.999924 -0.670185
0 2 758 0.999402 0.015557 -0.0308821 0.905489 -0.0156874 0.999869 -0.00398398 0.276391 0.0308161 0.00446605 0.999515 -0.32202
0 3 678 0.99885 0.0202165 -0.0434847 0.836316 -0.0202364 0.999795 -1.65815e-05 0.206289 0.0434755 0.000896536 0.999054 -0.507957
0 4 661 0.998409 0.0210805 -0.0522988 0.802749 -0.0210445 0.999778 0.00123996 0.280218 0.0523133 -0.000137392 0.998631 -0.526377
0 5 623 0.997584 0.0197928 -0.0665963 0.833366 -0.0195462 0.999799 0.00435155 0.241323 0.066669 -0.00303933 0.997771 -0.497257
0 6 686 0.995845 0.0324426 -0.085089 0.885092 -0.0326665 0.999466 -0.00124019 0.266593 0.0850033 0.0040146 0.996373 -0.381497
0 7 628 0.991534 0.0314295 -0.125984 0.92007 -0.0311566 0.999506 0.0041369 0.199407 0.126051 -0.000176659 0.992024 -0.337207
0 8 571 0.9929 0.0343723 -0.113881 0.887533 -0.0333269 0.999383 0.011071 0.204771 0.114191 -0.00719712 0.993433 -0.412739
0 9 437 0.991598 0.0375314 -0.123794 0.872137 -0.0365182 0.999278 0.0104444 0.228002 0.124097 -0.00583592 0.992253 -0.432889
0 10 496 0.991087 0.0376796 -0.12778 0.86759 -0.0360213 0.999234 0.0152646 0.216839 0.128257 -0.0105258 0.991685 -0.447514
0 11 461 0.988076 0.0484875 -0.146136 0.8884 -0.0465961 0.99878 0.0163408 0.195967 0.14675 -0.00933658 0.98913 -0.415142
0 12 506 0.982247 0.0574166 -0.178589 0.905799 -0.0574714 0.998335 0.00487058 0.223359 0.178571 0.00547964 0.983912 -0.360053
0 13 436 0.979568 0.0664732 -0.189809 0.90049 -0.0662737 0.997774 0.00740522 0.222575 0.189879 0.00532544 0.981793 -0.373601
0 14 433 0.973756 0.0762739 -0.214431 0.912992 -0.0759476 0.997064 0.00977223 0.218033 0.214547 0.00676976 0.97669 -0.34483
15 16 750 0.999584 0.00122199 -0.0288232 0.882397 -0.0017216 0.999849 -0.0173152 0.380547 0.0287977 0.0173576 0.999435 -0.276694
15 17 484 0.999717 0.0011051 -0.0237752 0.710956 -0.00134514 0.999948 -0.010083 0.265017 0.0237628 0.0101121 0.999666 -0.651388
15 18 698 0.997664 0.000245091 -0.0683159 0.89236 -0.00173058 0.999763 -0.0216861 0.363983 0.0682944 0.0217537 0.997428 -0.266852
15 19 687 0.99862 0.00255124 -0.0524484 0.871657 -0.00287858 0.999977 -0.00616664 0.256588 0.0524314 0.00630911 0.998605 -0.417583
15 20 638 0.994701 0.00140843 -0.102798 0.926064 -0.00230867 0.99996 -0.00863891 0.215544 0.102782 0.00883046 0.994665 -0.309751
15 21 621 0.995293 0.00719623 -0.0966451 0.896023 -0.00800489 0.999936 -0.00798221 0.256077 0.0965815 0.00871827 0.995287 -0.362721
15 22 606 0.995725 0.014527 -0.0912162 0.896798 -0.0148923 0.999884 -0.00332495 0.230215 0.0911573 0.00466916 0.995826 -0.37783
15 23 518 0.993576 0.0259137 -0.110164 0.904352 -0.0275443 0.999532 -0.0133051 0.241634 0.109768 0.016254 0.993824 -0.351797
15 24 508 0.988528 0.0286583 -0.148294 0.922746 -0.0319371 0.999294 -0.0197761 0.214529 0.147623 0.0242853 0.988746 -0.320182
15 25 491 0.982665 0.0308773 -0.182799 0.943497 -0.036818 0.998895 -0.0291941 0.207103 0.181695 0.0354183 0.982717 -0.258694
15 26 389 0.980153 0.0426672 -0.193597 0.962489 -0.0455539 0.998907 -0.0104816 0.0858952 0.192938 0.0190927 0.981025 -0.257364
15 27 309 0.970511 0.0337292 -0.238685 0.967858 -0.0452859 0.998044 -0.0430998 0.164175 0.236764 0.0526379 0.97014 -0.190517
15 28 379 0.960098 0.0427578 -0.276377 0.981623 -0.0538842 0.998009 -0.0327865 0.0809215 0.274424 0.0463706 0.96049 -0.172822
15 29 307 0.968378 0.0536557 -0.243649 0.964911 -0.0675163 0.99652 -0.0488913 0.121323 0.240178 0.0637956 0.96863 -0.232868
30 31 80 0.999945 -0.00163105 -0.0104069 0.92335 0.00166278 0.999994 0.00304177 0.173469 0.0104018 -0.00305891 0.999941 -0.342539
30 32 718 0.99793 -0.00121335 -0.0643042 0.996185 0.00217925 0.999886 0.0149529 -0.0575157 0.0642787 -0.0150621 0.997818 0.0656372
30 33 536 0.992291 0.0109858 -0.123439 0.990178 -0.00809546 0.999682 0.023892 -0.108233 0.123662 -0.0227085 0.992065 0.0885071
30 34 433 0.993256 0.0295842 -0.112104 0.997209 -0.0286172 0.999538 0.0102253 -0.00770942 0.112355 -0.00694818 0.993644 0.0742676
30 35 186 0.996244 0.0470539 -0.072689 0.99337 -0.0462668 0.998851 0.0124745 0.035528 0.0731924 -0.00906455 0.997277 0.109333
30 36 152 0.999663 0.0153886 -0.0208886 0.960105 -0.015243 0.999859 0.00710989 0.27779 0.0209951 -0.00678909 0.999757 0.0321194
30 37 171 0.995736 0.0600757 -0.0700069 0.988085 -0.05826 0.997917 0.0276974 0.0811343 0.071525 -0.0235007 0.997162 0.13079
30 38 325 0.993708 0.0731231 -0.0848386 0.983514 -0.0692351 0.99645 0.047903 0.00844294 0.0880402 -0.0417278 0.995243 0.180633
30 39 364 0.990425 0.061196 -0.12375 0.979578 -0.057814 0.997854 0.0307411 0.0906262 0.125366 -0.0232922 0.991837 0.17948
30 40 205 0.99604 0.0606941 -0.0649658 0.972632 -0.0587177 0.997764 0.0319139 0.0859836 0.0667575 -0.0279728 0.997377 0.215855
30 41 203 0.989264 0.0677484 -0.129489 0.978256 -0.0645788 0.997505 0.0285262 0.0569341 0.131098 -0.0198577 0.99117 0.199433
30 42 285 0.990253 0.0648142 -0.123282 0.980475 -0.0629392 0.997836 0.0190479 0.0772263 0.12425 -0.011103 0.992189 0.180847
30 43 307 0.990009 0.0685355 -0.123228 0.980199 -0.0670914 0.997621 0.015835 0.0735137 0.12402 -0.00740919 0.992252 0.183861
30 44 220 0.983241 0.0653648 -0.17019 0.984994 -0.0628258 0.997819 0.0202674 0.0434653 0.171143 -0.00923548 0.985203 0.167026
45 46 43 0.999925 0.00584717 -0.0107682 0.950529 -0.00581682 0.999979 0.00284764 -0.0275946 0.0107846 -0.00278479 0.999938 -0.309406
45 47 832 0.998556 0.0119849 -0.052362 0.987886 -0.0117762 0.999921 0.0042923 0.0456732 0.0524093 -0.00366948 0.998619 -0.14831
45 48 502 0.999299 0.0244758 -0.028344 0.998334 -0.0242634 0.999675 0.00781511 -0.0131893 0.0285261 -0.00712191 0.999568 0.0561782
45 49 784 0.997641 0.0292672 -0.062093 0.991039 -0.0291461 0.999571 0.00285558 0.0672241 0.0621499 -0.00103908 0.998066 -0.115423
45 50 560 0.996282 0.0323952 -0.0798325 0.978338 -0.0318581 0.99946 0.00799328 0.0744554 0.0800484 -0.00542025 0.996776 -0.193159
45 51 384 0.996065 0.0387447 -0.0797074 0.982409 -0.0373127 0.999116 0.0193781 0.0564656 0.0803877 -0.0163277 0.99663 -0.177999
45 52 308 0.98952 0.0427805 -0.137913 0.992706 -0.0390714 0.998801 0.0294912 0.0273752 0.139009 -0.0237937 0.990005 -0.117413
45 53 222 0.995395 0.0494956 -0.082092 0.972161 -0.0460838 0.998014 0.0429485 0.0280752 0.0840547 -0.0389676 0.995699 -0.232627
45 54 330 0.990696 0.0719551 -0.115519 0.996868 -0.0662296 0.996414 0.0526637 0.051895 0.118894 -0.044523 0.991908 -0.0596826
45 55 174 0.952901 0.101903 -0.285649 0.983146 -0.0705731 0.990511 0.117933 -0.1795 0.294956 -0.0922189 0.95105 0.0346914
45 56 197 0.989279 0.112687 -0.0928893 0.993227 -0.110452 0.993462 0.02888 0.109783 0.0955364 -0.0183105 0.995258 0.0380619
45 57 430 0.97465 0.136788 -0.17705 0.999197 -0.132477 0.990532 0.0359987 0.0385872 0.180298 -0.011631 0.983543 0.0107557
45 58 278 0.97016 0.147443 -0.192484 0.998413 -0.143014 0.989037 0.0367845 0.0547269 0.195797 -0.008159 0.98061 0.0132851
45 59 181 0.97341 0.15117 -0.172106 0.99786 -0.144353 0.988183 0.0515351 0.0489675 0.177863 -0.0253208 0.983729 0.0433378
60 61 260 0.999994 0.00287668 -0.00192362 0.610975 -0.00287335 0.999994 0.00173473 -0.0353725 0.0019286 -0.00172919 0.999997 0.790859
60 62 276 0.99976 0.0212333 -0.00543285 0.689607 -0.0212517 0.999769 -0.00334508 0.0717495 0.00536056 0.00345973 0.99998 0.720621
60 63 352 0.999297 0.0264082 -0.0266188 0.90559 -0.0265578 0.999633 -0.00528523 0.0618906 0.0264694 0.00598845 0.999632 0.419615
60 64 364 0.99692 0.0308612 -0.0721001 0.943129 -0.0322761 0.999307 -0.0185413 0.206012 0.071478 0.0208113 0.997225 0.260896
60 65 313 0.999211 0.0319356 -0.0236185 0.683544 -0.0321104 0.999459 -0.00705665 0.0692933 0.0233804 0.00780948 0.999696 0.726613
60 66 311 0.998326 0.0299995 -0.0494515 0.814555 -0.0304293 0.999505 -0.00796218 0.0155018 0.0491881 0.00945363 0.998745 0.579879
60 67 297 0.996996 0.0212282 -0.0744915 0.89699 -0.0219674 0.999717 -0.00911818 -0.0303082 0.0742769 0.0107272 0.99718 0.441011
60 68 294 0.998568 0.0222156 -0.0486727 0.715365 -0.0228104 0.999671 -0.0116993 -0.0467483 0.0483968 0.0127928 0.998746 0.697185
60 69 288 0.996835 0.027091 -0.0747345 0.793023 -0.0281215 0.999523 -0.0127714 -0.033353 0.0743529 0.0148326 0.997122 0.608278
60 70 339 0.994351 0.0331007 -0.100851 0.854865 -0.0342191 0.99937 -0.00937948 -0.0432673 0.100477 0.0127775 0.994857 0.517043
60 71 279 0.993346 0.0309046 -0.11094 0.850144 -0.0320293 0.999452 -0.00836959 -0.0530971 0.110621 0.0118672 0.993792 0.523866
60 72 272 0.989127 0.0318431 -0.143574 0.865015 -0.0324727 0.999471 -0.00204335 -0.0983631 0.143433 0.00668335 0.989638 0.49201
60 73 278 0.980328 0.0277343 -0.195417 0.88636 -0.027763 0.999611 0.00259237 -0.119504 0.195413 0.002884 0.980717 0.447309
60 74 253 0.988522 0.046257 -0.143823 0.802648 -0.0475005 0.998858 -0.00522199 -0.112499 0.143417 0.0119937 0.98959 0.585748
75 76 41 0.999915 0.0101088 -0.00828978 -0.598656 -0.0101199 0.999948 -0.00130581 0.296848 0.00827615 0.00138959 0.999965 -0.743971
75 77 343 0.99964 0.0125538 -0.0237149 0.77948 -0.0126634 0.99991 -0.00448018 -0.330663 0.0236565 0.00477888 0.999709 0.532045
75 78 370 0.99915 0.0164631 -0.0377842 0.871067 -0.016855 0.999807 -0.0100765 -0.33162 0.037611 0.0107048 0.999235 0.362312
75 79 470 0.99948 0.0233134 -0.0222766 0.733454 -0.0237634 0.999514 -0.0201517 -0.324406 0.0217959 0.0206706 0.999549 0.597332
75 80 528 0.99838 0.0244628 -0.0513702 0.866287 -0.0254153 0.999515 -0.0179707 -0.332984 0.0509057 0.0192471 0.998518 0.372381
75 81 410 0.999346 0.0205758 -0.0297395 0.749794 -0.0214027 0.999386 -0.0277587 -0.375964 0.02915 0.028377 0.999172 0.544481
75 82 608 0.997714 0.0259694 -0.0623835 0.86822 -0.0278104 0.999197 -0.0288265 -0.336973 0.0615848 0.0304955 0.997636 0.364201
75 83 464 0.998312 0.0247549 -0.0525371 0.822336 -0.0264934 0.999115 -0.0326563 -0.356089 0.0516822 0.033993 0.998085 0.443806
75 84 389 0.997106 0.0300475 -0.0698284 0.813577 -0.0323347 0.998969 -0.0318584 -0.356053 0.0687991 0.0340241 0.99705 0.459695
75 85 280 0.99666 0.0304728 -0.0757655 0.846747 -0.0335829 0.99863 -0.0401198 -0.344 0.0744391 0.0425302 0.996318 0.405813
75 86 407 0.996967 0.0394258 -0.0671056 0.811158 -0.0424182 0.998141 -0.0437682 -0.351433 0.0652553 0.0464819 0.996785 0.467459
75 87 425 0.995319 0.0350281 -0.0900755 0.843404 -0.0390883 0.998279 -0.0437137 -0.350577 0.0883893 0.0470299 0.994975 0.407143
75 88 425 0.993625 0.0473125 -0.102331 0.844149 -0.0518067 0.997786 -0.041715 -0.369345 0.100131 0.0467505 0.993875 0.388583
75 89 379 0.994697 0.0465874 -0.091697 0.866274 -0.0518426 0.997096 -0.0557878 -0.306048 0.0888317 0.0602457 0.994223 0.394847
90 91 665 0.999435 0.00491958 -0.0332436 0.9522 -0.00517212 0.999958 -0.00751507 0.302545 0.0332053 0.00768277 0.999419 0.0421998
90 92 633 0.998858 0.0189197 -0.0438768 0.982651 -0.0189145 0.999821 0.000532792 0.153469 0.043879 0.000297725 0.999037 0.104135
90 93 148 0.999871 0.0114746 -0.0112056 0.776325 -0.0113447 0.999868 0.0115892 -0.0590356 0.0113371 -0.0114605 0.99987 0.627563
90 94 81 0.999606 0.0270135 -0.00764679 -0.961471 -0.0268829 0.999499 0.0166894 -0.109914 0.0080938 -0.0164773 0.999831 -0.251977
90 95 343 0.995987 0.0388399 -0.0806337 0.989074 -0.0374168 0.999117 0.0190859 0.141708 0.0813038 -0.0159922 0.996561 -0.0406393
90 96 389 0.994787 0.051228 -0.0881783 0.987001 -0.04875 0.998359 0.030031 0.144773 0.0895721 -0.0255757 0.995652 -0.0697892
90 97 252 0.997121 0.0570443 -0.0499623 0.979835 -0.0547937 0.997469 0.0453141 0.144654 0.0524208 -0.042446 0.997723 0.137834
90 98 168 0.987059 0.0841137 -0.136527 0.967674 -0.0791006 0.995992 0.041747 0.2316 0.139491 -0.0304074 0.989756 -0.0998408
90 99 122 0.996127 0.0783665 -0.0398741 0.980559 -0.0747348 0.993522 0.0856063 0.188958 0.0463245 -0.0822948 0.995531 -0.0529035
90 100 375 0.98745 0.104721 -0.118224 0.979784 -0.0949821 0.991824 0.0852215 0.185121 0.126182 -0.0729228 0.989323 0.0758547
90 101 174 0.99128 0.101941 -0.0834981 0.967777 -0.0939681 0.991088 0.0944174 0.232949 0.092379 -0.0857479 0.992025 0.0956124
90 102 224 0.987386 0.122047 -0.100861 0.97385 -0.110928 0.987795 0.10934 0.2266 0.112974 -0.0967721 0.988874 -0.0163807
90 103 349 0.981618 0.136615 -0.133273 0.982363 -0.121449 0.985798 0.115989 0.185307 0.147226 -0.0976706 0.984269 0.0249929
90 104 270 0.984755 0.15468 -0.0795698 0.977646 -0.143583 0.981046 0.130126 0.191301 0.0981894 -0.116717 0.988299 -0.0872445
105 106 56 0.999865 0.0163773 -0.00129657 -0.786587 -0.0163696 0.99985 0.00574254 -0.274434 0.00139042 -0.00572054 0.999983 -0.553143
105 107 150 0.999714 0.0238939 -3.17605e-05 -0.95153 -0.023892 0.999651 0.0113048 -0.207745 0.000301865 -0.0113008 0.999936 -0.22679
105 108 99 0.999156 0.0314823 -0.0263988 -0.724807 -0.0312177 0.999459 0.0103743 -0.345273 0.0267111 -0.00954142 0.999598 0.59619
105 109 305 0.998725 0.0291315 -0.0412331 0.901023 -0.0286596 0.999517 0.0119909 0.333682 0.0415625 -0.0107939 0.999078 -0.277152
105 110 172 0.997111 0.029223 -0.0701128 0.844711 -0.0279413 0.999425 0.0191919 0.255188 0.0706334 -0.0171774 0.997354 -0.47047
105 111 402 0.99576 0.0295095 -0.0871307 0.938797 -0.027293 0.999276 0.0265215 0.295522 0.0878502 -0.024031 0.995844 -0.176994
105 112 418 0.996907 0.0316733 -0.0719235 0.972257 -0.029236 0.99897 0.0346914 0.233915 0.0729482 -0.0324814 0.996807 1.50364e-05
105 113 420 0.994645 0.0355796 -0.0970302 0.980426 -0.0329596 0.999051 0.0284731 0.175891 0.0979511 -0.0251225 0.994874 -0.0884753
105 114 363 0.995311 0.0342396 -0.0904668 0.956919 -0.0326495 0.999286 0.0189991 0.251929 0.0910527 -0.0159563 0.995718 -0.144353
105 115 373 0.996475 0.0243414 -0.0802872 0.983981 -0.0225027 0.999465 0.0237281 0.178266 0.0808218 -0.0218378 0.996489 0.00187783
105 116 350 0.997084 0.0285422 -0.0707718 0.980634 -0.0271309 0.999415 0.0208236 0.191895 0.0713248 -0.0188428 0.997275 -0.0391603
105 117 247 0.991512 0.0269214 -0.127195 0.983218 -0.0256935 0.999606 0.0112847 0.172716 0.127449 -0.00792087 0.991814 -0.0587436
105 118 140 0.996113 0.0311974 -0.082369 0.98984 -0.0293451 0.999291 0.0236038 0.115353 0.083047 -0.0210949 0.996322 -0.0831258
105 119 126 0.993206 0.0258112 -0.113474 0.991612 -0.0247172 0.999634 0.0110369 0.117554 0.113717 -0.00815712 0.99348 0.0537223
120 121 278 0.999938 0.000869366 -0.0110991 0.992448 -0.000850092 0.999998 0.00174115 -0.120425 0.0111006 -0.00173161 0.999937 0.023346
120 122 299 0.999989 -8.3492e-05 -0.00474864 0.936112 0.000116601 0.999976 0.00697257 -0.265809 0.00474794 -0.00697304 0.999964 -0.230305
120 123 235 0.999861 -0.00652787 0.0153454 0.9468 0.00649655 0.999977 0.00209006 -0.286555 -0.0153587 -0.00199008 0.99988 0.146478
120 124 284 0.999975 -0.00663903 -0.00236973 0.954798 0.00665359 0.999959 0.00618794 -0.276157 0.00232855 -0.00620355 0.999978 0.109989
120 125 411 0.999936 -0.00506883 -0.0101061 0.949231 0.00515036 0.999954 0.00805814 -0.27985 0.0100648 -0.00810968 0.999916 0.14368
120 126 156 0.999993 -0.00249686 0.00282481 0.911424 0.00249433 0.999996 0.000899852 -0.335525 -0.00282705 -0.0008928 0.999996 0.238178
120 127 215 0.999982 0.005904 -0.00143768 0.934051 -0.0059104 0.999972 -0.00448989 -0.307951 0.00141113 0.00449831 0.999989 0.180874
120 128 390 0.999803 0.0105072 -0.0168334 0.971065 -0.0105023 0.999945 0.000378887 -0.213141 0.0168364 -0.000202023 0.999858 -0.107717
120 129 358 0.999247 0.00930173 -0.0376792 0.94814 -0.00879013 0.999867 0.0137209 -0.298872 0.0378019 -0.0133793 0.999196 0.108192
120 130 271 0.999547 0.00195898 -0.0300216 0.904791 -0.00173132 0.99997 0.00760721 -0.239278 0.0300356 -0.00755179 0.99952 0.352277
120 131 443 0.998954 0.00402696 -0.0455428 0.947217 -0.00367064 0.999962 0.0079046 -0.299158 0.0455729 -0.00772916 0.998931 0.115255
120 132 302 0.999192 0.00098973 -0.0401894 0.953432 -0.000899388 0.999997 0.00226594 -0.267902 0.0401915 -0.00222796 0.99919 0.138552
120 133 235 0.998698 0.00101546 -0.0509945 0.959033 -0.000713041 0.999982 0.00594829 -0.23689 0.0509996 -0.00590418 0.998681 0.155368
120 134 221 0.997225 0.00281836 -0.074396 0.961502 -0.00180476 0.999905 0.0136881 -0.242991 0.0744275 -0.0135159 0.997135 0.12833
135 136 726 0.999289 0.0100771 -0.0363388 0.964988 -0.00977835 0.999917 0.00838882 -0.0142663 0.0364204 -0.00802752 0.999304 -0.261906
135 137 33 0.99976 0.00483774 -0.0213744 -0.926288 -0.0045762 0.999914 0.0122685 -0.0956889 0.0214319 -0.0121677 0.999696 0.364465
135 138 449 0.998252 0.0142113 -0.0573584 0.917628 -0.0128793 0.99964 0.0235253 0.177436 0.0576721 -0.0227455 0.998076 -0.355634
135 139 283 0.999412 0.0128586 -0.0317885 -0.910044 -0.0117455 0.99932 0.0349565 -0.165521 0.0322164 -0.0345626 0.998883 0.380029
135 140 430 0.998272 0.0163257 -0.0564529 0.93325 -0.0142001 0.999183 0.0378503 0.14174 0.0570247 -0.0369833 0.997688 -0.330081
135 141 543 0.992011 0.0278659 -0.123035 0.954387 -0.0232824 0.998986 0.0385352 0.119268 0.123984 -0.0353628 0.991654 -0.273717
135 142 405 0.992732 0.0362684 -0.114752 0.898141 -0.03093 0.99837 0.0479652 0.138574 0.116304 -0.0440673 0.992236 -0.417301
135 143 532 0.987934 0.0392369 -0.14982 0.953279 -0.0319646 0.998205 0.0506447 0.147016 0.151538 -0.0452447 0.987415 -0.263905
135 144 364 0.991375 0.0509535 -0.120742 0.934135 -0.0440423 0.997272 0.0592346 0.169588 0.12343 -0.053406 0.990915 -0.314057
135 145 351 0.989934 0.0634448 -0.126514 0.925653 -0.0558215 0.996456 0.0629201 0.168354 0.130058 -0.0552245 0.989967 -0.338856
135 146 379 0.986039 0.0732585 -0.149536 0.928364 -0.0638251 0.995713 0.066943 0.136716 0.153799 -0.0564643 0.986487 -0.345613
135 147 281 0.986818 0.0817725 -0.139653 0.929306 -0.073058 0.995113 0.0664353 0.153864 0.144403 -0.0553567 0.987969 -0.335733
135 148 299 0.983864 0.0951957 -0.151488 0.940711 -0.0865538 0.994274 0.0626675 0.175586 0.156587 -0.0485444 0.986471 -0.290227
135 149 298 0.980756 0.102354 -0.166258 0.915768 -0.0934129 0.993772 0.060759 0.16615 0.171441 -0.0440591 0.984209 -0.365736
150 151 132 0.999986 -0.00218157 -0.00472382 -0.607672 0.00222277 0.999959 0.00873531 -0.252598 0.00470457 -0.0087457 0.999951 0.752946
150 152 178 0.999354 -0.00547625 -0.0355223 0.999501 0.0057359 0.999958 0.00721182 -0.00256286 0.0354813 -0.00741092 0.999343 0.0314975
150 153 160 0.99882 -0.00946331 -0.047627 0.993871 0.00949826 0.999955 0.000507675 0.0804955 0.0476201 -0.00095945 0.998865 0.0757726
150 154 207 0.997576 -0.0106625 -0.0687616 0.994408 0.0100732 0.99991 -0.00891222 0.10091 0.0688504 0.00819797 0.997593 -0.0311505
150 155 180 0.997432 -0.0139825 -0.0702425 0.918129 0.0128376 0.999778 -0.0167235 0.112075 0.0704607 0.0157788 0.99739 -0.380104
150 156 195 0.995349 -0.0111092 -0.0956874 0.911151 0.00937909 0.999785 -0.0185116 0.134325 0.0958725 0.017528 0.995239 -0.389564
150 157 234 0.994856 -0.0171208 -0.0998416 0.924862 0.0154197 0.999723 -0.0177848 0.143267 0.100118 0.0161538 0.994844 -0.352286
150 158 363 0.99094 -0.0147471 -0.133492 0.893374 0.0129936 0.999818 -0.0139976 0.102306 0.133674 0.0121362 0.990951 -0.437512
150 159 317 0.988026 -0.0138292 -0.153669 0.953737 0.012784 0.999888 -0.00778757 0.0674913 0.153759 0.00572982 0.988092 -0.292968
150 160 198 0.987976 -0.00633538 -0.154475 0.959718 0.00527564 0.99996 -0.00726926 0.0833665 0.154514 0.00636691 0.98797 -0.268312
150 161 369 0.980071 0.00356932 -0.198613 0.955934 -0.00522149 0.999956 -0.00779537 0.086893 0.198577 0.00867707 0.980047 -0.280428
150 162 246 0.982784 0.0027004 -0.184738 0.955157 -0.0034943 0.999986 -0.003972 0.105621 0.184725 0.00454914 0.98278 -0.276623
150 163 248 0.980628 0.00489653 -0.195819 0.954177 -0.00516104 0.999986 -0.000840525 0.120377 0.195812 0.00183487 0.98064 -0.273964
150 164 404 0.96983 0.0166142 -0.243215 0.977503 -0.0149307 0.99985 0.0087636 0.088875 0.243325 -0.00486782 0.969933 -0.191283
165 166 216 0.99995 0.00554926 0.00833187 -0.995704 -0.00558195 0.999977 0.00390543 -0.0790187 -0.00831 -0.00395174 0.999958 0.0482681
165 167 89 0.999809 0.0158498 -0.011419 -0.854367 -0.01573 0.999821 0.0105044 0.0215805 0.0115834 -0.0103228 0.99988 -0.519223
165 168 431 0.998989 0.0245888 -0.0376216 0.923451 -0.0240469 0.999601 0.0147883 0.00157556 0.0379702 -0.0138687 0.999183 0.383712
165 169 420 0.99822 0.0294766 -0.0518395 0.959575 -0.0287067 0.999467 0.0155342 -0.106554 0.0522698 -0.0140184 0.998535 0.260503
165 170 447 0.996809 0.0385808 -0.0698797 0.983797 -0.0374921 0.999155 0.0168247 -0.0901571 0.0704698 -0.0141511 0.997414 0.154968
165 171 389 0.995736 0.03747 -0.0842969 0.977148 -0.035375 0.99903 0.0262103 -0.117078 0.0851973 -0.0231165 0.996096 0.177412
165 172 475 0.993653 0.0436144 -0.103688 0.957387 -0.0404803 0.998663 0.0321416 -0.129585 0.104951 -0.0277403 0.99409 0.258105
165 173 337 0.991373 0.0515952 -0.120489 0.92233 -0.0482484 0.998369 0.0305326 -0.137667 0.121868 -0.0244558 0.992245 0.361047
165 174 338 0.986555 0.0668622 -0.149125 0.937522 -0.0631585 0.997569 0.02944 -0.171799 0.150731 -0.0196257 0.98838 0.302552
165 175 319 0.985802 0.0694417 -0.152877 0.932948 -0.0669212 0.997525 0.0215779 -0.17444 0.153997 -0.0110408 0.98801 0.314928
165 176 223 0.987052 0.0697837 -0.144424 0.916739 -0.068701 0.997559 0.0124766 -0.191096 0.144942 -0.00239302 0.989437 0.350816
165 177 373 0.982182 0.0841915 -0.168018 0.934414 -0.0829596 0.99645 0.0143506 -0.20875 0.16863 -0.00015623 0.985679 0.288606
165 178 348 0.978473 0.0861296 -0.187544 0.952783 -0.0843487 0.996283 0.0174711 -0.195192 0.188351 -0.00127591 0.982101 0.232603
165 179 352 0.98096 0.0761565 -0.178656 0.939171 -0.0740377 0.997084 0.0185074 -0.184804 0.179544 -0.00492778 0.983738 0.28949
180 181 43 0.999963 0.00853599 -0.00126981 -0.745713 -0.00853095 0.999956 0.00392174 0.0482289 0.00130323 -0.00391076 0.999992 -0.66452
180 182 401 0.999613 0.00638369 -0.027088 0.978401 -0.00621116 0.99996 0.00644864 -0.0532476 0.0271281 -0.00627789 0.999612 0.199741
180 183 356 0.999633 0.00673649 -0.0262207 0.892047 -0.00647818 0.99993 0.00992365 -0.160421 0.0262857 -0.00975015 0.999607 0.422512
180 184 191 0.999439 0.0076156 -0.0326089 0.920214 -0.00742979 0.999955 0.00581553 -0.105241 0.0326517 -0.00556999 0.999451 0.377003
180 185 538 0.997931 0.00688313 -0.06392 0.978983 -0.00666436 0.999971 0.0036351 -0.110188 0.0639432 -0.0032016 0.997948 0.171615
180 186 328 0.998506 0.00160029 -0.0546187 0.963152 -0.0014026 0.999992 0.00365746 -0.0853308 0.0546241 -0.00357539 0.998501 0.255061
180 187 499 0.996295 0.00873632 -0.085552 0.981522 -0.0080087 0.999929 0.00884456 -0.107245 0.0856232 -0.00812664 0.996294 0.158469
180 188 326 0.997687 0.0102662 -0.0672025 0.970403 -0.0098164 0.999927 0.00702033 -0.117128 0.0672696 -0.0063444 0.997715 0.211186
180 189 204 0.99647 0.0124713 -0.0830208 0.988472 -0.0115679 0.999869 0.0113544 -0.085376 0.0831515 -0.010354 0.996483 0.125032
180 190 371 0.991885 0.0192316 -0.125675 0.985084 -0.0160898 0.999533 0.025967 -0.10968 0.126116 -0.0237342 0.991732 0.13259
180 191 367 0.991636 0.0235632 -0.126895 0.971051 -0.0204328 0.999455 0.0259146 -0.103717 0.127436 -0.0231051 0.991578 0.215179
180 192 290 0.991823 0.0284445 -0.124414 0.983121 -0.0255804 0.999371 0.0245583 -0.112283 0.125034 -0.0211749 0.991926 0.144453
180 193 253 0.992764 0.0344587 -0.115028 0.976073 -0.0322565 0.99926 0.020952 -0.109784 0.115665 -0.01709 0.993141 0.187695
180 194 305 0.989953 0.0397159 -0.135702 0.983178 -0.0369933 0.999062 0.0225271 -0.120456 0.136469 -0.0172807 0.990494 0.137301
195 196 49 0.999986 0.00520964 0.000268187 0.812271 -0.00520984 0.999986 0.000751301 -0.0684926 -0.00026427 -0.000752688 1 -0.579245
195 197 328 0.999924 0.00766511 -0.00966911 0.901905 -0.00764595 0.999969 0.00201715 -0.070434 0.00968427 -0.00194307 0.999951 -0.426153
195 198 583 0.999324 0.0126788 -0.0345066 0.962831 -0.0123953 0.999888 0.00841845 -0.120469 0.0346095 -0.00798504 0.999369 -0.24175
195 199 536 0.998237 0.0290144 -0.0517741 0.988306 -0.0285693 0.999548 0.00931529 -0.107698 0.052021 -0.00781971 0.998615 -0.107948
195 200 302 0.998713 0.0374919 -0.034163 0.9854 -0.0373977 0.999295 0.00339433 -0.118889 0.0342661 -0.00211235 0.999411 -0.121866
195 201 305 0.997849 0.0442834 -0.0483276 0.983811 -0.0444495 0.999009 -0.00236851 -0.0949056 0.0481748 0.00451155 0.998829 -0.152013
195 202 466 0.9964 0.0574246 -0.0623632 0.972511 -0.0578678 0.99831 -0.00532393 -0.0941943 0.0619521 0.00891359 0.998039 -0.212953
195 203 494 0.993106 0.0656647 -0.0970993 0.983597 -0.0664642 0.997776 -0.00501969 -0.078154 0.0965537 0.0114387 0.995262 -0.162568
195 204 372 0.994327 0.0655617 -0.0837533 0.976533 -0.0663673 0.997772 -0.00686902 -0.0656701 0.0831163 0.0123885 0.996463 -0.205111
195 205 259 0.994503 0.0800874 -0.0674579 0.965632 -0.0808988 0.996678 -0.00937928 0.00287561 0.0664827 0.014785 0.997678 -0.259896
195 206 444 0.990313 0.0710559 -0.119291 0.981396 -0.0718932 0.997409 -0.00272492 -0.0268458 0.118788 0.0112747 0.992856 -0.190106
195 207 244 0.992658 0.0798244 -0.0908715 0.992491 -0.0807994 0.996705 -0.00709644 -0.00363488 0.0900056 0.0143867 0.995837 -0.122262
195 208 273 0.99055 0.0736605 -0.115693 0.987002 -0.0753106 0.99711 -0.00995161 0.00636327 0.114626 0.0185705 0.993235 -0.160582
195 209 271 0.982685 0.0648089 -0.173579 0.995986 -0.0657678 0.997835 0.000228166 -0.0254539 0.173218 0.0111917 0.98482 -0.0858089
210 211 57 0.999923 -0.0028301 -0.0120427 0.958012 0.00285561 0.999994 0.00210166 -0.0194245 0.0120367 -0.00213589 0.999925 0.286069
210 212 182 0.999456 -0.00932499 -0.0316392 0.984011 0.00948904 0.999942 0.00503873 -0.151551 0.0315903 -0.00533621 0.999487 -0.0935612
210 213 620 0.997646 -0.0108825 -0.0677087 0.979425 0.011122 0.999933 0.00316097 -0.0823844 0.0676698 -0.00390658 0.9977 0.184227
210 214 343 0.997768 -0.0129154 -0.065522 0.967287 0.0127853 0.999915 -0.00240337 -0.134272 0.0655475 0.00156028 0.997848 0.215235
210 215 371 0.995528 -0.0075134 -0.0941677 0.991672 0.00703387 0.999961 -0.00542319 -0.1107 0.0942047 0.00473657 0.995542 0.0658211
210 216 413 0.994834 -0.00956179 -0.10106 0.982394 0.00915055 0.999948 -0.00453204 -0.132782 0.101098 0.00358387 0.99487 0.131418
210 217 606 0.991646 -0.00279496 -0.128955 0.982683 0.00241023 0.999992 -0.0031394 -0.132164 0.128963 0.00280236 0.991645 0.129873
210 218 463 0.98925 -0.00150464 -0.146229 0.97692 0.0017475 0.999997 0.00153237 -0.184598 0.146226 -0.00177143 0.98925 0.107478
210 219 337 0.992084 0.00416208 -0.125507 0.974684 -0.00476726 0.999978 -0.00452191 -0.159283 0.125486 0.00508444 0.992082 0.156909
210 220 341 0.990312 0.021069 -0.137256 0.973223 -0.021746 0.999758 -0.0034345 -0.136332 0.13715 0.006386 0.99053 0.185071
210 221 472 0.980826 0.0222082 -0.193614 0.974033 -0.0203489 0.999726 0.0115871 -0.185673 0.193818 -0.00742506 0.981009 0.129559
210 222 434 0.97832 0.0248886 -0.205596 0.949754 -0.0223023 0.99964 0.0148875 -0.2084 0.205893 -0.00997944 0.978524 0.233531
210 223 276 0.979729 0.0340217 -0.197419 0.927167 -0.0331475 0.999421 0.00773207 -0.222583 0.197567 -0.00103139 0.980289 0.30136
210 224 260 0.978485 0.0446125 -0.201437 0.934243 -0.044623 0.998994 0.00449152 -0.23369 0.201435 0.00459385 0.979491 0.269404
225 226 251 0.99993 0.00376046 -0.0112048 0.755877 -0.00376056 0.999993 1.21422e-05 -0.18219 0.0112047 2.99949e-05 0.999937 0.628854
225 227 618 0.998473 0.0122413 -0.053864 0.931169 -0.0119934 0.999916 0.00492309 -0.225114 0.0539197 -0.00426956 0.998536 0.286789
225 228 163 0.999873 0.0131216 -0.00903712 0.988637 -0.01316 0.999905 -0.00420763 -0.146579 0.00898105 0.00432602 0.99995 -0.0333331
225 229 309 0.99904 0.0156718 -0.0409046 0.949281 -0.0154848 0.999868 0.00488502 -0.14269 0.0409757 -0.00424693 0.999151 0.280187
225 230 515 0.997947 0.0117262 -0.0629701 0.907984 -0.0112852 0.999909 0.00735422 -0.156686 0.0630507 -0.00662848 0.997988 0.388606
225 231 855 0.996181 0.0112241 -0.0865931 0.947032 -0.0108566 0.99993 0.00471432 -0.105966 0.0866399 -0.00375621 0.996233 0.303153
225 232 316 0.998181 0.00767598 -0.0597962 0.937693 -0.00741157 0.999962 0.00464246 -0.120164 0.0598296 -0.00419083 0.9982 0.326024
225 233 430 0.996701 0.00801499 -0.0807686 0.949787 -0.00738033 0.99994 0.0081533 -0.104696 0.0808291 -0.0075303 0.9967 0.294862
225 234 603 0.995463 0.00409496 -0.0950604 0.945433 -0.00317914 0.999947 0.00978354 -0.0851848 0.0950954 -0.00943694 0.995423 0.314483
225 235 651 0.994989 0.00792414 -0.0996732 0.938372 -0.00659088 0.999884 0.0136985 -0.0914287 0.0997702 -0.0129729 0.994926 0.333315
225 236 297 0.995366 0.00612336 -0.0959617 0.935384 -0.00476221 0.999885 0.0144069 -0.0941945 0.0960389 -0.0138832 0.995281 0.340859
225 237 404 0.992254 0.0163425 -0.123147 0.935296 -0.0145887 0.999779 0.0151296 -0.0788301 0.123367 -0.0132159 0.992273 0.344973
225 238 216 0.99427 0.0118281 -0.10624 0.902895 -0.00969437 0.999741 0.0205779 -0.0934709 0.106456 -0.01943 0.994128 0.419576
225 239 411 0.988595 0.0213391 -0.149081 0.939501 -0.0177838 0.999526 0.0251405 -0.0850734 0.149547 -0.0222025 0.988505 0.331812
240 241 405 0.99975 0.00150192 -0.0223108 0.990562 -0.00148565 0.999999 0.000745626 0.042717 0.0223118 -0.000712294 0.999751 0.130238
240 242 394 0.999491 0.00757014 -0.0309927 0.981625 -0.00740511 0.999958 0.00543589 -0.110257 0.0310326 -0.00520362 0.999505 -0.155741
240 243 397 0.998816 0.0115476 -0.0472627 0.992754 -0.0112592 0.999916 0.0063643 -0.0975881 0.0473322 -0.00582462 0.998862 -0.0701077
240 244 370 0.998767 0.014078 -0.0475986 0.990613 -0.0138865 0.999894 0.00435144 -0.087738 0.0476548 -0.0036851 0.998857 -0.104819
240 245 636 0.995771 0.0258776 -0.0881466 0.99758 -0.0254155 0.999657 0.00636135 -0.0684541 0.0882809 -0.00409416 0.996087 -0.0121656
240 246 354 0.999089 0.0133501 -0.0405347 0.914543 -0.0131924 0.999904 0.00415413 -0.167384 0.0405862 -0.0036156 0.999169 0.368229
240 247 534 0.987807 0.0346203 -0.151784 0.996264 -0.0331452 0.999376 0.0122381 -0.082067 0.152113 -0.00705797 0.988338 0.0269009
240 248 482 0.991178 0.0433125 -0.12526 0.99114 -0.0424026 0.999051 0.00992226 -0.103991 0.125571 -0.00452337 0.992074 0.0826238
240 249 302 0.992082 0.0432057 -0.11793 0.988342 -0.0423125 0.999054 0.0100686 -0.132888 0.118253 -0.004999 0.992971 0.0743017
240 250 137 0.990804 0.0423918 -0.128492 0.972431 -0.041768 0.999099 0.00754616 -0.163376 0.128696 -0.00210992 0.991682 0.166394
240 251 142 0.993497 0.0717678 -0.0883918 0.986058 -0.0736847 0.997108 -0.0186135 -0.105963 0.0868003 0.0250056 0.995912 0.128298
240 252 269 0.986132 0.0623118 -0.153818 0.985612 -0.0648277 0.997831 -0.0113899 -0.150676 0.152775 0.0212036 0.988034 0.0765937
240 253 357 0.980636 0.070952 -0.182532 0.981054 -0.0731364 0.997308 -0.0052549 -0.15759 0.181668 0.0185029 0.983186 0.112687
240 254 271 0.98935 0.0770324 -0.123498 0.977846 -0.0799356 0.996624 -0.0187205 -0.134486 0.121639 0.028393 0.992168 0.160406
255 256 360 0.999738 0.00531797 -0.0222497 0.951246 -0.00533632 0.999985 -0.000765642 0.305001 0.0222453 0.000884173 0.999752 -0.0458827
255 257 64 0.999954 0.00429407 -0.0086176 0.624259 -0.00415601 0.999864 0.0159748 0.073477 0.00868502 -0.0159383 0.999835 0.777755
255 258 287 0.999779 0.00469622 -0.0205156 0.825075 -0.0042928 0.999797 0.0196638 0.0702805 0.0206038 -0.0195714 0.999596 0.560635
255 259 450 0.997827 0.0133952 -0.0645194 0.9528 -0.012557 0.999832 0.0133792 0.199395 0.0646878 -0.0125399 0.997827 0.228941
255 260 347 0.997267 0.0110068 -0.0730584 0.97444 -0.00928306 0.999671 0.0238924 0.151543 0.0732974 -0.0231488 0.997041 0.165833
255 261 342 0.989994 0.0056989 -0.140996 0.944956 -0.00232773 0.999708 0.0240631 0.0891138 0.141092 -0.0234941 0.989718 0.31483
255 262 490 0.994651 0.00980454 -0.102824 0.928005 -0.00737673 0.999686 0.0239651 0.0603166 0.103027 -0.0230784 0.994411 0.367653
255 263 316 0.998155 0.00281736 -0.0606545 0.797735 -0.00112409 0.999609 0.0279328 -0.0270419 0.0607095 -0.0278131 0.997768 0.602402
255 264 205 0.996556 0.00935252 -0.0823975 0.764853 -0.00714911 0.99961 0.0269958 -0.057793 0.0826178 -0.0263138 0.996234 0.641608
255 265 417 0.986086 0.0145632 -0.165596 0.955855 -0.011342 0.999728 0.0203812 -0.0161212 0.165848 -0.0182195 0.985983 0.293396
255 266 402 0.98926 0.0174437 -0.145122 0.89436 -0.015042 0.999731 0.0176306 -0.0393635 0.145391 -0.0152583 0.989257 0.445612
255 267 258 0.980314 0.0285681 -0.195365 0.9317 -0.0256906 0.999521 0.0172477 -0.0409633 0.195764 -0.0118892 0.980579 0.360912
255 268 303 0.989202 0.0220022 -0.144895 0.867557 -0.019529 0.999639 0.0184698 -0.10385 0.145249 -0.0154407 0.989275 0.486374
255 269 368 0.97327 0.0423092 -0.225731 0.930948 -0.0383845 0.999026 0.0217492 -0.086997 0.226432 -0.0125032 0.973947 0.354637
270 271 73 0.999923 0.00340612 -0.0119037 0.426295 -0.00333705 0.999978 0.00581688 -0.364815 0.0119233 -0.00577671 0.999912 0.827757
270 272 336 0.998985 0.0119659 -0.0434342 0.829953 -0.0115802 0.999891 0.00912002 -0.362402 0.0435386 -0.00860778 0.999015 0.42408
270 273 333 0.999453 0.0249374 -0.0216994 0.657946 -0.0250071 0.999683 -0.00294735 -0.310373 0.021619 0.00348838 0.99976 0.686131
270 274 325 0.997844 0.0303572 -0.0581941 0.881742 -0.0300489 0.999529 0.00616648 -0.301266 0.0583539 -0.00440452 0.998286 0.363001
270 275 328 0.999468 0.0259265 -0.0197721 0.693111 -0.0259955 0.999657 -0.00324444 -0.289498 0.0196812 0.0037567 0.999799 0.660143
270 276 323 0.997725 0.0281445 -0.0612607 0.852796 -0.0279052 0.999599 0.00475788 -0.282601 0.0613701 -0.00303757 0.99811 0.439176
270 277 274 0.99878 0.0316248 -0.0379207 0.774937 -0.0318403 0.99948 -0.00509292 -0.212785 0.0377399 0.00629411 0.999268 0.595144
270 278 334 0.996975 0.0292245 -0.0720145 0.818312 -0.0287761 0.99956 0.00725656 -0.263098 0.0721948 -0.00516232 0.997377 0.511023
270 279 284 0.998492 0.0268621 -0.047886 0.782217 -0.0271075 0.999622 -0.00448218 -0.251297 0.0477475 0.00577349 0.998843 0.570075
270 280 206 0.998968 0.0185236 -0.0414626 0.788036 -0.0186498 0.999823 -0.00265915 -0.255432 0.041406 0.00342968 0.999137 0.560137
270 281 351 0.996746 0.0400321 -0.0699694 0.827253 -0.0398622 0.999198 0.00382402 -0.208325 0.0700663 -0.00102245 0.997542 0.521779
270 282 311 0.995945 0.0322604 -0.0839854 0.84869 -0.0318283 0.999472 0.00647888 -0.200021 0.0841501 -0.0037795 0.996446 0.489608
270 283 277 0.995901 0.0259923 -0.0866345 0.828643 -0.02544 0.999648 0.00747338 -0.196093 0.0867983 -0.00523876 0.996212 0.524307
270 284 260 0.995339 0.0315733 -0.0911269 0.842593 -0.0311508 0.999496 0.00605499 -0.194442 0.0912722 -0.00318809 0.995821 0.502225
285 286 33 0.999902 0.00254495 -0.0137586 0.982044 -0.00251548 0.999995 0.00215916 -0.074039 0.0137641 -0.00212434 0.999903 -0.173518
285 287 36 0.999972 0.00728424 -0.00194652 0.752433 -0.00727808 0.999969 0.00315774 0.108749 0.00196946 -0.00314348 0.999993 -0.64963
285 288 314 0.999784 0.00296011 -0.0205711 0.977222 -0.00285448 0.999983 0.00516214 -0.0742213 0.020586 -0.00510231 0.999775 0.198815
285 289 325 0.999129 0.00665332 -0.0411827 0.983169 -0.00649764 0.999971 0.00391293 -0.0993212 0.0412076 -0.00364194 0.999144 0.153345
285 290 246 0.999867 0.00170936 -0.0162481 0.975196 -0.00168814 0.999998 0.00131998 -0.150173 0.0162504 -0.00129238 0.999867 0.162605
285 291 564 0.998241 0.0222616 -0.0549405 0.986881 -0.0221109 0.99975 0.00334948 -0.107776 0.0550013 -0.00212881 0.998484 0.120208
285 292 361 0.998658 0.0191388 -0.0481139 0.981676 -0.0188418 0.999801 0.00662061 -0.109446 0.0482311 -0.00570517 0.99882 -0.155994
285 293 275 0.998261 0.0263144 -0.0527558 0.99663 -0.0258437 0.99962 0.00958306 -0.079573 0.0529879 -0.00820299 0.998561 0.0199203
285 294 113 0.999252 0.0325192 -0.0209365 0.819967 -0.0324472 0.999466 0.00377002 -0.0957333 0.0210479 -0.00308787 0.999774 -0.564349
285 295 224 0.998499 0.0494269 -0.0235949 0.959853 -0.0493276 0.998771 0.00477133 -0.0722281 0.0238017 -0.00360029 0.99971 -0.271043
285 296 125 0.997067 0.0758997 -0.00979808 0.973868 -0.0757888 0.997061 0.0112375 -0.0232433 0.0106222 -0.010462 0.999889 -0.225924
285 297 179 0.996719 0.0777963 -0.0223172 0.993575 -0.077246 0.99671 0.0245474 -0.0649175 0.0241534 -0.0227429 0.99945 -0.0927077
285 298 398 0.991967 0.102553 -0.0740545 0.99239 -0.100113 0.994327 0.0359454 -0.0952185 0.0773206 -0.0282428 0.996606 -0.0780793
285 299 452 0.992101 0.110738 -0.0589279 0.991553 -0.108578 0.993335 0.038689 -0.12397 0.0628195 -0.0319851 0.997512 -0.0381369
300 301 36 0.999954 0.0092891 0.00234773 0.9896 -0.00928439 0.999955 -0.00200983 -0.014151 -0.00236629 0.00198794 0.999995 0.143149
300 302 40 0.999943 0.00973319 0.00445069 -0.729868 -0.00971942 0.999948 -0.00310581 0.0950036 -0.00448069 0.00306237 0.999985 -0.676954
300 303 45 0.999901 0.0140163 -0.00154981 0.982341 -0.0140229 0.999892 -0.00435128 -0.0932279 0.00148866 0.00437258 0.999989 -0.162221
300 304 166 0.999879 0.0138063 -0.00719181 0.952268 -0.0138707 0.999864 -0.00897623 -0.074573 0.0070669 0.0090749 0.999934 -0.296015
300 305 342 0.999456 0.0187156 -0.0271392 0.980757 -0.0190396 0.99975 -0.011732 -0.176207 0.0269128 0.0122423 0.999563 0.0840618
300 306 173 0.999923 0.0121808 -0.00254001 0.971857 -0.0122398 0.99962 -0.0246804 -0.164365 0.00223841 0.0247096 0.999692 -0.168754
300 307 164 0.999881 0.0139758 -0.00652233 0.93725 -0.0141721 0.999416 -0.0310823 -0.0671111 0.00608412 0.031171 0.999496 -0.342138
300 308 220 0.999354 0.0224881 -0.0280229 0.988072 -0.0233661 0.999234 -0.0314064 -0.0322195 0.0272951 0.0320409 0.999114 -0.150582
300 309 261 0.99963 0.0129361 -0.0239415 0.966241 -0.0136563 0.999452 -0.0301669 -0.054488 0.0235382 0.0304826 0.999258 -0.251812
300 310 260 0.998149 0.00140165 -0.0608014 0.985241 -0.00306885 0.999622 -0.0273357 -0.118735 0.0607401 0.0274717 0.997775 -0.123298
300 311 258 0.997003 0.000579799 -0.0773634 0.965257 -0.00250116 0.999691 -0.024741 -0.116067 0.0773251 0.0248603 0.996696 -0.23411
300 312 396 0.995896 0.00209545 -0.0904808 0.983251 -0.00430095 0.999698 -0.0241872 -0.135102 0.0904029 0.0244771 0.995604 -0.12233
300 313 156 0.998673 -0.0137381 -0.0496407 0.971206 0.0117836 0.999152 -0.0394523 -0.0993487 0.0501406 0.038815 0.997988 -0.216537
300 314 229 0.994842 -0.0118072 -0.100743 0.967087 0.00829518 0.999346 -0.0352094 -0.127903 0.101092 0.0341921 0.994289 -0.219962
315 316 453 0.999769 -0.0010226 0.0214686 -0.923964 0.000983537 0.999998 0.00183015 -0.180294 -0.0214704 -0.00180861 0.999768 0.33732
315 317 50 0.999977 -0.00324518 -0.00592094 -0.255621 0.00318448 0.999943 -0.0102329 0.0971544 0.0059538 0.0102138 0.99993 -0.961883
315 318 105 0.999639 -0.0139273 -0.0229552 0.886614 0.0137204 0.999864 -0.00914972 -0.322103 0.0230795 0.00883147 0.999695 -0.331912
315 319 105 0.999687 -0.00693079 -0.0240272 0.898164 0.00663903 0.999904 -0.0122016 -0.122084 0.0241094 0.0120383 0.999637 -0.42237
315 320 376 0.999118 0.000466645 -0.041993 0.991253 -0.00112763 0.999876 -0.015718 -0.0631209 0.0419804 0.0157515 0.998994 -0.115901
315 321 383 0.998557 -0.00881717 -0.0529725 0.878027 0.00815467 0.999886 -0.0127096 -0.1382 0.0530785 0.0122593 0.998515 -0.458225
315 322 257 0.999924 -0.0098126 0.00741897 -0.904879 0.00998489 0.999673 -0.0235547 0.129562 -0.00718541 0.023627 0.999695 -0.405472
315 323 355 0.998804 0.00608938 -0.0485094 0.926212 -0.00730918 0.999661 -0.025008 0.0572399 0.0483406 0.0253327 0.99851 -0.372633
315 324 501 0.996395 -0.00717836 -0.0845332 0.934751 0.00609327 0.999896 -0.0130873 -0.101065 0.0846183 0.012525 0.996335 -0.340626
315 325 348 0.996693 -0.0125433 -0.0802853 0.936061 0.0113097 0.999811 -0.015802 -0.0739012 0.0804683 0.0148417 0.996647 -0.343988
315 326 438 0.995882 -0.00214046 -0.0906317 0.962553 0.000667191 0.999867 -0.0162827 -0.0319143 0.0906546 0.0161552 0.995751 -0.26921
315 327 482 0.992381 -0.00401993 -0.123138 0.9713 0.00375831 0.99999 -0.00235682 -0.139771 0.123146 0.00187607 0.992387 -0.192459
315 328 388 0.994393 0.0128692 -0.10496 0.972955 -0.0148015 0.999735 -0.0176517 -0.0258031 0.104705 0.0191063 0.99432 -0.229551
315 329 253 0.994711 0.0112175 -0.102102 0.961882 -0.0130469 0.999766 -0.0172668 -0.0669015 0.101885 0.0185076 0.994624 -0.265156
