0 1 1013 0.999529 0.00996428 -0.0290208 0.969078 -0.0100653 0.999944 -0.00333803 0.182052 0.0289859 0.00362857 0.999573 -0.166566
0 2 713 0.99962 0.0136078 -0.0239828 0.773166 -0.0136605 0.999905 -0.00203702 0.268893 0.0239528 0.00236387 0.99971 -0.574379
0 3 874 0.997423 0.0250219 -0.0672383 0.909499 -0.0253768 0.999668 -0.00442876 0.215887 0.0671051 0.00612363 0.997727 -0.355254
0 4 755 0.997581 0.0253615 -0.0647243 0.818783 -0.0256886 0.999661 -0.00422614 0.319482 0.0645952 0.0058786 0.997894 -0.476996
0 5 670 0.996769 0.027664 -0.075405 0.879378 -0.0277641 0.999614 -0.000278839 0.266592 0.0753682 0.00237149 0.997153 -0.394492
0 6 688 0.99575 0.0281421 -0.0876964 0.880713 -0.0281719 0.999603 0.000898554 0.247223 0.0876869 0.00157584 0.996147 -0.404011
0 7 517 0.992985 0.0344365 -0.113113 0.877044 -0.0340733 0.999406 0.00514306 0.21958 0.113222 -0.00125286 0.993569 -0.427292
0 8 546 0.994553 0.0383267 -0.0969282 0.83782 -0.0372028 0.999218 0.0133769 0.215015 0.0973652 -0.00969799 0.995201 -0.501823
0 9 337 0.992482 0.0326678 -0.117954 0.853538 -0.0314618 0.999432 0.0120718 0.227638 0.118282 -0.00826999 0.992946 -0.468673
0 10 505 0.990515 0.0298858 -0.134115 0.880324 -0.0282169 0.999499 0.014328 0.216891 0.134476 -0.0104078 0.990862 -0.421885
0 11 446 0.984967 0.046661 -0.16632 0.906848 -0.0457436 0.99891 0.00934437 0.21051 0.166574 -0.00159584 0.986028 -0.365119
0 12 314 0.987542 0.0542204 -0.147717 0.868923 -0.0535992 0.998529 0.00818562 0.229695 0.147944 -0.000166119 0.988996 -0.43842
0 13 205 0.970453 0.0721543 -0.230248 0.930185 -0.0746004 0.997212 -0.00192452 0.228132 0.229467 0.0190442 0.97313 -0.287598
0 14 227 0.978967 0.0730374 -0.190499 0.897007 -0.0712473 0.997326 0.0162384 0.206188 0.191176 -0.0023243 0.981553 -0.39098
15 16 598 0.999886 -0.00075837 -0.0150481 0.797885 0.000622451 0.999959 -0.00903493 0.243726 0.0150544 0.00902454 0.999846 -0.551342
15 17 342 0.999919 -0.0029653 -0.0124056 0.54358 0.00283002 0.999936 -0.0109083 0.336249 0.0124372 0.0108723 0.999864 -0.769063
15 18 649 0.996753 0.00644419 -0.0802571 0.898058 -0.00864134 0.999596 -0.0270591 0.36049 0.0800504 0.0276648 0.996407 -0.252067
15 19 739 0.998764 0.00792684 -0.0490652 0.854953 -0.00826648 0.999943 -0.00672312 0.28279 0.0490091 0.0071204 0.998773 -0.434839
15 20 547 0.998037 -0.000977017 -0.0626267 0.834534 0.000459131 0.999966 -0.00828326 0.291173 0.0626327 0.00823825 0.998003 -0.467731
15 21 540 0.996988 0.00163796 -0.0775382 0.878167 -0.00183139 0.999995 -0.00242358 0.245587 0.0775339 0.00255828 0.996986 -0.410498
15 22 557 0.995123 0.0130195 -0.0977808 0.903136 -0.0135273 0.999898 -0.00453263 0.229068 0.0977118 0.00583324 0.995198 -0.363143
15 23 439 0.992298 0.0225933 -0.1218 0.920699 -0.0240795 0.999652 -0.0107434 0.21101 0.121514 0.0135935 0.992497 -0.32831
15 24 375 0.987792 0.0273588 -0.153356 0.933785 -0.0306455 0.999348 -0.0191085 0.206184 0.152734 0.0235749 0.987986 -0.292461
15 25 347 0.989869 0.0371779 -0.137031 0.916016 -0.0382588 0.999254 -0.0052625 0.115058 0.136733 0.0104518 0.990553 -0.384287
15 26 160 0.988649 0.0216893 -0.14867 0.872044 -0.0285435 0.998618 -0.0441255 0.295668 0.147508 0.0478682 0.987902 -0.390025
15 27 81 0.934888 0.081554 -0.345448 0.997694 -0.0812939 0.996573 0.0152666 -0.0674215 0.345509 0.0138102 0.938314 0.00777486
15 28 182 0.981774 0.0444473 -0.184781 0.915415 -0.0537326 0.997516 -0.0455485 0.177224 0.182297 0.0546471 0.981724 -0.361395
15 29 81 0.959362 0.0485592 -0.277969 0.973975 -0.0672451 0.996044 -0.0580831 0.1406 0.274049 0.0744147 0.958833 -0.177776
30 31 17 0.999976 0.00644139 -0.00236679 0.817288 -0.00642323 0.99995 0.00760248 -0.278493 0.00241564 -0.0075871 0.999968 -0.504463
30 32 678 0.998794 -0.00260848 -0.0490346 0.997948 0.00312436 0.999941 0.010447 -0.00591257 0.0490045 -0.0105876 0.998742 0.0637592
30 33 380 0.99782 0.00595355 -0.0657283 0.990443 -0.00519384 0.999918 0.0117232 -0.035777 0.0657927 -0.0113563 0.997769 0.1332
30 34 89 0.999542 -0.0202455 0.0225012 -0.395891 0.0199959 0.999737 0.0112614 -0.285878 -0.0227233 -0.0108063 0.999683 0.872665
30 35 0 1 0 0 0 0 1 0 0 0 0 1 0
30 36 0 1 0 0 0 0 1 0 0 0 0 1 0
30 37 0 1 0 0 0 0 1 0 0 0 0 1 0
30 38 66 0.992841 0.0698009 -0.0969213 0.992063 -0.0662087 0.997012 0.0398011 0.0393093 0.0994098 -0.0330991 0.994496 0.119436
30 39 101 0.99755 0.0560366 -0.0418888 0.979037 -0.0543294 0.997688 0.0408393 0.0858822 0.0440804 -0.0384634 0.998287 0.184692
30 40 0 1 0 0 0 0 1 0 0 0 0 1 0
30 41 0 1 0 0 0 0 1 0 0 0 0 1 0
30 42 18 0.977411 0.156916 0.141579 0.0196322 -0.16314 0.986037 0.0334124 0.066914 -0.134359 -0.0557548 0.989363 0.997566
30 43 78 0.99398 0.0532618 -0.095742 0.983114 -0.0520247 0.998527 0.0153735 0.090486 0.0964199 -0.0103 0.995287 0.15906
30 44 0 1 0 0 0 0 1 0 0 0 0 1 0
45 46 800 0.999473 0.00564926 -0.0319686 0.976389 -0.00558091 0.999982 0.0022268 0.0277918 0.0319806 -0.00204722 0.999486 -0.214225
45 47 22 0.999904 0.00831788 -0.0110371 0.969944 -0.00825251 0.999948 0.005955 -0.109614 0.0110861 -0.00586335 0.999921 -0.217239
45 48 256 0.999665 0.0161893 -0.0202039 0.975397 -0.0161128 0.999862 0.00394372 0.149538 0.0202649 -0.00361685 0.999788 -0.161987
45 49 838 0.998076 0.0301979 -0.0541489 0.983088 -0.0301662 0.999544 0.00140138 0.108744 0.0541665 0.00023478 0.998532 -0.147349
45 50 502 0.995731 0.0327852 -0.0862872 0.979416 -0.0315153 0.999375 0.0160382 -0.017419 0.0867591 -0.0132504 0.996141 -0.201099
45 51 164 0.999061 0.0350032 -0.025518 0.943403 -0.0344825 0.999194 0.0205667 0.0700365 0.0262173 -0.0196674 0.999463 -0.324168
45 52 90 0.995904 0.0323536 -0.0844251 0.948623 -0.031383 0.999425 0.0127992 0.206872 0.0847907 -0.0100973 0.996348 -0.239411
45 53 0 1 0 0 0 0 1 0 0 0 0 1 0
45 54 188 0.995026 0.0582699 -0.0807953 0.976195 -0.0546714 0.997442 0.0460581 0.133611 0.0832724 -0.0414118 0.995666 -0.170857
45 55 0 1 0 0 0 0 1 0 0 0 0 1 0
45 56 0 1 0 0 0 0 1 0 0 0 0 1 0
45 57 357 0.988757 0.113038 -0.0978899 0.99737 -0.110503 0.993394 0.030955 0.0669525 0.100742 -0.0197898 0.994716 0.027746
45 58 22 0.970589 0.235148 0.0515969 -0.286735 -0.238007 0.96948 0.0588395 0.230637 -0.0361861 -0.0693894 0.996933 0.929833
45 59 0 1 0 0 0 0 1 0 0 0 0 1 0
60 61 307 0.99962 0.00855158 -0.0262018 0.891965 -0.0088963 0.999875 -0.0130682 0.3743 0.0260867 0.0132963 0.999571 0.253572
60 62 320 0.999506 0.0183414 -0.025527 0.840354 -0.0187299 0.999711 -0.0150656 0.303045 0.0252433 0.0155362 0.999561 0.44941
60 63 267 0.999301 0.0305204 -0.021609 0.824426 -0.0305647 0.999531 -0.00172582 0.0194391 0.0215462 0.00238508 0.999765 0.565636
60 64 274 0.996902 0.0362849 -0.0697821 0.958196 -0.0365531 0.999328 -0.00257016 0.0351033 0.069642 0.00511295 0.997559 0.283952
60 65 195 0.999488 0.027065 -0.0170379 0.590166 -0.0272376 0.999579 -0.00997998 0.135529 0.0167607 0.0104389 0.999805 0.795824
60 66 218 0.997575 0.0206884 -0.0664485 0.883532 -0.0208839 0.999779 -0.00224852 -0.0550496 0.0663873 0.00363077 0.997787 0.465124
60 67 171 0.999001 0.0271906 -0.0354591 0.702264 -0.0276477 0.99954 -0.0124643 0.0225258 0.0351039 0.0134322 0.999293 0.71156
60 68 236 0.988041 0.0176265 -0.15318 0.959314 -0.0187179 0.999809 -0.00568577 -0.0506937 0.15305 0.00848498 0.988182 0.277754
60 69 178 0.997224 0.0323513 -0.0670614 0.776434 -0.0336919 0.999252 -0.018956 0.0385914 0.066398 0.0211628 0.997569 0.629016
60 70 222 0.996019 0.0376161 -0.0808177 0.817706 -0.0384461 0.999222 -0.00873758 -0.0578184 0.0804261 0.0118099 0.996691 0.572725
60 71 139 0.991308 0.0305417 -0.127967 0.895897 -0.0323991 0.999397 -0.0124579 -0.0277284 0.12751 0.0164957 0.9917 0.443396
60 72 101 0.995459 0.0534601 -0.0787593 0.693559 -0.0537052 0.998556 -0.000996099 -0.134319 0.0785923 0.00522136 0.996893 0.707767
60 73 109 0.982346 0.0398341 -0.182782 0.870924 -0.0393325 0.999206 0.00637025 -0.1309 0.182891 0.000931481 0.983133 0.473664
60 74 62 0.979078 0.0395967 -0.199596 0.890584 -0.039561 0.999208 0.00416845 -0.128413 0.199603 0.003815 0.979869 0.436315
75 76 16 0.999863 0.00463497 -0.0158602 0.911905 -0.00466197 0.999988 -0.00166545 -0.244225 0.0158523 0.00173917 0.999873 0.329823
75 77 223 0.999447 0.0184598 -0.0276627 0.869656 -0.0185669 0.999821 -0.00361887 -0.278054 0.0275909 0.00413048 0.999611 0.407903
75 78 339 0.996566 0.0199241 -0.0803664 0.854115 -0.0180352 0.999545 0.0241618 -0.506157 0.0808113 -0.0226294 0.996473 0.119551
75 79 402 0.99936 0.024726 -0.0258471 0.759711 -0.0252134 0.999507 -0.0187059 -0.346126 0.0253718 0.0193457 0.999491 0.550488
75 80 340 0.998707 0.0291571 -0.0416536 0.796114 -0.0299284 0.99939 -0.0180155 -0.351646 0.0411029 0.0192388 0.99897 0.492492
75 81 425 0.998051 0.021537 -0.0585667 0.85938 -0.0228606 0.999496 -0.0220244 -0.351768 0.0580629 0.0233203 0.998041 0.371112
75 82 574 0.997645 0.0241519 -0.0641902 0.859424 -0.0259018 0.999311 -0.0265706 -0.346754 0.0635043 0.0281707 0.997584 0.375703
75 83 548 0.99761 0.0218968 -0.0655404 0.85487 -0.0239595 0.999237 -0.0308536 -0.341086 0.0648148 0.0323502 0.997373 0.390971
75 84 362 0.996715 0.0296919 -0.0753505 0.833139 -0.0321889 0.998965 -0.0321427 -0.339566 0.0743181 0.0344626 0.996639 0.436548
75 85 174 0.99428 0.032579 -0.101711 0.859384 -0.0349257 0.999161 -0.0213771 -0.398219 0.100929 0.0248071 0.994584 0.32075
75 86 419 0.993851 0.0352495 -0.104964 0.879329 -0.0393223 0.998542 -0.0369883 -0.327248 0.103507 0.0408883 0.993788 0.34596
75 87 334 0.995963 0.0428035 -0.0789076 0.820815 -0.0465965 0.997814 -0.0468711 -0.344413 0.0767288 0.0503587 0.995779 0.455678
75 88 324 0.983602 0.0478426 -0.173891 0.908234 -0.0538535 0.998098 -0.0300116 -0.310955 0.172124 0.0388841 0.984307 0.280031
75 89 344 0.995977 0.0426441 -0.0788068 0.84586 -0.0472033 0.997262 -0.0569242 -0.31998 0.0761635 0.0604152 0.995263 0.426771
90 91 29 0.999859 0.00776308 -0.0149141 0.896739 -0.00770232 0.999962 0.00412712 -0.118138 0.0149456 -0.00401167 0.99988 0.426501
90 92 656 0.998485 0.0193145 -0.0515198 0.995858 -0.0191695 0.999811 0.00330628 0.0908618 0.0515739 -0.00231367 0.998667 0.00333651
90 93 687 0.998855 0.0145083 -0.0455769 0.981673 -0.0139886 0.999834 0.0117011 -0.00086834 0.0457391 -0.0110502 0.998892 0.190573
90 94 105 0.999908 0.0134061 0.00197422 -0.0343158 -0.0134382 0.999761 0.017219 -0.214729 -0.00174291 -0.0172439 0.99985 0.976071
90 95 223 0.998529 0.0393202 -0.0373248 0.996831 -0.0382644 0.998859 0.0285919 0.0688038 0.0384064 -0.0271217 0.998894 0.0399213
90 96 274 0.998663 0.043332 -0.0281994 0.911146 -0.0423345 0.998488 0.035057 0.173033 0.0296759 -0.0338163 0.998987 0.373995
90 97 17 0.998342 0.0575406 -0.00151046 -0.662289 -0.0573735 0.99687 0.0543856 0.0428415 0.00463512 -0.0542088 0.998519 -0.748022
90 98 0 1 0 0 0 0 1 0 0 0 0 1 0
90 99 0 1 0 0 0 0 1 0 0 0 0 1 0
90 100 276 0.994436 0.0969564 -0.0411934 0.945694 -0.0925892 0.990947 0.0972165 0.19901 0.0502463 -0.0928615 0.99441 0.257017
90 101 22 0.997353 0.0715238 0.0131027 0.151633 -0.07258 0.990156 0.11968 -0.20292 -0.00441379 -0.120314 0.992726 0.967383
90 102 79 0.992215 0.122953 -0.0198043 0.803371 -0.119467 0.984618 0.127493 0.281805 0.0351753 -0.124134 0.991642 0.524578
90 103 310 0.990947 0.128286 -0.0395764 0.980499 -0.121978 0.983481 0.133741 0.170507 0.0560797 -0.127703 0.990226 0.0977153
90 104 219 0.972905 0.147322 -0.178193 0.981399 -0.129188 0.985559 0.109471 0.191445 0.191747 -0.083484 0.977887 0.0143103
105 106 0 1 0 0 0 0 1 0 0 0 0 1 0
105 107 461 0.999101 0.0300399 -0.0299019 0.853794 -0.0293585 0.999305 0.0229721 -0.506942 0.0305712 -0.0220736 0.999289 -0.118512
105 108 352 0.998929 0.0331198 -0.0323228 0.826649 -0.032652 0.999356 0.0148941 0.0924324 0.0327953 -0.0138228 0.999366 -0.555075
105 109 236 0.999305 0.0348573 0.013213 -0.900949 -0.0352008 0.999023 0.0267244 -0.128763 -0.0122685 -0.0271709 0.999556 -0.414381
105 110 12 0.99716 0.0416457 -0.0627556 0.437086 -0.0404771 0.998985 0.0197796 -0.0970605 0.0635157 -0.0171833 0.997833 -0.894167
105 111 125 0.998896 0.0351506 -0.0311633 0.40029 -0.0336396 0.998293 0.0477529 -0.0402892 0.0327886 -0.0466518 0.998373 -0.915502
105 112 416 0.996887 0.0294928 -0.0731245 0.960758 -0.0271911 0.999109 0.0322748 0.250137 0.0740113 -0.030186 0.9968 -0.1199
105 113 435 0.991206 0.0315361 -0.128518 0.968028 -0.0298963 0.999445 0.014669 0.246573 0.12891 -0.0106977 0.991599 -0.0460817
105 114 81 0.998646 0.0420619 -0.0306128 0.721005 -0.0408766 0.998427 0.0383668 0.0722861 0.0321784 -0.0370635 0.998795 -0.68915
105 115 345 0.9923 0.0247836 -0.121351 0.992423 -0.0220413 0.999472 0.0238891 0.115337 0.121879 -0.0210304 0.992322 -0.0423463
105 116 324 0.992906 0.0245596 -0.11634 0.995847 -0.0219881 0.999486 0.0233359 0.083491 0.116853 -0.0206123 0.992935 -0.0363066
105 117 135 0.995678 0.0320908 -0.0871484 0.989872 -0.0294915 0.999086 0.0309513 -0.00136554 0.088062 -0.0282474 0.995714 -0.141955
105 118 21 0.999347 0.0360811 -0.00212526 -0.0831301 -0.0359933 0.998826 0.0324346 0.252024 0.00329304 -0.0323369 0.999472 0.964144
105 119 0 1 0 0 0 0 1 0 0 0 0 1 0
120 121 36 0.999997 0.00224797 -0.00115883 0.938363 -0.00224744 0.999997 0.000458373 -0.168018 0.00115985 -0.000455767 0.999999 -0.302068
120 122 228 0.999945 -0.00530169 0.00906069 0.953511 0.00526927 0.99998 0.00359818 -0.273039 -0.00907958 -0.00355024 0.999952 0.127542
120 123 178 0.999883 -0.00963719 0.0118927 0.952231 0.00961169 0.999951 0.00220001 -0.275681 -0.0119133 -0.00208544 0.999927 0.131362
120 124 247 0.999958 -0.00686433 0.0061149 0.934042 0.00683274 0.999963 0.00517175 -0.26769 -0.00615017 -0.00512975 0.999968 0.236449
120 125 415 0.999802 -0.00406142 -0.0195 0.948927 0.00429308 0.999921 0.0118531 -0.286831 0.0194503 -0.0119344 0.99974 0.131395
120 126 55 0.999936 -0.00737663 0.00859503 0.433023 0.00738862 0.999972 -0.00136392 -0.400817 -0.00858472 0.00142733 0.999962 0.807364
120 127 162 0.999959 0.00714039 -0.00563825 0.93538 -0.00715731 0.99997 -0.00298618 -0.326332 0.00561676 0.00302641 0.99998 0.136276
120 128 157 0.99989 0.010254 -0.0107162 0.926384 -0.0102787 0.999945 -0.00225526 -0.0803532 0.0106925 0.00236516 0.99994 -0.367908
120 129 171 0.99971 0.0053225 -0.0234848 0.944964 -0.00510376 0.999943 0.00936415 -0.300806 0.0235333 -0.00924158 0.99968 0.128677
120 130 42 0.999687 0.00106956 -0.0249953 0.881555 -0.000913979 0.99998 0.00623488 -0.226382 0.0250015 -0.00621009 0.999668 0.414262
120 131 283 0.999218 0.00313228 -0.039409 0.940257 -0.00283641 0.999967 0.00756136 -0.334778 0.0394314 -0.00744367 0.999195 0.0619639
120 132 63 0.99984 -0.000997244 -0.0178846 0.930773 0.000931731 0.999993 -0.00367104 -0.238924 0.0178881 0.00365379 0.999833 0.276727
120 133 50 0.999692 0.000102474 -0.0247977 0.933268 -6.72916e-05 0.999999 0.00141959 -0.226391 0.0247978 -0.00141749 0.999691 0.27885
120 134 54 0.999444 0.0189508 -0.0274352 0.969786 -0.019195 0.999778 -0.00866326 -0.150544 0.0272649 0.00918506 0.999586 0.191967
135 136 117 0.999988 0.00390492 -0.00308236 -0.124702 -0.00388392 0.999969 0.00678934 0.131776 0.00310878 -0.00677729 0.999972 -0.983405
135 137 156 0.999983 0.00452391 -0.00355948 -0.97575 -0.00447224 0.999886 0.0143936 -0.0680638 0.00362419 -0.0143774 0.99989 -0.208038
135 138 473 0.998444 0.0106717 -0.0547357 0.961836 -0.00922934 0.999605 0.0265359 0.105396 0.0549973 -0.0259895 0.998148 -0.252514
135 139 484 0.998477 0.0153182 -0.0530011 0.943283 -0.0136161 0.999385 0.0323285 0.182123 0.0534637 -0.0315576 0.998071 -0.277577
135 140 524 0.996148 0.0244458 -0.0842134 0.971851 -0.0214917 0.999128 0.0358083 0.126786 0.0850153 -0.0338605 0.995804 -0.19857
135 141 418 0.990213 0.036715 -0.134646 0.968643 -0.0317655 0.998745 0.0387264 0.11537 0.135898 -0.0340703 0.990137 -0.220048
135 142 229 0.991849 0.0346609 -0.122611 0.938686 -0.0293071 0.998548 0.0452025 0.17036 0.123999 -0.0412407 0.991425 -0.299743
135 143 331 0.993034 0.0410484 -0.11045 0.93017 -0.0349483 0.997785 0.0566101 0.14879 0.112529 -0.0523557 0.992268 -0.335628
135 144 424 0.987501 0.0529222 -0.148464 0.949677 -0.0448457 0.997353 0.0572322 0.150203 0.1511 -0.0498588 0.98726 -0.274869
135 145 371 0.982016 0.0580339 -0.179655 0.962909 -0.0472591 0.99685 0.0636878 0.102223 0.182785 -0.0540521 0.981666 -0.249713
135 146 269 0.981532 0.0782105 -0.174579 0.962048 -0.0686811 0.995834 0.0599841 0.169328 0.178543 -0.0468861 0.982814 -0.213988
135 147 193 0.984392 0.0901897 -0.151123 0.940547 -0.0810856 0.994561 0.0653713 0.167312 0.156197 -0.0520971 0.986351 -0.295598
135 148 251 0.972313 0.0969849 -0.212605 0.948479 -0.088246 0.994831 0.050238 0.178001 0.216378 -0.0300855 0.975846 -0.262114
135 149 293 0.977977 0.106319 -0.179602 0.919509 -0.0967557 0.993424 0.0612186 0.163294 0.18493 -0.0424928 0.981833 -0.357545
150 151 30 0.999966 0.00205629 -0.00792772 -0.352757 -0.00198754 0.99996 0.00867065 -0.131864 0.00794524 -0.0086546 0.999931 0.926377
150 152 44 0.999585 -0.00848967 -0.0275243 0.860988 0.00866264 0.999943 0.00617144 0.119885 0.0274704 -0.00640731 0.999602 0.494295
150 153 10 0.999376 -0.0223779 -0.0273124 0.643996 0.0224772 0.999742 0.00333227 -0.0141611 0.0272307 -0.0039441 0.999621 0.764897
150 154 71 0.993244 -0.0106775 -0.115556 0.981924 0.0118953 0.999881 0.00985391 -0.18303 0.115437 -0.0111619 0.993252 -0.0482211
150 155 90 0.990766 -0.00578129 -0.135457 0.986967 0.00263506 0.999723 -0.0233946 0.120935 0.135555 0.0228216 0.990507 -0.10616
150 156 113 0.994049 -0.0112627 -0.108349 0.886385 0.00955209 0.999822 -0.0162939 0.0502513 0.108513 0.015162 0.993979 -0.460213
150 157 82 0.994661 -0.0169648 -0.10179 0.81867 0.0152619 0.999731 -0.0174853 0.090892 0.10206 0.0158384 0.994652 -0.567025
150 158 236 0.993513 -0.0215306 -0.111661 0.853355 0.0201111 0.999702 -0.0138234 0.116741 0.111925 0.0114881 0.99365 -0.508091
150 159 137 0.990933 -0.01626 -0.133373 0.937732 0.015294 0.999849 -0.00826419 0.0862293 0.133487 0.00614945 0.991031 -0.336487
150 160 59 0.998037 -0.02583 -0.0570543 -0.267356 0.0261341 0.999648 0.00458987 -0.16065 0.0569157 -0.00607192 0.998361 -0.950112
150 161 225 0.968681 0.000831894 -0.248308 0.983316 -0.00526584 0.999838 -0.017193 0.115851 0.248254 0.0179621 0.968529 -0.140243
150 162 116 0.983673 0.00239032 -0.179951 0.924605 -0.00317974 0.999987 -0.00409847 0.110688 0.179939 0.00460375 0.983667 -0.364491
150 163 105 0.980427 0.00234309 -0.19687 0.966894 -0.00242859 0.999997 -0.000192902 0.119082 0.196869 0.000667243 0.98043 -0.225687
150 164 215 0.96803 0.0157607 -0.250337 0.965464 -0.0151273 0.999876 0.00445428 0.113184 0.250376 -0.000524951 0.968148 -0.234666
165 166 131 0.999978 0.00643959 -0.001828 -0.678108 -0.00643289 0.999973 0.00364706 0.0178892 0.00185144 -0.00363522 0.999992 -0.734745
165 167 89 0.999861 0.0134102 -0.00988393 -0.838079 -0.0133028 0.999853 0.010858 0.112465 0.0100281 -0.010725 0.999892 -0.53383
165 168 410 0.998928 0.0316754 -0.0337489 0.940045 -0.0310672 0.999348 0.0183956 -0.140917 0.0343095 -0.0173274 0.999261 0.310578
165 169 430 0.997523 0.0425475 -0.0560202 0.952063 -0.0414801 0.998938 0.0200815 -0.161377 0.0568151 -0.017708 0.998228 0.259873
165 170 404 0.996878 0.0399715 -0.0680897 0.984821 -0.0389286 0.999105 0.0165751 -0.0821569 0.0686912 -0.0138727 0.997542 0.152899
165 171 359 0.998006 0.0316015 -0.0546326 0.9633 -0.0304978 0.999316 0.0209199 -0.0751913 0.0552564 -0.019212 0.998287 0.257681
165 172 295 0.994693 0.0374845 -0.0958208 0.953093 -0.0348796 0.998979 0.0287169 -0.100251 0.0967993 -0.0252223 0.994984 0.285594
165 173 102 0.983585 0.0394222 0.176085 -0.894365 -0.0367145 0.999152 -0.0186099 0.137755 -0.17667 0.0118395 0.984199 0.425599
165 174 145 0.98823 0.065377 -0.1383 0.921942 -0.0623218 0.997709 0.0263122 -0.159537 0.139704 -0.0173834 0.990041 0.352945
165 175 104 0.98775 0.0611985 -0.143541 0.926888 -0.0595317 0.9981 0.0158827 -0.151129 0.14424 -0.00714286 0.989517 0.343569
165 176 87 0.983307 0.072039 -0.167084 0.934246 -0.0702126 0.99739 0.0168201 -0.195162 0.16786 -0.00480786 0.985799 0.298491
165 177 294 0.984084 0.070652 -0.163054 0.939368 -0.0706859 0.997483 0.0056011 -0.174805 0.16304 0.00601369 0.986601 0.295012
165 178 224 0.981408 0.0826909 -0.173205 0.936849 -0.0815849 0.996575 0.0135075 -0.181837 0.173729 0.000874525 0.984793 0.298745
165 179 159 0.984091 0.0648333 -0.165414 0.934846 -0.06384 0.997896 0.0113206 -0.158324 0.1658 -0.000580429 0.986159 0.3178
180 181 619 0.999451 0.0101624 -0.0315423 0.974088 -0.00981011 0.999888 0.0113037 -0.211076 0.0316537 -0.0109881 0.999438 0.0812325
180 182 382 0.999774 0.00350649 -0.0209659 0.970352 -0.00336719 0.999972 0.00667584 -0.0544148 0.0209887 -0.00660374 0.999758 0.23549
180 183 553 0.998123 0.00989366 0.0604302 -0.926893 -0.0095934 0.99994 -0.00525678 0.175361 -0.0604786 0.00466718 0.998159 0.331841
180 184 169 0.99628 0.0159272 -0.0846892 0.972495 -0.0149793 0.999818 0.0118165 -0.121285 0.084862 -0.010504 0.996337 0.198854
180 185 342 0.999166 0.0107023 -0.039415 0.961675 -0.0106125 0.999941 0.00248806 -0.123822 0.0394393 -0.00206769 0.99922 0.24464
180 186 323 0.998423 0.00246149 -0.0560818 0.967604 -0.00219892 0.999986 0.00474316 -0.102559 0.0560927 -0.00461236 0.998415 0.230702
180 187 317 0.998726 0.00423321 -0.05028 0.931384 -0.00406187 0.999986 0.00350933 -0.0938827 0.0502941 -0.00330063 0.998729 0.351725
180 188 397 0.993057 0.0187856 -0.116121 0.987445 -0.0170718 0.99973 0.0157357 -0.131465 0.116385 -0.0136441 0.99311 0.087577
180 189 169 0.9924 0.0170006 -0.121875 0.989844 -0.014954 0.999732 0.0176883 -0.111746 0.122143 -0.0157313 0.992388 0.0878707
180 190 178 0.996972 0.0111001 -0.076962 0.972788 -0.00971894 0.999785 0.0182978 -0.091569 0.0771486 -0.0174944 0.996866 0.212835
180 191 140 0.996563 0.0180885 -0.0808401 0.964389 -0.016428 0.999641 0.0211581 -0.106958 0.0811938 -0.0197573 0.996502 0.241895
180 192 106 0.98899 0.0321479 -0.144445 0.982495 -0.0284036 0.999207 0.0279102 -0.120377 0.145228 -0.0235002 0.989119 0.142175
180 193 285 0.980559 0.0494837 -0.189884 0.985803 -0.0436166 0.998437 0.0349563 -0.139667 0.191317 -0.0259946 0.981184 0.0932016
180 194 136 0.990506 0.0355917 -0.132786 0.985379 -0.0331309 0.999237 0.020697 -0.117201 0.133421 -0.0161012 0.990929 0.123659
195 196 12 0.99994 0.00922971 0.00590421 -0.979698 -0.00923176 0.999957 0.000320549 0.0628047 -0.005901 -0.000375036 0.999983 -0.190388
195 197 242 0.999943 0.00572465 0.00897194 -0.961891 -0.00573265 0.999983 0.000865512 0.122749 -0.00896684 -0.000916896 0.999959 -0.244332
195 198 314 0.999583 0.020234 -0.0206102 0.934465 -0.0201435 0.999787 0.00459158 -0.0765453 0.0206987 -0.0041745 0.999777 -0.34773
195 199 456 0.998588 0.0264433 -0.0460715 0.981981 -0.0259181 0.999593 0.0119595 -0.156428 0.046369 -0.0107485 0.998867 -0.106031
195 200 289 0.997068 0.0424622 -0.0636639 0.981413 -0.0420382 0.999084 0.00798532 -0.135012 0.0639447 -0.00528559 0.997939 -0.136381
195 201 262 0.996787 0.0587163 -0.0544802 0.988973 -0.0590514 0.998245 -0.00455902 -0.0512692 0.0541169 0.0077615 0.998504 -0.138939
195 202 220 0.99733 0.0509391 -0.0523359 0.976539 -0.0513942 0.998651 -0.00738666 -0.0873328 0.051889 0.0100567 0.998602 -0.196836
195 203 239 0.996559 0.0659125 -0.0502554 0.962044 -0.0665565 0.997719 -0.0112494 -0.0493563 0.0493994 0.0145555 0.998673 -0.268392
195 204 148 0.997482 0.0663075 0.0251772 0.754182 -0.0659344 0.997706 -0.0153744 -0.0116774 -0.0261389 0.0136756 0.999565 -0.656561
195 205 221 0.995624 0.0670386 -0.0651093 0.977841 -0.0677701 0.99766 -0.00908941 -0.0249879 0.0643476 0.0134621 0.997837 -0.207854
195 206 373 0.991056 0.0627065 -0.117797 0.992583 -0.0630303 0.998011 0.000978307 -0.058566 0.117624 0.00645521 0.993037 -0.106536
195 207 156 0.991965 0.0772016 -0.100231 0.991915 -0.0783477 0.996898 -0.00754339 -0.000534798 0.0993378 0.0153357 0.994936 -0.126901
195 208 247 0.989216 0.0741437 -0.126312 0.989843 -0.0759731 0.997062 -0.00972119 -0.00516767 0.12522 0.0192127 0.991943 -0.14207
195 209 30 0.99309 0.0298813 -0.113487 0.34315 -0.0305262 0.999526 -0.00394893 0.126761 0.113316 0.00738598 0.993532 -0.930688
210 211 27 0.99995 -0.00575713 -0.00817458 0.599314 0.00576941 0.999982 0.00147991 0.00529426 0.00816591 -0.001527 0.999965 0.800497
210 212 13 0.999599 -0.0147402 -0.0241977 0.964015 0.0148031 0.999887 0.00242331 -0.0632577 0.0241593 -0.00278054 0.999704 0.258211
210 213 299 0.999329 -0.00734985 -0.0358921 0.815685 0.00735786 0.999973 9.11679e-05 -0.0377076 0.0358904 -0.000355196 0.999356 0.577266
210 214 267 0.997305 -0.000989693 -0.0733541 0.999836 0.000399515 0.999967 -0.00805983 0.0116081 0.0733597 0.00800881 0.997273 0.0139
210 215 176 0.992554 -0.0119004 -0.121224 0.993208 0.011498 0.999926 -0.00401819 -0.102931 0.121263 0.00259444 0.992617 0.054254
210 216 471 0.99366 -0.00677129 -0.112223 0.989402 0.00640373 0.999973 -0.00363536 -0.115506 0.112245 0.00289367 0.993676 0.087994
210 217 516 0.9922 -0.00267381 -0.124629 0.989232 0.00211145 0.999987 -0.00464412 -0.11922 0.12464 0.00434475 0.992193 0.084893
210 218 333 0.977773 -0.00868837 -0.209486 0.97853 0.0117965 0.999838 0.0135921 -0.185539 0.209334 -0.0157612 0.977717 0.0897482
210 219 346 0.981986 0.0100714 -0.188687 0.980529 -0.00934803 0.999945 0.00472321 -0.150753 0.188724 -0.00287427 0.982026 0.125846
210 220 378 0.977035 0.017387 -0.212369 0.980451 -0.0150615 0.999808 0.0125635 -0.167183 0.212546 -0.00907637 0.977109 0.103758
210 221 311 0.961276 0.00891108 -0.275444 0.955289 0.00223083 0.999193 0.0401109 -0.244744 0.275579 -0.0391721 0.96048 0.165899
210 222 259 0.967198 0.0370705 -0.251305 0.955339 -0.0321875 0.999205 0.0235147 -0.198653 0.251977 -0.0146545 0.967622 0.218778
210 223 130 0.964259 0.0315379 -0.263079 0.935929 -0.0242175 0.999225 0.0310233 -0.257743 0.263853 -0.0235434 0.964275 0.240011
210 224 257 0.97548 0.0494751 -0.214454 0.934525 -0.0489661 0.998771 0.00768851 -0.233042 0.21457 0.00300097 0.976704 0.268987
225 226 89 0.99999 0.00208902 -0.00383497 0.553122 -0.0020893 0.999998 -6.90959e-05 -0.21606 0.00383482 7.71077e-05 0.999993 0.804596
225 227 227 0.999912 0.00248981 -0.0129933 0.680062 -0.0025261 0.999993 -0.00277752 -0.223059 0.0129863 0.0028101 0.999912 0.698398
225 228 644 0.998005 0.0187892 -0.0602702 0.990096 -0.018671 0.999822 0.00252437 -0.121598 0.0603069 -0.00139403 0.998179 -0.0701687
225 229 272 0.999086 0.0133077 -0.0406291 0.919529 -0.0131219 0.999902 0.00483576 -0.131613 0.0406895 -0.00429821 0.999163 0.370331
225 230 362 0.997988 0.00622039 -0.0630991 0.916521 -0.00579706 0.999959 0.00688981 -0.135983 0.0631394 -0.00651015 0.997983 0.376163
225 231 327 0.99824 0.00813416 -0.0587495 0.933298 -0.00797568 0.999964 0.00293149 -0.127831 0.0587712 -0.00245776 0.998268 0.33558
225 232 773 0.99376 0.0212175 -0.109499 0.955411 -0.0209625 0.999774 0.00347902 -0.0697603 0.109548 -0.00116194 0.993981 0.28692
225 233 343 0.996201 0.0109865 -0.086387 0.937343 -0.0103966 0.999919 0.00727536 -0.0875458 0.08646 -0.00634958 0.996235 0.337231
225 234 224 0.997353 0.00231234 -0.0726697 0.941496 -0.00162056 0.999953 0.00957713 -0.111853 0.0726884 -0.00943402 0.99731 0.317921
225 235 284 0.996388 0.0060701 -0.0846998 0.931102 -0.00494228 0.999896 0.0135188 -0.0914403 0.084773 -0.0130513 0.996315 0.353111
225 236 199 0.995293 0.00858427 -0.0965324 0.935759 -0.00717606 0.999863 0.0149257 -0.0906231 0.0966473 -0.0141627 0.995218 0.340798
225 237 210 0.993249 0.0154642 -0.114969 0.929343 -0.0136078 0.999764 0.0169142 -0.0950115 0.115204 -0.0152356 0.993225 0.356783
225 238 118 0.994728 0.0145875 -0.101503 0.951327 -0.0125957 0.999716 0.0202361 0.0130767 0.10177 -0.0188509 0.994629 -0.307906
225 239 134 0.992635 0.0136838 -0.12037 0.929061 -0.0108998 0.999658 0.023757 -0.0915771 0.120654 -0.02227 0.992445 0.358411
240 241 590 0.999273 0.00587888 -0.0376625 0.997243 -0.00575676 0.999978 0.00335036 -0.073265 0.0376814 -0.00313112 0.999285 -0.0117716
240 242 431 0.999458 0.00965048 -0.0314782 0.997579 -0.00958967 0.999952 0.00208207 0.0125381 0.0314967 -0.00177908 0.999502 -0.0684031
240 243 407 0.999051 0.0165658 -0.0402848 0.991639 -0.0164063 0.999856 0.0042881 -0.0676731 0.04035 -0.00362311 0.999179 0.109878
240 244 148 0.999584 0.0103162 -0.0269193 0.935813 -0.0102492 0.999944 0.00262496 -0.134443 0.0269449 -0.00234797 0.999634 0.32585
240 245 589 0.995268 0.0229003 -0.094427 0.996266 -0.0223274 0.999725 0.00711928 -0.0723219 0.0945641 -0.00497728 0.995506 0.0471588
240 246 450 0.995092 0.0341923 -0.0928636 0.998636 -0.0338826 0.999414 0.00491025 -0.0480626 0.092977 -0.00173969 0.995667 -0.0204059
240 247 65 0.999566 0.0282956 -0.00817111 -0.566966 -0.0283004 0.999599 -0.000482635 0.136024 0.00815418 0.000713672 0.999966 -0.812433
240 248 439 0.990864 0.0320512 -0.131001 0.990061 -0.0302747 0.999421 0.0155304 -0.138454 0.131422 -0.0114225 0.991261 0.0247104
240 249 334 0.991321 0.0377305 -0.125933 0.987046 -0.0364693 0.999259 0.0123062 -0.141686 0.126304 -0.00760673 0.991962 0.0752667
240 250 13 0.999891 0.0105857 -0.0103396 -0.884963 -0.0107016 0.99988 -0.0112211 0.24064 0.0102196 0.0113306 0.999884 -0.398664
240 251 0 1 0 0 0 0 1 0 0 0 0 1 0
240 252 170 0.980676 0.0782524 -0.179309 0.974019 -0.0788373 0.99688 0.00387263 -0.205703 0.179053 0.0103385 0.983785 0.0947232
240 253 208 0.993092 0.0720456 -0.0926137 0.985926 -0.0744787 0.996955 -0.0230847 -0.123211 0.0906686 0.0298229 0.995434 0.112997
240 254 218 0.987555 0.0676814 -0.141965 0.985537 -0.0701454 0.997459 -0.0124184 -0.150127 0.140764 0.022222 0.989794 0.0786054
255 256 259 0.999575 0.00269613 -0.0290289 0.625741 -0.00361703 0.99949 -0.031718 0.77938 0.0289286 0.0318095 0.999075 -0.0318439
255 257 81 0.999968 -0.00605494 -0.005211 0.410076 0.00615471 0.999794 0.0193473 -0.0948919 0.00509278 -0.0193788 0.999799 0.907102
255 258 188 0.999934 0.00435704 -0.0105883 -0.558855 -0.00413873 0.99978 0.0205532 -0.0864045 0.0106755 -0.020508 0.999733 -0.824752
255 259 414 0.997741 0.0114482 -0.0662024 0.97016 -0.0105334 0.999844 0.0141516 0.205628 0.0663541 -0.0134223 0.997706 0.128478
255 260 233 0.99298 0.00280638 -0.11825 0.970312 -0.000132911 0.999744 0.0226104 0.109323 0.118284 -0.022436 0.992726 0.215741
255 261 225 0.999101 0.00252546 -0.0423267 0.747314 -0.00159893 0.999759 0.0219096 0.358665 0.0423719 -0.0218222 0.998864 0.559358
255 262 398 0.9951 0.00941287 -0.0984283 0.935355 -0.00697305 0.999661 0.0251024 0.0551265 0.0986311 -0.0242931 0.994827 0.349388
255 263 342 0.990075 0.0153186 -0.1397 0.948327 -0.0126898 0.999726 0.0196893 0.0549055 0.139964 -0.0177211 0.989998 0.312507
255 264 106 0.999069 0.00561952 -0.0427674 0.442746 -0.00466958 0.999741 0.0222793 0.00896993 0.0428815 -0.0220589 0.998837 0.896602
255 265 384 0.977855 0.00994885 -0.209049 0.957867 -0.00590494 0.999783 0.0199595 -0.0116934 0.209202 -0.0182831 0.977701 0.286973
255 266 263 0.99685 0.0181024 -0.0772151 0.783943 -0.0170673 0.999756 0.0140435 -0.0143596 0.0774505 -0.0126814 0.996916 0.620667
255 267 156 0.985867 0.0130137 -0.167026 0.911053 -0.0071413 0.999337 0.0357114 -0.177674 0.16738 -0.0340139 0.985306 0.372041
255 268 318 0.979036 0.0292333 -0.201579 0.914476 -0.0258325 0.999476 0.0194818 -0.0784082 0.202043 -0.0138661 0.979278 0.396971
255 269 273 0.987533 0.0383765 -0.152664 0.870015 -0.0357667 0.999164 0.0198056 -0.11379 0.153297 -0.0140984 0.98808 0.479714
270 271 34 0.999979 0.00252964 -0.00593259 -0.207917 -0.00251558 0.999994 0.00237581 0.254271 0.00593856 -0.00236084 0.99998 -0.944519
270 272 281 0.998591 0.0174394 -0.0501285 0.823403 -0.0183861 0.99966 -0.0184861 0.16953 0.0497891 0.0193817 0.998572 0.541541
270 273 376 0.99895 0.0226577 -0.0398257 0.838592 -0.022629 0.999743 0.00117013 -0.326138 0.039842 -0.000267687 0.999206 0.436345
270 274 297 0.99924 0.028894 0.0261583 -0.510193 -0.0284584 0.999453 -0.0168741 -0.00508531 -0.0266316 0.0161168 0.999515 0.860045
270 275 332 0.998917 0.03736 -0.0277383 0.726004 -0.0373426 0.999302 0.00114347 -0.32076 0.0277616 -0.000106409 0.999615 0.608302
270 276 285 0.998808 0.0329017 0.0360494 -0.232448 -0.0319164 0.99911 -0.0275761 0.0661117 -0.0369246 0.0263926 0.998969 0.970359
270 277 288 0.992462 0.0327755 -0.118089 0.894606 -0.0297563 0.999186 0.0272403 -0.313332 0.118886 -0.023521 0.992629 0.318596
270 278 295 0.999646 0.0241813 -0.0110983 0.59885 -0.0240912 0.999676 0.00818461 -0.447245 0.0112926 -0.00791434 0.999905 0.664342
270 279 265 0.992354 0.0340644 -0.11863 0.876248 -0.0328661 0.999387 0.0120438 -0.250385 0.118967 -0.00805277 0.992865 0.4117
270 280 184 0.999576 0.0243134 -0.0159909 0.715619 -0.0243085 0.999704 0.000498331 -0.342185 0.0159983 -0.000109406 0.999872 0.608933
270 281 250 0.984759 0.0497094 -0.16667 0.898363 -0.0471641 0.998703 0.0191974 -0.192089 0.167408 -0.011044 0.985826 0.395027
270 282 209 0.99454 0.0271704 -0.100759 0.865298 -0.0271276 0.99963 0.00179498 -0.148299 0.100771 0.000948168 0.994909 0.478818
270 283 200 0.995656 0.0251094 -0.0896594 0.837458 -0.0252395 0.999681 -0.000317655 -0.153211 0.0896229 0.00257923 0.995972 0.524586
270 284 245 0.996677 0.0253182 -0.0774254 0.821501 -0.0250884 0.999677 0.00394035 -0.199155 0.0775002 -0.00198477 0.99699 0.534297
285 286 88 0.999945 0.00185657 0.0103584 -0.825998 -0.00185239 0.999998 -0.00041269 0.171863 -0.0103591 0.00039348 0.999946 -0.536833
285 287 500 0.996895 0.0120399 -0.0778195 0.97718 -0.010434 0.999725 0.0210098 -0.211826 0.0780511 -0.0201326 0.996746 0.0157567
285 288 299 0.999773 0.00742938 -0.0199866 0.998721 -0.00736492 0.999967 0.00329686 -0.0317084 0.0200105 -0.00314891 0.999795 0.0393875
285 289 342 0.999129 0.00534 -0.0413861 0.990641 -0.00509818 0.999969 0.00594645 -0.121568 0.0414165 -0.00573028 0.999126 -0.0620662
285 290 196 0.999952 -0.00677462 0.00704015 -0.911106 0.00678973 0.999975 -0.00212357 0.239076 -0.00702558 0.00217127 0.999973 -0.335751
285 291 298 0.999414 0.0165319 -0.0299855 0.992146 -0.0164831 0.999862 0.00187064 -0.112612 0.0300123 -0.00137529 0.999549 -0.0544595
285 292 441 0.998075 0.0223951 -0.0578268 0.988634 -0.0219644 0.999726 0.00807251 -0.117376 0.0579917 -0.00678684 0.998294 -0.093942
285 293 33 0.999032 0.0302081 -0.031986 0.485793 -0.0299882 0.999523 0.00733328 -0.0266635 0.0321922 -0.00636697 0.999461 -0.873667
285 294 27 0.999099 0.0281326 -0.0317671 0.991875 -0.0279277 0.999586 0.00687589 -0.126855 0.0319474 -0.00598251 0.999472 0.00957101
285 295 275 0.995966 0.0607568 -0.0660308 0.972338 -0.0599131 0.998096 0.0146853 -0.122439 0.0667973 -0.0106699 0.99771 -0.198916
285 296 0 1 0 0 0 0 1 0 0 0 0 1 0
285 297 117 0.997599 0.0654628 0.0226015 -0.998256 -0.0659472 0.997594 0.0213976 0.0431101 -0.0211464 -0.0228367 0.999516 0.0403414
285 298 326 0.994367 0.0956768 -0.0456066 0.990231 -0.0942487 0.995018 0.032503 -0.0920756 0.0484892 -0.0280216 0.998431 -0.104712
285 299 337 0.991598 0.115381 -0.0584903 0.991975 -0.113385 0.992885 0.036375 -0.106653 0.0622711 -0.0294374 0.997625 -0.0678948
300 301 344 0.999703 -0.00342335 0.0241091 -0.961904 0.0035751 0.999974 -0.00625419 0.247141 -0.024087 0.00633853 0.99969 0.116881
300 302 11 0.999813 0.0177809 0.00755303 0.658436 -0.0177574 0.999837 -0.00316736 -0.0790458 -0.00760812 0.00303265 0.999966 0.748475
300 303 16 0.999875 0.0152437 0.00410445 -0.922082 -0.0152237 0.999872 -0.00485667 -0.0141181 -0.00417796 0.00479358 0.99998 0.386738
300 304 187 0.99981 0.0186773 0.00557404 -0.712434 -0.0186154 0.999767 -0.0109629 -0.0680181 -0.00577749 0.010857 0.999924 0.698435
300 305 44 0.999692 0.0244246 0.00431422 0.91663 -0.0243371 0.999518 -0.0192806 -0.0823857 -0.00478306 0.0191696 0.999805 -0.391156
300 306 37 0.999221 0.0270942 0.0286935 -0.983768 -0.0263153 0.999284 -0.0271829 0.0450208 -0.0294094 0.0264067 0.999219 -0.173705
300 307 156 0.999879 0.0144451 -0.00570205 0.984266 -0.0146095 0.999445 -0.029935 -0.129182 0.00526648 0.0300147 0.999536 0.120553
300 308 221 0.999743 0.00719797 0.0215192 -0.960018 -0.00639436 0.999288 -0.0371822 0.195379 -0.0217715 0.037035 0.999077 -0.200479
300 309 235 0.998053 0.00447045 -0.0622175 0.979688 -0.00576599 0.99977 -0.0206587 -0.170664 0.0621109 0.0209772 0.997849 -0.105289
300 310 39 0.999969 0.00778549 0.00144148 -0.764068 -0.00773058 0.999364 -0.0348228 0.107074 -0.00171168 0.0348106 0.999392 -0.636188
300 311 240 0.990663 0.00855927 -0.136067 0.991837 -0.0126544 0.999492 -0.0292598 -0.00979457 0.135748 0.0307084 0.990267 -0.127139
300 312 114 0.997501 0.00385921 -0.0705472 0.986975 -0.00592967 0.999557 -0.0291628 -0.0864405 0.0704034 0.0295082 0.997082 -0.135675
300 313 106 0.991978 -0.0126021 -0.125785 0.979502 0.00550911 0.998383 -0.0565794 0.128543 0.126294 0.0554326 0.990443 -0.155088
300 314 277 0.990926 -0.00363486 -0.134356 0.981836 -0.000407079 0.999548 -0.0300441 -0.121874 0.134404 0.0298262 0.990478 -0.145412
315 316 64 0.99997 0.00426947 0.00643516 -0.83596 -0.00428558 0.999988 0.00249204 -0.405706 -0.00642444 -0.00251954 0.999976 0.369558
315 317 384 0.998819 -0.00736669 -0.0480315 0.926087 0.00758901 0.999961 0.00444794 -0.348824 0.0479969 -0.0048072 0.998836 0.143823
315 318 587 0.998876 -0.00106873 -0.0473961 0.917832 0.00119832 0.999996 0.00270578 -0.376469 0.047393 -0.00275954 0.998873 -0.125921
315 319 205 0.999707 -0.0012713 -0.0241837 0.844993 0.000956558 0.999915 -0.0130217 -0.0980301 0.0241982 0.0129947 0.999623 -0.525716
315 320 424 0.999565 -0.00856003 0.0282219 -0.999001 0.0091173 0.999765 -0.019677 0.0416753 -0.0280468 0.0199257 0.999408 -0.0161307
315 321 392 0.998546 -0.00450911 -0.0537121 0.97187 0.00378451 0.999901 -0.0135844 -0.155202 0.053768 0.0133614 0.998464 -0.177149
315 322 250 0.99978 -0.0198581 0.00670572 -0.897034 0.0200252 0.999465 -0.025849 0.208678 -0.00618882 0.0259776 0.999643 -0.389595
315 323 521 0.999683 -0.0103121 0.0229857 -0.944482 0.0109716 0.999526 -0.0287552 0.130279 -0.0226783 0.0289982 0.999322 -0.301631
315 324 352 0.997569 -0.0091456 -0.0690805 0.92754 0.00810109 0.999849 -0.0153853 -0.110774 0.0692108 0.0147883 0.997492 -0.356929
315 325 508 0.99969 -0.0102902 0.0226647 -0.933932 0.0108834 0.999597 -0.026208 0.0810052 -0.0223859 0.0264465 0.9994 -0.348151
315 326 327 0.996106 -0.0106963 -0.0875161 0.96594 0.00967088 0.99988 -0.0121328 -0.100241 0.0876354 0.0112392 0.996089 -0.238564
315 327 353 0.99501 -0.00520313 -0.0996431 0.930817 0.00429997 0.999948 -0.00927662 -0.0925797 0.0996861 0.00880187 0.99498 -0.353567
315 328 469 0.993866 0.0175802 -0.109181 0.985622 -0.0197271 0.999632 -0.0186139 -0.0167197 0.108814 0.0206535 0.993848 -0.168139
315 329 231 0.99396 0.0335745 -0.104479 0.960596 -0.0362882 0.999049 -0.024182 0.0114784 0.103567 0.0278273 0.994233 -0.277711
330 331 341 0.999845 -0.00597794 -0.01657 0.912283 0.00610627 0.999952 0.00770494 -0.264792 0.0165231 -0.00780493 0.999833 -0.312448
330 332 14 0.999968 -0.00799773 1.23824e-05 0.968912 0.0079977 0.999967 0.00165209 -0.027364 -2.55949e-05 -0.00165194 0.999999 -0.245889
330 333 164 0.999961 -0.00272487 -0.00834758 0.996558 0.00268401 0.999984 -0.00490206 -0.00370853 0.0083608 0.00487947 0.999953 -0.0828096
330 334 227 0.999946 -0.00918404 -0.00491016 0.959161 0.00913648 0.999912 -0.00962306 -0.00866615 0.00499811 0.00957768 0.999942 -0.28273
330 335 174 0.999666 -0.00288351 -0.0256995 0.975345 0.0027024 0.999971 -0.00707928 -0.110847 0.0257191 0.00700746 0.999645 -0.190828
330 336 286 0.999804 0.000472558 -0.0197932 0.950479 -0.000734102 0.999912 -0.0132087 -0.0163517 0.0197852 0.0132206 0.999717 -0.310357
330 337 262 0.999699 -0.00978488 -0.0224836 0.943872 0.00950737 0.999878 -0.0124167 -0.0791418 0.0226023 0.0121992 0.99967 -0.320689
330 338 212 0.996622 -0.017212 0.0802972 -0.840838 0.019856 0.999283 -0.032246 0.179217 -0.0796846 0.0337315 0.996249 -0.510757
330 339 131 0.999461 0.00125661 -0.032818 0.963216 -0.00219713 0.999587 -0.0286385 -0.0574732 0.0327685 0.0286951 0.999051 -0.26251
330 340 428 0.998432 0.00294076 -0.055893 0.952043 -0.00448413 0.999612 -0.0275076 -0.0793262 0.0557904 0.0277151 0.998058 -0.295502
330 341 398 0.998627 -0.00458454 -0.0521752 0.899554 0.00305112 0.999562 -0.0294317 -0.0571776 0.0522872 0.0292321 0.998204 -0.433051
330 342 270 0.998335 -0.0193356 -0.0543532 0.840144 0.0181338 0.999582 -0.0225167 -0.0554812 0.0547659 0.0214936 0.998268 -0.539519
