0 1 120 0.999832 0.0119269 -0.0139214 0.72951 -0.0119839 0.99992 -0.0040169 0.430653 0.0138723 0.00418305 0.999895 -0.531369
0 2 871 0.999535 0.01844 -0.0242672 0.724037 -0.0185483 0.999819 -0.00424567 0.350015 0.0241845 0.00469381 0.999696 -0.594357
0 3 875 0.999146 0.0199678 -0.0361633 0.713852 -0.0199968 0.9998 -0.000442743 0.262177 0.0361473 0.00116552 0.999346 -0.649368
0 4 963 0.997808 0.0164727 -0.064098 0.83609 -0.0165351 0.999863 -0.000442919 0.254953 0.0640819 0.00150182 0.997944 -0.48575
0 5 997 0.996426 0.0272567 -0.0799548 0.893524 -0.0272846 0.999627 0.000744301 0.256307 0.0799453 0.00143989 0.996798 -0.368676
0 6 854 0.996041 0.0285639 -0.0841824 0.881696 -0.0285336 0.999592 0.00156378 0.240846 0.0841927 0.000844442 0.996449 -0.405715
0 7 967 0.994001 0.0352655 -0.103534 0.861072 -0.0351818 0.999377 0.00263437 0.243822 0.103563 0.00102395 0.994622 -0.446212
0 8 791 0.993207 0.0335032 -0.111434 0.859243 -0.0328105 0.999429 0.00804474 0.231362 0.11164 -0.00433388 0.993739 -0.456259
0 9 695 0.991413 0.0341256 -0.126233 0.866781 -0.0329251 0.999391 0.0115852 0.205976 0.126552 -0.00732949 0.991933 -0.454163
0 10 737 0.990385 0.0344252 -0.133989 0.870493 -0.0329707 0.999371 0.0130599 0.227109 0.134354 -0.00851661 0.990897 -0.436651
0 11 809 0.984068 0.0440817 -0.172239 0.907235 -0.0432961 0.999028 0.00831689 0.210706 0.172438 -0.000727128 0.98502 -0.364044
0 12 664 0.978877 0.0531068 -0.197434 0.919796 -0.0526476 0.998584 0.00757787 0.195463 0.197557 0.00297663 0.980287 -0.34025
0 13 430 0.983434 0.061206 -0.170623 0.849902 -0.0601827 0.998125 0.011168 0.213875 0.170987 -0.000714464 0.985273 -0.481584
0 14 525 0.97822 0.0742283 -0.193842 0.901048 -0.0727125 0.997241 0.0149329 0.210673 0.194416 -0.000512862 0.980919 -0.379116
15 16 878 0.999878 -0.00115747 -0.0155598 0.750782 0.00101473 0.999957 -0.00917839 0.196692 0.0155697 0.00916149 0.999837 -0.630585
15 17 795 0.999477 -0.00561958 -0.0318546 0.812256 0.00529591 0.999934 -0.0102362 0.227242 0.03191 0.0100622 0.99944 -0.537216
15 18 996 0.997765 -0.00233235 -0.0667742 0.883966 0.00083172 0.999747 -0.0224922 0.365373 0.0668098 0.0223864 0.997515 -0.291732
15 19 887 0.999545 0.00512236 -0.0297078 0.756499 -0.00516159 0.999986 -0.00124384 0.27403 0.029701 0.00139661 0.999558 -0.593816
15 20 782 0.997034 0.00575691 -0.0767454 0.873516 -0.0064824 0.999937 -0.00920743 0.270076 0.0766875 0.00967761 0.997008 -0.405005
15 21 864 0.988319 -0.00537472 -0.152302 0.929087 0.000682437 0.999524 -0.0308447 0.302508 0.152395 0.0303805 0.987853 -0.212804
15 22 799 0.989061 0.0132375 -0.146913 0.954257 -0.0144057 0.999872 -0.00689042 0.178652 0.146803 0.00893142 0.989125 -0.239745
15 23 624 0.990173 0.0165812 -0.138865 0.934447 -0.0184679 0.999754 -0.0123092 0.203173 0.138626 0.0147528 0.990235 -0.292456
15 24 661 0.985046 0.0268695 -0.170186 0.947778 -0.0299966 0.999425 -0.01583 0.178094 0.169663 0.0206983 0.985285 -0.264574
15 25 613 0.989699 0.0388941 -0.137779 0.906314 -0.0415218 0.999005 -0.0162477 0.183001 0.13701 0.0218011 0.99033 -0.380926
15 26 507 0.986808 0.0375023 -0.157492 0.925804 -0.0412033 0.998945 -0.0202995 0.154733 0.156565 0.0265209 0.987312 -0.344883
15 27 415 0.979492 0.0392489 -0.197624 0.94047 -0.0461468 0.998471 -0.0304189 0.132992 0.196128 0.0389148 0.979806 -0.312777
15 28 434 0.965373 0.0441846 -0.257104 0.978154 -0.0549314 0.997885 -0.0347646 0.0911319 0.255024 0.047684 0.965758 -0.186841
15 29 328 0.966937 0.0599885 -0.247858 0.967 -0.0738942 0.99615 -0.0471784 0.114203 0.244074 0.0639339 0.967647 -0.227748
30 31 83 0.999965 0.00258813 -0.00800148 0.912468 -0.00254232 0.99998 0.00573006 0.00661876 0.00801615 -0.00570952 0.999952 -0.409095
30 32 1102 0.9995 -0.00277942 -0.0315006 0.990611 0.0031939 0.999909 0.0131153 -0.0466223 0.0314612 -0.0132094 0.999418 0.128515
30 33 859 0.997477 0.00964642 -0.0703382 0.988542 -0.00907123 0.999923 0.00849225 0.00558073 0.0704147 -0.00783276 0.997487 0.150842
30 34 605 0.994264 0.0345191 -0.101234 0.990914 -0.0347633 0.999395 -0.000648249 0.0796726 0.10115 0.00416376 0.994862 0.108363
30 35 342 0.9944 0.0424339 -0.0967849 0.986767 -0.0409135 0.999007 0.0176413 -0.00793349 0.0974374 -0.0135827 0.995149 0.161948
30 36 265 0.997676 0.0458888 -0.0503611 0.997592 -0.0447088 0.998704 0.024312 0.0542397 0.0514115 -0.0220039 0.998435 0.0432317
30 37 342 0.981415 0.0623928 -0.181469 0.995925 -0.0556604 0.997568 0.0419632 0.000718017 0.183646 -0.0310826 0.982501 0.0901816
30 38 555 0.987965 0.0609489 -0.142165 0.983142 -0.0565097 0.997786 0.0350603 0.0615792 0.143987 -0.0266047 0.989222 0.172163
30 39 587 0.98891 0.064471 -0.133792 0.982487 -0.0606393 0.99763 0.0325239 0.0783009 0.135572 -0.0240502 0.990476 0.169082
30 40 373 0.992625 0.059956 -0.105361 0.97476 -0.0574051 0.997984 0.0270822 0.097922 0.106772 -0.0208342 0.994065 0.200635
30 41 371 0.994067 0.0711904 -0.082235 0.986349 -0.0679939 0.996841 0.0410419 0.0138023 0.084897 -0.0352069 0.995768 0.164091
30 42 423 0.981208 0.0620955 -0.18269 0.983689 -0.0581217 0.997943 0.0270308 0.0339067 0.183992 -0.0159046 0.982799 0.176655
30 43 409 0.978247 0.0641494 -0.197277 0.986005 -0.0596316 0.997806 0.0287626 0.0218665 0.198689 -0.0163729 0.979926 0.165274
30 44 335 0.983016 0.0618191 -0.172797 0.988744 -0.0588973 0.998022 0.0219903 0.0362785 0.173814 -0.0114396 0.984712 0.145153
45 46 88 0.999818 0.000245385 -0.0190584 0.915639 -0.000212866 0.999999 0.0017083 0.075481 0.0190588 -0.00170393 0.999817 -0.394852
45 47 83 0.999839 0.00783068 -0.0161451 -0.993006 -0.00776367 0.999961 0.00420903 -0.0802995 0.0161774 -0.00408301 0.999861 0.0865549
45 48 836 0.999167 0.0180826 -0.0365827 0.995821 -0.0179437 0.999831 0.00412231 0.0547734 0.036651 -0.00346245 0.999322 0.0730807
45 49 982 0.994474 0.0258002 -0.101761 0.987017 -0.0240227 0.999537 0.0186542 -0.110381 0.102195 -0.0161065 0.994634 -0.116676
45 50 787 0.993059 0.0265863 -0.11457 0.982065 -0.0259599 0.999639 0.00695556 0.0556764 0.114713 -0.00393306 0.993391 -0.180133
45 51 651 0.998651 0.0303339 -0.0421474 0.948756 -0.0295408 0.999377 0.0193128 0.0720185 0.042707 -0.0180417 0.998925 -0.307695
45 52 556 0.991819 0.0426484 -0.120319 0.983096 -0.0393628 0.998788 0.0295544 0.0223984 0.121433 -0.0245766 0.992295 -0.181717
45 53 323 0.980464 0.0532986 -0.189342 0.986107 -0.0421456 0.997158 0.0624524 -0.074617 0.192133 -0.0532524 0.979923 -0.148406
45 54 449 0.992691 0.0597649 -0.104844 0.987463 -0.0545553 0.997162 0.0518749 0.0653956 0.107646 -0.045776 0.993135 -0.14367
45 55 159 0.997494 0.0556875 -0.0436431 0.999948 -0.0531966 0.996996 0.0562948 0.0101604 0.0466469 -0.053832 0.99746 -0.000999135
45 56 285 0.996882 0.0676743 -0.040568 0.997617 -0.0657568 0.996734 0.0468713 -0.00744957 0.0436074 -0.0440575 0.998077 -0.0685897
45 57 419 0.973782 0.13724 -0.181419 0.995767 -0.127039 0.989649 0.0667574 -0.0915371 0.188703 -0.0419598 0.981137 -0.00834851
45 58 369 0.978216 0.144338 -0.149198 0.999477 -0.139283 0.989281 0.0438506 0.0312951 0.153928 -0.0221146 0.987834 -0.00815651
45 59 191 0.923031 0.13802 -0.359117 0.993326 -0.122378 0.990283 0.0660518 -0.00534005 0.364744 -0.0170199 0.930952 0.115221
60 61 869 0.999811 0.0114971 -0.0156983 0.864025 -0.0116132 0.999906 -0.00732631 0.319541 0.0156126 0.00750723 0.99985 0.389043
60 62 827 0.99841 0.0205468 -0.0524973 0.95946 -0.0209273 0.999758 -0.00670912 0.0854956 0.0523468 0.00779708 0.998599 0.268565
60 63 647 0.999073 0.0299887 -0.0308973 0.86603 -0.0302492 0.99951 -0.00799675 0.16541 0.0306423 0.00892395 0.999491 0.471838
60 64 562 0.998853 0.0310679 -0.0364416 0.877245 -0.0312966 0.999494 -0.00572208 0.0788654 0.0362454 0.00685601 0.999319 0.47352
60 65 612 0.997813 0.0278436 -0.0599545 0.92075 -0.0284434 0.999553 -0.00917374 0.0665936 0.0596723 0.010859 0.998159 0.384428
60 66 494 0.998055 0.0250717 -0.0570689 0.841389 -0.0255817 0.999639 -0.00822334 0.0212171 0.0568422 0.00966727 0.998336 0.540014
60 67 637 0.9961 0.0269859 -0.0840073 0.894771 -0.0282845 0.999498 -0.0143072 0.0336025 0.083579 0.0166275 0.996362 0.44526
60 68 509 0.997963 0.0270309 -0.0577846 0.763384 -0.0278358 0.999526 -0.013171 -0.0169561 0.0574012 0.0147526 0.998242 0.645722
60 69 575 0.993084 0.0338813 -0.11241 0.90497 -0.0356674 0.999267 -0.0139158 0.0040772 0.111856 0.017829 0.993564 0.425457
60 70 532 0.995049 0.0309103 -0.0944525 0.841958 -0.0320359 0.999432 -0.0104244 -0.0395522 0.0940767 0.0133987 0.995475 0.538091
60 71 415 0.996567 0.0291466 -0.0774894 0.769237 -0.0299021 0.999516 -0.008607 -0.0656382 0.077201 0.0108946 0.996956 0.635583
60 72 386 0.994153 0.0312383 -0.103359 0.782334 -0.0322625 0.999445 -0.00825196 -0.076244 0.103044 0.0115383 0.99461 0.618175
60 73 431 0.990077 0.0360183 -0.135828 0.804662 -0.036807 0.999317 -0.00329924 -0.11265 0.135617 0.00826594 0.990727 0.582948
60 74 363 0.994918 0.0506017 -0.0870462 0.670631 -0.0518497 0.998581 -0.0121343 -0.0972423 0.0863087 0.016586 0.99613 0.735389
75 76 44 0.999934 0.00802758 -0.00825767 0.703337 -0.00804332 0.999966 -0.00187506 -0.300498 0.00824233 0.00194136 0.999964 0.644219
75 77 840 0.999207 0.0152944 -0.0367747 0.85981 -0.0154546 0.999872 -0.00407792 -0.247757 0.0367076 0.00464303 0.999315 0.446479
75 78 617 0.999813 0.0142508 -0.0130927 0.618578 -0.0144708 0.999753 -0.0168635 -0.333507 0.0128492 0.0170498 0.999772 0.711431
75 79 700 0.999188 0.021563 -0.0340378 0.826079 -0.0221653 0.999603 -0.0174175 -0.328713 0.0336487 0.0181578 0.999269 0.457756
75 80 622 0.998937 0.0303968 -0.0346556 0.799732 -0.0311559 0.999282 -0.021579 -0.347313 0.0339748 0.0226358 0.999166 0.489695
75 81 656 0.998548 0.0332836 -0.042359 0.808532 -0.0342645 0.999156 -0.0226457 -0.39842 0.0415696 0.0240642 0.998846 0.433055
75 82 682 0.998212 0.01649 -0.0574546 0.854993 -0.0184603 0.999254 -0.0339327 -0.30255 0.0568522 0.0349326 0.997771 0.421248
75 83 873 0.997245 0.0267089 -0.0692043 0.864441 -0.0286607 0.999215 -0.0273663 -0.346402 0.068419 0.0292743 0.997227 0.364344
75 84 728 0.995436 0.0319423 -0.0899264 0.86377 -0.0342848 0.999109 -0.0246259 -0.36621 0.0890597 0.0275966 0.995644 0.346109
75 85 533 0.998276 0.0241697 -0.0534872 0.79761 -0.026752 0.998484 -0.0481026 -0.34054 0.0522435 0.0494506 0.997409 0.497845
75 86 770 0.995566 0.0358049 -0.0869792 0.86449 -0.0395285 0.998357 -0.0414711 -0.331396 0.0853515 0.0447254 0.995347 0.377934
75 87 686 0.99374 0.033917 -0.106449 0.846326 -0.0384973 0.998406 -0.0412715 -0.324426 0.10488 0.0451111 0.993461 0.422468
75 88 704 0.991605 0.0524483 -0.118192 0.876349 -0.0579773 0.997355 -0.0438356 -0.326338 0.11558 0.05032 0.992023 0.354283
75 89 577 0.995387 0.0428653 -0.0858295 0.835053 -0.047621 0.997397 -0.0541501 -0.337442 0.0832849 0.0579876 0.994837 0.434534
90 91 1096 0.999193 0.00917756 -0.0391077 0.974727 -0.00876889 0.999905 0.0106086 -0.208715 0.0392014 -0.0102571 0.999179 0.0796565
90 92 136 0.999875 0.00803765 -0.0136136 0.945141 -0.0079372 0.999941 0.00741692 -0.0566405 0.0136724 -0.00730794 0.99988 -0.321713
90 93 825 0.999126 0.0137568 -0.039459 0.983993 -0.0131068 0.999775 0.0166828 -0.11578 0.0396797 -0.016151 0.999082 0.135471
90 94 916 0.991937 0.0346765 -0.121898 0.995171 -0.0312616 0.999066 0.0298171 -0.0969279 0.122818 -0.025766 0.992095 -0.0154839
90 95 508 0.99883 0.0371374 -0.0309774 0.981132 -0.0362405 0.998921 0.0290283 0.0311154 0.032022 -0.0278717 0.999098 -0.190819
90 96 555 0.997895 0.0534175 -0.0367805 0.981112 -0.0520988 0.997996 0.0359225 0.190873 0.0386257 -0.0339307 0.998678 0.0314226
90 97 503 0.996985 0.059627 -0.0496599 0.991703 -0.0572751 0.997227 0.0475072 0.11842 0.0523549 -0.0445196 0.997636 0.0500109
90 98 243 0.988311 0.113257 -0.102052 0.408118 -0.131022 0.973243 -0.188762 0.889275 0.077943 0.199926 0.976706 0.206468
90 99 406 0.993855 0.0842476 -0.0717951 0.960646 -0.0778964 0.99315 0.0870911 0.0708181 0.0786405 -0.0809634 0.99361 -0.268596
90 100 613 0.991435 0.100432 -0.0834818 0.977643 -0.0927385 0.991484 0.0914279 0.189444 0.0919531 -0.0829029 0.992306 0.0912421
90 101 447 0.987231 0.105899 -0.118998 0.974578 -0.0954679 0.991338 0.0901966 0.218922 0.127519 -0.0776843 0.988789 0.047665
90 102 420 0.989269 0.123052 -0.0787745 0.967425 -0.11381 0.987094 0.112658 0.234871 0.0916207 -0.102484 0.990506 -0.0944697
90 103 502 0.987021 0.131415 -0.092301 0.961702 -0.120739 0.986228 0.113031 0.272918 0.105884 -0.100419 0.989295 0.025398
90 104 499 0.977344 0.145231 -0.153966 0.975805 -0.129031 0.985465 0.110499 0.218039 0.167776 -0.0881288 0.981878 0.0162037
105 106 92 0.999943 0.0102303 -0.00295435 -0.80913 -0.0102165 0.999937 0.00464017 -0.0801186 0.00300163 -0.00460972 0.999985 -0.582142
105 107 661 0.9996 0.0264443 0.0100639 -0.940406 -0.0265673 0.999571 0.0122973 -0.134212 -0.00973435 -0.0125598 0.999874 -0.312447
105 108 253 0.99954 0.0284367 -0.0105812 -0.782589 -0.0282415 0.999436 0.0181632 -0.226679 0.0110917 -0.0178561 0.999779 -0.579803
105 109 572 0.998168 0.0349354 -0.0494032 0.827085 -0.0345827 0.99937 0.00797671 0.372504 0.0496507 -0.0062536 0.998747 -0.420918
105 110 350 0.997644 0.0263584 -0.0633347 0.792478 -0.0249632 0.99943 0.0227199 0.210217 0.0638975 -0.0210853 0.997734 -0.572527
105 111 538 0.999425 0.0335765 -0.00465242 -0.909072 -0.0332834 0.998041 0.05297 -0.276206 0.00642185 -0.0527847 0.998585 -0.311927
105 112 510 0.996725 0.0412867 -0.0695311 0.966889 -0.0388675 0.998603 0.0357942 0.231168 0.0709118 -0.0329745 0.996937 -0.108106
105 113 95 0.998874 0.0394548 -0.0263337 -0.875103 -0.0383796 0.998456 0.0401549 -0.163583 0.0278774 -0.039099 0.998846 0.45545
105 114 458 0.997148 0.034289 -0.0672274 0.952051 -0.0326327 0.99914 0.0255835 0.224774 0.0680468 -0.0233167 0.99741 -0.207548
105 115 503 0.997687 0.0334433 -0.0591795 0.956575 -0.031779 0.999079 0.0288452 0.149471 0.0600897 -0.0268978 0.997831 -0.250245
105 116 566 0.987385 0.0189668 -0.1572 0.985789 -0.0180281 0.99981 0.00739494 0.166852 0.15731 -0.00446763 0.987539 -0.019488
105 117 380 0.993222 0.0303678 -0.112196 0.985279 -0.0284423 0.99942 0.0187229 0.122491 0.1127 -0.0154048 0.99351 -0.119254
105 118 309 0.989337 0.0281835 -0.142889 0.993485 -0.0259973 0.999515 0.0171443 0.113464 0.143303 -0.0132468 0.98959 -0.0106441
105 119 127 0.996536 0.0167052 -0.0814707 0.987771 -0.0153032 0.999724 0.0178029 0.0603316 0.0817457 -0.0164944 0.996517 0.143764
120 121 239 0.999904 0.00036702 0.0138619 -0.757657 -0.000363688 1 -0.000242883 0.130942 -0.0138619 0.000237819 0.999904 -0.639383
120 122 433 0.999944 -0.00409913 0.00973418 0.9698 0.00408047 0.99999 0.00193553 -0.207307 -0.00974201 -0.0018957 0.999951 0.1285
120 123 397 0.999831 -0.0071769 0.0169324 0.940786 0.00715283 0.999973 0.00148169 -0.270021 -0.0169426 -0.00136033 0.999856 0.204967
120 124 924 0.999843 -0.00856691 -0.0155152 0.957442 0.00874105 0.999899 0.0111911 -0.275494 0.0154178 -0.0113249 0.999817 0.0860691
120 125 877 0.999877 -0.00363135 -0.0152738 0.941531 0.00377864 0.999947 0.00962585 -0.281824 0.015238 -0.00968238 0.999837 0.184649
120 126 745 0.999907 0.000772211 -0.0136412 0.935838 -0.000705038 0.999988 0.00492839 -0.295779 0.0136448 -0.00491831 0.999895 0.191627
120 127 715 0.999853 0.00666839 -0.0157823 0.933768 -0.00667593 0.999978 -0.000425567 -0.295631 0.0157791 0.000530866 0.999875 0.201691
120 128 251 0.999951 0.00604811 -0.00787339 0.951796 -0.00606818 0.999978 -0.00252732 -0.306669 0.00785793 0.00257497 0.999966 0.0062559
120 129 210 0.999983 0.00305492 0.00503012 0.925657 -0.00305632 0.999995 0.000270969 -0.268208 -0.00502927 -0.000286338 0.999987 0.266879
120 130 467 0.999424 0.00310505 -0.0337886 0.937136 -0.00268848 0.99992 0.0123673 -0.331219 0.0338243 -0.0122693 0.999352 0.109862
120 131 642 0.99912 0.00275617 -0.0418634 0.948751 -0.00252733 0.999982 0.00551838 -0.288408 0.0418779 -0.00540772 0.999108 0.129197
120 132 651 0.998631 0.00333697 -0.0522098 0.953026 -0.00285799 0.999953 0.00924608 -0.296379 0.0522382 -0.00908421 0.998593 0.0624556
120 133 428 0.998619 0.00333804 -0.0524271 0.956846 -0.00292584 0.999964 0.00793712 -0.274534 0.0524517 -0.00777276 0.998593 0.0952728
120 134 196 0.999079 0.000697109 -0.042914 0.941417 -0.000428805 0.99998 0.00626104 -0.228701 0.0429175 -0.00623687 0.999059 0.247851
135 136 141 0.999771 0.00435308 -0.0209359 0.958184 -0.00419115 0.999961 0.00777221 -0.0594155 0.0209689 -0.00768268 0.999751 -0.279916
135 137 578 0.999468 0.00784454 -0.0316437 0.971808 -0.00747213 0.999902 0.0118701 0.145868 0.0317337 -0.0116273 0.999429 -0.185232
135 138 634 0.998237 0.0148565 -0.0574588 0.896935 -0.0135435 0.99964 0.0231746 0.168061 0.0577824 -0.0223556 0.998079 -0.408978
135 139 694 0.997214 0.0171609 -0.0725895 0.973445 -0.0150881 0.999465 0.029008 0.168337 0.0730485 -0.0278319 0.99694 -0.155136
135 140 967 0.994038 0.026441 -0.105776 0.959346 -0.0229716 0.999162 0.0338842 0.122789 0.106583 -0.0312523 0.993813 -0.254122
135 141 516 0.995287 0.0286203 -0.0926492 0.927035 -0.0250562 0.998909 0.0394067 0.159705 0.093676 -0.0368996 0.994919 -0.339264
135 142 450 0.993695 0.0342373 -0.106758 0.928538 -0.0291027 0.998361 0.0492882 0.141877 0.108271 -0.0458705 0.993063 -0.343056
135 143 734 0.990472 0.0384684 -0.132229 0.961794 -0.0315728 0.998049 0.0538563 0.1367 0.134043 -0.0491683 0.989755 -0.237202
135 144 726 0.986379 0.0578568 -0.15398 0.95636 -0.0497958 0.997205 0.0557061 0.171243 0.156772 -0.0472798 0.986502 -0.236752
135 145 521 0.988891 0.0577291 -0.136977 0.931498 -0.0496147 0.996846 0.061934 0.142077 0.14012 -0.0544498 0.988636 -0.334852
135 146 463 0.987189 0.0707388 -0.143017 0.931354 -0.06173 0.995876 0.0664815 0.142365 0.14713 -0.0568014 0.987485 -0.33513
135 147 324 0.987246 0.0813738 -0.136834 0.918187 -0.0727644 0.99511 0.0667925 0.153059 0.1416 -0.055984 0.98834 -0.365383
135 148 422 0.981852 0.097296 -0.162787 0.921929 -0.0882986 0.994185 0.0616387 0.160256 0.167837 -0.0461463 0.984734 -0.352654
135 149 288 0.983328 0.10015 -0.151779 0.891261 -0.0912088 0.993722 0.0647858 0.150314 0.157315 -0.0498621 0.986289 -0.427855
150 151 23 0.999925 -0.00108422 -0.0122196 0.828234 0.00115813 0.999981 0.00604337 0.21509 0.0122128 -0.00605706 0.999907 -0.517459
150 152 145 0.999497 -0.0092863 -0.0303223 0.995078 0.00947766 0.999936 0.00617352 0.0319182 0.030263 -0.0064578 0.999521 0.0938106
150 153 697 0.997531 -0.0063497 -0.0699449 0.973822 0.00631796 0.99998 -0.000675005 0.0875189 0.0699478 0.00023143 0.997551 -0.209789
150 154 619 0.996447 -0.00719325 -0.0839184 0.995642 0.00673139 0.999961 -0.00578531 0.0276506 0.0839567 0.00519987 0.996456 -0.0890673
150 155 377 0.9964 -0.0121357 -0.0839045 0.981792 0.0106325 0.999775 -0.0183397 0.113115 0.0841082 0.0173816 0.996305 -0.15261
150 156 352 0.996487 -0.01553 -0.0822909 0.847083 0.0141721 0.999754 -0.0170594 0.0666717 0.0825356 0.0158333 0.996462 -0.527262
150 157 331 0.996046 -0.02054 -0.0864362 0.888347 0.01929 0.999697 -0.0152722 0.115166 0.0867237 0.0135444 0.99614 -0.444496
150 158 466 0.990809 -0.0179887 -0.134066 0.907571 0.016408 0.999782 -0.012886 0.0812758 0.134268 0.0105678 0.990889 -0.411958
150 159 280 0.990369 -0.0125246 -0.137884 0.911073 0.0115014 0.9999 -0.00821489 0.106941 0.137973 0.00654992 0.990414 -0.398132
150 160 272 0.989847 -0.00784484 -0.141919 0.94945 0.00684727 0.999948 -0.00751611 0.101766 0.141971 0.00646804 0.98985 -0.296967
150 161 469 0.985856 -0.00405143 -0.167547 0.914675 0.00279919 0.999966 -0.00770946 0.0918675 0.167572 0.00713143 0.985834 -0.393611
150 162 284 0.985615 0.00361932 -0.16897 0.911606 -0.00429945 0.999984 -0.00365948 0.100756 0.168954 0.00433332 0.985614 -0.398526
150 163 474 0.979863 0.00572739 -0.199588 0.960164 -0.00580073 0.999983 0.000217304 0.108922 0.199586 0.00094483 0.97988 -0.257336
150 164 407 0.977773 0.0115762 -0.209348 0.961479 -0.0102073 0.999919 0.00761834 0.121076 0.209419 -0.00531214 0.977812 -0.246777
165 166 17 0.999986 0.00386662 -0.0035901 -0.965609 -0.00385612 0.999988 0.00292818 0.0715586 0.00360138 -0.0029143 0.999989 -0.249958
165 167 825 0.999054 0.0178575 -0.0396543 0.989678 -0.0176221 0.999825 0.00627811 0.14323 0.0397594 -0.00557338 0.999194 -0.00473778
165 168 593 0.9988 0.0235636 -0.0429327 0.996461 -0.0228665 0.9996 0.0166579 -0.083808 0.043308 -0.0156562 0.998939 0.00643503
165 169 599 0.998092 0.0293903 -0.0543085 0.957937 -0.0287545 0.999509 0.0124518 -0.0299897 0.0546477 -0.0108664 0.998447 0.285406
165 170 583 0.997916 0.035654 -0.0537787 0.948693 -0.0347895 0.999251 0.0169276 -0.108229 0.054342 -0.0150214 0.998409 0.297101
165 171 529 0.998123 0.0383975 -0.0477025 0.8772 -0.0373685 0.999053 0.0222801 -0.0857411 0.0485129 -0.0204557 0.998613 0.472408
165 172 654 0.994443 0.0422879 -0.0964104 0.905391 -0.0394095 0.998724 0.0315675 -0.0901273 0.0976224 -0.0275926 0.994841 0.414903
165 173 452 0.991999 0.0569485 -0.112674 0.922604 -0.0536365 0.998041 0.0322131 -0.172328 0.114288 -0.0259119 0.99311 0.345115
165 174 597 0.987961 0.0741984 -0.13575 0.92641 -0.0708759 0.997059 0.0291534 -0.187266 0.137514 -0.019181 0.990314 0.326644
165 175 494 0.986915 0.075376 -0.14254 0.9298 -0.0726775 0.997065 0.024052 -0.202753 0.143935 -0.0133779 0.989497 0.307186
165 176 415 0.976058 0.0841685 -0.200563 0.942138 -0.0800251 0.99638 0.0286923 -0.218879 0.202252 -0.0119552 0.97926 0.253905
165 177 494 0.980212 0.0819882 -0.180171 0.938184 -0.0808784 0.996632 0.0135102 -0.198405 0.180672 0.00132912 0.983542 0.28363
165 178 405 0.982258 0.081435 -0.168928 0.948902 -0.0805791 0.996677 0.0119269 -0.181641 0.169338 0.00189673 0.985556 0.258054
165 179 405 0.975762 0.0844253 -0.201892 0.949235 -0.0812559 0.996405 0.0239502 -0.183975 0.203189 -0.00696477 0.979115 0.255161
180 181 41 0.999997 0.0022321 0.000541604 -0.951544 -0.00223357 0.999994 0.00271699 0.0502353 -0.000535536 -0.00271819 0.999996 0.303382
180 182 693 0.999741 0.00666198 -0.0217756 0.938624 -0.00650947 0.999954 0.0070671 -0.0854104 0.0218216 -0.00692352 0.999738 0.334201
180 183 500 0.999867 0.00519596 -0.015438 0.870864 -0.00508056 0.999959 0.00750519 -0.130779 0.0154764 -0.00742576 0.999853 0.473807
180 184 767 0.998649 0.00800156 -0.0513484 0.943777 -0.00766776 0.999948 0.00669444 -0.107678 0.0513993 -0.00629167 0.998658 0.312553
180 185 643 0.998939 0.00731658 -0.0454766 0.963797 -0.00726821 0.999973 0.00122894 -0.0900971 0.0454844 -0.000897099 0.998965 0.250955
180 186 586 0.998207 0.00386595 -0.0597295 0.979976 -0.00357281 0.999981 0.00501375 -0.112308 0.0597477 -0.00479135 0.998202 0.164417
180 187 926 0.996275 0.00162581 -0.0862191 0.966113 -0.000956805 0.999969 0.0078001 -0.0902522 0.0862291 -0.00768855 0.996246 0.241826
180 188 536 0.997204 0.0104285 -0.0739963 0.977871 -0.0098854 0.999921 0.0077024 -0.1132 0.0740709 -0.00694938 0.997229 0.175936
180 189 715 0.994615 0.0171374 -0.102215 0.991418 -0.0158086 0.99978 0.0137953 -0.102111 0.102429 -0.0121051 0.994667 0.0816334
180 190 487 0.994702 0.011282 -0.102177 0.972172 -0.00912186 0.999725 0.021584 -0.0852975 0.102392 -0.0205376 0.994532 0.218186
180 191 420 0.994771 0.0137125 -0.101209 0.970964 -0.0112587 0.99963 0.0247766 -0.118503 0.101511 -0.0235076 0.994557 0.207812
180 192 362 0.998039 0.0193474 -0.0595245 0.958999 -0.0183428 0.999681 0.0173776 -0.125933 0.0598418 -0.0162517 0.998076 0.253892
180 193 688 0.990776 0.0364821 -0.130505 0.983761 -0.033659 0.999151 0.0237739 -0.122799 0.131262 -0.019162 0.991163 0.130898
180 194 591 0.989096 0.0350913 -0.14303 0.985269 -0.0322236 0.999231 0.0223177 -0.12453 0.143703 -0.0174654 0.989467 0.117202
195 196 40 0.999991 0.00381731 -0.00164957 0.832772 -0.0038167 0.999993 0.000369578 -0.110479 0.00165097 -0.000363279 0.999999 -0.542481
195 197 568 0.999833 0.013024 -0.0127889 0.784721 -0.012993 0.999912 0.00250045 -0.125368 0.0128203 -0.00233387 0.999915 -0.607039
195 198 520 0.999813 0.0176847 -0.00778703 0.924782 -0.0176575 0.999838 0.0035515 -0.0673856 0.00784857 -0.00341334 0.999963 -0.374482
195 199 581 0.999238 0.0278704 -0.0273335 0.972791 -0.0276778 0.99959 0.00739643 -0.130342 0.0275284 -0.00663426 0.999599 -0.191541
195 200 536 0.998849 0.0382164 -0.0289954 0.963637 -0.0381889 0.999269 0.00150079 -0.100248 0.0290316 -0.000391758 0.999578 -0.247698
195 201 463 0.998468 0.0472838 -0.0287232 0.996852 -0.0474432 0.998862 -0.00489446 -0.0538362 0.0284591 0.00624969 0.999575 -0.0582114
195 202 405 0.997748 0.05458 -0.0389891 0.984089 -0.0549845 0.998443 -0.00937769 -0.0654126 0.0384166 0.0115004 0.999196 -0.165195
195 203 450 0.996963 0.0659975 -0.0413517 0.970702 -0.0665187 0.997721 -0.0113549 -0.0620683 0.040508 0.014071 0.99908 -0.232132
195 204 503 0.994943 0.0685471 -0.0734139 0.975151 -0.0692829 0.997569 -0.00752066 -0.0574604 0.0727199 0.012569 0.997273 -0.213959
195 205 419 0.994551 0.0738483 -0.0735849 0.975822 -0.0747152 0.997163 -0.00909565 -0.0133984 0.0727045 0.014544 0.997247 -0.218154
195 206 349 0.994571 0.0665726 -0.0799762 0.978675 -0.0672591 0.997718 -0.00591715 -0.0187461 0.0793998 0.0112642 0.996779 -0.204555
195 207 340 0.993796 0.0641732 -0.0908331 0.997299 -0.0649319 0.997875 -0.00541936 -0.0225733 0.0902923 0.0112837 0.995851 -0.0698916
195 208 306 0.994236 0.0638253 -0.0861412 0.992897 -0.0648881 0.997846 -0.00959237 -0.00221268 0.0853434 0.0151266 0.996237 -0.118958
195 209 441 0.989133 0.0653637 -0.131698 0.992079 -0.0665791 0.997769 -0.00484239 0.00137261 0.131088 0.0135581 0.991278 -0.12561
210 211 61 0.999963 -0.00635059 -0.00586298 -0.803181 0.00635937 0.999979 0.00148095 0.0332734 0.00585345 -0.00151817 0.999982 0.594806
210 212 115 0.999561 -0.00412869 -0.0293391 0.988512 0.00417584 0.99999 0.00154609 0.0690028 0.0293324 -0.00166792 0.999568 0.134472
210 213 1206 0.997482 -0.0101708 -0.070193 0.983965 0.0107795 0.999907 0.00829943 -0.16958 0.0701021 -0.00903517 0.997499 0.0552824
210 214 1028 0.996583 -0.00720175 -0.0822863 0.975467 0.0069824 0.999971 -0.00295304 -0.0817666 0.0823052 0.00236839 0.996604 0.204399
210 215 854 0.994077 -0.0102578 -0.108189 0.993312 0.00993187 0.999944 -0.00355141 -0.111348 0.10822 0.00245585 0.994124 0.0305457
210 216 612 0.995025 -0.00714376 -0.0993726 0.988468 0.00676195 0.999968 -0.00417856 -0.150996 0.0993993 0.00348581 0.995042 -0.0114649
210 217 531 0.995738 -0.00694109 -0.0919641 0.94565 0.00628751 0.999953 -0.00739479 -0.136878 0.0920111 0.00678505 0.995735 0.294975
210 218 545 0.993957 -0.00201837 -0.109755 0.984978 0.00120743 0.999971 -0.00745461 -0.146782 0.109767 0.00727703 0.993931 0.0909555
210 219 503 0.992799 0.00703892 -0.119589 0.970685 -0.00765977 0.999959 -0.0047327 -0.179564 0.119551 0.00561465 0.992812 0.159775
210 220 924 0.981036 0.0124966 -0.193421 0.968273 -0.0107659 0.999892 0.00999628 -0.186155 0.193525 -0.00772436 0.981065 0.166713
210 221 789 0.983346 0.0169605 -0.180948 0.964966 -0.015327 0.999828 0.0104221 -0.200874 0.181094 -0.00747516 0.983437 0.168793
210 222 656 0.979739 0.0264681 -0.19852 0.949135 -0.0241518 0.999609 0.0140803 -0.209928 0.198815 -0.00900037 0.979996 0.234679
210 223 529 0.976747 0.0361343 -0.211326 0.940322 -0.0341454 0.999332 0.0130541 -0.242842 0.211656 -0.00553475 0.977328 0.238374
210 224 663 0.973642 0.0464338 -0.223305 0.931763 -0.0452696 0.998921 0.0103326 -0.226641 0.223544 4.87e-05 0.974694 0.283638
225 226 351 0.999905 0.00195479 -0.0136663 0.91847 -0.00194482 0.999998 0.000742194 -0.170289 0.0136677 -0.000715544 0.999906 0.356951
225 227 704 0.999483 0.00962184 -0.0306838 0.917299 -0.00965868 0.999953 -0.00105263 -0.207676 0.0306723 0.00134845 0.999529 0.339754
225 228 444 0.999841 0.012435 -0.012819 0.908834 -0.0124708 0.999919 -0.00271801 -0.181031 0.0127842 0.00287744 0.999914 0.37583
225 229 489 0.999606 0.0123359 -0.0252308 0.906176 -0.0122343 0.999916 0.00417521 -0.173853 0.0252802 -0.00386489 0.999673 0.385513
225 230 662 0.998459 0.0102598 -0.0545413 0.909992 -0.00994209 0.999932 0.00609378 -0.122099 0.0546001 -0.00554213 0.998493 0.39624
225 231 1350 0.997389 0.00905972 -0.0716465 0.963104 -0.00877228 0.999952 0.00432555 -0.11245 0.0716822 -0.00368575 0.997421 0.244513
225 232 1367 0.99668 0.0112957 -0.0806323 0.966747 -0.0108598 0.999924 0.00584242 -0.0984634 0.0806922 -0.00494738 0.996727 0.23602
225 233 483 0.998248 0.00166442 -0.0591504 0.899742 -0.00125681 0.999975 0.00692765 -0.118687 0.0591605 -0.00684117 0.998225 0.419973
225 234 456 0.997079 0.00392095 -0.0762749 0.926719 -0.00325023 0.999955 0.00891553 -0.0857641 0.0763064 -0.00864158 0.997047 0.365835
225 235 1241 0.993334 0.00731359 -0.11504 0.929406 -0.0057033 0.999881 0.0143205 -0.0689466 0.115131 -0.013569 0.993258 0.362561
225 236 1052 0.991943 0.0127126 -0.126043 0.952778 -0.0104465 0.999772 0.0186236 -0.103822 0.126251 -0.0171568 0.99185 0.28537
225 237 670 0.993093 0.011322 -0.116781 0.934747 -0.00950553 0.999825 0.0160995 -0.0919715 0.116942 -0.0148782 0.993027 0.343204
225 238 1039 0.990382 0.0230862 -0.136419 0.960069 -0.0203115 0.999558 0.021697 -0.0880502 0.13686 -0.0187175 0.990414 0.265545
225 239 824 0.988356 0.0245051 -0.150173 0.922132 -0.0210919 0.999483 0.0242791 -0.0720458 0.15069 -0.0208289 0.988362 0.380108
240 241 639 0.999711 -0.0012303 -0.024023 0.997576 0.00122048 0.999999 -0.000423333 0.0630633 0.0240235 0.000393891 0.999711 -0.0294095
240 242 633 0.99947 0.0118174 -0.0303358 0.936739 -0.0117108 0.999925 0.00369016 -0.0135361 0.0303771 -0.00333295 0.999533 0.349766
240 243 923 0.998317 0.0131126 -0.0564904 0.995673 -0.0127471 0.999895 0.00682622 -0.0915401 0.056574 -0.00609465 0.99838 0.0160152
240 244 1071 0.996511 0.0182535 -0.0814397 0.9985 -0.0178443 0.999824 0.00574893 -0.0526296 0.0815304 -0.00427563 0.996662 0.0150646
240 245 522 0.997714 0.0227676 -0.0636349 0.996805 -0.0225277 0.999736 0.00448438 -0.0791089 0.0637202 -0.00304057 0.997963 -0.0110027
240 246 868 0.99477 0.027885 -0.0982598 0.994159 -0.0271774 0.999594 0.00853246 -0.104149 0.0984579 -0.00581738 0.995124 0.0282972
240 247 524 0.994206 0.0302115 -0.103163 0.992478 -0.0293666 0.999522 0.00969882 -0.113252 0.103407 -0.00661307 0.994617 0.0464896
240 248 849 0.989203 0.0390097 -0.141266 0.99309 -0.0375956 0.999213 0.0126658 -0.108343 0.141649 -0.00721808 0.989891 0.0450998
240 249 693 0.990804 0.0413416 -0.128834 0.987522 -0.0400285 0.999117 0.0127656 -0.144106 0.129248 -0.00749121 0.991584 0.0635072
240 250 384 0.981377 0.06151 -0.181979 0.975962 -0.0601481 0.998105 0.012999 -0.16152 0.182433 -0.00181123 0.983217 0.146318
240 251 311 0.983793 0.0619081 -0.168281 0.967929 -0.0623095 0.998053 0.00289899 -0.180965 0.168133 0.00763352 0.985735 0.174257
240 252 395 0.987551 0.0719893 -0.139858 0.987985 -0.0749597 0.997057 -0.0160816 -0.135409 0.138289 0.0263651 0.990041 0.0745037
240 253 356 0.991529 0.0680636 -0.110619 0.989353 -0.0705782 0.997326 -0.0189729 -0.136553 0.109032 0.0266196 0.993682 0.050341
240 254 357 0.987701 0.0657941 -0.141835 0.976756 -0.0681776 0.997601 -0.0120061 -0.160698 0.140705 0.0215284 0.989818 0.14186
255 256 191 0.999972 0.00523374 -0.00528253 0.527148 -0.00520752 0.999974 0.00496621 0.0768614 0.00530838 -0.00493857 0.999974 -0.846291
255 257 64 0.999982 0.00288628 -0.00528577 -0.925345 -0.00280199 0.99987 0.0158847 -0.128697 0.00533093 -0.0158696 0.99986 -0.356616
255 258 707 0.999243 0.00483421 -0.0385933 0.935352 -0.00418076 0.999847 0.0169945 0.122193 0.0386695 -0.0168203 0.99911 0.331942
255 259 1210 0.997752 0.0126496 -0.065812 0.973457 -0.0116346 0.999808 0.0157838 0.153063 0.065999 -0.0149826 0.997707 0.170157
255 260 486 0.998905 0.0116777 -0.0453012 0.913151 -0.0103134 0.99949 0.0302349 0.0958718 0.0456312 -0.0297346 0.998516 0.396187
255 261 657 0.996791 0.00589931 -0.0798258 0.901355 -0.00370651 0.999612 0.0275901 0.106646 0.0799577 -0.0272057 0.996427 0.419745
255 262 800 0.995655 0.00883692 -0.092699 0.920815 -0.00651735 0.999659 0.0252955 0.0594737 0.0928909 -0.0245814 0.995373 0.385438
255 263 616 0.995614 0.0145633 -0.092419 0.903241 -0.012349 0.999624 0.0244861 0.0348627 0.0927409 -0.0232374 0.995419 0.427716
255 264 647 0.98647 0.00867059 -0.16371 0.931643 -0.00528367 0.999763 0.0211127 0.0172991 0.163854 -0.019962 0.986283 0.362963
255 265 948 0.990311 0.0116096 -0.138383 0.884754 -0.00891147 0.999758 0.0201015 -0.0147009 0.138583 -0.0186736 0.990175 0.465827
255 266 868 0.989874 0.0154752 -0.141106 0.918064 -0.0130413 0.99975 0.0181571 -0.038823 0.141351 -0.016133 0.989828 0.394527
255 267 482 0.991078 0.0110822 -0.132819 0.851265 -0.00837669 0.999746 0.0209113 -0.0921865 0.133017 -0.0196122 0.99092 0.516574
255 268 797 0.984998 0.0217496 -0.171188 0.898492 -0.0186131 0.999629 0.0199057 -0.0985537 0.171558 -0.0164207 0.985037 0.427784
255 269 921 0.983648 0.042158 -0.175096 0.897676 -0.0388116 0.998993 0.022494 -0.118532 0.175868 -0.0153304 0.984294 0.424414
270 271 1125 0.998432 0.00308082 0.0558963 -0.942198 -0.00283067 0.999986 -0.00455372 0.0789503 -0.0559095 0.00438835 0.998426 0.325621
270 272 953 0.998096 0.0157399 -0.0596342 0.866588 -0.014882 0.99978 0.0148023 -0.35843 0.0598541 -0.0138866 0.998111 0.347209
270 273 999 0.996048 0.0284061 -0.0841533 0.885936 -0.027046 0.999485 0.0172586 -0.33378 0.0846002 -0.0149144 0.996303 0.322038
270 274 832 0.998043 0.0352415 -0.0516566 0.799005 -0.0352696 0.999378 0.00036821 -0.236666 0.0516374 0.00145442 0.998665 0.552793
270 275 861 0.995258 0.0283082 -0.0930622 0.88797 -0.026827 0.999493 0.0171284 -0.291075 0.0934999 -0.0145506 0.995513 0.356069
270 276 563 0.999114 0.0173842 -0.0383303 0.766953 -0.0173547 0.999849 0.00110328 -0.28984 0.0383437 -0.000437094 0.999265 0.572517
270 277 745 0.997937 0.0322949 -0.0554796 0.835945 -0.0323294 0.999477 0.000274621 -0.241664 0.0554595 0.00151957 0.99846 0.492741
270 278 821 0.99681 0.0272665 -0.075012 0.865323 -0.0268974 0.999621 0.00592779 -0.257967 0.0751451 -0.00389125 0.997165 0.429731
270 279 792 0.995931 0.0330838 -0.08383 0.853125 -0.0333212 0.999444 -0.00143451 -0.217555 0.0837359 0.00422199 0.996479 0.474181
270 280 464 0.998693 0.0232951 -0.0455022 0.829149 -0.023517 0.999714 -0.00434582 -0.23729 0.0453879 0.00541021 0.998955 0.506168
270 281 829 0.990901 0.0191369 -0.133226 0.887066 -0.0157457 0.999526 0.0264621 -0.252742 0.133669 -0.0241236 0.990732 0.386309
270 282 505 0.997826 0.0154121 -0.0640689 0.816393 -0.0149888 0.999863 0.00708151 -0.236843 0.0641692 -0.0061058 0.99792 0.526695
270 283 700 0.994649 0.0245735 -0.100348 0.859113 -0.0231846 0.999619 0.0149845 -0.242307 0.100678 -0.0125778 0.99484 0.45079
270 284 682 0.993219 0.0277763 -0.112891 0.865715 -0.0264749 0.999565 0.0130104 -0.213143 0.113203 -0.00993344 0.993522 0.452889
285 286 145 0.99992 0.000826276 -0.0125823 0.971994 -0.000827175 1 -6.6253e-05 0.0952106 0.0125822 7.66555e-05 0.999921 -0.214854
285 287 1521 0.998291 0.00131119 -0.0584181 0.997411 -0.000928742 0.999978 0.00657346 -0.0287902 0.0584255 -0.00650798 0.998271 0.065892
285 288 193 0.999907 0.000639371 -0.0136199 0.993269 -0.000579888 0.99999 0.00437088 -0.111108 0.0136225 -0.00436258 0.999898 0.0327396
285 289 692 0.99938 0.00433376 -0.0349393 0.990861 -0.00420256 0.999984 0.00382772 -0.108713 0.0349553 -0.00367851 0.999382 0.0798478
285 290 1367 0.997938 0.0126952 -0.0629177 0.988357 -0.0121478 0.999885 0.00907545 -0.145694 0.0630257 -0.00829242 0.997977 -0.0438498
285 291 1428 0.997257 0.0166545 -0.0721157 0.985861 -0.0158409 0.999804 0.0118391 -0.165104 0.0722988 -0.0106643 0.997326 -0.0286126
285 292 1240 0.997498 0.0265834 -0.0655001 0.992304 -0.0260832 0.999624 0.00847956 -0.123783 0.0657009 -0.0067499 0.997817 -0.00332223
285 293 914 0.998393 0.0280935 -0.0492067 0.976306 -0.0276106 0.999564 0.0104654 -0.112878 0.0494792 -0.00908994 0.998734 -0.184621
285 294 609 0.998292 0.0382895 -0.0441144 0.979375 -0.0379606 0.999245 0.00826913 -0.134687 0.0443977 -0.0065804 0.998992 -0.150609
285 295 906 0.996947 0.0553998 -0.0550267 0.974231 -0.0549074 0.998437 0.0104221 -0.119783 0.0555181 -0.00736893 0.99843 -0.191118
285 296 663 0.995727 0.0678082 -0.0626899 0.953067 -0.0663316 0.997476 0.0253459 -0.123087 0.0642503 -0.0210793 0.997711 -0.27661
285 297 792 0.995421 0.0823999 -0.048444 0.979668 -0.0810211 0.996268 0.0297716 -0.0879045 0.0507164 -0.0257103 0.998382 -0.180341
285 298 930 0.994911 0.0935613 -0.0374014 0.986714 -0.0923695 0.995197 0.0324192 -0.0838332 0.040255 -0.0287995 0.998774 -0.13917
285 299 412 0.994439 0.105133 -0.0061971 0.984347 -0.104899 0.994018 0.0304106 -0.117464 0.00935718 -0.0295914 0.999518 -0.13139
300 301 261 0.999902 0.0129008 0.00552008 0.25035 -0.0128889 0.999915 -0.00219159 0.00852975 -0.00554788 0.00212023 0.999982 -0.968118
300 302 151 0.999874 0.015268 0.00428699 0.467467 -0.0152514 0.999876 -0.00389092 -0.0604079 -0.00434586 0.00382504 0.999983 -0.881944
300 303 193 0.999904 0.0131937 -0.00419105 0.761469 -0.0132108 0.999904 -0.00408536 -0.00143219 0.00413675 0.00414034 0.999983 0.648199
300 304 308 0.999934 0.00993707 0.00573173 -0.963641 -0.0098706 0.999885 -0.0115113 0.22035 -0.00584545 0.011454 0.999917 0.151137
300 305 60 0.999697 0.0245194 -0.00218191 -0.310051 -0.0245429 0.999633 -0.0114734 -0.905016 0.00189979 0.0115235 0.999932 -0.291228
300 306 391 0.999667 0.0226765 -0.0122909 0.976954 -0.0229651 0.999451 -0.0238726 -0.0804335 0.0117428 0.024147 0.999639 -0.197715
300 307 815 0.999793 0.0151169 0.0136183 -0.991637 -0.0146659 0.99936 -0.0326274 0.126675 -0.0141028 0.0324209 0.999375 0.0246844
300 308 492 0.999391 0.0111034 -0.0330814 0.976815 -0.0120426 0.999526 -0.0283299 -0.119424 0.0327512 0.0287111 0.999051 -0.177682
300 309 349 0.999974 0.00305144 0.00653478 -0.965647 -0.00283637 0.999462 -0.0326726 0.1373 -0.00663096 0.0326532 0.999445 -0.220623
300 310 509 0.998444 0.00769992 -0.0552338 0.971027 -0.00934325 0.999519 -0.0295561 -0.0696196 0.0549796 0.0300261 0.998036 -0.228603
300 311 890 0.995372 -0.000467962 -0.0960921 0.97919 -0.00178329 0.999726 -0.0233409 -0.101491 0.0960767 0.0234042 0.995099 -0.175745
300 312 512 0.999023 -0.00221485 -0.0441285 -0.995319 0.000815117 0.999497 -0.0317122 0.0826075 0.0441765 0.0316452 0.998522 0.0501598
300 313 352 0.999712 -0.0151445 -0.0186144 -0.980776 0.0143308 0.998968 -0.0430941 0.155002 0.0192479 0.0428149 0.998898 -0.118546
300 314 744 0.993203 -0.00997188 -0.11597 0.975722 0.00632138 0.999474 -0.0318033 -0.130555 0.116226 0.0308541 0.992743 -0.175847
315 316 1270 0.999723 -0.00344583 0.0232856 -0.969997 0.00350828 0.99999 -0.0026418 -0.025349 -0.0232763 0.00272276 0.999725 0.24179
315 317 73 0.9999 -0.00800616 -0.0116389 -0.723412 0.00789702 0.999925 -0.00939306 0.127892 0.0117133 0.00930021 0.999888 0.678468
315 318 114 0.999786 -0.00106062 -0.0206537 0.930625 0.00081394 0.999928 -0.0119486 -0.143193 0.0206649 0.0119292 0.999715 -0.336799
315 319 356 0.999911 -0.00793379 -0.0107524 -0.94096 0.00778572 0.999875 -0.0137427 0.232866 0.0108601 0.0136578 0.999848 -0.245698
315 320 670 0.999191 -0.00775114 -0.0394547 0.985583 0.0072265 0.999884 -0.0134227 -0.150704 0.0395542 0.0131267 0.999131 -0.0769019
315 321 809 0.998292 -0.00724524 -0.0579638 0.958815 0.00663394 0.99992 -0.0107317 -0.201094 0.0580369 0.0103288 0.998261 -0.200584
315 322 638 0.998624 -0.0118031 -0.0510928 0.928387 0.0109527 0.999797 -0.0168925 -0.0894605 0.0512818 0.0163097 0.998551 -0.360685
315 323 765 0.997934 -0.0128102 -0.06295 0.947421 0.0117716 0.999789 -0.0168415 -0.119411 0.0631525 0.0160657 0.997875 -0.296875
315 324 1037 0.999234 -0.00811038 0.0382914 -0.974468 0.00908579 0.999637 -0.0253686 0.0540455 -0.0380718 0.0256971 0.998945 -0.217925
315 325 630 0.996964 -0.0107667 -0.0771118 0.916906 0.0095341 0.999821 -0.0163348 -0.0644887 0.0772739 0.01555 0.996889 -0.393858
315 326 815 0.996179 -0.00125015 -0.0873214 0.927142 2.06873e-06 0.999898 -0.0142916 -0.0633332 0.0873303 0.0142368 0.996078 -0.369318
315 327 615 0.995665 -0.00141203 -0.0930054 0.963231 0.000187113 0.999913 -0.0131778 -0.0664198 0.0930159 0.0131033 0.995578 -0.260334
315 328 962 0.993392 0.00690015 -0.114566 0.965376 -0.00847082 0.999877 -0.0132286 -0.0677356 0.11446 0.0141117 0.993328 -0.251915
315 329 593 0.994711 0.0128385 -0.101903 0.982982 -0.0146447 0.999748 -0.0169961 -0.0644904 0.101659 0.0183986 0.994649 -0.172011
