0 1 65 0.99985 0.00803035 -0.0153138 0.88616 -0.00805952 0.999966 -0.00184418 0.267051 0.0152985 0.00196732 0.999881 -0.378688
0 2 796 0.999913 0.0086724 0.00991323 -0.79995 -0.0087396 0.999939 0.0067556 -0.132573 -0.00985404 -0.00684165 0.999928 -0.585239
0 3 775 0.998816 0.0182063 -0.0451149 0.796641 -0.0182519 0.999833 -0.000600675 0.208281 0.0450965 0.0014234 0.998982 -0.567434
0 4 779 0.997687 0.0261158 -0.0627643 0.837359 -0.0263437 0.999649 -0.00280595 0.304713 0.062669 0.0044529 0.998024 -0.453849
0 5 696 0.997091 0.0210462 -0.0732621 0.871503 -0.0208893 0.999778 0.0029076 0.240192 0.0733069 -0.00136875 0.997308 -0.427539
0 6 776 0.995596 0.0286753 -0.0892488 0.889595 -0.028714 0.999587 0.000850156 0.244914 0.0892364 0.00171628 0.996009 -0.385537
0 7 642 0.995491 0.0304828 -0.0898277 0.849607 -0.0302553 0.999535 0.00389353 0.253059 0.0899046 -0.00115821 0.99595 -0.462742
0 8 643 0.992793 0.036536 -0.114138 0.889405 -0.0356347 0.999316 0.00992781 0.223265 0.114423 -0.00578898 0.993415 -0.398887
0 9 604 0.991109 0.0382388 -0.127442 0.866732 -0.0371454 0.99925 0.0109457 0.21298 0.127765 -0.00611445 0.991786 -0.451016
0 10 637 0.989699 0.0402048 -0.137404 0.876384 -0.038906 0.999169 0.0121259 0.221134 0.137777 -0.0066552 0.990441 -0.427844
0 11 510 0.989964 0.0423335 -0.134832 0.879439 -0.0409037 0.999074 0.0133585 0.221734 0.135273 -0.00770927 0.990778 -0.421213
0 12 493 0.984984 0.0542458 -0.163902 0.877899 -0.0536466 0.998527 0.00808347 0.21662 0.164099 0.000830681 0.986444 -0.427047
0 13 483 0.978953 0.0670454 -0.192761 0.912966 -0.0666699 0.997739 0.0084411 0.214306 0.192891 0.00458792 0.981209 -0.347227
0 14 474 0.972771 0.0679864 -0.221572 0.920898 -0.0668675 0.997683 0.0125561 0.20311 0.221912 0.00260172 0.975063 -0.332706
15 16 108 0.999979 -0.000318794 -0.00649186 0.677933 0.000261672 0.999961 -0.00879789 0.282766 0.00649441 0.008796 0.99994 -0.678565
15 17 710 0.999337 -0.000876256 -0.0363948 0.844149 0.000466346 0.999936 -0.0112698 0.246631 0.0364023 0.0112454 0.999274 -0.47601
15 18 769 0.999743 0.00702027 -0.0215405 0.726955 -0.00698185 0.999974 0.00185794 0.173453 0.021553 -0.00170707 0.999766 -0.664418
15 19 749 0.998818 0.00563579 -0.0482779 0.848731 -0.00600349 0.999954 -0.00747464 0.302712 0.0482336 0.00775564 0.998806 -0.433614
15 20 634 0.997805 0.00464697 -0.0660538 0.868469 -0.00501446 0.999973 -0.00539881 0.260106 0.0660269 0.00571818 0.997801 -0.422026
15 21 638 0.996744 0.00847809 -0.0801895 0.889903 -0.0083209 0.999963 0.00229421 0.213241 0.0802059 -0.00161949 0.996777 -0.403238
15 22 591 0.995229 0.019329 -0.0956333 0.905699 -0.0200371 0.999778 -0.00644928 0.247225 0.0954874 0.00833473 0.995396 -0.344369
15 23 539 0.991306 0.0230299 -0.129545 0.924609 -0.0247736 0.999623 -0.011865 0.217141 0.129222 0.0149711 0.991503 -0.312966
15 24 528 0.989592 0.027247 -0.141297 0.904387 -0.0298674 0.999418 -0.0164573 0.200776 0.140767 0.0205062 0.98983 -0.376528
15 25 491 0.980686 0.0288972 -0.193441 0.951882 -0.0351851 0.998956 -0.0291487 0.19722 0.192396 0.035392 0.980679 -0.234574
15 26 432 0.97947 0.0362602 -0.198304 0.942044 -0.0432284 0.998587 -0.0309221 0.177446 0.196902 0.0388597 0.979653 -0.284721
15 27 391 0.976547 0.0411146 -0.211343 0.956379 -0.0494732 0.998182 -0.0344133 0.143443 0.209544 0.044062 0.976806 -0.254485
15 28 378 0.96061 0.0510399 -0.273173 0.980268 -0.0656638 0.996842 -0.0446551 0.116613 0.270031 0.0608337 0.960928 -0.159611
15 29 375 0.951077 0.0494288 -0.304976 0.983195 -0.0680148 0.9964 -0.0506152 0.104565 0.301376 0.0688818 0.951014 -0.149644
30 31 850 0.999733 -0.00223528 -0.023004 0.984598 0.0023729 0.999979 0.00595716 -0.0310076 0.0229902 -0.00601016 0.999718 -0.172064
30 32 977 0.997736 -0.00201352 -0.0672165 0.993863 0.00311774 0.999862 0.0163269 -0.0731339 0.0671744 -0.0164995 0.997605 0.08299
30 33 698 0.997317 0.00804101 -0.0727613 0.991109 -0.00748108 0.99994 0.00796473 0.00563674 0.072821 -0.00739902 0.997318 0.132932
30 34 524 0.994305 0.0307216 -0.10205 0.997012 -0.0301168 0.999519 0.00746207 0.00776263 0.10223 -0.00434615 0.994751 0.0768611
30 35 385 0.99271 0.0540211 -0.107748 0.992871 -0.0532588 0.998531 0.0099428 0.0386544 0.108127 -0.00413181 0.994129 0.112756
30 36 285 0.996489 0.0534191 -0.0644709 0.997934 -0.0521018 0.998401 0.021945 0.0593504 0.0655401 -0.0185089 0.997678 0.0246215
30 37 343 0.987186 0.0573878 -0.148896 0.992944 -0.0523182 0.997917 0.0377475 0.0157209 0.150752 -0.0294738 0.988132 0.117537
30 38 487 0.992397 0.0700658 -0.101187 0.983575 -0.0665452 0.997069 0.0377628 0.0542686 0.103537 -0.0307422 0.99415 0.172148
30 39 506 0.991672 0.0665317 -0.11027 0.983647 -0.0624071 0.997231 0.0404463 0.0472524 0.112656 -0.0332279 0.993078 0.173795
30 40 346 0.988964 0.0556849 -0.137292 0.978623 -0.0515405 0.998107 0.0335616 0.0581168 0.138901 -0.0261151 0.989962 0.197279
30 41 335 0.995104 0.0716824 -0.0680436 0.982487 -0.0688285 0.996684 0.0434019 0.001762 0.0709291 -0.038506 0.996738 0.186322
30 42 395 0.984915 0.0607018 -0.162042 0.983215 -0.0584716 0.998118 0.0185012 0.0645861 0.16286 -0.00874727 0.98661 0.170636
30 43 382 0.985611 0.0700874 -0.153813 0.985081 -0.0676746 0.997489 0.0208737 0.0508554 0.15489 -0.0101641 0.98788 0.164408
30 44 330 0.975976 0.0685154 -0.206826 0.984835 -0.0659637 0.997637 0.0192167 0.0437984 0.207654 -0.00511204 0.978189 0.167872
45 46 52 0.999933 0.00375987 -0.010934 -0.603323 -0.00374861 0.999992 0.00105079 -0.272042 0.0109378 -0.00100974 0.99994 0.749663
45 47 863 0.998739 0.013195 -0.0484423 0.979767 -0.0132724 0.999911 -0.00127669 0.172999 0.0484212 0.00191803 0.998825 -0.100639
45 48 757 0.99694 0.016606 -0.0763877 0.99611 -0.0165769 0.999862 0.00101548 0.0678198 0.0763941 0.000253901 0.997078 -0.0562599
45 49 792 0.997123 0.0243574 -0.071776 0.982709 -0.0241787 0.999702 0.00335808 0.0536078 0.0718364 -0.00161297 0.997415 -0.177225
45 50 620 0.996328 0.0292432 -0.0804696 0.980732 -0.0281961 0.999503 0.0141189 0.000892273 0.0808425 -0.0117981 0.996657 -0.195357
45 51 508 0.995424 0.0342896 -0.0891923 0.982684 -0.0328981 0.999314 0.0170245 0.0630282 0.0897149 -0.0140123 0.995869 -0.174242
45 52 420 0.994428 0.0353367 -0.0993161 0.985478 -0.0326914 0.999069 0.028138 0.0362768 0.100218 -0.0247345 0.994658 -0.16588
45 53 374 0.990808 0.0499869 -0.125704 0.983442 -0.0454583 0.998219 0.0386419 0.0598351 0.127411 -0.0325724 0.991315 -0.17106
45 54 430 0.9775 0.0789422 -0.195606 0.995544 -0.071159 0.99638 0.0465145 0.0702281 0.19857 -0.0315488 0.979579 -0.0629233
45 55 226 0.985215 0.0799866 -0.151507 0.999363 -0.0726035 0.995916 0.0536603 0.0286469 0.15518 -0.041867 0.986999 -0.0213004
45 56 326 0.974923 0.104106 -0.196689 0.998567 -0.0983546 0.994394 0.038815 0.0251609 0.199628 -0.0184963 0.979697 0.0472305
45 57 363 0.982736 0.128943 -0.132677 0.99835 -0.12561 0.991523 0.0332259 0.0574255 0.135836 -0.0159867 0.990602 -0.000533948
45 58 328 0.969008 0.143474 -0.201092 0.999549 -0.136787 0.989493 0.0468345 0.0164371 0.205699 -0.0178762 0.978452 0.0251443
45 59 282 0.963421 0.14609 -0.224671 0.99728 -0.13898 0.989168 0.0472325 0.054963 0.229138 -0.0142799 0.973289 0.0491013
60 61 444 0.999999 0.000654427 -0.00143578 0.581261 -0.000652638 0.999999 0.00124619 -0.00493524 0.00143659 -0.00124525 0.999998 0.813702
60 62 566 0.999528 0.0242319 -0.0188606 0.852482 -0.0243826 0.999672 -0.00780457 0.21011 0.0186653 0.00826076 0.999792 0.478673
60 63 501 0.999339 0.0281994 -0.0229384 0.826559 -0.0283403 0.999581 -0.00583917 0.103934 0.0227641 0.00648539 0.99972 0.553171
60 64 561 0.997838 0.0395426 -0.0524993 0.933052 -0.0402147 0.999121 -0.0118066 0.177049 0.0519863 0.0138923 0.998551 0.313159
60 65 453 0.998708 0.0259154 -0.0437037 0.834177 -0.026164 0.999645 -0.0051255 0.0162289 0.0435553 0.00626234 0.999031 0.551257
60 66 414 0.998128 0.0225172 -0.0568653 0.855883 -0.0230396 0.999698 -0.0085489 0.00760095 0.0566556 0.00984305 0.998345 0.517114
60 67 417 0.996966 0.0238268 -0.0741082 0.898175 -0.0247837 0.999621 -0.0120193 0.00828342 0.0737937 0.0138195 0.997178 0.43956
60 68 487 0.993155 0.0170443 -0.115552 0.927674 -0.0178198 0.999825 -0.00568174 -0.0735407 0.115435 0.00770197 0.993285 0.366078
60 69 439 0.993677 0.025946 -0.109235 0.879538 -0.027104 0.999591 -0.00912947 -0.0485164 0.108954 0.0120325 0.993974 0.473349
60 70 393 0.99632 0.0323232 -0.0793872 0.81772 -0.0331549 0.999408 -0.00918129 -0.0531643 0.0790434 0.0117796 0.996802 0.573156
60 71 421 0.993065 0.029781 -0.113729 0.861947 -0.0307156 0.999507 -0.0064739 -0.0731299 0.11348 0.00992226 0.993491 0.501697
60 72 390 0.985956 0.0453763 -0.160723 0.888976 -0.0465254 0.998911 -0.00339143 -0.0725593 0.160395 0.0108215 0.986994 0.452169
60 73 402 0.986915 0.0305011 -0.158333 0.849632 -0.0307328 0.999527 0.000985881 -0.125308 0.158288 0.00389302 0.987385 0.512273
60 74 387 0.978381 0.0357373 -0.2037 0.873661 -0.0354465 0.999359 0.00507662 -0.132881 0.203751 0.00225361 0.97902 0.468037
75 76 101 0.999817 0.00864301 -0.0170888 0.894602 -0.00862296 0.999962 0.00124667 -0.402499 0.0170989 -0.00109909 0.999853 0.194117
75 77 496 0.999716 0.0101612 -0.0215666 0.769641 -0.0102933 0.999929 -0.0060208 -0.320595 0.0215039 0.00624108 0.999749 0.552152
75 78 514 0.999751 0.0120059 -0.0187993 0.751138 -0.0123076 0.999796 -0.0160165 -0.356802 0.0186031 0.0162439 0.999695 0.555413
75 79 540 0.999717 0.015655 -0.0179252 0.691684 -0.0160298 0.999652 -0.0209628 -0.336934 0.0175908 0.0212442 0.99962 0.638787
75 80 488 0.998971 0.0263053 -0.036945 0.82353 -0.027094 0.999412 -0.0210128 -0.34633 0.0363705 0.0219922 0.999096 0.449281
75 81 476 0.999307 0.0299951 -0.0220578 0.724503 -0.0306703 0.999051 -0.0309385 -0.372407 0.0211089 0.0315936 0.999278 0.580008
75 82 524 0.998414 0.0244856 -0.0506975 0.823211 -0.02599 0.999235 -0.0292297 -0.362988 0.049943 0.030501 0.998286 0.436535
75 83 596 0.997603 0.028315 -0.063141 0.85433 -0.0301419 0.999149 -0.0281719 -0.367576 0.0622895 0.0300076 0.997607 0.367434
75 84 587 0.994568 0.0325003 -0.0988853 0.881341 -0.0349425 0.999123 -0.0230655 -0.358628 0.0980489 0.0263955 0.994831 0.307611
75 85 389 0.997236 0.0319383 -0.0670885 0.83266 -0.03469 0.998587 -0.0402593 -0.356402 0.0657079 0.0424754 0.996934 0.423858
75 86 419 0.998556 0.0251799 -0.0474574 0.77484 -0.0275911 0.998325 -0.0508574 -0.355065 0.0460974 0.0520933 0.997578 0.523021
75 87 572 0.992679 0.0389838 -0.114322 0.867925 -0.04356 0.998335 -0.0378073 -0.333295 0.112658 0.0425103 0.992724 0.368267
75 88 477 0.994355 0.0374444 -0.0992736 0.848711 -0.0424984 0.99788 -0.0492931 -0.343902 0.0972173 0.0532338 0.993838 0.401773
75 89 364 0.994938 0.0464886 -0.0890862 0.844507 -0.051414 0.997226 -0.0538149 -0.326706 0.0863373 0.0581228 0.994569 0.424348
90 91 76 0.999883 0.00469334 -0.0145532 0.960269 -0.00462926 0.999979 0.0044339 -0.159476 0.0145738 -0.00436601 0.999884 0.22902
90 92 96 0.999851 0.00852288 -0.0149783 0.974122 -0.00841426 0.999938 0.00729996 -0.0643005 0.0150396 -0.00717284 0.999861 -0.216682
90 93 880 0.998294 0.0190369 -0.0551972 0.993934 -0.0186385 0.999796 0.00772238 0.0738094 0.0553329 -0.00668041 0.998446 0.08153
90 94 152 0.999617 0.0257296 -0.0101573 -0.959736 -0.0255574 0.999533 0.016735 -0.0849363 0.0105832 -0.016469 0.999808 -0.267756
90 95 272 0.999478 0.0234354 -0.0222532 0.996954 -0.0228468 0.999392 0.0263462 0.0643001 0.0228571 -0.0258241 0.999405 0.044143
90 96 467 0.997452 0.0441352 -0.0560483 0.997911 -0.0419827 0.998356 0.0390176 0.0528573 0.0576782 -0.0365651 0.997665 0.0371565
90 97 380 0.99811 0.0534307 -0.0303698 0.984033 -0.0518955 0.997436 0.0492683 0.170306 0.0329244 -0.0475991 0.998324 0.0517224
90 98 303 0.990061 0.0703526 -0.121776 0.991173 -0.0639526 0.996398 0.0556939 0.127567 0.125255 -0.0473525 0.990994 -0.0360967
90 99 266 0.996811 0.0760293 -0.024218 0.9848 -0.0736189 0.993362 0.0883847 0.165642 0.030777 -0.08632 0.995792 0.0522583
90 100 467 0.989624 0.10836 -0.0943538 0.969162 -0.100519 0.991363 0.0842358 0.241925 0.102667 -0.0738774 0.991969 0.0468706
90 101 320 0.989729 0.10973 -0.0916335 0.973495 -0.100948 0.990294 0.0955335 0.227984 0.101227 -0.0853021 0.9912 0.0182049
90 102 417 0.979301 0.130396 -0.154811 0.974023 -0.116111 0.988388 0.0980155 0.225724 0.165794 -0.0780113 0.98307 -0.0181065
90 103 324 0.990123 0.131223 -0.0493562 0.969667 -0.12399 0.983916 0.128593 0.233567 0.0654368 -0.121204 0.990468 0.0720587
90 104 300 0.984011 0.14676 -0.100917 0.972367 -0.134336 0.98358 0.12052 0.232613 0.116947 -0.105036 0.987568 -0.0198252
105 106 49 0.999788 0.0174001 -0.0109903 0.778039 -0.0173871 0.999848 0.00127747 0.378307 0.0110108 -0.00108611 0.999939 -0.501537
105 107 517 0.999106 0.0332975 -0.0260506 0.601946 -0.033282 0.999445 0.00102862 0.437251 0.0260704 -0.000160683 0.99966 -0.668186
105 108 592 0.998322 0.0288107 -0.0502398 0.934808 -0.0286497 0.999582 0.0039215 0.311161 0.0503318 -0.00247557 0.998729 -0.17121
105 109 477 0.99803 0.0237235 -0.0580784 0.940391 -0.0231169 0.999671 0.0110935 0.228852 0.0583225 -0.00972907 0.99825 -0.251577
105 110 365 0.999474 0.0323591 -0.00231124 -0.753156 -0.0322459 0.998733 0.038624 -0.203158 0.00355815 -0.0385292 0.999251 -0.625686
105 111 472 0.995608 0.0371169 -0.0859524 0.922873 -0.0348118 0.998997 0.0281634 0.285268 0.0869115 -0.0250476 0.995901 -0.258702
105 112 416 0.997598 0.0298162 -0.0625266 0.967001 -0.0276131 0.998977 0.0358072 0.254252 0.0635303 -0.0339946 0.997401 -0.016275
105 113 393 0.997056 0.0325405 -0.0694321 0.972504 -0.0304201 0.999044 0.0313805 0.230193 0.0703869 -0.029176 0.997093 0.0353235
105 114 482 0.990336 0.0246231 -0.136487 0.97862 -0.0230918 0.999652 0.0127921 0.204789 0.136754 -0.00951674 0.990559 -0.01908
105 115 422 0.994343 0.0304728 -0.101755 0.983262 -0.0286257 0.999399 0.0195644 0.177232 0.10229 -0.0165409 0.994617 -0.0422437
105 116 347 0.991292 0.0277005 -0.128736 0.985264 -0.0260554 0.999556 0.0144459 0.146109 0.129079 -0.0109658 0.991574 -0.0889177
105 117 369 0.988308 0.0307624 -0.149335 0.987573 -0.0291619 0.999492 0.0128959 0.127017 0.149656 -0.0083902 0.988703 -0.0925503
105 118 234 0.99161 0.0245673 -0.126907 0.992673 -0.0225296 0.999594 0.0174675 0.117217 0.127285 -0.0144617 0.991761 0.0293348
105 119 199 0.993804 0.020288 -0.109281 0.994502 -0.0187053 0.999705 0.0154891 0.0773917 0.109563 -0.013349 0.99389 0.0705368
120 121 43 0.99999 0.0021952 0.0038946 0.842057 -0.00219683 0.999998 0.000413663 -0.187783 -0.00389368 -0.000422215 0.999992 -0.505647
120 122 927 0.999812 -0.00136158 -0.0193523 0.97609 0.00153689 0.999958 0.00904683 -0.216624 0.0193392 -0.00907487 0.999772 0.0179558
120 123 333 0.999866 -0.00625747 0.0150969 0.952289 0.00623541 0.999979 0.00150794 -0.283361 -0.015106 -0.0014136 0.999885 -0.113366
120 124 392 0.999897 -0.0106511 0.00960139 0.947554 0.010628 0.999941 0.00244907 -0.264365 -0.0096269 -0.00234677 0.999951 0.179591
120 125 440 0.999967 -0.00365884 -0.00725558 0.935713 0.00371231 0.999966 0.00737038 -0.269533 0.00722837 -0.00739707 0.999947 0.227581
120 126 272 0.99996 -0.00117843 0.00888484 0.920622 0.00119241 0.999998 -0.00156805 -0.331259 -0.00888298 0.00157858 0.999959 0.206695
120 127 357 0.99997 0.00378232 -0.00683009 0.919367 -0.00381157 0.999984 -0.00427518 -0.267473 0.0068138 0.00430108 0.999968 0.288483
120 128 239 0.999978 0.00608689 -0.00265988 0.95487 -0.00609675 0.999975 -0.00371415 -0.29453 0.0026372 0.00373028 0.99999 -0.0384149
120 129 241 0.999935 0.00468637 -0.0103754 0.949778 -0.00464745 0.999982 0.00377257 -0.283114 0.0103929 -0.00372411 0.999939 0.133301
120 130 390 0.999597 0.00116846 -0.0283748 0.925721 -0.000935249 0.999966 0.00823094 -0.265685 0.0283835 -0.00820108 0.999563 0.269168
120 131 244 0.999796 -2.11903e-05 -0.0201839 0.944081 -1.37452e-05 0.999999 -0.00173072 -0.302625 0.0201839 0.00173065 0.999795 0.130878
120 132 292 0.99944 -0.000370125 -0.0334708 0.95102 0.000428777 0.999998 0.0017452 -0.305165 0.0334701 -0.00175858 0.999438 0.0493591
120 133 314 0.9989 0.000559991 -0.0468838 0.951638 -0.000291406 0.999984 0.00573537 -0.257081 0.0468862 -0.0057154 0.998884 0.168211
120 134 280 0.998401 0.00402791 -0.0563896 0.95603 -0.00356858 0.99996 0.00824395 -0.230736 0.0564206 -0.00802954 0.998375 0.181017
135 136 47 0.999865 0.00642401 -0.0151461 0.925303 -0.00636308 0.999971 0.00406772 0.313594 0.0151718 -0.00397079 0.999877 -0.213244
135 137 61 0.99972 0.0090516 -0.0218471 0.881939 -0.00878927 0.999888 0.0120741 0.252273 0.0219539 -0.0118787 0.999688 -0.398172
135 138 854 0.997569 0.0147963 -0.0681022 0.926198 -0.0133364 0.999672 0.0218432 0.173081 0.068403 -0.0208819 0.997439 -0.334963
135 139 855 0.996091 0.0205476 -0.0859066 0.950315 -0.0182363 0.999453 0.027604 0.16724 0.0864267 -0.0259295 0.995921 -0.26255
135 140 476 0.997223 0.0190955 -0.0719784 0.966877 -0.0165004 0.999198 0.0364781 0.161818 0.0726173 -0.0351891 0.996739 -0.197391
135 141 415 0.996458 0.0249772 -0.0802984 0.930251 -0.0217207 0.998916 0.0411759 0.160314 0.0812398 -0.0392859 0.99592 -0.330049
135 142 352 0.996414 0.0278519 -0.0798957 0.91295 -0.0238263 0.998419 0.0509042 0.158489 0.0811872 -0.0488181 0.995503 -0.376037
135 143 622 0.988298 0.0400719 -0.147179 0.939687 -0.0329911 0.998192 0.0502411 0.154491 0.148926 -0.0447975 0.987833 -0.305156
135 144 367 0.994092 0.0448651 -0.0988336 0.902341 -0.0387048 0.997238 0.0633893 0.139771 0.101405 -0.0591895 0.993083 -0.407731
135 145 396 0.989578 0.0604871 -0.130677 0.927342 -0.0525793 0.996619 0.0631419 0.146081 0.134055 -0.0556129 0.989412 -0.344524
135 146 544 0.983383 0.0754836 -0.165107 0.94595 -0.0656904 0.995786 0.063999 0.148906 0.169242 -0.0520896 0.984197 -0.288106
135 147 334 0.985759 0.0830412 -0.146233 0.938312 -0.0742356 0.995141 0.0646862 0.167397 0.150894 -0.0529093 0.987133 -0.30257
135 148 428 0.980089 0.0945434 -0.174608 0.944373 -0.0855398 0.994621 0.058407 0.165317 0.179191 -0.0423081 0.982904 -0.284307
135 149 435 0.977099 0.0991239 -0.188285 0.929939 -0.0896731 0.994276 0.0580874 0.158018 0.192965 -0.039873 0.980395 -0.332029
150 151 30 0.999945 -0.00392389 -0.00972771 -0.774949 0.00399219 0.999967 0.00701184 -0.0652374 0.00969988 -0.00705029 0.999928 -0.628648
150 152 31 0.999694 -0.00720051 -0.0236847 0.944251 0.007371 0.999947 0.00711893 0.0840869 0.0236322 -0.00729133 0.999694 0.318307
150 153 262 0.998782 -0.010083 -0.0483034 0.998297 0.0101821 0.999947 0.00180478 0.0533175 0.0482827 -0.00229441 0.998831 0.023692
150 154 272 0.998374 -0.00617996 -0.0566606 0.987737 0.00587141 0.999967 -0.0056105 0.017885 0.0566934 0.0052687 0.998378 -0.155101
150 155 279 0.99727 -0.0129438 -0.0726942 0.967995 0.0118605 0.999812 -0.0153147 0.047341 0.0728787 0.0144107 0.997237 -0.246466
150 156 279 0.995458 -0.0125151 -0.0943747 0.921783 0.010768 0.999762 -0.0189991 0.120932 0.09459 0.0178965 0.995355 -0.368363
150 157 261 0.995613 -0.0167202 -0.0920633 0.822591 0.01521 0.999738 -0.0170818 0.126373 0.0923249 0.0156066 0.995607 -0.554413
150 158 607 0.989892 -0.0131705 -0.141212 0.885242 0.0114487 0.99985 -0.0129991 0.0876583 0.141362 0.0112511 0.989894 -0.456796
150 159 372 0.988826 -0.00714315 -0.148903 0.946903 0.00587 0.999942 -0.00898796 0.111045 0.148958 0.00801347 0.988811 -0.301736
150 160 209 0.991027 -0.0130336 -0.133022 0.979917 0.0121267 0.999897 -0.00762563 0.109375 0.133108 0.00594409 0.991084 -0.16673
150 161 416 0.98539 -0.00140904 -0.170307 0.939415 5.66705e-05 0.999968 -0.00794538 0.0840218 0.170313 0.00781965 0.985359 -0.332325
150 162 466 0.977879 0.00731279 -0.209042 0.960645 -0.00836429 0.999956 -0.00414655 0.0975195 0.209002 0.00580331 0.977898 -0.260099
150 163 452 0.979956 0.00376545 -0.199177 0.930084 -0.00385376 0.999993 -5.56684e-05 0.0941558 0.199175 0.000822132 0.979964 -0.355076
150 164 438 0.974521 0.014703 -0.223813 0.950682 -0.012584 0.999862 0.0108915 0.0779219 0.223942 -0.00779752 0.974571 -0.30022
165 166 284 0.999799 0.0048537 -0.0194407 0.990915 -0.00476897 0.999979 0.00440213 -0.077242 0.0194617 -0.00430854 0.999801 0.1101
165 167 293 0.999628 0.0130316 -0.0239586 0.996217 -0.0127942 0.999868 0.0100328 0.0454936 0.0240862 -0.00972253 0.999663 0.0740416
165 168 460 0.998806 0.0246085 -0.0422019 0.922982 -0.0239161 0.999572 0.0168323 -0.112189 0.0425981 -0.0158029 0.998967 0.368129
165 169 676 0.997561 0.0301409 -0.0629605 0.982126 -0.0292743 0.999464 0.0146418 -0.0845244 0.0633681 -0.0127629 0.997909 0.168177
165 170 466 0.997761 0.0355222 -0.0566752 0.976555 -0.0347033 0.999279 0.0153678 -0.0717283 0.0571803 -0.0133665 0.998274 0.202966
165 171 401 0.997089 0.0378749 -0.0661816 0.963051 -0.0363765 0.999057 0.023702 -0.121365 0.0670169 -0.0212255 0.997526 0.240421
165 172 342 0.994661 0.0414099 -0.0945203 0.945296 -0.0386632 0.99878 0.0307094 -0.115574 0.0956767 -0.026891 0.995049 0.305056
165 173 397 0.992052 0.0500541 -0.11544 0.916606 -0.0467118 0.998412 0.0314799 -0.162338 0.116833 -0.0258373 0.992815 0.365348
165 174 211 0.992318 0.0658699 -0.104718 0.895763 -0.0639304 0.997717 0.0217747 -0.17063 0.105913 -0.0149128 0.994264 0.410481
165 175 455 0.987229 0.0697809 -0.14321 0.913484 -0.0672873 0.997487 0.0221874 -0.185821 0.144398 -0.0122678 0.989444 0.361964
165 176 375 0.985152 0.075265 -0.15431 0.913436 -0.0739719 0.99716 0.0141126 -0.180156 0.154934 -0.00248839 0.987922 0.364937
165 177 412 0.977613 0.0845954 -0.192655 0.93969 -0.0829917 0.996415 0.0163936 -0.191208 0.193352 -3.78466e-05 0.98113 0.283587
165 178 203 0.985492 0.0792008 -0.150112 0.924451 -0.0786734 0.996856 0.00945822 -0.174701 0.150389 0.00248886 0.988624 0.338925
165 179 338 0.982153 0.0778162 -0.171229 0.932289 -0.0761618 0.996964 0.0162201 -0.158063 0.171971 -0.00288955 0.985098 0.325353
180 181 50 0.999954 0.00679102 -0.00683123 0.84536 -0.00676034 0.999967 0.00450385 -0.0783426 0.00686159 -0.00445746 0.999967 0.52842
180 182 318 0.999939 0.00446213 -0.0101024 0.853917 -0.00439302 0.999967 0.0068525 -0.12727 0.0101326 -0.0068077 0.999925 0.504608
180 183 675 0.999145 0.00893679 -0.0403679 0.97047 -0.00852364 0.99991 0.0103952 -0.0931161 0.0404571 -0.0100422 0.999131 0.222524
180 184 374 0.999248 0.00681137 -0.0381723 0.918992 -0.00659536 0.999962 0.00578185 -0.109756 0.0382102 -0.00552574 0.999254 0.378691
180 185 654 0.998497 0.0111936 -0.0536489 0.978392 -0.0110487 0.999934 0.00299743 -0.0961025 0.0536789 -0.00240018 0.998555 0.183069
180 186 425 0.998446 0.00518313 -0.0554844 0.957996 -0.0049266 0.999977 0.00475936 -0.0900058 0.0555077 -0.00447861 0.998448 0.272293
180 187 393 0.998043 0.00345017 -0.0624315 0.964909 -0.00312775 0.999981 0.0052614 -0.0993454 0.0624484 -0.00505584 0.998035 0.243068
180 188 671 0.995264 0.0122921 -0.0964324 0.969169 -0.0114818 0.999894 0.00895368 -0.0947961 0.0965322 -0.00780406 0.995299 0.227433
180 189 282 0.996797 0.00914305 -0.0794511 0.989041 -0.00829811 0.999906 0.0109583 -0.0999845 0.0795438 -0.0102639 0.996779 0.108632
180 190 330 0.997086 0.0123533 -0.0752823 0.94442 -0.0108969 0.999746 0.0197264 -0.0848915 0.0755069 -0.0188486 0.996967 0.317593
180 191 512 0.989379 0.0274503 -0.142747 0.986375 -0.0237397 0.999336 0.0276325 -0.107138 0.143411 -0.0239502 0.989373 0.124846
180 192 326 0.992959 0.0304688 -0.114471 0.969864 -0.0279029 0.999324 0.0239517 -0.113375 0.115124 -0.020589 0.993138 0.215663
180 193 544 0.989927 0.0358452 -0.136963 0.983155 -0.0329272 0.999181 0.0235124 -0.115104 0.137693 -0.0187657 0.990297 0.141979
180 194 279 0.992097 0.0350043 -0.120491 0.988445 -0.0329498 0.999276 0.0190023 -0.121552 0.121069 -0.014882 0.992533 0.0905662
195 196 87 0.999988 0.00456757 0.00159404 -0.730591 -0.00456959 0.999989 0.00126902 0.0576221 -0.00158822 -0.00127629 0.999998 0.68038
195 197 459 0.999831 0.011038 -0.0147031 0.981524 -0.01101 0.999937 0.00198426 -0.0642667 0.0147241 -0.00182205 0.99989 0.180225
195 198 432 0.999701 0.0173323 -0.0172321 0.951848 -0.0172628 0.999842 0.00417235 -0.0833611 0.0173017 -0.00387363 0.999843 -0.295018
195 199 320 0.999571 0.0291105 0.00325402 -0.993138 -0.0291229 0.999568 0.00384243 0.0872577 -0.00314076 -0.00393555 0.999987 0.0778709
195 200 669 0.99751 0.0374636 -0.0597446 0.990843 -0.0371985 0.999293 0.005544 -0.113072 0.0599101 -0.00330779 0.998198 -0.0737916
195 201 681 0.996808 0.0498799 -0.0623355 0.988939 -0.0500796 0.998744 -0.00164361 -0.0742511 0.0621752 0.0047601 0.998054 -0.128401
195 202 690 0.995561 0.0472919 -0.0813729 0.987046 -0.0475413 0.998869 -0.00112935 -0.119994 0.0812275 0.00499291 0.996683 -0.106497
195 203 588 0.995761 0.0637868 -0.0662641 0.96933 -0.0645227 0.997875 -0.00902218 -0.0639966 0.0655479 0.0132595 0.997761 -0.237286
195 204 327 0.995778 0.072948 -0.0557278 0.9714 -0.0736415 0.99723 -0.010492 -0.0462868 0.054808 0.0145516 0.998391 -0.232894
195 205 277 0.995074 0.0690285 -0.0711542 0.977572 -0.0697738 0.99753 -0.00803978 -0.0336343 0.0704235 0.0129649 0.997433 -0.207898
195 206 569 0.991979 0.0704844 -0.10493 0.981589 -0.0713376 0.997443 -0.00439561 -0.0216526 0.104351 0.0118458 0.99447 -0.189772
195 207 268 0.994494 0.0659299 -0.0814514 0.98428 -0.0667146 0.997748 -0.00694783 -0.019994 0.0808099 0.0123436 0.996653 -0.175479
195 208 275 0.991824 0.0600898 -0.112578 0.990882 -0.0612415 0.9981 -0.00679735 -0.0328904 0.111955 0.0136362 0.99362 -0.13066
195 209 414 0.989032 0.0647883 -0.132735 0.985907 -0.0657838 0.997829 -0.00312387 -0.00784361 0.132244 0.0118214 0.991147 -0.167111
210 211 67 0.999886 -0.00543092 -0.0140588 -0.867558 0.00546131 0.999983 0.00212421 -0.0264315 0.014047 -0.00220074 0.999899 -0.496633
210 212 310 0.999396 -0.0131608 -0.0321488 0.966425 0.0132934 0.999904 0.00391277 -0.0529273 0.0320942 -0.00433778 0.999475 0.251439
210 213 418 0.999077 -0.0114053 -0.0414191 0.859149 0.0114872 0.999933 0.00173981 -0.0717784 0.0413965 -0.002214 0.99914 0.506666
210 214 408 0.998457 -0.0113145 -0.0543671 0.911852 0.0110557 0.999926 -0.00505849 -0.112894 0.0544203 0.00444961 0.998508 0.39469
210 215 635 0.994347 -0.0115156 -0.105556 0.987007 0.0113725 0.999933 -0.00195768 -0.134814 0.105571 0.000746183 0.994411 0.0874169
210 216 696 0.99379 -0.00404641 -0.111196 0.991211 0.00364583 0.999986 -0.00380551 -0.109527 0.11121 0.00337647 0.993791 0.0741879
210 217 414 0.993318 -0.00848264 -0.115101 0.969608 0.00806835 0.999959 -0.00406477 -0.13894 0.115131 0.00310893 0.993345 0.201383
210 218 694 0.987237 0.000423231 -0.159255 0.985645 -9.49163e-05 0.999998 0.00206917 -0.159763 0.159255 -0.00202765 0.987235 0.054581
210 219 381 0.990291 0.00245835 -0.13899 0.978333 -0.00266617 0.999996 -0.00130899 -0.191891 0.138987 0.00166685 0.990293 0.0777269
210 220 368 0.987644 0.00767916 -0.156527 0.970668 -0.00722015 0.999968 0.00350086 -0.188573 0.156549 -0.00232745 0.987667 0.149146
210 221 502 0.983958 0.0151705 -0.177756 0.967221 -0.013905 0.999868 0.00836352 -0.186141 0.177859 -0.00575767 0.984039 0.17273
210 222 556 0.973342 0.026318 -0.227841 0.951472 -0.0222016 0.999541 0.0206114 -0.211517 0.228279 -0.0150035 0.97348 0.223521
210 223 395 0.979312 0.0374141 -0.198866 0.916552 -0.0365338 0.9993 0.00809525 -0.209939 0.199029 -0.000662452 0.979993 0.340378
210 224 516 0.967763 0.0532058 -0.24618 0.942412 -0.0512891 0.998583 0.0141959 -0.218322 0.246586 -0.00111189 0.96912 0.253369
225 226 220 0.999912 0.00482209 -0.0123354 0.891947 -0.0048272 0.999988 -0.000384055 -0.128055 0.0123334 0.000443567 0.999924 0.433626
225 227 389 0.999822 0.00811295 -0.0170329 0.890103 -0.00817835 0.999959 -0.00377395 -0.181684 0.0170016 0.00391258 0.999848 0.417981
225 228 729 0.999064 0.014092 -0.0409045 0.972697 -0.0140893 0.999901 0.000356372 -0.138614 0.0409055 0.000220275 0.999163 0.186134
225 229 427 0.999264 0.0148082 -0.0353849 0.932701 -0.0146548 0.999882 0.00459004 -0.142509 0.0354487 -0.0040681 0.999363 0.331302
225 230 370 0.999071 0.00430043 -0.0428824 0.847649 -0.00405697 0.999975 0.00576292 -0.154816 0.0429062 -0.0055836 0.999064 0.507468
225 231 853 0.997718 0.00731751 -0.0671231 0.945896 -0.00707453 0.999968 0.00385689 -0.155301 0.0671492 -0.00337322 0.997737 0.28489
225 232 397 0.998177 0.00863546 -0.0597341 0.935611 -0.00841801 0.999957 0.00389108 -0.102969 0.0597651 -0.00338114 0.998207 0.337682
225 233 366 0.997785 0.00325899 -0.0664421 0.921223 -0.00278691 0.99997 0.00719668 -0.115112 0.0664636 -0.00699557 0.997764 0.371615
225 234 659 0.996103 0.00784622 -0.0878483 0.931507 -0.00703354 0.99993 0.00955671 -0.0919001 0.0879171 -0.00890158 0.996088 0.351922
225 235 644 0.995672 0.00743432 -0.0926385 0.949911 -0.00621221 0.99989 0.0134736 -0.0882972 0.0927285 -0.0128398 0.995609 0.299789
225 236 508 0.995193 0.0094649 -0.0974726 0.92375 -0.00813609 0.999869 0.0140211 -0.086091 0.0975925 -0.0131606 0.995139 0.373193
225 237 328 0.994711 0.00890143 -0.102324 0.910483 -0.00723174 0.999835 0.0166771 -0.105624 0.102456 -0.0158489 0.994611 0.399829
225 238 699 0.991836 0.0200606 -0.125928 0.919748 -0.0176124 0.999634 0.0205243 -0.0743923 0.126294 -0.0181389 0.991827 0.385396
225 239 610 0.989185 0.019206 -0.14541 0.940395 -0.0157075 0.99956 0.0251703 -0.093318 0.145829 -0.022614 0.989051 0.327029
240 241 386 0.99978 0.00246345 -0.0208381 0.992847 -0.0024549 0.999997 0.000435986 0.0550589 0.0208391 -0.000384735 0.999783 0.105944
240 242 587 0.999287 0.00978463 -0.0364568 0.99438 -0.00960904 0.999941 0.0049885 -0.0936148 0.0365034 -0.00463463 0.999323 -0.0494351
240 243 568 0.998554 0.015058 -0.0516033 0.990078 -0.0148513 0.99988 0.00438673 4.17243e-05 0.0516631 -0.00361401 0.998658 0.140518
240 244 856 0.995995 0.019493 -0.0872589 0.993688 -0.018797 0.999785 0.00879104 -0.0925225 0.0874115 -0.00711563 0.996147 0.0634348
240 245 914 0.995718 0.024642 -0.0891026 0.995667 -0.0241118 0.999685 0.00702183 -0.0825484 0.0892475 -0.00484334 0.995998 0.0428098
240 246 832 0.994306 0.0266162 -0.103187 0.994098 -0.0257975 0.999624 0.00926119 -0.0973632 0.103395 -0.00654648 0.994619 0.0478453
240 247 681 0.991828 0.0323464 -0.123415 0.994294 -0.0311314 0.999446 0.0117614 -0.101826 0.123727 -0.00782323 0.992285 0.0317919
240 248 705 0.988438 0.0409074 -0.146005 0.993078 -0.0394775 0.99914 0.0126791 -0.104044 0.146398 -0.00676859 0.989203 0.0545065
240 249 724 0.98708 0.0468876 -0.153214 0.987529 -0.0451624 0.998871 0.014723 -0.127999 0.153731 -0.00761325 0.988083 0.0916659
240 250 410 0.980795 0.0556878 -0.186925 0.973946 -0.0543506 0.998446 0.0122747 -0.129823 0.187318 -0.00187946 0.982298 0.185945
240 251 312 0.987361 0.0626653 -0.14557 0.983819 -0.0643283 0.997906 -0.0067405 -0.15094 0.144842 0.0160196 0.989325 0.0965242
240 252 358 0.990217 0.0695995 -0.120942 0.986274 -0.0724021 0.997196 -0.01893 -0.126919 0.119285 0.0275012 0.992479 0.105618
240 253 432 0.986054 0.070973 -0.150536 0.986669 -0.0735325 0.997227 -0.0114981 -0.149467 0.149303 0.0224071 0.988538 0.064366
240 254 466 0.983704 0.0737706 -0.163966 0.975757 -0.0766807 0.99699 -0.0114815 -0.140884 0.162625 0.0238674 0.986399 0.167481
255 256 67 0.99998 0.00423842 -0.00460558 0.752219 -0.00421811 0.999981 0.00441067 0.278805 0.00462419 -0.00439116 0.99998 -0.597021
255 257 80 0.999954 0.00749139 -0.00591869 0.947191 -0.00739392 0.999839 0.0163213 0.0757136 0.00604001 -0.0162768 0.999849 0.311605
255 258 401 0.999654 0.00889502 -0.0247574 0.924256 -0.00845211 0.999803 0.0179376 0.133815 0.0249121 -0.0177221 0.999533 0.357552
255 259 846 0.997789 0.00867152 -0.0658991 0.971947 -0.00746069 0.999799 0.0185979 0.122109 0.0660471 -0.0180651 0.997653 0.201017
255 260 409 0.999351 0.00705561 -0.0353201 0.828495 -0.00594073 0.999484 0.0315711 0.0884838 0.0355246 -0.0313408 0.998877 0.552961
255 261 684 0.995579 0.00810916 -0.0935801 0.933069 -0.00548814 0.999586 0.0282318 0.0663663 0.0937703 -0.0275934 0.995211 0.353523
255 262 475 0.996975 0.0100555 -0.0770759 0.832169 -0.00798391 0.9996 0.027138 0.0433398 0.0773179 -0.0264406 0.996656 0.552825
255 263 484 0.996897 0.00617868 -0.0784756 0.854107 -0.0041343 0.999649 0.026187 0.00415694 0.0786098 -0.0257813 0.996572 0.520081
255 264 584 0.990304 0.0102849 -0.138532 0.938673 -0.00718657 0.999713 0.0228471 0.00980468 0.138728 -0.02163 0.990094 0.34467
255 265 807 0.986008 0.00809456 -0.166502 0.936656 -0.00426278 0.999718 0.023358 -0.0430315 0.166644 -0.0223214 0.985764 0.347597
255 266 426 0.993414 0.00310148 -0.11454 0.873173 -0.000797342 0.999797 0.0201568 -0.0749891 0.114579 -0.0199327 0.993214 0.481607
255 267 425 0.989435 0.0282104 -0.142208 0.878301 -0.0256165 0.999471 0.0200386 -0.0760748 0.142698 -0.016184 0.989634 0.472016
255 268 729 0.983282 0.0297684 -0.17964 0.89889 -0.0263763 0.999426 0.0212424 -0.101087 0.180169 -0.016149 0.983503 0.426355
255 269 656 0.982742 0.0462042 -0.17912 0.900516 -0.0436354 0.998881 0.0182565 -0.0881348 0.179763 -0.0101255 0.983658 0.425798
270 271 153 0.999899 0.00255287 -0.0140136 0.632027 -0.00248341 0.999985 0.00497113 -0.306476 0.0140261 -0.00493582 0.999889 0.711769
270 272 695 0.99892 0.0169195 -0.0432835 0.791951 -0.0166247 0.999836 0.00716131 -0.296489 0.0433976 -0.006434 0.999037 0.533768
270 273 722 0.998567 0.025498 -0.0470466 0.826112 -0.0254597 0.999675 0.0014136 -0.277531 0.0470673 -0.000213782 0.998892 0.490423
270 274 717 0.997043 0.0394131 -0.0659641 0.874426 -0.039231 0.999222 0.00405367 -0.239431 0.0660725 -0.00145385 0.997814 0.421962
270 275 661 0.998092 0.0326836 -0.0523888 0.831576 -0.0326356 0.999466 0.00177034 -0.250937 0.0524187 -5.72221e-05 0.998625 0.495493
270 276 582 0.998269 0.0253069 -0.053082 0.824653 -0.0251935 0.999679 0.00280339 -0.283575 0.0531359 -0.00146122 0.998586 0.489421
270 277 574 0.998131 0.031769 -0.0522004 0.841982 -0.0318458 0.999493 -0.000638459 -0.245572 0.0521536 0.00229963 0.998636 0.480376
270 278 544 0.998084 0.0265899 -0.0558667 0.75793 -0.026498 0.999646 0.00238444 -0.252974 0.0559103 -0.000899517 0.998435 0.601287
270 279 604 0.99561 0.0334312 -0.0874259 0.87632 -0.0335852 0.999436 -0.000290632 -0.226903 0.0873668 0.00322557 0.996171 0.424945
270 280 396 0.998739 0.0198403 -0.0461145 0.7932 -0.0199483 0.999799 -0.00188295 -0.250748 0.0460679 0.00280048 0.998934 0.55494
270 281 662 0.991145 0.0387731 -0.126993 0.888483 -0.0370927 0.999191 0.0155712 -0.208094 0.127494 -0.0107229 0.991781 0.409018
270 282 456 0.997994 0.0168957 -0.0610084 0.775164 -0.0164956 0.999839 0.00705526 -0.223539 0.0611178 -0.00603474 0.998112 0.590891
270 283 448 0.996503 0.0248676 -0.0797734 0.815675 -0.0243346 0.999675 0.00764562 -0.210818 0.0799376 -0.00567762 0.996784 0.538731
270 284 537 0.992535 0.0396505 -0.115339 0.863647 -0.0387003 0.999196 0.0104665 -0.195191 0.115661 -0.00592466 0.993271 0.464773
285 286 142 0.999925 0.00257127 -0.0119427 0.900767 -0.00253929 0.999993 0.00269228 -0.190318 0.0119495 -0.00266176 0.999925 -0.390383
285 287 203 0.999979 0.00258815 0.00596645 -0.963579 -0.0026112 0.999989 0.00385913 0.0157505 -0.00595639 -0.00387463 0.999975 -0.266961
285 288 425 0.999858 0.00407066 -0.0163727 0.880979 -0.00399116 0.99998 0.00488517 -0.107449 0.0163922 -0.00481913 0.999854 0.460794
285 289 574 0.999452 0.0047496 -0.0327582 0.986455 -0.00458077 0.999976 0.00522685 -0.16361 0.0327822 -0.00507393 0.99945 -0.0117412
285 290 1085 0.998268 0.0133932 -0.0572806 0.987581 -0.0129384 0.999882 0.00830326 -0.153942 0.057385 -0.00754776 0.998324 -0.031403
285 291 1159 0.997738 0.0174927 -0.064912 0.984426 -0.0168203 0.999799 0.0108917 -0.175019 0.0650894 -0.00977518 0.997832 -0.0165318
285 292 1056 0.998283 0.0243956 -0.0532557 0.975245 -0.0240835 0.999689 0.00649337 -0.117872 0.0533975 -0.00519963 0.99856 -0.187093
285 293 896 0.997324 0.0253996 -0.0685606 0.982323 -0.0245124 0.999605 0.0137508 -0.120665 0.0688827 -0.0120334 0.997552 -0.143115
285 294 393 0.998832 0.035375 -0.0329084 0.984204 -0.0351973 0.999363 0.00596355 -0.0974097 0.0330984 -0.0047983 0.999441 -0.147828
285 295 786 0.997996 0.0519245 -0.0361506 0.942551 -0.0517536 0.998644 0.00564748 -0.0736551 0.0363948 -0.00376524 0.99933 -0.32584
285 296 446 0.997579 0.0642832 -0.0265286 0.972797 -0.0638516 0.997818 0.016806 -0.0562154 0.0275511 -0.0150715 0.999507 -0.224735
285 297 735 0.995711 0.0749941 -0.0541714 0.979422 -0.0734497 0.996849 0.029963 -0.0892722 0.0562478 -0.0258557 0.998082 -0.181003
285 298 784 0.994681 0.0947512 -0.0403865 0.977765 -0.0933747 0.995026 0.0347103 -0.121641 0.0434744 -0.0307546 0.998581 -0.170818
285 299 402 0.994238 0.106866 -0.00842215 0.980963 -0.106572 0.993856 0.0298866 -0.0965005 0.0115643 -0.0288169 0.999518 -0.16852
300 301 160 0.99994 0.00995036 0.00453677 0.275686 -0.0099423 0.999949 -0.00179421 -0.103765 -0.00455439 0.001749 0.999988 -0.955631
300 302 58 0.99991 0.00808172 0.0106935 -0.898632 -0.00803416 0.999958 -0.00448225 0.208822 -0.0107292 0.00439594 0.999933 -0.385817
300 303 90 0.999858 0.0158891 0.00568758 -0.971248 -0.0158647 0.999865 -0.00430486 0.0142588 -0.00575521 0.00421401 0.999975 -0.237643
300 304 301 0.999905 0.0119053 0.00694806 -0.98243 -0.0118288 0.99987 -0.0109526 0.161962 -0.00707755 0.0108694 0.999916 0.0927313
300 305 247 0.999822 0.0188478 8.68293e-05 0.966652 -0.0188436 0.99968 -0.0169014 -0.217024 -0.000405355 0.0168967 0.999857 -0.135957
300 306 338 0.999735 0.0208779 -0.00965518 0.986964 -0.0211075 0.999481 -0.024321 -0.147063 0.0091424 0.0245183 0.999658 0.0653832
300 307 311 0.999844 0.0138526 -0.0109567 0.972813 -0.0141725 0.999459 -0.0296747 -0.115883 0.0105397 0.0298254 0.9995 -0.200514
300 308 404 0.999637 0.00956711 -0.0251716 0.937143 -0.0103334 0.999482 -0.0304901 -0.0603985 0.0248668 0.0307391 0.999218 -0.343678
300 309 453 0.999435 0.00508759 -0.0332169 0.954973 -0.00599489 0.99961 -0.0272722 -0.135944 0.0330652 0.027456 0.999076 -0.263716
300 310 405 0.999983 0.00154442 -0.00565322 -0.970388 -0.00173493 0.999425 -0.0338496 0.0934296 0.0055977 0.0338588 0.999411 -0.222751
300 311 473 0.997349 -0.00273919 -0.07272 0.965687 0.000850786 0.999662 -0.0259865 -0.0966196 0.0727666 0.0258557 0.997014 -0.241066
300 312 371 0.997965 -0.00389808 -0.063646 0.976848 0.00210681 0.9996 -0.0281872 -0.134369 0.0637304 0.0279958 0.997574 -0.166473
300 313 290 0.99864 -0.00735499 -0.0516115 0.94814 0.0052963 0.999189 -0.0399122 -0.0730074 0.0518632 0.0395846 0.997869 -0.309356
300 314 387 0.996504 -0.0123197 -0.0826338 0.935512 0.00906653 0.999173 -0.0396289 -0.0721656 0.0830537 0.0387412 0.995792 -0.345845
315 316 131 0.999973 0.000236663 -0.00735699 0.483291 -0.000249983 0.999998 -0.0018097 -0.0242465 0.00735655 0.00181149 0.999971 0.875124
315 317 161 0.999695 -0.012752 -0.0211298 0.932675 0.0126622 0.99991 -0.00438292 -0.36054 0.0211837 0.00411404 0.999767 -0.0113432
315 318 67 0.999942 -0.00544624 -0.00924805 -0.982129 0.00532067 0.999894 -0.0135493 0.0365377 0.00932086 0.0134993 0.999865 0.184629
315 319 850 0.999108 -0.00155 -0.0421943 0.904914 0.00130135 0.999982 -0.00591979 -0.221887 0.0422027 0.0058596 0.999092 -0.363177
315 320 457 0.999963 -0.00676983 -0.0053803 -0.865286 0.00666516 0.999793 -0.01924 0.208032 0.00550943 0.0192034 0.9998 -0.456074
315 321 619 0.998601 -0.00178614 -0.0528392 0.967118 0.000986125 0.999885 -0.0151628 -0.0770182 0.0528602 0.0150895 0.998488 -0.242385
315 322 604 0.998151 -0.00454199 -0.0606071 0.977416 0.00362029 0.999876 -0.0153089 -0.102894 0.0606691 0.0150612 0.998044 -0.184581
315 323 561 0.998892 -0.00763006 -0.0464323 0.948399 0.0066145 0.999736 -0.0219863 -0.0448283 0.0465878 0.0216548 0.998679 -0.313895
315 324 595 0.997576 -0.00302412 -0.0695207 0.915404 0.00173116 0.999825 -0.0186509 -0.0457153 0.0695649 0.0184853 0.997406 -0.399932
315 325 773 0.996143 -0.00727564 -0.0874406 0.97789 0.005931 0.99986 -0.0156278 -0.0676627 0.0875421 0.0150489 0.996047 -0.19787
315 326 557 0.996351 -0.00528778 -0.0851919 0.971229 0.00407989 0.999889 -0.0143463 -0.0751495 0.0852583 0.0139464 0.996261 -0.22598
315 327 564 0.995867 -0.00201386 -0.0907989 0.93871 0.000883851 0.999922 -0.0124837 -0.0761624 0.090817 0.0123518 0.995791 -0.336189
315 328 824 0.990444 0.012541 -0.137342 0.988617 -0.0138212 0.999869 -0.00837143 -0.089568 0.137219 0.0101897 0.990488 -0.120884
315 329 766 0.992766 0.0182625 -0.118667 0.97206 -0.0200666 0.9997 -0.0140263 -0.0826243 0.118376 0.0163061 0.992835 -0.21971
