0 1 0.975033 0.0744656 -0.209203 0.198121 -0.0731521 0.997223 0.0140214 0.0460308 0.209666 0.00163374 0.977772 -0.0781909
0 2 0.874339 0.123073 -0.469451 0.438083 -0.152522 0.987983 -0.0250545 0.0601917 0.460727 0.0935088 0.882603 -0.0594659
0 3 0.771601 0.179913 -0.610133 0.675522 -0.209034 0.977616 0.023922 0.0368635 0.60078 0.109081 0.791938 0.0524407
0 4 0.618362 0.300481 -0.726181 0.832994 -0.276896 0.948069 0.15651 -0.0418231 0.735498 0.104297 0.669451 0.191293
0 5 0.482086 0.334638 -0.809697 0.915987 -0.319045 0.92778 0.193484 -0.113865 0.815968 0.165054 0.554035 0.395689
0 6 0.369208 0.354204 -0.8592 0.991651 -0.371851 0.903592 0.212717 -0.21951 0.851712 0.240958 0.465325 0.558271
0 7 0.183381 0.466734 -0.865176 0.987766 -0.320981 0.860293 0.396066 -0.271847 0.929163 0.205075 0.307575 0.71454
0 8 0.0434525 0.450234 -0.891853 1.02549 -0.323719 0.850879 0.413778 -0.283894 0.945155 0.27073 0.182722 0.840736
0 9 -0.0443024 0.433242 -0.900188 1.11598 -0.303431 0.852671 0.425305 -0.313499 0.951823 0.291986 0.0936838 0.962819
0 10 -0.250681 0.456834 -0.853499 1.04077 -0.236706 0.825965 0.511619 -0.323623 0.938685 0.330281 -0.0989175 1.1063
0 11 -0.453996 0.390455 -0.800895 0.891122 -0.220615 0.821619 0.525616 -0.317124 0.86326 0.415316 -0.28687 1.272
0 12 -0.631613 0.37039 -0.681084 0.783976 -0.157297 0.799004 0.58039 -0.3869 0.759159 0.473713 -0.4464 1.48881
0 13 -0.743601 0.331997 -0.580376 0.71077 -0.111367 0.794392 0.59711 -0.404621 0.659284 0.508646 -0.553736 1.60908
0 14 -0.840995 0.299536 -0.450562 0.605733 -0.060264 0.775723 0.628191 -0.436777 0.537676 0.555457 -0.634328 1.68603
0 15 -0.945822 0.206438 -0.25061 0.337401 -0.00730751 0.75812 0.652074 -0.51069 0.324604 0.618577 -0.715537 1.82207
0 16 -0.98607 0.11859 -0.11663 0.209644 0.0183303 0.774399 0.632434 -0.473838 0.165318 0.621486 -0.765785 1.93292
0 17 -0.994522 0.0706285 0.0770596 0.0201261 0.10377 0.755862 0.646456 -0.532746 -0.0125893 0.65091 -0.759049 1.95655
0 18 -0.969434 -0.0184258 0.24466 -0.205859 0.142222 0.770356 0.621552 -0.505434 -0.199929 0.637349 -0.744188 2.01555
0 19 -0.943112 -0.0536642 0.328115 -0.243078 0.171001 0.768055 0.617131 -0.542656 -0.285129 0.638132 -0.715185 2.0716
0 20 -0.911812 0.0343673 0.409167 -0.195998 0.275754 0.789591 0.548185 -0.453642 -0.304236 0.612671 -0.729435 2.06202
0 21 -0.87614 -0.0410837 0.480303 -0.32485 0.27842 0.770247 0.573762 -0.529036 -0.393525 0.636421 -0.663406 1.99327
0 22 -0.821855 -0.0983192 0.561148 -0.407406 0.301577 0.760581 0.57495 -0.564698 -0.483329 0.641755 -0.595437 1.89573
0 23 -0.774388 -0.156857 0.61296 -0.417999 0.316814 0.742456 0.590244 -0.614561 -0.54768 0.651272 -0.525254 1.74293
0 24 -0.695605 -0.166901 0.698769 -0.535283 0.374094 0.746227 0.550636 -0.540383 -0.613342 0.644431 -0.456642 1.54237
0 25 -0.576733 -0.220987 0.786476 -0.669957 0.405278 0.7585 0.510321 -0.466165 -0.709317 0.61306 -0.34789 1.3852
0 26 -0.436776 -0.285796 0.852964 -0.720879 0.456571 0.746557 0.483938 -0.498692 -0.775094 0.600812 -0.195591 1.26065
0 27 -0.335479 -0.303504 0.891817 -0.726116 0.501388 0.743934 0.441786 -0.514834 -0.797536 0.595356 -0.0974013 1.22464
0 28 -0.258243 -0.268846 0.927918 -0.729166 0.554339 0.745406 0.370242 -0.474145 -0.791214 0.609993 -0.0434638 1.14149
0 29 -0.203308 -0.363187 0.909264 -0.673675 0.554838 0.722426 0.412619 -0.490647 -0.806734 0.588383 0.054635 1.01564
0 30 -0.0228598 -0.307037 0.951423 -0.727374 0.468816 0.837254 0.281458 -0.215334 -0.883001 0.452476 0.124804 1.00168
0 31 0.230302 -0.304108 0.92438 -0.87043 0.421919 0.887191 0.186756 -0.142048 -0.876895 0.347004 0.33263 0.777683
0 32 0.328527 -0.37306 0.867696 -0.767427 0.463192 0.864265 0.196212 -0.268329 -0.823118 0.33745 0.456733 0.662291
0 33 0.479477 -0.376931 0.792481 -0.809236 0.432955 0.887105 0.159986 -0.236185 -0.763317 0.266399 0.588541 0.58863
0 34 0.49066 -0.373875 0.787065 -0.70956 0.261989 0.924774 0.275964 -0.0331404 -0.831032 0.0707989 0.5517 0.65245
0 35 0.422922 -0.385485 0.820085 -0.631548 0.308262 0.912233 0.269828 -0.0934253 -0.852122 0.138685 0.504633 0.67
0 36 0.442357 -0.364234 0.819545 -0.697985 0.331616 0.91548 0.227879 -0.112501 -0.833278 0.170971 0.525754 0.58702
0 37 0.434842 -0.353625 0.828167 -0.759412 0.375842 0.907008 0.189949 -0.12448 -0.818325 0.228662 0.527312 0.537081
0 38 0.558978 -0.366287 0.743894 -0.828165 0.363244 0.914647 0.177416 -0.102877 -0.745385 0.171045 0.644318 0.410715
0 39 0.481012 -0.359049 0.799819 -0.716383 0.370099 0.91018 0.186013 -0.133999 -0.794767 0.206539 0.570691 0.533138
0 40 0.536811 -0.396602 0.744675 -0.687317 0.446365 0.882488 0.148231 -0.207512 -0.715956 0.252826 0.650759 0.40767
0 41 0.779519 -0.34699 0.521487 -0.698945 0.375184 0.925325 0.0548732 -0.0989677 -0.501585 0.152879 0.851493 0.235202
0 42 0.850969 -0.278485 0.445306 -0.629146 0.345462 0.935417 -0.0751778 -0.0241913 -0.39561 0.217811 0.892217 0.201402
0 43 0.8213 -0.182345 0.540572 -0.495846 0.196084 0.980043 0.0326731 0.096564 -0.535741 0.0791633 0.840663 0.289453
0 44 0.808662 -0.264041 0.525688 -0.436926 0.253165 0.96283 0.0941654 0.0354437 -0.531012 0.0569391 0.845449 0.256346
0 45 0.79616 -0.284716 0.533915 -0.406386 0.326981 0.94489 0.0162881 0.0121941 -0.509129 0.161614 0.84538 0.235556
0 46 0.846952 -0.246284 0.471188 -0.425065 0.307775 0.949763 -0.0567909 0.052085 -0.433529 0.193119 0.880203 0.184089
0 47 0.8318 -0.131197 0.539349 -0.408558 0.260109 0.950508 -0.169936 0.207172 -0.49036 0.281643 0.824757 0.242296
0 48 0.834001 -0.149994 0.530985 -0.436612 0.317713 0.917339 -0.239888 0.271323 -0.451111 0.368768 0.812717 0.239255
0 49 0.758033 -0.19783 0.62149 -0.472819 0.405881 0.888979 -0.212078 0.258597 -0.510536 0.413014 0.754171 0.273207
0 50 0.64881 -0.300014 0.699312 -0.591143 0.522694 0.843596 -0.123032 0.189967 -0.553026 0.445351 0.70415 0.340262
0 51 0.452565 -0.405123 0.794394 -0.721613 0.634364 0.772352 0.0324863 0.0886008 -0.626712 0.489233 0.606534 0.413842
0 52 0.160204 -0.440312 0.883436 -0.773903 0.785034 0.599389 0.156382 -0.144431 -0.598378 0.668475 0.441685 0.530701
0 53 -0.110684 -0.485863 0.866998 -0.813128 0.795503 0.479615 0.370332 -0.358614 -0.595755 0.730689 0.333421 0.622357
0 54 -0.367674 -0.443033 0.817642 -0.754222 0.735809 0.399071 0.54711 -0.533195 -0.568684 0.802786 0.17926 0.775327
0 55 -0.577958 -0.440184 0.687171 -0.670365 0.593992 0.350493 0.724106 -0.632683 -0.559588 0.826676 0.0588959 0.869382
0 56 -0.757266 -0.393786 0.521038 -0.545205 0.440793 0.280522 0.852649 -0.756765 -0.481924 0.875352 -0.0388518 0.94437
0 57 -0.906421 -0.31006 0.286817 -0.355883 0.243004 0.172602 0.954547 -0.955448 -0.345472 0.934918 -0.0811036 0.992677
0 58 -0.967508 -0.229489 0.106131 -0.20592 0.0605698 0.197165 0.978498 -0.973954 -0.24548 0.953132 -0.176858 1.09885
0 59 -0.973895 -0.149239 -0.17105 0.099049 -0.206408 0.268576 0.940884 -0.861721 -0.0944774 0.951628 -0.292368 1.2323
0 60 -0.877747 -0.0313822 -0.478096 0.451857 -0.465168 0.294908 0.834654 -0.732749 0.1148 0.95501 -0.273452 1.17378
0 61 -0.738251 0.0605721 -0.671801 0.644383 -0.62424 0.315987 0.714477 -0.651107 0.255557 0.946828 -0.195465 1.09344
0 62 -0.580129 0.0688783 -0.811608 0.723924 -0.728736 0.401224 0.554943 -0.4599 0.36386 0.913386 -0.182567 1.0718
0 63 -0.3211 0.116434 -0.939861 0.875709 -0.80417 0.490646 0.335524 -0.195012 0.500205 0.863545 -0.0639135 0.931475
0 64 0.0398658 0.190606 -0.980857 0.982798 -0.820188 0.566911 0.0768301 0.0498573 0.570704 0.801425 0.178935 0.690003
0 65 0.293298 0.109406 -0.949741 0.912868 -0.721504 0.677097 -0.144815 0.311636 0.627223 0.727715 0.277528 0.599831
0 66 0.505712 0.023365 -0.862387 0.795415 -0.554871 0.774247 -0.304404 0.521641 0.660587 0.632453 0.40451 0.467521
0 67 0.776298 -0.0601976 -0.627485 0.664974 -0.345343 0.792143 -0.503237 0.661243 0.527352 0.607359 0.59415 0.301404
0 68 0.848653 -0.0602731 -0.525505 0.551019 -0.280329 0.791242 -0.543462 0.640558 0.448559 0.608525 0.654594 0.226282
0 69 0.879731 -0.115237 -0.461299 0.378589 -0.186755 0.808471 -0.55812 0.649898 0.437262 0.577144 0.689715 0.170673
0 70 0.958282 -0.126617 -0.256251 0.204336 -0.0284051 0.849904 -0.526172 0.690765 0.284412 0.5115 0.810851 0.0355008
0 71 0.968582 -0.248446 -0.0110918 0.010921 0.203899 0.818869 -0.536543 0.625298 0.142385 0.517425 0.8438 -0.0124802
0 72 0.977362 -0.190714 0.0916092 -0.0739322 0.211492 0.868532 -0.448244 0.555016 0.00592193 0.457472 0.889205 -0.0422666
0 73 0.927797 -0.270255 0.257207 -0.250371 0.353102 0.85868 -0.371467 0.434692 -0.120467 0.435467 0.892108 -0.0303187
0 74 0.871054 -0.364978 0.32872 -0.346458 0.456226 0.849137 -0.266126 0.315296 -0.181997 0.381781 0.906157 0.0519538
0 75 0.790493 -0.363549 0.492905 -0.364859 0.531455 0.807166 -0.256979 0.166259 -0.304431 0.465097 0.831268 0.168627
0 76 0.80325 -0.406161 0.435686 -0.46128 0.491013 0.865586 -0.0983271 0.126481 -0.337187 0.29291 0.894712 0.219035
0 77 0.731842 -0.420749 0.536077 -0.571242 0.56146 0.818101 -0.124394 0.0682321 -0.386226 0.392023 0.834954 0.304079
0 78 0.604434 -0.443697 0.661659 -0.634292 0.651359 0.753441 -0.0897796 0.0216418 -0.458685 0.485243 0.74441 0.346039
0 79 0.486358 -0.45899 0.743494 -0.723311 0.706477 0.707276 -0.0255121 -0.0341101 -0.514146 0.537671 0.668255 0.365248
0 80 0.296849 -0.481869 0.824429 -0.808841 0.708981 0.689573 0.147768 -0.0993587 -0.639709 0.54064 0.546335 0.477234
0 81 0.232154 -0.501252 0.833577 -0.912028 0.672422 0.701932 0.234819 -0.252848 -0.702818 0.506002 0.500009 0.445575
0 82 0.193006 -0.493147 0.848266 -0.861797 0.50246 0.79224 0.346251 -0.255016 -0.842783 0.359391 0.400693 0.573547
0 83 0.241404 -0.480031 0.843382 -0.847722 0.402325 0.840384 0.363167 -0.257491 -0.883096 0.251645 0.396001 0.536013
0 84 0.37326 -0.511488 0.773988 -0.809399 0.342983 0.851257 0.397146 -0.272803 -0.861998 0.117227 0.493172 0.396453
0 85 0.570829 -0.479141 0.666768 -0.747821 0.411279 0.869708 0.272873 -0.2609 -0.710638 0.118464 0.693514 0.180863
0 86 0.728289 -0.398745 0.557313 -0.635807 0.328316 0.916892 0.226978 -0.125588 -0.601502 0.0176705 0.798676 0.00603302
0 87 0.827409 -0.326574 0.456887 -0.459126 0.300701 0.94472 0.130706 -0.0312835 -0.474315 0.0292388 0.87987 -0.110441
0 88 0.935619 -0.228153 0.269378 -0.238826 0.223001 0.973535 0.0500084 0.0166498 -0.273658 0.0132832 0.961736 -0.186472
0 89 0.991146 -0.0609521 0.117966 -0.0733259 0.0701187 0.994701 -0.0751826 0.0462059 -0.112758 0.0827893 0.990168 -0.244971
0 90 0.999728 0.0178516 -0.0150191 0.0131422 -0.0213824 0.958634 -0.283837 0.12001 0.00933107 0.284082 0.958755 -0.346417
0 91 0.999013 0.026597 0.0355937 0.0255302 -0.00546547 0.86853 -0.495605 0.332923 -0.0440953 0.494922 0.867818 -0.289105
0 92 0.997279 0.0475987 0.0562995 0.0307236 -0.00683513 0.820048 -0.572254 0.469428 -0.0734071 0.570313 0.818142 -0.190029
0 93 0.999504 0.0315019 0.000703153 0.048829 -0.0250437 0.807724 -0.589029 0.516587 -0.0191235 0.588719 0.808112 -0.206688
0 94 0.975686 -0.124221 -0.18057 0.185228 0.0394234 0.909905 -0.412937 0.399642 0.215598 0.395779 0.89268 -0.233253
0 95 0.925269 -0.131606 -0.355748 0.353441 0.0254606 0.957314 -0.287928 0.267885 0.378456 0.257353 0.889124 -0.224262
0 96 0.745868 -0.0942919 -0.659387 0.550142 0.0381268 0.99435 -0.0990632 0.142879 0.665003 0.0487473 0.745249 -0.0850684
0 97 0.586792 0.107419 -0.802582 0.696901 -0.0886288 0.993727 0.068204 -0.0453715 0.804874 0.0311108 0.592631 0.0776075
0 98 0.418114 0.252169 -0.872692 0.79629 -0.0944743 0.967559 0.234318 -0.241025 0.903469 -0.0155242 0.428373 0.21766
0 99 0.259735 0.374633 -0.890049 0.826157 0.0619789 0.913314 0.402513 -0.364323 0.96369 -0.159711 0.214001 0.437571
0 100 0.057522 0.476731 -0.877165 0.78025 0.0569661 0.875621 0.479628 -0.520212 0.996718 -0.0775578 0.0232097 0.611117
0 101 -0.163641 0.54645 -0.821349 0.705881 0.142935 0.83692 0.528332 -0.562809 0.97611 -0.0309432 -0.21506 0.84437
0 102 -0.289832 0.599748 -0.745855 0.628259 0.302867 0.79673 0.522967 -0.468864 0.907893 -0.0743228 -0.412562 1.01155
0 103 -0.41614 0.622291 -0.663009 0.574177 0.385329 0.781122 0.491295 -0.456968 0.823619 -0.0510297 -0.564843 1.14572
0 104 -0.559447 0.60098 -0.570827 0.515251 0.36852 0.79722 0.478157 -0.504732 0.742437 0.0571413 -0.667474 1.26804
0 105 -0.747158 0.391151 -0.53736 0.51217 0.115105 0.872424 0.475003 -0.497317 0.654604 0.293049 -0.696861 1.2788
0 106 -0.845375 0.138052 -0.516026 0.541414 -0.158935 0.857272 0.48972 -0.499205 0.509982 0.49601 -0.702774 1.29564
0 107 -0.942342 0.0226241 -0.333884 0.426297 -0.145867 0.870176 0.470657 -0.390877 0.301186 0.492223 -0.816703 1.4832
0 108 -0.995887 0.0900709 -0.00983114 0.155347 0.073889 0.870148 0.487221 -0.47254 0.0524382 0.48449 -0.873223 1.55852
0 109 -0.982009 -0.0131467 0.188379 0.0120622 0.0922022 0.837199 0.539072 -0.552079 -0.164799 0.546742 -0.820923 1.53846
0 110 -0.935746 -0.0414138 0.350233 -0.0758205 0.183698 0.790494 0.584273 -0.623163 -0.301055 0.611068 -0.732094 1.5258
0 111 -0.8447 -0.0639023 0.531413 -0.280227 0.310097 0.750815 0.583196 -0.611787 -0.436261 0.657414 -0.614396 1.5182
0 112 -0.605921 -0.218434 0.764949 -0.791111 0.383203 0.762514 0.521277 -0.634622 -0.697148 0.608982 -0.378319 1.32127
0 113 -0.607291 -0.249877 0.75416 -0.725714 0.0638457 0.930833 0.359827 -0.211907 -0.79191 0.266669 -0.549333 1.42364
0 114 -0.578318 -0.253415 0.775454 -0.712686 -0.0682812 0.962231 0.263531 -0.136451 -0.81295 0.0994557 -0.573779 1.36557
0 115 -0.474808 -0.219047 0.852395 -0.80382 -0.132502 0.975284 0.17682 -0.109848 -0.870059 -0.0289888 -0.492096 1.272
0 116 -0.442655 -0.208745 0.872057 -0.7728 -0.200989 0.970879 0.130379 -0.0932123 -0.873877 -0.11756 -0.47172 1.22849
0 117 -0.482058 -0.305355 0.821205 -0.642563 -0.245683 0.946807 0.20784 -0.200247 -0.840988 -0.101565 -0.531437 1.20666
0 118 -0.37764 -0.32033 0.868779 -0.673588 -0.0421605 0.94323 0.329455 -0.301923 -0.924993 0.0877873 -0.369707 1.01695
0 119 -0.0326157 -0.399891 0.915982 -0.84932 0.198843 0.895553 0.398053 -0.370806 -0.979488 0.19512 0.0503063 0.714423
0 120 0.232612 -0.4735 0.849523 -0.905374 0.349129 0.855916 0.381467 -0.336284 -0.907745 0.207861 0.364408 0.423178
0 121 0.31605 -0.3919 0.864018 -0.823853 0.396777 0.88183 0.254842 -0.186018 -0.861789 0.262281 0.434199 0.410257
0 122 0.449601 -0.367106 0.814305 -0.760952 0.556355 0.828301 0.0662373 -0.157589 -0.698805 0.423263 0.576646 0.258727
0 123 0.579683 -0.313448 0.752142 -0.715597 0.620422 0.768182 -0.158032 -0.0459148 -0.528247 0.558254 0.639772 0.172555
0 124 0.658144 -0.361773 0.660279 -0.623389 0.669315 0.682734 -0.293073 0.0222183 -0.344768 0.634819 0.691477 0.0432897
0 125 0.743592 -0.295842 0.599623 -0.499554 0.573739 0.742834 -0.344993 0.168447 -0.343357 0.600561 0.722103 0.0241432
0 126 0.883082 -0.183667 0.431779 -0.388349 0.384199 0.811298 -0.440666 0.280239 -0.269365 0.555034 0.787007 0.00359473
0 127 0.971016 0.0957792 0.218989 -0.219617 0.00207641 0.912786 -0.408434 0.374971 -0.239009 0.39705 0.88613 -0.0287016
0 128 0.987517 0.068008 0.142079 -0.202882 -0.0386859 0.97908 -0.199766 0.345989 -0.152692 0.191777 0.969488 -0.0727491
0 129 0.973898 0.0466852 0.222133 -0.246468 -0.0696021 0.992898 0.0964811 0.225623 -0.216051 -0.109423 0.970232 -0.145101
0 130 0.960382 -0.0553999 0.273125 -0.292732 -0.0243434 0.95962 0.280245 0.0465053 -0.277621 -0.27579 0.920253 -0.261456
0 131 0.957466 -0.146946 0.248324 -0.266928 0.00286456 0.865409 0.501059 -0.167217 -0.28853 -0.479035 0.829021 -0.318463
0 132 0.980011 0.0234892 0.197556 -0.174009 -0.134618 0.809444 0.571558 -0.349458 -0.146485 -0.586728 0.796425 -0.386247
0 133 0.990299 0.038435 0.133537 -0.117639 -0.11916 0.729249 0.673794 -0.485523 -0.0714844 -0.683169 0.726753 -0.361383
0 134 0.992159 0.0189382 0.123544 -0.102255 -0.108716 0.618438 0.778278 -0.536932 -0.0616643 -0.785606 0.615647 -0.274879
0 135 0.990098 0.00497596 0.14029 -0.11285 -0.111426 0.635713 0.763843 -0.479463 -0.0853833 -0.77191 0.629971 -0.240014
0 136 0.984103 -0.00586888 0.177506 -0.138166 -0.120681 0.711179 0.692576 -0.408965 -0.130303 -0.702987 0.699164 -0.150175
0 137 0.982221 -0.00557397 0.187648 -0.172663 -0.116795 0.764412 0.634062 -0.3878 -0.146974 -0.644705 0.75017 -0.0567311
0 138 0.985582 0.00944582 0.168935 -0.190838 -0.117369 0.757335 0.642394 -0.360981 -0.121872 -0.652959 0.747523 0.0428638
0 139 0.996205 0.0409296 0.0768275 -0.20564 -0.0735882 0.867433 0.492084 -0.316391 -0.0465016 -0.495869 0.867151 0.0149312
0 140 0.997653 -0.00416902 0.0683499 -0.181076 -0.0118245 0.972665 0.231915 -0.154506 -0.0674479 -0.232178 0.970332 -0.018473
0 141 0.992727 -0.0436322 0.112206 -0.18598 0.0258153 0.987484 0.155595 0.0335978 -0.117589 -0.151566 0.981427 -0.00911858
0 142 0.948174 -0.0671159 0.310583 -0.274558 0.105987 0.988264 -0.110006 0.121276 -0.299555 0.137223 0.944159 0.0423084
0 143 0.828775 -0.168268 0.533684 -0.461789 0.235747 0.969943 -0.0602807 0.117066 -0.5075 0.175775 0.843533 0.182783
0 144 0.687791 -0.197583 0.698502 -0.62162 0.283643 0.958897 -0.00805217 0.12354 -0.668199 0.203664 0.715563 0.328128
0 145 0.450157 -0.285343 0.846132 -0.766205 0.41538 0.90572 0.0844493 0.0605473 -0.790455 0.313451 0.526241 0.48002
0 146 0.114102 -0.329816 0.937124 -0.789372 0.520532 0.823287 0.226374 -0.144505 -0.846184 0.461975 0.265618 0.741622
0 147 -0.116753 -0.267365 0.956496 -0.773463 0.537697 0.79271 0.287217 -0.228027 -0.835016 0.547839 0.0512095 1.0101
0 148 -0.275235 -0.297735 0.914111 -0.684564 0.509397 0.761224 0.401316 -0.278339 -0.815329 0.576102 -0.0578503 1.15826
0 149 -0.417643 -0.328584 0.847117 -0.527514 0.51198 0.685117 0.518162 -0.439677 -0.750634 0.650114 -0.117906 1.24368
0 150 -0.455137 -0.333656 0.825544 -0.484498 0.496072 0.674911 0.546268 -0.463004 -0.739434 0.658157 -0.141659 1.27767
0 151 -0.457776 -0.331006 0.825152 -0.487302 0.491617 0.679067 0.545144 -0.454792 -0.740779 0.655212 -0.148131 1.28104
0 152 -0.453288 -0.313915 0.834258 -0.497532 0.502678 0.682884 0.530082 -0.456547 -0.736101 0.659643 -0.151745 1.28773
0 153 -0.456359 -0.31526 0.832075 -0.496644 0.495794 0.686417 0.531996 -0.448722 -0.738867 0.655319 -0.156948 1.29383
0 154 -0.445057 -0.318118 0.837093 -0.518526 0.51145 0.677021 0.529209 -0.469979 -0.73508 0.66366 -0.138611 1.27231
0 155 -0.441179 -0.324105 0.83685 -0.526025 0.515206 0.672053 0.531892 -0.479223 -0.734795 0.66581 -0.129514 1.2582
0 156 -0.440583 -0.33198 0.834072 -0.53025 0.515367 0.667212 0.537798 -0.485549 -0.735041 0.666797 -0.12287 1.25145
0 157 -0.430465 -0.343259 0.834789 -0.547011 0.512146 0.66868 0.539049 -0.481811 -0.74324 0.659576 -0.112044 1.24814
0 158 -0.431045 -0.345181 0.833696 -0.538648 0.519746 0.660289 0.542109 -0.495839 -0.737607 0.666985 -0.105207 1.24309
0 159 -0.432912 -0.355116 0.82854 -0.533974 0.516019 0.656014 0.550791 -0.498827 -0.739128 0.665987 -0.10075 1.23504
0 160 -0.428302 -0.349508 0.833307 -0.538167 0.520248 0.658633 0.543641 -0.494088 -0.738851 0.666369 -0.100262 1.23072
1 2 0.959884 0.0521894 -0.275496 0.223966 -0.0699014 0.996044 -0.0548635 0.0239022 0.271544 0.0719199 0.959735 -0.0415326
1 3 0.893375 0.114415 -0.434499 0.459285 -0.136021 0.990527 -0.0188413 0.0167442 0.428227 0.0759325 0.900476 0.0345135
1 4 0.777217 0.24423 -0.5799 0.622426 -0.232126 0.967884 0.0965231 -0.0328393 0.58485 0.05959 0.808949 0.135931
1 5 0.66436 0.287091 -0.690076 0.717191 -0.282469 0.951254 0.123805 -0.0920081 0.69198 0.112673 0.71307 0.309162
1 6 0.566113 0.314166 -0.762113 0.805441 -0.339781 0.931266 0.131499 -0.184777 0.751042 0.184508 0.63395 0.450549
1 7 0.394556 0.439893 -0.806735 0.826269 -0.331763 0.886936 0.321368 -0.221816 0.856889 0.140848 0.495886 0.577062
1 8 0.262473 0.433301 -0.862183 0.886128 -0.338839 0.877997 0.338096 -0.230742 0.90349 0.203399 0.377269 0.681871
1 9 0.177387 0.422658 -0.88876 0.991888 -0.321335 0.878461 0.353624 -0.262622 0.930202 0.22286 0.291643 0.791071
1 10 -0.0318494 0.461937 -0.886341 0.956518 -0.276322 0.848158 0.451966 -0.27258 0.960537 0.25931 0.100631 0.911928
1 11 -0.246035 0.411352 -0.877642 0.852309 -0.263885 0.842844 0.469018 -0.266966 0.932647 0.346991 -0.0988199 1.06352
1 12 -0.445777 0.406016 -0.797768 0.791227 -0.21529 0.816428 0.535813 -0.339932 0.868868 0.410604 -0.276534 1.27615
1 13 -0.578896 0.377333 -0.722841 0.751573 -0.174348 0.808703 0.561785 -0.363378 0.796543 0.451241 -0.402368 1.39903
1 14 -0.703433 0.353907 -0.616386 0.680611 -0.132414 0.786784 0.602858 -0.399621 0.698317 0.505688 -0.506589 1.48479
1 15 -0.854405 0.271539 -0.443009 0.459538 -0.0870869 0.765691 0.637285 -0.478852 0.512255 0.583081 -0.630564 1.64444
1 16 -0.928219 0.188758 -0.320589 0.359788 -0.0567682 0.779773 0.623483 -0.449734 0.367675 0.596929 -0.713087 1.77684
1 17 -0.980553 0.144264 -0.133055 0.19735 0.0222243 0.755234 0.655077 -0.520693 0.194991 0.639381 -0.743754 1.83034
1 18 -0.997785 0.0559716 0.0359348 -0.00794348 0.0660056 0.766526 0.638812 -0.503846 0.00820998 0.63977 -0.768524 1.92438
1 19 -0.992204 0.0200756 0.122995 -0.0378083 0.0948195 0.762064 0.64052 -0.546437 -0.0808727 0.64719 -0.758027 1.99856
1 20 -0.972086 0.106709 0.208952 0.00801927 0.212984 0.774911 0.595105 -0.484976 -0.0984167 0.622998 -0.776009 1.99217
1 21 -0.957805 0.0298557 0.285863 -0.114111 0.208792 0.755784 0.62064 -0.556663 -0.197521 0.654139 -0.730129 1.9452
1 22 -0.92605 -0.0300584 0.3762 -0.193137 0.230403 0.744468 0.626642 -0.595616 -0.298905 0.66698 -0.682491 1.87088
1 23 -0.894966 -0.0911791 0.436716 -0.202343 0.240711 0.725493 0.644761 -0.645231 -0.375623 0.682162 -0.627345 1.7369
1 24 -0.83685 -0.105756 0.537119 -0.32262 0.305127 0.724508 0.61805 -0.585859 -0.454509 0.681106 -0.574037 1.55618
1 25 -0.743322 -0.167158 0.647712 -0.46435 0.344881 0.7339 0.585189 -0.522519 -0.573175 0.658368 -0.487875 1.43031
1 26 -0.625595 -0.241092 0.741961 -0.527824 0.399523 0.717869 0.570127 -0.566311 -0.670083 0.6531 -0.352774 1.33577
1 27 -0.536275 -0.265616 0.80116 -0.544998 0.451844 0.711383 0.538304 -0.595009 -0.712913 0.650678 -0.26148 1.31549
1 28 -0.465938 -0.236199 0.852709 -0.559308 0.51855 0.707975 0.479454 -0.57198 -0.716943 0.665568 -0.207392 1.23668
1 29 -0.415498 -0.334557 0.845833 -0.50982 0.50846 0.685617 0.520957 -0.582209 -0.754207 0.646529 -0.114764 1.12633
1 30 -0.244193 -0.291173 0.92498 -0.593266 0.460575 0.804579 0.374863 -0.314308 -0.85337 0.517562 -0.0623668 1.14205
1 31 0.00852287 -0.307151 0.951623 -0.783572 0.438381 0.85648 0.272515 -0.247016 -0.898748 0.41485 0.141948 0.947747
1 32 0.111019 -0.383891 0.91668 -0.700075 0.474937 0.830731 0.290377 -0.377959 -0.872988 0.403128 0.274551 0.838159
1 33 0.273648 -0.399848 0.87478 -0.776647 0.454735 0.855211 0.248654 -0.346201 -0.847545 0.329749 0.415852 0.773884
1 34 0.285912 -0.397694 0.871835 -0.679729 0.26658 0.906908 0.32627 -0.10219 -0.920429 0.139129 0.365314 0.856966
1 35 0.212093 -0.403854 0.889898 -0.585397 0.312046 0.890931 0.329951 -0.170459 -0.92609 0.207709 0.314981 0.868546
1 36 0.232738 -0.384091 0.89348 -0.656554 0.343835 0.891873 0.293836 -0.1987 -0.90973 0.238823 0.339637 0.78282
1 37 0.224397 -0.372842 0.900353 -0.716308 0.394261 0.879657 0.266008 -0.222283 -0.891181 0.295282 0.344389 0.726979
1 38 0.36212 -0.39573 0.843959 -0.815703 0.385168 0.888021 0.251125 -0.200428 -0.84883 0.23413 0.473993 0.605171
1 39 0.274941 -0.382025 0.882306 -0.684281 0.389722 0.883185 0.260961 -0.23146 -0.878933 0.272105 0.391707 0.725376
1 40 0.338086 -0.424329 0.840025 -0.669084 0.469925 0.849462 0.239964 -0.320953 -0.815394 0.31362 0.486594 0.592827
1 41 0.625121 -0.395738 0.672768 -0.751974 0.423242 0.896078 0.133827 -0.213604 -0.655813 0.201084 0.72765 0.412772
1 42 0.715826 -0.333719 0.613372 -0.707645 0.422221 0.906493 0.000451883 -0.149533 -0.556168 0.258655 0.789794 0.361439
1 43 0.674126 -0.234339 0.700457 -0.563849 0.257332 0.963434 0.0746586 0.00707094 -0.692339 0.12992 0.709779 0.476137
1 44 0.658834 -0.315092 0.683121 -0.499537 0.298842 0.942955 0.146724 -0.0556958 -0.690384 0.107479 0.715414 0.444117
1 45 0.643384 -0.33468 0.68851 -0.464613 0.385772 0.918574 0.0860252 -0.0997915 -0.661239 0.210261 0.720106 0.413188
1 46 0.708891 -0.30095 0.637889 -0.501782 0.382697 0.923814 0.0105518 -0.0654338 -0.592465 0.236637 0.770056 0.350788
1 47 0.688429 -0.184119 0.701546 -0.481621 0.359946 0.926458 -0.110071 0.0846075 -0.629686 0.328295 0.704072 0.40699
1 48 0.690925 -0.203142 0.693799 -0.5099 0.428276 0.888186 -0.166445 0.132574 -0.58241 0.412137 0.700671 0.390458
1 49 0.594358 -0.244019 0.766286 -0.519425 0.506313 0.853845 -0.120814 0.109536 -0.624808 0.459786 0.631039 0.425171
1 50 0.463972 -0.336838 0.819311 -0.603498 0.598201 0.801291 -0.00932914 0.0338375 -0.653365 0.494441 0.573274 0.491772
1 51 0.244908 -0.425966 0.870962 -0.682425 0.669243 0.724256 0.166029 -0.0643465 -0.701522 0.542222 0.46245 0.564029
1 52 -0.0614017 -0.438423 0.896669 -0.671446 0.777352 0.542489 0.318479 -0.298509 -0.626061 0.716583 0.307498 0.645796
1 53 -0.325479 -0.464262 0.823726 -0.662866 0.733881 0.425281 0.529673 -0.482172 -0.596222 0.776914 0.202293 0.720537
1 54 -0.562538 -0.403442 0.721655 -0.567774 0.632698 0.351807 0.689874 -0.620798 -0.532207 0.844669 0.0573523 0.846372
1 55 -0.740064 -0.387048 0.55 -0.462922 0.453777 0.31622 0.833122 -0.671999 -0.496379 0.86614 -0.0583904 0.923291
1 56 -0.876685 -0.329991 0.350041 -0.328956 0.2723 0.259452 0.926574 -0.750207 -0.396579 0.907629 -0.137602 0.970402
1 57 -0.966881 -0.238871 0.0898902 -0.1463 0.0500954 0.167729 0.98456 -0.89611 -0.25026 0.956455 -0.150209 0.986488
1 58 -0.982644 -0.156588 -0.0994561 -0.0118065 -0.130965 0.205905 0.969768 -0.881658 -0.131376 0.965962 -0.22284 1.06299
1 59 -0.924908 -0.0799801 -0.371684 0.256912 -0.378091 0.29612 0.877131 -0.731861 0.0399095 0.951796 -0.304125 1.1568
1 60 -0.75815 0.0262111 -0.651554 0.54991 -0.606205 0.339819 0.719053 -0.572065 0.240256 0.940125 -0.241745 1.064
1 61 -0.574765 0.10499 -0.811555 0.689968 -0.734595 0.37079 0.568229 -0.478206 0.360574 0.922762 -0.135993 0.968893
1 62 -0.390724 0.0997459 -0.915088 0.725192 -0.79676 0.461198 0.390472 -0.292743 0.460985 0.881672 -0.100728 0.932013
1 63 -0.107791 0.126423 -0.986103 0.814141 -0.817748 0.552814 0.16026 -0.0459149 0.565392 0.823659 0.0437927 0.78497
1 64 0.258262 0.173409 -0.950385 0.849337 -0.773567 0.626412 -0.0959177 0.166783 0.578699 0.759958 0.295922 0.563508
1 65 0.492811 0.0743312 -0.866956 0.744022 -0.622774 0.725965 -0.291765 0.37879 0.607693 0.683702 0.404055 0.479556
1 66 0.675239 -0.0257844 -0.737149 0.605185 -0.41968 0.808418 -0.412711 0.535306 0.606565 0.588044 0.535053 0.362116
1 67 0.883705 -0.125615 -0.450872 0.460422 -0.172454 0.80815 -0.563164 0.614175 0.435115 0.575425 0.692503 0.242858
1 68 0.932913 -0.129554 -0.335989 0.345881 -0.100716 0.801931 -0.588866 0.577554 0.34573 0.583199 0.735085 0.188418
1 69 0.945689 -0.185739 -0.266783 0.178918 -0.00512879 0.812061 -0.58355 0.567906 0.325032 0.553224 0.767005 0.140785
1 70 0.978535 -0.199959 -0.0498428 0.0157745 0.145669 0.842243 -0.519044 0.582551 0.145767 0.500642 0.853293 0.0502959
1 71 0.928218 -0.318765 0.191828 -0.143306 0.372032 0.794156 -0.480529 0.477462 0.000834807 0.517401 0.855742 0.0304493
1 72 0.919593 -0.260396 0.294181 -0.221134 0.364661 0.844364 -0.39252 0.413211 -0.146184 0.468235 0.871428 0.03328
1 73 0.830699 -0.333768 0.445576 -0.364747 0.48594 0.825257 -0.287775 0.277929 -0.271664 0.455577 0.847731 0.0688178
1 74 0.753359 -0.423075 0.503447 -0.436874 0.563741 0.809673 -0.163169 0.153578 -0.338594 0.406738 0.84848 0.166657
1 75 0.640567 -0.413455 0.647094 -0.42214 0.632053 0.762444 -0.138522 -0.00489031 -0.4361 0.497729 0.749721 0.290738
1 76 0.661803 -0.457684 0.593753 -0.524903 0.563781 0.825884 0.00822029 -0.0225891 -0.494133 0.329306 0.804606 0.364688
1 77 0.570089 -0.4656 0.676916 -0.609828 0.634386 0.773012 -0.00257488 -0.0932366 -0.522065 0.430893 0.736056 0.44523
1 78 0.417881 -0.477403 0.772956 -0.63467 0.709983 0.702441 0.0500136 -0.147444 -0.566832 0.527885 0.632485 0.483496
1 79 0.284494 -0.482869 0.828191 -0.692691 0.746843 0.653273 0.124334 -0.202424 -0.601072 0.583157 0.54648 0.500219
1 80 0.0810817 -0.490687 0.867556 -0.734483 0.711716 0.637865 0.294258 -0.246718 -0.697772 0.593594 0.400949 0.619504
1 81 0.0146449 -0.505156 0.862904 -0.824205 0.658779 0.654085 0.371729 -0.384408 -0.752193 0.563019 0.342364 0.595454
1 82 -0.0259952 -0.494003 0.869072 -0.765954 0.476473 0.758138 0.445196 -0.349502 -0.878804 0.425661 0.21567 0.744926
1 83 0.0231924 -0.484533 0.874466 -0.761638 0.378884 0.81371 0.44082 -0.335544 -0.925153 0.321098 0.202454 0.720354
1 84 0.163932 -0.52652 0.834208 -0.752414 0.314725 0.82937 0.461619 -0.337238 -0.934919 0.186872 0.301669 0.596667
1 85 0.381407 -0.510219 0.770848 -0.739627 0.408688 0.841031 0.354458 -0.352867 -0.829158 0.179843 0.529295 0.378245
1 86 0.56382 -0.4431 0.696971 -0.672619 0.340911 0.89351 0.292266 -0.211406 -0.752254 0.0728199 0.654837 0.20292
1 87 0.68685 -0.379787 0.619677 -0.52927 0.336198 0.921931 0.19239 -0.125286 -0.644366 0.0761904 0.760912 0.0732109
1 88 0.838914 -0.292185 0.459185 -0.35568 0.279466 0.955218 0.0972415 -0.0750844 -0.467034 0.0467485 0.883003 -0.0270516
1 89 0.937182 -0.131633 0.323054 -0.227682 0.158168 0.985754 -0.0571863 -0.0349768 -0.310924 0.10469 0.944652 -0.114326
1 90 0.979239 -0.0555407 0.194953 -0.163065 0.109916 0.953555 -0.280446 0.032412 -0.170322 0.296052 0.939863 -0.252812
1 91 0.968604 -0.0460577 0.244305 -0.145148 0.163029 0.859569 -0.484317 0.223188 -0.18769 0.50894 0.840091 -0.209659
1 92 0.964145 -0.0246971 0.264221 -0.138497 0.174118 0.810247 -0.559628 0.353877 -0.200263 0.585569 0.785496 -0.115889
1 93 0.976747 -0.0416914 0.210301 -0.126322 0.158956 0.799054 -0.579868 0.402973 -0.143866 0.599812 0.7871 -0.144251
1 94 0.979851 -0.197781 0.0278091 0.00237715 0.192584 0.898704 -0.394007 0.289311 0.0529354 0.391423 0.918687 -0.189926
1 95 0.966791 -0.203913 -0.154058 0.15924 0.156347 0.948755 -0.274627 0.171764 0.202163 0.241419 0.94913 -0.201214
1 96 0.858169 -0.157836 -0.4885 0.34919 0.131944 0.98741 -0.0872442 0.0644652 0.496121 0.0104139 0.868192 -0.115955
1 97 0.748042 0.0529435 -0.661536 0.494535 -0.0266858 0.998406 0.0497276 -0.0821535 0.663114 -0.0195452 0.748263 0.00563761
1 98 0.609022 0.208647 -0.765218 0.606193 -0.0690855 0.975067 0.210881 -0.255732 0.790138 -0.0755658 0.608252 0.112155
1 99 0.467349 0.342114 -0.815195 0.654076 0.0442351 0.911886 0.408051 -0.383156 0.882966 -0.226763 0.411036 0.305215
1 100 0.275091 0.458901 -0.844829 0.638567 0.020408 0.875746 0.48234 -0.526852 0.961201 -0.149929 0.231545 0.445689
1 101 0.0529657 0.545387 -0.83651 0.604875 0.0911592 0.831546 0.547923 -0.576304 0.994426 -0.105277 -0.00567344 0.651756
1 102 -0.0818998 0.608827 -0.789065 0.554763 0.245228 0.779693 0.576144 -0.50829 0.966 -0.146315 -0.213159 0.810235
1 103 -0.220708 0.641708 -0.734506 0.530934 0.331094 0.757652 0.56244 -0.513463 0.917422 -0.119056 -0.379686 0.939749
1 104 -0.381308 0.632232 -0.674455 0.508957 0.318652 0.774751 0.546096 -0.560827 0.867792 -0.00668617 -0.496881 1.05756
1 105 -0.586958 0.437187 -0.68143 0.555054 0.0778244 0.86824 0.490003 -0.514388 0.805868 0.23458 -0.543645 1.06584
1 106 -0.706034 0.192275 -0.681577 0.61915 -0.19358 0.873383 0.44691 -0.466111 0.681207 0.447473 -0.579417 1.09478
1 107 -0.84728 0.0868144 -0.524002 0.549192 -0.17589 0.885028 0.431032 -0.363066 0.501176 0.457373 -0.734597 1.30542
1 108 -0.962258 0.162534 -0.218269 0.321442 0.0349123 0.869156 0.493303 -0.480893 0.269888 0.467065 -0.842028 1.41771
1 109 -0.997879 0.0613668 -0.0217233 0.205239 0.0394673 0.835686 0.547787 -0.555533 0.0517692 0.545769 -0.836336 1.43769
1 110 -0.988736 0.0320632 0.146186 0.130024 0.115744 0.783052 0.611091 -0.634358 -0.0948787 0.621129 -0.777944 1.45518
1 111 -0.939541 0.00551705 0.342392 -0.0675666 0.236258 0.734221 0.636475 -0.642625 -0.24788 0.678888 -0.691135 1.48202
1 112 -0.767088 -0.162778 0.620548 -0.583122 0.321364 0.739672 0.591279 -0.686106 -0.555248 0.652984 -0.515083 1.36095
1 113 -0.768508 -0.194185 0.609661 -0.516849 0.0562899 0.928621 0.366734 -0.237129 -0.637358 0.316157 -0.702724 1.48041
1 114 -0.744977 -0.199534 0.63655 -0.506134 -0.0500546 0.968248 0.244928 -0.151952 -0.66521 0.150604 -0.73131 1.43324
1 115 -0.657588 -0.171755 0.733539 -0.608276 -0.0935599 0.984747 0.146701 -0.12517 -0.747546 0.0278391 -0.663627 1.36694
1 116 -0.629584 -0.163558 0.759522 -0.58115 -0.150949 0.984712 0.0869256 -0.101836 -0.762127 -0.0599213 -0.644648 1.33183
1 117 -0.664559 -0.25773 0.701381 -0.444195 -0.212525 0.965063 0.153255 -0.190581 -0.716375 -0.0472133 -0.696116 1.29633
1 118 -0.573816 -0.279634 0.769766 -0.486843 -0.0397924 0.948312 0.314832 -0.313074 -0.818017 0.150025 -0.555285 1.1287
1 119 -0.253206 -0.383552 0.88813 -0.712056 0.177293 0.8841 0.432358 -0.412821 -0.951027 0.266935 -0.155859 0.878367
1 120 0.0138215 -0.47729 0.878637 -0.817442 0.324344 0.833347 0.447585 -0.403906 -0.945837 0.278795 0.166324 0.61074
1 121 0.098221 -0.401817 0.910437 -0.753629 0.399223 0.853927 0.333807 -0.278319 -0.911577 0.330681 0.244288 0.594739
1 122 0.240683 -0.387559 0.889871 -0.721216 0.590287 0.78623 0.182766 -0.296437 -0.770475 0.481291 0.418003 0.421904
1 123 0.384518 -0.344437 0.856452 -0.708957 0.695195 0.718447 -0.0231839 -0.218531 -0.607329 0.604315 0.515707 0.305386
1 124 0.476639 -0.399655 0.783001 -0.638201 0.764756 0.627766 -0.145112 -0.169539 -0.433547 0.667971 0.604857 0.145732
1 125 0.577553 -0.341009 0.741717 -0.540287 0.686903 0.693963 -0.215818 -0.0164622 -0.441129 0.634134 0.635042 0.132005
1 126 0.757027 -0.241703 0.607033 -0.479742 0.527209 0.774761 -0.348993 0.112836 -0.385953 0.58423 0.713943 0.108991
1 127 0.90809 0.0275515 0.417866 -0.368123 0.155441 0.904372 -0.397429 0.27147 -0.388856 0.425855 0.816969 0.0926159
1 128 0.938202 -0.00242787 0.34608 -0.361588 0.0769797 0.976389 -0.201839 0.270012 -0.337418 0.216006 0.916237 0.0557987
1 129 0.906587 -0.0215728 0.421465 -0.392134 -0.0141115 0.996584 0.0813641 0.188907 -0.42178 -0.0797119 0.903188 0.0127524
1 130 0.87514 -0.121671 0.468322 -0.423896 -0.0109048 0.962664 0.270478 0.0255024 -0.483746 -0.241814 0.841139 -0.0887154
1 131 0.870668 -0.213096 0.443312 -0.394953 -0.0375867 0.86982 0.491935 -0.161344 -0.490431 -0.444975 0.749316 -0.142227
1 132 0.915962 -0.0454962 0.398677 -0.322213 -0.190553 0.825056 0.53195 -0.30809 -0.353133 -0.563216 0.747051 -0.231946
1 133 0.940499 -0.0322421 0.338263 -0.276038 -0.202841 0.745386 0.635023 -0.429994 -0.272611 -0.665853 0.694495 -0.22242
1 134 0.942952 -0.0519608 0.32885 -0.260969 -0.222767 0.635584 0.739193 -0.464256 -0.247421 -0.770281 0.58775 -0.144446
1 135 0.936399 -0.0654987 0.34477 -0.268397 -0.221103 0.652806 0.724539 -0.409054 -0.272524 -0.754688 0.596806 -0.104618
1 136 0.92196 -0.075353 0.379883 -0.287654 -0.209598 0.727741 0.65304 -0.349876 -0.325665 -0.681699 0.655155 -0.00304809
1 137 0.918026 -0.0747792 0.389406 -0.320653 -0.189604 0.779721 0.596727 -0.339467 -0.34825 -0.621645 0.701627 0.0957401
1 138 0.926336 -0.0603093 0.371838 -0.342514 -0.192434 0.772823 0.604742 -0.311144 -0.323837 -0.63175 0.704288 0.191171
1 139 0.958307 -0.0309814 0.284057 -0.371864 -0.110102 0.877305 0.467133 -0.298435 -0.263676 -0.478932 0.837316 0.154687
1 140 0.958135 -0.0761795 0.275998 -0.345815 0.0123837 0.974079 0.225868 -0.184136 -0.28605 -0.212995 0.934243 0.121053
1 141 0.941218 -0.114558 0.317781 -0.342334 0.0661536 0.985034 0.15916 -0.0124057 -0.331257 -0.128783 0.93471 0.135524
1 142 0.854528 -0.131936 0.502369 -0.398504 0.199946 0.976223 -0.0837259 0.0301799 -0.479378 0.171992 0.86059 0.196656
1 143 0.683904 -0.220945 0.695312 -0.532747 0.314699 0.949158 -0.00792943 0.0104073 -0.658209 0.224238 0.718665 0.359059
1 144 0.509776 -0.237554 0.826859 -0.647029 0.349651 0.935371 0.0531624 0.0153673 -0.786048 0.26201 0.559891 0.515579
1 145 0.240656 -0.305617 0.921241 -0.727783 0.454787 0.874002 0.171142 -0.056405 -0.857469 0.377782 0.349324 0.659827
1 146 -0.109356 -0.324108 0.939678 -0.679313 0.521484 0.786095 0.331823 -0.258061 -0.846224 0.526315 0.0830523 0.891544
1 147 -0.33385 -0.244672 0.910319 -0.624879 0.523215 0.7552 0.394864 -0.335575 -0.784085 0.608118 -0.124109 1.12774
1 148 -0.481769 -0.263958 0.835598 -0.511629 0.469407 0.727472 0.500441 -0.365695 -0.739969 0.633333 -0.226571 1.258
1 149 -0.608903 -0.285244 0.740185 -0.335872 0.441814 0.653026 0.615107 -0.509173 -0.658815 0.701565 -0.271606 1.32068
1 150 -0.641326 -0.287861 0.711222 -0.288577 0.419663 0.644405 0.639236 -0.525829 -0.642326 0.708433 -0.29247 1.34945
1 151 -0.643619 -0.285031 0.71029 -0.291129 0.415864 0.64886 0.63721 -0.517227 -0.642503 0.705505 -0.299085 1.35247
1 152 -0.639875 -0.268187 0.720163 -0.302105 0.430084 0.651646 0.624808 -0.522897 -0.636856 0.70953 -0.30163 1.35766
1 153 -0.642514 -0.269334 0.717382 -0.300859 0.423235 0.6557 0.625242 -0.513868 -0.638786 0.705347 -0.307305 1.36389
1 154 -0.632756 -0.272941 0.724654 -0.323939 0.438383 0.645145 0.625785 -0.537598 -0.638309 0.713646 -0.288568 1.34336
1 155 -0.62937 -0.279198 0.725219 -0.331777 0.441114 0.639954 0.629187 -0.546878 -0.639775 0.715896 -0.27961 1.33014
1 156 -0.628794 -0.287135 0.722615 -0.335954 0.439674 0.635198 0.634988 -0.552246 -0.641331 0.716991 -0.273163 1.32415
1 157 -0.619918 -0.299112 0.725419 -0.353703 0.436382 0.636916 0.635538 -0.547892 -0.652127 0.710543 -0.264309 1.32397
1 158 -0.620399 -0.301002 0.724225 -0.345251 0.442528 0.628035 0.64011 -0.562371 -0.647514 0.717614 -0.256431 1.31829
1 159 -0.621881 -0.310845 0.718777 -0.340257 0.436759 0.624166 0.64781 -0.563436 -0.650003 0.716793 -0.252393 1.31109
1 160 -0.617965 -0.305523 0.724414 -0.34503 0.442573 0.626368 0.64171 -0.560428 -0.649806 0.717161 -0.251857 1.30676
2 3 0.983211 0.0753522 -0.166185 0.230375 -0.0736791 0.99715 0.0162206 0.0100855 0.166933 -0.00370455 0.985962 0.038164
2 4 0.918546 0.22075 -0.327937 0.397806 -0.198893 0.974986 0.0992149 -0.00747745 0.341635 -0.0259092 0.939475 0.0990543
2 5 0.842806 0.277375 -0.46124 0.502644 -0.255601 0.960443 0.110532 -0.0531281 0.473653 0.024736 0.880364 0.239052
2 6 0.769759 0.315163 -0.555107 0.602453 -0.313777 0.944118 0.100916 -0.132877 0.555892 0.0964984 0.825634 0.358032
2 7 0.623938 0.454833 -0.635475 0.649263 -0.360702 0.888987 0.282129 -0.150562 0.693251 0.0531866 0.718732 0.450377
2 8 0.512086 0.460541 -0.725031 0.730318 -0.372569 0.87966 0.295619 -0.156047 0.773926 0.118741 0.622044 0.531535
2 9 0.43718 0.457346 -0.774408 0.85088 -0.360021 0.878047 0.315308 -0.189881 0.824171 0.140955 0.548518 0.625897
2 10 0.237721 0.510963 -0.826078 0.856754 -0.345488 0.839322 0.419733 -0.197831 0.907815 0.18562 0.376056 0.71979
2 11 0.0270901 0.475073 -0.879529 0.798357 -0.338525 0.832224 0.439095 -0.192803 0.940567 0.285847 0.183369 0.853649
2 12 -0.186922 0.479339 -0.857493 0.78602 -0.31166 0.798851 0.514495 -0.267856 0.931627 0.363416 6.69494e-05 1.05881
2 13 -0.336841 0.455964 -0.823793 0.781901 -0.279919 0.78687 0.549983 -0.296651 0.898991 0.415852 -0.137417 1.18204
2 14 -0.486932 0.435495 -0.757127 0.747813 -0.252126 0.759852 0.599213 -0.336429 0.836259 0.482667 -0.260199 1.27516
2 15 -0.683912 0.354494 -0.63765 0.577755 -0.219203 0.733786 0.643045 -0.42059 0.695855 0.579562 -0.424139 1.45712
2 16 -0.792811 0.270484 -0.546157 0.508203 -0.185563 0.74645 0.639045 -0.399474 0.580532 0.607989 -0.541603 1.60979
2 17 -0.897032 0.219535 -0.383585 0.377077 -0.119724 0.714754 0.689052 -0.482345 0.42544 0.664026 -0.614874 1.69364
2 18 -0.964738 0.123526 -0.232429 0.19552 -0.0726287 0.723833 0.686143 -0.476383 0.252996 0.678828 -0.689337 1.82287
2 19 -0.985238 0.082605 -0.14994 0.17465 -0.0456742 0.717281 0.695285 -0.524475 0.164982 0.691871 -0.70292 1.91587
2 20 -0.985088 0.162774 -0.0557502 0.22244 0.0809327 0.724308 0.68471 -0.491977 0.151833 0.669987 -0.726681 1.91197
2 21 -0.996579 0.0810064 0.016414 0.107835 0.0688759 0.704149 0.706703 -0.559569 0.0456896 0.705415 -0.707321 1.88873
2 22 -0.994112 0.0141535 0.107427 0.0336346 0.0873758 0.691038 0.717517 -0.601902 -0.0640812 0.722679 -0.688207 1.83938
2 23 -0.984137 -0.0522183 0.169552 0.0263604 0.0912877 0.670423 0.736341 -0.651119 -0.152122 0.740138 -0.655022 1.72608
