0 1 0.999909 0.0103209 -0.0086003 0.0234764 -0.0102902 0.999941 0.00362594 -0.0012301 0.00863719 -0.00353672 0.999956 0.00714734
0 2 0.999487 0.0137552 -0.0289077 0.0973113 -0.0136095 0.999894 0.0052347 -0.0175427 0.0289766 -0.00483897 0.999568 0.0285024
0 3 0.999385 0.00408416 -0.034817 0.159062 -0.00386181 0.999972 0.00645434 -0.0179675 0.0348423 -0.00631631 0.999372 0.0403564
0 4 0.994397 0.0372647 -0.098921 0.237855 -0.0372584 0.999304 0.0019111 -0.0155519 0.0989231 0.00178515 0.995093 0.0506787
0 5 0.992502 0.0541755 -0.109562 0.393684 -0.0554485 0.998425 -0.00860522 -0.023012 0.108924 0.0146153 0.993943 0.058599
0 6 0.986447 0.0631466 -0.151445 0.565399 -0.0615563 0.997989 0.0151704 -0.0294305 0.152098 -0.00564246 0.988349 0.119663
0 7 0.982055 0.0613501 -0.178332 0.767748 -0.0647245 0.997817 -0.0131612 -0.0804846 0.177135 0.0244668 0.983882 0.14358
0 8 0.979391 0.0791992 -0.185796 0.932688 -0.0823675 0.996558 -0.00938502 -0.0710965 0.184414 0.024495 0.982543 0.033825
0 9 0.964701 0.115013 -0.236905 1.04725 -0.121448 0.992517 -0.0126981 -0.0315143 0.233671 0.0410212 0.97145 -0.0625578
0 10 0.941137 0.158911 -0.298344 1.18033 -0.153802 0.987264 0.0406856 -0.0162296 0.30101 0.00759504 0.95359 -0.129141
0 11 0.901009 0.204871 -0.382376 1.32 -0.193171 0.978722 0.069207 -0.00123212 0.388418 0.0115074 0.921411 -0.136554
0 12 0.854329 0.258148 -0.451087 1.45664 -0.250836 0.964951 0.0771545 -0.0068336 0.455194 0.0472326 0.889138 -0.182053
0 13 0.802763 0.275186 -0.529003 1.58755 -0.288269 0.955687 0.0596961 -0.00189406 0.52199 0.104574 0.846518 -0.163343
0 14 0.729366 0.326764 -0.601041 1.74229 -0.311969 0.940755 0.132877 -0.136831 0.608851 0.0905909 0.788094 -0.0925799
0 15 0.718311 0.325996 -0.614618 1.87811 -0.295942 0.942688 0.154133 -0.159384 0.62964 0.0711758 0.77362 -0.124765
0 16 0.67928 0.359096 -0.640021 1.96615 -0.33676 0.927391 0.162912 -0.255371 0.65205 0.10487 0.750887 -0.0626932
0 17 0.681171 0.344591 -0.645958 2.11502 -0.329015 0.932274 0.150378 -0.218558 0.65403 0.110097 0.748414 0.0201324
0 18 0.657271 0.309999 -0.686946 2.22963 -0.307436 0.942487 0.13116 -0.148256 0.688096 0.124984 0.714773 0.211954
0 19 0.650643 0.330386 -0.683746 2.36553 -0.312981 0.937036 0.154946 -0.217306 0.691886 0.113185 0.713079 0.331968
0 20 0.61439 0.373985 -0.694737 2.45213 -0.360657 0.91627 0.17429 -0.377486 0.701748 0.14348 0.697827 0.458897
0 21 0.55815 0.41021 -0.721247 2.53575 -0.387979 0.897391 0.210147 -0.505463 0.733444 0.162535 0.66003 0.61872
0 22 0.447504 0.449427 -0.773147 2.51731 -0.423503 0.867958 0.259412 -0.667197 0.787646 0.211343 0.578747 0.916695
0 23 0.369716 0.444785 -0.815767 2.55362 -0.422562 0.862417 0.278709 -0.703458 0.827497 0.241669 0.506798 1.17986
0 24 0.301859 0.460654 -0.834673 2.60255 -0.445218 0.842294 0.303846 -0.842602 0.843007 0.279892 0.459345 1.3938
0 25 0.235709 0.469178 -0.851066 2.62748 -0.446919 0.829976 0.333773 -0.92243 0.862962 0.301685 0.405317 1.57317
0 26 0.16973 0.46707 -0.867777 2.66957 -0.483593 0.80672 0.339619 -1.04754 0.858679 0.362007 0.362796 1.69694
0 27 0.0900451 0.472671 -0.876626 2.64308 -0.450362 0.804393 0.387462 -1.05273 0.888294 0.35991 0.285304 1.96303
0 28 0.00352959 0.483171 -0.875519 2.62727 -0.477396 0.770126 0.423083 -1.26902 0.878681 0.416476 0.233382 2.16551
0 29 -0.0977883 0.48059 -0.871477 2.48713 -0.451253 0.75907 0.469236 -1.33446 0.887022 0.439143 0.142639 2.45197
0 30 -0.15223 0.500021 -0.852528 2.44649 -0.474625 0.719627 0.506823 -1.54756 0.866923 0.481785 0.127773 2.48522
0 31 -0.238634 0.486369 -0.840535 2.24109 -0.449137 0.71213 0.539581 -1.58152 0.861005 0.506278 0.0485071 2.72802
0 32 -0.31517 0.475044 -0.821585 2.08849 -0.452065 0.686034 0.570084 -1.74828 0.834449 0.551083 -0.00146694 2.89506
0 33 -0.341066 0.460905 -0.819293 2.1467 -0.43215 0.697119 0.572076 -1.71815 0.834816 0.549174 -0.0385834 3.05649
0 34 -0.411229 0.447035 -0.794386 2.04945 -0.392512 0.699707 0.596946 -1.67434 0.822693 0.557288 -0.112273 3.26014
0 35 -0.388561 0.442636 -0.808142 2.32872 -0.417742 0.69712 0.58268 -1.69403 0.821287 0.564002 -0.0859667 3.18529
0 36 -0.398813 0.430279 -0.80982 2.4847 -0.441619 0.683827 0.58082 -1.80713 0.803691 0.589271 -0.0826994 3.19369
0 37 -0.493756 0.426684 -0.757724 2.2256 -0.391569 0.668922 0.631836 -1.90591 0.776452 0.608675 -0.163208 3.44846
0 38 -0.632748 0.423387 -0.648361 1.64598 -0.324519 0.61523 0.718455 -2.14034 0.703075 0.665008 -0.251889 3.62706
0 39 -0.722625 0.380042 -0.577391 1.21507 -0.324923 0.550511 0.769001 -2.42007 0.610112 0.743308 -0.27433 3.56211
0 40 -0.788732 0.358056 -0.499698 0.889513 -0.253367 0.551269 0.794926 -2.32845 0.560095 0.753591 -0.344083 3.65692
0 41 -0.866476 0.2718 -0.418741 0.434221 -0.215803 0.552442 0.805131 -2.27849 0.450164 0.787994 -0.420023 3.69179
0 42 -0.938204 0.199261 -0.28296 -0.198779 -0.136566 0.538107 0.831739 -2.21662 0.317996 0.818985 -0.477642 3.63038
0 43 -0.971437 0.138927 -0.192381 -0.571656 -0.0951044 0.514818 0.852008 -2.23924 0.217407 0.845968 -0.4869 3.45702
0 44 -0.970085 0.12831 -0.206081 -0.428784 -0.11403 0.508588 0.853426 -2.28876 0.214314 0.851397 -0.478743 3.35679
0 45 -0.944593 0.118058 -0.306279 0.0603271 -0.199858 0.533329 0.821959 -2.25119 0.260385 0.83763 -0.480184 3.33453
0 46 -0.889132 0.172044 -0.42408 0.698701 -0.272042 0.54647 0.792062 -2.17795 0.368018 0.819617 -0.439081 3.19512
0 47 -0.803687 0.225377 -0.550719 1.36357 -0.369045 0.537225 0.758416 -2.14984 0.46679 0.81277 -0.348586 2.85405
0 48 -0.732297 0.255151 -0.631379 1.79536 -0.447433 0.518668 0.728552 -2.15197 0.513366 0.816016 -0.265656 2.55997
0 49 -0.655228 0.30056 -0.693066 2.18456 -0.490496 0.528487 0.692904 -2.05556 0.574535 0.793957 -0.198856 2.33059
0 50 -0.565797 0.339588 -0.751368 2.5749 -0.509302 0.572706 0.642354 -1.82311 0.648449 0.746116 -0.151082 2.14995
0 51 -0.496861 0.384389 -0.778058 2.84873 -0.492984 0.612834 0.617577 -1.65079 0.71421 0.69042 -0.114996 1.98103
0 52 -0.538909 0.397118 -0.742883 2.80751 -0.45046 0.609353 0.652514 -1.72444 0.711802 0.686286 -0.1495 2.10074
0 53 -0.602307 0.388613 -0.697285 2.69994 -0.412779 0.596033 0.688737 -1.8435 0.683256 0.702656 -0.198584 2.32398
0 54 -0.718503 0.365213 -0.591922 2.31399 -0.350249 0.545274 0.761579 -2.13267 0.600897 0.754518 -0.263866 2.6075
0 55 -0.806117 0.334082 -0.488429 1.952 -0.291475 0.494155 0.819056 -2.39657 0.514991 0.802621 -0.300971 2.77976
0 56 -0.865627 0.282058 -0.413683 1.65721 -0.249269 0.473783 0.844627 -2.4999 0.434229 0.834251 -0.339811 2.95629
0 57 -0.933744 0.201482 -0.295848 1.13508 -0.183821 0.439286 0.879339 -2.68658 0.307133 0.875462 -0.373144 3.08346
0 58 -0.932757 0.192551 -0.304774 1.26113 -0.191983 0.450245 0.872021 -2.62682 0.305131 0.871897 -0.383004 3.0451
0 59 -0.958379 0.166364 -0.232019 0.976108 -0.146502 0.410957 0.899806 -2.69698 0.245046 0.896347 -0.369479 2.90506
0 60 -0.980192 0.123253 -0.155021 0.625091 -0.0937819 0.400563 0.911457 -2.68669 0.174435 0.907942 -0.381071 2.90225
0 61 -0.995913 0.0634922 -0.0642292 0.219918 -0.0341885 0.393212 0.918812 -2.69045 0.083593 0.917254 -0.389434 2.89747
0 62 -0.999905 0.0125088 0.00564798 -0.118318 0.00975816 0.358553 0.933458 -2.7592 0.00965125 0.933426 -0.358641 2.73327
0 63 -0.996635 0.00280867 -0.0819148 0.173418 -0.0767045 0.320252 0.944222 -2.7984 0.0288852 0.947328 -0.318958 2.49949
0 64 -0.959378 0.0387838 -0.279445 0.923685 -0.250526 0.33836 0.907054 -2.63046 0.129732 0.940218 -0.3149 2.4136
0 65 -0.877676 0.146755 -0.45623 1.72922 -0.386979 0.344566 0.85529 -2.46644 0.282719 0.92722 -0.245626 2.14119
0 66 -0.759233 0.216877 -0.613619 2.43052 -0.499997 0.409179 0.763267 -2.05538 0.416614 0.886306 -0.202224 1.91144
0 67 -0.546356 0.287759 -0.786569 3.21717 -0.61431 0.500678 0.609872 -1.36457 0.569313 0.816405 -0.0967749 1.38076
0 68 -0.385201 0.355614 -0.851562 3.58809 -0.653965 0.54588 0.523779 -0.953022 0.651113 0.758653 0.0222852 0.806381
0 69 -0.109036 0.438933 -0.891879 3.77885 -0.715055 0.588631 0.377109 -0.338731 0.690513 0.678861 0.249679 -0.170898
0 70 0.130273 0.448237 -0.884371 3.70224 -0.649728 0.712353 0.265342 0.216308 0.74892 0.540035 0.384032 -0.852224
0 71 0.0765795 0.47469 -0.876815 3.75814 -0.638092 0.699061 0.322727 -0.0111801 0.766142 0.534775 0.35643 -0.747514
0 72 0.0248668 0.481235 -0.876239 3.87213 -0.630454 0.687781 0.35984 -0.184421 0.775828 0.543481 0.320499 -0.556175
0 73 -0.126842 0.490648 -0.862076 3.91676 -0.5633 0.679729 0.469746 -0.633349 0.816458 0.545192 0.190164 0.0127321
0 74 -0.216968 0.487794 -0.845566 3.90225 -0.528719 0.669426 0.521848 -0.859292 0.820597 0.560292 0.112662 0.376422
0 75 -0.357521 0.476641 -0.803114 3.84556 -0.50198 0.627085 0.595634 -1.22756 0.787524 0.616099 0.0150677 0.866441
0 76 -0.445609 0.449697 -0.774084 3.82739 -0.473147 0.615737 0.630078 -1.39507 0.759976 0.647025 -0.0616056 1.28537
0 77 -0.563618 0.404874 -0.720008 3.6873 -0.432946 0.597537 0.674913 -1.66197 0.703486 0.692117 -0.161495 1.8578
0 78 -0.684055 0.357538 -0.635795 3.36935 -0.373771 0.576692 0.726444 -1.94556 0.626389 0.73457 -0.260852 2.40641
0 79 -0.80742 0.300984 -0.507427 2.85941 -0.27697 0.566032 0.776463 -2.20139 0.520923 0.767474 -0.373662 2.9835
0 80 -0.866401 0.266352 -0.422381 2.56438 -0.23055 0.536942 0.811505 -2.42053 0.44294 0.800469 -0.4038 3.21415
0 81 -0.940441 0.183585 -0.286122 1.99437 -0.135662 0.569059 0.811028 -2.39005 0.311713 0.801541 -0.510262 3.75088
0 82 -0.97809 0.0962597 -0.18459 1.54508 -0.0933405 0.589787 0.802145 -2.30757 0.186083 0.801801 -0.567881 4.03851
0 83 -0.998349 0.0537723 -0.0201789 0.882008 0.0168843 0.6106 0.79176 -2.22027 0.0548959 0.790112 -0.610499 4.24799
0 84 -0.976431 -0.0963229 0.193143 -0.207613 0.109378 0.550616 0.827561 -2.54518 -0.186061 0.829183 -0.527103 4.09
0 85 -0.932072 -0.192101 0.307146 -0.791016 0.165153 0.529286 0.832214 -2.64927 -0.322437 0.82641 -0.461607 3.87454
0 86 -0.864988 -0.232501 0.444677 -1.39542 0.260918 0.548562 0.794356 -2.4842 -0.428621 0.803134 -0.413836 3.64967
0 87 -0.796367 -0.303973 0.522877 -1.80593 0.316898 0.526641 0.788813 -2.54178 -0.515146 0.793883 -0.32307 3.29019
0 88 -0.718939 -0.324737 0.614551 -2.14519 0.389231 0.54443 0.74303 -2.43411 -0.575869 0.773397 -0.265015 3.09399
0 89 -0.664956 -0.365917 0.651105 -2.30973 0.410797 0.548874 0.728 -2.40205 -0.623761 0.75156 -0.214659 2.91687
0 90 -0.57863 -0.354365 0.734584 -2.60969 0.494611 0.563685 0.661527 -2.24405 -0.648496 0.746114 -0.150893 2.68029
0 91 -0.520685 -0.370948 0.768951 -2.7338 0.50929 0.587916 0.628473 -2.12046 -0.685208 0.718856 -0.117199 2.5593
0 92 -0.496383 -0.384324 0.778396 -2.68427 0.509636 0.596869 0.619692 -2.13771 -0.702763 0.704303 -0.10041 2.55959
0 93 -0.523496 -0.367151 0.768864 -2.44946 0.471921 0.626385 0.620429 -2.08269 -0.709396 0.687636 -0.154643 2.80998
0 94 -0.545974 -0.365437 0.753902 -2.22041 0.44814 0.632921 0.631334 -2.06765 -0.707872 0.682545 -0.181791 2.88881
0 95 -0.528983 -0.353254 0.771614 -2.13113 0.456657 0.64789 0.609674 -1.97523 -0.71529 0.674871 -0.181407 2.86929
0 96 -0.510507 -0.379565 0.771565 -2.07326 0.467975 0.630131 0.619623 -2.0559 -0.721375 0.677396 -0.144059 2.7506
0 97 -0.422103 -0.392838 0.817011 -2.27419 0.488914 0.660287 0.570074 -1.93321 -0.763408 0.640079 -0.0866454 2.64093
0 98 -0.330467 -0.420366 0.845035 -2.47848 0.523752 0.663151 0.534709 -1.93279 -0.78516 0.619293 0.00101752 2.41466
0 99 -0.221877 -0.421156 0.879431 -2.69615 0.535181 0.701321 0.470883 -1.73775 -0.815077 0.575133 0.0697866 2.22201
0 100 -0.147192 -0.373626 0.915827 -2.77098 0.549024 0.739315 0.389854 -1.50071 -0.822743 0.560195 0.096308 2.1779
0 101 -0.0562977 -0.395111 0.916906 -2.91711 0.527659 0.767856 0.36328 -1.36983 -0.847588 0.504266 0.165255 2.0216
0 102 0.0168439 -0.398394 0.91706 -2.9993 0.519537 0.787137 0.332409 -1.295 -0.854282 0.470848 0.220239 1.91288
0 103 0.0380753 -0.393395 0.91858 -2.94798 0.487729 0.809632 0.32652 -1.21167 -0.872164 0.435587 0.222697 1.97111
0 104 0.1092 -0.384203 0.916767 -2.98981 0.482878 0.826652 0.288919 -1.10237 -0.868851 0.411137 0.275794 1.81149
0 105 0.166443 -0.361297 0.917475 -3.01434 0.474317 0.845071 0.246737 -0.969843 -0.864477 0.394106 0.312025 1.71285
0 106 0.309866 -0.333617 0.890327 -3.21861 0.406615 0.892963 0.193087 -0.647906 -0.859445 0.30219 0.412352 1.42998
0 107 0.338348 -0.333792 0.879831 -3.1644 0.419667 0.890372 0.176404 -0.720983 -0.842259 0.30955 0.441337 1.39841
0 108 0.379141 -0.321178 0.867812 -3.13632 0.41307 0.897949 0.151863 -0.68181 -0.828025 0.300889 0.473117 1.30967
0 109 0.453404 -0.257027 0.853441 -3.13084 0.370672 0.925163 0.0817016 -0.42503 -0.810571 0.279303 0.514746 1.17764
0 110 0.498983 -0.25178 0.829229 -3.07934 0.367672 0.927985 0.0605205 -0.399593 -0.78475 0.274686 0.555621 1.04047
0 111 0.561331 -0.215184 0.799126 -3.00648 0.296168 0.953888 0.048818 -0.220636 -0.772782 0.209272 0.599177 0.936207
0 112 0.554287 -0.230191 0.79986 -2.84133 0.234544 0.965249 0.115253 -0.215669 -0.798595 0.12372 0.589015 1.02686
0 113 0.613656 -0.22062 0.758125 -2.76072 0.23861 0.967094 0.0882903 -0.211725 -0.752656 0.126718 0.646104 0.820365
0 114 0.675067 -0.209911 0.707264 -2.68472 0.238482 0.969289 0.0600506 -0.191673 -0.698148 0.128131 0.704394 0.601503
0 115 0.707265 -0.196192 0.67918 -2.57124 0.206315 0.97618 0.0671373 -0.165786 -0.676173 0.0926416 0.730894 0.547241
0 116 0.751091 -0.172513 0.63726 -2.49446 0.184672 0.981624 0.0480755 -0.145789 -0.633844 0.0815743 0.769147 0.466916
0 117 0.785626 -0.17509 0.593409 -2.39516 0.180025 0.982313 0.0515005 -0.170517 -0.591931 0.0663689 0.80325 0.346606
0 118 0.838345 -0.102828 0.535354 -2.28156 0.126921 0.991879 -0.00824031 -0.0118571 -0.530159 0.074856 0.844588 0.18371
0 119 0.906673 -0.0699545 0.415993 -2.16926 0.0720067 0.997346 0.0107756 0.0724072 -0.415643 0.0201846 0.909304 -0.10352
0 120 0.952656 0.0234094 0.303147 -2.01487 0.00238981 0.996425 -0.0844569 0.25458 -0.30404 0.081182 0.949194 -0.349169
0 121 0.967418 0.0858472 0.238186 -1.81509 -0.0697898 0.994734 -0.0750647 0.372999 -0.243375 0.0559961 0.968314 -0.518478
0 122 0.98138 0.136508 0.135119 -1.58531 -0.123484 0.987242 -0.100524 0.479962 -0.147118 0.0819665 0.985717 -0.730518
0 123 0.974121 0.225972 -0.00498324 -1.29289 -0.225425 0.969679 -0.0943811 0.57969 -0.0164956 0.093061 0.995523 -0.937167
0 124 0.961989 0.259041 -0.0864452 -1.04947 -0.265926 0.960603 -0.0807809 0.606174 0.0621133 0.100697 0.992976 -1.06365
0 125 0.949816 0.283477 -0.132253 -0.834886 -0.295815 0.951446 -0.0851186 0.65737 0.101703 0.119969 0.987554 -1.16847
0 126 0.918602 0.334433 -0.210533 -0.591345 -0.358353 0.929522 -0.0870228 0.725621 0.166592 0.155384 0.973705 -1.26252
0 127 0.865763 0.410239 -0.286632 -0.308894 -0.443375 0.894385 -0.0591244 0.750674 0.232104 0.178273 0.956214 -1.33865
0 128 0.865191 0.397662 -0.305466 -0.162124 -0.434501 0.898616 -0.0608294 0.752474 0.250307 0.185354 0.950258 -1.41567
0 129 0.904284 0.35199 -0.241607 -0.180162 -0.38173 0.920042 -0.088357 0.763062 0.191188 0.172128 0.966342 -1.48834
0 130 0.943238 0.27361 -0.188256 -0.206156 -0.298497 0.94692 -0.119344 0.7249 0.14561 0.168763 0.974842 -1.4981
0 131 0.951578 0.261288 -0.161952 -0.15038 -0.280755 0.953261 -0.111668 0.634336 0.125205 0.15173 0.98046 -1.44763
0 132 0.966864 0.232756 -0.104871 -0.130749 -0.244259 0.96288 -0.1149 0.563568 0.0742344 0.136708 0.987826 -1.37761
0 133 0.970582 0.216208 -0.105942 -0.00877393 -0.227547 0.96752 -0.110127 0.526683 0.0786904 0.130995 0.988255 -1.34822
0 134 0.9639 0.22078 -0.148831 0.169898 -0.232325 0.970462 -0.0650399 0.453506 0.130074 0.0972686 0.986721 -1.32946
0 135 0.968886 0.204233 -0.139815 0.24884 -0.204005 0.978838 0.0161127 0.343886 0.140146 0.0129102 0.990046 -1.31345
0 136 0.96549 0.21518 -0.146717 0.371451 -0.210824 0.976497 0.0448051 0.277633 0.15291 -0.0123281 0.988163 -1.2495
0 137 0.9777 0.186152 -0.0972087 0.432066 -0.183246 0.982329 0.0380829 0.233617 0.10258 -0.0194217 0.994535 -1.19154
0 138 0.994709 0.101713 -0.0143926 0.425832 -0.101293 0.99448 0.0274075 0.243547 0.0171008 -0.0258057 0.99952 -1.2023
0 139 0.996201 0.0350766 0.0797047 0.412494 -0.0389317 0.998121 0.0473396 0.238632 -0.0778943 -0.050263 0.995694 -1.23674
0 140 0.982786 -0.065322 0.172811 0.323284 0.0454155 0.992124 0.116738 0.199977 -0.179075 -0.106881 0.978012 -1.27563
0 141 0.95268 -0.203533 0.225777 0.206264 0.172287 0.973468 0.150585 0.196643 -0.250436 -0.104562 0.962469 -1.2598
0 142 0.94646 -0.276923 0.165911 0.18966 0.253083 0.955559 0.151183 0.181219 -0.200403 -0.101099 0.974483 -1.16385
0 143 0.960374 -0.266934 0.0801728 0.197775 0.254975 0.957611 0.134052 0.148525 -0.112557 -0.108298 0.987725 -1.04435
0 144 0.988575 -0.147689 -0.0301223 0.251368 0.149939 0.983987 0.0963775 0.123017 0.0154058 -0.099794 0.994888 -0.933084
0 145 0.988137 0.0535064 -0.14395 0.359127 -0.0428828 0.996191 0.0759206 0.0953039 0.147465 -0.0688471 0.986668 -0.812383
0 146 0.980229 0.0984646 -0.171629 0.421936 -0.0905544 0.994462 0.0533424 0.0993414 0.175931 -0.0367463 0.983716 -0.692359
0 147 0.954565 0.191358 -0.228446 0.456239 -0.167732 0.978639 0.118886 0.0124158 0.246315 -0.0751673 0.96627 -0.54846
0 148 0.933502 0.21928 -0.283705 0.518438 -0.186864 0.972784 0.137018 -0.0646477 0.306028 -0.0748928 0.949071 -0.347011
0 149 0.896229 0.279947 -0.344096 0.610499 -0.239663 0.958331 0.155448 -0.135068 0.373275 -0.0568515 0.925977 -0.211551
0 150 0.900921 0.319429 -0.293776 0.799421 -0.297103 0.947401 0.119005 -0.218289 0.316337 -0.0199328 0.948437 -0.201323
0 151 0.905672 0.298102 -0.301483 0.967059 -0.287805 0.954415 0.079128 -0.222253 0.311327 0.0151044 0.950183 -0.18057
0 152 0.87369 0.321216 -0.365357 1.14925 -0.329097 0.943344 0.0423915 -0.314865 0.358274 0.0832007 0.929901 -0.0768215
0 153 0.854854 0.358957 -0.374668 1.32365 -0.363719 0.929531 0.0606783 -0.419248 0.370046 0.0844018 0.925171 -0.0098941
0 154 0.845772 0.379495 -0.375039 1.48203 -0.37034 0.923567 0.0993653 -0.471044 0.384082 0.0548514 0.921667 0.0049732
0 155 0.80498 0.408827 -0.429964 1.55091 -0.390203 0.910718 0.135407 -0.527837 0.446934 0.058773 0.892634 0.0933679
0 156 0.758766 0.43556 -0.484314 1.5276 -0.392537 0.899123 0.193628 -0.575796 0.519795 0.0431925 0.853198 0.234242
0 157 0.761366 0.413731 -0.499148 1.55418 -0.340329 0.910351 0.235452 -0.533057 0.551813 -0.00939163 0.833914 0.307785
0 158 0.769303 0.363946 -0.525087 1.53915 -0.27681 0.930608 0.239466 -0.446811 0.575804 -0.0388718 0.816663 0.346664
0 159 0.793674 0.368645 -0.483925 1.49374 -0.262469 0.925137 0.274284 -0.40973 0.54881 -0.090677 0.831014 0.25417
0 160 0.780879 0.384648 -0.492213 1.43069 -0.258496 0.916284 0.305949 -0.388355 0.56869 -0.111673 0.814936 0.258031
0 161 0.801056 0.346398 -0.488177 1.43341 -0.242393 0.933406 0.264574 -0.330177 0.547315 -0.0936086 0.831675 0.182391
0 162 0.827237 0.356057 -0.434628 1.39688 -0.261834 0.928733 0.262484 -0.351487 0.497113 -0.103336 0.86151 0.0657537
0 163 0.866567 0.319511 -0.38337 1.30739 -0.241884 0.940826 0.237355 -0.289113 0.436523 -0.112953 0.892574 -0.0534034
0 164 0.882914 0.283437 -0.374334 1.21782 -0.229645 0.956058 0.182259 -0.230016 0.409544 -0.0749554 0.909205 -0.139266
0 165 0.901057 0.264966 -0.34335 1.1224 -0.21509 0.960469 0.176739 -0.158979 0.376607 -0.0854009 0.922428 -0.29881
0 166 0.904538 0.249989 -0.345421 0.969943 -0.197221 0.96353 0.180872 -0.082768 0.378039 -0.0954822 0.920853 -0.406073
0 167 0.917066 0.265818 -0.297206 0.830377 -0.21619 0.957777 0.189544 -0.0941455 0.33504 -0.109571 0.935811 -0.482036
0 168 0.938369 0.22017 -0.266436 0.693786 -0.172013 0.966099 0.192518 -0.0480403 0.29979 -0.134823 0.94443 -0.527029
0 169 0.975366 0.151296 -0.160529 0.55434 -0.129354 0.981759 0.139343 -0.00569564 0.178682 -0.115145 0.977145 -0.616958
0 170 0.987886 0.085466 -0.12952 0.417718 -0.0639214 0.984683 0.162214 0.0372733 0.141401 -0.151971 0.978218 -0.699792
0 171 0.991801 0.0463775 -0.119076 0.307696 -0.0255307 0.984946 0.170967 0.0546625 0.125212 -0.166526 0.978054 -0.737633
0 172 0.983979 0.0973456 -0.149364 0.278288 -0.0693724 0.980809 0.182214 0.034607 0.164235 -0.168934 0.971848 -0.70614
1 2 0.999788 0.00336482 -0.0203223 0.0739892 -0.00333332 0.999993 0.00158013 -0.0162457 0.0203274 -0.0015129 0.999792 0.0208775
1 3 0.999637 -0.00632606 -0.026198 0.135774 0.0064038 0.999975 0.00288371 -0.0169087 0.0261791 -0.00305121 0.999653 0.0325935
1 4 0.995543 0.0266714 -0.0904597 0.215163 -0.0269576 0.999634 -0.00194548 -0.0136758 0.0903745 0.00437485 0.995898 0.0414448
1 5 0.993914 0.0435621 -0.101177 0.371127 -0.0450647 0.998904 -0.0126153 -0.0206353 0.100516 0.0170972 0.994789 0.0491505
1 6 0.988312 0.0524432 -0.143141 0.543285 -0.051381 0.998618 0.0111082 -0.0270755 0.143526 -0.00362394 0.98964 0.109217
1 7 0.984134 0.0505944 -0.170059 0.745922 -0.054307 0.998375 -0.017249 -0.0778584 0.16891 0.0262096 0.985283 0.132605
1 8 0.981718 0.0684428 -0.177609 0.910994 -0.0719939 0.997311 -0.0136209 -0.0680823 0.1762 0.0261581 0.984007 0.0226878
1 9 0.967839 0.104221 -0.228969 1.02629 -0.111084 0.993661 -0.017257 -0.0275609 0.225719 0.0421363 0.973281 -0.0747612
1 10 0.945258 0.148135 -0.290765 1.16039 -0.143948 0.988934 0.0358634 -0.0118901 0.29286 0.00795442 0.956122 -0.14284
1 11 0.90633 0.194201 -0.375302 1.30165 -0.183647 0.980902 0.0640737 0.00382788 0.380578 0.0108505 0.924686 -0.152084
1 12 0.860796 0.247706 -0.444602 1.43991 -0.241517 0.967753 0.0715716 -0.000485126 0.447993 0.0457694 0.892865 -0.198895
1 13 0.81008 0.264991 -0.52302 1.5726 -0.278893 0.958813 0.0538233 0.00544796 0.515742 0.102265 0.85062 -0.181404
1 14 0.737842 0.31706 -0.595871 1.72962 -0.303374 0.94439 0.126849 -0.129454 0.602954 0.0871775 0.792998 -0.112296
1 15 0.726897 0.316356 -0.60954 1.8658 -0.287512 0.946236 0.148236 -0.152529 0.623664 0.0674973 0.778773 -0.144889
1 16 0.68843 0.349764 -0.635397 1.95496 -0.328559 0.931391 0.156716 -0.247633 0.646616 0.100876 0.756116 -0.0831534
1 17 0.690222 0.33522 -0.641266 2.10381 -0.320657 0.936149 0.144233 -0.21091 0.648671 0.106073 0.753641 -0.000352049
1 18 0.666319 0.300727 -0.682336 2.21923 -0.298809 0.946069 0.125166 -0.140972 0.683177 0.120487 0.720244 0.190917
1 19 0.659875 0.321192 -0.679265 2.35529 -0.304614 0.940761 0.148922 -0.210062 0.68686 0.108644 0.718624 0.31084
1 20 0.62417 0.365122 -0.690723 2.44287 -0.352667 0.920558 0.167927 -0.369274 0.697164 0.138781 0.703351 0.437673
1 21 0.568536 0.401827 -0.717846 2.52803 -0.38049 0.902091 0.203613 -0.496876 0.729379 0.157371 0.665762 0.597032
1 22 0.458751 0.441992 -0.770838 2.5126 -0.416738 0.873204 0.252673 -0.658145 0.784779 0.205324 0.584778 0.894344
1 23 0.381289 0.437996 -0.814112 2.55103 -0.416019 0.867724 0.271997 -0.694569 0.825558 0.234977 0.513069 1.1571
1 24 0.313765 0.454494 -0.83366 2.6017 -0.439098 0.847927 0.297008 -0.833373 0.84187 0.272866 0.465617 1.37105
1 25 0.247849 0.463639 -0.850653 2.62831 -0.441183 0.835735 0.326962 -0.913381 0.862513 0.294256 0.411686 1.55034
1 26 0.181998 0.462149 -0.867925 2.67207 -0.478144 0.812879 0.332574 -1.03769 0.859218 0.354465 0.368917 1.67457
1 27 0.102455 0.468537 -0.877483 2.64752 -0.445351 0.810383 0.38071 -1.044 0.889475 0.351782 0.291691 1.9405
1 28 0.0160458 0.479931 -0.877159 2.63375 -0.473043 0.776526 0.416217 -1.25993 0.880893 0.408256 0.239488 2.14362
1 29 -0.0853243 0.478408 -0.873984 2.49597 -0.447414 0.765369 0.462633 -1.32632 0.890247 0.430506 0.148741 2.43053
1 30 -0.139724 0.498467 -0.855575 2.4565 -0.471514 0.726305 0.500156 -1.53917 0.870719 0.473299 0.133552 2.4644
1 31 -0.226364 0.485748 -0.84428 2.25304 -0.446387 0.718665 0.533159 -1.57397 0.865736 0.497564 0.054151 2.70792
1 32 -0.303173 0.47528 -0.825952 2.10209 -0.449846 0.692711 0.563728 -1.7409 0.840075 0.542458 0.00379126 2.87598
1 33 -0.329232 0.461417 -0.823833 2.16088 -0.429837 0.703598 0.565853 -1.71123 0.840741 0.540411 -0.0333137 3.03766
1 34 -0.399747 0.44836 -0.799485 2.0651 -0.390389 0.705868 0.591055 -1.66853 0.829336 0.548382 -0.107133 3.24211
1 35 -0.377007 0.443678 -0.813029 2.34393 -0.41552 0.703489 0.57658 -1.68753 0.827774 0.555205 -0.0808643 3.16711
1 36 -0.387371 0.431421 -0.814752 2.50015 -0.439517 0.690436 0.574562 -1.80007 0.810412 0.580666 -0.0778385 3.17594
1 37 -0.482791 0.428992 -0.763465 2.24292 -0.390064 0.675202 0.626061 -1.9004 0.784068 0.600057 -0.158647 3.43192
1 38 -0.622746 0.427522 -0.655296 1.66581 -0.324319 0.621137 0.713445 -2.13706 0.712042 0.65682 -0.248158 3.61293
1 39 -0.713672 0.385361 -0.584952 1.23647 -0.325825 0.55661 0.764214 -2.4172 0.620089 0.73599 -0.271677 3.5504
1 40 -0.780668 0.364339 -0.507755 0.911917 -0.254491 0.556725 0.790754 -2.32744 0.570782 0.746535 -0.341896 3.64688
1 41 -0.859992 0.279181 -0.427168 0.457807 -0.217006 0.557548 0.801278 -2.27844 0.461869 0.781791 -0.418903 3.6849
1 42 -0.93363 0.207877 -0.291757 -0.17452 -0.138153 0.542495 0.828621 -2.21863 0.330528 0.813932 -0.477772 3.62704
1 43 -0.968261 0.148218 -0.201255 -0.547304 -0.0971098 0.518854 0.849329 -2.24239 0.230307 0.841915 -0.487993 3.45613
1 44 -0.966901 0.137537 -0.214905 -0.404379 -0.11611 0.512824 0.850606 -2.29148 0.227199 0.847404 -0.479882 3.35592
1 45 -0.940655 0.12666 -0.314842 0.0848165 -0.201405 0.538333 0.818311 -2.25165 0.273137 0.833159 -0.480877 3.33258
1 46 -0.883629 0.179646 -0.43235 0.722756 -0.273189 0.552108 0.787745 -2.17649 0.38022 0.814189 -0.438782 3.19033
1 47 -0.796552 0.231637 -0.558435 1.38655 -0.36999 0.54374 0.753296 -2.14587 0.478135 0.806654 -0.347414 2.8463
1 48 -0.724167 0.260382 -0.638579 1.81725 -0.448305 0.525882 0.722821 -2.14597 0.524026 0.809721 -0.264097 2.55055
1 49 -0.646106 0.304771 -0.699758 2.2051 -0.490956 0.536014 0.686768 -2.04828 0.584388 0.787276 -0.196693 2.31925
1 50 -0.555779 0.342666 -0.757423 2.59378 -0.50887 0.580241 0.635902 -1.815 0.65739 0.738851 -0.148114 2.13649
1 51 -0.486157 0.386658 -0.783675 2.86622 -0.491925 0.620109 0.611125 -1.64284 0.72226 0.682612 -0.111264 1.96571
1 52 -0.528373 0.399946 -0.74891 2.82576 -0.449742 0.616317 0.64644 -1.71775 0.720107 0.678378 -0.145773 2.08571
1 53 -0.592245 0.392259 -0.703831 2.71935 -0.412514 0.602742 0.683033 -1.83796 0.692154 0.694863 -0.195159 2.30998
1 54 -0.709579 0.370438 -0.599395 2.33539 -0.351139 0.551606 0.756592 -2.12916 0.6109 0.747333 -0.261333 2.59595
1 55 -0.798396 0.340586 -0.496553 1.97471 -0.293393 0.500094 0.814756 -2.39489 0.525817 0.796183 -0.299349 2.77054
1 56 -0.85908 0.289449 -0.422139 1.68075 -0.25162 0.479381 0.840761 -2.49941 0.445723 0.8285 -0.338997 2.94927
1 57 -0.929036 0.210006 -0.304613 1.15933 -0.186833 0.44434 0.876159 -2.68791 0.31935 0.870896 -0.373572 3.0797
1 58 -0.928065 0.201032 -0.313498 1.28541 -0.194819 0.455355 0.868732 -2.62789 0.317397 0.867316 -0.383436 3.04146
1 59 -0.95458 0.175375 -0.240875 1.00046 -0.149986 0.415702 0.897048 -2.69935 0.257453 0.892432 -0.370517 2.90276
1 60 -0.977499 0.13277 -0.163916 0.649374 -0.097478 0.404809 0.909191 -2.6904 0.187068 0.904711 -0.382759 2.90171
1 61 -0.994616 0.0735035 -0.0730529 0.243881 -0.0380291 0.396871 0.917086 -2.69562 0.0964018 0.914927 -0.39194 2.89914
1 62 -0.999735 0.0228176 -0.00303291 -0.0947979 0.00542992 0.361815 0.932234 -2.76555 0.0223687 0.93197 -0.361844 2.73647
1 63 -0.995812 0.012767 -0.0905294 0.197458 -0.0815128 0.324445 0.942386 -2.80283 0.0414032 0.945818 -0.322046 2.50198
1 64 -0.956488 0.0476404 -0.287857 0.948256 -0.254813 0.344206 0.903655 -2.63051 0.142132 0.937684 -0.317091 2.41368
1 65 -0.872159 0.154124 -0.46431 1.75321 -0.390744 0.351628 0.850691 -2.46291 0.294376 0.923365 -0.246453 2.13717
1 66 -0.751649 0.222452 -0.620918 2.45287 -0.502293 0.417067 0.757468 -2.04849 0.427464 0.881232 -0.201752 1.90393
1 67 -0.536572 0.290512 -0.792272 3.23578 -0.614333 0.509181 0.602768 -1.35383 0.57852 0.810146 -0.0947411 1.36885
1 68 -0.374173 0.356469 -0.85611 3.60343 -0.652777 0.554475 0.516177 -0.940704 0.658693 0.751989 0.0252247 0.791662
1 69 -0.0968258 0.436795 -0.894335 3.78805 -0.712158 0.59732 0.368835 -0.323914 0.69531 0.67262 0.253231 -0.188205
1 70 0.142493 0.443663 -0.884793 3.70576 -0.6446 0.719958 0.257199 0.230489 0.751124 0.533688 0.388574 -0.871978
1 71 0.0890128 0.470695 -0.877795 3.7629 -0.633595 0.706755 0.314729 0.00231439 0.768527 0.528151 0.36114 -0.767488
1 72 0.0373673 0.477773 -0.877689 3.87812 -0.626393 0.695531 0.351947 -0.171375 0.778611 0.536627 0.325264 -0.576119
1 73 -0.114352 0.488798 -0.86487 3.92623 -0.560274 0.687188 0.462456 -0.622656 0.820376 0.537447 0.195279 -0.00726207
1 74 -0.204642 0.486932 -0.849128 3.91372 -0.52625 0.676718 0.514891 -0.849786 0.825337 0.552223 0.117763 0.356883
1 75 -0.345662 0.47738 -0.807853 3.86004 -0.500586 0.634372 0.589054 -1.21924 0.793682 0.608013 0.0196899 0.848416
1 76 -0.434271 0.451449 -0.77949 3.84371 -0.472168 0.622853 0.623786 -1.38768 0.767115 0.638942 -0.0573274 1.26856
1 77 -0.553196 0.408039 -0.726277 3.70598 -0.432544 0.604403 0.669031 -1.65585 0.711955 0.684251 -0.157859 1.84305
1 78 -0.674835 0.362251 -0.64294 3.39024 -0.374033 0.583137 0.721145 -1.94122 0.636158 0.727135 -0.258028 2.39421
1 79 -0.799877 0.307435 -0.515444 2.88225 -0.277781 0.571663 0.772035 -2.19969 0.532011 0.760713 -0.371861 2.9746
1 80 -0.859941 0.27372 -0.430788 2.58798 -0.231967 0.542224 0.80758 -2.42019 0.454635 0.794399 -0.402788 3.20733
1 81 -0.936001 0.192214 -0.294882 2.01869 -0.136752 0.573361 0.807808 -2.39191 0.324346 0.796436 -0.510383 3.74789
1 82 -0.975421 0.105649 -0.19337 1.56949 -0.0941435 0.593621 0.799218 -2.31034 0.199226 0.797779 -0.569085 4.03889
1 83 -0.99753 0.0639689 -0.0289911 0.905712 0.0163754 0.61326 0.789712 -2.22554 0.0682962 0.787287 -0.612793 4.25174
1 84 -0.978998 -0.0855693 0.185041 -0.186057 0.107934 0.552458 0.826522 -2.55294 -0.172953 0.829137 -0.53162 4.09888
1 85 -0.936613 -0.181385 0.299761 -0.771393 0.163444 0.530572 0.831732 -2.6584 -0.309909 0.828004 -0.467295 3.88618
1 86 -0.871134 -0.221974 0.438009 -1.37838 0.259724 0.548724 0.794635 -2.4953 -0.416734 0.805996 -0.420361 3.66345
1 87 -0.803929 -0.293865 0.517051 -1.79112 0.315521 0.526208 0.789653 -2.55418 -0.504127 0.797965 -0.330314 3.30537
1 88 -0.727512 -0.315091 0.609463 -2.13285 0.388425 0.543086 0.744435 -2.44788 -0.565556 0.778315 -0.272713 3.11018
1 89 -0.674272 -0.356692 0.646628 -2.29896 0.410164 0.547253 0.729575 -2.41622 -0.614102 0.757155 -0.222696 2.93381
1 90 -0.588553 -0.345726 0.730808 -2.60152 0.494695 0.56096 0.663777 -2.25972 -0.639439 0.752195 -0.159126 2.69736
1 91 -0.53108 -0.36278 0.765733 -2.72725 0.509907 0.584918 0.630765 -2.13622 -0.676719 0.725439 -0.125655 2.57698
1 92 -0.506999 -0.37637 0.775434 -2.67837 0.510421 0.593836 0.621956 -2.1534 -0.694567 0.711128 -0.108967 2.57755
1 93 -0.533851 -0.358954 0.765608 -2.44284 0.473008 0.623741 0.622263 -2.09747 -0.700905 0.694333 -0.163196 2.82846
1 94 -0.55618 -0.357064 0.750447 -2.21316 0.449202 0.63056 0.632939 -2.08194 -0.6992 0.689129 -0.190312 2.90744
1 95 -0.539217 -0.344992 0.768261 -2.12438 0.45806 0.645362 0.6113 -1.98956 -0.7067 0.681533 -0.189964 2.88808
1 96 -0.521014 -0.371492 0.768465 -2.06698 0.469107 0.627524 0.62141 -2.07058 -0.71308 0.684256 -0.15268 2.76928
1 97 -0.433146 -0.385509 0.81472 -2.27032 0.490782 0.657284 0.571937 -1.94801 -0.755988 0.647582 -0.0954994 2.66015
1 98 -0.342043 -0.413876 0.843632 -2.47699 0.525951 0.659661 0.536864 -1.94816 -0.778706 0.627339 -0.00795464 2.43377
1 99 -0.233768 -0.415659 0.878966 -2.69745 0.538321 0.697479 0.473005 -1.75291 -0.809668 0.583739 0.0607093 2.2413
1 100 -0.158911 -0.368768 0.915838 -2.77424 0.553253 0.735034 0.391964 -1.51559 -0.817715 0.568977 0.0872161 2.19717
1 101 -0.0682563 -0.391184 0.917778 -2.92255 0.532412 0.763698 0.365106 -1.384 -0.843729 0.513556 0.156144 2.04092
1 102 0.0048436 -0.395219 0.918575 -3.00646 0.524756 0.782949 0.334098 -1.30875 -0.851239 0.480409 0.211185 1.93195
1 103 0.0261116 -0.390433 0.920261 -2.95565 0.493233 0.805749 0.327855 -1.2246 -0.869505 0.445343 0.213614 1.99054
1 104 0.0973408 -0.381979 0.91903 -2.99913 0.488882 0.822681 0.290153 -1.11491 -0.866902 0.421053 0.266824 1.83045
1 105 0.154808 -0.359662 0.920151 -3.025 0.480874 0.841034 0.247834 -0.981869 -0.863015 0.404109 0.303151 1.73144
1 106 0.298738 -0.333557 0.894145 -3.23242 0.414134 0.889425 0.193432 -0.657917 -0.859795 0.31251 0.403842 1.44766
1 107 0.327306 -0.334064 0.883896 -3.17881 0.427302 0.886639 0.176871 -0.731188 -0.842784 0.319799 0.432948 1.4155
1 108 0.368328 -0.321914 0.872185 -3.1516 0.420994 0.894195 0.152248 -0.691681 -0.828913 0.311107 0.46488 1.32619
1 109 0.443371 -0.258583 0.858229 -3.1477 0.379484 0.92159 0.0816273 -0.433389 -0.812043 0.289493 0.506735 1.19344
1 110 0.489208 -0.253893 0.834394 -3.0971 0.376696 0.924365 0.0604111 -0.407731 -0.786623 0.284759 0.547847 1.05538
1 111 0.552186 -0.21805 0.804701 -3.02546 0.305566 0.95096 0.048 -0.226983 -0.775705 0.219384 0.591736 0.950459
1 112 0.544983 -0.232981 0.805428 -2.86016 0.243494 0.963195 0.11386 -0.221015 -0.802312 0.134065 0.581654 1.04171
1 113 0.604803 -0.224173 0.764173 -2.78065 0.247811 0.9649 0.0869268 -0.216977 -0.756837 0.136797 0.639127 0.833733
1 114 0.666757 -0.21428 0.713807 -2.70573 0.247948 0.966994 0.0586794 -0.196724 -0.702821 0.137861 0.69788 0.613184
1 115 0.699335 -0.200995 0.685953 -2.59281 0.215794 0.974241 0.0654637 -0.170121 -0.681442 0.102244 0.724695 0.558186
1 116 0.743762 -0.177921 0.64433 -2.51674 0.194373 0.979839 0.0461964 -0.149478 -0.63956 0.0908802 0.76335 0.476586
1 117 0.778645 -0.181012 0.600789 -2.41795 0.189705 0.980588 0.0495786 -0.174118 -0.598101 0.0753681 0.797868 0.355038
1 118 0.832604 -0.109507 0.542935 -2.30512 0.137218 0.990484 -0.0106521 -0.0137841 -0.536602 0.0833689 0.839707 0.190409
1 119 0.902291 -0.0777719 0.424054 -2.19357 0.0822012 0.996584 0.00786936 0.0716469 -0.423217 0.0277571 0.905603 -0.100023
1 120 0.950204 0.0147042 0.311279 -2.03939 0.0134001 0.996034 -0.087957 0.256119 -0.311338 0.087747 0.94624 -0.348514
1 121 0.966169 0.0767508 0.246228 -1.83944 -0.0588712 0.99512 -0.0791827 0.376171 -0.251103 0.0620077 0.965972 -0.51941
1 122 0.981539 0.126891 0.143107 -1.60922 -0.112419 0.988089 -0.105078 0.484567 -0.154736 0.0870492 0.984114 -0.733812
1 123 0.976408 0.215917 0.0026314 -1.31557 -0.214585 0.971598 -0.0997539 0.586635 -0.0240954 0.0968344 0.995009 -0.943594
1 124 0.96532 0.248813 -0.0790487 -1.07126 -0.255293 0.962989 -0.086472 0.61397 0.0546071 0.103652 0.993113 -1.0719
1 125 0.953793 0.273207 -0.125046 -0.856048 -0.285236 0.954124 -0.0910352 0.66589 0.0944386 0.122495 0.987966 -1.1776
1 126 0.923782 0.324197 -0.203773 -0.611177 -0.347978 0.932838 -0.0934019 0.735605 0.159807 0.157191 0.974553 -1.27304
1 127 0.872384 0.400267 -0.280593 -0.326876 -0.433596 0.898679 -0.0661149 0.762431 0.2257 0.179341 0.957547 -1.35058
1 128 0.871845 0.387627 -0.299387 -0.179975 -0.424664 0.902812 -0.0677582 0.764038 0.244025 0.186213 0.951723 -1.42798
1 129 0.909913 0.341787 -0.235031 -0.199424 -0.37144 0.923594 -0.0949046 0.773596 0.184636 0.173654 0.967343 -1.49938
1 130 0.947596 0.263205 -0.181069 -0.226784 -0.28767 0.949502 -0.125266 0.733717 0.138955 0.170789 0.97546 -1.50812
1 131 0.955582 0.250893 -0.15465 -0.171399 -0.269931 0.955688 -0.11746 0.642688 0.118327 0.153987 0.980963 -1.45723
1 132 0.970081 0.222412 -0.0973383 -0.152554 -0.233311 0.964919 -0.120411 0.571093 0.0671431 0.139517 0.987941 -1.38607
1 133 0.973637 0.205823 -0.0983186 -0.0306757 -0.216593 0.969404 -0.11551 0.533786 0.071536 0.13376 0.988429 -1.3568
1 134 0.967372 0.210309 -0.14128 0.148456 -0.221728 0.972558 -0.0704764 0.460411 0.122581 0.0995017 0.987458 -1.33927
1 135 0.972109 0.193744 -0.132162 0.227202 -0.194022 0.980936 0.0108877 0.349569 0.131752 0.0150567 0.991168 -1.32361
1 136 0.968886 0.2047 -0.139133 0.349952 -0.201112 0.97877 0.0395282 0.283276 0.14427 -0.0103182 0.989485 -1.25997
1 137 0.98037 0.175728 -0.0894182 0.409906 -0.173418 0.984294 0.033024 0.238662 0.0938172 -0.0168704 0.995447 -1.20088
1 138 0.995793 0.0914191 -0.00616019 0.402611 -0.0912554 0.995561 0.023014 0.246749 0.00823677 -0.0223564 0.999716 -1.20967
1 139 0.995788 0.0251125 0.0881816 0.388517 -0.0290337 0.998633 0.0434708 0.240231 -0.0869693 -0.0458485 0.995156 -1.24187
1 140 0.980538 -0.0748045 0.181523 0.298875 0.0546472 0.99202 0.113616 0.199102 -0.188574 -0.101486 0.976801 -1.27831
1 141 0.948552 -0.212506 0.234716 0.182057 0.181024 0.972183 0.148624 0.192527 -0.25977 -0.0984888 0.960635 -1.26069
1 142 0.94209 -0.286044 0.175058 0.16594 0.261623 0.953446 0.149983 0.175177 -0.20981 -0.0954982 0.973067 -1.166
1 143 0.956843 -0.27651 0.0894085 0.174332 0.263683 0.955416 0.132861 0.14256 -0.122159 -0.103552 0.987094 -1.04867
1 144 0.987221 -0.157961 -0.0210601 0.228148 0.159253 0.982734 0.094188 0.119814 0.00581815 -0.0963395 0.995331 -0.940452
1 145 0.989838 0.0428133 -0.135599 0.336911 -0.0332501 0.996848 0.0720233 0.0967957 0.138255 -0.0667831 0.988143 -0.822773
1 146 0.982633 0.0877498 -0.163503 0.400144 -0.0807412 0.995528 0.0490404 0.102111 0.167075 -0.0349879 0.985323 -0.703366
1 147 0.958419 0.180695 -0.220868 0.435539 -0.158638 0.980737 0.113971 0.0165317 0.237207 -0.0741942 0.968621 -0.561043
1 148 0.938122 0.208632 -0.276405 0.498646 -0.177986 0.975145 0.131957 -0.060213 0.297065 -0.0745965 0.951939 -0.36088
1 149 0.901998 0.269461 -0.337331 0.592065 -0.231087 0.961303 0.149982 -0.129533 0.364691 -0.0573319 0.929362 -0.226826
1 150 0.906664 0.309074 -0.287112 0.780568 -0.288321 0.950833 0.113083 -0.211159 0.307946 -0.0197482 0.951199 -0.215375
1 151 0.91126 0.287672 -0.294702 0.948126 -0.278609 0.957606 0.0732629 -0.215058 0.303283 0.0153448 0.952777 -0.194481
1 152 0.880069 0.310882 -0.358931 1.13154 -0.319696 0.946828 0.0362105 -0.306454 0.351103 0.0828804 0.932661 -0.091628
1 153 0.861704 0.34878 -0.368537 1.30649 -0.354615 0.933438 0.0542464 -0.410163 0.362927 0.0839431 0.928029 -0.0249437
1 154 0.852838 0.369409 -0.36906 1.4651 -0.361629 0.927683 0.0928955 -0.462077 0.376687 0.0542374 0.924751 -0.0104128
1 155 0.812825 0.39896 -0.424439 1.53535 -0.381932 0.915169 0.128809 -0.518666 0.439823 0.0574067 0.896248 0.0767076
1 156 0.767359 0.42597 -0.479281 1.51354 -0.384887 0.90381 0.187049 -0.566985 0.512857 0.0409344 0.857498 0.216123
1 157 0.769861 0.404062 -0.494014 1.54013 -0.332927 0.914652 0.229282 -0.525755 0.544494 -0.0120459 0.838678 0.288994
1 158 0.777506 0.354105 -0.519707 1.52505 -0.26924 0.934269 0.233773 -0.441012 0.568327 -0.0418337 0.821739 0.327397
1 159 0.801569 0.358702 -0.478353 1.47879 -0.255256 0.928777 0.268733 -0.404516 0.540678 -0.093306 0.83604 0.235387
1 160 0.789012 0.374805 -0.486808 1.41611 -0.251647 0.919998 0.300462 -0.383463 0.560477 -0.114564 0.820208 0.238869
1 161 0.808757 0.336364 -0.482462 1.41828 -0.235013 0.936804 0.259167 -0.32536 0.539147 -0.0962196 0.836697 0.163636
1 162 0.834576 0.345947 -0.428724 1.38077 -0.254482 0.932323 0.256926 -0.346202 0.488593 -0.105322 0.866132 0.0479634
1 163 0.873084 0.309185 -0.376999 1.28997 -0.234193 0.944119 0.231928 -0.284111 0.427641 -0.114202 0.896706 -0.0699923
1 164 0.888979 0.272977 -0.367694 1.19992 -0.221324 0.959024 0.176886 -0.224905 0.400914 -0.0758687 0.912969 -0.155296
1 165 0.906664 0.254434 -0.33649 1.10383 -0.206678 0.963266 0.171476 -0.154168 0.367759 -0.0859268 0.925943 -0.314167
1 166 0.910008 0.239414 -0.338477 0.951293 -0.188814 0.966157 0.175753 -0.0784031 0.3691 -0.096028 0.924416 -0.421464
1 167 0.922283 0.255288 -0.290212 0.811113 -0.207915 0.960631 0.184281 -0.0893998 0.325831 -0.109619 0.939052 -0.496532
1 168 0.942849 0.209535 -0.259098 0.67376 -0.163682 0.968509 0.187607 -0.0443472 0.290249 -0.134476 0.947456 -0.54078
1 169 0.978221 0.140668 -0.152632 0.532639 -0.120408 0.983537 0.134747 -0.00262236 0.169074 -0.113434 0.979054 -0.628064
1 170 0.989793 0.0748259 -0.121284 0.39544 -0.0551477 0.98587 0.158172 0.0386501 0.131407 -0.14987 0.979934 -0.710065
1 171 0.993214 0.0357373 -0.110668 0.285214 -0.0168331 0.98577 0.167255 0.0550747 0.11507 -0.164258 0.979683 -0.747538
1 172 0.98618 0.086673 -0.141203 0.256252 -0.0608102 0.982125 0.178138 0.0359695 0.154118 -0.167091 0.973822 -0.716924
