0 1 0 1 0 0 0 0 1 0 0 0 0 1 0
0 2 0 1 0 0 0 0 1 0 0 0 0 1 0
0 3 21 0.999996 -0.00273532 -0.000481836 0.219531 0.00273633 0.999994 0.00210757 0.12573 0.000476068 -0.00210888 0.999998 0.96747
0 4 17 0.999996 -0.00229136 0.00145283 -0.157658 0.00228688 0.999993 0.00308245 0.0135341 -0.00145989 -0.00307912 0.999994 0.987401
0 5 14 0.999989 -0.00460526 -0.000447465 0.235982 0.00460615 0.999987 0.00202017 0.236619 0.000438156 -0.00202221 0.999998 0.94251
0 6 14 0.999985 -0.00531277 -0.0012938 0.342485 0.00531559 0.999983 0.00218393 0.0625015 0.00128218 -0.00219077 0.999997 0.937442
0 7 18 0.999988 -0.00480371 -0.00123417 0.302646 0.00480739 0.999984 0.00300051 -0.130393 0.00121974 -0.00300641 0.999995 0.944142
0 8 0 1 0 0 0 0 1 0 0 0 0 1 0
0 9 23 0.999993 -0.00361946 -0.00119304 -0.317909 0.00362311 0.999989 0.00306942 0.237927 0.00118192 -0.00307372 0.999995 -0.917782
0 10 14 0.999971 -0.00551836 -0.0051619 0.503806 0.00554385 0.999972 0.00493709 -0.250522 0.00513451 -0.00496557 0.999974 0.826691
0 11 766 0.999799 -0.00287129 -0.019848 0.896059 0.00306164 0.99995 0.00956683 -0.346176 0.0198195 -0.00962568 0.999757 0.277921
0 12 19 0.999999 0.00158735 -0.00042227 -0.147151 -0.00158638 0.999996 0.00228453 -0.0566411 0.000425895 -0.00228386 0.999997 0.987491
0 13 10 0.999894 0.00452349 -0.0138666 0.943136 -0.00445903 0.999979 0.00467651 -0.084758 0.0138874 -0.00461418 0.999893 0.32142
0 14 21 0.999946 0.00957277 0.00401712 -0.206892 -0.00958715 0.999948 0.00357498 0.0154603 -0.00398269 -0.0036133 0.999986 0.978242
15 16 20 0.999997 0.00120622 -0.00229508 0.393134 -0.00120373 0.999999 0.00108428 -0.120043 0.00229639 -0.00108151 0.999997 0.911612
15 17 21 0.999996 0.000341518 -0.00284869 0.207129 -0.000337127 0.999999 0.00154199 -0.0147406 0.00284921 -0.00154102 0.999995 0.978203
15 18 36 0.999994 0.00350893 0.000334825 -0.141791 -0.0035095 0.999992 0.00172311 -0.0277941 -0.000328776 -0.00172428 0.999998 0.989506
15 19 14 0.999974 0.00711622 0.00136873 -0.118395 -0.00711905 0.999972 0.00207819 0.174634 -0.0013539 -0.00208788 0.999997 0.977489
15 20 27 0.999977 0.00651884 0.00164577 -0.152975 -0.0065232 0.999975 0.00265959 0.0128097 -0.0016284 -0.00267026 0.999995 -0.988147
15 21 43 0.999969 0.00682087 0.00385294 -0.0355826 -0.00682886 0.999975 0.00206508 -0.0565139 -0.00383875 -0.00209132 0.99999 0.997768
15 22 41 0.999916 0.00378267 -0.0124362 0.965134 -0.00372159 0.999981 0.00493064 -0.107744 0.0124546 -0.00488394 0.999911 0.238553
15 23 32 0.99997 0.00625649 -0.00454681 0.673254 -0.00623772 0.999972 0.00413108 -0.105137 0.00457253 -0.00410259 0.999981 0.731899
15 24 16 0.999942 0.00271533 -0.0104582 0.934292 -0.00265237 0.999978 0.00602951 -0.161776 0.0104743 -0.00600142 0.999927 0.317691
15 25 74 0.999974 0.00104356 -0.0070993 0.74938 -0.00100487 0.999985 0.00545096 0.0171607 0.00710488 -0.00544368 0.99996 0.661918
15 26 804 0.999849 0.0061179 -0.0162467 0.879831 -0.00606657 0.999976 0.00320676 -0.026858 0.016266 -0.00310772 0.999863 0.474526
15 27 845 0.99974 0.000670247 -0.0227713 0.968918 -0.000620506 0.999997 0.00219135 0.015033 0.0227727 -0.00217666 0.999738 0.246923
15 28 814 0.999168 0.00665415 -0.0402414 0.939549 -0.00660017 0.999977 0.00147411 -0.0193904 0.0402503 -0.00120729 0.999189 0.341865
15 29 811 0.999459 0.00644048 -0.0322521 0.958316 -0.00648173 0.999978 -0.00117452 -0.0135261 0.0322438 0.00138294 0.999479 0.285389
30 31 14 0.999997 0.00227297 0.000200248 0.382703 -0.00227171 0.999979 -0.00606695 0.397683 -0.000214034 0.00606648 0.999982 0.833899
30 32 24 0.999994 -0.00101925 0.00334031 0.304124 0.00103366 0.99999 -0.0043135 0.0197722 -0.00333588 0.00431692 0.999985 -0.952427
30 33 31 0.999963 -0.0033333 0.00798235 0.0666338 0.00337728 0.999979 -0.00550313 0.0670076 -0.00796384 0.00552988 0.999953 -0.995525
30 34 34 0.999952 -0.00157947 0.00971478 0.137873 0.00170125 0.99992 -0.01254 -0.0256802 -0.0096942 0.0125559 0.999874 0.990117
30 35 762 0.999945 -0.000635083 -0.0104892 0.996414 0.000495319 0.999911 -0.0133219 -0.0244587 0.0104967 0.013316 0.999856 0.0809999
30 36 117 0.999993 -0.00142621 -0.00337916 0.994039 0.00138142 0.999912 -0.0132202 0.00799963 0.00339771 0.0132155 0.999907 -0.108727
30 37 523 0.99997 -0.00559695 -0.00532618 0.97895 0.00553804 0.999924 -0.0110125 -0.0231743 0.00538741 0.0109826 0.999925 -0.202778
30 38 0 1 0 0 0 0 1 0 0 0 0 1 0
30 39 801 0.999896 -0.00914454 -0.0111157 0.952832 0.00895793 0.99982 -0.0167234 0.256706 0.0112666 0.0166221 0.999798 0.161904
30 40 399 0.999888 -0.0141383 0.0048611 0.87799 0.0141816 0.999859 -0.00899365 0.291956 -0.00473326 0.00906158 0.999948 -0.379336
30 41 815 0.999948 -0.00879816 -0.00506285 0.98626 0.00878274 0.999957 -0.00306053 0.148086 0.00508955 0.00301591 0.999983 0.0732307
30 42 21 0.999829 -0.0067993 0.0171856 0.958442 0.0067995 0.999977 4.66937e-05 -0.0296626 -0.0171855 7.01677e-05 0.999852 0.28374
30 43 786 0.999982 -0.00593762 -0.000989731 0.988785 0.00593468 0.999978 -0.00294801 -0.0324424 0.00100721 0.00294209 0.999995 0.145779
30 44 815 0.999574 -0.003618 -0.0289489 0.998002 0.00357291 0.999992 -0.00160937 0.0249727 0.0289545 0.00150525 0.99958 -0.0580364
45 46 25 0.999993 0.00307592 -0.00189376 -0.38178 -0.00306916 0.999989 0.0035645 -0.251615 0.00190471 -0.00355867 0.999992 0.889345
45 47 33 0.999898 0.0138394 -0.0034042 0.620909 -0.0138215 0.999891 0.00524732 0.388946 0.00347645 -0.00519973 0.99998 0.680583
45 48 29 0.999864 0.0160475 -0.00385143 0.781074 -0.0160254 0.999855 0.00571279 0.542238 0.00394254 -0.00565029 0.999976 0.30968
45 49 247 0.999762 0.0190977 -0.0105052 0.960982 -0.0189837 0.999761 0.0108457 0.274072 0.0107098 -0.0106437 0.999886 -0.0373865
45 50 0 1 0 0 0 0 1 0 0 0 0 1 0
45 51 20 0.999817 0.0190298 -0.00211314 -0.0622421 -0.0189898 0.999665 0.0175701 -0.150319 0.00244679 -0.0175267 0.999843 0.986676
45 52 0 1 0 0 0 0 1 0 0 0 0 1 0
45 53 752 0.999154 0.0277088 -0.0303784 0.862125 -0.0277863 0.999612 -0.00213261 0.449814 0.0303075 0.00297491 0.999536 0.233255
45 54 36 0.999608 0.0260214 -0.0103353 -0.076658 -0.0259669 0.999648 0.00536867 -0.0151708 0.0104714 -0.00509819 0.999932 0.996942
45 55 44 0.999512 0.0281538 -0.0135433 0.20905 -0.0280858 0.999592 0.00518852 -0.0133453 0.0136839 -0.00480561 0.999895 -0.977814
45 56 778 0.998545 0.0284385 -0.0458174 0.996649 -0.028363 0.999595 0.00229729 -0.00890216 0.0458642 -0.000994431 0.998947 0.081306
45 57 762 0.997622 0.0292263 -0.0624142 0.962232 -0.0300278 0.999478 -0.0119415 0.25992 0.0620326 0.0137873 0.997979 0.0809376
45 58 190 0.998629 0.0265703 -0.0450993 0.976677 -0.0268749 0.99962 -0.00616089 0.214682 0.0449184 0.00736449 0.998964 0.00359741
45 59 793 0.996405 0.0300422 -0.0792138 0.989478 -0.0307218 0.999501 -0.00737379 0.124411 0.0789527 0.00978087 0.99683 -0.0738653
60 61 12 0.999989 -0.00194173 -0.00423376 0.781455 0.00194021 0.999998 -0.000363577 0.4438 0.00423446 0.000355359 0.999991 -0.438599
60 62 0 1 0 0 0 0 1 0 0 0 0 1 0
60 63 22 0.999966 0.00563806 -0.00605474 0.985583 -0.0055753 0.999931 0.0103323 -0.0127749 0.00611257 -0.0102982 0.999928 0.168708
60 64 424 0.999947 0.0088534 -0.00524633 0.995648 -0.00880087 0.999912 0.00995155 -0.0905714 0.00533397 -0.00990485 0.999937 0.0219727
60 65 795 0.999887 0.0123265 -0.00855021 0.993194 -0.0122639 0.999898 0.00733209 -0.082561 0.00863972 -0.00722641 0.999937 0.0821487
60 66 815 0.999917 0.0107396 -0.00708024 0.98253 -0.010717 0.999937 0.00321198 -0.0244444 0.00711429 -0.00313584 0.99997 0.184491
60 67 771 0.999963 0.00813238 -0.00267402 0.970408 -0.00813431 0.999967 -0.000712134 0.0196723 0.00266814 0.000733859 0.999996 0.240668
60 68 787 0.999816 0.0107134 -0.0158949 0.996443 -0.0107051 0.999943 0.000606956 -0.0690665 0.0159005 -0.000436687 0.999873 0.0482798
60 69 776 0.999896 0.0103091 -0.0101078 0.996911 -0.0103794 0.999922 -0.00692443 0.0456892 0.0100356 0.00702862 0.999925 0.0638796
60 70 266 0.999301 0.0128136 0.0351157 -0.138986 -0.0126725 0.999911 -0.00423785 -0.0203709 -0.0351669 0.00378988 0.999374 0.990085
60 71 774 0.999573 0.0137117 -0.0258179 0.993341 -0.0139362 0.999866 -0.00853561 0.104069 0.0256974 0.00889177 0.99963 0.0494363
60 72 752 0.999807 0.0195792 0.00177773 0.99193 -0.0195864 0.9998 0.00412089 -0.118916 -0.00169669 -0.00415492 0.99999 -0.0439681
60 73 760 0.999792 0.0182021 0.00923314 0.969903 -0.018168 0.999828 -0.0037578 0.0171621 -0.00929995 0.00358927 0.99995 0.242886
60 74 650 0.999455 0.0163941 0.0286574 0.791191 -0.0162018 0.999845 -0.00692885 -0.053755 -0.0287666 0.00646077 0.999565 0.609202
75 76 26 0.999998 -7.96881e-05 -0.0019634 0.0459406 7.59474e-05 0.999998 -0.00190525 -0.0579868 0.00196355 0.0019051 0.999996 0.99726
75 77 0 1 0 0 0 0 1 0 0 0 0 1 0
75 78 39 0.999907 -0.00227066 -0.013451 0.873714 0.00219034 0.99998 -0.00598265 0.441412 0.0134643 0.00595263 0.999892 0.2044
75 79 55 0.999957 0.00276828 -0.00887753 0.995868 -0.00278068 0.999995 -0.00138394 -0.0617958 0.00887366 0.00140857 0.99996 -0.0665381
75 80 420 0.999956 0.00114472 -0.00933339 0.934965 -0.00121871 0.999968 -0.00792535 0.279833 0.00932402 0.00793637 0.999925 -0.218023
75 81 783 0.999663 -0.00267553 -0.0258181 0.996755 0.00275973 0.999991 0.00322601 -0.056032 0.0258092 -0.00329618 0.999661 -0.0577832
75 82 409 0.999839 -0.00423543 -0.0174581 0.999744 0.00427468 0.999988 0.00221132 -0.0154123 0.0174485 -0.00228559 0.999845 -0.0165497
75 83 610 0.999758 -0.00815386 -0.0204374 0.962502 0.00808258 0.999961 -0.00356774 0.152547 0.0204657 0.00340168 0.999785 0.224321
75 84 784 0.998999 -0.00092667 -0.0447197 0.997471 0.000939657 1 0.000269387 0.065097 0.0447194 -0.000311139 0.999 -0.028545
75 85 641 0.999792 -0.00593102 -0.0195078 0.996122 0.00599883 0.999976 0.0034193 0.0854256 0.0194871 -0.00353561 0.999804 0.0210792
75 86 766 0.999656 -0.00650816 -0.0254072 0.997859 0.00675415 0.999931 0.00960817 -0.00718193 0.0253429 -0.00977647 0.999631 0.0650028
75 87 733 0.999745 0.00207161 -0.0224856 0.900311 -0.00177607 0.999912 0.0131555 0.0322586 0.0225108 -0.0131122 0.999661 0.434051
75 88 758 0.998867 0.00896128 -0.0467387 0.993194 -0.00795413 0.999733 0.0216901 -0.077823 0.0469206 -0.0212937 0.998672 0.0866516
75 89 760 0.997966 0.0125865 -0.0625001 0.988949 -0.0107481 0.999502 0.0296642 -0.118726 0.0628423 -0.0289321 0.997604 0.0887899
90 91 0 1 0 0 0 0 1 0 0 0 0 1 0
90 92 721 0.999947 0.00508314 -0.00894476 0.884373 -0.00500785 0.999952 0.00841897 -0.0424019 0.00898712 -0.00837373 0.999925 0.46485
90 93 24 0.999757 0.0139804 0.0170167 -0.484012 -0.0141623 0.999843 0.0106145 0.313686 -0.0168657 -0.0108529 0.999799 -0.816905
90 94 782 0.999926 0.0120882 -0.00110878 0.883676 -0.0120704 0.999817 0.0148726 -0.25543 0.00128836 -0.0148581 0.999889 0.392267
90 95 769 0.999934 0.0112019 -0.002697 0.873654 -0.0111722 0.999879 0.010809 -0.225413 0.00281776 -0.0107781 0.999938 0.431181
90 96 756 0.999944 0.00878702 0.00589324 0.758383 -0.00878686 0.999961 -5.37604e-05 -0.0138054 -0.00589348 1.97435e-06 0.999983 0.651662
90 97 762 0.999913 0.00814821 -0.0103256 0.873848 -0.00803199 0.999904 0.0112473 -0.314889 0.0104162 -0.0111634 0.999883 0.370452
90 98 734 0.999754 0.0074169 -0.0209142 0.899656 -0.00755792 0.999949 -0.00667171 -0.0528026 0.0208636 0.00682814 0.999759 0.433395
90 99 730 0.999977 0.000438642 -0.00683768 0.842276 -0.000522555 0.999925 -0.0122752 -0.150093 0.00683178 0.0122785 0.999901 0.517729
90 100 745 0.999507 0.00208431 -0.0313276 0.963487 -0.00228915 0.999976 -0.0065042 -0.196 0.0313133 0.0065727 0.999488 0.182421
90 101 635 0.999931 -0.0107903 -0.00474702 0.795262 0.0106946 0.999748 -0.0197322 -0.144702 0.00495874 0.01968 0.999794 0.588744
90 102 657 0.999411 -0.00297301 -0.034181 0.957233 0.00233374 0.999822 -0.0187273 -0.212198 0.0342306 0.0186365 0.99924 0.196663
90 103 612 0.999364 -0.0118509 -0.0336259 0.961134 0.0110193 0.999632 -0.0248073 -0.173205 0.0339075 0.024421 0.999127 0.214992
90 104 630 0.999775 -0.00810064 -0.019586 0.913073 0.00752841 0.999548 -0.0291155 -0.201056 0.019813 0.0289615 0.999384 0.354786
105 106 15 0.999984 0.00259542 0.00499135 0.262869 -0.00257873 0.999991 -0.00334724 -0.14907 -0.00499999 0.00333431 0.999982 -0.953246
105 107 43 0.99991 0.00422177 0.0127616 -0.0672768 -0.00412683 0.999964 -0.00745734 -0.0926759 -0.0127926 0.007404 0.999891 0.993421
105 108 53 0.999752 0.00629508 0.021362 0.139971 -0.00597824 0.999872 -0.0148634 -0.0412993 -0.0214528 0.0147321 0.999661 0.989294
105 109 683 0.999945 0.00937636 -0.00469484 0.939854 -0.00944383 0.999849 -0.0145616 -0.0407135 0.0045576 0.0146051 0.999883 -0.339142
105 110 112 0.999823 0.0071177 0.0174279 0.708302 -0.00680323 0.999814 -0.0180373 0.192687 -0.0175531 0.0179155 0.999685 -0.679103
105 111 685 0.999966 0.00792606 -0.00242565 0.889896 -0.00793844 0.999955 -0.00513832 -0.305529 0.00238481 0.00515739 0.999984 -0.338729
105 112 660 0.99997 0.00776937 -0.000734765 0.880235 -0.00778056 0.99983 -0.0167012 0.0146897 0.000604883 0.0167064 0.99986 -0.47431
105 113 673 0.999967 0.00805076 -0.000704152 0.83854 -0.00806271 0.999786 -0.0190375 -0.0103153 0.000550735 0.0190426 0.999819 -0.544742
105 114 616 0.999715 0.00500786 -0.0233576 0.849783 -0.00560894 0.999653 -0.02574 0.163083 0.0232206 0.0258636 0.999396 -0.501272
105 115 645 0.999856 0.0102811 -0.0135286 0.854353 -0.0104026 0.999906 -0.00893888 -0.00166615 0.0134354 0.00907832 0.999869 -0.519691
105 116 635 0.999704 0.0120029 -0.0211652 0.908398 -0.0123598 0.999782 -0.0168126 0.106365 0.0209588 0.0170692 0.999635 -0.404351
105 117 568 0.999473 0.0139476 -0.0293075 0.869497 -0.0144621 0.999744 -0.0174173 0.156764 0.029057 0.017832 0.999419 -0.468402
105 118 599 0.999821 0.0121819 -0.0144532 0.838892 -0.0122561 0.999912 -0.00505607 0.0996885 0.0143903 0.00523231 0.999883 -0.53509
105 119 596 0.999853 0.0132151 -0.0108865 0.824605 -0.0132708 0.999899 -0.00505965 0.1149 0.0108185 0.00520338 0.999928 -0.553918
120 121 12 0.999981 0.00419992 0.00447361 -0.452271 -0.00423411 0.999962 0.00766145 0.0297904 -0.00444126 -0.00768025 0.999961 -0.891383
120 122 527 0.999899 0.00991622 -0.0101738 0.862803 -0.00985879 0.999935 0.00567977 0.36243 0.0102294 -0.0055789 0.999932 -0.352441
120 123 139 0.999714 0.0210901 0.0113009 0.17286 -0.0212797 0.99963 0.016932 -0.149383 -0.0109397 -0.0171676 0.999793 -0.973552
120 124 211 0.999766 0.0189556 0.0104667 0.388197 -0.0190713 0.999757 0.0110618 0.0645568 -0.0102545 -0.0112588 0.999884 -0.919313
120 125 593 0.999631 0.0271652 0.000926773 0.789572 -0.0271638 0.99963 -0.00149561 0.385261 -0.000967058 0.00146989 0.999998 -0.47765
120 126 583 0.999643 0.0259051 0.00658963 0.61055 -0.0259393 0.99965 0.00515635 0.0779315 -0.00645375 -0.00532543 0.999965 -0.788134
120 127 581 0.999547 0.0297692 -0.00440342 0.694785 -0.0298029 0.999525 -0.00779566 0.309355 0.00416926 0.00792337 0.99996 -0.649286
120 128 602 0.999347 0.030491 -0.0193646 0.693707 -0.0308158 0.999385 -0.016704 0.41156 0.0188433 0.0172898 0.999673 -0.591092
120 129 588 0.999478 0.031722 -0.00609473 0.534267 -0.0317585 0.999478 -0.00598852 0.262824 0.00590158 0.00617896 0.999963 -0.80342
120 130 587 0.99936 0.0323818 -0.0152254 0.526137 -0.0324877 0.999449 -0.00676024 0.230144 0.0149981 0.00725055 0.999861 -0.818666
120 131 611 0.999107 0.0358877 -0.0223055 0.522637 -0.0360904 0.99931 -0.00874966 0.293185 0.0219761 0.00954686 0.999713 -0.800558
120 132 593 0.999144 0.0328595 -0.0251419 0.465424 -0.0331284 0.999397 -0.0103528 0.348153 0.0247866 0.0111769 0.99963 -0.813738
120 133 617 0.997744 0.0404637 -0.0535665 0.683405 -0.0417389 0.998866 -0.0229052 0.449266 0.052579 0.0250893 0.998302 -0.575429
120 134 591 0.999443 0.0284727 -0.017392 0.261617 -0.0285462 0.999584 -0.00399578 0.33045 0.017271 0.00449004 0.999841 -0.90684
135 136 0 1 0 0 0 0 1 0 0 0 0 1 0
135 137 15 0.999922 0.00250875 -0.0122279 0.968726 -0.00250062 0.999997 0.000679681 0.162083 0.0122296 -0.000649051 0.999925 -0.187881
135 138 108 0.999967 0.00279201 -0.00758178 0.331408 -0.00275268 0.999983 0.00519356 0.00988122 0.00759615 -0.00517252 0.999958 -0.943436
135 139 132 0.999984 0.00451865 -0.00344223 -0.0385107 -0.00448695 0.999948 0.00916091 -0.0582042 0.00348344 -0.00914532 0.999952 -0.997562
135 140 577 0.999775 0.00629425 -0.0202521 0.658718 -0.00623949 0.999977 0.00276602 0.382165 0.020269 -0.00263904 0.999791 -0.648105
135 141 683 0.999563 0.00515854 -0.0291029 0.65889 -0.0054165 0.999947 -0.00879195 0.533088 0.029056 0.00894575 0.999538 -0.530736
135 142 676 0.998824 0.00946375 -0.0475483 0.727609 -0.0101735 0.99984 -0.0147073 0.506959 0.0474015 0.0151738 0.998761 -0.462144
135 143 657 0.998548 0.0135718 -0.052134 0.673201 -0.0145997 0.999705 -0.0193867 0.586099 0.0518555 0.0201197 0.998452 -0.450875
135 144 639 0.998257 0.0185988 -0.0560061 0.773886 -0.0187161 0.999824 -0.00157079 0.382778 0.055967 0.00261627 0.998429 -0.504562
135 145 613 0.999346 0.0180221 -0.0313577 0.394528 -0.0174474 0.999677 0.0185035 0.190013 0.031681 -0.0179443 0.999337 -0.899023
135 146 598 0.998634 0.0170937 -0.0493751 0.547947 -0.0165327 0.999794 0.0117496 0.324807 0.0495658 -0.0109172 0.998711 -0.770879
135 147 569 0.998523 0.0255376 -0.0479539 0.557113 -0.0246378 0.999511 0.0192616 0.328716 0.0484223 -0.0180517 0.998664 -0.762608
135 148 586 0.998674 0.0359154 -0.0368935 0.41304 -0.0344415 0.998612 0.0398392 0.161729 0.0382732 -0.0385157 0.998525 -0.896238
135 149 545 0.996717 0.0366565 -0.0721892 0.6819 -0.0350793 0.99912 0.0229976 0.366064 0.0729686 -0.0203898 0.997126 -0.633253
150 151 24 0.999864 0.0158903 0.00445957 -0.0192896 -0.0159589 0.999748 0.0157834 -0.481629 -0.00420765 -0.0158524 0.999865 -0.876163
150 152 15 0.999741 0.021866 0.00627751 -0.332374 -0.0219533 0.999658 0.0142 -0.243273 -0.00596487 -0.0143341 0.999879 -0.911233
150 153 33 0.99967 0.0253761 0.00407374 -0.0485438 -0.0254285 0.999587 0.0133689 -0.509307 -0.00373281 -0.0134681 0.999902 -0.859215
150 154 464 0.998956 0.0232194 -0.0393449 0.569864 -0.0205454 0.997538 0.0670534 -0.7973 0.040805 -0.066175 0.996973 -0.198917
150 155 102 0.999577 0.0248355 -0.0151078 0.487051 -0.0245687 0.999543 0.0175976 0.0210998 0.015538 -0.017219 0.999731 -0.873119
150 156 105 0.999648 0.025497 -0.0073877 0.213461 -0.0253587 0.999512 0.0182422 0.11399 0.00784921 -0.0180484 0.999806 -0.970279
150 157 472 0.998299 0.0340272 -0.047342 0.879701 -0.0339036 0.999419 0.00341011 0.35798 0.0474305 -0.00179924 0.998873 -0.313013
150 158 269 0.998716 0.0470637 -0.0187646 0.503124 -0.0465941 0.998608 0.0247251 0.00612018 0.0199021 -0.0238191 0.999518 -0.864193
150 159 444 0.996922 0.0426241 -0.0658071 0.831831 -0.0435789 0.998964 -0.0131425 0.516956 0.0651787 0.0159698 0.997746 -0.202023
150 160 382 0.998623 0.0358635 -0.0382963 0.492344 -0.0352711 0.999249 0.0160331 0.0832487 0.0388426 -0.0146603 0.999138 -0.866411
150 161 451 0.994007 0.0339932 -0.103895 0.801248 -0.0381259 0.998548 -0.0380535 0.549274 0.10245 0.0417865 0.99386 -0.237277
150 162 330 0.998749 0.0391534 -0.031094 0.30716 -0.0384583 0.999004 0.0226462 0.152991 0.0319497 -0.0214221 0.99926 -0.93928
150 163 416 0.995714 0.0430247 -0.0818678 0.752447 -0.0425651 0.999067 0.00735128 0.331449 0.0821077 -0.00383506 0.996616 -0.569179
150 164 381 0.997025 0.0486972 -0.0597464 0.440224 -0.0470694 0.998489 0.0283569 0.134853 0.061037 -0.0254603 0.997811 -0.887703
165 166 0 1 0 0 0 0 1 0 0 0 0 1 0
165 167 0 1 0 0 0 0 1 0 0 0 0 1 0
165 168 31 0.999793 0.0141936 -0.0146025 0.525278 -0.0140716 0.999866 0.00842147 0.209808 0.01472 -0.00821425 0.999858 -0.82466
165 169 481 0.999448 0.0199463 -0.0265622 0.748211 -0.0196956 0.999759 0.00966662 0.142429 0.0267486 -0.00913813 0.9996 -0.647992
165 170 671 0.996971 0.0176311 -0.0757546 0.896304 -0.0182258 0.999808 -0.00716717 0.279828 0.0756137 0.00852615 0.997101 -0.344
165 171 659 0.998566 0.0207775 -0.0493444 0.731181 -0.0206582 0.999782 0.00292577 0.27753 0.0493944 -0.0019022 0.998778 -0.623179
165 172 650 0.998357 0.0225111 -0.052691 0.697997 -0.0231677 0.999661 -0.011884 0.515832 0.0524056 0.0130852 0.99854 -0.496706
165 173 622 0.998954 0.0247978 -0.0384239 0.469524 -0.0245671 0.999677 0.00646501 0.23616 0.0385719 -0.00551428 0.999241 -0.85075
165 174 642 0.998718 0.0230776 -0.0450512 0.481311 -0.0226374 0.999691 0.0102573 0.227159 0.045274 -0.00922429 0.998932 -0.846604
165 175 609 0.99839 0.0285627 -0.0490036 0.47438 -0.0280378 0.999542 0.0113657 0.239429 0.0493058 -0.00997344 0.998734 -0.847135
165 176 598 0.997924 0.0371956 -0.0525837 0.550035 -0.036634 0.999261 0.0116046 0.216672 0.0529765 -0.00965416 0.998549 -0.806545
165 177 616 0.997497 0.0457529 -0.0539175 0.536954 -0.0453554 0.998934 0.00857498 0.24738 0.0542523 -0.00610807 0.998509 -0.806526
165 178 587 0.995179 0.0576903 -0.0793175 0.728612 -0.0591821 0.998109 -0.0165857 0.461032 0.0782107 0.0211999 0.996711 -0.506531
165 179 590 0.997127 0.0553414 -0.0517278 0.538836 -0.0555425 0.998453 -0.00245714 0.306395 0.0515118 0.00532317 0.998658 -0.784715
180 181 0 1 0 0 0 0 1 0 0 0 0 1 0
180 182 19 0.999965 0.00632044 -0.00549243 0.76555 -0.00634176 0.999972 -0.00387397 0.0211147 0.00546779 0.00390867 0.999977 -0.64303
180 183 92 0.999907 0.013623 -0.00028282 0.530224 -0.0136253 0.999844 -0.011262 0.316037 0.000129354 0.0112648 0.999937 -0.786755
180 184 747 0.999292 0.0184732 -0.032762 0.82405 -0.0195335 0.999286 -0.032345 0.484078 0.0321411 0.0329621 0.99894 -0.294295
180 185 717 0.999576 0.0274213 -0.00983391 0.463534 -0.0274998 0.99959 -0.00794359 -0.000128154 0.00961205 0.00821065 0.99992 -0.886079
180 186 485 0.999747 0.0220221 -0.00456261 0.33646 -0.0220803 0.99967 -0.0131423 0.154945 0.00427168 0.0132397 0.999903 -0.928863
180 187 710 0.999345 0.0271306 -0.0239463 0.661149 -0.0276023 0.999427 -0.0195888 0.18504 0.0234011 0.0202369 0.999521 -0.727077
180 188 689 0.999274 0.0347102 -0.0156764 0.497623 -0.0350155 0.999194 -0.0196408 0.134187 0.014982 0.0201754 0.999684 -0.856951
180 189 720 0.999018 0.0275719 -0.03467 0.620579 -0.0285873 0.999166 -0.0291399 0.267361 0.0338377 0.0301025 0.998974 -0.737157
180 190 675 0.996396 0.0288226 -0.0797787 0.837142 -0.0316984 0.998884 -0.0350187 0.257494 0.0786803 0.0374213 0.996197 -0.482588
180 191 671 0.997454 0.0209778 -0.0681523 0.715641 -0.0232373 0.9992 -0.0325329 0.219947 0.0674153 0.0340338 0.997144 -0.662934
180 192 694 0.997918 0.0286119 -0.0578025 0.647154 -0.0302722 0.999148 -0.0280544 0.196756 0.0569506 0.0297458 0.997934 -0.736531
180 193 667 0.997628 0.022746 -0.0649619 0.605196 -0.0248374 0.999193 -0.0315705 0.186167 0.0641913 0.0331091 0.997388 -0.774003
180 194 619 0.993597 0.0336574 -0.10785 0.801666 -0.0372363 0.998815 -0.0313431 0.166194 0.106667 0.0351583 0.993673 -0.574205
195 196 29 0.999838 -0.00772183 -0.0162356 0.733197 0.00778089 0.999963 0.00357737 0.205175 0.0162074 -0.00370312 0.999862 -0.648325
195 197 68 0.999855 -0.00393371 -0.0165634 0.455394 0.00422652 0.999835 0.0176809 -0.0489525 0.0164911 -0.0177484 0.999706 -0.888943
195 198 143 0.999543 -0.00492893 -0.0298336 0.614227 0.00564308 0.999698 0.0239011 0.0387814 0.0297068 -0.0240585 0.999269 -0.788176
195 199 645 0.99811 -0.00253177 -0.061395 0.891796 0.00439769 0.999532 0.0302759 0.0307729 0.0612896 -0.0304887 0.997654 -0.451391
195 200 635 0.996944 0.00149624 -0.0781056 0.928769 0.00195869 0.999023 0.0441388 -0.0669805 0.0780954 -0.0441569 0.995968 -0.364556
195 201 632 0.996781 0.00960038 -0.079593 0.972329 -0.00608251 0.998999 0.0443234 -0.0816457 0.0799388 -0.0436966 0.995842 -0.218883
195 202 380 0.998868 0.0130614 -0.0457373 0.582691 -0.0112169 0.999122 0.0403551 -0.0323127 0.0462242 -0.0397964 0.998138 -0.812051
195 203 629 0.992924 0.019763 -0.117098 0.974129 -0.0141413 0.998716 0.0486462 -0.0212137 0.117909 -0.046646 0.991928 -0.224993
195 204 266 0.998519 0.0334774 -0.0428851 0.476843 -0.0312381 0.998166 0.0518632 -0.191893 0.0445427 -0.0504467 0.997733 -0.857786
195 205 614 0.989859 0.0387379 -0.136671 0.95783 -0.0300221 0.997416 0.0652677 -0.192859 0.138846 -0.0605026 0.988464 -0.212997
195 206 609 0.991943 0.0344993 -0.121901 0.952406 -0.0281459 0.998173 0.0534622 -0.1241 0.123523 -0.0496004 0.991101 -0.278429
195 207 584 0.988234 0.0500781 -0.144522 0.936167 -0.0401467 0.99668 0.0708373 -0.228703 0.147589 -0.0642017 0.986963 -0.266993
195 208 578 0.995124 0.0448886 -0.0878205 0.875943 -0.0406848 0.997966 0.0490872 -0.132271 0.0898453 -0.0452749 0.994926 -0.463928
195 209 554 0.991041 0.055868 -0.121308 0.937786 -0.0499263 0.997425 0.0514814 -0.127573 0.123872 -0.0449637 0.991279 -0.322929
210 211 11 0.999959 0.00611561 0.00664185 -0.00618727 -0.00611651 0.999981 0.000113967 -0.515037 -0.00664102 -0.000154587 0.999978 0.857145
210 212 0 1 0 0 0 0 1 0 0 0 0 1 0
210 213 52 0.999811 0.00287771 0.019241 0.599108 -0.00283946 0.999994 -0.00201484 0.0869041 -0.0192467 0.00195983 0.999813 -0.795938
210 214 192 0.999863 0.00866837 0.0140963 0.712207 -0.00874847 0.999946 0.00563049 -0.0788544 -0.0140467 -0.00575304 0.999885 -0.697527
210 215 354 0.999936 0.00447206 0.0104219 0.805822 -0.00458162 0.999934 0.0105126 -0.107126 -0.0103742 -0.0105597 0.99989 -0.582387
210 216 420 0.999914 -0.0115543 0.00623814 0.80876 0.0114943 0.999888 0.00957982 0.0386906 -0.00634813 -0.00950729 0.999935 -0.586864
210 217 139 0.999185 -0.0257064 0.0311193 0.724257 0.0251969 0.999544 0.0166533 0.155204 -0.0315332 -0.0158556 0.999377 -0.671836
210 218 582 0.999947 -0.00983114 0.00310968 0.84867 0.00972847 0.999457 0.0314676 -0.0646949 -0.00341735 -0.0314357 0.9995 -0.524952
210 219 562 0.999832 -0.0157059 0.0094782 0.793362 0.0153507 0.999217 0.036453 -0.0572249 -0.0100433 -0.0363014 0.99929 -0.606054
210 220 627 0.999599 -0.0169135 -0.0226962 0.953912 0.0178788 0.998914 0.0430236 -0.0847561 0.0219439 -0.0434122 0.998816 -0.287868
210 221 526 0.99986 -0.0133596 0.0101158 0.902612 0.0129824 0.99925 0.0364704 -0.099256 -0.0105954 -0.0363339 0.999284 -0.418854
210 222 584 0.999989 -0.00462732 -0.00120918 0.905572 0.00466681 0.999376 0.0349987 -0.143965 0.00104647 -0.0350039 0.999387 -0.399015
210 223 564 0.999797 -0.0144885 0.0139878 0.849082 0.0140931 0.99951 0.0279625 -0.0713416 -0.0143861 -0.0277596 0.999511 -0.523421
210 224 580 0.999489 -0.00522344 -0.0315343 0.936765 0.00631072 0.999386 0.0344789 -0.101923 0.0313348 -0.0346603 0.998908 -0.334789
225 226 0 1 0 0 0 0 1 0 0 0 0 1 0
225 227 11 0.999884 0.0144749 0.00465079 0.267481 -0.0144541 0.999885 -0.00448195 -0.209295 -0.00471513 0.00441421 0.999979 -0.940558
225 228 14 0.999895 0.0109665 0.00943736 0.413718 -0.0108666 0.999885 -0.0105747 0.0870273 -0.00955224 0.0104711 0.9999 -0.906236
225 229 638 0.999167 0.0386017 -0.0132184 0.547502 -0.0381622 0.998758 0.0320272 -0.814497 0.0144383 -0.0314961 0.9994 -0.191925
225 230 141 0.999528 0.0306686 0.00168243 0.467969 -0.0306699 0.999529 0.000748232 -0.375891 -0.00165869 -0.000799479 0.999998 -0.79982
225 231 638 0.999142 0.0305669 -0.0279577 0.805437 -0.0303335 0.999502 0.0087355 -0.438398 0.0282108 -0.00787994 0.999571 -0.398847
225 232 618 0.999205 0.0342332 -0.0204207 0.855459 -0.034218 0.999414 0.00109207 -0.437442 0.0204462 -0.000392442 0.999791 -0.277192
225 233 606 0.999281 0.0302149 -0.0229194 0.904086 -0.0303874 0.999512 -0.00721252 -0.331843 0.0226903 0.00790379 0.999711 -0.269276
225 234 466 0.998816 0.0317408 0.036859 -0.926168 -0.0306143 0.999059 -0.0307339 0.27428 -0.0377998 0.0295692 0.998848 0.25881
225 235 575 0.997864 0.0107653 -0.0644318 0.978803 -0.011949 0.999766 -0.0180138 -0.15687 0.0642228 0.0187452 0.99776 -0.131671
225 236 486 0.999577 0.022127 -0.0188719 0.867451 -0.0225092 0.999541 -0.0202841 -0.323106 0.0184144 0.0207004 0.999616 -0.378327
225 237 244 0.999765 0.0193637 -0.00969655 0.955296 -0.0196476 0.999354 -0.0300925 -0.197043 0.00910758 0.0302759 0.9995 -0.220418
225 238 155 0.999133 0.0415733 0.0023025 0.766464 -0.0414856 0.998689 -0.030001 -0.318686 -0.00354672 0.0298794 0.999547 -0.557649
225 239 362 0.999353 0.0340777 -0.0115189 0.958662 -0.0344058 0.998969 -0.0296012 -0.216647 0.0104983 0.0299784 0.999495 -0.184478
240 241 0 1 0 0 0 0 1 0 0 0 0 1 0
240 242 18 0.999929 0.00457008 -0.0110041 0.893349 -0.00462094 0.999979 -0.00460115 -0.160954 0.0109828 0.00465168 0.999929 0.419549
240 243 344 0.99967 0.0105562 -0.023429 0.94051 -0.010774 0.9999 -0.00919177 -0.0716813 0.0233296 0.00944116 0.999683 0.332119
240 244 158 0.999698 0.0204532 -0.0135954 0.907552 -0.0205626 0.999757 -0.00795585 -0.278784 0.0134294 0.00823301 0.999876 0.314052
240 245 512 0.999657 0.0110493 -0.0237237 0.873859 -0.011487 0.999765 -0.0183961 -0.0416172 0.0235148 0.0186623 0.999549 0.484395
240 246 649 0.999553 0.00907427 -0.0284965 0.942823 -0.00972075 0.999697 -0.0226301 -0.0209532 0.0282825 0.022897 0.999338 0.332635
240 247 457 0.999666 0.00766368 -0.024689 0.935417 -0.00813494 0.999786 -0.0190446 0.0154153 0.0245378 0.0192391 0.999514 0.35321
240 248 369 0.999833 0.0128823 -0.0129612 0.902654 -0.0130251 0.999855 -0.0109999 -0.0599462 0.0128176 0.0111669 0.999855 0.426171
240 249 573 0.999349 0.0179532 -0.0312841 0.906371 -0.0183827 0.99974 -0.0134956 0.0879794 0.0310336 0.0140619 0.999419 0.41322
240 250 471 0.999711 0.0220634 -0.00952965 0.847062 -0.0220747 0.999756 -0.00107418 -0.0243529 0.00950362 0.00128423 0.999954 0.530935
240 251 481 0.999696 0.0183913 -0.0163984 0.954793 -0.0183972 0.999831 -0.000208859 -0.0302967 0.0163918 0.000510481 0.999866 0.295722
240 252 408 0.999797 0.0183151 0.00842471 0.941953 -0.0183611 0.999817 0.00541338 -0.0720671 -0.00832402 -0.00556697 0.99995 0.327918
240 253 497 0.999936 0.00588667 -0.00967781 0.903873 -0.0058984 0.999982 -0.00118433 0.0452749 0.00967066 0.00124134 0.999952 0.425399
240 254 482 0.999945 -0.00202952 0.010306 0.905122 0.00200465 0.999995 0.00242309 -0.00747283 -0.0103109 -0.0024023 0.999944 0.425086
255 256 14 0.999934 -0.0112348 0.00238454 -0.738417 0.0112339 0.999937 0.000360628 0.0172018 -0.00238844 -0.000333817 0.999997 -0.674125
255 257 58 0.999832 -0.0177829 -0.00454627 0.998843 0.0178045 0.99983 0.00476372 0.0479862 0.00446078 -0.00484387 0.999978 0.00311931
255 258 359 0.999822 -0.0188587 0.00105694 0.581605 0.018853 0.999809 0.00520742 0.0404861 -0.00115494 -0.00518657 0.999986 0.812463
255 259 392 0.999722 -0.0225281 -0.00694763 0.864299 0.0225312 0.999746 0.000362358 0.0549544 0.0069377 -0.000518795 0.999976 0.499968
255 260 517 0.999685 -0.0232716 -0.00937857 0.925038 0.0232634 0.999729 -0.000986052 0.0920335 0.00939898 0.000767564 0.999956 0.368557
255 261 605 0.999773 -0.020505 -0.00581 0.740791 0.0204689 0.999771 -0.00620908 0.195834 0.00593599 0.00608875 0.999964 0.642556
255 262 502 0.999778 -0.0189852 -0.00910321 0.945305 0.018997 0.999819 0.00121463 0.00629813 0.0090785 -0.0013873 0.999958 0.326128
255 263 572 0.999116 -0.0292127 -0.0302265 0.921239 0.029193 0.999573 -0.00109045 0.142137 0.0302454 0.000207085 0.999542 0.362098
255 264 620 0.998499 -0.0298384 -0.0459369 0.872376 0.0295729 0.999542 -0.00644812 0.185928 0.0461082 0.00507995 0.998924 0.452095
255 265 599 0.999594 -0.0221123 -0.0179533 0.787348 0.0222228 0.999735 0.0059798 0.014192 0.0178163 -0.00637635 0.999821 0.616345
255 266 588 0.998957 -0.0278159 -0.0362211 0.825282 0.0277481 0.999612 -0.00237327 0.117451 0.0362731 0.00136572 0.999341 0.552372
255 267 570 0.998888 -0.0274359 -0.038344 0.823433 0.0275803 0.999614 0.00324203 0.0147184 0.0382403 -0.00429597 0.999259 0.567223
255 268 566 0.998848 -0.032553 -0.0352452 0.737779 0.0324261 0.999465 -0.00416545 0.0647333 0.035362 0.00301778 0.99937 0.671931
255 269 568 0.998603 -0.03105 -0.0427486 0.799491 0.030889 0.999513 -0.00442168 0.0401446 0.042865 0.00309505 0.999076 0.599335
270 271 15 0.999978 0.00215319 0.00625245 -0.461672 -0.00213883 0.999995 -0.00230392 0.420771 -0.00625738 0.0022905 0.999978 0.780904
270 272 348 0.999766 0.0124261 0.0176878 -0.468369 -0.0123022 0.999899 -0.00709544 0.405021 -0.0177742 0.00687618 0.999818 0.785232
270 273 467 0.999939 0.0109634 -0.00144596 0.720741 -0.0109591 0.999936 0.00298173 -0.0787385 0.00147856 -0.0029657 0.999995 0.688718
270 274 627 0.999919 0.00796131 -0.00992707 0.702634 -0.00799093 0.999964 -0.00294771 0.0900613 0.00990324 0.0030268 0.999946 0.705829
270 275 579 0.999888 0.00965241 -0.0114654 0.747179 -0.00958179 0.999935 0.00619828 -0.100242 0.0115245 -0.00608773 0.999915 0.65702
270 276 555 0.999945 0.00606226 -0.0086081 0.719226 -0.00601067 0.999964 0.00600618 -0.0704401 0.0086442 -0.0059541 0.999945 0.691196
270 277 590 0.999834 0.00885286 -0.0159208 0.736455 -0.00871514 0.999924 0.00869879 -0.103836 0.0159966 -0.00855859 0.999835 0.66847
270 278 534 0.999797 0.0192716 -0.00590109 0.709897 -0.0191807 0.999702 0.0151021 -0.223201 0.00619037 -0.0149858 0.999869 0.668002
270 279 548 0.999634 0.0171374 -0.0209457 0.799059 -0.016891 0.999787 0.0118866 -0.0894404 0.021145 -0.0115284 0.99971 0.594563
270 280 523 0.999929 0.0108104 -0.00494504 0.729207 -0.010754 0.999879 0.0112785 -0.0810295 0.00506636 -0.0112245 0.999924 0.679479
270 281 588 0.999685 0.0211504 -0.0134963 0.768798 -0.020987 0.999706 0.0121357 -0.10263 0.013749 -0.0118486 0.999835 0.631202
270 282 507 0.999612 0.0158469 -0.0229185 0.791189 -0.0157612 0.999868 0.00391411 -0.0168434 0.0229775 -0.00355136 0.99973 0.61134
270 283 498 0.999544 0.0296995 0.00543164 0.703876 -0.0298089 0.999328 0.0213208 -0.153292 -0.00479478 -0.021473 0.999758 0.693585
270 284 535 0.999673 0.0232155 -0.0107566 0.755108 -0.0230948 0.99967 0.0112121 -0.0891497 0.0110133 -0.0109601 0.999879 0.649511
285 286 48 0.999993 0.000102357 0.00385151 0.381065 -9.38924e-05 0.999998 -0.00219775 -0.101004 -0.00385173 0.00219737 0.99999 0.919014
285 287 513 0.999979 0.00207947 -0.00606804 0.837369 -0.00212903 0.999964 -0.00817178 -0.108077 0.00605083 0.00818453 0.999948 0.535847
285 288 121 0.99998 0.00403855 0.00485102 0.776312 -0.00400325 0.999966 -0.00726573 -0.247944 -0.00488019 0.00724617 0.999962 0.579537
285 289 519 0.999993 -0.000371096 0.0037175 0.589217 0.000408409 0.999949 -0.0100415 -0.124599 -0.00371359 0.010043 0.999943 0.79831
285 290 501 0.99999 0.00399087 0.00198702 0.62946 -0.00396483 0.999908 -0.0129394 -0.211251 -0.00203848 0.0129314 0.999914 0.747765
285 291 614 0.999853 0.0113687 -0.0128217 0.866157 -0.011589 0.999784 -0.0172439 -0.105476 0.0126229 0.01739 0.999769 0.488515
285 292 577 0.99986 0.0164304 -0.00305617 0.765818 -0.0164568 0.999826 -0.00882927 -0.319948 0.00291057 0.00887834 0.999956 0.557813
285 293 552 0.99981 0.0188616 -0.00483636 0.721875 -0.018922 0.99974 -0.0127414 -0.32314 0.00459477 0.0128305 0.999907 0.611945
285 294 529 0.999722 0.0204927 -0.0116503 0.777456 -0.0206726 0.999666 -0.0155382 -0.282875 0.0113279 0.0157747 0.999811 0.561733
285 295 518 0.999423 0.0289792 -0.0177092 0.817256 -0.0292654 0.999442 -0.016125 -0.230824 0.0172321 0.0166339 0.999713 0.528028
285 296 463 0.999149 0.0334678 -0.0241265 0.780809 -0.0338251 0.999322 -0.0145568 -0.274686 0.023623 0.0153605 0.999603 0.561146
285 297 536 0.999052 0.0419414 -0.0116395 0.804481 -0.0422126 0.998817 -0.0241277 -0.237393 0.0106138 0.0245962 0.999641 0.544477
285 298 533 0.998812 0.0437218 -0.0215031 0.82732 -0.0441307 0.998846 -0.0189269 -0.251805 0.0206508 0.0198534 0.99959 0.502131
285 299 514 0.998595 0.0482396 -0.0219508 0.794023 -0.0486427 0.99865 -0.0182147 -0.269766 0.0210425 0.0192569 0.999593 0.544751
300 301 0 1 0 0 0 0 1 0 0 0 0 1 0
300 302 98 0.99999 -0.00328101 -0.00297649 0.124868 0.0032794 0.999994 -0.000546868 -0.277776 0.00297826 0.000537102 0.999995 0.952496
300 303 0 1 0 0 0 0 1 0 0 0 0 1 0
300 304 14 0.999883 0.00071849 -0.0153061 0.987008 -0.000695936 0.999999 0.00147879 -0.160668 0.0153071 -0.00146796 0.999882 -0.000782022
300 305 463 0.999666 0.00324299 -0.025632 0.938548 -0.00321203 0.999994 0.00124881 -0.0582612 0.0256359 -0.00116606 0.999671 0.340195
300 306 370 0.999687 0.00614537 -0.024247 0.973421 -0.00611588 0.99998 0.00128996 -0.0425809 0.0242545 -0.00114126 0.999705 0.22503
300 307 365 0.999723 0.0103278 -0.0211372 0.870151 -0.0102335 0.999937 0.00456618 -0.0939998 0.021183 -0.00434861 0.999766 0.483737
300 308 636 0.998829 0.0149474 -0.0460148 0.924004 -0.0150269 0.999886 -0.00138134 0.053964 0.045989 0.00207118 0.99894 0.378557
300 309 586 0.998844 0.0132594 -0.0462137 0.972432 -0.0132468 0.999912 0.00058015 0.0278511 0.0462173 3.27021e-05 0.998931 0.231516
300 310 532 0.999005 0.0164414 -0.0414687 0.978241 -0.0161726 0.999846 0.00680828 -0.00679963 0.0415742 -0.00613084 0.999117 0.207361
300 311 561 0.998206 0.0189869 -0.0567809 0.971098 -0.0184744 0.999784 0.00953808 -0.0384863 0.0569498 -0.00847198 0.998341 0.235559
300 312 565 0.997639 0.0212341 -0.0653058 0.979928 -0.0205843 0.999732 0.010606 -0.0343014 0.0655135 -0.00923673 0.997809 0.196376
300 313 395 0.999075 0.024642 -0.0352372 0.957359 -0.0240717 0.999574 0.0165181 -0.0829871 0.0356292 -0.0156546 0.999242 0.276726
300 314 431 0.996763 0.0342801 -0.07272 0.975804 -0.033297 0.999338 0.0146899 -0.0520603 0.0731754 -0.012221 0.997244 0.212361
315 316 34 0.999957 0.00132434 -0.00920733 0.828456 -0.00144069 0.999919 -0.0126415 0.469415 0.00918984 0.0126542 0.999878 -0.305468
315 317 434 0.999784 0.00246665 -0.0206354 0.914812 -0.00286635 0.999808 -0.0193625 0.379419 0.0205837 0.0194175 0.9996 -0.13842
315 318 0 1 0 0 0 0 1 0 0 0 0 1 0
315 319 427 0.999367 0.00740061 -0.0348018 0.999628 -0.00795419 0.999844 -0.0157952 0.027124 0.0346795 0.0160621 0.999269 0.00268875
315 320 340 0.999507 0.016105 -0.0269646 0.998674 -0.0165004 0.999759 -0.0145027 -0.0396447 0.0267245 0.0149405 0.999531 -0.0328315
315 321 312 0.999379 0.0244666 -0.0253541 0.994788 -0.0249478 0.999511 -0.0188378 0.0128314 0.0248808 0.0194586 0.999501 -0.101155
315 322 376 0.99874 0.0359504 -0.0350072 0.996411 -0.0365684 0.999184 -0.0171754 -0.0657143 0.0343611 0.0184339 0.999239 -0.0533611
315 323 416 0.996751 0.0464118 -0.0658269 0.999588 -0.0477253 0.998689 -0.0185232 0.0231419 0.0648809 0.0216046 0.997659 0.0169927
315 324 286 0.997429 0.0525232 -0.0487545 0.995477 -0.0531886 0.998507 -0.0124504 -0.0419907 0.0480278 0.0150116 0.998733 -0.0852203
315 325 102 0.998291 0.0511146 -0.0283178 0.729123 -0.0514633 0.998606 -0.011724 0.0900398 0.0276791 0.0131613 0.99953 -0.678434
315 326 256 0.996956 0.0593373 -0.0505718 0.928873 -0.0600178 0.998125 -0.0120433 0.0198976 0.0497623 0.0150419 0.998648 0.369864
315 327 287 0.995824 0.0653928 -0.0637044 0.985505 -0.0662914 0.997727 -0.012093 -0.0280104 0.0627688 0.0162655 0.997896 0.167317
315 328 363 0.994574 0.061124 -0.0841795 0.993196 -0.0626852 0.997905 -0.0160268 0.0944634 0.0830235 0.0212166 0.996322 -0.0681016
315 329 201 0.996013 0.0650497 -0.0610493 0.955678 -0.0655022 0.997838 -0.00543794 0.0109566 0.0605636 0.00941512 0.99812 -0.294209
330 331 0 1 0 0 0 0 1 0 0 0 0 1 0
330 332 40 0.999896 0.00403835 -0.013861 0.943475 -0.0040773 0.999988 -0.00278255 0.331407 0.0138496 0.00283877 0.9999 0.00502687
330 333 0 1 0 0 0 0 1 0 0 0 0 1 0
330 334 304 0.99969 -0.000909982 -0.0248763 0.976205 0.000980518 0.999996 0.00282344 0.200921 0.0248737 -0.00284695 0.999687 0.0815743
330 335 48 0.99999 -0.00344363 -0.00301357 -0.940539 0.00346649 0.999965 0.00761582 -0.204546 0.00298724 -0.00762618 0.999966 0.271197
330 336 421 0.999508 -0.001329 -0.031327 0.97938 0.00145219 0.999991 0.00390997 0.0719542 0.0313215 -0.00395354 0.999502 0.18878
330 337 408 0.999438 -0.00118785 -0.0334952 0.99085 0.00127834 0.999996 0.00268016 0.116719 0.0334919 -0.00272148 0.999435 0.0677694
330 338 505 0.999182 -0.000530198 -0.0404293 0.990807 0.000775986 0.999981 0.00606402 0.0433169 0.0404253 -0.00609043 0.999164 0.128163
330 339 594 0.998621 0.00247639 -0.052446 0.967657 -0.00227833 0.99999 0.00383607 0.0683809 0.052455 -0.00371129 0.998616 0.242824
330 340 562 0.998827 0.00342792 -0.0483001 0.979167 -0.00321518 0.999985 0.00448137 0.0440693 0.0483148 -0.00432082 0.998823 0.198215
330 341 601 0.997311 0.00497756 -0.0731212 0.977023 -0.00490632 0.999987 0.00115381 0.0873729 0.073126 -0.000791955 0.997322 0.194402
330 342 582 0.996824 0.00824685 -0.0792038 0.97158 -0.00764844 0.99994 0.00785581 -0.000282388 0.0792638 -0.00722508 0.996827 0.23671
