0 1 0 1 0 0 0 0 1 0 0 0 0 1 0
0 2 10 0.999998 -0.00200979 -0.000855588 0.326275 0.00201145 0.999996 0.00194221 -0.0504101 0.000851681 -0.00194393 0.999998 0.94393
0 3 0 1 0 0 0 0 1 0 0 0 0 1 0
0 4 10 0.999986 -0.0053351 0.000690483 -0.109028 0.00533308 0.999982 0.00289099 0.173083 -0.000705894 -0.00288727 0.999996 -0.978854
0 5 0 1 0 0 0 0 1 0 0 0 0 1 0
0 6 0 1 0 0 0 0 1 0 0 0 0 1 0
0 7 10 0.999989 -0.00447475 -0.00114738 0.30013 0.00447765 0.999987 0.0025403 0.00437759 0.001136 -0.00254541 0.999996 0.953888
0 8 0 1 0 0 0 0 1 0 0 0 0 1 0
0 9 16 0.999987 -0.00490652 -0.00130239 0.14071 0.00490998 0.999984 0.00266864 -0.0485553 0.00128928 -0.002675 0.999996 0.988859
0 10 41 0.999993 -0.00317019 -0.00215257 0.323434 0.00317855 0.999987 0.00389153 -0.095529 0.00214021 -0.00389834 0.99999 0.941416
0 11 0 1 0 0 0 0 1 0 0 0 0 1 0
0 12 0 1 0 0 0 0 1 0 0 0 0 1 0
0 13 0 1 0 0 0 0 1 0 0 0 0 1 0
0 14 0 1 0 0 0 0 1 0 0 0 0 1 0
15 16 0 1 0 0 0 0 1 0 0 0 0 1 0
15 17 0 1 0 0 0 0 1 0 0 0 0 1 0
15 18 0 1 0 0 0 0 1 0 0 0 0 1 0
15 19 0 1 0 0 0 0 1 0 0 0 0 1 0
15 20 16 0.999977 0.00648163 0.00185167 -0.0662336 -0.00648689 0.999975 0.00284502 0.0106148 -0.00183318 -0.00285697 0.999994 -0.997748
15 21 0 1 0 0 0 0 1 0 0 0 0 1 0
15 22 76 0.999969 0.00681369 0.00400035 0.0978724 -0.00682844 0.99997 0.0036848 -0.0651105 -0.00397513 -0.003712 0.999985 0.993067
15 23 48 0.999984 0.00516484 0.00230974 0.0897496 -0.00517087 0.999983 0.00261599 -0.051378 -0.00229619 -0.00262789 0.999994 0.994638
15 24 0 1 0 0 0 0 1 0 0 0 0 1 0
15 25 827 0.999832 0.0032968 -0.0180512 0.911659 -0.00315772 0.999965 0.00772803 -0.0969271 0.0180761 -0.00766973 0.999807 0.399354
15 26 803 0.99983 0.00417991 -0.0179769 0.90615 -0.00414638 0.99999 0.00190156 0.033424 0.0179846 -0.0018267 0.999837 0.421634
15 27 835 0.999688 0.00378507 -0.0246889 0.970351 -0.0036542 0.999979 0.00534357 -0.0888563 0.0247087 -0.00525168 0.999681 0.224776
15 28 325 0.999953 0.00821883 0.00519735 0.0917816 -0.00822645 0.999965 0.00144748 -0.0474067 -0.00518527 -0.00149017 0.999985 0.99465
15 29 804 0.999847 0.0044977 -0.0169048 0.896679 -0.00438571 0.999968 0.00665604 -0.299385 0.0169342 -0.00658088 0.999835 0.32609
30 31 0 1 0 0 0 0 1 0 0 0 0 1 0
30 32 0 1 0 0 0 0 1 0 0 0 0 1 0
30 33 49 0.999978 -0.000937312 0.00658048 0.232355 0.000968366 0.999988 -0.00471756 -0.104604 -0.00657598 0.00472383 0.999967 0.96699
30 34 767 0.999966 0.000154893 -0.00826379 0.891709 -0.000177965 0.999996 -0.0027913 -0.421489 0.00826333 0.00279267 0.999962 0.164928
30 35 10 0.999913 0.00203377 0.0130222 -0.274345 -0.00185398 0.999903 -0.0138035 0.259109 -0.013049 0.0137781 0.99982 0.926065
30 36 0 1 0 0 0 0 1 0 0 0 0 1 0
30 37 0 1 0 0 0 0 1 0 0 0 0 1 0
30 38 17 0.9998 -0.00757513 0.018514 -0.0990807 0.00772798 0.999937 -0.00819827 -0.219471 -0.0184507 0.0083397 0.999795 0.970575
30 39 51 0.999906 -0.0114051 0.00760779 0.877272 0.0114621 0.999906 -0.00749144 -0.0510786 -0.00752164 0.00757794 0.999943 0.477268
30 40 713 0.999935 -0.0113036 -0.00118922 0.970134 0.0112939 0.999905 -0.00788672 0.157907 0.00127825 0.00787278 0.999968 -0.184136
30 41 55 0.999466 -0.0110027 0.0307727 0.186154 0.0109207 0.999936 0.00283192 0.13453 -0.0308019 -0.00249434 0.999522 -0.973267
30 42 123 0.99987 -0.00741923 0.0143241 0.900116 0.00742679 0.999972 -0.000474442 -0.057456 -0.0143202 0.000580763 0.999897 0.431844
30 43 579 0.999981 -0.003477 0.00508616 0.990617 0.00347834 0.999994 -0.000254034 -0.136562 -0.00508525 0.000271721 0.999987 -0.00533704
30 44 522 0.999963 -0.00850775 0.0013333 0.995724 0.00851126 0.99996 -0.00264947 0.0671864 -0.00131071 0.00266072 0.999996 -0.0633961
45 46 10 0.99991 0.00246233 -0.0131864 0.84223 -0.00249035 0.999995 -0.00210919 0.451798 0.0131811 0.00214184 0.999911 -0.294156
45 47 0 1 0 0 0 0 1 0 0 0 0 1 0
45 48 0 1 0 0 0 0 1 0 0 0 0 1 0
45 49 0 1 0 0 0 0 1 0 0 0 0 1 0
45 50 27 0.999759 0.0217179 0.00309245 0.3322 -0.0217692 0.999608 0.0176225 0.0159999 -0.00270852 -0.0176855 0.99984 -0.943073
45 51 25 0.999811 0.0192535 -0.00262526 0.10924 -0.0192054 0.999666 0.0172703 -0.093776 0.0029569 -0.0172166 0.999847 0.989582
45 52 33 0.999785 0.0200727 -0.00528221 -0.112625 -0.0199944 0.999695 0.0144829 0.0395863 0.00557131 -0.0143741 0.999881 -0.992849
45 53 39 0.999725 0.0226614 -0.00602188 0.0118002 -0.0225955 0.999686 0.0107912 -0.095495 0.00626453 -0.0106522 0.999924 0.99536
45 54 92 0.999653 0.024164 -0.0104716 0.153362 -0.0241187 0.999699 0.00443884 -0.0608563 0.0105757 -0.00418474 0.999935 0.986294
45 55 777 0.998965 0.0260809 -0.0372599 0.968998 -0.0261481 0.999657 -0.00131876 0.230774 0.0372127 0.00229168 0.999305 0.088246
45 56 775 0.998748 0.0275925 -0.0417194 0.968869 -0.0276838 0.999615 -0.00161217 0.117639 0.0416589 0.00276511 0.999128 0.217839
45 57 758 0.998282 0.0290403 -0.0508895 0.972876 -0.0294206 0.999544 -0.0067391 0.195435 0.0506706 0.00822472 0.998682 0.123763
45 58 117 0.998664 0.0263434 -0.0444582 0.983901 -0.0265692 0.999637 -0.00449693 0.147385 0.0443236 0.00567214 0.999001 -0.101077
45 59 766 0.997114 0.0291182 -0.0701098 0.988182 -0.0297172 0.99953 -0.00751575 0.152998 0.069858 0.00957753 0.997511 -0.00937327
60 61 0 1 0 0 0 0 1 0 0 0 0 1 0
60 62 512 0.999846 0.00268581 -0.0173187 0.94718 -0.00262095 0.999989 0.00376697 0.198145 0.0173287 -0.003721 0.999843 -0.252167
60 63 0 1 0 0 0 0 1 0 0 0 0 1 0
60 64 757 0.999632 0.0129802 -0.0238383 0.988561 -0.0126794 0.999839 0.0127266 -0.126558 0.0239996 -0.0124196 0.999635 0.0820355
60 65 509 0.999939 0.0110613 0.000112783 0.995008 -0.0110617 0.999928 0.00461953 0.00368962 -6.16765e-05 -0.00462049 0.999989 0.0997256
60 66 336 0.999955 0.00906884 0.00267486 0.962303 -0.00907898 0.999952 0.00380317 -0.0656417 -0.00264024 -0.00382728 0.999989 0.263941
60 67 202 0.999971 0.00456016 0.0061165 0.896885 -0.0045411 0.999985 -0.00312582 0.145717 -0.00613067 0.00309795 0.999976 0.41757
60 68 755 0.999817 0.0122585 -0.014655 0.988831 -0.0122684 0.999925 -0.000585544 -0.0466525 0.0146467 0.000765231 0.999892 0.141552
60 69 754 0.99996 0.00787844 -0.00417294 0.993783 -0.00790391 0.99995 -0.00612441 0.0327516 0.00412448 0.00615715 0.999973 0.106404
60 70 733 0.999915 0.0123993 -0.00391786 0.986806 -0.012427 0.999897 -0.0071295 0.0814652 0.00382905 0.00717759 0.999967 0.13992
60 71 724 0.999771 0.0159015 -0.0143083 0.992347 -0.0158655 0.999871 0.00262577 -0.078553 0.0143482 -0.00239816 0.999894 0.0952722
60 72 720 0.999621 0.0205544 -0.0182978 0.999694 -0.0206023 0.999785 -0.00243266 0.0120452 0.0182439 0.00280871 0.99983 0.0216093
60 73 720 0.999786 0.0185361 0.00915535 0.981442 -0.0185185 0.999826 -0.00200908 -0.0499132 -0.00919101 0.0018391 0.999956 0.185149
60 74 682 0.999158 0.0218555 -0.0347139 0.984565 -0.0223429 0.999656 -0.0137137 0.0460424 0.0344022 0.0144777 0.999303 0.168853
75 76 0 1 0 0 0 0 1 0 0 0 0 1 0
75 77 12 0.999891 -0.00676617 -0.0131033 0.696364 0.00663367 0.999927 -0.0101286 0.623808 0.0131709 0.0100406 0.999863 -0.354881
75 78 826 0.999409 0.0033225 -0.0342266 0.91934 -0.00281728 0.999887 0.0147987 -0.348763 0.0342719 -0.0146935 0.999305 -0.182152
75 79 31 0.999964 0.00266073 -0.00805233 0.978393 -0.00269657 0.999986 -0.0044438 0.144152 0.0080404 0.00446535 0.999958 0.148211
75 80 424 0.999954 0.00199253 -0.00942687 0.970617 -0.00206559 0.999968 -0.00774687 0.233061 0.00941113 0.00776599 0.999926 -0.0598836
75 81 781 0.999487 -0.00118728 -0.0319969 0.957798 0.000983928 0.999979 -0.0063704 0.210497 0.0320038 0.00633565 0.999468 -0.195741
75 82 404 0.999852 -0.00213269 -0.0170627 0.945433 0.00218669 0.999993 0.00314651 0.000977916 0.0170559 -0.00318335 0.999849 -0.325814
75 83 794 0.999448 -0.000636812 -0.0332263 0.993073 0.000772934 0.999991 0.00408415 -0.0621361 0.0332234 -0.00410758 0.99944 -0.0997296
75 84 783 0.999033 -7.61639e-05 -0.043972 0.993521 2.19864e-06 0.999999 -0.00168215 0.0952616 0.043972 0.00168042 0.999031 -0.0619831
75 85 773 0.999548 -0.00249366 -0.0299479 0.998493 0.00270268 0.999972 0.00694099 -0.0107642 0.0299297 -0.0070188 0.999527 -0.0538064
75 86 726 0.998691 0.000727767 -0.0511474 0.994956 -3.78635e-06 0.9999 0.0141535 -0.0489619 0.0511525 -0.0141348 0.998591 -0.0875556
75 87 727 0.999147 0.00243641 -0.0412335 0.999371 -0.00188753 0.999909 0.0133453 0.0326401 0.0412623 -0.013256 0.99906 0.0138822
75 88 673 0.999891 0.00417116 -0.0141353 0.988904 -0.00391831 0.999833 0.0178689 -0.0341053 0.0142074 -0.0178116 0.99974 0.144589
75 89 688 0.999947 0.00332506 -0.00977338 0.928658 -0.00315783 0.999849 0.0170762 0.0274834 0.00982868 -0.0170444 0.999806 0.369918
90 91 32 0.999993 0.0017046 0.00336871 0.160979 -0.00172801 0.999974 0.00695815 -0.0824585 -0.00335676 -0.00696392 0.99997 0.983507
90 92 378 0.999991 0.00309446 -0.00279529 0.735979 -0.00306735 0.999949 0.00964884 -0.104377 0.002825 -0.00964018 0.99995 0.66891
90 93 68 0.999673 0.0123758 0.0223685 -0.0799181 -0.0125541 0.99989 0.00784582 0.0263889 -0.022269 -0.00812407 0.999719 0.996452
90 94 336 0.999554 0.012829 0.026963 0.0900824 -0.0130203 0.999891 0.00693156 -0.0820019 -0.0268711 -0.00727953 0.999612 0.992553
90 95 351 0.999807 0.00931402 0.0172904 0.572324 -0.00943856 0.99993 0.00713575 -0.260181 -0.0172228 -0.00729757 0.999825 0.777658
90 96 751 0.999923 0.00894507 -0.00855041 0.899261 -0.00884843 0.999897 0.011274 -0.263188 0.00865038 -0.0111975 0.9999 0.349373
90 97 721 0.999812 0.0104221 -0.016342 0.892561 -0.0101523 0.999812 0.0165051 -0.361413 0.0165109 -0.0163361 0.99973 0.269659
90 98 662 0.99971 0.00613603 -0.0232781 0.907463 -0.00621043 0.999976 -0.0031252 -0.114611 0.0232584 0.00326886 0.999724 0.404197
90 99 676 0.999868 0.00215423 -0.0161245 0.851389 -0.00236288 0.999914 -0.0129317 -0.109621 0.0160953 0.0129681 0.999786 0.512953
90 100 679 0.999382 0.00139444 -0.0351259 0.962827 -0.00150537 0.999994 -0.00313181 -0.231104 0.0351213 0.00318276 0.999378 0.139841
90 101 585 0.999776 -0.000471584 -0.0211512 0.917158 0.000255584 0.999948 -0.0102137 -0.261666 0.0211549 0.0102061 0.999724 0.300587
90 102 604 0.999627 -0.00652743 -0.0265175 0.931488 0.00609456 0.999847 -0.0163721 -0.275338 0.0266204 0.0162044 0.999514 0.237739
90 103 556 0.999633 -0.0085296 -0.0256995 0.946327 0.00792908 0.999695 -0.0233787 -0.191874 0.0258911 0.0231664 0.999396 0.260095
90 104 573 0.999959 -0.00773912 -0.00460136 0.953661 0.00760084 0.99954 -0.0293455 -0.224482 0.00482635 0.0293093 0.999559 0.200347
105 106 15 0.999987 -0.0002983 0.00504587 0.345888 0.000320358 0.99999 -0.00437111 0.0683733 -0.00504452 0.00437267 0.999978 -0.935781
105 107 641 0.99995 0.00411117 -0.00909679 0.901465 -0.00409774 0.99999 0.00149434 -0.358061 0.00910285 -0.00145699 0.999958 -0.243214
105 108 66 0.999828 0.00450579 0.0179898 0.303064 -0.00426651 0.999902 -0.0133175 0.0657285 -0.0180481 0.0132384 0.999749 -0.950701
105 109 691 0.999944 0.00952787 -0.00458601 0.956158 -0.00958975 0.999861 -0.0136656 -0.0563279 0.00445517 0.0137088 0.999896 -0.287383
105 110 683 0.999961 0.00886407 -0.000392528 0.854673 -0.00886858 0.999869 -0.0135696 -0.0204291 0.000272194 0.0135726 0.999908 -0.518764
105 111 214 0.999506 0.00877671 0.0301914 0.221855 -0.00828685 0.999833 -0.0163125 0.0224557 -0.0303295 0.0160542 0.999411 -0.974821
105 112 658 0.999465 0.0145821 -0.0292878 0.940415 -0.0146727 0.999888 -0.00287868 -0.193942 0.0292425 0.00330687 0.999567 -0.279297
105 113 345 0.999792 0.00825812 0.0186584 0.430059 -0.00789962 0.999784 -0.0192064 0.0181019 -0.018813 0.019055 0.999641 -0.902619
105 114 589 0.999875 0.00607612 -0.0146072 0.846332 -0.0064027 0.999728 -0.0224155 0.132375 0.014467 0.0225062 0.999642 -0.515945
105 115 613 0.999947 0.0100801 0.00210099 0.761559 -0.0100633 0.999918 -0.00789324 -0.0172609 -0.00218038 0.00787168 0.999967 -0.647866
105 116 618 0.99969 0.0137158 -0.0207759 0.927 -0.0141579 0.999673 -0.0212821 0.171958 0.0204772 0.0215697 0.999558 -0.33332
105 117 520 0.999327 0.0191621 0.0312708 0.338365 -0.0191324 0.999816 -0.00124851 0.00801298 -0.031289 0.000649385 0.99951 -0.940981
105 118 561 0.999827 0.0115236 0.0145965 0.642288 -0.0115128 0.999933 -0.000824499 0.0705305 -0.0146051 0.00065631 0.999893 -0.763211
105 119 569 0.99887 0.0219032 -0.0421821 0.901106 -0.0216485 0.999745 0.00648513 0.00119787 0.0423133 -0.00556462 0.999089 -0.433597
120 121 27 1 -0.000200237 -0.000947127 0.412665 0.000203253 0.999995 0.00318534 0.40709 0.000946484 -0.00318553 0.999994 -0.814853
120 122 64 0.999825 0.0154985 0.0104753 -0.0529154 -0.0156491 0.999773 0.0144517 -0.226497 -0.010249 -0.0146131 0.999841 -0.972573
120 123 125 0.99975 0.0183224 0.0127868 0.0812406 -0.018511 0.999719 0.0147865 -0.0982662 -0.0125123 -0.0150195 0.999809 -0.991839
120 124 341 0.999813 0.0192566 0.00192809 0.819529 -0.0192703 0.999787 0.00735522 0.199113 -0.00178604 -0.007391 0.999971 -0.537333
120 125 591 0.999632 0.0271299 0.000499587 0.820935 -0.0271299 0.999632 -0.000102103 0.35621 -0.000502173 8.85112e-05 1 -0.446297
120 126 595 0.999501 0.0309935 -0.00615937 0.776098 -0.0310078 0.999517 -0.00224148 0.243658 0.00608692 0.00243134 0.999979 -0.581638
120 127 591 0.999548 0.0299743 0.00245879 0.502061 -0.0299647 0.999544 -0.00384897 0.245046 -0.00257304 0.00377355 0.99999 -0.829389
120 128 600 0.999402 0.0285578 -0.0194709 0.707913 -0.0288488 0.999474 -0.0148306 0.376451 0.0190371 0.0153835 0.9997 -0.597616
120 129 576 0.999296 0.0339295 -0.0159973 0.676747 -0.0339773 0.999419 -0.00272479 0.174684 0.0158956 0.00326642 0.999868 -0.715192
120 130 575 0.999125 0.0328532 -0.0258937 0.631112 -0.0332028 0.999362 -0.013187 0.315626 0.0254439 0.0140352 0.999578 -0.708575
120 131 570 0.998634 0.0350424 -0.0387483 0.629211 -0.0359963 0.999059 -0.0241981 0.435726 0.0378639 0.0255598 0.998956 -0.643611
120 132 571 0.998423 0.0344481 -0.044324 0.659081 -0.034967 0.999328 -0.0109865 0.315246 0.0439158 0.012519 0.998957 -0.682812
120 133 557 0.998355 0.0382272 -0.0427304 0.624709 -0.0385233 0.999239 -0.00612738 0.301084 0.0424637 0.00776342 0.999068 -0.720477
120 134 551 0.99795 0.0393031 -0.0505011 0.632397 -0.0402181 0.999042 -0.017231 0.434752 0.0497755 0.0192268 0.998575 -0.641144
135 136 11 1 0.000149728 -0.000300309 0.0748613 -0.000148609 0.999993 0.00371952 -0.067421 0.000300864 -0.00371947 0.999993 0.994912
135 137 0 1 0 0 0 0 1 0 0 0 0 1 0
135 138 0 1 0 0 0 0 1 0 0 0 0 1 0
135 139 707 0.999628 0.0018179 -0.0272128 0.716667 -0.0020438 0.999964 -0.0082759 0.549115 0.0271968 0.00832844 0.999595 -0.429955
135 140 676 0.999186 0.00729071 -0.0396781 0.803415 -0.0077138 0.999915 -0.0105204 0.480285 0.039598 0.0108179 0.999157 -0.351926
135 141 673 0.999119 0.00880429 -0.0410233 0.84625 -0.00889834 0.999958 -0.00211059 0.312093 0.041003 0.00247378 0.999156 -0.431809
135 142 659 0.999193 0.0107488 -0.0386928 0.70637 -0.0109253 0.999931 -0.00435267 0.400733 0.0386434 0.00477189 0.999242 -0.583485
135 143 642 0.999479 0.00824275 -0.0311994 0.521535 -0.00803558 0.999945 0.0067596 0.230295 0.0312534 -0.00650537 0.99949 -0.821563
135 144 627 0.99913 0.0103215 -0.0404034 0.578942 -0.0100603 0.999927 0.00666366 0.297176 0.0404692 -0.00625139 0.999161 -0.759284
135 145 605 0.998823 0.0185271 -0.044828 0.597947 -0.0181196 0.999791 0.00948146 0.319945 0.0449943 -0.00865804 0.99895 -0.734912
135 146 567 0.998993 0.0278974 -0.035142 0.399722 -0.0267984 0.999149 0.0313665 0.0720186 0.0359871 -0.0303931 0.99889 -0.913803
135 147 554 0.998633 0.0294016 -0.0432077 0.489291 -0.0280945 0.999138 0.0305532 0.181522 0.0440687 -0.0292976 0.998599 -0.853021
135 148 547 0.997984 0.0358218 -0.0523962 0.600158 -0.0342595 0.99895 0.0304181 0.271896 0.0534308 -0.0285617 0.998163 -0.752251
135 149 520 0.995629 0.0423338 -0.0832463 0.751963 -0.040684 0.998943 0.0214162 0.356513 0.0840649 -0.0179358 0.996299 -0.554482
150 151 0 1 0 0 0 0 1 0 0 0 0 1 0
150 152 119 0.999553 0.0298724 -0.000692835 0.479944 -0.0298712 0.999552 0.00168421 0.837948 0.000742837 -0.00166277 0.999998 0.259801
150 153 463 0.999311 0.0274958 -0.0249174 0.758731 -0.0278831 0.999494 -0.0153278 0.651351 0.0244833 0.016012 0.999572 0.00832808
150 154 461 0.999014 0.022397 -0.0383375 0.749605 -0.0230905 0.999576 -0.0177419 0.636611 0.0379239 0.0186097 0.999107 -0.181156
150 155 122 0.99964 0.0235176 -0.0129035 0.336443 -0.0232799 0.999562 0.0182719 -0.0249453 0.0133275 -0.017965 0.99975 -0.941373
150 156 20 0.99943 0.0292122 -0.0169103 0.709076 -0.0289193 0.999432 0.0173155 0.232057 0.0174065 -0.0168166 0.999707 -0.665854
150 157 445 0.997904 0.0375703 -0.0526855 0.919817 -0.0373971 0.999291 0.00427044 0.294527 0.0528087 -0.0022912 0.998602 -0.259211
150 158 427 0.997455 0.0388671 -0.0597737 0.820643 -0.0397894 0.999105 -0.0143185 0.547052 0.0591637 0.0166604 0.998109 -0.165163
150 159 267 0.998916 0.0387256 -0.0258439 0.720072 -0.0383109 0.999132 0.0163558 0.291033 0.0264549 -0.0153479 0.999532 -0.629917
150 160 410 0.996468 0.0418139 -0.0728294 0.818296 -0.0429755 0.998972 -0.0144546 0.479506 0.0721501 0.0175334 0.99724 -0.316962
150 161 403 0.996626 0.041332 -0.0709125 0.791577 -0.0416502 0.999128 -0.0030135 0.39852 0.0707261 0.00595685 0.997478 -0.463236
150 162 400 0.996703 0.0370599 -0.0721839 0.742017 -0.0373205 0.999301 -0.00226439 0.448843 0.0720495 0.00495086 0.997389 -0.497946
150 163 374 0.996505 0.045346 -0.0701485 0.724122 -0.0444639 0.998912 0.0140851 0.300586 0.0707109 -0.0109168 0.997437 -0.620722
150 164 372 0.988881 0.0471674 -0.14103 0.828913 -0.0492352 0.998724 -0.0112076 0.354578 0.140321 0.0180266 0.989942 -0.432641
165 166 0 1 0 0 0 0 1 0 0 0 0 1 0
165 167 18 0.999949 0.00953185 -0.00326545 0.211947 -0.00950255 0.999915 0.00887241 0.105615 0.00334974 -0.00884093 0.999955 0.971557
165 168 170 0.999911 0.00816919 -0.0105673 0.242929 -0.00809995 0.999946 0.00657891 0.237866 0.0106204 -0.00649273 0.999923 -0.940428
165 169 646 0.999392 0.0192018 -0.0291052 0.694344 -0.0191227 0.999813 0.00299631 0.386166 0.0291572 -0.00243792 0.999572 -0.607259
165 170 677 0.999343 0.0160276 -0.0325098 0.603924 -0.0160033 0.999871 0.00100896 0.358428 0.0325218 -0.000488032 0.999471 -0.711902
165 171 655 0.998418 0.0177331 -0.0533662 0.717874 -0.0185178 0.999727 -0.0142461 0.537753 0.053099 0.0152118 0.998473 -0.442131
165 172 446 0.999479 0.0241178 -0.0214338 0.282503 -0.0238329 0.999625 0.0134508 0.0907725 0.0217502 -0.012933 0.99968 -0.954962
165 173 637 0.997747 0.0239871 -0.0626566 0.744127 -0.0242639 0.999699 -0.00366111 0.326587 0.0625499 0.00517316 0.998028 -0.582766
165 174 614 0.999133 0.0164497 -0.0382539 0.356508 -0.0161561 0.999838 0.00797091 0.247585 0.0383788 -0.00734596 0.999236 -0.900891
165 175 591 0.996354 0.0331474 -0.0786168 0.749734 -0.0340615 0.999367 -0.0103145 0.461135 0.0782251 0.0129547 0.996852 -0.474609
165 176 585 0.997833 0.0332437 -0.056789 0.550873 -0.0327564 0.999418 0.00949047 0.22802 0.0570714 -0.0076097 0.998341 -0.802836
165 177 561 0.991511 0.0492758 -0.120322 0.827674 -0.0513838 0.998574 -0.0144787 0.323034 0.119437 0.0205384 0.992629 -0.458918
165 178 553 0.997243 0.053901 -0.050993 0.563493 -0.0538777 0.998546 0.00183249 0.341064 0.0510177 0.00091995 0.998697 -0.75243
165 179 527 0.991958 0.060395 -0.111233 0.779706 -0.0631011 0.997787 -0.0209671 0.341864 0.10972 0.0278174 0.993573 -0.524583
180 181 33 0.999992 0.00363821 -0.00153447 0.269615 -0.00363771 0.999993 0.000329464 -0.0638953 0.00153566 -0.000323879 0.999999 -0.960846
180 182 0 1 0 0 0 0 1 0 0 0 0 1 0
180 183 142 0.999864 0.0164507 0.000652548 0.383108 -0.0164442 0.999825 -0.00889868 0.166871 -0.000798823 0.00888674 0.99996 -0.908506
180 184 522 0.999808 0.0184072 -0.0067598 0.531658 -0.018491 0.99975 -0.0125542 0.205058 0.00652703 0.0126768 0.999898 -0.821761
180 185 331 0.999888 0.0149326 -0.00107999 0.324566 -0.0149469 0.999781 -0.0146464 0.177232 0.000861045 0.0146609 0.999892 -0.92911
180 186 734 0.998448 0.0243655 -0.0500859 0.846981 -0.0257551 0.999296 -0.0272888 0.287776 0.0493858 0.0285364 0.998372 -0.447
180 187 701 0.998397 0.0289135 -0.0486493 0.843554 -0.0305149 0.999006 -0.0325021 0.326469 0.0476612 0.0339345 0.998287 -0.426421
180 188 708 0.999109 0.0273534 -0.0321263 0.686654 -0.0282821 0.999184 -0.0288179 0.264591 0.0313119 0.0297009 0.999068 -0.677124
180 189 664 0.999425 0.0268475 -0.0207264 0.5512 -0.0274265 0.999227 -0.0281766 0.325344 0.0199539 0.0287288 0.999388 -0.768329
180 190 650 0.998318 0.0271208 -0.0512487 0.702252 -0.0286742 0.999144 -0.0298223 0.267425 0.050396 0.0312416 0.998241 -0.659792
180 191 641 0.996682 0.0244755 -0.0776276 0.750846 -0.0270281 0.999122 -0.0320039 0.206382 0.0767761 0.0339959 0.996469 -0.627405
180 192 634 0.997014 0.0254555 -0.0729102 0.733064 -0.0279964 0.999028 -0.034042 0.233876 0.0719728 0.0359816 0.996757 -0.638685
180 193 618 0.997753 0.0274456 -0.0611243 0.607924 -0.0293591 0.9991 -0.03063 0.189641 0.0602286 0.0323558 0.99766 -0.771016
180 194 550 0.997223 0.0286061 -0.0687667 0.593973 -0.0306154 0.999129 -0.0283447 0.169929 0.067896 0.0303713 0.99723 -0.786333
195 196 0 1 0 0 0 0 1 0 0 0 0 1 0
195 197 0 1 0 0 0 0 1 0 0 0 0 1 0
195 198 178 0.999412 -0.00697383 -0.0335722 0.755177 0.0077378 0.999713 0.0226802 0.072588 0.0334044 -0.0229266 0.999179 -0.651489
195 199 82 0.999512 -0.0101121 -0.0295619 0.558148 0.0109536 0.999535 0.0284453 0.206527 0.0292605 -0.0287553 0.999158 -0.803627
195 200 597 0.99749 -0.000736519 -0.0708004 0.948002 0.00342505 0.999277 0.0378595 0.053011 0.0707214 -0.038007 0.996772 -0.313817
195 201 585 0.996732 0.00709227 -0.0804642 0.978016 -0.00374321 0.999123 0.0416965 -0.0391685 0.0806894 -0.041259 0.995885 -0.20482
195 202 602 0.995767 0.014566 -0.0907498 0.934348 -0.0107586 0.999047 0.0423037 -0.0409926 0.0912795 -0.0411482 0.994975 -0.353996
195 203 579 0.995442 0.0216166 -0.0928837 0.901901 -0.016555 0.998353 0.0549236 -0.117182 0.093918 -0.0531356 0.994161 -0.415745
195 204 565 0.993581 0.0266393 -0.109943 0.978502 -0.0210227 0.998429 0.0519337 -0.0675297 0.111154 -0.0492891 0.99258 -0.194868
195 205 414 0.997617 0.0399564 -0.0562511 0.626464 -0.0369799 0.99791 0.0529971 -0.212929 0.0582511 -0.0507906 0.997009 -0.749803
195 206 539 0.992474 0.0353672 -0.117238 0.942425 -0.0292524 0.998141 0.053474 -0.125107 0.118911 -0.0496421 0.991663 -0.310136
195 207 517 0.985439 0.0373563 -0.165875 0.970471 -0.0276909 0.997802 0.0602047 -0.138276 0.16776 -0.0547348 0.984307 -0.197652
195 208 415 0.997567 0.0370147 -0.0590839 0.777835 -0.034578 0.99853 0.0417444 -0.0817367 0.0605422 -0.0395998 0.99738 -0.62313
195 209 491 0.988701 0.0557766 -0.139137 0.949469 -0.0484626 0.997287 0.0554147 -0.136491 0.14185 -0.0480456 0.988721 -0.282628
210 211 23 0.999853 -0.00171061 0.0170352 -0.731326 0.00160202 0.999978 0.00638603 -0.635824 -0.0170458 -0.0063578 0.999834 0.246759
210 212 646 0.999876 0.0145563 -0.00603802 0.753997 -0.0144803 0.999818 0.0124325 -0.54293 0.00621789 -0.0123435 0.999904 -0.369751
210 213 394 0.999998 0.00179 -0.0011426 0.946616 -0.00179596 0.999985 -0.00523476 0.194152 0.00113322 0.0052368 0.999986 -0.257337
210 214 196 0.999911 -0.00328646 0.0129608 0.746962 0.00329539 0.999994 -0.00066817 0.246901 -0.0129585 0.000710821 0.999916 -0.617323
210 215 647 0.999656 0.0261432 0.00208156 0.78026 -0.0261943 0.999197 0.0303169 -0.504811 -0.00128731 -0.030361 0.999538 -0.36927
210 216 60 0.999446 -0.011955 0.0310531 0.757491 0.0116403 0.999879 0.0102931 0.157836 -0.0311724 -0.00992598 0.999465 -0.633479
210 217 219 0.9995 0.0165989 0.0269095 0.559211 -0.017469 0.999321 0.0324298 -0.191565 -0.026353 -0.0328837 0.999112 -0.806589
210 218 239 0.999495 -0.0185529 0.0258019 0.757693 0.0178567 0.999477 0.0269561 -0.0124938 -0.0262886 -0.0264818 0.999304 -0.652492
210 219 579 0.997171 -0.0190783 -0.0727102 0.981141 0.0211687 0.999381 0.0280887 0.0455565 0.0721293 -0.0295484 0.996958 -0.187848
210 220 574 0.999255 -0.0135259 -0.0361583 0.932239 0.0151415 0.998882 0.0447859 -0.0784987 0.0355121 -0.0453 0.998342 -0.353226
210 221 353 0.999766 -0.0100041 0.0191744 0.867979 0.00929565 0.999283 0.03669 -0.129545 -0.0195277 -0.0365032 0.999143 -0.479407
210 222 253 0.999162 -0.000777152 0.040925 0.644069 -0.000432863 0.999563 0.0295495 -0.13917 -0.0409301 -0.0295424 0.998725 -0.752201
210 223 513 0.999875 -0.0138009 0.00766449 0.866561 0.0135878 0.999538 0.0272006 -0.0377738 -0.00803634 -0.027093 0.999601 -0.497639
210 224 527 0.999315 -0.0111066 -0.0352954 0.96736 0.0120243 0.999592 0.0258951 -0.0144232 0.0349934 -0.0263018 0.999041 -0.252995
225 226 0 1 0 0 0 0 1 0 0 0 0 1 0
225 227 632 0.999529 0.014387 -0.0270902 0.75792 -0.0138063 0.999673 0.0215019 -0.630884 0.0273907 -0.0211177 0.999402 -0.165957
225 228 571 0.999555 0.0293353 -0.00537891 0.614158 -0.0292754 0.999512 0.010896 -0.749436 0.00569592 -0.0107337 0.999926 -0.247297
225 229 529 0.999661 0.0240721 -0.00990158 0.675671 -0.0240401 0.999705 0.00333789 -0.328575 0.00997901 -0.00309872 0.999945 -0.659929
225 230 601 0.999558 0.0175752 -0.0239687 0.931084 -0.0175433 0.999845 0.00153946 -0.199838 0.0239921 -0.00111829 0.999712 -0.3052
225 231 609 0.999352 0.0288635 -0.02149 0.835107 -0.0287936 0.999579 0.00355581 -0.398045 0.0215836 -0.00293473 0.999763 -0.37968
225 232 631 0.998997 0.026593 -0.0360231 0.950702 -0.0268492 0.999617 -0.00664566 -0.202893 0.0358326 0.00760619 0.999329 -0.234523
225 233 592 0.999471 0.0248055 -0.0210108 0.902682 -0.0250379 0.999627 -0.0108708 -0.283173 0.0207333 0.0113911 0.99972 -0.324005
225 234 300 0.999715 0.0227879 -0.00718509 0.796925 -0.0229272 0.999538 -0.0199431 -0.262859 0.00672731 0.0201021 0.999775 -0.543889
225 235 489 0.999405 0.0312491 -0.0145866 0.751811 -0.031435 0.999425 -0.0126893 -0.406492 0.0141817 0.0131403 0.999813 -0.519177
225 236 251 0.999776 0.020172 -0.00637027 0.789295 -0.0203314 0.999454 -0.0260501 -0.28551 0.00584131 0.0261737 0.99964 -0.543597
225 237 587 0.998946 0.0197984 -0.0414019 0.949165 -0.0207752 0.999513 -0.023297 -0.219187 0.0409204 0.0241326 0.998871 -0.225926
225 238 457 0.999172 0.0353988 -0.0200491 0.872456 -0.0358944 0.999045 -0.024925 -0.2979 0.0191476 0.025624 0.999488 -0.387396
225 239 167 0.998948 0.0454461 0.00612219 0.746501 -0.0452387 0.998508 -0.0305786 -0.318065 -0.00750273 0.0302695 0.999514 -0.584441
240 241 0 1 0 0 0 0 1 0 0 0 0 1 0
240 242 12 0.999936 0.00492892 -0.0101849 0.853474 -0.00497764 0.999976 -0.0047641 -0.15819 0.0101612 0.00481449 0.999937 0.496546
240 243 740 0.999292 0.0121835 -0.0355954 0.96418 -0.0124277 0.999901 -0.00664865 -0.129886 0.0355109 0.00708632 0.999344 0.231271
240 244 397 0.999719 0.0124156 -0.0201737 0.82919 -0.0126408 0.999859 -0.0110737 -0.103342 0.0200333 0.0113256 0.999735 0.549331
240 245 461 0.999516 0.0182098 -0.0252121 0.965657 -0.0185564 0.999736 -0.0135825 -0.182763 0.0249581 0.0140438 0.99959 0.184676
240 246 465 0.999617 0.0133009 -0.0242558 0.95199 -0.0137876 0.999705 -0.0200094 -0.0782831 0.0239825 0.0203362 0.999506 0.295949
240 247 350 0.999783 0.00961717 -0.0184929 0.927951 -0.00992909 0.999809 -0.0168499 -0.0697038 0.0183273 0.0170298 0.999687 0.366125
240 248 577 0.999595 0.0174506 -0.0225011 0.964287 -0.0176483 0.999807 -0.00861709 -0.0895704 0.0223464 0.0090107 0.99971 0.249254
240 249 524 0.999593 0.0140268 -0.0248517 0.939412 -0.0142902 0.999843 -0.0104513 0.0245617 0.0247012 0.0108022 0.999637 0.34191
240 250 441 0.999638 0.0141778 -0.0228786 0.892778 -0.0144056 0.999848 -0.00982324 0.0691269 0.0227359 0.0101493 0.99969 0.445161
240 251 436 0.999684 0.0251257 -0.000812847 0.927447 -0.0251219 0.999675 0.00439201 -0.0689541 0.000922935 -0.00437021 0.99999 0.367541
240 252 438 0.999845 0.0150613 -0.00915458 0.89929 -0.0150866 0.999883 -0.00269322 0.0572049 0.00911294 0.00283091 0.999954 0.433595
240 253 434 0.999771 0.000906986 -0.021398 0.880206 -0.00120275 0.999904 -0.0138135 0.138431 0.0213834 0.013836 0.999676 0.453954
240 254 384 0.999845 0.00849455 0.0154068 0.898133 -0.00864686 0.999914 0.00984694 -0.0693549 -0.0153218 -0.00997864 0.999833 0.43422
255 256 0 1 0 0 0 0 1 0 0 0 0 1 0
255 257 24 0.99984 -0.00708019 0.0164361 -0.666814 0.00705211 0.999974 0.00176539 0.450703 -0.0164482 -0.0016492 0.999863 0.593486
255 258 399 0.999758 -0.021798 -0.00311019 0.741894 0.0218083 0.999757 0.00331778 0.0748841 0.00303711 -0.0033848 0.99999 0.666322
255 259 273 0.999807 -0.0195623 -0.00161914 0.793626 0.0195664 0.999805 0.00257509 0.0168327 0.00156845 -0.00260628 0.999995 0.608173
255 260 580 0.999627 -0.0219155 -0.0162918 0.897225 0.0218244 0.999745 -0.00574625 0.211851 0.0164136 0.00538855 0.999851 0.387437
255 261 529 0.999844 -0.0175133 -0.00240061 0.837985 0.0175141 0.999847 0.00032819 0.0605053 0.0023945 -0.000370183 0.999997 0.542328
255 262 567 0.999244 -0.0231962 -0.0311933 0.896547 0.022785 0.99965 -0.013474 0.231022 0.0314949 0.0127531 0.999423 0.377931
255 263 260 0.999805 -0.0197246 0.000543621 0.750885 0.0197185 0.999759 0.00962131 -0.0221698 -0.000733267 -0.00960872 0.999954 0.660061
255 264 561 0.999007 -0.0273872 -0.0351278 0.865632 0.0273613 0.999625 -0.00121763 0.142287 0.0351479 0.000255275 0.999382 0.480037
255 265 554 0.999268 -0.0282306 -0.0258173 0.824409 0.0282428 0.999601 0.000107234 0.0899596 0.025804 -0.000836307 0.999667 0.5588
255 266 515 0.999418 -0.025074 -0.0231293 0.782063 0.0252529 0.999653 0.00747636 0.00772187 0.0229338 -0.00805609 0.999705 0.623151
255 267 515 0.998816 -0.0308695 -0.0376017 0.736372 0.0307605 0.999521 -0.00347353 0.0998373 0.0376909 0.00231277 0.999287 0.66917
255 268 509 0.998702 -0.0318642 -0.0397272 0.803831 0.0318083 0.999492 -0.00204001 0.0315253 0.039772 0.000773713 0.999208 0.594021
255 269 497 0.99834 -0.0255243 -0.0516225 0.831067 0.0252537 0.999664 -0.00588793 0.0505081 0.0517555 0.0045745 0.998649 0.553874
270 271 206 0.999962 0.000198182 -0.00871878 0.651709 -0.000202261 1 -0.000466936 0.150821 0.00871869 0.000468681 0.999962 0.743323
270 272 586 0.999851 0.00967712 -0.0142717 0.804021 -0.00945202 0.999831 0.015756 -0.520028 0.0144217 -0.0156188 0.999774 0.288307
270 273 572 0.999941 0.0082557 -0.00707 0.792552 -0.00825008 0.999966 0.000823405 -0.0266044 0.00707655 -0.000765028 0.999975 0.609223
270 274 586 0.999966 0.00552606 -0.00619204 0.698393 -0.00552122 0.999984 0.00079839 0.00303727 0.00619635 -0.000764174 0.999981 0.715708
270 275 571 0.999868 0.00888446 -0.0135918 0.740338 -0.00881902 0.999949 0.00486746 -0.0749591 0.0136344 -0.00474695 0.999896 0.668043
270 276 565 0.999882 0.0078357 -0.013214 0.754312 -0.00776802 0.999956 0.00516583 -0.0461985 0.0132539 -0.00506257 0.999899 0.654889
270 277 556 0.999784 0.0191837 -0.00798712 0.704092 -0.0190705 0.99972 0.0140162 -0.177207 0.00825377 -0.0138609 0.99987 0.687643
270 278 531 0.999242 0.00624238 -0.0384322 0.841362 -0.00637112 0.999974 -0.00322836 0.0387947 0.038411 0.00347076 0.999256 0.539077
270 279 464 0.999479 0.0149646 -0.0285869 0.844042 -0.0145765 0.999799 0.0137357 -0.113565 0.0287867 -0.0133119 0.999497 0.524114
270 280 456 0.999759 0.0171505 -0.013685 0.790678 -0.0169256 0.999723 0.0163824 -0.127251 0.0139622 -0.0161468 0.999772 0.598862
270 281 471 0.999778 0.0206069 -0.00438333 0.74062 -0.0205421 0.999686 0.0143468 -0.127973 0.0046776 -0.0142536 0.999887 0.659625
270 282 395 0.999662 0.0258279 0.00286611 0.706474 -0.0258742 0.999512 0.0174901 -0.129114 -0.00241298 -0.0175584 0.999843 0.695862
270 283 419 0.999648 0.0264916 0.00126742 0.728816 -0.0265121 0.999437 0.0205666 -0.145687 -0.00072186 -0.020593 0.999788 0.669031
270 284 411 0.999776 0.0199552 -0.00698809 0.740731 -0.0198903 0.999759 0.00923976 -0.0730626 0.00717079 -0.0090987 0.999933 0.667816
285 286 160 0.999998 0.00168846 0.00139154 0.494011 -0.00168242 0.999989 -0.00432933 0.112898 -0.00139883 0.00432698 0.99999 0.862094
285 287 270 0.999992 0.00322924 -0.00227554 0.748053 -0.00323959 0.999984 -0.00456301 -0.29761 0.00226077 0.00457035 0.999987 0.593166
285 288 314 0.999991 0.00401054 0.00162193 0.778541 -0.0040017 0.999977 -0.00541799 -0.286173 -0.00164362 0.00541145 0.999984 0.55855
285 289 474 0.999976 0.00473096 0.00515555 0.600046 -0.00470329 0.999975 -0.00536527 -0.280624 -0.00518081 0.00534089 0.999972 0.749129
285 290 594 0.999878 0.0075046 -0.0137255 0.830972 -0.00767359 0.999895 -0.0123008 -0.167805 0.0136318 0.0124046 0.99983 0.530403
285 291 609 0.999868 0.0141989 -0.00792034 0.820341 -0.0142865 0.999836 -0.0111112 -0.253606 0.00776127 0.0112229 0.999907 0.512567
285 292 563 0.99988 0.0154525 -0.00142019 0.76274 -0.0154696 0.999797 -0.0129328 -0.250172 0.00122005 0.0129532 0.999915 0.596357
285 293 441 0.999866 0.0161864 0.00228733 0.661671 -0.0161459 0.999729 -0.0167501 -0.257738 -0.00255784 0.0167109 0.999857 0.704104
285 294 553 0.999619 0.0216457 -0.0171124 0.800696 -0.0219009 0.99965 -0.0148717 -0.263454 0.0167845 0.0152408 0.999743 0.538032
285 295 511 0.999081 0.0298382 -0.0307826 0.845828 -0.0302799 0.999444 -0.013982 -0.237005 0.0303482 0.0149012 0.999428 0.477916
285 296 408 0.999156 0.0370359 -0.0177789 0.782205 -0.0374012 0.999086 -0.0206776 -0.232213 0.0169969 0.0213251 0.999628 0.578128
285 297 490 0.998903 0.0429947 -0.018576 0.822728 -0.0433499 0.998876 -0.0191664 -0.298111 0.0177311 0.0199506 0.999644 0.483992
285 298 451 0.998687 0.0483779 -0.0168237 0.80466 -0.0486823 0.998649 -0.0181789 -0.267719 0.0159215 0.0189741 0.999693 0.529951
285 299 443 0.998627 0.044228 -0.0280865 0.810385 -0.0448095 0.998787 -0.0204234 -0.228175 0.0271492 0.0216539 0.999397 0.539641
300 301 414 0.999849 0.000529702 -0.0173464 0.906771 -0.000680644 0.999962 -0.0086969 0.408086 0.0173411 0.0087074 0.999812 0.105978
300 302 0 1 0 0 0 0 1 0 0 0 0 1 0
300 303 63 0.999974 -0.00680761 -0.00223038 0.344169 0.00679896 0.999969 -0.00386294 0.190091 0.00225661 0.00384768 0.99999 -0.919464
300 304 15 0.999877 -0.00258097 -0.0154745 0.939707 0.00256607 0.999996 -0.00098228 -0.0256727 0.015477 0.00094245 0.99988 0.341016
300 305 613 0.999464 0.00314446 -0.0325729 0.948439 -0.00314976 0.999995 -0.0001114 -0.0127471 0.0325724 0.000213938 0.999469 0.316704
300 306 633 0.999064 0.00497427 -0.0429776 0.989111 -0.00505951 0.999985 -0.00187488 0.0418448 0.0429677 0.00209057 0.999074 0.141096
300 307 509 0.999406 0.0104002 -0.0328596 0.967178 -0.010344 0.999945 0.00188012 0.00126489 0.0328773 -0.0015391 0.999458 0.254098
300 308 569 0.999093 0.0145369 -0.0400353 0.95678 -0.0145059 0.999894 0.0010642 0.0326008 0.0400465 -0.000482484 0.999198 0.288981
300 309 577 0.997989 0.01475 -0.0616537 0.975118 -0.0146877 0.999891 0.00146361 0.0237737 0.0616686 -0.000555112 0.998097 0.220407
300 310 375 0.999321 0.0194814 -0.0312586 0.963423 -0.019193 0.999771 0.00950068 -0.086075 0.0314365 -0.00889429 0.999466 0.253785
300 311 501 0.998513 0.0149539 -0.0524162 0.965307 -0.0148096 0.999885 0.00314109 0.068777 0.0524572 -0.00236016 0.99862 0.251899
300 312 478 0.998437 0.0211358 -0.0517294 0.97856 -0.0205724 0.999723 0.011401 -0.0619476 0.0519561 -0.010319 0.998596 0.196424
300 313 453 0.997478 0.0240855 -0.0667711 0.976891 -0.0232246 0.999637 0.0136399 -0.0242634 0.0670754 -0.0120547 0.997675 0.212357
300 314 343 0.998136 0.0329822 -0.0513445 0.96259 -0.0320793 0.999318 0.0183117 -0.101318 0.0519134 -0.0166305 0.998513 0.251306
315 316 0 1 0 0 0 0 1 0 0 0 0 1 0
315 317 100 0.999991 -0.00336042 -0.00241659 0.493399 0.00332931 0.999913 -0.0127642 0.370306 0.00245927 0.012756 0.999916 -0.787039
315 318 0 1 0 0 0 0 1 0 0 0 0 1 0
315 319 458 0.998827 0.00455325 -0.0482064 0.963429 -0.00589798 0.999596 -0.0277897 0.26592 0.0480604 0.0280414 0.998451 0.0330312
315 320 305 0.999665 0.0125229 -0.0226455 0.975168 -0.0128732 0.999799 -0.0153907 0.027134 0.0224482 0.0156771 0.999625 -0.219796
315 321 447 0.997134 0.0246563 -0.0715295 0.983126 -0.027042 0.999103 -0.0325783 0.176403 0.0706621 0.0344192 0.996906 0.0484375
315 322 381 0.998653 0.0365152 -0.0368552 0.99635 -0.0372301 0.999128 -0.0188996 -0.0296007 0.036133 0.0202463 0.999142 -0.0800626
315 323 408 0.997241 0.045892 -0.0583506 0.99199 -0.0465932 0.998856 -0.0107138 -0.11931 0.0577922 0.0134029 0.998239 0.0414791
315 324 227 0.997978 0.0515222 -0.0372085 0.992366 -0.0520273 0.998564 -0.0127339 -0.0974726 0.036499 0.014644 0.999226 -0.075551
315 325 261 0.997251 0.0579396 -0.0461887 0.993564 -0.0583938 0.998257 -0.00854377 -0.0725192 0.0456132 0.0112174 0.998896 0.0870143
315 326 336 0.995978 0.0621897 -0.0645061 0.99428 -0.0629962 0.997958 -0.0105433 -0.0225671 0.0637187 0.0145645 0.997862 0.104396
315 327 270 0.996441 0.0644739 -0.0542976 0.995369 -0.0653571 0.997754 -0.0146484 0.0689208 0.0532312 0.018145 0.998417 0.0670156
315 328 350 0.994447 0.0672274 -0.0809694 0.999687 -0.0683541 0.997598 -0.0112207 0.000571616 0.0800206 0.016693 0.996653 0.0250258
315 329 259 0.995132 0.0633016 -0.0755386 0.988159 -0.0641302 0.997905 -0.00859213 0.102113 0.0748364 0.0133946 0.997106 0.114523
330 331 18 0.999973 0.00714375 0.00187918 -0.35611 -0.00714993 0.999969 0.00330208 -0.533941 -0.00185553 -0.00331543 0.999993 0.766872
330 332 454 0.999819 0.00390616 -0.0186145 0.895144 -0.00404061 0.999966 -0.00719069 0.445633 0.0185858 0.00726461 0.999801 0.0113109
330 333 341 0.999779 0.000902254 -0.0210245 0.936542 -0.000967609 0.999995 -0.00309855 0.350556 0.0210216 0.00311821 0.999774 -0.000661859
330 334 20 0.999808 0.000560223 -0.019605 0.971309 -0.000488793 0.999993 0.00364808 0.232126 0.0196069 -0.0036378 0.999801 0.0517313
330 335 526 0.999434 0.00169067 -0.0335932 0.954016 -0.00160505 0.999995 0.00257534 0.108468 0.0335974 -0.00251996 0.999432 0.279442
330 336 534 0.999358 -0.000787094 -0.0358256 0.978842 0.000824467 0.999999 0.00102843 0.148425 0.0358248 -0.0010573 0.999358 0.140849
330 337 422 0.999429 -0.000947241 -0.0337714 0.974602 0.00109699 0.99999 0.00441598 0.0719622 0.0337669 -0.0044505 0.99942 0.212065
330 338 333 0.999648 0.00135402 -0.0264952 0.986523 -0.00117123 0.999975 0.00691335 0.0503439 0.0265039 -0.00687989 0.999625 0.155683
330 339 547 0.998689 0.00284239 -0.0511049 0.990507 -0.00247553 0.999971 0.00724035 0.00302926 0.051124 -0.00710434 0.998667 0.137426
330 340 513 0.998872 0.00276777 -0.047401 0.992637 -0.00256047 0.999987 0.00443344 0.0546185 0.0474126 -0.00430707 0.998866 0.108111
330 341 544 0.996999 0.00162197 -0.077392 0.965537 -0.00170767 0.999998 -0.00104119 0.119734 0.0773902 0.00117023 0.997 0.231089
330 342 453 0.998608 0.0096464 -0.0518647 0.963189 -0.00902335 0.999884 0.0122337 -0.0513282 0.0519768 -0.0117487 0.998579 0.26388
330 343 494 0.996946 0.0119859 -0.0771748 0.960332 -0.0113575 0.999899 0.00857672 0.0341841 0.0772698 -0.00767401 0.996981 0.276755
330 344 485 0.996617 0.0186081 -0.0800518 0.950243 -0.017804 0.999784 0.0107478 -0.00381786 0.0802345 -0.00928625 0.996733 0.311488
345 346 0 1 0 0 0 0 1 0 0 0 0 1 0
345 347 0 1 0 0 0 0 1 0 0 0 0 1 0
345 348 386 0.999652 0.0197222 -0.0175146 0.864959 -0.0197028 0.999805 0.00127611 -0.136545 0.0175364 -0.000930579 0.999846 0.482909
345 349 539 0.999477 0.0203796 -0.0250946 0.872108 -0.0204899 0.999781 -0.00414307 0.0877254 0.0250047 0.00465509 0.999676 0.481385
345 350 529 0.999314 0.0259365 -0.0264461 0.880723 -0.0258939 0.999663 0.00195218 -0.0914386 0.0264878 -0.00126605 0.999648 0.464721
345 351 588 0.998993 0.0285859 -0.0345827 0.850511 -0.0284914 0.999589 0.00322117 -0.172553 0.0346606 -0.00223261 0.999397 0.496847
345 352 517 0.999068 0.0271385 -0.0335755 0.868371 -0.0272452 0.999625 -0.00272589 -0.0996097 0.033489 0.00363812 0.999432 0.485808
345 353 485 0.998875 0.031849 -0.035137 0.816081 -0.0319651 0.999485 -0.00274788 -0.131636 0.0350313 0.00386795 0.999379 0.562746
345 354 501 0.998872 0.033493 -0.0336701 0.899158 -0.0336429 0.999426 -0.00389531 -0.176221 0.0335203 0.00502367 0.999425 0.400577
345 355 483 0.998606 0.0348197 -0.0396664 0.884346 -0.0349026 0.99939 -0.00139851 -0.164811 0.0395935 0.00278102 0.999212 0.436772
345 356 441 0.99847 0.0401432 -0.0380367 0.866431 -0.0400809 0.999194 0.0023992 -0.226909 0.0381023 -0.000870981 0.999273 0.444758
345 357 499 0.997984 0.038516 -0.0504467 0.900666 -0.0385544 0.999256 0.000212388 -0.178092 0.0504174 0.00173298 0.998727 0.396338
345 358 431 0.998181 0.036977 -0.0476234 0.886946 -0.0370574 0.999313 -0.000807865 -0.178092 0.0475608 0.0025712 0.998865 0.426158
