0 1 0 1 0 0 0 0 1 0 0 0 0 1 0
0 2 24 0.999997 -0.00258516 -0.000230929 -0.267148 0.00258541 0.999996 0.00109252 -0.0189117 0.000228103 -0.00109311 0.999999 0.96347
0 3 23 0.999998 -0.00185609 4.47849e-05 0.0593485 0.00185601 0.999997 0.00167126 0.0250007 -4.78867e-05 -0.00167117 0.999999 0.997924
0 4 24 0.999986 -0.00523764 0.000373143 0.0977851 0.00523658 0.999982 0.00278136 0.0258191 -0.000387704 -0.00277936 0.999996 0.994873
0 5 0 1 0 0 0 0 1 0 0 0 0 1 0
0 6 67 0.999988 -0.00486203 -0.000502037 0.31462 0.004863 0.999986 0.00195707 -0.147311 0.000492515 -0.00195949 0.999998 0.937717
0 7 38 0.999987 -0.00514497 -0.000618964 0.0477659 0.00514666 0.999983 0.00276678 -0.0936528 0.000604718 -0.00276993 0.999996 0.994458
0 8 31 0.999991 -0.00421822 0.000510982 0.0799941 0.00421746 0.99999 0.00148192 0.074311 -0.000517228 -0.00147975 0.999999 0.994022
0 9 62 0.999985 -0.00508832 -0.00177939 0.374726 0.00509365 0.999983 0.00300321 -0.119555 0.00176408 -0.00301223 0.999994 0.919395
0 10 13 0.999996 -0.00289612 -0.000650117 0.335753 0.0028978 0.999992 0.00260173 -0.326918 0.000642578 -0.0026036 0.999996 -0.883399
0 11 44 0.999998 -0.00105958 -0.00183563 0.12858 0.00106303 0.999998 0.001879 0.0214712 0.00183364 -0.00188095 0.999997 0.991467
0 12 77 0.999997 0.00214324 -0.00147286 0.231262 -0.00213995 0.999995 0.0022285 -0.113907 0.00147763 -0.00222534 0.999996 0.9662
0 13 56 0.999991 0.00410794 0.00098916 -0.0615238 -0.0041105 0.999988 0.00260264 0.00655571 -0.000978457 -0.00260668 0.999996 0.998084
0 14 46 0.99995 0.00966013 0.0026838 0.0514022 -0.00966949 0.999947 0.00349659 0.0350603 -0.00264989 -0.00352237 0.99999 0.998062
15 16 0 1 0 0 0 0 1 0 0 0 0 1 0
15 17 58 0.999994 0.000388228 -0.0035252 0.232056 -0.000382422 0.999999 0.00164748 -0.131015 0.00352584 -0.00164612 0.999992 0.963839
15 18 0 1 0 0 0 0 1 0 0 0 0 1 0
15 19 31 0.999994 0.00286455 0.00206659 -0.175741 -0.00286954 0.999993 0.00241781 -0.0102273 -0.00205965 -0.00242372 0.999995 0.984383
15 20 0 1 0 0 0 0 1 0 0 0 0 1 0
15 21 44 0.999977 0.00365767 0.00566826 -0.518326 -0.00366854 0.999991 0.00190789 -0.112775 -0.00566124 -0.00192864 0.999982 0.847715
15 22 814 0.99981 0.00736696 -0.0180489 0.950473 -0.00738608 0.999972 -0.000993168 0.175883 0.0180411 0.00112629 0.999837 0.256253
15 23 79 0.999985 0.00473285 0.00272347 0.104836 -0.00473855 0.999987 0.00208961 0.0325249 -0.00271355 -0.00210249 0.999994 0.993957
15 24 77 0.999987 0.00293785 0.00426439 -0.113076 -0.00295421 0.999988 0.0038349 0.0154586 -0.00425308 -0.00384745 0.999984 0.993466
15 25 142 0.999953 0.0076065 0.00602433 -0.143686 -0.00764326 0.999952 0.00610343 -0.017988 -0.00597761 -0.00614918 0.999963 0.98946
15 26 393 0.999945 0.00254945 -0.0101691 0.711241 -0.00250964 0.999989 0.00392654 -0.090822 0.010179 -0.00390081 0.999941 0.697057
15 27 223 0.999968 0.00362183 0.00706501 -0.159363 -0.00363912 0.99999 0.00243599 -0.0751225 -0.00705612 -0.00246163 0.999972 0.984358
15 28 335 0.999968 0.00592279 0.00539264 0.0945753 -0.00592325 0.999982 7.06138e-05 0.0662663 -0.00539213 -0.000102554 0.999985 0.99331
15 29 834 0.999683 0.00443678 -0.0247725 0.901625 -0.00416686 0.999932 0.010937 -0.346097 0.0248194 -0.0108303 0.999633 0.259401
30 31 22 1 -0.000368655 0.000766271 -0.0244848 0.00037195 0.999991 -0.00430491 -0.00521199 -0.000764676 0.00430519 0.99999 0.999687
30 32 0 1 0 0 0 0 1 0 0 0 0 1 0
30 33 0 1 0 0 0 0 1 0 0 0 0 1 0
30 34 131 0.999944 -0.00326339 0.0100303 0.315397 0.00337535 0.999932 -0.0111656 -0.148889 -0.00999313 0.0111988 0.999887 0.937207
30 35 0 1 0 0 0 0 1 0 0 0 0 1 0
30 36 34 0.999892 -0.00495268 0.0138163 0.359655 0.00513256 0.999902 -0.0130142 0.204408 -0.0137505 0.0130837 0.99982 -0.910421
30 37 0 1 0 0 0 0 1 0 0 0 0 1 0
30 38 56 0.999965 -0.00480428 0.00680754 0.818165 0.0048113 0.999988 -0.00101528 -0.464183 -0.00680258 0.001048 0.999976 -0.339323
30 39 12 0.99992 -0.00807882 0.0097021 0.95508 0.00812638 0.999955 -0.00487252 -0.187836 -0.0096623 0.00495097 0.999941 -0.229218
30 40 81 0.9997 -0.0139974 0.020086 0.390912 0.0140949 0.99989 -0.00472106 0.104251 -0.0200177 0.00500276 0.999787 -0.914505
30 41 769 0.999815 -0.00690773 -0.0179329 0.971842 0.00715269 0.999881 0.0136319 -0.235289 0.0178366 -0.0137577 0.999746 0.0127525
30 42 716 0.99999 -0.0040264 -0.0020698 0.979536 0.0040276 0.999992 0.000573608 -0.0335044 0.00206748 -0.000581938 0.999998 0.198463
30 43 340 0.99996 -0.00270142 0.00851862 0.937778 0.00266939 0.999989 0.00376874 -0.347048 -0.00852871 -0.00374585 0.999957 0.0114595
30 44 238 0.999961 -0.00710403 0.00520538 0.99155 0.0070953 0.999973 0.00169361 -0.117432 -0.00521727 -0.00165661 0.999985 -0.0551163
45 46 0 1 0 0 0 0 1 0 0 0 0 1 0
45 47 45 0.999937 0.011167 0.00117263 -0.0953458 -0.0111779 0.99989 0.00974198 0.0142398 -0.00106371 -0.00975447 0.999952 -0.995342
45 48 31 0.999836 0.016958 0.00630825 0.271758 -0.0170483 0.999749 0.0145506 0.0571582 -0.00605992 -0.0146558 0.999874 -0.960667
45 49 770 0.999634 0.0212853 -0.0166713 0.953708 -0.0208778 0.999488 0.0242462 -0.300291 0.0171789 -0.0238893 0.999567 0.0162982
45 50 0 1 0 0 0 0 1 0 0 0 0 1 0
45 51 25 0.999827 0.0184991 -0.001782 0.290511 -0.0184659 0.999683 0.0171315 0.13453 0.00209835 -0.0170957 0.999852 -0.947368
45 52 98 0.999839 0.0175615 -0.00377624 0.079203 -0.0175038 0.999737 0.0147907 -0.100439 0.004035 -0.0147222 0.999883 0.991786
45 53 66 0.999698 0.0237409 -0.00630646 0.0266738 -0.0236731 0.999663 0.01062 0.0131671 0.00655647 -0.0104675 0.999924 0.999557
45 54 33 0.999569 0.0275115 -0.0102115 0.168726 -0.0274546 0.999607 0.00567752 0.0593782 0.0103636 -0.00539473 0.999932 -0.983873
45 55 709 0.998989 0.0245831 -0.0376339 0.861027 -0.0249533 0.999644 -0.00940098 0.451614 0.0373894 0.0103306 0.999247 0.233833
45 56 60 0.999507 0.0257152 -0.0179899 0.0109887 -0.0256942 0.999669 0.00139696 -0.0627792 0.0180199 -0.000934032 0.999837 0.997967
45 57 693 0.99809 0.0298628 -0.0540857 0.952279 -0.0304558 0.999484 -0.0101727 0.263083 0.0537541 0.0118005 0.998484 0.154763
45 58 0 1 0 0 0 0 1 0 0 0 0 1 0
45 59 62 0.999054 0.0311108 -0.0303907 0.131141 -0.0311419 0.999515 -0.000548251 -0.0426545 0.0303589 0.00149416 0.999538 -0.990446
60 61 0 1 0 0 0 0 1 0 0 0 0 1 0
60 62 219 0.999894 0.0020865 -0.0144296 0.913724 -0.00201215 0.999985 0.0051651 0.141109 0.0144402 -0.00513552 0.999883 -0.381048
60 63 532 0.999899 0.00446506 -0.0134871 0.976004 -0.00436228 0.999961 0.00764055 0.157319 0.0135207 -0.00758094 0.99988 0.150558
60 64 618 0.999868 0.0110195 -0.0119086 0.958329 -0.0109786 0.999934 0.00349456 0.120948 0.0119463 -0.00336336 0.999923 0.2588
60 65 838 0.9993 0.0177325 -0.0329323 0.96345 -0.0180568 0.999791 -0.0095749 0.23795 0.0327556 0.0101628 0.999412 0.123057
60 66 797 0.999962 0.00805238 -0.0032346 0.928135 -0.00801439 0.999901 0.0115922 -0.350868 0.00332762 -0.0115658 0.999928 0.124331
60 67 774 0.999976 0.00420308 -0.00544493 0.997445 -0.00420176 0.999991 0.000252695 0.0443232 0.00544594 -0.000229811 0.999985 0.0560265
60 68 708 0.999834 0.0110475 -0.0144998 0.986205 -0.0110318 0.999938 0.00116181 -0.0927179 0.0145117 -0.00100166 0.999894 0.137121
60 69 803 0.999237 0.014443 -0.036294 0.985555 -0.0149873 0.999779 -0.0147699 0.138254 0.0360727 0.0153026 0.999232 0.0978119
60 70 451 0.999814 0.0164613 0.0100852 0.994097 -0.0164546 0.999864 -0.000750898 -0.0816206 -0.0100962 0.000584811 0.999949 -0.0714837
60 71 650 0.999392 0.0190357 -0.0292013 0.973927 -0.0193713 0.999749 -0.0112547 0.118413 0.0289797 0.0118135 0.99951 0.193504
60 72 266 0.998699 0.0173454 0.0479531 -0.143616 -0.0172518 0.999848 -0.00236537 -0.0156464 -0.0479868 0.00153502 0.998847 0.98951
60 73 685 0.999637 0.0256619 0.00826486 0.973778 -0.0257104 0.999652 0.00582015 -0.185406 -0.00811264 -0.00603052 0.999949 -0.13184
60 74 603 0.999803 0.0197629 0.00179817 0.970794 -0.0197695 0.999798 0.00371097 -0.213852 -0.00172447 -0.00374579 0.999991 0.108753
75 76 0 1 0 0 0 0 1 0 0 0 0 1 0
75 77 0 1 0 0 0 0 1 0 0 0 0 1 0
75 78 54 0.999993 -0.00362953 0.000362371 -0.0529056 0.0036292 0.999993 0.000894478 -0.203469 -0.000365615 -0.000893157 1 0.977651
75 79 594 0.999838 0.00620231 -0.0168948 0.983196 -0.00618664 0.99998 0.000979476 -0.117384 0.0169006 -0.000874795 0.999857 0.139811
75 80 49 0.999939 0.000951128 0.0109936 -0.689978 -0.00090471 0.999991 -0.00422655 0.232279 -0.0109975 0.00421635 0.999931 -0.685549
75 81 89 0.999949 0.0053714 0.00851144 0.319951 -0.00539707 0.999981 0.0029965 -0.108717 -0.00849518 -0.00304228 0.999959 -0.941176
75 82 71 0.999978 -0.00520096 0.00401454 0.320013 0.00519347 0.999985 0.00187453 0.031493 -0.00402423 -0.00185364 0.99999 -0.946889
75 83 273 0.999877 -0.00160749 -0.0156105 0.988472 0.00166079 0.999993 0.00340208 -0.0942599 0.0156049 -0.00342758 0.999872 0.118483
75 84 92 0.999963 0.00273854 0.00814076 0.312899 -0.00276792 0.99999 0.00359923 -0.096093 -0.00813082 -0.00362163 0.99996 -0.944913
75 85 622 0.99978 -0.0070322 -0.0197383 0.993433 0.0071072 0.999968 0.0037322 0.0252316 0.0197115 -0.00387166 0.999798 0.111596
75 86 121 0.999945 0.00295503 0.0100462 0.386362 -0.00307331 0.999926 0.0117787 -0.0256557 -0.0100107 -0.0118089 0.99988 -0.92199
75 87 596 0.997579 0.00616626 -0.069263 0.979509 -0.00618477 0.999981 -5.28255e-05 0.180215 0.0692613 0.000481073 0.997598 0.0899112
75 88 637 0.9986 0.00483172 -0.0526752 0.983272 -0.00369706 0.999759 0.0216168 -0.0945202 0.052767 -0.0213918 0.998378 0.1557
75 89 605 0.999833 0.00916299 -0.0158362 0.955851 -0.00883621 0.999749 0.0205835 -0.0535212 0.0160208 -0.0204401 0.999663 0.288936
90 91 26 0.999997 6.50996e-05 0.00232457 0.384148 -8.05679e-05 0.999978 0.00665478 0.0264331 -0.00232409 -0.00665495 0.999975 -0.922893
90 92 84 0.999977 0.00383322 0.00561897 0.506296 -0.003886 0.999948 0.00941181 -0.12114 -0.0055826 -0.00943343 0.99994 0.853809
90 93 538 0.999885 0.0109834 -0.010491 0.890436 -0.0109349 0.999929 0.00466542 0.0529046 0.0105415 -0.00455016 0.999934 0.452023
90 94 669 0.999892 0.0129366 -0.00702322 0.919363 -0.012875 0.999879 0.00874728 -0.0552792 0.00713553 -0.00865591 0.999937 0.389508
90 95 651 0.999942 0.00950137 -0.00505227 0.858726 -0.00946562 0.99993 0.00705398 -0.107498 0.00511894 -0.00700575 0.999962 0.501033
90 96 398 0.999857 0.00452482 0.0163204 0.529063 -0.00460262 0.999978 0.00473258 -0.213742 -0.0162987 -0.00480702 0.999856 0.821223
90 97 420 0.999473 0.00762965 0.031542 0.00706972 -0.00752889 0.999966 -0.0033119 -0.0571289 -0.0315662 0.00307267 0.999497 0.998342
90 98 376 0.999504 0.00436792 0.0311824 -0.0536407 -0.00406358 0.999944 -0.00981662 0.0134947 -0.0312235 0.00968504 0.999466 0.998469
90 99 558 0.999105 0.00633372 -0.0418109 0.949189 -0.00633456 0.99998 0.000112374 -0.222499 0.0418108 0.000152581 0.999126 0.222565
90 100 576 0.998791 0.00339309 -0.0490383 0.956623 -0.00322491 0.999989 0.00350821 -0.267447 0.0490496 -0.00334583 0.998791 0.115519
90 101 455 0.999381 -0.000760959 -0.035162 0.894854 0.000797062 0.999999 0.00101275 -0.341484 0.0351612 -0.00104015 0.999381 0.287446
90 102 466 0.999726 -0.0107547 -0.020793 0.91109 0.0104312 0.999824 -0.0156021 -0.324628 0.0209571 0.0153809 0.999662 0.25403
90 103 422 0.998885 -0.0042283 -0.0470234 0.957632 0.00299921 0.999653 -0.0261777 -0.118889 0.0471178 0.0260075 0.998551 0.262311
90 104 424 0.999971 -0.00662467 -0.00377293 0.937302 0.00651139 0.99955 -0.0292833 -0.209961 0.00396522 0.0292579 0.999564 0.278177
105 106 38 0.999944 0.000600802 -0.0105264 0.964469 -0.000630499 0.999996 -0.00281812 -0.106117 0.0105246 0.0028246 0.999941 -0.241947
105 107 156 0.999983 0.00513964 -0.00280342 0.849361 -0.00513732 0.999986 0.000834133 -0.389527 0.00280767 -0.000819717 0.999996 -0.356168
105 108 28 0.999791 0.0047514 0.0198759 0.115361 -0.00447555 0.999893 -0.0139006 -0.0291 -0.0199398 0.0138087 0.999706 -0.992897
105 109 84 0.999732 0.00652842 0.0221896 0.353543 -0.00615621 0.99984 -0.016801 0.0566423 -0.0222958 0.0166599 0.999613 -0.933702
105 110 76 0.999773 0.00356191 0.0209826 0.491871 -0.00325292 0.999886 -0.0147421 -0.050093 -0.0210328 0.0146705 0.999671 -0.869226
105 111 98 0.999445 0.00524603 0.0328846 0.0884195 -0.00461988 0.999807 -0.0190878 0.0723902 -0.0329784 0.0189253 0.999277 -0.993449
105 112 542 0.9995 0.0079826 -0.0305989 0.951076 -0.00878827 0.999616 -0.0262863 0.147038 0.0303773 0.0265421 0.999186 -0.271724
105 113 540 0.999853 0.00617793 -0.0159686 0.932861 -0.00657952 0.99966 -0.0252199 0.0993128 0.0158074 0.0253213 0.999554 -0.346278
105 114 348 0.999822 0.00834978 0.016927 0.449669 -0.00807517 0.999836 -0.016227 0.0628178 -0.0170597 0.0160874 0.999725 -0.890983
105 115 512 0.999899 0.0039245 0.0136812 0.659492 -0.00371937 0.999881 -0.0149868 0.0930009 -0.0137384 0.0149344 0.999794 -0.745937
105 116 505 0.999748 0.0167008 -0.0150228 0.845416 -0.0167672 0.99985 -0.00430567 -0.0321659 0.0149486 0.00455648 0.999878 -0.533139
105 117 379 0.999766 0.011357 0.0183869 0.595202 -0.0113072 0.999932 -0.00280591 -0.00844356 -0.0184175 0.00259735 0.999827 -0.803532
105 118 457 0.999593 0.0168407 -0.0230208 0.891942 -0.0169187 0.999852 -0.00319907 0.0593605 0.0229635 0.00358725 0.99973 -0.448236
105 119 486 0.999792 0.01291 0.0157955 0.663761 -0.0130154 0.999894 0.00658675 -0.0247409 -0.0157088 -0.00679097 0.999854 -0.747536
120 121 0 1 0 0 0 0 1 0 0 0 0 1 0
120 122 33 0.999926 0.00909112 0.00806381 -0.019872 -0.00919491 0.999874 0.0129287 -0.0111696 -0.00794526 -0.0130019 0.999884 -0.99974
120 123 35 0.999936 0.0110669 -0.0025502 0.884323 -0.0110298 0.999839 0.0141495 -0.121048 0.00270638 -0.0141205 0.999897 -0.450909
120 124 115 0.999289 0.030527 0.0221158 -0.0742409 -0.0308736 0.999403 0.0155026 -0.219304 -0.0216294 -0.0161744 0.999635 -0.972828
120 125 559 0.999442 0.0297051 -0.0152713 0.947889 -0.0296171 0.999544 0.00595258 0.0940763 0.0154412 -0.00549697 0.999866 -0.304396
120 126 552 0.999556 0.0295767 0.00363464 0.702309 -0.0295751 0.999562 -0.000508226 0.251723 -0.00364808 0.000400505 0.999993 -0.665882
120 127 412 0.999358 0.0303086 0.019116 0.17537 -0.030341 0.999539 0.00141062 0.172344 -0.0190644 -0.00198972 0.999816 -0.9693
120 128 578 0.999482 0.0277201 -0.0163429 0.613773 -0.0280658 0.999379 -0.0213162 0.495507 0.0157419 0.0217638 0.999639 -0.614618
120 129 565 0.999275 0.0323997 -0.0199967 0.650459 -0.0324314 0.999473 -0.00126292 0.155424 0.0199453 0.00191052 0.999799 -0.743469
120 130 570 0.99922 0.0338761 -0.0202829 0.59193 -0.0341446 0.999332 -0.0130393 0.344565 0.0198276 0.0137217 0.999709 -0.728625
120 131 563 0.998508 0.0392412 -0.0379764 0.66089 -0.0399928 0.999015 -0.0192378 0.385842 0.0371841 0.0207279 0.999093 -0.643701
120 132 542 0.999286 0.0362283 -0.0107674 0.300605 -0.0362374 0.999343 -0.000651304 0.269676 0.0107368 0.00104102 0.999942 -0.914829
120 133 535 0.998914 0.0378405 -0.027184 0.491195 -0.038012 0.99926 -0.00581923 0.332881 0.0269437 0.00684622 0.999614 -0.804933
120 134 518 0.997821 0.0405467 -0.0520592 0.636711 -0.041598 0.998949 -0.019272 0.443344 0.051223 0.0213956 0.998458 -0.630909
135 136 42 0.999999 0.00114081 -0.000909026 -0.311502 -0.00113722 0.999992 0.00393368 0.0858951 0.000913506 -0.00393264 0.999992 -0.946356
135 137 0 1 0 0 0 0 1 0 0 0 0 1 0
135 138 71 0.999995 0.000446999 -0.00306843 -0.134192 -0.000434482 0.999992 0.0040786 0.0345149 0.00307023 -0.00407725 0.999987 -0.990354
135 139 156 0.999906 0.00159097 -0.0136208 0.440291 -0.00153859 0.999991 0.00385535 0.319347 0.0136268 -0.00383403 0.9999 -0.839143
135 140 603 0.999598 0.00458797 -0.0279804 0.765096 -0.00471985 0.999978 -0.004649 0.472213 0.0279585 0.00477919 0.999598 -0.437771
135 141 295 0.999858 0.0112212 -0.012535 0.351409 -0.0111077 0.999897 0.00908671 0.17323 0.0126357 -0.00894618 0.99988 -0.920056
135 142 525 0.999751 0.00761756 -0.0209579 0.379373 -0.00746457 0.999945 0.00736817 0.174325 0.0210129 -0.00720989 0.999753 -0.908673
135 143 573 0.999381 0.00894335 -0.0340161 0.569151 -0.00875522 0.999946 0.00567556 0.26107 0.034065 -0.00537423 0.999405 -0.779686
135 144 492 0.999597 0.0152029 -0.0239772 0.361546 -0.0148309 0.999768 0.0156182 0.179103 0.0242091 -0.0152563 0.99959 -0.91499
135 145 554 0.998986 0.0180429 -0.0412602 0.581378 -0.0176096 0.999786 0.0108418 0.31635 0.041447 -0.0101042 0.99909 -0.749615
135 146 492 0.997318 0.0210969 -0.0700823 0.730065 -0.0210269 0.999777 0.00173677 0.389204 0.0701033 -0.000258499 0.99754 -0.561716
135 147 443 0.999131 0.0209543 -0.0360251 0.436373 -0.020174 0.999557 0.0218875 0.316814 0.0364678 -0.0211417 0.999111 -0.842145
135 148 488 0.998909 0.0290347 -0.0365865 0.509075 -0.0280302 0.999224 0.0276766 0.35611 0.0373617 -0.0266208 0.998947 -0.783599
135 149 417 0.99766 0.0363464 -0.057912 0.622176 -0.0347446 0.998992 0.0284316 0.350449 0.058887 -0.0263529 0.997917 -0.700059
150 151 0 1 0 0 0 0 1 0 0 0 0 1 0
150 152 0 1 0 0 0 0 1 0 0 0 0 1 0
150 153 0 1 0 0 0 0 1 0 0 0 0 1 0
150 154 286 0.998553 0.0260592 -0.0470411 0.733369 -0.0233917 0.998135 0.056392 -0.65475 0.0484229 -0.05521 0.9973 -0.182955
150 155 56 0.999782 0.0203057 -0.00477928 0.0767725 -0.0202236 0.999657 0.0166417 0.211097 0.00511557 -0.0165415 0.99985 -0.974445
150 156 72 0.99984 0.0166807 -0.00653262 0.138049 -0.0165763 0.999739 0.0157254 0.199355 0.00679323 -0.0156146 0.999855 -0.970155
150 157 64 0.999696 0.0241247 -0.00506865 0.178459 -0.0240353 0.999566 0.0170089 0.239485 0.00547679 -0.0168819 0.999842 -0.954358
150 158 79 0.999513 0.0310781 -0.00272984 0.0358662 -0.0310187 0.999326 0.0196333 0.206355 0.00333816 -0.0195391 0.999804 -0.97782
150 159 62 0.999329 0.0328143 -0.0163015 0.474934 -0.0325706 0.999357 0.0149998 0.420517 0.0167832 -0.0144588 0.999755 -0.773048
150 160 241 0.992667 0.0414981 -0.113532 0.791132 -0.0482803 0.997168 -0.057655 0.602791 0.110818 0.0627135 0.99186 -0.103697
150 161 261 0.997793 0.0372572 -0.0549683 0.721332 -0.0366536 0.999257 0.0119477 0.21855 0.0553726 -0.00990654 0.998417 -0.657203
150 162 236 0.995179 0.0328885 -0.0923997 0.821373 -0.033955 0.999373 -0.00999324 0.421679 0.0920131 0.0130825 0.995672 -0.3841
150 163 227 0.996426 0.0375035 -0.0756819 0.705742 -0.0376015 0.999293 0.00013007 0.428915 0.0756332 0.00271615 0.997132 -0.563879
150 164 222 0.997777 0.0436423 -0.0503695 0.393765 -0.0423265 0.998742 0.0268999 0.181309 0.0514801 -0.0247081 0.998368 -0.901152
165 166 12 0.999974 0.00609133 -0.00377219 -0.191538 -0.00606421 0.999956 0.00715808 0.207032 0.00381563 -0.00713502 0.999967 0.959401
165 167 22 0.999922 0.0118903 -0.00369878 0.161527 -0.0118565 0.999889 0.00903225 0.190648 0.00380576 -0.00898769 0.999952 0.968278
165 168 583 0.999097 0.0179851 -0.0384935 0.685366 -0.0187932 0.999608 -0.0207344 0.699064 0.0381055 0.0214391 0.999044 -0.203921
165 169 135 0.999802 0.0144717 -0.0136914 0.18045 -0.0143199 0.999836 0.0111208 -0.0397859 0.0138501 -0.0109225 0.999844 -0.982779
165 170 428 0.999599 0.0140227 -0.0245871 0.392621 -0.0138958 0.999889 0.00532448 0.240978 0.0246591 -0.00498068 0.999684 -0.887569
165 171 259 0.999772 0.0137714 -0.0163272 0.138136 -0.0136005 0.999852 0.010535 0.160979 0.0164699 -0.0103106 0.999811 -0.977243
165 172 545 0.997366 0.0249922 -0.068094 0.818224 -0.0258666 0.999593 -0.0119904 0.421846 0.0677667 0.0137202 0.997607 -0.390583
165 173 559 0.999179 0.0214241 -0.034383 0.366008 -0.0211847 0.999749 0.00731229 0.227088 0.0345311 -0.0065779 0.999382 -0.90248
165 174 543 0.998033 0.0201798 -0.0593557 0.620505 -0.020643 0.999761 -0.00720128 0.461525 0.0591962 0.0084124 0.998211 -0.63401
165 175 515 0.997928 0.0273279 -0.0582461 0.577779 -0.0267974 0.999592 0.00987057 0.232835 0.0584921 -0.00828928 0.998253 -0.782278
165 176 484 0.998791 0.029702 -0.0391757 0.360285 -0.0293348 0.99952 0.00991592 0.260309 0.0394515 -0.00875472 0.999183 -0.895787
165 177 490 0.995393 0.0473375 -0.0833749 0.767924 -0.0479996 0.99883 -0.00595325 0.351691 0.0829955 0.00992778 0.9965 -0.535357
165 178 473 0.990906 0.062765 -0.119023 0.813589 -0.0669035 0.997275 -0.0310956 0.437652 0.116746 0.0387759 0.992405 -0.382797
165 179 453 0.994097 0.0546382 -0.0937329 0.739768 -0.0573386 0.998007 -0.02636 0.416293 0.0921058 0.0315789 0.995248 -0.528625
180 181 14 0.999973 0.00702664 -0.00194046 0.327049 -0.00702482 0.999975 0.000938958 -0.0735822 0.00194701 -0.000925301 0.999998 -0.942138
180 182 67 0.999952 0.00976658 -0.000779939 0.404689 -0.00976796 0.999951 -0.00178829 -0.0448918 0.000762435 0.00179582 0.999998 -0.913352
180 183 716 0.998769 0.0206181 -0.0451104 0.937475 -0.0210011 0.999747 -0.00803079 0.0584792 0.0449334 0.00896827 0.99895 -0.343104
180 184 727 0.999774 0.015975 -0.0140065 0.734609 -0.0162385 0.999689 -0.0189034 0.341028 0.0137002 0.0191266 0.999723 -0.586557
180 185 396 0.999818 0.0189467 -0.00222625 0.319257 -0.0189734 0.99974 -0.012677 0.163102 0.00198548 0.0127169 0.999917 -0.933527
180 186 393 0.999804 0.0196639 -0.00248629 0.277036 -0.0197013 0.999677 -0.016047 0.265042 0.00216994 0.0160929 0.999868 -0.923582
180 187 638 0.998418 0.0311069 -0.04684 0.810041 -0.0324722 0.999061 -0.028675 0.293219 0.045904 0.0301507 0.998491 -0.507795
180 188 699 0.99782 0.0335612 -0.0568314 0.810977 -0.0356759 0.998692 -0.0366146 0.305364 0.0555282 0.0385623 0.997712 -0.499068
180 189 645 0.999058 0.0344516 -0.0263781 0.517339 -0.0350038 0.999171 -0.0207653 0.142019 0.0256409 0.0216691 0.999436 -0.843914
180 190 564 0.999341 0.0225823 -0.0284262 0.513343 -0.0234078 0.999304 -0.0290499 0.326397 0.0277504 0.0296961 0.999174 -0.79369
180 191 598 0.996029 0.0197702 -0.0868056 0.791491 -0.0239015 0.998618 -0.0468138 0.335495 0.08576 0.0487027 0.995125 -0.510868
180 192 641 0.997027 0.0257963 -0.0726035 0.737229 -0.0282196 0.999072 -0.0325523 0.21368 0.0716964 0.0345044 0.99683 -0.640963
180 193 600 0.998953 0.0182813 -0.0419307 0.452321 -0.0197913 0.99916 -0.0358858 0.293444 0.0412395 0.0366781 0.998476 -0.842197
180 194 461 0.998816 0.0193126 -0.0446474 0.394003 -0.0207324 0.999287 -0.0315587 0.243807 0.0440061 0.032447 0.998504 -0.886183
195 196 452 0.999796 0.00146642 -0.0201569 0.493939 -0.0008357 0.999511 0.0312632 -0.834558 0.0201929 -0.03124 0.999308 -0.244004
195 197 439 0.99874 -0.00905854 -0.049363 0.893379 0.00905053 0.999959 -0.000385788 0.399415 0.0493644 -6.14593e-05 0.998781 -0.205769
195 198 160 0.999458 0.000297062 -0.0329041 0.689337 0.000645092 0.99959 0.028619 -0.187151 0.0328991 -0.0286247 0.999049 -0.699849
195 199 36 0.999394 -0.0122936 -0.0325669 0.791652 0.01315 0.99957 0.0262119 0.394927 0.0322307 -0.0266243 0.999126 -0.466175
195 200 444 0.998046 -0.0017719 -0.0624572 0.901875 0.0042644 0.999199 0.0397966 0.0281716 0.0623366 -0.0399852 0.997254 -0.431079
195 201 407 0.996439 0.00292716 -0.0842698 0.993891 0.000626994 0.999112 0.0421186 -0.0404551 0.0843183 -0.0420214 0.995552 -0.102684
195 202 472 0.992186 0.0234896 -0.12254 0.936164 -0.0155022 0.997717 0.0657333 -0.248858 0.123804 -0.06332 0.990284 -0.248328
195 203 452 0.995778 0.0186926 -0.0898689 0.911979 -0.0140511 0.998548 0.052005 -0.0822192 0.0907105 -0.0505227 0.994595 -0.401913
195 204 458 0.991251 0.0294003 -0.128672 0.957015 -0.0207634 0.997472 0.0679579 -0.202664 0.130344 -0.0646917 0.989356 -0.207483
195 205 429 0.993792 0.0230623 -0.108835 0.969647 -0.0187482 0.999004 0.0404977 0.0275488 0.10966 -0.0382058 0.993235 -0.242954
195 206 435 0.991029 0.0341385 -0.129217 0.963164 -0.0276104 0.998266 0.0519792 -0.0944098 0.130767 -0.0479452 0.990253 -0.251796
195 207 403 0.990904 0.0348537 -0.129977 0.960542 -0.0291843 0.998548 0.0452712 -0.0332743 0.131366 -0.0410662 0.990483 -0.276136
195 208 376 0.997186 0.0502398 -0.0556416 0.668783 -0.0475502 0.997683 0.048651 -0.151832 0.0579569 -0.0458684 0.997265 -0.727788
195 209 379 0.989258 0.0521857 -0.136548 0.947044 -0.0456993 0.997692 0.050216 -0.101427 0.138853 -0.0434364 0.98936 -0.304664
210 211 0 1 0 0 0 0 1 0 0 0 0 1 0
210 212 13 0.999983 0.00458732 0.00359939 0.883316 -0.00457826 0.999986 -0.00252387 -0.0342723 -0.00361092 0.00250735 0.99999 -0.467524
210 213 127 0.999919 0.0116066 0.0052771 0.850802 -0.011606 0.999933 -0.00015716 -0.0313518 -0.00527857 9.59018e-05 0.999986 -0.524551
210 214 66 0.999835 -0.00416517 0.0177036 0.758815 0.00417519 0.999991 -0.000528804 0.286331 -0.0177012 0.000602633 0.999843 -0.584991
210 215 624 0.99988 0.00720431 -0.0137235 0.955873 -0.00709236 0.999941 0.00818823 0.0179971 0.0137817 -0.00808992 0.999872 -0.293228
210 216 488 0.999058 0.00352689 -0.0432399 0.949088 -0.00318641 0.999963 0.00794052 0.0793149 0.0432663 -0.00779526 0.999033 -0.304862
210 217 411 0.999259 -0.00451769 -0.0382272 0.967011 0.00525851 0.9998 0.019301 0.0355767 0.0381324 -0.0194878 0.999083 -0.252238
210 218 477 0.999403 -0.00272188 -0.0344477 0.951675 0.00402026 0.999282 0.0376785 -0.104871 0.0343204 -0.0377944 0.998696 -0.288645
210 219 269 0.999433 -0.0247653 0.0228293 0.661702 0.024066 0.999248 0.0304148 0.0536235 -0.0235654 -0.0298481 0.999277 -0.747847
210 220 542 0.998788 -0.0160606 -0.0465283 0.970951 0.0177783 0.999167 0.0367436 0.00955581 0.0458994 -0.0375263 0.998241 -0.239089
210 221 400 0.998202 -0.0146925 -0.0581177 0.990293 0.0165915 0.99934 0.0323297 -0.0115858 0.0576043 -0.0332358 0.997786 -0.138515
210 222 310 0.999603 -0.0100322 0.0263443 0.819083 0.00929047 0.999561 0.0281281 -0.0963715 -0.026615 -0.0278721 0.999257 -0.565522
210 223 460 0.999974 -0.00311918 0.00651382 0.831852 0.00291172 0.999496 0.0316192 -0.0915781 -0.00660916 -0.0315994 0.999479 -0.54739
210 224 485 0.999949 0.0015678 -0.00993193 0.887968 -0.00118525 0.999261 0.0384064 -0.166387 0.00998481 -0.0383927 0.999213 -0.428752
225 226 0 1 0 0 0 0 1 0 0 0 0 1 0
225 227 0 1 0 0 0 0 1 0 0 0 0 1 0
225 228 31 0.999347 0.0345951 0.0104585 0.427998 -0.0345392 0.999388 -0.00547912 -0.687092 -0.0106417 0.00511432 0.99993 -0.58713
225 229 67 0.999978 0.00647535 0.00154117 0.720368 -0.00645897 0.999925 -0.0104044 0.256583 -0.00160843 0.0103943 0.999945 -0.644387
225 230 301 0.999856 0.0106709 -0.0131955 0.803069 -0.0107339 0.999931 -0.00471059 -0.101326 0.0131444 0.00485155 0.999902 -0.587209
225 231 98 0.999563 0.0292568 0.00429946 0.299785 -0.0292197 0.999537 -0.0084417 -0.239602 -0.00454444 0.00831238 0.999955 -0.923428
225 232 387 0.999761 0.0170529 -0.0136945 0.925899 -0.0172759 0.999717 -0.0163364 -0.1002 0.013412 0.0165691 0.999773 -0.36424
225 233 55 0.999207 0.0369207 0.0148883 0.564735 -0.0366133 0.999121 -0.0204201 -0.384285 -0.0156291 0.0198588 0.999681 -0.730342
225 234 437 0.99957 0.00522417 -0.0288559 0.982218 -0.00608758 0.999534 -0.0299153 0.0349567 0.0286862 0.0300781 0.999136 -0.184459
225 235 460 0.999591 0.0185994 -0.0217169 0.815624 -0.018983 0.999665 -0.0175942 -0.267736 0.0213824 0.0179993 0.999609 -0.512908
225 236 473 0.998833 0.0240091 -0.0419183 0.895933 -0.0245607 0.999618 -0.0126944 -0.293417 0.0415975 0.0137091 0.99904 -0.333482
225 237 458 0.998967 0.0272791 -0.0363376 0.903474 -0.0280028 0.999416 -0.0195589 -0.271597 0.0357829 0.0205562 0.999148 -0.331618
225 238 448 0.998601 0.0335797 -0.0408471 0.922343 -0.0343387 0.999248 -0.0180248 -0.288175 0.0402111 0.0194022 0.999003 -0.257368
225 239 427 0.99836 0.0277538 -0.0500637 0.943195 -0.0288163 0.999372 -0.0206269 -0.23617 0.0494598 0.0220357 0.998533 -0.233683
240 241 0 1 0 0 0 0 1 0 0 0 0 1 0
240 242 242 0.999785 0.00356677 -0.0204391 0.95658 -0.00367291 0.99998 -0.00515777 -0.0642719 0.0204203 0.00523173 0.999778 0.284295
240 243 718 0.999467 0.0257392 -0.0200799 0.580984 -0.0254561 0.999575 0.0142266 -0.724114 0.0204375 -0.0137079 0.999697 0.37164
240 244 633 0.999239 0.0164747 -0.0353609 0.993511 -0.0168309 0.99981 -0.00979881 -0.0688476 0.0351928 0.0103865 0.999327 0.0905291
240 245 536 0.999469 0.0153621 -0.0287342 0.926994 -0.0158563 0.999729 -0.0170504 -0.067588 0.0284645 0.0174969 0.999442 0.368936
240 246 603 0.999619 0.00811362 -0.0263867 0.894983 -0.00879233 0.999631 -0.0257081 0.0392718 0.0261684 0.0259303 0.999321 0.444368
240 247 431 0.999554 0.012437 -0.0271636 0.950287 -0.0128507 0.999803 -0.0151079 -0.0598682 0.0269703 0.0154502 0.999517 0.305566
240 248 535 0.999328 0.00703025 -0.0359735 0.88122 -0.00780298 0.999741 -0.0213853 0.0967873 0.0358138 0.0216516 0.999124 0.462691
240 249 303 0.999822 0.0144458 -0.0121429 0.863323 -0.0145594 0.999851 -0.00931904 -0.00541831 0.0120065 0.00949418 0.999883 0.504623
240 250 299 0.999552 0.0152584 -0.0257376 0.938388 -0.0154798 0.999845 -0.00842323 0.0658102 0.0256051 0.00881787 0.999633 0.339259
240 251 317 0.999799 0.0189238 -0.00668679 0.895829 -0.0189385 0.999818 -0.00213836 0.0159526 0.0066451 0.00226457 0.999975 0.444113
240 252 381 0.999494 0.0167783 -0.0270091 0.944207 -0.0169235 0.999843 -0.00515827 0.0706634 0.0269183 0.00561275 0.999622 0.321682
240 253 375 0.999815 0.0162999 -0.0102219 0.927075 -0.0162688 0.999863 0.00311909 0.0109379 0.0102713 -0.00295221 0.999943 0.374715
240 254 362 0.999952 -0.00293308 -0.00936147 0.92501 0.00292182 0.999995 -0.00121682 0.0262949 0.00936499 0.00118941 0.999955 0.379031
255 256 0 1 0 0 0 0 1 0 0 0 0 1 0
255 257 165 0.999695 -0.0233503 -0.00800833 0.86127 0.0233432 0.999727 -0.00098589 0.271122 0.00802916 0.00079865 0.999967 0.429775
255 258 609 0.998719 -0.0156838 0.0481004 -0.777757 0.0157054 0.999877 -7.18228e-05 0.152118 -0.0480934 0.000827168 0.998843 0.60988
255 259 611 0.998457 -0.0215478 0.0511793 -0.786888 0.0215816 0.999767 -0.000108525 0.0484624 -0.0511651 0.00121289 0.998689 0.61519
255 260 206 0.999761 -0.02181 0.00145872 0.769947 0.021805 0.999756 0.00340239 -0.06501 -0.00153257 -0.00336977 0.999993 0.634788
255 261 529 0.999718 -0.0233309 -0.00436631 0.781211 0.0233145 0.999721 -0.00379042 0.128964 0.00445353 0.00368755 0.999983 0.610801
255 262 281 0.999698 -0.0244467 -0.00239869 0.799395 0.0244438 0.9997 -0.0012299 0.0621129 0.00242804 0.00117089 0.999996 0.597586
255 263 368 0.999475 -0.0303867 -0.0112059 0.799475 0.030417 0.999534 0.00254418 0.124273 0.0111233 -0.0028837 0.999934 0.587704
255 264 479 0.999546 -0.0244251 -0.0176582 0.793192 0.0245831 0.999659 0.00878996 0.0114498 0.0174375 -0.00922006 0.999805 0.608864
255 265 501 0.999347 -0.0251278 -0.0259557 0.838023 0.0252271 0.999676 0.00350536 0.041636 0.0258592 -0.00415786 0.999657 0.544044
255 266 512 0.998484 -0.0367519 -0.0409833 0.859309 0.0364948 0.999309 -0.00700397 0.146362 0.0412124 0.00549767 0.999135 0.490068
255 267 481 0.998864 -0.0322563 -0.0350833 0.814006 0.0322198 0.99948 -0.00160568 0.0774322 0.0351169 0.000473475 0.999383 0.575673
255 268 501 0.997807 -0.0351935 -0.0560639 0.821718 0.0344461 0.999305 -0.0142418 0.147461 0.0565261 0.0122794 0.998326 0.550487
255 269 456 0.998756 -0.0294348 -0.0402427 0.803512 0.0293633 0.999566 -0.00236683 0.0189075 0.0402949 0.00118223 0.999187 0.594989
270 271 141 0.999999 0.00104679 0.000475859 0.165742 -0.00104878 0.999991 0.0041973 -0.141287 -0.00047146 -0.00419779 0.999991 0.975996
270 272 194 0.999892 0.0135218 -0.00581354 0.724327 -0.0134606 0.999855 0.0104358 -0.393527 0.00595381 -0.0103564 0.999929 0.566116
270 273 449 0.999846 0.0171113 -0.00378637 0.751172 -0.0170586 0.999763 0.0135318 -0.467442 0.00401701 -0.0134651 0.999901 0.466089
270 274 490 0.999865 0.0162678 -0.00240907 0.675176 -0.0162464 0.999831 0.00862787 -0.191632 0.00254902 -0.00858757 0.99996 0.71233
270 275 564 0.999814 0.0151039 -0.0119715 0.74369 -0.0150316 0.999868 0.00610187 -0.105379 0.0120621 -0.00592078 0.99991 0.660167
270 276 507 0.999774 0.0108836 -0.0182534 0.80001 -0.010767 0.999921 0.00647514 -0.0527183 0.0183224 -0.00627714 0.999812 0.597666
270 277 547 0.999863 0.0068248 -0.0150743 0.747505 -0.00673999 0.999961 0.00566978 -0.0628328 0.0151124 -0.00556741 0.99987 0.661278
270 278 437 0.999765 0.0200765 -0.00812065 0.722576 -0.0199617 0.999703 0.0139876 -0.189489 0.00839906 -0.0138222 0.999869 0.664814
270 279 371 0.999673 0.0128924 -0.0220717 0.795149 -0.0126736 0.999869 0.0100239 -0.0740774 0.0221981 -0.00974091 0.999706 0.601873
270 280 405 0.999837 0.0153454 -0.00952191 0.74749 -0.0152182 0.999796 0.0132886 -0.0814471 0.00972389 -0.0131415 0.999866 0.659261
270 281 397 0.99957 0.0286441 0.00633302 0.630812 -0.0287667 0.999382 0.0202082 -0.204381 -0.00575026 -0.0203817 0.999776 0.748535
270 282 363 0.999744 0.0216699 -0.00647136 0.755414 -0.021587 0.999687 0.012617 -0.0930963 0.00674275 -0.0124741 0.999899 0.648601
270 283 407 0.999808 0.0176906 -0.00836854 0.740024 -0.0175996 0.999786 0.0108299 -0.0682108 0.00855834 -0.0106806 0.999906 0.669113
270 284 418 0.999565 0.0294917 0.000855618 0.717938 -0.0295026 0.999389 0.0187487 -0.154517 -0.000302165 -0.0187657 0.999824 0.678741
285 286 388 0.999985 0.00324565 -0.00449429 0.676023 -0.00330517 0.999906 -0.0132981 0.522967 0.00445071 0.0133128 0.999901 0.519132
285 287 265 0.999902 -0.00120288 0.0139766 -0.0377652 0.00133357 0.999955 -0.00934483 -0.14845 -0.0139647 0.00936254 0.999859 0.988198
285 288 467 0.99998 0.00423705 -0.00462956 0.874501 -0.00424082 0.999991 -0.00080593 -0.378877 0.00462611 0.000825547 0.999989 0.302822
285 289 535 0.999683 0.000398498 -0.0251876 0.857874 -0.0011654 0.999536 -0.0304404 0.294907 0.0251637 0.0304601 0.999219 0.42081
285 290 473 0.999955 0.00814039 -0.00489866 0.764714 -0.00817437 0.999942 -0.00695708 -0.323846 0.00484174 0.00699681 0.999964 0.557078
285 291 491 0.999817 0.0191023 -0.000498688 0.736826 -0.0191061 0.999775 -0.0092233 -0.31162 0.00032239 0.00923115 0.999957 0.599984
285 292 283 0.999805 0.0175241 0.00907933 0.599093 -0.0173927 0.999746 -0.0143534 -0.24412 -0.00932855 0.0141927 0.999856 0.762557
285 293 413 0.99992 0.011846 -0.00432362 0.649076 -0.0119248 0.999755 -0.0186589 -0.203726 0.00410153 0.018709 0.999817 0.732937
285 294 506 0.999442 0.0258568 -0.0211282 0.851976 -0.0260689 0.999612 -0.00982668 -0.327887 0.0208659 0.010372 0.999728 0.4082
285 295 422 0.999396 0.0332457 -0.010089 0.722949 -0.0333563 0.999383 -0.0110022 -0.34513 0.00971701 0.0113321 0.999889 0.598523
285 296 292 0.999294 0.0337092 -0.0165676 0.756541 -0.0340424 0.999215 -0.0202607 -0.229159 0.0158716 0.0208104 0.999657 0.61248
285 297 457 0.998943 0.0425998 -0.0172547 0.799707 -0.0429689 0.998842 -0.0216218 -0.270534 0.0163136 0.0223404 0.999617 0.535985
285 298 381 0.998924 0.0440613 -0.0144921 0.748601 -0.0443479 0.998814 -0.0200926 -0.234683 0.0135896 0.0207136 0.999693 0.620097
285 299 383 0.99849 0.0495286 -0.0237425 0.776713 -0.0499303 0.998614 -0.0166372 -0.277363 0.0228856 0.0177975 0.99958 0.565496
300 301 0 1 0 0 0 0 1 0 0 0 0 1 0
300 302 20 0.99997 0.00152292 -0.00755575 0.58301 -0.00153192 0.999998 -0.00118568 -0.124588 0.00755393 0.00119722 0.999971 0.802855
300 303 26 0.999995 -0.00282999 -0.00155353 -0.52752 0.00282644 0.999993 -0.00228752 -0.152458 0.00155999 0.00228311 0.999996 0.835751
300 304 349 0.9997 0.00260757 -0.0243656 0.977107 -0.00257381 0.999996 0.00141693 -0.100796 0.0243692 -0.00135379 0.999702 0.187355
300 305 493 0.999581 0.0017269 -0.0288954 0.970465 -0.00178146 0.999997 -0.00186258 0.0460042 0.028892 0.00191327 0.999581 0.236814
300 306 593 0.998968 0.00680862 -0.0448971 0.988058 -0.00698657 0.999968 -0.00380776 0.0950073 0.0448698 0.00411751 0.998984 0.121303
300 307 617 0.997172 0.0125241 -0.074103 0.949755 -0.0139224 0.999734 -0.0183831 0.247061 0.0738531 0.0193628 0.997081 0.19216
300 308 619 0.998798 0.0128151 -0.0473123 0.971808 -0.0129088 0.999915 -0.00167614 0.077336 0.0472868 0.00228487 0.998879 0.222731
300 309 500 0.998974 0.0159575 -0.0423864 0.970509 -0.0158275 0.999869 0.00339998 -0.0022069 0.0424351 -0.00272562 0.999096 0.241056
300 310 454 0.998766 0.0173354 -0.0465403 0.977923 -0.0171397 0.999843 0.00460081 0.0165438 0.0466127 -0.00379745 0.998906 0.20831
300 311 445 0.999087 0.0177094 -0.0388821 0.96065 -0.0173393 0.999801 0.0098344 -0.0518158 0.0390486 -0.00915123 0.999195 0.272884
300 312 448 0.998568 0.0169303 -0.0507478 0.9622 -0.0164321 0.999813 0.0102178 -0.0568155 0.0509113 -0.00936926 0.998659 0.266352
300 313 360 0.998337 0.0278849 -0.050458 0.96873 -0.0270804 0.999496 0.0165583 -0.088995 0.0508943 -0.0151643 0.998589 0.231607
300 314 240 0.997846 0.0357229 -0.055029 0.964885 -0.0347407 0.999221 0.0187044 -0.10575 0.0556544 -0.0167523 0.99831 0.240447
315 316 65 0.999998 0.00186849 0.000620181 0.276383 -0.0018671 0.999996 -0.00224142 -0.474923 -0.000624366 0.00224026 0.999997 0.835501
315 317 25 0.999996 0.00242956 -0.00151806 0.554758 -0.00244597 0.999938 -0.0108975 0.247026 0.00149149 0.0109012 0.999939 -0.794494
315 318 63 0.999996 0.00164917 -0.00234677 0.431453 -0.0016787 0.999919 -0.0126372 0.167048 0.00232574 0.0126411 0.999917 -0.886534
315 319 135 0.99995 0.00409518 -0.00907189 0.604488 -0.00424426 0.999855 -0.0164754 0.130365 0.00900311 0.0165131 0.999823 -0.785875
315 320 56 0.999723 0.0175344 -0.0157111 0.99333 -0.0177509 0.999748 -0.0137524 -0.107263 0.015466 0.0140275 0.999782 -0.042306
315 321 164 0.999552 0.023584 -0.0184424 0.978091 -0.0239459 0.99952 -0.0196534 0.0471497 0.01797 0.0200862 0.999637 -0.202768
315 322 278 0.998353 0.0375629 -0.0433611 0.997642 -0.0383694 0.999103 -0.0179208 -0.0610827 0.0426491 0.019555 0.998899 0.0312968
315 323 112 0.998355 0.0504674 -0.0272215 0.990888 -0.0509006 0.998584 -0.0154631 -0.134525 0.0264026 0.0168233 0.99951 0.00659551
315 324 170 0.997664 0.0518124 -0.0445218 0.999788 -0.0524917 0.99852 -0.014227 0.00640008 0.0437188 0.0165308 0.998907 -0.0195462
315 325 188 0.9969 0.0552803 -0.0559912 0.985394 -0.0559362 0.998382 -0.010215 -0.0253244 0.0553359 0.0133153 0.998379 -0.168396
315 326 153 0.997188 0.0586078 -0.0467051 0.919167 -0.0591221 0.998204 -0.00970705 -0.0801669 0.0460523 0.0124411 0.998862 0.385623
315 327 238 0.992339 0.0670239 -0.103787 0.987789 -0.0694279 0.997392 -0.0197218 0.0920665 0.102194 0.0267763 0.994404 0.125688
315 328 201 0.995384 0.0616859 -0.0735243 0.971918 -0.0630962 0.997862 -0.0170143 0.137312 0.0723176 0.0215748 0.997148 -0.191103
315 329 114 0.996456 0.0621216 -0.0567053 0.910192 -0.0625595 0.998023 -0.00597835 0.0542676 0.0562218 0.00950462 0.998373 -0.410616
330 331 0 1 0 0 0 0 1 0 0 0 0 1 0
330 332 10 0.999981 0.00442021 -0.0043962 0.853039 -0.00441998 0.99999 6.30644e-05 0.518428 0.00439644 -4.36321e-05 0.99999 0.0596463
330 333 0 1 0 0 0 0 1 0 0 0 0 1 0
330 334 0 1 0 0 0 0 1 0 0 0 0 1 0
330 335 526 0.999284 -0.00191118 -0.0377852 0.97418 0.00194369 0.999998 0.000823736 0.169866 0.0377836 -0.000896589 0.999286 0.148726
330 336 574 0.999129 -0.00181388 -0.0416893 0.947632 0.00174859 0.999997 -0.00160257 0.200182 0.041692 0.00152828 0.999129 0.24884
330 337 348 0.999592 0.00383789 -0.0282978 0.951213 -0.00363716 0.999968 0.00714168 -0.00939987 0.0283243 -0.00703585 0.999574 0.308393
330 338 558 0.99852 -0.000783503 -0.0543826 0.983914 0.000876591 0.999998 0.00168789 0.111705 0.0543812 -0.00173306 0.998519 0.139409
330 339 475 0.998714 0.00335802 -0.0505852 0.991595 -0.00308268 0.99998 0.00552 0.0392207 0.0506027 -0.00535696 0.998704 0.123292
330 340 519 0.998242 0.00178879 -0.0592351 0.984204 -0.00161464 0.999994 0.00298768 0.0721334 0.0592401 -0.00288678 0.99824 0.161679
330 341 512 0.996894 0.00696204 -0.0784466 0.966957 -0.00686154 0.999975 0.0015506 0.079234 0.0784555 -0.00100752 0.996917 0.242313
330 342 402 0.998463 0.00653856 -0.0550406 0.979402 -0.00594256 0.999922 0.0109851 -0.0241799 0.0551081 -0.0106412 0.998424 0.200469
330 343 430 0.997812 0.00834202 -0.065593 0.976844 -0.00751031 0.999888 0.0129163 -0.0116458 0.0656934 -0.0123954 0.997763 0.213638
330 344 490 0.994847 0.0181714 -0.0997417 0.971589 -0.0171295 0.99979 0.0112919 -0.0149983 0.0999259 -0.00952519 0.994949 0.236199
345 346 23 0.999929 0.0119315 0.0006236 0.516986 -0.0119322 0.999928 0.00113906 -0.0324471 -0.000609965 -0.00114642 0.999999 -0.855379
345 347 507 0.999626 0.0149359 -0.0229293 0.98145 -0.0148886 0.999887 0.00223331 -0.0517187 0.02296 -0.00189109 0.999735 0.184612
345 348 463 0.999512 0.0205231 -0.0235481 0.943241 -0.0205059 0.999789 0.000971785 -0.0990145 0.0235631 -0.000488437 0.999722 0.317006
345 349 771 0.999046 0.0256556 -0.0353284 0.926594 -0.0257596 0.999665 -0.00249243 0.00947847 0.0352526 0.0034001 0.999373 0.375945
