0 1 102 0.999994 -0.0032219 -0.00106031 -0.31635 0.00322407 0.999993 0.0020432 0.125787 0.00105372 -0.0020466 0.999997 -0.940266
0 2 69 0.99999 -0.00438484 -0.000562295 -0.25218 0.00438561 0.999989 0.00138949 0.15709 0.000556197 -0.00139194 0.999999 -0.954845
0 3 59 0.999995 -0.00308552 -0.00102119 0.336693 0.00308728 0.999994 0.00172342 -0.0388427 0.00101587 -0.00172656 0.999998 0.940813
0 4 33 0.999979 -0.00655296 -9.72626e-05 -0.286159 0.00655322 0.999974 0.00285647 -0.271546 7.85417e-05 -0.00285705 0.999996 -0.918899
0 5 53 0.999991 -0.00428829 -0.000204394 0.0687836 0.00428868 0.999989 0.00191299 -0.0051957 0.000196188 -0.00191385 0.999998 0.997618
0 6 60 0.999986 -0.00511705 -0.00165688 0.377913 0.00512172 0.999983 0.00282496 -0.0751204 0.00164239 -0.00283341 0.999995 0.922789
0 7 19 0.999999 -0.00139039 -0.000703002 0.398397 0.00139113 0.999998 0.0010473 0.401912 0.000701545 -0.00104827 0.999999 0.824468
0 8 56 0.999996 -0.00272705 0.000150777 0.12786 0.00272671 0.999994 0.00218234 0.0988877 -0.000156728 -0.00218192 0.999998 0.98685
0 9 54 0.99999 -0.00432844 -0.000643358 -0.446004 0.00433018 0.999987 0.00273928 0.0351228 0.000631493 -0.00274204 0.999996 -0.894342
0 10 90 0.999987 -0.0044671 -0.00247783 0.372392 0.00447609 0.999983 0.00363232 -0.0958505 0.00246156 -0.00364337 0.99999 0.923113
0 11 111 0.999996 7.88734e-05 -0.00271618 0.305295 -6.97896e-05 0.999994 0.00334426 -0.115946 0.00271643 -0.00334406 0.999991 0.945173
0 12 114 0.999996 0.00246024 -0.00168756 0.239804 -0.00245859 0.999996 0.000979575 0.0146665 0.00168997 -0.000975421 0.999998 0.970711
0 13 218 0.99999 0.00434876 0.000543056 0.261075 -0.0043504 0.999986 0.00304417 -0.0995596 -0.00052981 -0.0030465 0.999995 0.960171
0 14 109 0.999968 0.00805446 0.000102402 0.275535 -0.00805482 0.999959 0.00417979 -0.0470828 -6.87317e-05 -0.00418048 0.999991 0.960137
15 16 71 0.999998 -0.000442695 -0.00198622 0.173394 0.000444314 1 0.000814695 -0.11598 0.00198585 -0.000815576 0.999998 0.978
15 17 100 0.999993 0.00221664 -0.00312969 0.353017 -0.00221172 0.999996 0.00157266 -0.0984875 0.00313317 -0.00156572 0.999994 0.930419
15 18 34 0.99996 0.008981 -0.000162979 0.229858 -0.00898063 0.999957 0.00210532 -0.309167 0.00018188 -0.00210377 0.999998 -0.922812
15 19 77 0.999989 0.00456481 0.000703454 0.0144924 -0.00456648 0.999987 0.00238072 -0.0280471 -0.000692577 -0.00238391 0.999997 0.999502
15 20 85 0.999974 0.0068178 0.00225408 0.0324998 -0.00682356 0.999973 0.0025605 -0.0974273 -0.00223657 -0.00257581 0.999994 0.994712
15 21 42 0.999967 0.00748528 0.00327753 -0.0932087 -0.00749259 0.999969 0.00222174 -0.133585 -0.0032608 -0.00224622 0.999992 0.986644
15 22 143 0.999991 0.00383934 0.00182737 0.176015 -0.00384567 0.999987 0.00346844 -0.0449991 -0.00181403 -0.00347544 0.999992 0.983358
15 23 166 0.999929 0.0031257 -0.0114653 0.909718 -0.00306999 0.999983 0.00487347 -0.122115 0.0114804 -0.00483793 0.999922 0.396864
15 24 493 0.999861 0.00233788 -0.0165172 0.974802 -0.0023091 0.999996 0.00176094 0.0513438 0.0165212 -0.00172255 0.999862 0.217082
15 25 29 0.999964 0.00531943 -0.00668116 0.809386 -0.0052538 0.999938 0.00980147 -0.356479 0.00673289 -0.00976601 0.99993 0.466709
15 26 351 0.999985 0.00442429 0.00312027 0.158426 -0.00443589 0.999983 0.00371995 -0.060117 -0.00310376 -0.00373374 0.999988 0.985539
15 27 968 0.999771 0.00485418 -0.0208316 0.954488 -0.00474894 0.999976 0.00509846 -0.0959096 0.0208558 -0.00499837 0.99977 0.282407
15 28 151 0.999954 0.0024987 -0.00922471 0.882329 -0.00245884 0.999988 0.00433009 -0.196525 0.00923541 -0.00430721 0.999948 0.427637
15 29 1007 0.999483 0.00174805 -0.0321154 0.972122 -0.00171903 0.999998 0.00093099 -0.0743874 0.032117 -0.000875301 0.999484 0.222362
30 31 24 0.999999 -0.000541684 0.000987306 -0.393436 0.000545706 0.999992 -0.00407741 0.191911 -0.000985089 0.00407795 0.999991 0.899098
30 32 79 0.99999 0.00435814 -8.08383e-05 0.25446 -0.00435706 0.999936 0.0104675 -0.953673 0.000126452 -0.010467 0.999945 -0.160491
30 33 95 0.999962 0.000863912 0.00872964 0.0186397 -0.000820082 0.999987 -0.00502312 -0.0356872 -0.00873386 0.00501577 0.999949 0.999189
30 34 91 0.999952 -0.00235256 0.00948756 -0.0127818 0.00246003 0.999933 -0.0113319 -0.0841434 -0.00946026 0.0113547 0.999891 0.996372
30 35 37 0.999907 0.00290066 0.0133282 -0.183622 -0.00270638 0.99989 -0.0145713 0.190559 -0.013369 0.0145338 0.999805 0.96435
30 36 17 0.999987 -0.00206284 0.00469857 0.897515 0.00210663 0.999954 -0.00933259 -0.37814 -0.00467911 0.00934236 0.999945 -0.226886
30 37 160 0.999999 -0.00146037 0.000839588 0.92572 0.00146518 0.999982 -0.00575353 -0.315336 -0.000831171 0.00575475 0.999983 -0.208818
30 38 67 0.999809 -0.00651644 0.0184233 -0.114961 0.0066815 0.999938 -0.00891169 -0.095532 -0.0183641 0.00903309 0.999791 0.988766
30 39 65 0.999724 -0.00966417 0.0213977 -0.196391 0.00983328 0.999921 -0.00781187 0.00221771 -0.0213205 0.00802012 0.999741 0.980523
30 40 361 0.999964 -0.00664929 0.00522695 0.904059 0.006637 0.999975 0.00236541 -0.271505 -0.00524255 -0.00233064 0.999984 -0.330094
30 41 30 0.999633 -0.00919097 0.0254759 -0.826181 0.00912063 0.999954 0.00287591 0.236244 -0.0255012 -0.00264249 0.999671 -0.511482
30 42 343 0.999486 -0.00624878 0.0314458 0.0604704 0.00628926 0.99998 -0.00118853 -0.0723524 -0.0314378 0.00138569 0.999505 0.995544
30 43 13 0.999781 -0.00891073 0.0189143 0.978495 0.00899043 0.999951 -0.00413285 0.0176262 -0.0188765 0.00430199 0.999813 0.205518
30 44 876 0.999993 -0.00369894 -0.000186198 0.93745 0.00370037 0.999958 0.00833465 -0.348109 0.000155361 -0.00833528 0.999965 -0.00256591
45 46 0 1 0 0 0 0 1 0 0 0 0 1 0
45 47 0 1 0 0 0 0 1 0 0 0 0 1 0
45 48 42 0.999894 0.0129602 0.00658725 -0.528305 -0.0130532 0.999813 0.0142734 0.17799 -0.00640103 -0.0143579 0.999876 -0.830189
45 49 62 0.999809 0.0182166 0.00706808 -0.117789 -0.0183281 0.999703 0.0160445 0.0828215 -0.00677371 -0.016171 0.999846 -0.989579
45 50 103 0.999782 0.0208325 0.00130652 0.337722 -0.0208516 0.99964 0.0168612 -0.0785655 -0.000954784 -0.0168848 0.999857 0.937961
45 51 115 0.999787 0.0205177 -0.00243391 0.241963 -0.0204741 0.99965 0.0167498 -0.0582835 0.00277673 -0.0166964 0.999857 0.968533
45 52 210 0.999555 0.0217612 -0.02038 0.898759 -0.0215966 0.999733 0.0082606 0.342855 0.0205543 -0.00781679 0.999758 0.273283
45 53 115 0.999715 0.022035 -0.00913983 0.340408 -0.0219283 0.999692 0.0116126 -0.0285781 0.0093929 -0.0114088 0.999891 0.939843
45 54 58 0.999523 0.0294392 -0.00931375 -0.0690632 -0.0293803 0.999548 0.00638949 0.0887148 0.00949764 -0.00611281 0.999936 0.99366
45 55 21 0.9997 0.0219552 -0.0108316 -0.913404 -0.0219115 0.999751 0.00413245 -0.0254044 0.0109196 -0.00389388 0.999933 0.40626
45 56 0 1 0 0 0 0 1 0 0 0 0 1 0
45 57 774 0.998475 0.0284191 -0.0473384 0.983314 -0.0286546 0.99958 -0.004304 0.130938 0.0471962 0.00565389 0.99887 0.126288
45 58 317 0.998622 0.0250095 -0.0461445 0.955815 -0.0253841 0.999649 -0.0075519 0.231871 0.0459395 0.00871283 0.998906 0.180703
45 59 134 0.998962 0.0237823 -0.0388497 0.699214 -0.0239654 0.999704 -0.00425496 0.126337 0.038737 0.00518159 0.999236 0.703661
60 61 1001 0.999985 0.00187569 -0.00510022 0.240841 -0.00175202 0.999707 0.0241446 -0.970005 0.00514401 -0.0241353 0.999695 -0.0329522
60 62 477 0.999892 0.00201692 -0.0145535 0.864793 -0.002052 0.999995 -0.00239611 0.493369 0.0145485 0.00242571 0.999891 0.0933798
60 63 0 1 0 0 0 0 1 0 0 0 0 1 0
60 64 44 0.999948 0.00987264 0.00249317 0.980773 -0.00989625 0.999905 0.00964356 -0.107828 -0.00239772 -0.00966773 0.99995 0.162657
60 65 1015 0.999757 0.0135173 -0.0174147 0.969383 -0.0135585 0.999906 -0.00225327 0.191326 0.0173826 0.00248884 0.999846 0.153919
60 66 60 0.999727 0.00967753 0.0212722 -0.860193 -0.00976153 0.999945 0.00384822 -0.0163775 -0.0212338 -0.00405482 0.999766 0.509706
60 67 187 0.999974 0.00565286 0.00457936 0.991911 -0.00565989 0.999983 0.00152388 -0.102956 -0.00457067 -0.00154975 0.999988 0.0742501
60 68 955 0.999315 0.0140901 -0.034219 0.999222 -0.0142429 0.99989 -0.00422605 0.0387007 0.0341557 0.00471053 0.999405 0.00764407
60 69 978 0.998779 0.0158947 -0.0467776 0.979881 -0.0166919 0.999721 -0.0167025 0.13346 0.0464991 0.017463 0.998766 0.1484
60 70 154 0.999289 0.0151205 0.0345361 -0.214405 -0.0150039 0.999881 -0.00363205 -0.018379 -0.0345869 0.00311129 0.999397 0.976572
60 71 832 0.99899 0.0196301 -0.0404279 0.991485 -0.019338 0.999784 0.00760434 -0.0934731 0.0405685 -0.00681486 0.999154 -0.0906708
60 72 826 0.999594 0.0220098 -0.0181087 0.996081 -0.0219793 0.999757 0.0018858 -0.0407234 0.0181458 -0.00148702 0.999834 -0.0785174
60 73 809 0.999716 0.013444 0.019681 0.988402 -0.0134173 0.999909 -0.00148813 -0.0918387 -0.0196992 0.00122364 0.999805 0.12094
60 74 786 0.999849 0.0173895 -0.000751614 0.999834 -0.0173952 0.999814 -0.0083823 0.0181191 0.00060571 0.00839411 0.999965 -0.00211202
75 76 59 0.999875 0.00043539 -0.0158358 0.974251 -0.000487507 0.999994 -0.00328741 0.0993638 0.0158343 0.00329471 0.999869 -0.202389
75 77 108 0.999973 0.00256011 -0.00689026 0.429644 -0.00254576 0.999995 0.00209058 -0.201483 0.00689558 -0.00207298 0.999974 -0.880233
75 78 11 0.999964 -0.00434646 -0.00732359 0.908309 0.00434649 0.999991 -1.10959e-05 0.0040767 0.00732357 -2.07364e-05 0.999973 0.41828
75 79 108 0.999969 0.00305758 0.00730877 -0.0872134 -0.00303836 0.999992 -0.00263994 -0.0893256 -0.00731678 0.00261765 0.99997 0.992177
75 80 830 0.999904 0.00109374 -0.0137921 0.897812 -0.00129303 0.999895 -0.014449 0.429574 0.0137749 0.0144655 0.9998 -0.0969489
75 81 40 0.999981 -0.00147145 0.00598141 0.539623 0.00146282 0.999998 0.00144727 -0.0891407 -0.00598353 -0.00143849 0.999981 -0.837174
75 82 19 0.999974 -0.00707578 -0.00148323 0.739925 0.00707872 0.999973 0.0019886 -0.082493 0.00146912 -0.00199905 0.999997 0.667612
75 83 894 0.999476 -0.00939907 -0.030958 0.957492 0.00911192 0.999914 -0.00940343 0.264702 0.0310437 0.00911642 0.999476 0.114636
75 84 128 0.999955 -0.00734435 0.00601903 0.249695 0.00733206 0.999971 0.00206119 0.110131 -0.00603399 -0.00201696 0.99998 -0.962041
75 85 850 0.999699 0.00264596 -0.0243736 0.938616 -0.00222482 0.999848 0.0172896 -0.28454 0.0244157 -0.0172302 0.999553 -0.19503
75 86 739 0.999219 -0.000826527 -0.0395126 0.998764 0.00127264 0.999936 0.0112667 -0.00601112 0.0395008 -0.0113082 0.999156 0.0493353
75 87 707 0.99845 0.00132044 -0.0556361 0.996976 -0.000538352 0.999901 0.0140698 0.0209084 0.0556491 -0.014018 0.998352 0.0748443
75 88 780 0.998839 0.00567489 -0.0478356 0.996263 -0.00495579 0.999873 0.015138 0.0202526 0.0479155 -0.0148834 0.998741 0.0839627
75 89 805 0.999448 0.00835379 -0.0321504 0.991127 -0.00763222 0.999718 0.0225013 -0.0646713 0.0323293 -0.0222435 0.99923 0.116124
90 91 47 0.999994 -1.38607e-05 0.0033705 0.225052 -1.15193e-05 0.999972 0.00752988 -0.0191151 -0.00337051 -0.00752987 0.999966 -0.974159
90 92 139 0.999901 0.00834648 0.0113281 0.0730548 -0.00843532 0.999934 0.00781731 0.0285477 -0.0112621 -0.00791209 0.999905 0.996919
90 93 466 0.999913 0.0129593 0.00237065 0.869014 -0.0129834 0.999862 0.010407 -0.140634 -0.00223546 -0.0104369 0.999943 0.47438
90 94 334 0.999464 0.0187166 0.0268601 0.138892 -0.0188512 0.999811 0.00476838 0.136891 -0.0267657 -0.00527217 0.999628 0.980801
90 95 477 0.99985 0.00912778 0.0147486 0.635355 -0.00916217 0.999955 0.00226539 0.0502732 -0.0147272 -0.00240018 0.999889 0.770582
90 96 447 0.999861 0.00481889 0.0159711 0.583742 -0.00487639 0.999982 0.00356363 -0.115825 -0.0159536 -0.00364102 0.999866 0.803636
90 97 829 0.999973 0.0070524 0.00205995 0.739185 -0.00705265 0.999975 0.000111464 -0.1069 -0.00205911 -0.000125989 0.999998 0.664965
90 98 525 0.999467 0.00909482 0.0313627 0.0250743 -0.00880471 0.999917 -0.00937581 -0.0249664 -0.0314454 0.00909467 0.999464 0.999374
90 99 611 0.999988 0.00173275 0.00468804 0.741971 -0.00168553 0.999948 -0.0100588 -0.257595 -0.00470523 0.0100508 0.999938 0.61897
90 100 746 0.999798 0.00122349 -0.0200763 0.926977 -0.00135286 0.999978 -0.00643127 -0.240004 0.020068 0.00645713 0.999778 0.288291
90 101 550 0.999985 -0.00547507 0.000314376 0.785676 0.00547962 0.99984 -0.0170099 -0.203013 -0.000221196 0.0170114 0.999855 0.58438
90 102 604 0.999615 -0.00964125 -0.0260211 0.905506 0.0092054 0.999816 -0.0168181 -0.277928 0.0261785 0.0165721 0.99952 0.320649
90 103 543 0.998898 0.00341438 -0.0468143 0.920664 -0.00327334 0.99999 0.00308908 -0.387483 0.0468243 -0.00293244 0.998899 0.0472778
90 104 555 0.99995 -0.0085484 -0.00523221 0.836055 0.00834505 0.999253 -0.0377246 -0.112472 0.00555078 0.037679 0.999274 0.536994
105 106 37 0.999994 0.00142537 0.00300413 0.416958 -0.00141486 0.999993 -0.00349681 -0.0161799 -0.00300909 0.00349254 0.999989 -0.908782
105 107 56 0.999925 0.00533983 0.0110199 0.355032 -0.00527319 0.999968 -0.00606721 -0.0332128 -0.011052 0.00600864 0.999921 -0.934264
105 108 42 0.999666 0.0129622 0.0223541 0.0244168 -0.0126781 0.999838 -0.0128054 -0.19718 -0.0225164 0.0125177 0.999668 -0.980063
105 109 91 0.999758 0.0114529 0.0188071 0.537521 -0.0111878 0.999837 -0.0141395 -0.0729286 -0.018966 0.0139256 0.999723 -0.840091
105 110 160 0.999617 0.00353143 0.0274488 0.150507 -0.00306339 0.99985 -0.017075 0.124279 -0.027505 0.0169843 0.999477 -0.980766
105 111 143 0.999507 0.00388576 0.0311407 0.150196 -0.00330768 0.999822 -0.0185936 0.0923106 -0.0312074 0.0184814 0.999342 -0.984337
105 112 149 0.999457 0.000308132 0.0329341 -0.0431983 0.000371711 0.999787 -0.0206344 0.202443 -0.0329335 0.0206355 0.999244 -0.978341
105 113 252 0.999606 0.0107307 0.0259414 0.259792 -0.0102157 0.99975 -0.0199053 0.0483999 -0.0261485 0.0196324 0.999465 -0.964451
105 114 259 0.999603 -0.0015699 0.0281379 0.159603 0.00218742 0.999757 -0.0219289 0.220086 -0.0280966 0.0219818 0.999363 -0.962335
105 115 395 0.999482 0.00614757 0.0315947 0.233391 -0.00576777 0.99991 -0.012098 0.0640733 -0.0316663 0.0119095 0.999428 -0.97027
105 116 637 0.999732 0.0149048 -0.0177003 0.88128 -0.0152414 0.999703 -0.0190365 0.158327 0.0174113 0.0193011 0.999662 -0.445285
105 117 489 0.998075 0.0163817 -0.0598224 0.955472 -0.0180759 0.999448 -0.0278907 0.184012 0.0593325 0.0289184 0.997819 -0.23068
105 118 568 0.999891 0.0129386 -0.00705019 0.790277 -0.0129669 0.999908 -0.00397983 0.0906344 0.00699805 0.00407082 0.999967 -0.60601
105 119 615 0.999904 0.0121384 -0.00670423 0.804352 -0.0121247 0.999924 0.00206953 0.0272634 0.00672884 -0.00198805 0.999975 -0.593527
120 121 61 0.999984 0.00311533 0.00468718 -0.279388 -0.00314654 0.999973 0.00666791 0.231095 -0.00466628 -0.00668256 0.999967 -0.931954
120 122 39 0.999965 0.00701284 0.004527 0.242258 -0.00705837 0.999924 0.0101207 0.353603 -0.00445568 -0.0101523 0.999939 -0.90348
120 123 78 0.999857 0.0109791 0.0128906 -0.122964 -0.0111395 0.999861 0.0124431 0.144295 -0.0127522 -0.0125849 0.999839 -0.981865
120 124 159 0.999657 0.0169401 0.019959 -0.174705 -0.017149 0.999799 0.0103443 0.11438 -0.0197798 -0.010683 0.999747 -0.977955
120 125 670 0.999575 0.0290632 -0.00205205 0.812895 -0.0290511 0.999562 0.00569775 0.171999 0.00221675 -0.00563571 0.999982 -0.556434
120 126 670 0.999412 0.032703 -0.0103409 0.822519 -0.0328478 0.99936 -0.0141559 0.463091 0.00987131 0.0144873 0.999846 -0.330166
120 127 649 0.999474 0.0309202 0.00974962 0.362059 -0.0309111 0.999522 -0.00108316 0.200043 -0.00977844 0.000781217 0.999952 -0.910437
120 128 517 0.999728 0.0181462 0.0146536 0.132132 -0.0180499 0.999815 -0.00667382 0.33298 -0.014772 0.00640751 0.99987 -0.93363
120 129 696 0.998649 0.0351556 -0.0382622 0.789264 -0.0361323 0.999031 -0.0251408 0.422127 0.0373413 0.0264894 0.998951 -0.445949
120 130 681 0.99942 0.0340027 -0.00178035 0.316352 -0.0340063 0.99942 -0.00202676 0.205244 0.0017104 0.00208613 0.999996 -0.926173
120 131 660 0.998447 0.0422301 -0.0363417 0.634363 -0.0424856 0.999077 -0.00628865 0.23731 0.0360426 0.00782288 0.99932 -0.735709
120 132 626 0.998643 0.0379437 -0.0356781 0.628945 -0.0382792 0.999229 -0.00876773 0.306633 0.0353179 0.0101216 0.999325 -0.714426
120 133 649 0.999324 0.036656 -0.00287867 0.198766 -0.0366438 0.99932 0.00417936 0.227263 0.00302991 -0.00407105 0.999987 -0.953333
120 134 673 0.998905 0.0373282 -0.0282188 0.394487 -0.0374735 0.999287 -0.00463584 0.317397 0.0280256 0.00568822 0.999591 -0.862345
135 136 10 0.999999 0.00122273 -0.000747744 -0.0161439 -0.00121356 0.999926 0.0121421 -0.903652 0.000762535 -0.0121412 0.999926 -0.427963
135 137 30 0.999997 0.00089629 -0.0022841 0.170466 -0.000883645 0.999984 0.0055311 -0.312808 0.00228902 -0.00552906 0.999982 -0.934394
135 138 138 0.999958 0.00212572 -0.00890112 0.324152 -0.00211202 0.999997 0.00154842 0.222608 0.00890438 -0.00152956 0.999959 -0.919441
135 139 174 0.999986 -1.58511e-05 -0.00521376 0.0427936 4.75446e-05 0.999982 0.00607874 0.151388 0.00521357 -0.00607891 0.999968 -0.987548
135 140 414 0.999855 0.00613878 -0.015855 0.474129 -0.00603941 0.999962 0.00630767 0.277475 0.0158931 -0.006211 0.999854 -0.835589
135 141 678 0.99946 0.00745542 -0.0319886 0.755052 -0.00738937 0.99997 0.00218256 0.284547 0.032004 -0.00194501 0.999486 -0.590703
135 142 622 0.999716 0.00371031 -0.0235597 0.505978 -0.00363744 0.999988 0.00313484 0.318528 0.023571 -0.00304825 0.999718 -0.801577
135 143 639 0.99958 0.00697682 -0.0281254 0.433428 -0.0068187 0.99996 0.0057137 0.282555 0.0281642 -0.00551952 0.999588 -0.855747
135 144 647 0.998803 0.0145218 -0.046718 0.672391 -0.0142599 0.999881 0.00593436 0.296451 0.0467986 -0.00526106 0.99889 -0.678239
135 145 652 0.998428 0.0188549 -0.0527826 0.724797 -0.0182549 0.999763 0.0118266 0.260143 0.0529931 -0.0108445 0.998536 -0.637962
135 146 617 0.998092 0.0227908 -0.0573826 0.714749 -0.022716 0.99974 0.00195437 0.465649 0.0574123 -0.00064713 0.99835 -0.521829
135 147 565 0.997146 0.0324813 -0.0681515 0.729869 -0.0315217 0.999389 0.0151088 0.327662 0.0686006 -0.0129174 0.997561 -0.599941
135 148 604 0.99702 0.0355692 -0.0684566 0.673821 -0.0341464 0.999178 0.0218431 0.318135 0.0691773 -0.0194405 0.997415 -0.6669
135 149 487 0.998371 0.0428055 -0.0377145 0.399777 -0.0410874 0.998132 0.045208 0.199875 0.0395792 -0.0435848 0.998265 -0.894555
150 151 0 1 0 0 0 0 1 0 0 0 0 1 0
150 152 171 0.999606 0.0257528 0.0111868 -0.260332 -0.0261211 0.999076 0.0341304 -0.965415 -0.0102975 -0.0344091 0.999355 -0.014139
150 153 365 0.999938 0.0111415 0.000382043 0.0446732 -0.0111476 0.999003 0.0432214 -0.981361 9.98902e-05 -0.043223 0.999065 -0.186907
150 154 383 0.999267 0.0282382 -0.0258614 0.527528 -0.0268655 0.998287 0.0519737 -0.79927 0.0272847 -0.0512408 0.998314 -0.287893
150 155 51 0.999563 0.0290596 -0.00549463 -0.282919 -0.0289482 0.999393 0.0193761 -0.189811 0.00605436 -0.0192086 0.999797 -0.940175
150 156 105 0.999637 0.0257847 -0.00774753 0.106357 -0.0256292 0.99948 0.0195422 0.0684753 0.0082474 -0.0193366 0.999779 -0.991967
150 157 169 0.999114 0.0401451 -0.0126386 0.233254 -0.0398134 0.998882 0.0254846 -0.159084 0.0136476 -0.0249588 0.999595 -0.959315
150 158 326 0.995221 0.0496458 -0.0840837 0.761385 -0.0537023 0.997465 -0.0466877 0.646457 0.0815527 0.0509801 0.995364 -0.0488418
150 159 117 0.999479 0.0303885 -0.0108452 0.105115 -0.0301957 0.999391 0.0175124 0.192075 0.0113708 -0.0171758 0.999788 -0.975735
150 160 310 0.998885 0.0301241 -0.0363398 0.384394 -0.0295275 0.999422 0.0168449 0.0172335 0.0368262 -0.0157531 0.999198 -0.923008
150 161 358 0.993392 0.0347989 -0.109364 0.859064 -0.0376724 0.998994 -0.0243179 0.421456 0.108408 0.0282772 0.993704 -0.290488
150 162 306 0.993191 0.050473 -0.104998 0.835733 -0.0525429 0.998473 -0.0170402 0.462715 0.103978 0.0224411 0.994326 -0.295711
150 163 339 0.99629 0.0514573 -0.0689881 0.734564 -0.050778 0.998643 0.0115656 0.362117 0.0694896 -0.00801962 0.99755 -0.573835
150 164 291 0.995005 0.0511689 -0.0857154 0.727606 -0.0514865 0.998673 -0.00149671 0.490548 0.085525 0.00590241 0.996319 -0.479533
165 166 38 0.999975 0.00665578 -0.00230182 -0.175735 -0.00663691 0.999945 0.00810931 -0.208532 0.00235567 -0.00809383 0.999964 -0.962098
165 167 65 0.999938 0.00980812 -0.00536247 -0.181374 -0.00975951 0.999912 0.00901699 -0.0969847 0.00545044 -0.00896409 0.999945 -0.97862
165 168 52 0.9999 0.0124307 -0.00671068 -0.0339028 -0.0123707 0.999884 0.00891429 0.281709 0.00682072 -0.00883038 0.999938 -0.958901
165 169 218 0.99972 0.0164362 -0.0170418 0.321627 -0.0162367 0.999799 0.0117813 0.0323278 0.0172321 -0.0115013 0.999785 -0.946314
165 170 611 0.999397 0.0214718 -0.0272923 0.393583 -0.0210495 0.999656 0.0156689 -0.0664275 0.0276194 -0.015085 0.999505 -0.916886
165 171 632 0.999336 0.0201518 -0.0303464 0.462428 -0.0198713 0.999757 0.00951829 0.179178 0.0305308 -0.00890895 0.999494 -0.868364
165 172 460 0.999599 0.0144617 -0.0243312 0.297105 -0.0143209 0.99988 0.00595202 0.277578 0.0244144 -0.00560118 0.999686 -0.913608
165 173 624 0.99419 0.0288539 -0.103701 0.820728 -0.0318199 0.999127 -0.0270609 0.431532 0.10283 0.0302034 0.99424 -0.374415
165 174 609 0.997554 0.0204074 -0.066857 0.688579 -0.0209183 0.999757 -0.00695062 0.415809 0.0666989 0.00833216 0.997738 -0.594106
165 175 613 0.996638 0.0334018 -0.0748139 0.723738 -0.0328267 0.999421 0.00890446 0.231129 0.075068 -0.00641863 0.997158 -0.650218
165 176 498 0.999158 0.0293761 -0.0286355 0.222029 -0.0289962 0.999487 0.0135937 0.201247 0.0290201 -0.0127519 0.999497 -0.954045
165 177 449 0.999048 0.0351456 -0.0258464 0.215551 -0.0348457 0.999321 0.0119643 0.229733 0.0262494 -0.0110523 0.999594 -0.949084
165 178 583 0.994624 0.0551798 -0.0876301 0.726622 -0.0559796 0.998409 -0.00669405 0.316306 0.0871213 0.0115636 0.996131 -0.609895
165 179 558 0.994389 0.066839 -0.0819901 0.690451 -0.0678459 0.99765 -0.00955281 0.323061 0.0811589 0.0150619 0.996587 -0.647232
180 181 19 0.999986 0.0046943 0.00225518 -0.647569 -0.00469538 0.999989 0.000473522 0.0753422 -0.00225293 -0.000484105 0.999997 -0.758273
180 182 24 0.999954 0.00923169 -0.00271964 0.730112 -0.00924187 0.99995 -0.00375589 0.0704782 0.00268483 0.00378085 0.999989 -0.679684
180 183 157 0.999947 0.0100574 0.00233611 0.392631 -0.0100332 0.999898 -0.0101676 0.19862 -0.00243813 0.0101436 0.999946 -0.897992
180 184 898 0.999431 0.0193436 -0.0276443 0.778197 -0.0202269 0.999282 -0.0320372 0.536822 0.0270047 0.0325781 0.999104 -0.32593
180 185 745 0.999728 0.0199205 -0.0121073 0.617567 -0.0201226 0.999656 -0.0168087 0.247057 0.0117683 0.0170478 0.999785 -0.746709
180 186 842 0.999456 0.0240481 -0.0225506 0.560183 -0.0243624 0.999608 -0.0137692 0.138006 0.0222107 0.0143111 0.999651 -0.816792
180 187 759 0.99893 0.0305722 -0.0346981 0.782328 -0.031336 0.999274 -0.021687 0.216154 0.0340098 0.022751 0.999163 -0.584158
180 188 810 0.999241 0.0287684 -0.0262586 0.64653 -0.0295748 0.999086 -0.0308555 0.325063 0.0253469 0.0316086 0.999179 -0.690169
180 189 730 0.998973 0.0353504 -0.0283457 0.513785 -0.03582 0.999226 -0.0162353 0.06183 0.0277499 0.017234 0.999466 -0.855688
180 190 660 0.999248 0.0216864 -0.032139 0.547384 -0.0225851 0.999356 -0.0278686 0.277467 0.031514 0.0285735 0.999095 -0.789546
180 191 731 0.996407 0.0307401 -0.07892 0.751524 -0.033172 0.999009 -0.0296905 0.201658 0.0779291 0.0322018 0.996439 -0.628129
180 192 803 0.996724 0.0246424 -0.0770359 0.746723 -0.0276094 0.998908 -0.0376896 0.268309 0.076023 0.039693 0.996316 -0.608617
180 193 741 0.995355 0.0346476 -0.0898264 0.744067 -0.0373887 0.998879 -0.0290145 0.14911 0.0887205 0.0322382 0.995535 -0.651253
180 194 591 0.99859 0.0215519 -0.0485143 0.452089 -0.0231037 0.999232 -0.0316559 0.227335 0.0477948 0.0327321 0.998321 -0.862516
195 196 473 0.999576 -0.00440528 -0.028796 0.93743 0.00453407 0.99998 0.00440881 0.0781821 0.028776 -0.0045375 0.999576 -0.339282
195 197 49 0.999834 -0.000993661 -0.0181879 0.488083 0.00134316 0.999814 0.0192137 -0.118544 0.0181655 -0.019235 0.99965 -0.864709
195 198 55 0.999734 -0.0110566 -0.0202497 0.234749 0.0115047 0.999689 0.0221477 0.225109 0.0199986 -0.0223748 0.99955 -0.945631
195 199 564 0.997558 -0.00101485 -0.0698293 0.92613 0.00299643 0.999596 0.0282786 0.0647158 0.0697724 -0.0284188 0.997158 -0.371612
195 200 545 0.994811 0.00143497 -0.101729 0.978761 0.00178568 0.9995 0.0315608 0.117758 0.101724 -0.0315787 0.994311 -0.16781
195 201 118 0.99931 0.00925466 -0.035967 0.68802 -0.00778745 0.99914 0.0407215 -0.0483413 0.0363129 -0.0404133 0.998523 -0.72408
195 202 606 0.994994 0.0142373 -0.0989141 0.941505 -0.0101937 0.999096 0.0412655 -0.00827345 0.0994122 -0.0400506 0.99424 -0.336899
195 203 612 0.994757 0.019661 -0.100357 0.925641 -0.0144846 0.998539 0.05205 -0.074809 0.101234 -0.0503234 0.993589 -0.370933
195 204 344 0.998385 0.0259393 -0.0505361 0.629546 -0.0234526 0.998514 0.0491919 -0.108205 0.051737 -0.0479273 0.99751 -0.769392
195 205 587 0.994995 0.0338224 -0.0940267 0.871894 -0.0286008 0.998002 0.0563363 -0.171865 0.0957443 -0.0533651 0.993974 -0.458545
195 206 589 0.989954 0.0421887 -0.134951 0.938607 -0.0330025 0.997029 0.0695989 -0.24857 0.137486 -0.0644459 0.988405 -0.239228
195 207 571 0.989909 0.034287 -0.137496 0.968747 -0.0279915 0.998481 0.047462 -0.0581822 0.138915 -0.0431343 0.989365 -0.24113
195 208 549 0.98767 0.0554126 -0.146414 0.943048 -0.0457827 0.996611 0.0683445 -0.211136 0.149705 -0.0607986 0.98686 -0.257066
195 209 533 0.983765 0.0556024 -0.170629 0.971832 -0.0479273 0.997659 0.0487786 -0.0669245 0.172942 -0.0398089 0.984127 -0.225971
210 211 0 1 0 0 0 0 1 0 0 0 0 1 0
210 212 15 0.999905 0.00925576 0.0102211 0.606509 -0.00922831 0.999954 -0.0027295 -0.112693 -0.0102459 0.00263492 0.999944 -0.78705
210 213 409 0.999964 0.00845099 -0.00094883 0.941551 -0.0084571 0.999942 -0.0066373 0.246792 0.000892684 0.00664509 0.999978 -0.229293
210 214 60 0.999849 -0.00805033 0.0153831 0.905676 0.0080655 0.999967 -0.000923892 0.269714 -0.0153751 0.00104782 0.999881 -0.327115
210 215 137 0.999787 0.00056752 0.0206407 0.647478 -0.000724668 0.999971 0.00760683 0.0281787 -0.0206358 -0.00762017 0.999758 -0.761563
210 216 573 0.999932 0.0112018 0.00322948 0.797277 -0.0112688 0.999705 0.0215268 -0.191763 -0.00298739 -0.0215617 0.999763 -0.572342
210 217 537 0.999947 -0.00433446 -0.00933943 0.863144 0.00456684 0.999677 0.0250058 -0.0365929 0.00922802 -0.0250471 0.999644 -0.50363
210 218 577 0.999861 -0.0166297 -0.00105525 0.854126 0.0166531 0.999451 0.0286448 -0.0220519 0.000578321 -0.0286584 0.999589 -0.519598
210 219 649 0.999726 -0.015705 -0.0173499 0.912616 0.0163409 0.999176 0.0371394 -0.0512578 0.0167523 -0.0374127 0.999159 -0.405591
210 220 448 0.999569 -0.0245357 0.0160968 0.818596 0.023946 0.99907 0.0358543 -0.0140292 -0.0169615 -0.0354534 0.999227 -0.574198
210 221 504 0.999779 -0.0120583 -0.01721 0.96384 0.0127538 0.999082 0.0408909 -0.135492 0.0167012 -0.0411014 0.999015 -0.229466
210 222 608 0.999174 -0.00824968 -0.0398004 0.97118 0.00948405 0.999477 0.0309253 -0.0667402 0.0395245 -0.0312772 0.998729 -0.228814
210 223 633 0.997844 -0.00014665 -0.0656374 0.960273 0.00239478 0.999413 0.0341733 -0.0556921 0.0655939 -0.0342568 0.997258 -0.273448
210 224 369 0.999607 -0.00736369 0.0270338 0.724683 0.00661168 0.999592 0.027802 -0.079321 -0.0272275 -0.0276124 0.999248 -0.684502
225 226 110 0.999924 0.00190307 -0.0121508 0.823521 -0.00200291 0.999964 -0.00820986 0.298442 0.0121347 0.00823357 0.999892 -0.482438
225 227 22 0.999734 0.0221073 0.00655225 0.110595 -0.0220866 0.999751 -0.00321139 -0.437909 -0.00662162 0.00306582 0.999973 -0.892191
225 228 141 0.999809 0.0188277 -0.00524904 0.882519 -0.0188566 0.999807 -0.00551668 -0.197916 0.00514416 0.00561461 0.999971 -0.426603
225 229 436 0.999617 0.0265519 -0.00778213 0.730354 -0.0264831 0.99961 0.00881606 -0.544232 0.00801318 -0.00860659 0.999931 -0.412788
225 230 86 0.999724 0.0233303 0.00277254 0.521557 -0.0233215 0.999723 -0.00315564 -0.0703991 -0.00284539 0.00309011 0.999991 -0.850307
225 231 92 0.999753 0.0215541 0.00543338 0.388116 -0.0214872 0.999696 -0.0120901 -0.0268173 -0.00569232 0.0119704 0.999912 -0.92122
225 232 134 0.999571 0.0286813 0.00586893 0.606306 -0.0285874 0.999471 -0.0155044 -0.219072 -0.00631051 0.01533 0.999863 -0.764461
225 233 594 0.999098 0.0288419 -0.031156 0.888912 -0.0290787 0.999551 -0.00717557 -0.270295 0.030935 0.00807508 0.999489 -0.369833
225 234 64 0.999214 0.0370471 0.0141017 0.50609 -0.0367208 0.999067 -0.0227339 -0.302521 -0.0149307 0.0221983 0.999642 -0.807684
225 235 103 0.99995 0.00693794 0.00713439 0.6361 -0.00671964 0.999522 -0.03018 -0.0392392 -0.00734037 0.0301306 0.999519 -0.770608
225 236 534 0.9994 0.00566205 -0.0341703 0.976838 -0.00675308 0.999468 -0.0318989 -0.056301 0.0339715 0.0321105 0.998907 -0.206439
225 237 569 0.998783 0.0194859 -0.045302 0.950984 -0.0203709 0.999609 -0.0191547 -0.249397 0.044911 0.0200542 0.99879 -0.182841
225 238 176 0.999476 0.0322771 0.00232853 0.686195 -0.0321841 0.99895 -0.0326128 -0.265358 -0.00337873 0.0325208 0.999465 -0.67729
225 239 519 0.998997 0.0279198 -0.0350084 0.963854 -0.0289609 0.999142 -0.029595 -0.14731 0.034152 0.0305792 0.998949 -0.222001
240 241 0 1 0 0 0 0 1 0 0 0 0 1 0
240 242 150 0.99991 0.000593303 -0.0134293 0.682587 -0.000675405 0.999981 -0.00610989 -0.122384 0.0134254 0.00611841 0.999891 0.720484
240 243 612 0.999841 0.00540906 0.0169647 -0.862923 -0.00517428 0.999891 -0.0138528 0.081749 -0.0170378 0.0137629 0.99976 0.498679
240 244 707 0.99929 0.0102701 -0.0362385 0.946131 -0.0107631 0.999852 -0.0134356 -0.0279479 0.0360952 0.0138161 0.999253 0.322575
240 245 538 0.999583 0.0189973 0.0217459 -0.790722 -0.0184886 0.999556 -0.0233601 0.181215 -0.02218 0.0229483 0.999491 0.58474
240 246 288 0.999748 0.0182224 -0.0130911 0.894998 -0.0184489 0.999679 -0.0173892 -0.192624 0.01277 0.0176263 0.999763 0.402336
240 247 93 0.999943 0.00595045 -0.00881329 0.955211 -0.00610278 0.999831 -0.0173591 -0.0583315 0.0087085 0.0174119 0.99981 0.290121
240 248 611 0.999295 0.0145522 -0.0346152 0.953395 -0.0150271 0.999796 -0.0134992 0.0131317 0.0344116 0.0140099 0.99931 0.301439
240 249 568 0.998942 0.0127329 -0.0441885 0.930825 -0.0136296 0.999706 -0.0200525 0.124848 0.0439202 0.0206335 0.998822 0.343478
240 250 434 0.998792 0.0129251 -0.0474091 0.910687 -0.0139315 0.999683 -0.0209583 0.163824 0.0471232 0.0215935 0.998656 0.379224
240 251 467 0.999219 0.018754 -0.0347899 0.914635 -0.0190862 0.999775 -0.00924078 0.0705601 0.0346088 0.00989756 0.999352 0.398076
240 252 447 0.999883 0.0130428 -0.00795876 0.913463 -0.0130444 0.999915 -0.000159396 0.00890759 0.007956 0.000263194 0.999968 0.406823
240 253 414 0.999948 0.00565811 -0.00846494 0.925974 -0.00565007 0.999984 0.000973782 0.0132864 0.00847031 -0.000925904 0.999964 0.377354
240 254 471 0.999985 0.00104108 -0.0054129 0.866128 -0.00104116 0.999999 -1.08897e-05 0.0309637 0.00541289 1.65252e-05 0.999985 0.498862
255 256 33 0.999894 -0.0127131 -0.00712328 0.744421 0.0126552 0.999887 -0.00812518 0.545687 0.00722577 0.00803417 0.999942 0.384789
255 257 33 0.999802 -0.0193997 -0.00432665 0.98397 0.0194158 0.999805 0.00370544 0.174533 0.00425392 -0.00378872 0.999984 -0.0366352
255 258 724 0.999518 -0.0196535 -0.024022 0.875992 0.0193784 0.999745 -0.0116334 0.404572 0.0242445 0.0111623 0.999644 0.262602
255 259 471 0.999693 -0.0241722 -0.00549728 0.756515 0.0241618 0.999706 -0.00194183 0.138352 0.0055426 0.00180841 0.999983 0.639174
255 260 437 0.999725 -0.023134 -0.00383362 0.755895 0.0231336 0.999732 -0.000147134 0.0401607 0.003836 5.84082e-05 0.999993 0.65346
255 261 627 0.999707 -0.0224704 -0.00895199 0.811154 0.0224276 0.999737 -0.00485257 0.136614 0.00905867 0.00465037 0.999948 0.568653
255 262 343 0.99958 -0.0287762 -0.00330647 0.822403 0.0287651 0.999581 -0.00336801 0.0715482 0.003402 0.00327148 0.999989 0.564389
255 263 548 0.998731 -0.026711 -0.0427023 0.949191 0.0264959 0.999633 -0.00559571 0.203004 0.0428361 0.00445717 0.999072 0.240469
255 264 655 0.99936 -0.0224342 -0.0278564 0.857655 0.0225765 0.999734 0.0048014 0.0613998 0.0277413 -0.00542723 0.9996 0.510547
255 265 583 0.999223 -0.0331862 -0.0212536 0.792493 0.0332164 0.999448 0.00107031 0.0618195 0.0212063 -0.00177545 0.999774 0.606739
255 266 582 0.999318 -0.0307199 -0.0205008 0.719073 0.0307623 0.999525 0.00175849 0.083396 0.0204371 -0.00238794 0.999788 0.689912
255 267 637 0.998696 -0.0274532 -0.043036 0.811907 0.0274234 0.999623 -0.00128304 0.0688832 0.043055 0.000101172 0.999073 0.579709
255 268 641 0.998214 -0.0399612 -0.044409 0.818855 0.0396342 0.99918 -0.00822067 0.0790512 0.0447011 0.00644588 0.99898 0.568532
255 269 642 0.997602 -0.0275764 -0.063478 0.884964 0.0271074 0.999599 -0.00823767 0.0639497 0.0636796 0.00649719 0.997949 0.461247
270 271 129 0.999996 -0.000911297 0.00285672 -0.0517202 0.000904998 0.999997 0.00220547 -0.0851239 -0.00285872 -0.00220287 0.999993 0.995027
270 272 370 0.999965 0.00579316 -0.00595788 0.616989 -0.00578836 0.999983 0.000822612 -0.0566984 0.00596255 -0.000788097 0.999982 0.784927
270 273 688 0.999862 0.00954594 -0.0136106 0.806811 -0.00961544 0.999941 -0.00505006 0.132642 0.0135616 0.00518023 0.999895 0.575727
270 274 552 0.999933 0.0114319 -0.00172145 0.645949 -0.0114238 0.999924 0.00465515 -0.126786 0.00177453 -0.00463517 0.999988 0.752778
270 275 684 0.999728 0.00841914 -0.0217534 0.831175 -0.00834027 0.999958 0.00371365 -0.0379508 0.0217838 -0.00353121 0.999756 0.554714
270 276 599 0.999805 0.00346766 -0.0194552 0.779681 -0.00342959 0.999992 0.00198994 -0.0115839 0.019462 -0.00192283 0.999809 0.626069
270 277 672 0.999853 0.0118966 -0.012356 0.742856 -0.0117893 0.999892 0.00872023 -0.0906831 0.0124584 -0.00857328 0.999886 0.663281
270 278 546 0.999848 0.0126556 -0.0120061 0.76084 -0.0125394 0.999874 0.00970409 -0.101635 0.0121274 -0.00955206 0.999881 0.640931
270 279 454 0.999532 0.0125596 -0.0279009 0.822057 -0.0123231 0.999887 0.00863386 -0.0498368 0.0280062 -0.008286 0.999573 0.567219
270 280 493 0.999783 0.0196656 -0.00689063 0.748762 -0.0195384 0.999646 0.0180663 -0.145473 0.00724348 -0.0179277 0.999813 0.646678
270 281 542 0.999673 0.0243707 -0.00776891 0.718589 -0.0242437 0.999577 0.0160413 -0.137699 0.00815657 -0.0158477 0.999841 0.681666
270 282 445 0.999593 0.0226118 -0.0174187 0.791271 -0.0224446 0.999701 0.00973588 -0.0574675 0.0176337 -0.00934095 0.999801 0.60876
270 283 540 0.999796 0.019421 -0.00553829 0.717912 -0.0193465 0.999726 0.0131986 -0.0890617 0.0057931 -0.0130888 0.999898 0.690414
270 284 455 0.999635 0.0250503 0.010098 0.653324 -0.0252142 0.999547 0.0164444 -0.143693 -0.0096815 -0.016693 0.999814 0.743317
285 286 78 0.999979 0.000764474 0.00636793 0.164486 -0.00076088 1 -0.000566758 -0.135824 -0.00636836 0.000561901 0.99998 0.976983
285 287 239 0.999989 0.00194602 0.00433905 0.437831 -0.00191815 0.999978 -0.00641657 -0.185882 -0.00435144 0.00640817 0.99997 0.879632
285 288 400 0.999729 0.0067263 0.0222757 -0.296202 -0.00644982 0.999902 -0.0124604 0.154531 -0.0223573 0.0123134 0.999674 0.942542
285 289 657 0.999971 0.00270379 -0.00706363 0.724005 -0.00279236 0.999917 -0.0125598 -0.0372183 0.00702909 0.0125792 0.999896 0.68879
285 290 572 0.999948 0.00760733 -0.00679479 0.707458 -0.00766802 0.999931 -0.00895083 -0.235418 0.00672622 0.00900246 0.999937 0.666395
285 291 639 0.999865 0.0149707 -0.00683386 0.835077 -0.0150344 0.999843 -0.00936542 -0.307669 0.00669258 0.0094669 0.999933 0.456055
285 292 566 0.999903 0.0138766 0.000953782 0.754747 -0.0138611 0.999796 -0.014684 -0.205722 -0.00115735 0.0146693 0.999892 0.622925
285 293 567 0.999631 0.014178 -0.0231712 0.871377 -0.0146641 0.999673 -0.0209481 -0.101676 0.0228667 0.0212801 0.999512 0.479962
285 294 527 0.99981 0.0182064 -0.00695999 0.691655 -0.0183311 0.999665 -0.0182812 -0.263916 0.00662482 0.0184053 0.999809 0.67228
285 295 571 0.999291 0.0278933 -0.0252998 0.880552 -0.0282172 0.999523 -0.0125387 -0.283538 0.024938 0.0132437 0.999601 0.379782
285 296 364 0.999153 0.0354101 -0.0209531 0.773497 -0.0358963 0.999084 -0.0232988 -0.173175 0.0201088 0.0240312 0.999509 0.609683
285 297 525 0.99934 0.0314598 -0.0181491 0.799611 -0.0319744 0.999074 -0.0287914 -0.19113 0.0172266 0.0293527 0.999421 0.56929
285 298 518 0.998567 0.0472663 -0.0250872 0.806412 -0.0477307 0.998694 -0.018246 -0.210753 0.024192 0.0194173 0.999519 0.552524
285 299 485 0.998499 0.0441667 -0.0323922 0.857023 -0.04473 0.998857 -0.016878 -0.258275 0.0316097 0.0183015 0.999333 0.445877
300 301 0 1 0 0 0 0 1 0 0 0 0 1 0
300 302 67 0.999864 0.00084381 -0.0164987 0.953542 -0.000897281 0.999994 -0.00323381 0.0944835 0.0164959 0.00324817 0.999859 0.286062
300 303 14 0.999997 -0.00213996 0.00083947 -0.951431 0.00214221 0.999994 -0.00269151 -0.0266711 -0.000833706 0.0026933 0.999996 0.306703
300 304 96 0.999997 -0.000779916 -0.0021745 -0.444834 0.000777891 0.999999 -0.000931872 -0.0621046 0.00217522 0.000930178 0.999997 0.893457
300 305 511 0.999617 0.00125547 -0.0276408 0.969301 -0.00128995 0.999998 -0.00122962 0.0263511 0.0276393 0.0012648 0.999617 0.244463
300 306 78 0.99987 0.00700719 -0.0145014 0.852311 -0.00697576 0.999973 0.00221686 -0.143718 0.0145166 -0.00211541 0.999892 0.502903
300 307 504 0.999554 0.00882274 -0.0285443 0.929637 -0.00875764 0.999959 0.002405 0.010655 0.0285643 -0.00215395 0.99959 0.368323
300 308 423 0.999551 0.0141429 -0.026432 0.982531 -0.0139962 0.999886 0.00572525 -0.100061 0.02651 -0.00535273 0.999634 0.156906
300 309 652 0.997657 0.0149435 -0.0667563 0.981968 -0.015356 0.999866 -0.00567003 0.118135 0.0666626 0.00668186 0.997753 0.147593
300 310 526 0.998909 0.017395 -0.0433433 0.980316 -0.0169913 0.999809 0.00966546 -0.0748846 0.0435032 -0.00891845 0.999013 0.182683
300 311 653 0.996918 0.0166848 -0.0766608 0.976623 -0.0166822 0.999861 0.00067371 0.0577158 0.0766614 0.000607241 0.997057 0.207065
300 312 477 0.998929 0.0211822 -0.0411305 0.992218 -0.020702 0.999713 0.0120648 -0.111576 0.0413743 -0.0112004 0.999081 0.0552622
300 313 504 0.997247 0.0232892 -0.070401 0.967912 -0.0226827 0.999699 0.00940232 0.0171634 0.0705988 -0.00777954 0.997474 0.250703
300 314 269 0.997498 0.0338452 -0.0620692 0.97264 -0.0328846 0.999324 0.0164337 -0.0629519 0.0625834 -0.0143514 0.997937 0.223628
315 316 41 0.999984 0.00560274 0.000125771 0.335103 -0.00560193 0.999968 -0.00570175 -0.242189 -0.000157712 0.00570096 0.999984 0.910522
315 317 59 0.999988 0.00479657 -0.000263091 0.470079 -0.00479892 0.99994 -0.00981279 0.0986304 0.000216007 0.00981394 0.999952 -0.877096
315 318 0 1 0 0 0 0 1 0 0 0 0 1 0
315 319 321 0.999394 0.00996126 -0.0333446 0.990872 -0.0103566 0.999878 -0.0117057 -0.107989 0.033224 0.0120439 0.999375 0.0806889
315 320 347 0.999317 0.0135273 -0.0344013 0.99442 -0.0139643 0.999824 -0.0124933 -0.0990866 0.0342262 0.0129652 0.99933 0.0362173
315 321 56 0.999517 0.0269351 -0.0154864 0.983338 -0.027184 0.999501 -0.0160929 -0.178566 0.0150452 0.0165061 0.999751 -0.0340608
315 322 171 0.999128 0.034848 -0.0229963 0.997784 -0.0352449 0.999233 -0.0170851 -0.0433605 0.0223833 0.0178807 0.99959 -0.0504594
315 323 52 0.998824 0.0474951 -0.00971209 -0.74282 -0.0476564 0.998717 -0.0171123 0.183682 0.00888688 0.0175551 0.999806 -0.643801
315 324 40 0.998569 0.0482655 -0.023015 0.782834 -0.0486298 0.998696 -0.0155398 0.059533 0.0222349 0.0166368 0.999614 -0.619377
315 325 182 0.997158 0.0545191 -0.051999 0.99742 -0.0551311 0.998425 -0.0104074 -0.0505019 0.0513497 0.0132446 0.998593 0.0510207
315 326 94 0.997252 0.0605218 -0.0427232 0.971066 -0.0609443 0.998104 -0.00865535 -0.131165 0.0421184 0.0112353 0.999049 0.199567
315 327 271 0.993764 0.0674411 -0.088798 0.973825 -0.0686055 0.997593 -0.0101229 -0.0526805 0.0879015 0.0161518 0.995998 0.22111
315 328 166 0.995954 0.0649184 -0.0621315 0.953281 -0.065779 0.997763 -0.0119038 0.03242 0.0612198 0.0159426 0.997997 -0.30034
315 329 167 0.994789 0.0658383 -0.0778427 0.99702 -0.0662289 0.997801 -0.00244322 -0.0656949 0.0775107 0.00758592 0.996963 -0.0404402
330 331 30 0.999981 0.00614536 0.000227398 -0.499872 -0.00614549 0.999981 0.000579463 -0.0663061 -0.000223832 -0.00058085 1 0.863558
330 332 288 0.999882 0.003632 -0.0149149 0.867427 -0.00372531 0.999974 -0.00623295 0.487275 0.0148919 0.00628778 0.999869 0.100659
