0 1 20 0.999999 -0.00109661 0.00073862 0.216416 0.00109498 0.999997 0.00221224 0.0581662 -0.000741044 -0.00221143 0.999997 -0.974567
0 2 17 0.999991 -0.00419419 -0.000760961 -0.37312 0.00419631 0.999987 0.00281666 0.528081 0.000749138 -0.00281983 0.999996 -0.762832
0 3 14 0.999995 -0.00300451 0.00010309 -0.47728 0.00300429 0.999993 0.00212087 0.393828 -0.000109462 -0.00212055 0.999998 0.785559
0 4 53 0.999988 -0.00471479 -0.000904179 0.401031 0.00471784 0.999983 0.00339403 -0.0651486 0.000888162 -0.00339826 0.999994 0.913745
0 5 33 0.999981 -0.00613588 -0.00105028 0.393513 0.00613865 0.999978 0.00265242 -0.0518248 0.00103398 -0.00265881 0.999996 0.917857
0 6 26 0.999987 -0.00493643 -0.000844446 0.166709 0.0049382 0.999986 0.00211494 -0.146635 0.000833993 -0.00211908 0.999997 0.975042
0 7 32 0.999988 -0.00472729 -0.000814151 0.150753 0.00472945 0.999985 0.00266586 -0.094631 0.000801536 -0.00266968 0.999996 0.984032
0 8 36 0.999992 -0.00391652 -0.000150416 0.0993787 0.00391687 0.999989 0.00240488 -0.0163295 0.000140995 -0.00240545 0.999997 0.994916
0 9 28 0.999986 -0.00516322 -0.0012017 -0.128028 0.00516628 0.999983 0.00255509 -0.066911 0.00118849 -0.00256126 0.999996 -0.989511
0 10 23 0.999995 -0.00256745 -0.00204369 0.072377 0.00257226 0.999994 0.00235587 0.213155 0.00203763 -0.00236111 0.999995 0.974334
0 11 36 0.99999 -0.00328229 -0.00298307 0.181279 0.00329153 0.99999 0.00309698 -0.168931 0.00297287 -0.00310677 0.999991 0.968814
0 12 48 0.999989 0.00464929 0.000845086 0.282221 -0.00465128 0.999986 0.00236584 0.000303104 -0.000834075 -0.00236975 0.999997 -0.959349
0 13 14 0.99996 0.00452544 -0.00770692 0.897513 -0.00449513 0.999982 0.00394512 -0.0406854 0.00772464 -0.00391032 0.999963 0.439107
0 14 105 0.999878 0.00655294 -0.0141643 0.943313 -0.00652968 0.999977 0.00168793 0.0966202 0.014175 -0.00159524 0.999898 0.31753
15 16 19 0.999997 -0.000941215 -0.00210537 -0.0570879 0.000942254 0.999999 0.000492564 0.240552 0.00210491 -0.000494546 0.999998 0.968956
15 17 49 0.999993 0.00221258 -0.00285521 0.298305 -0.00221191 0.999998 0.000238921 0.0103219 0.00285573 -0.000232604 0.999996 0.954415
15 18 22 0.999957 0.00246978 -0.00894678 0.982049 -0.00245875 0.999996 0.001243 0.0104879 0.00894981 -0.00122095 0.999959 0.188334
15 19 19 0.999996 0.00214542 -0.00160119 -0.687831 -0.00214039 0.999993 0.00313803 0.20989 0.00160791 -0.00313459 0.999994 -0.694863
15 20 32 0.999916 0.00603319 -0.0114311 0.9629 -0.00599327 0.999976 0.00352326 -0.0747607 0.0114521 -0.00345446 0.999928 0.259297
15 21 15 0.999975 0.00694916 -0.00155439 0.908358 -0.00694227 0.999966 0.0043902 -0.391869 0.00158485 -0.0043793 0.999989 0.14603
15 22 863 0.999838 0.00809033 -0.016101 0.854626 -0.00816616 0.999956 -0.00464998 0.318579 0.0160627 0.00478071 0.99986 0.410026
15 23 26 0.999989 0.00280881 -0.00366301 0.800284 -0.00279247 0.999986 0.00445787 -0.199162 0.00367548 -0.00444759 0.999983 0.565579
15 24 39 0.999931 0.00284201 -0.0113813 0.955066 -0.00278856 0.999985 0.00470978 -0.0604425 0.0113946 -0.00467772 0.999924 0.290164
15 25 49 0.99995 0.00490041 -0.00867762 0.802071 -0.00481838 0.999944 0.00944907 -0.28518 0.00872344 -0.00940679 0.999918 0.524743
15 26 812 0.999823 0.00204458 -0.0186994 0.908674 -0.00196166 0.999988 0.00445146 -0.0807879 0.0187083 -0.00441399 0.999815 0.409615
15 27 161 0.999954 0.00136371 -0.00954125 0.807297 -0.00132039 0.999989 0.00454497 -0.135374 0.00954734 -0.00453216 0.999944 0.574409
15 28 835 0.999696 0.00319725 -0.0244608 0.904594 -0.00312939 0.999991 0.00281176 -0.0615196 0.0244696 -0.00273435 0.999697 0.421813
15 29 822 0.999763 0.00356034 -0.0214551 0.905771 -0.00351736 0.999992 0.00204039 -0.133984 0.0214622 -0.00196444 0.999768 0.402029
30 31 29 1 -0.000242765 0.000538399 0.0314769 0.00024478 0.999993 -0.00374649 0.183964 -0.000537486 0.00374662 0.999993 -0.982429
30 32 18 0.999976 -0.00454624 -0.0051593 0.859641 0.00450619 0.99996 -0.00774772 0.407563 0.00519431 0.00772429 0.999957 -0.308075
30 33 680 0.99993 -0.00202538 -0.011685 0.910531 0.00205827 0.999994 0.00280288 -0.411195 0.0116793 -0.00282673 0.999928 0.0430417
30 34 29 0.99995 -0.000363545 0.0100384 -0.304805 0.000481469 0.999931 -0.0117473 0.269944 -0.0100335 0.0117515 0.999881 0.913359
30 35 18 0.999996 -1.91704e-05 0.00275702 0.937136 4.85164e-05 0.999943 -0.0106444 -0.286699 -0.00275666 0.0106445 0.99994 0.198946
30 36 37 0.999902 -0.00449549 0.0132215 -0.396624 0.00467393 0.999898 -0.0134962 -0.256493 -0.0131594 0.0135567 0.999822 0.88142
30 37 15 0.99996 -0.00470188 0.00759801 0.950753 0.00478407 0.99993 -0.0108365 -0.0997818 -0.00754652 0.0108724 0.999912 -0.29345
30 38 52 0.999813 -0.010462 0.0162609 0.441103 0.0106162 0.999899 -0.00942682 0.0530119 -0.0161607 0.00959769 0.999823 -0.895889
30 39 221 0.999963 -0.00786499 0.00342847 0.959251 0.0078783 0.999961 -0.00388558 -0.153395 -0.00339778 0.00391245 0.999987 -0.23729
30 40 859 0.999778 -0.0103191 -0.0183585 0.993197 0.0101719 0.999915 -0.00809641 0.0889905 0.0184405 0.00790787 0.999799 -0.075106
30 41 109 0.999849 -0.0105805 0.0138088 0.980221 0.0105407 0.99994 0.00294985 -0.0286929 -0.0138392 -0.00280385 0.9999 -0.195813
30 42 764 0.999961 -0.0057822 0.00667403 0.956369 0.00577693 0.999983 0.000809063 -0.0761324 -0.0066786 -0.000770476 0.999977 0.282066
30 43 791 0.999991 -0.0039808 0.00159076 0.992279 0.00398792 0.999982 -0.00449371 0.071735 -0.00157284 0.00450001 0.999989 0.101178
30 44 453 0.999958 -0.00869413 0.0027873 0.998114 0.00869945 0.99996 -0.00190219 0.0550122 -0.00277065 0.00192636 0.999994 -0.0272412
45 46 25 0.999986 0.00499512 -0.00200868 -0.0653032 -0.00498495 0.999975 0.00503562 0.280881 0.00203378 -0.00502553 0.999985 0.957518
45 47 18 0.999966 0.00775646 -0.00294772 0.756926 -0.00773282 0.999939 0.00794617 0.235606 0.00300917 -0.00792311 0.999964 -0.609552
45 48 228 0.999848 0.0142426 -0.0100721 0.954612 -0.0141511 0.999858 0.00909636 0.260236 0.0102002 -0.00895245 0.999908 -0.144887
45 49 0 1 0 0 0 0 1 0 0 0 0 1 0
45 50 20 0.999748 0.0215066 -0.00636818 0.997271 -0.0213877 0.999606 0.0181879 -0.0632085 0.00675683 -0.0180471 0.999814 0.0381451
45 51 27 0.999813 0.0174337 -0.00837873 0.729411 -0.0172926 0.999712 0.0166316 -0.0593969 0.00866627 -0.0164836 0.999827 0.681492
45 52 28 0.999688 0.0194799 -0.0156089 0.887916 -0.0193164 0.999758 0.0105551 0.268321 0.0158108 -0.0102503 0.999822 0.373643
45 53 873 0.998839 0.027592 -0.0394865 0.913844 -0.0276014 0.999619 0.00030765 0.282666 0.0394799 0.000782588 0.99922 0.29153
45 54 78 0.999638 0.0246037 -0.0108546 -0.26558 -0.0245432 0.999683 0.00567025 -0.207226 0.0109907 -0.00540179 0.999925 0.941554
45 55 858 0.998694 0.0301035 -0.0412716 0.930669 -0.0303393 0.999527 -0.00509793 0.304088 0.0410986 0.00634342 0.999135 0.203435
45 56 38 0.999199 0.0257623 -0.0306192 0.974408 -0.0256977 0.999667 0.00250286 -0.0485361 0.0306735 -0.00171401 0.999528 0.219484
45 57 774 0.998177 0.0294306 -0.052696 0.980653 -0.0295563 0.999562 -0.00160723 0.0301657 0.0526256 0.0031618 0.998609 0.193418
45 58 713 0.998361 0.0261645 -0.0509076 0.996865 -0.026315 0.999651 -0.00228891 0.00336455 0.05083 0.0036248 0.998701 -0.0790472
45 59 778 0.997929 0.0309457 -0.0563888 0.998483 -0.0311143 0.999514 -0.00211439 0.0324076 0.056296 0.00386452 0.998407 0.0445071
60 61 10 1 0.000624728 7.5653e-05 -0.764145 -0.000624937 0.999996 0.00280099 -0.468707 -7.39028e-05 -0.00280103 0.999996 0.443166
60 62 682 0.999863 0.00506408 -0.0157418 0.895632 -0.00507953 0.999987 -0.000941505 0.383617 0.0157369 0.00102134 0.999876 0.225128
60 63 30 0.999983 0.00465735 -0.00362721 0.966248 -0.00462492 0.99995 0.00889771 0.138267 0.00366847 -0.00888078 0.999954 0.217366
60 64 276 0.999955 0.00865167 -0.00383443 0.977659 -0.00861447 0.999917 0.00961471 -0.106078 0.0039173 -0.00958124 0.999946 0.18147
60 65 62 0.999919 0.010566 0.00704005 0.954646 -0.0106154 0.999919 0.007027 -0.165796 -0.00696523 -0.00710116 0.999951 0.247311
60 66 825 0.999901 0.00909564 -0.0107266 0.981961 -0.00908685 0.999958 0.0008677 0.0566593 0.010734 -0.000770143 0.999942 0.180394
60 67 619 0.999983 0.00574789 -0.000582726 0.97237 -0.00574673 0.999982 0.00197213 -0.114 0.000594051 -0.00196875 0.999998 0.203719
60 68 817 0.999804 0.0117331 -0.0159313 0.995583 -0.0117189 0.999931 0.000982764 -0.0800708 0.0159417 -0.000795873 0.999873 0.0490173
60 69 895 0.999669 0.0139773 -0.0215777 0.999728 -0.0140576 0.999895 -0.00357151 -0.019868 0.0215255 0.00387366 0.999761 -0.0122477
60 70 744 0.999895 0.0138628 0.00423364 0.998006 -0.0138584 0.999903 -0.00105697 -0.060734 -0.00424788 0.000998192 0.99999 0.0171686
60 71 868 0.9996 0.0159201 -0.023376 0.998879 -0.0160274 0.999862 -0.0044095 0.0452541 0.0233025 0.0047824 0.999717 0.0138963
60 72 730 0.99987 0.0161023 -0.000965361 0.992159 -0.0161029 0.99987 -0.000628411 -0.0412628 0.000955116 0.000643874 0.999999 0.117978
60 73 727 0.999825 0.0180779 -0.00486575 0.989272 -0.0180998 0.999826 -0.00448917 0.0152247 0.00478375 0.00457645 0.999978 0.14529
60 74 815 0.999481 0.0220336 -0.0235078 0.990323 -0.0220979 0.999753 -0.00247735 -0.0798221 0.0234474 0.00299554 0.999721 0.113533
75 76 25 0.999996 -0.00197795 -0.00207353 0.349919 0.00197429 0.999996 -0.0017647 0.0363453 0.00207701 0.0017606 0.999996 -0.936075
75 77 232 0.999816 -0.00459176 -0.0186404 0.890323 0.00446989 0.999968 -0.006574 0.292992 0.01867 0.00648947 0.999805 -0.348541
75 78 909 0.999644 -0.000741407 -0.026678 0.947595 0.000533219 0.999969 -0.00781004 0.284828 0.0266829 0.00779303 0.999614 0.144698
75 79 273 0.999914 0.00406754 -0.0124773 0.998863 -0.00408584 0.999991 -0.0014409 -0.0465305 0.0124713 0.00149176 0.999921 0.0103658
75 80 412 0.999945 0.00420472 -0.00961613 0.992659 -0.0042573 0.999976 -0.0054543 0.120213 0.00959297 0.00549494 0.999939 0.0132929
75 81 109 0.999955 -0.000164633 0.00944796 -0.267778 0.000158763 1 0.000622073 -0.0263964 -0.00944806 -0.000620546 0.999955 0.963119
75 82 210 0.999877 -0.00588603 -0.0145447 0.993721 0.00589868 0.999982 0.000827534 0.0446074 0.0145395 -0.000913227 0.999894 0.10261
75 83 827 0.999535 -0.00342503 -0.0302895 0.999743 0.00347619 0.999993 0.00163657 -0.0210904 0.0302837 -0.0017411 0.99954 0.00826365
75 84 534 0.999809 -0.00536414 -0.0188118 0.966007 0.00539368 0.999984 0.00151979 0.0780401 0.0188034 -0.00162097 0.999822 -0.246455
75 85 841 0.998671 -0.00163849 -0.0515075 0.966538 0.00127141 0.999974 -0.00715856 0.178475 0.0515179 0.00708356 0.998647 0.184259
75 86 722 0.999273 -0.0018129 -0.0380707 0.997295 0.00214052 0.999961 0.00856649 0.0504615 0.0380537 -0.00864176 0.999238 -0.0534353
75 87 783 0.998395 0.00440015 -0.0564561 0.997379 -0.0034197 0.999842 0.0174516 -0.0365864 0.056524 -0.0172305 0.998253 0.0624155
75 88 772 0.998099 0.00899259 -0.0609657 0.999789 -0.0079351 0.999814 0.0175656 -0.00379057 0.0611123 -0.0170485 0.997985 0.0201863
75 89 747 0.998316 0.0144111 -0.0561887 0.990892 -0.0127645 0.999482 0.0295535 -0.129572 0.0565855 -0.0287865 0.997983 0.0366622
90 91 16 0.999997 0.000876058 -0.00210254 0.893093 -0.00085665 0.999957 0.00921408 -0.297922 0.00211052 -0.00921225 0.999955 -0.337086
90 92 740 0.999923 0.00588018 -0.0108965 0.862005 -0.00580467 0.999959 0.00694854 0.00794634 0.0109369 -0.00688476 0.999916 0.506838
90 93 252 0.999911 0.0125168 0.00463185 0.885995 -0.0125767 0.999835 0.0131436 -0.303031 -0.00446656 -0.0132007 0.999903 0.350978
90 94 827 0.999892 0.0140258 -0.00429862 0.878176 -0.0139753 0.999836 0.0115573 -0.141894 0.00446001 -0.011496 0.999924 0.456807
90 95 781 0.999953 0.00965797 0.000492437 0.865273 -0.00966195 0.999914 0.00885125 -0.171544 -0.000406909 -0.0088556 0.999961 0.471036
90 96 781 0.99995 0.00924059 -0.00373952 0.858497 -0.00922597 0.99995 0.00390717 -0.091493 0.00377544 -0.00387247 0.999985 0.504591
90 97 837 0.999725 0.00828659 -0.0219326 0.9354 -0.00817835 0.999954 0.00502009 -0.155291 0.0219732 -0.00483933 0.999747 0.317665
90 98 728 0.999714 0.0102671 -0.0215834 0.914734 -0.0102872 0.999947 -0.000822661 -0.13397 0.0215738 0.00104446 0.999767 0.381199
90 99 735 0.999465 0.00238397 -0.032609 0.92366 -0.00245084 0.999995 -0.00201078 -0.252742 0.032604 0.00208962 0.999466 0.288052
90 100 551 0.999989 -0.00253016 0.00389128 0.821391 0.00257567 0.999928 -0.0117353 -0.259953 -0.00386131 0.0117452 0.999924 0.507683
90 101 600 0.999929 -0.00383066 -0.0112654 0.800589 0.00359005 0.999767 -0.0213011 -0.0906808 0.0113444 0.0212592 0.99971 0.592313
90 102 646 0.999682 -0.00974546 -0.0232729 0.940462 0.00924877 0.999729 -0.0213551 -0.213606 0.0234747 0.021133 0.999501 0.264394
90 103 599 0.997616 -0.00316409 -0.0689309 0.973504 0.000670203 0.999345 -0.0361727 -0.0191083 0.0690003 0.0360403 0.996965 0.227871
90 104 599 0.999815 -0.00837749 -0.0173178 0.914472 0.00795126 0.999667 -0.0245365 -0.249932 0.0175176 0.0243943 0.999549 0.318236
105 106 40 0.999984 0.0027896 0.0048677 0.284834 -0.00277204 0.99999 -0.00361063 -0.0548144 -0.00487772 0.00359708 0.999982 -0.957008
105 107 17 0.999973 0.00113321 0.00725821 0.813518 -0.00109191 0.999983 -0.00569176 -0.296135 -0.00726454 0.00568368 0.999957 -0.500493
105 108 285 0.999977 0.00613723 0.00278497 0.937628 -0.00610627 0.999921 -0.0109941 -0.0998904 -0.00285222 0.0109769 0.999936 -0.33298
105 109 457 0.999952 0.00621763 0.00756008 0.817213 -0.00609424 0.99985 -0.0162359 0.0185021 -0.00765989 0.0161891 0.99984 -0.576038
105 110 148 0.999704 0.00885478 0.0226597 0.449993 -0.00854106 0.999867 -0.0139048 -0.111985 -0.0227798 0.0137071 0.999647 -0.885983
105 111 195 0.999743 0.00334413 0.0224304 0.521473 -0.00294796 0.999839 -0.0176722 0.0431521 -0.0224859 0.0176016 0.999592 -0.852176
105 112 721 0.999951 0.00933818 -0.0032068 0.874912 -0.00938389 0.99985 -0.0145469 -0.0231258 0.00307048 0.0145763 0.999889 -0.483729
105 113 770 0.999527 0.0123331 -0.0281773 0.912452 -0.0126212 0.99987 -0.0100669 -0.120811 0.0280494 0.0104178 0.999552 -0.390942
105 114 401 0.999732 0.00161375 0.0230962 0.322886 -0.00116649 0.999812 -0.0193651 0.113478 -0.0231231 0.019333 0.999546 -0.93961
105 115 678 0.999962 0.00717552 -0.00485802 0.776927 -0.00726331 0.999806 -0.0183006 0.159379 0.00472576 0.0183352 0.999821 -0.609083
105 116 695 0.999861 0.0165169 0.00239871 0.752912 -0.0165024 0.999846 -0.00595812 -0.0256202 -0.00249675 0.00591771 0.999979 -0.657622
105 117 603 0.999489 0.0160329 -0.0276587 0.877229 -0.016351 0.999802 -0.0113148 0.081848 0.0274719 0.0117612 0.999553 -0.473043
105 118 669 0.99995 0.00967919 0.00255676 0.75319 -0.00967869 0.999953 -0.000205226 0.0517847 -0.00255863 0.000180469 0.999997 -0.655761
105 119 645 0.999595 0.017241 -0.0226444 0.882801 -0.0172799 0.99985 -0.00152535 0.0652084 0.0226147 0.00191602 0.999742 -0.465199
120 121 18 0.999994 0.0032778 0.000524314 0.422316 -0.00328009 0.999985 0.00442236 0.498995 -0.00050981 -0.00442405 0.99999 -0.756739
120 122 44 0.999964 0.00504677 0.00681482 -0.0715483 -0.00513095 0.99991 0.0123917 0.00461596 -0.00675167 -0.0124262 0.9999 0.997426
120 123 47 0.999921 0.0123346 0.00245046 0.578261 -0.0123618 0.999858 0.0114226 0.208956 -0.00230922 -0.0114519 0.999932 -0.788639
120 124 641 0.999798 0.0199289 -0.00266857 0.812826 -0.0199239 0.9998 0.00188693 0.374169 0.00270564 -0.00183338 0.999995 -0.446444
120 125 715 0.999468 0.0311382 -0.0097199 0.80365 -0.0312828 0.999397 -0.015094 0.552104 0.00924404 0.01539 0.999839 -0.222098
120 126 692 0.999554 0.0293184 0.00559326 0.63827 -0.0293163 0.99957 -0.000461783 0.263219 -0.0056044 0.000297603 0.999984 -0.723414
120 127 527 0.999492 0.0281494 0.0149464 0.326536 -0.0281036 0.9996 -0.00326486 0.291926 -0.0150324 0.00284316 0.999883 -0.898974
120 128 714 0.999036 0.0300779 -0.0319876 0.705137 -0.0311103 0.998994 -0.0322825 0.528906 0.0309844 0.0332465 0.998967 -0.472272
120 129 708 0.999271 0.0336166 -0.0181147 0.652113 -0.0338434 0.999351 -0.0123637 0.341876 0.0176873 0.0129678 0.999759 -0.67666
120 130 658 0.999478 0.0317126 0.00617625 0.204962 -0.0317067 0.999497 -0.00104957 0.181763 -0.00620643 0.000853193 0.99998 -0.961745
120 131 695 0.9975 0.041698 -0.0570566 0.748768 -0.0429281 0.998868 -0.020507 0.343035 0.0561369 0.0229051 0.99816 -0.567163
120 132 662 0.998464 0.041569 -0.0366346 0.548508 -0.0415764 0.999135 0.000560319 0.202084 0.0366262 0.000963676 0.999329 -0.811357
120 133 649 0.998359 0.0370694 -0.0436484 0.622366 -0.0375342 0.999247 -0.00987644 0.34002 0.0432494 0.0114985 0.998998 -0.705016
120 134 636 0.998004 0.044128 -0.0451725 0.644898 -0.0442824 0.999016 -0.00242286 0.282132 0.0450211 0.00441837 0.998976 -0.710287
135 136 25 1 0.000714171 0.000186314 0.288667 -0.000714881 0.999992 0.00383823 0.023479 -0.000183571 -0.00383836 0.999993 0.957142
135 137 27 0.999999 0.00115034 0.00121335 -0.584183 -0.00115468 0.999993 0.00358324 -0.12948 -0.00120921 -0.00358464 0.999993 -0.801228
135 138 126 0.999975 -0.00137973 -0.00693007 0.181549 0.00139441 0.999997 0.00211398 0.123831 0.00692714 -0.00212359 0.999974 -0.975554
135 139 673 0.999765 0.00262507 -0.0215301 0.730922 -0.00264396 0.999996 -0.000849111 0.423336 0.0215278 0.000905836 0.999768 -0.535294
135 140 642 0.999732 0.00485477 -0.0226326 0.806418 -0.00478723 0.999984 0.00303754 0.313326 0.022647 -0.00292838 0.999739 -0.501514
135 141 690 0.999755 0.00701707 -0.0210012 0.575241 -0.00698223 0.999974 0.00173165 0.361025 0.0210128 -0.00158459 0.999778 -0.734002
135 142 489 0.999895 0.0052055 -0.0134875 0.186555 -0.00508822 0.999949 0.00871529 0.129491 0.0135322 -0.00864575 0.999871 -0.973873
135 143 521 0.999832 0.00461015 -0.0177158 0.262554 -0.00447758 0.999962 0.00751538 0.231463 0.0177498 -0.00743479 0.999815 -0.936744
135 144 689 0.998183 0.0129718 -0.0588425 0.690795 -0.0131734 0.999909 -0.00303941 0.373771 0.0587977 0.00380904 0.998263 -0.618948
135 145 649 0.999343 0.0196281 -0.0304788 0.3939 -0.0190795 0.999653 0.018186 0.199448 0.0308252 -0.0175925 0.99937 -0.897253
135 146 684 0.99699 0.0224698 -0.0741966 0.703599 -0.0231421 0.999698 -0.00821287 0.472617 0.0739897 0.00990522 0.99721 -0.530642
135 147 653 0.99725 0.0328547 -0.0664299 0.711292 -0.0319454 0.999381 0.0147041 0.343041 0.0668719 -0.0125416 0.997683 -0.613504
135 148 664 0.996168 0.0412266 -0.0771389 0.744272 -0.0403886 0.999107 0.0123934 0.403009 0.077581 -0.00923036 0.996943 -0.532581
135 149 605 0.996628 0.0410096 -0.0710751 0.708784 -0.0395349 0.998975 0.0220328 0.39142 0.0719059 -0.0191486 0.997228 -0.586869
150 151 15 0.999993 0.00327851 0.00203953 0.419334 -0.00330816 0.999886 0.0147089 -0.478541 -0.00199107 -0.0147155 0.99989 0.771464
150 152 14 0.999742 0.0221265 0.00516677 0.325303 -0.0221831 0.999692 0.0111705 0.477701 -0.00491802 -0.0112823 0.999924 0.816076
150 153 413 0.999647 0.02419 -0.0109684 0.598003 -0.0242546 0.999689 -0.00579014 0.744332 0.010825 0.00605413 0.999923 -0.297258
150 154 147 0.999691 0.0224897 0.0106073 -0.986331 -0.0226395 0.999642 0.0142247 -0.0697579 -0.0102836 -0.0144605 0.999843 -0.149284
150 155 119 0.999792 0.0179339 -0.00970175 0.192219 -0.0177759 0.999712 0.0161334 -0.0102144 0.00998829 -0.0159576 0.999823 -0.981299
150 156 444 0.998935 0.032269 -0.0329924 0.799377 -0.0322562 0.999479 0.000919025 0.599607 0.0330049 0.000146164 0.999455 -0.0383179
150 157 478 0.998676 0.0331354 -0.0393461 0.880252 -0.0327697 0.999414 0.0099035 0.263128 0.0396512 -0.00860103 0.999177 -0.394867
150 158 330 0.999131 0.0319314 -0.0267885 0.828036 -0.0315488 0.999396 0.014584 0.229393 0.027238 -0.0137261 0.999535 -0.5116
150 159 400 0.998816 0.0337716 -0.0350068 0.76557 -0.0335742 0.999417 0.00621056 0.442966 0.0351962 -0.00502788 0.999368 -0.466567
150 160 429 0.997415 0.0337441 -0.0634475 0.794676 -0.033675 0.999431 0.00215939 0.289034 0.0634843 -1.72148e-05 0.997983 -0.533807
150 161 446 0.997884 0.0345743 -0.0550669 0.639322 -0.0342568 0.999391 0.00669922 0.286503 0.055265 -0.00479862 0.99846 -0.713571
150 162 413 0.997781 0.0438699 -0.0500866 0.524139 -0.0427342 0.998809 0.0235254 0.130101 0.0510591 -0.0213328 0.998468 -0.841637
150 163 418 0.994966 0.0443651 -0.0898578 0.779542 -0.045541 0.998901 -0.0110772 0.503333 0.0892676 0.0151137 0.995893 -0.372787
150 164 429 0.994521 0.0475517 -0.0930904 0.729345 -0.0477616 0.998859 -2.66293e-05 0.427138 0.0929829 0.00447263 0.995658 -0.534424
165 166 30 0.999978 0.00516665 -0.00412188 0.395269 -0.00513781 0.999962 0.00697593 -0.115851 0.00415777 -0.0069546 0.999967 -0.911231
165 167 52 0.999829 0.00741653 -0.0169427 0.786017 -0.00739386 0.999972 0.00140024 0.470882 0.0169526 -0.00127473 0.999855 -0.40056
165 168 226 0.999769 0.00977878 -0.01914 0.626492 -0.00963229 0.999924 0.00773089 0.130924 0.0192142 -0.00754474 0.999787 -0.768353
165 169 653 0.999487 0.0169336 -0.0271911 0.67223 -0.0168637 0.999854 0.00279754 0.389285 0.0272345 -0.00233756 0.999626 -0.629733
165 170 734 0.999197 0.0155539 -0.0369228 0.658553 -0.0156572 0.999874 -0.00251065 0.42608 0.0368791 0.00308674 0.999315 -0.620293
165 171 729 0.999042 0.0202919 -0.0387683 0.639266 -0.0201255 0.999787 0.00467795 0.302811 0.038855 -0.00389324 0.999237 -0.706855
165 172 711 0.998944 0.0213331 -0.0406889 0.596062 -0.0211329 0.999762 0.00534373 0.248493 0.0407932 -0.00447822 0.999158 -0.763519
165 173 652 0.999431 0.0151873 -0.030114 0.397821 -0.015135 0.999884 0.00196617 0.403932 0.0301404 -0.00150928 0.999545 -0.823758
165 174 707 0.999043 0.0106615 -0.0424261 0.405532 -0.010675 0.999943 -9.30612e-05 0.380527 0.0424227 0.000545873 0.9991 -0.83111
165 175 739 0.997543 0.0289197 -0.0638048 0.63469 -0.0288194 0.999582 0.00249258 0.341049 0.0638502 -0.000647643 0.997959 -0.693436
165 176 700 0.997203 0.0358747 -0.0655751 0.634414 -0.0358023 0.999356 0.00227945 0.32383 0.0656147 7.46676e-05 0.997845 -0.701892
165 177 737 0.993168 0.0508832 -0.105012 0.809458 -0.0507477 0.998704 0.0039639 0.220414 0.105077 0.00139228 0.994463 -0.544238
165 178 642 0.996297 0.0569958 -0.0643695 0.662768 -0.0572299 0.998359 -0.00179742 0.356079 0.0641615 0.00547463 0.997925 -0.658746
165 179 644 0.995686 0.0586797 -0.0718698 0.628123 -0.0585686 0.998277 0.00365321 0.187629 0.0719603 0.000571864 0.997407 -0.755154
180 181 14 0.999978 0.00665697 0.000564794 -0.329502 -0.00665713 0.999978 0.000292637 -0.486536 -0.000562834 -0.000296391 1 -0.809142
180 182 150 0.999835 0.0176211 0.00447926 0.221202 -0.017621 0.999845 -5.23553e-05 -0.29569 -0.00447948 -2.65823e-05 0.99999 -0.929321
180 183 307 0.999901 0.0135633 -0.00384544 0.549192 -0.0135928 0.999878 -0.0077534 0.0415837 0.0037398 0.0078049 0.999963 -0.834661
180 184 671 0.999815 0.0165824 -0.00974142 0.603337 -0.0167291 0.999745 -0.0151666 0.249675 0.00948743 0.0153267 0.999838 -0.757395
180 185 820 0.999693 0.0205269 -0.0138855 0.583543 -0.0207354 0.999672 -0.0150467 0.190667 0.0135721 0.01533 0.99979 -0.789382
180 186 838 0.999246 0.024835 -0.0298346 0.747616 -0.0254373 0.999477 -0.0199807 0.253949 0.0293228 0.0207246 0.999355 -0.613661
180 187 590 0.999553 0.0291373 -0.00663623 0.354869 -0.0292319 0.999465 -0.0146437 0.0874159 0.006206 0.0148312 0.999871 -0.93082
180 188 792 0.998605 0.0330946 -0.0411353 0.759493 -0.0343509 0.998953 -0.0302204 0.268626 0.040092 0.0315912 0.998696 -0.592461
180 189 763 0.998245 0.0268031 -0.0528051 0.724767 -0.0286459 0.998996 -0.0344576 0.28139 0.0518284 0.0359098 0.99801 -0.628913
180 190 756 0.998572 0.0256976 -0.0468455 0.672744 -0.0270042 0.999258 -0.0274774 0.234728 0.0461046 0.0287032 0.998524 -0.701654
180 191 741 0.997132 0.0294168 -0.0697317 0.741954 -0.030915 0.999312 -0.0205042 0.104481 0.0690806 0.0226012 0.997355 -0.662259
180 192 728 0.998132 0.0279205 -0.0543389 0.617212 -0.0294986 0.99916 -0.0284596 0.204786 0.0534987 0.0300093 0.998117 -0.759679
180 193 710 0.995821 0.0227553 -0.088445 0.751228 -0.0266621 0.998709 -0.043245 0.274716 0.0873467 0.0454225 0.995142 -0.600157
180 194 656 0.995773 0.0208367 -0.0894496 0.725221 -0.0245805 0.998858 -0.0409575 0.277732 0.088494 0.0429831 0.995149 -0.630016
195 196 151 0.999939 0.00111441 -0.0109666 0.268863 -0.000847321 0.999704 0.0243297 -0.952607 0.0109904 -0.0243189 0.999644 -0.142313
195 197 303 0.999493 -0.00975701 -0.0303187 0.854675 0.0101204 0.999879 0.0118548 0.212946 0.0301994 -0.0121556 0.99947 -0.473481
195 198 83 0.999629 0.000369945 -0.0272413 0.627544 0.000395418 0.999605 0.0280849 -0.275286 0.027241 -0.0280852 0.999234 -0.72829
195 199 85 0.999497 -0.00569091 -0.0311946 0.609964 0.00660333 0.999551 0.0292249 0.182608 0.0310143 -0.0294162 0.999086 -0.771102
195 200 613 0.995529 -0.00341788 -0.0943923 0.976863 0.00650169 0.999454 0.0323819 0.114097 0.0942302 -0.0328508 0.995008 -0.180889
195 201 640 0.994776 0.0104448 -0.10155 0.988855 -0.00549075 0.998787 0.048942 -0.118178 0.101938 -0.0481287 0.993626 -0.0905477
195 202 639 0.99728 0.0174593 -0.0716067 0.845381 -0.0141008 0.998789 0.0471421 -0.140139 0.072343 -0.0460041 0.996318 -0.515454
195 203 616 0.99731 0.0193078 -0.0707116 0.865113 -0.0157746 0.998615 0.0501872 -0.0731172 0.0715827 -0.0489368 0.996233 -0.49622
195 204 621 0.991569 0.0326327 -0.125407 0.95976 -0.0242072 0.997383 0.0681319 -0.210815 0.127302 -0.0645217 0.989763 -0.185519
195 205 600 0.992435 0.0339088 -0.117995 0.945309 -0.0272907 0.997986 0.0572586 -0.147875 0.119699 -0.0536053 0.991362 -0.29073
195 206 615 0.993959 0.0397073 -0.102316 0.900595 -0.0342408 0.997919 0.0546412 -0.162693 0.104272 -0.0508078 0.99325 -0.403063
195 207 502 0.997468 0.044449 -0.0555158 0.598179 -0.041696 0.997888 0.0498006 -0.181416 0.0576122 -0.0473597 0.997215 -0.780557
195 208 572 0.992149 0.0521003 -0.113691 0.912426 -0.045519 0.997176 0.059737 -0.189623 0.116483 -0.0540929 0.991719 -0.36266
195 209 594 0.992435 0.0474736 -0.113224 0.961295 -0.0428979 0.998174 0.0425141 -0.0665095 0.115036 -0.0373354 0.992659 -0.267373
210 211 18 0.999998 0.00182895 0.00102299 0.799666 -0.00182713 0.999997 -0.00177985 -0.0549036 -0.00102624 0.00177797 0.999998 -0.59793
210 212 806 0.999737 0.0159202 -0.0164834 0.788761 -0.0156156 0.999708 0.0184452 -0.543899 0.0167722 -0.0181829 0.999694 -0.286408
210 213 231 0.999884 0.0124547 0.00880286 0.661973 -0.0124793 0.999918 0.00274527 -0.182297 -0.00876795 -0.0028548 0.999957 -0.727021
210 214 727 0.999955 0.00505942 -0.00800602 0.897014 -0.00503101 0.999981 0.00356406 0.0300226 0.0080239 -0.00352363 0.999962 -0.440982
210 215 738 0.99995 0.00747448 -0.00660924 0.920345 -0.00737154 0.999853 0.0154646 -0.160157 0.00672386 -0.0154151 0.999859 -0.356812
210 216 719 0.999168 -0.00855881 -0.0398667 0.963618 0.00870217 0.999956 0.00342392 0.111948 0.0398357 -0.003768 0.999199 -0.242709
210 217 649 0.999905 -0.00054403 -0.0137398 0.851631 0.000934543 0.999595 0.0284316 -0.113142 0.0137188 -0.0284418 0.999501 -0.511784
210 218 640 0.999531 -0.0302202 -0.00494442 0.920367 0.0302943 0.999418 0.0156563 0.200203 0.00446841 -0.0157988 0.999865 -0.335921
210 219 608 0.999965 -0.00311692 0.00778104 0.752213 0.00277637 0.999054 0.0434001 -0.196616 -0.00790895 -0.043377 0.999027 -0.628902
210 220 694 0.999175 -0.0255981 -0.0315379 0.98089 0.0266201 0.99912 0.0324237 0.0493275 0.0306802 -0.0332364 0.998977 -0.188207
210 221 608 0.999583 -0.0103873 -0.0269463 0.959232 0.0114355 0.999172 0.0390405 -0.0861273 0.0265185 -0.0393324 0.998874 -0.269176
210 222 611 0.999975 0.00299193 0.00641321 0.836636 -0.00323342 0.999273 0.0379818 -0.173597 -0.00629491 -0.0380016 0.999258 -0.519524
210 223 477 0.999685 -0.00445148 0.0246926 0.70651 0.00372452 0.999561 0.0294088 -0.0514495 -0.0248126 -0.0293076 0.999262 -0.705831
210 224 549 0.9998 -0.00370939 0.0196599 0.808258 0.00309801 0.999513 0.0310374 -0.135881 -0.0197655 -0.0309703 0.999325 -0.572936
225 226 23 0.999947 0.0101118 0.00187989 0.21877 -0.0101076 0.999946 -0.00221543 -0.656729 -0.00190219 0.00219631 0.999996 -0.721697
225 227 681 0.999766 0.0166561 -0.0137819 0.772783 -0.0165634 0.99984 0.00681092 -0.507227 0.0138931 -0.00658105 0.999882 -0.38148
225 228 750 0.999402 0.0294951 -0.0180473 0.738696 -0.0292393 0.999471 0.0142735 -0.581303 0.0184588 -0.0137373 0.999735 -0.341196
225 229 355 0.9996 0.0270899 -0.00809228 0.719775 -0.0270813 0.999633 0.00116409 -0.260921 0.00812084 -0.00094447 0.999967 -0.643307
225 230 767 0.999272 0.0267416 -0.0272273 0.760914 -0.0261818 0.999443 0.0207136 -0.576588 0.027766 -0.0199857 0.999415 -0.297585
225 231 206 0.999536 0.0303087 -0.00300192 0.675931 -0.0303204 0.999533 -0.00392676 -0.381259 0.00288151 0.00401595 0.999988 -0.630681
225 232 246 0.999705 0.0242872 -0.000955719 0.750521 -0.0242991 0.999587 -0.0153446 -0.198364 0.000582648 0.0153632 0.999882 -0.630373
225 233 399 0.999531 0.0301648 -0.00534648 0.767966 -0.0302372 0.999444 -0.0140381 -0.281303 0.00492006 0.0141932 0.999887 -0.57541
225 234 696 0.999154 0.0204637 -0.0356754 0.93095 -0.0209522 0.999691 -0.0133742 -0.261858 0.0353906 0.0141104 0.999274 -0.254485
225 235 721 0.998689 0.0118783 -0.0497907 0.968278 -0.0129735 0.99968 -0.0217315 -0.136316 0.0495166 0.022349 0.998523 -0.209419
225 236 583 0.999644 0.0171743 -0.0204051 0.904973 -0.0176746 0.999541 -0.0245982 -0.211084 0.0199732 0.0249501 0.999489 -0.369415
225 237 678 0.999169 0.024303 -0.0327283 0.872237 -0.0248798 0.99954 -0.0173345 -0.34324 0.0322919 0.0181344 0.999314 -0.348409
225 238 178 0.999227 0.0389678 0.00518231 0.744207 -0.0387804 0.998724 -0.032345 -0.2995 -0.00643611 0.032119 0.999463 -0.59704
225 239 167 0.998794 0.0457973 0.0176837 -0.751428 -0.0451619 0.998373 -0.0347989 0.28345 -0.0192486 0.0339583 0.999238 0.59583
240 241 372 0.999775 0.00144771 -0.0211425 0.962131 -0.00140916 0.999997 0.00183815 -0.236895 0.0211451 -0.00180795 0.999775 -0.134849
240 242 195 0.999847 0.00391863 -0.0170395 0.970986 -0.00399892 0.999981 -0.00468011 -0.141734 0.0170208 0.00474754 0.999844 0.192609
240 243 773 0.999546 0.0019837 -0.0300673 0.880617 -0.00251916 0.999839 -0.0177811 0.16236 0.0300272 0.0178487 0.99939 0.445143
240 244 160 0.999696 0.0220988 -0.0109724 0.910781 -0.0221864 0.999722 -0.00793203 -0.378939 0.0107941 0.00817305 0.999908 0.16396
240 245 435 0.999583 0.0208766 -0.0199536 0.889007 -0.0211168 0.999706 -0.0119065 -0.237377 0.0196991 0.0123229 0.99973 0.391559
240 246 493 0.999677 0.0151659 -0.0203877 0.905966 -0.0155609 0.999692 -0.0193541 -0.128222 0.0200879 0.0196651 0.999605 0.403467
240 247 121 0.999782 0.0205597 0.00356603 0.949684 -0.0205027 0.999672 -0.0153306 -0.254704 -0.00388005 0.0152542 0.999876 0.182278
240 248 683 0.999349 0.00427947 -0.0358135 0.895513 -0.00503958 0.999763 -0.0211608 0.0899379 0.0357144 0.0213275 0.999134 0.435853
240 249 669 0.999274 0.00826044 -0.0371994 0.887987 -0.0090498 0.999736 -0.0211015 0.135172 0.0370153 0.0214229 0.999085 0.439553
240 250 567 0.999795 0.00742217 -0.0188599 0.85904 -0.00764075 0.999904 -0.0115442 0.0899596 0.0187724 0.0116859 0.999755 0.503942
240 251 584 0.999681 0.0158779 -0.0196658 0.907583 -0.0159816 0.999859 -0.00512504 0.0449773 0.0195816 0.0054377 0.999793 0.417456
240 252 589 0.999795 0.0189584 -0.0070548 0.890197 -0.0189483 0.999819 0.00148736 -0.00147197 0.00708172 -0.00135338 0.999974 0.455573
240 253 584 0.999865 0.0162717 -0.00230605 0.927267 -0.0162543 0.999841 0.0073773 -0.0523455 0.00242572 -0.00733882 0.99997 0.370723
240 254 620 0.999916 -0.0041325 -0.0122942 0.899755 0.00408425 0.999984 -0.00394713 0.0579834 0.0123103 0.00389658 0.999917 0.432526
255 256 27 0.999905 -0.0126437 0.00547462 -0.236297 0.012642 0.99992 0.000346225 -0.218742 -0.00547856 -0.000276982 0.999985 0.946739
255 257 14 0.999851 -0.0144122 0.00945451 -0.902571 0.0143579 0.99988 0.00578444 0.167078 -0.00953675 -0.00564783 0.999939 0.3968
255 258 560 0.999794 -0.0195791 -0.00532955 0.8013 0.0196007 0.9998 0.00404152 0.0570504 0.00524935 -0.00414515 0.999978 0.595536
255 259 572 0.999535 -0.0120043 0.028022 -0.496382 0.0120056 0.999928 0.000121388 0.176491 -0.0280215 0.000215092 0.999607 0.849974
255 260 308 0.999891 -0.0145792 0.00235048 0.790018 0.0145648 0.999876 0.00605206 -0.112556 -0.00243842 -0.00601717 0.999979 0.602664
255 261 688 0.999795 -0.0176685 -0.00988334 0.818518 0.0176373 0.999839 -0.00322961 0.127912 0.00993881 0.00305463 0.999946 0.56006
255 262 341 0.999883 -0.0151966 -0.00147458 0.879874 0.0151998 0.999882 0.00214387 0.0279452 0.00144183 -0.00216603 0.999997 0.474385
255 263 651 0.999444 -0.0279885 -0.0181183 0.848636 0.0279724 0.999608 -0.00114359 0.176985 0.0181432 0.000636147 0.999835 0.49849
255 264 705 0.999345 -0.0250979 -0.0260619 0.809377 0.025177 0.999679 0.00271245 0.0988182 0.0259855 -0.00336683 0.999657 0.578916
255 265 668 0.999383 -0.0277366 -0.0215398 0.791328 0.027811 0.999608 0.00316247 0.0369063 0.0214436 -0.00375956 0.999763 0.610277
255 266 666 0.99917 -0.0306705 -0.0268195 0.737309 0.0306788 0.999529 -9.98479e-05 0.101196 0.0268099 -0.000723025 0.99964 0.667933
255 267 656 0.99901 -0.0299854 -0.0328737 0.749853 0.0299838 0.99955 -0.000542092 0.0650182 0.0328752 -0.000444123 0.999459 0.658402
255 268 652 0.99797 -0.0293472 -0.0565217 0.860769 0.0288476 0.999537 -0.00963477 0.116117 0.0567783 0.00798469 0.998355 0.495574
255 269 595 0.998827 -0.0312204 -0.0369989 0.760254 0.0312041 0.999513 -0.00101764 -0.00193625 0.0370126 -0.000138074 0.999315 0.649623
270 271 168 0.999984 -0.00172675 0.00546155 -0.125799 0.00170854 0.999993 0.0033356 -0.130335 -0.00546728 -0.00332622 0.99998 0.983457
270 272 605 0.999634 0.00922221 0.0254248 -0.610089 -0.00900705 0.999923 -0.00856427 0.292604 -0.0255019 0.00833213 0.99964 0.736325
270 273 631 0.999932 0.0111852 -0.00318592 0.683932 -0.0111872 0.999937 -0.000604205 0.0475469 0.00317896 0.000639805 0.999995 0.727994
270 274 669 0.99988 0.0149715 -0.00391455 0.645397 -0.014949 0.999872 0.00572994 -0.107246 0.00399984 -0.00567074 0.999976 0.756281
270 275 613 0.99988 0.0130831 -0.00828548 0.784838 -0.0130074 0.999874 0.00912041 -0.237064 0.00840376 -0.00901155 0.999924 0.572564
270 276 618 0.999855 0.0145815 -0.00876196 0.73469 -0.0144777 0.999826 0.0117924 -0.156384 0.00893238 -0.0116639 0.999892 0.660132
270 277 650 0.99988 0.0110073 -0.0108973 0.727334 -0.0109066 0.999898 0.00925974 -0.112257 0.0109981 -0.00913977 0.999898 0.67704
270 278 667 0.999789 0.0121682 -0.0165248 0.771228 -0.0120289 0.999891 0.00850479 -0.102274 0.0166265 -0.00830422 0.999827 0.628289
270 279 579 0.999763 0.0170658 -0.0135527 0.817692 -0.0168477 0.999729 0.0160447 -0.159015 0.0138229 -0.0158125 0.999779 0.553258
270 280 594 0.999823 0.0180553 -0.00527158 0.761321 -0.0179638 0.999695 0.0169262 -0.155979 0.00557558 -0.0168285 0.999843 0.629334
270 281 579 0.999782 0.0207566 -0.00205227 0.725994 -0.0207268 0.999692 0.0136325 -0.122837 0.0023346 -0.013587 0.999905 0.676641
270 282 565 0.999628 0.0267084 -0.00559261 0.775159 -0.0266009 0.999475 0.0184859 -0.151498 0.00608341 -0.0183302 0.999813 0.613333
270 283 566 0.999766 0.0215792 0.00147162 0.731995 -0.0216027 0.999597 0.0184348 -0.143538 -0.00107322 -0.0184622 0.999829 0.666018
270 284 585 0.999763 0.0178601 -0.0124189 0.767428 -0.0177422 0.999797 0.0095367 -0.0838632 0.0125868 -0.0093141 0.999877 0.635627
285 286 186 0.999999 0.000538998 0.00124085 0.517035 -0.000535573 0.999996 -0.00275874 -0.0115057 -0.00124234 0.00275807 0.999995 0.855887
285 287 787 0.999939 0.00161991 -0.0109055 0.840194 -0.00163411 0.999998 -0.00129346 -0.314028 0.0109033 0.0013112 0.99994 0.44211
285 288 312 1 0.000725257 0.000647966 0.902531 -0.000718871 0.999952 -0.00980098 -0.0582358 -0.000655043 0.00980051 0.999952 0.426668
285 289 717 0.999994 0.00303479 -0.0018905 0.80504 -0.00304889 0.999967 -0.00750154 -0.192175 0.00186767 0.00750726 0.99997 0.56123
285 290 710 0.999957 0.00898771 -0.00241011 0.711408 -0.00901511 0.999892 -0.0116139 -0.241157 0.00230547 0.0116351 0.99993 0.660108
285 291 767 0.999869 0.0143607 -0.00747765 0.822018 -0.0144421 0.999836 -0.0109428 -0.252281 0.00731927 0.0110494 0.999912 0.51053
285 292 633 0.999897 0.0140434 0.00307505 0.683464 -0.0139989 0.999803 -0.0140375 -0.228725 -0.00327158 0.013993 0.999897 0.693225
285 293 724 0.999827 0.0162434 -0.00907272 0.768624 -0.0163893 0.999734 -0.0162494 -0.215653 0.00880636 0.0163952 0.999827 0.602255
285 294 752 0.999557 0.019576 -0.0224137 0.808107 -0.0199014 0.999698 -0.0143866 -0.234116 0.0221254 0.0148263 0.999645 0.540512
285 295 649 0.999529 0.0275248 -0.0135534 0.805097 -0.0277708 0.999447 -0.0183068 -0.229884 0.013042 0.0186746 0.999741 0.546783
285 296 575 0.999108 0.0365229 -0.021193 0.808676 -0.0368506 0.999204 -0.0152821 -0.285112 0.020618 0.0160494 0.999659 0.514542
285 297 615 0.999116 0.0406611 -0.0106985 0.751836 -0.0409032 0.998887 -0.0234787 -0.233957 0.00973197 0.0238955 0.999667 0.616447
285 298 641 0.99879 0.0445679 -0.0208122 0.798918 -0.0449837 0.998788 -0.0199554 -0.218164 0.0198976 0.0208675 0.999584 0.560477
285 299 635 0.998481 0.0467026 -0.0292371 0.802336 -0.0473243 0.99866 -0.0209455 -0.210399 0.0282197 0.0222973 0.999353 0.558561
300 301 49 0.999996 -0.00296867 0.000254621 0.344981 0.00296883 0.999995 -0.000613801 0.218478 -0.000252798 0.000614554 1 -0.912828
300 302 48 0.999957 -0.00063337 -0.0092442 0.650324 0.000618006 0.999998 -0.00166478 -0.000651984 0.00924524 0.00165899 0.999956 0.759657
300 303 0 1 0 0 0 0 1 0 0 0 0 1 0
300 304 636 0.999618 -0.00234751 -0.0275402 0.940162 0.00221298 0.999985 -0.00491424 0.179124 0.0275513 0.00485142 0.999609 0.289845
300 305 766 0.999107 0.00185324 -0.042214 0.957306 -0.00212771 0.999977 -0.00645807 0.14083 0.0422011 0.00654212 0.999088 0.25245
300 306 279 0.999774 0.00713063 -0.0200334 0.933411 -0.00709469 0.999973 0.00186454 -0.104229 0.0200461 -0.00172198 0.999798 0.343338
300 307 735 0.99839 0.00913616 -0.0559805 0.95866 -0.00977174 0.999891 -0.0110904 0.215148 0.055873 0.0116196 0.99837 0.186231
300 308 692 0.998273 0.0131278 -0.0572646 0.96184 -0.0135426 0.999885 -0.00686214 0.161698 0.0571679 0.0076258 0.998335 0.220721
300 309 662 0.998697 0.0149126 -0.0488039 0.94655 -0.0149411 0.999888 -0.000219939 0.0482733 0.0487952 0.000948839 0.998808 0.318924
300 310 672 0.997648 0.0161293 -0.0666273 0.984547 -0.0161023 0.99987 0.000941839 0.0740155 0.0666338 0.000133229 0.997777 0.158708
300 311 651 0.998453 0.0164958 -0.0530903 0.955633 -0.0161079 0.99984 0.00772649 -0.00290162 0.0532092 -0.00685937 0.99856 0.294545
300 312 593 0.998677 0.0217986 -0.0465674 0.98899 -0.0212405 0.999697 0.0124447 -0.0853297 0.0468246 -0.0114391 0.998838 0.120903
300 313 564 0.998069 0.0217354 -0.0581885 0.983892 -0.0211029 0.999712 0.0114631 0.00804374 0.0584209 -0.010213 0.99824 0.178582
300 314 473 0.996216 0.0335496 -0.0801737 0.954843 -0.0330154 0.999423 0.00798025 0.0193085 0.0803951 -0.00530309 0.996749 0.296483
315 316 41 0.999971 0.00756105 0.000959951 -0.430692 -0.00755468 0.999951 -0.00647071 0.246986 -0.00100883 0.00646327 0.999979 -0.868045
315 317 119 0.999962 -0.00860608 0.00149727 0.356709 0.00862285 0.999896 -0.0115862 0.375426 -0.0013974 0.0115986 0.999932 -0.855461
315 318 99 0.99991 0.00605185 -0.0119813 0.87961 -0.0062027 0.999901 -0.012594 0.101265 0.0119039 0.0126672 0.999849 -0.464793
315 319 458 0.999551 0.0106183 -0.0280269 0.994813 -0.0109605 0.999867 -0.0120839 -0.101643 0.0278948 0.0123857 0.999534 0.00398087
315 320 379 0.999551 0.0104186 -0.0280797 0.971298 -0.0109918 0.999733 -0.0203381 0.16821 0.0278603 0.0206376 0.999399 -0.168186
315 321 77 0.999448 0.0303322 -0.0135718 0.972553 -0.0305536 0.999398 -0.0164092 -0.225815 0.0130659 0.0168148 0.999773 -0.0561086
315 322 116 0.99945 0.0318392 -0.00932063 0.677967 -0.0320192 0.99929 -0.0198513 0.106336 0.00868197 0.0201388 0.999759 -0.727361
315 323 406 0.997788 0.0470019 -0.0470042 0.996103 -0.0478931 0.99869 -0.0180178 0.00800719 0.0460958 0.0202292 0.998732 -0.087833
315 324 416 0.997224 0.0512372 -0.0540331 0.999913 -0.0521185 0.998528 -0.0150281 0.00378677 0.0531835 0.0178025 0.998426 -0.0126619
315 325 190 0.99773 0.053727 -0.0405879 0.979845 -0.0541656 0.998484 -0.00978459 -0.0364459 0.0400007 0.0119609 0.999128 -0.196408
315 326 395 0.996134 0.0585707 -0.0654704 0.996504 -0.0594874 0.998155 -0.0121388 0.0417766 0.0646386 0.0159865 0.997781 0.0723454
