0 1 11 1 3.9784e-05 0.00026508 0.307545 -4.03181e-05 0.999998 0.00201507 -0.0302011 -0.000264999 -0.00201508 0.999998 -0.951054
0 2 17 0.999995 -0.00287343 -0.00090669 0.376087 0.00287501 0.999994 0.00173824 0.0192944 0.00090169 -0.00174084 0.999998 0.926383
0 3 21 0.999994 -0.00346826 -0.000855883 0.229555 0.00347011 0.999992 0.00217375 -0.0438787 0.000848337 -0.0021767 0.999997 0.972306
0 4 17 0.999995 -0.00313595 0.000630124 -0.349044 0.00313398 0.99999 0.00311369 0.178961 -0.000639882 -0.0031117 0.999995 0.919859
0 5 21 0.999991 -0.00426094 -0.00041175 0.152996 0.00426204 0.999987 0.00271729 -0.271637 0.000400166 -0.00271902 0.999996 0.950161
0 6 22 0.999987 -0.00492441 -0.00116511 0.195138 0.00492699 0.999985 0.00221979 -0.0880896 0.00115416 -0.0022255 0.999997 0.976812
0 7 28 0.999991 -0.00411215 -0.0013215 0.161215 0.00411658 0.999986 0.00336193 -0.119691 0.00130765 -0.00336734 0.999993 0.979635
0 8 28 0.999988 -0.00474821 -0.000736921 0.26547 0.00474992 0.999986 0.00232612 -0.0446778 0.000725866 -0.00232959 0.999997 0.963083
0 9 23 0.999991 -0.00422366 -0.00103504 -0.284774 0.00422603 0.999988 0.00229858 -0.123306 0.00102532 -0.00230294 0.999997 -0.950631
0 10 31 0.999989 -0.00337951 -0.00315521 0.34671 0.00338872 0.99999 0.00291991 0.0138612 0.00314531 -0.00293057 0.999991 0.93787
0 11 30 0.999997 -0.000560959 -0.00256706 0.275573 0.000567181 0.999997 0.00242362 0.0252539 0.00256569 -0.00242506 0.999994 0.960948
0 12 17 0.999961 -0.00031147 -0.00879274 0.937814 0.000334086 0.999997 0.00257072 -0.105302 0.00879191 -0.00257355 0.999958 0.330782
0 13 12 0.999956 0.00368918 -0.00861681 0.994624 -0.00365497 0.999985 0.00398279 -0.00796651 0.00863138 -0.00395112 0.999955 0.103244
0 14 20 0.999968 0.0072047 -0.00345712 0.630467 -0.00718446 0.999957 0.00583055 -0.296504 0.00349898 -0.00580553 0.999977 0.717354
15 16 11 0.999997 -0.00155365 -0.00171988 0.128791 0.00155406 0.999999 0.000235004 -0.418369 0.00171951 -0.000237676 0.999998 -0.8991
15 17 28 0.999996 0.00229726 -0.00171103 0.0360299 -0.00229432 0.999996 0.00171633 -0.00569218 0.00171496 -0.00171239 0.999997 -0.999335
15 18 0 1 0 0 0 0 1 0 0 0 0 1 0
15 19 15 0.99997 0.00369302 -0.00680426 0.942178 -0.00368309 0.999992 0.00147031 0.123882 0.00680963 -0.0014452 0.999976 0.311375
15 20 13 0.999969 0.00545098 0.00569828 -0.887822 -0.0054678 0.999981 0.00293931 -0.106073 -0.00568215 -0.00297037 0.999979 0.447796
15 21 11 0.999973 0.00734686 -0.000315291 0.826988 -0.00734584 0.999968 0.00313935 -0.256055 0.000338346 -0.00313695 0.999995 0.500526
15 22 64 0.999996 0.00213747 -0.00196726 -0.630428 -0.00212731 0.999984 0.00515442 0.192175 0.00197825 -0.00515022 0.999985 -0.752084
15 23 241 0.999867 0.00796538 -0.0142347 0.993848 -0.00789471 0.999956 0.00501412 -0.089517 0.014274 -0.00490108 0.999886 0.0652097
15 24 10 0.999992 0.00352695 -0.0018735 0.897249 -0.00351678 0.999979 0.0054068 -0.265522 0.00189253 -0.00540017 0.999984 0.352765
15 25 957 0.99952 0.00477999 -0.0306029 0.976804 -0.00452792 0.999955 0.00830113 -0.0837107 0.0306412 -0.00815858 0.999497 0.197097
15 26 825 0.999843 0.00273814 -0.0174787 0.912507 -0.00263835 0.99998 0.00573007 -0.12815 0.017494 -0.00568306 0.999831 0.388469
15 27 839 0.999682 0.00546045 -0.0246192 0.989008 -0.00530362 0.999965 0.00643108 -0.137351 0.0246535 -0.00629846 0.999676 0.0547442
15 28 825 0.999792 0.00414726 -0.019968 0.862175 -0.00397047 0.999953 0.00888519 -0.260124 0.0200039 -0.00880406 0.999761 0.434729
15 29 832 0.99979 0.00582541 -0.0196603 0.946746 -0.00570477 0.999965 0.00618657 -0.274026 0.0196956 -0.00607311 0.999788 0.16906
30 31 0 1 0 0 0 0 1 0 0 0 0 1 0
30 32 25 0.999987 0.00348171 -0.00373432 0.557993 -0.00345856 0.999975 0.00618824 -0.777665 0.00375577 -0.00617525 0.999974 -0.289623
30 33 18 0.999902 -0.00526048 0.0129372 -0.878389 0.00537853 0.999944 -0.00910692 0.394845 -0.0128885 0.00917561 0.999875 0.269314
30 34 13 0.999951 0.00132788 0.00984461 -0.548512 -0.00121618 0.999935 -0.0113442 0.482735 -0.00985904 0.0113317 0.999887 0.682716
30 35 11 0.999987 -0.000486999 0.0050865 0.956813 0.000545553 0.999934 -0.0115166 -0.290221 -0.00508055 0.0115193 0.999921 0.0167543
30 36 35 0.999917 -0.00228796 0.0126485 0.491095 0.0024611 0.999903 -0.0136897 -0.154079 -0.012616 0.0137197 0.999826 -0.857371
30 37 207 0.999992 -0.0035328 -0.00205042 0.99657 0.00351112 0.999939 -0.0104828 -0.047826 0.00208733 0.0104755 0.999943 -0.0675358
30 38 12 0.999898 -0.0108284 0.00931119 -0.987755 0.01092 0.999892 -0.00984491 -0.094064 -0.00920358 0.00994559 0.999908 0.124471
30 39 23 0.999731 -0.0125786 0.0194767 -0.853952 0.0127141 0.999896 -0.00684996 -0.0488647 -0.0193885 0.00709575 0.999787 0.518052
30 40 750 0.999935 -0.0111536 -0.00222674 0.95915 0.0111348 0.999904 -0.00828993 0.185837 0.00231899 0.0082646 0.999963 -0.213296
30 41 72 0.999839 -0.0118605 0.0134921 0.998447 0.0118499 0.999929 0.000867476 0.0406896 -0.0135014 -0.000707456 0.999909 0.0380561
30 42 907 0.99998 -0.00476379 -0.00405368 0.965401 0.00476386 0.999989 8.04369e-06 -0.0423672 0.00405359 -2.73547e-05 0.999992 0.257306
30 43 760 0.999973 -0.00616957 0.00391445 0.997612 0.00618075 0.999977 -0.00285167 -0.0434336 -0.00389676 0.00287579 0.999988 0.0537055
30 44 147 0.999935 -0.00926843 0.00668872 0.995282 0.00928498 0.999954 -0.00244693 0.0906188 -0.00666573 0.00250887 0.999975 0.0346686
45 46 16 0.999988 0.00423811 -0.00226645 0.405651 -0.00422831 0.999982 0.0043115 -0.153667 0.00228468 -0.00430186 0.999988 -0.901018
45 47 12 0.999841 0.0176041 0.00300483 0.172799 -0.0176275 0.999813 0.00794091 -0.731161 -0.00286448 -0.00799261 0.999964 -0.659958
45 48 68 0.999849 0.014844 -0.0090309 0.992126 -0.0147286 0.999811 0.0127105 0.0625855 0.00921786 -0.0125756 0.999878 -0.108485
45 49 0 1 0 0 0 0 1 0 0 0 0 1 0
45 50 25 0.999714 0.0208251 -0.0117148 0.998109 -0.0206279 0.999648 0.0167063 0.0598956 0.0120586 -0.0164598 0.999792 0.0138328
45 51 23 0.999671 0.0218626 -0.0134137 0.833829 -0.0217009 0.999692 0.0120815 0.315732 0.0136737 -0.0117865 0.999837 0.452816
45 52 15 0.999656 0.0214819 -0.015077 0.968726 -0.0212593 0.999665 0.0147686 -0.0329797 0.0153892 -0.014443 0.999777 0.245932
45 53 562 0.999408 0.0240459 -0.0246144 0.899553 -0.0238206 0.999672 0.00940501 0.0591319 0.0248325 -0.00881311 0.999653 0.43279
45 54 130 0.999752 0.0220959 -0.00274024 -0.889994 -0.022079 0.999738 0.00604282 -0.104753 0.00287304 -0.00598082 0.999978 0.443777
45 55 907 0.998462 0.0291224 -0.0471788 0.968415 -0.0293187 0.999564 -0.00347314 0.238294 0.0470571 0.00485102 0.99888 0.0734096
45 56 850 0.998403 0.0268109 -0.0497231 0.981008 -0.0270128 0.999629 -0.0033944 0.153621 0.0496137 0.00473215 0.998757 0.118427
45 57 766 0.998445 0.0279895 -0.0482013 0.999275 -0.0280068 0.999608 0.00031563 -0.0331217 0.0481912 0.00103483 0.998838 -0.0187929
45 58 738 0.998378 0.0251545 -0.0510732 0.9878 -0.0254947 0.999657 -0.00601942 0.154298 0.0509043 0.00731175 0.998677 -0.0210698
45 59 196 0.998538 0.0256911 -0.0475604 0.995864 -0.0258592 0.999661 -0.00292132 0.0908328 0.0474693 0.00414692 0.998864 -0.00185472
60 61 0 1 0 0 0 0 1 0 0 0 0 1 0
60 62 13 0.999989 0.00176352 -0.0044272 0.86746 -0.00173988 0.999984 0.00533937 0.284424 0.00443655 -0.00533161 0.999976 -0.408186
60 63 920 0.999659 0.00756071 -0.0249988 0.862461 -0.00772739 0.999949 -0.00657772 0.433343 0.0249478 0.00676865 0.999666 0.261487
60 64 45 0.999975 0.00662228 0.00260999 0.952706 -0.00664216 0.999948 0.00768472 -0.0395918 -0.00255897 -0.00770186 0.999967 0.301302
60 65 933 0.999789 0.012045 -0.0166639 0.982832 -0.0120626 0.999927 -0.000956267 0.135466 0.0166512 0.00115708 0.999861 0.125258
60 66 771 0.999967 0.00765655 -0.0028622 0.985557 -0.00764995 0.999968 0.00231001 0.00995268 0.0028798 -0.00228803 0.999993 0.169051
60 67 776 0.999957 0.00670815 -0.00646349 0.989827 -0.00670163 0.999977 0.00103013 -0.0387329 0.00647025 -0.000986773 0.999979 0.1369
60 68 748 0.999962 0.00805136 -0.00323166 0.995698 -0.00805078 0.999968 0.000191895 -0.0921317 0.0032331 -0.00016587 0.999995 0.0099065
60 69 787 0.999861 0.0117454 -0.011856 0.999432 -0.0117943 0.999922 -0.00406084 -0.011274 0.0118074 0.00420011 0.999921 0.0317497
60 70 784 0.999823 0.0139082 -0.0126339 0.989793 -0.0140211 0.999862 -0.00889256 0.106866 0.0125085 0.00906813 0.999881 0.0942894
60 71 800 0.999754 0.0177041 -0.0133879 0.998118 -0.0176853 0.999842 0.00152023 -0.0538349 0.0134128 -0.00128309 0.999909 0.0293621
60 72 729 0.999874 0.0125896 0.00967278 0.996927 -0.0125914 0.999921 0.000127792 -0.05757 -0.00967041 -0.00024957 0.999953 0.0531277
60 73 741 0.999778 0.0200776 0.00635102 0.992481 -0.0200791 0.999798 0.000170852 -0.0885627 -0.00634631 -0.000298336 0.99998 0.0844905
60 74 777 0.999706 0.0194013 -0.0145291 0.99251 -0.0194984 0.999788 -0.00657289 -0.0307758 0.0143985 0.00685426 0.999873 0.118221
75 76 23 0.999997 -0.00176641 -0.00184966 0.128746 0.00176276 0.999996 -0.00197344 -0.458444 0.00185314 0.00197017 0.999996 0.879348
75 77 155 0.99984 -0.00614209 -0.0167759 0.881756 0.00606016 0.999969 -0.00493021 0.222388 0.0168057 0.00482776 0.999847 -0.415993
75 78 18 0.999946 -0.00104811 -0.0103581 0.996057 0.00105977 0.999999 0.00111948 -0.014689 0.0103569 -0.0011304 0.999946 0.0874876
75 79 339 0.999904 0.00459119 -0.0130846 0.995952 -0.00460539 0.999989 -0.00105544 -0.0671471 0.0130796 0.0011156 0.999914 0.0597571
75 80 20 0.999989 0.00425735 0.00209744 0.92158 -0.0042521 0.999988 -0.0025009 -0.00781055 -0.00210806 0.00249195 0.999995 -0.388111
75 81 810 0.999769 -0.000629852 -0.0214683 0.986132 0.000544637 0.999992 -0.00397494 0.159455 0.0214706 0.00396234 0.999762 0.0460087
75 82 564 0.999825 -0.00151443 -0.018639 0.992309 0.00157587 0.999993 0.00328209 -0.0603098 0.0186339 -0.00331089 0.999821 0.108097
75 83 795 0.999624 -0.0056345 -0.026826 0.992898 0.00562403 0.999984 -0.000465647 0.0170793 0.0268282 0.000314602 0.99964 0.117739
75 84 784 0.999598 -0.00274673 -0.0282236 0.999846 0.00282779 0.999992 0.00283259 0.0150994 0.0282155 -0.00291126 0.999598 0.00890463
75 85 750 0.999748 -0.00695417 -0.0213649 0.975 0.00697343 0.999975 0.000827225 0.15855 0.0213586 -0.000976003 0.999771 0.155679
75 86 736 0.999521 -0.0041206 -0.0306633 0.992501 0.0043327 0.999967 0.00685362 0.0750854 0.0306341 -0.0069832 0.999506 0.0964573
75 87 726 0.999337 0.00352773 -0.0362275 0.99529 -0.00300898 0.999892 0.0143636 0.0074376 0.0362743 -0.0142451 0.99924 0.096654
75 88 743 0.998384 0.00836307 -0.0562154 0.991149 -0.00766868 0.999892 0.0125568 0.0520661 0.0563143 -0.0121054 0.99834 0.122121
75 89 689 0.999261 0.00522414 -0.0380685 0.960983 -0.00494371 0.99996 0.00745676 0.141563 0.0381059 -0.00726305 0.999247 0.237637
90 91 15 0.999997 -0.000791491 -0.00251649 0.855012 0.000805314 0.999985 0.00549659 0.191885 0.0025121 -0.00549859 0.999982 0.481803
90 92 785 0.999887 0.00597926 -0.0137908 0.913431 -0.00582241 0.999918 0.0113859 -0.14264 0.0138578 -0.0113043 0.99984 0.381179
90 93 83 0.999769 0.01299 0.0171287 -0.52469 -0.0131789 0.999853 0.0109632 0.394541 -0.0169838 -0.0111864 0.999793 -0.754346
90 94 701 0.999893 0.012052 0.0083184 0.800873 -0.0121485 0.999858 0.0116582 -0.223546 -0.00817672 -0.0117581 0.999897 0.555545
90 95 772 0.999933 0.011167 -0.00291995 0.905026 -0.0111343 0.999878 0.0109939 -0.232515 0.00304236 -0.0109607 0.999935 0.356181
90 96 635 0.999954 0.00457856 0.00844349 0.782527 -0.00463391 0.999968 0.006547 -0.254831 -0.00841324 -0.00658582 0.999943 0.568079
90 97 792 0.999846 0.01146 -0.0132636 0.873053 -0.011431 0.999932 0.00226383 -0.11684 0.0132887 -0.00211187 0.999909 0.47342
90 98 774 0.999044 0.00918322 -0.0427296 0.961303 -0.00917826 0.999958 0.000312311 -0.112266 0.0427307 8.01704e-05 0.999087 0.251579
90 99 670 0.999784 0.00366286 -0.0204679 0.917341 -0.00385294 0.99995 -0.00925478 -0.165848 0.020433 0.00933164 0.999748 0.361911
90 100 748 0.999252 0.00236027 -0.0386054 0.963886 -0.00297218 0.999871 -0.0158007 -0.0568999 0.0385632 0.0159036 0.99913 0.260165
90 101 625 0.999392 -0.00693487 -0.0341818 0.936185 0.00630726 0.99981 -0.0184346 -0.101415 0.0343031 0.0182078 0.999246 0.336559
90 102 630 0.999662 -0.00778849 -0.0248009 0.946697 0.00719298 0.999686 -0.0240111 -0.170728 0.0249801 0.0238246 0.999404 0.273163
90 103 597 0.999813 -0.0116848 -0.0154104 0.946321 0.011232 0.999512 -0.029146 -0.141808 0.0157434 0.0289675 0.999456 0.29046
90 104 599 0.999472 -0.00428664 -0.0322097 0.9471 0.00363656 0.999789 -0.0202143 -0.251504 0.0322895 0.0200865 0.999277 0.199369
105 106 10 0.999996 -0.00187582 0.00209494 0.778775 0.00188559 0.999987 -0.00467019 0.0695104 -0.00208615 0.00467413 0.999987 -0.623441
105 107 719 0.999975 0.00221326 -0.0066516 0.892068 -0.00220401 0.999997 0.00139778 -0.408693 0.00665467 -0.00138308 0.999977 -0.192834
105 108 115 0.99997 0.00601489 0.00495761 0.917751 -0.00596498 0.999932 -0.0100211 -0.179903 -0.00501754 0.00999123 0.999937 -0.354073
105 109 763 0.999916 0.0118851 0.00516832 0.814515 -0.0118444 0.999899 -0.0078253 -0.307303 -0.00526081 0.00776343 0.999956 -0.492068
105 110 162 0.999716 0.00579519 0.0231223 0.436175 -0.00541939 0.999853 -0.0162822 0.0722169 -0.0232132 0.0161523 0.9996 -0.896959
105 111 232 0.999757 0.00427013 0.021624 0.537494 -0.00392095 0.999862 -0.0161648 0.0114606 -0.02169 0.0160761 0.999635 -0.843189
105 112 739 0.999945 0.00831261 -0.00631873 0.9322 -0.0084413 0.999752 -0.0206213 0.103679 0.00614574 0.0206735 0.999767 -0.346776
105 113 727 0.999959 0.00718464 -0.00556533 0.871057 -0.00730912 0.999716 -0.0226809 0.0836362 0.00540079 0.0227206 0.999727 -0.484009
105 114 653 0.999726 0.00586105 -0.0226453 0.890967 -0.00634552 0.999751 -0.0213816 0.101247 0.0225144 0.0215194 0.999515 -0.442635
105 115 426 0.999444 0.00936435 0.0320106 0.316213 -0.00902309 0.999901 -0.0107888 0.035666 -0.0321084 0.0104939 0.999429 -0.948018
105 116 690 0.999858 0.0119142 -0.0119425 0.807791 -0.0120552 0.999858 -0.011801 0.0626676 0.0118002 0.0119433 0.999859 -0.586128
105 117 595 0.999857 0.0116931 0.0122459 0.647237 -0.0116378 0.999922 -0.00457293 0.0329154 -0.0122984 0.00442976 0.999915 -0.761578
105 118 638 0.99962 0.0125115 -0.0245733 0.866366 -0.0128817 0.999805 -0.0149624 0.195691 0.0243813 0.0152732 0.999586 -0.459473
105 119 613 0.999907 0.011512 0.00727695 0.735978 -0.0115055 0.999933 -0.000934644 0.0850375 -0.00728722 0.000850833 0.999973 -0.671644
120 121 52 0.999996 0.00141849 -0.00242047 0.447436 -0.0014137 0.999997 0.00198085 0.479271 0.00242327 -0.00197742 0.999995 -0.75505
120 122 51 0.999942 0.00848596 0.00667234 0.109246 -0.0085743 0.999874 0.0133243 -0.0255026 -0.00655843 -0.0133808 0.999889 -0.993687
120 123 727 0.999734 0.0174107 -0.0151461 0.912444 -0.0173583 0.999843 0.00358383 0.331477 0.0152061 -0.00331996 0.999879 -0.239936
120 124 674 0.99977 0.0200518 -0.00761567 0.886128 -0.0200264 0.999794 0.00339298 0.271016 0.00768213 -0.00323969 0.999965 -0.375936
120 125 683 0.999598 0.0282286 -0.00262805 0.789818 -0.0282003 0.99955 0.0102505 0.0439664 0.00291623 -0.0101723 0.999944 -0.611764
120 126 688 0.999537 0.0303795 0.00156475 0.738508 -0.0303772 0.999537 -0.00147824 0.279589 -0.00160894 0.00143002 0.999998 -0.613543
120 127 658 0.999619 0.0258501 0.00967306 0.430546 -0.0257989 0.999653 -0.00538231 0.312227 -0.00980884 0.00513071 0.999939 -0.846844
120 128 690 0.999521 0.028213 -0.0127281 0.641092 -0.0283623 0.999529 -0.0117064 0.358656 0.0123919 0.0120618 0.99985 -0.678503
120 129 688 0.999046 0.0348388 -0.0263437 0.70675 -0.0353858 0.999162 -0.0205905 0.442688 0.0256043 0.021503 0.999441 -0.551844
120 130 674 0.998938 0.0323101 -0.0328369 0.693007 -0.0331688 0.999113 -0.0259495 0.464505 0.0319693 0.0270111 0.999124 -0.551341
120 131 659 0.999201 0.0370013 -0.0150794 0.424036 -0.0370051 0.999315 2.70826e-05 0.175698 0.0150701 0.000530953 0.999886 -0.888439
120 132 656 0.997784 0.0426096 -0.0511 0.706444 -0.0441113 0.998616 -0.0286272 0.483355 0.0498096 0.0308179 0.998283 -0.517015
120 133 628 0.998838 0.0366902 -0.0312543 0.565641 -0.036804 0.999318 -0.00307278 0.30578 0.0311202 0.00421949 0.999507 -0.765865
120 134 613 0.998852 0.0385934 -0.0283605 0.427612 -0.0385637 0.999255 0.00159458 0.261445 0.0284009 -0.000499067 0.999596 -0.865329
135 136 17 1 -0.000424183 -0.000468382 -0.113651 0.000425703 0.999995 0.00325098 -0.0546452 0.000467 -0.00325118 0.999995 0.992017
135 137 15 0.99997 0.0015888 -0.00752976 0.876824 -0.001596 0.999998 -0.000949424 0.459387 0.00752824 0.000961413 0.999971 -0.141925
135 138 64 0.999951 0.00152508 -0.00978578 0.456936 -0.0014932 0.999994 0.00326337 0.0966768 0.00979069 -0.0032486 0.999947 -0.88423
135 139 280 0.999919 0.00347983 -0.0122573 0.347019 -0.00341915 0.999982 0.00496785 0.252884 0.0122744 -0.00492553 0.999913 -0.903121
135 140 274 0.999966 0.000158368 -0.00827299 0.17838 -0.000100577 0.999976 0.00698549 0.183411 0.00827389 -0.00698442 0.999941 -0.966717
135 141 761 0.999412 0.00955306 -0.0329365 0.71706 -0.00993541 0.999885 -0.0114647 0.563841 0.0328231 0.0117851 0.999392 -0.409765
135 142 736 0.998716 0.013243 -0.0488988 0.759146 -0.0138345 0.999835 -0.0117771 0.459717 0.0487347 0.0124385 0.998734 -0.460824
135 143 726 0.998048 0.0151465 -0.0605933 0.745224 -0.0165136 0.999619 -0.022125 0.562411 0.0602351 0.0230824 0.997917 -0.358239
135 144 693 0.999428 0.0149252 -0.0303384 0.45818 -0.0145055 0.999797 0.0140096 0.197011 0.0305413 -0.0135615 0.999442 -0.866752
135 145 698 0.997438 0.0198341 -0.0687351 0.712258 -0.0213352 0.999548 -0.0211753 0.581689 0.0682841 0.0225875 0.99741 -0.392845
135 146 690 0.998318 0.0210134 -0.0540365 0.669679 -0.0204551 0.999732 0.0108653 0.341815 0.0542503 -0.00974174 0.99848 -0.659312
135 147 655 0.998651 0.0276973 -0.0439116 0.518946 -0.0264756 0.999253 0.0281656 0.217869 0.0446589 -0.026965 0.998638 -0.826576
135 148 649 0.998306 0.0343401 -0.0469741 0.547545 -0.0327748 0.998895 0.0336968 0.231757 0.0480793 -0.0321002 0.998328 -0.804042
135 149 606 0.996307 0.0381802 -0.0769089 0.70987 -0.0367487 0.999126 0.0199429 0.390656 0.0776031 -0.0170429 0.996839 -0.586066
150 151 33 0.999909 0.0124648 -0.00509527 0.599767 -0.0124527 0.99992 0.00238931 0.781503 0.00512464 -0.00232565 0.999984 0.171847
150 152 549 0.999174 0.0317273 -0.0253812 0.673495 -0.0322828 0.999241 -0.0217862 0.730093 0.0246707 0.0225876 0.99944 0.11562
150 153 31 0.999681 0.0234667 -0.00930721 0.874845 -0.0234378 0.99972 0.00320016 0.480646 0.0093797 -0.002981 0.999952 0.0602085
150 154 71 0.999919 0.0126611 -0.00105795 0.0119043 -0.0126495 0.999867 0.0102959 0.431075 0.00118817 -0.0102817 0.999946 -0.902237
150 155 500 0.998888 0.0259248 -0.0393821 0.912259 -0.0257191 0.999653 0.0057215 0.327415 0.0395168 -0.00470226 0.999208 -0.246136
150 156 481 0.998234 0.0305149 -0.0509715 0.867171 -0.0308345 0.999509 -0.00549506 0.483876 0.0507788 0.00705703 0.998685 -0.117804
150 157 470 0.99867 0.0324697 -0.0400607 0.884836 -0.0321669 0.999449 0.00818078 0.296998 0.0403042 -0.00688127 0.999164 -0.358966
150 158 244 0.999012 0.0387414 -0.0217581 0.627441 -0.0383014 0.99906 0.0202864 0.0644612 0.0225236 -0.019433 0.999557 -0.775991
150 159 440 0.998017 0.0318973 -0.0542715 0.857481 -0.0316714 0.999486 0.00501674 0.303608 0.0544036 -0.00328793 0.998514 -0.415389
150 160 128 0.999525 0.0253536 -0.0175351 0.306026 -0.0251433 0.999611 0.0121092 0.412423 0.0178353 -0.0116625 0.999773 -0.858053
150 161 416 0.998098 0.0364347 -0.0497369 0.59986 -0.0358966 0.999287 0.0116708 0.220377 0.0501267 -0.00986326 0.998694 -0.769157
150 162 410 0.998222 0.0360653 -0.0474619 0.574002 -0.0355026 0.99929 0.0126478 0.338028 0.0478843 -0.0109403 0.998793 -0.745828
150 163 388 0.996681 0.045122 -0.0677561 0.706316 -0.0445087 0.998953 0.0105338 0.35352 0.0681605 -0.00748307 0.997646 -0.613303
150 164 419 0.994062 0.0491718 -0.097076 0.776478 -0.0497029 0.998759 -0.0030588 0.443044 0.0968051 0.00786559 0.995272 -0.448101
165 166 17 0.999959 0.00717573 -0.00544737 0.396882 -0.00714241 0.999956 0.00611161 0.201426 0.00549098 -0.00607246 0.999966 -0.895496
165 167 22 0.999853 0.00954307 -0.014248 0.789493 -0.00943205 0.999925 0.00783867 0.0471051 0.0143217 -0.00770313 0.999868 -0.61195
165 168 274 0.999706 0.0131107 -0.0204041 0.685197 -0.0130889 0.999914 0.00119853 0.514719 0.0204181 -0.00093111 0.999791 -0.515334
165 169 570 0.999449 0.0202862 -0.0262708 0.685406 -0.0201182 0.999776 0.00664153 0.266777 0.0263996 -0.00610934 0.999633 -0.677531
165 170 727 0.999554 0.014687 -0.0260085 0.389647 -0.0145999 0.999887 0.0035363 0.278178 0.0260575 -0.003155 0.999655 -0.877948
165 171 794 0.998704 0.0218154 -0.0459832 0.728683 -0.0219278 0.999758 -0.00194155 0.408244 0.0459297 0.00294735 0.99894 -0.54987
165 172 776 0.998366 0.0231405 -0.0522536 0.754503 -0.0232686 0.999728 -0.00184404 0.364947 0.0521966 0.00305689 0.998632 -0.545471
165 173 732 0.998846 0.0179576 -0.0445465 0.507445 -0.0179465 0.999839 0.000649273 0.306882 0.044551 0.000150931 0.999007 -0.805185
165 174 770 0.997798 0.0231204 -0.0621622 0.654966 -0.0230642 0.999733 0.0016217 0.32108 0.0621831 -0.00018441 0.998065 -0.684053
165 175 701 0.998109 0.0270309 -0.0552079 0.534105 -0.0267747 0.999627 0.00537484 0.291512 0.0553326 -0.0038865 0.99846 -0.79357
165 176 719 0.996986 0.0367932 -0.0683005 0.663871 -0.0365214 0.999319 0.00522434 0.274222 0.0684462 -0.00271417 0.997651 -0.695757
165 177 713 0.996003 0.0447959 -0.0772768 0.687988 -0.0459538 0.998855 -0.01327 0.43694 0.0765939 0.0167681 0.996921 -0.579444
165 178 684 0.994915 0.0585196 -0.0819765 0.75965 -0.058512 0.998284 0.00249831 0.243936 0.081982 0.002311 0.996631 -0.602849
165 179 640 0.99581 0.0662383 -0.0630472 0.589156 -0.0659794 0.997802 0.00618167 0.187795 0.0633181 -0.00199595 0.997991 -0.785894
180 181 21 0.99998 0.00622546 0.00067195 -0.033375 -0.00622602 0.99998 0.000833102 -0.225642 -0.00066675 -0.000837269 0.999999 -0.973638
180 182 737 0.999848 0.0098428 -0.014377 0.890004 -0.0100169 0.999877 -0.012085 0.435724 0.0142562 0.0122272 0.999824 -0.134305
180 183 837 0.999829 0.0140577 -0.0119954 0.743199 -0.0142611 0.999753 -0.0170406 0.430642 0.0117528 0.0172088 0.999783 -0.512057
180 184 876 0.999758 0.0158998 -0.0151777 0.717752 -0.0161501 0.999733 -0.016511 0.275768 0.0149111 0.0167521 0.999748 -0.639362
180 185 729 0.999801 0.0174435 -0.00965007 0.473916 -0.0175846 0.999737 -0.0147363 0.156315 0.00939048 0.0149031 0.999845 -0.866585
180 186 874 0.999403 0.0252323 -0.0236085 0.655578 -0.0255997 0.999554 -0.0153905 0.176632 0.0232096 0.0159857 0.999603 -0.734179
180 187 831 0.999478 0.0244073 -0.0211437 0.636264 -0.0248992 0.999418 -0.0233205 0.26896 0.0205622 0.0238348 0.999504 -0.723069
180 188 815 0.999401 0.0295578 -0.0179768 0.545142 -0.0299677 0.999287 -0.0229742 0.197868 0.017285 0.0234992 0.999574 -0.814658
180 189 803 0.998961 0.0275513 -0.0362977 0.636854 -0.0286243 0.999158 -0.0293798 0.265117 0.0354577 0.0303883 0.998909 -0.723968
180 190 793 0.997323 0.0199136 -0.0703616 0.772806 -0.0237203 0.998276 -0.0536875 0.458329 0.0691712 0.0552127 0.996076 -0.438982
180 191 766 0.997326 0.021711 -0.0697786 0.749822 -0.0244795 0.998937 -0.0390687 0.310092 0.0688561 0.0406723 0.996797 -0.584475
180 192 767 0.997273 0.0268783 -0.0687328 0.726567 -0.0293732 0.998936 -0.0355493 0.267363 0.0677041 0.0374712 0.997002 -0.632943
180 193 758 0.995836 0.0264506 -0.08724 0.766556 -0.0302755 0.998624 -0.0428149 0.289285 0.0859875 0.0452779 0.995267 -0.573329
180 194 670 0.997431 0.0249482 -0.0671446 0.601556 -0.0272901 0.999043 -0.0341911 0.249651 0.0662273 0.0359357 0.997157 -0.758818
195 196 584 0.999798 0.00413359 -0.0196526 0.617522 -0.00367614 0.999723 0.0232567 -0.722861 0.0197433 -0.0231797 0.999536 -0.310062
195 197 51 0.999778 -0.00651439 -0.0200215 0.635062 0.00678534 0.999886 0.0134949 0.254752 0.0199313 -0.0136277 0.999708 -0.729245
195 198 688 0.998866 -0.00423007 -0.0474131 0.921305 0.00535782 0.999705 0.0236837 0.0254932 0.0472989 -0.0239109 0.998595 -0.388005
195 199 675 0.997388 -0.00465728 -0.0720775 0.937732 0.00654646 0.999641 0.0259963 0.097083 0.0719306 -0.0264003 0.99706 -0.333516
195 200 627 0.997801 0.00440366 -0.0661328 0.820493 -0.00122377 0.998844 0.0480471 -0.157941 0.066268 -0.0478605 0.996653 -0.549405
195 201 617 0.997881 0.00979194 -0.0643213 0.921997 -0.00688959 0.998955 0.0451904 -0.144692 0.0646966 -0.0446515 0.996906 -0.359145
195 202 651 0.996968 0.0162867 -0.0760872 0.87602 -0.0128287 0.998872 0.0457177 -0.104586 0.0767459 -0.0446029 0.996053 -0.470798
195 203 607 0.996124 0.0179434 -0.0861071 0.88451 -0.0134748 0.998546 0.0521997 -0.0904601 0.0869185 -0.0508371 0.994917 -0.457667
195 204 586 0.9945 0.0277894 -0.100981 0.941414 -0.0219679 0.998057 0.0583107 -0.158166 0.102405 -0.0557716 0.993178 -0.297865
195 205 566 0.997291 0.0326928 -0.065887 0.718104 -0.0293837 0.998288 0.0505824 -0.158867 0.0674278 -0.0485094 0.996544 -0.677561
195 206 579 0.989532 0.0407397 -0.138441 0.947363 -0.0323404 0.997528 0.0623886 -0.17174 0.14064 -0.0572584 0.988404 -0.270203
195 207 560 0.996508 0.0381822 -0.0742594 0.759971 -0.0343036 0.998015 0.0528218 -0.186709 0.0761288 -0.05009 0.995839 -0.622562
195 208 536 0.996082 0.0499303 -0.0729858 0.782093 -0.046239 0.997606 0.0514196 -0.171945 0.0753784 -0.0478434 0.996007 -0.598971
195 209 546 0.987759 0.0470445 -0.148722 0.974785 -0.0403817 0.998054 0.0475086 -0.0843704 0.150668 -0.0409214 0.987737 -0.206582
210 211 16 0.999967 0.00717205 0.00369244 -0.54391 -0.00717059 0.999974 -0.000409671 0.302692 -0.00369528 0.00038318 0.999993 0.782649
210 212 69 0.999789 0.0177788 0.010245 0.402122 -0.017798 0.99984 0.00178842 -0.411184 -0.0102115 -0.00197038 0.999946 -0.818062
210 213 229 0.999901 0.0120343 0.00726677 0.753289 -0.012055 0.999923 0.00281326 -0.168478 -0.00723236 -0.00290059 0.99997 -0.635744
210 214 561 0.999932 0.0113804 0.00263004 0.808464 -0.0114008 0.999904 0.00788821 -0.0766307 -0.00254002 -0.00791766 0.999965 -0.583535
210 215 384 0.999948 -6.64139e-05 0.0101904 0.891534 -3.56833e-06 0.999976 0.00686731 0.01426 -0.0101906 -0.00686699 0.999924 -0.452729
210 216 394 0.99989 -0.00600814 0.0135327 0.705827 0.00584342 0.999909 0.0121793 -0.0276332 -0.0136046 -0.0120989 0.999834 -0.707845
210 217 625 0.999772 -0.0142409 -0.0158833 0.912202 0.0144754 0.999786 0.0147485 0.0858585 0.0156698 -0.014975 0.999765 -0.400644
210 218 356 0.999686 -0.00617026 0.0242758 0.582838 0.00542264 0.999513 0.0307431 -0.0282111 -0.0244536 -0.0306018 0.999232 -0.812099
210 219 628 0.999889 -0.0141676 0.00454771 0.811099 0.0139781 0.99913 0.0392956 -0.118144 -0.00510047 -0.0392276 0.999217 -0.572853
210 220 402 0.999735 -0.00563106 0.022327 0.66987 0.00464604 0.999024 0.0439268 -0.151925 -0.0225525 -0.0438114 0.998785 -0.726769
210 221 554 0.999896 -0.0121718 -0.00767528 0.925116 0.0124713 0.999111 0.0402667 -0.133114 0.00717834 -0.0403583 0.999159 -0.355585
210 222 646 0.999944 0.000754063 -0.0105955 0.892976 -0.000343942 0.999253 0.0386557 -0.155474 0.0106167 -0.0386499 0.999196 -0.422399
210 223 630 0.999846 -0.0072566 -0.0159574 0.9351 0.00772793 0.99953 0.0296757 -0.0521233 0.0157346 -0.0297945 0.999432 -0.35053
210 224 204 0.998553 -0.0152264 0.0515812 0.566046 0.0140552 0.999637 0.0229929 0.00732773 -0.0519125 -0.0222347 0.998404 -0.824341
225 226 149 0.999923 0.00788669 -0.00956725 0.69668 -0.00780063 0.999929 0.00899884 -0.704143 0.00963754 -0.00892352 0.999914 -0.137186
225 227 513 0.99983 0.0138257 -0.0122 0.706334 -0.013772 0.999895 0.00447379 -0.440215 0.0122606 -0.00430501 0.999916 -0.554349
225 228 341 0.999777 0.0202177 -0.00616524 0.746129 -0.0202483 0.999783 -0.00493396 -0.182979 0.00606415 0.00505769 0.999969 -0.640164
225 229 588 0.999831 0.0130198 -0.012966 0.863322 -0.0131596 0.999856 -0.0107543 0.122117 0.0128241 0.0109231 0.999858 -0.489656
225 230 235 0.999797 0.019091 -0.00643786 0.773677 -0.0191045 0.999815 -0.00203988 -0.211176 0.00639773 0.00216246 0.999977 -0.597351
225 231 142 0.999573 0.0287414 0.00529676 0.545527 -0.0286937 0.999549 -0.0088742 -0.272047 -0.00554943 0.00871842 0.999947 -0.792711
225 232 132 0.999672 0.0235655 0.0100684 0.658195 -0.0233775 0.999557 -0.0183972 -0.0952109 -0.0104975 0.0181558 0.99978 -0.746803
225 233 672 0.99944 0.0298769 -0.0150696 0.882873 -0.0300833 0.999454 -0.0136554 -0.268982 0.0146534 0.0141011 0.999793 -0.384947
225 234 159 0.999851 0.0170532 0.0026329 0.815259 -0.01698 0.999525 -0.0257039 -0.165594 -0.00306999 0.0256554 0.999666 -0.554915
225 235 740 0.999125 0.0034602 -0.0416921 0.982176 -0.00461527 0.999607 -0.0276405 -0.0671294 0.04158 0.0278088 0.998748 -0.175567
225 236 732 0.998667 0.0148103 -0.0494535 0.952756 -0.0157835 0.999688 -0.0193473 -0.203912 0.0491516 0.020102 0.998589 -0.225113
225 237 276 0.999408 0.0340383 -0.0049133 0.78141 -0.0341542 0.999083 -0.0258387 -0.338281 0.00402929 0.0259912 0.999654 -0.524371
225 238 692 0.998655 0.0288588 -0.0430823 0.945847 -0.02979 0.999333 -0.0211323 -0.251837 0.0424437 0.0223873 0.998848 -0.20482
225 239 689 0.998306 0.0206319 -0.0544013 0.993761 -0.0226748 0.99905 -0.0372054 -0.0345669 0.053582 0.0383759 0.997826 -0.106037
240 241 20 0.999989 0.00457354 -0.00139312 -0.412417 -0.00457715 0.999986 -0.00260428 0.435408 0.00138119 0.00261062 0.999996 0.800208
240 242 45 0.999911 0.00735267 -0.011154 0.860317 -0.00738544 0.999969 -0.00289907 -0.289435 0.0111323 0.00298119 0.999934 0.419621
240 243 277 0.999796 0.00995819 -0.0175754 0.86237 -0.0101098 0.999912 -0.0085605 -0.107599 0.0174886 0.00873644 0.999809 0.494712
240 244 738 0.999489 0.00562483 -0.0314632 0.913813 -0.00620218 0.999814 -0.0182823 0.104382 0.0313545 0.0184681 0.999338 0.392492
240 245 357 0.999705 0.0196093 -0.0143513 0.808651 -0.0197897 0.999726 -0.0125392 -0.258627 0.0141015 0.0128195 0.999818 0.528389
240 246 484 0.999704 0.0112023 -0.0215944 0.944445 -0.0116623 0.999705 -0.0212976 -0.0477747 0.0213495 0.0215431 0.99954 0.325177
240 247 543 0.999631 0.00886868 -0.0256802 0.975722 -0.00932264 0.999801 -0.0176117 -0.0295221 0.0255189 0.0178446 0.999515 0.217012
240 248 665 0.999644 0.0124431 -0.0236175 0.952432 -0.0127378 0.999842 -0.0123689 -0.00807486 0.0234599 0.0126654 0.999645 0.304645
240 249 629 0.999437 0.0125899 -0.0311142 0.923925 -0.0130169 0.999823 -0.0135573 0.0704289 0.030938 0.0139546 0.999424 0.376034
240 250 577 0.999674 0.0101803 -0.0234116 0.929797 -0.0104048 0.999901 -0.00949125 0.0483516 0.0233126 0.00973175 0.999681 0.364884
240 251 518 0.999303 0.037333 -0.000110693 0.928767 -0.0373303 0.999258 0.00949032 -0.1421 0.000464913 -0.00947957 0.999955 0.342345
240 252 566 0.999826 0.0173978 -0.0067329 0.8914 -0.0173966 0.999849 0.000227017 0.0220784 0.00673583 -0.000109848 0.999977 0.452679
240 253 534 0.999946 -0.00187364 -0.0102643 0.901593 0.00181445 0.999982 -0.00577236 0.0764999 0.0102749 0.00575342 0.999931 0.425767
240 254 573 0.999929 0.000496945 -0.011923 0.93148 -0.000509117 0.999999 -0.00101787 0.04071 0.0119225 0.00102387 0.999928 0.361506
255 256 24 0.999976 -0.00464727 -0.00516323 0.794911 0.0046832 0.999965 0.00696821 -0.60636 0.00513067 -0.00699222 0.999962 0.021066
255 257 277 0.999799 -0.0179424 -0.00895559 0.913567 0.0179427 0.999839 -4.74943e-05 0.351438 0.008955 -0.000113203 0.99996 0.20466
255 258 765 0.999785 -0.019614 -0.00666668 0.774975 0.0196491 0.999793 0.00524035 0.0161045 0.00656252 -0.00537022 0.999964 0.631786
255 259 534 0.999772 -0.0202773 -0.00673911 0.84332 0.0202997 0.999789 0.00327162 -0.0101157 0.00667135 -0.00340767 0.999972 0.537316
255 260 740 0.999614 -0.0220976 -0.0168533 0.896134 0.0219994 0.99974 -0.00599551 0.203728 0.0169814 0.00562243 0.99984 0.394257
255 261 684 0.999937 -0.0104863 -0.0039892 0.865067 0.0105136 0.999921 0.00686716 -0.122437 0.00391688 -0.00690867 0.999968 0.486485
255 262 680 0.999675 -0.0208333 -0.0146751 0.932424 0.0207996 0.999781 -0.00244151 0.104335 0.0147227 0.00213548 0.999889 0.345978
255 263 477 0.99973 -0.0222293 -0.00674191 0.777441 0.0222897 0.999711 0.0090136 0.0221528 0.00653959 -0.00916144 0.999937 0.628565
255 264 713 0.999038 -0.0284581 -0.0333737 0.840997 0.0284939 0.999594 0.000597363 0.109901 0.0333432 -0.00154773 0.999443 0.52976
255 265 742 0.999145 -0.0265934 -0.0316711 0.819538 0.0265262 0.999645 -0.00253807 0.142572 0.0317273 0.00169579 0.999495 0.555005
255 266 710 0.998827 -0.0328146 -0.0356138 0.852817 0.0327494 0.999461 -0.002412 0.128691 0.0356737 0.00124284 0.999363 0.506105
255 267 667 0.998972 -0.0295406 -0.0343912 0.757719 0.0295237 0.999564 -0.000998581 0.0761932 0.0344057 -1.78009e-05 0.999408 0.648118
255 268 632 0.998894 -0.0306389 -0.0356692 0.796021 0.0306002 0.99953 -0.00162975 0.0347886 0.0357024 0.000536461 0.999362 0.604269
255 269 650 0.997465 -0.034708 -0.0621242 0.824397 0.0335092 0.999234 -0.0202356 0.16375 0.0627789 0.0181025 0.997863 0.541808
270 271 169 0.99993 0.00080906 -0.0117798 0.835137 -0.000738161 0.999982 0.00602185 -0.228149 0.0117844 -0.00601274 0.999912 0.500493
270 272 719 0.999856 0.00505626 -0.0162292 0.815085 -0.00508236 0.999986 -0.00156736 0.0357242 0.0162211 0.00164962 0.999867 0.578239
270 273 695 0.999929 0.0101041 -0.00639296 0.747249 -0.0100971 0.999948 0.00113881 -0.006241 0.00640414 -0.00107418 0.999979 0.664514
270 274 747 0.999888 0.0125567 -0.00818105 0.761868 -0.0124923 0.999891 0.00787001 -0.168155 0.00827898 -0.00776693 0.999936 0.625524
270 275 730 0.999863 0.00808388 -0.0144162 0.746015 -0.00805523 0.999965 0.00204484 -0.0250298 0.0144323 -0.00192844 0.999894 0.665459
270 276 704 0.999794 0.0144686 -0.0142649 0.815833 -0.0142949 0.999823 0.0122088 -0.176709 0.014439 -0.0120023 0.999824 0.550628
270 277 656 0.999907 0.0105343 -0.00861479 0.718919 -0.0104668 0.999914 0.00784285 -0.108414 0.00869667 -0.00775195 0.999932 0.686587
270 278 644 0.999841 0.0119493 -0.0132231 0.749861 -0.011819 0.999881 0.00988568 -0.124442 0.0133397 -0.00972782 0.999864 0.649787
270 279 578 0.999861 0.0110794 -0.0124641 0.778183 -0.0109437 0.999881 0.0109071 -0.0977452 0.0125835 -0.0107692 0.999863 0.620385
270 280 565 0.999824 0.0185807 -0.00265759 0.707223 -0.0185304 0.99967 0.0178175 -0.139162 0.00298777 -0.0177651 0.999838 0.693159
270 281 620 0.999732 0.0173111 -0.0153898 0.755601 -0.0172149 0.999832 0.00636362 -0.0366005 0.0154974 -0.00609698 0.999861 0.654009
270 282 572 0.999757 0.0196739 -0.00993525 0.761426 -0.0195699 0.999754 0.0104676 -0.0648545 0.0101387 -0.0102707 0.999896 0.645
270 283 585 0.999761 0.0206642 -0.00713045 0.74242 -0.0205649 0.999694 0.0137333 -0.0905429 0.00741206 -0.0135833 0.99988 0.663788
270 284 561 0.999672 0.0196538 -0.016391 0.788849 -0.019511 0.999771 0.00882687 -0.0728155 0.0165607 -0.00850418 0.999827 0.610258
285 286 138 0.999995 -0.00019148 0.00319891 0.392331 0.000204031 0.999992 -0.00392359 0.0287794 -0.00319814 0.00392422 0.999987 0.919374
285 287 747 0.999995 0.00263553 -0.00143743 0.609554 -0.00263347 0.999996 0.0014321 -0.529486 0.0014412 -0.00142831 0.999998 0.58999
285 288 404 0.999994 0.00336812 -0.000391501 0.856377 -0.00336991 0.999984 -0.0046508 -0.309333 0.00037583 0.0046521 0.999989 0.413438
285 289 488 0.999971 0.005478 0.00535828 0.603564 -0.00545216 0.999973 -0.0048258 -0.33367 -0.00538457 0.00479645 0.999974 0.724137
285 290 786 0.999932 0.00827591 -0.00827283 0.78614 -0.00834746 0.999928 -0.00865186 -0.271054 0.00820063 0.00872033 0.999928 0.55544
285 291 760 0.999859 0.0162801 -0.00420074 0.773362 -0.0163169 0.999828 -0.00886727 -0.3234 0.00405565 0.00893456 0.999952 0.545274
285 292 766 0.999782 0.0145661 -0.0149658 0.877261 -0.0147744 0.999794 -0.013905 -0.177494 0.0147602 0.014123 0.999791 0.445992
285 293 691 0.999868 0.0142322 -0.0078423 0.748585 -0.0143661 0.999747 -0.0172908 -0.218838 0.00759423 0.0174012 0.99982 0.625884
285 294 723 0.999586 0.0224761 -0.0179496 0.797979 -0.0226386 0.999704 -0.00890092 -0.35732 0.0177442 0.00930359 0.999799 0.485337
285 295 651 0.999487 0.0310652 -0.00782855 0.743522 -0.0311694 0.999422 -0.013564 -0.312161 0.00740266 0.013801 0.999877 0.591381
285 296 565 0.999278 0.0346451 -0.0156011 0.744048 -0.0349926 0.999132 -0.022583 -0.194468 0.0148052 0.0231126 0.999623 0.639199
285 297 624 0.998942 0.0434449 -0.0150898 0.787926 -0.0437596 0.998817 -0.0211946 -0.269979 0.0141511 0.0218325 0.999661 0.553429
285 298 568 0.998866 0.0446806 -0.016429 0.775042 -0.0449911 0.998806 -0.0190455 -0.234449 0.0155584 0.0197631 0.999684 0.586807
285 299 596 0.998437 0.0467667 -0.0305922 0.826712 -0.0473724 0.998689 -0.0193843 -0.225032 0.0296456 0.0208032 0.999344 0.515662
300 301 19 0.999999 0.00131195 0.000216241 0.317338 -0.00131188 0.999999 -0.000310193 -0.150268 -0.000216647 0.000309909 1 -0.936331
300 302 71 0.999847 -1.4189e-05 -0.0175008 0.941539 2.5754e-05 1 0.000660601 -0.153789 0.0175008 -0.000660951 0.999847 0.299756
300 303 313 0.999765 -0.000932822 -0.0216678 0.967128 0.000817143 0.999985 -0.00534701 0.119954 0.0216725 0.00532805 0.999751 0.224219
300 304 706 0.99954 -0.00126435 -0.0302856 0.989972 0.00119016 0.999996 -0.00246747 0.0593948 0.0302886 0.00243029 0.999538 0.128168
300 305 640 0.999555 0.00328047 -0.0296517 0.949997 -0.00330092 0.999994 -0.00064089 0.0112094 0.0296494 0.000738483 0.99956 0.312059
300 306 697 0.999232 0.0066301 -0.0386297 0.973719 -0.00672041 0.999975 -0.00220841 0.0526864 0.0386141 0.00246632 0.999251 0.221577
300 307 738 0.998476 0.0108939 -0.0541041 0.972392 -0.0111811 0.999925 -0.00500834 0.118109 0.0540455 0.00560565 0.998523 0.201255
300 308 714 0.998719 0.00949357 -0.049695 0.957284 -0.00979016 0.999936 -0.00572811 0.160527 0.0496375 0.00620729 0.998748 0.240496
300 309 501 0.999308 0.0160556 -0.0335623 0.969441 -0.0159015 0.999862 0.00485241 -0.0603971 0.0336356 -0.00431536 0.999425 0.237775
300 310 610 0.998899 0.0165807 -0.0438804 0.975038 -0.0162339 0.999834 0.00824776 -0.0415118 0.0440099 -0.00752633 0.999003 0.218124
300 311 531 0.999171 0.0180673 -0.0364813 0.967672 -0.0176384 0.999772 0.0120451 -0.108916 0.0366906 -0.0113917 0.999262 0.227483
300 312 598 0.997074 0.0176618 -0.0743768 0.988187 -0.0173696 0.999839 0.00457335 0.0399902 0.0744456 -0.00326807 0.99722 0.147942
300 313 536 0.998539 0.0241846 -0.0483281 0.972922 -0.02346 0.999605 0.0155048 -0.0647351 0.0486839 -0.0143484 0.998711 0.221885
300 314 451 0.99726 0.0369376 -0.0640994 0.967642 -0.0359838 0.999225 0.0159714 -0.0747619 0.0646397 -0.0136211 0.997816 0.240996
315 316 22 0.999982 0.00516114 0.00305049 -0.614608 -0.00514245 0.999968 -0.00610125 0.184809 -0.00308188 0.00608546 0.999977 -0.766879
315 317 59 0.999961 -0.00866445 0.0017808 0.273284 0.0086839 0.999899 -0.0112173 0.512333 -0.00168343 0.0112323 0.999935 -0.814144
315 318 11 0.999963 0.00818125 -0.00280757 -0.958828 -0.00821475 0.999893 -0.0121333 0.283271 0.00270801 0.0121559 0.999922 -0.0201421
315 319 83 0.99988 0.00810031 -0.0131821 0.923842 -0.00829646 0.999855 -0.0148936 0.00113955 0.0130595 0.0150012 0.999802 -0.382773
315 320 417 0.999469 0.017306 -0.0276119 0.994093 -0.0176702 0.999759 -0.013 -0.0969601 0.0273803 0.013481 0.999534 0.0487587
315 321 571 0.998519 0.0178453 -0.0513926 0.980819 -0.0192687 0.999441 -0.0273362 0.17998 0.0508761 0.0282859 0.998304 -0.0748408
315 322 544 0.998129 0.0356779 -0.0496583 0.993962 -0.0364395 0.99923 -0.0145162 -0.0994964 0.0491021 0.0162985 0.998661 0.0462497
315 323 460 0.997867 0.0461242 -0.0462059 0.995578 -0.0468193 0.998804 -0.0140756 -0.0740933 0.0455014 0.0162089 0.998833 -0.0577421
315 324 493 0.996492 0.0518775 -0.0656759 0.998207 -0.0527629 0.998537 -0.011818 -0.0425446 0.0649668 0.0152417 0.997771 -0.0420951
315 325 424 0.996673 0.0542891 -0.0607916 0.994034 -0.0549023 0.998456 -0.00846022 -0.0643485 0.0602384 0.0117697 0.998115 0.0880678
315 326 428 0.995879 0.0627059 -0.0655272 0.990716 -0.0634769 0.997936 -0.00974939 -0.0427673 0.0647806 0.0138687 0.997803 0.129044
315 327 440 0.994765 0.0621449 -0.0811177 0.994354 -0.0637358 0.997819 -0.0171712 0.0803313 0.0798736 0.0222514 0.996557 0.0693274
315 328 458 0.991989 0.0619301 -0.110104 0.988008 -0.0649357 0.997603 -0.023922 0.15289 0.108358 0.03088 0.993632 -0.0215504
