0 1 234 0.999997 -0.00236322 -0.000143255 0.323776 0.00236347 0.999996 0.00183296 -0.111352 0.000138923 -0.0018333 0.999998 0.939558
0 2 0 1 0 0 0 0 1 0 0 0 0 1 0
0 3 0 1 0 0 0 0 1 0 0 0 0 1 0
0 4 211 0.999992 -0.00399675 -9.79903e-05 0.234459 0.00399702 0.999988 0.00300206 -0.041108 8.59906e-05 -0.00300242 0.999995 0.971256
0 5 179 0.999989 -0.00471493 -0.000602689 -0.0166168 0.00471637 0.999986 0.00241206 0.0511632 0.000591308 -0.00241487 0.999997 -0.998552
0 6 0 1 0 0 0 0 1 0 0 0 0 1 0
0 7 219 0.99999 -0.00451096 0.000489816 0.0125777 0.00450984 0.999987 0.00226133 -0.0360607 -0.00050001 -0.0022591 0.999997 0.99927
0 8 11 0.999986 -0.00527889 -0.000977783 0.432112 0.00528285 0.999978 0.00409827 -0.726065 0.000956127 -0.00410338 0.999991 0.534892
0 9 83 0.999991 -0.00418344 -0.000401295 -0.120712 0.00418439 0.999988 0.00239464 0.132696 0.000391273 -0.00239629 0.999997 0.983779
0 10 138 0.999987 -0.00328953 -0.00380038 0.492837 0.00330481 0.999986 0.00401989 -0.0642199 0.0037871 -0.0040324 0.999985 0.867748
0 11 3541 0.999659 -0.00341539 -0.0258894 0.846711 0.00387929 0.999832 0.0178898 -0.509919 0.0258239 -0.0179842 0.999505 0.151864
0 12 94 0.999997 -0.00119851 -0.00222083 -0.496778 0.00120447 0.999996 0.00268395 0.19366 0.0022176 -0.00268662 0.999994 -0.845995
0 13 380 0.999979 0.0065109 -0.000616646 0.197468 -0.00650891 0.999974 0.00318933 -0.00233853 0.000637395 -0.00318525 0.999995 0.980307
0 14 238 0.999956 0.00902716 0.00241946 -0.04524 -0.00903499 0.999954 0.00324432 -0.0171304 -0.00239006 -0.00326604 0.999992 0.998829
15 16 16 1 2.87653e-12 4.51417e-12 -0.667962 -2.87656e-12 1 3.44891e-13 0.267858 -4.51428e-12 -3.44835e-13 1 0.69432
15 17 228 0.999999 0.0010032 -0.000280974 -0.52504 -0.00100318 0.999999 6.18918e-05 0.270808 0.000281036 -6.16099e-05 1 -0.806843
15 18 39 0.999951 0.00298352 -0.00938884 0.856797 -0.00298568 0.999996 -0.000216247 0.14902 0.00938815 0.000244268 0.999956 0.493651
15 19 154 0.999982 0.00601251 0.000791559 0.158803 -0.00601329 0.999981 0.000992529 0.177024 -0.000785577 -0.000997271 0.999999 0.971311
15 20 331 0.999979 0.00633962 0.00102581 0.0977208 -0.00634243 0.999976 0.00276427 -0.0828806 -0.00100827 -0.00277072 0.999996 0.991757
15 21 384 0.999983 0.0050682 0.0027545 0.0586428 -0.00507407 0.999985 0.00212842 -0.125084 -0.00274367 -0.00214236 0.999994 0.990412
15 22 848 0.999897 0.00608102 -0.0129728 0.908541 -0.00593534 0.999919 0.0112389 -0.414019 0.0130401 -0.0111607 0.999853 0.0560416
15 23 530 0.999991 0.00423304 0.000880093 0.332197 -0.00423533 0.999988 0.0026173 -0.101679 -0.000869003 -0.002621 0.999996 0.937713
15 24 731 0.999989 0.00335322 0.00324019 0.0451898 -0.00336632 0.999986 0.00404458 -0.0781316 -0.00322658 -0.00405545 0.999987 0.995918
15 25 103 0.999965 0.00569996 -0.00604859 0.736386 -0.00563355 0.999924 0.01094 -0.436864 0.00611049 -0.0109055 0.999922 0.51661
15 26 1188 0.999986 0.00430133 0.00323509 0.0893142 -0.00430952 0.999988 0.00252639 -0.0729827 -0.00322419 -0.0025403 0.999992 0.993326
15 27 676 0.999904 0.00356797 0.0133758 -0.625601 -0.00353429 0.999991 -0.00254024 0.302318 -0.0133847 0.00249272 0.999907 0.719186
15 28 3399 0.999631 0.00491466 -0.0266967 0.906944 -0.00463892 0.999935 0.0103807 -0.243454 0.026746 -0.010253 0.99959 0.343778
15 29 3502 0.999479 0.00249569 -0.0321743 0.983391 -0.00236452 0.999989 0.00411448 -0.142934 0.0321842 -0.00403626 0.999474 0.111858
30 31 16 0.999999 0.00171705 9.93008e-05 -0.269821 -0.00171673 0.999993 -0.00319904 0.552641 -0.000104793 0.00319887 0.999995 -0.788533
30 32 40 0.999992 0.00208018 -0.00328637 0.65169 -0.00207665 0.999997 0.00107549 -0.516325 0.00328859 -0.00106865 0.999994 -0.555615
30 33 19 0.999984 -0.00432058 0.00364733 0.562788 0.00433333 0.999985 -0.0034951 -0.499381 -0.00363217 0.00351085 0.999987 0.658702
30 34 490 0.999959 -0.000185369 0.00905736 0.2972 0.000288145 0.999936 -0.0113472 -0.104727 -0.00905467 0.0113494 0.999895 0.949055
30 35 262 0.99993 -0.00272648 0.0115168 -0.00359978 0.00289034 0.999894 -0.0142356 -0.0480566 -0.0114768 0.0142679 0.999832 0.998838
30 36 3221 0.999944 0.0015261 -0.0105085 0.95801 -0.00159206 0.999979 -0.0062709 -0.26069 0.0104987 0.00628727 0.999925 -0.119408
30 37 68 0.999843 -0.00348127 0.017384 0.365329 0.0036746 0.999932 -0.0111013 -0.086712 -0.0173442 0.0111634 0.999787 -0.926831
30 38 151 0.999768 -0.0106548 0.0186935 0.18941 0.0108032 0.999911 -0.00785961 0.267193 -0.0186081 0.00805974 0.999794 -0.944845
30 39 3143 0.999961 -0.00681763 -0.00566352 0.972143 0.0068132 0.999976 -0.000799558 -0.217988 0.00566884 0.00076094 0.999984 -0.0861342
30 40 336 0.99978 -0.0164492 0.0130409 0.755001 0.0165793 0.999813 -0.00993391 0.416386 -0.0128751 0.0101479 0.999866 0.506553
30 41 128 0.999525 -0.00622608 0.0301665 0.235117 0.00617055 0.999979 0.00193346 -0.148822 -0.0301779 -0.0017464 0.999543 -0.960506
30 42 2933 0.999933 -0.00795122 0.00845479 0.919575 0.00788802 0.999941 0.00748233 -0.361365 -0.00851378 -0.00741513 0.999936 0.154264
30 43 18 0.999743 -0.0110339 0.0198022 0.908032 0.0111288 0.999927 -0.00468419 0.137459 -0.0197491 0.00490336 0.999793 0.395706
30 44 26 0.999839 -0.00711473 0.01645 0.962859 0.00711779 0.999975 -0.000127358 -0.0997212 -0.0164487 0.000244425 0.999865 -0.250913
45 46 63 0.999986 0.00473431 -0.00250356 0.452686 -0.00472191 0.999977 0.00493694 -0.138284 0.00252687 -0.00492505 0.999985 -0.880882
45 47 204 0.999915 0.0129003 0.0019862 0.0349492 -0.0129202 0.999863 0.0103477 -0.0297504 -0.00185244 -0.0103725 0.999944 0.998946
45 48 0 1 0 0 0 0 1 0 0 0 0 1 0
45 49 11 0.9998 0.0187298 0.0069748 0.792018 -0.0188361 0.999703 0.0154927 0.0573562 -0.00668255 -0.015621 0.999856 -0.607798
45 50 326 0.999817 0.0188484 0.00313242 0.0466713 -0.0188998 0.999672 0.0173043 -0.0243113 -0.00280523 -0.0173604 0.999845 0.998614
45 51 56 0.999713 0.0221412 -0.00913751 0.709814 -0.0220239 0.999676 0.0127358 0.366922 0.00941653 -0.0125309 0.999877 0.601275
45 52 67 0.999721 0.0229147 -0.00576739 0.409176 -0.0228243 0.999623 0.0152771 -0.227553 0.00611529 -0.0151411 0.999867 -0.883626
45 53 338 0.999678 0.0241735 -0.00768754 0.270487 -0.0240855 0.999645 0.0113492 0.0471949 0.00795917 -0.0111604 0.999906 0.961566
45 54 200 0.999537 0.0290828 -0.00895281 -0.0996056 -0.0290329 0.999562 0.00565805 0.00313826 0.00911344 -0.00539551 0.999944 0.995022
45 55 601 0.99962 0.0242923 -0.0130348 0.0539854 -0.0242312 0.999695 0.00482841 -0.109802 0.0131481 -0.00451073 0.999903 0.992486
45 56 54 0.99934 0.0253445 -0.0260211 0.864734 -0.0252912 0.999677 0.00237318 -0.044086 0.0260728 -0.00171351 0.999659 0.500292
45 57 15 0.999309 0.0250677 -0.0274301 0.994945 -0.0251086 0.999684 -0.00114652 0.0973642 0.0273927 0.00183446 0.999623 0.024579
45 58 3086 0.998311 0.0218236 -0.0538434 0.961422 -0.022416 0.999694 -0.0104232 0.274964 0.0535994 0.0116125 0.998495 -0.00790877
45 59 3142 0.996993 0.0322379 -0.0704619 0.995739 -0.0324225 0.999473 -0.00147728 0.0136103 0.0703771 0.00375739 0.997513 -0.0912055
60 61 21 0.999998 0.00156033 -0.00144975 0.186199 -0.00154444 0.999939 0.0108962 -0.959305 0.00146667 -0.010894 0.99994 0.212281
60 62 16 0.999999 0.00101982 0.000752054 0.674576 -0.0010249 0.999977 0.0067765 0.213231 -0.000745126 -0.00677727 0.999977 -0.706739
60 63 803 0.999949 0.00678123 0.00753031 0.215787 -0.00686148 0.999919 0.0106823 -0.086072 -0.00745727 -0.0107334 0.999915 0.97264
60 64 233 0.999973 0.00733131 0.000366615 0.997145 -0.00733386 0.999945 0.00749928 -0.00253105 -0.000311615 -0.00750176 0.999972 0.0754707
60 65 442 0.999679 0.0120284 0.0223093 -0.0871074 -0.0121394 0.999915 0.00484941 -0.0205062 -0.0222491 -0.00511868 0.999739 0.995988
60 66 1218 0.999695 0.00890044 0.023026 0.00671484 -0.00895505 0.999957 0.00226966 -0.096345 -0.0230048 -0.00247517 0.999732 0.995325
60 67 470 0.999714 0.00801619 0.022523 -0.129913 -0.00801619 0.999968 -9.02022e-05 -0.110642 -0.022523 -9.03723e-05 0.999746 0.985333
60 68 3317 0.999217 0.0125531 -0.0375194 0.999364 -0.0126743 0.999915 -0.00299504 0.0105144 0.0374786 0.00346823 0.999291 0.0340793
60 69 3347 0.999837 0.0155554 -0.00911753 0.950582 -0.0154848 0.99985 0.00776736 -0.308779 0.00923698 -0.00762492 0.999928 0.0323801
60 70 3180 0.999839 0.0173761 -0.00455282 0.956859 -0.0173402 0.999819 0.00780934 -0.238941 0.00468769 -0.00772913 0.999959 -0.165311
60 71 3039 0.999784 0.0164002 -0.0127869 0.978681 -0.0162816 0.999824 0.0093258 -0.193028 0.0129376 -0.00911559 0.999875 -0.0701683
60 72 2990 0.999882 0.014966 0.00338796 0.999609 -0.0149596 0.999886 -0.0019016 0.0138301 -0.00341604 0.00185069 0.999992 0.0243058
60 73 3122 0.999016 0.0221393 -0.0384283 0.967001 -0.0229739 0.999507 -0.0214146 0.172503 0.0379353 0.0222763 0.999032 0.187488
60 74 2868 0.999813 0.0192911 0.00145674 0.974402 -0.0192934 0.999813 0.00157666 -0.19859 -0.00142605 -0.00160447 0.999998 0.10537
75 76 97 0.999999 -9.43738e-05 -0.0012988 -0.0613899 9.21596e-05 0.999999 -0.00170478 -0.163608 0.00129896 0.00170465 0.999998 0.984613
75 77 139 0.999994 -0.00136866 -0.00324291 0.343994 0.00136714 0.999999 -0.000473029 -0.0519371 0.00324356 0.000468593 0.999995 -0.937535
75 78 213 0.999999 -0.00120109 -0.000691911 -0.0591715 0.00120102 0.999999 -9.80477e-05 -0.021606 0.000692028 9.72166e-05 1 0.998014
75 79 203 0.999946 0.00840708 0.00608583 0.346556 -0.00839188 0.999962 -0.00251899 -0.101229 -0.00610677 0.00246778 0.999978 -0.932551
75 80 349 0.999888 0.0109814 0.0101731 0.263763 -0.0109726 0.999939 -0.000921663 -0.131503 -0.0101826 0.000809935 0.999948 -0.955582
75 81 292 0.999945 -0.00730913 0.00754027 0.216895 0.00730567 0.999973 0.000485496 0.218739 -0.00754361 -0.000430383 0.999971 -0.951373
75 82 20 0.99999 -0.00436988 -0.00126637 -0.946385 0.0043721 0.999989 0.00174928 0.00500356 0.00125871 -0.0017548 0.999998 -0.323003
75 83 366 0.999985 -0.004798 0.00279458 -0.180674 0.00479899 0.999988 -0.000346988 -0.0682122 -0.00279288 0.000360394 0.999996 0.981175
75 84 3087 0.999125 0.000150867 -0.0418284 0.995467 -0.00020908 0.999999 -0.00138733 0.0886757 0.0418282 0.00139486 0.999124 0.0343814
75 85 3053 0.999638 0.000484796 -0.0269042 0.991311 -0.000194051 0.999942 0.0108082 -0.127154 0.0269079 -0.0107991 0.99958 0.0336657
75 86 2860 0.999275 -0.00337026 -0.0379107 0.965497 0.00326746 0.999991 -0.00277338 0.258696 0.0379197 0.0026475 0.999277 0.0298558
75 87 2815 0.999025 -0.00215908 -0.0440943 0.980355 0.00239282 0.999983 0.00524885 0.170243 0.0440823 -0.00534925 0.999014 0.0996084
75 88 2781 0.999328 0.00468587 -0.0363468 0.996279 -0.0039594 0.999791 0.0200334 -0.0731762 0.0364331 -0.019876 0.999138 0.0455265
75 89 2803 0.99966 0.0064667 -0.0252563 0.9687 -0.00599036 0.999804 0.0188903 -0.0151727 0.0253735 -0.0187326 0.999503 0.247769
90 91 213 0.999996 0.0020242 0.00174195 0.316076 -0.0020339 0.999982 0.00558262 0.164126 -0.00173062 -0.00558614 0.999983 0.93443
90 92 2587 0.99995 0.00593317 -0.00800441 0.807524 -0.00590604 0.999977 0.00340909 0.127069 0.00802445 -0.00336164 0.999962 0.575984
90 93 409 0.999744 0.00910606 0.0206968 -0.0837058 -0.00925078 0.999933 0.00690718 -0.0150026 -0.0206325 -0.00709688 0.999762 0.996378
90 94 2993 0.999897 0.0136048 0.004562 0.773135 -0.0136556 0.999843 0.0112908 -0.159817 -0.00440767 -0.0113519 0.999926 0.613776
90 95 1345 0.999371 0.0155687 0.031875 -0.120578 -0.0156661 0.999873 0.00280717 0.0406296 -0.0318273 -0.00330476 0.999488 0.991872
90 96 3033 0.999813 0.0121597 -0.0150533 0.869991 -0.0117819 0.99962 0.0249378 -0.45417 0.0153508 -0.0247558 0.999576 0.191953
90 97 2827 0.999978 0.0044549 0.00489336 0.699099 -0.00445502 0.99999 1.3662e-05 -0.111628 -0.00489325 -3.54618e-05 0.999988 0.706258
90 98 2739 0.999588 0.00663029 -0.0279373 0.89907 -0.00647027 0.999962 0.00581438 -0.228382 0.0279748 -0.00563122 0.999593 0.373517
90 99 2544 0.999998 -0.000671601 0.0018253 0.701113 0.00069832 0.999892 -0.0146771 -0.14269 -0.00181525 0.0146784 0.999891 0.698628
90 100 1328 0.999519 -0.00159572 0.0309705 -0.13557 0.00219095 0.999813 -0.0191946 -0.0109628 -0.0309341 0.0192533 0.999336 0.990707
90 101 2372 0.999982 -0.00327981 -0.00496754 0.781396 0.00321174 0.999902 -0.0136488 -0.248398 0.00501182 0.0136326 0.999895 0.572467
90 102 2552 0.997808 -0.000711502 -0.0661754 0.958316 0.000464 0.999993 -0.00375539 -0.273637 0.0661775 0.00371645 0.997801 0.0821745
90 103 2433 0.998963 -0.00319842 -0.045419 0.984458 0.00234164 0.999819 -0.0189047 -0.174136 0.0454712 0.0187787 0.998789 0.0227876
90 104 2383 0.999583 0.00244343 -0.0287679 0.937333 -0.00276063 0.999936 -0.0109915 -0.344005 0.0287392 0.0110664 0.999526 0.0553808
105 106 362 0.999967 0.000308389 -0.008164 0.794669 -0.000285899 0.999996 0.00275576 -0.386658 0.00816482 -0.00275334 0.999963 -0.46797
105 107 26 0.999988 0.00260634 0.00426028 0.997993 -0.00256987 0.99996 -0.00854441 0.0347776 -0.00428238 0.00853336 0.999954 0.0529182
105 108 48 0.999728 0.00550313 0.0226681 -0.745085 -0.00519215 0.999892 -0.0137547 0.16946 -0.0227414 0.0136333 0.999648 -0.645083
105 109 2692 0.999959 0.00687685 -0.00585022 0.910887 -0.00698508 0.999801 -0.0186849 0.102449 0.00572056 0.018725 0.999808 -0.399735
105 110 661 0.999719 0.00541133 0.0230735 0.330077 -0.00504926 0.999864 -0.0157214 0.0530342 -0.0231555 0.0156005 0.99961 -0.942463
105 111 800 0.999526 0.00917526 0.0293781 0.20924 -0.0087427 0.999852 -0.0148187 -0.0534503 -0.0295097 0.0145548 0.999459 -0.976402
105 112 642 0.999579 0.0101065 0.0271924 0.352295 -0.00968756 0.999833 -0.015495 -0.0302982 -0.0273445 0.015225 0.99951 -0.935398
105 113 2547 0.999933 0.00822751 -0.00815263 0.904779 -0.00835789 0.999836 -0.0160891 -0.104425 0.00801891 0.0161562 0.999837 -0.41288
105 114 2223 0.999968 -0.00136536 0.00793937 0.51904 0.00153969 0.999757 -0.0219925 0.166023 -0.00790741 0.022004 0.999727 -0.838471
105 115 2413 0.999886 0.0140624 0.00547231 0.724329 -0.0140288 0.999883 -0.00613096 -0.0611905 -0.00555788 0.0060535 0.999966 -0.686734
105 116 2233 0.999642 0.012485 0.0236694 0.538862 -0.0122673 0.999881 -0.00932309 0.0241771 -0.023783 0.00902939 0.999676 -0.842047
105 117 2079 0.99956 0.0136099 0.0263496 0.481446 -0.0135378 0.999904 -0.00291286 0.00111866 -0.0263867 0.00255486 0.999649 -0.876475
105 118 2268 0.999885 0.00871848 0.0123767 0.687059 -0.00871833 0.999962 -6.62121e-05 0.0421776 -0.0123768 -4.16994e-05 0.999923 -0.725376
105 119 2205 0.999831 0.0183745 -3.3733e-05 0.810911 -0.0183737 0.999804 0.00742809 -0.040328 0.000170214 -0.00742622 0.999972 -0.583778
120 121 229 0.99998 0.00287837 0.0057123 -0.151386 -0.00291375 0.999977 0.00619512 0.0982899 -0.00569434 -0.00621163 0.999964 -0.983576
120 122 45 0.999963 0.00781989 -0.00349114 0.817588 -0.00775899 0.999823 0.017128 -0.363916 0.00362446 -0.0171003 0.999847 -0.446223
120 123 291 0.999858 0.0104495 0.0132567 -0.184619 -0.0106202 0.999861 0.0128709 0.104314 -0.0131204 -0.0130099 0.999829 -0.977259
120 124 1010 0.999742 0.0220985 0.00517087 0.688365 -0.0221392 0.999723 0.00794828 0.188256 -0.00499379 -0.00806071 0.999955 -0.700509
120 125 405 0.999486 0.0252754 0.0196978 0.406064 -0.0254854 0.99962 0.0104844 0.0187686 -0.0194254 -0.010981 0.999751 -0.913652
120 126 2352 0.999568 0.0287049 0.00624115 0.558087 -0.0287033 0.999588 -0.000351385 0.255619 -0.00624867 0.000172092 0.99998 -0.789429
120 127 2289 0.999505 0.0314723 -4.10301e-05 0.583803 -0.0314723 0.999498 -0.00351586 0.240835 -6.96428e-05 0.00351541 0.999994 -0.775353
120 128 2334 0.99952 0.0309741 -4.32982e-05 0.420869 -0.0309741 0.999515 -0.00308764 0.238222 -5.23595e-05 0.0030875 0.999995 -0.875283
120 129 2348 0.998954 0.0334561 -0.0311714 0.721705 -0.0340855 0.999221 -0.0198821 0.384984 0.0304819 0.0209238 0.999316 -0.575264
120 130 2273 0.999428 0.0335275 -0.00449411 0.365934 -0.0335465 0.999428 -0.00423498 0.247701 0.00434955 0.00438332 0.999981 -0.897071
120 131 2304 0.999182 0.0389731 -0.0107801 0.342521 -0.0389383 0.999236 0.00342158 0.116447 0.0109052 -0.00299903 0.999936 -0.932266
120 132 2269 0.999347 0.0351159 -0.00856555 0.27751 -0.0350671 0.999368 0.00577466 0.150046 0.00876292 -0.00547052 0.999947 -0.948933
120 133 2341 0.997594 0.0430735 -0.0543165 0.716131 -0.0442391 0.998812 -0.0204413 0.43888 0.0533715 0.0227951 0.998315 -0.542716
120 134 2309 0.997021 0.0403175 -0.0657476 0.660318 -0.0423584 0.998653 -0.0299493 0.484538 0.0644515 0.0326451 0.997387 -0.573762
135 136 157 1 0.000576135 0.000252732 -0.212325 -0.000577138 0.999992 0.00398591 0.102955 -0.000250434 -0.00398605 0.999992 -0.97176
135 137 179 0.999999 0.000956759 -0.000356355 0.166726 -0.000955826 0.999996 0.00260959 0.041923 0.000358851 -0.00260925 0.999997 -0.985112
135 138 365 0.999956 0.00402082 -0.00844659 0.38127 -0.00398697 0.999984 0.00402034 0.0814798 0.00846262 -0.00398649 0.999956 -0.920866
135 139 1039 0.999926 0.00145111 -0.0121142 0.315797 -0.00137902 0.999981 0.00595666 0.159976 0.0121226 -0.00593952 0.999909 -0.935243
135 140 2470 0.999321 0.00788736 -0.0359883 0.843614 -0.0080805 0.999954 -0.00522435 0.425969 0.0359454 0.00551161 0.999339 -0.326903
135 141 2445 0.999139 0.007321 -0.0408434 0.794509 -0.0074572 0.999967 -0.00318311 0.330683 0.0408188 0.00348495 0.99916 -0.509318
135 142 2298 0.999707 0.00846098 -0.0226853 0.341008 -0.00827239 0.999931 0.00839403 0.141886 0.0227547 -0.00820391 0.999707 -0.929291
135 143 2030 0.999753 0.0119552 -0.0187322 0.289031 -0.0117162 0.999849 0.0128149 0.131975 0.0188826 -0.0125922 0.999742 -0.948179
135 144 2319 0.998267 0.0118034 -0.0576594 0.695743 -0.0127182 0.999799 -0.0155248 0.535648 0.0574645 0.0162312 0.998216 -0.478563
135 145 2274 0.99796 0.0189866 -0.0609509 0.702556 -0.0190823 0.999817 -0.000987753 0.418008 0.060921 0.00214882 0.99814 -0.575921
135 146 2127 0.999209 0.0205166 -0.0340605 0.432041 -0.0198639 0.999615 0.0193915 0.280083 0.0344453 -0.0186996 0.999232 -0.85726
135 147 2144 0.998387 0.0321396 -0.0468023 0.556289 -0.0311999 0.999299 0.020671 0.344753 0.0474339 -0.0191774 0.99869 -0.7561
135 148 2164 0.997465 0.0351019 -0.0619031 0.629955 -0.0345442 0.999353 0.0100563 0.478522 0.062216 -0.00789237 0.998032 -0.611698
135 149 1898 0.997688 0.0390964 -0.055591 0.594743 -0.0376916 0.998949 0.0261002 0.394338 0.056553 -0.0239445 0.998112 -0.700556
150 151 61 0.99997 0.00766708 0.00141307 0.15376 -0.00769224 0.999795 0.0187546 -0.602522 -0.00126899 -0.0187649 0.999823 -0.783151
150 152 170 0.99984 0.0176952 0.00246653 0.177523 -0.0177414 0.999639 0.0201812 -0.560846 -0.00210853 -0.0202218 0.999793 -0.808664
150 153 34 0.999479 0.0321111 0.00311375 0.424862 -0.0321348 0.999452 0.00788905 0.513103 -0.00285872 -0.00798501 0.999964 0.7458
150 154 334 0.999608 0.0279847 -0.00012781 0.121747 -0.0279799 0.999503 0.0145098 -0.0154708 0.000533801 -0.0145006 0.999895 -0.992441
150 155 174 0.999516 0.0306417 -0.00545265 -0.154348 -0.0305438 0.999385 0.0172181 -0.302593 0.00597689 -0.0170433 0.999837 -0.940539
150 156 414 0.999472 0.0321103 -0.00489726 -0.0688394 -0.0320017 0.999271 0.0208341 0.0410797 0.00556268 -0.0206664 0.999771 -0.996782
150 157 467 0.999484 0.0313753 -0.00693852 0.121477 -0.0312551 0.99937 0.016798 0.161923 0.00746119 -0.0165725 0.999835 -0.979298
150 158 1441 0.995607 0.0419535 -0.0837071 0.917352 -0.0429928 0.999019 -0.0106515 0.363393 0.0831781 0.0142035 0.996433 -0.162515
150 159 1290 0.998551 0.0482349 -0.0238415 0.368753 -0.0474811 0.998384 0.0312324 -0.151448 0.0253095 -0.0300551 0.999228 -0.917107
150 160 1359 0.997234 0.0385984 -0.0635189 0.862309 -0.0386744 0.999252 3.39877e-05 0.332987 0.0634726 0.00242266 0.997981 -0.381501
150 161 1372 0.99858 0.0321664 -0.0424567 0.427087 -0.0317497 0.999441 0.010454 0.207589 0.0427693 -0.00909119 0.999044 -0.880059
150 162 1361 0.996297 0.0415662 -0.0752676 0.792163 -0.0419557 0.999113 -0.00360168 0.45867 0.0750511 0.00674625 0.997157 -0.402616
150 163 1287 0.996771 0.0549689 -0.0585266 0.615097 -0.0534519 0.9982 0.0271794 0.128745 0.0599153 -0.0239633 0.997916 -0.777869
150 164 1328 0.995594 0.0468438 -0.0812342 0.662014 -0.0454826 0.998793 0.0185287 0.246045 0.0820042 -0.0147524 0.996523 -0.707954
165 166 444 0.999797 0.00728401 -0.0187997 0.959542 -0.00708774 0.99992 0.0104854 -0.190154 0.0188746 -0.01035 0.999768 -0.207654
165 167 251 0.999937 0.0107026 -0.00337347 -0.268604 -0.0106724 0.999904 0.00885371 0.00224329 0.0034679 -0.00881715 0.999955 -0.963248
165 168 325 0.999763 0.0153053 -0.0155056 0.529213 -0.0151628 0.999842 0.00926828 0.16727 0.015645 -0.00903097 0.999837 -0.831838
165 169 2551 0.998507 0.0200157 -0.0508211 0.821873 -0.0207132 0.999698 -0.0132351 0.521492 0.0505408 0.0142681 0.99862 -0.229281
165 170 1777 0.999632 0.0146296 -0.0228588 0.321962 -0.0145124 0.999881 0.00528737 0.260648 0.0229334 -0.00495369 0.999725 -0.910167
165 171 2490 0.999041 0.0208206 -0.038509 0.610652 -0.020837 0.999783 -2.23984e-05 0.396645 0.0385002 0.000824788 0.999258 -0.685403
165 172 2458 0.998639 0.0217041 -0.0474321 0.726267 -0.021554 0.999761 0.00367398 0.26477 0.0475005 -0.00264662 0.998868 -0.634376
165 173 1837 0.999427 0.0209589 -0.0265819 0.321962 -0.0206918 0.999733 0.0102843 0.179337 0.0267904 -0.00972836 0.999594 -0.929612
165 174 2373 0.995838 0.0247971 -0.0876974 0.774816 -0.0260211 0.999579 -0.0128405 0.401763 0.0873421 0.015069 0.996064 -0.488105
165 175 2349 0.998397 0.0292855 -0.0484249 0.475001 -0.028621 0.999487 0.0143604 0.197828 0.0488206 -0.0129514 0.998724 -0.85746
165 176 2340 0.996841 0.0419047 -0.0674638 0.626286 -0.0410843 0.999064 0.0135028 0.179094 0.0679666 -0.0106885 0.99763 -0.758743
165 177 2090 0.998692 0.0442942 -0.0255399 0.171408 -0.0439313 0.998928 0.0145996 0.20422 0.0261592 -0.0134585 0.999567 -0.963801
165 178 2228 0.994086 0.0547198 -0.0937973 0.781055 -0.0564054 0.998289 -0.015413 0.383078 0.0927934 0.0206125 0.995472 -0.493157
165 179 2113 0.995338 0.0588126 -0.0764421 0.698353 -0.0600598 0.998095 -0.0141182 0.368543 0.0754662 0.0186435 0.996974 -0.613578
180 181 207 0.999995 0.00287907 0.00115073 -0.368849 -0.00287876 0.999996 -0.000273311 -0.00075708 -0.00115151 0.000269997 0.999999 -0.929489
180 182 412 0.999844 0.0174481 0.00278411 0.241211 -0.0174495 0.999848 0.000482084 -0.25242 -0.00277528 -0.00053059 0.999996 -0.937071
180 183 466 0.999907 0.0136066 0.00125862 0.386539 -0.0135941 0.999863 -0.00946352 0.253703 -0.00138721 0.00944553 0.999954 -0.886692
180 184 3184 0.99964 0.0200369 -0.0178642 0.750958 -0.0203477 0.999642 -0.0173876 0.261106 0.0175095 0.0177449 0.999689 -0.606536
180 185 2291 0.9998 0.018684 -0.00715845 0.449779 -0.0188057 0.999673 -0.0173351 0.278282 0.00683223 0.0174662 0.999824 -0.84868
180 186 1679 0.999736 0.0228852 -0.00217742 0.303068 -0.0229113 0.999655 -0.0128191 0.107101 0.0018833 0.0128656 0.999915 -0.946931
180 187 1775 0.999674 0.0254916 -0.00105069 0.244171 -0.0255063 0.999515 -0.0178911 0.195094 0.000594112 0.0179121 0.999839 -0.949905
180 188 2993 0.99739 0.0386703 -0.0609797 0.858185 -0.0404752 0.99877 -0.028647 0.193871 0.0597969 0.0310404 0.997728 -0.475323
180 189 2799 0.999674 0.0187408 -0.0173581 0.438521 -0.0192734 0.999332 -0.0310394 0.367795 0.0167648 0.0313638 0.999367 -0.820016
180 190 2653 0.998367 0.0309501 -0.0480137 0.661185 -0.0320425 0.999241 -0.02215 0.173539 0.0472917 0.0236523 0.998601 -0.729876
180 191 2648 0.997983 0.0270032 -0.0574549 0.633083 -0.0286796 0.999181 -0.028555 0.20538 0.0566367 0.0301452 0.99794 -0.746341
180 192 2805 0.997462 0.0339695 -0.0625806 0.631179 -0.0355333 0.999079 -0.0240472 0.144319 0.0617061 0.0262099 0.99775 -0.762093
180 193 2735 0.994387 0.0231512 -0.103245 0.82906 -0.0288183 0.998139 -0.0537406 0.345881 0.101808 0.0564143 0.993203 -0.439346
180 194 2472 0.997202 0.0228235 -0.0711859 0.627353 -0.0254979 0.998994 -0.0368906 0.272465 0.0702723 0.0386025 0.996781 -0.729514
195 196 88 0.999926 0.00762737 -0.00948299 0.420034 -0.00748277 0.999857 0.0151912 -0.681916 0.0095975 -0.0151191 0.99984 -0.598801
195 197 60 0.99987 0.0086042 -0.013651 0.425108 -0.00830914 0.999734 0.021526 -0.569775 0.0138326 -0.0214097 0.999675 -0.703306
195 198 375 0.999705 -0.00440418 -0.0238713 0.327886 0.00498304 0.999694 0.024244 -0.0731669 0.0237572 -0.0243558 0.999421 -0.94188
195 199 2351 0.995775 -0.00437036 -0.0917215 0.934493 0.00541174 0.999924 0.011108 0.283999 0.0916659 -0.0115575 0.995723 -0.214634
195 200 2222 0.995332 -0.00230146 -0.0964806 0.958568 0.00444781 0.999747 0.0220372 0.242381 0.0964055 -0.0223635 0.995091 -0.149662
195 201 2270 0.99647 0.00369296 -0.083865 0.983787 6.83144e-05 0.998996 0.0448021 -0.100041 0.0839462 -0.0446497 0.995469 -0.148847
195 202 2199 0.998153 0.0040246 -0.0606228 0.882396 -0.00178165 0.999313 0.0370072 0.0260847 0.0607301 -0.0368309 0.997474 -0.469784
195 203 2295 0.994803 0.0254168 -0.0985901 0.88343 -0.0193355 0.997879 0.0621549 -0.188995 0.0999608 -0.0599256 0.993185 -0.428757
195 204 1698 0.998098 0.017517 -0.0591068 0.784211 -0.0147487 0.998788 0.0469514 -0.0597981 0.0598576 -0.0459903 0.997147 -0.617606
195 205 1268 0.9982 0.0361031 -0.0478977 0.592024 -0.0337692 0.998244 0.0486713 -0.158638 0.0495707 -0.0469662 0.997666 -0.790153
195 206 2218 0.996084 0.0290953 -0.0834855 0.890004 -0.0251552 0.998537 0.0478651 -0.131201 0.084756 -0.0455775 0.995359 -0.436668
195 207 2103 0.993661 0.0372067 -0.106078 0.90944 -0.0321544 0.998284 0.0489476 -0.0950288 0.107717 -0.0452264 0.993152 -0.404832
195 208 2087 0.996184 0.0505641 -0.0711418 0.760947 -0.0468696 0.997511 0.0526761 -0.195903 0.0736283 -0.0491407 0.996074 -0.618531
195 209 2005 0.991082 0.0505999 -0.123272 0.943865 -0.0449287 0.997819 0.0483604 -0.100825 0.12545 -0.0423907 0.991194 -0.314567
210 211 153 0.999977 0.00281957 0.00621915 0.0800544 -0.00280332 0.999993 -0.00262048 -0.24408 -0.0062265 0.00260298 0.999977 0.966445
210 212 3028 0.999725 0.00736374 -0.0222661 0.944094 -0.00765697 0.999885 -0.0131132 0.313056 0.022167 0.0132801 0.999666 -0.103354
210 213 2749 0.999586 0.00782684 -0.0276969 0.97029 -0.00808653 0.999924 -0.00927666 0.174563 0.0276222 0.00949679 0.999573 -0.167525
210 214 690 0.999938 -0.00124305 0.011068 0.883477 0.00123166 0.999999 0.00103572 0.164433 -0.0110693 -0.00102202 0.999938 -0.438668
210 215 1515 0.999808 0.0160756 0.0112318 0.764957 -0.0162452 0.999753 0.0151768 -0.252541 -0.010985 -0.0153564 0.999822 -0.592507
210 216 2353 0.999982 -0.0054502 0.00260661 0.780898 0.00541861 0.999914 0.0119771 0.0140886 -0.00267167 -0.0119628 0.999925 -0.6245
210 217 2222 0.999923 -0.0123398 -0.00100381 0.880013 0.0123578 0.999713 0.0205119 -0.00379362 0.00075041 -0.0205228 0.999789 -0.474934
210 218 2445 0.999929 -0.0119073 -0.000544876 0.905489 0.0119182 0.999501 0.0292633 -0.0146051 0.000196156 -0.0292678 0.999572 -0.424118
210 219 1677 0.999601 -0.0218389 0.0178952 0.751101 0.0212333 0.999218 0.0333573 -0.0373478 -0.0186096 -0.0329641 0.999283 -0.65913
210 220 2658 0.999706 -0.0126535 -0.0207005 0.919793 0.0135483 0.998954 0.0436739 -0.0775663 0.0201262 -0.0439415 0.998831 -0.384661
210 221 1338 0.99961 -0.0069169 0.0270693 0.829868 0.00592898 0.999319 0.0364078 -0.16307 -0.0273027 -0.0362331 0.99897 -0.533599
210 222 2436 0.998412 0.00397494 -0.0561938 0.951847 -0.00124396 0.99882 0.0485509 -0.175448 0.0563205 -0.0484038 0.997239 -0.251407
210 223 2511 0.998003 -0.0110274 -0.0622022 0.966912 0.0126917 0.99957 0.0264237 -0.0119795 0.0618841 -0.0271603 0.997714 -0.254828
210 224 2156 0.99977 -0.0104047 0.0187693 0.787147 0.00987154 0.999551 0.0282783 -0.0726751 -0.0190551 -0.0280865 0.999424 -0.612469
225 226 0 1 0 0 0 0 1 0 0 0 0 1 0
225 227 20 0.999993 0.00285837 0.00243222 0.706668 -0.00284035 0.999969 -0.0073805 0.15727 -0.00245324 0.00737354 0.99997 -0.689846
225 228 2523 0.999485 0.0263664 -0.0183083 0.843893 -0.0262522 0.999635 0.00645314 -0.430849 0.0184717 -0.00596919 0.999812 -0.31971
225 229 2515 0.999325 0.0330566 -0.0159983 0.50178 -0.0324167 0.998724 0.0387295 -0.858924 0.0172582 -0.0381847 0.999122 -0.102303
225 230 732 0.999795 0.0199024 -0.00362766 0.642205 -0.0199102 0.9998 -0.0021174 -0.16467 0.00358479 0.00218919 0.999991 -0.748636
225 231 425 0.999156 0.0408306 0.00441051 0.525915 -0.0408191 0.999163 -0.00266596 -0.618789 -0.00451567 0.00248368 0.999987 -0.583535
225 232 417 0.999625 0.0257755 0.00921267 0.59038 -0.0256323 0.999554 -0.0153339 -0.201778 -0.00960379 0.015092 0.99984 -0.781497
225 233 379 0.998922 0.0446239 0.012813 0.545617 -0.0443881 0.99885 -0.018136 -0.447926 -0.0136076 0.0175477 0.999753 -0.708282
225 234 1034 0.999909 0.0114254 -0.00719986 0.874128 -0.0116143 0.999574 -0.026761 -0.0600596 0.00689104 0.0268422 0.999616 -0.481969
225 235 661 0.999843 0.0175554 0.00223227 0.722189 -0.0174894 0.999488 -0.0267744 -0.198486 -0.00270116 0.0267312 0.999639 -0.662606
225 236 2286 0.99889 0.0230561 -0.041077 0.909328 -0.0236547 0.99962 -0.0141459 -0.268369 0.0407353 0.0151019 0.999056 -0.317963
225 237 2322 0.998302 0.0156581 -0.0561036 0.979574 -0.017077 0.999544 -0.024901 -0.14319 0.0556881 0.0258169 0.998114 -0.141176
225 238 619 0.999234 0.0387982 0.0051913 0.713572 -0.0386194 0.998774 -0.0309726 -0.295312 -0.00638662 0.0307484 0.999507 -0.6353
225 239 633 0.999317 0.0360682 0.00809217 0.782836 -0.0357719 0.998775 -0.0341834 -0.217446 -0.0093152 0.0338706 0.999383 -0.582997
240 241 62 0.999997 -0.00238393 0.000893017 -0.328487 0.00238365 0.999997 0.000315619 -0.539911 -0.000893767 -0.000313489 1 0.774979
240 242 2060 0.999918 -0.00342968 0.0123659 -0.704004 0.00349061 0.999982 -0.00490897 -0.157665 -0.0123489 0.00495173 0.999911 0.692474
240 243 2831 0.999501 0.011087 -0.0295657 0.970008 -0.0113122 0.999908 -0.00745769 -0.112434 0.0294803 0.00778842 0.999535 0.215507
240 244 2715 0.99915 0.0172416 0.037447 -0.907324 -0.0163679 0.999589 -0.0235159 0.250483 -0.0378371 0.022883 0.999022 0.337671
240 245 1931 0.999707 0.00860899 -0.0226193 0.844985 -0.00901302 0.999801 -0.0178215 -0.084573 0.0224613 0.0180201 0.999585 0.52806
240 246 2601 0.999548 0.0126801 -0.0272405 0.945097 -0.0132813 0.99967 -0.0220035 -0.00875912 0.0269525 0.0223553 0.999387 0.326674
240 247 389 0.999762 0.0214982 0.00367751 0.885407 -0.0214419 0.999662 -0.0147281 -0.194761 -0.0039929 0.0146458 0.999885 0.422046
240 248 2020 0.999599 0.0179626 -0.0218994 0.984994 -0.0181682 0.999792 -0.00922687 -0.0986698 0.0217292 0.00962104 0.999718 0.141603
240 249 2228 0.998625 0.0113656 -0.0511823 0.919811 -0.0126865 0.999593 -0.0255574 0.171624 0.050871 0.0261716 0.998362 0.352835
240 250 1834 0.999585 0.0163153 -0.0237531 0.935095 -0.0164844 0.99984 -0.00693942 0.0285336 0.0236361 0.00732809 0.999694 0.353246
240 251 1888 0.999765 0.0121616 -0.0179437 0.907921 -0.0122741 0.999906 -0.00617083 0.0677906 0.0178669 0.00638962 0.99982 0.413624
240 252 1970 0.999867 0.0150557 -0.00630082 0.918621 -0.015063 0.999886 -0.00111702 0.0413792 0.00628328 0.00121178 0.99998 0.392967
240 253 1866 0.999975 0.00603799 -0.00361882 0.949551 -0.00602878 0.999979 0.00255094 -0.00533861 0.00363414 -0.00252906 0.99999 0.313568
240 254 1999 0.999813 -0.00553733 -0.0185074 0.934851 0.00540921 0.999961 -0.00696543 0.0928814 0.0185453 0.00686402 0.999804 0.342676
255 256 60 0.999927 -0.00855305 -0.00855602 0.948289 0.008582 0.999958 0.00335256 -0.268441 0.00852698 -0.00342575 0.999958 -0.169371
255 257 978 0.99967 -0.013442 0.0218719 -0.968474 0.0133768 0.999906 0.00312184 0.214454 -0.0219118 -0.00282823 0.999756 0.126755
255 258 1474 0.999819 -0.018521 -0.00443961 0.81663 0.0185544 0.999799 0.00759274 -0.032876 0.00429809 -0.00767374 0.999961 0.576225
255 259 2564 0.999588 -0.0252892 -0.0135983 0.842805 0.0251747 0.999647 -0.00852213 0.290595 0.013809 0.00817628 0.999871 0.453028
255 260 1134 0.999789 -0.0204886 0.00150286 0.772461 0.020483 0.999783 0.00366382 0.000575299 -0.0015776 -0.00363227 0.999992 0.635062
255 261 1918 0.999757 -0.0220488 0.000783645 0.719631 0.0220493 0.999757 -0.000641208 0.0703787 -0.000769317 0.000658331 0.999999 0.690781
255 262 2200 0.999669 -0.0230162 -0.0114779 0.909212 0.0229458 0.999717 -0.00622851 0.196192 0.011618 0.00596308 0.999915 0.367208
255 263 1326 0.999765 -0.0209909 -0.00537019 0.814921 0.0210283 0.999754 0.00700336 0.0454857 0.00522186 -0.00711464 0.999961 0.577785
255 264 2522 0.998938 -0.02749 -0.0369643 0.815613 0.0272502 0.999604 -0.00697471 0.185949 0.0371414 0.00596002 0.999292 0.547903
255 265 2423 0.99882 -0.0306412 -0.0376768 0.855591 0.0302907 0.999493 -0.00983996 0.226173 0.0379592 0.00868709 0.999242 0.465628
255 266 2368 0.999049 -0.030598 -0.0310629 0.808585 0.0305759 0.999532 -0.00118597 0.120759 0.0310847 0.00023507 0.999517 0.575853
255 267 2320 0.997993 -0.0324444 -0.0543806 0.832916 0.0318604 0.999425 -0.0115724 0.16064 0.0547248 0.00981655 0.998453 0.529572
255 268 2294 0.998507 -0.0330752 -0.0434636 0.829282 0.0328601 0.999444 -0.00565409 0.0837559 0.0436264 0.00421743 0.999039 0.552517
255 269 2313 0.998556 -0.0284981 -0.0455446 0.815091 0.0281981 0.999576 -0.00721617 0.0713195 0.045731 0.00592147 0.998936 0.574926
270 271 642 0.999998 0.00188765 -0.000541728 0.252123 -0.00188499 0.999986 0.00486689 -0.186879 0.000550907 -0.00486586 0.999988 0.949479
270 272 2035 0.999899 0.0107674 -0.00930313 0.751766 -0.0107225 0.999931 0.00485722 -0.149298 0.00935478 -0.00475697 0.999945 0.642307
270 273 2470 0.999911 0.0111243 -0.00741838 0.774899 -0.0111513 0.999931 -0.00360625 0.110645 0.00737775 0.00368865 0.999966 0.622326
270 274 2220 0.999893 0.0144212 -0.0026396 0.679848 -0.0144041 0.999876 0.00638697 -0.17747 0.00273138 -0.00634826 0.999976 0.711555
270 275 2484 0.999892 0.0089645 -0.0116574 0.755548 -0.0088953 0.999943 0.00597425 -0.124192 0.0117103 -0.00586991 0.999914 0.643213
270 276 2302 0.999935 0.00713076 -0.00884302 0.694405 -0.00708846 0.999963 0.00480549 -0.0555616 0.00887696 -0.0047425 0.999949 0.717437
270 277 2403 0.999865 0.0147653 -0.00725496 0.708555 -0.0146727 0.999812 0.0126531 -0.164098 0.00744042 -0.0125449 0.999894 0.686311
270 278 2440 0.999509 0.0108321 -0.0294167 0.82709 -0.0107135 0.999934 0.00418676 -0.0351678 0.0294601 -0.00386955 0.999558 0.560968
270 279 2067 0.99987 0.00991301 -0.0127176 0.743401 -0.00981227 0.99992 0.00795979 -0.048783 0.0127955 -0.00783396 0.999887 0.667064
270 280 2098 0.999773 0.0113192 -0.0180426 0.781346 -0.0111335 0.999884 0.0103575 -0.0589772 0.0181577 -0.0101543 0.999784 0.621306
270 281 2056 0.999573 0.0278888 0.0086792 0.663463 -0.028029 0.999471 0.0164819 -0.155854 -0.00821495 -0.0167182 0.999826 0.731797
270 282 1850 0.999743 0.0222309 0.00448328 0.706599 -0.0222955 0.99964 0.0149069 -0.114707 -0.00415027 -0.015003 0.999879 0.698255
270 283 2031 0.999759 0.0192358 -0.0105894 0.755581 -0.0190709 0.999699 0.0154615 -0.104026 0.0108836 -0.0152558 0.999824 0.646742
270 284 2026 0.999688 0.024788 0.00306131 0.697084 -0.0248409 0.999517 0.0186549 -0.157484 -0.00259741 -0.0187252 0.999821 0.69948
285 286 406 0.999999 3.00307e-06 0.00166393 0.542771 2.79086e-06 0.999994 -0.00348205 0.00420475 -0.00166394 0.00348205 0.999993 0.83987
285 287 2493 0.999793 0.00181692 -0.0202871 0.870101 -0.00230582 0.999707 -0.0241016 0.354465 0.0202374 0.0241434 0.999504 0.342459
285 288 2133 0.999988 0.000292531 -0.00497759 0.889133 -0.000349333 0.999935 -0.0114144 0.00296905 0.00497393 0.011416 0.999922 0.457638
285 289 1889 0.999998 0.00194782 0.000533596 0.773826 -0.00194392 0.999972 -0.0072099 -0.231332 -0.000547625 0.00720885 0.999974 0.589643
285 290 2398 0.999938 0.00921284 -0.00623946 0.76582 -0.00926699 0.999919 -0.00870596 -0.286917 0.00615875 0.00876324 0.999943 0.575499
285 291 2623 0.999805 0.0149143 -0.0129337 0.834868 -0.0150198 0.999854 -0.00809788 -0.276852 0.012811 0.00829056 0.999884 0.475761
285 292 2513 0.999877 0.0147368 -0.00535658 0.732275 -0.0148093 0.999796 -0.013756 -0.190566 0.00515276 0.0138336 0.999891 0.653803
285 293 2223 0.999895 0.013227 -0.00583554 0.737431 -0.013314 0.999797 -0.0151321 -0.241946 0.0056342 0.0152082 0.999868 0.630601
285 294 2381 0.999489 0.0221036 -0.0230761 0.830474 -0.0223792 0.99968 -0.0117533 -0.278766 0.022809 0.0122637 0.999665 0.482289
285 295 2272 0.999306 0.0270081 -0.0256632 0.829447 -0.0274108 0.999505 -0.015472 -0.210971 0.0252327 0.0161647 0.999551 0.517213
285 296 1759 0.999355 0.0309077 -0.0182595 0.790918 -0.0313602 0.999195 -0.0250351 -0.165103 0.017471 0.0255916 0.99952 0.589228
285 297 2139 0.998776 0.0464746 -0.0169396 0.856825 -0.0468086 0.998706 -0.0198847 -0.287692 0.0159936 0.0206533 0.999659 0.427884
285 298 2171 0.998884 0.0402311 -0.0247609 0.827315 -0.0408112 0.998893 -0.0233852 -0.173591 0.0237927 0.0243697 0.99942 0.534243
285 299 2049 0.998355 0.0520179 -0.0241203 0.75841 -0.0524176 0.998493 -0.0162471 -0.271738 0.0232388 0.0174847 0.999577 0.59243
300 301 63 1 7.38866e-11 -1.46677e-11 -0.445838 -7.38865e-11 1 2.39717e-11 -0.157534 1.46678e-11 -2.39716e-11 1 0.881142
300 302 2873 0.999604 0.00183667 -0.0280653 0.968549 -0.00197253 0.999986 -0.00481361 0.0579293 0.028056 0.00486706 0.999595 0.241984
300 303 481 0.99996 -0.00870478 -0.00222993 -0.233924 0.00869722 0.999956 -0.00337575 -0.259677 0.00225922 0.00335622 0.999992 0.936935
300 304 2853 0.998832 -0.000703238 -0.0483149 0.934218 -6.20983e-05 0.999875 -0.0158372 0.292424 0.04832 0.0158218 0.998707 0.204267
300 305 1513 0.999746 0.00351163 -0.0222607 0.904587 -0.00347405 0.999992 0.00172657 -0.114479 0.0222666 -0.00164879 0.999751 0.410629
300 306 2782 0.998234 0.00443117 -0.0592424 0.975352 -0.00518691 0.999907 -0.0126091 0.200296 0.059181 0.0128941 0.998164 0.0925734
300 307 2377 0.999275 0.00716429 -0.0373879 0.99236 -0.00723308 0.999972 -0.00170496 0.123117 0.0373746 0.00197416 0.999299 0.00797954
300 308 2685 0.996473 0.00718981 -0.0836109 0.956147 -0.0090543 0.999718 -0.0219419 0.255259 0.0834296 0.0226215 0.996257 0.143616
300 309 2196 0.99923 0.0135069 -0.0368491 0.959234 -0.0133207 0.999897 0.00529421 -0.0485535 0.0369168 -0.00479927 0.999307 0.278412
300 310 2187 0.998677 0.0192944 -0.0476618 0.987352 -0.0188746 0.999779 0.00924061 -0.0517117 0.0478296 -0.00832878 0.998821 0.149872
300 311 2213 0.998864 0.0142417 -0.0454806 0.976684 -0.0138847 0.99987 0.00815668 -0.0129227 0.0455909 -0.00751593 0.998932 0.214291
300 312 1987 0.999024 0.0180969 -0.040299 0.939255 -0.017653 0.99978 0.0113435 -0.0652563 0.0404954 -0.010621 0.999123 0.33696
300 313 2125 0.996764 0.022567 -0.0771538 0.98888 -0.0218651 0.999712 0.00993109 0.0204899 0.0773557 -0.00821197 0.99697 0.147299
300 314 1594 0.996273 0.0358425 -0.0784597 0.987858 -0.0346165 0.999257 0.0169314 -0.0587126 0.0790083 -0.0141522 0.996773 0.143837
315 316 167 0.999984 0.00542174 0.00171249 -0.479671 -0.00541241 0.999971 -0.00540687 0.165604 -0.00174175 0.00539752 0.999984 -0.861679
315 317 19 0.999963 0.00393679 -0.0075991 0.963969 -0.00398978 0.999968 -0.00697187 -0.103366 0.0075714 0.00700193 0.999947 -0.245111
315 318 379 0.999973 0.00246049 -0.0069116 0.610228 -0.00254621 0.99992 -0.0124199 0.10165 0.00688048 0.0124372 0.999899 -0.785678
315 319 29 0.999962 0.0060366 -0.00631963 -0.894781 -0.00612427 0.999884 -0.0139464 -0.0459501 0.00623471 0.0139846 0.999883 0.444135
315 320 1313 0.999422 0.0164257 -0.0297707 0.995655 -0.0168096 0.999778 -0.0126926 -0.0720203 0.0295556 0.0131857 0.999476 -0.0590251
315 321 1618 0.998212 0.0234972 -0.054954 0.990979 -0.0249985 0.999328 -0.0267942 0.131395 0.0542875 0.02812 0.998129 0.0263658
315 322 1403 0.998492 0.0374912 -0.040093 0.996127 -0.0382218 0.999114 -0.0176118 -0.0760362 0.0393972 0.0191177 0.999041 0.0441447
315 323 317 0.998768 0.0467231 -0.0167247 0.777691 -0.0469963 0.998762 -0.0163334 0.0193113 0.0159408 0.0170992 0.999727 -0.62835
315 324 42 0.998362 0.052634 -0.0224084 -0.989318 -0.0529336 0.998513 -0.0129967 0.143391 0.021691 0.0141615 0.999664 0.0262585
315 325 1000 0.997165 0.050986 -0.0553341 0.987103 -0.0517649 0.998578 -0.012736 0.0538199 0.054606 0.0155642 0.998387 0.150771
315 326 865 0.99656 0.0649277 -0.0515119 0.907585 -0.065456 0.997818 -0.00863411 -0.108125 0.0508389 0.0119762 0.998635 0.405708
315 327 1282 0.992321 0.066463 -0.104311 0.978703 -0.0692831 0.997317 -0.0236449 0.123102 0.10246 0.0306903 0.994264 0.164277
