0 1 96 0.999999 -0.000552464 0.00150184 -0.14056 0.000549422 0.999998 0.00202461 -0.0208099 -0.00150296 -0.00202378 0.999997 0.989853
0 2 0 1 0 0 0 0 1 0 0 0 0 1 0
0 3 155 1 -0.000798006 1.02068e-06 0.318379 0.000798002 0.999997 0.00238257 -0.163123 -2.92198e-06 -0.00238257 0.999997 0.933823
0 4 126 0.999988 -0.00483045 0.000286572 0.0275935 0.00482962 0.999984 0.00283367 -0.0641292 -0.000300255 -0.00283225 0.999996 0.99756
0 5 188 0.999993 -0.00380648 -0.000566494 0.29031 0.00380796 0.999989 0.00261871 -0.104982 0.00055652 -0.00262085 0.999996 0.951157
0 6 127 0.999982 -0.00596329 -0.000722358 0.0384512 0.00596417 0.999981 0.00121901 -0.00657119 0.000715076 -0.00122329 0.999999 0.999239
0 7 51 0.999983 -0.00568776 -0.000974709 -0.15498 0.00569054 0.99998 0.00286882 -0.166106 0.000958372 -0.00287432 0.999995 -0.973853
0 8 173 0.999982 -0.00592173 -0.00115258 0.33035 0.00592418 0.99998 0.00213662 -0.154633 0.0011399 -0.00214341 0.999997 0.931106
0 9 176 0.999981 -0.00604 -0.00117768 0.250995 0.00604334 0.999978 0.0028479 -0.057828 0.00116045 -0.00285496 0.999995 0.966259
0 10 207 0.999986 -0.00497834 -0.00151323 0.0699887 0.00498337 0.999982 0.00333494 -0.114471 0.0014966 -0.00334244 0.999993 0.990958
0 11 185 0.999998 -0.00214776 -0.000584175 -0.0669748 0.00214866 0.999997 0.00153156 -0.0614983 0.000580884 -0.00153281 0.999999 0.995858
0 12 307 0.999998 4.82288e-05 -0.00177213 0.21464 -4.50527e-05 0.999998 0.00179223 -0.120389 0.00177222 -0.00179214 0.999997 0.969245
0 13 24 0.999988 0.0042208 -0.0025722 -0.50915 -0.00420791 0.999979 0.00499714 0.244808 0.00259323 -0.00498625 0.999984 -0.825128
0 14 424 0.999971 0.0073839 0.00178499 0.199863 -0.00739123 0.999964 0.00413127 -0.117304 -0.00175442 -0.00414434 0.99999 0.972777
15 16 32 1 0.000289145 -0.000902553 -0.0217057 -0.000288304 1 0.00093174 0.100806 0.000902822 -0.000931479 0.999999 0.994669
15 17 268 0.999997 -4.22548e-06 -0.00235213 0.202724 4.42219e-06 1 8.36256e-05 -0.0835977 0.00235212 -8.36357e-05 0.999997 0.975661
15 18 56 0.999988 0.00486574 -0.000753749 0.113854 -0.00486472 0.999987 0.00135506 -0.0571669 0.000760333 -0.00135138 0.999999 -0.991851
15 19 173 0.999977 0.00595252 0.00310946 -0.1619 -0.0059597 0.99998 0.00230656 -0.0182123 -0.00309567 -0.00232504 0.999993 0.986639
15 20 64 0.999962 0.00833882 0.00248504 0.0889184 -0.00834295 0.999964 0.00165622 0.171062 -0.00247114 -0.00167689 0.999996 0.98124
15 21 224 0.99995 0.00979066 0.00200594 0.192719 -0.0097952 0.999949 0.0022636 -0.015108 -0.00198368 -0.00228313 0.999995 0.981138
15 22 81 0.999965 0.00598504 0.00588053 -0.342606 -0.00600595 0.999976 0.00354454 -0.087624 -0.00585917 -0.00357974 0.999976 0.935384
15 23 106 0.999979 0.00514609 0.00388747 -0.180879 -0.00515783 0.999982 0.00301521 -0.0514395 -0.00387188 -0.00303519 0.999988 0.982159
15 24 383 0.999975 0.0060744 0.00357604 0.0390997 -0.0060874 0.999975 0.00363653 0.0137421 -0.00355386 -0.00365821 0.999987 0.999141
15 25 701 0.999985 0.00384862 0.00387622 0.0253861 -0.00386941 0.999978 0.00537066 0.00440022 -0.00385546 -0.00538557 0.999978 0.999668
15 26 355 0.999988 0.00346218 -0.00346103 0.540504 -0.00344525 0.999982 0.00488761 -0.146146 0.00347789 -0.00487563 0.999982 0.828551
15 27 174 0.999967 0.00298426 -0.00758326 0.83057 -0.00296014 0.999991 0.00319022 -0.029897 0.0075927 -0.00316767 0.999966 0.556111
15 28 2626 0.998867 0.00727931 -0.0470188 0.943558 -0.00707729 0.999965 0.00446178 -0.0702923 0.0470496 -0.00412396 0.998884 0.323661
15 29 2726 0.999677 0.00260902 -0.0252609 0.848488 -0.00268745 0.999992 -0.00307125 0.0182373 0.0252527 0.00313815 0.999676 0.528901
30 31 136 0.999997 -0.0025854 -6.15167e-05 0.358602 0.00258511 0.999987 -0.00435553 -0.132093 7.27767e-05 0.00435535 0.999991 0.924097
30 32 27 0.999999 0.000610805 -0.00104547 0.57921 -0.000619878 0.999962 -0.00869947 0.512726 0.00104011 0.00870011 0.999962 0.633742
30 33 237 0.999974 -5.46861e-05 -0.00717286 0.853618 6.88109e-05 0.999998 0.00196896 -0.464545 0.00717274 -0.00196941 0.999972 0.235658
30 34 0 1 0 0 0 0 1 0 0 0 0 1 0
30 35 193 0.99992 -0.00134715 0.0125758 -0.00779722 0.00153085 0.999892 -0.0146091 -0.0155206 -0.0125547 0.0146271 0.999814 0.999849
30 36 13 0.999955 -0.00160447 0.0093845 0.786764 0.00172357 0.999918 -0.0126964 -0.135978 -0.00936336 0.012712 0.999875 -0.60209
30 37 13 0.99996 -0.00793758 0.004008 0.976752 0.00798831 0.999886 -0.012804 0.146132 -0.00390591 0.0128355 0.99991 0.156846
30 38 28 0.999751 0.00236714 0.0221896 -0.422801 -0.00200906 0.999868 -0.0161454 0.873334 -0.0222249 0.0160968 0.999623 0.241924
30 39 13 0.99992 -0.0077909 0.00992269 0.998083 0.00785938 0.999945 -0.00688158 0.00563608 -0.00986853 0.00695902 0.999927 0.0616276
30 40 695 0.999895 0.0029455 0.0141609 0.561316 -0.00310218 0.999934 0.0110553 -0.785409 -0.0141274 -0.011098 0.999839 -0.260878
30 41 13 0.999602 -0.00713106 0.0272817 0.689132 0.00706783 0.999972 0.00241365 -0.0580202 -0.0272982 -0.00221986 0.999625 -0.722309
30 42 254 0.999532 -0.00525468 0.0301447 -0.0332694 0.00527651 0.999986 -0.000644465 -0.0203944 -0.0301409 0.000803222 0.999545 0.999238
30 43 2571 0.99985 -0.00272443 -0.0170991 0.964896 0.00247943 0.999894 -0.0143327 0.236456 0.0171363 0.0142882 0.999751 0.114304
30 44 189 0.999677 -0.00800576 0.0241379 -0.08861 0.00802725 0.999967 -0.000793677 -0.0464804 -0.0241308 0.000987181 0.999708 0.994981
45 46 0 1 0 0 0 0 1 0 0 0 0 1 0
45 47 0 1 0 0 0 0 1 0 0 0 0 1 0
45 48 11 0.99973 0.0218874 0.00775588 0.173389 -0.0220107 0.999627 0.0161884 -0.576394 -0.00739866 -0.0163548 0.999839 -0.798565
45 49 25 0.999832 0.0176393 0.00492566 0.561505 -0.0177142 0.999721 0.0155999 0.0225479 -0.00464912 -0.0156845 0.999866 0.827166
45 50 141 0.999804 0.0195472 0.00302285 -0.04862 -0.0195957 0.999665 0.0169321 -0.0502236 -0.00269086 -0.0169881 0.999852 0.997554
45 51 103 0.999797 0.0197619 -0.00381593 -0.394708 -0.0196918 0.999651 0.0175893 0.208675 0.0041622 -0.0175106 0.999838 -0.894796
45 52 386 0.999849 0.0169256 -0.0040559 0.0961115 -0.016864 0.999748 0.0147865 -0.167585 0.00430515 -0.0147158 0.999882 0.981162
45 53 236 0.999689 0.0238461 -0.00733744 0.271187 -0.0237574 0.999646 0.011938 0.00818913 0.00761952 -0.01176 0.999902 0.962492
45 54 296 0.999551 0.0280999 -0.0103871 0.138916 -0.02804 0.99959 0.00586951 -0.0451053 0.0105478 -0.00557562 0.999929 0.989276
45 55 34 0.999479 0.0264267 -0.0185331 0.633229 -0.0263645 0.999646 0.00359031 0.159128 0.0186214 -0.00309982 0.999822 0.757429
45 56 404 0.999452 0.0255177 -0.0210876 0.294525 -0.0254767 0.999673 0.00221007 -0.0729821 0.0211371 -0.00167162 0.999775 0.952853
45 57 2332 0.997551 0.0293501 -0.0634813 0.96327 -0.0287274 0.99953 0.0107007 -0.267323 0.0637655 -0.0088508 0.997926 -0.0255042
45 58 55 0.999236 0.0273438 -0.0279173 0.148664 -0.0274261 0.999621 -0.00257116 -0.093883 0.0278364 0.00333486 0.999607 -0.984421
45 59 101 0.999191 0.0254342 -0.0311458 0.496122 -0.0255156 0.999672 -0.00221771 0.101696 0.0310792 0.00301062 0.999512 -0.862277
60 61 0 1 0 0 0 0 1 0 0 0 0 1 0
60 62 40 0.999998 -4.87666e-05 0.00211829 -0.420492 3.35403e-05 0.999974 0.00718746 -0.252839 -0.00211858 -0.00718737 0.999972 0.871354
60 63 39 0.999987 0.00302932 -0.00402602 0.980516 -0.00297845 0.999916 0.0125805 -0.168966 0.00406379 -0.0125683 0.999913 -0.100192
60 64 2131 0.999913 0.0104276 -0.00802968 0.974996 -0.0103125 0.999845 0.0142522 -0.222195 0.00817705 -0.0141682 0.999866 0.00339591
60 65 496 0.9998 0.00982065 0.0173945 0.30939 -0.0098999 0.999941 0.00447573 -0.008247 -0.0173495 -0.00464704 0.999839 0.9509
60 66 103 0.9997 0.009476 0.0225917 -0.360438 -0.00954737 0.99995 0.00305329 0.0572465 -0.0225616 -0.00326807 0.99974 0.931025
60 67 2577 0.999804 0.0104617 -0.0167807 0.980426 -0.0104308 0.999944 0.00192864 -0.0499578 0.0168 -0.00175323 0.999857 0.190445
60 68 999 0.999621 0.00754006 0.0264725 -0.00119862 -0.00744975 0.999966 -0.00350844 -0.0327172 -0.0264981 0.0033099 0.999643 0.999464
60 69 2451 0.999931 0.00847646 -0.00809854 0.958934 -0.008584 0.999874 -0.0133382 0.217977 0.00798446 0.0134068 0.999878 0.18147
60 70 2311 0.999846 0.0100513 -0.0143595 0.996527 -0.0100524 0.999949 -6.50904e-06 -0.0810237 0.0143587 0.000150855 0.999897 -0.0192227
60 71 2096 0.999899 0.0114715 0.00837238 0.983464 -0.0115012 0.999928 0.00351773 -0.177441 -0.00833142 -0.00361366 0.999959 0.0362265
60 72 2132 0.999813 0.0149662 0.012241 0.948042 -0.0148824 0.999865 -0.00691217 0.142107 -0.0123428 0.0067287 0.999901 0.284644
60 73 2110 0.99987 0.0160346 -0.00160015 0.989253 -0.016042 0.99986 -0.00477448 -0.00608725 0.00152337 0.00479953 0.999987 0.14609
60 74 1910 0.999622 0.0114086 0.0250324 0.783399 -0.0110676 0.999845 -0.0137193 0.0996741 -0.0251851 0.0134371 0.999592 0.613475
75 76 75 0.999992 -0.00343757 -0.00214467 -0.00875477 0.00343093 0.999989 -0.00309027 0.229194 0.00215527 0.00308288 0.999993 -0.973341
75 77 1927 0.999731 -0.00131867 -0.0231594 0.971436 0.00138442 0.999995 0.00282305 -0.189517 0.0231556 -0.00285435 0.999728 -0.142814
75 78 55 0.999999 -0.00108511 -0.000886186 -0.14252 0.00108625 0.999999 0.00128808 0.0495593 0.000884787 -0.00128904 0.999999 0.98855
75 79 71 0.99997 0.00489719 0.00599158 0.171986 -0.00487856 0.999983 -0.00311933 -0.098257 -0.00600675 0.00309001 0.999977 -0.980187
75 80 2498 0.999902 0.00136429 -0.0139516 0.924112 -0.00153009 0.999928 -0.0118804 0.366652 0.0139344 0.0119005 0.999832 -0.107627
75 81 66 0.999968 -0.00195739 0.00781748 0.467658 0.00195116 0.999998 0.000805383 -0.0125327 -0.00781904 -0.000790104 0.999969 -0.883821
75 82 121 0.999978 -0.0059198 0.00307573 0.417366 0.00591569 0.999982 0.00134319 0.157265 -0.00308362 -0.00132497 0.999994 -0.895027
75 83 2324 0.998834 -0.00136173 -0.0482645 0.988167 0.00109954 0.999984 -0.00545853 0.145696 0.0482712 0.00539909 0.99882 -0.0479422
75 84 2240 0.999583 -0.00479103 -0.0284777 0.960566 0.0046636 0.999979 -0.00453966 0.193265 0.0284988 0.00440496 0.999584 0.199902
75 85 2174 0.999788 -0.00984658 -0.0181018 0.876102 0.00979546 0.999948 -0.0029103 0.23508 0.0181295 0.00273236 0.999832 0.420932
75 86 2013 0.999069 0.003293 -0.0430089 0.99166 -0.00255638 0.999849 0.017171 -0.0975261 0.043059 -0.0170451 0.998927 -0.0842615
75 87 2043 0.999325 0.000257752 -0.0367291 0.981577 0.000253079 0.999903 0.0139027 0.0253469 0.0367292 -0.0139026 0.999229 0.189377
75 88 1919 0.998346 0.00496137 -0.0572782 0.998279 -0.00414734 0.999889 0.014322 0.0354807 0.0573429 -0.0140608 0.998256 0.0466925
75 89 1910 0.999136 0.00981395 -0.0403891 0.972529 -0.00912338 0.99981 0.017247 0.00642581 0.0405507 -0.0168637 0.999035 0.232693
90 91 0 1 0 0 0 0 1 0 0 0 0 1 0
90 92 18 0.999942 0.00751706 0.00768381 0.530164 -0.00760477 0.999906 0.0114501 -0.608954 -0.00759701 -0.0115079 0.999905 0.590001
90 93 2007 0.99946 0.0133713 -0.0300307 0.99375 -0.0131986 0.999895 0.00594136 0.0288162 0.030107 -0.00554178 0.999531 0.107845
90 94 2312 0.999935 0.0114038 0.000685864 0.701587 -0.0114202 0.999388 0.0330541 -0.688349 -0.000308502 -0.0330598 0.999453 0.184257
90 95 1478 0.99987 0.00634196 0.0148378 0.592539 -0.00638724 0.999975 0.00300638 -0.0217374 -0.0148184 -0.00310076 0.999885 0.805248
90 96 2189 0.999916 0.00772831 -0.0103589 0.88713 -0.00759921 0.999894 0.0124452 -0.270226 0.010454 -0.0123654 0.999869 0.374136
90 97 2075 0.999936 0.00976179 0.00563366 0.731308 -0.00981141 0.999913 0.00884757 -0.388045 -0.0055468 -0.00890228 0.999945 0.560901
90 98 1839 0.999991 0.00280752 0.00325782 0.707169 -0.00277372 0.999943 -0.0103362 0.0157372 -0.00328665 0.0103271 0.999941 0.70687
90 99 1529 0.999281 -0.00137437 0.0378911 -0.292955 0.00219399 0.999764 -0.0215979 0.0483864 -0.0378525 0.0216655 0.999048 0.954901
90 100 1849 0.997746 0.00198431 -0.0670749 0.971776 -0.00222442 0.999991 -0.00350524 -0.159488 0.0670673 0.00364655 0.997742 0.173826
90 101 1488 0.999185 -0.000346491 -0.0403527 0.843205 0.000978669 0.999877 0.0156476 -0.461374 0.0403423 -0.0156744 0.999063 0.275934
90 102 1623 0.999709 -0.00943384 -0.0222097 0.898484 0.00879534 0.99955 -0.0286729 -0.110388 0.0224702 0.0284692 0.999342 0.4249
90 103 1461 0.9998 -0.0110836 -0.0166322 0.932075 0.0107603 0.999754 -0.0193987 -0.288185 0.0168431 0.0192158 0.999673 0.219513
90 104 1472 0.999781 -0.00813796 -0.0192874 0.896269 0.0077525 0.99977 -0.0199764 -0.311411 0.0194455 0.0198224 0.999614 0.315794
105 106 35 0.999989 -0.000637237 0.00466941 0.0463444 0.000656136 0.999992 -0.00404698 0.264389 -0.00466679 0.00405 0.999981 -0.963302
105 107 142 0.999896 0.000870339 0.0143824 0.000150337 -0.000752279 0.999966 -0.00821206 -0.128976 -0.014389 0.00820039 0.999863 0.991648
105 108 203 0.999808 0.00477912 0.0189982 0.218293 -0.00454287 0.999912 -0.0124591 0.00708785 -0.0190561 0.0123704 0.999742 -0.975857
105 109 1966 0.999951 0.00904171 0.00395048 0.830972 -0.00897919 0.999839 -0.0155664 0.0171115 -0.00409059 0.0155301 0.999871 -0.556051
105 110 2047 0.999915 0.0130075 -0.00134006 0.840992 -0.0130135 0.999905 -0.00449437 -0.266515 0.00128147 0.00451142 0.999989 -0.470853
105 111 1965 0.999974 0.00676259 -0.00249395 0.901071 -0.00681077 0.99978 -0.0198451 0.0886049 0.0023592 0.0198616 0.9998 -0.424523
105 112 1886 0.999945 0.0067347 -0.0080127 0.86834 -0.00694663 0.999619 -0.0267225 0.245704 0.00782967 0.0267767 0.999611 -0.43083
105 113 1738 0.999949 0.00617934 0.00798229 0.68744 -0.0060134 0.999769 -0.0206482 0.0345724 -0.00810804 0.0205991 0.999755 -0.725418
105 114 1439 0.999949 0.00605654 -0.0081097 0.793388 -0.00624943 0.999693 -0.023975 0.166511 0.007962 0.0240245 0.99968 -0.585499
105 115 1624 0.999884 0.0103346 -0.0112039 0.830393 -0.0104285 0.999911 -0.00836095 -0.00713734 0.0111165 0.00847682 0.999902 -0.557133
105 116 1599 0.999471 0.00820629 -0.0314836 0.869832 -0.00899038 0.999651 -0.0248444 0.19542 0.0312687 0.0251143 0.999195 -0.452993
105 117 1289 0.999954 0.00883728 0.00372649 0.774326 -0.00878324 0.999859 -0.0142784 0.174123 -0.00385215 0.014245 0.999891 -0.608359
105 118 1443 0.999905 0.0119007 -0.00699896 0.807335 -0.0119866 0.999852 -0.0123596 0.204111 0.00685084 0.0124423 0.999899 -0.553669
105 119 1376 0.999101 0.0264669 -0.0331073 0.872133 -0.0262638 0.999634 0.00655179 0.00397323 0.0332686 -0.00567637 0.99943 -0.489252
120 121 17 1 0.000501563 0.000139801 0.489318 -0.000501961 0.999996 0.00286161 0.593981 -0.000138365 -0.00286168 0.999996 -0.638557
120 122 81 0.999956 0.00521384 0.00774099 -0.0348272 -0.00529138 0.999936 0.0100299 0.360372 -0.00768819 -0.0100704 0.99992 -0.932158
120 123 262 0.999837 0.0129141 0.0126453 -0.0352288 -0.013093 0.999814 0.0141663 -0.00585567 -0.01246 -0.0143296 0.99982 -0.999362
120 124 397 0.999828 0.017801 0.00526977 0.724711 -0.017835 0.99982 0.00648146 0.286386 -0.00515345 -0.00657433 0.999965 -0.626719
120 125 1770 0.99951 0.0283946 -0.0131724 0.876209 -0.0284501 0.999587 -0.00404428 0.328744 0.0130522 0.00441706 0.999905 -0.3524
120 126 1738 0.999432 0.0334945 0.00375479 0.746417 -0.0334935 0.999439 -0.000321155 0.266412 -0.00376344 0.000195211 0.999993 -0.609825
120 127 1699 0.999583 0.0275917 -0.00849807 0.705855 -0.0277235 0.999491 -0.0158055 0.423599 0.00805764 0.0160345 0.999839 -0.567744
120 128 1737 0.999126 0.0339914 -0.0243122 0.712536 -0.0345579 0.999132 -0.0232733 0.481778 0.0235 0.0240931 0.999433 -0.51008
120 129 1567 0.999404 0.034385 -0.00289147 0.386735 -0.0343793 0.999407 0.00200179 0.118041 0.00295859 -0.00190119 0.999994 -0.914605
120 130 1596 0.999537 0.0283329 -0.0111256 0.539401 -0.0285167 0.999453 -0.0167226 0.452222 0.0106457 0.0170321 0.999798 -0.710311
120 131 1602 0.999415 0.032965 -0.00907992 0.311096 -0.0330303 0.999429 -0.00713706 0.290116 0.00883946 0.0074328 0.999933 -0.905015
120 132 1505 0.99905 0.0348848 -0.0261079 0.498068 -0.0352058 0.999309 -0.0119377 0.381704 0.0256734 0.0128455 0.999588 -0.778608
120 133 1520 0.998166 0.0401068 -0.0453418 0.610859 -0.0408085 0.999059 -0.014657 0.396455 0.0447113 0.0164805 0.998864 -0.685328
120 134 1462 0.998861 0.0362769 -0.0310059 0.486021 -0.0364371 0.999325 -0.00461712 0.350284 0.0308175 0.00574163 0.999509 -0.800678
135 136 0 1 0 0 0 0 1 0 0 0 0 1 0
135 137 24 0.999919 0.00164765 -0.0125927 0.916594 -0.00167703 0.999996 -0.00232351 0.353191 0.0125888 0.00234445 0.999918 -0.18738
135 138 418 0.999966 0.00147914 -0.00810362 0.229879 -0.0014517 0.999993 0.00339158 0.102186 0.00810858 -0.0033797 0.999961 -0.96784
135 139 725 0.999842 0.00216073 -0.0176527 0.660706 -0.00214273 0.999997 0.00103889 0.417159 0.0176549 -0.0010009 0.999844 -0.624057
135 140 1868 0.999558 0.00805894 -0.0286017 0.69977 -0.00814708 0.999962 -0.00296622 0.426673 0.0285767 0.00319793 0.999586 -0.57295
135 141 1675 0.999625 0.0081801 -0.0261303 0.741987 -0.00801737 0.999948 0.00632627 0.20492 0.0261807 -0.0061144 0.999639 -0.638328
135 142 1786 0.998722 0.00850214 -0.0498209 0.729365 -0.00956118 0.999733 -0.0210572 0.565238 0.0496286 0.0215067 0.998536 -0.3854
135 143 1713 0.999539 0.00860026 -0.0291119 0.415793 -0.00844884 0.99995 0.00532041 0.274289 0.0291562 -0.00507199 0.999562 -0.867111
135 144 1568 0.999491 0.0156267 -0.0278105 0.369328 -0.0151648 0.999745 0.0167428 0.151548 0.0280651 -0.0163125 0.999473 -0.916859
135 145 1551 0.999529 0.0146723 -0.026937 0.347874 -0.0142838 0.999792 0.0145593 0.289265 0.027145 -0.0141677 0.999531 -0.891801
135 146 1518 0.998363 0.0231518 -0.0523011 0.653471 -0.022389 0.999635 0.0151242 0.287254 0.0526322 -0.0139284 0.998517 -0.700329
135 147 1376 0.997016 0.0299249 -0.0711548 0.737172 -0.0286585 0.999413 0.0187521 0.264318 0.0716742 -0.016657 0.997289 -0.621863
135 148 1387 0.997317 0.0381096 -0.0624983 0.68626 -0.0369441 0.999123 0.0197002 0.381843 0.0631942 -0.0173384 0.997851 -0.619066
135 149 1239 0.998208 0.0382903 -0.0459753 0.537365 -0.0366834 0.998703 0.0353009 0.307866 0.0472674 -0.0335512 0.998319 -0.785148
150 151 16 0.999916 0.0125156 0.00341752 0.079788 -0.0125669 0.999802 0.0154396 -0.61807 -0.00322361 -0.0154813 0.999875 -0.782064
150 152 0 1 0 0 0 0 1 0 0 0 0 1 0
150 153 75 0.999614 0.027302 0.00517438 -0.0468168 -0.0273607 0.999558 0.0116247 -0.32179 -0.00485472 -0.0117617 0.999919 -0.945653
150 154 154 0.9995 0.0315656 -0.00170739 0.0416844 -0.0315333 0.999367 0.0164583 -0.323278 0.00222582 -0.0163962 0.999863 -0.945385
150 155 883 0.998501 0.031985 -0.0444236 0.867025 -0.0321256 0.999481 -0.0024546 0.478583 0.044322 0.00387805 0.99901 -0.138659
150 156 207 0.999292 0.0369018 -0.00727855 0.0823377 -0.0367308 0.999075 0.0223656 -0.141873 0.00809714 -0.0220824 0.999723 -0.986455
150 157 227 0.999466 0.0322124 -0.00553385 0.121392 -0.0321042 0.999311 0.0186344 0.049458 0.0061303 -0.0184467 0.999811 -0.991372
150 158 781 0.996696 0.0406105 -0.0703422 0.815829 -0.0423048 0.998845 -0.022765 0.552402 0.0693365 0.0256656 0.997263 -0.171099
150 159 225 0.999444 0.031351 -0.0113277 0.261192 -0.03115 0.999361 0.0175049 0.165549 0.0118693 -0.0171423 0.999783 -0.950985
150 160 708 0.998057 0.0371466 -0.0500305 0.821842 -0.0365552 0.999251 0.0126838 0.153138 0.0504642 -0.0108303 0.998667 -0.548748
150 161 400 0.999222 0.0300018 -0.0255826 0.294388 -0.0296385 0.999456 0.0144639 0.211217 0.0260026 -0.0136945 0.999568 -0.932053
150 162 729 0.997641 0.0424877 -0.0539243 0.580774 -0.0415101 0.998955 0.0191221 0.18987 0.0546804 -0.0168386 0.998362 -0.791613
150 163 665 0.997337 0.0469736 -0.0557917 0.548776 -0.045577 0.998621 0.0260455 0.131938 0.0569382 -0.0234334 0.998103 -0.825493
150 164 708 0.997338 0.0527599 -0.0503285 0.410257 -0.0511246 0.998139 0.0332444 0.0856412 0.0519888 -0.0305829 0.998179 -0.90794
165 166 65 0.99998 0.005577 -0.00285582 0.334332 -0.0055601 0.999967 0.00589238 0.155003 0.00288859 -0.00587639 0.999979 -0.929622
165 167 47 0.99997 0.00572107 -0.00513484 0.0360471 -0.0056898 0.999965 0.00608371 0.38998 0.00516947 -0.00605431 0.999968 -0.920118
165 168 169 0.999936 0.00937369 -0.00626124 -0.112396 -0.009318 0.999917 0.0088642 0.176461 0.00634381 -0.0088053 0.999941 -0.977869
165 169 1920 0.998517 0.0180616 -0.0513608 0.679758 -0.0196316 0.99935 -0.0302288 0.714317 0.0507815 0.0311923 0.998223 -0.166373
165 170 1432 0.999613 0.011786 -0.0252107 0.402092 -0.0117056 0.999926 0.00333353 0.295803 0.0252481 -0.00303713 0.999677 -0.8665
165 171 777 0.999747 0.0131574 -0.0182699 0.255558 -0.013014 0.999884 0.00794414 0.3053 0.0183723 -0.00770436 0.999802 -0.917323
165 172 831 0.999766 0.0139213 -0.0165843 0.12645 -0.0137677 0.999862 0.00934062 0.213984 0.0167121 -0.00911011 0.999819 -0.968618
165 173 1681 0.998863 0.0249762 -0.0405978 0.466331 -0.024766 0.999677 0.00567367 0.249983 0.0407264 -0.00466178 0.999159 -0.848554
165 174 1686 0.999103 0.0207066 -0.0369489 0.318789 -0.0202743 0.999722 0.0120368 0.202505 0.0371879 -0.0112768 0.999245 -0.92594
165 175 1544 0.997991 0.0307831 -0.055367 0.585668 -0.0300178 0.999443 0.0146026 0.194639 0.0557856 -0.0129113 0.998359 -0.786834
165 176 1469 0.995664 0.037691 -0.0850468 0.82987 -0.0381036 0.999269 -0.00323263 0.33003 0.0848628 0.0064592 0.996372 -0.449885
165 177 1454 0.995671 0.0481574 -0.0794939 0.743284 -0.0489213 0.998773 -0.00768997 0.398629 0.0790261 0.0115456 0.996806 -0.537237
165 178 1438 0.994832 0.060699 -0.0813993 0.744981 -0.0618813 0.99801 -0.0120788 0.415392 0.0805042 0.0170534 0.996608 -0.521971
165 179 1333 0.993339 0.0635595 -0.0961174 0.765255 -0.0647979 0.99785 -0.00981518 0.285108 0.0952869 0.015978 0.995322 -0.577146
180 181 110 0.999986 0.00520451 -0.000647093 0.331539 -0.00520481 0.999986 -0.000450516 0.147957 0.00064474 0.000453877 1 -0.931767
180 182 386 0.99976 0.0218824 0.000490678 0.321061 -0.0218854 0.999734 0.00734548 -0.65972 -0.00032981 -0.00735446 0.999973 -0.679478
180 183 925 0.999737 0.0227837 -0.00248855 0.484949 -0.0227909 0.999736 -0.00291635 -0.140367 0.00242145 0.0029723 0.999993 -0.863204
180 184 2536 0.999716 0.0172456 -0.0164292 0.717931 -0.0176726 0.9995 -0.0262116 0.547315 0.015969 0.0264945 0.999521 -0.43014
180 185 1447 0.999851 0.0168399 -0.00373002 0.341949 -0.0169031 0.999702 -0.0176035 0.334893 0.00343247 0.017664 0.999838 -0.878019
180 186 2379 0.998726 0.0295697 -0.0408806 0.82176 -0.0298884 0.999527 -0.00720713 -0.00516556 0.0406482 0.00841981 0.999138 -0.569811
180 187 1519 0.999593 0.0274757 -0.00766446 0.419323 -0.0276052 0.999469 -0.0173346 0.198926 0.00718411 0.0175391 0.99982 -0.885774
180 188 2119 0.9993 0.0296445 -0.0228284 0.644856 -0.0303013 0.99912 -0.028984 0.323252 0.0219491 0.0296554 0.999319 -0.692581
180 189 1926 0.997353 0.0281287 -0.0670464 0.792612 -0.030936 0.998672 -0.0412062 0.330028 0.0657983 0.0431712 0.996899 -0.512687
180 190 1791 0.996288 0.0282327 -0.0813171 0.821059 -0.031675 0.998642 -0.0413583 0.306364 0.080039 0.0437805 0.99583 -0.481667
180 191 1742 0.998718 0.0219069 -0.0456306 0.570483 -0.0232908 0.999278 -0.0300217 0.253821 0.0449399 0.031046 0.998507 -0.781105
180 192 1810 0.994741 0.0303229 -0.0978303 0.807987 -0.0338819 0.998815 -0.0349249 0.21125 0.0966554 0.0380559 0.99459 -0.550028
180 193 1703 0.990692 0.0348319 -0.131593 0.866071 -0.0412538 0.998071 -0.0463935 0.243849 0.129723 0.0513904 0.990218 -0.436416
180 194 1457 0.997504 0.0155076 -0.0688913 0.643316 -0.0186176 0.998826 -0.0447325 0.371255 0.0681167 0.0459034 0.996621 -0.669563
195 196 1442 0.99964 -0.00441478 -0.0264652 0.882641 0.00452322 0.999982 0.00403876 0.133272 0.0264469 -0.00415701 0.999642 -0.450759
195 197 277 0.999859 0.00367595 -0.0163738 0.406608 -0.00333053 0.999772 0.0210735 -0.258878 0.0164475 -0.021016 0.999644 -0.876158
195 198 1919 0.999012 -0.00127015 -0.044416 0.832031 0.00245453 0.999643 0.0266213 -0.0177479 0.0443663 -0.026704 0.998658 -0.554446
195 199 486 0.999446 0.00423566 -0.0330014 0.48777 -0.00311818 0.999422 0.0338399 -0.159524 0.0331257 -0.0337182 0.998882 -0.858273
195 200 1553 0.992498 0.00775838 -0.122018 0.982912 -0.00268568 0.999127 0.0416831 0.00514576 0.122235 -0.0410427 0.991652 -0.184002
195 201 1530 0.997512 0.00209613 -0.0704631 0.995659 0.000323021 0.999411 0.0343032 0.0928514 0.0704935 -0.0342407 0.996924 0.00639072
195 202 1648 0.993806 0.0109567 -0.110587 0.987205 -0.00766659 0.999516 0.0301332 0.100966 0.110864 -0.0290987 0.993409 -0.123422
195 203 1516 0.994892 0.0233838 -0.0981987 0.927242 -0.0178516 0.998224 0.0568432 -0.130628 0.0993535 -0.0547998 0.993542 -0.35094
195 204 1108 0.997916 0.0263593 -0.0588905 0.728742 -0.0233221 0.998391 0.051679 -0.165746 0.060158 -0.0501979 0.996926 -0.664427
195 205 1355 0.996437 0.0169185 -0.0826232 0.896671 -0.0134173 0.998996 0.0427481 -0.0170082 0.0832635 -0.0414872 0.995664 -0.442371
195 206 1356 0.994231 0.029488 -0.103127 0.941765 -0.0244498 0.998461 0.0497813 -0.111132 0.104436 -0.0469726 0.993422 -0.317378
195 207 1273 0.995747 0.0337411 -0.08573 0.903175 -0.029656 0.998384 0.048486 -0.138311 0.0872274 -0.0457374 0.995138 -0.406381
195 208 1238 0.987824 0.0398265 -0.150394 0.98322 -0.0340087 0.998578 0.0410604 -0.014725 0.151816 -0.0354457 0.987773 -0.181831
195 209 1197 0.993894 0.0667428 -0.0878606 0.793754 -0.06111 0.995992 0.0653131 -0.307792 0.0918676 -0.0595452 0.993989 -0.524612
210 211 2476 0.999976 0.00500008 -0.00478321 0.494184 -0.00491465 0.999831 0.0177082 -0.853999 0.00487094 -0.0176843 0.999832 -0.16269
210 212 138 0.999799 0.0192796 0.00553645 0.64694 -0.0193189 0.999788 0.00713477 -0.730849 -0.00539772 -0.00724029 0.999959 -0.217548
210 213 487 0.999953 0.00708334 0.00661467 0.802643 -0.00707487 0.999974 -0.00130246 0.00217234 -0.00662373 0.0012556 0.999977 -0.596456
210 214 577 0.9999 0.00510512 0.0131973 0.736877 -0.00514464 0.999982 0.00296271 0.0699762 -0.013182 -0.00303031 0.999909 -0.672396
210 215 2151 0.999879 0.0036398 -0.0150956 0.990477 -0.00353682 0.99997 0.00684284 0.0193109 0.01512 -0.00678863 0.999863 -0.13632
210 216 1223 0.999825 -0.0183414 0.00379482 0.920987 0.0183185 0.999814 0.00597652 0.170563 -0.00390373 -0.00590595 0.999975 -0.350273
210 217 945 0.999812 -0.0146267 0.0127386 0.875989 0.0144067 0.999748 0.0171989 0.0792509 -0.012987 -0.0170122 0.999771 -0.475776
210 218 1610 0.99992 -0.0126595 -0.000184898 0.84752 0.0126594 0.999474 0.0298419 -0.0394232 -0.000192984 -0.0298419 0.999555 -0.529298
210 219 1737 0.998517 -0.0147922 -0.0523928 0.965564 0.0167401 0.999177 0.036938 -0.0253086 0.0518033 -0.0377603 0.997943 -0.258932
210 220 1724 0.996013 -0.0158933 -0.0877783 0.996565 0.018961 0.999234 0.0342252 0.0190773 0.0871672 -0.0357531 0.995552 -0.0805829
210 221 469 0.999056 -0.0207279 0.0381799 0.776693 0.0195429 0.999324 0.0311521 -0.0491269 -0.0387998 -0.0303765 0.998785 -0.627961
210 222 812 0.999322 0.000799276 0.0368063 0.712282 -0.00188944 0.99956 0.0295937 -0.119031 -0.0367665 -0.0296432 0.998884 -0.691726
210 223 1446 0.999892 -0.0134531 -0.00590248 0.905879 0.0136101 0.999531 0.0274167 -0.0568459 0.00553088 -0.0274941 0.999607 -0.419704
210 224 1506 0.999808 0.00236674 -0.019459 0.89806 -0.0015605 0.999144 0.041344 -0.178278 0.0195402 -0.0413057 0.998955 -0.402125
225 226 0 1 0 0 0 0 1 0 0 0 0 1 0
225 227 1672 0.99979 0.0126533 -0.016149 0.881049 -0.0126793 0.999918 -0.00151047 -0.155207 0.0161286 0.00171491 0.999868 -0.446837
225 228 813 0.999594 0.0283478 -0.00293605 0.630131 -0.0283387 0.999594 0.00309806 -0.504606 0.00302268 -0.0030136 0.999991 -0.590176
225 229 262 0.999894 0.0124836 0.00750015 0.42795 -0.0124235 0.999891 -0.0080095 0.0733668 -0.00759932 0.00791547 0.99994 -0.90082
225 230 783 0.999472 0.0320241 -0.00543814 0.605525 -0.0319676 0.999437 0.0101807 -0.714794 0.00576111 -0.0100015 0.999933 -0.349869
225 231 1173 0.999685 0.0207506 -0.0140969 0.921315 -0.0208436 0.999762 -0.00648243 -0.235639 0.013959 0.00677422 0.99988 -0.309279
225 232 295 0.999096 0.041124 0.0107855 0.595823 -0.0409868 0.99908 -0.012648 -0.442133 -0.0112957 0.0121945 0.999862 -0.670457
225 233 320 0.999609 0.0254948 0.0115078 0.599062 -0.0252438 0.999451 -0.0214501 -0.177431 -0.0120484 0.0211512 0.999704 -0.780797
225 234 1663 0.999165 0.0317379 -0.0257126 0.864227 -0.0319039 0.999473 -0.00606973 -0.429068 0.0255064 0.006885 0.999651 -0.262704
225 235 1649 0.99922 0.0174132 -0.0354317 0.876658 -0.0179552 0.999726 -0.015035 -0.258928 0.0351602 0.0156594 0.999259 -0.405496
225 236 1557 0.99959 0.0136628 -0.0251742 0.9367 -0.0142416 0.999635 -0.0229591 -0.25311 0.0248513 0.0233082 0.999419 -0.241926
225 237 1554 0.998022 0.0110791 -0.0618841 0.983051 -0.0126988 0.999585 -0.0258421 -0.131566 0.0615722 0.0265769 0.997749 -0.127676
225 238 544 0.998736 0.0502486 0.000972752 0.734417 -0.0502071 0.998409 -0.02568 -0.42295 -0.00226159 0.0255987 0.99967 -0.530796
225 239 451 0.999234 0.0387075 0.00573907 0.783749 -0.0385021 0.998734 -0.0323792 -0.235827 -0.00698513 0.0321335 0.999459 -0.574563
240 241 950 0.99979 0.00232118 -0.0203838 0.976022 -0.00243251 0.999982 -0.00543862 0.163965 0.0203708 0.00548706 0.999777 -0.143169
240 242 1805 0.999901 -9.34301e-05 0.0140776 -0.748316 0.000216322 0.999962 -0.00872834 0.00862595 -0.0140762 0.00873052 0.999863 0.663286
240 243 765 0.999796 0.0136001 -0.014947 0.79119 -0.0136867 0.99989 -0.00570958 -0.333862 0.0148677 0.00591298 0.999872 0.512401
240 244 1045 0.999679 0.0124454 -0.0220814 0.947706 -0.0126309 0.999886 -0.00828072 -0.22039 0.0219758 0.00855697 0.999722 0.23083
240 245 1722 0.999154 0.0199894 0.0359303 -0.781106 -0.0190144 0.999447 -0.0272741 0.220429 -0.0364557 0.0265679 0.998982 0.584196
240 246 669 0.999783 0.0189979 -0.00858412 0.843383 -0.0191491 0.999657 -0.0178897 -0.231163 0.00824131 0.0180502 0.999803 0.485046
240 247 1562 0.998309 0.00816538 0.057557 -0.934795 -0.00687024 0.99972 -0.022664 0.0674733 -0.0577259 0.0222302 0.998085 0.348719
240 248 1673 0.998361 0.0136049 -0.0555914 0.974533 -0.0146549 0.999721 -0.0185249 0.0611916 0.0553239 0.0193092 0.998282 0.215734
240 249 959 0.999862 0.0103047 -0.0130222 0.93134 -0.0104226 0.999905 -0.00901718 -0.0320659 0.012928 0.00915166 0.999875 0.362736
240 250 1228 0.999382 0.0158065 -0.0314064 0.950605 -0.0161497 0.999812 -0.0107057 0.0990369 0.0312313 0.0112063 0.999449 0.29418
240 251 1249 0.999464 0.0244334 -0.0217783 0.957836 -0.0245033 0.999695 -0.00295056 0.0378985 0.0216996 0.00348262 0.999758 0.284806
240 252 1163 0.999877 0.00850258 -0.0131885 0.896548 -0.00856671 0.999952 -0.00481403 0.0611034 0.013147 0.00492642 0.999901 0.438712
240 253 1063 0.999943 -0.00330151 -0.0101335 0.90828 0.0032527 0.999983 -0.00483002 0.0646463 0.0101493 0.00479678 0.999937 0.413337
240 254 1205 0.999742 0.00287454 -0.0225367 0.958438 -0.0029713 0.999987 -0.00426111 0.0783774 0.0225242 0.00432697 0.999737 0.274324
255 256 77 0.999943 -0.0103023 0.00265548 -0.132067 0.0102995 0.999946 0.00106038 -0.164721 -0.00266626 -0.00103297 0.999996 0.977459
255 257 403 0.999866 -0.0149269 -0.00678975 0.865798 0.014945 0.999885 0.00261735 0.258016 0.0067499 -0.00271847 0.999974 0.428745
255 258 2071 0.998589 -0.0103054 0.052101 -0.750424 0.0108994 0.999879 -0.0111303 0.350541 -0.05198 0.0116825 0.99858 0.560343
255 259 1986 0.999513 -0.021722 -0.0223992 0.928175 0.0215823 0.999746 -0.00645852 0.199095 0.0225338 0.00597195 0.999728 0.314407
255 260 1808 0.999456 -0.024146 -0.0224501 0.861998 0.0238212 0.999609 -0.0146245 0.329998 0.0227945 0.0140818 0.999641 0.384787
255 261 943 0.999844 -0.0171275 0.00441507 0.7435 0.017107 0.999843 0.00464507 -0.0772998 -0.00449394 -0.00456882 0.999979 0.664253
255 262 1465 0.999622 -0.0266323 -0.00683083 0.771408 0.0265825 0.99962 -0.00728066 0.214169 0.00702214 0.00709633 0.99995 0.599217
255 263 1377 0.999256 -0.0320523 -0.0214648 0.877693 0.0320054 0.999485 -0.00252565 0.231947 0.0215347 0.00183678 0.999766 0.419351
255 264 849 0.999793 -0.0193383 -0.00629006 0.717241 0.019411 0.999743 0.011715 -0.0672914 0.0060619 -0.0118347 0.999912 0.693569
255 265 1424 0.999376 -0.0260222 -0.0238648 0.868887 0.0261712 0.99964 0.00595558 -0.0199928 0.0237012 -0.00657644 0.999697 0.494607
255 266 1481 0.998837 -0.0326234 -0.0355142 0.883077 0.0325634 0.999467 -0.00226416 0.126245 0.0355691 0.00110507 0.999367 0.451926
255 267 1234 0.999441 -0.0265972 -0.0202793 0.684352 0.0267537 0.999614 0.00748146 -0.0257732 0.0200725 -0.00801982 0.999766 0.728696
255 268 1386 0.998878 -0.0258618 -0.0396742 0.789666 0.0259151 0.999664 0.000829579 -0.00290685 0.0396394 -0.00185681 0.999212 0.61353
255 269 1226 0.998651 -0.0355383 -0.0378483 0.76856 0.0353913 0.999363 -0.00454752 0.033482 0.0379859 0.00320189 0.999273 0.638901
270 271 371 0.999998 0.00111228 -0.00189008 0.325227 -0.00110571 0.999993 0.00347179 -0.123148 0.00189393 -0.00346969 0.999992 0.937583
270 272 1701 0.999812 0.0178578 -0.00756123 0.633271 -0.0177296 0.999703 0.0166934 -0.582486 0.00785709 -0.0165562 0.999832 0.509585
270 273 1153 0.999958 0.00913402 0.00115213 0.66565 -0.00913973 0.999945 0.0050569 -0.150676 -0.00110588 -0.00506722 0.999987 0.730894
270 274 1771 0.99991 0.0132869 -0.00171523 0.600118 -0.013275 0.999889 0.00672994 -0.143669 0.00180446 -0.00670657 0.999976 0.786903
270 275 1832 0.998836 0.00938538 -0.047305 0.884419 -0.00995304 0.999881 -0.0117788 0.147767 0.0471888 0.0122359 0.998811 0.442684
270 276 1585 0.999669 0.0204705 -0.015605 0.816512 -0.0202472 0.999692 0.0143342 -0.171051 0.0158937 -0.0140135 0.999775 0.551408
270 277 1532 0.999812 0.0189008 -0.00424089 0.651159 -0.0188385 0.999721 0.0142817 -0.199224 0.00450964 -0.0141991 0.999889 0.732326
270 278 1441 0.999849 0.00989083 -0.0142811 0.759561 -0.00976424 0.999913 0.00890709 -0.0998069 0.014368 -0.0087663 0.999858 0.642733
270 279 1098 0.999817 0.0187665 -0.0037583 0.691893 -0.0187045 0.999699 0.0158968 -0.173217 0.00405549 -0.0158236 0.999867 0.700914
270 280 1194 0.999543 0.0107172 -0.028279 0.800602 -0.010617 0.999937 0.00369039 0.00483775 0.0283167 -0.00338847 0.999593 0.599177
270 281 1315 0.999553 0.0258286 -0.0150656 0.781191 -0.0256427 0.999594 0.0124045 -0.091015 0.0153798 -0.0120127 0.99981 0.617623
270 282 1132 0.999686 0.0189958 -0.0163524 0.792425 -0.0188104 0.999758 0.0114203 -0.0740766 0.0165654 -0.0111091 0.999801 0.605455
270 283 1021 0.999835 0.0179921 0.00268505 0.719278 -0.0180275 0.999742 0.0138012 -0.100991 -0.00243605 -0.0138473 0.999901 0.687343
270 284 1139 0.999655 0.0212554 -0.0154187 0.80582 -0.0210942 0.999722 0.0105481 -0.0840409 0.0156386 -0.0102192 0.999825 0.586166
285 286 145 0.999997 -0.00207715 0.00097522 0.613892 0.00207816 0.999997 -0.00103609 -0.0943122 -0.000973065 0.00103811 0.999999 0.783736
285 287 1873 0.999834 0.00124507 -0.0181798 0.653992 -0.000806929 0.99971 0.0240876 -0.704339 0.0182045 -0.024069 0.999545 0.276043
285 288 804 0.99999 0.00421409 0.00173743 0.783511 -0.00420069 0.999962 -0.00764197 -0.201635 -0.00176956 0.00763459 0.999969 0.587753
285 289 1871 0.999995 0.00189692 -0.00261996 0.686489 -0.00189954 0.999998 -0.000997217 -0.352326 0.00261806 0.00100219 0.999996 0.636081
285 290 1631 0.999948 0.00882823 -0.00509899 0.749041 -0.00886181 0.999939 -0.00660185 -0.354063 0.0050404 0.00664669 0.999965 0.559979
285 291 1895 0.999748 0.0136707 -0.0178153 0.908849 -0.0139014 0.99982 -0.0128929 -0.172524 0.0176358 0.0131374 0.999758 0.379775
285 292 1233 0.999848 0.016578 0.00538958 0.685096 -0.0165108 0.999788 -0.0122816 -0.302213 -0.00559205 0.0121907 0.99991 0.662805
285 293 1523 0.999826 0.0170947 -0.00750759 0.747665 -0.0172082 0.999735 -0.0153224 -0.262842 0.00724366 0.0154489 0.999854 0.609845
285 294 1534 0.999676 0.0199475 -0.0158327 0.756008 -0.0201643 0.999703 -0.0136537 -0.276592 0.0155557 0.0139685 0.999781 0.593252
285 295 1339 0.999534 0.0277021 -0.0128028 0.786125 -0.0278769 0.999518 -0.0136834 -0.308206 0.0124176 0.014034 0.999824 0.535739
285 296 839 0.999346 0.0360515 -0.00284465 0.703476 -0.0361034 0.999128 -0.0209751 -0.284135 0.00208598 0.0210641 0.999776 0.651451
285 297 1319 0.999049 0.0368369 -0.0233274 0.91136 -0.0374441 0.998956 -0.0261508 -0.194592 0.0223398 0.0269994 0.999386 0.362708
285 298 1208 0.998505 0.0459915 -0.0295286 0.84858 -0.0464447 0.998811 -0.0148465 -0.257246 0.0288107 0.0161957 0.999454 0.462316
285 299 1144 0.998118 0.0482195 -0.0378867 0.838761 -0.0487911 0.998706 -0.0143102 -0.261188 0.0371477 0.0161318 0.99918 0.477767
300 301 0 1 0 0 0 0 1 0 0 0 0 1 0
300 302 2296 0.999528 -7.62781e-05 -0.0307193 0.844251 -0.000522245 0.99981 -0.0194751 0.467471 0.030715 0.019482 0.999338 0.262126
300 303 44 0.999878 0.000730457 -0.0155716 0.981734 -0.000786624 0.999993 -0.0036012 -0.0315332 0.0155688 0.00361302 0.999872 0.187626
300 304 2174 0.999283 -0.00255307 -0.0377778 0.986819 0.00232214 0.999978 -0.00615549 0.130592 0.0377927 0.00606335 0.999267 0.0955763
300 305 217 0.999929 0.00175337 -0.0117668 0.801142 -0.00174813 0.999998 0.000455207 -0.0632488 0.0117676 -0.000434605 0.999931 0.595123
300 306 926 0.999736 0.00814375 -0.0214942 0.924326 -0.00808133 0.999963 0.00298927 -0.105345 0.0215177 -0.00281478 0.999765 0.366775
300 307 1845 0.996556 0.00922334 -0.0824022 0.950576 -0.0111828 0.999665 -0.0233498 0.27366 0.0821592 0.0241909 0.996326 0.14668
300 308 1779 0.998397 0.0156967 -0.0543733 0.985138 -0.0158126 0.999874 -0.0017016 0.0852143 0.0543397 0.00255866 0.998519 0.149135
300 309 1363 0.999248 0.0120484 -0.0368627 0.987163 -0.0120245 0.999927 0.000869121 0.0846055 0.0368705 -0.000425212 0.99932 0.135468
300 310 1379 0.998826 0.0156837 -0.0458401 0.988405 -0.0153888 0.999859 0.00677916 0.0032314 0.0459399 -0.00606577 0.998926 0.151807
300 311 1463 0.998398 0.0152572 -0.0544763 0.989145 -0.0147607 0.999846 0.00950367 -0.0405471 0.0546129 -0.00868434 0.99847 0.141234
300 312 1378 0.997541 0.0220024 -0.0665396 0.975672 -0.021556 0.99974 0.00741962 0.000978084 0.0666856 -0.00596705 0.997756 0.219234
300 313 1156 0.997292 0.024793 -0.0692421 0.976537 -0.023876 0.999616 0.0140392 -0.0342287 0.0695636 -0.012348 0.997501 0.21261
300 314 796 0.996944 0.0377102 -0.068411 0.965113 -0.0366236 0.999183 0.0170695 -0.0756833 0.0689989 -0.0145118 0.997511 0.250658
315 316 65 0.999983 0.00589489 0.000416675 -0.417723 -0.00589196 0.99996 -0.0067274 0.0726948 -0.000456316 0.00672483 0.999977 -0.905662
315 317 59 0.999968 0.0037157 -0.00713526 0.846404 -0.00378805 0.999941 -0.0101543 0.0471112 0.00709711 0.010181 0.999923 -0.530454
315 318 0 1 0 0 0 0 1 0 0 0 0 1 0
315 319 492 0.999803 0.00898165 -0.0176795 0.914427 -0.00920938 0.999875 -0.0128419 -0.0383725 0.017562 0.0130022 0.999761 -0.402929
315 320 1118 0.998687 0.0146823 -0.0490695 0.997342 -0.0155665 0.999722 -0.0176852 0.0342581 0.0487962 0.0184258 0.998639 0.064307
315 321 645 0.999407 0.0250467 -0.0236163 0.977563 -0.025444 0.999537 -0.0166769 -0.0670517 0.0231877 0.017268 0.999582 -0.199685
315 322 805 0.998762 0.0348749 -0.0354582 0.992775 -0.0355159 0.999214 -0.0176115 -0.0816944 0.0348161 0.018849 0.999216 0.0878816
315 323 429 0.998379 0.0499932 -0.027205 0.941564 -0.0503906 0.99863 -0.0141243 -0.154246 0.0264616 0.0154723 0.99953 -0.299442
315 324 424 0.998335 0.0454601 -0.0354926 0.966626 -0.0460053 0.998833 -0.0146982 0.0956091 0.034783 0.0163066 0.999262 -0.237685
315 325 785 0.995722 0.0560224 -0.0734764 0.999412 -0.0571862 0.998268 -0.0138317 0.0333066 0.0725742 0.0179744 0.997201 0.00811039
315 326 748 0.995302 0.0600287 -0.0759664 0.978776 -0.0610249 0.998077 -0.010858 -0.0249892 0.0751686 0.0154428 0.997051 0.203404
315 327 749 0.991374 0.0600502 -0.1165 0.991182 -0.063092 0.997752 -0.0225964 0.102394 0.114881 0.0297517 0.992934 0.0841068
315 328 541 0.995655 0.0629141 -0.0686455 0.991897 -0.063904 0.99788 -0.0123179 0.0330473 0.067725 0.0166511 0.997565 -0.122673
315 329 679 0.992045 0.0642507 -0.108253 0.991608 -0.0656365 0.9978 -0.00928368 0.0648308 0.107418 0.0163152 0.99408 0.111852
330 331 39 0.999987 0.00507137 -0.000554631 0.253944 -0.00507123 0.999987 0.000242701 0.121096 0.000555855 -0.000239885 1 -0.959608
330 332 19 0.999989 0.00424889 -0.0017411 -0.721736 -0.00424423 0.999987 0.00267195 0.165489 0.00175243 -0.00266453 0.999995 -0.672095
330 333 13 0.999938 0.00155143 -0.0110053 0.993251 -0.00151361 0.999993 0.00344429 0.115378 0.0110106 -0.00342742 0.999934 -0.0118688
