0 1 14 0.999999 -0.000634051 0.000943552 -0.364844 0.000631926 0.999997 0.00225047 -0.474766 -0.000944977 -0.00224987 0.999997 0.800928
0 2 30 0.999996 -0.00278805 -0.000659521 0.0835481 0.00278926 0.999994 0.00183675 -0.115307 0.000654396 -0.00183858 0.999998 0.98981
0 3 23 0.999993 -0.0037093 -0.000547877 0.280399 0.00371077 0.999989 0.0027091 0.210754 0.000537822 -0.00271111 0.999996 0.936461
0 4 13 0.999974 -0.00328798 -0.00641693 0.862583 0.00329083 0.999994 0.00043306 0.323168 0.00641547 -0.000454166 0.999979 0.389247
0 5 20 0.999986 -0.00391769 -0.00364611 0.615255 0.00392637 0.999989 0.00237731 -0.0618045 0.00363676 -0.0023916 0.999991 0.785902
0 6 19 0.999972 -0.00380229 -0.00648083 0.721537 0.0038097 0.999992 0.00113163 -0.00263572 0.00647648 -0.00115629 0.999978 0.692371
0 7 41 0.999994 -0.00347319 0.000901452 0.00366179 0.00347036 0.999989 0.00312143 -0.0487979 -0.000912284 -0.00311829 0.999995 0.998802
0 8 474 0.999878 -0.00110716 -0.0155537 0.831399 0.000992249 0.999972 -0.00739384 0.483172 0.0155615 0.00737751 0.999852 0.274445
0 9 20 0.999985 -0.00532283 -0.000927277 0.0623167 0.00532663 0.999977 0.00413935 -0.384257 0.000905223 -0.00414422 0.999991 0.92112
0 10 35 0.999992 -0.00356668 -0.00196454 -0.169258 0.00357203 0.99999 0.00272875 0.0325977 0.00195479 -0.00273574 0.999994 -0.985033
0 11 47 0.999978 -0.00297896 -0.00586933 0.49901 0.00299174 0.999993 0.00217019 -0.0529903 0.00586282 -0.0021877 0.99998 0.864975
0 12 27 0.999994 0.00344548 -0.000964925 0.177886 -0.00344451 0.999994 0.00100355 0.118712 0.000968376 -0.00100022 0.999999 0.976864
0 13 29 0.999982 0.0059024 0.000596261 -0.0353464 -0.00590435 0.999977 0.00332101 0.0219019 -0.000576646 -0.00332447 0.999994 0.999135
0 14 12 0.999974 0.00588744 -0.00423194 0.908567 -0.00586796 0.999972 0.00460037 -0.110226 0.00425891 -0.00457542 0.99998 0.402934
15 16 29 0.999997 -0.00193752 -0.00138424 0.207197 0.00193889 0.999998 0.000988711 0.273213 0.00138232 -0.000991392 0.999999 -0.939374
15 17 14 0.999972 0.00180291 -0.00730162 0.747646 -0.00180543 0.999998 -0.000338729 0.178028 0.007301 0.000351902 0.999973 0.63979
15 18 11 0.999993 0.00303293 -0.00217789 0.609538 -0.00302961 0.999994 0.00152684 -0.211354 0.00218251 -0.00152023 0.999996 -0.764063
15 19 14 0.99997 0.00771116 0.00120277 0.322681 -0.00771429 0.999967 0.00262405 -0.139764 -0.0011825 -0.00263325 0.999996 -0.936132
15 20 41 0.999971 0.00723127 0.00222802 0.0126846 -0.00723557 0.999972 0.00192712 -0.0409139 -0.00221402 -0.00194319 0.999996 0.999082
15 21 24 0.999927 0.00976052 -0.00715827 0.867412 -0.00971268 0.99993 0.00668744 -0.438049 0.00722304 -0.00661742 0.999952 0.236028
15 22 28 0.999952 0.00612457 -0.00770643 0.854409 -0.00611046 0.99998 0.00185283 0.101936 0.00771762 -0.00180566 0.999969 0.509504
15 23 237 0.999868 0.00576695 -0.0151822 0.981808 -0.00573576 0.999981 0.00209674 0.0669973 0.015194 -0.00200938 0.999883 0.177666
15 24 591 0.999786 0.00559968 -0.0198989 0.979239 -0.00547986 0.999967 0.00607082 -0.0950809 0.0199323 -0.00596048 0.999784 0.179024
15 25 45 0.999919 0.00426649 -0.0119568 0.92038 -0.0041435 0.999938 0.0102925 -0.273558 0.012 -0.0102421 0.999876 0.279405
15 26 150 0.999946 0.00067117 -0.010416 0.793105 -0.000601321 0.999977 0.00670752 -0.211067 0.0104203 -0.0067009 0.999923 0.571346
15 27 596 0.999778 0.00231645 -0.0209404 0.930853 -0.00236372 0.999995 -0.00223289 0.165377 0.0209352 0.00228189 0.999778 0.325826
15 28 120 0.99999 -0.00142413 -0.00416273 0.572982 0.00143168 0.999997 0.00181207 -0.0441801 0.00416014 -0.00181801 0.99999 0.818376
15 29 40 0.999987 0.00247627 -0.00449583 0.812166 -0.0024683 0.999995 0.00177774 -0.252861 0.00450021 -0.00176662 0.999988 0.525783
30 31 16 0.999999 -0.000760723 0.00096973 -0.165085 0.000764965 0.99999 -0.00438187 -0.0379579 -0.000966387 0.0043826 0.99999 0.985549
30 32 620 0.999827 -0.000423614 -0.0186084 0.94733 0.000258801 0.999961 -0.00885843 0.228468 0.0186114 0.00885207 0.999788 -0.224428
30 33 485 0.999855 0.00157975 -0.0169791 0.992185 -0.00161192 0.999997 -0.00188148 -0.118783 0.016976 0.00190857 0.999854 0.0381937
30 34 15 0.999929 -0.00168928 0.0117821 -0.262249 0.00182995 0.999927 -0.0119386 -0.0429131 -0.0117611 0.0119593 0.999859 0.964046
30 35 16 0.999993 -0.00361851 0.000175064 0.988121 0.00362064 0.999891 -0.014287 0.0402685 -0.000123347 0.0142875 0.999898 0.148309
30 36 18 0.999892 -0.00331605 0.0143427 0.359253 0.00352122 0.999892 -0.0143034 0.0884046 -0.0142937 0.0143523 0.999795 -0.929043
30 37 16 0.999982 -0.00518428 0.00307011 0.974509 0.00521693 0.999929 -0.0107219 -0.0424609 -0.0030143 0.0107378 0.999938 -0.220293
30 38 518 0.999889 -0.00954701 -0.011421 0.95989 0.00934732 0.999805 -0.0174121 0.262352 0.011585 0.0173034 0.999783 0.0989046
30 39 534 0.999961 -0.0077556 -0.00413254 0.995569 0.00773334 0.999956 -0.00537518 -0.082591 0.00417405 0.00534301 0.999977 0.0449619
30 40 51 0.999796 -0.0137875 0.0147839 0.696759 0.0138665 0.99989 -0.00525212 0.113728 -0.0147099 0.00545605 0.999877 -0.708233
30 41 469 0.999966 -0.00817124 0.00092697 0.997357 0.00816767 0.999959 0.00379491 -0.0494877 -0.000957942 -0.00378721 0.999992 -0.0532053
30 42 507 0.999979 -0.00481277 0.0043965 0.953472 0.00481248 0.999988 7.60098e-05 -0.039466 -0.00439681 -5.48501e-05 0.99999 0.298887
30 43 547 0.999977 -0.00282261 -0.00608865 0.995684 0.00282071 0.999996 -0.000321803 -0.0811877 0.00608954 0.000304621 0.999981 0.044972
30 44 253 0.999974 -0.00611422 0.0038143 0.997325 0.00611202 0.999981 0.000587074 -0.0706424 -0.00381782 -0.000563746 0.999993 0.0188009
45 46 0 1 0 0 0 0 1 0 0 0 0 1 0
45 47 0 1 0 0 0 0 1 0 0 0 0 1 0
45 48 19 0.999846 0.01647 0.00610767 0.381208 -0.0165529 0.999768 0.0137786 0.0771353 -0.00587932 -0.0138775 0.999886 -0.921266
45 49 17 0.999815 0.0172667 0.00845394 0.155332 -0.0173983 0.999725 0.0157502 0.0918777 -0.00817966 -0.0158944 0.99984 -0.98358
45 50 11 0.999819 0.0190233 0.000927958 -0.577445 -0.0190365 0.999668 0.0173624 0.0845924 -0.000597361 -0.0173769 0.999849 -0.812036
45 51 522 0.999502 0.022873 -0.0217256 0.934546 -0.0226388 0.999684 0.010968 0.266342 0.0219696 -0.0104707 0.999704 0.235976
45 52 571 0.999401 0.0216949 -0.0269728 0.868961 -0.0216421 0.999763 0.00224789 0.468849 0.0270152 -0.00166279 0.999634 0.158387
45 53 47 0.999718 0.0229184 -0.00615968 0.154949 -0.0228465 0.999673 0.0115087 -0.0604807 0.00642142 -0.0113647 0.999915 0.986069
45 54 471 0.998978 0.0291233 -0.0345566 0.985784 -0.0290168 0.999573 0.00357837 0.0798289 0.0346461 -0.00257199 0.999396 0.147841
45 55 11 0.99962 0.02333 -0.0146491 -0.602376 -0.0232697 0.99972 0.00426886 -0.201221 0.0147446 -0.00392636 0.999884 0.772433
45 56 556 0.998453 0.0285835 -0.0476995 0.936186 -0.0289872 0.999549 -0.00779391 0.27802 0.0474553 0.00916452 0.998831 0.215084
45 57 18 0.999346 0.0259303 -0.0252047 -0.889236 -0.0259571 0.999663 -0.000739122 0.0831584 0.025177 0.00139288 0.999682 -0.449827
45 58 512 0.998027 0.0249695 -0.0576107 0.934468 -0.02576 0.999583 -0.0130205 0.33926 0.0572616 0.0144788 0.998254 0.108039
45 59 510 0.997775 0.0305933 -0.0592368 0.9757 -0.0303724 0.999528 0.00462597 -0.173165 0.0593503 -0.00281651 0.998233 -0.13425
60 61 0 1 0 0 0 0 1 0 0 0 0 1 0
60 62 143 0.99989 0.00250025 -0.0146417 0.904617 -0.00250215 0.999997 -0.000111413 0.381307 0.0146414 0.000148037 0.999893 0.190458
60 63 334 0.999871 0.00814629 -0.0138574 0.993342 -0.0080105 0.99992 0.00982647 0.0378675 0.0139363 -0.00971419 0.999856 -0.1088
60 64 298 0.999897 0.00976287 -0.0105101 0.977575 -0.00970842 0.999939 0.00521873 0.0988299 0.0105604 -0.00511616 0.999931 0.185958
60 65 615 0.999832 0.0134875 -0.0124106 0.993874 -0.0134337 0.9999 0.00441087 0.023884 0.0124688 -0.0042434 0.999913 0.10791
60 66 585 0.999906 0.00873368 -0.010592 0.967246 -0.00875023 0.999961 -0.00151761 0.114514 0.0105783 0.00161015 0.999943 0.226541
60 67 595 0.99995 0.00692551 -0.00716489 0.979473 -0.00688536 0.999961 0.00561344 -0.18692 0.00720349 -0.00556383 0.999959 0.0754501
60 68 210 0.999959 0.00664081 0.00613958 0.975353 -0.00663785 0.999978 -0.000502043 -0.0744092 -0.00614277 0.000461269 0.999981 -0.207725
60 69 406 0.999957 0.00796305 0.00474057 0.994055 -0.00794793 0.999963 -0.00320005 -0.013645 -0.00476588 0.00316223 0.999984 -0.108022
60 70 530 0.999751 0.0163717 -0.015168 0.997868 -0.0163761 0.999866 -0.000166186 -0.0545161 0.0151632 0.000414537 0.999885 -0.0358772
60 71 418 0.999858 0.0144815 -0.00860126 0.995569 -0.0144843 0.999895 -0.000254162 -0.011477 0.00859667 0.000378709 0.999963 -0.0933352
60 72 442 0.999839 0.016305 -0.00755126 0.991728 -0.0163226 0.999864 -0.00227475 0.00579987 0.00751315 0.00239764 0.999969 0.128223
60 73 552 0.999724 0.0211549 -0.010223 0.987863 -0.0212393 0.999741 -0.00821676 0.0625506 0.0100465 0.00843162 0.999914 0.142176
60 74 388 0.999641 0.0229521 -0.0138103 0.991283 -0.0229465 0.999737 0.000566984 -0.126234 0.0138197 -0.000249883 0.999904 0.0377094
75 76 16 0.999999 0.0014738 -0.000669897 -0.0258371 -0.00147548 0.999996 -0.00250766 0.220953 0.000666199 0.00250865 0.999997 0.974942
75 77 14 0.999995 -0.000536097 -0.00323281 0.167838 0.000534371 1 -0.000534864 -0.192975 0.0032331 0.000533134 0.999995 -0.966742
75 78 16 1 -0.00091678 4.47994e-06 -0.203539 0.000916777 0.999999 0.000477571 -0.0714375 -4.91776e-06 -0.000477567 1 0.976457
75 79 454 0.999601 0.0060183 -0.0275865 0.984811 -0.00622536 0.999953 -0.00742615 0.166531 0.0275405 0.00759492 0.999592 0.0491453
75 80 206 0.999956 0.00492597 -0.0079249 0.912779 -0.00493885 0.999987 -0.00160724 -0.0191887 0.00791687 0.00164631 0.999967 -0.408004
75 81 13 0.999987 -0.00287571 -0.00415314 0.959985 0.00288011 0.999995 0.00105454 0.0196572 0.00415009 -0.00106649 0.999991 -0.279362
75 82 565 0.999774 -0.0077689 -0.0197913 0.927444 0.00767558 0.999959 -0.00478666 0.225929 0.0198277 0.00463367 0.999793 0.297999
75 83 588 0.999509 -0.0035721 -0.0311312 0.998881 0.00357616 0.999994 7.46866e-05 0.0243919 0.0311307 -0.00018598 0.999515 0.0405138
75 84 529 0.998927 0.00195451 -0.0462718 0.994679 -0.00160701 0.99997 0.00754611 -0.0764645 0.0462851 -0.00746366 0.9989 -0.0690366
75 85 556 0.999587 -0.00247894 -0.0286456 0.991928 0.00277024 0.999945 0.010134 -0.121644 0.0286189 -0.0102092 0.999538 0.0357866
75 86 433 0.99913 -0.00424258 -0.0414892 0.988444 0.00432663 0.999989 0.00193628 0.140334 0.0414805 -0.0021141 0.999137 0.0573108
75 87 472 0.998331 0.00103732 -0.05775 0.994323 -0.000323363 0.999923 0.012371 0.0341981 0.0577584 -0.0123316 0.998254 0.100757
75 88 458 0.999398 0.00246646 -0.0346094 0.960662 -0.00191394 0.99987 0.0159885 -0.0211939 0.0346443 -0.0159126 0.999273 0.276911
75 89 493 0.999226 0.0109489 -0.0377822 0.99445 -0.0100388 0.999657 0.0241935 -0.0922035 0.0380341 -0.0237955 0.998993 0.050679
90 91 16 0.999993 0.000564682 0.00365235 0.384693 -0.000591297 0.999973 0.00729031 0.0743769 -0.00364813 -0.00729242 0.999967 -0.920043
90 92 0 1 0 0 0 0 1 0 0 0 0 1 0
90 93 255 0.999842 0.0111484 -0.0138642 0.978412 -0.0110223 0.999897 0.00914171 -0.0392156 0.0139646 -0.00898745 0.999862 0.202909
90 94 225 0.99984 0.0111453 0.0140005 0.676253 -0.0112645 0.999901 0.00846768 -0.110515 -0.0139047 -0.00862404 0.999866 0.728332
90 95 483 0.999942 0.00978348 0.00454882 0.831424 -0.00982076 0.999918 0.0082467 -0.187897 -0.00446777 -0.0082909 0.999956 0.522904
90 96 483 0.999962 0.00869011 0.000984914 0.847732 -0.00869525 0.999948 0.00534229 -0.135704 -0.000938437 -0.00535065 0.999985 0.512771
90 97 496 0.999659 0.00690763 -0.0251796 0.93405 -0.00689985 0.999976 0.00039585 -0.0708357 0.0251817 -0.00022198 0.999683 0.350048
90 98 377 0.999907 0.00570496 -0.0123779 0.863975 -0.00566089 0.999978 0.00359303 -0.260636 0.0123981 -0.00352263 0.999917 0.430831
90 99 416 0.999998 -0.000665206 -0.00196233 0.80647 0.000635558 0.999886 -0.0150707 -0.0965778 0.00197213 0.0150694 0.999885 0.583335
90 100 389 0.999676 0.00402589 -0.0251475 0.949426 -0.00415455 0.999979 -0.00506578 -0.245978 0.0251265 0.00516862 0.999671 0.195154
90 101 180 0.999285 -0.00277605 0.0377144 -0.202304 0.00374372 0.999665 -0.0256113 0.0528765 -0.0376306 0.0257342 0.99896 0.977894
90 102 348 0.999569 -0.0103891 -0.027461 0.952311 0.00968392 0.999623 -0.0256892 -0.148122 0.0277175 0.0254122 0.999293 0.266765
90 103 217 0.999934 -0.0061997 0.00965248 0.794876 0.00643061 0.999689 -0.0240775 -0.305377 -0.00950021 0.024138 0.999663 0.524326
90 104 334 0.999545 -0.00439515 -0.0298289 0.945572 0.00382455 0.999809 -0.0191594 -0.269783 0.0299074 0.0190366 0.999371 0.181965
105 106 0 1 0 0 0 0 1 0 0 0 0 1 0
105 107 74 0.999984 0.0057063 -0.000350962 0.740728 -0.00570543 0.999981 0.00244635 -0.545336 0.000364915 -0.00244431 0.999997 -0.392339
105 108 32 0.999739 0.00681693 0.0218209 0.117755 -0.00653056 0.999892 -0.0131679 -0.00548359 -0.0219083 0.0130219 0.999675 -0.993028
105 109 65 0.999709 0.00679589 0.0231656 0.286504 -0.00641067 0.999841 -0.0166629 0.00270455 -0.0232751 0.0165095 0.999593 -0.958075
105 110 94 0.999727 0.00767788 0.0220717 0.448805 -0.00732045 0.999841 -0.0162295 0.093539 -0.0221928 0.0160635 0.999625 -0.888721
105 111 149 0.999796 0.00308537 0.0199833 0.58465 -0.00269595 0.999807 -0.0194848 0.16319 -0.0200396 0.0194269 0.99961 -0.794703
105 112 84 0.999627 0.0084417 0.0259751 0.439817 -0.00802967 0.999841 -0.015926 -0.0582564 -0.0261054 0.0157115 0.999536 -0.896196
105 113 468 0.999993 0.00260642 0.00251115 0.825692 -0.00253317 0.999584 -0.0287425 0.27173 -0.00258502 0.0287359 0.999584 -0.494363
105 114 293 0.999814 0.00594999 -0.0183446 0.884277 -0.00624808 0.999849 -0.0162348 0.0132473 0.0182452 0.0163464 0.9997 -0.466776
105 115 402 0.999968 0.00734311 0.00304922 0.751692 -0.00730034 0.999878 -0.0138082 0.0803777 -0.00315024 0.0137855 0.9999 -0.654598
105 116 403 0.999813 0.011177 -0.0157991 0.867097 -0.0115229 0.999692 -0.02198 0.207757 0.0155486 0.0221579 0.999634 -0.452748
105 117 247 0.999491 0.0136589 -0.0288323 0.898231 -0.0141145 0.999778 -0.0156603 0.122602 0.028612 0.0160592 0.999462 -0.422078
105 118 348 0.999842 0.0139285 0.0110305 0.684377 -0.0139175 0.999903 -0.00107364 0.0719387 -0.0110443 0.000919957 0.999939 -0.725571
105 119 391 0.999837 0.0128587 -0.0127088 0.852371 -0.0129617 0.999883 -0.00806208 0.140422 0.0126036 0.00822549 0.999887 -0.503731
120 121 15 0.999996 0.0013598 0.00236958 0.248127 -0.00137146 0.999987 0.00492518 0.384993 -0.00236285 -0.00492842 0.999985 -0.888939
120 122 12 0.999927 0.00886886 0.00822183 -0.267117 -0.00896787 0.999887 0.0120846 -0.0112509 -0.00811372 -0.0121574 0.999893 -0.963599
120 123 368 0.999864 0.0152714 -0.00625608 0.887308 -0.0152465 0.999876 0.00400812 0.42768 0.00631651 -0.00391219 0.999972 -0.172552
120 124 380 0.999522 0.024977 -0.018226 0.895731 -0.0248085 0.999648 0.00941686 0.0969155 0.0184548 -0.0089602 0.99979 -0.433905
120 125 152 0.999301 0.0278193 0.0249687 0.0561943 -0.0280736 0.999557 0.00989194 0.0266873 -0.0246824 -0.010586 0.999639 -0.998063
120 126 476 0.999593 0.0285145 -0.00106051 0.707714 -0.0285205 0.999574 -0.00616916 0.365826 0.000884153 0.00619689 0.99998 -0.604411
120 127 411 0.999544 0.0298663 -0.00444439 0.635372 -0.0299166 0.999484 -0.011709 0.394169 0.00409239 0.0118366 0.999922 -0.664028
120 128 457 0.999645 0.0253987 -0.0080184 0.53166 -0.0255382 0.999515 -0.0178037 0.492054 0.00756232 0.0180022 0.999809 -0.689362
120 129 468 0.999097 0.0331247 -0.0266183 0.711152 -0.0334689 0.99936 -0.0125899 0.312526 0.0261842 0.0134694 0.999566 -0.629754
120 130 453 0.997958 0.0416126 -0.0484644 0.775864 -0.0427326 0.998837 -0.022308 0.364751 0.0474798 0.0243334 0.998576 -0.514774
120 131 453 0.999099 0.0402343 -0.0135055 0.427823 -0.0402624 0.999187 -0.00181295 0.211768 0.0134216 0.00235508 0.999907 -0.878705
120 132 444 0.99894 0.0359194 -0.0287825 0.528598 -0.0361242 0.999325 -0.00662621 0.299304 0.028525 0.00765893 0.999564 -0.794356
120 133 432 0.999063 0.0342469 -0.0264798 0.513654 -0.034484 0.999369 -0.00854913 0.393127 0.0261703 0.00945425 0.999613 -0.762634
120 134 437 0.998536 0.0376859 -0.0387925 0.504918 -0.0378671 0.999275 -0.00394508 0.299535 0.0386157 0.00540827 0.999239 -0.809528
135 136 0 1 0 0 0 0 1 0 0 0 0 1 0
135 137 0 1 0 0 0 0 1 0 0 0 0 1 0
135 138 37 0.999966 0.00642357 -0.00511444 0.216252 -0.00638544 0.999952 0.00743678 -0.174128 0.00516196 -0.00740387 0.999959 -0.960684
135 139 288 0.999796 0.00317997 -0.0199228 0.759015 -0.00313704 0.999993 0.00218563 0.326209 0.0199296 -0.00212269 0.999799 -0.563456
135 140 425 0.999553 0.00944415 -0.0283669 0.802772 -0.00929056 0.999941 0.00554131 0.225878 0.0284176 -0.00527529 0.999582 -0.551848
135 141 448 0.999164 0.011047 -0.0393624 0.696632 -0.0117751 0.999763 -0.018315 0.616787 0.0391508 0.0187632 0.999057 -0.366439
135 142 441 0.998884 0.0108119 -0.0459835 0.713535 -0.0114034 0.999855 -0.0126203 0.494696 0.0458404 0.0131306 0.998862 -0.496129
135 143 483 0.999218 0.0101224 -0.0382179 0.593936 -0.0100898 0.999949 0.00104571 0.34555 0.0382265 -0.00065928 0.999269 -0.726523
135 144 444 0.999282 0.0122934 -0.0358499 0.533941 -0.0119899 0.999891 0.00867009 0.297133 0.0359526 -0.00823402 0.99932 -0.791592
135 145 484 0.998764 0.0190927 -0.0458891 0.596935 -0.0186905 0.999783 0.00917699 0.318483 0.0460544 -0.00830796 0.998904 -0.736368
135 146 416 0.999293 0.0149501 -0.0345034 0.4698 -0.014517 0.999813 0.0127688 0.393239 0.0346878 -0.0122589 0.999323 -0.790349
135 147 367 0.998804 0.0247681 -0.0421583 0.490375 -0.0238133 0.999452 0.0230012 0.286121 0.0427048 -0.0219698 0.998846 -0.823205
135 148 404 0.996943 0.0392122 -0.0675803 0.697581 -0.0383376 0.999164 0.0141921 0.423963 0.0680803 -0.0115578 0.997613 -0.577612
135 149 332 0.998055 0.0395571 -0.0481797 0.513531 -0.0378529 0.998642 0.0357852 0.287951 0.0495298 -0.0338918 0.998197 -0.808313
150 151 0 1 0 0 0 0 1 0 0 0 0 1 0
150 152 20 0.999756 0.0207938 0.0074929 0.13088 -0.0209231 0.999626 0.0176119 -0.219521 -0.00712388 -0.0177644 0.999817 0.966789
150 153 28 0.999842 0.0167671 0.00593601 0.144826 -0.01681 0.999832 0.00725836 -0.0648767 -0.00581331 -0.007357 0.999956 0.987328
150 154 0 1 0 0 0 0 1 0 0 0 0 1 0
150 155 0 1 0 0 0 0 1 0 0 0 0 1 0
150 156 13 0.999605 0.0267562 -0.00865707 -0.196617 -0.0265911 0.999472 0.0186635 0.0295299 0.00915186 -0.0184259 0.999788 -0.980036
150 157 50 0.995822 0.0350587 -0.08432 0.941621 -0.0343663 0.999363 0.00964882 0.118539 0.0846046 -0.00671073 0.996392 -0.315115
150 158 19 0.999417 0.0332172 -0.00790807 -0.279385 -0.0330631 0.999275 0.0188837 0.0443751 0.0085296 -0.0186113 0.99979 -0.959153
150 159 26 0.998962 0.0432992 -0.0141237 -0.156823 -0.0429302 0.998754 0.0254586 0.0136783 0.0152084 -0.0248258 0.999576 -0.987532
150 160 32 0.999034 0.0395687 -0.0191148 -0.149349 -0.0391786 0.999025 0.0203705 0.020316 0.0199022 -0.019602 0.99961 -0.988576
150 161 92 0.986371 0.0726326 -0.147635 0.810315 -0.0831756 0.994311 -0.0665336 0.57943 0.141963 0.0779064 0.986801 -0.087461
150 162 23 0.999425 0.0220191 -0.0257887 -0.273638 -0.0215869 0.999624 0.0169191 0.07792 0.0261515 -0.0163527 0.999524 -0.958671
150 163 26 0.940681 0.333589 0.0619512 -0.0218502 -0.182003 0.650211 -0.737632 0.808587 -0.286348 0.682601 0.672355 0.587971
150 164 27 0.998946 0.0366238 -0.027686 -0.0436564 -0.0358916 0.999004 0.0264967 0.241443 0.0286288 -0.025475 0.999265 -0.969433
165 166 13 0.999976 0.00571157 -0.00387998 -0.30011 -0.00568875 0.999967 0.00586592 -0.358365 0.00391335 -0.00584371 0.999975 0.88403
165 167 15 0.999916 0.0125129 -0.00343092 -0.552158 -0.0124765 0.999868 0.0104431 -0.304584 0.00356114 -0.0103994 0.99994 -0.776112
165 168 42 0.999769 0.0157534 -0.0145953 0.497095 -0.0155769 0.999805 0.0121324 -0.0128455 0.0147835 -0.0119023 0.99982 -0.867601
165 169 406 0.99906 0.0161367 -0.0402326 0.860126 -0.0162144 0.999867 -0.00160523 0.361885 0.0402014 0.00225607 0.999189 -0.359475
165 170 239 0.999573 0.0153656 -0.024866 0.500352 -0.0152613 0.999874 0.00438271 0.360327 0.0249302 -0.00400135 0.999681 -0.787282
165 171 404 0.99941 0.0204398 -0.0276133 0.428297 -0.0202129 0.99976 0.00846946 0.244387 0.0277798 -0.00790631 0.999583 -0.869964
165 172 402 0.998395 0.0228332 -0.0518214 0.723856 -0.0229628 0.999735 -0.00190706 0.361547 0.0517641 0.00309397 0.998655 -0.587636
165 173 386 0.999131 0.01703 -0.0380529 0.462128 -0.0168532 0.999846 0.00496255 0.251168 0.0381315 -0.00431693 0.999263 -0.850501
165 174 430 0.998556 0.0172532 -0.0508707 0.528594 -0.0171962 0.999851 0.00155884 0.341027 0.05089 -0.000681802 0.998704 -0.77736
165 175 380 0.997019 0.0310407 -0.0706355 0.715498 -0.0308968 0.999518 0.00312948 0.31229 0.0706986 -0.000937739 0.997497 -0.62493
165 176 312 0.997512 0.0346349 -0.0614027 0.643586 -0.0344608 0.999398 0.00389214 0.307521 0.0615006 -0.00176647 0.998105 -0.700876
165 177 357 0.997876 0.0422882 -0.0495579 0.515836 -0.0421992 0.999105 0.00284087 0.34274 0.0496337 -0.000743537 0.998767 -0.785138
165 178 361 0.99782 0.0549737 -0.0365042 0.37101 -0.0544504 0.998401 0.0151781 0.154032 0.0372803 -0.0131573 0.999218 -0.915765
165 179 308 0.997807 0.0509247 -0.0422867 0.425889 -0.0510447 0.998695 -0.00176067 0.303589 0.0421418 0.00391532 0.999104 -0.852322
180 181 66 0.99994 0.0106909 -0.00232589 0.413071 -0.010682 0.999936 0.00380776 -0.346076 0.00236644 -0.00378269 0.99999 -0.84238
180 182 109 0.999861 0.0166582 -0.000407238 0.395193 -0.0166567 0.999855 0.00344604 -0.351874 0.000464584 -0.00343878 0.999994 -0.848533
180 183 620 0.999784 0.0152457 -0.0140933 0.736045 -0.0155885 0.999577 -0.0245401 0.637237 0.0137132 0.0247545 0.9996 -0.2284
180 184 436 0.999849 0.0167707 -0.00457165 0.426341 -0.0168329 0.999761 -0.0139199 0.225198 0.00433711 0.0139947 0.999893 -0.876082
180 185 640 0.998066 0.0226662 -0.0578849 0.88169 -0.0244968 0.999216 -0.0311135 0.313281 0.0571343 0.0324713 0.997838 -0.352814
180 186 630 0.999471 0.0248877 -0.0209196 0.666552 -0.0252416 0.99954 -0.0168275 0.206286 0.0204912 0.0173467 0.99964 -0.716348
180 187 538 0.99918 0.0265338 -0.0305892 0.744521 -0.0274199 0.999205 -0.0289246 0.366936 0.0297974 0.0297396 0.999113 -0.557715
180 188 555 0.999076 0.0308447 -0.0299179 0.675958 -0.0317145 0.999075 -0.0290482 0.288694 0.0289942 0.0299702 0.99913 -0.678038
180 189 488 0.999228 0.026463 -0.0290494 0.592617 -0.0273349 0.999175 -0.0300365 0.308128 0.0282306 0.0308074 0.999127 -0.744219
180 190 372 0.991408 0.0397085 -0.124631 0.916203 -0.0438605 0.998564 -0.0307481 0.162765 0.123232 0.0359503 0.991727 -0.366169
180 191 482 0.998543 0.0172693 -0.0511228 0.644534 -0.0191617 0.99914 -0.0367615 0.330389 0.050444 0.0376876 0.998016 -0.689506
180 192 532 0.997613 0.0285789 -0.0628594 0.651079 -0.0302999 0.999187 -0.0265972 0.163423 0.0620482 0.0284384 0.997668 -0.741208
180 193 515 0.997566 0.0290122 -0.0634139 0.613307 -0.0310775 0.99901 -0.0318282 0.207439 0.0624277 0.0337214 0.99748 -0.762117
180 194 339 0.993998 0.0373538 -0.102825 0.776771 -0.0412099 0.998515 -0.0356358 0.21723 0.101341 0.0396594 0.994061 -0.591133
195 196 20 0.999975 0.00547515 -0.00449113 0.116229 -0.00544039 0.999955 0.00771538 -0.286279 0.00453317 -0.00769075 0.99996 -0.951071
195 197 313 0.998604 0.00212971 -0.0527796 0.910179 -0.00074025 0.999653 0.0263314 -0.170668 0.0528173 -0.0262555 0.998259 -0.377421
195 198 127 0.999583 0.0056607 -0.0283055 0.567058 -0.00469085 0.999404 0.0342135 -0.498456 0.0284822 -0.0340665 0.999014 -0.655734
195 199 102 0.999092 -0.0075801 -0.0419166 0.741618 0.00876442 0.999565 0.0281431 0.0894902 0.0416851 -0.0284849 0.998725 -0.664827
195 200 0 1 0 0 0 0 1 0 0 0 0 1 0
195 201 284 0.996519 0.0144767 -0.0821045 0.908532 -0.00960765 0.998189 0.0593906 -0.314232 0.0828155 -0.058395 0.994853 -0.275368
195 202 340 0.998326 0.0184648 -0.0548127 0.724958 -0.0159385 0.998806 0.0461743 -0.188455 0.0555999 -0.0452234 0.997428 -0.662511
195 203 355 0.995837 0.0180588 -0.0893414 0.87185 -0.0128183 0.998182 0.0588867 -0.198066 0.0902424 -0.0574964 0.994259 -0.447938
195 204 329 0.99597 0.0276107 -0.0853262 0.873464 -0.0225331 0.997949 0.0599088 -0.220827 0.0868053 -0.0577447 0.99455 -0.433932
195 205 349 0.992825 0.0260278 -0.116713 0.968411 -0.0205833 0.998654 0.0476139 -0.0509562 0.117795 -0.0448699 0.992024 -0.244099
195 206 307 0.997758 0.0263959 -0.0615042 0.714581 -0.0236354 0.998699 0.0451851 -0.118 0.0626169 -0.0436301 0.997084 -0.689529
195 207 339 0.996259 0.0418866 -0.0755939 0.8209 -0.0380822 0.997968 0.0510865 -0.160411 0.0775801 -0.0480166 0.995829 -0.54808
195 208 268 0.997547 0.0438096 -0.0546013 0.662686 -0.0413505 0.998114 0.0453818 -0.130083 0.0564865 -0.0430127 0.997476 -0.737513
195 209 342 0.991731 0.0581215 -0.114414 0.90178 -0.0515676 0.996899 0.059434 -0.206576 0.117514 -0.0530425 0.991654 -0.379631
210 211 609 0.999921 0.00632492 -0.0108566 0.755739 -0.00619593 0.99991 0.0118742 -0.634053 0.0109307 -0.011806 0.999871 -0.163814
210 212 564 0.999811 0.0172118 -0.00904828 0.752024 -0.0170704 0.999734 0.015482 -0.5876 0.00931235 -0.0153246 0.999839 -0.298641
210 213 389 0.999741 0.0193244 -0.0120052 0.896708 -0.0192086 0.999769 0.00969251 -0.250933 0.0121897 -0.0094594 0.999881 -0.36462
210 214 397 0.99991 0.00798414 -0.0108277 0.908781 -0.00793625 0.999959 0.00445926 0.0116965 0.0108628 -0.00437293 0.999931 -0.41711
210 215 385 0.999626 0.0250877 0.0108589 0.753167 -0.0253545 0.999362 0.025171 -0.545634 -0.0102205 -0.0254369 0.999624 -0.367454
210 216 100 0.999692 -0.0192008 0.0157196 0.78961 0.0191074 0.999799 0.00606986 0.210201 -0.015833 -0.00576763 0.999858 -0.576483
210 217 207 0.999714 -0.0203776 -0.0124926 0.944248 0.0204465 0.999776 0.0054148 0.270018 0.0123794 -0.00566868 0.999907 -0.188375
210 218 216 0.999842 -0.00216891 0.0176414 0.708928 0.00158171 0.999446 0.0332311 -0.123109 -0.0177037 -0.0331979 0.999292 -0.694453
210 219 137 0.999157 -0.0293552 0.0287062 0.704943 0.0284777 0.999129 0.0305138 0.062262 -0.0295769 -0.0296706 0.999122 -0.706526
210 220 522 0.999514 -0.00891037 -0.0298873 0.916696 0.0103498 0.998776 0.0483599 -0.109874 0.0294198 -0.0486457 0.998383 -0.384182
210 221 216 0.999124 -0.00848766 -0.0409873 0.977932 0.0102094 0.999066 0.0419814 -0.111132 0.0405927 -0.0423631 0.998277 -0.176917
210 222 126 0.998822 -0.0136224 0.0465754 0.635758 0.0125227 0.999638 0.0238223 -0.028141 -0.046883 -0.0232109 0.998631 -0.771375
210 223 475 0.998658 -0.00459622 -0.0515908 0.949673 0.00607889 0.999572 0.028619 -0.0181331 0.0514372 -0.0288942 0.998258 -0.312717
210 224 476 0.998912 0.00456786 -0.0464026 0.939941 -0.002478 0.998984 0.0449956 -0.16124 0.046561 -0.0448317 0.997909 -0.300854
225 226 25 0.999957 0.00894874 -0.00236037 0.366472 -0.00892862 0.999925 0.00840048 -0.912851 0.00243537 -0.00837905 0.999962 -0.180003
225 227 68 0.999781 0.0209285 8.31931e-05 0.46559 -0.0209286 0.99977 0.00462108 -0.778769 1.35382e-05 -0.00462181 0.999989 -0.42041
225 228 73 0.999919 0.0125993 0.00181289 0.608981 -0.0125818 0.999877 -0.00939809 -0.00767217 -0.00193107 0.00937452 0.999954 -0.793148
225 229 449 0.999385 0.0337562 -0.00944729 0.537209 -0.0335018 0.999103 0.0259042 -0.819328 0.0103132 -0.0255717 0.99962 -0.200272
225 230 100 0.999575 0.0288507 0.00419951 0.413669 -0.028844 0.999583 -0.00164364 -0.305643 -0.00424518 0.00152181 0.99999 -0.85759
225 231 110 0.999574 0.0291767 -0.000125004 0.632474 -0.0291769 0.999556 -0.00610623 -0.332031 -5.32114e-05 0.00610728 0.999981 -0.699809
225 232 145 0.999727 0.0233319 0.000780797 0.720936 -0.0233168 0.999605 -0.0157146 -0.13707 -0.00114714 0.0156921 0.999876 -0.679311
225 233 139 0.999676 0.0254364 -0.000486533 0.809721 -0.0254411 0.999489 -0.0193636 -0.205312 -6.25596e-06 0.0193697 0.999812 -0.549727
225 234 99 0.999807 0.019579 -0.0017049 0.779643 -0.0196139 0.999526 -0.0237185 -0.209632 0.00123971 0.0237474 0.999717 -0.590094
225 235 299 0.999471 0.0265134 -0.0188349 0.818814 -0.0267604 0.999558 -0.0129865 -0.387696 0.0184823 0.0134836 0.999738 -0.423363
225 236 235 0.999889 0.00757675 -0.0127989 0.914284 -0.00796234 0.999508 -0.0303493 -0.156841 0.0125627 0.0304479 0.999457 -0.373479
225 237 362 0.998417 0.0165102 -0.0537649 0.96799 -0.0176699 0.99962 -0.0211655 -0.204554 0.053395 0.0220821 0.998329 -0.145444
225 238 382 0.998784 0.0262333 -0.0417434 0.956627 -0.0272488 0.999342 -0.0239489 -0.207354 0.0410877 0.0250573 0.998841 -0.204619
225 239 234 0.999428 0.0279712 -0.0190095 0.940102 -0.0285658 0.999087 -0.0317624 -0.168908 0.0181037 0.0322873 0.999315 -0.296104
240 241 17 0.999902 -0.0028413 -0.0137348 0.937554 0.00274059 0.999969 -0.00734558 0.326337 0.0137552 0.00730722 0.999879 0.120404
240 242 208 0.999818 0.00338737 -0.0187678 0.927541 -0.00347631 0.999983 -0.00470837 -0.0848487 0.0187515 0.00477276 0.999813 0.363963
240 243 359 0.999884 0.00775641 0.0131156 -0.827603 -0.00756795 0.999868 -0.014358 0.153427 -0.0132252 0.0142571 0.999811 0.539939
240 244 157 0.999773 0.00830028 -0.0196242 0.869455 -0.00853661 0.999892 -0.01199 -0.0957937 0.0195226 0.0121548 0.999736 0.484636
240 245 433 0.998788 0.0136936 -0.0472746 0.949583 -0.0148715 0.999585 -0.0246542 0.07577 0.0469174 0.0253274 0.998578 0.304221
240 246 470 0.999557 0.00881229 -0.0284258 0.924271 -0.00951188 0.999653 -0.0245703 0.0241755 0.0281994 0.0248298 0.999294 0.38097
240 247 297 0.99957 0.0105716 -0.0273534 0.987113 -0.0110565 0.999783 -0.0176356 -0.00743055 0.027161 0.0179305 0.99947 0.159853
240 248 207 0.999674 0.0176386 -0.0184483 0.955224 -0.0177849 0.999811 -0.00780048 -0.130129 0.0183072 0.00812604 0.999799 0.265732
240 249 325 0.999743 0.0125875 -0.0188511 0.917743 -0.0127693 0.999873 -0.00955411 0.00559143 0.0187284 0.00979237 0.999777 0.397136
240 250 172 0.999702 0.0125505 -0.0209417 0.890963 -0.0127588 0.99987 -0.00984261 0.0786944 0.0208155 0.0101069 0.999732 0.447205
240 251 196 0.999704 0.0223627 -0.00956798 0.906848 -0.0223618 0.99975 0.000200899 -0.0245008 0.00957008 1.31179e-05 0.999954 0.420744
240 252 219 0.999804 0.0182565 -0.0076163 0.935832 -0.0182457 0.999832 0.00148562 -0.00112212 0.00764214 -0.00134636 0.99997 0.352444
240 253 284 0.999855 0.00685612 -0.0155583 0.902682 -0.00692569 0.999966 -0.00442203 0.0662041 0.0155275 0.00452915 0.999869 0.425185
240 254 311 0.999971 0.00191177 -0.00734682 0.892693 -0.00192195 0.999997 -0.00137897 0.0459941 0.00734417 0.00139306 0.999972 0.448312
255 256 12 0.999975 -0.00704046 -0.000679847 0.521666 0.00704198 0.999973 0.00225303 -0.336543 0.000663966 -0.00225776 0.999997 0.783966
255 257 339 0.999618 -0.000723215 -0.027643 0.626285 -0.000258326 0.99937 -0.0354878 0.759239 0.0276512 0.0354813 0.998988 0.176986
255 258 341 0.999678 -0.0250855 -0.00391043 0.734421 0.0250946 0.999682 0.00229749 0.0500821 0.00385155 -0.00239488 0.99999 0.676844
255 259 471 0.999647 -0.0220066 -0.0148635 0.862498 0.0219478 0.999751 -0.0041055 0.153061 0.0149501 0.00377783 0.999881 0.482357
255 260 355 0.999223 -0.0177628 0.0351787 -0.608846 0.0176204 0.999835 0.00435354 -0.0655691 -0.0352502 -0.0037303 0.999372 0.790574
255 261 466 0.999566 -0.0166249 -0.0243246 0.870679 0.0162411 0.999742 -0.015892 0.289618 0.0245825 0.01549 0.999578 0.397542
255 262 299 0.999783 -0.0190398 -0.0084395 0.8531 0.0190335 0.999819 -0.000821503 0.0853803 0.00845361 0.000660691 0.999964 0.514714
255 263 274 0.997701 -0.026912 -0.0622038 0.972154 0.0264005 0.999611 -0.00903075 0.198405 0.0624226 0.00736777 0.998023 0.124705
255 264 320 0.999744 -0.0200264 -0.0105057 0.72108 0.020143 0.999735 0.0111102 -0.0254511 0.0102804 -0.011319 0.999883 0.692384
255 265 484 0.999131 -0.0292394 -0.0297077 0.828892 0.0292139 0.999572 -0.00129493 0.102393 0.0297328 0.000425931 0.999558 0.549959
255 266 392 0.999191 -0.0296082 -0.0272302 0.806853 0.0297202 0.999551 0.00371404 0.0476562 0.027108 -0.00452032 0.999622 0.588827
255 267 414 0.998518 -0.0303038 -0.0452065 0.794476 0.029877 0.999503 -0.010088 0.176661 0.0454897 0.00872243 0.998927 0.581032
255 268 422 0.998575 -0.0337429 -0.0413496 0.778478 0.0335504 0.999423 -0.00534183 0.0613393 0.041506 0.00394692 0.99913 0.624668
255 269 410 0.99878 -0.0328648 -0.0368498 0.731802 0.0327409 0.999456 -0.00396009 0.0193703 0.0369599 0.00274877 0.999313 0.681242
270 271 52 0.999998 0.00192322 -0.000926818 0.297556 -0.0019192 0.999989 0.00432238 -0.215283 0.000935121 -0.0043206 0.99999 0.930115
270 272 215 0.999879 0.00859448 0.0129735 -0.271218 -0.00859158 0.999963 -0.000279327 0.0530457 -0.0129755 0.00016783 0.999916 0.961055
270 273 389 0.999976 0.0053578 -0.00439915 0.696978 -0.00536571 0.999984 -0.00178888 0.0335931 0.00438949 0.00181244 0.999989 0.716306
270 274 474 0.999894 0.0137657 -0.00470674 0.678094 -0.0137363 0.999886 0.0062078 -0.128706 0.00479166 -0.00614249 0.99997 0.723618
270 275 461 0.999764 0.00745007 -0.0203997 0.785673 -0.00740323 0.99997 0.00237035 -0.0369183 0.0204167 -0.00221877 0.999789 0.61754
270 276 361 0.999944 0.0078456 -0.00704523 0.705724 -0.00778683 0.999935 0.00833149 -0.129087 0.00711014 -0.00827617 0.99994 0.696628
270 277 429 0.999908 0.00591828 -0.0122013 0.725298 -0.005835 0.99996 0.0068498 -0.0810811 0.0122413 -0.00677797 0.999902 0.683644
270 278 394 0.999861 0.0146922 -0.00784607 0.678599 -0.0146069 0.999835 0.010814 -0.145239 0.00800365 -0.0106979 0.999911 0.720006
270 279 224 0.999712 0.0125045 -0.0204924 0.74994 -0.0123777 0.999904 0.00630531 -0.0218566 0.0205693 -0.00604985 0.99977 0.661144
270 280 239 0.999851 0.0155397 -0.00755278 0.699163 -0.01546 0.999825 0.0104984 -0.0668938 0.0077146 -0.0103801 0.999916 0.711826
270 281 263 0.999488 0.031771 0.00372545 0.671 -0.0318373 0.999306 0.01933 -0.174961 -0.00310873 -0.0194387 0.999806 0.720519
270 282 220 0.999713 0.023241 -0.00573791 0.758061 -0.0231596 0.999636 0.0138566 -0.10258 0.00605786 -0.0137198 0.999888 0.644065
270 283 259 0.999011 0.0435089 0.00911398 0.715883 -0.0437569 0.99862 0.0290486 -0.21798 -0.00783753 -0.0294187 0.999536 0.663322
270 284 328 0.999719 0.0236054 -0.00238301 0.772011 -0.0235646 0.999595 0.0159261 -0.153804 0.00275799 -0.0158654 0.99987 0.616719
285 286 14 0.999999 -0.00148381 0.000245827 0.655633 0.0014843 0.999997 -0.00198247 -0.118859 -0.000242885 0.00198283 0.999998 0.745666
285 287 149 0.999986 0.00276161 0.004559 0.431196 -0.00272998 0.999972 -0.00693025 -0.166827 -0.00457802 0.00691771 0.999966 0.886701
285 288 472 0.998028 0.011081 0.0617857 -0.774957 -0.00932901 0.999548 -0.0285732 0.343968 -0.0620744 0.0279405 0.99768 0.530215
285 289 359 0.999994 0.00305195 -0.00141383 0.750253 -0.0030644 0.999956 -0.00888643 -0.117141 0.00138664 0.00889072 0.99996 0.650691
285 290 323 0.999937 0.00889819 -0.00690743 0.758618 -0.008949 0.999933 -0.00735893 -0.289664 0.00684149 0.00742028 0.999949 0.583604
285 291 376 0.99988 0.0153827 0.00184579 0.704761 -0.0153595 0.99981 -0.0119873 -0.284524 -0.00202984 0.0119575 0.999926 0.649891
285 292 367 0.999965 0.00725172 -0.00421385 0.741524 -0.00732623 0.999812 -0.0179442 -0.171451 0.00408293 0.0179744 0.99983 0.64865
285 293 336 0.999518 0.0310373 0.000644657 0.601327 -0.0310331 0.999502 -0.00577325 -0.373635 -0.000823522 0.00575046 0.999983 0.706259
285 294 408 0.999696 0.018793 -0.0159808 0.811409 -0.0190459 0.999693 -0.0158248 -0.270817 0.0156785 0.0161243 0.999747 0.517951
285 295 351 0.999537 0.0282633 -0.0112967 0.778601 -0.02845 0.999455 -0.0167278 -0.253906 0.0108177 0.0170414 0.999796 0.573857
285 296 142 0.999326 0.0363552 -0.00502814 0.68333 -0.0364641 0.999056 -0.0235959 -0.209411 0.00416555 0.0237634 0.999709 0.699434
285 297 300 0.998217 0.0592927 -0.00690647 0.721812 -0.0593793 0.998149 -0.0131033 -0.362164 0.00611676 0.01349 0.99989 0.589767
285 298 331 0.998235 0.0538046 -0.0251334 0.832168 -0.0541468 0.998447 -0.0131383 -0.269609 0.0243875 0.014476 0.999598 0.484568
285 299 264 0.998491 0.048409 -0.0259433 0.77528 -0.0488854 0.998641 -0.0180519 -0.253919 0.0250342 0.0192929 0.9995 0.57833
300 301 29 1 -0.000821557 -3.71262e-05 -0.474421 0.000821551 1 -0.000179445 -0.0933224 3.72736e-05 0.000179414 1 0.875338
300 302 513 0.999776 -0.000788638 -0.0211384 0.904633 0.000616347 0.999967 -0.00815591 0.265986 0.0211441 0.00814106 0.999743 0.333001
300 303 766 0.999454 -0.00345817 -0.0328481 0.954922 0.00304704 0.999917 -0.012558 0.278952 0.0328888 0.012451 0.999381 0.101534
300 304 707 0.998645 -0.00574365 -0.0517291 0.936163 0.00472699 0.999794 -0.0197544 0.35021 0.0518319 0.0194831 0.998466 0.0308659
300 305 587 0.999548 0.00277258 -0.0299326 0.95748 -0.00271776 0.999995 0.00187197 -0.0877132 0.0299376 -0.00178977 0.99955 0.274844
300 306 593 0.999345 0.00632815 -0.0356343 0.965678 -0.00638842 0.999978 -0.00157777 0.0482139 0.0356236 0.00180438 0.999364 0.255227
300 307 636 0.998725 0.0115019 -0.0491534 0.977447 -0.0116762 0.999927 -0.00325947 0.0970225 0.0491123 0.00382923 0.998786 0.187577
300 308 659 0.998496 0.010083 -0.0538854 0.968802 -0.0102842 0.999941 -0.0034571 0.0792058 0.0538474 0.00400606 0.998541 0.23484
300 309 464 0.99926 0.0183731 -0.0337871 0.938488 -0.0181824 0.999817 0.00594388 -0.0797456 0.0338901 -0.00532516 0.999411 0.335976
300 310 496 0.996995 0.0145961 -0.0760841 0.96603 -0.0150669 0.999871 -0.00561754 0.138203 0.0759923 0.006747 0.997086 0.218373
300 311 505 0.998808 0.0161645 -0.0460629 0.983431 -0.0157654 0.999835 0.00901439 -0.0250066 0.046201 -0.00827745 0.998898 0.179551
300 312 322 0.99926 0.021556 -0.0318487 0.924945 -0.0211345 0.999685 0.0135115 -0.116249 0.0321299 -0.0128284 0.999401 0.361887
300 313 401 0.997729 0.0236686 -0.0630587 0.994338 -0.0229279 0.99966 0.0124441 0.00937073 0.0633318 -0.01097 0.997932 0.105848
300 314 137 0.996701 0.0370937 -0.0721939 0.994216 -0.0359661 0.999211 0.0168563 -0.0451659 0.0727622 -0.0142042 0.997248 0.097442
315 316 125 0.999872 0.00418402 -0.0154446 0.936915 -0.00438307 0.999907 -0.0128764 0.348277 0.0153893 0.0129425 0.999798 -0.0298743
315 317 37 0.999964 0.00400325 -0.00746124 0.784084 -0.00408588 0.99993 -0.0110923 0.206997 0.00741632 0.0111224 0.999911 -0.585119
315 318 199 0.999579 0.00403859 -0.0287261 0.970171 -0.00456913 0.99982 -0.0184274 0.206239 0.0286465 0.0185509 0.999417 -0.127413
315 319 45 0.999932 0.00892952 -0.00755157 0.639631 -0.00903223 0.999866 -0.0136776 0.00741969 0.00742842 0.0137448 0.999878 -0.768646
315 320 182 0.999434 0.0160441 -0.029576 0.990073 -0.0164736 0.999762 -0.0143348 -0.0483325 0.0293389 0.0148139 0.99946 -0.131982
315 321 125 0.999412 0.0257035 -0.0226936 0.97183 -0.0260892 0.999517 -0.0168665 -0.071591 0.0222491 0.0174486 0.9996 -0.224545
315 322 27 0.999199 0.0385262 -0.0108209 0.840074 -0.0387297 0.999064 -0.0192748 -0.023038 0.0100682 0.0196784 0.999756 -0.541983
315 323 123 0.997826 0.0414703 -0.0512268 0.98568 -0.0426652 0.998837 -0.0224563 0.130706 0.050236 0.0245931 0.998435 -0.106539
315 324 60 0.998251 0.0532115 -0.0257687 0.642894 -0.05359 0.998462 -0.0142271 -0.047378 0.024972 0.0155831 0.999567 -0.764488
315 325 96 0.998001 0.0542895 -0.0323599 0.624779 -0.0546655 0.998446 -0.0108488 0.0263898 0.0317206 0.0125961 0.999417 -0.780355
315 326 106 0.996169 0.0614708 -0.0621936 0.999851 -0.0622925 0.997993 -0.0113585 0.00506098 0.0613706 0.0151891 0.997999 -0.0165146
315 327 149 0.995264 0.0658988 -0.0714652 0.999767 -0.0669585 0.997677 -0.0125334 -0.0020003 0.0704732 0.0172592 0.997364 0.0214855
315 328 21 0.99635 0.0737051 -0.0430536 0.799318 -0.0742203 0.997187 -0.0104897 -0.13542 0.0421594 0.0136469 0.999018 -0.58545
315 329 157 0.993289 0.0529297 -0.102837 0.951376 -0.0555752 0.998189 -0.0230296 0.298447 0.101432 0.0285903 0.994432 0.0762492
330 331 15 0.999987 0.00446136 -0.00262297 0.683669 -0.00446091 0.99999 0.00018065 -0.0860685 0.00262375 -0.000168947 0.999997 -0.724699
330 332 11 0.99996 0.00216989 -0.00870506 0.91328 -0.00218057 0.999997 -0.00121757 0.379492 0.00870239 0.00123651 0.999961 -0.148008
330 333 11 0.999993 0.00271013 -0.0024584 -0.895152 -0.00270068 0.999989 0.00383763 0.0669328 0.00246878 -0.00383096 0.99999 -0.440707
330 334 58 0.999813 0.00240528 -0.019187 0.987317 -0.00230964 0.999985 0.00500532 0.133955 0.0191987 -0.00496007 0.999803 0.0852137
330 335 331 0.999612 0.00108995 -0.0278296 0.899455 -0.000939345 0.999985 0.0054241 0.0372852 0.0278351 -0.00539585 0.999598 0.435419
