0 1 19 0.999991 -0.0030331 0.0030203 -0.792382 0.00302183 0.999988 0.00372858 -0.573988 -0.00303157 -0.00371942 0.999988 0.206562
0 2 14 0.999995 -0.00311664 -0.000102972 -0.159754 0.00311689 0.999992 0.00260817 -0.72551 9.4842e-05 -0.00260848 0.999997 0.669414
0 3 35 0.999992 -0.00374405 -0.00126858 -0.305082 0.00374776 0.999989 0.0029395 0.202768 0.00125756 -0.00294424 0.999995 -0.930489
0 4 16 0.999995 -0.00316656 -0.000412365 0.169028 0.00316829 0.999986 0.00426366 -0.297387 0.000398858 -0.00426495 0.999991 0.939676
0 5 18 0.999993 -0.00375869 0.000802914 0.0678213 0.00375635 0.999989 0.00289766 0.17118 -0.000813797 -0.00289462 0.999995 -0.982903
0 6 21 0.999992 -0.00385797 -0.000814827 -0.179129 0.00386018 0.999989 0.00273549 0.267238 0.000804265 -0.00273862 0.999996 -0.946835
0 7 22 0.999981 -0.0054045 0.00304101 -0.69853 0.00539631 0.999982 0.00269545 0.0344092 -0.00305552 -0.00267898 0.999992 0.714753
0 8 30 0.999992 -0.00396149 -0.00111253 0.336404 0.00396416 0.999989 0.00241052 -0.0226399 0.00110297 -0.00241491 0.999996 0.941446
0 9 23 0.999991 -0.00410215 -0.000928833 0.160785 0.00410452 0.999988 0.00255946 0.0542326 0.000918323 -0.00256325 0.999996 0.985498
0 10 24 0.999997 -0.00201352 -0.00141553 0.160481 0.00201648 0.999996 0.00209092 0.224425 0.00141132 -0.00209377 0.999997 0.961186
0 11 63 0.999991 -0.00217394 -0.00358502 0.36837 0.00218571 0.999992 0.00328242 -0.207517 0.00357785 -0.00329023 0.999988 0.906223
0 12 39 1 0.00013975 -0.000625401 0.102454 -0.000138132 0.999997 0.00258663 -0.143651 0.00062576 -0.00258654 0.999996 0.984311
0 13 23 0.999984 0.00568738 -0.000182636 0.0556654 -0.00568664 0.999977 0.00381539 -0.0788637 0.000204331 -0.00381429 0.999993 0.99533
0 14 70 0.999855 0.00945732 -0.0141961 0.965115 -0.00939028 0.999944 0.00478179 -0.0492364 0.0142405 -0.00464779 0.999888 0.257155
15 16 37 0.999998 0.000334202 -0.0021258 -0.158397 -0.000334185 1 8.59838e-06 -0.164396 0.0021258 -7.88795e-06 0.999998 -0.973593
15 17 23 0.999997 0.000300112 -0.00228207 -0.261024 -0.000297759 0.999999 0.00103135 0.209977 0.00228238 -0.00103066 0.999997 0.942219
15 18 23 0.999987 0.00499766 -0.000188421 -0.187948 -0.00499731 0.999986 0.00181099 0.104231 0.000197469 -0.00181002 0.999998 0.976633
15 19 24 0.999998 0.00098102 -0.0015522 0.732326 -0.000976903 0.999996 0.00265135 -0.178684 0.0015548 -0.00264983 0.999995 0.657093
15 20 28 0.999982 0.00518566 -0.00316603 -0.839796 -0.00517513 0.999981 0.00332617 0.129686 0.00318322 -0.00330973 0.999989 -0.527186
15 21 24 0.999977 0.00619214 -0.00275891 -0.608655 -0.00618017 0.999972 0.00432716 0.260931 0.00278563 -0.00431001 0.999987 -0.749302
15 22 93 0.999899 0.00553387 -0.0130587 0.982297 -0.00549995 0.999981 0.00263189 0.0619511 0.013073 -0.00255981 0.999911 0.17679
15 23 52 0.999947 0.00515233 -0.00892788 0.822642 -0.00510959 0.999975 0.00480317 -0.177428 0.00895241 -0.00475729 0.999949 0.540165
15 24 67 0.999922 0.00488004 -0.0115359 0.905673 -0.004766 0.99994 0.00989204 -0.393798 0.0115835 -0.00983628 0.999885 0.157097
15 25 642 0.999797 0.00413716 -0.0197139 0.960536 -0.00399175 0.999965 0.00740956 -0.0740646 0.0197439 -0.00732936 0.999778 0.268115
15 26 597 0.999863 0.00244688 -0.0163991 0.832206 -0.00233221 0.999973 0.00700779 -0.182526 0.0164158 -0.00696858 0.999841 0.523562
15 27 55 0.999988 -0.000159583 -0.00479779 -0.826891 0.000182077 0.999989 0.00468839 0.202305 0.00479699 -0.00468921 0.999977 -0.524714
15 28 627 0.999785 0.00358003 -0.0204413 0.88191 -0.00342569 0.999965 0.00758063 -0.235102 0.0204677 -0.00750897 0.999762 0.408609
15 29 643 0.999613 0.00437412 -0.0274835 0.915795 -0.00411228 0.999946 0.00957619 -0.286493 0.0275239 -0.00945946 0.999576 0.281499
30 31 18 1 0.000357774 0.000900514 -0.00413404 -0.000354531 0.999993 -0.0035987 0.120735 -0.000901796 0.00359838 0.999993 -0.992676
30 32 12 0.999986 0.00390009 0.00364275 0.435046 -0.00388648 0.999985 -0.00373405 -0.753704 -0.00365726 0.00371984 0.999986 -0.492611
30 33 29 0.999985 -0.00251782 -0.00480055 0.88611 0.00249633 0.999987 -0.00447734 -0.123519 0.00481176 0.00446529 0.999978 0.446714
30 34 20 0.999996 -0.00214065 -0.00199085 0.959466 0.0021192 0.99994 -0.0107149 -0.116145 0.00201367 0.0107106 0.999941 0.256777
30 35 32 0.999999 -0.00132791 -0.000341129 0.987428 0.00132381 0.99993 -0.0117479 -0.122031 0.000356706 0.0117475 0.999931 0.100467
30 36 46 0.999999 -0.000947245 -0.000619285 0.966737 0.00094032 0.999938 -0.0110892 -0.157651 0.00062975 0.0110886 0.999938 -0.201411
30 37 25 0.999981 -0.00499655 0.00357444 0.989834 0.00503862 0.999917 -0.0118595 0.00775663 -0.00351488 0.0118773 0.999923 -0.142014
30 38 20 0.999782 -0.0133675 0.0160417 -0.706459 0.0135301 0.999858 -0.0100757 -0.135626 -0.0159047 0.0102906 0.999821 0.694638
30 39 14 0.99982 -0.0132266 0.0136304 -0.989287 0.0133195 0.999888 -0.00675209 0.0375861 -0.0135396 0.00693242 0.999884 -0.141065
30 40 457 0.99985 -0.0126543 -0.0117977 0.958934 0.0124795 0.999813 -0.0147752 0.283616 0.0119825 0.0146258 0.999821 0.00279582
30 41 609 0.999948 -0.00736715 -0.00703066 0.98848 0.00734663 0.999969 -0.00293985 0.147251 0.0070521 0.00288805 0.999971 0.0349897
30 42 621 0.999985 -0.00294216 -0.00460268 0.969104 0.00295638 0.999991 0.00308486 -0.128851 0.00459356 -0.00309843 0.999985 0.21032
30 43 548 0.99999 -0.00432668 0.00111646 0.997636 0.00433162 0.999981 -0.00446846 0.0411111 -0.0010971 0.00447325 0.999989 0.0550596
30 44 353 0.999973 -0.00684937 0.0027046 0.999989 0.00685097 0.999976 -0.000583826 -0.00444295 -0.00270054 0.000602339 0.999996 -0.0015869
45 46 26 0.999975 0.00691428 -0.00165216 0.296131 -0.00690692 0.999966 0.00442166 -0.423513 0.00168268 -0.00441014 0.999989 -0.856121
45 47 23 0.999813 0.0192738 0.00158592 0.0682804 -0.0192922 0.999735 0.0125917 -0.961567 -0.00134281 -0.0126199 0.999919 -0.265943
45 48 21 0.999895 0.0137971 0.00445673 0.672552 -0.0138596 0.999801 0.0143297 -0.240268 -0.00425813 -0.01439 0.999887 0.69996
45 49 26 0.999841 0.0177168 0.00211673 0.88742 -0.017745 0.999742 0.014149 0.282926 -0.00186551 -0.0141843 0.999898 0.36392
45 50 41 0.99977 0.0214324 0.000851416 -0.580451 -0.0214438 0.999625 0.0170239 0.296397 -0.000486233 -0.0170383 0.999855 -0.758436
45 51 27 0.999754 0.0221792 -0.000817329 0.164686 -0.022163 0.999623 0.0162206 -0.00372606 0.00117678 -0.0161985 0.999868 -0.986339
45 52 23 0.999615 0.0205074 -0.0187145 0.973202 -0.0202869 0.999723 0.011897 0.147558 0.0189533 -0.0115128 0.999754 0.176365
45 53 544 0.998908 0.0271592 -0.0380073 0.894897 -0.0272638 0.999626 -0.00223666 0.347946 0.0379323 0.00327044 0.999275 0.279452
45 54 554 0.999151 0.0254257 -0.0324207 0.961924 -0.0251665 0.999648 0.00837793 -0.127307 0.0326223 -0.0075549 0.999439 0.241858
45 55 613 0.998861 0.0274415 -0.039032 0.991444 -0.0272255 0.999611 0.00605469 -0.0712855 0.039183 -0.00498513 0.99922 0.10935
45 56 593 0.998558 0.0267193 -0.0465599 0.980681 -0.026692 0.999643 0.00120887 0.0284427 0.0465756 3.56482e-05 0.998915 0.193535
45 57 33 0.999002 0.0269652 -0.0356173 0.996086 -0.0270074 0.999635 -0.000705143 -0.0109174 0.0355853 0.00166637 0.999365 0.087707
45 58 39 0.998799 0.0247395 -0.0422833 0.974201 -0.024994 0.999672 -0.00550092 0.225013 0.0421334 0.00655114 0.999091 0.0173693
45 59 343 0.998282 0.0289701 -0.0509214 0.998831 -0.0290876 0.999576 -0.00156647 0.0425151 0.0508544 0.00304496 0.998701 0.0230019
60 61 21 0.999997 0.0020922 -0.000964271 0.210669 -0.00209014 0.999996 0.00213464 -0.390213 0.000968733 -0.00213262 0.999997 0.896299
60 62 586 0.999779 0.00130101 -0.0209978 0.914678 -0.00135207 0.999996 -0.00241799 0.393912 0.0209946 0.00244584 0.999777 0.0905392
60 63 32 0.999997 0.00200083 -0.00150638 -0.96657 -0.0019852 0.999945 0.0103111 0.0231542 0.00152693 -0.010308 0.999946 -0.255356
60 64 495 0.999842 0.00954683 -0.0149995 0.966436 -0.00947665 0.999944 0.00474323 0.0900803 0.0150439 -0.00460034 0.999876 0.240598
60 65 699 0.999691 0.0134665 -0.0208719 0.979945 -0.0134886 0.999909 -0.000919826 0.125236 0.0208576 0.00120107 0.999782 0.154998
60 66 468 0.999974 0.00665199 0.00294084 0.850533 -0.00666294 0.999971 0.00372745 -0.089712 -0.00291595 -0.00374694 0.999989 0.518214
60 67 112 0.999961 0.00645615 0.00604544 0.971537 -0.00646586 0.999978 0.0015875 -0.0867681 -0.00603505 -0.00162652 0.99998 0.220427
60 68 551 0.999928 0.00877181 -0.0081663 0.998605 -0.00877899 0.999961 -0.000843173 -0.0389922 0.00815859 0.000914804 0.999966 0.0356073
60 69 639 0.999845 0.01211 -0.0128047 0.999731 -0.0121838 0.99991 -0.00569743 0.0176183 0.0127346 0.00585255 0.999902 0.0151077
60 70 624 0.999505 0.0161061 -0.0270074 0.997938 -0.016207 0.999862 -0.00352203 0.0163902 0.026947 0.003958 0.999629 -0.0620541
60 71 514 0.999813 0.0177972 -0.00761285 0.983694 -0.0177393 0.999814 0.00761056 -0.176458 0.00774688 -0.00747409 0.999942 -0.0347631
60 72 562 0.999822 0.0148066 -0.0116915 0.991301 -0.0148437 0.999885 -0.00308814 0.0160145 0.0116445 0.00326114 0.999927 0.130636
60 73 573 0.999803 0.0197338 0.00231122 0.987269 -0.0197293 0.999803 -0.00194746 -0.0372974 -0.00234919 0.00190147 0.999995 0.154624
60 74 497 0.999764 0.0209334 -0.00574779 0.969223 -0.0209716 0.999758 -0.00666399 -0.0397442 0.0056069 0.00678296 0.999961 0.242955
75 76 16 0.999999 -0.000233091 -0.00127598 0.0307436 0.000230254 0.999998 -0.00222308 0.095267 0.0012765 0.00222279 0.999997 -0.994977
75 77 22 0.999976 -0.00484333 -0.00504228 -0.678928 0.00483087 0.999985 -0.00248056 -0.359253 0.00505422 0.00245614 0.999984 0.640308
75 78 441 0.99977 -0.00449356 -0.0209779 0.963652 0.00438688 0.999977 -0.00512839 0.248521 0.0210004 0.00503518 0.999767 0.0980427
75 79 56 0.999891 0.0122288 0.00824041 0.217253 -0.0122173 0.999924 -0.00143604 -0.186837 -0.00825735 0.0013352 0.999965 -0.958068
75 80 240 0.999945 0.00877797 -0.00578794 0.830813 -0.00875341 0.999953 0.00425481 -0.281107 0.00582501 -0.00420391 0.999974 -0.480342
75 81 82 0.999987 -0.000176834 -0.00501441 0.955265 0.000187023 0.999998 0.0020315 -0.0172983 0.00501404 -0.00203241 0.999985 -0.295244
75 82 616 0.999578 -0.00414402 -0.028748 0.990727 0.00429474 0.999977 0.00518289 -0.109133 0.0287259 -0.00530417 0.999573 0.0809291
75 83 635 0.999607 -0.00589096 -0.0274044 0.989512 0.00578467 0.999975 -0.00395611 0.144413 0.0274271 0.00379603 0.999617 -0.00329591
75 84 627 0.998937 -0.00303394 -0.0460012 0.998865 0.00327055 0.999982 0.00506922 -0.0426768 0.045985 -0.00521428 0.998929 0.0211339
75 85 632 0.998989 0.00265266 -0.0448873 0.997125 -0.00248763 0.99999 0.00373187 0.0654538 0.0448967 -0.00361643 0.998985 -0.0381769
75 86 561 0.998765 0.00206465 -0.0496498 0.999267 -0.00163458 0.999961 0.00870117 0.0366068 0.0496658 -0.00860926 0.998729 0.011213
75 87 570 0.998904 0.00204097 -0.0467623 0.989853 -0.00143516 0.999915 0.0129849 0.0341851 0.0467849 -0.0129036 0.998822 0.137923
75 88 530 0.999445 0.00293638 -0.0331966 0.973982 -0.00240074 0.999866 0.016164 -0.00833927 0.0332397 -0.0160753 0.999318 0.226472
75 89 563 0.999346 0.0122402 -0.0340352 0.995637 -0.0115789 0.999742 0.0195609 -0.0230265 0.0342658 -0.019154 0.999229 0.09042
90 91 518 0.99988 0.0035129 -0.0150823 0.810617 -0.00360218 0.999976 -0.00589605 0.511453 0.0150612 0.00594967 0.999869 0.285159
90 92 438 0.999902 0.00654352 -0.0124163 0.854179 -0.00643941 0.999944 0.00840667 -0.0269566 0.0124706 -0.00832589 0.999888 0.519281
90 93 47 0.9999 0.0109949 0.00888997 0.843181 -0.0111015 0.999866 0.0120398 -0.340302 -0.0087564 -0.0121373 0.999888 0.416221
90 94 44 0.999706 0.0132015 0.0203307 -0.538942 -0.0134365 0.999844 0.0114661 0.382076 -0.0201762 -0.0117359 0.999728 -0.750706
90 95 517 0.999952 0.0097633 0.000157238 0.850057 -0.00976419 0.999926 0.00728542 -0.146306 -8.60965e-05 -0.0072866 0.999973 0.505962
90 96 554 0.999708 0.0131354 -0.020304 0.934886 -0.0128305 0.999804 0.0150722 -0.268477 0.020498 -0.0148073 0.99968 0.232182
90 97 523 0.9999 0.00813212 -0.0115611 0.867607 -0.00805128 0.999943 0.00702156 -0.212297 0.0116175 -0.00692778 0.999909 0.449653
90 98 478 0.999791 0.00713355 -0.0191525 0.891427 -0.00710085 0.999973 0.00177521 -0.206161 0.0191646 -0.00163884 0.999815 0.403554
90 99 493 0.999748 0.000587826 -0.0224188 0.916361 -0.000865045 0.999923 -0.0123578 -0.107519 0.0224098 0.012374 0.999672 0.385646
90 100 455 0.999649 7.22948e-05 -0.0265109 0.945701 -0.000216637 0.999985 -0.00544179 -0.234664 0.0265101 0.00544562 0.999634 0.224906
90 101 343 0.99995 -0.00349154 -0.00931886 0.817246 0.0033615 0.999897 -0.0139345 -0.224728 0.00936656 0.0139025 0.999859 0.530666
90 102 425 0.999633 -0.0078479 -0.02594 0.913877 0.00738789 0.999815 -0.0177824 -0.246772 0.0260748 0.0175842 0.999505 0.322387
90 103 340 0.999522 -0.00913881 -0.0295183 0.931067 0.00844373 0.999686 -0.0235871 -0.191409 0.0297246 0.0233266 0.999286 0.310606
90 104 401 0.999087 -0.00325766 -0.0426026 0.978289 0.00201748 0.999574 -0.0291211 -0.128674 0.0426793 0.0290086 0.998668 0.162462
105 106 56 0.999938 0.00211028 -0.010979 0.946355 -0.0021882 0.999972 -0.0070901 0.210161 0.0109638 0.00711368 0.999915 -0.245447
105 107 35 0.999912 0.00489278 0.0123697 -0.14806 -0.00481387 0.999968 -0.00640088 0.18123 -0.0124006 0.00634077 0.999903 0.972231
105 108 517 0.999983 0.00572517 -0.00095391 0.928389 -0.00574327 0.999779 -0.0202011 0.322399 0.000838045 0.0202063 0.999795 -0.184803
105 109 546 0.999953 0.00951794 -0.00198286 0.934756 -0.00953902 0.999895 -0.010904 -0.173305 0.00187887 0.0109224 0.999939 -0.310156
105 110 426 0.999918 0.00881728 0.00930272 0.80268 -0.00864351 0.99979 -0.0185575 0.155288 -0.0094644 0.0184755 0.999785 -0.575839
105 111 499 0.999981 0.00558304 -0.00279606 0.886447 -0.00564254 0.999748 -0.0217444 0.159149 0.00267396 0.0217598 0.99976 -0.434607
105 112 496 0.999943 0.0077828 -0.0073029 0.893456 -0.00790134 0.999835 -0.0163461 0.01569 0.00717447 0.0164029 0.99984 -0.448876
105 113 525 0.999805 0.0106613 -0.0166239 0.897676 -0.0110542 0.999658 -0.0237206 0.113663 0.0163653 0.0238998 0.99958 -0.425744
105 114 358 0.999997 0.000915085 -0.00232246 0.778169 -0.000967494 0.999743 -0.0226665 0.155236 0.00230112 0.0226686 0.99974 -0.608568
105 115 440 0.999825 0.0104943 0.0154762 0.617108 -0.0103723 0.999915 -0.00794117 -0.0150576 -0.0155582 0.00777925 0.999849 -0.786734
105 116 454 0.999879 0.0148966 -0.00456608 0.798222 -0.014942 0.999838 -0.0100824 0.0544053 0.00441515 0.0101494 0.999939 -0.599901
105 117 330 0.999916 0.0121708 -0.00444504 0.786824 -0.0122215 0.999858 -0.0115729 0.111918 0.00430356 0.0116263 0.999923 -0.606945
105 118 433 0.999912 0.0123466 0.00475132 0.741752 -0.0123306 0.999918 -0.00337373 0.107356 -0.00479259 0.00331485 0.999983 -0.662026
105 119 442 0.998955 0.0183415 -0.0418556 0.888849 -0.0187299 0.999785 -0.00890622 0.129612 0.0416833 0.00968087 0.999084 -0.439486
120 121 26 0.999997 0.00210792 0.00142497 0.290681 -0.00211552 0.999983 0.00535578 0.293892 -0.00141366 -0.00535878 0.999985 -0.910567
120 122 60 0.999945 0.00950996 -0.00446604 0.70119 -0.00946633 0.999908 0.00969004 0.235201 0.00455778 -0.00964723 0.999943 -0.673063
120 123 38 0.999831 0.0118901 0.0140075 -0.259285 -0.0120536 0.99986 0.0116477 0.209169 -0.013867 -0.0118146 0.999834 -0.942878
120 124 451 0.99968 0.0239805 -0.00803313 0.892091 -0.0239728 0.999712 0.00105313 0.347166 0.00805607 -0.000860221 0.999967 -0.28922
120 125 459 0.999627 0.0266155 0.00615756 0.733779 -0.0266732 0.999599 0.00948501 0.0629075 -0.00590265 -0.00964571 0.999936 -0.67647
120 126 220 0.999175 0.0295579 0.027861 0.0939368 -0.0297677 0.999531 0.0071465 0.10424 -0.0276367 -0.00796996 0.999586 -0.990106
120 127 498 0.999523 0.0305046 0.00477556 0.518811 -0.0304939 0.999532 -0.00230003 0.21923 -0.00484349 0.00215331 0.999986 -0.826301
120 128 487 0.999447 0.0332541 0.000832788 0.426248 -0.0332558 0.999445 0.00208891 0.161406 -0.00076286 -0.00211545 0.999997 -0.89009
120 129 509 0.999589 0.0281549 0.00540063 0.298465 -0.028137 0.999598 -0.00336394 0.237792 -0.00549317 0.0032106 0.99998 -0.924323
120 130 516 0.999337 0.032536 -0.0163093 0.543516 -0.0327235 0.9994 -0.0113625 0.330988 0.0159299 0.0118886 0.999802 -0.771387
120 131 517 0.999284 0.0322831 -0.0197306 0.484382 -0.0325976 0.999343 -0.0158291 0.409514 0.0192067 0.016461 0.99968 -0.773093
120 132 501 0.998573 0.0383759 -0.0371479 0.628174 -0.0387195 0.999213 -0.00857338 0.309031 0.0367897 0.00999949 0.999273 -0.714071
120 133 500 0.998821 0.0372564 -0.0311291 0.532464 -0.037495 0.999271 -0.00711753 0.346357 0.0308413 0.00827632 0.99949 -0.772346
120 134 499 0.996531 0.0439763 -0.0706481 0.729291 -0.0464378 0.998356 -0.0335847 0.502735 0.0690551 0.036749 0.996936 -0.464103
135 136 31 1 0.000320968 0.000319791 -0.433243 -0.000322063 0.999994 0.00343127 0.163919 -0.000318687 -0.00343137 0.999994 -0.886245
135 137 15 0.999953 0.000803616 -0.00971308 0.926216 -0.000811456 0.999999 -0.000803143 0.327355 0.00971243 0.000810987 0.999953 -0.186983
135 138 113 0.999843 0.00316079 -0.0174557 0.814755 -0.00317528 0.999995 -0.000801968 0.279252 0.017453 0.000857268 0.999847 -0.508126
135 139 583 0.999615 0.00370882 -0.0275077 0.754532 -0.00392053 0.999963 -0.0076464 0.532493 0.0274784 0.00775129 0.999592 -0.383579
135 140 186 0.999951 0.00598603 -0.00786171 0.175437 -0.00590379 0.999928 0.0104424 0.0566027 0.00792366 -0.0103955 0.999915 -0.982862
135 141 502 0.999371 0.0102256 -0.0339605 0.769201 -0.0104754 0.999919 -0.00718448 0.494869 0.0338843 0.0075357 0.999397 -0.404271
135 142 503 0.999187 0.00780675 -0.0395495 0.689454 -0.00808598 0.999943 -0.00690519 0.421411 0.0394934 0.00721938 0.999194 -0.589123
135 143 555 0.99957 0.00787517 -0.0282328 0.437884 -0.00769308 0.999949 0.00655227 0.28219 0.028283 -0.00633226 0.99958 -0.853596
135 144 489 0.999452 0.0163688 -0.0287857 0.407091 -0.0159321 0.999756 0.0153328 0.164796 0.0290296 -0.0148658 0.999468 -0.898398
135 145 551 0.998563 0.0205607 -0.0494914 0.64227 -0.0199718 0.999724 0.0123658 0.255548 0.049732 -0.0113596 0.998698 -0.722623
135 146 494 0.998733 0.0209771 -0.0457418 0.562658 -0.0201535 0.999628 0.0183913 0.255992 0.0461106 -0.0174461 0.998784 -0.786056
135 147 451 0.998373 0.0244834 -0.0514997 0.646125 -0.0239047 0.999644 0.0118221 0.432995 0.0517708 -0.0105718 0.998603 -0.62852
135 148 496 0.995924 0.0374552 -0.0820483 0.741385 -0.0374575 0.999297 0.00151111 0.478851 0.0820472 0.00156838 0.996627 -0.47016
135 149 406 0.998561 0.0350507 -0.0405907 0.464679 -0.0334358 0.998648 0.0398051 0.241251 0.041931 -0.0383906 0.998383 -0.851981
150 151 0 1 0 0 0 0 1 0 0 0 0 1 0
150 152 187 0.999723 0.0227889 -0.00590686 0.58277 -0.0228082 0.999735 -0.00322001 0.788684 0.00583192 0.00335384 0.999977 0.195851
150 153 0 1 0 0 0 0 1 0 0 0 0 1 0
150 154 24 0.999559 0.0296943 -0.000859169 0.205455 -0.0296764 0.999427 0.0162909 -0.101773 0.00134242 -0.0162582 0.999867 -0.97336
150 155 23 0.99956 0.0289098 -0.00669572 0.0845551 -0.0287712 0.999387 0.0199416 -0.195527 0.00726813 -0.0197402 0.999779 -0.977046
150 156 31 0.999375 0.0348715 -0.00571307 0.00679834 -0.0347455 0.999179 0.0208467 -0.193317 0.00643533 -0.0206352 0.999766 -0.981113
150 157 153 0.998393 0.0347939 -0.0447257 0.939111 -0.0342562 0.999332 0.0127333 0.16941 0.0451388 -0.0111807 0.998918 -0.298951
150 158 142 0.998194 0.0337091 -0.0497185 0.808623 -0.0338678 0.999424 -0.0023525 0.449997 0.0496105 0.0040321 0.998761 -0.378988
150 159 145 0.997646 0.0399278 -0.0557432 0.825595 -0.0402765 0.999175 -0.00514529 0.493798 0.0554917 0.00737832 0.998432 -0.273052
150 160 57 0.998928 0.0425218 -0.0183136 0.231457 -0.0421446 0.998901 0.0205111 0.0352599 0.0191657 -0.0197173 0.999622 -0.972206
150 161 159 0.997654 0.0415394 -0.054411 0.585459 -0.0408081 0.999062 0.014483 0.172861 0.0549616 -0.0122286 0.998414 -0.792059
150 162 97 0.998964 0.0330639 -0.0312734 0.193583 -0.0324115 0.999251 0.0211436 0.126838 0.0319491 -0.020108 0.999287 -0.97285
150 163 138 0.995203 0.0440569 -0.087354 0.845742 -0.0434615 0.999017 0.00870706 0.289526 0.0876518 -0.00486875 0.996139 -0.448214
150 164 156 0.992928 0.0487809 -0.108232 0.797117 -0.0486792 0.998808 0.00358245 0.333324 0.108278 0.00171152 0.994119 -0.503487
165 166 14 0.999975 0.00551189 -0.00448653 0.50651 -0.00548852 0.999971 0.00520419 0.523789 0.00451509 -0.00517943 0.999976 -0.684903
165 167 52 0.999968 0.00581091 -0.00545483 0.247343 -0.00577099 0.999957 0.00730525 0.152504 0.00549705 -0.00727354 0.999958 -0.956851
165 168 75 0.999822 0.0116105 -0.0148451 0.481409 -0.0114893 0.9999 0.00822285 0.14985 0.0149391 -0.00805083 0.999856 -0.863592
165 169 160 0.999616 0.0155716 -0.0229367 0.636488 -0.0154739 0.99987 0.00443075 0.401863 0.0230027 -0.00407413 0.999727 -0.658323
165 170 501 0.999331 0.0154334 -0.0331447 0.61736 -0.0152675 0.99987 0.00525236 0.233326 0.0332214 -0.00474281 0.999437 -0.751282
165 171 462 0.999025 0.0234227 -0.0374114 0.627622 -0.0231368 0.9997 0.00805601 0.230028 0.0375889 -0.00718258 0.999267 -0.743759
165 172 454 0.999188 0.0230246 -0.0330681 0.4561 -0.0228385 0.999721 0.00599442 0.279836 0.0331969 -0.00523432 0.999435 -0.844787
165 173 489 0.997781 0.0201188 -0.0634703 0.749183 -0.0203887 0.999786 -0.00360852 0.338266 0.0633841 0.00489459 0.997977 -0.569474
165 174 515 0.998678 0.0187207 -0.0478722 0.517557 -0.0185541 0.99982 0.00392227 0.312413 0.0479371 -0.00302886 0.998846 -0.796576
165 175 445 0.998354 0.0279888 -0.0500569 0.485962 -0.0275137 0.99957 0.0101543 0.248454 0.0503196 -0.00876033 0.998695 -0.837921
165 176 430 0.996764 0.0369183 -0.0714047 0.663603 -0.0369512 0.999317 0.000860881 0.313458 0.0713877 0.00178039 0.997447 -0.679246
165 177 430 0.99469 0.0531852 -0.0881087 0.76672 -0.0529219 0.998584 0.00532286 0.247154 0.0882671 -0.000631709 0.996097 -0.5925
165 178 477 0.992387 0.0565114 -0.10943 0.821525 -0.0594912 0.997936 -0.024157 0.408163 0.107839 0.0304832 0.993701 -0.398121
165 179 394 0.997641 0.0501012 -0.0469258 0.499676 -0.0503584 0.998722 -0.00431527 0.339466 0.0466497 0.0066682 0.998889 -0.796923
180 181 23 0.999989 0.00241287 -0.00410705 0.837219 -0.00241932 0.999996 -0.00156551 0.323348 0.00410326 0.00157543 0.99999 -0.441033
180 182 618 0.999843 0.0105687 -0.0142293 0.81736 -0.0104786 0.999925 0.00638581 -0.396544 0.0142957 -0.0062357 0.999878 -0.417942
180 183 128 0.99989 0.014848 -0.000503574 0.446988 -0.0148516 0.999858 -0.00793432 0.114659 0.000385693 0.00794093 0.999968 -0.887161
180 184 752 0.999399 0.0199529 -0.0283496 0.857905 -0.0206793 0.999459 -0.0255653 0.404832 0.0278242 0.0261361 0.999271 -0.316403
180 185 548 0.999883 0.0127983 -0.00843263 0.442088 -0.0129462 0.999759 -0.0177173 0.266409 0.00820385 0.0178244 0.999807 -0.856496
180 186 679 0.999509 0.0239258 -0.0202453 0.644215 -0.0242423 0.999585 -0.0155349 0.193751 0.0198652 0.0160181 0.999674 -0.739897
180 187 593 0.999381 0.0314714 -0.0157508 0.537009 -0.031688 0.999404 -0.0136964 0.0880386 0.0153104 0.014187 0.999782 -0.83897
180 188 653 0.999025 0.0278815 -0.0342158 0.70259 -0.0290346 0.999011 -0.0336796 0.340973 0.0332429 0.0346402 0.998847 -0.624584
180 189 572 0.998142 0.0258993 -0.0551595 0.758493 -0.0283371 0.998635 -0.0438813 0.396245 0.0539477 0.0453628 0.997513 -0.517377
180 190 488 0.998634 0.0291427 -0.043363 0.607712 -0.0301298 0.999298 -0.0222865 0.163499 0.042683 0.0235626 0.998811 -0.777145
180 191 561 0.997768 0.0209267 -0.0634183 0.730519 -0.0232961 0.999049 -0.0368557 0.304353 0.0625867 0.0382509 0.997306 -0.61132
180 192 607 0.997481 0.0239776 -0.066758 0.695827 -0.0263919 0.99902 -0.0355207 0.260898 0.0658409 0.0371931 0.997137 -0.669146
180 193 588 0.997354 0.0279588 -0.0671024 0.658725 -0.0302261 0.998998 -0.0330146 0.221795 0.0661121 0.0349555 0.9972 -0.71895
180 194 445 0.995526 0.0298073 -0.0896632 0.718577 -0.0326913 0.998989 -0.0308697 0.179774 0.0886524 0.0336628 0.995494 -0.67181
195 196 60 0.999966 0.00132044 -0.00815783 0.363564 -0.00123558 0.999945 0.0103982 -0.400397 0.00817111 -0.0103878 0.999913 -0.841132
195 197 90 0.999634 -0.00951206 -0.0253201 0.807101 0.00977055 0.999901 0.0101046 0.408009 0.0252215 -0.0103483 0.999628 -0.426751
195 198 414 0.999253 0.00996243 -0.0373418 0.719641 -0.00852298 0.999222 0.038511 -0.50461 0.0376964 -0.0381639 0.99856 -0.476954
195 199 178 0.999103 -0.0095941 -0.0412427 0.722198 0.0106872 0.999595 0.0263666 0.183298 0.040973 -0.0267837 0.998801 -0.666957
195 200 319 0.996322 -0.00365766 -0.0856139 0.965613 0.00654454 0.999419 0.0334635 0.104234 0.0854418 -0.0339007 0.995766 -0.238173
195 201 309 0.998635 0.0116047 -0.0509184 0.833916 -0.00925812 0.998895 0.0460822 -0.240865 0.0513969 -0.0455479 0.997639 -0.496557
195 202 419 0.99588 0.0176611 -0.0889457 0.900079 -0.0135477 0.99882 0.0466391 -0.08345 0.0896644 -0.0452419 0.994944 -0.427661
195 203 395 0.987394 0.0214043 -0.156826 0.993634 -0.0154677 0.99912 0.0389775 0.0592244 0.157522 -0.0360604 0.986857 -0.0958321
195 204 369 0.988871 0.0351397 -0.144567 0.974817 -0.0268568 0.997905 0.0588529 -0.0907357 0.146333 -0.0543153 0.987743 -0.203715
195 205 366 0.993042 0.0302264 -0.113819 0.943875 -0.0242087 0.998254 0.0538872 -0.123418 0.115249 -0.0507569 0.992039 -0.306377
195 206 278 0.998225 0.0342216 -0.0487414 0.559537 -0.0320169 0.998459 0.045317 -0.136545 0.0502171 -0.043676 0.997783 -0.81748
195 207 369 0.991364 0.0404118 -0.124754 0.932342 -0.0333569 0.997751 0.0581316 -0.163359 0.126823 -0.0534682 0.990483 -0.32257
195 208 383 0.991922 0.0555883 -0.114024 0.900314 -0.0480503 0.996539 0.0678257 -0.262432 0.1174 -0.0617989 0.99116 -0.347224
195 209 398 0.98066 0.0527003 -0.188493 0.992287 -0.0450463 0.997986 0.044665 -0.0443484 0.190467 -0.0353103 0.981058 -0.115757
210 211 20 0.999989 0.00418178 -0.00192066 0.926098 -0.00418511 0.99999 -0.00173011 -0.0516748 0.00191341 0.00173813 0.999997 -0.373729
210 212 65 0.999975 0.00400009 0.00581126 0.71988 -0.00398552 0.999989 -0.00251721 0.00647131 -0.00582126 0.00249399 0.99998 -0.694068
210 213 439 0.999723 0.023349 -0.00294551 0.727277 -0.0233028 0.999618 0.0148695 -0.433703 0.00329157 -0.0147968 0.999885 -0.531949
210 214 495 0.99977 0.00871724 -0.0195776 0.963409 -0.00859244 0.999942 0.00644997 -0.0405826 0.0196327 -0.00628027 0.999788 -0.264944
210 215 222 0.999708 0.0123239 0.0208062 0.634387 -0.0125488 0.999864 0.0107145 -0.126849 -0.0206713 -0.0109725 0.999726 -0.762537
210 216 415 0.999818 -0.00340631 -0.0187805 0.965032 0.00350858 0.999979 0.0054151 0.112518 0.0187616 -0.00548001 0.999809 -0.236753
210 217 333 0.999772 -0.0126548 -0.0171945 0.947245 0.0129563 0.999762 0.0175334 0.0539917 0.0169686 -0.0177522 0.999698 -0.315929
210 218 309 0.99965 -0.020593 0.0165973 0.801479 0.02018 0.999492 0.0246769 0.0568378 -0.017097 -0.0243334 0.999558 -0.595315
210 219 187 0.999207 -0.0243938 0.0314696 0.673718 0.0234031 0.999231 0.0314726 0.00498422 -0.0322131 -0.0307112 0.999009 -0.738972
210 220 531 0.999719 -0.0236542 -0.00161636 0.892931 0.0236985 0.998999 0.0379276 -0.0271526 0.0007176 -0.0379553 0.999279 -0.449375
210 221 358 0.998324 -0.0175999 -0.0551373 0.987229 0.0193837 0.9993 0.031985 -0.00460742 0.0545358 -0.0330002 0.997966 -0.15924
210 222 435 0.999883 -0.0136984 -0.00687867 0.924775 0.0138802 0.999536 0.0271116 -0.0270784 0.00650409 -0.0272039 0.999609 -0.379549
210 223 438 0.999784 -0.00637027 0.0197868 0.788417 0.00580021 0.99957 0.0287354 -0.0786085 -0.0199613 -0.0286145 0.999391 -0.610098
210 224 449 0.999934 -0.00539402 0.0101628 0.815375 0.00507155 0.999491 0.0314931 -0.101918 -0.0103275 -0.0314394 0.999452 -0.569892
225 226 95 0.999952 0.00778632 -0.00588815 0.491991 -0.0077233 0.999913 0.0106511 -0.847626 0.00597057 -0.0106051 0.999926 -0.198681
225 227 21 0.999816 0.018552 0.00494923 0.4001 -0.0185325 0.99982 -0.00395374 -0.489919 -0.00502169 0.00386129 0.99998 -0.774532
225 228 515 0.999492 0.0312561 -0.00625489 0.502199 -0.031133 0.999337 0.0189008 -0.830939 0.00684151 -0.0186965 0.999802 -0.239451
225 229 538 0.999318 0.0321607 -0.0181408 0.70503 -0.0317596 0.999254 0.0219826 -0.683729 0.0188343 -0.0213915 0.999594 -0.188272
225 230 477 0.999472 0.0194103 -0.0260656 0.935647 -0.0193393 0.999809 0.00297381 -0.236693 0.0261183 -0.00246815 0.999656 -0.261805
225 231 416 0.999575 0.0237638 -0.0168977 0.863212 -0.0238263 0.99971 -0.00350827 -0.261725 0.0168094 0.00390939 0.999851 -0.431701
225 232 254 0.99949 0.0318181 -0.00252621 0.733 -0.0318433 0.999436 -0.010636 -0.266606 0.00218636 0.010711 0.99994 -0.625805
225 233 275 0.999587 0.0283283 -0.00478851 0.809463 -0.0283927 0.999499 -0.0139749 -0.344793 0.00439023 0.0141051 0.999891 -0.475276
225 234 201 0.99972 0.0235294 -0.00237978 0.784399 -0.0235738 0.999507 -0.0207473 -0.288766 0.00189043 0.0207976 0.999782 -0.548937
225 235 248 0.999743 0.0221875 -0.00462221 0.786185 -0.0222844 0.999507 -0.0220947 -0.300881 0.00412971 0.022192 0.999745 -0.5398
225 236 470 0.998983 0.0231742 -0.0386683 0.90434 -0.0237219 0.999624 -0.0137658 -0.319996 0.0383348 0.0146691 0.999157 -0.282438
225 237 411 0.999317 0.0190017 -0.031689 0.920319 -0.0197322 0.999543 -0.0229039 -0.257358 0.0312393 0.0235136 0.999235 -0.294585
225 238 132 0.999404 0.0332753 0.00922462 0.704969 -0.0329429 0.998875 -0.0341049 -0.240139 -0.0103491 0.0337807 0.999376 -0.667346
225 239 384 0.997794 0.0309417 -0.0587424 0.977546 -0.0324119 0.999181 -0.0242422 -0.159088 0.0579442 0.0260927 0.997979 -0.138187
240 241 239 0.999954 0.00398958 -0.00866812 0.413572 -0.00388681 0.999922 0.0118409 -0.886003 0.00871469 -0.0118067 0.999892 0.209658
240 242 282 0.99982 0.00286245 -0.0187517 0.925092 -0.00298811 0.999973 -0.00667662 0.0196057 0.0187321 0.00673145 0.999802 0.379236
240 243 593 0.999571 0.00710399 -0.0284305 0.984478 -0.00743174 0.999907 -0.0114392 0.0376033 0.0283466 0.0116456 0.99953 0.171433
240 244 544 0.999417 0.00549972 -0.033689 0.925883 -0.00616137 0.99979 -0.0195677 0.138056 0.0335743 0.0197638 0.999241 0.351684
240 245 353 0.999724 0.0111074 -0.0207153 0.866043 -0.0114871 0.999767 -0.0183015 -0.0453222 0.0205072 0.0185344 0.999618 0.497911
240 246 585 0.999471 0.0124791 -0.0300447 0.936037 -0.0131772 0.999645 -0.0231514 -0.00310335 0.0297452 0.0235351 0.99928 0.351889
240 247 161 0.999849 0.0138689 -0.0104344 0.967608 -0.0140267 0.999786 -0.0152053 -0.137922 0.0102213 0.0153494 0.99983 0.211452
240 248 380 0.999702 0.0154206 -0.0189285 0.907304 -0.0156132 0.999827 -0.0100734 -0.0762973 0.0187699 0.0103659 0.99977 0.413494
240 249 423 0.999327 0.0200954 -0.0306752 0.966079 -0.0203675 0.999756 -0.00858533 0.00406827 0.0304952 0.00920433 0.999493 0.258215
240 250 306 0.999682 0.00860772 -0.0237125 0.893118 -0.00886474 0.999903 -0.0107549 0.0748128 0.0236177 0.0109617 0.999661 0.443558
240 251 309 0.99968 0.0241229 -0.00764307 0.910239 -0.0240987 0.999704 0.00324004 -0.0669153 0.00771897 -0.00305482 0.999966 0.408641
240 252 327 0.999845 0.01759 -0.000934325 0.891048 -0.0175874 0.999842 0.00269397 -0.00366396 0.000981564 -0.00267712 0.999996 0.453894
240 253 345 0.999933 0.00531285 -0.0102894 0.88589 -0.00534037 0.999982 -0.0026496 0.0509156 0.0102752 0.00270437 0.999944 0.461092
240 254 351 0.999991 -0.00137856 -0.00396665 0.891113 0.00137561 0.999999 -0.000746599 0.0284209 0.00396767 0.000741136 0.999992 0.452891
255 256 16 0.999951 -0.00948565 0.00279385 0.995579 0.00948417 0.999955 0.000541257 0.0290181 -0.00279886 -0.000514733 0.999996 0.0893304
255 257 29 0.999886 -0.015045 -0.00130117 0.933486 0.0150533 0.999865 0.0065905 -0.0131084 0.00120184 -0.00660933 0.999977 0.358375
255 258 593 0.999622 -0.0218393 -0.0166975 0.93215 0.021854 0.999761 0.00069516 0.122322 0.0166783 -0.0010598 0.99986 0.340785
255 259 412 0.999735 -0.0226226 -0.00430315 0.712129 0.0226232 0.999744 8.55748e-05 0.0606868 0.00430011 -0.000182903 0.999991 0.69942
255 260 496 0.999698 -0.0213244 -0.0121842 0.888478 0.0212721 0.999764 -0.00440714 0.194164 0.0122753 0.00414662 0.999916 0.41582
255 261 520 0.99976 -0.0207115 -0.00708136 0.818217 0.0206675 0.999767 -0.00623917 0.210385 0.00720893 0.00609132 0.999955 0.535032
255 262 347 0.999718 -0.0228323 -0.00653203 0.854898 0.0228132 0.999735 -0.00298101 0.11797 0.00659837 0.00283116 0.999974 0.505205
255 263 340 0.999641 -0.0247005 -0.0103846 0.809732 0.0247539 0.999681 0.00504357 0.0878677 0.0102567 -0.00529881 0.999933 0.580185
255 264 539 0.999341 -0.0244243 -0.0268673 0.820713 0.0245345 0.999692 0.00377896 0.0868252 0.0267667 -0.00443564 0.999632 0.564704
255 265 539 0.999223 -0.0291526 -0.0265407 0.784712 0.0291162 0.999574 -0.00175661 0.115288 0.0265806 0.000982485 0.999646 0.609045
255 266 527 0.998499 -0.0363225 -0.0409839 0.829886 0.0360151 0.999317 -0.00821462 0.177797 0.0412543 0.00672626 0.999126 0.528845
255 267 519 0.998945 -0.0308312 -0.0340291 0.770201 0.0308419 0.999524 -0.000209591 0.0619989 0.0340194 -0.000840154 0.999421 0.634781
255 268 520 0.99883 -0.0281393 -0.0393222 0.802354 0.0281497 0.999604 -0.000288569 0.0180981 0.0393147 -0.000818677 0.999227 0.596573
255 269 500 0.99821 -0.0356571 -0.048015 0.812278 0.0352865 0.999341 -0.00854436 0.0587246 0.048288 0.00683479 0.99881 0.580307
270 271 634 0.999871 0.00154764 -0.0159843 0.830788 -0.00136602 0.999934 0.011367 -0.381141 0.0160008 -0.0113437 0.999808 0.405614
270 272 467 0.999805 0.0143122 -0.0135885 0.826758 -0.0141106 0.999791 0.0148228 -0.470865 0.0137978 -0.0146282 0.999798 0.307826
270 273 307 0.999933 0.0115224 -0.000492387 0.737526 -0.0115205 0.999927 0.00354933 -0.133403 0.000533248 -0.00354342 0.999994 0.662011
270 274 543 0.999941 0.00983265 -0.00457047 0.652508 -0.0098204 0.999948 0.00269526 -0.0452323 0.00459673 -0.00265022 0.999986 0.75643
270 275 494 0.999877 0.0130887 -0.00864598 0.702082 -0.013015 0.999879 0.00852885 -0.173884 0.00875656 -0.00841528 0.999926 0.69054
270 276 438 0.999891 0.0137332 -0.00545114 0.683094 -0.0136617 0.999823 0.0129407 -0.201439 0.0056279 -0.0128648 0.999901 0.702001
270 277 531 0.999845 0.0103893 -0.0142076 0.749579 -0.0102554 0.999903 0.00946583 -0.117214 0.0143045 -0.00931866 0.999854 0.651454
270 278 503 0.999824 0.012302 -0.0141716 0.704225 -0.0121459 0.999865 0.0110464 -0.134169 0.0143056 -0.0108723 0.999839 0.697184
270 279 408 0.999823 0.0114151 -0.0149455 0.768677 -0.0112486 0.999874 0.0111734 -0.0910222 0.0150712 -0.0110034 0.999826 0.633128
270 280 397 0.999758 0.0149015 -0.0161724 0.769031 -0.0147262 0.999832 0.0109043 -0.0608418 0.0163322 -0.0106635 0.99981 0.63631
270 281 471 0.99976 0.0216139 -0.00356484 0.714945 -0.0215627 0.999672 0.0138374 -0.116234 0.00386275 -0.0137573 0.999898 0.689451
270 282 395 0.999656 0.0207546 -0.0160101 0.793845 -0.0205954 0.999737 0.0100441 -0.062755 0.0162144 -0.0097109 0.999821 0.604873
270 283 400 0.999834 0.0152767 -0.00988526 0.737286 -0.0151977 0.999852 0.00802188 -0.0499096 0.0100063 -0.00787032 0.999919 0.673735
270 284 431 0.999457 0.0329435 1.86517e-05 0.716083 -0.0329358 0.999212 0.0221281 -0.17527 0.00071034 -0.0221167 0.999755 0.675652
285 286 62 0.999989 -0.00193478 0.00430372 0.398421 0.00193562 0.999998 -0.000190161 -0.229376 -0.00430334 0.000198489 0.999991 0.888058
285 287 155 0.999991 0.00386495 -0.00146325 0.712631 -0.00387058 0.999985 -0.00387081 -0.32392 0.00144827 0.00387644 0.999991 0.62228
285 288 143 0.99997 0.00335087 0.00702935 0.605066 -0.00329502 0.999963 -0.00794152 -0.171035 -0.0070557 0.00791811 0.999944 0.777587
285 289 447 0.999993 0.003645 0.00044281 0.706704 -0.00364209 0.999973 -0.00641524 -0.216311 -0.000466181 0.00641359 0.999979 0.673631
285 290 423 0.99995 0.00822256 -0.005668 0.735479 -0.00827707 0.999919 -0.00966201 -0.261813 0.0055881 0.00970844 0.999937 0.624919
285 291 579 0.999707 0.0144901 -0.0194137 0.923007 -0.0147158 0.999825 -0.0115343 -0.1834 0.0192432 0.0118166 0.999745 0.338264
285 292 443 0.999869 0.0160839 -0.00197566 0.768705 -0.0161077 0.999789 -0.0127128 -0.250086 0.00177077 0.012743 0.999917 0.588685
285 293 423 0.999873 0.0154222 -0.0039469 0.712486 -0.0154824 0.999757 -0.0157056 -0.262131 0.00370372 0.0157648 0.999869 0.650885
285 294 501 0.999608 0.0210597 -0.0184737 0.811926 -0.0213714 0.99963 -0.0168367 -0.22195 0.0181123 0.0172249 0.999688 0.53992
285 295 483 0.999537 0.0255387 -0.0165296 0.812105 -0.0257974 0.999545 -0.0156299 -0.269923 0.0161229 0.0160491 0.999741 0.517328
285 296 306 0.999197 0.0369824 -0.0154312 0.78751 -0.0372898 0.999102 -0.0201309 -0.257758 0.0146728 0.0206901 0.999678 0.559812
285 297 364 0.999037 0.0422929 -0.0116772 0.779963 -0.0425449 0.998847 -0.0222564 -0.278205 0.0107225 0.0227318 0.999684 0.560589
285 298 410 0.998776 0.0454774 -0.0194594 0.765939 -0.0457935 0.998821 -0.0161223 -0.268368 0.0187032 0.0169937 0.999681 0.584222
285 299 398 0.998295 0.0447631 -0.0374514 0.851057 -0.0455746 0.998738 -0.0211017 -0.197858 0.0364596 0.0227726 0.999076 0.486369
300 301 25 0.999988 0.000256087 -0.00496734 0.958903 -0.000255403 1 0.000138257 -0.0599308 0.00496738 -0.000136986 0.999988 0.277333
300 302 705 0.999583 -0.00157031 -0.028836 0.858786 0.00102561 0.999821 -0.0188948 0.481675 0.0288605 0.0188573 0.999406 0.174572
300 303 36 0.999851 -0.00215524 -0.0171043 0.990892 0.00208959 0.99999 -0.00385533 0.0331522 0.0171124 0.00381902 0.999846 0.130515
300 304 414 0.99968 -0.00106388 -0.0252844 0.986396 0.00101994 0.999998 -0.00175094 0.0461232 0.0252862 0.00172459 0.999679 0.157784
300 305 741 0.998464 0.00308089 -0.0553155 0.93712 -0.00406985 0.999834 -0.0177748 0.288388 0.0552515 0.0179726 0.998311 0.196569
300 306 648 0.999235 0.00299719 -0.0389941 0.979669 -0.00314487 0.999988 -0.00372642 0.086693 0.0389825 0.0038462 0.999232 0.180921
300 307 724 0.998823 0.010308 -0.0473922 0.974937 -0.0104825 0.999939 -0.00343446 0.127402 0.0473539 0.00392721 0.99887 0.182392
300 308 641 0.999047 0.0106865 -0.0423123 0.975279 -0.0106824 0.999943 0.000323382 0.0291134 0.0423133 0.000128922 0.999104 0.219052
300 309 671 0.998762 0.0162218 -0.0470149 0.969135 -0.0160454 0.999863 0.00412649 -0.0285505 0.0470754 -0.00336701 0.998886 0.244873
300 310 589 0.995968 0.00979381 -0.0891722 0.967599 -0.0111716 0.999826 -0.0149645 0.208519 0.0890101 0.0159003 0.995904 0.142379
300 311 550 0.998617 0.0174867 -0.049572 0.932883 -0.01708 0.999817 0.00861655 -0.0207596 0.0497136 -0.00775795 0.998733 0.359581
300 312 552 0.998232 0.018357 -0.056528 0.986695 -0.0178259 0.999792 0.00988508 -0.027786 0.0566978 -0.00885994 0.998352 0.160192
300 313 538 0.997386 0.0249256 -0.0678278 0.979553 -0.0241781 0.999638 0.0118207 -0.0038337 0.0680979 -0.0101498 0.997627 0.20115
300 314 302 0.995661 0.0337803 -0.0867085 0.98225 -0.0327714 0.999378 0.0130327 -0.0277308 0.0870948 -0.0101346 0.996148 0.185517
315 316 58 0.999956 0.00823153 0.00442098 -0.510374 -0.00819542 0.999933 -0.00812513 0.330891 -0.00448757 0.00808855 0.999957 -0.793743
315 317 20 0.999992 0.00254023 -0.00310782 0.702941 -0.00257173 0.999945 -0.0101729 0.159151 0.00308181 0.0101808 0.999943 -0.693214
315 318 21 0.99993 0.00744565 -0.00922622 0.982869 -0.00755344 0.999903 -0.0117041 -0.100294 0.00913818 0.011773 0.999889 -0.154627
315 319 143 0.999738 0.00935436 -0.0209136 0.969463 -0.00966683 0.999842 -0.0148898 0.0247909 0.020771 0.015088 0.99967 -0.243982
315 320 296 0.998874 0.0176223 -0.0440562 0.99785 -0.0182221 0.999746 -0.0132504 -0.0571873 0.0438115 0.0140383 0.998941 -0.0320309
315 321 249 0.999118 0.0268064 -0.0323149 0.999083 -0.0274028 0.99946 -0.0181554 -0.0325048 0.0318108 0.0190249 0.999313 0.0278515
315 322 298 0.997373 0.0348191 -0.0635197 0.995768 -0.0358887 0.999231 -0.0157752 -0.0629283 0.0629215 0.0180134 0.997856 0.0669849
315 323 225 0.997881 0.0489851 -0.0428286 0.967418 -0.0494014 0.998741 -0.00871734 -0.252149 0.0423477 0.0108147 0.999044 0.0228624
315 324 247 0.997117 0.0514454 -0.0557831 0.991783 -0.0520484 0.9986 -0.00941039 -0.114922 0.0552209 0.0122867 0.998399 0.0562105
315 325 281 0.996114 0.0536504 -0.0698476 0.996673 -0.0548396 0.998379 -0.0152199 0.0811249 0.0689178 0.0189912 0.997442 0.00780769
315 326 181 0.996812 0.0581936 -0.0545806 0.996271 -0.0589581 0.998182 -0.0124999 0.0756742 0.053754 0.015678 0.998431 -0.0414387
315 327 236 0.995176 0.0668414 -0.0718088 0.989147 -0.0680258 0.997583 -0.0141738 0.0363851 0.0706878 0.0189903 0.997318 0.142355
