0 1 39 0.999999 0.000634989 0.00105895 0.203072 -0.000637102 0.999998 0.00199626 -0.301685 -0.00105768 -0.00199693 0.999997 -0.93153
0 2 34 0.999992 -0.0039043 -0.000636335 0.316779 0.00390554 0.99999 0.00195327 -0.0238211 0.000628703 -0.00195574 0.999998 -0.9482
0 3 22 0.999989 -0.00440411 -0.00141221 -0.0346675 0.00440677 0.999989 0.00188575 -0.174679 0.00140389 -0.00189195 0.999997 -0.984015
0 4 20 0.999995 -0.00321795 0.000767871 0.0921941 0.00321621 0.999992 0.00225039 -0.58017 -0.000775106 -0.00224791 0.999997 -0.809261
0 5 45 0.999991 -0.00392546 0.00150312 0.325881 0.00392231 0.99999 0.00209373 -0.0130899 -0.00151133 -0.00208781 0.999997 -0.94532
0 6 37 0.999986 -0.00513059 -0.00137518 0.0309392 0.00513346 0.999985 0.00208796 0.0250945 0.00136445 -0.00209499 0.999997 0.999206
0 7 26 0.999978 -0.00657879 8.46356e-05 -0.188198 0.00657861 0.999976 0.00201442 0.377385 -9.7886e-05 -0.00201382 0.999998 0.906732
0 8 29 0.999996 -0.00295555 -5.31292e-05 -0.0364722 0.00295561 0.999995 0.00130204 -0.164199 4.92807e-05 -0.00130219 0.999999 -0.985753
0 9 58 0.999992 -0.00388455 0.000991538 0.32435 0.00388147 0.999988 0.003098 0.0466464 -0.00100356 -0.00309413 0.999995 -0.944786
0 10 14 0.999998 -0.00199658 0.000784219 0.397333 0.00199791 0.999997 -0.0016919 -0.777076 -0.000780838 0.00169346 0.999998 -0.488139
0 11 32 0.99994 -0.0026655 -0.010622 0.900037 0.00270716 0.999989 0.00390969 -0.113638 0.0106115 -0.00393821 0.999936 0.420738
0 12 50 1 0.000861445 -0.000395835 -0.232424 -0.000860719 0.999998 0.00183061 0.0161693 0.000397411 -0.00183026 0.999998 0.97248
0 13 48 0.999969 0.00789889 0.000205545 0.27023 -0.00789962 0.999961 0.00383407 -0.254832 -0.000175252 -0.00383558 0.999993 -0.928459
0 14 34 0.999928 0.0115304 0.00319058 -0.0958805 -0.0115382 0.99993 0.00244629 0.271509 -0.00316215 -0.00248293 0.999992 0.957648
15 16 34 0.999999 6.56784e-06 -0.00133147 0.292416 -6.18913e-06 1 0.00028444 -0.301924 0.00133147 -0.000284432 0.999999 -0.907378
15 17 19 0.99999 0.000134436 -0.00449463 0.871576 -0.000126205 0.999998 0.00183154 -0.287684 0.00449487 -0.00183096 0.999988 0.39698
15 18 25 0.999982 0.00606807 -0.000261664 0.0271224 -0.00606827 0.999981 -0.000747556 -0.603142 0.000257123 0.00074913 1 -0.797172
15 19 22 0.999949 0.00998358 0.00156178 -0.0628433 -0.00998433 0.99995 0.000471683 -0.428286 -0.00155699 -0.000487252 0.999999 -0.901456
15 20 59 0.999932 0.0109284 0.00398549 -0.249674 -0.0109408 0.999935 0.00310069 0.245427 -0.00395134 -0.00314408 0.999987 0.936712
15 21 43 0.999945 0.00965751 0.00398197 -0.0817462 -0.00966374 0.999952 0.00154818 0.125903 -0.00396683 -0.00158657 0.999991 0.988669
15 22 31 0.999983 0.00580792 0.000637142 -0.773714 -0.00581076 0.999973 0.00455377 0.229331 -0.000610677 -0.0045574 0.999989 -0.590571
15 23 16 0.999989 0.00417319 -0.00211071 0.794787 -0.00416283 0.999979 0.0048895 -0.25334 0.00213107 -0.00488066 0.999986 0.551483
15 24 44 0.999988 0.00301514 0.00378636 -0.427228 -0.00302659 0.999991 0.00302269 0.120245 -0.00377722 -0.00303411 0.999988 0.896112
15 25 222 0.999929 0.00189807 -0.0117799 0.847694 -0.00178046 0.999949 0.00998696 -0.274054 0.0117982 -0.00996527 0.999881 0.454213
15 26 145 0.999975 0.00500561 0.00506658 -0.107255 -0.00501959 0.999984 0.0027493 -0.00789552 -0.00505273 -0.00277466 0.999983 0.9942
15 27 111 0.99998 0.00273472 0.00570273 -0.244825 -0.00275124 0.999992 0.00289081 -0.0491683 -0.00569478 -0.00290644 0.99998 0.96832
15 28 902 0.999744 0.0028983 -0.0224327 0.898435 -0.00276456 0.999978 0.00599064 -0.161464 0.0224496 -0.00592709 0.99973 0.408343
15 29 837 0.999857 0.00630548 -0.0156648 0.876211 -0.00622998 0.999969 0.0048637 -0.276548 0.0156949 -0.00476542 0.999865 0.394683
30 31 45 0.999999 -0.00101837 0.000493411 0.218623 0.00102052 0.99999 -0.00437476 0.0202735 -0.000488951 0.00437527 0.99999 -0.975599
30 32 77 0.99999 0.003672 0.00267221 0.39273 -0.0036673 0.999992 -0.00176338 -0.215828 -0.00267866 0.00175356 0.999995 -0.893969
30 33 55 0.999968 -0.00082259 0.00792761 0.0776047 0.000863899 0.999986 -0.00520876 -0.0900438 -0.00792321 0.00521544 0.999955 0.99291
30 34 43 0.999941 -0.000723452 0.0108208 0.187772 0.000850804 0.99993 -0.0117691 -0.125375 -0.0108116 0.0117777 0.999872 -0.974178
30 35 25 0.99993 -0.00115951 0.0117382 -0.589237 0.00132584 0.999899 -0.0141729 0.0306299 -0.0117206 0.0141875 0.999831 0.80738
30 36 43 0.999895 -0.00392327 0.0139428 -0.207413 0.00411888 0.999893 -0.0140281 0.0428639 -0.0138863 0.014084 0.999804 0.977314
30 37 54 0.999926 -0.00536348 0.0109253 0.718144 0.00548879 0.999919 -0.0114718 0.0310009 -0.0108629 0.0115309 0.999875 -0.695204
30 38 930 0.999946 -0.002466 -0.0100847 0.951972 0.00245809 0.999997 -0.000796354 -0.224947 0.0100866 0.000771522 0.999949 -0.20772
30 39 61 0.999717 -0.0123786 0.020326 0.504162 0.0125452 0.999889 -0.00809017 -0.0730058 -0.0202235 0.00834287 0.999761 -0.860518
30 40 739 0.999951 -0.00990012 -8.38592e-05 0.969387 0.00989961 0.99994 -0.00476312 0.0538 0.00013101 0.00476206 0.999989 -0.239573
30 41 845 0.999962 -0.00848945 0.0021441 0.999244 0.00848496 0.999962 0.00209246 0.0221675 -0.00216178 -0.00207419 0.999996 -0.0319536
30 42 678 0.999935 -0.00599217 0.00971365 0.945521 0.00594304 0.999969 0.00507858 -0.26591 -0.00974379 -0.00502052 0.99994 0.187836
30 43 489 0.999965 -0.00473046 0.0069224 0.990267 0.00473369 0.999989 -0.000449872 -0.136918 -0.0069202 0.000482625 0.999976 -0.0250131
30 44 72 0.99966 -0.0116445 0.0233157 -0.493706 0.0116728 0.999931 -0.00107932 -0.201493 -0.0233015 0.00135111 0.999728 0.845964
45 46 56 0.999987 0.00516344 -0.000404816 0.292922 -0.00516194 0.99998 0.00361334 0.0601933 0.000423465 -0.0036112 0.999993 -0.95424
45 47 68 0.999902 0.00880077 -0.010873 0.924701 -0.00873247 0.999942 0.00631268 0.248227 0.0109279 -0.00621711 0.999921 -0.288638
45 48 101 0.999863 0.0158353 -0.00474161 0.770698 -0.0158135 0.999864 0.00458599 0.586462 0.00481359 -0.00451039 0.999978 0.249175
45 49 34 0.999814 0.0180283 0.00681781 0.377085 -0.0181369 0.999704 0.016205 -0.184042 -0.00652364 -0.0163257 0.999845 -0.907709
45 50 54 0.999809 0.019417 0.00216049 0.317804 -0.0194512 0.999664 0.017126 0.0352737 -0.00182723 -0.0171647 0.999851 -0.9475
45 51 940 0.99935 0.0222328 -0.028369 0.909903 -0.0220781 0.99974 0.00575711 0.384024 0.0284896 -0.00512704 0.999581 0.156853
45 52 17 0.999775 0.0192149 -0.00893714 0.911859 -0.019079 0.999705 0.0150455 -0.216194 0.0092236 -0.0148716 0.999847 0.348961
45 53 888 0.998945 0.025115 -0.0384511 0.923782 -0.02521 0.99968 -0.00198608 0.3627 0.0383889 0.00295333 0.999259 0.122782
45 54 31 0.999449 0.0260307 -0.0205699 0.905816 -0.0259532 0.999655 0.00402493 0.16082 0.0206676 -0.00348886 0.99978 0.391961
45 55 860 0.998823 0.0289862 -0.0388824 0.976594 -0.0287726 0.999568 0.00604101 -0.0661249 0.0390407 -0.00491515 0.999226 0.204674
45 56 866 0.998618 0.0268973 -0.0451455 0.950445 -0.027152 0.999619 -0.00503845 0.216542 0.0449928 0.00625728 0.998968 0.223076
45 57 742 0.998507 0.0303746 -0.0453994 0.992487 -0.0303528 0.999539 0.00116943 -0.089808 0.045414 0.000210315 0.998968 0.0830964
45 58 859 0.997234 0.0291293 -0.0683743 0.936196 -0.0303515 0.999396 -0.0169054 0.315811 0.0678406 0.0189339 0.997516 0.154273
45 59 626 0.99822 0.029502 -0.0518263 0.994911 -0.0296253 0.99956 -0.00161325 0.0534769 0.0517559 0.00314575 0.998655 0.0853949
60 61 25 1 -0.000549676 -0.000821082 0.331983 0.000551032 0.999998 0.00165199 0.50892 0.000820173 -0.00165244 0.999998 -0.794221
60 62 33 0.999976 0.000750473 -0.00688272 0.955436 -0.000718708 0.999989 0.00461654 0.277468 0.00688611 -0.00461148 0.999966 -0.100764
60 63 711 0.999893 0.00422405 -0.0140343 0.999751 -0.00407237 0.999933 0.0108185 -0.0221923 0.0140791 -0.0107602 0.999843 -0.00211419
60 64 275 0.999973 0.00717819 -0.00181251 0.950163 -0.00716708 0.999956 0.00606489 0.0720134 0.00185596 -0.00605173 0.99998 0.303322
60 65 93 0.999705 0.0107955 0.0217427 -0.583061 -0.0108904 0.999932 0.00425186 -0.0212231 -0.0216953 -0.00448739 0.999755 0.812151
60 66 870 0.999967 0.00776062 -0.00257052 0.913131 -0.00775629 0.999968 0.00168837 0.0457612 0.00258354 -0.00166838 0.999995 0.405089
60 67 875 0.9998 0.00949661 -0.0175745 0.978691 -0.00956096 0.999948 -0.00358108 0.087803 0.0175395 0.00374839 0.999839 0.185619
60 68 834 0.999912 0.00857408 -0.0100948 0.986695 -0.00859712 0.999961 -0.00224126 -0.00717346 0.0100751 0.00232785 0.999947 0.162425
60 69 881 0.999752 0.0111502 -0.0192791 0.999709 -0.0112704 0.999918 -0.00613669 0.0222845 0.0192091 0.00635245 0.999795 0.00921489
60 70 783 0.999805 0.0165274 -0.0107681 0.997238 -0.0165272 0.999863 0.000110321 -0.0726462 0.0107684 6.76668e-05 0.999942 -0.0154437
60 71 781 0.999714 0.0156146 -0.0180991 0.997688 -0.0156926 0.999868 -0.00417567 0.0644583 0.0180315 0.0044585 0.999827 -0.0215494
60 72 753 0.999755 0.0185679 -0.0120404 0.996124 -0.018611 0.999821 -0.00347829 0.0163838 0.0119736 0.00370152 0.999921 0.0864238
60 73 758 0.999611 0.0221282 -0.0169654 0.992217 -0.0222374 0.999733 -0.00627317 0.0223164 0.0168221 0.006648 0.999836 0.122504
60 74 704 0.999709 0.0210817 -0.0117291 0.996406 -0.0211628 0.999753 -0.00683724 -0.0224092 0.0115821 0.00708347 0.999908 0.0816867
75 76 37 0.999997 -0.00141225 -0.00210407 -0.198788 0.00140739 0.999996 -0.00230829 0.303475 0.00210732 0.00230532 0.999995 0.931873
75 77 23 0.999973 -0.00596163 -0.00430941 0.703913 0.00595193 0.99998 -0.00225962 0.531153 0.0043228 0.00223391 0.999988 -0.471575
75 78 828 0.999745 -0.000198076 -0.0225934 0.989432 0.000219133 1 0.000929523 0.0194607 0.0225932 -0.000934237 0.999744 -0.143685
75 79 57 0.999965 0.00468668 -0.00687702 0.975377 -0.00469865 0.999987 -0.00172412 -0.0313977 0.00686885 0.00175638 0.999975 0.218298
75 80 42 0.999999 0.00075064 -0.000675174 0.942692 -0.00075462 0.999982 -0.00591358 0.2617 0.000670723 0.00591408 0.999982 -0.206988
75 81 32 0.999997 0.000952969 0.00230319 0.802424 -0.000956745 0.999998 0.00163925 -0.0318162 -0.00230163 -0.00164145 0.999996 -0.595906
75 82 804 0.999714 -0.00341504 -0.0236762 0.99293 0.00340631 0.999994 -0.000409141 0.106511 0.0236775 0.000328375 0.99972 -0.0523983
75 83 331 0.999867 -0.00615086 -0.0150906 0.959781 0.0061671 0.99998 0.00102964 -0.0346671 0.015084 -0.00112257 0.999886 0.278601
75 84 777 0.999423 -0.00236127 -0.0338791 0.995775 0.00259673 0.999973 0.00690765 -0.0898931 0.0338618 -0.00699164 0.999402 0.018722
75 85 773 0.999495 -0.00337113 -0.0316088 0.993531 0.00345804 0.99999 0.00269535 0.0706952 0.0315994 -0.00280329 0.999497 0.0888777
75 86 662 0.999752 -0.00193626 -0.0221785 0.987857 0.00223685 0.999906 0.0135366 -0.0897289 0.0221502 -0.0135829 0.999662 -0.126839
75 87 716 0.99848 0.00665391 -0.0547134 0.997173 -0.00566203 0.999817 0.0182637 -0.051287 0.0548249 -0.0179262 0.998335 0.0549128
75 88 679 0.998324 0.00921824 -0.0571396 0.984085 -0.00856466 0.999895 0.0116726 0.0475869 0.0572412 -0.0111637 0.998298 0.171206
75 89 683 0.999206 0.0106934 -0.0383679 0.990939 -0.00988759 0.999728 0.0211302 -0.0527192 0.0385834 -0.0207341 0.99904 0.123537
90 91 27 0.999993 0.00144434 -0.00344247 0.894479 -0.00140999 0.999949 0.00995916 -0.433496 0.00345668 -0.00995424 0.999944 -0.10949
90 92 633 0.999952 0.00588607 -0.00778025 0.877407 -0.00581659 0.999943 0.00892325 -0.0361197 0.00783233 -0.00887757 0.99993 0.478385
90 93 347 0.999959 0.00879495 0.00216526 0.942358 -0.00882005 0.999891 0.0118706 -0.25761 -0.00206062 -0.0118892 0.999927 0.213538
90 94 286 0.999787 0.0107361 0.0176304 0.58484 -0.0108966 0.9999 0.00903653 -0.10594 -0.0175316 -0.00922672 0.999804 0.8042
90 95 694 0.999893 0.0106068 0.0100474 0.771421 -0.0106984 0.999901 0.00910168 -0.252036 -0.00994988 -0.0092082 0.999908 0.584283
90 96 800 0.999896 0.0109419 -0.00939395 0.92342 -0.0109081 0.999934 0.00364455 -0.0597232 0.0094332 -0.0035417 0.999949 0.379115
90 97 814 0.999845 0.00871887 -0.015303 0.915391 -0.00859106 0.999928 0.0083979 -0.23099 0.0153752 -0.00826513 0.999848 0.329702
90 98 703 0.999964 0.00586098 -0.00610995 0.816648 -0.00586329 0.999983 -0.000360518 -0.200219 0.00610773 0.000396329 0.999981 0.541293
90 99 700 0.999799 0.00289068 -0.0198352 0.914194 -0.00297327 0.999987 -0.00413556 -0.260892 0.019823 0.0041937 0.999795 0.310138
90 100 679 0.999673 7.7355e-05 -0.025573 0.948374 -0.000474234 0.99988 -0.0155138 -0.0751589 0.0255687 0.0155208 0.999553 0.308119
90 101 598 0.999611 -0.00180536 -0.0278278 0.886024 0.00173709 0.999995 -0.00247747 -0.320505 0.0278322 0.00242817 0.99961 0.335021
90 102 623 0.999054 -0.00696705 -0.0429165 0.939453 0.00638161 0.999885 -0.0137632 -0.236946 0.0430075 0.0134763 0.998984 0.247558
90 103 556 0.999441 -0.00636059 -0.0328275 0.94835 0.00569309 0.999776 -0.0203871 -0.217109 0.0329498 0.0201888 0.999253 0.231292
90 104 583 0.999787 -0.00295866 -0.0204368 0.960154 0.00229734 0.999475 -0.0323073 -0.145508 0.0205217 0.0322534 0.999269 0.238602
105 106 26 0.999986 0.00207616 0.00484821 0.0937951 -0.0020626 0.999994 -0.00279981 -0.244309 -0.00485399 0.00278978 0.999984 -0.965151
105 107 16 0.999991 -0.000211107 0.00414858 0.980408 0.000243764 0.999969 -0.00787299 0.0133315 -0.00414679 0.00787393 0.99996 -0.196524
105 108 436 0.999979 0.00590053 0.0024895 0.929328 -0.00587559 0.999934 -0.00990849 -0.155257 -0.0025478 0.00989366 0.999948 -0.335028
105 109 154 0.999754 0.0112016 0.0191296 0.498615 -0.0109464 0.99985 -0.0133958 -0.15282 -0.0192768 0.0131831 0.999727 -0.853246
105 110 311 0.99986 0.00810779 0.0146303 0.748304 -0.0078806 0.999848 -0.0155204 0.020191 -0.0147539 0.015403 0.999773 -0.663048
105 111 768 0.99997 0.00725935 0.00284806 0.816624 -0.00722771 0.999914 -0.0109644 -0.136042 -0.00292741 0.0109435 0.999936 -0.560907
105 112 743 0.999864 0.00836976 -0.0141767 0.935029 -0.00858377 0.999849 -0.0151033 -0.0227021 0.0140481 0.0152229 0.999785 -0.353844
105 113 686 0.999945 0.00803643 0.00681034 0.762225 -0.00793351 0.999856 -0.0150069 -0.148429 -0.00692996 0.014952 0.999864 -0.630065
105 114 627 0.999989 0.00435104 -0.00181478 0.748914 -0.0043806 0.999852 -0.0166193 0.0200538 0.0017422 0.0166271 0.99986 -0.662363
105 115 672 0.999751 0.00976996 -0.0200844 0.881137 -0.00998961 0.999891 -0.0108654 0.0138181 0.0199761 0.0110633 0.999739 -0.472659
105 116 625 0.999924 0.012296 0.000695368 0.815561 -0.0122878 0.999866 -0.0108333 0.0444589 -0.000828481 0.0108239 0.999941 -0.57696
105 117 573 0.999811 0.00905073 0.0172274 0.628155 -0.00890555 0.999924 -0.00848579 0.0889162 -0.0173029 0.00833076 0.999816 -0.772991
105 118 577 0.999654 0.0152894 0.0213808 0.592109 -0.015326 0.999881 0.00154663 0.0369035 -0.0213546 -0.00187378 0.99977 -0.805013
105 119 607 0.99975 0.0117498 0.0190396 0.648606 -0.0117633 0.999931 0.000600035 0.0767553 -0.0190312 -0.000823854 0.999819 -0.757244
120 121 31 0.999998 0.00161602 0.00150845 0.352631 -0.0016212 0.999993 0.00344439 0.603375 -0.00150287 -0.00344683 0.999993 -0.715255
120 122 94 0.99993 0.00895689 0.00772579 0.0352734 -0.00905984 0.999869 0.0133958 -0.0289721 -0.0076048 -0.0134648 0.99988 -0.998958
120 123 245 0.999891 0.0137656 -0.00538837 0.961232 -0.0137057 0.999846 0.0109963 0.128256 0.00553891 -0.0109212 0.999925 -0.244095
120 124 733 0.999801 0.0188791 -0.00642568 0.894093 -0.0188293 0.999793 0.00772839 0.123258 0.00657026 -0.00760586 0.999949 -0.430587
120 125 514 0.99961 0.0262997 0.00943521 0.744701 -0.0263315 0.999648 0.00326512 0.308625 -0.00934601 -0.00351229 0.99995 -0.591753
120 126 772 0.999351 0.0345759 -0.0101255 0.815031 -0.0346174 0.999393 -0.00394553 0.293594 0.00998297 0.00429348 0.999941 -0.499527
120 127 643 0.999575 0.0279077 0.00846252 0.46562 -0.0278872 0.999608 -0.00253854 0.242024 -0.00853005 0.00230147 0.999961 -0.851248
120 128 698 0.999477 0.0311778 -0.00856326 0.646666 -0.0311865 0.999513 -0.000886864 0.175546 0.00853144 0.00115346 0.999963 -0.742299
120 129 686 0.999412 0.0326852 -0.0103522 0.590951 -0.0327609 0.999437 -0.00722691 0.279074 0.0101101 0.00756181 0.99992 -0.756898
120 130 658 0.999264 0.0378659 -0.00618389 0.378414 -0.0378875 0.999276 -0.00341981 0.236223 0.00604992 0.00365158 0.999975 -0.894987
120 131 605 0.999594 0.0265504 -0.0103079 0.310176 -0.0266826 0.999561 -0.012906 0.36208 0.00996076 0.0131758 0.999864 -0.879027
120 132 639 0.998619 0.0362716 -0.0380017 0.642108 -0.0367215 0.999263 -0.0112074 0.340421 0.0375672 0.0125874 0.999215 -0.686885
120 133 612 0.99859 0.0368768 -0.0381913 0.551171 -0.0373952 0.999217 -0.0129485 0.391775 0.0376839 0.0143584 0.999187 -0.736698
120 134 596 0.998785 0.0369917 -0.0325697 0.481682 -0.0370217 0.999314 -0.000316451 0.280522 0.0325356 0.00152185 0.999469 -0.830235
135 136 29 0.999994 0.00359496 -0.000233222 0.0452582 -0.00359337 0.999973 0.00648104 -0.570698 0.000256515 -0.00648016 0.999979 -0.819912
135 137 32 0.999996 0.00288124 0.000643151 -0.226662 -0.002884 0.999986 0.00433637 -0.295634 -0.000630648 -0.00433821 0.99999 -0.928022
135 138 174 0.999962 0.0039635 -0.00770029 0.313467 -0.00390824 0.999967 0.00717797 -0.179398 0.00772848 -0.00714761 0.999945 -0.932499
135 139 195 0.999855 0.00185253 -0.0169062 0.67777 -0.00178008 0.999989 0.00429953 0.239113 0.016914 -0.00426881 0.999848 -0.695307
135 140 399 0.999909 0.0107194 -0.00821624 0.24148 -0.0105941 0.999829 0.0151465 -0.0795176 0.00837719 -0.015058 0.999852 -0.967142
135 141 760 0.999634 0.00696188 -0.0261261 0.650487 -0.00708565 0.999964 -0.00464783 0.500046 0.0260928 0.00483125 0.999648 -0.571682
135 142 774 0.999516 0.00697781 -0.0303135 0.571761 -0.0071439 0.99996 -0.00537419 0.477046 0.0302747 0.00558815 0.999526 -0.66747
135 143 772 0.998648 0.00888965 -0.0512133 0.755963 -0.00931865 0.999923 -0.00814413 0.451413 0.051137 0.00861036 0.998655 -0.474074
135 144 695 0.999264 0.0121451 -0.0363791 0.55612 -0.0118974 0.999905 0.00701531 0.333235 0.0364608 -0.00657733 0.999313 -0.76137
135 145 707 0.996557 0.0199995 -0.0804563 0.788545 -0.0210442 0.999705 -0.0121575 0.450616 0.0801893 0.0138088 0.996684 -0.4185
135 146 638 0.998979 0.0270422 -0.03619 0.411345 -0.0262112 0.999386 0.0232422 0.197739 0.0367963 -0.0222699 0.999075 -0.889772
135 147 606 0.998793 0.0296804 -0.0391305 0.457762 -0.0284825 0.999119 0.0308217 0.179711 0.0400108 -0.02967 0.998759 -0.870723
135 148 656 0.998221 0.0367654 -0.0469272 0.544634 -0.034981 0.998654 0.0382965 0.162733 0.048272 -0.0365868 0.998164 -0.822734
135 149 589 0.997496 0.0389733 -0.0590119 0.603494 -0.0374056 0.998923 0.0274418 0.362703 0.0600178 -0.0251657 0.99788 -0.710099
150 151 34 0.999923 0.0121741 0.00242915 -0.259748 -0.0122017 0.999857 0.0116726 -0.690575 -0.0022867 -0.0117013 0.999929 -0.675009
150 152 602 0.999888 0.0143337 -0.00424762 0.289881 -0.0141504 0.999082 0.040435 -0.921254 0.00482331 -0.0403704 0.999173 -0.259345
150 153 68 0.999801 0.0197103 0.00302608 -0.0269062 -0.0197348 0.999771 0.00828883 -0.0612326 -0.00286201 -0.0083469 0.999961 -0.997761
150 154 136 0.999659 0.0238601 -0.0106242 0.45419 -0.0237572 0.999671 0.00970748 0.250042 0.0108523 -0.00945177 0.999896 -0.855097
150 155 450 0.998579 0.0258085 -0.0466159 0.800129 -0.026378 0.999584 -0.0116439 0.579742 0.046296 0.012857 0.998845 -0.153929
150 156 155 0.999568 0.0283539 -0.00777888 0.0112437 -0.0281983 0.999414 0.019429 -0.0506845 0.00832521 -0.0192012 0.999781 -0.998651
150 157 439 0.998537 0.0332147 -0.0426641 0.858801 -0.0331922 0.999448 0.00123619 0.430724 0.0426816 0.000181729 0.999089 -0.277377
150 158 424 0.99815 0.0379211 -0.0475211 0.784395 -0.0381126 0.999269 -0.00312921 0.482523 0.0473677 0.00493457 0.998865 -0.389739
150 159 342 0.998398 0.0371223 -0.0426939 0.919763 -0.0364559 0.999203 0.0162835 0.132546 0.0432644 -0.014701 0.998955 -0.369416
150 160 380 0.997358 0.0368156 -0.0626175 0.864422 -0.0366585 0.999321 0.00365608 0.281729 0.0627096 -0.00135096 0.998031 -0.416417
150 161 393 0.997649 0.0374897 -0.0573668 0.651187 -0.0375181 0.999296 0.000582599 0.381899 0.0573482 0.00157106 0.998353 -0.655827
150 162 419 0.996393 0.0356573 -0.0770001 0.796724 -0.0353865 0.999362 0.00488 0.307328 0.0771249 -0.00213764 0.997019 -0.520366
150 163 363 0.99582 0.0396678 -0.0822694 0.764964 -0.0398107 0.999207 -9.65711e-05 0.419765 0.0822004 0.00337137 0.99661 -0.488495
150 164 370 0.994848 0.0379266 -0.0940138 0.732939 -0.0386998 0.99923 -0.00641444 0.457943 0.0936981 0.0100197 0.99555 -0.503079
165 166 33 0.999973 0.00605711 -0.00416833 0.31663 -0.00602212 0.999947 0.00835446 -0.438093 0.00421871 -0.00832913 0.999956 -0.84132
165 167 79 0.999887 0.0111485 -0.0100436 0.455369 -0.0110791 0.999915 0.00693816 0.192146 0.0101201 -0.00682611 0.999925 -0.869321
165 168 199 0.999796 0.0135221 -0.0150225 0.491681 -0.0134118 0.999883 0.00741944 0.210659 0.0151211 -0.00721644 0.99986 -0.84491
165 169 498 0.99954 0.0180924 -0.0243361 0.604787 -0.0179406 0.999818 0.00644243 0.250014 0.0244482 -0.00600286 0.999683 -0.756126
165 170 651 0.999519 0.0169172 -0.0260015 0.428422 -0.0167625 0.999841 0.00615379 0.25696 0.0261014 -0.00571498 0.999643 -0.866271
165 171 759 0.998712 0.0222534 -0.0456056 0.753368 -0.0220093 0.999741 0.00584606 0.249093 0.0457238 -0.00483479 0.998942 -0.608596
165 172 747 0.99785 0.023475 -0.061184 0.782054 -0.0242206 0.999641 -0.0114724 0.461255 0.0608927 0.0129296 0.998061 -0.419088
165 173 732 0.999018 0.0173106 -0.0407872 0.487255 -0.017327 0.99985 -4.83681e-05 0.345728 0.0407803 0.000755041 0.999168 -0.801907
165 174 767 0.997339 0.0195739 -0.0702292 0.708558 -0.02012 0.999773 -0.00707673 0.402533 0.0700747 0.0084709 0.997506 -0.57958
165 175 673 0.996281 0.0308588 -0.0804515 0.763805 -0.0314063 0.999491 -0.00554854 0.385595 0.0802393 0.00805458 0.996743 -0.517608
165 176 673 0.99404 0.0359215 -0.102931 0.797393 -0.0382681 0.999049 -0.0209138 0.433697 0.102082 0.0247282 0.994469 -0.419609
165 177 629 0.996948 0.0493859 -0.0604624 0.608682 -0.0490462 0.998771 0.00708992 0.263532 0.0607383 -0.00410283 0.998145 -0.74837
165 178 612 0.995503 0.0555207 -0.0767543 0.675984 -0.0563769 0.998369 -0.00903204 0.366687 0.0761276 0.0133186 0.997009 -0.639208
165 179 593 0.994617 0.066205 -0.0797129 0.693788 -0.0665243 0.997784 -0.00135359 0.242379 0.0794467 0.00664915 0.996817 -0.678167
180 181 257 0.999868 0.00529591 -0.0153386 0.947507 -0.00537362 0.999973 -0.00502988 0.307817 0.0153115 0.00511164 0.99987 -0.0864796
180 182 119 0.999923 0.0117056 0.00406448 0.0509276 -0.0116991 0.99993 -0.0016169 -0.182451 -0.00408312 0.00156923 0.99999 -0.981895
180 183 435 0.999816 0.0191301 -0.00144248 0.460466 -0.0191397 0.999793 -0.00695951 0.0768304 0.00130904 0.00698584 0.999975 -0.884346
180 184 986 0.999785 0.0180614 -0.0101577 0.648902 -0.0181999 0.99974 -0.0137105 0.22008 0.00990744 0.0138924 0.999854 -0.728348
180 185 802 0.999885 0.014329 -0.00493366 0.373407 -0.0144108 0.999752 -0.0169698 0.27738 0.00468928 0.017039 0.999844 -0.885228
180 186 1035 0.999698 0.0204391 -0.0136219 0.51013 -0.0206531 0.999663 -0.0157545 0.182498 0.0132953 0.0160311 0.999783 -0.840513
180 187 960 0.999507 0.02924 -0.011413 0.444343 -0.0294271 0.999429 -0.0165797 0.154162 0.0109217 0.0169074 0.999797 -0.882493
180 188 950 0.999178 0.036238 -0.0181926 0.524778 -0.0365742 0.99916 -0.0185006 0.118766 0.0175069 0.0191508 0.999663 -0.842913
180 189 894 0.998843 0.0257618 -0.0406043 0.678177 -0.0272536 0.998957 -0.036626 0.363511 0.0396184 0.0376903 0.998504 -0.638699
180 190 791 0.999397 0.0226575 -0.0263057 0.495851 -0.0232827 0.999448 -0.0237058 0.22515 0.0257541 0.024304 0.999373 -0.838713
180 191 861 0.998094 0.0232 -0.0571911 0.699118 -0.0249353 0.999244 -0.0298163 0.23418 0.0564562 0.0311856 0.997918 -0.675569
180 192 835 0.998491 0.0248758 -0.0489659 0.544849 -0.0262563 0.99927 -0.0277533 0.20157 0.0482397 0.028997 0.998415 -0.813947
180 193 805 0.997156 0.0263808 -0.0706028 0.672918 -0.029034 0.9989 -0.0368196 0.257227 0.0695538 0.0387647 0.996825 -0.693553
180 194 732 0.996183 0.0219837 -0.0844733 0.694621 -0.0255888 0.998797 -0.0418343 0.297733 0.083452 0.0438362 0.995547 -0.654872
195 196 72 0.999969 -0.000316911 -0.00792412 0.346995 0.000384054 0.999964 0.0084731 -0.206952 0.00792115 -0.00847588 0.999933 -0.914749
195 197 157 0.999837 -0.00908261 -0.015632 0.437847 0.00930361 0.999857 0.0141236 0.111558 0.0155015 -0.0142667 0.999778 -0.892101
195 198 218 0.999694 -0.0110349 -0.0221222 0.331607 0.0115111 0.999702 0.0215182 0.116865 0.0218782 -0.0217663 0.999524 -0.936151
195 199 243 0.999497 -0.00813335 -0.0306567 0.480332 0.0090072 0.999554 0.0284749 0.108736 0.0304114 -0.0287367 0.999124 -0.87032
195 200 605 0.997234 0.00168713 -0.0743011 0.961429 0.0011369 0.999279 0.0379492 0.0400604 0.0743116 -0.0379287 0.996514 -0.27212
195 201 625 0.995703 0.00671753 -0.0923635 0.988186 -0.00240135 0.998903 0.0467624 -0.111898 0.0925763 -0.0463397 0.994627 -0.104725
195 202 776 0.99435 0.0174281 -0.104709 0.954769 -0.0126805 0.998868 0.0458362 -0.0758597 0.105389 -0.0442495 0.993446 -0.287509
195 203 706 0.996225 0.0199031 -0.0844938 0.881002 -0.0152429 0.998345 0.0554457 -0.149331 0.0854575 -0.0539485 0.99488 -0.448928
195 204 675 0.994895 0.024417 -0.0979179 0.933367 -0.0189033 0.998204 0.0568472 -0.143528 0.09913 -0.0547061 0.99357 -0.328978
195 205 668 0.993782 0.0318876 -0.106683 0.934627 -0.0262282 0.998194 0.0540371 -0.124941 0.108214 -0.0509029 0.992824 -0.33296
195 206 673 0.996509 0.0352165 -0.0756976 0.802279 -0.0315886 0.998319 0.0486012 -0.138426 0.0772819 -0.0460404 0.995946 -0.580677
195 207 680 0.990899 0.0385196 -0.128976 0.941965 -0.0316313 0.997983 0.0550373 -0.132984 0.130836 -0.0504567 0.990119 -0.308247
195 208 616 0.992578 0.0518105 -0.110018 0.890142 -0.0454367 0.997183 0.059673 -0.194029 0.1128 -0.0542313 0.992137 -0.412312
195 209 626 0.990347 0.0463635 -0.130626 0.959722 -0.0410386 0.998225 0.0431671 -0.0622256 0.132395 -0.0373897 0.990492 -0.273973
210 211 55 0.999975 0.00695951 -0.00157014 0.835983 -0.00695556 0.999973 0.00251012 -0.451909 0.00158757 -0.00249914 0.999996 -0.311306
210 212 1017 0.99986 0.0112793 -0.0123957 0.947172 -0.0112265 0.999928 0.00432185 -0.237665 0.0124435 -0.00418208 0.999914 -0.21536
210 213 247 0.99985 0.00190912 0.0172368 0.511305 -0.00186442 0.999995 -0.00260923 0.183816 -0.0172417 0.00257671 0.999848 -0.839511
210 214 795 0.999973 0.00274083 -0.00685033 0.924237 -0.00273922 0.999996 0.000243706 0.106327 0.00685098 -0.000224935 0.999977 -0.366717
210 215 692 0.999935 0.00777926 0.00829307 0.798441 -0.00788935 0.99988 0.013326 -0.168088 -0.00818841 -0.0133906 0.999877 -0.578134
210 216 662 0.999947 -0.0100814 0.00222889 0.900561 0.0100636 0.999919 0.00784443 0.0936973 -0.00230779 -0.00782158 0.999967 -0.424513
210 217 680 0.999621 -0.0121885 -0.0246916 0.976779 0.0125725 0.999802 0.0154548 0.0542606 0.0244984 -0.0157594 0.999576 -0.207266
210 218 527 0.999645 -0.0147016 0.0222309 0.797284 0.0140781 0.99951 0.0279481 -0.0254197 -0.0226309 -0.0276252 0.999362 -0.60307
210 219 731 0.999766 -0.0201883 0.00775696 0.834368 0.0199048 0.999188 0.0350293 -0.0263635 -0.00845784 -0.0348667 0.999356 -0.550577
210 220 790 0.999827 -0.0186128 -0.000438448 0.887081 0.0186155 0.99904 0.0396497 -0.0489966 -0.000299964 -0.039651 0.999214 -0.459005
210 221 354 0.998924 -0.0190737 0.042277 0.72814 0.0177478 0.999346 0.0315188 -0.0684483 -0.0428505 -0.0307346 0.998609 -0.682002
210 222 663 0.999999 -0.00109284 0.0011266 0.901172 0.00105111 0.999337 0.036397 -0.167588 -0.00116563 -0.0363958 0.999337 -0.399754
210 223 668 0.999917 -0.00931581 0.00893695 0.833998 0.00904447 0.999511 0.0299355 -0.0669396 -0.00921145 -0.0298522 0.999512 -0.547691
210 224 703 0.999882 -0.00208109 -0.0152068 0.896504 0.00265299 0.999286 0.0376849 -0.150369 0.0151176 -0.0377208 0.999174 -0.416738
225 226 33 0.999947 0.0101199 -0.00181355 0.512531 -0.0101145 0.999944 0.00298122 -0.796464 0.00184362 -0.00296272 0.999994 -0.320869
225 227 54 0.999892 0.0145464 0.00187551 0.582346 -0.0145398 0.999888 -0.00349842 -0.41048 -0.00192619 0.00347077 0.999992 -0.701697
225 228 334 0.999856 0.0169691 -0.000686961 0.696413 -0.0169737 0.999828 -0.00744642 -0.172858 0.000560485 0.00745701 0.999972 -0.696512
225 229 635 0.999787 0.0195244 -0.00672651 0.693996 -0.0195505 0.999802 -0.00383418 -0.0672581 0.00665031 0.00396487 0.99997 -0.716831
225 230 527 0.999736 0.0210181 -0.00923514 0.812232 -0.02103 0.999778 -0.0011865 -0.182279 0.00920815 0.0013804 0.999957 -0.554124
225 231 507 0.999693 0.0236715 -0.0073818 0.801118 -0.0237195 0.999698 -0.00648091 -0.268092 0.00722616 0.00665401 0.999952 -0.535104
225 232 874 0.99951 0.0260333 -0.0174033 0.901588 -0.0262135 0.999604 -0.0102035 -0.224628 0.0171308 0.0106547 0.999796 -0.369703
225 233 602 0.999579 0.0279503 -0.0077254 0.836239 -0.0280601 0.999501 -0.0144938 -0.312675 0.00731644 0.0147045 0.999865 -0.450487
225 234 876 0.999252 0.0241266 -0.0302126 0.883227 -0.0244873 0.999633 -0.0116268 -0.317199 0.029921 0.0123579 0.999476 -0.34539
225 235 794 0.998966 0.0333696 -0.0308821 0.850529 -0.0335799 0.999416 -0.00631854 -0.41426 0.0306532 0.00734903 0.999503 -0.32402
225 236 650 0.999651 0.0220326 -0.0145933 0.86733 -0.0223289 0.999541 -0.0204623 -0.357122 0.0141357 0.020781 0.999684 -0.346701
225 237 754 0.998722 0.0182675 -0.047133 0.942104 -0.019239 0.99961 -0.0202405 -0.225781 0.0467449 0.0211214 0.998684 -0.247919
225 238 748 0.998462 0.0350119 -0.0429768 0.920755 -0.0356971 0.999246 -0.0152815 -0.331062 0.0424093 0.0167922 0.998959 -0.206419
225 239 717 0.99872 0.0288171 -0.0415787 0.96146 -0.0299248 0.999207 -0.02627 -0.191137 0.0407887 0.0274806 0.99879 -0.19764
240 241 64 0.999992 -0.0040006 0.000510672 -0.429733 0.00400142 0.999991 -0.00160658 -0.439189 -0.00050424 0.00160861 0.999999 0.78895
240 242 160 0.999917 0.00866321 -0.00953404 0.793667 -0.00869053 0.999958 -0.00282814 -0.303755 0.00950914 0.00291076 0.999951 0.527091
240 243 1063 0.999494 0.00439503 -0.0315096 0.95575 -0.00479368 0.999909 -0.0125874 0.0260802 0.0314514 0.012732 0.999424 0.293021
240 244 533 0.999791 0.0118161 -0.0167071 0.929765 -0.0120056 0.999864 -0.0112907 -0.146705 0.0165714 0.0114889 0.999797 0.337661
240 245 965 0.999316 0.012754 -0.0347096 0.905316 -0.0133946 0.999743 -0.0182859 -0.0342797 0.0344675 0.0187383 0.99923 0.423353
240 246 697 0.999707 0.0138911 -0.0198071 0.909844 -0.0142956 0.999689 -0.0204313 -0.0932223 0.0195171 0.0207085 0.999595 0.404344
240 247 318 0.999841 0.017353 -0.00408945 0.963474 -0.0174095 0.999747 -0.0142139 -0.174535 0.00384176 0.0142828 0.999891 0.203116
240 248 783 0.999178 0.0068015 -0.0399633 0.933667 -0.00769279 0.999724 -0.0221914 0.122992 0.0398014 0.0224805 0.998955 0.336361
240 249 585 0.999689 0.019099 -0.0160347 0.928743 -0.0192139 0.999791 -0.0070446 -0.0116583 0.0158968 0.0073505 0.999847 0.370542
240 250 404 0.999702 0.0237636 -0.00553283 0.944085 -0.0237602 0.999717 0.00067607 -0.0746507 0.00554733 -0.000544408 0.999984 0.32114
240 251 546 0.999765 0.0208885 -0.00575724 0.891781 -0.0208795 0.999781 0.00161906 -0.0425151 0.0057898 -0.00149847 0.999982 0.450465
240 252 589 0.999824 0.016979 -0.0079672 0.918416 -0.0169804 0.999856 -0.000110367 0.00536103 0.00796418 0.000245634 0.999968 0.39558
240 253 577 0.99994 0.00394005 -0.0102667 0.892643 -0.00396464 0.999989 -0.00237616 0.0537294 0.0102572 0.00241672 0.999944 0.44755
240 254 538 0.999989 0.00459124 -0.000818484 0.881594 -0.00458917 0.999986 0.0025084 0.0170668 0.000829989 -0.00250461 0.999997 0.4717
255 256 31 0.999968 -0.00760411 0.00262577 -0.798527 0.00760362 0.999971 0.000195236 0.218235 -0.00262718 -0.000175265 0.999997 -0.561006
255 257 806 0.999578 -0.0228749 -0.0179252 0.922268 0.0227703 0.999723 -0.00602214 0.353896 0.0180579 0.00561144 0.999821 0.155497
255 258 927 0.99982 -0.0157561 -0.010527 0.916712 0.0158216 0.999856 0.00616666 -0.013714 0.0104283 -0.00633211 0.999926 0.399314
255 259 644 0.999775 -0.0204476 -0.00568427 0.810613 0.0204546 0.99979 0.00117468 0.038096 0.00565906 -0.00129069 0.999983 0.584341
255 260 877 0.999452 -0.0254007 -0.0212302 0.87575 0.0251213 0.999596 -0.0133258 0.292489 0.0215601 0.0127852 0.999686 0.384072
255 261 890 0.999579 -0.0226989 -0.0180651 0.854418 0.0224332 0.999639 -0.0147801 0.300612 0.0183941 0.0143687 0.999728 0.423795
255 262 807 0.999692 -0.0187754 -0.0162444 0.918295 0.0187014 0.999814 -0.00469704 0.147864 0.0163296 0.0043918 0.999857 0.367246
255 263 682 0.999486 -0.0248343 -0.0202852 0.878804 0.0248832 0.999688 0.00216275 0.124645 0.0202251 -0.0026664 0.999792 0.460615
255 264 812 0.999231 -0.0282264 -0.0272157 0.814601 0.0282721 0.999599 0.00129598 0.10997 0.0271682 -0.00206443 0.999629 0.569501
255 265 790 0.998878 -0.0301148 -0.0365419 0.847832 0.0299172 0.999535 -0.00594266 0.160942 0.0367039 0.00484276 0.999314 0.505251
255 266 721 0.998473 -0.0337767 -0.0437115 0.854483 0.033406 0.9994 -0.00918243 0.191826 0.0439954 0.00770819 0.999002 0.482764
255 267 729 0.999055 -0.0285575 -0.0327775 0.761809 0.0285676 0.999592 -0.0001603 0.0508393 0.0327687 -0.000776229 0.999463 0.645804
255 268 690 0.998865 -0.0275589 -0.0388438 0.770739 0.027553 0.99962 -0.000688532 0.0123694 0.038848 -0.000382511 0.999245 0.637031
255 269 676 0.998796 -0.0274373 -0.0406738 0.767003 0.0273723 0.999623 -0.00215496 0.0126914 0.0407176 0.00103903 0.99917 0.641518
270 271 975 1 -5.51971e-05 4.46353e-05 0.0877872 5.40249e-05 0.999666 0.0258469 -0.906478 -4.60471e-05 -0.0258469 0.999666 0.413027
270 272 433 0.999944 0.00848206 -0.00627259 0.769256 -0.00844216 0.999944 0.00636064 -0.278026 0.00632619 -0.00630733 0.99996 0.575279
270 273 654 0.999937 0.0112086 0.000751487 0.665267 -0.0112116 0.999928 0.00422904 -0.119642 -0.000704032 -0.0042372 0.999991 0.736957
270 274 857 0.999924 0.0115639 -0.00438665 0.684989 -0.011547 0.999926 0.00385653 -0.0863887 0.00443092 -0.00380558 0.999983 0.723413
270 275 692 0.99988 0.0151872 -0.00318199 0.626233 -0.0151578 0.999844 0.00904889 -0.187171 0.00331892 -0.00899956 0.999954 0.756835
270 276 736 0.999923 0.00868262 -0.00885311 0.740109 -0.00862539 0.999942 0.00648262 -0.085424 0.00890888 -0.00640576 0.99994 0.66704
270 277 806 0.999882 0.0104585 -0.011213 0.715369 -0.0103442 0.999894 0.0102047 -0.127986 0.0113185 -0.0100875 0.999885 0.686926
270 278 718 0.999846 0.013794 -0.010822 0.730287 -0.0136976 0.999866 0.00892523 -0.109327 0.0109437 -0.00877563 0.999902 0.674336
270 279 549 0.99977 0.0214286 -0.000365093 0.692827 -0.0214199 0.999641 0.016091 -0.176974 0.000709769 -0.0160795 0.99987 0.69905
270 280 559 0.99978 0.0209258 -0.00116785 0.68986 -0.0209013 0.999617 0.0181247 -0.149539 0.00154668 -0.0180964 0.999835 0.708329
270 281 712 0.999716 0.0186666 -0.0148106 0.765951 -0.0185222 0.99978 0.00982651 -0.0768628 0.0149908 -0.0095494 0.999842 0.638287
270 282 537 0.999515 0.030177 0.00773317 0.702114 -0.0303387 0.999304 0.0217209 -0.187376 -0.00707231 -0.021945 0.999734 0.686968
270 283 609 0.999771 0.0211446 -0.00338677 0.729115 -0.0210947 0.999677 0.0141496 -0.0879813 0.00368486 -0.0140749 0.999894 0.678713
270 284 628 0.999676 0.0232719 -0.0102834 0.762724 -0.0231165 0.999621 0.0149784 -0.112824 0.0106281 -0.0147358 0.999835 0.636807
285 286 593 0.999963 0.00182384 -0.00846028 0.866035 -0.00183363 0.999998 -0.00114963 -0.0555414 0.00845817 0.0011651 0.999964 0.496889
285 287 869 0.999986 0.00253673 -0.00472337 0.645071 -0.00252323 0.999993 0.00286228 -0.497867 0.0047306 -0.00285033 0.999985 0.579665
285 288 328 0.999971 0.00622511 0.00447934 0.76786 -0.00620172 0.999967 -0.00521758 -0.375927 -0.00451167 0.00518965 0.999976 0.518719
285 289 870 0.999968 0.0047099 -0.0065021 0.81657 -0.00474365 0.999975 -0.00518433 -0.231753 0.00647752 0.005215 0.999965 0.528681
285 290 867 0.999802 0.00751406 -0.0184524 0.894942 -0.00776913 0.999875 -0.0137905 -0.128089 0.0183465 0.0139311 0.999735 0.427402
285 291 914 0.999889 0.0138593 -0.0054412 0.779986 -0.0139223 0.999834 -0.0117125 -0.241458 0.00527797 0.0117869 0.999917 0.577339
285 292 825 0.999792 0.0168867 -0.0114382 0.898277 -0.0170137 0.999794 -0.0110989 -0.230343 0.0112484 0.0112912 0.999873 0.37422
285 293 786 0.999635 0.0137396 -0.0232652 0.868413 -0.0141849 0.999717 -0.0190859 -0.144733 0.0229964 0.0194089 0.999547 0.474247
285 294 797 0.99957 0.0221077 -0.0192493 0.832406 -0.0224543 0.999586 -0.017983 -0.212241 0.0188437 0.0184075 0.999653 0.511912
285 295 763 0.999388 0.0306425 -0.016855 0.77436 -0.0308575 0.999444 -0.01265 -0.293212 0.016458 0.0131623 0.999778 0.560709
285 296 663 0.99898 0.0372146 -0.0255928 0.80891 -0.0376963 0.999116 -0.0186057 -0.230876 0.0248778 0.0195515 0.999499 0.540704
285 297 735 0.998766 0.0411438 -0.0278109 0.870583 -0.0417958 0.998855 -0.0232831 -0.210032 0.0268211 0.0244167 0.999342 0.444939
285 298 670 0.998579 0.0421399 -0.0326152 0.840321 -0.0427742 0.998904 -0.0190015 -0.20898 0.0317787 0.0203696 0.999287 0.500187
285 299 674 0.997796 0.0446934 -0.0490567 0.891058 -0.0459246 0.99865 -0.024265 -0.142977 0.047906 0.0264644 0.998501 0.430782
300 301 88 1 0.00016785 0.000490372 0.344466 -0.000167862 1 2.47405e-05 0.0347395 -0.000490368 -2.48228e-05 1 -0.938156
300 302 136 0.999864 -0.00197596 -0.0163635 0.909351 0.00188113 0.999981 -0.00580897 0.216123 0.0163747 0.0057774 0.999849 0.355488
300 303 258 0.99982 0.00117253 -0.0189201 0.945457 -0.00115818 0.999999 0.00076961 -0.251653 0.018921 -0.000747559 0.999821 0.206838
300 304 505 0.999791 -0.00177634 -0.0203871 0.985929 0.00175304 0.999998 -0.00116108 0.0333391 0.0203891 0.0011251 0.999791 0.163806
300 305 1077 0.999401 0.000325888 -0.0346026 0.972115 -0.000514483 0.999985 -0.00544152 0.148342 0.0346004 0.00545607 0.999386 0.181621
300 306 1099 0.997157 0.00252411 -0.0753136 0.9232 -0.00475277 0.999556 -0.0294272 0.347358 0.0752058 0.0297014 0.996726 0.164452
300 307 956 0.999321 0.00907195 -0.0357141 0.990747 -0.00902983 0.999958 0.00134043 0.00814807 0.0357248 -0.00101702 0.999361 0.135475
300 308 924 0.999319 0.0139706 -0.0341636 0.931301 -0.0138659 0.999898 0.00330001 -0.0166511 0.0342062 -0.00282405 0.999411 0.363869
300 309 974 0.998589 0.0171566 -0.0502523 0.985237 -0.0168591 0.999838 0.00633869 -0.0590647 0.0503529 -0.00548254 0.998716 0.160687
300 310 795 0.999224 0.014216 -0.0367202 0.968084 -0.0139724 0.999879 0.0068811 -0.0161937 0.0368136 -0.00636269 0.999302 0.250101
300 311 908 0.997249 0.018986 -0.0716521 0.970309 -0.0186867 0.999814 0.00484533 0.0208187 0.0717307 -0.00349307 0.997418 0.24097
300 312 834 0.998111 0.0203633 -0.0579709 0.987096 -0.019813 0.999753 0.0100517 -0.0309812 0.0581613 -0.00888412 0.998268 0.157106
300 313 701 0.996571 0.0202374 -0.0802327 0.98287 -0.0199501 0.999791 0.00438055 0.0792862 0.0803046 -0.00276488 0.996767 0.166371
300 314 544 0.997428 0.0333266 -0.0634558 0.962035 -0.0324848 0.999371 0.0142514 -0.0429368 0.0638909 -0.0121534 0.997883 0.269527
315 316 52 0.999989 0.00454466 0.00123842 -0.486674 -0.00453652 0.999969 -0.00649439 0.18375 -0.00126789 0.0064887 0.999978 -0.85404
315 317 51 0.999982 0.00563997 0.00179282 -0.733061 -0.00562227 0.999937 -0.00973182 0.27387 -0.00184759 0.00972157 0.999951 -0.622588
315 318 122 0.999959 0.0053732 -0.00733677 0.753886 -0.00546103 0.999913 -0.0120047 0.00782269 0.00727162 0.0120442 0.999901 -0.656959
315 319 702 0.999315 0.00661801 -0.0364211 0.989043 -0.00733109 0.999783 -0.0194802 0.136168 0.0362843 0.0197338 0.999147 -0.0570241
315 320 683 0.999235 0.0147654 -0.0362049 0.997308 -0.0152446 0.999799 -0.0129957 -0.0730362 0.0360057 0.0135377 0.99926 -0.00657195
315 321 705 0.998611 0.0282499 -0.0444758 0.998178 -0.0289887 0.999451 -0.0160545 -0.0596021 0.0439978 0.0173214 0.998881 -0.00940715
315 322 670 0.997853 0.0362232 -0.0545628 0.991021 -0.0370026 0.999226 -0.0133425 -0.130347 0.0540373 0.0153329 0.998421 -0.0297877
315 323 602 0.997454 0.0507058 -0.050135 0.968392 -0.0510863 0.998674 -0.0063353 -0.249418 0.0497473 0.00888038 0.998722 0.00288451
315 324 601 0.99565 0.0455417 -0.081282 0.980308 -0.0478441 0.9985 -0.0266058 0.182628 0.0799484 0.0303789 0.996336 -0.0751181
315 325 649 0.993763 0.047317 -0.100973 0.985632 -0.0501778 0.998402 -0.0259822 0.16776 0.0995826 0.0308867 0.99455 -0.0196406
