0 1 56 0.999997 -0.00254519 0.000620631 -0.220278 0.00254423 0.999996 0.00153378 0.11396 -0.000624532 -0.00153219 0.999999 0.968757
0 2 42 0.999999 -0.0011306 -0.000785148 0.405678 0.00113178 0.999998 0.00151363 -0.00953463 0.000783435 -0.00151452 0.999999 0.913966
0 3 45 0.999998 -0.00192327 0.000100897 -0.177248 0.00192307 0.999996 0.00192659 0.0584461 -0.000104602 -0.0019264 0.999998 0.982429
0 4 26 0.999983 -0.00575632 0.000143088 0.353264 0.00575599 0.999981 0.00217774 0.645634 -0.000155621 -0.00217688 0.999998 -0.677024
0 5 34 0.999968 -0.00288004 -0.00743982 0.756909 0.00290143 0.999992 0.00286664 -0.0642871 0.0074315 -0.00288814 0.999968 0.65035
0 6 20 0.999995 -0.00315021 0.00037015 -0.167695 0.00314992 0.999995 0.000782182 0.496801 -0.000372612 -0.000781013 1 0.851509
0 7 47 0.999996 -0.00248595 0.00102906 0.262333 0.00248321 0.999993 0.00265475 -0.295092 -0.00103566 -0.00265218 0.999996 -0.91875
0 8 12 0.999992 -0.00393732 0.000614388 -0.145948 0.00393652 0.999991 0.00130639 0.631784 -0.000619526 -0.00130396 0.999999 0.76128
0 9 20 0.999979 -0.00377134 -0.0053477 0.587217 0.00375486 0.999988 -0.00308857 0.6193 0.00535929 0.00306842 0.999981 0.521195
0 10 59 0.999996 -0.00279978 -0.000691789 -0.317205 0.00280199 0.999991 0.00320905 0.140757 0.000682798 -0.00321098 0.999995 0.937853
0 11 85 0.999997 -0.00184951 -0.00129072 -0.240353 0.00185314 0.999994 0.00281434 0.00316823 0.0012855 -0.00281672 0.999995 0.97068
0 12 70 0.999997 0.00231817 -0.000344833 -0.180311 -0.00231751 0.999995 0.00190771 -0.043292 0.000349254 -0.0019069 0.999998 0.982656
0 13 62 0.999992 0.00400325 0.000695418 0.0118583 -0.00400578 0.999985 0.00367819 0.0465329 -0.000680683 -0.00368095 0.999993 -0.998846
0 14 48 0.999965 0.00820568 0.00164307 -0.0180521 -0.00820882 0.999964 0.00191349 0.213477 -0.00162731 -0.00192691 0.999997 0.976781
15 16 53 0.999997 0.000237017 -0.00243993 0.262271 -0.000233205 0.999999 0.00156257 -0.273927 0.00244029 -0.001562 0.999996 -0.925299
15 17 43 0.999996 0.000654498 -0.00268239 0.00916939 -0.000650368 0.999999 0.00154054 -0.249029 0.00268339 -0.00153879 0.999995 -0.968453
15 18 70 0.999995 0.00211543 -0.00226055 0.282607 -0.00211223 0.999997 0.0014208 -0.160829 0.00226355 -0.00141602 0.999996 -0.945657
15 19 22 0.999972 0.00424306 -0.00623771 0.992956 -0.00422555 0.999987 0.00281742 -0.00446888 0.00624958 -0.00279099 0.999977 0.118396
15 20 26 0.999967 0.00506744 -0.00628007 0.88301 -0.00503903 0.999977 0.00453123 -0.224881 0.00630289 -0.00449944 0.99997 0.411974
15 21 71 0.999975 0.00587567 0.00385678 0.0140598 -0.00588364 0.999981 0.00205985 -0.0319137 -0.0038446 -0.00208249 0.99999 0.999392
15 22 79 0.999932 0.0104005 0.00529678 -0.256072 -0.0104096 0.999944 0.0016929 0.251028 -0.00527887 -0.00174792 0.999985 0.933494
15 23 55 0.999951 0.00379668 -0.00916119 0.888536 -0.0037269 0.999964 0.00762178 -0.353744 0.0091898 -0.00758727 0.999929 0.292179
15 24 22 0.999982 0.00484468 0.00360023 -0.70398 -0.00485823 0.999981 0.00376455 0.10097 -0.00358193 -0.00378198 0.999986 0.703006
15 25 174 0.999949 0.0029408 -0.0096958 0.78747 -0.00288503 0.999979 0.00576092 -0.0273621 0.00971254 -0.00573266 0.999936 0.615745
15 26 999 0.999781 0.00487708 -0.0203328 0.91077 -0.00480088 0.999981 0.00379456 -0.0668515 0.020351 -0.00369612 0.999786 0.407466
15 27 489 0.999897 0.00181375 -0.0142474 0.946956 -0.00177441 0.999995 0.00277343 -0.0261186 0.0142524 -0.00274786 0.999895 0.320299
15 28 994 0.999678 0.00421413 -0.0250141 0.904795 -0.00404652 0.999969 0.00674732 -0.178036 0.0250418 -0.00664393 0.999664 0.386846
15 29 990 0.999672 0.00407249 -0.0252874 0.908811 -0.00393265 0.999977 0.00557741 -0.201453 0.0253096 -0.00547613 0.999665 0.365348
30 31 53 0.999999 -0.00160809 0.000435715 0.325428 0.00161011 0.999988 -0.00465762 -0.0445128 -0.00042822 0.00465831 0.999989 -0.944519
30 32 18 0.999992 0.00163374 0.00361731 -0.135136 -0.00161954 0.999991 -0.00392242 0.619568 -0.00362369 0.00391653 0.999986 0.773223
30 33 54 0.999953 -0.00398 0.00886032 -0.545285 0.00403563 0.999972 -0.006269 0.0413713 -0.00883512 0.00630446 0.999941 0.837229
30 34 30 0.999952 -0.000592672 0.00979017 0.0491757 0.000719251 0.999916 -0.0129307 0.312588 -0.00978169 0.0129371 0.999868 0.948615
30 35 64 0.999915 -2.08607e-05 0.0130624 0.0234472 0.000192507 0.999914 -0.0131394 -0.0313039 -0.013061 0.0131408 0.999828 0.999235
30 36 87 0.99991 0.000470186 0.0133983 0.296192 -0.000304872 0.999924 -0.0123378 0.0514124 -0.0134031 0.0123326 0.999834 -0.953744
30 37 72 0.999877 0.00193168 0.0155355 0.391764 -0.00178172 0.999952 -0.00966075 -0.273814 -0.0155534 0.00963188 0.999833 -0.878377
30 38 111 0.999812 -0.00490274 0.0187394 0.331985 0.00505629 0.999954 -0.00815562 -0.00740924 -0.0186986 0.00824885 0.999791 -0.943256
30 39 118 0.999755 -0.00704247 0.0209936 0.326069 0.00718858 0.99995 -0.00689234 0.0899882 -0.020944 0.00704156 0.999756 -0.941053
30 40 894 0.999934 -0.0101711 -0.00535113 0.976292 0.0101494 0.99994 -0.00406545 0.0268443 0.00539216 0.00401087 0.999977 -0.214785
30 41 495 0.999923 -0.00773817 0.0096736 0.957521 0.00766243 0.99994 0.00784215 -0.285017 -0.0097337 -0.00776742 0.999922 -0.0438121
30 42 956 0.99999 -0.00431638 -0.00106163 0.988923 0.00431617 0.999991 -0.000197098 0.00367391 0.00106247 0.000192514 0.999999 0.148384
30 43 29 0.99964 -0.00900894 0.025267 0.662736 0.00911819 0.99995 -0.00421172 0.105199 -0.0252278 0.0044406 0.999672 -0.741428
30 44 60 0.999749 -0.00608889 0.0215525 0.609203 0.00607683 0.999981 0.000625362 -0.100719 -0.021556 -0.000494235 0.999768 -0.786592
45 46 44 0.999926 0.00495665 -0.0111165 0.861798 -0.00487336 0.99996 0.00750665 -0.262556 0.0111532 -0.00745191 0.99991 -0.434015
45 47 11 0.99979 0.020281 0.00301008 0.121719 -0.0203104 0.999743 0.0100627 -0.6743 -0.00280523 -0.0101218 0.999945 -0.728357
45 48 0 1 0 0 0 0 1 0 0 0 0 1 0
45 49 57 0.999821 0.0180018 -0.0057599 0.983539 -0.0179038 0.999701 0.0166295 -0.0376211 0.00605755 -0.0165234 0.999845 -0.176735
45 50 11 0.99978 0.0207603 -0.00301799 -0.950295 -0.0207068 0.999645 0.0167837 -0.19299 0.00336535 -0.0167175 0.999855 0.244324
45 51 33 0.999728 0.0205507 -0.0109941 0.756766 -0.0203944 0.999692 0.0141388 0.201582 0.0112813 -0.0139107 0.99984 0.621828
45 52 167 0.999572 0.0221166 -0.0191506 0.900773 -0.0218589 0.999669 0.0135643 0.057009 0.0194443 -0.0131399 0.999725 0.430533
45 53 99 0.999684 0.0247374 -0.0045408 -0.110085 -0.0246859 0.999634 0.0110736 0.00521986 0.00481307 -0.010958 0.999928 0.993908
45 54 863 0.999136 0.0269693 -0.0316271 0.933388 -0.0269812 0.999636 5.16549e-05 0.234154 0.031617 0.000801726 0.9995 0.271953
45 55 164 0.999209 0.0255696 -0.0304607 0.983907 -0.0254641 0.999668 0.00384677 0.0761732 0.0305489 -0.00306807 0.999529 -0.161629
45 56 582 0.998993 0.0252742 -0.0370628 0.939238 -0.0253099 0.99968 -0.000495489 0.0904837 0.0370384 0.00143305 0.999313 0.331127
45 57 368 0.998709 0.0300642 -0.0409564 0.97553 -0.0300835 0.999547 0.000145506 -0.0389963 0.0409422 0.00108679 0.999161 0.216383
45 58 943 0.997575 0.029623 -0.0629764 0.995018 -0.0297411 0.999557 -0.000938317 -0.0315857 0.0629207 0.00280903 0.998015 0.0945545
45 59 905 0.997614 0.0289657 -0.0626688 0.999455 -0.029171 0.999572 -0.00236354 0.0282517 0.0625734 0.00418601 0.998032 -0.0170869
60 61 47 0.999999 0.000386154 -0.000941347 -0.451865 -0.000384046 0.999997 0.00223889 -0.0524606 0.00094221 -0.00223853 0.999997 0.890542
60 62 12 1 0.000315617 6.26012e-05 0.980187 -0.000316034 0.999977 0.00678905 0.13707 -6.0457e-05 -0.00678907 0.999977 -0.142984
60 63 945 0.99972 0.00870638 -0.0219999 0.959744 -0.00864203 0.999958 0.00301843 0.22792 0.0220252 -0.00282746 0.999753 0.164148
60 64 899 0.999831 0.00861061 -0.016243 0.977617 -0.00853873 0.999953 0.00448931 0.133127 0.0162809 -0.00434986 0.999858 0.16292
60 65 124 0.999682 0.0125894 0.0218343 -0.210201 -0.012703 0.999906 0.00507138 -0.0388656 -0.0217684 -0.00534713 0.999749 0.976885
60 66 775 0.999955 0.00951136 -0.000560797 0.98624 -0.00951027 0.999953 0.00191695 0.0387444 0.000579003 -0.00191153 0.999998 0.160716
60 67 989 0.999683 0.0103781 -0.0229402 0.979287 -0.0104655 0.999938 -0.00369207 0.067485 0.0229005 0.00393098 0.99973 0.190902
60 68 74 0.999864 0.00915505 0.0137531 0.990222 -0.00912502 0.999956 -0.00224503 -0.0467372 -0.0137731 0.00211922 0.999903 0.13144
60 69 900 0.99993 0.0117871 -0.00105312 0.997123 -0.0117936 0.99991 -0.00638962 0.0480952 0.000977709 0.00640159 0.999979 -0.0585811
60 70 886 0.999438 0.0181371 -0.0281786 0.993627 -0.0180379 0.99983 0.0037701 -0.108862 0.0282422 -0.0032597 0.999596 -0.0292284
60 71 823 0.999917 0.0124304 -0.00329902 0.999493 -0.012437 0.999921 -0.00196795 0.000862319 0.00327429 0.00200881 0.999993 0.0318309
60 72 814 0.999689 0.0180483 -0.0171928 0.995122 -0.0179933 0.999833 0.00334787 -0.0815577 0.0172504 -0.00303748 0.999847 0.0554944
60 73 845 0.999675 0.0220917 -0.0127162 0.999888 -0.0221385 0.999749 -0.00355009 0.0117155 0.0126346 0.00383045 0.999913 0.00936213
60 74 779 0.999581 0.0217042 -0.0191753 0.988999 -0.0218217 0.999744 -0.00593757 -0.0393986 0.0190416 0.00635352 0.999799 0.142581
75 76 67 0.999989 -0.00366651 -0.00277931 0.394867 0.00365801 0.999989 -0.00305668 0.376911 0.00279048 0.00304648 0.999991 -0.837865
75 77 1021 0.999659 -0.00619158 -0.0253704 0.779938 0.00569468 0.999791 -0.0196111 0.624787 0.0254865 0.01946 0.999486 -0.0365797
75 78 76 0.99997 0.00775878 0.000432863 0.337717 -0.00776027 0.999964 0.00354483 -0.415583 -0.000405344 -0.00354808 0.999994 -0.844534
75 79 21 0.999995 0.00301833 -0.000500731 0.958794 -0.00301915 0.999994 -0.00163435 -0.0986681 0.000495795 0.00163585 0.999999 -0.266418
75 80 109 0.999965 0.00510551 0.00661455 0.511022 -0.00509213 0.999985 -0.0020376 0.00972635 -0.00662485 0.00200385 0.999976 -0.859513
75 81 33 0.999993 0.00358093 -0.00104085 0.936976 -0.00357763 0.999989 0.00315317 -0.204756 0.00105213 -0.00314942 0.999994 -0.28311
75 82 387 0.999875 -0.00390647 -0.0153238 0.993337 0.00394755 0.999989 0.00265142 -0.0358958 0.0153132 -0.00271158 0.999879 -0.109514
75 83 876 0.999711 -0.00513225 -0.0234878 0.987545 0.00505713 0.999982 -0.00325645 0.154223 0.023504 0.00313673 0.999719 0.0311439
75 84 900 0.998048 -0.00129537 -0.0624378 0.993869 0.00100338 0.999988 -0.00470767 0.107075 0.0624432 0.00463583 0.998038 0.0275555
75 85 862 0.999736 -0.00328214 -0.0227416 0.990444 0.00339363 0.999982 0.00486577 0.0113937 0.0227252 -0.00494166 0.99973 0.137443
75 86 782 0.999549 -0.00579427 -0.029476 0.987626 0.00600342 0.999957 0.00701194 0.0472846 0.0294341 -0.00718573 0.999541 0.149529
75 87 819 0.99891 0.00282294 -0.0465829 0.991677 -0.00237902 0.999951 0.00958241 0.102171 0.0466076 -0.00946115 0.998868 0.078345
75 88 769 0.999123 0.00819908 -0.0410534 0.992947 -0.00741823 0.999789 0.0191368 -0.0462543 0.0412016 -0.0188155 0.998974 0.10916
75 89 804 0.999143 0.0108079 -0.0399571 0.99448 -0.0101802 0.999822 0.0158782 0.0251813 0.0401216 -0.0154578 0.999075 0.101859
90 91 40 0.999981 0.00449383 0.00418091 0.148458 -0.00452389 0.999964 0.00720932 -0.34329 -0.00414836 -0.0072281 0.999965 -0.927422
90 92 644 0.999958 0.00574429 -0.00710356 0.825265 -0.005683 0.999947 0.00861752 -0.0616646 0.00715268 -0.00857679 0.999938 0.561369
90 93 844 0.999695 0.0103789 -0.0224131 0.936648 -0.00984533 0.999669 0.0237862 -0.336114 0.0226526 -0.0235582 0.999466 0.0985827
90 94 898 0.999903 0.012389 0.00630834 0.788323 -0.0125082 0.999737 0.0192293 -0.465546 -0.00606845 -0.0193064 0.999795 0.402261
90 95 567 0.999858 0.00983401 0.013654 0.69407 -0.00987621 0.999947 0.00302673 -0.036306 -0.0136235 -0.00316115 0.999902 0.718991
90 96 962 0.999813 0.0103203 -0.0163621 0.915894 -0.0103111 0.999947 0.000650301 -0.00952866 0.0163679 -0.000481468 0.999866 0.401306
90 97 922 0.99981 0.0119268 -0.0154143 0.859199 -0.0116898 0.999814 0.0153722 -0.35575 0.0155948 -0.0151891 0.999763 0.367722
90 98 777 0.999998 0.0016355 0.00113466 0.714427 -0.00163562 0.999999 0.000108721 -0.261269 -0.00113448 -0.000110576 0.999999 0.649101
90 99 773 0.999988 -0.00189262 -0.00455707 0.824923 0.00185205 0.999959 -0.00889019 -0.261906 0.00457371 0.00888164 0.99995 0.500907
90 100 775 0.999448 0.00252798 -0.0331185 0.940953 -0.00269967 0.999983 -0.0051405 -0.220537 0.033105 0.00522707 0.999438 0.256848
90 101 686 0.99988 -0.00538516 -0.0145295 0.882973 0.00516983 0.999877 -0.0148174 -0.210259 0.0146075 0.0147406 0.999785 0.419702
90 102 726 0.999488 -0.0128912 -0.0292857 0.94148 0.0120823 0.999545 -0.0276321 -0.111412 0.0296285 0.0272641 0.999189 0.318123
90 103 669 0.999474 -0.00599986 -0.0318782 0.958909 0.0053521 0.999778 -0.0203664 -0.205349 0.0319933 0.0201851 0.999284 0.195766
90 104 676 0.999953 -0.00783629 0.00579245 0.89945 0.00802483 0.999414 -0.0332756 -0.193805 -0.00552829 0.0333205 0.999429 0.391699
105 106 18 1 0.000167583 -0.000747296 0.789543 -0.000169916 0.999995 -0.0031233 -0.0987572 0.000746769 0.00312343 0.999995 -0.605696
105 107 78 0.999997 0.00194724 -0.00137765 0.940071 -0.00195435 0.999985 -0.00518057 -0.183983 0.00136754 0.00518325 0.999986 -0.287082
105 108 402 0.999961 0.00846831 0.00239478 0.966936 -0.00842979 0.999842 -0.0156586 0.142899 -0.002527 0.0156378 0.999875 -0.211222
105 109 384 0.999905 0.00902547 0.0103996 0.752024 -0.00888833 0.999874 -0.0131588 -0.141391 -0.0105171 0.0130651 0.999859 -0.643792
105 110 373 0.999656 0.0101066 0.0241965 0.267513 -0.00979605 0.999869 -0.0129177 -0.0405351 -0.0243239 0.0126762 0.999624 -0.962701
105 111 838 0.999969 0.00719478 -0.0031719 0.888812 -0.00724727 0.999832 -0.0168616 0.0144881 0.00305005 0.016884 0.999853 -0.458042
105 112 823 0.999944 0.0104131 -0.00192828 0.877369 -0.0104262 0.999922 -0.00691911 -0.257006 0.00185608 0.00693882 0.999974 -0.405181
105 113 809 0.999523 0.0112493 -0.028766 0.907812 -0.011352 0.99993 -0.00341128 -0.241391 0.0287256 0.0037362 0.99958 -0.342939
105 114 707 0.999997 0.000572439 0.00246516 0.722468 -0.000517622 0.999754 -0.0221801 0.138083 -0.00247725 0.0221788 0.999751 -0.677475
105 115 717 0.999795 0.00660118 0.0191408 0.553368 -0.00635141 0.999894 -0.0130808 0.089772 -0.0192251 0.0129566 0.999731 -0.828085
105 116 741 0.999912 0.0111265 -0.00715634 0.819088 -0.011242 0.999804 -0.0163101 0.140006 0.00697346 0.0163892 0.999841 -0.556322
105 117 654 0.999788 0.0112089 0.0172729 0.590953 -0.0110378 0.999889 -0.00997357 0.137463 -0.0173828 0.00978081 0.999801 -0.794908
105 118 687 0.99993 0.00938139 0.00724145 0.736754 -0.00933627 0.999937 -0.00623886 0.142544 -0.00729952 0.00617082 0.999954 -0.660965
105 119 727 0.999919 0.0112064 -0.00596903 0.816847 -0.0112332 0.999927 -0.00446401 0.121029 0.00591857 0.0045307 0.999972 -0.564015
120 121 107 0.999994 0.00314907 0.00107763 0.318793 -0.00315694 0.999968 0.00738439 0.00887025 -0.00105434 -0.00738775 0.999972 -0.947783
120 122 173 0.99998 0.00611964 0.0014119 0.361714 -0.00612928 0.999957 0.00692759 0.44299 -0.00136944 -0.00693611 0.999975 -0.820319
120 123 157 0.999801 0.0147342 0.0134532 -0.121103 -0.0149319 0.99978 0.0147177 -0.0870943 -0.0132334 -0.0149156 0.999801 -0.988812
120 124 829 0.999715 0.0214735 -0.0104504 0.889991 -0.0213863 0.999736 0.00838334 0.124166 0.0106276 -0.00815746 0.99991 -0.438747
120 125 762 0.999634 0.0267115 0.00425917 0.768669 -0.0267307 0.999633 0.00450079 0.229442 -0.00413738 -0.00461299 0.999981 -0.59708
120 126 834 0.999532 0.0305786 0.0012256 0.746975 -0.0305742 0.999526 -0.00347614 0.327949 -0.00133131 0.00343704 0.999993 -0.578341
120 127 739 0.999453 0.0330609 0.000905268 0.603357 -0.0330585 0.99945 -0.00261988 0.222936 -0.000991386 0.00258852 0.999996 -0.765676
120 128 719 0.999591 0.0281794 0.00486626 0.338609 -0.0281543 0.99959 -0.00516633 0.311205 -0.00500985 0.00502721 0.999975 -0.887972
120 129 744 0.999383 0.0345959 -0.00605788 0.514611 -0.0346132 0.999397 -0.00277347 0.204758 0.00595828 0.00298144 0.999978 -0.832616
120 130 773 0.998865 0.0356758 -0.0315557 0.692182 -0.0359867 0.999309 -0.00934018 0.24612 0.0312007 0.0104652 0.999458 -0.678461
120 131 737 0.998977 0.0321668 -0.0317914 0.564401 -0.0328505 0.999235 -0.0212217 0.420409 0.0310844 0.0222444 0.999269 -0.710428
120 132 734 0.998107 0.0384765 -0.0479869 0.713257 -0.0390378 0.999179 -0.0108145 0.316933 0.0475314 0.0126673 0.998789 -0.625155
120 133 749 0.998587 0.0392804 -0.0357898 0.578698 -0.0392486 0.999228 0.00159119 0.230142 0.0358247 -0.000184247 0.999358 -0.782396
120 134 705 0.998743 0.0380906 -0.0325916 0.48546 -0.0381577 0.999271 -0.00143762 0.29487 0.032513 0.00267943 0.999468 -0.823031
135 136 72 0.999996 0.000155098 -0.00292706 0.333761 -0.000141003 0.999988 0.0048152 -0.20111 0.00292777 -0.00481477 0.999984 -0.920955
135 137 62 0.999999 0.000966987 -0.000497841 -0.318157 -0.000965702 0.999996 0.00257559 0.0669027 0.00050033 -0.00257511 0.999997 -0.945674
135 138 241 0.999964 0.0047363 -0.00699301 0.259064 -0.00468477 0.999962 0.00736657 -0.15673 0.00702763 -0.00733355 0.999948 -0.953059
135 139 372 0.999922 0.010829 -0.00617641 0.173189 -0.0107322 0.999822 0.0154917 -0.301075 0.00634307 -0.0154242 0.999861 -0.937742
135 140 875 0.999337 0.00906635 -0.0352677 0.811613 -0.00922416 0.999948 -0.00431458 0.4241 0.0352268 0.00463703 0.999369 -0.401775
135 141 826 0.999529 0.00752638 -0.0297506 0.797008 -0.00739171 0.999962 0.00463416 0.220993 0.0297843 -0.00441206 0.999547 -0.562086
135 142 716 0.99971 0.00935309 -0.0221998 0.489161 -0.00916391 0.999921 0.00860811 0.15823 0.0222785 -0.00840218 0.999716 -0.857721
135 143 813 0.999345 0.0102522 -0.0347165 0.57442 -0.00989873 0.999898 0.0103372 0.157594 0.0348189 -0.00998681 0.999344 -0.803247
135 144 815 0.996778 0.0187835 -0.0779805 0.798557 -0.0208162 0.999462 -0.0253352 0.532957 0.0774627 0.0268768 0.996633 -0.279757
135 145 759 0.998943 0.0186039 -0.0420427 0.557778 -0.0182528 0.999795 0.00872023 0.345837 0.0421963 -0.00794361 0.999078 -0.754507
135 146 757 0.998161 0.0247905 -0.0553177 0.633108 -0.0242499 0.999652 0.0104223 0.341623 0.0555568 -0.00906171 0.998414 -0.694599
135 147 708 0.998901 0.0245406 -0.0399382 0.451996 -0.0236034 0.999439 0.0237713 0.293366 0.0404992 -0.0228025 0.998919 -0.842399
135 148 742 0.998722 0.0345404 -0.0368881 0.416138 -0.0332312 0.998816 0.035532 0.224305 0.0380717 -0.0342607 0.998688 -0.881202
135 149 624 0.99827 0.0406712 -0.0424514 0.416475 -0.0390365 0.99849 0.0386498 0.267891 0.0439592 -0.0369258 0.998351 -0.868783
150 151 17 0.999895 0.0141303 0.00308946 0.228019 -0.0141686 0.999818 0.0127576 0.871271 -0.00290863 -0.0128 0.999914 0.434619
150 152 64 0.999825 0.0180529 0.004928 0.0800074 -0.0181302 0.999706 0.0161205 -0.542644 -0.00463553 -0.016207 0.999858 -0.836144
150 153 583 0.999377 0.0275226 -0.0221045 0.643864 -0.0279677 0.999407 -0.0200838 0.763017 0.0215386 0.0206895 0.999554 -0.056957
150 154 153 0.999675 0.0224659 -0.0120334 0.525294 -0.02235 0.999703 0.00967596 0.269248 0.0122472 -0.00940387 0.999881 -0.8072
150 155 219 0.999509 0.0307943 -0.00576476 0.0655725 -0.0306712 0.999323 0.020341 -0.192147 0.00638724 -0.0201542 0.999776 -0.979173
150 156 283 0.999163 0.03216 -0.0252761 0.78911 -0.0319126 0.999439 0.0101314 0.532432 0.0255878 -0.00931631 0.999629 -0.306303
150 157 266 0.99936 0.0353462 -0.00543247 0.00852151 -0.0352379 0.9992 0.0188931 -0.0307049 0.00609593 -0.0186896 0.999807 -0.999492
150 158 254 0.999705 0.0238861 -0.00435646 0.0351581 -0.023809 0.999573 0.0169658 0.223518 0.00475985 -0.0168571 0.999847 -0.974065
150 159 467 0.998086 0.0362257 -0.0501181 0.866802 -0.035851 0.999322 0.00835494 0.274093 0.0503867 -0.00654217 0.998708 -0.416566
150 160 367 0.99847 0.0361396 -0.0418574 0.639967 -0.0355305 0.999253 0.0152066 0.146485 0.0423757 -0.0136962 0.999008 -0.754311
150 161 417 0.998531 0.0355902 -0.0408598 0.455254 -0.0352083 0.99933 0.0100288 0.275898 0.0411893 -0.0085755 0.999115 -0.846536
150 162 429 0.997635 0.0443357 -0.0525151 0.561116 -0.0434325 0.99889 0.0182166 0.222201 0.0532644 -0.0158926 0.998454 -0.797355
150 163 423 0.996638 0.0452618 -0.0682952 0.726554 -0.0439389 0.998819 0.0207505 0.184068 0.0691537 -0.01768 0.997449 -0.661996
150 164 236 0.999075 0.033669 -0.0267531 0.104587 -0.0330149 0.999154 0.0245292 0.257821 0.0275563 -0.0236232 0.999341 -0.960515
165 166 21 0.999973 0.00698917 -0.00228216 -0.0409411 -0.00697154 0.999946 0.00764236 -0.583567 0.00233546 -0.00762625 0.999968 -0.811032
165 167 136 0.999917 0.00950692 -0.00866887 0.327736 -0.0094491 0.999933 0.00668625 0.201465 0.00873185 -0.00660379 0.99994 -0.923039
165 168 383 0.99974 0.0139492 -0.0180448 0.573985 -0.0138299 0.999882 0.00671679 0.212742 0.0181364 -0.00646548 0.999815 -0.790748
165 169 575 0.999673 0.0119759 -0.022583 0.493076 -0.0118895 0.999921 0.00395853 0.328348 0.0226286 -0.00368873 0.999737 -0.805645
165 170 658 0.999701 0.0102656 -0.0222132 0.329178 -0.0102216 0.999946 0.00209411 0.390829 0.0222335 -0.00186643 0.999751 -0.85959
165 171 826 0.999017 0.0230384 -0.0378614 0.665596 -0.0227241 0.999704 0.00871111 0.199538 0.0380509 -0.00784219 0.999245 -0.719143
165 172 507 0.999742 0.0155355 -0.0165921 0.136904 -0.0153921 0.999843 0.00873655 0.235876 0.0167252 -0.0084789 0.999824 -0.962091
165 173 807 0.99856 0.0210044 -0.049359 0.589237 -0.0208495 0.999776 0.00365075 0.254288 0.0494246 -0.00261639 0.998774 -0.766901
165 174 803 0.998536 0.0188381 -0.0507095 0.490302 -0.018678 0.999819 0.00362965 0.303284 0.0507687 -0.00267718 0.998707 -0.817082
165 175 733 0.997989 0.0295409 -0.0560794 0.600552 -0.0289348 0.999514 0.0115885 0.230369 0.0563945 -0.00994252 0.998359 -0.765681
165 176 723 0.994977 0.0385451 -0.0923896 0.776681 -0.0396647 0.99916 -0.0103118 0.379518 0.0919145 0.0139246 0.99567 -0.502726
165 177 708 0.992944 0.0498351 -0.107601 0.816576 -0.0507109 0.998699 -0.00541694 0.289484 0.107191 0.0108353 0.994179 -0.499402
165 178 664 0.995706 0.0543593 -0.074937 0.69512 -0.0551993 0.998433 -0.00918253 0.388775 0.0743204 0.0132796 0.997146 -0.604699
165 179 653 0.994076 0.0619579 -0.0892939 0.724155 -0.0638228 0.997796 -0.0181805 0.376716 0.0879706 0.0237718 0.995839 -0.577654
180 181 167 0.99988 0.00414925 -0.0149138 0.987933 -0.00416808 0.999991 -0.00123173 0.0817126 0.0149085 0.00129375 0.999888 -0.131571
180 182 203 0.999958 0.00909753 0.000859272 0.363759 -0.00909487 0.999954 -0.0030446 0.0861146 -0.000886931 0.00303665 0.999995 -0.927504
180 183 469 0.999858 0.0168561 0.000214111 0.367242 -0.0168539 0.999827 -0.00787066 0.0237827 -0.000346743 0.00786594 0.999969 -0.929821
180 184 759 0.99985 0.0171551 -0.00247032 0.419674 -0.0171813 0.999792 -0.0110239 0.161999 0.00228069 0.0110647 0.999936 -0.893101
180 185 1108 0.999727 0.0204765 -0.0112262 0.536281 -0.0205872 0.99974 -0.00983643 0.0558974 0.0110219 0.0100649 0.999889 -0.842187
180 186 1226 0.998867 0.023251 -0.0415232 0.850542 -0.0244133 0.999318 -0.027706 0.324397 0.0408507 0.0286883 0.998753 -0.413939
180 187 1105 0.999406 0.0295409 -0.0177203 0.577651 -0.029857 0.999395 -0.0178464 0.157468 0.0171823 0.0183649 0.999684 -0.800951
180 188 1118 0.999267 0.0298211 -0.0240204 0.622367 -0.0304857 0.999149 -0.0277949 0.290377 0.0231711 0.0285068 0.999325 -0.726871
180 189 1007 0.999741 0.0186268 -0.0130843 0.36667 -0.0190003 0.999398 -0.0290304 0.340889 0.0125356 0.0292715 0.999493 -0.865649
180 190 912 0.999488 0.0197393 -0.0251939 0.446729 -0.020389 0.999459 -0.0258005 0.239548 0.024671 0.0263009 0.99935 -0.862003
180 191 988 0.998976 0.0256144 -0.0373049 0.510328 -0.0265355 0.99935 -0.0244113 0.185154 0.0366553 0.0253762 0.999006 -0.839811
180 192 1018 0.996747 0.0311905 -0.0743096 0.743413 -0.0332266 0.999101 -0.0263234 0.136621 0.0734218 0.0287068 0.996888 -0.65473
180 193 967 0.998453 0.0338184 -0.0441406 0.462188 -0.0349478 0.999075 -0.0250718 0.14882 0.0432518 0.0265756 0.998711 -0.874205
180 194 784 0.994849 0.0220932 -0.098929 0.768125 -0.0264113 0.998745 -0.0425537 0.279664 0.0978647 0.0449474 0.994184 -0.575996
195 196 157 0.999939 -0.00466414 -0.0100253 0.432155 0.00472238 0.999972 0.00579337 0.106011 0.00999796 -0.00584036 0.999933 -0.895547
195 197 544 0.999565 -0.00344572 -0.0293006 0.817194 0.00402244 0.999799 0.0196467 -0.123342 0.029227 -0.019756 0.999378 -0.563011
195 198 428 0.999529 -0.00566702 -0.0301697 0.637536 0.00638536 0.999697 0.023767 0.0570625 0.0300258 -0.0239485 0.999262 -0.768305
195 199 815 0.998361 -0.00492122 -0.0570266 0.907529 0.00665742 0.999519 0.0302956 0.036647 0.05685 -0.0306256 0.997913 -0.418388
195 200 722 0.996421 0.00204328 -0.0845001 0.956465 0.00152209 0.999112 0.0421077 -0.0225768 0.0845111 -0.0420857 0.995533 -0.290972
195 201 749 0.996722 0.013541 -0.0797645 0.953629 -0.00968775 0.998776 0.0484978 -0.165821 0.0803236 -0.047566 0.995633 -0.251187
195 202 902 0.997001 0.0121617 -0.0764314 0.905709 -0.00867494 0.998914 0.0457873 -0.135484 0.0769052 -0.0449869 0.996023 -0.401666
195 203 912 0.995962 0.0216373 -0.0871332 0.892876 -0.0169868 0.998409 0.0537647 -0.113665 0.0881579 -0.0520674 0.994745 -0.435721
195 204 859 0.991413 0.0344448 -0.126148 0.938051 -0.0256487 0.997168 0.0707006 -0.240245 0.128226 -0.066858 0.989489 -0.249684
195 205 862 0.995323 0.0310077 -0.0914957 0.902892 -0.026152 0.998209 0.0538009 -0.16555 0.0930001 -0.0511565 0.994351 -0.396711
195 206 865 0.989825 0.0399577 -0.136564 0.959521 -0.0322792 0.997795 0.0579857 -0.140581 0.13858 -0.0529875 0.988933 -0.244041
195 207 841 0.989538 0.0405096 -0.13847 0.962099 -0.0332749 0.997977 0.0541697 -0.117305 0.140385 -0.0489954 0.988884 -0.246182
195 208 831 0.992923 0.0451104 -0.109858 0.92006 -0.0396912 0.997908 0.0510275 -0.120445 0.11193 -0.046306 0.992637 -0.372803
195 209 801 0.991979 0.0469034 -0.117381 0.940201 -0.0418869 0.998115 0.0448455 -0.0818768 0.119263 -0.0395691 0.992074 -0.330633
210 211 74 0.999991 0.00345499 0.00245113 0.71638 -0.00344939 0.999991 -0.00228728 0.0388631 -0.00245901 0.00227881 0.999994 -0.696628
210 212 710 0.99994 0.0082406 -0.00716922 0.876706 -0.00824945 0.999965 -0.00120631 0.0128496 0.00715903 0.00126538 0.999974 -0.480856
210 213 1064 0.99985 0.013478 -0.0108696 0.930551 -0.0133963 0.999882 0.0075587 -0.214744 0.0109702 -0.00741195 0.999912 -0.296579
210 214 684 0.999918 0.0113637 0.00589531 0.808949 -0.0114146 0.999897 0.00867706 -0.139034 -0.0057961 -0.00874364 0.999945 -0.571202
210 215 829 0.999983 0.00144336 0.00569705 0.91564 -0.00149594 0.999956 0.0092354 -0.0463238 -0.00568347 -0.00924376 0.999941 -0.399322
210 216 652 0.999915 -0.0103662 0.00787389 0.854683 0.0102852 0.999894 0.0102626 0.0635352 -0.00797944 -0.0101808 0.999916 -0.515248
210 217 710 0.999964 -0.00822934 -0.00194733 0.876621 0.00826518 0.999782 0.019175 0.0246306 0.0017891 -0.0191904 0.999814 -0.480551
210 218 597 0.999549 -0.0158032 0.0255517 0.758071 0.0151027 0.999511 0.0273806 -0.0259705 -0.0259719 -0.0269824 0.999298 -0.651655
210 219 794 0.999732 -0.0209627 0.00981902 0.857319 0.0206319 0.999254 0.0326584 -0.00229964 -0.0104963 -0.0324471 0.999418 -0.51478
210 220 966 0.999872 -0.0146608 -0.00640344 0.895013 0.0149276 0.998928 0.0438263 -0.107638 0.00575404 -0.0439163 0.999019 -0.432858
210 221 842 0.999814 -0.0138457 -0.013437 0.943343 0.0144149 0.998961 0.0432265 -0.156582 0.0128245 -0.0434121 0.998975 -0.292551
210 222 851 0.99993 -0.00891579 0.00775894 0.869872 0.00867681 0.999503 0.0303071 -0.0944753 -0.00802529 -0.0302377 0.999511 -0.484146
210 223 876 0.999988 0.00137996 -0.00465799 0.880318 -0.00121215 0.999357 0.0358402 -0.147339 0.00470445 -0.0358341 0.999347 -0.450923
210 224 853 0.999692 0.00212715 -0.0247377 0.913858 -0.00113241 0.999193 0.040156 -0.16257 0.0248032 -0.0401157 0.998887 -0.372068
225 226 125 0.999998 0.000636813 0.00184287 0.394258 -0.000626397 0.999984 -0.00564688 0.180211 -0.00184644 0.00564572 0.999982 -0.901157
225 227 114 0.999935 0.0111924 0.00202152 0.506108 -0.0111825 0.999926 -0.00481823 -0.0907764 -0.0020753 0.00479531 0.999986 -0.857679
225 228 248 0.999532 0.0304396 0.00298692 0.537096 -0.0304433 0.999536 0.00121073 -0.737438 -0.00294868 -0.00130109 0.999995 -0.409528
225 229 1066 0.999331 0.0128616 -0.0342467 0.932083 -0.0132207 0.99986 -0.0102809 0.0712941 0.0341097 0.0107268 0.999361 -0.35516
225 230 902 0.999543 0.025265 -0.0165762 0.788073 -0.0251261 0.999648 0.00853406 -0.462441 0.0167859 -0.00811367 0.999826 -0.406313
225 231 779 0.999585 0.0242726 -0.0155015 0.864464 -0.0243225 0.9997 -0.00303967 -0.297749 0.0154231 0.00341544 0.999875 -0.405027
225 232 358 0.999115 0.0409814 0.00950479 0.523797 -0.0408711 0.999098 -0.0115179 -0.450142 -0.00996823 0.0111192 0.999888 -0.723193
225 233 701 0.99942 0.0335973 -0.00549968 0.783437 -0.0336518 0.999382 -0.0101228 -0.414397 0.00515618 0.010302 0.999934 -0.463144
225 234 975 0.999506 0.020893 -0.0234574 0.913432 -0.0212772 0.999642 -0.0162504 -0.273229 0.0231095 0.0167415 0.999593 -0.301642
225 235 872 0.999614 0.00723636 -0.0268363 0.932387 -0.00802369 0.999537 -0.0293477 -0.0372013 0.0266115 0.0295516 0.999209 -0.359541
225 236 996 0.999027 0.0124266 -0.0423093 0.958593 -0.0133637 0.99967 -0.0219384 -0.201982 0.0420227 0.0224825 0.998864 -0.200753
225 237 810 0.999616 0.0155673 -0.0229364 0.928966 -0.0162089 0.999475 -0.0280565 -0.209387 0.0224876 0.0284175 0.999343 -0.305253
225 238 895 0.997877 0.0266024 -0.0594412 0.954983 -0.0277571 0.99944 -0.0186845 -0.232389 0.0589108 0.0202947 0.998057 -0.1844
225 239 838 0.99881 0.0380593 -0.0304956 0.922687 -0.0387342 0.99901 -0.0218563 -0.280659 0.0296336 0.0230115 0.999296 -0.264347
240 241 1142 0.999996 0.00236062 0.00144763 -0.14099 -0.00238501 0.999851 0.0170844 -0.955082 -0.00140709 -0.0170878 0.999853 0.260652
240 242 183 0.999918 0.00538265 -0.0115939 0.922937 -0.00543383 0.999976 -0.00438798 -0.169174 0.01157 0.00445062 0.999923 0.345784
240 243 781 0.999743 0.00827533 -0.0210855 0.898818 -0.00845558 0.999928 -0.00847424 -0.140048 0.0210138 0.00865035 0.999742 0.415346
240 244 1000 0.999302 0.0202137 -0.0314042 0.954131 -0.0204198 0.999772 -0.0062563 -0.192009 0.0312705 0.0068932 0.999487 0.22971
240 245 869 0.999521 0.0220582 -0.0217272 0.865663 -0.0222946 0.999694 -0.0107019 -0.259279 0.0214845 0.0111812 0.999707 0.428254
240 246 1046 0.998404 0.0147177 0.0545169 -0.921008 -0.0129982 0.999411 -0.0317607 0.164315 -0.0549522 0.0310014 0.998008 0.353193
240 247 407 0.999887 0.00761965 -0.0129658 0.937828 -0.00784544 0.999817 -0.0174533 -0.0485101 0.0128304 0.0175531 0.999764 0.343693
240 248 496 0.999846 0.0147673 -0.00943979 0.948385 -0.014857 0.999844 -0.00950667 -0.0651403 0.00929793 0.00964546 0.99991 0.31036
240 249 576 0.999735 0.0156677 -0.0168577 0.936593 -0.0158321 0.999828 -0.00966649 0.00446269 0.0167034 0.00993082 0.999811 0.350389
240 250 489 0.99973 0.00608124 -0.0224123 0.893504 -0.00632355 0.999922 -0.0107565 0.0732561 0.0223452 0.0108953 0.999691 0.443039
240 251 435 0.999845 0.0175573 0.00106565 0.894956 -0.0175568 0.999846 -0.000483551 -0.0167521 -0.00107397 0.000464767 0.999999 0.445839
240 252 615 0.999768 0.0144819 -0.0159419 0.910378 -0.0145438 0.999887 -0.00377129 0.0498354 0.0158855 0.00400227 0.999866 0.410765
240 253 641 0.999808 0.00238942 -0.0194542 0.887227 -0.00255403 0.999961 -0.00844128 0.10019 0.0194332 0.00848934 0.999775 0.450323
240 254 525 0.999981 0.00098233 0.00600962 0.871564 -0.00101167 0.999988 0.00488181 -0.0265411 -0.00600475 -0.0048878 0.99997 0.489562
255 256 38 0.999915 -0.0105954 -0.00763584 0.997304 0.0105911 0.999944 -0.000602688 0.0714671 0.0076418 0.000521764 0.999971 -0.0166614
255 257 523 0.999728 -0.0202491 -0.0115392 0.937604 0.0202304 0.999794 -0.0017331 0.302756 0.011572 0.00149919 0.999932 0.170988
255 258 633 0.999796 -0.0201542 -0.00164189 0.745586 0.0201648 0.999774 0.00672497 -0.078832 0.00150598 -0.0067567 0.999976 0.661731
255 259 667 0.99982 -0.0183996 -0.00464498 0.814115 0.0184189 0.999822 0.00412964 -0.0351725 0.00456816 -0.00421445 0.999981 0.579637
255 260 912 0.997355 -0.00794113 0.0722424 -0.832996 0.00829437 0.999955 -0.00459103 0.162612 -0.0722027 0.0051781 0.997377 0.528843
255 261 1005 0.999674 -0.0218767 -0.0131537 0.837497 0.0217492 0.999716 -0.0097614 0.229083 0.0133635 0.00947214 0.999866 0.496105
255 262 853 0.999721 -0.0220523 -0.00841658 0.849665 0.0220159 0.999748 -0.00439516 0.144539 0.00851138 0.00420863 0.999955 0.507127
255 263 810 0.998917 -0.0284256 -0.0368366 0.87082 0.0279024 0.999503 -0.0146401 0.304089 0.0372344 0.0135964 0.999214 0.386267
255 264 901 0.99933 -0.0213091 -0.0297433 0.849506 0.021474 0.999756 0.00523614 0.0478353 0.0296244 -0.00587134 0.999544 0.525406
255 265 881 0.998909 -0.0293264 -0.0363513 0.835147 0.029118 0.999556 -0.00625062 0.161101 0.0365185 0.00518532 0.99932 0.525904
255 266 764 0.999339 -0.0308822 -0.0191778 0.770124 0.0309799 0.999508 0.00481495 0.0407846 0.0190196 -0.0054059 0.999804 0.636589
255 267 789 0.999096 -0.0290526 -0.0310261 0.719385 0.0291548 0.999571 0.00284617 0.0207075 0.0309301 -0.00374815 0.999515 0.694303
255 268 826 0.998647 -0.0290205 -0.0431438 0.794661 0.0289156 0.999577 -0.00305303 0.0265284 0.0432142 0.00180137 0.999064 0.606473
255 269 836 0.998625 -0.0279873 -0.0443314 0.821475 0.0279769 0.999608 -0.000855396 -0.00215325 0.044338 -0.000386036 0.999017 0.570241
270 271 69 0.999993 0.00278042 -0.00246177 0.47873 -0.002766 0.999979 0.00584493 -0.318087 0.00247797 -0.00583808 0.99998 0.818314
270 272 782 0.999829 0.0168195 -0.00762107 0.671505 -0.0167034 0.999747 0.0150451 -0.522706 0.00787219 -0.0149153 0.999858 0.525224
270 273 535 0.999949 0.0100816 0.000267924 0.741544 -0.0100826 0.999942 0.00372907 -0.122829 -0.000230314 -0.00373158 0.999993 0.659565
270 274 1050 0.999899 0.0108626 -0.00921369 0.708069 -0.0108433 0.999939 0.00213607 -0.0243523 0.00923633 -0.00203595 0.999955 0.705723
270 275 854 0.999909 0.0106251 -0.00836777 0.706753 -0.0105589 0.999913 0.0079197 -0.164892 0.00845119 -0.00783062 0.999934 0.687976
270 276 820 0.999921 0.00569044 -0.0112248 0.735173 -0.00561678 0.999963 0.00658307 -0.0829436 0.0112619 -0.0065195 0.999915 0.672786
270 277 814 0.999913 0.0128434 -0.00315833 0.636506 -0.012805 0.999847 0.0118987 -0.168538 0.00331066 -0.0118573 0.999924 0.752632
270 278 837 0.999861 0.00894928 -0.0140341 0.732044 -0.00883631 0.999928 0.00809166 -0.0860133 0.0141055 -0.00796653 0.999869 0.675806
270 279 583 0.999753 0.0217094 -0.00474817 0.721924 -0.0216181 0.999595 0.0185079 -0.179743 0.00514804 -0.0184007 0.999817 0.66822
270 280 690 0.999747 0.0215008 -0.00653124 0.736139 -0.0213906 0.999635 0.0165039 -0.118573 0.0068837 -0.01636 0.999842 0.666363
270 281 765 0.999753 0.0203376 -0.00897172 0.737897 -0.0202217 0.999713 0.0128276 -0.105859 0.00923003 -0.012643 0.999877 0.66656
270 282 608 0.99972 0.0207477 -0.0113774 0.772128 -0.0206097 0.999714 0.0121177 -0.0846191 0.0116256 -0.0118798 0.999862 0.629808
270 283 645 0.999756 0.0220383 0.00161779 0.703319 -0.0220608 0.999636 0.0155057 -0.109896 -0.00127548 -0.0155376 0.999878 0.702329
270 284 603 0.999676 0.0249268 0.00523708 0.691613 -0.025022 0.999507 0.0189741 -0.156649 -0.00476153 -0.019099 0.999806 0.705076
285 286 77 0.999994 -0.00281384 0.0021812 0.553426 0.00281485 0.999996 -0.000460562 -0.18951 -0.00217989 0.000466699 0.999998 0.811052
285 287 233 0.999986 -0.0019688 0.00495841 0.494781 0.00200429 0.999972 -0.00716354 -0.199808 -0.00494417 0.00717338 0.999962 0.845736
285 288 313 0.999966 0.00458017 0.00684339 0.672538 -0.00453462 0.999968 -0.00665697 -0.275884 -0.00687366 0.00662571 0.999954 0.686717
285 289 831 0.999996 0.00212954 0.00178737 0.638457 -0.00211709 0.999974 -0.00693686 -0.211429 -0.00180209 0.00693305 0.999974 0.740047
285 290 994 0.999804 0.0095591 -0.0173116 0.840604 -0.00970287 0.999919 -0.00824023 -0.241577 0.0172314 0.00840659 0.999816 0.484795
285 291 999 0.999869 0.016072 -0.00196877 0.776707 -0.0160921 0.999814 -0.0106546 -0.282503 0.00179717 0.0106849 0.999941 0.562954
285 292 939 0.999836 0.0107509 -0.014586 0.86436 -0.0109806 0.999816 -0.0157587 -0.168823 0.0144139 0.0159163 0.999769 0.473689
285 293 863 0.999774 0.0204379 -0.00577887 0.688798 -0.0204859 0.999755 -0.00836433 -0.355814 0.00560651 0.00848082 0.999948 0.631627
285 294 918 0.999557 0.0203723 -0.0216916 0.77999 -0.0205961 0.999736 -0.010147 -0.295761 0.0214792 0.0105892 0.999713 0.55149
285 295 878 0.99946 0.0278942 -0.0173468 0.820412 -0.0281355 0.999509 -0.0138257 -0.267423 0.0169526 0.0143063 0.999754 0.505381
285 296 725 0.99918 0.0373257 -0.015706 0.762994 -0.0375881 0.999153 -0.0167563 -0.267248 0.0150673 0.017333 0.999736 0.588574
285 297 779 0.998962 0.042569 -0.0162055 0.856739 -0.0428968 0.99887 -0.0204473 -0.284985 0.0153168 0.0211212 0.99966 0.429863
285 298 752 0.998778 0.04535 -0.0196207 0.797919 -0.0457132 0.998784 -0.0184775 -0.237501 0.0187589 0.0193519 0.999637 0.554002
285 299 765 0.998528 0.0504496 -0.0199245 0.749417 -0.0507632 0.998589 -0.0155615 -0.288611 0.0191113 0.0165501 0.99968 0.595884
300 301 93 1 -0.000259391 -8.69467e-06 0.34951 0.000259392 1 8.78765e-05 0.0644236 8.67188e-06 -8.78787e-05 1 -0.934715
300 302 646 0.999812 -0.00173344 -0.0192966 0.913459 0.0015904 0.999971 -0.00742543 0.276101 0.019309 0.00739334 0.999786 0.298934
300 303 25 0.99997 0.00140753 -0.00756891 -0.7512 -0.00142236 0.999997 -0.00195334 0.280316 0.00756614 0.00196405 0.999969 -0.597596
300 304 1327 0.999299 -0.00261066 -0.0373473 0.951258 0.00223412 0.999946 -0.0101202 0.25745 0.0373717 0.0100297 0.999251 0.169788
300 305 1333 0.998874 0.00290328 -0.0473619 0.962354 -0.00328929 0.999962 -0.0080743 0.154063 0.0473366 0.008221 0.998845 0.22392
300 306 1275 0.998148 0.00451812 -0.0606603 0.959917 -0.005422 0.999877 -0.0147445 0.226514 0.0605862 0.0150461 0.99805 0.165077
300 307 907 0.999565 0.0138058 -0.0260774 0.95262 -0.0136891 0.999895 0.00464916 -0.0743698 0.0261389 -0.00429016 0.999649 0.294932
300 308 1172 0.998643 0.0101545 -0.0510856 0.983974 -0.0104069 0.999935 -0.00467723 0.143946 0.0510348 0.00520252 0.998683 0.105232
300 309 1123 0.998051 0.0164895 -0.0601896 0.97694 -0.0166162 0.999861 -0.00160633 0.072775 0.0601547 0.00260332 0.998186 0.200726
300 310 1036 0.998428 0.0148659 -0.0540469 0.977146 -0.0147381 0.999888 0.00276109 0.061099 0.0540818 -0.0019602 0.998535 0.203599
300 311 1027 0.997708 0.0186124 -0.0650502 0.956601 -0.0184493 0.999825 0.00310697 0.0445468 0.0650967 -0.00189971 0.997877 0.287977
300 312 959 0.997996 0.0130864 -0.0619043 0.992443 -0.0128666 0.999909 0.00394707 0.0800867 0.0619503 -0.00314266 0.998074 0.0929713
300 313 755 0.997691 0.0202594 -0.0648238 0.973133 -0.0198168 0.999776 0.0074626 0.0478352 0.0649605 -0.00616077 0.997869 0.22522
300 314 557 0.995469 0.0287967 -0.0906221 0.983 -0.0283035 0.999577 0.00672224 0.0256156 0.0907774 -0.00412686 0.995863 0.181812
315 316 39 0.999976 0.00685946 0.000212597 0.50338 -0.00685792 0.999955 -0.00654381 -0.194049 -0.000257474 0.0065422 0.999979 0.841994
315 317 148 0.99994 -0.0107871 0.00168181 0.283671 0.0108067 0.999868 -0.012105 0.493347 -0.00155101 0.0121225 0.999925 -0.822277
315 318 19 0.999968 0.00794251 0.000811847 -0.968539 -0.00793158 0.999888 -0.012679 0.143412 -0.000912459 0.0126721 0.999919 -0.203384
315 319 605 0.999701 0.00175779 -0.0243805 0.94173 -0.00220615 0.999829 -0.0183753 0.15059 0.024344 0.0184236 0.999534 -0.300777
315 320 164 0.999872 0.0152171 0.00488515 -0.822191 -0.0151349 0.99975 -0.0164547 0.0622119 -0.00513432 0.0163786 0.999853 0.565801
315 321 576 0.999312 0.0263836 -0.0260617 0.995211 -0.0268472 0.999485 -0.0176011 -0.0616373 0.0255838 0.0182887 0.999505 0.0758631
315 322 699 0.997977 0.0274414 -0.0573492 0.981152 -0.0290601 0.999197 -0.0275849 0.154868 0.0565462 0.0291957 0.997973 -0.115569
315 323 586 0.998283 0.0388826 -0.0438072 0.979218 -0.0398432 0.998979 -0.0212721 0.115448 0.0429353 0.022981 0.998814 -0.166743
315 324 576 0.996387 0.049634 -0.0689203 0.996058 -0.0507332 0.99861 -0.0142908 0.0067846 0.0681152 0.0177357 0.99752 -0.0884431
315 325 571 0.996715 0.0550865 -0.0593632 0.988056 -0.0556339 0.998422 -0.00760842 -0.114164 0.0588504 0.010886 0.998207 0.103503
