0 1 432 0.975501 0.0784152 -0.205543 0.904661 -0.0781286 0.996898 0.00952297 0.220757 0.205652 0.00676915 0.978602 -0.364493
0 2 125 0.880998 0.172475 -0.440562 0.96959 -0.159837 0.984937 0.0659623 -0.057585 0.445302 0.0123054 0.895296 -0.237863
0 3 57 0.9883 0.145567 -0.0455405 0.658775 -0.142988 0.988165 0.0555288 0.0849645 0.0530847 -0.0483674 0.997418 -0.747527
0 4 12 0.887779 -0.434162 -0.152817 -0.0533838 0.447 0.892425 0.0613819 0.0160803 0.109728 -0.122803 0.986346 -0.998445
0 5 38 -0.900731 0.422822 -0.0995268 0.0159486 0.282968 0.744996 0.604078 -0.333297 0.329564 0.515948 -0.790686 0.942687
0 6 32 -0.655314 0.722093 0.221686 0.0118186 0.684531 0.443639 0.578448 -0.345463 0.319344 0.530816 -0.785018 0.938358
0 7 26 -0.26122 -0.957004 -0.126124 -0.353104 0.965242 -0.260124 -0.0253784 -0.341168 -0.00852065 -0.128369 0.99169 0.871161
0 8 35 -0.825779 0.374962 0.421298 -0.38449 0.561491 0.616864 0.55155 -0.281538 -0.0530739 0.692013 -0.719931 0.879149
0 9 17 0.969171 -0.228215 0.0928683 0.105087 0.216672 0.968874 0.119732 0.109436 -0.117302 -0.0959187 0.988453 -0.988423
0 10 34 0.769804 0.52375 -0.364813 0.251224 0.572883 -0.818969 0.0330923 0.0373046 -0.281438 -0.23447 -0.930493 0.96721
0 11 10 -0.887547 0.401222 0.226455 0.0614638 -0.423986 -0.903631 -0.0607213 -0.049715 0.180269 -0.149907 0.972127 -0.99687
0 12 26 0.959987 0.255631 0.114358 -0.167721 0.207477 -0.923496 0.322657 -0.266409 0.18809 -0.28602 -0.939582 0.949155
0 13 18 0.475499 0.879196 0.0302513 0.252455 -0.868946 0.464036 0.172057 0.271305 0.137234 -0.1081 0.984622 0.928795
0 14 16 -0.137461 0.978738 0.152238 -0.230455 -0.971639 -0.163097 0.17122 -0.313141 0.192409 -0.124384 0.9734 -0.921321
0 15 49 0.425263 0.515845 -0.743677 0.526977 0.781387 -0.623888 0.0140715 -0.153122 -0.456713 -0.587083 -0.668391 0.835972
0 16 23 0.993042 -0.10951 -0.0432992 -0.108248 0.103628 0.987303 -0.120395 0.233781 0.0559339 0.11507 0.991781 -0.966245
0 17 17 0.126596 0.991912 -0.00919107 0.0799219 -0.953109 0.119065 -0.278222 -0.237811 -0.274877 0.0439818 0.960473 0.968018
0 18 49 -0.146066 -0.787619 0.598599 -0.140497 -0.819649 0.435164 0.37257 -0.149095 -0.553932 -0.436221 -0.709134 0.978791
0 19 21 0.0934236 -0.877336 0.470696 -0.329874 -0.987679 -0.141282 -0.0673039 -0.13618 0.125549 -0.458608 -0.879725 0.934151
0 20 43 0.880615 -0.305983 -0.36179 0.0669568 -0.434688 -0.825574 -0.359825 0.0639085 -0.188584 0.474133 -0.86002 0.995707
0 21 29 0.520148 0.839926 0.154825 -0.322669 -0.852065 0.52276 0.026612 0.156622 -0.0585842 -0.145763 0.987583 -0.933463
0 22 10 0.54164 0.809141 0.227853 0.251468 -0.831839 0.554978 0.00659015 -0.148396 -0.121121 -0.193106 0.973673 0.956422
0 23 36 -0.225794 -0.78433 -0.577791 0.319689 -0.874814 0.424209 -0.233981 0.0769206 0.428623 0.452628 -0.781927 0.944395
0 24 23 -0.553158 -0.827422 -0.0968957 0.0772521 -0.792705 0.558548 -0.244221 0.209271 0.256194 -0.0582829 -0.964867 0.974801
0 25 21 -0.333875 0.941668 0.0422858 0.155468 0.928113 0.320568 0.18932 -0.0253416 0.164721 0.102455 -0.981004 0.987516
0 26 36 -0.729311 0.658486 -0.185746 0.0129091 0.684089 0.697347 -0.213843 0.0961945 -0.0112832 -0.283025 -0.959046 0.995279
0 27 12 0.773697 0.597202 0.211523 0.0569252 -0.573981 0.802066 -0.165031 -0.105013 -0.268213 0.00627374 0.963339 0.99284
0 28 29 -0.834598 0.542849 0.0936034 0.160993 0.550034 0.811924 0.195556 -0.123677 0.0301583 0.214695 -0.976215 0.979176
0 29 15 0.609821 0.674434 0.416242 0.241955 -0.746828 0.6648 0.0169793 -0.194422 -0.265266 -0.321216 0.909095 0.950609
0 30 56 -0.541131 -0.161979 -0.825191 0.26454 -0.103677 0.986638 -0.125683 0.0491231 0.834523 0.0175421 -0.550694 0.963123
0 31 11 0.894524 0.378426 0.237952 -0.0772192 -0.321135 0.914303 -0.246825 0.294934 -0.310965 0.144376 0.939391 -0.952392
0 32 33 -0.401424 -0.915396 0.0301473 0.0528591 -0.861594 0.388586 0.326583 -0.125668 -0.310667 0.105123 -0.944688 0.990663
0 33 44 -0.44946 0.731519 0.512705 -0.153593 0.787291 0.595573 -0.15958 -0.0108953 -0.422089 0.331923 -0.843604 0.988074
0 34 43 0.78303 -0.257741 -0.566068 0.377393 -0.144767 -0.960629 0.237139 -0.215962 -0.604902 -0.10374 -0.789514 0.900519
0 35 49 0.0594734 -0.550803 0.832514 -0.541672 0.0673541 0.834304 0.547175 -0.302963 -0.995955 0.0235308 0.0867177 0.784095
0 36 40 -0.462021 0.860374 0.215159 0.0814002 0.828996 0.505172 -0.239932 0.106851 -0.315123 0.0675125 -0.946646 0.990937
0 37 28 -0.615341 0.761606 0.203254 -0.300496 -0.788228 -0.59214 -0.167534 0.509167 -0.00724029 -0.263301 0.964687 -0.806505
0 38 51 -0.272737 -0.308898 0.911151 -0.639094 0.388706 0.830938 0.398057 -0.236378 -0.880069 0.462735 -0.106556 0.731904
0 39 21 0.833512 -0.552121 -0.0204982 -0.0793482 0.552407 0.833482 0.0124344 -0.0526374 0.0102196 -0.0216875 0.999713 -0.995456
0 40 39 -0.973382 0.226735 -0.033459 0.0254901 0.224193 0.972276 0.0664558 0.0231148 0.0475992 0.0571856 -0.997228 0.999408
0 41 90 0.795716 -0.343868 0.498588 -0.992887 0.371668 0.927209 0.0463211 -0.117165 -0.478224 0.148451 0.8656 0.0211397
0 42 90 0.73523 -0.248402 0.630661 -0.938384 0.367 0.928134 -0.0622821 -0.0448529 -0.569867 0.277244 0.773555 0.342671
0 43 37 0.936767 0.333084 0.107344 -0.108502 -0.34883 0.913312 0.21019 -0.02024 -0.0280279 -0.234344 0.97175 0.99389
0 44 82 0.348475 -0.117225 0.929959 -0.716279 0.235215 0.971338 0.0343005 0.0783836 -0.907325 0.206787 0.36606 0.693398
0 45 113 0.816093 -0.275388 0.508088 -0.863685 0.316764 0.94849 0.00530193 0.041684 -0.483376 0.156617 0.861289 0.502305
0 46 128 0.851135 -0.245571 0.463965 -0.911513 0.303304 0.951428 -0.0528263 0.10763 -0.428457 0.185685 0.884277 0.396939
0 47 93 0.744216 -0.0578974 0.665425 -0.78186 0.274223 0.93489 -0.22535 0.381733 -0.609051 0.350184 0.711637 0.492925
0 48 25 0.961593 -0.274478 -0.000441803 0.199298 0.274099 0.960178 0.0541084 0.0669222 -0.0144273 -0.0521514 0.998535 0.977651
0 49 62 0.750176 -0.168386 0.639438 -0.771854 0.405069 0.881368 -0.243125 0.447106 -0.522642 0.441403 0.729389 0.452037
0 50 15 0.72091 -0.69073 0.0563956 -0.0648982 0.688712 0.723112 0.0527671 -0.198373 -0.0772282 0.000799991 0.997013 -0.977976
0 51 34 -0.552711 0.746888 -0.369688 0.264097 0.830619 0.45768 -0.317177 0.289943 -0.0676969 -0.482377 -0.873344 0.919884
0 52 36 0.834858 -0.550306 0.0132383 -0.0541299 -0.504002 -0.773839 -0.383608 0.278516 0.221346 0.313586 -0.923401 0.958905
0 53 17 -0.996996 0.0503678 0.0588427 0.0890743 -0.0491822 -0.99856 0.0214264 0.137277 0.0598372 0.018468 0.998037 -0.986519
0 54 0 1 0 0 0 0 1 0 0 0 0 1 0
0 55 25 -0.478878 0.87715 -0.0358412 -0.099025 0.755104 0.432384 0.49281 -0.097338 0.447765 0.208932 -0.869399 0.990313
0 56 23 -0.199142 0.976005 -0.0880672 0.062093 -0.956735 -0.17418 0.233067 -0.197588 0.212135 0.13067 0.968465 0.978317
0 57 24 0.0734972 -0.907137 0.414369 -0.207911 -0.919159 0.0996036 0.381085 -0.171988 -0.386969 -0.408879 -0.826482 0.962909
0 58 30 0.861238 -0.494333 -0.117911 0.0696239 -0.392523 -0.794417 0.463494 -0.342388 -0.322791 -0.352896 -0.87822 0.936975
0 59 10 0.985366 -0.165185 -0.0420529 0.00389404 0.157578 0.976841 -0.144746 0.0187695 0.0649888 0.136001 0.988575 -0.999816
0 60 10 -0.421144 0.888712 0.181187 0.0656368 -0.901416 -0.387997 -0.192111 0.043551 -0.100431 -0.244232 0.964502 0.996893
0 61 14 0.436429 -0.860866 -0.261608 0.172055 0.894578 0.446277 0.0238348 -0.177152 0.0962308 -0.244431 0.96488 0.969028
0 62 27 -0.507826 0.744691 -0.433069 -0.000702036 -0.855487 -0.376849 0.355144 0.0420001 0.10127 0.550836 0.828447 0.999117
0 63 31 0.141887 0.965858 0.216761 -0.228268 -0.964736 0.183971 -0.188253 0.313339 -0.221704 -0.182407 0.957902 0.921798
0 64 22 0.163436 -0.975951 -0.14425 0.163625 0.980062 0.143869 0.137041 0.0481653 -0.112992 -0.163771 0.980006 0.985346
0 65 32 -0.994726 0.0622087 0.0815435 -0.0805948 0.0481562 0.985252 -0.164195 0.125954 -0.0905552 -0.159402 -0.983052 0.988757
0 66 22 0.727357 -0.567562 0.385778 -0.16721 -0.386879 -0.803427 -0.45258 0.203419 0.566812 0.179938 -0.803957 0.964708
0 67 18 -0.708508 -0.65586 0.260507 0.00632565 -0.698737 0.703706 -0.128703 0.0532177 -0.0989096 -0.273213 -0.956855 0.998563
0 68 23 0.510547 -0.853883 -0.101124 -0.0542454 0.850998 0.484953 0.201551 -0.402907 -0.123061 -0.188958 0.974244 -0.913632
0 69 14 0.830796 -0.556464 0.0112096 -0.196701 0.556302 0.83085 0.0147072 -0.101733 -0.0174975 -0.00598276 0.999829 -0.975171
0 70 37 -0.620402 -0.686091 -0.379973 0.17332 -0.725867 0.685782 -0.0531069 0.108186 0.297015 0.242862 -0.923472 0.978906
0 71 19 -0.754129 0.655378 -0.0420668 0.275827 -0.649593 -0.753821 -0.0989033 -0.0919119 -0.0965299 -0.0472596 0.994207 -0.956803
0 72 26 0.981902 -0.183585 0.0465229 -0.169777 0.174397 0.972261 0.155867 -0.0355979 -0.0738471 -0.144932 0.986682 -0.984839
0 73 55 0.968865 -0.245904 -0.0288593 0.165837 0.247519 0.959156 0.136948 -0.206502 -0.00599545 -0.139827 0.990158 -0.96429
0 74 26 0.857478 -0.512281 -0.0479578 0.0447121 0.514517 0.853384 0.0837157 -0.304865 -0.00195953 -0.0964594 0.995335 -0.951345
0 75 105 0.807009 -0.401337 0.433202 -0.879913 0.523104 0.82624 -0.209021 0.339953 -0.274041 0.395292 0.876724 0.331941
0 76 111 0.784926 -0.380239 0.489192 -0.8919 0.477746 0.874171 -0.0870852 0.198988 -0.394525 0.302065 0.867817 0.406102
0 77 57 0.828121 -0.491688 0.269182 -0.982697 0.513339 0.858104 -0.01184 -0.0722281 -0.225164 0.147986 0.963017 0.170555
0 78 13 0.733059 -0.677648 -0.0584631 0.105895 0.672622 0.735012 -0.0856538 0.160634 0.101014 0.0234657 0.994608 -0.981317
0 79 17 0.756531 -0.634661 -0.157693 0.211608 0.636021 0.770158 -0.0483204 0.0261426 0.152115 -0.0637401 0.986305 -0.977005
0 80 16 -0.206462 -0.923527 -0.323222 0.0911781 0.978454 -0.194396 -0.069561 0.0985998 0.0014085 -0.330619 0.943763 0.990941
0 81 49 -0.322254 0.539852 -0.777632 0.24788 -0.57201 0.54349 0.614348 -0.179234 0.754292 0.64279 0.133659 0.952067
0 82 32 -0.853302 0.179648 -0.489492 0.423256 0.138841 0.983163 0.118797 -0.187864 0.502592 0.0334082 -0.863878 0.886319
0 83 38 -0.77313 0.611229 -0.169318 0.106527 0.612772 0.788724 0.049248 0.045722 0.163647 -0.0656781 -0.98433 0.993258
0 84 14 -0.498532 -0.8167 -0.290631 0.236121 0.788744 -0.566444 0.238796 -0.1434 -0.359651 -0.110187 0.926558 -0.961084
0 85 63 0.630899 -0.483628 0.606688 -0.930199 0.431835 0.868523 0.243284 -0.32419 -0.644581 0.108502 0.756797 0.172134
0 86 92 0.759506 -0.359926 0.541853 -0.985425 0.292585 0.932981 0.209621 -0.167912 -0.580987 -0.000670459 0.813913 0.027246
0 87 54 0.935458 -0.338123 -0.102916 0.165567 0.347562 0.93292 0.094135 -0.0353448 0.0641835 -0.123829 0.990226 -0.985565
0 88 256 0.939538 -0.217654 0.264376 -0.787457 0.213568 0.975916 0.0444705 0.0593939 -0.267688 0.0146806 0.963394 -0.613501
0 89 560 0.992649 -0.0543887 0.108116 -0.247094 0.0625835 0.9953 -0.073906 0.171448 -0.103588 0.080129 0.991387 -0.953703
0 90 267 0.999121 0.0221439 -0.035597 0.0797683 -0.030936 0.962486 -0.269562 0.28343 0.0282924 0.270426 0.962325 -0.95567
0 91 85 0.999488 0.0113985 -0.0298998 0.181918 -0.0262418 0.826683 -0.562056 0.824141 0.018311 0.562553 0.826558 -0.536375
0 92 39 0.963701 0.181333 0.195958 -0.351918 -0.174782 0.983318 -0.0503684 -0.0979324 -0.201822 0.0142902 0.979318 -0.930894
0 93 27 0.992597 -0.0189167 0.119971 -0.2576 0.0231008 0.999169 -0.0335814 0.0293519 -0.119236 0.0361042 0.992209 -0.965806
0 94 80 0.959979 -0.123213 -0.251514 0.476694 0.00540761 0.906018 -0.423205 0.779372 0.28002 0.404908 0.870424 -0.406623
0 95 88 0.937687 -0.109478 -0.329785 0.706658 0.050287 0.981834 -0.182956 0.376938 0.343824 0.154972 0.926158 -0.598792
0 96 62 0.710072 -0.0804314 -0.699521 0.973267 0.0335724 0.996192 -0.0804641 0.204629 0.703329 0.0336507 0.710068 -0.104303
0 97 46 0.489246 -0.69545 -0.526296 0.225544 -0.656643 0.103421 -0.747077 0.400723 0.573985 0.711093 -0.406064 0.888004
0 98 25 -0.496652 -0.80174 -0.33249 0.14313 -0.821867 0.557571 -0.116832 0.225808 0.279055 0.215237 -0.935842 0.9636
0 99 37 0.286853 0.946691 -0.146602 0.00884622 0.945592 -0.304335 -0.115044 0.0993726 -0.153527 -0.105625 -0.982483 0.995011
0 100 20 0.571757 -0.818063 -0.0621855 -0.19296 0.805753 0.574187 -0.145162 0.242041 0.154458 0.032891 0.987452 -0.950885
0 101 13 -0.932717 -0.340168 -0.119687 0.0648646 0.360602 -0.877597 -0.315895 0.128602 0.00242055 -0.3378 0.941215 -0.989573
0 102 13 0.890368 -0.151261 0.429378 0.0193258 0.140309 0.988451 0.0572616 0.0512368 -0.433081 0.00926192 0.901308 0.9985
0 103 14 0.962167 0.217014 0.164742 0.169718 -0.24934 0.945081 0.211307 -0.13447 -0.109838 -0.244389 0.963436 0.976275
0 104 35 0.454318 -0.609749 -0.649462 0.383515 0.878494 0.427607 0.213073 -0.0824838 0.147794 -0.667352 0.729931 0.919844
0 105 25 -0.983368 0.0994622 -0.15197 0.405367 -0.0562323 -0.96234 -0.265969 0.31538 -0.172701 -0.253 0.951927 -0.858028
0 106 30 -0.927095 -0.179893 0.328835 -0.391527 -0.247446 0.9527 -0.176447 0.0725806 -0.28154 -0.244952 -0.927757 0.9173
0 107 29 0.432074 0.753185 0.496008 -0.391609 0.845029 -0.530242 0.0690613 -0.171544 0.31502 0.389302 -0.865567 0.903999
0 108 42 -0.786347 0.381495 -0.485922 0.321884 0.0818294 0.843943 0.530155 -0.321083 0.612342 0.377123 -0.694849 0.890672
0 109 26 0.796629 -0.604218 -0.0174097 0.0518162 0.592952 0.775532 0.216698 -0.213571 -0.117431 -0.182951 0.976083 0.975553
0 110 30 0.687793 -0.579758 0.436831 -0.310113 -0.703266 -0.681308 0.20307 -0.252037 0.179885 -0.446878 -0.876323 0.916683
0 111 19 -0.864994 -0.227683 -0.447154 -0.281297 0.354886 -0.907584 -0.224382 -0.29748 -0.354742 -0.352777 0.865856 0.912348
0 112 11 -0.810883 0.578672 -0.0872193 -0.11566 -0.541542 -0.798488 -0.262964 -0.0585124 -0.221813 -0.166 0.960855 0.991564
0 113 26 -0.939572 0.315607 -0.132654 0.275538 -0.336638 -0.92221 0.190272 -0.108771 -0.0622835 0.22343 0.972728 -0.955117
0 114 15 -0.728074 0.684274 -0.0409443 0.200012 -0.651877 -0.672652 0.350138 -0.337229 0.212049 0.281617 0.935803 -0.91993
0 115 41 -0.000199558 -0.930018 0.367515 -0.259407 -0.938119 -0.127101 -0.322145 0.340264 0.346312 -0.344837 -0.872442 0.903841
0 116 29 -0.742466 0.66629 0.0692969 -0.0426143 0.60918 0.628531 0.483579 -0.204533 0.278649 0.401255 -0.872553 0.977932
0 117 16 0.79443 0.394506 0.461785 -0.448805 -0.456889 0.889132 0.0264148 0.231388 -0.400167 -0.231969 0.886598 -0.863153
0 118 31 -0.916679 0.321502 0.237352 -0.184104 0.317631 0.946591 -0.0554631 -0.0103471 -0.242507 0.0245486 -0.969839 0.982852
0 119 50 0.129658 0.838195 -0.529733 0.323756 0.876018 0.153449 0.457216 -0.295187 0.464523 -0.523338 -0.714378 0.898914
0 120 36 0.724022 -0.658435 0.205561 -0.262525 0.686922 0.715349 -0.128116 0.03121 -0.0626914 0.233963 0.970222 0.96442
0 121 27 0.0170667 0.933114 -0.359176 0.389816 0.998255 -0.0362148 -0.0466499 -0.0700631 -0.0565371 -0.357753 -0.932103 0.918223
0 122 68 0.611044 -0.62223 0.489341 -0.523395 0.157874 0.701543 0.69492 -0.785182 -0.775694 -0.347372 0.526908 0.330977
0 123 43 0.281059 0.937185 0.206614 -0.0413455 0.951531 -0.24412 -0.187068 -0.0815537 -0.124879 0.249177 -0.960373 0.995811
0 124 41 0.42984 0.482163 -0.763385 0.109863 -0.825757 0.551888 -0.116382 -0.200414 0.365188 0.680396 0.635373 0.973532
0 125 30 0.712325 -0.695121 0.0969502 -0.113338 0.70146 0.700504 -0.131328 -0.156455 0.0233753 0.161555 0.986587 -0.981161
0 126 78 0.848346 -0.203759 0.488663 -0.970327 0.362561 0.896183 -0.255743 0.227545 -0.385822 0.394129 0.834149 -0.0817811
0 127 108 0.988444 0.0327448 0.14801 -0.505078 0.00835197 0.963144 -0.268856 0.81539 -0.151359 0.266985 0.95174 -0.282904
0 128 110 0.986056 0.0900699 0.139934 -0.52493 -0.0677667 0.985321 -0.156688 0.811102 -0.151992 0.14502 0.977685 -0.257998
0 129 74 0.958523 0.0488581 0.280795 -0.707345 -0.0615292 0.997438 0.0364829 0.655853 -0.278293 -0.0522468 0.959074 -0.263666
0 130 35 0.983264 0.147334 -0.107168 0.20112 -0.107502 0.944103 0.311628 0.0624978 0.147091 -0.294892 0.944141 -0.977571
0 131 27 0.901662 -0.394683 -0.17672 0.0146681 0.432413 0.827531 0.358066 -0.25197 0.00491812 -0.399271 0.91682 -0.967624
0 132 53 0.953901 0.121837 -0.274277 0.519323 -0.0379961 0.955564 0.292325 -0.141429 0.297705 -0.268428 0.916143 -0.842794
0 133 20 0.9162 0.174019 0.360965 -0.316133 -0.277821 0.924995 0.259229 -0.0682332 -0.28878 -0.337789 0.895826 -0.946258
0 134 40 0.463017 -0.745435 -0.479523 0.25699 -0.875388 -0.29977 -0.379253 0.192947 0.138962 0.595369 -0.791344 0.946957
0 135 34 -0.425362 -0.76715 -0.480154 0.163442 -0.897569 0.289639 0.332383 -0.0190795 -0.115917 0.572355 -0.811772 0.986368
0 136 41 -0.506121 0.844277 0.176175 -0.00654084 0.812015 0.535306 -0.23255 0.116798 -0.290644 0.0253582 -0.956495 0.993134
0 137 21 0.155096 -0.984866 0.0773523 -0.0590109 0.987058 0.15772 0.029014 -0.0707941 -0.0407749 0.0718513 0.996582 0.995744
0 138 40 0.973291 0.229264 -0.0119741 0.158187 -0.221571 0.951727 0.21242 0.627838 0.0600962 -0.204093 0.977105 -0.762099
0 139 98 0.997323 0.0531736 0.0501921 -0.507467 -0.0707433 0.875292 0.478393 -0.861666 -0.0184949 -0.480663 0.87671 -0.00307261
0 140 287 0.999082 -1.08757e-05 0.0428326 -0.749162 -0.00899757 0.977634 0.210119 -0.646824 -0.0418769 -0.210312 0.976737 -0.142742
0 141 353 0.995564 -0.0340551 0.0877074 -0.98042 0.0203891 0.988134 0.152237 0.175268 -0.0918511 -0.149774 0.984445 -0.0897623
0 142 225 0.930595 -0.0524992 0.362267 -0.891154 0.105616 0.986082 -0.128405 0.397486 -0.350484 0.157754 0.923187 0.218746
0 143 103 0.735689 -0.118299 0.666908 -0.873538 0.251478 0.961955 -0.106779 0.234104 -0.628904 0.246269 0.737449 0.426762
0 144 48 -0.797581 0.13717 -0.587409 0.00884629 0.363122 0.886771 -0.28597 0.212952 0.481671 -0.441385 -0.757081 0.977023
0 145 38 -0.907189 -0.204447 0.367707 -0.0449069 -0.211826 0.977089 0.0206583 0.136988 -0.363506 -0.0591491 -0.929712 0.989554
0 146 13 0.812421 -0.53851 0.223559 0.0345964 0.557148 0.830027 -0.025322 0.0510443 -0.171924 0.145127 0.974361 0.998097
0 147 13 -0.598259 -0.759682 0.254893 -0.301431 0.749785 -0.642936 -0.156382 -0.0331288 0.28268 0.0975578 0.95424 -0.952912
0 148 17 -0.955753 -0.131745 0.26302 0.204727 0.21927 -0.915095 0.338411 0.0497569 0.196104 0.38111 0.903492 0.977554
0 149 30 0.872798 -0.0334732 0.486932 0.0990876 0.0182209 0.999185 0.0360271 0.0440025 -0.487741 -0.0225721 0.872697 0.994105
0 150 14 0.241039 -0.970493 -0.00666429 0.311277 0.957372 0.238895 -0.162383 0.0756284 0.159184 0.0327606 0.986705 0.947305
0 151 51 -0.328532 -0.941953 -0.069224 0.146945 -0.944239 0.325861 0.0471893 -0.00423288 -0.0218927 0.0808672 -0.996484 0.989136
0 152 45 -0.535294 -0.843663 -0.0411508 0.205081 -0.823781 0.532205 -0.1953 0.122622 0.186668 -0.0706436 -0.97988 0.971033
0 153 21 0.982735 -0.0211107 0.183808 0.334676 0.027784 0.999042 -0.0338058 0.0456892 -0.182918 0.0383291 0.982381 0.941225
0 154 34 -0.560513 -0.805908 -0.190623 0.248019 -0.790807 0.589206 -0.165711 0.125908 0.245864 0.057863 -0.967576 0.960538
0 155 24 0.638847 -0.754533 0.150182 0.180333 0.742948 0.55438 -0.375088 0.018899 0.199759 0.351202 0.914743 0.983424
0 156 29 -0.00714208 0.998797 -0.0485065 0.14045 0.930901 0.0243564 0.364458 -0.059608 0.365201 -0.0425518 -0.929956 0.988292
0 157 17 -0.157236 -0.959847 0.232318 0.103641 0.987466 -0.149548 0.0504561 -0.0527307 -0.0136875 0.23734 0.97133 0.993216
0 158 34 -0.273174 -0.924883 -0.264512 0.188501 -0.916928 0.333498 -0.219141 0.00848015 0.290894 0.182675 -0.939154 0.982036
0 159 27 -0.740677 0.563844 -0.365345 0.341194 0.565976 0.81665 0.11293 -0.022588 0.362034 -0.123132 -0.923997 0.939721
0 160 32 0.392246 -0.871226 -0.295139 0.251778 -0.903522 -0.425113 0.0540991 -0.0969498 -0.1726 0.245445 -0.953921 0.962917
1 2 385 0.964708 0.0594799 -0.256518 0.968952 -0.0722123 0.996567 -0.0404967 0.0714419 0.253228 0.0575912 0.965691 -0.236703
1 3 105 0.797648 0.0797675 -0.597825 0.981698 -0.121767 0.992102 -0.0300915 0.0559367 0.590703 0.0967976 0.801062 0.182045
1 4 22 0.966228 0.0762631 0.246146 -0.295704 -0.106467 0.988009 0.111817 -0.2381 -0.234667 -0.134247 0.962761 -0.925131
1 5 20 -0.122663 -0.991764 0.0368639 -0.224654 0.99108 -0.124359 -0.0479003 -0.191807 0.0520901 0.0306595 0.998172 0.955375
1 6 19 0.831918 -0.467661 -0.298673 0.134992 -0.44196 -0.883895 0.152973 -0.133484 -0.335535 0.00474074 -0.942016 0.981814
1 7 19 -0.187619 0.948653 0.254669 0.385422 -0.962574 -0.12595 -0.239975 0.324883 -0.195578 -0.290162 0.936779 -0.863655
1 8 32 -0.461613 0.858875 -0.221918 0.302619 0.862617 0.492955 0.113519 0.0203568 0.206894 -0.139028 -0.968435 0.952894
1 9 28 -0.485887 0.872599 -0.0498465 -0.0954533 0.804076 0.468631 0.365852 -0.33129 0.342602 0.137683 -0.929337 0.938688
1 10 34 0.987332 0.144818 -0.0648335 0.316478 -0.154166 0.972226 -0.176095 0.261125 0.037531 0.183859 0.982236 0.911951
1 11 12 -0.539251 -0.813721 -0.21695 0.0667293 0.823512 -0.563413 0.0662849 -0.220418 -0.17617 -0.142917 0.97393 -0.97312
1 12 33 0.265977 0.833933 -0.48354 0.192781 0.963468 -0.213636 0.161522 -0.151622 0.0313972 -0.508837 -0.86029 0.969457
1 13 13 0.370013 0.799236 0.473616 0.203796 -0.843695 0.0756581 0.531464 0.180339 0.388932 -0.596237 0.702306 0.962261
1 14 0 1 0 0 0 0 1 0 0 0 0 1 0
1 15 16 -0.32342 0.844289 0.427288 0.0517643 -0.920334 -0.175694 -0.349453 -0.269326 -0.219967 -0.506268 0.833851 0.961657
1 16 19 -0.335815 0.881479 -0.331998 -0.00659035 -0.936499 -0.350242 0.0173491 -0.207558 -0.100987 0.316742 0.943121 0.978201
1 17 24 -0.218043 0.974778 0.0475936 -0.0485712 0.902064 0.182686 0.391032 -0.322833 0.372475 0.128194 -0.919146 0.945209
1 18 24 0.173273 0.982106 0.073782 -0.186033 -0.963386 0.18458 -0.194468 -0.143282 -0.204607 -0.0373845 0.97813 0.97204
1 19 12 0.402112 0.909097 -0.108847 -0.0541193 -0.911251 0.408929 0.0489798 0.0587855 0.0890383 0.0794919 0.992851 -0.996803
1 20 10 -0.62655 -0.777668 0.0516559 -0.10605 0.779368 -0.62478 0.0472689 0.188595 -0.00448596 0.0698753 0.997546 -0.976312
1 21 16 0.659127 0.744407 -0.106817 0.0986722 -0.747872 0.663754 0.0108631 -0.00971918 0.0789868 0.0727252 0.994219 0.995073
1 22 24 -0.50018 -0.785275 -0.364915 0.222486 -0.858127 0.393098 0.33029 -0.374801 -0.115921 0.478348 -0.870485 0.900013
1 23 33 -0.182546 -0.979011 0.0906331 0.0291896 -0.929518 0.201887 0.308607 -0.17339 -0.320427 -0.0279101 -0.946862 0.984421
1 24 12 0.990831 -0.0885185 0.102073 -0.0142027 0.112106 0.960305 -0.255434 -0.0796613 -0.0754107 0.264535 0.961423 0.996721
1 25 12 0.273531 -0.96181 0.0101568 -0.173048 0.957398 0.273262 0.0933614 -0.00619927 -0.0925713 -0.0158132 0.99558 -0.984894
1 26 11 -0.782563 0.615699 0.092248 0.0884427 -0.622571 -0.773761 -0.11704 0.113742 -0.000683822 -0.149022 0.988834 0.989566
1 27 24 -0.701346 -0.710078 -0.0624804 0.0554582 -0.653692 0.675647 -0.340865 -0.0601908 0.284255 -0.198221 -0.938034 0.996645
1 28 46 0.506337 -0.677088 0.534017 -0.210391 0.082769 0.654568 0.751458 -0.621709 -0.858354 -0.336291 0.387474 0.754463
1 29 53 -0.320874 0.915478 0.242774 -0.0123257 0.905207 0.221017 0.362977 -0.151515 0.27864 0.33623 -0.899616 0.988378
1 30 17 0.972358 0.21569 -0.0894341 -0.0736117 -0.226626 0.964006 -0.139046 -0.0122161 0.0562241 0.155471 0.986239 -0.997212
1 31 32 -0.568035 0.774789 0.277557 -0.205628 0.807565 0.459707 0.369471 -0.264685 0.158667 0.434018 -0.886822 0.942157
1 32 0 1 0 0 0 0 1 0 0 0 0 1 0
1 33 20 0.788747 0.56939 0.231676 -0.115517 -0.600162 0.794816 0.0898472 -0.0184179 -0.132982 -0.20991 0.968635 0.993135
1 34 42 0.779312 -0.600114 -0.180377 0.0380976 -0.612671 -0.669263 -0.420383 0.243379 0.131558 0.438121 -0.889237 0.969183
1 35 16 0.915226 -0.378187 0.13905 0.163136 0.366234 0.924656 0.104321 0.113365 -0.168026 -0.0445522 0.984775 0.980069
1 36 51 0.849614 -0.467319 0.244476 -0.629033 0.45604 0.883798 0.104542 -0.195038 -0.264922 0.0226701 0.964003 0.752514
1 37 26 -0.897755 -0.42326 0.122011 0.0592456 -0.436808 0.89117 -0.122535 0.168135 -0.0568684 -0.163302 -0.984936 0.983982
1 38 47 0.38546 0.833805 0.395209 -0.245026 0.915828 -0.293443 -0.274135 0.161786 -0.112604 0.467612 -0.876732 0.955922
1 39 43 -0.955266 -0.263172 0.134936 0.0724764 0.292828 -0.777684 0.556291 -0.280918 -0.0414625 0.570919 0.819959 0.956991
1 40 43 0.472913 0.877636 -0.0781493 0.00919831 0.852956 -0.47824 -0.209171 0.0509613 -0.22095 0.0322616 -0.974751 0.998658
1 41 69 0.164856 -0.420415 0.89223 -0.818454 0.327431 0.876633 0.352567 -0.389306 -0.930382 0.234021 0.282175 0.422579
1 42 26 0.974448 0.0284402 -0.222807 0.0656154 -0.0609129 0.988239 -0.140259 0.288919 0.216198 0.150247 0.96472 -0.955102
1 43 44 0.934535 -0.353769 0.0386332 0.682951 0.351477 0.934547 0.0555465 0.260303 -0.0557552 -0.0383314 0.997708 -0.68251
1 44 24 -0.963701 0.260909 -0.0566313 0.330605 -0.263095 -0.964126 0.0352348 0.0544443 -0.0454066 0.0488552 0.997773 0.942198
1 45 91 0.701172 -0.372447 0.607981 -0.747484 0.412253 0.907507 0.0804925 -0.183776 -0.581726 0.194203 0.789861 0.638352
1 46 105 0.735503 -0.330729 0.591315 -0.812327 0.397318 0.917485 0.0189566 -0.11776 -0.548792 0.220998 0.806218 0.57119
1 47 77 0.726777 -0.247659 0.640672 -0.798443 0.310948 0.950314 0.0146151 -0.0366663 -0.612459 0.188594 0.767676 0.600953
1 48 29 0.886703 -0.451229 0.100751 -0.0252488 0.455275 0.890119 -0.0203075 0.205564 -0.0805172 0.0638762 0.994704 0.978318
1 49 45 0.849844 -0.447852 0.277837 -0.182595 0.439631 0.893146 0.094948 -0.168519 -0.290672 0.0414547 0.955924 0.968638
1 50 19 0.374586 -0.923244 -0.0854704 0.183737 0.926431 0.376419 -0.0058273 0.193831 0.0375527 -0.0769997 0.996324 0.963675
1 51 25 0.898449 0.206393 0.387544 -0.0268626 -0.295564 0.937003 0.186193 0.0344438 -0.324701 -0.281829 0.902852 0.999046
1 52 51 -0.41417 0.874753 0.251536 0.0478615 0.906455 0.421446 0.026898 0.0589692 -0.0824796 0.239146 -0.967474 0.997112
1 53 20 -0.612715 -0.770354 0.176448 -0.0437793 0.7694 -0.632462 -0.0895295 0.0855385 0.180566 0.0809032 0.98023 0.995373
1 54 23 0.969234 -0.241284 0.0486652 -0.218479 0.244044 0.967763 -0.0622628 0.19835 -0.0320734 0.0722237 0.996873 0.955471
1 55 36 -0.910849 -0.235321 0.339085 -0.129651 -0.253515 0.967283 -0.00970665 -0.04869 -0.325707 -0.0948044 -0.940706 0.990364
1 56 14 -0.965151 -0.261692 0.000141354 0.121809 0.258973 -0.955045 0.144295 -0.241339 -0.0376259 0.139303 0.989535 -0.962766
1 57 37 0.0759946 -0.903209 -0.422419 0.124907 -0.834507 -0.289479 0.468829 -0.344836 -0.545732 0.316883 -0.775733 0.930315
1 58 28 -0.681655 -0.724215 -0.104211 0.0696239 -0.667119 0.556682 0.495033 -0.342388 -0.300498 0.406963 -0.862602 0.936975
1 59 20 0.959459 -0.196219 -0.202329 0.112047 0.208759 0.977047 0.0424062 -0.263515 0.189364 -0.082925 0.978399 0.958126
1 60 29 -0.633466 0.617669 0.466054 -0.207093 0.745273 0.325086 0.58214 -0.122158 0.208062 0.716103 -0.666263 0.970665
1 61 25 -0.972877 -0.210171 0.096641 -0.178367 -0.18857 0.962519 0.19493 -0.0633735 -0.133987 0.171419 -0.976045 0.981921
1 62 44 0.830193 0.303834 -0.467402 0.261573 0.505184 -0.764556 0.400303 -0.236747 -0.235729 -0.568453 -0.788221 0.935698
1 63 16 -0.320052 0.941005 0.10989 -0.0749983 -0.93762 -0.331234 0.105612 0.18466 0.135781 -0.0692334 0.988317 0.979937
1 64 0 1 0 0 0 0 1 0 0 0 0 1 0
1 65 33 0.981473 0.185137 -0.0493495 -0.0811319 0.141471 -0.873933 -0.465002 0.323424 -0.129217 0.449405 -0.883933 0.942769
1 66 22 0.548512 -0.832406 0.0789608 -0.157661 0.785773 0.545447 0.291629 0.136903 -0.285822 -0.0979167 0.953267 0.977957
1 67 13 -0.0605583 0.982295 -0.177282 0.076707 -0.98498 -0.0300366 0.170034 -0.036153 0.161699 0.184916 0.96936 -0.996398
1 68 20 0.971733 0.0794302 0.222317 -0.268233 -0.111803 0.984237 0.137031 -0.214923 -0.207928 -0.158014 0.965297 -0.939074
1 69 27 -0.987114 0.11707 -0.109091 -0.183137 0.14333 0.949984 -0.277466 0.224035 0.0711512 -0.289527 -0.954522 0.957219
1 70 45 0.985973 -0.159153 -0.0502717 0.286007 0.165393 0.972111 0.166271 0.406557 0.0224072 -0.172253 0.984798 -0.867704
1 71 55 0.965717 -0.259549 -0.00493745 0.274465 0.259038 0.962224 0.0838086 0.882281 -0.0170015 -0.0822144 0.99647 -0.382426
1 72 39 0.944395 -0.32753 0.0290217 0.582826 0.321962 0.939031 0.120671 -0.150911 -0.0667756 -0.104617 0.992268 -0.798461
1 73 96 0.811617 -0.326987 0.484105 -0.891852 0.239837 0.942125 0.234261 -0.371081 -0.532688 -0.0740238 0.843068 0.258647
1 74 57 0.871236 -0.48813 -0.0517292 0.692838 0.488962 0.872296 0.00400488 0.379544 0.0431683 -0.0287828 0.998653 0.613124
1 75 23 0.737842 -0.662826 0.127477 0.000251228 0.674864 0.721056 -0.156959 0.128679 0.0121186 0.201841 0.979343 -0.991686
1 76 60 0.833919 -0.551497 0.0207336 -0.660123 0.551577 0.834121 0.00212059 -0.250067 -0.0184638 0.00966779 0.999783 0.708311
1 77 98 0.500391 -0.268872 0.822992 -0.803958 0.674177 0.717408 -0.175532 0.0698665 -0.543225 0.642677 0.540252 0.590568
1 78 36 0.88709 -0.454512 0.0805625 -0.0700998 0.447018 0.889405 0.0955707 -0.343457 -0.115091 -0.0487669 0.992157 0.936549
1 79 50 0.534661 -0.832705 -0.144013 0.391491 0.829875 0.549537 -0.0965181 0.0611918 0.159512 -0.0679085 0.984858 0.918145
1 80 21 0.525501 -0.849812 -0.0408543 0.0389495 0.836294 0.507122 0.208423 0.0426796 -0.156402 -0.143693 0.977185 0.998329
1 81 11 0.360286 0.92108 -0.14767 0.213917 -0.899815 0.301398 -0.315425 0.0518097 -0.246024 0.246519 0.93739 -0.975477
1 82 33 0.0227574 -0.970144 -0.241458 0.22871 0.986748 -0.0170152 0.161365 0.0408428 -0.160656 -0.24193 0.956901 0.972637
1 83 37 -0.674787 -0.738011 -0.0011085 -0.110655 -0.692141 0.633366 -0.346105 0.092568 0.256132 -0.23278 -0.938195 0.989539
1 84 34 -0.677806 0.704323 0.210968 -0.295262 0.642038 0.706819 -0.296975 0.145096 -0.358283 -0.065842 -0.931288 0.944335
1 85 27 0.636188 -0.771237 -0.0214142 -0.0915831 0.733846 0.613447 -0.291808 0.384975 0.23819 0.16993 0.956237 -0.918372
1 86 77 0.603184 -0.348109 0.717628 -0.946476 0.235291 0.937351 0.256925 -0.313178 -0.762107 0.0138782 0.647302 -0.0781165
1 87 44 0.837302 -0.546544 -0.0146485 -0.0340212 0.546033 0.834555 0.0732496 -0.197512 -0.0278091 -0.0693306 0.997206 -0.97971
1 88 145 0.823109 -0.281996 0.49292 -0.992924 0.291156 0.95479 0.0600379 -0.117041 -0.487566 0.094099 0.868001 -0.0200976
1 89 277 0.939492 -0.131255 0.31643 -0.879155 0.156606 0.986075 -0.0559449 -0.13106 -0.304681 0.102115 0.946965 -0.458159
1 90 254 0.978473 -0.0580235 0.198049 -0.5403 0.111256 0.956577 -0.269411 0.0775877 -0.173817 0.285646 0.94244 -0.837888
1 91 140 0.9712 -0.034553 0.235746 -0.381293 0.159564 0.829109 -0.535834 0.754041 -0.176944 0.558018 0.810744 -0.534825
1 92 94 0.933057 0.0546116 0.355558 -0.461648 0.192429 0.75933 -0.621602 0.877625 -0.303933 0.64841 0.697989 -0.129054
1 93 61 0.994613 -0.030184 0.0991667 -0.111673 0.0540677 0.967285 -0.247864 0.417464 -0.0884409 0.251891 0.963706 -0.901805
1 94 175 0.980256 -0.195668 0.0284803 0.00492093 0.191391 0.902756 -0.385228 0.822871 0.0496663 0.383073 0.922382 -0.568207
1 95 257 0.961688 -0.208199 -0.17835 0.545317 0.148984 0.943023 -0.297509 0.600539 0.230129 0.259539 0.937913 -0.584793
1 96 161 0.837249 -0.12806 -0.531614 0.961922 0.116543 0.991643 -0.0553304 0.0976249 0.534257 -0.0156306 0.845177 -0.255294
1 97 82 0.596022 -0.0353993 -0.802188 0.973489 -0.038623 0.996608 -0.0726755 0.0230133 0.802039 0.0742991 0.592632 0.227574
1 98 18 0.897649 0.438631 -0.0427678 0.368704 -0.430258 0.893232 0.13044 -0.0888897 0.0954164 -0.0986878 0.990533 -0.925287
1 99 18 0.972698 -0.228477 0.0406994 0.0201739 0.228746 0.973484 -0.00200833 -0.187882 -0.0391613 0.0112633 0.999169 0.981984
1 100 17 0.599706 -0.768662 -0.222512 0.363203 0.797781 0.595993 0.0913096 0.0317584 0.0624294 -0.232275 0.970645 -0.931169
1 101 11 -0.992914 0.117033 -0.0205983 -0.0422255 -0.117907 -0.991858 0.0481237 -0.204621 -0.0147985 0.0502114 0.998629 0.97793
1 102 36 -0.563161 -0.778558 -0.276942 0.209654 -0.817354 0.475509 0.325306 -0.192667 -0.121582 0.409559 -0.904146 0.958606
1 103 16 0.954423 -0.298412 -0.00511556 0.178844 0.290651 0.933221 -0.211236 -0.113213 0.0678093 0.200122 0.977422 0.977342
1 104 22 0.727233 -0.681057 -0.085398 0.194203 0.682963 0.705562 0.189058 -0.158251 -0.068506 -0.195813 0.978245 0.968112
1 105 12 -0.0405082 0.984681 0.169595 -0.212215 -0.971347 0.000974286 -0.237665 -0.0299228 -0.23419 -0.174363 0.956427 -0.976765
1 106 21 0.366175 0.918487 0.149323 -0.26043 -0.923967 0.377922 -0.0588197 0.249464 -0.110457 -0.116431 0.987037 -0.932708
1 107 52 -0.821409 0.384938 -0.420844 0.379342 -0.133645 0.587431 0.798163 -0.634793 0.55446 0.711862 -0.431077 0.673155
1 108 35 0.979546 -0.147564 0.1368 -0.173108 -0.0899383 -0.929241 -0.358359 0.358978 0.180001 0.338726 -0.923506 0.917152
1 109 41 0.644782 0.660404 0.384866 -0.132339 0.693207 -0.71737 0.069601 -0.243814 0.322056 0.221914 -0.920344 0.96075
1 110 37 -0.947538 -0.266181 -0.176972 0.0731833 -0.309772 0.90122 0.303056 -0.18829 0.0788224 0.341978 -0.936396 0.979383
1 111 20 0.547313 -0.825583 0.137336 0.319334 0.836033 0.546904 -0.0441046 0.201642 -0.0386978 0.138957 0.989542 -0.925941
1 112 14 -0.994018 0.103742 -0.0341563 -0.261608 -0.101361 -0.992705 -0.0652827 -0.129525 -0.0406797 -0.06143 0.997282 0.956444
1 113 48 0.218138 0.241089 0.94567 -0.301873 0.814734 0.488444 -0.312459 0.152578 -0.537237 0.838629 -0.0898754 0.941059
1 114 39 0.30825 -0.91342 0.265792 -0.131148 -0.794278 -0.400885 -0.456523 0.417485 0.52355 -0.0703896 -0.849082 0.89917
1 115 31 -0.968182 -0.113479 0.22304 -0.101756 -0.0611828 0.971566 0.228729 -0.0875848 -0.242654 0.207805 -0.947595 0.990946
1 116 28 -0.637267 0.766331 0.0814127 0.0249807 0.737095 0.636944 -0.225817 0.144801 -0.224906 -0.0838967 -0.970762 0.989145
1 117 32 -0.707484 0.701727 -0.0839323 0.177901 0.705662 0.694894 -0.138429 0.0622759 -0.038815 -0.157164 -0.986809 0.982076
1 118 15 0.785537 0.618159 0.0284683 0.144875 -0.600221 0.77232 -0.207982 -0.0279642 -0.150553 0.14629 0.977718 -0.989055
1 119 16 -0.993085 -0.115937 0.0184609 0.151508 0.105222 -0.948754 -0.297985 0.30759 0.0520623 -0.293982 0.954392 -0.93938
1 120 30 0.661778 0.529169 -0.531065 0.357193 0.709867 -0.670118 0.216863 -0.306009 -0.241119 -0.520501 -0.819109 0.882481
1 121 41 -0.176284 -0.936791 0.302237 -0.135856 -0.982765 0.150143 -0.107839 0.0366724 0.0556439 -0.316038 -0.947113 0.99005
1 122 48 -0.00164286 -0.9735 -0.228681 0.156626 -0.940279 -0.0763398 0.331735 -0.209859 -0.340401 0.215569 -0.915236 0.965105
1 123 19 -0.524716 0.850854 0.0268283 0.204057 -0.848676 -0.520391 -0.0945593 0.235264 -0.066495 -0.0723853 0.995158 -0.950269
1 124 19 0.284702 -0.947248 0.147192 -0.109226 0.931714 0.23731 -0.274942 0.0555387 0.225508 0.215417 0.950127 -0.992464
1 125 30 0.767237 -0.626983 0.135054 -0.313302 0.638843 0.728434 -0.247515 -0.0272575 0.0568099 0.276181 0.959425 -0.949262
1 126 81 0.793761 -0.297793 0.530341 -0.98759 0.500572 0.815144 -0.291492 0.145774 -0.3455 0.496849 0.796097 0.0584421
1 127 47 0.966955 -0.251814 -0.0398501 0.128771 0.248702 0.966058 -0.069852 -0.185554 0.0560873 0.057633 0.996761 -0.97416
1 128 58 0.996824 -0.0179834 -0.0775829 0.24042 0.0284255 0.990347 0.135666 -0.262651 0.0743942 -0.13744 0.987712 -0.934459
1 129 47 -0.998943 -0.0302893 -0.0345698 -0.0412867 -0.0213232 0.971708 -0.235222 0.090653 0.0407165 -0.234237 -0.971327 0.995026
1 130 34 0.876799 -0.475993 0.06822 -0.129948 -0.48029 -0.860017 0.172317 -0.0916788 -0.0233513 -0.183852 -0.982676 0.987273
1 131 30 -0.799739 -0.0957475 0.592664 -0.348362 -0.153021 0.987104 -0.0470152 0.230663 -0.580519 -0.12829 -0.804077 0.908536
1 132 16 -0.571405 0.809582 0.134434 0.227207 -0.819253 -0.572331 -0.0355267 0.0306243 0.0481787 -0.130435 0.990286 -0.973365
1 133 19 0.911136 -0.334992 -0.240023 0.149517 0.389054 0.891279 0.232937 -0.245443 0.135896 -0.305619 0.942406 -0.957811
1 134 13 -0.138785 -0.958568 0.248769 -0.113812 0.990275 -0.131864 0.0443585 0.0961823 -0.00971703 0.252506 0.967546 0.988836
1 135 26 0.888139 -0.443145 0.121784 -0.0955601 0.45675 0.880458 -0.12717 0.00856783 -0.0508714 0.168569 0.984376 -0.995387
1 136 57 0.89149 -0.292289 -0.34614 0.219341 -0.407799 -0.850544 -0.332076 0.200754 -0.197345 0.437198 -0.877447 0.954771
1 137 52 -0.620521 0.439772 0.649272 -0.378767 -0.728552 -0.6296 -0.269843 0.23692 0.290112 -0.640472 0.711077 0.894653
1 138 24 0.960262 -0.225 -0.165139 0.395943 0.20699 0.97103 -0.1194 -0.268953 0.18722 0.0804729 0.979016 -0.878005
1 139 35 0.976472 -0.0801731 -0.200189 -0.0728754 0.109808 0.983813 0.141612 -0.235048 0.185595 -0.160263 0.969469 -0.969248
1 140 134 0.942917 -0.0594376 0.327682 -0.898641 0.00718971 0.987348 0.158405 -0.287658 -0.332951 -0.147006 0.931414 0.331207
1 141 148 0.947722 -0.11681 0.296947 -0.948515 0.0816566 0.988383 0.128187 0.0222554 -0.308471 -0.097238 0.946251 0.31595
1 142 112 0.754409 -0.115592 0.646146 -0.859494 0.175754 0.984002 -0.0291691 -0.014813 -0.632438 0.135568 0.762656 0.510931
1 143 35 0.93344 -0.35866 -0.00722613 -0.161968 0.357927 0.932505 -0.0481926 -0.128455 0.0240231 0.0423985 0.998812 -0.9784
1 144 61 -0.0488618 -0.395157 -0.917313 0.742371 0.0161055 0.917979 -0.396302 0.325138 0.998676 -0.0341378 -0.0384899 0.585808
1 145 13 0.817323 -0.56274 -0.123716 0.130257 0.575669 0.806584 0.134262 0.0713284 0.0242324 -0.180955 0.983193 0.988911
1 146 42 -0.423541 -0.553409 0.717183 0.0276168 0.897643 -0.362898 0.250086 0.0503329 0.121864 0.749696 0.650466 0.998351
1 147 20 -0.746626 0.485785 0.45449 0.250572 -0.431491 -0.873624 0.224937 -0.187623 0.506325 -0.0281645 0.861883 0.949743
1 148 40 0.250563 0.951151 0.180361 -0.120783 0.887287 -0.300144 0.350193 -0.329176 0.387221 0.0722865 -0.919149 0.936512
1 149 26 -0.227777 -0.972139 0.055341 0.263025 0.910046 -0.232754 -0.34299 0.096361 0.346315 -0.0277625 0.937707 0.959965
1 150 37 -0.934988 -0.347578 0.0706108 0.194774 -0.331247 0.9269 0.176442 -0.013909 -0.126777 0.141581 -0.981775 0.980749
1 151 45 0.96959 -0.213807 0.11909 0.0513165 -0.244253 -0.814847 0.525704 -0.16756 -0.0153587 -0.538805 -0.842291 0.984525
1 152 32 0.822331 0.38938 -0.414916 0.292919 0.205574 -0.883243 -0.421452 0.10603 -0.530576 0.261277 -0.806364 0.95024
1 153 37 0.725749 0.0854525 0.682632 0.130264 -0.0661595 0.996326 -0.0543827 0.0129241 -0.684771 -0.00569441 0.728736 0.991395
1 154 48 -0.830172 -0.543712 0.123254 -0.0913997 -0.390584 0.724975 0.567323 -0.232642 -0.397816 0.422835 -0.814219 0.968258
1 155 41 -0.491078 0.830861 0.26175 -0.075007 0.862244 0.420842 0.281827 -0.243664 0.124004 0.364091 -0.923071 0.966955
1 156 42 -0.455465 -0.827058 0.329434 -0.0909677 -0.881799 0.469992 -0.0392138 0.121759 -0.122399 -0.308355 -0.943364 0.988382
1 157 67 -0.876323 0.439812 0.196528 0.142427 0.299897 0.817356 -0.491925 0.182329 -0.376988 -0.372147 -0.848166 0.972867
1 158 46 -0.71126 0.684387 -0.160383 0.175244 0.622004 0.719061 0.309939 -0.0497453 0.327444 0.120688 -0.937131 0.983267
1 159 54 -0.70809 0.536954 -0.458573 0.321089 -0.0196893 -0.664186 -0.747308 0.253315 -0.705848 -0.520132 0.480876 0.912542
1 160 44 -0.852376 -0.410933 -0.323402 0.288686 -0.18241 0.813248 -0.552588 0.176433 0.490083 -0.412021 -0.768152 0.941027
2 3 321 0.976892 0.0759631 -0.19978 0.989366 -0.0714609 0.997002 0.0296615 0.015338 0.201435 -0.0146996 0.979392 0.144638
2 4 85 0.969772 0.216393 -0.112766 0.989828 -0.208644 0.974984 0.0766417 0.0224822 0.12653 -0.0507971 0.990661 0.140482
2 5 77 0.865275 0.248716 -0.435247 0.917815 -0.225917 0.968543 0.104335 -0.0675593 0.447505 0.00805106 0.894245 0.391217
2 6 36 0.971987 0.225309 -0.0669044 0.979305 -0.226183 0.974068 -0.00569153 -0.0978454 0.0638871 0.0206648 0.997743 -0.177169
2 7 82 0.245483 0.436687 -0.865472 0.773268 -0.318136 0.879636 0.353597 -0.190113 0.915711 0.188536 0.354862 0.604907
2 8 39 -0.73883 0.512404 -0.43769 0.165286 0.127809 0.744253 0.655555 -0.361013 0.661661 0.428403 -0.615367 0.917796
2 9 44 -0.460119 -0.692559 -0.555565 0.322535 -0.657327 0.686351 -0.311196 0.26526 0.596834 0.222 -0.771041 0.90863
2 10 19 0.0885273 0.982402 0.164469 -0.330198 -0.958427 0.0390465 0.282652 -0.261592 0.271256 -0.182654 0.945017 -0.906939
2 11 29 -0.811359 -0.19589 0.550749 -0.233097 -0.0649323 0.96655 0.248123 0.0365836 -0.580931 0.165556 -0.796938 0.971765
2 12 19 -0.756034 -0.592775 0.277543 -0.1579 0.553952 -0.805347 -0.211078 0.274852 0.34864 -0.00583635 0.937239 -0.948432
