0 1 773 0.97829 0.0787756 -0.191687 0.892328 -0.0776001 0.996891 0.013644 0.214397 0.192166 0.00152713 0.981361 -0.39722
0 2 109 0.894648 0.135429 -0.42575 0.981669 -0.16697 0.98525 -0.0374587 0.179466 0.414398 0.1046 0.904065 -0.0641741
0 3 0 1 0 0 0 0 1 0 0 0 0 1 0
0 4 0 1 0 0 0 0 1 0 0 0 0 1 0
0 5 0 1 0 0 0 0 1 0 0 0 0 1 0
0 6 0 1 0 0 0 0 1 0 0 0 0 1 0
0 7 0 1 0 0 0 0 1 0 0 0 0 1 0
0 8 0 1 0 0 0 0 1 0 0 0 0 1 0
0 9 0 1 0 0 0 0 1 0 0 0 0 1 0
0 10 0 1 0 0 0 0 1 0 0 0 0 1 0
0 11 0 1 0 0 0 0 1 0 0 0 0 1 0
0 12 0 1 0 0 0 0 1 0 0 0 0 1 0
0 13 0 1 0 0 0 0 1 0 0 0 0 1 0
0 14 0 1 0 0 0 0 1 0 0 0 0 1 0
0 15 0 1 0 0 0 0 1 0 0 0 0 1 0
0 16 0 1 0 0 0 0 1 0 0 0 0 1 0
0 17 0 1 0 0 0 0 1 0 0 0 0 1 0
0 18 0 1 0 0 0 0 1 0 0 0 0 1 0
0 19 0 1 0 0 0 0 1 0 0 0 0 1 0
0 20 0 1 0 0 0 0 1 0 0 0 0 1 0
0 21 0 1 0 0 0 0 1 0 0 0 0 1 0
0 22 0 1 0 0 0 0 1 0 0 0 0 1 0
0 23 0 1 0 0 0 0 1 0 0 0 0 1 0
0 24 0 1 0 0 0 0 1 0 0 0 0 1 0
0 25 0 1 0 0 0 0 1 0 0 0 0 1 0
0 26 0 1 0 0 0 0 1 0 0 0 0 1 0
0 27 0 1 0 0 0 0 1 0 0 0 0 1 0
0 28 0 1 0 0 0 0 1 0 0 0 0 1 0
0 29 0 1 0 0 0 0 1 0 0 0 0 1 0
0 30 0 1 0 0 0 0 1 0 0 0 0 1 0
0 31 0 1 0 0 0 0 1 0 0 0 0 1 0
0 32 0 1 0 0 0 0 1 0 0 0 0 1 0
0 33 0 1 0 0 0 0 1 0 0 0 0 1 0
0 34 0 1 0 0 0 0 1 0 0 0 0 1 0
0 35 0 1 0 0 0 0 1 0 0 0 0 1 0
0 36 0 1 0 0 0 0 1 0 0 0 0 1 0
0 37 0 1 0 0 0 0 1 0 0 0 0 1 0
0 38 0 1 0 0 0 0 1 0 0 0 0 1 0
0 39 0 1 0 0 0 0 1 0 0 0 0 1 0
0 40 0 1 0 0 0 0 1 0 0 0 0 1 0
0 41 0 1 0 0 0 0 1 0 0 0 0 1 0
0 42 50 0.946369 -0.231668 -0.225201 0.27483 0.218441 0.972371 -0.0823326 0.15353 0.238053 0.0287239 0.970827 -0.949156
0 43 16 0.99012 0.098329 -0.0999677 0.342851 0.00834199 -0.752969 -0.658003 0.074435 -0.139973 0.650669 -0.74635 0.936436
0 44 0 1 0 0 0 0 1 0 0 0 0 1 0
0 45 92 0.897933 -0.298601 0.323348 -0.864642 0.310823 0.950358 0.0144719 0.0390007 -0.311617 0.0875089 0.94617 0.500873
0 46 168 0.810324 -0.232995 0.537669 -0.904292 0.309459 0.949321 -0.0550056 0.0916141 -0.497604 0.210959 0.84136 0.416968
0 47 94 0.851483 -0.146672 0.503452 -0.850428 0.233947 0.965496 -0.114392 0.34921 -0.469303 0.215184 0.856417 0.393479
0 48 28 -0.430679 -0.573032 -0.697244 0.477919 -0.755192 0.651836 -0.0692407 0.124795 0.494166 0.496733 -0.713482 0.869494
0 49 37 0.937998 -0.323346 0.124931 -0.394794 0.317928 0.946107 0.0616657 0.166503 -0.138138 -0.0181231 0.990247 -0.903557
0 50 20 0.49218 -0.782321 -0.381749 0.247654 -0.81633 -0.567082 0.10965 0.0665935 -0.302264 0.257666 -0.917739 0.966557
0 51 0 1 0 0 0 0 1 0 0 0 0 1 0
0 52 0 1 0 0 0 0 1 0 0 0 0 1 0
0 53 0 1 0 0 0 0 1 0 0 0 0 1 0
0 54 0 1 0 0 0 0 1 0 0 0 0 1 0
0 55 0 1 0 0 0 0 1 0 0 0 0 1 0
0 56 0 1 0 0 0 0 1 0 0 0 0 1 0
0 57 0 1 0 0 0 0 1 0 0 0 0 1 0
0 58 0 1 0 0 0 0 1 0 0 0 0 1 0
0 59 0 1 0 0 0 0 1 0 0 0 0 1 0
0 60 0 1 0 0 0 0 1 0 0 0 0 1 0
0 61 0 1 0 0 0 0 1 0 0 0 0 1 0
0 62 0 1 0 0 0 0 1 0 0 0 0 1 0
0 63 0 1 0 0 0 0 1 0 0 0 0 1 0
0 64 0 1 0 0 0 0 1 0 0 0 0 1 0
0 65 0 1 0 0 0 0 1 0 0 0 0 1 0
0 66 0 1 0 0 0 0 1 0 0 0 0 1 0
0 67 0 1 0 0 0 0 1 0 0 0 0 1 0
0 68 0 1 0 0 0 0 1 0 0 0 0 1 0
0 69 0 1 0 0 0 0 1 0 0 0 0 1 0
0 70 0 1 0 0 0 0 1 0 0 0 0 1 0
0 71 0 1 0 0 0 0 1 0 0 0 0 1 0
0 72 76 0.950839 -0.30951 0.0104163 0.0726142 0.303241 0.937353 0.171507 -0.0763916 -0.062847 -0.159917 0.985128 -0.99443
0 73 30 0.92104 -0.387877 -0.0351531 0.154515 0.389319 0.914446 0.110544 -0.00409875 -0.010732 -0.115502 0.993249 -0.987982
0 74 37 0.733134 -0.628239 0.260443 -0.335412 0.129017 0.504481 0.853729 -0.835844 -0.667735 -0.592296 0.450905 0.434584
0 75 53 0.886505 -0.457648 -0.0683135 0.905035 0.459188 0.888304 0.00793312 -0.397842 0.0570526 -0.0384015 0.997632 -0.150446
0 76 82 0.552408 0.000200662 0.833574 -0.710671 0.547059 0.754429 -0.362716 0.326214 -0.628945 0.656382 0.416642 0.623323
0 77 0 1 0 0 0 0 1 0 0 0 0 1 0
0 78 0 1 0 0 0 0 1 0 0 0 0 1 0
0 79 0 1 0 0 0 0 1 0 0 0 0 1 0
0 80 0 1 0 0 0 0 1 0 0 0 0 1 0
0 81 0 1 0 0 0 0 1 0 0 0 0 1 0
0 82 0 1 0 0 0 0 1 0 0 0 0 1 0
0 83 0 1 0 0 0 0 1 0 0 0 0 1 0
0 84 0 1 0 0 0 0 1 0 0 0 0 1 0
0 85 0 1 0 0 0 0 1 0 0 0 0 1 0
0 86 23 -0.086961 0.027749 -0.995825 0.717343 0.133339 0.990942 0.0159691 0.0840408 0.987248 -0.131393 -0.0898733 0.691633
0 87 30 0.713423 0.269574 0.646806 -0.524938 0.514302 0.425498 -0.74461 0.649639 -0.475942 0.863876 0.164917 0.549918
0 88 218 0.918214 -0.213541 0.333592 -0.865845 0.216118 0.975911 0.0298423 0.0895819 -0.331928 0.0446934 0.942245 -0.492227
0 89 706 0.992779 -0.05392 0.107152 -0.249722 0.062114 0.995272 -0.0746643 0.175892 -0.10262 0.0807808 0.991435 -0.952208
0 90 186 0.999728 0.0161658 -0.016807 0.0411748 -0.0204222 0.954867 -0.296332 0.342302 0.011258 0.296595 0.954937 -0.938687
0 91 59 0.999491 0.0190114 0.0256308 0.0890156 -0.0171363 0.997294 -0.0714899 -0.134345 -0.0269206 0.0710142 0.997112 -0.986928
0 92 20 0.93172 0.0927697 -0.35113 0.806174 -0.207623 0.929314 -0.305397 0.439938 0.297979 0.357447 0.885122 -0.395649
0 93 24 0.988177 0.13813 -0.066534 0.271692 -0.144872 0.983283 -0.110306 0.164141 0.0501852 0.118641 0.991668 -0.948283
0 94 23 0.129011 -0.183795 -0.974462 0.855562 -0.0970666 0.975614 -0.196863 0.187949 0.986881 0.119985 0.108025 0.482379
0 95 72 0.0727355 -0.071181 -0.994808 0.873105 -0.287866 0.953501 -0.0892728 0.08723 0.954905 0.292864 0.0488628 0.479665
0 96 0 1 0 0 0 0 1 0 0 0 0 1 0
0 97 0 1 0 0 0 0 1 0 0 0 0 1 0
0 98 0 1 0 0 0 0 1 0 0 0 0 1 0
0 99 0 1 0 0 0 0 1 0 0 0 0 1 0
0 100 0 1 0 0 0 0 1 0 0 0 0 1 0
0 101 0 1 0 0 0 0 1 0 0 0 0 1 0
0 102 0 1 0 0 0 0 1 0 0 0 0 1 0
0 103 0 1 0 0 0 0 1 0 0 0 0 1 0
0 104 0 1 0 0 0 0 1 0 0 0 0 1 0
0 105 0 1 0 0 0 0 1 0 0 0 0 1 0
0 106 0 1 0 0 0 0 1 0 0 0 0 1 0
0 107 0 1 0 0 0 0 1 0 0 0 0 1 0
0 108 0 1 0 0 0 0 1 0 0 0 0 1 0
0 109 0 1 0 0 0 0 1 0 0 0 0 1 0
0 110 0 1 0 0 0 0 1 0 0 0 0 1 0
0 111 0 1 0 0 0 0 1 0 0 0 0 1 0
0 112 0 1 0 0 0 0 1 0 0 0 0 1 0
0 113 0 1 0 0 0 0 1 0 0 0 0 1 0
0 114 0 1 0 0 0 0 1 0 0 0 0 1 0
0 115 0 1 0 0 0 0 1 0 0 0 0 1 0
0 116 0 1 0 0 0 0 1 0 0 0 0 1 0
0 117 0 1 0 0 0 0 1 0 0 0 0 1 0
0 118 0 1 0 0 0 0 1 0 0 0 0 1 0
0 119 0 1 0 0 0 0 1 0 0 0 0 1 0
0 120 0 1 0 0 0 0 1 0 0 0 0 1 0
0 121 0 1 0 0 0 0 1 0 0 0 0 1 0
0 122 0 1 0 0 0 0 1 0 0 0 0 1 0
0 123 0 1 0 0 0 0 1 0 0 0 0 1 0
0 124 0 1 0 0 0 0 1 0 0 0 0 1 0
0 125 0 1 0 0 0 0 1 0 0 0 0 1 0
0 126 0 1 0 0 0 0 1 0 0 0 0 1 0
0 127 50 0.999944 2.50986e-05 -0.0105581 -0.0558605 0.000584081 0.998334 0.0576909 -0.252343 0.0105419 -0.0576938 0.998279 -0.966024
0 128 130 0.97557 0.110414 0.189928 -0.470962 -0.0442209 0.945523 -0.322537 0.877996 -0.215194 0.306258 0.927307 -0.0855485
0 129 48 0.994516 0.0753359 0.072542 -0.404311 -0.0883285 0.976437 0.196897 0.466436 -0.0559994 -0.202224 0.977737 -0.786747
0 130 22 0.98609 -0.0796928 -0.145863 0.110642 0.127555 0.925476 0.356684 -0.137537 0.106568 -0.370328 0.922768 -0.984298
0 131 0 1 0 0 0 0 1 0 0 0 0 1 0
0 132 0 1 0 0 0 0 1 0 0 0 0 1 0
0 133 0 1 0 0 0 0 1 0 0 0 0 1 0
0 134 0 1 0 0 0 0 1 0 0 0 0 1 0
0 135 0 1 0 0 0 0 1 0 0 0 0 1 0
0 136 0 1 0 0 0 0 1 0 0 0 0 1 0
0 137 0 1 0 0 0 0 1 0 0 0 0 1 0
0 138 0 1 0 0 0 0 1 0 0 0 0 1 0
0 139 0 1 0 0 0 0 1 0 0 0 0 1 0
0 140 464 0.99988 0.00120769 0.0154229 -0.735932 -0.00404141 0.98272 0.185056 -0.63517 -0.0149329 -0.185096 0.982607 -0.234442
0 141 594 0.99283 -0.0360959 0.113955 -0.979464 0.0192721 0.989182 0.145422 0.18739 -0.117971 -0.142183 0.982785 -0.0743948
0 142 464 0.971663 -0.0686881 0.226172 -0.919204 0.084987 0.994381 -0.0631227 0.389452 -0.220565 0.0805556 0.97204 0.0582271
0 143 121 0.716463 -0.126948 0.685978 -0.898466 0.233849 0.970117 -0.0647101 0.175072 -0.657264 0.206777 0.724739 0.402627
0 144 0 1 0 0 0 0 1 0 0 0 0 1 0
0 145 0 1 0 0 0 0 1 0 0 0 0 1 0
0 146 0 1 0 0 0 0 1 0 0 0 0 1 0
0 147 0 1 0 0 0 0 1 0 0 0 0 1 0
0 148 0 1 0 0 0 0 1 0 0 0 0 1 0
0 149 0 1 0 0 0 0 1 0 0 0 0 1 0
0 150 0 1 0 0 0 0 1 0 0 0 0 1 0
0 151 0 1 0 0 0 0 1 0 0 0 0 1 0
0 152 0 1 0 0 0 0 1 0 0 0 0 1 0
0 153 0 1 0 0 0 0 1 0 0 0 0 1 0
0 154 0 1 0 0 0 0 1 0 0 0 0 1 0
0 155 0 1 0 0 0 0 1 0 0 0 0 1 0
0 156 0 1 0 0 0 0 1 0 0 0 0 1 0
0 157 0 1 0 0 0 0 1 0 0 0 0 1 0
0 158 0 1 0 0 0 0 1 0 0 0 0 1 0
0 159 0 1 0 0 0 0 1 0 0 0 0 1 0
0 160 0 1 0 0 0 0 1 0 0 0 0 1 0
1 2 801 0.967975 0.0531916 -0.245345 0.956839 -0.066949 0.996598 -0.0480726 0.109686 0.241953 0.0629587 0.968243 -0.269124
1 3 192 0.870679 0.105184 -0.480474 0.995808 -0.1207 0.992688 -0.0014069 0.0185281 0.476813 0.0592181 0.877008 0.0895729
1 4 0 1 0 0 0 0 1 0 0 0 0 1 0
1 5 0 1 0 0 0 0 1 0 0 0 0 1 0
1 6 0 1 0 0 0 0 1 0 0 0 0 1 0
1 7 0 1 0 0 0 0 1 0 0 0 0 1 0
1 8 0 1 0 0 0 0 1 0 0 0 0 1 0
1 9 0 1 0 0 0 0 1 0 0 0 0 1 0
1 10 0 1 0 0 0 0 1 0 0 0 0 1 0
1 11 0 1 0 0 0 0 1 0 0 0 0 1 0
1 12 0 1 0 0 0 0 1 0 0 0 0 1 0
1 13 0 1 0 0 0 0 1 0 0 0 0 1 0
1 14 0 1 0 0 0 0 1 0 0 0 0 1 0
1 15 0 1 0 0 0 0 1 0 0 0 0 1 0
1 16 0 1 0 0 0 0 1 0 0 0 0 1 0
1 17 0 1 0 0 0 0 1 0 0 0 0 1 0
1 18 0 1 0 0 0 0 1 0 0 0 0 1 0
1 19 0 1 0 0 0 0 1 0 0 0 0 1 0
1 20 0 1 0 0 0 0 1 0 0 0 0 1 0
1 21 0 1 0 0 0 0 1 0 0 0 0 1 0
1 22 0 1 0 0 0 0 1 0 0 0 0 1 0
1 23 0 1 0 0 0 0 1 0 0 0 0 1 0
1 24 0 1 0 0 0 0 1 0 0 0 0 1 0
1 25 0 1 0 0 0 0 1 0 0 0 0 1 0
1 26 0 1 0 0 0 0 1 0 0 0 0 1 0
1 27 0 1 0 0 0 0 1 0 0 0 0 1 0
1 28 0 1 0 0 0 0 1 0 0 0 0 1 0
1 29 0 1 0 0 0 0 1 0 0 0 0 1 0
1 30 0 1 0 0 0 0 1 0 0 0 0 1 0
1 31 0 1 0 0 0 0 1 0 0 0 0 1 0
1 32 0 1 0 0 0 0 1 0 0 0 0 1 0
1 33 0 1 0 0 0 0 1 0 0 0 0 1 0
1 34 0 1 0 0 0 0 1 0 0 0 0 1 0
1 35 0 1 0 0 0 0 1 0 0 0 0 1 0
1 36 0 1 0 0 0 0 1 0 0 0 0 1 0
1 37 0 1 0 0 0 0 1 0 0 0 0 1 0
1 38 0 1 0 0 0 0 1 0 0 0 0 1 0
1 39 0 1 0 0 0 0 1 0 0 0 0 1 0
1 40 0 1 0 0 0 0 1 0 0 0 0 1 0
1 41 0 1 0 0 0 0 1 0 0 0 0 1 0
1 42 51 0.224229 -0.331966 0.916253 -0.605856 0.048015 0.942815 0.32984 -0.263371 -0.973353 -0.0299658 0.227346 0.750716
1 43 17 0.73103 -0.256655 0.632237 0.364794 0.272595 0.959262 0.0742198 -0.230083 -0.62553 0.118088 0.771212 0.902213
1 44 20 -0.712394 0.0820723 -0.696964 0.350957 -0.280901 0.876761 0.390364 0.0417176 0.643109 0.473871 -0.601545 0.935462
1 45 29 0.944546 -0.0329973 -0.326716 0.610901 -0.00608834 0.993008 -0.117892 0.147089 0.328322 0.113344 0.937741 0.777924
1 46 13 0.924056 0.37016 0.095407 0.0358188 -0.375898 0.925263 0.050891 -0.00488272 -0.0694387 -0.0828894 0.994137 0.999346
1 47 18 0.993178 -0.00392888 0.116541 -0.296359 -0.00429636 0.997521 0.0702428 -0.0158848 -0.116528 -0.0702643 0.990699 -0.954945
1 48 0 1 0 0 0 0 1 0 0 0 0 1 0
1 49 0 1 0 0 0 0 1 0 0 0 0 1 0
1 50 0 1 0 0 0 0 1 0 0 0 0 1 0
1 51 0 1 0 0 0 0 1 0 0 0 0 1 0
1 52 0 1 0 0 0 0 1 0 0 0 0 1 0
1 53 0 1 0 0 0 0 1 0 0 0 0 1 0
1 54 0 1 0 0 0 0 1 0 0 0 0 1 0
1 55 0 1 0 0 0 0 1 0 0 0 0 1 0
1 56 0 1 0 0 0 0 1 0 0 0 0 1 0
1 57 0 1 0 0 0 0 1 0 0 0 0 1 0
1 58 0 1 0 0 0 0 1 0 0 0 0 1 0
1 59 0 1 0 0 0 0 1 0 0 0 0 1 0
1 60 0 1 0 0 0 0 1 0 0 0 0 1 0
1 61 0 1 0 0 0 0 1 0 0 0 0 1 0
1 62 0 1 0 0 0 0 1 0 0 0 0 1 0
1 63 0 1 0 0 0 0 1 0 0 0 0 1 0
1 64 0 1 0 0 0 0 1 0 0 0 0 1 0
1 65 0 1 0 0 0 0 1 0 0 0 0 1 0
1 66 0 1 0 0 0 0 1 0 0 0 0 1 0
1 67 0 1 0 0 0 0 1 0 0 0 0 1 0
1 68 26 0.988722 -0.113519 0.0976797 0.153619 0.0941089 0.978335 0.1844 -0.180324 -0.116496 -0.173128 0.977985 -0.971537
1 69 15 0.997427 0.0295411 -0.0653253 0.302156 -0.0193465 0.988266 0.151514 -0.141955 0.0690347 -0.149861 0.986294 -0.94263
1 70 33 0.982772 -0.182428 -0.0296476 0.201374 0.184386 0.956765 0.224949 -0.126025 -0.012671 -0.22654 0.973919 -0.971373
1 71 86 0.984095 -0.16724 0.0599032 -0.173659 0.123168 0.885345 0.448323 -0.925711 -0.128013 -0.433814 0.891862 0.336008
1 72 38 0.936796 0.338172 0.0897432 -0.0569279 0.16178 -0.191241 -0.968119 0.712518 -0.310228 0.921448 -0.233863 0.699341
1 73 36 0.839214 -0.0435242 0.542057 -0.385421 -0.537505 0.0848546 0.838981 -0.604463 -0.0825119 -0.995442 0.0478167 0.697191
1 74 0 1 0 0 0 0 1 0 0 0 0 1 0
1 75 0 1 0 0 0 0 1 0 0 0 0 1 0
1 76 0 1 0 0 0 0 1 0 0 0 0 1 0
1 77 0 1 0 0 0 0 1 0 0 0 0 1 0
1 78 0 1 0 0 0 0 1 0 0 0 0 1 0
1 79 0 1 0 0 0 0 1 0 0 0 0 1 0
1 80 0 1 0 0 0 0 1 0 0 0 0 1 0
1 81 0 1 0 0 0 0 1 0 0 0 0 1 0
1 82 0 1 0 0 0 0 1 0 0 0 0 1 0
1 83 0 1 0 0 0 0 1 0 0 0 0 1 0
1 84 0 1 0 0 0 0 1 0 0 0 0 1 0
1 85 0 1 0 0 0 0 1 0 0 0 0 1 0
1 86 0 1 0 0 0 0 1 0 0 0 0 1 0
1 87 0 1 0 0 0 0 1 0 0 0 0 1 0
1 88 99 0.714095 -0.288791 0.637705 -0.961311 0.249408 0.956123 0.153706 -0.230858 -0.654113 0.0492882 0.754789 0.150286
1 89 418 0.922946 -0.125265 0.363979 -0.940346 0.157114 0.985809 -0.0591274 -0.110759 -0.351407 0.111758 0.929529 -0.321685
1 90 302 0.976202 -0.0537469 0.210097 -0.579269 0.113217 0.952604 -0.28236 0.111453 -0.184963 0.299427 0.936019 -0.807481
1 91 80 0.989187 -0.146655 0.00100419 0.26429 0.1406 0.946349 -0.290957 0.236431 0.0417201 0.287952 0.956736 -0.935014
1 92 97 0.902484 -0.203537 -0.3796 0.665142 -0.10841 0.745596 -0.657521 0.705559 0.416858 0.634554 0.650823 0.244484
1 93 15 0.98494 0.166722 -0.0458025 0.262822 -0.172067 0.971134 -0.165202 0.0557727 0.0169376 0.170595 0.985196 -0.963231
1 94 219 0.95445 -0.237522 0.18058 -0.21953 0.295872 0.675259 -0.675637 0.972402 0.0385401 0.69829 0.714777 -0.0790024
1 95 418 0.974628 -0.19765 -0.105045 0.413331 0.172632 0.962493 -0.209297 0.434645 0.142472 0.185853 0.972194 -0.800151
1 96 119 0.793249 -0.145704 -0.591208 0.977399 0.123286 0.98927 -0.0783889 0.132404 0.596286 -0.0107057 0.802701 -0.164804
1 97 44 0.871245 0.0647756 -0.486555 0.950454 -0.0700553 0.997516 0.00735664 -0.13221 0.485823 0.0276763 0.873619 -0.281349
1 98 0 1 0 0 0 0 1 0 0 0 0 1 0
1 99 0 1 0 0 0 0 1 0 0 0 0 1 0
1 100 0 1 0 0 0 0 1 0 0 0 0 1 0
1 101 0 1 0 0 0 0 1 0 0 0 0 1 0
1 102 0 1 0 0 0 0 1 0 0 0 0 1 0
1 103 0 1 0 0 0 0 1 0 0 0 0 1 0
1 104 0 1 0 0 0 0 1 0 0 0 0 1 0
1 105 0 1 0 0 0 0 1 0 0 0 0 1 0
1 106 0 1 0 0 0 0 1 0 0 0 0 1 0
1 107 0 1 0 0 0 0 1 0 0 0 0 1 0
1 108 0 1 0 0 0 0 1 0 0 0 0 1 0
1 109 0 1 0 0 0 0 1 0 0 0 0 1 0
1 110 0 1 0 0 0 0 1 0 0 0 0 1 0
1 111 0 1 0 0 0 0 1 0 0 0 0 1 0
1 112 0 1 0 0 0 0 1 0 0 0 0 1 0
1 113 0 1 0 0 0 0 1 0 0 0 0 1 0
1 114 0 1 0 0 0 0 1 0 0 0 0 1 0
1 115 0 1 0 0 0 0 1 0 0 0 0 1 0
1 116 0 1 0 0 0 0 1 0 0 0 0 1 0
1 117 0 1 0 0 0 0 1 0 0 0 0 1 0
1 118 0 1 0 0 0 0 1 0 0 0 0 1 0
1 119 0 1 0 0 0 0 1 0 0 0 0 1 0
1 120 0 1 0 0 0 0 1 0 0 0 0 1 0
1 121 0 1 0 0 0 0 1 0 0 0 0 1 0
1 122 0 1 0 0 0 0 1 0 0 0 0 1 0
1 123 0 1 0 0 0 0 1 0 0 0 0 1 0
1 124 0 1 0 0 0 0 1 0 0 0 0 1 0
1 125 0 1 0 0 0 0 1 0 0 0 0 1 0
1 126 0 1 0 0 0 0 1 0 0 0 0 1 0
1 127 44 0.646109 0.0763538 0.759416 -0.910359 0.00298508 0.994723 -0.102552 0.0528853 -0.763239 0.0685267 0.642472 0.410426
1 128 98 0.999735 -0.0210455 0.00936385 -0.876849 0.0200095 0.994828 0.0995807 0.314306 -0.0114111 -0.099367 0.994985 0.363797
1 129 0 1 0 0 0 0 1 0 0 0 0 1 0
1 130 0 1 0 0 0 0 1 0 0 0 0 1 0
1 131 14 0.90372 0.428123 -0.000358953 0.072355 -0.403499 0.852022 0.333538 -0.110245 0.143101 -0.30128 0.942737 -0.991267
1 132 0 1 0 0 0 0 1 0 0 0 0 1 0
1 133 0 1 0 0 0 0 1 0 0 0 0 1 0
1 134 0 1 0 0 0 0 1 0 0 0 0 1 0
1 135 0 1 0 0 0 0 1 0 0 0 0 1 0
1 136 0 1 0 0 0 0 1 0 0 0 0 1 0
1 137 0 1 0 0 0 0 1 0 0 0 0 1 0
1 138 0 1 0 0 0 0 1 0 0 0 0 1 0
1 139 0 1 0 0 0 0 1 0 0 0 0 1 0
1 140 121 0.96864 -0.0771686 0.236182 -0.877481 0.0377068 0.985193 0.167251 -0.378511 -0.245592 -0.1531 0.957207 0.294546
1 141 238 0.933386 -0.112838 0.340673 -0.940769 0.067439 0.987521 0.142317 -0.00650214 -0.352481 -0.109862 0.929348 0.338986
1 142 182 0.858567 -0.124395 0.497382 -0.88623 0.190646 0.978016 -0.0844869 0.0879788 -0.475938 0.167362 0.863408 0.454814
1 143 0 1 0 0 0 0 1 0 0 0 0 1 0
1 144 0 1 0 0 0 0 1 0 0 0 0 1 0
1 145 0 1 0 0 0 0 1 0 0 0 0 1 0
1 146 0 1 0 0 0 0 1 0 0 0 0 1 0
1 147 0 1 0 0 0 0 1 0 0 0 0 1 0
1 148 0 1 0 0 0 0 1 0 0 0 0 1 0
1 149 0 1 0 0 0 0 1 0 0 0 0 1 0
1 150 0 1 0 0 0 0 1 0 0 0 0 1 0
1 151 0 1 0 0 0 0 1 0 0 0 0 1 0
1 152 0 1 0 0 0 0 1 0 0 0 0 1 0
1 153 0 1 0 0 0 0 1 0 0 0 0 1 0
1 154 0 1 0 0 0 0 1 0 0 0 0 1 0
1 155 0 1 0 0 0 0 1 0 0 0 0 1 0
1 156 0 1 0 0 0 0 1 0 0 0 0 1 0
1 157 0 1 0 0 0 0 1 0 0 0 0 1 0
1 158 0 1 0 0 0 0 1 0 0 0 0 1 0
1 159 0 1 0 0 0 0 1 0 0 0 0 1 0
1 160 0 1 0 0 0 0 1 0 0 0 0 1 0
2 3 782 0.979173 0.0744036 -0.188905 0.99049 -0.0702204 0.997117 0.028751 0.0183303 0.1905 -0.0148872 0.981574 0.136358
2 4 170 0.905411 0.0180697 -0.424152 0.847597 -0.103299 0.978444 -0.178823 0.369527 0.411778 0.205722 0.88776 0.380827
2 5 14 0.886534 0.237515 -0.397044 -0.149707 -0.215736 0.971381 0.0993835 -0.153162 0.409286 -0.00245005 0.912403 0.976795
2 6 19 0.835358 0.272848 -0.477212 -0.257605 -0.273753 0.959301 0.0692809 -0.196304 0.476693 0.0727641 0.876053 0.9461
2 7 0 1 0 0 0 0 1 0 0 0 0 1 0
2 8 0 1 0 0 0 0 1 0 0 0 0 1 0
2 9 0 1 0 0 0 0 1 0 0 0 0 1 0
2 10 0 1 0 0 0 0 1 0 0 0 0 1 0
2 11 0 1 0 0 0 0 1 0 0 0 0 1 0
2 12 0 1 0 0 0 0 1 0 0 0 0 1 0
2 13 0 1 0 0 0 0 1 0 0 0 0 1 0
2 14 0 1 0 0 0 0 1 0 0 0 0 1 0
2 15 0 1 0 0 0 0 1 0 0 0 0 1 0
2 16 0 1 0 0 0 0 1 0 0 0 0 1 0
2 17 0 1 0 0 0 0 1 0 0 0 0 1 0
2 18 0 1 0 0 0 0 1 0 0 0 0 1 0
2 19 0 1 0 0 0 0 1 0 0 0 0 1 0
2 20 0 1 0 0 0 0 1 0 0 0 0 1 0
2 21 0 1 0 0 0 0 1 0 0 0 0 1 0
2 22 0 1 0 0 0 0 1 0 0 0 0 1 0
2 23 0 1 0 0 0 0 1 0 0 0 0 1 0
2 24 0 1 0 0 0 0 1 0 0 0 0 1 0
2 25 0 1 0 0 0 0 1 0 0 0 0 1 0
2 26 0 1 0 0 0 0 1 0 0 0 0 1 0
2 27 0 1 0 0 0 0 1 0 0 0 0 1 0
2 28 0 1 0 0 0 0 1 0 0 0 0 1 0
2 29 0 1 0 0 0 0 1 0 0 0 0 1 0
2 30 0 1 0 0 0 0 1 0 0 0 0 1 0
2 31 0 1 0 0 0 0 1 0 0 0 0 1 0
2 32 0 1 0 0 0 0 1 0 0 0 0 1 0
2 33 0 1 0 0 0 0 1 0 0 0 0 1 0
2 34 0 1 0 0 0 0 1 0 0 0 0 1 0
2 35 0 1 0 0 0 0 1 0 0 0 0 1 0
2 36 0 1 0 0 0 0 1 0 0 0 0 1 0
2 37 0 1 0 0 0 0 1 0 0 0 0 1 0
2 38 0 1 0 0 0 0 1 0 0 0 0 1 0
2 39 0 1 0 0 0 0 1 0 0 0 0 1 0
2 40 0 1 0 0 0 0 1 0 0 0 0 1 0
2 41 0 1 0 0 0 0 1 0 0 0 0 1 0
2 42 19 0.701406 -0.673903 -0.232129 -0.130783 0.654595 0.737907 -0.164312 -0.0417227 0.28202 -0.0367011 0.958706 0.990533
2 43 0 1 0 0 0 0 1 0 0 0 0 1 0
2 44 0 1 0 0 0 0 1 0 0 0 0 1 0
2 45 0 1 0 0 0 0 1 0 0 0 0 1 0
2 46 0 1 0 0 0 0 1 0 0 0 0 1 0
2 47 0 1 0 0 0 0 1 0 0 0 0 1 0
2 48 0 1 0 0 0 0 1 0 0 0 0 1 0
2 49 0 1 0 0 0 0 1 0 0 0 0 1 0
2 50 0 1 0 0 0 0 1 0 0 0 0 1 0
2 51 0 1 0 0 0 0 1 0 0 0 0 1 0
2 52 0 1 0 0 0 0 1 0 0 0 0 1 0
2 53 0 1 0 0 0 0 1 0 0 0 0 1 0
2 54 0 1 0 0 0 0 1 0 0 0 0 1 0
2 55 0 1 0 0 0 0 1 0 0 0 0 1 0
2 56 0 1 0 0 0 0 1 0 0 0 0 1 0
2 57 0 1 0 0 0 0 1 0 0 0 0 1 0
2 58 0 1 0 0 0 0 1 0 0 0 0 1 0
2 59 0 1 0 0 0 0 1 0 0 0 0 1 0
2 60 0 1 0 0 0 0 1 0 0 0 0 1 0
2 61 0 1 0 0 0 0 1 0 0 0 0 1 0
2 62 0 1 0 0 0 0 1 0 0 0 0 1 0
2 63 0 1 0 0 0 0 1 0 0 0 0 1 0
2 64 0 1 0 0 0 0 1 0 0 0 0 1 0
2 65 0 1 0 0 0 0 1 0 0 0 0 1 0
2 66 0 1 0 0 0 0 1 0 0 0 0 1 0
2 67 29 0.988112 0.0220313 0.152147 -0.104282 -0.0596517 0.967083 0.247369 -0.047285 -0.141689 -0.253504 0.956901 0.993423
2 68 162 0.95135 -0.280678 -0.127092 0.218541 0.131672 0.743286 -0.655888 0.88221 0.278559 0.607245 0.744082 0.417069
2 69 137 0.96709 -0.235631 0.0959942 -0.220354 0.25174 0.831385 -0.495405 0.935661 0.0369245 0.503267 0.863342 0.27565
2 70 59 0.998738 0.0459866 -0.0201882 -0.265363 -0.0408838 0.977908 0.204997 0.220468 0.0291694 -0.203913 0.978554 0.938603
2 71 128 0.958651 -0.0172344 -0.284063 0.290325 0.248717 0.535835 0.806858 -0.71604 0.138305 -0.844147 0.517965 0.634821
2 72 17 0.921266 -0.387502 0.0333494 0.184985 0.380282 0.91544 0.131741 -0.170687 -0.0815792 -0.108686 0.990723 -0.967805
2 73 20 0.970898 -0.239168 0.0124652 -0.150553 0.238776 0.970705 0.0267789 0.00625097 -0.0185047 -0.0230232 0.999564 0.988582
2 74 0 1 0 0 0 0 1 0 0 0 0 1 0
2 75 0 1 0 0 0 0 1 0 0 0 0 1 0
2 76 0 1 0 0 0 0 1 0 0 0 0 1 0
2 77 0 1 0 0 0 0 1 0 0 0 0 1 0
2 78 0 1 0 0 0 0 1 0 0 0 0 1 0
2 79 0 1 0 0 0 0 1 0 0 0 0 1 0
2 80 0 1 0 0 0 0 1 0 0 0 0 1 0
2 81 0 1 0 0 0 0 1 0 0 0 0 1 0
2 82 0 1 0 0 0 0 1 0 0 0 0 1 0
2 83 0 1 0 0 0 0 1 0 0 0 0 1 0
2 84 0 1 0 0 0 0 1 0 0 0 0 1 0
2 85 0 1 0 0 0 0 1 0 0 0 0 1 0
2 86 0 1 0 0 0 0 1 0 0 0 0 1 0
2 87 0 1 0 0 0 0 1 0 0 0 0 1 0
2 88 22 0.86745 -0.496793 0.0269501 0.0990042 0.495534 0.867553 0.0424055 0.0158404 -0.0444474 -0.02343 0.998737 -0.994961
2 89 68 0.876614 -0.213991 0.430993 -0.994298 0.258836 0.964755 -0.0474501 -0.0926041 -0.405649 0.153152 0.901107 0.0528779
2 90 80 0.903057 -0.141274 0.405623 -0.902936 0.231197 0.955762 -0.181845 -0.134069 -0.361989 0.257995 0.895769 -0.408328
2 91 71 0.240896 -0.809519 0.535395 -0.301311 -0.962176 -0.126881 0.241078 -0.326454 -0.127226 -0.573219 -0.809465 0.895901
2 92 105 0.97406 -0.126983 0.1873 -0.135107 0.219929 0.726087 -0.651482 0.981054 -0.0532688 0.675776 0.73518 -0.138849
2 93 32 0.999844 0.0172542 0.00364783 0.177005 -0.0161312 0.97837 -0.206234 0.279201 -0.00712733 0.206143 0.978496 -0.943778
2 94 453 0.932038 -0.269112 0.24266 -0.597445 0.330186 0.906595 -0.262797 0.663094 -0.149273 0.32506 0.933838 -0.450961
2 95 962 0.962159 -0.256213 0.0927637 -0.239679 0.268205 0.950594 -0.156321 0.471553 -0.0481291 0.175286 0.98334 -0.848641
2 96 808 0.955059 -0.200502 -0.218313 0.642276 0.21066 0.977264 0.0240438 -0.0311984 0.208529 -0.0689532 0.975582 -0.765839
2 97 287 0.862993 0.0629153 -0.501283 0.914927 0.0222403 0.986523 0.162105 -0.40162 0.504726 -0.151044 0.849963 -0.0401211
2 98 0 1 0 0 0 0 1 0 0 0 0 1 0
2 99 0 1 0 0 0 0 1 0 0 0 0 1 0
2 100 0 1 0 0 0 0 1 0 0 0 0 1 0
2 101 0 1 0 0 0 0 1 0 0 0 0 1 0
2 102 0 1 0 0 0 0 1 0 0 0 0 1 0
2 103 0 1 0 0 0 0 1 0 0 0 0 1 0
2 104 0 1 0 0 0 0 1 0 0 0 0 1 0
2 105 0 1 0 0 0 0 1 0 0 0 0 1 0
2 106 0 1 0 0 0 0 1 0 0 0 0 1 0
2 107 0 1 0 0 0 0 1 0 0 0 0 1 0
2 108 0 1 0 0 0 0 1 0 0 0 0 1 0
2 109 0 1 0 0 0 0 1 0 0 0 0 1 0
2 110 0 1 0 0 0 0 1 0 0 0 0 1 0
2 111 0 1 0 0 0 0 1 0 0 0 0 1 0
2 112 0 1 0 0 0 0 1 0 0 0 0 1 0
2 113 0 1 0 0 0 0 1 0 0 0 0 1 0
2 114 0 1 0 0 0 0 1 0 0 0 0 1 0
2 115 0 1 0 0 0 0 1 0 0 0 0 1 0
2 116 0 1 0 0 0 0 1 0 0 0 0 1 0
2 117 0 1 0 0 0 0 1 0 0 0 0 1 0
2 118 0 1 0 0 0 0 1 0 0 0 0 1 0
2 119 0 1 0 0 0 0 1 0 0 0 0 1 0
2 120 0 1 0 0 0 0 1 0 0 0 0 1 0
2 121 0 1 0 0 0 0 1 0 0 0 0 1 0
2 122 0 1 0 0 0 0 1 0 0 0 0 1 0
2 123 0 1 0 0 0 0 1 0 0 0 0 1 0
2 124 0 1 0 0 0 0 1 0 0 0 0 1 0
2 125 0 1 0 0 0 0 1 0 0 0 0 1 0
2 126 0 1 0 0 0 0 1 0 0 0 0 1 0
2 127 0 1 0 0 0 0 1 0 0 0 0 1 0
2 128 41 0.979106 -0.192149 -0.066566 -0.151282 0.200529 0.966676 0.159142 0.164218 0.0337688 -0.169165 0.985009 0.974754
2 129 0 1 0 0 0 0 1 0 0 0 0 1 0
2 130 0 1 0 0 0 0 1 0 0 0 0 1 0
2 131 13 0.880373 0.474185 0.00962425 -0.0799111 -0.441352 0.81165 0.382666 0.0861042 0.173643 -0.341136 0.923837 0.993076
2 132 0 1 0 0 0 0 1 0 0 0 0 1 0
2 133 0 1 0 0 0 0 1 0 0 0 0 1 0
2 134 0 1 0 0 0 0 1 0 0 0 0 1 0
2 135 0 1 0 0 0 0 1 0 0 0 0 1 0
2 136 0 1 0 0 0 0 1 0 0 0 0 1 0
2 137 0 1 0 0 0 0 1 0 0 0 0 1 0
2 138 0 1 0 0 0 0 1 0 0 0 0 1 0
2 139 0 1 0 0 0 0 1 0 0 0 0 1 0
2 140 0 1 0 0 0 0 1 0 0 0 0 1 0
2 141 103 0.781928 -0.184439 0.595459 -0.869718 0.101214 0.980115 0.170674 0.00495224 -0.615098 -0.073186 0.785047 0.493525
2 142 45 0.252046 -0.126815 0.95937 -0.737336 0.254107 0.965261 0.0608347 -0.0618301 -0.933757 0.22845 0.275515 0.67269
2 143 0 1 0 0 0 0 1 0 0 0 0 1 0
2 144 0 1 0 0 0 0 1 0 0 0 0 1 0
2 145 0 1 0 0 0 0 1 0 0 0 0 1 0
2 146 0 1 0 0 0 0 1 0 0 0 0 1 0
2 147 0 1 0 0 0 0 1 0 0 0 0 1 0
2 148 0 1 0 0 0 0 1 0 0 0 0 1 0
2 149 0 1 0 0 0 0 1 0 0 0 0 1 0
2 150 0 1 0 0 0 0 1 0 0 0 0 1 0
2 151 0 1 0 0 0 0 1 0 0 0 0 1 0
2 152 0 1 0 0 0 0 1 0 0 0 0 1 0
2 153 0 1 0 0 0 0 1 0 0 0 0 1 0
2 154 0 1 0 0 0 0 1 0 0 0 0 1 0
2 155 0 1 0 0 0 0 1 0 0 0 0 1 0
2 156 0 1 0 0 0 0 1 0 0 0 0 1 0
2 157 0 1 0 0 0 0 1 0 0 0 0 1 0
2 158 0 1 0 0 0 0 1 0 0 0 0 1 0
2 159 0 1 0 0 0 0 1 0 0 0 0 1 0
2 160 0 1 0 0 0 0 1 0 0 0 0 1 0
3 4 688 0.974865 0.143555 -0.17038 0.989696 -0.135636 0.9891 0.0573065 0.0674576 0.17675 -0.0327565 0.983711 0.126296
3 5 246 0.885201 0.174298 -0.431324 0.889797 -0.199853 0.979722 -0.0142501 0.0791791 0.420094 0.0988156 0.902085 0.449435
3 6 68 0.842099 0.518414 0.148715 0.112752 -0.508226 0.855058 -0.102865 0.0229706 -0.180487 0.0110419 0.983515 0.993358
3 7 0 1 0 0 0 0 1 0 0 0 0 1 0
3 8 0 1 0 0 0 0 1 0 0 0 0 1 0
3 9 0 1 0 0 0 0 1 0 0 0 0 1 0
3 10 0 1 0 0 0 0 1 0 0 0 0 1 0
3 11 0 1 0 0 0 0 1 0 0 0 0 1 0
3 12 0 1 0 0 0 0 1 0 0 0 0 1 0
3 13 0 1 0 0 0 0 1 0 0 0 0 1 0
3 14 0 1 0 0 0 0 1 0 0 0 0 1 0
3 15 0 1 0 0 0 0 1 0 0 0 0 1 0
3 16 0 1 0 0 0 0 1 0 0 0 0 1 0
3 17 0 1 0 0 0 0 1 0 0 0 0 1 0
3 18 0 1 0 0 0 0 1 0 0 0 0 1 0
3 19 0 1 0 0 0 0 1 0 0 0 0 1 0
3 20 0 1 0 0 0 0 1 0 0 0 0 1 0
3 21 0 1 0 0 0 0 1 0 0 0 0 1 0
3 22 0 1 0 0 0 0 1 0 0 0 0 1 0
3 23 0 1 0 0 0 0 1 0 0 0 0 1 0
3 24 0 1 0 0 0 0 1 0 0 0 0 1 0
3 25 0 1 0 0 0 0 1 0 0 0 0 1 0
3 26 0 1 0 0 0 0 1 0 0 0 0 1 0
3 27 0 1 0 0 0 0 1 0 0 0 0 1 0
3 28 0 1 0 0 0 0 1 0 0 0 0 1 0
3 29 0 1 0 0 0 0 1 0 0 0 0 1 0
3 30 0 1 0 0 0 0 1 0 0 0 0 1 0
3 31 0 1 0 0 0 0 1 0 0 0 0 1 0
3 32 0 1 0 0 0 0 1 0 0 0 0 1 0
3 33 0 1 0 0 0 0 1 0 0 0 0 1 0
3 34 0 1 0 0 0 0 1 0 0 0 0 1 0
3 35 0 1 0 0 0 0 1 0 0 0 0 1 0
3 36 0 1 0 0 0 0 1 0 0 0 0 1 0
3 37 0 1 0 0 0 0 1 0 0 0 0 1 0
3 38 0 1 0 0 0 0 1 0 0 0 0 1 0
3 39 0 1 0 0 0 0 1 0 0 0 0 1 0
3 40 0 1 0 0 0 0 1 0 0 0 0 1 0
3 41 0 1 0 0 0 0 1 0 0 0 0 1 0
3 42 0 1 0 0 0 0 1 0 0 0 0 1 0
3 43 0 1 0 0 0 0 1 0 0 0 0 1 0
3 44 0 1 0 0 0 0 1 0 0 0 0 1 0
3 45 0 1 0 0 0 0 1 0 0 0 0 1 0
3 46 0 1 0 0 0 0 1 0 0 0 0 1 0
3 47 0 1 0 0 0 0 1 0 0 0 0 1 0
3 48 0 1 0 0 0 0 1 0 0 0 0 1 0
3 49 0 1 0 0 0 0 1 0 0 0 0 1 0
3 50 0 1 0 0 0 0 1 0 0 0 0 1 0
3 51 0 1 0 0 0 0 1 0 0 0 0 1 0
3 52 0 1 0 0 0 0 1 0 0 0 0 1 0
3 53 0 1 0 0 0 0 1 0 0 0 0 1 0
3 54 0 1 0 0 0 0 1 0 0 0 0 1 0
3 55 0 1 0 0 0 0 1 0 0 0 0 1 0
3 56 0 1 0 0 0 0 1 0 0 0 0 1 0
3 57 0 1 0 0 0 0 1 0 0 0 0 1 0
3 58 0 1 0 0 0 0 1 0 0 0 0 1 0
3 59 0 1 0 0 0 0 1 0 0 0 0 1 0
3 60 0 1 0 0 0 0 1 0 0 0 0 1 0
3 61 0 1 0 0 0 0 1 0 0 0 0 1 0
3 62 0 1 0 0 0 0 1 0 0 0 0 1 0
3 63 0 1 0 0 0 0 1 0 0 0 0 1 0
3 64 0 1 0 0 0 0 1 0 0 0 0 1 0
3 65 38 0.923485 0.37557 -0.0782501 0.133035 -0.361894 0.785145 -0.502574 0.963896 -0.127314 0.492437 0.860986 -0.230666
3 66 53 0.778459 0.616906 0.115879 -0.0682072 0.583735 -0.779368 0.227681 -0.0906078 0.23077 -0.109598 -0.966816 0.993548
3 67 70 0.971402 -0.237327 -0.00729654 -0.0532924 0.232318 0.943651 0.235693 0.128092 -0.0490509 -0.230647 0.9718 0.990329
3 68 169 0.972892 -0.22475 -0.0544806 -0.0144568 0.230967 0.956138 0.180148 -0.291346 0.0116027 -0.187848 0.98213 0.956509
3 69 179 0.883696 -0.148463 0.443891 -0.574182 0.446003 0.554786 -0.702348 0.729505 -0.141992 0.81864 0.556478 0.371668
3 70 81 0.912863 -0.369915 -0.172757 -0.310865 0.396893 0.903252 0.163134 0.264355 0.0956971 -0.217485 0.971361 0.912951
3 71 74 0.911439 -0.40713 -0.0593547 -0.494536 0.409368 0.911815 0.0317856 0.0422897 0.0411796 -0.0532686 0.997731 0.868127
3 72 0 1 0 0 0 0 1 0 0 0 0 1 0
3 73 0 1 0 0 0 0 1 0 0 0 0 1 0
3 74 0 1 0 0 0 0 1 0 0 0 0 1 0
3 75 0 1 0 0 0 0 1 0 0 0 0 1 0
3 76 0 1 0 0 0 0 1 0 0 0 0 1 0
3 77 0 1 0 0 0 0 1 0 0 0 0 1 0
3 78 0 1 0 0 0 0 1 0 0 0 0 1 0
3 79 0 1 0 0 0 0 1 0 0 0 0 1 0
3 80 0 1 0 0 0 0 1 0 0 0 0 1 0
3 81 0 1 0 0 0 0 1 0 0 0 0 1 0
3 82 0 1 0 0 0 0 1 0 0 0 0 1 0
3 83 0 1 0 0 0 0 1 0 0 0 0 1 0
3 84 0 1 0 0 0 0 1 0 0 0 0 1 0
3 85 0 1 0 0 0 0 1 0 0 0 0 1 0
3 86 0 1 0 0 0 0 1 0 0 0 0 1 0
3 87 0 1 0 0 0 0 1 0 0 0 0 1 0
3 88 0 1 0 0 0 0 1 0 0 0 0 1 0
3 89 0 1 0 0 0 0 1 0 0 0 0 1 0
3 90 0 1 0 0 0 0 1 0 0 0 0 1 0
3 91 0 1 0 0 0 0 1 0 0 0 0 1 0
3 92 0 1 0 0 0 0 1 0 0 0 0 1 0
3 93 0 1 0 0 0 0 1 0 0 0 0 1 0
3 94 80 0.91655 -0.292172 -0.273078 0.559496 0.254131 0.952747 -0.166407 0.243573 0.308793 0.0831226 0.94749 -0.792235
3 95 215 0.916001 -0.310467 0.25407 -0.892275 0.344576 0.933206 -0.101952 -0.0631585 -0.205447 0.180935 0.961797 -0.447053
3 96 658 0.958127 -0.269064 -0.0979711 -0.360822 0.272899 0.961639 0.0278582 -0.310405 0.0867172 -0.0534279 0.994799 -0.879463
3 97 625 0.962411 -0.0352634 -0.269297 0.291115 0.0589981 0.995003 0.0805551 -0.581008 0.265111 -0.0934152 0.959682 -0.760054
3 98 48 0.971475 0.0625733 -0.228737 0.329607 -0.0706194 0.997134 -0.0271536 -0.369754 0.226383 0.0425324 0.973109 -0.868701
3 99 0 1 0 0 0 0 1 0 0 0 0 1 0
3 100 0 1 0 0 0 0 1 0 0 0 0 1 0
3 101 0 1 0 0 0 0 1 0 0 0 0 1 0
3 102 0 1 0 0 0 0 1 0 0 0 0 1 0
3 103 0 1 0 0 0 0 1 0 0 0 0 1 0
3 104 0 1 0 0 0 0 1 0 0 0 0 1 0
3 105 0 1 0 0 0 0 1 0 0 0 0 1 0
3 106 0 1 0 0 0 0 1 0 0 0 0 1 0
3 107 0 1 0 0 0 0 1 0 0 0 0 1 0
3 108 0 1 0 0 0 0 1 0 0 0 0 1 0
3 109 0 1 0 0 0 0 1 0 0 0 0 1 0
3 110 0 1 0 0 0 0 1 0 0 0 0 1 0
3 111 0 1 0 0 0 0 1 0 0 0 0 1 0
3 112 0 1 0 0 0 0 1 0 0 0 0 1 0
3 113 0 1 0 0 0 0 1 0 0 0 0 1 0
3 114 0 1 0 0 0 0 1 0 0 0 0 1 0
3 115 0 1 0 0 0 0 1 0 0 0 0 1 0
3 116 0 1 0 0 0 0 1 0 0 0 0 1 0
3 117 0 1 0 0 0 0 1 0 0 0 0 1 0
3 118 0 1 0 0 0 0 1 0 0 0 0 1 0
3 119 0 1 0 0 0 0 1 0 0 0 0 1 0
3 120 0 1 0 0 0 0 1 0 0 0 0 1 0
3 121 0 1 0 0 0 0 1 0 0 0 0 1 0
3 122 0 1 0 0 0 0 1 0 0 0 0 1 0
3 123 0 1 0 0 0 0 1 0 0 0 0 1 0
3 124 0 1 0 0 0 0 1 0 0 0 0 1 0
3 125 0 1 0 0 0 0 1 0 0 0 0 1 0
3 126 0 1 0 0 0 0 1 0 0 0 0 1 0
3 127 0 1 0 0 0 0 1 0 0 0 0 1 0
3 128 0 1 0 0 0 0 1 0 0 0 0 1 0
3 129 0 1 0 0 0 0 1 0 0 0 0 1 0
3 130 0 1 0 0 0 0 1 0 0 0 0 1 0
3 131 0 1 0 0 0 0 1 0 0 0 0 1 0
3 132 0 1 0 0 0 0 1 0 0 0 0 1 0
3 133 0 1 0 0 0 0 1 0 0 0 0 1 0
3 134 0 1 0 0 0 0 1 0 0 0 0 1 0
3 135 0 1 0 0 0 0 1 0 0 0 0 1 0
3 136 0 1 0 0 0 0 1 0 0 0 0 1 0
3 137 0 1 0 0 0 0 1 0 0 0 0 1 0
3 138 0 1 0 0 0 0 1 0 0 0 0 1 0
3 139 0 1 0 0 0 0 1 0 0 0 0 1 0
3 140 0 1 0 0 0 0 1 0 0 0 0 1 0
3 141 20 0.708216 0.572245 -0.41348 0.062564 0.683849 -0.410499 0.603192 -0.223319 0.175441 -0.709948 -0.682051 0.972735
3 142 0 1 0 0 0 0 1 0 0 0 0 1 0
3 143 0 1 0 0 0 0 1 0 0 0 0 1 0
3 144 0 1 0 0 0 0 1 0 0 0 0 1 0
3 145 0 1 0 0 0 0 1 0 0 0 0 1 0
3 146 0 1 0 0 0 0 1 0 0 0 0 1 0
3 147 0 1 0 0 0 0 1 0 0 0 0 1 0
3 148 0 1 0 0 0 0 1 0 0 0 0 1 0
3 149 0 1 0 0 0 0 1 0 0 0 0 1 0
3 150 0 1 0 0 0 0 1 0 0 0 0 1 0
3 151 0 1 0 0 0 0 1 0 0 0 0 1 0
3 152 0 1 0 0 0 0 1 0 0 0 0 1 0
3 153 0 1 0 0 0 0 1 0 0 0 0 1 0
3 154 0 1 0 0 0 0 1 0 0 0 0 1 0
3 155 0 1 0 0 0 0 1 0 0 0 0 1 0
3 156 0 1 0 0 0 0 1 0 0 0 0 1 0
3 157 0 1 0 0 0 0 1 0 0 0 0 1 0
3 158 0 1 0 0 0 0 1 0 0 0 0 1 0
3 159 0 1 0 0 0 0 1 0 0 0 0 1 0
3 160 0 1 0 0 0 0 1 0 0 0 0 1 0
4 5 728 0.986929 0.0436903 -0.155122 0.811588 -0.0452398 0.998955 -0.00647082 -0.136982 0.154677 0.0134039 0.987874 0.567945
4 6 316 0.987092 0.111559 -0.114908 0.676034 -0.12205 0.988552 -0.0887039 -0.203992 0.103697 0.101583 0.989408 0.708071
4 7 170 0.920177 0.371966 0.122131 -0.150114 -0.378741 0.924759 0.0370889 -0.0346123 -0.0991459 -0.0803843 0.991821 0.988063
4 8 99 0.714453 0.240651 -0.656996 0.86791 -0.211227 0.969364 0.125369 -0.092499 0.667038 0.0492053 0.743397 0.488032
4 9 63 0.787496 0.21528 -0.577499 0.840895 -0.177641 0.97653 0.121794 -0.197747 0.590165 0.00667519 0.807255 0.503777
4 10 15 0.665076 0.385033 -0.639863 0.392921 -0.295218 0.922597 0.248315 0.0740582 0.685945 0.0237505 0.727265 -0.916585
4 11 0 1 0 0 0 0 1 0 0 0 0 1 0
4 12 0 1 0 0 0 0 1 0 0 0 0 1 0
4 13 0 1 0 0 0 0 1 0 0 0 0 1 0
4 14 0 1 0 0 0 0 1 0 0 0 0 1 0
4 15 0 1 0 0 0 0 1 0 0 0 0 1 0
4 16 0 1 0 0 0 0 1 0 0 0 0 1 0
4 17 0 1 0 0 0 0 1 0 0 0 0 1 0
4 18 0 1 0 0 0 0 1 0 0 0 0 1 0
4 19 0 1 0 0 0 0 1 0 0 0 0 1 0
4 20 0 1 0 0 0 0 1 0 0 0 0 1 0
4 21 0 1 0 0 0 0 1 0 0 0 0 1 0
4 22 0 1 0 0 0 0 1 0 0 0 0 1 0
4 23 0 1 0 0 0 0 1 0 0 0 0 1 0
4 24 0 1 0 0 0 0 1 0 0 0 0 1 0
4 25 0 1 0 0 0 0 1 0 0 0 0 1 0
4 26 0 1 0 0 0 0 1 0 0 0 0 1 0
4 27 0 1 0 0 0 0 1 0 0 0 0 1 0
4 28 0 1 0 0 0 0 1 0 0 0 0 1 0
4 29 0 1 0 0 0 0 1 0 0 0 0 1 0
4 30 0 1 0 0 0 0 1 0 0 0 0 1 0
4 31 0 1 0 0 0 0 1 0 0 0 0 1 0
4 32 0 1 0 0 0 0 1 0 0 0 0 1 0
4 33 0 1 0 0 0 0 1 0 0 0 0 1 0
4 34 0 1 0 0 0 0 1 0 0 0 0 1 0
4 35 0 1 0 0 0 0 1 0 0 0 0 1 0
4 36 0 1 0 0 0 0 1 0 0 0 0 1 0
4 37 0 1 0 0 0 0 1 0 0 0 0 1 0
4 38 0 1 0 0 0 0 1 0 0 0 0 1 0
4 39 0 1 0 0 0 0 1 0 0 0 0 1 0
4 40 0 1 0 0 0 0 1 0 0 0 0 1 0
4 41 0 1 0 0 0 0 1 0 0 0 0 1 0
4 42 0 1 0 0 0 0 1 0 0 0 0 1 0
4 43 0 1 0 0 0 0 1 0 0 0 0 1 0
4 44 0 1 0 0 0 0 1 0 0 0 0 1 0
4 45 0 1 0 0 0 0 1 0 0 0 0 1 0
4 46 0 1 0 0 0 0 1 0 0 0 0 1 0
4 47 0 1 0 0 0 0 1 0 0 0 0 1 0
4 48 0 1 0 0 0 0 1 0 0 0 0 1 0
4 49 0 1 0 0 0 0 1 0 0 0 0 1 0
4 50 0 1 0 0 0 0 1 0 0 0 0 1 0
4 51 0 1 0 0 0 0 1 0 0 0 0 1 0
4 52 0 1 0 0 0 0 1 0 0 0 0 1 0
4 53 0 1 0 0 0 0 1 0 0 0 0 1 0
4 54 0 1 0 0 0 0 1 0 0 0 0 1 0
4 55 0 1 0 0 0 0 1 0 0 0 0 1 0
4 56 0 1 0 0 0 0 1 0 0 0 0 1 0
4 57 0 1 0 0 0 0 1 0 0 0 0 1 0
4 58 0 1 0 0 0 0 1 0 0 0 0 1 0
4 59 0 1 0 0 0 0 1 0 0 0 0 1 0
4 60 0 1 0 0 0 0 1 0 0 0 0 1 0
4 61 0 1 0 0 0 0 1 0 0 0 0 1 0
4 62 0 1 0 0 0 0 1 0 0 0 0 1 0
4 63 0 1 0 0 0 0 1 0 0 0 0 1 0
4 64 0 1 0 0 0 0 1 0 0 0 0 1 0
4 65 0 1 0 0 0 0 1 0 0 0 0 1 0
4 66 0 1 0 0 0 0 1 0 0 0 0 1 0
4 67 95 0.914689 -0.3823 0.131113 -0.301323 0.399 0.802513 -0.44359 0.942094 0.0643649 0.458061 0.886587 0.147185
4 68 128 0.891203 -0.2946 0.344918 -0.434564 0.450535 0.486574 -0.748507 0.802183 0.0526818 0.82247 0.566364 0.409458
4 69 0 1 0 0 0 0 1 0 0 0 0 1 0
4 70 19 0.026584 0.975003 -0.220597 -0.130598 0.989344 -0.0572627 -0.133866 0.0642776 -0.143152 -0.214688 -0.966135 0.98935
4 71 0 1 0 0 0 0 1 0 0 0 0 1 0
4 72 0 1 0 0 0 0 1 0 0 0 0 1 0
4 73 0 1 0 0 0 0 1 0 0 0 0 1 0
4 74 0 1 0 0 0 0 1 0 0 0 0 1 0
4 75 0 1 0 0 0 0 1 0 0 0 0 1 0
4 76 0 1 0 0 0 0 1 0 0 0 0 1 0
4 77 0 1 0 0 0 0 1 0 0 0 0 1 0
4 78 0 1 0 0 0 0 1 0 0 0 0 1 0
4 79 0 1 0 0 0 0 1 0 0 0 0 1 0
4 80 0 1 0 0 0 0 1 0 0 0 0 1 0
4 81 0 1 0 0 0 0 1 0 0 0 0 1 0
4 82 0 1 0 0 0 0 1 0 0 0 0 1 0
4 83 0 1 0 0 0 0 1 0 0 0 0 1 0
4 84 0 1 0 0 0 0 1 0 0 0 0 1 0
4 85 0 1 0 0 0 0 1 0 0 0 0 1 0
4 86 0 1 0 0 0 0 1 0 0 0 0 1 0
4 87 0 1 0 0 0 0 1 0 0 0 0 1 0
4 88 0 1 0 0 0 0 1 0 0 0 0 1 0
4 89 0 1 0 0 0 0 1 0 0 0 0 1 0
4 90 0 1 0 0 0 0 1 0 0 0 0 1 0
4 91 0 1 0 0 0 0 1 0 0 0 0 1 0
4 92 0 1 0 0 0 0 1 0 0 0 0 1 0
4 93 0 1 0 0 0 0 1 0 0 0 0 1 0
4 94 0 1 0 0 0 0 1 0 0 0 0 1 0
4 95 0 1 0 0 0 0 1 0 0 0 0 1 0
4 96 0 1 0 0 0 0 1 0 0 0 0 1 0
4 97 231 0.976491 -0.192146 -0.0977002 -0.377952 0.199985 0.976694 0.0779437 -0.651302 0.0804466 -0.0956499 0.992159 -0.657995
4 98 97 0.959749 -0.0508002 -0.276228 0.109069 0.124687 0.95834 0.256978 -0.942554 0.251665 -0.281076 0.9261 -0.315747
4 99 0 1 0 0 0 0 1 0 0 0 0 1 0
4 100 0 1 0 0 0 0 1 0 0 0 0 1 0
4 101 0 1 0 0 0 0 1 0 0 0 0 1 0
4 102 0 1 0 0 0 0 1 0 0 0 0 1 0
4 103 0 1 0 0 0 0 1 0 0 0 0 1 0
4 104 0 1 0 0 0 0 1 0 0 0 0 1 0
4 105 0 1 0 0 0 0 1 0 0 0 0 1 0
4 106 0 1 0 0 0 0 1 0 0 0 0 1 0
4 107 0 1 0 0 0 0 1 0 0 0 0 1 0
4 108 0 1 0 0 0 0 1 0 0 0 0 1 0
4 109 0 1 0 0 0 0 1 0 0 0 0 1 0
4 110 0 1 0 0 0 0 1 0 0 0 0 1 0
4 111 0 1 0 0 0 0 1 0 0 0 0 1 0
4 112 0 1 0 0 0 0 1 0 0 0 0 1 0
4 113 0 1 0 0 0 0 1 0 0 0 0 1 0
4 114 0 1 0 0 0 0 1 0 0 0 0 1 0
4 115 0 1 0 0 0 0 1 0 0 0 0 1 0
4 116 0 1 0 0 0 0 1 0 0 0 0 1 0
4 117 0 1 0 0 0 0 1 0 0 0 0 1 0
4 118 0 1 0 0 0 0 1 0 0 0 0 1 0
4 119 0 1 0 0 0 0 1 0 0 0 0 1 0
4 120 0 1 0 0 0 0 1 0 0 0 0 1 0
4 121 0 1 0 0 0 0 1 0 0 0 0 1 0
4 122 0 1 0 0 0 0 1 0 0 0 0 1 0
4 123 0 1 0 0 0 0 1 0 0 0 0 1 0
4 124 0 1 0 0 0 0 1 0 0 0 0 1 0
4 125 0 1 0 0 0 0 1 0 0 0 0 1 0
4 126 0 1 0 0 0 0 1 0 0 0 0 1 0
4 127 0 1 0 0 0 0 1 0 0 0 0 1 0
4 128 0 1 0 0 0 0 1 0 0 0 0 1 0
4 129 0 1 0 0 0 0 1 0 0 0 0 1 0
4 130 0 1 0 0 0 0 1 0 0 0 0 1 0
4 131 0 1 0 0 0 0 1 0 0 0 0 1 0
4 132 0 1 0 0 0 0 1 0 0 0 0 1 0
4 133 0 1 0 0 0 0 1 0 0 0 0 1 0
4 134 0 1 0 0 0 0 1 0 0 0 0 1 0
4 135 0 1 0 0 0 0 1 0 0 0 0 1 0
4 136 0 1 0 0 0 0 1 0 0 0 0 1 0
4 137 0 1 0 0 0 0 1 0 0 0 0 1 0
4 138 0 1 0 0 0 0 1 0 0 0 0 1 0
4 139 0 1 0 0 0 0 1 0 0 0 0 1 0
4 140 0 1 0 0 0 0 1 0 0 0 0 1 0
4 141 0 1 0 0 0 0 1 0 0 0 0 1 0
4 142 0 1 0 0 0 0 1 0 0 0 0 1 0
4 143 0 1 0 0 0 0 1 0 0 0 0 1 0
4 144 0 1 0 0 0 0 1 0 0 0 0 1 0
4 145 0 1 0 0 0 0 1 0 0 0 0 1 0
4 146 0 1 0 0 0 0 1 0 0 0 0 1 0
4 147 0 1 0 0 0 0 1 0 0 0 0 1 0
4 148 0 1 0 0 0 0 1 0 0 0 0 1 0
4 149 0 1 0 0 0 0 1 0 0 0 0 1 0
4 150 0 1 0 0 0 0 1 0 0 0 0 1 0
4 151 0 1 0 0 0 0 1 0 0 0 0 1 0
4 152 0 1 0 0 0 0 1 0 0 0 0 1 0
4 153 0 1 0 0 0 0 1 0 0 0 0 1 0
4 154 0 1 0 0 0 0 1 0 0 0 0 1 0
4 155 0 1 0 0 0 0 1 0 0 0 0 1 0
4 156 0 1 0 0 0 0 1 0 0 0 0 1 0
4 157 0 1 0 0 0 0 1 0 0 0 0 1 0
4 158 0 1 0 0 0 0 1 0 0 0 0 1 0
4 159 0 1 0 0 0 0 1 0 0 0 0 1 0
4 160 0 1 0 0 0 0 1 0 0 0 0 1 0
5 6 841 0.994149 0.0491346 -0.0961929 0.87193 -0.055232 0.99656 -0.0617849 -0.22703 0.0928262 0.0667364 0.993443 0.433815
5 7 491 0.952999 0.206592 -0.221615 0.942758 -0.191119 0.97749 0.0893666 -0.112715 0.235089 -0.0428114 0.971031 0.313852
5 8 158 0.8922 0.236529 -0.38475 0.96273 -0.214589 0.971604 0.0996896 -0.0504254 0.397404 -0.00637984 0.917621 0.265723
5 9 142 0.880259 0.228798 -0.415688 0.938469 -0.198781 0.9733 0.114775 -0.0838297 0.430849 -0.0184011 0.902236 0.335035
5 10 15 0.788999 0.300183 -0.53607 -0.543555 -0.225694 0.953123 0.20154 -0.0550573 0.57144 -0.0380271 0.819762 0.837566
5 11 0 1 0 0 0 0 1 0 0 0 0 1 0
5 12 0 1 0 0 0 0 1 0 0 0 0 1 0
5 13 0 1 0 0 0 0 1 0 0 0 0 1 0
5 14 0 1 0 0 0 0 1 0 0 0 0 1 0
5 15 0 1 0 0 0 0 1 0 0 0 0 1 0
5 16 0 1 0 0 0 0 1 0 0 0 0 1 0
5 17 0 1 0 0 0 0 1 0 0 0 0 1 0
5 18 0 1 0 0 0 0 1 0 0 0 0 1 0
5 19 0 1 0 0 0 0 1 0 0 0 0 1 0
5 20 0 1 0 0 0 0 1 0 0 0 0 1 0
5 21 0 1 0 0 0 0 1 0 0 0 0 1 0
5 22 0 1 0 0 0 0 1 0 0 0 0 1 0
5 23 0 1 0 0 0 0 1 0 0 0 0 1 0
5 24 0 1 0 0 0 0 1 0 0 0 0 1 0
5 25 0 1 0 0 0 0 1 0 0 0 0 1 0
5 26 0 1 0 0 0 0 1 0 0 0 0 1 0
5 27 0 1 0 0 0 0 1 0 0 0 0 1 0
5 28 0 1 0 0 0 0 1 0 0 0 0 1 0
5 29 0 1 0 0 0 0 1 0 0 0 0 1 0
5 30 0 1 0 0 0 0 1 0 0 0 0 1 0
5 31 0 1 0 0 0 0 1 0 0 0 0 1 0
5 32 0 1 0 0 0 0 1 0 0 0 0 1 0
5 33 0 1 0 0 0 0 1 0 0 0 0 1 0
5 34 0 1 0 0 0 0 1 0 0 0 0 1 0
5 35 0 1 0 0 0 0 1 0 0 0 0 1 0
5 36 0 1 0 0 0 0 1 0 0 0 0 1 0
5 37 0 1 0 0 0 0 1 0 0 0 0 1 0
5 38 0 1 0 0 0 0 1 0 0 0 0 1 0
5 39 0 1 0 0 0 0 1 0 0 0 0 1 0
5 40 0 1 0 0 0 0 1 0 0 0 0 1 0
5 41 0 1 0 0 0 0 1 0 0 0 0 1 0
5 42 0 1 0 0 0 0 1 0 0 0 0 1 0
5 43 0 1 0 0 0 0 1 0 0 0 0 1 0
5 44 0 1 0 0 0 0 1 0 0 0 0 1 0
5 45 0 1 0 0 0 0 1 0 0 0 0 1 0
5 46 0 1 0 0 0 0 1 0 0 0 0 1 0
5 47 0 1 0 0 0 0 1 0 0 0 0 1 0
5 48 0 1 0 0 0 0 1 0 0 0 0 1 0
5 49 0 1 0 0 0 0 1 0 0 0 0 1 0
5 50 0 1 0 0 0 0 1 0 0 0 0 1 0
5 51 0 1 0 0 0 0 1 0 0 0 0 1 0
5 52 0 1 0 0 0 0 1 0 0 0 0 1 0
5 53 0 1 0 0 0 0 1 0 0 0 0 1 0
5 54 0 1 0 0 0 0 1 0 0 0 0 1 0
5 55 0 1 0 0 0 0 1 0 0 0 0 1 0
5 56 0 1 0 0 0 0 1 0 0 0 0 1 0
5 57 0 1 0 0 0 0 1 0 0 0 0 1 0
5 58 0 1 0 0 0 0 1 0 0 0 0 1 0
5 59 0 1 0 0 0 0 1 0 0 0 0 1 0
5 60 0 1 0 0 0 0 1 0 0 0 0 1 0
5 61 0 1 0 0 0 0 1 0 0 0 0 1 0
5 62 0 1 0 0 0 0 1 0 0 0 0 1 0
5 63 0 1 0 0 0 0 1 0 0 0 0 1 0
5 64 29 -0.716067 0.649808 0.254948 -0.145334 0.553715 0.75117 -0.359365 0.326881 -0.425027 -0.116161 -0.897696 0.933824
5 65 29 0.993807 -0.00228738 -0.111092 0.0932582 0.0298048 0.968638 0.246682 -0.178981 0.107044 -0.248466 0.962708 -0.979423
5 66 29 0.921271 -0.351429 -0.166602 3.2637e-05 0.382263 0.897134 0.221417 0.085358 0.0716523 -0.267671 0.960842 -0.99635
5 67 77 0.86505 -0.468706 0.178894 -0.280701 0.434169 0.520752 -0.73506 0.931905 0.251368 0.713534 0.653975 0.229696
5 68 41 0.820552 -0.557891 -0.124302 0.118975 0.568704 0.818652 0.0799079 -0.119024 0.0571805 -0.13626 0.989022 -0.985737
5 69 0 1 0 0 0 0 1 0 0 0 0 1 0
5 70 0 1 0 0 0 0 1 0 0 0 0 1 0
5 71 0 1 0 0 0 0 1 0 0 0 0 1 0
5 72 0 1 0 0 0 0 1 0 0 0 0 1 0
5 73 0 1 0 0 0 0 1 0 0 0 0 1 0
5 74 0 1 0 0 0 0 1 0 0 0 0 1 0
5 75 0 1 0 0 0 0 1 0 0 0 0 1 0
5 76 0 1 0 0 0 0 1 0 0 0 0 1 0
5 77 0 1 0 0 0 0 1 0 0 0 0 1 0
5 78 0 1 0 0 0 0 1 0 0 0 0 1 0
5 79 0 1 0 0 0 0 1 0 0 0 0 1 0
5 80 0 1 0 0 0 0 1 0 0 0 0 1 0
5 81 0 1 0 0 0 0 1 0 0 0 0 1 0
5 82 0 1 0 0 0 0 1 0 0 0 0 1 0
5 83 0 1 0 0 0 0 1 0 0 0 0 1 0
5 84 0 1 0 0 0 0 1 0 0 0 0 1 0
5 85 0 1 0 0 0 0 1 0 0 0 0 1 0
5 86 0 1 0 0 0 0 1 0 0 0 0 1 0
5 87 0 1 0 0 0 0 1 0 0 0 0 1 0
5 88 0 1 0 0 0 0 1 0 0 0 0 1 0
5 89 0 1 0 0 0 0 1 0 0 0 0 1 0
5 90 0 1 0 0 0 0 1 0 0 0 0 1 0
5 91 0 1 0 0 0 0 1 0 0 0 0 1 0
5 92 0 1 0 0 0 0 1 0 0 0 0 1 0
5 93 0 1 0 0 0 0 1 0 0 0 0 1 0
5 94 0 1 0 0 0 0 1 0 0 0 0 1 0
5 95 0 1 0 0 0 0 1 0 0 0 0 1 0
5 96 0 1 0 0 0 0 1 0 0 0 0 1 0
5 97 0 1 0 0 0 0 1 0 0 0 0 1 0
5 98 138 0.991496 -0.0673009 -0.111384 -0.193334 0.088443 0.976333 0.197361 -0.715986 0.0954651 -0.205534 0.973983 -0.67081
5 99 0 1 0 0 0 0 1 0 0 0 0 1 0
5 100 0 1 0 0 0 0 1 0 0 0 0 1 0
5 101 0 1 0 0 0 0 1 0 0 0 0 1 0
5 102 0 1 0 0 0 0 1 0 0 0 0 1 0
5 103 0 1 0 0 0 0 1 0 0 0 0 1 0
5 104 0 1 0 0 0 0 1 0 0 0 0 1 0
5 105 0 1 0 0 0 0 1 0 0 0 0 1 0
5 106 0 1 0 0 0 0 1 0 0 0 0 1 0
5 107 0 1 0 0 0 0 1 0 0 0 0 1 0
5 108 0 1 0 0 0 0 1 0 0 0 0 1 0
5 109 0 1 0 0 0 0 1 0 0 0 0 1 0
5 110 0 1 0 0 0 0 1 0 0 0 0 1 0
5 111 0 1 0 0 0 0 1 0 0 0 0 1 0
5 112 0 1 0 0 0 0 1 0 0 0 0 1 0
5 113 0 1 0 0 0 0 1 0 0 0 0 1 0
5 114 0 1 0 0 0 0 1 0 0 0 0 1 0
5 115 0 1 0 0 0 0 1 0 0 0 0 1 0
5 116 0 1 0 0 0 0 1 0 0 0 0 1 0
5 117 0 1 0 0 0 0 1 0 0 0 0 1 0
5 118 0 1 0 0 0 0 1 0 0 0 0 1 0
5 119 0 1 0 0 0 0 1 0 0 0 0 1 0
5 120 0 1 0 0 0 0 1 0 0 0 0 1 0
5 121 0 1 0 0 0 0 1 0 0 0 0 1 0
5 122 0 1 0 0 0 0 1 0 0 0 0 1 0
