0 1 2064 0.980688 0.0718092 -0.181919 0.888823 -0.070448 0.997418 0.0139417 0.222576 0.18245 -0.000856612 0.983215 -0.400566
0 2 506 0.905735 0.147087 -0.397504 0.97107 -0.156152 0.987686 0.00966884 0.0743909 0.394031 0.0533138 0.91755 -0.226912
0 3 156 0.684158 0.261701 -0.680765 0.978618 -0.176008 0.965062 0.194107 -0.1531 0.707778 -0.0129796 0.706316 0.137354
0 4 37 0.865954 -0.207755 -0.45493 0.450944 0.280715 0.954741 0.0983319 -0.159328 0.413912 -0.212857 0.885081 0.878216
0 5 0 1 0 0 0 0 1 0 0 0 0 1 0
0 6 0 1 0 0 0 0 1 0 0 0 0 1 0
0 7 0 1 0 0 0 0 1 0 0 0 0 1 0
0 8 0 1 0 0 0 0 1 0 0 0 0 1 0
0 9 0 1 0 0 0 0 1 0 0 0 0 1 0
0 10 0 1 0 0 0 0 1 0 0 0 0 1 0
0 11 0 1 0 0 0 0 1 0 0 0 0 1 0
0 12 0 1 0 0 0 0 1 0 0 0 0 1 0
0 13 0 1 0 0 0 0 1 0 0 0 0 1 0
0 14 0 1 0 0 0 0 1 0 0 0 0 1 0
0 15 0 1 0 0 0 0 1 0 0 0 0 1 0
0 16 21 0.508408 -0.68942 -0.515966 -0.419769 0.850871 0.494346 0.177876 -0.274204 0.132434 -0.529454 0.837938 0.865221
0 17 0 1 0 0 0 0 1 0 0 0 0 1 0
0 18 0 1 0 0 0 0 1 0 0 0 0 1 0
0 19 0 1 0 0 0 0 1 0 0 0 0 1 0
0 20 15 0.448867 -0.847406 -0.283588 -0.0307001 0.893542 0.429226 0.131713 -0.112633 0.0101095 -0.312519 0.949858 0.993162
0 21 0 1 0 0 0 0 1 0 0 0 0 1 0
0 22 0 1 0 0 0 0 1 0 0 0 0 1 0
0 23 0 1 0 0 0 0 1 0 0 0 0 1 0
0 24 0 1 0 0 0 0 1 0 0 0 0 1 0
0 25 0 1 0 0 0 0 1 0 0 0 0 1 0
0 26 0 1 0 0 0 0 1 0 0 0 0 1 0
0 27 0 1 0 0 0 0 1 0 0 0 0 1 0
0 28 0 1 0 0 0 0 1 0 0 0 0 1 0
0 29 0 1 0 0 0 0 1 0 0 0 0 1 0
0 30 0 1 0 0 0 0 1 0 0 0 0 1 0
0 31 0 1 0 0 0 0 1 0 0 0 0 1 0
0 32 0 1 0 0 0 0 1 0 0 0 0 1 0
0 33 14 0.891386 0.450967 0.0453771 -0.399659 -0.449794 0.892486 -0.0339752 -0.157939 -0.0558201 0.00987465 0.998392 0.902955
0 34 0 1 0 0 0 0 1 0 0 0 0 1 0
0 35 0 1 0 0 0 0 1 0 0 0 0 1 0
0 36 0 1 0 0 0 0 1 0 0 0 0 1 0
0 37 0 1 0 0 0 0 1 0 0 0 0 1 0
0 38 0 1 0 0 0 0 1 0 0 0 0 1 0
0 39 0 1 0 0 0 0 1 0 0 0 0 1 0
0 40 0 1 0 0 0 0 1 0 0 0 0 1 0
0 41 162 0.144174 -0.369898 0.917817 -0.713774 0.497023 0.829094 0.256067 -0.253799 -0.855676 0.419258 0.303382 0.652773
0 42 116 0.93463 -0.278864 -0.220685 -0.282511 0.265486 0.960022 -0.0887431 -0.139798 0.23661 0.024353 0.971299 0.949023
0 43 241 0.210832 -0.448572 0.868524 -0.598712 -0.186769 0.853642 0.486223 -0.239779 -0.959514 -0.264725 0.096196 0.764232
0 44 150 0.740403 -0.14267 0.656847 -0.840319 0.148449 0.987792 0.0472203 0.140645 -0.655565 0.0625464 0.752544 0.52353
0 45 487 0.773467 -0.271382 0.572801 -0.853527 0.326467 0.945183 0.00697282 0.0284618 -0.543294 0.181607 0.819665 0.520271
0 46 437 0.833024 -0.245422 0.495821 -0.905893 0.290073 0.956907 -0.0136976 0.0258258 -0.471093 0.155235 0.868317 0.422718
0 47 204 0.97637 -0.201918 0.0770121 0.188118 0.198068 0.978655 0.0548068 -0.0242714 -0.0864348 -0.0382581 0.995523 -0.981846
0 48 144 0.944431 -0.32492 0.0497696 -0.0830858 0.323031 0.945437 0.0424154 -0.0950551 -0.0608357 -0.0239813 0.99786 -0.991999
0 49 192 0.701538 -0.131397 0.700413 -0.784326 0.397981 0.887543 -0.232118 0.393235 -0.591147 0.441591 0.674939 0.479791
0 50 0 1 0 0 0 0 1 0 0 0 0 1 0
0 51 33 -0.62848 -0.770554 -0.106107 -0.37601 -0.759975 0.57926 0.294781 -0.337072 -0.165681 0.265902 -0.949656 0.863134
0 52 0 1 0 0 0 0 1 0 0 0 0 1 0
0 53 14 -0.350718 -0.771324 -0.531089 0.104852 -0.912853 0.408166 0.010028 -0.333341 0.209037 0.488323 -0.847257 0.936958
0 54 0 1 0 0 0 0 1 0 0 0 0 1 0
0 55 0 1 0 0 0 0 1 0 0 0 0 1 0
0 56 32 0.405805 0.731571 0.547838 -0.0411123 0.869562 -0.493595 0.0150192 0.243204 0.281398 0.470284 -0.83645 0.969104
0 57 0 1 0 0 0 0 1 0 0 0 0 1 0
0 58 0 1 0 0 0 0 1 0 0 0 0 1 0
0 59 0 1 0 0 0 0 1 0 0 0 0 1 0
0 60 0 1 0 0 0 0 1 0 0 0 0 1 0
0 61 0 1 0 0 0 0 1 0 0 0 0 1 0
0 62 0 1 0 0 0 0 1 0 0 0 0 1 0
0 63 0 1 0 0 0 0 1 0 0 0 0 1 0
0 64 0 1 0 0 0 0 1 0 0 0 0 1 0
0 65 0 1 0 0 0 0 1 0 0 0 0 1 0
0 66 0 1 0 0 0 0 1 0 0 0 0 1 0
0 67 0 1 0 0 0 0 1 0 0 0 0 1 0
0 68 0 1 0 0 0 0 1 0 0 0 0 1 0
0 69 83 -0.704396 -0.0375448 -0.708814 0.307555 0.0323725 0.995862 -0.0849201 0.156231 0.709069 -0.0827634 -0.700265 0.938617
0 70 35 0.997036 -0.0116543 -0.0760456 0.201623 0.0328763 0.958203 0.284193 -0.243767 0.069555 -0.285851 0.955746 -0.948644
0 71 73 0.988696 -0.149823 -0.0058082 -0.066638 0.148559 0.973647 0.173038 -0.228095 -0.0202698 -0.171944 0.984898 -0.971356
0 72 157 0.986152 -0.150816 0.0689778 -0.404404 0.134147 0.969964 0.202914 0.0582009 -0.0975086 -0.19085 0.976764 0.912727
0 73 258 0.968532 -0.246573 -0.0338835 0.155468 0.248883 0.960524 0.124298 -0.0990648 0.0018974 -0.128819 0.991666 -0.982861
0 74 201 0.872336 -0.423179 0.244847 -0.912649 0.449752 0.890966 -0.0624762 0.407774 -0.191711 0.164621 0.967547 -0.0281599
0 75 324 0.707648 -0.277311 0.649871 -0.830527 0.563181 0.776808 -0.281773 0.296494 -0.426687 0.565391 0.705883 0.471505
0 76 97 0.885323 -0.460332 -0.0655498 -0.167998 0.462997 0.885744 0.033038 -0.0170978 0.0428519 -0.0595987 0.997302 0.985639
0 77 127 0.867415 -0.493706 -0.0620182 -0.288079 0.492835 0.869616 -0.0297044 -0.137261 0.0685973 -0.00479869 0.997633 0.947718
0 78 52 0.764078 -0.644126 -0.0358682 -0.00111195 0.640952 0.764275 -0.0711639 0.0971573 0.0732517 0.031385 0.99682 -0.995268
0 79 0 1 0 0 0 0 1 0 0 0 0 1 0
0 80 0 1 0 0 0 0 1 0 0 0 0 1 0
0 81 0 1 0 0 0 0 1 0 0 0 0 1 0
0 82 0 1 0 0 0 0 1 0 0 0 0 1 0
0 83 0 1 0 0 0 0 1 0 0 0 0 1 0
0 84 0 1 0 0 0 0 1 0 0 0 0 1 0
0 85 57 0.492941 -0.475457 0.728663 -0.89224 0.390752 0.86925 0.302847 -0.326418 -0.777381 0.13544 0.614275 0.312024
0 86 135 0.654409 -0.393837 0.645478 -0.965254 0.304866 0.918614 0.251406 -0.194622 -0.691958 0.0322619 0.721216 0.174375
0 87 198 0.92079 -0.342084 0.187417 -0.660626 0.317407 0.936395 0.14972 -0.183361 -0.226714 -0.0783734 0.970803 -0.727978
0 88 996 0.943827 -0.22474 0.242244 -0.753957 0.215705 0.974388 0.0635554 -0.00469976 -0.250323 -0.00773196 0.968131 -0.656907
0 89 1896 0.993576 -0.054274 0.0993041 -0.225003 0.0617097 0.995391 -0.0734048 0.178841 -0.0948625 0.0790613 0.992346 -0.957805
0 90 594 0.997784 0.0284411 -0.0601488 0.127661 -0.0432898 0.964019 -0.262285 0.26451 0.0505249 0.264308 0.963114 -0.955896
0 91 73 0.940551 -0.33123 -0.0751712 0.101499 -0.0960863 -0.0472023 -0.994253 0.735676 0.325778 0.942369 -0.0762228 0.669686
0 92 85 0.98821 0.0280071 0.150522 -0.176368 -0.0140148 0.995546 -0.0932278 0.0797083 -0.152463 0.0900191 0.984201 -0.981092
0 93 77 0.966407 0.177623 0.18576 -0.122862 -0.218512 0.187312 0.957688 -0.94166 0.135313 -0.966108 0.219832 0.31334
0 94 126 0.993983 -0.104007 -0.0343532 0.155003 0.104275 0.99453 0.00607381 0.0511115 0.0335336 -0.00961943 0.999391 -0.986591
0 95 230 0.938923 -0.0995067 -0.329426 0.702018 0.0302584 0.977446 -0.209006 0.423218 0.342794 0.186273 0.920758 -0.572764
0 96 50 0.285762 -0.217656 -0.933255 0.880897 -0.0733156 0.966045 -0.247752 0.301597 0.955492 0.139221 0.260102 0.364774
0 97 0 1 0 0 0 0 1 0 0 0 0 1 0
0 98 21 0.997532 0.0503883 -0.048906 0.119215 -0.0566092 0.989156 -0.135518 0.303645 0.0415472 0.137952 0.989567 -0.945298
0 99 0 1 0 0 0 0 1 0 0 0 0 1 0
0 100 0 1 0 0 0 0 1 0 0 0 0 1 0
0 101 0 1 0 0 0 0 1 0 0 0 0 1 0
0 102 0 1 0 0 0 0 1 0 0 0 0 1 0
0 103 0 1 0 0 0 0 1 0 0 0 0 1 0
0 104 0 1 0 0 0 0 1 0 0 0 0 1 0
0 105 0 1 0 0 0 0 1 0 0 0 0 1 0
0 106 0 1 0 0 0 0 1 0 0 0 0 1 0
0 107 0 1 0 0 0 0 1 0 0 0 0 1 0
0 108 0 1 0 0 0 0 1 0 0 0 0 1 0
0 109 0 1 0 0 0 0 1 0 0 0 0 1 0
0 110 0 1 0 0 0 0 1 0 0 0 0 1 0
0 111 0 1 0 0 0 0 1 0 0 0 0 1 0
0 112 0 1 0 0 0 0 1 0 0 0 0 1 0
0 113 0 1 0 0 0 0 1 0 0 0 0 1 0
0 114 0 1 0 0 0 0 1 0 0 0 0 1 0
0 115 33 0.471739 0.718367 0.511284 -0.4251 0.635165 0.125336 -0.762139 -0.24554 -0.611578 0.68428 -0.397155 0.871206
0 116 0 1 0 0 0 0 1 0 0 0 0 1 0
0 117 0 1 0 0 0 0 1 0 0 0 0 1 0
0 118 0 1 0 0 0 0 1 0 0 0 0 1 0
0 119 0 1 0 0 0 0 1 0 0 0 0 1 0
0 120 0 1 0 0 0 0 1 0 0 0 0 1 0
0 121 0 1 0 0 0 0 1 0 0 0 0 1 0
0 122 0 1 0 0 0 0 1 0 0 0 0 1 0
0 123 37 -0.250986 -0.700225 0.668349 -0.352549 -0.192557 0.712768 0.674451 -0.491929 -0.948645 0.0405825 -0.313728 0.796062
0 124 0 1 0 0 0 0 1 0 0 0 0 1 0
0 125 27 0.935189 -0.350243 0.0524492 0.147905 0.350971 0.896782 -0.269446 0.368637 0.0473359 0.270391 0.961586 -0.917731
0 126 133 0.943446 -0.331496 0.00452154 -0.0434309 0.327121 0.928604 -0.175175 0.129016 0.0538711 0.166747 0.984527 -0.990691
0 127 301 0.931857 0.141791 0.333974 -0.601816 0.0357658 0.880096 -0.473447 0.797218 -0.36106 0.453129 0.815052 0.0475416
0 128 398 0.990321 0.0660132 0.122093 -0.529111 -0.050665 0.990888 -0.124798 0.804235 -0.129219 0.117405 0.984641 -0.270643
0 129 479 0.96478 0.0563319 0.256957 -0.687392 -0.0727056 0.995854 0.054665 0.654538 -0.252812 -0.0714219 0.964876 -0.314759
0 130 168 0.98929 -0.0121881 0.145454 -0.527494 -0.0245066 0.968493 0.247833 0.197205 -0.143892 -0.248743 0.957822 -0.826354
0 131 123 0.969596 -0.104546 0.221257 -0.523408 -0.0253088 0.85646 0.515593 -0.405889 -0.243401 -0.505516 0.827774 -0.749198
0 132 18 0.931535 0.235542 0.277062 -0.388356 -0.293513 0.936795 0.190437 0.0865459 -0.214695 -0.25872 0.941791 -0.917436
0 133 0 1 0 0 0 0 1 0 0 0 0 1 0
0 134 0 1 0 0 0 0 1 0 0 0 0 1 0
0 135 0 1 0 0 0 0 1 0 0 0 0 1 0
0 136 0 1 0 0 0 0 1 0 0 0 0 1 0
0 137 87 0.476609 -0.831155 -0.286401 0.0693086 -0.620429 -0.548819 0.560237 -0.357601 -0.622826 -0.0893221 -0.777245 0.931299
0 138 41 0.743864 0.457199 0.487479 -0.0338602 -0.550559 0.832698 0.0591466 0.118819 -0.378881 -0.312383 0.871129 0.992338
0 139 280 0.995114 0.0515566 0.0842049 -0.54048 -0.0870256 0.860842 0.501376 -0.840791 -0.0466378 -0.506254 0.861122 0.0308541
0 140 1624 0.999829 0.00054084 0.0185048 -0.732402 -0.00417218 0.980441 0.196771 -0.660347 -0.0180364 -0.196815 0.980275 -0.165918
0 141 1777 0.997918 -0.0356419 0.0537551 -0.976917 0.0266123 0.986725 0.160204 0.158956 -0.0587515 -0.15844 0.985619 -0.14271
0 142 1135 0.942284 -0.0563545 0.330038 -0.90621 0.0973308 0.989269 -0.108968 0.390443 -0.320356 0.134801 0.937657 0.162291
0 143 376 0.796017 -0.13403 0.590248 -0.876482 0.250336 0.960763 -0.119442 0.288345 -0.55108 0.242838 0.798336 0.385535
0 144 56 0.708657 -0.200648 0.676421 -0.893231 0.284825 0.958476 -0.0140848 0.179915 -0.645507 0.202643 0.736381 0.41203
0 145 0 1 0 0 0 0 1 0 0 0 0 1 0
0 146 0 1 0 0 0 0 1 0 0 0 0 1 0
0 147 0 1 0 0 0 0 1 0 0 0 0 1 0
0 148 0 1 0 0 0 0 1 0 0 0 0 1 0
0 149 0 1 0 0 0 0 1 0 0 0 0 1 0
0 150 0 1 0 0 0 0 1 0 0 0 0 1 0
0 151 0 1 0 0 0 0 1 0 0 0 0 1 0
0 152 0 1 0 0 0 0 1 0 0 0 0 1 0
0 153 0 1 0 0 0 0 1 0 0 0 0 1 0
0 154 0 1 0 0 0 0 1 0 0 0 0 1 0
0 155 0 1 0 0 0 0 1 0 0 0 0 1 0
0 156 0 1 0 0 0 0 1 0 0 0 0 1 0
0 157 0 1 0 0 0 0 1 0 0 0 0 1 0
0 158 0 1 0 0 0 0 1 0 0 0 0 1 0
0 159 0 1 0 0 0 0 1 0 0 0 0 1 0
0 160 28 0.149603 -0.488573 -0.859602 0.427566 -0.933761 -0.355692 0.0396562 -0.260006 -0.325129 0.796731 -0.509423 0.865785
1 2 2108 0.967182 0.0531215 -0.248469 0.96398 -0.0651918 0.997046 -0.0405997 0.0773134 0.245579 0.0554655 0.967788 -0.254491
1 3 616 0.875356 0.106273 -0.471655 0.996506 -0.123662 0.992307 -0.00592161 0.0249403 0.467397 0.0635095 0.881763 0.0797086
1 4 31 0.886263 0.411401 0.212808 0.314581 -0.430077 0.901498 0.0483266 -0.317827 -0.171964 -0.134354 0.975898 -0.894441
1 5 45 -0.000225884 0.221283 -0.97521 0.729151 -0.245231 0.945419 0.21458 -0.125259 0.969465 0.2392 0.0540519 0.672791
1 6 0 1 0 0 0 0 1 0 0 0 0 1 0
1 7 0 1 0 0 0 0 1 0 0 0 0 1 0
1 8 0 1 0 0 0 0 1 0 0 0 0 1 0
1 9 0 1 0 0 0 0 1 0 0 0 0 1 0
1 10 0 1 0 0 0 0 1 0 0 0 0 1 0
1 11 0 1 0 0 0 0 1 0 0 0 0 1 0
1 12 0 1 0 0 0 0 1 0 0 0 0 1 0
1 13 0 1 0 0 0 0 1 0 0 0 0 1 0
1 14 0 1 0 0 0 0 1 0 0 0 0 1 0
1 15 0 1 0 0 0 0 1 0 0 0 0 1 0
1 16 0 1 0 0 0 0 1 0 0 0 0 1 0
1 17 0 1 0 0 0 0 1 0 0 0 0 1 0
1 18 0 1 0 0 0 0 1 0 0 0 0 1 0
1 19 0 1 0 0 0 0 1 0 0 0 0 1 0
1 20 17 0.969862 -0.239383 0.0454283 0.00644947 0.23079 0.962326 0.143751 0.193332 -0.0781285 -0.128934 0.988571 -0.981112
1 21 60 0.994487 -0.085416 0.0608197 -0.0177179 -0.104179 -0.870699 0.480656 -0.441765 0.0118999 -0.484342 -0.874798 0.896956
1 22 20 0.400294 -0.884684 -0.238953 -0.0308886 -0.908365 -0.41749 0.0239974 -0.200814 -0.120991 0.20745 -0.970735 0.979142
1 23 0 1 0 0 0 0 1 0 0 0 0 1 0
1 24 0 1 0 0 0 0 1 0 0 0 0 1 0
1 25 0 1 0 0 0 0 1 0 0 0 0 1 0
1 26 0 1 0 0 0 0 1 0 0 0 0 1 0
1 27 0 1 0 0 0 0 1 0 0 0 0 1 0
1 28 0 1 0 0 0 0 1 0 0 0 0 1 0
1 29 0 1 0 0 0 0 1 0 0 0 0 1 0
1 30 0 1 0 0 0 0 1 0 0 0 0 1 0
1 31 0 1 0 0 0 0 1 0 0 0 0 1 0
1 32 0 1 0 0 0 0 1 0 0 0 0 1 0
1 33 0 1 0 0 0 0 1 0 0 0 0 1 0
1 34 0 1 0 0 0 0 1 0 0 0 0 1 0
1 35 0 1 0 0 0 0 1 0 0 0 0 1 0
1 36 0 1 0 0 0 0 1 0 0 0 0 1 0
1 37 0 1 0 0 0 0 1 0 0 0 0 1 0
1 38 36 0.81924 -0.553502 -0.149939 0.00547655 0.558663 0.829345 -0.00910702 0.1698 0.129392 -0.0763047 0.988653 0.985463
1 39 0 1 0 0 0 0 1 0 0 0 0 1 0
1 40 0 1 0 0 0 0 1 0 0 0 0 1 0
1 41 25 0.676565 -0.436269 0.593237 0.286244 0.466797 0.877154 0.112699 0.0952703 -0.569527 0.200673 0.797101 0.953408
1 42 206 -0.257343 -0.0780657 0.963162 -0.595599 0.241491 0.959909 0.142325 -0.163374 -0.935658 0.269222 -0.228174 0.786493
1 43 123 0.0209468 -0.416562 0.908866 -0.506876 -0.202182 0.888518 0.411895 -0.179217 -0.979124 -0.192384 -0.0656096 0.843183
1 44 36 0.894128 -0.439584 0.0854423 -0.325407 0.43757 0.898201 0.0420369 -0.107979 -0.0952231 -0.000199394 0.995456 -0.939389
1 45 153 -0.0165786 -0.473883 0.880432 -0.432028 -0.0746021 0.878684 0.471538 -0.294681 -0.997076 -0.0578646 -0.04992 0.852359
1 46 340 0.654606 -0.279306 0.702481 -0.796304 0.378338 0.925539 0.0154391 -0.0942099 -0.654486 0.255669 0.711535 0.597515
1 47 125 0.15578 -0.119827 0.980497 -0.60293 0.265821 0.961083 0.0752214 -0.0604466 -0.951353 0.248918 0.18157 0.795501
1 48 77 0.897402 -0.434761 0.0751831 0.420714 0.437598 0.898801 -0.0257764 0.0485645 -0.0563681 0.0560318 0.996837 0.905892
1 49 42 0.895488 -0.404437 0.185827 -0.0129993 0.404995 0.913583 0.036692 -0.0725306 -0.184608 0.0424019 0.981897 0.997281
1 50 0 1 0 0 0 0 1 0 0 0 0 1 0
1 51 0 1 0 0 0 0 1 0 0 0 0 1 0
1 52 0 1 0 0 0 0 1 0 0 0 0 1 0
1 53 0 1 0 0 0 0 1 0 0 0 0 1 0
1 54 0 1 0 0 0 0 1 0 0 0 0 1 0
1 55 0 1 0 0 0 0 1 0 0 0 0 1 0
1 56 0 1 0 0 0 0 1 0 0 0 0 1 0
1 57 0 1 0 0 0 0 1 0 0 0 0 1 0
1 58 0 1 0 0 0 0 1 0 0 0 0 1 0
1 59 0 1 0 0 0 0 1 0 0 0 0 1 0
1 60 0 1 0 0 0 0 1 0 0 0 0 1 0
1 61 0 1 0 0 0 0 1 0 0 0 0 1 0
1 62 0 1 0 0 0 0 1 0 0 0 0 1 0
1 63 0 1 0 0 0 0 1 0 0 0 0 1 0
1 64 0 1 0 0 0 0 1 0 0 0 0 1 0
1 65 0 1 0 0 0 0 1 0 0 0 0 1 0
1 66 0 1 0 0 0 0 1 0 0 0 0 1 0
1 67 0 1 0 0 0 0 1 0 0 0 0 1 0
1 68 121 0.870549 -0.319956 -0.373862 0.423594 -0.057502 0.688406 -0.723043 0.814749 0.48871 0.650942 0.580893 0.395919
1 69 185 0.55123 0.11453 -0.826455 0.725287 0.00533058 0.99003 0.140754 0.0245418 0.834336 -0.0819933 0.545124 0.688009
1 70 79 0.995612 0.0850485 -0.03904 0.100192 -0.0760253 0.978347 0.192501 -0.291731 0.0545667 -0.188688 0.98052 -0.951238
1 71 237 0.972859 -0.231358 -0.00430352 0.245547 0.229696 0.963284 0.139011 -0.452561 -0.0280158 -0.136226 0.990282 -0.85726
1 72 210 0.953025 -0.302866 0.00382688 0.148952 0.300344 0.946574 0.117434 0.230539 -0.0391892 -0.110768 0.993073 0.961595
1 73 210 0.724777 -0.331086 0.604219 -0.963287 0.333444 0.935985 0.112904 -0.113141 -0.60292 0.119643 0.788779 0.243469
1 74 144 0.791187 -0.471262 0.389789 -0.914564 0.544297 0.833215 -0.0974328 0.277599 -0.278862 0.289249 0.915735 0.294128
1 75 108 0.908015 -0.14447 -0.393239 0.302671 -0.399248 -0.582792 -0.707782 0.395537 -0.126923 0.799676 -0.586863 0.867145
1 76 73 -0.785271 0.503184 0.36077 0.026447 0.497453 0.859668 -0.116239 0.0572301 -0.368632 0.0881872 -0.925383 0.998011
1 77 0 1 0 0 0 0 1 0 0 0 0 1 0
1 78 0 1 0 0 0 0 1 0 0 0 0 1 0
1 79 0 1 0 0 0 0 1 0 0 0 0 1 0
1 80 0 1 0 0 0 0 1 0 0 0 0 1 0
1 81 0 1 0 0 0 0 1 0 0 0 0 1 0
1 82 0 1 0 0 0 0 1 0 0 0 0 1 0
1 83 0 1 0 0 0 0 1 0 0 0 0 1 0
1 84 0 1 0 0 0 0 1 0 0 0 0 1 0
1 85 0 1 0 0 0 0 1 0 0 0 0 1 0
1 86 85 0.687949 -0.542613 0.481972 0.403057 0.205356 0.782491 0.587823 -0.912046 -0.696099 -0.305417 0.649743 -0.0756104
1 87 99 0.571633 -0.073621 -0.8172 0.926118 -0.0872573 0.984864 -0.149762 0.136965 0.815857 0.156916 0.556557 0.35149
1 88 332 0.710418 -0.301355 0.635996 -0.916563 0.195115 0.952598 0.233425 -0.343055 -0.676192 -0.0417365 0.735542 0.205488
1 89 889 0.945727 -0.129104 0.298215 -0.875768 0.161901 0.982882 -0.0879235 -0.0244039 -0.281759 0.131433 0.950441 -0.482115
1 90 756 0.980957 -0.0548148 0.186331 -0.521965 0.105186 0.956417 -0.272401 0.089702 -0.163278 0.286813 0.94397 -0.848237
1 91 283 0.978277 -0.0533389 0.200322 -0.352799 0.135849 0.894871 -0.425149 0.554645 -0.156585 0.443127 0.882678 -0.753593
1 92 193 0.94028 -0.112727 -0.321195 0.957901 0.0543483 0.981186 -0.185257 0.0861704 0.336035 0.156737 0.928716 -0.273864
1 93 226 0.720577 -0.138618 -0.679377 0.979901 0.039842 0.986471 -0.159019 0.0779822 0.692229 0.0875178 0.716352 0.18361
1 94 570 0.981383 -0.191339 0.0166176 0.0318509 0.182589 0.902655 -0.389711 0.823702 0.059567 0.38549 0.920787 -0.566127
1 95 990 0.965014 -0.201417 -0.167869 0.5356 0.154792 0.954394 -0.255285 0.509187 0.211632 0.220369 0.952181 -0.673692
1 96 394 0.913665 -0.132229 -0.384359 0.845269 0.129211 0.991041 -0.0337927 0.069489 0.385384 -0.0187882 0.922565 -0.529803
1 97 159 0.948275 0.0521795 -0.313134 0.787168 -0.0671907 0.997041 -0.0373325 -0.0431713 0.310259 0.0564411 0.948975 -0.615225
1 98 55 0.973108 -0.197105 -0.119209 0.379726 0.174662 0.968766 -0.176026 0.296535 0.150181 0.150471 0.977141 -0.876285
1 99 0 1 0 0 0 0 1 0 0 0 0 1 0
1 100 0 1 0 0 0 0 1 0 0 0 0 1 0
1 101 0 1 0 0 0 0 1 0 0 0 0 1 0
1 102 0 1 0 0 0 0 1 0 0 0 0 1 0
1 103 0 1 0 0 0 0 1 0 0 0 0 1 0
1 104 0 1 0 0 0 0 1 0 0 0 0 1 0
1 105 0 1 0 0 0 0 1 0 0 0 0 1 0
1 106 0 1 0 0 0 0 1 0 0 0 0 1 0
1 107 0 1 0 0 0 0 1 0 0 0 0 1 0
1 108 0 1 0 0 0 0 1 0 0 0 0 1 0
1 109 0 1 0 0 0 0 1 0 0 0 0 1 0
1 110 0 1 0 0 0 0 1 0 0 0 0 1 0
1 111 0 1 0 0 0 0 1 0 0 0 0 1 0
1 112 0 1 0 0 0 0 1 0 0 0 0 1 0
1 113 0 1 0 0 0 0 1 0 0 0 0 1 0
1 114 0 1 0 0 0 0 1 0 0 0 0 1 0
1 115 0 1 0 0 0 0 1 0 0 0 0 1 0
1 116 0 1 0 0 0 0 1 0 0 0 0 1 0
1 117 0 1 0 0 0 0 1 0 0 0 0 1 0
1 118 0 1 0 0 0 0 1 0 0 0 0 1 0
1 119 0 1 0 0 0 0 1 0 0 0 0 1 0
1 120 0 1 0 0 0 0 1 0 0 0 0 1 0
1 121 0 1 0 0 0 0 1 0 0 0 0 1 0
1 122 0 1 0 0 0 0 1 0 0 0 0 1 0
1 123 0 1 0 0 0 0 1 0 0 0 0 1 0
1 124 0 1 0 0 0 0 1 0 0 0 0 1 0
1 125 0 1 0 0 0 0 1 0 0 0 0 1 0
1 126 60 0.923922 -0.381982 0.0214102 0.0148613 0.375605 0.895015 -0.240561 0.18948 0.0727275 0.230301 0.970398 -0.981772
1 127 202 0.872323 0.0367574 0.487547 -0.888522 0.135734 0.939768 -0.313708 0.425301 -0.469712 0.339831 0.814792 0.172187
1 128 174 0.995769 -0.0297219 -0.0869558 0.387411 0.041459 0.989779 0.136453 -0.319073 0.0820113 -0.139481 0.986823 -0.864931
1 129 65 0.98821 -0.0836826 0.128209 -0.812677 0.0480691 0.964647 0.259123 0.0857938 -0.14536 -0.249905 0.957297 -0.576364
1 130 0 1 0 0 0 0 1 0 0 0 0 1 0
1 131 0 1 0 0 0 0 1 0 0 0 0 1 0
1 132 0 1 0 0 0 0 1 0 0 0 0 1 0
1 133 0 1 0 0 0 0 1 0 0 0 0 1 0
1 134 0 1 0 0 0 0 1 0 0 0 0 1 0
1 135 0 1 0 0 0 0 1 0 0 0 0 1 0
1 136 0 1 0 0 0 0 1 0 0 0 0 1 0
1 137 0 1 0 0 0 0 1 0 0 0 0 1 0
1 138 28 -0.90913 -0.369232 0.192743 0.00767354 -0.351109 0.928321 0.122244 0.145364 -0.224064 0.0434618 -0.973605 0.989349
1 139 42 0.980423 -0.108108 -0.16457 -0.2637 0.123069 0.988872 0.0835815 0.098502 0.153703 -0.102199 0.982818 0.959562
1 140 413 0.989424 -0.0806212 0.120583 -0.901662 0.0683214 0.992345 0.102877 -0.341325 -0.127954 -0.0935505 0.987358 0.265525
1 141 721 0.9209 -0.110712 0.373745 -0.93751 0.0580233 0.987069 0.149425 -0.0191315 -0.385455 -0.11592 0.915416 0.347433
1 142 448 0.880733 -0.129208 0.455647 -0.901975 0.184357 0.979717 -0.0785289 0.0864462 -0.436258 0.153165 0.88669 0.423045
1 143 120 0.944188 -0.32629 0.0452077 0.0213216 0.326426 0.945212 0.00455974 -0.0222648 -0.0442187 0.0104517 0.998967 -0.999525
1 144 0 1 0 0 0 0 1 0 0 0 0 1 0
1 145 0 1 0 0 0 0 1 0 0 0 0 1 0
1 146 0 1 0 0 0 0 1 0 0 0 0 1 0
1 147 0 1 0 0 0 0 1 0 0 0 0 1 0
1 148 0 1 0 0 0 0 1 0 0 0 0 1 0
1 149 0 1 0 0 0 0 1 0 0 0 0 1 0
1 150 0 1 0 0 0 0 1 0 0 0 0 1 0
1 151 0 1 0 0 0 0 1 0 0 0 0 1 0
1 152 0 1 0 0 0 0 1 0 0 0 0 1 0
1 153 0 1 0 0 0 0 1 0 0 0 0 1 0
1 154 0 1 0 0 0 0 1 0 0 0 0 1 0
1 155 0 1 0 0 0 0 1 0 0 0 0 1 0
1 156 0 1 0 0 0 0 1 0 0 0 0 1 0
1 157 0 1 0 0 0 0 1 0 0 0 0 1 0
1 158 0 1 0 0 0 0 1 0 0 0 0 1 0
1 159 0 1 0 0 0 0 1 0 0 0 0 1 0
1 160 0 1 0 0 0 0 1 0 0 0 0 1 0
2 3 2106 0.981343 0.0742472 -0.177353 0.986759 -0.0681056 0.996857 0.0404783 -0.0144436 0.1798 -0.0276444 0.983315 0.161552
2 4 451 0.923158 0.219067 -0.315894 0.976838 -0.198716 0.975375 0.0956852 -0.0173049 0.329076 -0.0255594 0.943957 0.213279
2 5 223 0.850224 0.25444 -0.460847 0.892755 -0.231399 0.966961 0.106962 -0.0860063 0.472836 0.0156981 0.88101 0.442258
2 6 72 0.834073 0.242699 -0.495398 0.222161 -0.243211 0.967816 0.0646596 0.189795 0.495147 0.0665556 0.866256 -0.956359
2 7 183 0.397548 0.47541 -0.784819 0.803788 -0.310676 0.874535 0.372383 -0.317192 0.863386 0.0957843 0.495368 0.503302
2 8 87 0.611009 0.463894 -0.64146 -0.380699 -0.373386 0.883393 0.283195 -0.0685954 0.698034 0.0664778 0.712973 0.922151
2 9 19 0.980499 -0.174615 0.0901768 -0.483717 -0.175277 -0.984519 -0.000580096 -0.104335 0.0888821 -0.0152372 -0.995926 0.868983
2 10 78 0.459227 0.809725 0.365316 -0.345434 0.861461 -0.5063 0.0393019 -0.364603 0.216783 0.296657 -0.930054 0.86472
2 11 13 -0.251327 -0.939159 0.234127 0.341553 -0.0647026 0.257652 0.964069 -0.349744 -0.965737 0.227148 -0.125521 0.872365
2 12 23 -0.107292 0.938913 -0.327004 0.153606 0.874801 -0.0671412 -0.479808 -0.366809 -0.472453 -0.337543 -0.814158 0.917527
2 13 35 0.639225 -0.717938 0.275603 0.0269587 0.492381 0.657382 0.570448 -0.337129 -0.590722 -0.228943 0.773713 0.941072
2 14 46 -0.133253 -0.0235329 0.990803 -0.416382 0.322265 0.944362 0.0657712 -0.0304651 -0.937224 0.328065 -0.118255 0.908679
2 15 0 1 0 0 0 0 1 0 0 0 0 1 0
2 16 18 0.291467 0.941521 0.169073 -0.424106 0.929841 -0.320357 0.181014 -0.325704 0.224592 0.104451 -0.968839 0.845016
2 17 0 1 0 0 0 0 1 0 0 0 0 1 0
2 18 0 1 0 0 0 0 1 0 0 0 0 1 0
2 19 0 1 0 0 0 0 1 0 0 0 0 1 0
2 20 0 1 0 0 0 0 1 0 0 0 0 1 0
2 21 0 1 0 0 0 0 1 0 0 0 0 1 0
2 22 0 1 0 0 0 0 1 0 0 0 0 1 0
2 23 42 -0.698979 -0.14801 0.699658 0.358061 -0.530309 -0.549103 -0.645955 -0.34475 0.479792 -0.822544 0.30532 0.867721
2 24 0 1 0 0 0 0 1 0 0 0 0 1 0
2 25 28 -0.428202 0.75026 0.503739 0.144396 0.732251 0.614728 -0.293117 0.254612 -0.529576 0.24335 -0.812607 0.956202
2 26 0 1 0 0 0 0 1 0 0 0 0 1 0
2 27 0 1 0 0 0 0 1 0 0 0 0 1 0
2 28 0 1 0 0 0 0 1 0 0 0 0 1 0
2 29 0 1 0 0 0 0 1 0 0 0 0 1 0
2 30 0 1 0 0 0 0 1 0 0 0 0 1 0
2 31 0 1 0 0 0 0 1 0 0 0 0 1 0
2 32 0 1 0 0 0 0 1 0 0 0 0 1 0
2 33 0 1 0 0 0 0 1 0 0 0 0 1 0
2 34 0 1 0 0 0 0 1 0 0 0 0 1 0
2 35 0 1 0 0 0 0 1 0 0 0 0 1 0
2 36 0 1 0 0 0 0 1 0 0 0 0 1 0
2 37 0 1 0 0 0 0 1 0 0 0 0 1 0
2 38 0 1 0 0 0 0 1 0 0 0 0 1 0
2 39 0 1 0 0 0 0 1 0 0 0 0 1 0
2 40 28 0.424517 -0.900055 -0.0984207 0.0554867 -0.901532 -0.410126 -0.137974 -0.165179 0.083819 0.147302 -0.985534 0.984701
2 41 0 1 0 0 0 0 1 0 0 0 0 1 0
2 42 22 0.755602 -0.589349 -0.28589 0.0999926 0.563733 0.807343 -0.174364 0.00515205 0.333573 -0.0294154 0.942265 0.994975
2 43 0 1 0 0 0 0 1 0 0 0 0 1 0
2 44 0 1 0 0 0 0 1 0 0 0 0 1 0
2 45 0 1 0 0 0 0 1 0 0 0 0 1 0
2 46 0 1 0 0 0 0 1 0 0 0 0 1 0
2 47 37 0.0550702 -0.995131 0.0817351 0.305319 -0.995184 -0.0480558 0.0854356 -0.108107 -0.0810918 -0.0860464 -0.992985 0.946094
2 48 0 1 0 0 0 0 1 0 0 0 0 1 0
2 49 0 1 0 0 0 0 1 0 0 0 0 1 0
2 50 0 1 0 0 0 0 1 0 0 0 0 1 0
2 51 0 1 0 0 0 0 1 0 0 0 0 1 0
2 52 0 1 0 0 0 0 1 0 0 0 0 1 0
2 53 0 1 0 0 0 0 1 0 0 0 0 1 0
2 54 49 0.391358 0.825686 -0.406302 0.37631 0.871582 -0.474246 -0.124238 -0.300014 -0.295269 -0.305503 -0.905253 0.876574
2 55 0 1 0 0 0 0 1 0 0 0 0 1 0
2 56 0 1 0 0 0 0 1 0 0 0 0 1 0
2 57 0 1 0 0 0 0 1 0 0 0 0 1 0
2 58 31 -0.0473198 -0.938346 0.342445 -0.286449 -0.997861 0.0289289 -0.0586177 0.204371 0.0450972 -0.344486 -0.937708 0.936045
2 59 31 -0.127649 -0.982743 -0.133871 -0.289708 -0.990167 0.118482 0.0743797 0.233309 -0.0572349 0.142049 -0.988204 0.928244
2 60 0 1 0 0 0 0 1 0 0 0 0 1 0
2 61 22 -0.313582 -0.646416 0.695566 0.372862 -0.0254173 0.737965 0.67436 0.0519433 -0.949221 0.193788 -0.247843 0.926432
2 62 0 1 0 0 0 0 1 0 0 0 0 1 0
2 63 0 1 0 0 0 0 1 0 0 0 0 1 0
2 64 21 0.980351 -0.192463 0.0432463 0.259107 0.191115 0.872394 -0.449894 -0.075831 0.0488602 0.449319 0.892034 0.962867
2 65 27 0.976675 0.156874 -0.146616 0.210452 -0.116163 0.960292 0.253665 0.0721604 0.180588 -0.230717 0.956116 0.974937
2 66 23 -0.0204985 0.893525 0.448544 -0.174572 0.927441 -0.150566 0.342319 0.0815617 0.373407 0.423016 -0.825606 0.981261
2 67 84 0.986451 0.0284265 0.161573 -0.175854 -0.0714124 0.961073 0.266906 -0.0215062 -0.147697 -0.274828 0.950082 0.984181
2 68 337 0.981636 -0.164657 0.096322 0.00760282 0.179733 0.967518 -0.17778 0.947795 -0.0639204 0.191828 0.979345 0.318789
2 69 199 0.995406 -0.0862069 -0.0416554 -0.216713 0.0925002 0.978179 0.186037 -0.108848 0.0247087 -0.189035 0.981659 0.970148
2 70 268 0.779064 -0.00346926 0.626935 -0.908467 -0.135146 0.975546 0.173338 0.0815937 -0.612205 -0.219769 0.759544 0.409916
2 71 246 0.939989 -0.340167 0.0265796 -0.267806 0.334621 0.934281 0.12308 0.116322 -0.0667005 -0.1068 0.992041 0.956425
2 72 122 -0.667022 -0.235879 0.706713 -0.25989 -0.315298 0.948801 0.0190912 0.106936 -0.675033 -0.210091 -0.707243 0.959699
2 73 17 0.706634 -0.700827 0.0975197 -0.291641 0.700686 0.712263 0.0414711 -0.114104 -0.0985238 0.0390259 0.994369 -0.949698
2 74 0 1 0 0 0 0 1 0 0 0 0 1 0
2 75 31 -0.146549 0.818556 -0.555418 0.364198 0.989019 0.132085 -0.0662939 -0.168868 0.019097 -0.559034 -0.828925 0.915884
2 76 0 1 0 0 0 0 1 0 0 0 0 1 0
2 77 0 1 0 0 0 0 1 0 0 0 0 1 0
2 78 0 1 0 0 0 0 1 0 0 0 0 1 0
2 79 0 1 0 0 0 0 1 0 0 0 0 1 0
2 80 0 1 0 0 0 0 1 0 0 0 0 1 0
2 81 0 1 0 0 0 0 1 0 0 0 0 1 0
2 82 24 -0.268507 -0.752874 -0.600904 -0.335024 0.828448 0.137811 -0.542846 -0.225073 0.491506 -0.643575 0.586713 0.914932
2 83 0 1 0 0 0 0 1 0 0 0 0 1 0
2 84 0 1 0 0 0 0 1 0 0 0 0 1 0
2 85 0 1 0 0 0 0 1 0 0 0 0 1 0
2 86 0 1 0 0 0 0 1 0 0 0 0 1 0
2 87 0 1 0 0 0 0 1 0 0 0 0 1 0
2 88 138 0.53128 -0.394299 0.749847 -0.835218 0.215485 0.918876 0.330505 -0.346519 -0.819334 -0.01401 0.573145 0.427007
2 89 233 0.899954 -0.205616 0.384454 -0.985707 0.233607 0.971956 -0.0270156 -0.168391 -0.368117 0.114124 0.922749 0.00518904
2 90 231 0.92981 -0.1406 0.340125 -0.87407 0.237645 0.935031 -0.263137 0.0474525 -0.28103 0.325497 0.902814 -0.483476
2 91 180 0.980437 -0.176462 0.0872051 -0.0629004 0.194766 0.933784 -0.300191 0.279937 -0.0284584 0.311303 0.949885 -0.957956
2 92 162 0.981693 -0.124348 0.144281 -0.232421 0.150964 0.969852 -0.191302 0.27238 -0.116144 0.209581 0.970869 -0.933697
2 93 279 0.894935 -0.140425 0.423522 -0.716349 0.3277 0.85105 -0.410276 0.664263 -0.302826 0.505959 0.807652 -0.213539
2 94 1106 0.917947 -0.272503 0.288299 -0.653678 0.354062 0.890554 -0.285576 0.659808 -0.178925 0.364219 0.913964 -0.37062
2 95 2814 0.959212 -0.267644 0.090987 -0.226573 0.279196 0.947377 -0.156606 0.475296 -0.0442845 0.175621 0.983461 -0.850152
2 96 2287 0.939848 -0.192686 -0.28206 0.783751 0.208356 0.977698 0.0263557 -0.0366266 0.270691 -0.0835391 0.959035 -0.619994
2 97 741 0.892745 0.0313909 -0.449467 0.931996 0.0183527 0.994209 0.105888 -0.326419 0.450188 -0.10278 0.886999 -0.157591
2 98 114 0.975016 -0.0708848 -0.210523 0.830892 0.0449733 0.991084 -0.125417 0.123916 0.217536 0.112816 0.969511 -0.54246
2 99 0 1 0 0 0 0 1 0 0 0 0 1 0
2 100 20 0.613081 -0.789918 0.0127031 -0.458454 0.708112 0.542317 -0.452183 0.332739 0.350299 0.28622 0.891835 -0.824078
2 101 0 1 0 0 0 0 1 0 0 0 0 1 0
2 102 0 1 0 0 0 0 1 0 0 0 0 1 0
2 103 16 0.542666 0.637968 0.546361 -0.184212 0.831375 -0.500664 -0.241143 -0.367722 0.119701 0.585091 -0.802085 0.911508
2 104 0 1 0 0 0 0 1 0 0 0 0 1 0
2 105 0 1 0 0 0 0 1 0 0 0 0 1 0
2 106 22 -0.151493 -0.905895 0.395479 -0.252611 -0.866284 0.31436 0.388239 -0.337375 -0.476026 -0.283782 -0.832386 0.906844
2 107 0 1 0 0 0 0 1 0 0 0 0 1 0
2 108 68 -0.959392 0.271675 -0.0758925 -0.0128993 0.272859 0.962038 -0.00549786 0.231634 0.0715179 -0.0259826 -0.997101 0.972718
2 109 31 0.832682 0.0181961 0.553452 0.243259 -0.0244662 0.999693 0.00394264 -0.352635 -0.553211 -0.0168238 0.832871 0.903589
2 110 70 0.224958 -0.870811 0.437129 0.345896 0.691735 -0.173224 -0.701067 -0.291704 0.686219 0.460089 0.563403 0.891776
2 111 0 1 0 0 0 0 1 0 0 0 0 1 0
2 112 26 -0.0824359 -0.990044 -0.114095 -0.0985626 -0.950853 0.0438481 0.306524 0.0411316 -0.298469 0.133756 -0.945 0.99428
2 113 0 1 0 0 0 0 1 0 0 0 0 1 0
2 114 0 1 0 0 0 0 1 0 0 0 0 1 0
2 115 25 -0.865402 0.487797 0.114607 -0.42416 -0.41099 -0.560152 -0.719247 -0.253349 -0.286649 -0.66954 0.685236 0.869426
2 116 0 1 0 0 0 0 1 0 0 0 0 1 0
2 117 39 -0.72557 -0.0333342 0.687341 -0.374791 0.276502 0.900528 0.335554 -0.112875 -0.630155 0.433519 -0.644178 0.920212
2 118 0 1 0 0 0 0 1 0 0 0 0 1 0
2 119 0 1 0 0 0 0 1 0 0 0 0 1 0
2 120 21 -0.665648 0.541528 0.513478 0.127073 -0.68065 -0.72268 -0.120204 -0.137049 0.305987 -0.429513 0.849642 0.98238
2 121 0 1 0 0 0 0 1 0 0 0 0 1 0
2 122 58 0.405245 -0.877175 0.257568 -0.272159 -0.838451 -0.244314 0.487145 -0.253183 -0.364384 -0.413371 -0.834475 0.928347
2 123 64 0.294744 -0.356401 -0.886625 0.25863 -0.28303 -0.918771 0.275234 -0.355221 -0.912699 0.169817 -0.371674 0.898292
2 124 26 -0.0250597 0.953546 0.300203 0.189378 0.975289 0.0892578 -0.2021 -0.111674 -0.219507 0.28772 -0.93222 0.975533
2 125 32 -0.680942 -0.0413412 -0.731169 0.522829 -0.64613 -0.436049 0.6264 -0.372931 -0.344722 0.898973 0.270213 0.766533
2 126 84 0.86113 -0.506983 -0.0377405 0.279642 0.481255 0.836853 -0.260904 0.000811666 0.163857 0.206509 0.964627 0.960104
2 127 0 1 0 0 0 0 1 0 0 0 0 1 0
2 128 132 -0.0327653 0.0182716 0.999296 -0.64792 -0.0964615 0.995108 -0.0213578 0.135226 -0.994797 -0.0970933 -0.0308424 0.749609
2 129 0 1 0 0 0 0 1 0 0 0 0 1 0
2 130 0 1 0 0 0 0 1 0 0 0 0 1 0
2 131 0 1 0 0 0 0 1 0 0 0 0 1 0
2 132 0 1 0 0 0 0 1 0 0 0 0 1 0
2 133 0 1 0 0 0 0 1 0 0 0 0 1 0
2 134 0 1 0 0 0 0 1 0 0 0 0 1 0
2 135 12 0.0763541 -0.976314 -0.202436 0.160058 0.98905 0.0998782 -0.108649 0.216818 0.126295 -0.191924 0.97325 0.963001
2 136 0 1 0 0 0 0 1 0 0 0 0 1 0
2 137 37 0.105589 -0.958127 -0.266164 0.0523495 -0.980789 -0.0561928 -0.186803 0.118657 0.164025 0.280775 -0.945654 0.991554
2 138 13 0.905505 0.292604 -0.307318 0.0103069 -0.153946 0.901416 0.404661 0.156536 0.395427 -0.319112 0.861281 0.987618
2 139 0 1 0 0 0 0 1 0 0 0 0 1 0
2 140 131 0.872158 -0.166611 0.45998 -0.891907 0.153174 0.985946 0.066693 -0.0599528 -0.464627 0.0122901 0.885421 0.448227
2 141 210 0.770724 -0.199006 0.605294 -0.85381 0.0834883 0.973325 0.213699 -0.044397 -0.631675 -0.114168 0.76678 0.518687
2 142 136 0.542099 -0.187502 0.819129 -0.765996 0.244329 0.967844 0.0598466 -0.0773339 -0.80401 0.167694 0.570479 0.638176
2 143 40 0.93695 -0.348939 0.019122 0.433128 0.348869 0.937145 0.007015 0.337261 -0.0203679 9.83719e-05 0.999793 -0.835856
2 144 0 1 0 0 0 0 1 0 0 0 0 1 0
2 145 0 1 0 0 0 0 1 0 0 0 0 1 0
2 146 0 1 0 0 0 0 1 0 0 0 0 1 0
2 147 37 -0.820764 0.569251 -0.0479507 -0.441978 -0.557259 -0.816287 -0.152108 -0.0887329 -0.125729 -0.0981236 0.9872 0.892626
2 148 0 1 0 0 0 0 1 0 0 0 0 1 0
2 149 0 1 0 0 0 0 1 0 0 0 0 1 0
2 150 0 1 0 0 0 0 1 0 0 0 0 1 0
2 151 22 0.333065 0.942177 -0.0370081 -0.405707 0.926238 -0.334272 -0.174199 -0.174384 -0.176497 0.0237412 -0.984015 0.897214
2 152 0 1 0 0 0 0 1 0 0 0 0 1 0
2 153 0 1 0 0 0 0 1 0 0 0 0 1 0
2 154 0 1 0 0 0 0 1 0 0 0 0 1 0
2 155 0 1 0 0 0 0 1 0 0 0 0 1 0
2 156 0 1 0 0 0 0 1 0 0 0 0 1 0
2 157 0 1 0 0 0 0 1 0 0 0 0 1 0
2 158 0 1 0 0 0 0 1 0 0 0 0 1 0
2 159 0 1 0 0 0 0 1 0 0 0 0 1 0
2 160 0 1 0 0 0 0 1 0 0 0 0 1 0
3 4 2045 0.961647 0.142785 -0.234196 0.989483 -0.135935 0.989685 0.0452185 0.0920463 0.238237 -0.0116487 0.971137 0.111587
3 5 772 0.918551 0.20382 -0.338706 0.910243 -0.185769 0.978887 0.0852602 -0.109027 0.348933 -0.0153947 0.937021 0.399464
3 6 137 0.957997 0.218267 0.186015 -0.00525759 -0.203148 0.974329 -0.0970277 -0.0312633 -0.202417 0.0551637 0.977744 0.999497
3 7 52 0.818527 0.370945 -0.43865 -0.705364 -0.319365 0.928536 0.189278 0.286686 0.477514 -0.0148397 0.878499 -0.648284
3 8 28 0.723254 0.396212 -0.565615 0.292927 -0.336433 0.917428 0.212459 -0.24802 0.60309 0.0366297 0.796832 0.923407
3 9 29 0.69403 0.42581 -0.580525 -0.775659 -0.3729 0.902364 0.216066 0.0982269 0.615847 0.0665217 0.785052 0.623461
3 10 0 1 0 0 0 0 1 0 0 0 0 1 0
3 11 0 1 0 0 0 0 1 0 0 0 0 1 0
3 12 0 1 0 0 0 0 1 0 0 0 0 1 0
3 13 0 1 0 0 0 0 1 0 0 0 0 1 0
3 14 0 1 0 0 0 0 1 0 0 0 0 1 0
3 15 0 1 0 0 0 0 1 0 0 0 0 1 0
3 16 0 1 0 0 0 0 1 0 0 0 0 1 0
3 17 0 1 0 0 0 0 1 0 0 0 0 1 0
3 18 0 1 0 0 0 0 1 0 0 0 0 1 0
3 19 0 1 0 0 0 0 1 0 0 0 0 1 0
3 20 39 0.991281 0.113544 0.0668631 -0.0306166 0.125391 -0.968786 -0.213845 -0.112929 0.0404952 0.220365 -0.974577 0.993131
3 21 14 0.967708 -0.227868 -0.107783 -0.0559865 0.239078 0.965204 0.105941 -0.15803 0.0798917 -0.128289 0.988514 0.985846
3 22 43 0.588131 0.769599 0.248636 -0.0466952 0.793119 -0.609001 0.00896607 -0.20407 0.15832 0.191925 -0.968555 0.977842
3 23 34 -0.680299 0.679086 0.275745 0.00941284 -0.728513 -0.585254 -0.356013 -0.270538 -0.0803824 -0.44308 0.892871 0.962663
3 24 0 1 0 0 0 0 1 0 0 0 0 1 0
3 25 0 1 0 0 0 0 1 0 0 0 0 1 0
3 26 0 1 0 0 0 0 1 0 0 0 0 1 0
3 27 0 1 0 0 0 0 1 0 0 0 0 1 0
3 28 0 1 0 0 0 0 1 0 0 0 0 1 0
3 29 0 1 0 0 0 0 1 0 0 0 0 1 0
3 30 0 1 0 0 0 0 1 0 0 0 0 1 0
3 31 0 1 0 0 0 0 1 0 0 0 0 1 0
3 32 0 1 0 0 0 0 1 0 0 0 0 1 0
3 33 0 1 0 0 0 0 1 0 0 0 0 1 0
3 34 0 1 0 0 0 0 1 0 0 0 0 1 0
3 35 0 1 0 0 0 0 1 0 0 0 0 1 0
3 36 0 1 0 0 0 0 1 0 0 0 0 1 0
3 37 0 1 0 0 0 0 1 0 0 0 0 1 0
3 38 0 1 0 0 0 0 1 0 0 0 0 1 0
3 39 0 1 0 0 0 0 1 0 0 0 0 1 0
3 40 0 1 0 0 0 0 1 0 0 0 0 1 0
3 41 0 1 0 0 0 0 1 0 0 0 0 1 0
3 42 0 1 0 0 0 0 1 0 0 0 0 1 0
3 43 0 1 0 0 0 0 1 0 0 0 0 1 0
3 44 0 1 0 0 0 0 1 0 0 0 0 1 0
3 45 0 1 0 0 0 0 1 0 0 0 0 1 0
3 46 0 1 0 0 0 0 1 0 0 0 0 1 0
3 47 0 1 0 0 0 0 1 0 0 0 0 1 0
3 48 0 1 0 0 0 0 1 0 0 0 0 1 0
3 49 0 1 0 0 0 0 1 0 0 0 0 1 0
3 50 0 1 0 0 0 0 1 0 0 0 0 1 0
3 51 0 1 0 0 0 0 1 0 0 0 0 1 0
3 52 0 1 0 0 0 0 1 0 0 0 0 1 0
3 53 0 1 0 0 0 0 1 0 0 0 0 1 0
3 54 0 1 0 0 0 0 1 0 0 0 0 1 0
3 55 0 1 0 0 0 0 1 0 0 0 0 1 0
3 56 0 1 0 0 0 0 1 0 0 0 0 1 0
3 57 0 1 0 0 0 0 1 0 0 0 0 1 0
3 58 0 1 0 0 0 0 1 0 0 0 0 1 0
3 59 0 1 0 0 0 0 1 0 0 0 0 1 0
3 60 0 1 0 0 0 0 1 0 0 0 0 1 0
3 61 0 1 0 0 0 0 1 0 0 0 0 1 0
3 62 0 1 0 0 0 0 1 0 0 0 0 1 0
3 63 0 1 0 0 0 0 1 0 0 0 0 1 0
3 64 0 1 0 0 0 0 1 0 0 0 0 1 0
3 65 0 1 0 0 0 0 1 0 0 0 0 1 0
3 66 70 0.840718 0.451165 0.299404 -0.198858 0.526127 -0.549943 -0.648655 0.511143 -0.127996 0.702861 -0.699717 0.836175
3 67 288 0.968675 -0.247671 0.0180881 -0.102613 0.248325 0.966557 -0.0640546 0.966727 -0.00161869 0.0665399 0.997782 0.234327
3 68 475 0.956792 -0.270675 0.106225 -0.2708 0.290357 0.869861 -0.398792 0.934704 0.0155416 0.412404 0.910869 0.230207
3 69 254 0.938145 -0.28748 -0.192976 -0.427376 0.30912 0.946488 0.0927699 0.534375 0.15598 -0.146684 0.976808 0.729242
3 70 76 0.15244 -0.110038 0.982168 -0.643814 -0.165248 0.976955 0.135101 0.0917274 -0.9744 -0.182896 0.130743 0.759665
3 71 108 0.80631 -0.580845 -0.111729 -0.275801 0.586824 0.809232 0.0279524 0.0455025 0.0741783 -0.0881033 0.993346 0.960137
3 72 0 1 0 0 0 0 1 0 0 0 0 1 0
3 73 0 1 0 0 0 0 1 0 0 0 0 1 0
3 74 0 1 0 0 0 0 1 0 0 0 0 1 0
3 75 0 1 0 0 0 0 1 0 0 0 0 1 0
3 76 0 1 0 0 0 0 1 0 0 0 0 1 0
3 77 0 1 0 0 0 0 1 0 0 0 0 1 0
3 78 0 1 0 0 0 0 1 0 0 0 0 1 0
3 79 0 1 0 0 0 0 1 0 0 0 0 1 0
3 80 0 1 0 0 0 0 1 0 0 0 0 1 0
3 81 0 1 0 0 0 0 1 0 0 0 0 1 0
3 82 0 1 0 0 0 0 1 0 0 0 0 1 0
3 83 0 1 0 0 0 0 1 0 0 0 0 1 0
3 84 0 1 0 0 0 0 1 0 0 0 0 1 0
3 85 0 1 0 0 0 0 1 0 0 0 0 1 0
3 86 0 1 0 0 0 0 1 0 0 0 0 1 0
3 87 0 1 0 0 0 0 1 0 0 0 0 1 0
3 88 0 1 0 0 0 0 1 0 0 0 0 1 0
3 89 23 0.958035 -0.269287 -0.0982499 -0.0595752 0.248136 0.950683 -0.18609 -0.174328 0.143516 0.153902 0.977608 0.982884
3 90 0 1 0 0 0 0 1 0 0 0 0 1 0
3 91 0 1 0 0 0 0 1 0 0 0 0 1 0
3 92 0 1 0 0 0 0 1 0 0 0 0 1 0
3 93 0 1 0 0 0 0 1 0 0 0 0 1 0
3 94 333 0.791224 -0.289111 0.538868 -0.967503 0.488796 0.828521 -0.273188 0.244162 -0.367482 0.47955 0.796862 -0.0657505
3 95 747 0.91055 -0.329118 0.250161 -0.876094 0.368606 0.920329 -0.130863 0.012699 -0.187161 0.211368 0.95932 -0.481973
3 96 2091 0.959238 -0.261001 -0.108358 -0.326743 0.266129 0.963277 0.0356627 -0.338696 0.0950711 -0.0630463 0.993472 -0.88234
3 97 1643 0.95643 -0.0388609 -0.289365 0.333334 0.0746602 0.990703 0.113724 -0.660118 0.282255 -0.130373 0.950439 -0.673152
3 98 281 0.662372 0.365647 -0.653885 0.55483 0.165597 0.77976 0.603782 -0.791409 0.730644 -0.508209 0.455941 0.256585
3 99 0 1 0 0 0 0 1 0 0 0 0 1 0
3 100 0 1 0 0 0 0 1 0 0 0 0 1 0
3 101 0 1 0 0 0 0 1 0 0 0 0 1 0
3 102 0 1 0 0 0 0 1 0 0 0 0 1 0
3 103 0 1 0 0 0 0 1 0 0 0 0 1 0
3 104 0 1 0 0 0 0 1 0 0 0 0 1 0
3 105 0 1 0 0 0 0 1 0 0 0 0 1 0
3 106 0 1 0 0 0 0 1 0 0 0 0 1 0
3 107 27 0.0890366 0.994546 -0.0543141 0.315691 0.883029 -0.0535904 0.466248 -0.31525 0.460795 -0.0894741 -0.882985 0.894962
3 108 95 0.498145 0.696986 0.515812 -0.118471 0.532609 -0.715379 0.452284 -0.331965 0.684237 0.0494232 -0.727583 0.935823
3 109 0 1 0 0 0 0 1 0 0 0 0 1 0
3 110 71 0.91496 -0.269059 -0.300757 0.136872 -0.327316 -0.930728 -0.163123 -0.272719 -0.236033 0.247694 -0.939647 0.952308
3 111 0 1 0 0 0 0 1 0 0 0 0 1 0
3 112 0 1 0 0 0 0 1 0 0 0 0 1 0
3 113 0 1 0 0 0 0 1 0 0 0 0 1 0
3 114 0 1 0 0 0 0 1 0 0 0 0 1 0
3 115 0 1 0 0 0 0 1 0 0 0 0 1 0
3 116 0 1 0 0 0 0 1 0 0 0 0 1 0
3 117 0 1 0 0 0 0 1 0 0 0 0 1 0
3 118 0 1 0 0 0 0 1 0 0 0 0 1 0
3 119 0 1 0 0 0 0 1 0 0 0 0 1 0
3 120 0 1 0 0 0 0 1 0 0 0 0 1 0
3 121 0 1 0 0 0 0 1 0 0 0 0 1 0
3 122 0 1 0 0 0 0 1 0 0 0 0 1 0
3 123 0 1 0 0 0 0 1 0 0 0 0 1 0
3 124 0 1 0 0 0 0 1 0 0 0 0 1 0
3 125 0 1 0 0 0 0 1 0 0 0 0 1 0
3 126 0 1 0 0 0 0 1 0 0 0 0 1 0
3 127 0 1 0 0 0 0 1 0 0 0 0 1 0
3 128 40 0.934386 -0.209069 -0.288466 0.173946 0.241263 0.96711 0.0805671 0.23227 0.262134 -0.144877 0.954095 0.956971
3 129 0 1 0 0 0 0 1 0 0 0 0 1 0
3 130 0 1 0 0 0 0 1 0 0 0 0 1 0
3 131 0 1 0 0 0 0 1 0 0 0 0 1 0
3 132 0 1 0 0 0 0 1 0 0 0 0 1 0
3 133 0 1 0 0 0 0 1 0 0 0 0 1 0
3 134 0 1 0 0 0 0 1 0 0 0 0 1 0
3 135 0 1 0 0 0 0 1 0 0 0 0 1 0
3 136 0 1 0 0 0 0 1 0 0 0 0 1 0
3 137 0 1 0 0 0 0 1 0 0 0 0 1 0
3 138 0 1 0 0 0 0 1 0 0 0 0 1 0
3 139 0 1 0 0 0 0 1 0 0 0 0 1 0
3 140 21 0.940967 -0.222023 -0.255511 -0.260479 0.218243 0.974928 -0.0434312 0.0193393 0.258748 -0.0148961 0.96583 0.965286
3 141 38 0.919036 -0.348975 -0.183273 -0.313844 0.365769 0.928325 0.0665271 0.120212 0.146921 -0.128177 0.980808 0.941834
3 142 13 0.74391 0.575278 -0.340079 0.344072 -0.571421 0.811438 0.122666 -0.186865 0.34652 0.103076 0.932362 -0.920161
3 143 42 0.292401 0.917851 0.268422 0.0281713 -0.887661 0.364923 -0.280872 -0.372773 -0.355752 -0.15614 0.921445 0.927495
3 144 0 1 0 0 0 0 1 0 0 0 0 1 0
3 145 0 1 0 0 0 0 1 0 0 0 0 1 0
3 146 0 1 0 0 0 0 1 0 0 0 0 1 0
3 147 0 1 0 0 0 0 1 0 0 0 0 1 0
3 148 0 1 0 0 0 0 1 0 0 0 0 1 0
3 149 0 1 0 0 0 0 1 0 0 0 0 1 0
3 150 0 1 0 0 0 0 1 0 0 0 0 1 0
3 151 0 1 0 0 0 0 1 0 0 0 0 1 0
3 152 0 1 0 0 0 0 1 0 0 0 0 1 0
3 153 0 1 0 0 0 0 1 0 0 0 0 1 0
3 154 0 1 0 0 0 0 1 0 0 0 0 1 0
3 155 0 1 0 0 0 0 1 0 0 0 0 1 0
3 156 0 1 0 0 0 0 1 0 0 0 0 1 0
3 157 0 1 0 0 0 0 1 0 0 0 0 1 0
3 158 0 1 0 0 0 0 1 0 0 0 0 1 0
3 159 0 1 0 0 0 0 1 0 0 0 0 1 0
3 160 0 1 0 0 0 0 1 0 0 0 0 1 0
4 5 2112 0.985573 0.0387763 -0.164747 0.816123 -0.0396792 0.99921 -0.002192 -0.147446 0.164532 0.00869741 0.986333 0.558752
4 6 911 0.958213 0.0881429 -0.272136 0.812946 -0.102814 0.993892 -0.040101 -0.254655 0.266939 0.0664046 0.961423 0.523707
4 7 273 0.890274 0.255103 -0.377273 0.861776 -0.255981 0.965451 0.0487611 -0.0370732 0.376678 0.0531642 0.924817 0.505933
4 8 77 0.840478 0.249801 -0.480828 0.20754 -0.203244 0.967939 0.1476 -0.158344 0.502283 -0.0263291 0.864302 -0.965326
4 9 69 0.815735 0.154679 -0.557361 -0.401377 -0.124897 0.987953 0.0913806 -0.0684597 0.56478 -0.00492952 0.825226 0.913351
4 10 12 0.683657 0.307642 -0.661792 0.0147787 -0.2161 0.951478 0.219066 0.270014 0.697075 -0.00675301 0.716966 -0.962743
4 11 41 -0.178509 0.922174 -0.343119 0.32882 -0.149871 -0.370134 -0.916809 -0.356594 -0.972457 -0.112235 0.204279 0.874482
4 12 0 1 0 0 0 0 1 0 0 0 0 1 0
