0 1 818 0.975607 0.0803157 -0.204304 0.91087 -0.0795268 0.996759 0.0120827 0.212855 0.204613 0.00445971 0.978833 -0.353565
0 2 311 0.884005 0.155829 -0.440741 0.984474 -0.162213 0.986478 0.0234256 0.0380522 0.438431 0.0507853 0.897329 -0.171355
0 3 188 0.773272 0.273192 -0.572203 0.992899 -0.230235 0.961805 0.148065 -0.115209 0.590798 0.0172469 0.806635 0.0296419
0 4 79 0.944288 -0.329119 0.000447356 0.103478 -0.321543 -0.922841 -0.212071 -0.0197066 0.0702093 0.200112 -0.977254 0.994437
0 5 161 -0.446618 0.831108 -0.331349 0.292695 0.356954 0.505099 0.785786 -0.377885 0.820437 0.232669 -0.522253 0.878369
0 6 34 -0.907529 0.395353 0.141728 0.307631 -0.396137 -0.917881 0.0238622 -0.0618312 0.139524 -0.034488 0.989618 0.949495
0 7 139 0.673928 -0.0706967 0.735407 -0.374113 -0.679677 0.330843 0.654662 -0.322194 -0.289587 -0.941034 0.174914 0.869615
0 8 79 -0.843571 -0.536311 0.0275392 0.130376 -0.478527 0.773977 0.414693 0.0497082 -0.243719 0.336645 -0.909544 0.990218
0 9 102 0.645732 -0.200966 0.736643 -0.118675 -0.362188 -0.92992 0.063795 -0.1376 0.672198 -0.307997 -0.673266 0.983353
0 10 104 -0.416595 -0.836049 0.357031 -0.0545661 -0.742638 0.539493 0.396783 -0.143759 -0.524345 -0.0998466 -0.845632 0.988107
0 11 77 0.448364 0.840927 0.303004 -0.304711 -0.838773 0.512979 -0.182515 0.280818 -0.308916 -0.172319 0.935349 -0.910106
0 12 42 0.85342 -0.457901 -0.248999 0.0899131 0.484241 0.873282 0.0537522 -0.27625 0.192833 -0.166449 0.967011 -0.956871
0 13 36 -0.779684 0.611795 0.133413 -0.0144725 -0.588657 -0.788781 0.176937 -0.303389 0.213483 0.0594207 0.975138 -0.952757
0 14 47 0.832186 0.4873 -0.264586 0.431955 -0.53902 0.822874 -0.179823 0.122726 0.130093 0.292263 0.947448 -0.893506
0 15 65 -0.550289 0.821977 -0.146754 -0.0102252 -0.831282 -0.522816 0.188769 -0.32978 0.0784379 0.225872 0.970994 -0.944002
0 16 66 0.449316 -0.893024 -0.0249728 -0.266338 0.892347 0.447287 0.0604208 0.317048 -0.0427872 -0.0494325 0.997861 -0.910244
0 17 110 0.0633345 0.981375 -0.181361 0.236821 0.994762 -0.0766887 -0.0675872 -0.0727359 -0.0802367 -0.17613 -0.981091 0.968827
0 18 57 0.778016 0.622302 -0.0862048 0.0390961 -0.621405 0.782459 0.0401691 -0.227669 0.092449 0.0223159 0.995467 0.972953
0 19 102 0.285112 -0.90847 -0.305605 0.144237 -0.947456 -0.315368 0.0535699 -0.0245785 -0.145044 0.274274 -0.95065 0.989238
0 20 40 -0.987659 0.112292 0.109182 0.1592 -0.144931 -0.919528 -0.365326 0.321456 0.0593725 -0.376641 0.924455 -0.933446
0 21 28 -0.406497 -0.913643 -0.00404225 0.0068137 0.833849 -0.36918 -0.410368 -0.281078 0.373437 -0.170184 0.911911 0.959661
0 22 122 0.173959 0.929433 0.325412 0.108157 0.881154 0.000622976 -0.472829 0.173329 -0.439665 0.368991 -0.818865 0.978907
0 23 47 -0.797672 -0.562263 0.218128 -0.157304 0.585191 -0.809064 0.0544799 -0.124164 0.145847 0.171103 0.974398 -0.979714
0 24 117 -0.297864 -0.800793 -0.519623 0.197563 -0.527942 0.591699 -0.609237 0.0537817 0.795333 0.0928608 -0.599018 0.978814
0 25 90 0.326514 -0.928775 -0.175403 0.186445 -0.909008 -0.257705 -0.327555 0.229613 0.259022 0.266394 -0.928408 0.955257
0 26 36 -0.0924911 -0.994828 0.0419835 0.211285 0.9911 -0.0960348 -0.092185 0.101299 0.0957401 0.0330836 0.994856 0.972161
0 27 48 0.786576 0.597765 0.154837 -0.251971 -0.617216 0.768614 0.168155 -0.159272 -0.0184931 -0.227835 0.973524 -0.954538
0 28 37 -0.965143 0.151115 0.21369 -0.257556 -0.182964 -0.973383 -0.138018 -0.078766 0.187146 -0.172305 0.967103 -0.963048
0 29 87 0.912131 -0.378497 0.157343 -0.552263 0.394128 0.915301 -0.0829875 0.399125 -0.112606 0.137709 0.984051 -0.731919
0 30 38 0.703694 -0.656053 0.272779 0.150358 0.572905 0.751005 0.328287 -0.00554755 -0.420232 -0.0747373 0.904334 0.988616
0 31 66 0.550008 0.833287 0.0558853 0.0428969 0.731533 -0.512968 0.449136 -0.101081 0.402927 -0.206147 -0.891714 0.993953
0 32 44 0.660441 -0.649897 -0.3761 -0.073024 0.686179 0.725769 -0.0491731 0.023531 0.304919 -0.225596 0.925273 0.997053
0 33 176 0.303411 -0.319722 0.897619 -0.700649 0.216513 0.940518 0.261817 -0.243815 -0.927935 0.114907 0.354588 0.670556
0 34 112 0.729771 -0.464595 0.501583 -0.80094 0.3728 0.885385 0.277695 -0.108097 -0.573109 -0.0156642 0.819329 0.588905
0 35 47 0.949822 0.294482 0.105439 -0.188965 -0.271853 0.943922 -0.18737 0.209276 -0.154704 0.149304 0.976614 -0.959425
0 36 48 0.327603 0.939477 0.100297 0.0783457 -0.944637 0.327755 0.0154229 -0.0679093 -0.0183834 -0.0997967 0.994838 -0.994611
0 37 94 0.857159 -0.483529 -0.177419 0.912352 0.488434 0.872417 -0.0178851 0.359453 0.163431 -0.071327 0.983973 -0.195977
0 38 104 -0.173562 0.757806 0.628972 -0.0781248 0.443015 0.630475 -0.637369 0.127443 -0.879553 0.168021 -0.445147 0.988764
0 39 61 0.770568 -0.637335 -0.00533243 0.322464 0.637347 0.770577 0.00053308 0.360266 0.0037693 -0.00380938 0.999986 -0.875343
0 40 114 0.887309 -0.461165 -0.00302059 0.744261 0.459992 0.885483 -0.0657894 0.390346 0.0330145 0.0569861 0.997829 -0.541946
0 41 143 0.827708 -0.350945 0.437877 -0.285578 0.375017 0.926409 0.0336039 -0.141079 -0.417446 0.136397 0.898407 0.947915
0 42 274 0.685079 -0.266142 0.678112 -0.903822 0.337435 0.940921 0.0283872 -0.135968 -0.645605 0.209371 0.73441 0.405732
0 43 73 0.941188 -0.334937 -0.0445238 0.19225 0.337634 0.937357 0.0858243 0.230455 0.0129889 -0.0958096 0.995315 0.953903
0 44 48 -0.950768 0.254938 0.176201 -0.331158 -0.2443 -0.966393 0.0800107 -0.0863988 0.190677 0.0330259 0.981097 -0.939612
0 45 318 0.778838 -0.262307 0.569743 -0.851783 0.317237 0.948342 0.00294889 0.040111 -0.541085 0.178447 0.821818 0.522356
0 46 284 0.893337 -0.256616 0.368913 -0.928191 0.293272 0.954925 -0.0459249 0.119585 -0.340499 0.149218 0.928329 0.352366
0 47 160 0.970067 -0.241983 0.0203607 0.469493 0.240984 0.969612 0.0421903 0.0120505 -0.0299513 -0.0360208 0.998902 -0.882854
0 48 161 0.91249 -0.150828 0.380279 -0.741953 0.134812 0.988495 0.0685767 0.0231066 -0.386247 -0.0113095 0.922326 0.670053
0 49 104 0.923481 -0.361456 0.128578 -0.626635 0.356314 0.932321 0.0617893 0.112125 -0.142211 -0.011247 0.989773 0.771204
0 50 94 0.880439 0.452431 -0.141894 0.146143 0.47042 -0.870977 0.141792 -0.219795 -0.0594351 -0.191589 -0.979674 0.964537
0 51 101 0.280651 -0.916064 0.286464 -0.4148 0.917813 0.343459 0.199138 -0.156959 -0.280812 0.207032 0.937167 0.896273
0 52 79 -0.727868 0.681948 -0.071801 0.0801833 0.641204 0.713988 0.281209 0.0146628 0.243035 0.158644 -0.956957 0.996672
0 53 94 0.873259 0.485739 0.0384102 0.232877 -0.474073 0.828778 0.297289 -0.3814 0.112571 -0.27782 0.954015 0.894596
0 54 30 0.298056 0.921135 0.250346 0.0127225 -0.949413 0.258906 0.177715 -0.237536 0.0988831 -0.29065 0.951706 -0.971295
0 55 124 0.245397 0.459058 0.853842 -0.147962 -0.752064 0.645915 -0.131123 0.301366 -0.611702 -0.609967 0.503747 0.941958
0 56 95 -0.965418 -0.224548 0.132459 -0.0535961 -0.238926 0.965355 -0.104901 0.223318 -0.104315 -0.132921 -0.985622 0.973271
0 57 97 -0.336446 0.857724 0.388733 -0.229435 0.838456 0.460773 -0.290998 0.0995086 -0.428714 0.22803 -0.874189 0.968224
0 58 35 0.953208 0.134421 -0.270788 -0.226662 -0.133568 0.990803 0.0216653 -0.0426221 0.27121 0.0155171 0.962395 0.97304
0 59 131 -0.85846 -0.183042 0.479106 -0.276916 -0.421837 0.78332 -0.456578 0.244508 -0.291721 -0.594058 -0.749663 0.929265
0 60 98 0.872434 0.417281 0.254433 -0.27678 0.488195 -0.76847 -0.413665 0.195066 0.0229101 0.485108 -0.874154 0.940926
0 61 121 0.688088 -0.72553 -0.011904 -0.0465523 -0.512953 -0.474747 -0.715189 0.367827 0.513239 0.498219 -0.69883 0.928728
0 62 75 0.0556784 0.961166 0.270296 -0.0115013 0.97798 -0.107035 0.17916 0.129573 0.201133 0.254369 -0.945961 0.991503
0 63 111 0.812949 -0.573666 -0.100109 0.075835 -0.514116 -0.787766 0.339279 -0.0937506 -0.273495 -0.224349 -0.935344 0.992703
0 64 39 0.506577 0.857511 0.0897489 -0.0175918 -0.794332 0.423691 0.435342 0.189273 0.335284 -0.291825 0.89578 0.981767
0 65 89 -0.77828 -0.0889555 -0.621585 0.212163 -0.111035 0.993811 -0.00319951 0.174895 0.618023 0.0665275 -0.78334 0.961457
0 66 78 -0.774887 0.447019 0.446905 -0.0851142 0.287509 0.878903 -0.380616 0.390505 -0.562929 -0.166445 -0.809572 0.916658
0 67 84 0.00929445 0.999937 0.00629831 -0.256937 -0.997143 0.0097403 -0.0749071 0.350511 -0.0749637 -0.00558409 0.997171 0.900625
0 68 29 0.595201 -0.803483 0.0123006 0.0553553 0.798936 0.593336 0.0982529 -0.0378733 -0.0862429 -0.0486528 0.995085 -0.997748
0 69 30 0.510734 0.858974 0.0362531 0.00820954 -0.858805 0.507761 0.0680661 -0.143424 0.0400592 -0.065898 0.997022 -0.989627
0 70 61 -0.207112 -0.971452 -0.1157 0.195888 0.952982 -0.227073 0.200657 0.221052 -0.221201 -0.0687014 0.972805 0.955387
0 71 87 0.934449 -0.34903 -0.0705867 0.302476 0.356028 0.911852 0.204376 -0.192398 -0.00696875 -0.21611 0.976344 -0.933537
0 72 82 0.976397 -0.215945 0.00406888 0.263731 0.211982 0.961749 0.173502 0.0398876 -0.0413801 -0.168544 0.984825 -0.963771
0 73 84 0.950765 -0.309453 -0.0168901 0.000626439 0.309127 0.943063 0.122768 -0.164174 -0.0220625 -0.121945 0.992292 -0.986431
0 74 105 0.911428 -0.407702 -0.0554789 0.306797 0.411285 0.906646 0.0940065 -0.263322 0.0119731 -0.108498 0.994025 -0.914624
0 75 225 0.814315 -0.393734 0.426456 -0.866475 0.517112 0.825825 -0.224963 0.383355 -0.263602 0.403716 0.876086 0.319782
0 76 226 0.796686 -0.389083 0.462499 -0.862001 0.493307 0.860731 -0.125654 0.262868 -0.349198 0.328262 0.87767 0.433423
0 77 123 0.850697 -0.524884 0.0284835 -0.533347 0.524994 0.851096 0.00407923 -0.295329 -0.0263833 0.0114835 0.999586 0.792667
0 78 74 0.800938 -0.598489 -0.0175679 -0.180068 0.597333 0.800719 -0.045193 -0.149838 0.0411145 0.0257029 0.998824 0.972175
0 79 133 0.828961 0.014724 0.559113 -0.290775 -0.223372 -0.907755 0.355085 -0.300488 0.512766 -0.419241 -0.749205 0.908382
0 80 58 -0.934265 0.352798 0.0518022 -0.368703 -0.353153 -0.935562 0.00243095 0.00570694 0.0493218 -0.016023 0.998654 -0.92953
0 81 96 -0.285123 -0.714005 0.639454 -0.437116 -0.933698 0.357661 -0.0169631 0.151915 -0.216596 -0.601893 -0.768642 0.886482
0 82 107 0.153392 -0.845789 0.510991 -0.267022 -0.859807 -0.369104 -0.352837 0.264544 0.487035 -0.385231 -0.783833 0.926669
0 83 94 -0.153966 -0.848571 0.506183 -0.443954 -0.97382 0.217029 0.0676209 -0.0568327 -0.167237 -0.48252 -0.859771 0.894245
0 84 105 0.896096 -0.401822 -0.18855 0.460332 0.427119 0.896196 0.120013 -0.140636 0.120754 -0.188076 0.974703 -0.876537
0 85 153 0.692085 -0.510908 0.509894 -0.943233 0.476527 0.853984 0.208886 -0.330898 -0.542163 0.0984113 0.834491 0.0285991
0 86 160 0.773783 -0.391366 0.498088 -0.981469 0.333669 0.920202 0.204679 -0.183101 -0.538446 0.00781953 0.842624 -0.0565021
0 87 228 0.742191 -0.279674 0.609044 -0.999287 0.294421 0.95244 0.0785755 0.0235033 -0.602053 0.120997 0.789235 -0.0295649
0 88 433 0.93303 -0.226316 0.279709 -0.809757 0.220817 0.973957 0.0514583 0.0357126 -0.28407 0.0137523 0.958705 -0.585678
0 89 782 0.993516 -0.0532345 0.100455 -0.229639 0.0608465 0.995378 -0.0742979 0.181228 -0.0960351 0.0799285 0.992164 -0.956254
0 90 463 0.99973 0.0165101 -0.0163356 0.0403245 -0.02045 0.959159 -0.282126 0.313774 0.0110105 0.282384 0.959238 -0.948641
0 91 173 0.999988 -0.00485841 0.000943225 0.133188 0.00494488 0.972925 -0.231068 0.216859 0.000204935 0.23107 0.972937 -0.967075
0 92 138 0.979531 0.055506 0.193491 -0.282239 -0.0391512 0.995408 -0.0873498 0.0496192 -0.197451 0.0779864 0.977206 -0.95806
0 93 132 0.977066 0.0320848 0.210506 -0.419271 -0.0305475 0.999478 -0.0105513 -0.0477678 -0.210734 0.00387886 0.977536 -0.906604
0 94 212 0.704048 -0.117023 -0.700444 0.966713 0.00242142 0.986719 -0.162417 0.250742 0.710148 0.112654 0.694981 -0.0509258
0 95 269 0.875255 -0.102545 -0.472666 0.858296 0.0255938 0.985716 -0.166458 0.299916 0.482984 0.133596 0.865378 -0.416387
0 96 190 0.68095 -0.0738637 -0.728596 0.98659 0.0552273 0.997247 -0.0494834 0.152821 0.730245 -0.00654269 0.683154 -0.0573165
0 97 86 0.975422 0.150543 -0.160902 0.35795 -0.147627 0.988588 0.0300016 -0.0449503 0.163582 -0.00551078 0.986514 -0.932658
0 98 82 0.93818 0.296717 -0.178263 0.336063 -0.295722 0.954712 0.0327559 -0.0886869 0.179909 0.0219855 0.983437 -0.937655
0 99 114 -0.844846 -0.406334 0.348035 -0.216707 -0.248697 0.874234 0.416972 -0.21959 -0.473693 0.265722 -0.839647 0.951219
0 100 90 0.531695 -0.690814 0.489976 -0.359533 -0.525422 -0.722789 -0.448896 -0.0193302 0.664253 -0.0187685 -0.747272 0.932932
0 101 55 -0.805001 0.593199 0.00940317 0.188471 -0.546956 -0.735921 -0.399073 0.364764 -0.22981 -0.326398 0.916871 -0.911826
0 102 63 -0.519153 -0.842265 -0.145156 0.291445 0.85389 -0.518445 -0.0456873 -0.264356 -0.0367744 -0.147666 0.988353 -0.919334
0 103 107 -0.564234 0.819027 0.104095 -0.0578346 0.692913 0.401212 0.599083 -0.240588 0.448901 0.410151 -0.793891 0.968903
0 104 120 -0.554227 0.496223 0.668278 -0.456177 0.817738 0.474457 0.325876 -0.21098 -0.155362 0.727085 -0.668737 0.864517
0 105 47 -0.622426 -0.767386 0.153962 -0.223529 0.775959 -0.630746 -0.00681056 -0.154019 0.102337 0.115229 0.988053 -0.962451
0 106 100 0.802625 -0.354847 0.479455 -0.357403 -0.368062 -0.927159 -0.070047 0.0969902 0.469387 -0.120248 -0.874767 0.9289
0 107 108 0.879816 0.207494 -0.427634 0.373507 0.358697 -0.880149 0.310924 -0.339841 -0.311867 -0.426947 -0.848796 0.863134
0 108 100 0.562842 -0.650077 -0.510499 0.449008 -0.631856 -0.736565 0.241309 -0.212845 -0.532885 0.186743 -0.825324 0.867807
0 109 50 0.950875 -0.307641 0.0345458 0.0303601 0.309495 0.947231 -0.0834697 0.347705 -0.00704411 0.090061 0.995911 -0.937112
0 110 134 0.780934 0.365716 -0.506354 0.333811 -0.198884 0.914065 0.353455 -0.283115 0.592105 -0.17532 0.786559 0.89912
0 111 111 0.187907 0.544482 0.817453 -0.287069 0.612742 -0.715445 0.335687 -0.30819 0.767619 0.43781 -0.468064 0.906979
0 112 35 -0.980944 0.189749 0.041763 0.0993607 -0.194113 -0.966333 -0.168882 -0.082374 0.00831178 -0.17377 0.984751 0.991636
0 113 90 0.706464 -0.688571 0.163644 -0.236826 -0.672292 -0.725153 -0.148919 0.0710991 0.221208 -0.00481073 -0.975215 0.968947
0 114 98 0.934639 -0.354476 0.0282114 0.0574622 -0.350465 -0.931677 -0.0956738 -0.028415 0.060198 0.0795334 -0.995013 0.997943
0 115 81 0.992853 -0.0287853 0.11582 0.350032 0.0525926 0.976692 -0.208103 0.379068 -0.10713 0.212706 0.971226 -0.856613
0 116 91 -0.513175 -0.763711 -0.391659 0.328109 -0.75779 0.617427 -0.211043 0.105448 0.402997 0.188493 -0.89558 0.938736
0 117 113 -0.553941 0.720059 0.417928 -0.491422 -0.753614 -0.64702 0.115892 -0.60574 0.353857 -0.250759 0.901058 -0.625766
0 118 95 -0.677648 0.647095 -0.349374 0.347494 0.630252 0.755833 0.17748 -0.191546 0.378915 -0.0999245 -0.920021 0.91791
0 119 27 0.619019 0.710688 0.334274 0.0313148 -0.741423 0.669191 -0.0497514 -0.0852478 -0.259051 -0.217042 0.941162 0.995868
0 120 84 -0.764872 0.197232 0.613246 -0.0703619 0.22124 0.974499 -0.0374771 -0.0115829 -0.604999 0.107009 -0.789003 0.997454
0 121 93 0.360717 0.91974 0.154796 -0.0576515 0.93154 -0.363469 -0.0111448 0.0608094 0.0460133 0.148219 -0.987884 0.996483
0 122 93 0.911799 -0.393636 -0.116934 0.457558 0.38103 0.917197 -0.116472 0.137739 0.153099 0.0616439 0.986286 -0.878447
0 123 85 0.850887 -0.509981 -0.126141 0.312541 0.463377 0.841692 -0.277195 0.33407 0.247536 0.177411 0.952497 -0.889222
0 124 45 0.790891 -0.611906 -0.00785861 -0.0843698 0.57695 0.749868 -0.323768 0.214095 0.204009 0.251531 0.946104 -0.973162
0 125 98 0.848026 -0.529093 0.0302255 0.0700052 0.525108 0.831205 -0.182648 0.0506993 0.071514 0.170762 0.982714 -0.996257
0 126 127 0.949804 -0.298159 -0.0947244 0.425479 0.281825 0.946914 -0.154686 0.0401391 0.135817 0.120225 0.983412 -0.904078
0 127 198 0.895354 0.271038 0.353382 -0.455449 0.0512859 0.725456 -0.686355 0.849709 -0.442392 0.632654 0.63564 0.265632
0 128 208 0.989584 0.107026 0.0962721 -0.418584 -0.0896673 0.98146 -0.169399 0.859287 -0.112617 0.159002 0.980834 -0.29396
0 129 221 0.979225 0.0563273 0.194796 -0.633226 -0.0771676 0.991879 0.101104 0.627046 -0.187519 -0.114035 0.975619 -0.453694
0 130 163 -0.135962 0.4093 -0.902213 0.847533 0.141694 0.909341 0.39118 -0.0727424 0.980529 -0.0746526 -0.181631 0.525733
0 131 202 0.734927 -0.565079 0.374924 -0.517661 -0.305672 0.217483 0.926966 -0.746445 -0.605348 -0.795856 -0.0128942 0.418147
0 132 153 0.980576 -0.0299746 0.193836 -0.310206 -0.104274 0.75736 0.644619 -0.757033 -0.166126 -0.65231 0.739523 -0.575042
0 133 124 0.989474 -0.0425545 0.138312 -0.206249 -0.0727709 0.679823 0.729757 -0.86754 -0.125082 -0.732141 0.66957 -0.452588
0 134 140 0.950385 0.293377 0.103429 -0.0823166 -0.184985 0.80032 -0.570323 0.90548 -0.250096 0.522894 0.814883 -0.416329
0 135 88 0.988036 0.00104004 0.154217 -0.25251 -0.0994547 0.768559 0.632001 -0.702636 -0.117868 -0.639778 0.759468 -0.665239
0 136 107 0.9858 0.0494317 0.160484 -0.403769 -0.10713 0.921076 0.374356 -0.513744 -0.129313 -0.386233 0.913292 -0.756992
0 137 161 0.987375 0.0470008 0.15127 -0.400386 -0.120508 0.84268 0.524756 -0.843125 -0.102808 -0.53636 0.837704 -0.35893
0 138 106 0.983843 0.178096 0.0183181 -0.238839 -0.174588 0.931703 0.318509 -0.379602 0.0396583 -0.316561 0.947743 -0.893789
0 139 231 0.99443 0.0333257 0.099996 -0.52354 -0.0826402 0.835381 0.543424 -0.848088 -0.0654247 -0.54866 0.833481 0.0815629
0 140 624 0.995698 -0.0123085 0.0918358 -0.753309 -0.0115498 0.96692 0.254819 -0.656148 -0.0919343 -0.254783 0.962618 -0.04467
0 141 945 0.987771 -0.0371352 0.151427 -0.981053 0.0161607 0.990376 0.137458 0.192391 -0.155074 -0.133329 0.978864 -0.0228396
0 142 465 0.954798 -0.0617031 0.29078 -0.92428 0.088843 0.992741 -0.0810645 0.359397 -0.283667 0.103234 0.95335 0.128606
0 143 254 0.791995 -0.141444 0.593918 -0.890374 0.234568 0.968625 -0.0821171 0.232564 -0.563669 0.204351 0.800324 0.391342
0 144 74 0.942591 -0.333786 0.0104212 -0.34504 0.330563 0.937012 0.112857 -0.102913 -0.0474349 -0.102933 0.993557 -0.932929
0 145 70 0.636971 -0.763628 -0.105548 0.464876 0.770131 0.636417 0.0432559 0.248018 0.034141 -0.108838 0.993473 -0.849928
0 146 104 0.535918 0.789108 0.300168 -0.093137 0.825977 -0.416439 -0.379922 0.0382239 -0.174798 0.451539 -0.874962 0.994919
0 147 75 0.958969 0.210468 -0.189951 0.409908 -0.208805 0.977529 0.0289598 0.204536 0.191778 0.011891 0.981366 -0.888898
0 148 47 -0.0196868 0.998726 -0.0464669 -0.152578 -0.980181 -0.0284427 -0.19605 0.388615 -0.197121 0.0416864 0.979492 -0.908679
0 149 57 -0.570262 0.820234 -0.0449282 0.26743 -0.799747 -0.566848 -0.197709 0.222086 -0.187635 -0.0768144 0.979231 -0.937635
0 150 93 0.0107545 -0.919296 -0.39342 0.398681 -0.98749 0.0521343 -0.148815 0.0436038 0.157316 0.390098 -0.907235 0.916052
0 151 127 0.628081 -0.64134 -0.440678 0.338706 -0.684242 -0.185489 -0.705271 0.384936 0.370577 0.744498 -0.555334 0.858547
0 152 122 0.977589 0.110839 -0.178983 0.390668 -0.210311 0.552316 -0.80667 0.512101 0.00944467 0.826234 0.563248 0.764939
0 153 43 0.751633 -0.647757 -0.124337 -0.0590684 0.657233 0.751423 0.0583805 -0.164042 0.0556136 -0.125599 0.990521 -0.984683
0 154 98 -0.570607 -0.800989 -0.181175 0.00225578 -0.801555 0.495224 0.335057 -0.273553 -0.178655 0.336408 -0.924615 0.961854
0 155 142 0.0481125 -0.925156 0.376524 -0.120383 -0.826946 0.174532 0.534509 -0.340222 -0.56022 -0.337082 -0.756657 0.932608
0 156 112 0.804108 -0.593003 -0.0419243 -0.0147419 -0.548425 -0.76718 0.332664 -0.2747 -0.229434 -0.244506 -0.942113 0.961417
0 157 111 -0.993479 -0.0154618 0.112965 -0.032747 0.0489138 0.837163 0.544761 -0.280191 -0.102993 0.546734 -0.830948 0.959385
0 158 35 -0.972077 0.0567583 0.227693 -0.140224 -0.023173 -0.988783 0.147548 -0.150771 0.233514 0.138152 0.962489 -0.978573
0 159 88 0.113255 0.863541 -0.491396 0.430339 0.993566 -0.0988233 0.0553292 -0.169504 -0.000782385 -0.494501 -0.869177 0.88661
0 160 37 0.800184 0.593037 -0.0895074 -0.119714 -0.599693 0.793266 -0.105343 0.297887 0.00853094 0.137971 0.9904 -0.947065
1 2 784 0.96755 0.0567786 -0.246218 0.959896 -0.0719892 0.995985 -0.0532152 0.127143 0.242207 0.0692134 0.967753 -0.249868
1 3 273 0.892808 0.119192 -0.434381 0.998008 -0.135859 0.990701 -0.00739574 0.031784 0.42946 0.0656173 0.900699 0.0544879
1 4 133 0.986655 0.138258 0.0860017 0.488093 -0.141052 0.989626 0.0272784 0.0939573 -0.0813381 -0.0390451 0.995921 -0.867719
1 5 157 0.645442 0.203764 -0.736129 0.89869 -0.195365 0.975742 0.0987927 -0.0736975 0.738402 0.0800488 0.669593 0.432347
1 6 164 0.349511 0.319547 -0.880757 0.780277 -0.341559 0.918808 0.197811 -0.240954 0.872456 0.231693 0.430277 0.577156
1 7 47 0.431041 -0.896099 0.105875 -0.123096 0.901365 0.422173 -0.0964911 -0.156222 0.041768 0.137024 0.989687 -0.980021
1 8 66 -0.37451 0.927195 0.00723055 0.394949 -0.915071 -0.370849 0.158482 -0.0899241 0.149625 0.0527365 0.987335 0.914292
1 9 84 0.373406 0.916086 -0.14613 0.463542 -0.927218 0.373471 -0.0280348 0.281152 0.0288932 0.145963 0.988868 -0.840287
1 10 142 0.629843 -0.248365 0.735944 -0.377289 -0.696994 -0.598871 0.394402 -0.225737 0.342779 -0.76136 -0.550303 0.898162
1 11 112 0.15813 0.670137 0.725197 -0.454794 0.716253 -0.583397 0.382923 -0.0738726 0.679689 0.458873 -0.572241 0.887528
1 12 84 -0.064557 0.950561 0.303753 -0.190771 0.982344 0.00697408 0.186954 0.00690611 0.175593 0.310459 -0.934228 0.98161
1 13 54 -0.842031 0.534867 0.0700053 0.18964 -0.526402 -0.843096 0.109959 -0.0813113 0.117835 0.055738 0.991468 -0.978481
1 14 112 0.827649 -0.108737 0.550612 -0.126629 0.0627271 -0.956985 -0.283276 -0.00298382 0.55773 0.268992 -0.785227 0.991946
1 15 74 -0.066586 -0.951551 0.300196 -0.485046 0.976503 -0.000344788 0.215504 0.0963153 -0.204959 0.307492 0.929215 -0.869168
1 16 65 0.834108 0.400727 0.379053 -0.488664 -0.419875 0.906913 -0.034834 -0.00592968 -0.357727 -0.130099 0.924719 -0.872452
1 17 128 0.420984 0.85889 -0.291684 0.212191 0.620479 -0.0381153 0.783296 -0.264562 0.661648 -0.510739 -0.548969 0.940735
1 18 66 0.555437 0.811692 0.18068 -0.395774 -0.785862 0.583409 -0.205071 0.0197773 -0.271865 -0.0280854 0.961925 -0.918135
1 19 29 -0.684086 -0.724582 0.0837094 -0.092772 0.727569 -0.669732 0.148666 -0.0209183 -0.0516581 0.162605 0.985338 -0.995468
1 20 48 0.44527 0.858299 0.255064 -0.252756 -0.865502 0.485565 -0.123016 0.259321 -0.229435 -0.165983 0.959067 -0.93213
1 21 61 -0.809263 -0.581591 -0.0827368 0.382012 0.583227 -0.812292 0.00529272 -0.0880206 -0.0702847 -0.0439712 0.996557 0.919956
1 22 53 0.220845 0.975033 0.0231889 0.403785 -0.959917 0.221506 -0.171738 -0.0564659 -0.172587 0.0156682 0.98487 0.91311
1 23 42 0.92606 -0.311818 0.212561 0.159468 0.277318 0.944317 0.177088 -0.0609938 -0.255944 -0.105047 0.960967 0.985317
1 24 97 -0.732671 0.635807 -0.242781 0.150616 0.640821 0.764624 0.0685474 -0.0802169 0.229219 -0.105357 -0.967656 0.985332
1 25 94 0.693146 0.628038 0.353717 -0.032301 0.693452 -0.71492 -0.0895252 0.117447 0.196654 0.30734 -0.931058 0.992554
1 26 104 -0.46066 -0.650785 0.603549 -0.0540364 -0.69305 0.688557 0.213474 -0.0900522 -0.554503 -0.319951 -0.768217 0.99447
1 27 133 0.713419 0.607084 0.349974 -0.0720037 0.669172 -0.738439 -0.0831658 -0.0278576 0.207946 0.293525 -0.93306 0.997015
1 28 84 0.987275 -0.150677 -0.0508403 0.436583 0.15077 0.988567 -0.00201933 0.250959 0.0505633 -0.00567156 0.998705 -0.863953
1 29 81 0.719428 -0.692805 -0.0494345 0.334435 0.640914 0.689601 -0.337165 0.321134 0.267679 0.210883 0.940147 -0.886017
1 30 96 0.117994 -0.816757 -0.564788 0.147594 -0.906412 0.143714 -0.397195 0.0012287 0.40558 0.558797 -0.723361 0.989047
1 31 86 0.951262 -0.21594 -0.220158 0.436197 0.241509 0.965596 0.0964193 0.145804 0.191763 -0.14489 0.970687 -0.88796
1 32 151 0.131949 0.988777 0.0700705 -0.132981 0.368387 0.0167114 -0.929522 0.129546 -0.920261 0.148463 -0.362047 0.982616
1 33 156 -0.607466 -0.775566 0.171704 0.0316499 -0.744612 0.480688 -0.463132 0.158418 0.276653 -0.409191 -0.869498 0.986865
1 34 59 0.757336 -0.637056 -0.143536 0.238391 0.645885 0.763152 0.0207693 0.309183 0.0963087 -0.108437 0.989427 0.920639
1 35 40 0.747801 -0.645917 0.153576 0.106627 0.643567 0.762054 0.0713855 -0.0483816 -0.163142 0.0454544 0.985555 -0.993121
1 36 48 -0.156591 0.975133 -0.156827 0.0892643 -0.773514 -0.219816 -0.594439 0.673158 -0.61413 0.0282239 0.7887 -0.734092
1 37 105 -0.821005 -0.101367 -0.56185 -0.0277268 -0.32074 0.896025 0.307025 -0.260525 0.47231 0.432277 -0.768153 0.965069
1 38 34 -0.917305 0.212471 -0.33676 -0.052981 -0.262518 -0.958606 0.110265 0.117385 -0.299392 0.189552 0.935112 0.991672
1 39 128 -0.193771 0.839686 0.507326 -0.361502 0.608614 -0.302697 0.733459 -0.317046 0.769442 0.450889 -0.452391 0.876811
1 40 110 -0.532416 0.845478 -0.0412377 0.0933981 0.797446 0.517318 0.310583 -0.162959 0.283924 0.132474 -0.949651 0.982202
1 41 154 -0.556092 0.808796 0.191339 -0.152428 0.730073 0.365342 0.57751 -0.272346 0.397184 0.46084 -0.793644 0.950049
1 42 226 0.828303 -0.34436 0.441961 -0.899923 0.40041 0.915587 -0.0370378 -0.184162 -0.3919 0.207644 0.896269 0.39525
1 43 93 0.886788 -0.411485 0.210447 -0.357176 0.384881 0.909574 0.156659 -0.106543 -0.25588 -0.0579266 0.964971 0.927941
1 44 81 0.97158 -0.188604 0.143045 -0.130109 -0.130432 -0.93083 -0.341383 0.321812 0.197537 0.313023 -0.928976 0.937821
1 45 242 0.440178 -0.260364 0.859333 -0.678587 0.369867 0.924648 0.0906951 -0.118801 -0.818194 0.277917 0.503309 0.724849
1 46 256 0.454643 -0.305887 0.8365 -0.708958 0.256923 0.944295 0.205666 -0.238126 -0.852813 0.121411 0.507907 0.663834
1 47 195 -0.806234 0.553124 -0.20986 0.230917 0.359616 0.739888 0.568544 -0.386917 0.469748 0.38291 -0.795435 0.892733
1 48 50 0.381932 -0.88482 -0.266874 0.0819288 0.918466 0.331306 0.216003 -0.293816 -0.102707 -0.327613 0.939213 -0.952345
1 49 135 0.135879 -0.92038 0.366658 -0.100076 -0.690748 0.177294 0.701023 -0.323567 -0.710214 -0.348523 -0.61166 0.940898
1 50 145 -0.133535 0.864498 0.484573 -0.221272 0.559412 -0.337857 0.756909 -0.313099 0.818063 0.372149 -0.438495 0.923584
1 51 85 -0.998998 -0.0239379 0.0378179 0.027772 -0.0326176 0.967975 -0.24892 0.149875 -0.0306482 -0.249904 -0.967786 0.988315
1 52 34 0.851496 -0.514253 0.102455 0.204663 0.51449 0.857098 0.0261473 0.240366 -0.101261 0.0304479 0.994394 0.948861
1 53 102 -0.355856 0.887201 -0.293669 0.396734 0.563463 0.454386 0.689958 -0.351175 0.745571 0.0800536 -0.661601 0.848102
1 54 40 -0.350853 0.911607 0.214185 0.124853 -0.935693 -0.35036 -0.0415541 0.328632 0.037161 -0.214991 0.975909 0.936169
1 55 141 -0.126381 0.423205 -0.897176 0.467395 -0.0337576 0.90207 0.430268 -0.134743 0.991407 0.0846645 -0.0997185 0.87372
1 56 98 -0.0915009 -0.943915 0.317257 -0.0783047 -0.928156 -0.0345819 -0.370581 0.24842 0.360768 -0.328373 -0.872936 0.965482
1 57 85 -0.96765 0.244169 -0.0635204 -0.231201 0.248696 0.880734 -0.40306 0.28198 -0.0424703 -0.405819 -0.912966 0.931146
1 58 34 -0.815612 0.510214 -0.272872 -0.290632 -0.562561 -0.809548 0.167802 -0.00594609 -0.135288 0.290369 0.947303 0.956817
1 59 132 0.137419 -0.979882 0.14473 -0.235905 -0.683916 -0.19956 -0.701736 0.302332 0.716501 -0.00255173 -0.697581 0.92355
1 60 26 0.347641 -0.936853 -0.0380958 0.218956 0.929676 0.339128 0.143859 -0.0402846 -0.121856 -0.085428 0.988865 -0.974903
1 61 38 0.130935 -0.965517 0.225019 0.0463377 0.927076 0.199665 0.317275 -0.368401 -0.351262 0.167067 0.921251 -0.928512
1 62 112 0.947818 -0.0815799 -0.308198 0.058375 -0.181024 -0.933469 -0.309623 0.189942 -0.262434 0.349257 -0.899526 0.980058
1 63 52 -0.266698 0.95261 -0.146307 0.291296 -0.953429 -0.238587 0.184525 -0.285717 0.140874 0.188706 0.971877 -0.912969
1 64 75 0.533394 -0.774388 -0.340314 0.0157296 0.817621 0.575115 -0.0271734 0.239936 0.216762 -0.263754 0.939919 0.970661
1 65 40 0.0893896 0.984717 -0.149471 -0.0808703 -0.912404 0.141141 0.384185 0.168249 0.399411 0.102036 0.911076 0.982422
1 66 81 -0.691399 0.717532 0.0843498 -0.169822 0.583081 0.623124 -0.52128 0.302947 -0.426595 -0.311229 -0.849207 0.937755
1 67 76 -0.0991587 -0.905154 0.413358 -0.0529917 0.726608 -0.349679 -0.59141 0.175088 0.679859 0.241705 0.692365 0.983126
1 68 85 0.993476 0.0803547 0.0809284 -0.308598 -0.0915284 0.985121 0.145463 -0.0874972 -0.0680356 -0.151921 0.986048 0.94716
1 69 38 0.99702 -0.0572209 -0.0517436 0.141093 0.0654224 0.982568 0.174013 -0.161812 0.0408844 -0.176879 0.983383 -0.976683
1 70 84 0.496239 0.867992 -0.0183643 -0.216503 -0.835586 0.483241 0.261292 0.103334 0.235674 -0.114318 0.965085 0.970798
1 71 129 0.956002 -0.292139 0.026747 -0.0283535 0.290792 0.955723 0.0451027 0.441598 -0.038739 -0.0353404 0.998624 -0.896765
1 72 144 0.917657 -0.396878 -0.0198434 0.647878 0.396065 0.909444 0.126664 0.167495 -0.0322237 -0.124094 0.991747 0.743101
1 73 57 0.910067 -0.414433 -0.00482009 0.0647659 0.414177 0.908952 0.0475744 -0.0877221 -0.0153352 -0.0452922 0.998856 -0.994037
1 74 167 0.825746 -0.489302 0.280583 -0.351724 0.0726921 0.58562 0.80732 -0.850433 -0.559338 -0.646245 0.519142 0.391222
1 75 128 0.718459 -0.684095 0.125821 -0.0555713 0.693573 0.718274 -0.0551245 -0.445654 -0.0526634 0.126871 0.99052 -0.893479
1 76 202 -0.0265658 -0.513113 0.85791 -0.471132 -0.0985542 0.855376 0.508545 -0.261614 -0.994777 -0.0710408 -0.0732932 0.842373
1 77 44 0.810767 -0.584376 -0.034094 -0.0439895 0.580837 0.810357 -0.0771327 0.108228 0.0727028 0.0427335 0.996438 -0.993152
1 78 71 0.845508 -0.532714 0.036506 -0.16832 0.533914 0.844382 -0.0442233 -0.224601 -0.00726661 0.0568822 0.998354 0.959803
1 79 68 0.526046 -0.848356 -0.0597303 0.233461 0.837027 0.528893 -0.140211 0.0969891 0.15054 0.0237617 0.988318 0.967517
1 80 53 -0.538685 0.842506 0.00125786 -0.14335 -0.842172 -0.538428 -0.029011 0.315618 -0.0237647 -0.0166871 0.999578 -0.937996
1 81 49 -0.739573 -0.431266 -0.51676 -0.0561821 0.378974 -0.901308 0.209816 0.238056 -0.556247 -0.0406645 0.830022 0.969625
1 82 65 0.784901 -0.538865 -0.305867 0.270735 0.603801 0.776011 0.182296 0.0664394 0.139123 -0.327767 0.934459 0.960358
1 83 95 0.706895 0.278138 0.650337 -0.394394 0.320119 -0.945691 0.0564971 0.00285687 0.630732 0.168248 -0.757542 0.918937
1 84 164 0.384536 0.280199 -0.879557 0.601453 -0.205534 -0.902913 -0.377498 0.324818 -0.899937 0.325941 -0.289612 0.729896
1 85 102 0.826647 -0.554883 -0.0935904 -0.377449 0.559157 0.82866 0.0258221 -0.363617 0.0632263 -0.0736775 0.995276 0.851654
1 86 212 0.497842 -0.464659 0.732288 -0.895153 0.348115 0.88042 0.321989 -0.303806 -0.794336 0.0946211 0.600065 0.326195
1 87 125 0.973554 -0.217982 0.0683761 -0.155866 0.221156 0.974298 -0.0428152 0.207997 -0.0572858 0.0568047 0.99674 -0.965631
1 88 243 0.81834 -0.287935 0.497407 -0.97787 0.273359 0.956291 0.103837 -0.207651 -0.505564 0.0509972 0.861281 -0.0255037
1 89 407 0.92865 -0.117612 0.351818 -0.923434 0.144399 0.988215 -0.0507931 -0.132088 -0.341698 0.0979711 0.934689 -0.360308
1 90 459 0.980179 -0.0533529 0.190794 -0.53029 0.107036 0.953013 -0.283388 0.116078 -0.16671 0.298192 0.939835 -0.839833
1 91 295 0.96699 -0.0327896 0.252695 -0.424185 0.165226 0.835639 -0.52384 0.728991 -0.193985 0.5483 0.813472 -0.537252
1 92 241 0.909112 0.0335417 0.415199 -0.533324 0.257719 0.737788 -0.623899 0.842502 -0.327256 0.674199 0.662087 -0.0758665
1 93 133 0.99749 0.0010056 0.0708064 -0.0337679 0.0115332 0.984242 -0.176453 0.212444 -0.069868 0.176826 0.981759 -0.97659
1 94 386 0.980085 -0.196585 0.0280843 0.0051387 0.189756 0.885428 -0.424276 0.862192 0.0585397 0.421156 0.905097 -0.506555
1 95 467 0.963183 -0.210418 -0.167342 0.529031 0.157823 0.946441 -0.281675 0.572052 0.217649 0.244894 0.944805 -0.626804
1 96 340 0.866356 -0.174075 -0.468108 0.908372 0.141334 0.984431 -0.104505 0.216961 0.479012 0.0243789 0.87747 -0.357475
1 97 211 0.734111 0.00731468 -0.67899 0.997681 -0.0202608 0.999733 -0.0111356 -0.0623462 0.678727 0.0219317 0.734063 0.0273186
1 98 109 0.990112 0.0151691 0.139457 -0.487968 -0.00189254 0.99549 -0.0948453 -0.0378675 -0.140267 0.0936436 0.985675 -0.87204
1 99 65 0.957454 -0.285135 -0.0445036 0.427303 0.284439 0.958455 -0.0213964 0.314822 0.0487556 0.00782749 0.99878 -0.847525
1 100 89 0.671734 0.20293 0.712456 -0.280585 0.267426 -0.963322 0.0222442 -0.122762 0.690838 0.175587 -0.701364 0.951946
1 101 117 -0.674617 0.374593 -0.63606 0.239896 -0.0366555 0.843611 0.535702 -0.326406 0.737257 0.384709 -0.555383 0.914281
1 102 81 -0.764062 0.536248 -0.358674 0.175847 -0.415972 -0.834454 -0.36146 -0.19101 -0.49313 -0.12698 0.860639 0.965709
1 103 38 -0.0481785 -0.991193 -0.123349 -0.0598725 0.99631 -0.0564708 0.064636 -0.0140327 -0.0710324 -0.11978 0.990256 -0.998107
1 104 72 -0.367971 0.865431 -0.340039 0.480673 -0.92393 -0.381465 0.0289624 -0.0802121 -0.104648 0.324829 0.939965 -0.873224
1 105 125 -0.919954 0.104533 -0.377832 0.269824 -0.121028 0.840981 0.527354 -0.353847 0.372875 0.53087 -0.761013 0.895538
1 106 141 -0.649633 0.700214 0.296104 -0.386552 0.464097 0.673747 -0.575047 0.279372 -0.602155 -0.236148 -0.762655 0.878936
1 107 56 -0.410791 0.910401 -0.0492027 0.125088 -0.899789 -0.413526 -0.1392 -0.273809 -0.147074 -0.0129101 0.989041 -0.953615
1 108 69 0.274548 0.857809 0.434497 0.453515 -0.567189 -0.220414 0.793546 -0.212831 0.776479 -0.464308 0.426025 0.865464
1 109 39 0.120722 0.980632 0.154228 0.0254799 -0.992536 0.121942 0.0015616 -0.196226 -0.0172756 -0.153266 0.988034 0.980228
1 110 135 0.735543 0.301584 0.60665 -0.239054 0.373683 -0.927522 0.00802099 -0.0603784 0.5651 0.220795 -0.794929 0.969127
1 111 121 0.869541 -0.226366 -0.438927 0.230938 -0.387446 -0.863804 -0.322068 0.247467 -0.306241 0.450112 -0.838818 0.940972
1 112 41 -0.166794 0.983508 0.0699354 -0.111136 -0.956178 -0.144033 -0.254908 -0.265937 -0.240631 -0.109388 0.964433 0.957563
1 113 41 -0.0471621 -0.961698 0.270025 -0.0623459 0.997681 -0.0586305 -0.0345599 -0.0541247 0.0490679 0.267769 0.962233 0.996586
1 114 62 -0.346961 0.883728 0.314073 -0.395585 -0.923977 -0.264637 -0.276104 0.302294 -0.160886 -0.385994 0.908364 -0.867255
1 115 33 -0.120626 -0.921105 0.370155 -0.11733 0.963009 -0.199089 -0.181594 0.186821 0.240961 0.334558 0.911048 -0.975362
1 116 116 0.493184 0.407458 -0.768601 0.403182 -0.232879 -0.78944 -0.567936 0.114439 -0.838175 0.459088 -0.294451 0.907936
1 117 108 0.413724 -0.544357 -0.729731 0.046051 -0.888209 -0.0654436 -0.454755 0.21324 0.199793 0.836297 -0.510578 0.975914
1 118 107 0.744322 -0.116285 0.657618 -0.156396 0.262149 -0.854807 -0.447865 0.130272 0.614217 0.50575 -0.605768 0.979066
1 119 35 0.998321 0.00747391 0.057436 0.235419 -0.033234 0.886072 0.462355 -0.269176 -0.0474368 -0.463488 0.884833 -0.933875
1 120 92 0.795174 0.579051 -0.179994 0.21882 0.500279 -0.79421 -0.344893 0.0323929 -0.342664 0.184203 -0.921222 0.975227
1 121 90 0.910522 0.387012 0.145508 -0.212399 0.293075 -0.852359 0.433117 -0.333561 0.291647 -0.351718 -0.889515 0.91849
1 122 120 -0.0555141 0.950138 0.306848 -0.126071 0.89552 -0.0885245 0.436127 -0.254671 0.441544 0.299 -0.845954 0.958775
1 123 74 0.876218 -0.480736 -0.0336954 0.21869 0.447539 0.837657 -0.313111 0.467688 0.178749 0.259274 0.949118 -0.856412
1 124 129 0.642465 0.759158 -0.104489 -0.0170439 0.71125 -0.641484 -0.287441 0.181348 -0.285242 0.110353 -0.952082 0.983271
1 125 196 -0.251148 0.889827 0.380962 -0.124537 0.550261 0.455044 -0.700106 0.236819 -0.796328 0.0337986 -0.60392 0.963539
1 126 189 0.316504 -0.408682 0.85604 -0.710491 0.228091 0.908744 0.349511 -0.504514 -0.92076 0.0846334 0.380838 0.490579
1 127 97 0.997994 -0.0418269 -0.0475245 0.384278 0.0396004 0.998116 -0.0468618 -0.208654 0.049395 0.0448858 0.99777 -0.89933
1 128 88 0.996716 -0.0481469 -0.0651157 0.696885 0.0564054 0.989697 0.131602 -0.265922 0.0581086 -0.134842 0.989162 -0.66606
1 129 105 0.993325 -0.0592986 0.0989446 -0.6483 0.0362515 0.974769 0.220253 0.303496 -0.109509 -0.215196 0.970411 -0.698282
1 130 43 0.804051 -0.500782 -0.3205 0.279858 0.577362 0.786356 0.219766 -0.211863 0.141972 -0.361747 0.921403 -0.936372
1 131 70 -0.470839 -0.880745 0.0509785 -0.0614287 0.882204 -0.469703 0.0330943 -0.328323 -0.00520295 0.0605555 0.998151 -0.942566
1 132 98 -0.36999 0.92679 -0.06456 0.243044 0.834394 0.362053 0.415577 -0.383549 0.408526 0.0998908 -0.907264 0.890966
1 133 121 0.893511 -0.337424 0.296281 -0.314829 -0.28622 0.0804409 0.954781 -0.859517 -0.346 -0.937909 -0.0247027 0.402632
1 134 53 0.998883 -0.0348036 0.0319584 -0.343667 0.0414384 0.970241 -0.238568 0.250384 -0.0227043 0.239626 0.9706 -0.905097
1 135 108 0.287176 0.688067 -0.666404 0.457181 0.948219 -0.105654 0.299531 -0.174194 0.135689 -0.717914 -0.682779 0.872148
1 136 86 0.502407 0.854162 -0.134145 0.180869 0.857216 -0.47179 0.206386 -0.225112 0.112999 -0.218681 -0.969232 0.957398
1 137 134 0.35682 -0.641288 -0.679286 0.347233 -0.630855 -0.701716 0.331084 -0.0788624 -0.688986 0.310393 -0.654946 0.934457
1 138 106 0.91383 0.333259 -0.232063 0.815017 -0.317703 0.942622 0.102605 0.579169 0.252942 -0.0200361 0.967274 -0.0176109
1 139 162 0.925312 -0.0133118 0.378974 -0.94861 -0.049494 0.986595 0.155501 -0.0952818 -0.375963 -0.162644 0.912249 0.301763
1 140 284 0.983397 -0.0654 0.169274 -0.887629 0.0428316 0.990096 0.133699 -0.370824 -0.176342 -0.124229 0.976458 0.273137
1 141 352 0.90407 -0.114448 0.411775 -0.926469 0.0488908 0.984848 0.166384 -0.0447869 -0.424578 -0.130291 0.895967 0.373697
1 142 309 0.776617 -0.108475 0.620564 -0.863545 0.1977 0.977266 -0.0765898 0.0542616 -0.598148 0.182167 0.780406 0.501343
1 143 189 0.895586 -0.302251 0.32645 -0.791257 0.311149 0.950006 0.0259738 -0.0478623 -0.31798 0.0783128 0.944858 0.609608
1 144 173 -0.174034 -0.544094 0.820777 -0.43766 -0.288279 0.825131 0.485854 -0.235064 -0.941598 -0.152058 -0.300452 0.86787
1 145 68 -0.636335 -0.668203 0.385464 -0.347211 -0.549439 0.743333 0.381541 -0.347778 -0.541475 0.0309994 -0.840145 0.870916
1 146 94 -0.819963 -0.406664 -0.402846 0.313084 -0.386736 0.912419 -0.133893 0.176649 0.422014 0.0460078 -0.905421 0.933152
1 147 82 -0.311568 0.931555 -0.18743 0.387847 -0.942925 -0.327501 -0.0602921 0.167962 -0.117549 0.157948 0.980426 -0.906291
1 148 71 0.526595 -0.8486 -0.0507534 0.172101 -0.827324 -0.49783 -0.260193 0.271094 0.195533 0.179006 -0.964222 0.947042
1 149 75 0.98269 0.122857 0.138661 0.154358 -0.0880263 0.968235 -0.234035 0.373057 -0.163009 0.217778 0.962289 -0.914878
1 150 51 0.115305 0.984046 0.135491 -0.264523 -0.993057 0.110994 0.0389742 0.224335 0.0233137 -0.139044 0.990012 -0.937924
1 151 81 0.029055 -0.86739 0.49678 -0.450569 -0.945214 0.137826 0.29593 -0.332944 -0.325156 -0.478161 -0.815865 0.828334
1 152 92 -0.98799 0.102788 -0.115371 -0.0101992 0.0392431 0.889085 0.456057 -0.261725 0.149452 0.446052 -0.882441 0.965088
1 153 107 0.627322 0.778199 0.0295493 0.0352812 0.685313 -0.533627 -0.495569 0.201614 -0.369883 0.331131 -0.868066 0.978829
1 154 47 0.880906 -0.106978 0.461043 -0.334458 0.165872 0.982119 -0.0890419 0.297576 -0.443274 0.154911 0.882899 -0.894196
1 155 55 -0.220699 0.969194 -0.109336 0.282855 -0.952952 -0.238155 -0.187522 0.204354 -0.207784 0.0628058 0.976156 -0.93714
1 156 104 -0.870593 -0.277554 -0.40624 0.257789 -0.384394 0.899084 0.209498 -0.0586082 0.307097 0.338544 -0.889426 0.964422
1 157 102 -0.986634 -0.0384426 -0.15835 0.00407963 -0.111525 0.867819 0.484202 -0.317598 0.118805 0.495391 -0.860508 0.948217
1 158 61 0.987878 -0.147514 -0.0483301 0.109333 0.148015 0.988961 0.0069394 0.281727 0.0467729 -0.0140089 0.998807 -0.953245
1 159 138 0.627063 -0.692245 0.357197 -0.136554 -0.668862 -0.243449 0.702393 -0.324086 -0.399269 -0.67936 -0.615674 0.93612
1 160 69 0.969699 -0.213495 0.11876 0.121517 0.217717 0.975725 -0.0236435 0.288035 -0.110829 0.0487831 0.992641 -0.949879
2 3 793 0.975257 0.0736957 -0.20843 0.98604 -0.0681233 0.997104 0.0337982 0.00386614 0.210317 -0.018763 0.977453 0.166464
2 4 242 0.841716 0.196322 -0.502963 0.957958 -0.172116 0.980515 0.094687 -0.00969389 0.511752 0.00686835 0.859106 0.286745
2 5 228 0.845081 0.255576 -0.469595 0.907019 -0.232879 0.966603 0.106984 -0.0768547 0.481254 0.0189482 0.876376 0.414017
2 6 231 0.0274971 0.322921 -0.946026 0.779607 -0.303992 0.904263 0.299829 -0.220395 0.952278 0.27934 0.12303 0.586208
2 7 176 0.704115 0.418942 -0.573333 0.220691 -0.332944 0.907938 0.25455 -0.195986 0.627192 0.0116551 0.778777 0.95545
