0 1 918 0.971473 0.0783249 -0.223843 0.920358 -0.0784102 0.996885 0.00852142 0.21054 0.223813 0.00927322 0.974588 -0.329567
0 2 162 0.756532 0.0596169 -0.651233 0.972142 -0.172071 0.978892 -0.110281 0.22377 0.630913 0.19549 0.750822 0.0697658
0 3 34 0.135429 -0.200014 0.970388 -0.568088 -0.366147 0.899976 0.236601 -0.0940422 -0.920649 -0.387348 0.0486484 0.817577
0 4 0 1 0 0 0 0 1 0 0 0 0 1 0
0 5 0 1 0 0 0 0 1 0 0 0 0 1 0
0 6 0 1 0 0 0 0 1 0 0 0 0 1 0
0 7 0 1 0 0 0 0 1 0 0 0 0 1 0
0 8 0 1 0 0 0 0 1 0 0 0 0 1 0
0 9 0 1 0 0 0 0 1 0 0 0 0 1 0
0 10 0 1 0 0 0 0 1 0 0 0 0 1 0
0 11 0 1 0 0 0 0 1 0 0 0 0 1 0
0 12 0 1 0 0 0 0 1 0 0 0 0 1 0
0 13 0 1 0 0 0 0 1 0 0 0 0 1 0
0 14 0 1 0 0 0 0 1 0 0 0 0 1 0
0 15 0 1 0 0 0 0 1 0 0 0 0 1 0
0 16 0 1 0 0 0 0 1 0 0 0 0 1 0
0 17 0 1 0 0 0 0 1 0 0 0 0 1 0
0 18 0 1 0 0 0 0 1 0 0 0 0 1 0
0 19 0 1 0 0 0 0 1 0 0 0 0 1 0
0 20 0 1 0 0 0 0 1 0 0 0 0 1 0
0 21 0 1 0 0 0 0 1 0 0 0 0 1 0
0 22 0 1 0 0 0 0 1 0 0 0 0 1 0
0 23 0 1 0 0 0 0 1 0 0 0 0 1 0
0 24 0 1 0 0 0 0 1 0 0 0 0 1 0
0 25 0 1 0 0 0 0 1 0 0 0 0 1 0
0 26 0 1 0 0 0 0 1 0 0 0 0 1 0
0 27 0 1 0 0 0 0 1 0 0 0 0 1 0
0 28 0 1 0 0 0 0 1 0 0 0 0 1 0
0 29 0 1 0 0 0 0 1 0 0 0 0 1 0
0 30 0 1 0 0 0 0 1 0 0 0 0 1 0
0 31 0 1 0 0 0 0 1 0 0 0 0 1 0
0 32 0 1 0 0 0 0 1 0 0 0 0 1 0
0 33 0 1 0 0 0 0 1 0 0 0 0 1 0
0 34 0 1 0 0 0 0 1 0 0 0 0 1 0
0 35 0 1 0 0 0 0 1 0 0 0 0 1 0
0 36 0 1 0 0 0 0 1 0 0 0 0 1 0
0 37 0 1 0 0 0 0 1 0 0 0 0 1 0
0 38 0 1 0 0 0 0 1 0 0 0 0 1 0
0 39 0 1 0 0 0 0 1 0 0 0 0 1 0
0 40 0 1 0 0 0 0 1 0 0 0 0 1 0
0 41 27 -0.366497 0.196205 0.909496 -0.317765 0.723913 0.674208 0.146266 -0.0899155 -0.584492 0.712002 -0.389131 0.943896
0 42 116 0.918582 -0.269375 0.289213 -0.969884 0.306872 0.947256 -0.0923895 -0.0203346 -0.249072 0.173619 0.952796 0.242718
0 43 23 0.858914 -0.260859 0.440702 -0.149519 0.265718 0.962651 0.0519339 0.337706 -0.43779 0.0724957 0.89615 0.9293
0 44 28 0.846647 -0.212305 0.487971 0.269447 0.201994 0.976556 0.0744115 0.0859948 -0.492329 0.0355669 0.869682 0.959168
0 45 190 0.809412 -0.285439 0.513203 -0.870008 0.32799 0.944647 0.00810585 0.0310363 -0.48711 0.161764 0.858229 0.49206
0 46 203 0.785974 -0.207027 0.582567 -0.890035 0.303302 0.950206 -0.0715258 0.114288 -0.538751 0.232911 0.809629 0.441335
0 47 72 0.966845 -0.241032 0.0843416 -0.183658 0.237687 0.970164 0.0478258 -0.0223451 -0.0933527 -0.0261932 0.995288 -0.982736
0 48 41 0.86348 0.475335 -0.1687 0.143007 0.193308 -0.620803 -0.759761 0.43141 -0.46587 0.623427 -0.627936 0.89075
0 49 92 0.856079 -0.378308 0.352153 -0.95289 0.371575 0.924086 0.0894264 -0.102639 -0.35925 0.0542953 0.93166 0.285424
0 50 0 1 0 0 0 0 1 0 0 0 0 1 0
0 51 0 1 0 0 0 0 1 0 0 0 0 1 0
0 52 0 1 0 0 0 0 1 0 0 0 0 1 0
0 53 0 1 0 0 0 0 1 0 0 0 0 1 0
0 54 0 1 0 0 0 0 1 0 0 0 0 1 0
0 55 0 1 0 0 0 0 1 0 0 0 0 1 0
0 56 0 1 0 0 0 0 1 0 0 0 0 1 0
0 57 0 1 0 0 0 0 1 0 0 0 0 1 0
0 58 0 1 0 0 0 0 1 0 0 0 0 1 0
0 59 0 1 0 0 0 0 1 0 0 0 0 1 0
0 60 0 1 0 0 0 0 1 0 0 0 0 1 0
0 61 0 1 0 0 0 0 1 0 0 0 0 1 0
0 62 0 1 0 0 0 0 1 0 0 0 0 1 0
0 63 0 1 0 0 0 0 1 0 0 0 0 1 0
0 64 0 1 0 0 0 0 1 0 0 0 0 1 0
0 65 0 1 0 0 0 0 1 0 0 0 0 1 0
0 66 14 0.528921 0.84832 -0.0244276 -0.154037 0.848571 -0.529082 -0.000149204 0.26828 -0.0130508 -0.0206497 -0.999702 0.950946
0 67 13 0.881526 -0.404654 0.243241 -0.0520062 0.433142 0.898151 -0.0755874 0.14399 -0.187881 0.17199 0.967016 0.988212
0 68 0 1 0 0 0 0 1 0 0 0 0 1 0
0 69 0 1 0 0 0 0 1 0 0 0 0 1 0
0 70 0 1 0 0 0 0 1 0 0 0 0 1 0
0 71 24 0.814128 0.435892 0.383659 -0.207804 0.467889 -0.883717 0.0111639 0.0399814 0.343912 0.170421 -0.923407 0.977353
0 72 36 0.971033 -0.23756 -0.025694 0.224284 0.238413 0.956081 0.170497 -0.0751688 -0.0159376 -0.171684 0.985023 -0.971621
0 73 70 0.999545 -0.0205455 0.0220921 -0.206627 0.0199101 0.999392 0.0286063 0.224717 -0.0226664 -0.0281534 0.999347 -0.952264
0 74 0 1 0 0 0 0 1 0 0 0 0 1 0
0 75 72 0.712601 -0.224573 0.664655 -0.720802 0.601904 0.682418 -0.414749 0.416406 -0.360431 0.695609 0.621464 0.55412
0 76 61 0.889232 -0.450615 -0.0788142 0.161501 0.454635 0.889637 0.0430374 -0.15498 0.0507228 -0.074102 0.99596 -0.974627
0 77 20 0.99331 -0.0513025 -0.103452 0.0118625 -0.115469 -0.449387 -0.885843 0.526079 -0.00104394 0.891863 -0.452305 0.850353
0 78 0 1 0 0 0 0 1 0 0 0 0 1 0
0 79 0 1 0 0 0 0 1 0 0 0 0 1 0
0 80 0 1 0 0 0 0 1 0 0 0 0 1 0
0 81 0 1 0 0 0 0 1 0 0 0 0 1 0
0 82 0 1 0 0 0 0 1 0 0 0 0 1 0
0 83 0 1 0 0 0 0 1 0 0 0 0 1 0
0 84 0 1 0 0 0 0 1 0 0 0 0 1 0
0 85 0 1 0 0 0 0 1 0 0 0 0 1 0
0 86 26 0.769729 -0.358463 0.528225 0.327932 0.298512 0.933531 0.19852 0.0859264 -0.564277 0.00487483 0.825571 0.940786
0 87 47 0.613847 -0.113156 0.781273 -0.89135 0.422505 0.883091 -0.20406 0.325757 -0.666844 0.455353 0.589892 0.315241
0 88 317 0.944666 -0.227845 0.235994 -0.751554 0.223747 0.973637 0.0443747 0.0626378 -0.239883 0.0108839 0.970741 -0.656691
0 89 797 0.99244 -0.0470667 0.113351 -0.268676 0.0558223 0.995593 -0.0753501 0.180799 -0.109305 0.081108 0.990694 -0.946111
0 90 180 0.999495 0.0184232 -0.0258861 0.0615701 -0.0250282 0.958421 -0.284257 0.319273 0.0195728 0.284761 0.958399 -0.945661
0 91 59 0.999701 0.00580544 0.0237331 0.0801997 -0.00397857 0.997076 -0.0763106 -0.126502 -0.0241068 0.0761934 0.996802 -0.988719
0 92 19 0.999764 0.0157442 0.014975 0.209025 -0.014042 0.994087 -0.10767 0.119614 -0.0165816 0.107435 0.994074 -0.970567
0 93 0 1 0 0 0 0 1 0 0 0 0 1 0
0 94 47 0.83813 -0.130524 -0.529624 0.674681 -0.263659 0.75305 -0.602826 0.729383 0.477517 0.644887 0.596741 0.113167
0 95 49 0.99956 -0.00155535 -0.0296257 0.148896 0.000998935 0.999823 -0.0187871 0.0315702 0.0296496 0.0187492 0.999384 -0.988349
0 96 0 1 0 0 0 0 1 0 0 0 0 1 0
0 97 0 1 0 0 0 0 1 0 0 0 0 1 0
0 98 0 1 0 0 0 0 1 0 0 0 0 1 0
0 99 0 1 0 0 0 0 1 0 0 0 0 1 0
0 100 0 1 0 0 0 0 1 0 0 0 0 1 0
0 101 0 1 0 0 0 0 1 0 0 0 0 1 0
0 102 0 1 0 0 0 0 1 0 0 0 0 1 0
0 103 0 1 0 0 0 0 1 0 0 0 0 1 0
0 104 0 1 0 0 0 0 1 0 0 0 0 1 0
0 105 0 1 0 0 0 0 1 0 0 0 0 1 0
0 106 0 1 0 0 0 0 1 0 0 0 0 1 0
0 107 0 1 0 0 0 0 1 0 0 0 0 1 0
0 108 0 1 0 0 0 0 1 0 0 0 0 1 0
0 109 0 1 0 0 0 0 1 0 0 0 0 1 0
0 110 0 1 0 0 0 0 1 0 0 0 0 1 0
0 111 0 1 0 0 0 0 1 0 0 0 0 1 0
0 112 0 1 0 0 0 0 1 0 0 0 0 1 0
0 113 0 1 0 0 0 0 1 0 0 0 0 1 0
0 114 0 1 0 0 0 0 1 0 0 0 0 1 0
0 115 0 1 0 0 0 0 1 0 0 0 0 1 0
0 116 0 1 0 0 0 0 1 0 0 0 0 1 0
0 117 0 1 0 0 0 0 1 0 0 0 0 1 0
0 118 0 1 0 0 0 0 1 0 0 0 0 1 0
0 119 0 1 0 0 0 0 1 0 0 0 0 1 0
0 120 0 1 0 0 0 0 1 0 0 0 0 1 0
0 121 0 1 0 0 0 0 1 0 0 0 0 1 0
0 122 0 1 0 0 0 0 1 0 0 0 0 1 0
0 123 0 1 0 0 0 0 1 0 0 0 0 1 0
0 124 0 1 0 0 0 0 1 0 0 0 0 1 0
0 125 36 0.814093 0.194466 0.547207 -0.429443 0.522984 0.164142 -0.836388 0.6029 -0.252468 0.967078 0.031924 0.672377
0 126 77 0.785567 -0.240342 0.570193 -0.982407 0.315521 0.948273 -0.0349932 -0.181308 -0.532289 0.207397 0.820765 -0.0447607
0 127 94 0.999589 -0.0246391 -0.014666 -0.044336 0.0253482 0.998412 0.0503083 -0.257304 0.0134031 -0.0506594 0.998626 -0.965313
0 128 156 0.99126 0.075364 0.108278 -0.362492 -0.0408867 0.955853 -0.290988 0.923621 -0.125428 0.284017 0.95058 -0.124593
0 129 75 0.987215 0.116962 -0.108288 0.0836752 -0.149821 0.9128 -0.379933 0.95474 0.0544078 0.3913 0.918654 -0.285431
0 130 18 0.743272 -0.430982 -0.511665 0.351537 0.548689 0.8303 0.0976831 0.258434 0.382735 -0.35335 0.853614 -0.899796
0 131 0 1 0 0 0 0 1 0 0 0 0 1 0
0 132 0 1 0 0 0 0 1 0 0 0 0 1 0
0 133 0 1 0 0 0 0 1 0 0 0 0 1 0
0 134 0 1 0 0 0 0 1 0 0 0 0 1 0
0 135 0 1 0 0 0 0 1 0 0 0 0 1 0
0 136 0 1 0 0 0 0 1 0 0 0 0 1 0
0 137 0 1 0 0 0 0 1 0 0 0 0 1 0
0 138 0 1 0 0 0 0 1 0 0 0 0 1 0
0 139 50 0.984382 0.157328 -0.0789975 -0.159406 -0.110759 0.902255 0.416736 -0.886672 0.13684 -0.401477 0.905589 -0.434053
0 140 604 0.997209 -0.00466754 0.0745194 -0.749743 -0.0134354 0.970536 0.240581 -0.655228 -0.0734467 -0.240911 0.967764 -0.0925327
0 141 618 0.98787 -0.0391929 0.150254 -0.980711 0.0184445 0.99039 0.137071 0.193062 -0.154182 -0.132637 0.979099 -0.0305412
0 142 504 0.940614 -0.0437492 0.336648 -0.869062 0.0955907 0.985669 -0.138993 0.450379 -0.325742 0.162919 0.931316 0.204669
0 143 183 0.793096 -0.150721 0.590154 -0.897965 0.223964 0.973186 -0.0524348 0.190623 -0.566427 0.173759 0.805586 0.396637
0 144 24 0.514512 0.659927 -0.547515 0.395627 0.855916 -0.356664 0.374431 -0.278537 0.0518184 -0.661276 -0.74835 0.875155
0 145 0 1 0 0 0 0 1 0 0 0 0 1 0
0 146 0 1 0 0 0 0 1 0 0 0 0 1 0
0 147 0 1 0 0 0 0 1 0 0 0 0 1 0
0 148 0 1 0 0 0 0 1 0 0 0 0 1 0
0 149 0 1 0 0 0 0 1 0 0 0 0 1 0
0 150 0 1 0 0 0 0 1 0 0 0 0 1 0
0 151 0 1 0 0 0 0 1 0 0 0 0 1 0
0 152 0 1 0 0 0 0 1 0 0 0 0 1 0
0 153 0 1 0 0 0 0 1 0 0 0 0 1 0
0 154 0 1 0 0 0 0 1 0 0 0 0 1 0
0 155 0 1 0 0 0 0 1 0 0 0 0 1 0
0 156 0 1 0 0 0 0 1 0 0 0 0 1 0
0 157 0 1 0 0 0 0 1 0 0 0 0 1 0
0 158 0 1 0 0 0 0 1 0 0 0 0 1 0
0 159 0 1 0 0 0 0 1 0 0 0 0 1 0
0 160 0 1 0 0 0 0 1 0 0 0 0 1 0
1 2 869 0.963097 0.0627001 -0.261749 0.974194 -0.0723447 0.997004 -0.027365 0.025993 0.259249 0.0452914 0.964748 -0.22421
1 3 215 0.907153 0.176052 -0.382203 0.98447 -0.148775 0.983797 0.100045 -0.169974 0.393623 -0.0338937 0.918647 0.0439056
1 4 33 0.831998 -0.0158969 0.554551 -0.924589 -0.0862843 0.983718 0.157653 -0.10196 -0.548027 -0.179016 0.81708 0.367069
1 5 0 1 0 0 0 0 1 0 0 0 0 1 0
1 6 0 1 0 0 0 0 1 0 0 0 0 1 0
1 7 0 1 0 0 0 0 1 0 0 0 0 1 0
1 8 0 1 0 0 0 0 1 0 0 0 0 1 0
1 9 0 1 0 0 0 0 1 0 0 0 0 1 0
1 10 0 1 0 0 0 0 1 0 0 0 0 1 0
1 11 0 1 0 0 0 0 1 0 0 0 0 1 0
1 12 0 1 0 0 0 0 1 0 0 0 0 1 0
1 13 0 1 0 0 0 0 1 0 0 0 0 1 0
1 14 0 1 0 0 0 0 1 0 0 0 0 1 0
1 15 0 1 0 0 0 0 1 0 0 0 0 1 0
1 16 0 1 0 0 0 0 1 0 0 0 0 1 0
1 17 0 1 0 0 0 0 1 0 0 0 0 1 0
1 18 0 1 0 0 0 0 1 0 0 0 0 1 0
1 19 0 1 0 0 0 0 1 0 0 0 0 1 0
1 20 0 1 0 0 0 0 1 0 0 0 0 1 0
1 21 0 1 0 0 0 0 1 0 0 0 0 1 0
1 22 0 1 0 0 0 0 1 0 0 0 0 1 0
1 23 0 1 0 0 0 0 1 0 0 0 0 1 0
1 24 0 1 0 0 0 0 1 0 0 0 0 1 0
1 25 0 1 0 0 0 0 1 0 0 0 0 1 0
1 26 0 1 0 0 0 0 1 0 0 0 0 1 0
1 27 0 1 0 0 0 0 1 0 0 0 0 1 0
1 28 0 1 0 0 0 0 1 0 0 0 0 1 0
1 29 0 1 0 0 0 0 1 0 0 0 0 1 0
1 30 0 1 0 0 0 0 1 0 0 0 0 1 0
1 31 0 1 0 0 0 0 1 0 0 0 0 1 0
1 32 0 1 0 0 0 0 1 0 0 0 0 1 0
1 33 0 1 0 0 0 0 1 0 0 0 0 1 0
1 34 0 1 0 0 0 0 1 0 0 0 0 1 0
1 35 0 1 0 0 0 0 1 0 0 0 0 1 0
1 36 0 1 0 0 0 0 1 0 0 0 0 1 0
1 37 0 1 0 0 0 0 1 0 0 0 0 1 0
1 38 0 1 0 0 0 0 1 0 0 0 0 1 0
1 39 0 1 0 0 0 0 1 0 0 0 0 1 0
1 40 0 1 0 0 0 0 1 0 0 0 0 1 0
1 41 0 1 0 0 0 0 1 0 0 0 0 1 0
1 42 107 0.547539 -0.3023 0.780267 -0.838443 0.435826 0.899028 0.0424787 -0.186631 -0.714323 0.316802 0.624003 0.512037
1 43 28 0.737462 -0.202998 0.64416 0.404778 0.225424 0.97305 0.0485677 -0.184199 -0.636659 0.109392 0.763347 0.89567
1 44 11 0.709713 -0.317522 0.628878 0.373612 0.297241 0.944286 0.141324 -0.170966 -0.638714 0.0866286 0.764552 0.911693
1 45 49 0.759923 -0.329091 0.560549 -0.745502 0.357083 0.931943 0.0630422 -0.14762 -0.543147 0.152255 0.825718 0.64995
1 46 128 0.726373 -0.307496 0.614677 -0.805633 0.379369 0.925132 0.0144962 -0.107307 -0.573115 0.22266 0.788645 0.582616
1 47 42 0.718871 -0.662726 -0.209806 0.262542 0.217989 -0.0716764 0.973316 -0.688251 -0.660079 -0.745424 0.0929407 0.6763
1 48 0 1 0 0 0 0 1 0 0 0 0 1 0
1 49 0 1 0 0 0 0 1 0 0 0 0 1 0
1 50 0 1 0 0 0 0 1 0 0 0 0 1 0
1 51 0 1 0 0 0 0 1 0 0 0 0 1 0
1 52 0 1 0 0 0 0 1 0 0 0 0 1 0
1 53 0 1 0 0 0 0 1 0 0 0 0 1 0
1 54 0 1 0 0 0 0 1 0 0 0 0 1 0
1 55 0 1 0 0 0 0 1 0 0 0 0 1 0
1 56 0 1 0 0 0 0 1 0 0 0 0 1 0
1 57 0 1 0 0 0 0 1 0 0 0 0 1 0
1 58 0 1 0 0 0 0 1 0 0 0 0 1 0
1 59 0 1 0 0 0 0 1 0 0 0 0 1 0
1 60 0 1 0 0 0 0 1 0 0 0 0 1 0
1 61 0 1 0 0 0 0 1 0 0 0 0 1 0
1 62 0 1 0 0 0 0 1 0 0 0 0 1 0
1 63 0 1 0 0 0 0 1 0 0 0 0 1 0
1 64 0 1 0 0 0 0 1 0 0 0 0 1 0
1 65 0 1 0 0 0 0 1 0 0 0 0 1 0
1 66 0 1 0 0 0 0 1 0 0 0 0 1 0
1 67 22 0.972019 0.210798 0.103648 0.137996 -0.226577 0.957792 0.176912 -0.230007 -0.0619808 -0.195446 0.978754 -0.963355
1 68 51 0.992051 0.0728468 0.102602 0.0494322 -0.0916394 0.977035 0.192365 -0.482698 -0.0862325 -0.200239 0.975945 -0.874391
1 69 20 0.983871 -0.169151 -0.0581915 0.265778 0.176983 0.967747 0.179283 -0.129036 0.0259888 -0.18669 0.982075 -0.955359
1 70 68 0.999364 -0.0143713 -0.0326349 -0.3334 0.0210764 0.976278 0.215491 0.146395 0.0287639 -0.216042 0.97596 0.93135
1 71 136 0.901501 -0.313755 0.298082 -0.328731 0.43216 0.615888 -0.658726 0.923008 0.0230934 0.722661 0.690816 0.199982
1 72 95 0.909725 -0.354711 -0.215825 0.721443 0.363884 0.931439 0.00297837 0.453127 0.199972 -0.081245 0.976427 0.523637
1 73 65 0.676873 -0.3118 0.666801 -0.950255 0.312885 0.94182 0.12279 -0.117881 -0.666293 0.125518 0.73505 0.288305
1 74 21 0.89154 -0.45294 -0.00130371 -0.117046 0.452841 0.891276 0.0237112 -0.140707 -0.0095778 -0.0217299 0.999718 0.983108
1 75 0 1 0 0 0 0 1 0 0 0 0 1 0
1 76 37 0.618016 -0.237844 0.749324 -0.710257 0.436116 0.896755 -0.0750523 0.115227 -0.65411 0.373175 0.657937 0.694448
1 77 0 1 0 0 0 0 1 0 0 0 0 1 0
1 78 0 1 0 0 0 0 1 0 0 0 0 1 0
1 79 0 1 0 0 0 0 1 0 0 0 0 1 0
1 80 0 1 0 0 0 0 1 0 0 0 0 1 0
1 81 0 1 0 0 0 0 1 0 0 0 0 1 0
1 82 0 1 0 0 0 0 1 0 0 0 0 1 0
1 83 0 1 0 0 0 0 1 0 0 0 0 1 0
1 84 0 1 0 0 0 0 1 0 0 0 0 1 0
1 85 0 1 0 0 0 0 1 0 0 0 0 1 0
1 86 11 0.605963 -0.458448 0.650103 -0.324272 0.368775 0.886006 0.281067 -0.170034 -0.70485 0.0694253 0.705951 0.930557
1 87 27 0.988924 -0.12416 0.0813262 -0.452019 0.125052 0.992132 -0.00594342 0.119269 -0.0799485 0.0160476 0.99667 -0.883999
1 88 139 0.785104 -0.297171 0.543416 -0.944714 0.237163 0.954749 0.179468 -0.321129 -0.572158 -0.0120226 0.820055 0.0662722
1 89 452 0.926254 -0.132479 0.352849 -0.895436 0.147108 0.989009 -0.0148406 -0.237262 -0.347005 0.0656531 0.935563 -0.376698
1 90 401 0.969624 -0.053307 0.23872 -0.63076 0.117839 0.957042 -0.264923 0.0617213 -0.214343 0.285006 0.934253 -0.773519
1 91 235 0.942201 -0.0216539 0.334348 -0.553768 0.216949 0.799888 -0.559564 0.735686 -0.255324 0.599759 0.758353 -0.390009
1 92 182 0.981892 -0.00583256 0.189351 -0.236125 0.0870211 0.901717 -0.423478 0.751734 -0.168271 0.432287 0.885897 -0.615744
1 93 129 0.999849 0.0145174 0.00954078 0.132666 -0.0120212 0.974677 -0.223293 0.321801 -0.0125408 0.223145 0.974705 -0.937467
1 94 302 0.985575 -0.167305 0.0255082 0.00909421 0.166208 0.92847 -0.332142 0.747839 0.0318855 0.33159 0.942885 -0.663818
1 95 410 0.954286 -0.222867 -0.199168 0.568497 0.15209 0.935702 -0.318324 0.622106 0.257306 0.27348 0.926824 -0.538326
1 96 134 0.888132 -0.146577 -0.435587 0.908768 0.140201 0.98901 -0.0469458 0.10389 0.437681 -0.0193755 0.898921 -0.404164
1 97 71 0.563926 -0.0327304 0.825177 -0.971463 -0.132244 0.98274 0.129356 -0.203144 -0.815168 -0.182071 0.549864 0.122443
1 98 0 1 0 0 0 0 1 0 0 0 0 1 0
1 99 0 1 0 0 0 0 1 0 0 0 0 1 0
1 100 0 1 0 0 0 0 1 0 0 0 0 1 0
1 101 0 1 0 0 0 0 1 0 0 0 0 1 0
1 102 0 1 0 0 0 0 1 0 0 0 0 1 0
1 103 0 1 0 0 0 0 1 0 0 0 0 1 0
1 104 0 1 0 0 0 0 1 0 0 0 0 1 0
1 105 0 1 0 0 0 0 1 0 0 0 0 1 0
1 106 0 1 0 0 0 0 1 0 0 0 0 1 0
1 107 0 1 0 0 0 0 1 0 0 0 0 1 0
1 108 0 1 0 0 0 0 1 0 0 0 0 1 0
1 109 0 1 0 0 0 0 1 0 0 0 0 1 0
1 110 0 1 0 0 0 0 1 0 0 0 0 1 0
1 111 0 1 0 0 0 0 1 0 0 0 0 1 0
1 112 0 1 0 0 0 0 1 0 0 0 0 1 0
1 113 0 1 0 0 0 0 1 0 0 0 0 1 0
1 114 0 1 0 0 0 0 1 0 0 0 0 1 0
1 115 0 1 0 0 0 0 1 0 0 0 0 1 0
1 116 0 1 0 0 0 0 1 0 0 0 0 1 0
1 117 0 1 0 0 0 0 1 0 0 0 0 1 0
1 118 0 1 0 0 0 0 1 0 0 0 0 1 0
1 119 0 1 0 0 0 0 1 0 0 0 0 1 0
1 120 0 1 0 0 0 0 1 0 0 0 0 1 0
1 121 0 1 0 0 0 0 1 0 0 0 0 1 0
1 122 0 1 0 0 0 0 1 0 0 0 0 1 0
1 123 0 1 0 0 0 0 1 0 0 0 0 1 0
1 124 0 1 0 0 0 0 1 0 0 0 0 1 0
1 125 0 1 0 0 0 0 1 0 0 0 0 1 0
1 126 28 0.586832 -0.301125 0.751633 -0.871649 0.33053 0.936499 0.117129 -0.414468 -0.739174 0.179702 0.649099 0.261619
1 127 103 0.838687 0.0538414 0.541946 -0.920203 0.110208 0.957735 -0.265701 0.320012 -0.533347 0.282567 0.797306 0.225429
1 128 70 0.994058 -0.0736455 -0.0801567 -0.0846412 0.0837753 0.987785 0.131388 0.224007 0.0695015 -0.137322 0.988085 0.970905
1 129 13 0.997361 -0.0625406 -0.0368628 0.157411 0.0709997 0.946222 0.315632 -0.347786 0.0151406 -0.317416 0.948166 -0.924265
1 130 23 0.96395 -0.0549284 0.260354 -0.351241 0.19755 0.803229 -0.561959 0.728915 -0.178256 0.593133 0.785123 0.587634
1 131 0 1 0 0 0 0 1 0 0 0 0 1 0
1 132 0 1 0 0 0 0 1 0 0 0 0 1 0
1 133 0 1 0 0 0 0 1 0 0 0 0 1 0
1 134 0 1 0 0 0 0 1 0 0 0 0 1 0
1 135 0 1 0 0 0 0 1 0 0 0 0 1 0
1 136 0 1 0 0 0 0 1 0 0 0 0 1 0
1 137 0 1 0 0 0 0 1 0 0 0 0 1 0
1 138 0 1 0 0 0 0 1 0 0 0 0 1 0
1 139 0 1 0 0 0 0 1 0 0 0 0 1 0
1 140 165 0.940045 -0.0957314 0.327339 -0.813028 -0.00477986 0.956004 0.293313 -0.501731 -0.341017 -0.277292 0.89823 0.295382
1 141 246 0.883743 -0.104622 0.456128 -0.91724 0.0108 0.978989 0.203626 -0.103635 -0.467848 -0.175026 0.866305 0.384617
1 142 271 0.897395 -0.132183 0.420963 -0.898688 0.180135 0.980696 -0.076066 0.0858496 -0.402782 0.144091 0.903883 0.430104
1 143 54 0.618808 -0.196636 0.760534 -0.815138 0.316506 0.948511 -0.0122869 0.0215715 -0.718958 0.248316 0.649182 0.578865
1 144 0 1 0 0 0 0 1 0 0 0 0 1 0
1 145 0 1 0 0 0 0 1 0 0 0 0 1 0
1 146 0 1 0 0 0 0 1 0 0 0 0 1 0
1 147 0 1 0 0 0 0 1 0 0 0 0 1 0
1 148 0 1 0 0 0 0 1 0 0 0 0 1 0
1 149 0 1 0 0 0 0 1 0 0 0 0 1 0
1 150 0 1 0 0 0 0 1 0 0 0 0 1 0
1 151 0 1 0 0 0 0 1 0 0 0 0 1 0
1 152 0 1 0 0 0 0 1 0 0 0 0 1 0
1 153 0 1 0 0 0 0 1 0 0 0 0 1 0
1 154 0 1 0 0 0 0 1 0 0 0 0 1 0
1 155 0 1 0 0 0 0 1 0 0 0 0 1 0
1 156 0 1 0 0 0 0 1 0 0 0 0 1 0
1 157 0 1 0 0 0 0 1 0 0 0 0 1 0
1 158 0 1 0 0 0 0 1 0 0 0 0 1 0
1 159 0 1 0 0 0 0 1 0 0 0 0 1 0
1 160 0 1 0 0 0 0 1 0 0 0 0 1 0
2 3 719 0.985861 0.0784146 -0.148085 0.989579 -0.0740729 0.996652 0.0346183 0.00260599 0.150304 -0.0231598 0.988369 0.143967
2 4 187 0.904949 0.285818 -0.315239 0.929911 -0.216697 0.947119 0.236659 -0.264076 0.36621 -0.145853 0.919031 0.255988
2 5 26 0.628018 -0.675693 0.386048 -0.0607211 -0.766105 -0.623939 0.154221 -0.0990874 0.136665 -0.392607 -0.909496 0.993224
2 6 30 0.767961 0.317979 -0.55599 0.879015 -0.314002 0.943499 0.105886 -0.228738 0.558246 0.0932657 0.824417 0.418343
2 7 0 1 0 0 0 0 1 0 0 0 0 1 0
2 8 0 1 0 0 0 0 1 0 0 0 0 1 0
2 9 0 1 0 0 0 0 1 0 0 0 0 1 0
2 10 0 1 0 0 0 0 1 0 0 0 0 1 0
2 11 0 1 0 0 0 0 1 0 0 0 0 1 0
2 12 0 1 0 0 0 0 1 0 0 0 0 1 0
2 13 21 0.961559 -0.271499 0.0411433 -0.0301091 -0.258955 -0.946393 -0.193089 -0.00410745 0.0913612 0.175012 -0.980318 0.999538
2 14 0 1 0 0 0 0 1 0 0 0 0 1 0
2 15 0 1 0 0 0 0 1 0 0 0 0 1 0
2 16 0 1 0 0 0 0 1 0 0 0 0 1 0
2 17 0 1 0 0 0 0 1 0 0 0 0 1 0
2 18 27 0.974621 -0.182878 0.129113 -0.169753 0.171066 0.980434 0.0973996 0.0495027 -0.144399 -0.0728408 0.986835 0.984243
2 19 0 1 0 0 0 0 1 0 0 0 0 1 0
2 20 0 1 0 0 0 0 1 0 0 0 0 1 0
2 21 0 1 0 0 0 0 1 0 0 0 0 1 0
2 22 0 1 0 0 0 0 1 0 0 0 0 1 0
2 23 0 1 0 0 0 0 1 0 0 0 0 1 0
2 24 0 1 0 0 0 0 1 0 0 0 0 1 0
2 25 0 1 0 0 0 0 1 0 0 0 0 1 0
2 26 0 1 0 0 0 0 1 0 0 0 0 1 0
2 27 0 1 0 0 0 0 1 0 0 0 0 1 0
2 28 0 1 0 0 0 0 1 0 0 0 0 1 0
2 29 0 1 0 0 0 0 1 0 0 0 0 1 0
2 30 0 1 0 0 0 0 1 0 0 0 0 1 0
2 31 0 1 0 0 0 0 1 0 0 0 0 1 0
2 32 0 1 0 0 0 0 1 0 0 0 0 1 0
2 33 0 1 0 0 0 0 1 0 0 0 0 1 0
2 34 0 1 0 0 0 0 1 0 0 0 0 1 0
2 35 0 1 0 0 0 0 1 0 0 0 0 1 0
2 36 0 1 0 0 0 0 1 0 0 0 0 1 0
2 37 0 1 0 0 0 0 1 0 0 0 0 1 0
2 38 0 1 0 0 0 0 1 0 0 0 0 1 0
2 39 0 1 0 0 0 0 1 0 0 0 0 1 0
2 40 0 1 0 0 0 0 1 0 0 0 0 1 0
2 41 0 1 0 0 0 0 1 0 0 0 0 1 0
2 42 14 0.816919 0.520004 -0.249478 -0.14836 -0.55016 0.83241 -0.0664582 -0.082749 0.17311 0.191544 0.966097 0.985465
2 43 0 1 0 0 0 0 1 0 0 0 0 1 0
2 44 0 1 0 0 0 0 1 0 0 0 0 1 0
2 45 0 1 0 0 0 0 1 0 0 0 0 1 0
2 46 0 1 0 0 0 0 1 0 0 0 0 1 0
2 47 0 1 0 0 0 0 1 0 0 0 0 1 0
2 48 0 1 0 0 0 0 1 0 0 0 0 1 0
2 49 0 1 0 0 0 0 1 0 0 0 0 1 0
2 50 0 1 0 0 0 0 1 0 0 0 0 1 0
2 51 0 1 0 0 0 0 1 0 0 0 0 1 0
2 52 0 1 0 0 0 0 1 0 0 0 0 1 0
2 53 0 1 0 0 0 0 1 0 0 0 0 1 0
2 54 0 1 0 0 0 0 1 0 0 0 0 1 0
2 55 0 1 0 0 0 0 1 0 0 0 0 1 0
2 56 0 1 0 0 0 0 1 0 0 0 0 1 0
2 57 0 1 0 0 0 0 1 0 0 0 0 1 0
2 58 0 1 0 0 0 0 1 0 0 0 0 1 0
2 59 0 1 0 0 0 0 1 0 0 0 0 1 0
2 60 0 1 0 0 0 0 1 0 0 0 0 1 0
2 61 0 1 0 0 0 0 1 0 0 0 0 1 0
2 62 0 1 0 0 0 0 1 0 0 0 0 1 0
2 63 27 0.488157 -0.849226 0.201292 -0.000554783 0.684502 0.515623 0.515354 0.32007 -0.541442 -0.113789 0.833002 0.947394
2 64 0 1 0 0 0 0 1 0 0 0 0 1 0
2 65 0 1 0 0 0 0 1 0 0 0 0 1 0
2 66 27 0.833378 -0.392783 0.388848 -0.153328 -0.249622 -0.895179 -0.369248 0.269576 0.493122 0.210659 -0.844069 0.950694
2 67 114 0.893849 0.029588 0.44739 -0.194335 0.447709 -0.00483369 -0.894166 0.810312 -0.024294 0.99955 -0.0175674 0.552836
2 68 111 0.992454 -0.028759 0.119201 0.115754 -0.00433283 0.963276 0.268479 -0.795123 -0.122545 -0.266969 0.955882 -0.595298
2 69 90 0.986694 -0.14843 -0.0663571 0.419406 0.160574 0.953653 0.254485 -0.690099 0.0255086 -0.261754 0.964797 -0.589798
2 70 84 0.959087 -0.282257 -0.0219713 -0.183004 0.27882 0.928238 0.246239 0.0877761 -0.0491083 -0.242291 0.96896 0.979186
2 71 191 0.787436 0.255225 -0.561075 0.38766 0.42274 0.438841 0.792912 -0.485142 0.448593 -0.861556 0.237665 0.783809
2 72 86 -0.14751 -0.441264 -0.88517 0.544192 0.168535 0.870658 -0.462116 0.381629 0.974596 -0.217349 -0.0540628 0.747137
2 73 0 1 0 0 0 0 1 0 0 0 0 1 0
2 74 0 1 0 0 0 0 1 0 0 0 0 1 0
2 75 0 1 0 0 0 0 1 0 0 0 0 1 0
2 76 24 -0.90605 -0.115051 0.40723 -0.074174 -0.249918 0.92206 -0.295544 0.105422 -0.341487 -0.369552 -0.864186 0.991657
2 77 0 1 0 0 0 0 1 0 0 0 0 1 0
2 78 0 1 0 0 0 0 1 0 0 0 0 1 0
2 79 0 1 0 0 0 0 1 0 0 0 0 1 0
2 80 0 1 0 0 0 0 1 0 0 0 0 1 0
2 81 0 1 0 0 0 0 1 0 0 0 0 1 0
2 82 0 1 0 0 0 0 1 0 0 0 0 1 0
2 83 0 1 0 0 0 0 1 0 0 0 0 1 0
2 84 0 1 0 0 0 0 1 0 0 0 0 1 0
2 85 0 1 0 0 0 0 1 0 0 0 0 1 0
2 86 0 1 0 0 0 0 1 0 0 0 0 1 0
2 87 28 0.709494 -0.549347 0.441403 -0.730391 0.352173 0.818931 0.45313 -0.569233 -0.610404 -0.166043 0.774491 0.377496
2 88 67 0.620574 -0.359044 0.697119 -0.877428 0.272721 0.932339 0.237417 -0.269639 -0.735195 0.0427846 0.676504 0.396756
2 89 32 0.96547 -0.258087 0.0354931 0.283692 0.260228 0.961814 -0.0848279 0.0825931 -0.0122448 0.0911351 0.995763 -0.955352
2 90 100 0.730889 -0.113053 0.673068 -0.958092 0.194252 0.979856 -0.0463553 -0.279746 -0.654269 0.164625 0.738126 -0.0616544
2 91 159 0.770005 -0.0675771 0.634449 -0.943047 0.407929 0.816733 -0.408094 0.331961 -0.490598 0.573045 0.656455 -0.0215376
2 92 177 0.97477 -0.223112 -0.00671095 0.581285 0.22016 0.965959 -0.135841 0.0288265 0.0367903 0.130936 0.990708 -0.813189
2 93 137 0.991993 -0.104656 0.0706921 -0.0317227 0.117616 0.969456 -0.215225 0.43811 -0.0460083 0.221816 0.974002 -0.898361
2 94 501 0.922136 -0.279445 0.267536 -0.630301 0.349927 0.897387 -0.268788 0.651035 -0.164971 0.341477 0.925299 -0.422935
2 95 961 0.959141 -0.268952 0.0878234 -0.2162 0.279549 0.948704 -0.147692 0.44311 -0.0435962 0.166209 0.985126 -0.870006
2 96 766 0.967143 -0.182627 -0.176864 0.503753 0.191937 0.980713 0.0368951 -0.092422 0.166715 -0.0696296 0.983544 -0.858889
2 97 318 0.876079 0.0547671 -0.479047 0.919544 0.0159885 0.989682 0.142385 -0.381247 0.481903 -0.1324 0.866164 -0.095338
2 98 0 1 0 0 0 0 1 0 0 0 0 1 0
2 99 0 1 0 0 0 0 1 0 0 0 0 1 0
2 100 0 1 0 0 0 0 1 0 0 0 0 1 0
2 101 0 1 0 0 0 0 1 0 0 0 0 1 0
2 102 0 1 0 0 0 0 1 0 0 0 0 1 0
2 103 0 1 0 0 0 0 1 0 0 0 0 1 0
2 104 0 1 0 0 0 0 1 0 0 0 0 1 0
2 105 0 1 0 0 0 0 1 0 0 0 0 1 0
2 106 0 1 0 0 0 0 1 0 0 0 0 1 0
2 107 0 1 0 0 0 0 1 0 0 0 0 1 0
2 108 0 1 0 0 0 0 1 0 0 0 0 1 0
2 109 0 1 0 0 0 0 1 0 0 0 0 1 0
2 110 0 1 0 0 0 0 1 0 0 0 0 1 0
2 111 0 1 0 0 0 0 1 0 0 0 0 1 0
2 112 0 1 0 0 0 0 1 0 0 0 0 1 0
2 113 0 1 0 0 0 0 1 0 0 0 0 1 0
2 114 0 1 0 0 0 0 1 0 0 0 0 1 0
2 115 0 1 0 0 0 0 1 0 0 0 0 1 0
2 116 0 1 0 0 0 0 1 0 0 0 0 1 0
2 117 0 1 0 0 0 0 1 0 0 0 0 1 0
2 118 0 1 0 0 0 0 1 0 0 0 0 1 0
2 119 0 1 0 0 0 0 1 0 0 0 0 1 0
2 120 0 1 0 0 0 0 1 0 0 0 0 1 0
2 121 0 1 0 0 0 0 1 0 0 0 0 1 0
2 122 0 1 0 0 0 0 1 0 0 0 0 1 0
2 123 14 0.988695 -0.106304 -0.105745 0.0149457 -0.0741535 -0.959615 0.271366 -0.148643 -0.130322 -0.260457 -0.95665 0.988778
2 124 0 1 0 0 0 0 1 0 0 0 0 1 0
2 125 0 1 0 0 0 0 1 0 0 0 0 1 0
2 126 0 1 0 0 0 0 1 0 0 0 0 1 0
2 127 0 1 0 0 0 0 1 0 0 0 0 1 0
2 128 44 0.980666 -0.18847 -0.052667 -0.211892 0.194415 0.969001 0.152444 0.207307 0.0223033 -0.159736 0.986908 0.955053
2 129 0 1 0 0 0 0 1 0 0 0 0 1 0
2 130 0 1 0 0 0 0 1 0 0 0 0 1 0
2 131 0 1 0 0 0 0 1 0 0 0 0 1 0
2 132 0 1 0 0 0 0 1 0 0 0 0 1 0
2 133 0 1 0 0 0 0 1 0 0 0 0 1 0
2 134 13 0.998586 0.0283135 0.0449862 -0.0763691 -0.0407862 0.950869 0.306895 0.137904 -0.0340867 -0.308296 0.95068 0.987497
2 135 0 1 0 0 0 0 1 0 0 0 0 1 0
2 136 0 1 0 0 0 0 1 0 0 0 0 1 0
2 137 0 1 0 0 0 0 1 0 0 0 0 1 0
2 138 0 1 0 0 0 0 1 0 0 0 0 1 0
2 139 0 1 0 0 0 0 1 0 0 0 0 1 0
2 140 22 0.978031 -0.154511 -0.139938 -0.18366 0.158062 0.987322 0.0145611 0.0408105 0.135914 -0.0363599 0.990053 0.982142
2 141 103 0.618698 -0.236343 0.749236 -0.80895 -0.0727671 0.932338 0.354191 -0.173575 -0.782251 -0.273657 0.559638 0.561669
2 142 84 0.19108 -0.26756 0.944405 -0.65447 0.0580507 0.963529 0.261233 -0.199429 -0.979856 0.00490699 0.199643 0.729312
2 143 24 0.495134 -0.367692 0.787175 -0.630195 0.270181 0.926272 0.26272 -0.190205 -0.825739 0.0825981 0.557973 0.752779
2 144 35 -0.669026 -0.478036 0.569109 -0.19912 -0.510042 0.852254 0.116281 0.0217457 -0.540612 -0.212474 -0.813998 0.979734
2 145 0 1 0 0 0 0 1 0 0 0 0 1 0
2 146 0 1 0 0 0 0 1 0 0 0 0 1 0
2 147 0 1 0 0 0 0 1 0 0 0 0 1 0
2 148 0 1 0 0 0 0 1 0 0 0 0 1 0
2 149 0 1 0 0 0 0 1 0 0 0 0 1 0
2 150 0 1 0 0 0 0 1 0 0 0 0 1 0
2 151 0 1 0 0 0 0 1 0 0 0 0 1 0
2 152 0 1 0 0 0 0 1 0 0 0 0 1 0
2 153 0 1 0 0 0 0 1 0 0 0 0 1 0
2 154 0 1 0 0 0 0 1 0 0 0 0 1 0
2 155 26 -0.822717 0.101692 -0.559281 0.54128 -0.563433 -0.276325 0.778581 -0.630017 -0.0753678 0.955669 0.284634 0.556861
2 156 0 1 0 0 0 0 1 0 0 0 0 1 0
2 157 0 1 0 0 0 0 1 0 0 0 0 1 0
2 158 0 1 0 0 0 0 1 0 0 0 0 1 0
2 159 0 1 0 0 0 0 1 0 0 0 0 1 0
2 160 0 1 0 0 0 0 1 0 0 0 0 1 0
3 4 621 0.948987 0.135051 -0.284929 0.990588 -0.122664 0.990574 0.0609675 0.0318473 0.290477 -0.0229067 0.956608 0.133118
3 5 266 0.938632 0.28465 0.194793 -0.48562 -0.288055 0.957548 -0.0112295 0.247425 -0.18972 -0.0455708 0.98078 0.838424
3 6 77 0.558396 0.501995 0.660451 -0.494404 -0.123248 0.837497 -0.532361 0.460584 -0.820368 0.215869 0.529525 0.737175
3 7 11 0.981929 -0.0134775 0.188769 -0.108028 0.00228291 0.998232 0.0593953 -0.0704526 -0.189236 -0.057891 0.980224 -0.991648
3 8 13 0.728134 0.36414 -0.580709 -0.360245 -0.302523 0.930958 0.204443 -0.268659 0.615062 0.026816 0.788023 0.893334
3 9 11 0.455933 -0.817389 -0.352135 0.204433 0.841486 0.52476 -0.128563 0.0142879 0.289873 -0.237701 0.927077 0.978776
3 10 0 1 0 0 0 0 1 0 0 0 0 1 0
3 11 0 1 0 0 0 0 1 0 0 0 0 1 0
3 12 0 1 0 0 0 0 1 0 0 0 0 1 0
3 13 20 0.992145 -0.112454 -0.05479 -0.0797503 0.119448 0.981752 0.147971 0.0122442 0.0371502 -0.153353 0.987473 0.99674
3 14 0 1 0 0 0 0 1 0 0 0 0 1 0
3 15 0 1 0 0 0 0 1 0 0 0 0 1 0
3 16 0 1 0 0 0 0 1 0 0 0 0 1 0
3 17 0 1 0 0 0 0 1 0 0 0 0 1 0
3 18 11 0.881497 -0.470834 -0.0357668 -0.174883 0.472185 0.879309 0.0621066 -0.0672401 0.00220822 -0.0716353 0.997428 0.982291
3 19 0 1 0 0 0 0 1 0 0 0 0 1 0
3 20 0 1 0 0 0 0 1 0 0 0 0 1 0
3 21 0 1 0 0 0 0 1 0 0 0 0 1 0
3 22 0 1 0 0 0 0 1 0 0 0 0 1 0
3 23 0 1 0 0 0 0 1 0 0 0 0 1 0
3 24 0 1 0 0 0 0 1 0 0 0 0 1 0
3 25 0 1 0 0 0 0 1 0 0 0 0 1 0
3 26 0 1 0 0 0 0 1 0 0 0 0 1 0
3 27 0 1 0 0 0 0 1 0 0 0 0 1 0
3 28 0 1 0 0 0 0 1 0 0 0 0 1 0
3 29 0 1 0 0 0 0 1 0 0 0 0 1 0
3 30 0 1 0 0 0 0 1 0 0 0 0 1 0
3 31 0 1 0 0 0 0 1 0 0 0 0 1 0
3 32 0 1 0 0 0 0 1 0 0 0 0 1 0
3 33 0 1 0 0 0 0 1 0 0 0 0 1 0
3 34 0 1 0 0 0 0 1 0 0 0 0 1 0
3 35 0 1 0 0 0 0 1 0 0 0 0 1 0
3 36 0 1 0 0 0 0 1 0 0 0 0 1 0
3 37 0 1 0 0 0 0 1 0 0 0 0 1 0
3 38 0 1 0 0 0 0 1 0 0 0 0 1 0
3 39 0 1 0 0 0 0 1 0 0 0 0 1 0
3 40 0 1 0 0 0 0 1 0 0 0 0 1 0
3 41 0 1 0 0 0 0 1 0 0 0 0 1 0
3 42 0 1 0 0 0 0 1 0 0 0 0 1 0
3 43 0 1 0 0 0 0 1 0 0 0 0 1 0
3 44 0 1 0 0 0 0 1 0 0 0 0 1 0
3 45 0 1 0 0 0 0 1 0 0 0 0 1 0
3 46 0 1 0 0 0 0 1 0 0 0 0 1 0
3 47 0 1 0 0 0 0 1 0 0 0 0 1 0
3 48 0 1 0 0 0 0 1 0 0 0 0 1 0
3 49 0 1 0 0 0 0 1 0 0 0 0 1 0
3 50 0 1 0 0 0 0 1 0 0 0 0 1 0
3 51 0 1 0 0 0 0 1 0 0 0 0 1 0
3 52 0 1 0 0 0 0 1 0 0 0 0 1 0
3 53 0 1 0 0 0 0 1 0 0 0 0 1 0
3 54 0 1 0 0 0 0 1 0 0 0 0 1 0
3 55 0 1 0 0 0 0 1 0 0 0 0 1 0
3 56 0 1 0 0 0 0 1 0 0 0 0 1 0
3 57 0 1 0 0 0 0 1 0 0 0 0 1 0
3 58 0 1 0 0 0 0 1 0 0 0 0 1 0
3 59 0 1 0 0 0 0 1 0 0 0 0 1 0
3 60 0 1 0 0 0 0 1 0 0 0 0 1 0
3 61 0 1 0 0 0 0 1 0 0 0 0 1 0
3 62 0 1 0 0 0 0 1 0 0 0 0 1 0
3 63 19 0.878414 0.464883 0.110784 0.00921768 -0.471816 0.806731 0.355773 0.297771 0.0760199 -0.364786 0.927983 0.954593
3 64 0 1 0 0 0 0 1 0 0 0 0 1 0
3 65 28 0.98872 -0.148957 0.0156125 0.071455 0.140452 0.958334 0.248734 -0.193867 -0.0520128 -0.243735 0.968446 -0.978422
3 66 54 0.97871 0.185231 -0.0884091 -0.0640669 -0.162299 0.962112 0.219086 0.917316 0.125641 -0.200073 0.971692 0.392973
3 67 144 0.982386 -0.186719 -0.00739205 -0.0535901 0.182287 0.948862 0.257745 -0.315888 -0.0411119 -0.254553 0.966185 0.947282
3 68 202 0.955154 -0.259951 0.141796 -0.215951 0.284946 0.67666 -0.678924 0.910662 0.0805393 0.688881 0.720386 0.352221
3 69 114 0.944069 -0.260085 -0.202704 -0.0827955 0.287086 0.950703 0.11724 -0.172708 0.162219 -0.168876 0.972196 0.981487
3 70 94 0.939429 -0.316717 -0.13101 -0.376323 0.333664 0.932495 0.138283 0.263884 0.0783697 -0.17362 0.981689 0.888114
3 71 123 0.889919 -0.441683 -0.113845 -0.250438 0.449031 0.892193 0.048616 0.0270831 0.0800988 -0.0943843 0.992308 0.967754
3 72 0 1 0 0 0 0 1 0 0 0 0 1 0
3 73 0 1 0 0 0 0 1 0 0 0 0 1 0
3 74 0 1 0 0 0 0 1 0 0 0 0 1 0
3 75 0 1 0 0 0 0 1 0 0 0 0 1 0
3 76 0 1 0 0 0 0 1 0 0 0 0 1 0
3 77 0 1 0 0 0 0 1 0 0 0 0 1 0
3 78 0 1 0 0 0 0 1 0 0 0 0 1 0
3 79 0 1 0 0 0 0 1 0 0 0 0 1 0
3 80 0 1 0 0 0 0 1 0 0 0 0 1 0
3 81 0 1 0 0 0 0 1 0 0 0 0 1 0
3 82 0 1 0 0 0 0 1 0 0 0 0 1 0
3 83 0 1 0 0 0 0 1 0 0 0 0 1 0
3 84 0 1 0 0 0 0 1 0 0 0 0 1 0
3 85 15 0.170785 0.944432 0.280858 -0.32985 0.821915 -0.293758 0.488018 -0.376706 0.543404 0.147495 -0.826412 0.865616
3 86 0 1 0 0 0 0 1 0 0 0 0 1 0
3 87 0 1 0 0 0 0 1 0 0 0 0 1 0
3 88 0 1 0 0 0 0 1 0 0 0 0 1 0
3 89 0 1 0 0 0 0 1 0 0 0 0 1 0
3 90 0 1 0 0 0 0 1 0 0 0 0 1 0
3 91 0 1 0 0 0 0 1 0 0 0 0 1 0
3 92 43 0.989562 -0.0923388 -0.110635 0.148981 0.0631537 0.967964 -0.243016 0.135756 0.129531 0.233492 0.963692 -0.979477
3 93 22 0.239385 0.962873 -0.124783 -0.230377 -0.947549 0.259716 0.186275 -0.252081 0.211768 0.0736465 0.974541 0.939884
3 94 139 0.803977 -0.271808 0.528905 -0.998124 0.391254 0.911579 -0.126271 0.0222223 -0.447817 0.308455 0.839235 -0.0570428
3 95 326 0.917009 -0.330212 0.223729 -0.845432 0.358618 0.928108 -0.100047 -0.0656052 -0.174608 0.171977 0.969503 -0.530039
3 96 675 0.960329 -0.265671 -0.0847734 -0.392278 0.270069 0.961775 0.0452879 -0.357824 0.0695012 -0.066386 0.995371 -0.847396
3 97 677 0.95466 -0.0277251 -0.296406 0.328672 0.0769281 0.984812 0.155652 -0.743416 0.287588 -0.171397 0.942293 -0.582501
3 98 125 0.927293 0.0420503 -0.371968 0.62647 -0.0204888 0.997882 0.0617315 -0.537549 0.373776 -0.0496219 0.926191 -0.564425
3 99 0 1 0 0 0 0 1 0 0 0 0 1 0
3 100 0 1 0 0 0 0 1 0 0 0 0 1 0
3 101 0 1 0 0 0 0 1 0 0 0 0 1 0
3 102 0 1 0 0 0 0 1 0 0 0 0 1 0
3 103 0 1 0 0 0 0 1 0 0 0 0 1 0
3 104 0 1 0 0 0 0 1 0 0 0 0 1 0
3 105 0 1 0 0 0 0 1 0 0 0 0 1 0
3 106 0 1 0 0 0 0 1 0 0 0 0 1 0
3 107 0 1 0 0 0 0 1 0 0 0 0 1 0
3 108 0 1 0 0 0 0 1 0 0 0 0 1 0
3 109 0 1 0 0 0 0 1 0 0 0 0 1 0
3 110 0 1 0 0 0 0 1 0 0 0 0 1 0
3 111 0 1 0 0 0 0 1 0 0 0 0 1 0
3 112 0 1 0 0 0 0 1 0 0 0 0 1 0
3 113 0 1 0 0 0 0 1 0 0 0 0 1 0
3 114 0 1 0 0 0 0 1 0 0 0 0 1 0
3 115 0 1 0 0 0 0 1 0 0 0 0 1 0
3 116 0 1 0 0 0 0 1 0 0 0 0 1 0
3 117 0 1 0 0 0 0 1 0 0 0 0 1 0
3 118 0 1 0 0 0 0 1 0 0 0 0 1 0
3 119 0 1 0 0 0 0 1 0 0 0 0 1 0
3 120 0 1 0 0 0 0 1 0 0 0 0 1 0
3 121 0 1 0 0 0 0 1 0 0 0 0 1 0
3 122 0 1 0 0 0 0 1 0 0 0 0 1 0
3 123 0 1 0 0 0 0 1 0 0 0 0 1 0
3 124 0 1 0 0 0 0 1 0 0 0 0 1 0
3 125 0 1 0 0 0 0 1 0 0 0 0 1 0
3 126 0 1 0 0 0 0 1 0 0 0 0 1 0
3 127 0 1 0 0 0 0 1 0 0 0 0 1 0
3 128 0 1 0 0 0 0 1 0 0 0 0 1 0
3 129 0 1 0 0 0 0 1 0 0 0 0 1 0
3 130 0 1 0 0 0 0 1 0 0 0 0 1 0
3 131 0 1 0 0 0 0 1 0 0 0 0 1 0
3 132 0 1 0 0 0 0 1 0 0 0 0 1 0
3 133 0 1 0 0 0 0 1 0 0 0 0 1 0
3 134 0 1 0 0 0 0 1 0 0 0 0 1 0
3 135 0 1 0 0 0 0 1 0 0 0 0 1 0
3 136 0 1 0 0 0 0 1 0 0 0 0 1 0
3 137 0 1 0 0 0 0 1 0 0 0 0 1 0
3 138 0 1 0 0 0 0 1 0 0 0 0 1 0
3 139 0 1 0 0 0 0 1 0 0 0 0 1 0
3 140 0 1 0 0 0 0 1 0 0 0 0 1 0
3 141 22 0.879207 -0.437116 -0.18954 -0.244619 0.452296 0.890798 0.0436811 0.194736 0.149748 -0.124133 0.980901 0.949863
3 142 0 1 0 0 0 0 1 0 0 0 0 1 0
3 143 0 1 0 0 0 0 1 0 0 0 0 1 0
3 144 0 1 0 0 0 0 1 0 0 0 0 1 0
3 145 0 1 0 0 0 0 1 0 0 0 0 1 0
3 146 0 1 0 0 0 0 1 0 0 0 0 1 0
3 147 0 1 0 0 0 0 1 0 0 0 0 1 0
3 148 0 1 0 0 0 0 1 0 0 0 0 1 0
3 149 0 1 0 0 0 0 1 0 0 0 0 1 0
3 150 0 1 0 0 0 0 1 0 0 0 0 1 0
3 151 0 1 0 0 0 0 1 0 0 0 0 1 0
3 152 0 1 0 0 0 0 1 0 0 0 0 1 0
3 153 0 1 0 0 0 0 1 0 0 0 0 1 0
3 154 0 1 0 0 0 0 1 0 0 0 0 1 0
3 155 0 1 0 0 0 0 1 0 0 0 0 1 0
3 156 0 1 0 0 0 0 1 0 0 0 0 1 0
3 157 0 1 0 0 0 0 1 0 0 0 0 1 0
3 158 0 1 0 0 0 0 1 0 0 0 0 1 0
3 159 0 1 0 0 0 0 1 0 0 0 0 1 0
3 160 0 1 0 0 0 0 1 0 0 0 0 1 0
4 5 659 0.990029 0.0521121 -0.130869 0.779249 -0.0540315 0.998477 -0.0111563 -0.118285 0.130088 0.0181161 0.991337 0.615451
4 6 363 0.939031 0.0705849 -0.33651 0.836831 -0.0799288 0.996703 -0.0139772 -0.276687 0.334413 0.0400218 0.941576 0.472396
4 7 182 0.887092 0.46 0.0383021 0.130406 -0.458925 0.887832 -0.0337982 0.266369 -0.049553 0.0124043 0.998694 0.955009
4 8 90 0.882913 0.294098 -0.366022 -0.412359 -0.186182 0.934918 0.3021 -0.770842 0.431047 -0.198581 0.880207 -0.485554
4 9 113 0.356779 0.327993 -0.874717 0.866985 -0.236997 0.937485 0.254863 -0.192926 0.903627 0.116376 0.412208 0.459474
4 10 23 0.670836 0.368551 -0.643544 0.394876 -0.278157 0.929462 0.24234 0.0737405 0.687465 0.0164363 0.726032 -0.91577
4 11 0 1 0 0 0 0 1 0 0 0 0 1 0
4 12 0 1 0 0 0 0 1 0 0 0 0 1 0
4 13 0 1 0 0 0 0 1 0 0 0 0 1 0
4 14 0 1 0 0 0 0 1 0 0 0 0 1 0
4 15 0 1 0 0 0 0 1 0 0 0 0 1 0
4 16 0 1 0 0 0 0 1 0 0 0 0 1 0
4 17 0 1 0 0 0 0 1 0 0 0 0 1 0
4 18 0 1 0 0 0 0 1 0 0 0 0 1 0
4 19 0 1 0 0 0 0 1 0 0 0 0 1 0
4 20 0 1 0 0 0 0 1 0 0 0 0 1 0
4 21 0 1 0 0 0 0 1 0 0 0 0 1 0
4 22 10 -0.0575437 0.994504 -0.087468 0.0133413 -0.996641 -0.0521107 0.0631781 0.0138153 0.0582728 0.0908097 0.994162 0.999816
4 23 0 1 0 0 0 0 1 0 0 0 0 1 0
4 24 0 1 0 0 0 0 1 0 0 0 0 1 0
4 25 0 1 0 0 0 0 1 0 0 0 0 1 0
4 26 0 1 0 0 0 0 1 0 0 0 0 1 0
4 27 0 1 0 0 0 0 1 0 0 0 0 1 0
4 28 0 1 0 0 0 0 1 0 0 0 0 1 0
4 29 0 1 0 0 0 0 1 0 0 0 0 1 0
4 30 0 1 0 0 0 0 1 0 0 0 0 1 0
4 31 0 1 0 0 0 0 1 0 0 0 0 1 0
4 32 0 1 0 0 0 0 1 0 0 0 0 1 0
4 33 0 1 0 0 0 0 1 0 0 0 0 1 0
4 34 0 1 0 0 0 0 1 0 0 0 0 1 0
4 35 0 1 0 0 0 0 1 0 0 0 0 1 0
4 36 0 1 0 0 0 0 1 0 0 0 0 1 0
4 37 25 -0.373819 -0.867001 0.329496 -0.132299 -0.829581 0.471418 0.299266 -0.334043 -0.414794 -0.161472 -0.895473 0.933227
4 38 0 1 0 0 0 0 1 0 0 0 0 1 0
4 39 0 1 0 0 0 0 1 0 0 0 0 1 0
4 40 0 1 0 0 0 0 1 0 0 0 0 1 0
4 41 0 1 0 0 0 0 1 0 0 0 0 1 0
4 42 0 1 0 0 0 0 1 0 0 0 0 1 0
4 43 0 1 0 0 0 0 1 0 0 0 0 1 0
4 44 0 1 0 0 0 0 1 0 0 0 0 1 0
4 45 0 1 0 0 0 0 1 0 0 0 0 1 0
4 46 0 1 0 0 0 0 1 0 0 0 0 1 0
4 47 0 1 0 0 0 0 1 0 0 0 0 1 0
4 48 0 1 0 0 0 0 1 0 0 0 0 1 0
4 49 0 1 0 0 0 0 1 0 0 0 0 1 0
4 50 0 1 0 0 0 0 1 0 0 0 0 1 0
4 51 0 1 0 0 0 0 1 0 0 0 0 1 0
4 52 0 1 0 0 0 0 1 0 0 0 0 1 0
4 53 0 1 0 0 0 0 1 0 0 0 0 1 0
4 54 0 1 0 0 0 0 1 0 0 0 0 1 0
4 55 0 1 0 0 0 0 1 0 0 0 0 1 0
4 56 0 1 0 0 0 0 1 0 0 0 0 1 0
4 57 0 1 0 0 0 0 1 0 0 0 0 1 0
4 58 0 1 0 0 0 0 1 0 0 0 0 1 0
4 59 0 1 0 0 0 0 1 0 0 0 0 1 0
4 60 0 1 0 0 0 0 1 0 0 0 0 1 0
4 61 0 1 0 0 0 0 1 0 0 0 0 1 0
4 62 0 1 0 0 0 0 1 0 0 0 0 1 0
4 63 22 -0.765506 -0.634768 -0.105213 0.0669557 -0.581373 0.75243 -0.309603 0.274751 0.275691 -0.175835 -0.945027 0.959181
4 64 29 0.951735 0.306625 -0.0134372 -0.0276282 -0.298098 0.933916 0.197327 0.242826 0.0730546 -0.183797 0.980246 0.969676
4 65 77 0.912355 -0.367327 -0.180773 0.0648688 -0.30099 -0.302522 -0.90437 0.680899 0.277512 0.879518 -0.386569 0.729498
4 66 106 0.961738 -0.231071 0.147194 -0.174172 -0.254219 -0.552367 0.793891 -0.165108 -0.10214 -0.800935 -0.589975 0.970775
4 67 118 0.914021 0.00991176 0.405545 -0.295735 0.401394 -0.166794 -0.90059 0.673707 0.058716 0.985942 -0.156432 0.677244
4 68 138 0.877127 -0.418286 0.235978 -0.482944 0.477933 0.711934 -0.51452 0.846777 0.0472159 0.56408 0.824369 0.223011
4 69 39 0.811787 -0.55051 -0.194782 -0.369309 0.555094 0.831038 -0.0353061 0.183569 0.181308 -0.0794613 0.980211 0.910996
4 70 21 0.5254 0.847816 -0.071852 -0.244572 -0.844179 0.529973 0.0805589 0.145626 0.106379 0.0183303 0.994157 0.958633
4 71 15 0.768918 -0.616022 -0.171122 -0.198051 0.616893 0.785155 -0.0545375 0.00339664 0.167954 -0.0636293 0.983739 0.980186
4 72 0 1 0 0 0 0 1 0 0 0 0 1 0
4 73 0 1 0 0 0 0 1 0 0 0 0 1 0
4 74 0 1 0 0 0 0 1 0 0 0 0 1 0
4 75 0 1 0 0 0 0 1 0 0 0 0 1 0
4 76 0 1 0 0 0 0 1 0 0 0 0 1 0
4 77 0 1 0 0 0 0 1 0 0 0 0 1 0
4 78 0 1 0 0 0 0 1 0 0 0 0 1 0
4 79 0 1 0 0 0 0 1 0 0 0 0 1 0
4 80 0 1 0 0 0 0 1 0 0 0 0 1 0
4 81 0 1 0 0 0 0 1 0 0 0 0 1 0
4 82 0 1 0 0 0 0 1 0 0 0 0 1 0
4 83 0 1 0 0 0 0 1 0 0 0 0 1 0
4 84 0 1 0 0 0 0 1 0 0 0 0 1 0
4 85 0 1 0 0 0 0 1 0 0 0 0 1 0
4 86 0 1 0 0 0 0 1 0 0 0 0 1 0
4 87 0 1 0 0 0 0 1 0 0 0 0 1 0
4 88 0 1 0 0 0 0 1 0 0 0 0 1 0
4 89 0 1 0 0 0 0 1 0 0 0 0 1 0
4 90 0 1 0 0 0 0 1 0 0 0 0 1 0
4 91 0 1 0 0 0 0 1 0 0 0 0 1 0
4 92 0 1 0 0 0 0 1 0 0 0 0 1 0
4 93 0 1 0 0 0 0 1 0 0 0 0 1 0
4 94 0 1 0 0 0 0 1 0 0 0 0 1 0
4 95 35 0.840568 -0.496238 -0.21724 -0.309511 0.420463 0.850525 -0.315941 0.247154 0.34155 0.174229 0.923573 0.918214
4 96 53 0.700892 0.50012 -0.508557 0.0334099 0.57316 0.0294743 0.818913 -0.569864 0.424544 -0.865454 -0.26599 0.82106
4 97 361 0.975717 -0.195813 -0.0981529 -0.370293 0.203846 0.975745 0.0798059 -0.65139 0.0801452 -0.0978761 0.991966 -0.662249
4 98 132 0.966675 -0.01874 -0.255321 0.111595 0.0661945 0.981699 0.178565 -0.832132 0.247302 -0.189515 0.950224 -0.543234
4 99 11 0.327766 -0.936744 -0.122803 -0.178037 0.901481 0.348989 -0.256007 -0.160689 0.28267 -0.0267936 0.958843 0.970815
4 100 0 1 0 0 0 0 1 0 0 0 0 1 0
4 101 0 1 0 0 0 0 1 0 0 0 0 1 0
4 102 0 1 0 0 0 0 1 0 0 0 0 1 0
4 103 0 1 0 0 0 0 1 0 0 0 0 1 0
4 104 0 1 0 0 0 0 1 0 0 0 0 1 0
4 105 0 1 0 0 0 0 1 0 0 0 0 1 0
4 106 0 1 0 0 0 0 1 0 0 0 0 1 0
4 107 0 1 0 0 0 0 1 0 0 0 0 1 0
4 108 0 1 0 0 0 0 1 0 0 0 0 1 0
4 109 0 1 0 0 0 0 1 0 0 0 0 1 0
4 110 0 1 0 0 0 0 1 0 0 0 0 1 0
4 111 0 1 0 0 0 0 1 0 0 0 0 1 0
4 112 0 1 0 0 0 0 1 0 0 0 0 1 0
4 113 0 1 0 0 0 0 1 0 0 0 0 1 0
4 114 0 1 0 0 0 0 1 0 0 0 0 1 0
4 115 0 1 0 0 0 0 1 0 0 0 0 1 0
4 116 0 1 0 0 0 0 1 0 0 0 0 1 0
4 117 0 1 0 0 0 0 1 0 0 0 0 1 0
4 118 0 1 0 0 0 0 1 0 0 0 0 1 0
4 119 0 1 0 0 0 0 1 0 0 0 0 1 0
4 120 0 1 0 0 0 0 1 0 0 0 0 1 0
4 121 0 1 0 0 0 0 1 0 0 0 0 1 0
4 122 0 1 0 0 0 0 1 0 0 0 0 1 0
4 123 24 -0.545037 0.785575 0.292928 -0.113128 0.785492 0.600616 -0.149206 0.0462656 -0.29315 0.14877 -0.944421 0.992503
4 124 0 1 0 0 0 0 1 0 0 0 0 1 0
4 125 0 1 0 0 0 0 1 0 0 0 0 1 0
4 126 0 1 0 0 0 0 1 0 0 0 0 1 0
4 127 0 1 0 0 0 0 1 0 0 0 0 1 0
4 128 0 1 0 0 0 0 1 0 0 0 0 1 0
4 129 0 1 0 0 0 0 1 0 0 0 0 1 0
4 130 0 1 0 0 0 0 1 0 0 0 0 1 0
4 131 0 1 0 0 0 0 1 0 0 0 0 1 0
4 132 0 1 0 0 0 0 1 0 0 0 0 1 0
4 133 0 1 0 0 0 0 1 0 0 0 0 1 0
4 134 0 1 0 0 0 0 1 0 0 0 0 1 0
4 135 0 1 0 0 0 0 1 0 0 0 0 1 0
4 136 0 1 0 0 0 0 1 0 0 0 0 1 0
4 137 0 1 0 0 0 0 1 0 0 0 0 1 0
4 138 0 1 0 0 0 0 1 0 0 0 0 1 0
4 139 0 1 0 0 0 0 1 0 0 0 0 1 0
4 140 0 1 0 0 0 0 1 0 0 0 0 1 0
4 141 0 1 0 0 0 0 1 0 0 0 0 1 0
4 142 0 1 0 0 0 0 1 0 0 0 0 1 0
4 143 0 1 0 0 0 0 1 0 0 0 0 1 0
4 144 0 1 0 0 0 0 1 0 0 0 0 1 0
4 145 0 1 0 0 0 0 1 0 0 0 0 1 0
4 146 0 1 0 0 0 0 1 0 0 0 0 1 0
4 147 0 1 0 0 0 0 1 0 0 0 0 1 0
4 148 0 1 0 0 0 0 1 0 0 0 0 1 0
4 149 0 1 0 0 0 0 1 0 0 0 0 1 0
4 150 0 1 0 0 0 0 1 0 0 0 0 1 0
4 151 0 1 0 0 0 0 1 0 0 0 0 1 0
4 152 0 1 0 0 0 0 1 0 0 0 0 1 0
4 153 0 1 0 0 0 0 1 0 0 0 0 1 0
4 154 0 1 0 0 0 0 1 0 0 0 0 1 0
4 155 21 -0.375561 -0.325749 0.867664 -0.279602 -0.737419 0.67212 -0.0668502 0.0672174 -0.561398 -0.664938 -0.492636 0.95776
4 156 0 1 0 0 0 0 1 0 0 0 0 1 0
4 157 0 1 0 0 0 0 1 0 0 0 0 1 0
4 158 0 1 0 0 0 0 1 0 0 0 0 1 0
4 159 0 1 0 0 0 0 1 0 0 0 0 1 0
4 160 0 1 0 0 0 0 1 0 0 0 0 1 0
5 6 766 0.993305 0.0439207 -0.106846 0.85725 -0.0489646 0.997784 -0.0450507 -0.307332 0.10463 0.0499807 0.993254 0.41312
