0 1 558 0.978441 0.0710278 -0.193927 0.897652 -0.0698867 0.997474 0.0127278 0.214156 0.194341 0.00109951 0.980933 -0.385174
0 2 189 0.894456 0.149855 -0.421297 0.975891 -0.157343 0.987395 0.0171597 0.0542608 0.418558 0.0509395 0.90676 -0.211405
0 3 109 0.593974 0.292112 -0.749577 0.962712 -0.195101 0.956238 0.218048 -0.164399 0.780468 0.0167285 0.624972 0.214847
0 4 98 0.502418 -0.32106 0.802805 -0.214805 0.810232 -0.149302 -0.566775 0.387603 0.301829 0.935216 0.185121 0.89645
0 5 26 -0.929328 0.368599 0.0220148 0.0165766 -0.365318 -0.909099 -0.200203 -0.156299 -0.0537811 -0.194097 0.979507 -0.987571
0 6 36 -0.962631 0.117378 -0.244058 0.153763 0.0180168 0.926951 0.374749 -0.226469 0.270217 0.356348 -0.894427 0.961805
0 7 20 -0.891843 0.429437 0.142128 0.277049 -0.434964 -0.900405 -0.00880972 -0.00252856 0.12419 -0.0696776 0.989809 0.960852
0 8 22 -0.577927 0.791355 0.199393 -0.00385972 -0.797617 -0.599416 0.0671358 -0.327391 0.172647 -0.120239 0.977617 -0.944881
0 9 36 0.811452 -0.544337 -0.212703 -0.104559 0.584067 0.767973 0.262837 -0.277828 0.0202786 -0.337512 0.941103 -0.954923
0 10 69 0.671413 0.580602 0.460549 -0.0890416 0.345055 -0.7949 0.49907 -0.382775 0.655852 -0.176168 -0.734046 0.919541
0 11 48 0.134668 -0.817308 -0.560243 0.324463 -0.954965 0.0438122 -0.293465 0.313731 0.264397 0.574533 -0.774601 0.892355
0 12 20 -0.770692 -0.563025 -0.298391 0.113059 0.587108 -0.809435 0.0109002 0.0761144 -0.247665 -0.166787 0.954381 -0.990669
0 13 39 -0.754576 -0.253725 -0.605177 0.214868 -0.158633 0.965404 -0.206958 0.197583 0.63675 -0.0601644 -0.768719 0.956448
0 14 61 0.982204 -0.069833 -0.174353 0.145564 0.177657 0.646633 0.741824 -0.264718 0.0609386 -0.759598 0.647532 0.953276
0 15 36 0.992564 0.0507754 -0.110626 0.429585 -0.0455809 0.997759 0.0489906 -0.0723567 0.112866 -0.0435839 0.992654 0.900123
0 16 81 0.409956 -0.251587 -0.876721 0.510063 -0.732712 -0.663283 -0.152279 0.00725106 -0.543203 0.704812 -0.456258 0.860106
0 17 82 -0.391537 0.810758 -0.435167 0.328924 0.618679 0.582024 0.527717 -0.267735 0.681128 -0.0626081 -0.729482 0.905609
0 18 29 0.212113 0.977065 -0.0187661 -0.230052 -0.942024 0.199321 -0.26993 -0.105219 -0.259998 0.0749336 0.962697 0.967473
0 19 81 0.800788 0.550548 0.235871 -0.0621219 0.305249 -0.713964 0.630141 -0.234112 0.515327 -0.43261 -0.739788 0.970223
0 20 37 0.755843 -0.611541 -0.233922 -0.152758 0.630013 0.776565 0.0055154 -0.40819 0.178283 -0.151543 0.97224 0.900025
0 21 27 -0.985479 0.130984 0.108052 -0.316757 -0.164042 -0.89873 -0.406663 0.407427 0.0438428 -0.418482 0.907166 -0.856544
0 22 62 0.40221 0.674917 0.618639 -0.186321 0.672044 -0.676519 0.30113 -0.0864726 0.621759 0.294635 -0.725676 0.978676
0 23 19 -0.692972 0.693339 0.197663 0.371795 -0.716851 -0.633372 -0.291485 -0.29243 -0.0769038 -0.343686 0.93593 0.881052
0 24 77 0.0690687 -0.764488 -0.640927 0.528786 0.991956 0.120942 -0.0373612 0.0573139 0.106077 -0.633191 0.766692 0.846818
0 25 20 0.898039 0.419568 0.132247 -0.281444 -0.439901 0.853926 0.278026 0.029172 0.0037213 -0.307854 0.951426 -0.959134
0 26 51 -0.614588 -0.461446 0.639804 -0.0532812 -0.66411 0.740372 -0.103957 0.0888462 -0.425722 -0.488791 -0.761475 0.994619
0 27 71 -0.148288 0.390953 0.908387 -0.330571 0.276155 0.898373 -0.341563 0.157784 -0.949605 0.200206 -0.241181 0.930498
0 28 19 0.410824 0.87978 0.239188 0.0590689 -0.863357 0.459714 -0.208036 -0.21467 -0.292984 -0.121039 0.948425 0.974899
0 29 24 -0.501159 0.836147 0.22293 -0.138487 -0.843798 -0.415038 -0.340219 0.372806 -0.191948 -0.358612 0.913539 -0.917517
0 30 54 0.436655 -0.841821 -0.317286 0.231588 -0.8987 -0.392155 -0.196348 0.111268 0.0408645 0.370881 -0.927781 0.96643
0 31 27 0.19774 -0.967815 0.15567 -0.353017 0.979054 0.187133 -0.0802188 0.151007 0.0485058 0.168272 0.984546 -0.92335
0 32 83 0.225463 -0.835832 -0.50055 0.243518 -0.915241 -0.00561947 -0.402868 0.134914 0.333917 0.548956 -0.766255 0.960467
0 33 63 0.919443 -0.347021 -0.184933 0.411022 0.336269 0.937676 -0.0876694 0.0275894 0.203831 0.0184197 0.978833 0.911208
0 34 103 0.871241 -0.130876 -0.473086 0.236016 -0.415009 -0.711078 -0.56757 0.356338 -0.26212 0.690825 -0.673835 0.904057
0 35 65 -0.952719 0.003894 -0.303828 0.300209 -0.170008 0.821926 0.543632 -0.1779 0.251841 0.569581 -0.782402 0.937137
0 36 61 0.0562943 -0.889011 -0.454412 0.273283 -0.937993 0.108835 -0.329127 0.261373 0.342053 0.444763 -0.827759 0.925743
0 37 44 0.98546 -0.16801 -0.0253145 0.0343744 0.1695 0.982428 0.0781329 0.403253 0.0117425 -0.0812877 0.996622 -0.914443
0 38 89 0.553667 0.0115716 -0.832658 0.905256 0.142322 0.983877 0.108308 -0.0126792 0.820486 -0.178472 0.543093 0.424678
0 39 53 0.851179 -0.524702 0.0135167 0.414099 0.523398 0.850431 0.053127 0.531747 -0.0393709 -0.038146 0.998496 -0.738761
0 40 115 0.219554 -0.376826 0.899888 -0.73292 0.439714 0.861615 0.253518 -0.279822 -0.870889 0.340032 0.354866 0.620103
0 41 120 0.920867 -0.166607 -0.352487 0.998175 0.169866 0.985224 -0.021906 0.0398692 0.350928 -0.0397029 0.93556 0.0453596
0 42 169 0.824669 -0.283793 0.489268 -0.952615 0.364776 0.927939 -0.0765989 -0.0404441 -0.432273 0.241642 0.868763 0.301478
0 43 176 0.707543 -0.295172 0.642071 -0.824908 0.115577 0.944689 0.306929 -0.242987 -0.697154 -0.142957 0.702523 0.510376
0 44 44 0.848085 -0.260802 0.46123 -0.474634 0.24841 0.964589 0.088664 0.149945 -0.468021 0.0393794 0.882839 -0.867317
0 45 251 0.750957 -0.259733 0.607126 -0.853266 0.326096 0.945336 0.00107197 0.0375196 -0.574217 0.197177 0.794605 0.520125
0 46 259 0.810306 -0.224162 0.541439 -0.8986 0.307134 0.949332 -0.0666154 0.11238 -0.499073 0.220273 0.838097 0.424133
0 47 192 0.841837 -0.213337 0.495779 -0.924231 0.221906 0.974147 0.0423836 0.0132348 -0.492004 0.0743361 0.867414 0.381605
0 48 82 0.992764 -0.00976115 0.119684 -0.533548 -0.0052986 0.992159 0.124869 -0.199052 -0.119965 -0.1246 0.984928 0.822013
0 49 139 0.269819 -0.0452022 0.96185 -0.560726 0.432109 0.898355 -0.0789974 0.110556 -0.860511 0.436939 0.261925 0.820588
0 50 38 0.968755 -0.230854 0.090667 0.00595599 0.218571 0.967413 0.127824 0.318028 -0.117221 -0.104012 0.987644 0.948063
0 51 73 -0.30826 -0.859503 0.407714 -0.293262 -0.914987 0.385168 0.120181 -0.161397 -0.260335 -0.336006 -0.905166 0.94231
0 52 29 -0.999981 0.00360027 -0.00498775 0.184267 -0.00361024 -0.999992 0.00199068 -0.365879 -0.00498054 0.00200865 0.999986 0.912238
0 53 27 0.192293 0.914028 0.357177 0.232327 -0.849189 0.337403 -0.406248 0.140966 -0.491835 -0.225192 0.841063 0.962368
0 54 31 0.244043 -0.967396 -0.0677434 -0.136421 0.96082 0.250667 -0.118287 0.428642 0.131411 -0.0362222 0.990666 -0.893116
0 55 24 0.988539 -0.13362 0.0702544 -0.329386 0.126447 0.987101 0.0981977 0.188282 -0.0824693 -0.0881889 0.992684 -0.925232
0 56 41 -0.763058 0.508825 0.398547 -0.212882 0.554257 0.832344 -0.00147256 0.123994 -0.332477 0.219774 -0.917147 0.969178
0 57 48 0.157526 0.97785 -0.137821 0.0546631 0.933433 -0.101889 0.343978 -0.334322 0.322316 -0.182832 -0.928808 0.940872
0 58 34 -0.599874 -0.789134 0.131979 -0.343859 -0.765691 0.614067 0.191416 -0.0732987 -0.232096 0.0137704 -0.972595 0.936156
0 59 36 0.1658 -0.86148 -0.47996 0.435174 -0.948572 -0.272407 0.161263 -0.33748 -0.269669 0.428539 -0.862341 0.834704
0 60 37 0.783942 -0.610057 0.115175 -0.319164 -0.406687 -0.64479 -0.647187 0.317859 0.469085 0.460517 -0.75358 0.892805
0 61 58 0.707725 -0.579316 0.404372 -0.336651 -0.25898 -0.745262 -0.614422 0.174727 0.657308 0.330118 -0.677472 0.925276
0 62 34 0.831829 0.115664 0.542846 -0.0300654 0.401635 -0.800477 -0.444888 0.29097 0.383078 0.588097 -0.712315 0.95626
0 63 17 -0.0138262 0.955567 0.294448 -0.109257 -0.999837 -0.0166313 0.00702458 -0.199358 0.0116095 -0.294303 0.955642 -0.973817
0 64 28 0.800556 0.547802 -0.242949 0.214597 0.59925 -0.733969 0.319671 -0.00345692 -0.00320085 -0.401502 -0.915853 0.976696
0 65 26 -0.294405 0.955297 -0.0270645 0.330067 -0.947411 -0.288023 0.139486 -0.280246 0.125455 0.0667065 0.989854 -0.901398
0 66 27 -0.692981 -0.672792 -0.259091 0.480074 0.602 -0.737727 0.305541 0.0464432 -0.396704 0.0557609 0.916251 0.875998
0 67 53 -0.465385 -0.71376 -0.523416 0.337081 -0.348014 -0.396169 0.849669 -0.405463 -0.81382 0.577579 -0.0640269 0.849692
0 68 48 -0.469654 -0.376797 -0.798404 0.531445 -0.604373 0.796442 -0.0203543 0.0466087 0.643552 0.472974 -0.601778 0.845809
0 69 63 0.024545 -0.354138 -0.934871 0.530825 -0.993145 -0.115546 0.0176948 0.00898424 -0.114287 0.928028 -0.354546 0.847434
0 70 39 0.720236 0.572241 0.392174 -0.241768 0.631587 -0.774745 -0.0294527 0.145134 0.286981 0.268905 -0.91942 0.959419
0 71 45 0.930155 -0.354874 0.0942095 -0.297237 0.331489 0.92199 0.200122 -0.115589 -0.157878 -0.154915 0.975231 -0.947781
0 72 86 0.994414 -0.101633 -0.0284915 0.166323 0.0973494 0.987424 -0.124563 0.805474 0.0407929 0.121094 0.991802 -0.568813
0 73 105 0.963662 -0.266605 -0.0166252 -0.152677 0.266973 0.959172 0.0933485 -0.039316 -0.00894079 -0.0943949 0.995495 -0.987494
0 74 117 0.901347 -0.290355 0.321352 -0.808699 0.259667 0.956134 0.135577 -0.0579001 -0.346621 -0.0387579 0.937204 0.585366
0 75 184 0.821872 -0.388878 0.416294 -0.881828 0.502164 0.839611 -0.207085 0.35826 -0.268994 0.379245 0.885334 0.306643
0 76 228 0.800408 -0.382082 0.461909 -0.851958 0.482798 0.867619 -0.118927 0.257613 -0.355322 0.318199 0.878918 0.455855
0 77 77 0.855825 -0.505959 -0.107556 0.395542 0.503786 0.862465 -0.0485257 0.190301 0.117316 -0.0126558 0.993014 -0.898516
0 78 131 0.33724 -0.258931 0.90511 -0.741124 0.70951 0.701821 -0.0635853 -0.0187717 -0.618761 0.663628 0.420396 0.671105
0 79 97 -0.673557 -0.458725 0.579562 -0.332711 -0.174164 0.86053 0.478701 -0.28567 -0.718323 0.221493 -0.65951 0.898719
0 80 23 -0.214011 -0.964122 0.15706 -0.157797 0.969073 -0.229773 -0.0900113 0.0983095 0.12287 0.132939 0.983479 -0.982566
0 81 77 0.528831 -0.0588077 0.846688 -0.408446 0.563686 -0.721462 -0.402182 0.120321 0.634504 0.689952 -0.348382 0.904818
0 82 30 0.723853 -0.672715 -0.153269 0.132386 0.689082 0.716039 0.111597 0.032219 0.0346735 -0.186395 0.981863 -0.990674
0 83 38 0.469973 -0.86563 -0.172657 0.209516 0.878322 0.478033 -0.00585936 -0.0404957 0.0876076 -0.148894 0.984965 -0.976966
0 84 43 -0.905502 0.403396 -0.131672 0.325993 -0.415878 -0.905302 0.0864525 -0.0784581 -0.0843285 0.133043 0.987516 -0.942111
0 85 91 0.83017 -0.440754 0.341399 -0.914434 0.417704 0.897304 0.142721 -0.270314 -0.369244 0.0241209 0.92902 0.301233
0 86 166 0.74539 -0.407646 0.527464 -0.9802 0.344809 0.912939 0.218287 -0.196662 -0.570527 0.0191656 0.821055 -0.0230864
0 87 177 0.867764 -0.344014 0.358665 -0.912713 0.300391 0.938011 0.172921 -0.186159 -0.395919 -0.0423149 0.91731 -0.36373
0 88 387 0.93148 -0.225537 0.285442 -0.821337 0.220957 0.974072 0.0486002 0.0436065 -0.289002 0.0178003 0.957163 -0.568774
0 89 721 0.992627 -0.0553242 0.107848 -0.249331 0.0632787 0.995411 -0.0717845 0.164158 -0.103381 0.0780797 0.991572 -0.954404
0 90 426 0.999829 0.0137722 -0.0123226 0.0295946 -0.016607 0.962105 -0.272174 0.290016 0.00810723 0.272333 0.962169 -0.956564
0 91 166 0.997612 0.0056605 0.0688287 -0.01223 0.0250669 0.898987 -0.437257 0.648948 -0.0643512 0.437938 0.896699 -0.760735
0 92 82 0.995683 0.0927157 0.00426426 0.205318 -0.0879399 0.957095 -0.276107 0.510456 -0.0296808 0.27454 0.961117 -0.835032
0 93 51 0.981344 -0.153285 0.116049 -0.131423 0.166125 0.979895 -0.110492 0.252687 -0.0967791 0.127709 0.987079 -0.958581
0 94 98 0.977812 -0.053675 -0.202492 0.46452 -0.0092096 0.954669 -0.297528 0.659661 0.209283 0.292791 0.932992 -0.59082
0 95 145 0.853197 -0.187104 -0.486875 0.774725 -0.0181691 0.922218 -0.386244 0.593504 0.521273 0.338388 0.783434 -0.218069
0 96 114 0.408672 -0.210025 -0.888187 0.903836 -0.0395842 0.968168 -0.247151 0.328366 0.911823 0.136162 0.387349 0.274328
0 97 71 0.284259 -0.694224 0.661248 -0.393947 -0.559224 -0.680279 -0.473803 0.217596 0.778759 -0.235103 -0.581602 0.893005
0 98 49 -0.79673 0.583337 -0.15792 0.248143 0.59431 0.708893 -0.379823 0.462604 -0.109617 -0.39647 -0.91148 0.85113
0 99 37 -0.814279 0.550445 0.184283 -0.504215 -0.54914 -0.833369 0.0627863 0.033204 0.188136 -0.0500718 0.980866 -0.86294
0 100 30 0.710773 -0.6761 -0.194138 -0.150084 0.636963 0.735726 -0.230185 0.306611 0.298461 0.0399502 0.953585 -0.939928
0 101 22 -0.98509 0.108208 0.133748 -0.134094 -0.155813 -0.890751 -0.426948 -0.112594 0.0729372 -0.441422 0.894331 0.984551
0 102 74 -0.575794 0.278747 -0.76861 0.371199 -0.653182 0.408587 0.637503 -0.205308 0.491746 0.869113 -0.0531893 0.905572
0 103 76 -0.746336 0.502411 -0.436539 0.212726 0.369139 0.858228 0.356625 -0.135374 0.553822 0.105018 -0.825986 0.967689
0 104 27 0.878914 0.346389 -0.32791 0.467852 -0.410073 0.899873 -0.148555 -0.00297758 0.243619 0.265034 0.932956 -0.883802
0 105 39 0.876223 0.481898 -0.00260327 0.395177 -0.475398 0.865264 0.159108 -0.210084 0.0789263 -0.138176 0.987258 -0.894259
0 106 41 -0.454092 -0.522813 -0.721434 0.473685 -0.751426 0.659797 -0.00517622 0.0926252 0.478706 0.539754 -0.692464 0.87581
0 107 64 0.852058 -0.104511 0.512908 -0.307004 -0.393732 -0.773641 0.496442 -0.58022 0.344923 -0.624946 -0.700336 0.754383
0 108 32 0.665158 0.330838 0.669411 -0.495784 -0.483988 0.873695 0.0491125 -0.0974248 -0.568613 -0.356655 0.741267 -0.862964
0 109 61 -0.971476 -0.204496 0.120064 -0.0201084 -0.0951972 0.800029 0.59236 -0.404168 -0.21719 0.564034 -0.796677 0.914464
0 110 42 0.461223 -0.83358 -0.304002 0.0497758 -0.797371 -0.239112 -0.554097 0.127484 0.389194 0.497965 -0.774957 0.990591
0 111 23 0.934756 -0.010456 -0.355136 0.093508 -0.0301749 0.993619 -0.108678 -0.265923 0.354006 0.112303 0.928476 0.959448
0 112 48 0.899868 -0.110326 0.421979 -0.95959 0.208742 0.958422 -0.194562 0.268913 -0.382969 0.263164 0.885483 0.0829006
0 113 85 -0.562728 0.397528 0.724782 -0.366644 0.68948 0.709389 0.146234 -0.00271645 -0.456021 0.582013 -0.67328 0.930358
0 114 27 0.720951 -0.692969 0.00489824 0.0328872 0.677574 0.706381 0.204742 -0.149274 -0.14534 -0.14429 0.978804 -0.988249
0 115 38 0.9114 -0.405382 0.070818 -0.33569 0.377618 0.892238 0.24762 -0.0738017 -0.163567 -0.198939 0.966266 -0.939077
0 116 51 0.665933 0.666895 -0.334342 0.315909 0.737102 -0.657259 0.157137 -0.139673 -0.114955 -0.351087 -0.929259 0.938452
0 117 24 0.989642 -0.136455 0.0445924 -0.168346 0.137819 0.99003 -0.0291024 -0.0657488 -0.0401766 0.0349466 0.998581 -0.983533
0 118 66 0.254453 0.718934 -0.646829 0.477112 0.96164 -0.117222 0.248005 -0.143788 0.102477 -0.685123 -0.721183 0.867
0 119 23 0.943514 0.0671053 0.324467 0.00875326 -0.0916822 0.993916 0.0610428 -0.116927 -0.318397 -0.0873426 0.943925 0.993102
0 120 65 -0.0966436 -0.938122 -0.332546 0.135396 -0.858254 0.247744 -0.44947 0.327367 0.504044 0.241971 -0.82909 0.935146
0 121 44 0.892883 -0.444389 -0.0726501 0.0038091 0.447482 0.893678 0.0331661 0.150102 0.0501871 -0.0621231 0.996806 -0.988663
0 122 55 0.882166 -0.464781 -0.0759029 0.240291 0.449852 0.879338 -0.156199 0.320998 0.139343 0.103648 0.984805 -0.91609
0 123 88 -0.834318 -0.191573 0.516926 -0.18852 0.0929383 0.87538 0.474419 -0.362385 -0.543393 0.443858 -0.712541 0.912763
0 124 36 0.980101 0.15819 -0.119911 -0.147131 -0.169774 0.981043 -0.0934434 -0.0877511 0.102856 0.111942 0.988377 0.985217
0 125 145 0.534506 -0.465575 0.705367 -0.820258 0.400484 0.874467 0.273715 -0.552467 -0.744256 0.136186 0.653863 0.148178
0 126 107 0.939186 -0.300401 0.166398 -0.639727 0.329973 0.923632 -0.19499 0.185806 -0.0951152 0.238039 0.966587 -0.745805
0 127 173 0.962756 0.12123 0.241668 -0.49463 0.0021407 0.890395 -0.455183 0.868704 -0.270362 0.438748 0.856974 -0.0263345
0 128 184 0.988308 0.0901094 0.122994 -0.460886 -0.0657848 0.979737 -0.189179 0.851216 -0.137548 0.178876 0.974209 -0.251029
0 129 138 0.983348 0.0499999 0.174719 -0.620427 -0.071602 0.990236 0.119609 0.608016 -0.167032 -0.130128 0.977326 -0.495365
0 130 97 0.982785 -0.024709 0.183095 -0.555102 -0.0319312 0.953387 0.300055 0.059035 -0.181975 -0.300736 0.936185 -0.829685
0 131 87 0.963005 -0.147426 0.22558 -0.542611 0.00445754 0.845686 0.533663 -0.437506 -0.269445 -0.512915 0.815057 -0.717051
0 132 82 0.947615 0.2317 0.219865 -0.29885 -0.23509 0.971911 -0.0109921 0.422228 -0.216236 -0.041272 0.975468 -0.855811
0 133 69 0.306231 0.616814 0.725095 -0.509647 0.951354 -0.171176 -0.256174 0.154002 -0.0338927 0.76827 -0.639228 0.846489
0 134 19 0.750202 0.486028 0.448301 -0.456757 -0.610267 0.769924 0.186524 -0.0183337 -0.254502 -0.413514 0.874205 -0.889403
0 135 30 0.798909 -0.537336 -0.270212 0.205034 0.592532 0.780245 0.200309 -0.159315 0.103198 -0.320138 0.941733 -0.965702
0 136 43 0.992218 0.0599271 0.109141 -0.169999 -0.092037 0.943362 0.318744 -0.0671643 -0.0838577 -0.326308 0.941536 -0.983153
0 137 83 0.948099 0.193088 -0.252636 0.624785 -0.226429 0.967788 -0.110077 0.76838 0.223243 0.161568 0.96128 -0.138692
0 138 79 0.989375 0.140873 0.0359534 -0.258746 -0.14241 0.889205 0.434781 -0.701822 0.0292789 -0.435281 0.899818 -0.6637
0 139 127 0.996961 0.0408954 0.0663016 -0.536342 -0.0678849 0.873569 0.481943 -0.843326 -0.0382098 -0.484979 0.873691 0.0337356
0 140 431 0.994599 -0.0207482 0.101694 -0.721985 -0.00877533 0.959496 0.281586 -0.691047 -0.103418 -0.280958 0.954132 -0.0345143
0 141 476 0.988582 -0.0383643 0.145718 -0.978815 0.018286 0.990443 0.136706 0.196662 -0.14957 -0.13248 0.979836 -0.0569714
0 142 391 0.944036 -0.0617709 0.324006 -0.923573 0.0962021 0.991162 -0.0913356 0.349704 -0.315501 0.117394 0.941636 0.157225
0 143 227 0.803685 -0.139491 0.578474 -0.892035 0.226609 0.97063 -0.0807785 0.238348 -0.550217 0.196008 0.811691 0.384011
0 144 146 0.350985 -0.48051 0.803691 -0.627047 -0.112167 0.83054 0.545548 -0.324467 -0.929639 -0.281627 0.23761 0.708191
0 145 56 -0.190614 0.978155 0.0829443 0.271997 -0.978903 -0.183064 -0.0907495 -0.0493951 -0.0735829 -0.0984925 0.992414 -0.96103
0 146 64 0.938001 0.268708 -0.218975 0.51223 -0.259967 0.963195 0.0683599 0.140023 0.229285 -0.00719534 0.973333 -0.847357
0 147 30 0.840092 0.496282 0.218975 0.0139737 -0.542379 0.762213 0.353351 -0.00712788 0.00845666 -0.415615 0.909502 0.999877
0 148 19 0.962606 0.255839 0.0890839 0.163004 -0.270888 0.912702 0.305934 0.190091 -0.00303719 -0.318625 0.947876 0.96814
0 149 20 -0.101613 -0.994108 0.0377316 -0.0858484 0.973843 -0.0916501 0.20792 -0.24981 -0.203236 0.057872 0.977418 -0.964482
0 150 26 -0.194894 0.890285 0.411592 -0.323452 -0.956188 -0.265923 0.122434 -0.388236 0.218453 -0.369698 0.903107 -0.862932
0 151 75 -0.0078478 0.896019 0.443947 0.0533691 0.337115 -0.415601 0.844766 -0.453461 0.941431 0.156291 -0.2988 0.889677
0 152 69 0.0804507 -0.931899 -0.353683 0.399934 -0.882561 -0.231514 0.409251 -0.238932 -0.463263 0.279222 -0.841084 0.884853
0 153 72 0.148542 -0.966811 -0.207874 0.198172 -0.808949 0.0021112 -0.587874 0.155588 0.568802 0.255484 -0.781788 0.96774
0 154 52 -0.829703 -0.548244 0.104983 0.173304 -0.54832 0.76523 -0.337296 0.139245 0.104584 -0.33742 -0.935526 0.974975
0 155 63 -0.928761 0.234232 0.287294 -0.0865522 0.28511 0.94671 0.149844 0.119377 -0.236886 0.22108 -0.946049 0.989069
0 156 75 0.105901 0.895104 -0.433098 0.652516 -0.992182 0.0662 -0.10579 -0.16821 -0.0660218 0.440915 0.895117 0.738869
0 157 87 -0.47583 -0.513304 -0.714216 0.441976 -0.131109 -0.761568 0.634684 -0.421276 -0.869711 0.395642 0.295078 0.791949
0 158 31 0.881655 0.201858 0.426541 0.0933449 -0.241571 0.969538 0.0404976 0.138784 -0.405373 -0.138745 0.903561 0.985914
0 159 19 0.242677 -0.969568 -0.0323431 0.403716 0.939952 0.243251 -0.239414 -0.102521 0.239996 0.0276994 0.970379 0.909122
0 160 60 -0.941225 -0.304187 0.146849 0.167214 -0.323456 0.936936 -0.132387 0.140718 -0.0973182 -0.172105 -0.98026 0.975827
1 2 496 0.964092 0.0537974 -0.260064 0.97131 -0.0676445 0.996713 -0.0445849 0.085406 0.25681 0.0605758 0.964562 -0.221953
1 3 172 0.96288 0.179761 -0.201363 0.983694 -0.169849 0.983283 0.0656132 -0.160555 0.209792 -0.0289763 0.977317 -0.0810425
1 4 123 0.679091 0.241216 -0.693289 0.943673 -0.236615 0.965986 0.104326 -0.0355168 0.694873 0.0931956 0.713068 0.328967
1 5 33 0.13006 -0.984411 -0.1184 0.225847 0.972774 0.149792 -0.176841 0.133861 0.19182 -0.092176 0.977092 0.964922
1 6 71 -0.737305 0.105484 -0.667273 0.311084 -0.266873 0.861917 0.431136 -0.244675 0.620612 0.495956 -0.607345 0.918347
1 7 30 0.974906 -0.220586 -0.0300192 0.20101 0.215522 0.968984 -0.120917 0.00463104 0.0557608 0.111413 0.992209 0.979578
1 8 63 -0.786539 -0.528025 0.320229 -0.028176 -0.373286 0.819618 0.434608 -0.151525 -0.491949 0.222299 -0.841765 0.988052
1 9 65 0.980163 0.174519 -0.0939367 0.33737 -0.19074 0.959378 -0.207873 0.211352 0.0538432 0.221667 0.973635 0.917339
1 10 77 0.281427 0.862883 0.4198 -0.0469048 0.888724 -0.399371 0.225105 -0.377038 0.361896 0.309736 -0.879258 0.925009
1 11 59 0.94469 0.195917 0.263015 -0.187043 0.15266 -0.97247 0.176062 -0.352812 0.290268 -0.126172 -0.948591 0.916809
1 12 31 -0.0603585 -0.998105 -0.0119481 -0.117522 0.973601 -0.0562285 -0.221222 0.0537176 0.220131 -0.0249853 0.97515 0.991616
1 13 50 -0.721213 0.677169 -0.145926 0.194611 0.551387 0.433673 -0.712671 0.321102 -0.419314 -0.594449 -0.686153 0.926833
1 14 38 0.899999 -0.401474 -0.169765 0.126566 -0.324781 -0.877394 0.353123 -0.251027 -0.29072 -0.262675 -0.920046 0.95967
1 15 17 0.466742 -0.855067 -0.225859 0.149661 0.882251 0.467936 0.0516562 -0.00460305 0.0615181 -0.223374 0.972789 0.988727
1 16 25 -0.989022 -0.133785 -0.0627419 0.0288131 0.147594 -0.873906 -0.463145 0.0653419 0.00713122 -0.467321 0.884059 0.997447
1 17 23 0.585836 -0.787749 -0.190388 -0.024516 0.802158 0.597108 -0.00230225 -0.246278 0.115496 -0.151373 0.981706 0.968889
1 18 38 -0.795259 -0.561178 -0.229438 0.0403377 -0.600585 0.780912 0.171681 -0.0842762 0.0828271 0.274327 -0.958063 0.995626
1 19 47 -0.842349 0.412638 0.346667 -0.0621219 0.502717 0.833432 0.229493 -0.234112 -0.194225 0.367588 -0.909481 0.970223
1 20 51 -0.534636 -0.462397 0.707356 0.00638325 0.491073 0.511212 0.705343 -0.21451 -0.687758 0.724466 -0.0462417 0.976701
1 21 68 0.73747 0.175971 -0.652052 0.30697 -0.304394 -0.77524 -0.553486 0.216119 -0.602895 0.60666 -0.518152 0.926856
1 22 17 -0.254634 -0.918565 -0.302326 -0.0347022 0.966146 -0.228225 -0.120316 0.00931454 0.0415195 -0.322727 0.945581 -0.999354
1 23 46 0.461334 0.836677 0.2952 -0.0812069 0.881613 -0.469666 -0.0466097 -0.00247239 0.099648 0.281754 -0.954298 0.996694
1 24 18 0.977098 -0.204584 0.0585233 0.02924 0.195862 0.972184 0.12844 0.0463316 -0.0831722 -0.114036 0.989989 -0.998498
1 25 25 -0.24365 -0.964896 0.0980292 0.184055 0.963231 -0.228945 0.140606 -0.07741 -0.113227 0.128683 0.985201 -0.979863
1 26 60 0.593899 -0.0644548 -0.801953 0.518844 -0.391807 -0.893768 -0.218325 -0.0513329 -0.702688 0.443874 -0.556062 0.853326
1 27 55 -0.840968 0.0592462 -0.537832 0.488965 -0.0741696 0.971982 0.223045 -0.0861721 0.535978 0.227464 -0.813012 0.868037
1 28 45 -0.985518 -0.043221 0.16397 0.021916 -0.0383255 0.998723 0.0329045 -0.116411 -0.165183 0.0261437 -0.985916 0.992959
1 29 43 -0.931517 0.314768 0.182203 0.137847 -0.33939 -0.932387 -0.124376 -0.3757 0.130734 -0.177697 0.975363 0.916432
1 30 37 0.679745 -0.731732 -0.0501549 -0.00274832 0.733428 0.678645 0.0390356 -0.270593 0.00547381 -0.0633192 0.997978 -0.96269
1 31 19 0.910261 0.403096 0.0945466 0.0039673 -0.383877 0.907215 -0.172045 0.0548186 -0.155125 0.120312 0.980541 -0.998488
1 32 30 0.00149019 0.908533 0.417809 -0.484104 -0.87443 0.203885 -0.440232 0.311176 -0.48515 -0.364689 0.794752 -0.81781
1 33 68 0.634462 -0.747688 -0.196015 -0.0436393 -0.771778 -0.598803 -0.213993 -0.068057 0.0426255 0.287051 -0.956967 0.996727
1 34 28 0.646505 -0.761426 -0.0475691 0.0573644 0.762905 0.645461 0.0368221 0.214966 0.00266669 -0.0600964 0.998189 0.974935
1 35 45 0.779682 -0.626173 -0.00179602 0.500085 0.620991 0.772855 0.130631 -0.0717451 -0.0804096 -0.102966 0.991429 0.862999
1 36 59 0.695419 -0.718582 -0.00567931 0.320508 0.712186 0.69024 -0.127906 0.480652 0.0958309 0.0849034 0.99177 0.81624
1 37 29 0.93386 -0.357628 -0.00293378 0.0688114 0.35754 0.933373 0.0312941 -0.00325302 -0.00845332 -0.0302732 0.999506 -0.997624
1 38 79 -0.938539 0.248865 0.239187 -0.132534 0.343954 0.732459 0.587537 -0.34488 -0.0289774 0.633696 -0.773039 0.929243
1 39 98 0.445323 -0.51399 0.733145 -0.601072 0.226765 0.856866 0.462988 -0.407226 -0.866178 -0.039928 0.498137 0.687662
1 40 109 0.0600893 -0.54168 0.838435 -0.461453 0.0582033 0.840425 0.538794 -0.395731 -0.996495 0.0164239 0.0820281 0.794014
1 41 108 0.449142 -0.394546 0.801626 -0.840598 0.426415 0.883097 0.195729 -0.262963 -0.785138 0.253915 0.564877 0.473545
1 42 155 0.749149 -0.351288 0.56158 -0.881864 0.429533 0.903014 -0.00813096 -0.185248 -0.504258 0.247309 0.827383 0.43359
1 43 150 0.78548 -0.391205 0.479562 -0.797244 0.389642 0.914623 0.107907 -0.0828381 -0.480832 0.102098 0.870848 0.597946
1 44 36 0.71255 -0.3468 0.60992 0.478154 0.327272 0.933222 0.148288 -0.148975 -0.620617 0.0939473 0.778465 0.865549
1 45 199 0.62079 -0.322607 0.714524 -0.728998 0.382874 0.920085 0.0827699 -0.145045 -0.684125 0.22219 0.694697 0.668972
1 46 213 0.701667 -0.302059 0.645309 -0.812837 0.383043 0.923595 0.0158247 -0.102708 -0.600784 0.236078 0.763758 0.573364
1 47 176 0.493808 -0.251704 0.832345 -0.710943 0.177617 0.966206 0.186809 -0.194696 -0.851238 0.0555907 0.521827 0.675761
1 48 44 0.967514 -0.239634 0.0805689 0.157099 0.238251 0.970842 0.0265021 -0.112305 -0.0845705 -0.00644553 0.996397 -0.981177
1 49 113 0.734612 -0.678086 0.0233342 0.518838 0.675231 0.72729 -0.122932 0.523403 0.0663878 0.106063 0.992141 0.675911
1 50 51 0.696497 -0.716334 0.0419269 -0.440499 0.713747 0.697627 0.0622975 0.00491061 -0.0738752 -0.0134648 0.997177 -0.89774
1 51 35 0.917915 -0.356847 0.173473 -0.213361 0.285835 0.897941 0.334666 -0.0960475 -0.275193 -0.25761 0.926232 0.972241
1 52 27 0.274502 -0.953622 0.12351 -0.00116694 0.961296 0.275303 -0.0108708 -0.118831 -0.0236361 0.121714 0.992284 0.992914
1 53 72 -0.354068 0.328883 0.875484 -0.477448 0.0428134 0.940845 -0.336121 0.397939 -0.934239 -0.0815274 -0.347204 0.783382
1 54 52 -0.239277 -0.854625 -0.460829 0.25859 -0.883603 -0.00507655 0.468209 -0.250969 -0.402483 0.519221 -0.753934 0.932816
1 55 62 -0.930802 0.33028 -0.156599 0.091923 -0.312443 -0.496568 0.809814 -0.699826 0.189703 0.802705 0.5654 0.708374
1 56 34 -0.994871 -0.101147 0.000567279 -0.205348 -0.100214 0.984901 -0.141167 0.145379 0.0137199 -0.1405 -0.989986 0.967831
1 57 14 -0.222324 -0.97436 0.0345642 -0.0139279 0.936812 -0.223309 -0.269289 -0.0513627 0.270103 -0.0274892 0.962439 0.998583
1 58 42 -0.881672 0.0345171 0.470599 -0.320388 0.0889519 0.991598 0.0939213 0.0332813 -0.463403 0.124668 -0.877334 0.946702
1 59 21 0.765763 -0.634093 -0.107394 -0.101235 0.641537 0.741429 0.196758 0.117588 -0.0451378 -0.219567 0.974553 -0.987889
1 60 16 0.340676 0.939672 -0.0309277 0.135731 -0.929519 0.331691 -0.16117 -0.0319543 -0.141188 0.0836546 0.986442 0.99023
1 61 53 -0.023497 -0.960283 0.278038 -0.297974 0.06877 -0.279009 -0.957823 0.51858 0.997356 -0.00338531 0.0725945 0.801428
1 62 16 -0.177595 -0.982136 -0.062203 -0.127904 0.973956 -0.184466 0.131839 -0.211017 -0.140958 -0.0371691 0.989318 -0.969078
1 63 39 -0.980834 0.0241885 0.193337 -0.232558 0.0646593 0.976442 0.205865 -0.0262527 -0.183803 0.214421 -0.959291 0.972228
1 64 43 -0.828891 -0.441694 -0.343287 0.171538 -0.376191 0.894295 -0.242315 0.295322 0.414029 -0.071711 -0.907435 0.939872
1 65 19 -0.893343 0.379947 0.239957 -0.157035 -0.419151 -0.897042 -0.140098 0.136053 0.162022 -0.225734 0.960621 -0.978177
1 66 14 -0.799952 -0.534856 -0.272041 0.0591666 0.4488 -0.834214 0.320416 0.263715 -0.398317 0.134225 0.907374 0.962784
1 67 36 0.202514 -0.82411 -0.52899 0.226274 -0.898967 0.0577918 -0.434187 0.365008 0.388389 0.563474 -0.729144 0.903089
1 68 56 0.968962 0.101799 0.225278 -0.197235 -0.2212 0.763911 0.606226 -0.979403 -0.110379 -0.637242 0.762718 -0.0432148
1 69 69 0.71356 -0.174279 0.678572 -0.822512 -0.316153 0.784238 0.533871 -0.510002 -0.625204 -0.595482 0.504502 0.251738
1 70 42 0.900921 -0.426375 -0.0809077 0.207266 0.432648 0.867787 0.24446 0.207023 -0.034021 -0.255244 0.966278 0.956129
1 71 91 0.968831 -0.247693 0.0037459 0.13146 0.246582 0.965716 0.0811766 0.315132 -0.0237243 -0.0777228 0.996693 -0.939899
1 72 49 0.945788 -0.324712 -0.00682921 0.0742044 0.323473 0.939875 0.109544 0.189803 -0.0291516 -0.105814 0.993958 0.979014
1 73 166 0.849463 -0.36213 0.383763 -0.918354 0.314403 0.931477 0.183035 -0.340589 -0.423749 -0.0348253 0.90511 0.201556
1 74 86 0.833652 -0.544721 -0.0911185 0.793474 0.549548 0.834565 0.0387087 -0.112769 0.0549588 -0.0823436 0.995087 0.598065
1 75 63 0.77452 -0.621924 0.115451 0.11875 0.632544 0.760742 -0.145464 -0.0170671 0.00263908 0.185693 0.982604 0.992777
1 76 184 0.440205 -0.283105 0.852098 -0.763781 0.553001 0.833133 -0.00888405 -0.00479553 -0.707396 0.475122 0.523306 0.645458
1 77 108 0.571494 -0.476545 0.668056 -0.804591 0.63836 0.769732 0.00298359 -0.123312 -0.515646 0.424755 0.744105 0.580885
1 78 107 0.496074 -0.667799 0.554937 -0.53101 0.350968 0.738803 0.57532 -0.667652 -0.794187 -0.090636 0.600876 0.521794
1 79 93 0.0731344 -0.856696 0.51061 -0.244176 -0.380578 0.449266 0.808282 -0.429846 -0.921852 -0.253441 -0.293183 0.869258
1 80 50 0.236978 -0.958416 0.158998 -0.391396 0.945154 0.265305 0.190516 -0.56709 -0.224776 0.105129 0.968723 0.724719
1 81 54 -0.999386 -0.0327384 -0.0124816 -0.073102 -0.0305151 0.988354 -0.149084 -0.0130024 0.017217 -0.148612 -0.988746 0.99724
1 82 25 0.716937 0.678369 -0.160677 0.157918 -0.605766 0.72027 0.338023 0.125045 0.345035 -0.145009 0.92732 0.979503
1 83 57 -0.419024 -0.891766 0.170796 -0.00856993 0.907574 -0.416952 0.0496041 -0.468289 0.0269786 0.175796 0.984057 0.883534
1 84 25 0.958819 -0.272962 -0.0784689 -0.0956638 0.283772 0.932178 0.22476 0.12191 0.0117961 -0.237772 0.971249 0.98792
1 85 91 0.154736 -0.521392 0.839171 -0.758856 0.355752 0.821827 0.445018 -0.420359 -0.921682 0.229677 0.312652 0.497429
1 86 145 0.48347 -0.43877 0.757455 -0.877722 0.318231 0.894199 0.314861 -0.273899 -0.815467 0.0888201 0.571949 0.393171
1 87 169 0.640827 -0.371081 0.672041 -0.948435 0.32016 0.924834 0.205376 -0.221083 -0.697737 0.0835499 0.711465 0.22714
1 88 240 0.797666 -0.29889 0.523826 -0.961991 0.261524 0.954069 0.146142 -0.273082 -0.543447 0.0204209 0.839195 0.00016767
1 89 417 0.928079 -0.122045 0.351816 -0.912263 0.144468 0.988776 -0.0380961 -0.169938 -0.343217 0.0861823 0.935294 -0.372689
1 90 409 0.980618 -0.0552916 0.187966 -0.518442 0.106557 0.955574 -0.274816 0.0956311 -0.164421 0.289519 0.942945 -0.849748
1 91 243 0.972642 -0.0465592 0.227595 -0.380147 0.157816 0.851364 -0.500274 0.694792 -0.170474 0.522505 0.83542 -0.610534
1 92 188 0.97409 0.0130444 0.225785 -0.236861 0.138422 0.755116 -0.640811 0.954172 -0.178853 0.655461 0.733746 -0.182902
1 93 113 0.976021 -0.00195501 0.217667 -0.353581 0.0979903 0.896855 -0.431334 0.737566 -0.194373 0.442321 0.875541 -0.575306
1 94 256 0.976046 -0.213579 0.041458 -0.0244914 0.2083 0.862337 -0.461504 0.903614 0.062817 0.459085 0.886169 -0.427647
1 95 320 0.966586 -0.204917 -0.154015 0.510825 0.161081 0.952914 -0.256921 0.526485 0.199411 0.223527 0.954081 -0.679611
1 96 210 0.871076 -0.137709 -0.471448 0.932383 0.137317 0.989893 -0.0354293 0.0701246 0.471563 -0.0338765 0.881182 -0.354604
1 97 124 0.584658 -0.0505449 -0.809704 0.977969 -0.00604444 0.997758 -0.0666485 0.0232292 0.811257 0.0438608 0.583042 0.207453
1 98 71 -0.921562 0.386784 -0.033494 -0.051017 0.383718 0.920569 0.0728921 -0.0833876 0.059027 0.0543223 -0.996777 0.99521
1 99 67 0.269303 -0.892195 0.36258 -0.300959 -0.222919 0.308516 0.92473 -0.563503 -0.936901 -0.329858 -0.115803 0.769343
1 100 57 -0.317833 -0.894239 0.315149 -0.100203 -0.778029 0.435947 0.452351 -0.355514 -0.541898 -0.101423 -0.834302 0.929284
1 101 49 -0.966739 -0.025239 -0.254515 0.113455 0.0387265 0.969201 -0.243208 -0.0146005 0.252814 -0.244975 -0.935987 0.993436
1 102 39 0.994569 0.100232 -0.0280332 -0.403396 -0.098003 0.992581 0.0719593 -0.0862475 0.0350378 -0.0688212 0.997014 -0.910952
1 103 61 -0.890072 0.278559 -0.360801 0.10768 0.390943 0.87353 -0.290016 0.0530251 0.234383 -0.399187 -0.886405 0.992771
1 104 66 -0.201753 -0.652599 -0.73035 0.428657 -0.933998 0.352683 -0.0571278 0.038661 0.294863 0.670619 -0.68068 0.90264
1 105 24 -0.764548 0.45553 -0.456025 0.375688 -0.588243 -0.782341 0.204727 -0.133421 -0.263507 0.424778 0.866099 -0.917092
1 106 50 0.463482 0.747261 -0.476221 0.384798 0.846601 -0.21475 0.48698 -0.150923 0.261632 -0.628875 -0.732165 0.910578
1 107 54 -0.895097 0.270184 -0.354687 0.0735355 0.0547177 0.85604 0.514005 -0.27573 0.442502 0.440676 -0.781023 0.958418
1 108 35 0.384919 0.910551 -0.150778 0.342676 -0.904987 0.340282 -0.255357 -0.30082 -0.181208 0.234744 0.955018 0.889989
1 109 47 0.959653 -0.236248 0.152487 -0.0400233 -0.278341 -0.87507 0.395953 -0.392734 0.0398937 -0.422421 -0.905521 0.918781
1 110 13 0.741092 0.671204 -0.0163883 -0.101016 -0.593206 0.643149 -0.484217 0.330714 -0.314468 0.368571 0.874794 -0.938309
1 111 24 0.871201 0.443974 0.209512 0.197044 -0.380384 0.880264 -0.283626 -0.00233114 -0.310348 0.1674 0.935768 0.980392
1 112 17 0.36151 -0.880785 -0.305824 -0.242398 0.805554 0.460216 -0.373208 0.0347584 0.469461 -0.111439 0.875892 0.969554
1 113 67 -0.406209 0.452003 0.794159 -0.301745 0.536803 0.821358 -0.192911 0.142108 -0.739484 0.347944 -0.576279 0.942738
1 114 21 0.605615 0.782806 0.142986 0.0349056 -0.79105 0.611751 0.0013242 -0.175723 -0.0864352 -0.113911 0.989724 -0.983821
1 115 46 -0.264886 -0.935402 0.234218 0.0999677 -0.956856 0.224894 -0.183981 0.127783 0.119422 -0.272847 -0.954617 0.986751
1 116 50 0.166989 0.95832 0.231815 -0.277546 0.850881 -0.0212897 -0.524926 0.210803 -0.498112 0.284904 -0.818971 0.937299
1 117 26 0.711938 0.54238 0.446059 0.0812338 -0.545006 0.827313 -0.136097 -0.360221 -0.442846 -0.146212 0.884595 0.929324
1 118 18 0.999414 0.0341835 -0.00169385 -0.113071 -0.0325408 0.964392 0.262469 0.0834298 0.0106057 -0.26226 0.964939 -0.990078
1 119 39 -0.660696 -0.508001 -0.552644 0.296347 0.688927 -0.702717 -0.177675 -0.275149 -0.298093 -0.498121 0.814258 0.914588
1 120 48 -0.493848 -0.751093 0.438147 -0.0265502 -0.831932 0.55472 0.0132336 0.0566121 -0.252989 -0.357973 -0.898806 0.998043
1 121 43 0.938422 -0.248547 -0.239977 0.00308495 -0.292004 -0.94183 -0.166405 0.0927441 -0.184658 0.226232 -0.95641 0.995685
1 122 60 -0.864973 0.446132 0.229757 -0.0603331 0.456446 0.889704 -0.00919259 -0.0799233 -0.208517 0.0969202 -0.973205 0.994973
1 123 61 0.642362 -0.752621 0.144683 -0.0834416 -0.744358 -0.657619 -0.116049 0.156575 0.182488 -0.0331505 -0.982649 0.984135
1 124 90 0.959821 -0.0701592 0.271702 -0.0560418 -0.256825 -0.609775 0.74981 -0.34189 0.113071 -0.789463 -0.603294 0.938068
1 125 43 0.771976 -0.625489 0.113206 -0.110694 0.629258 0.7268 -0.27531 0.170682 0.0899248 0.283768 0.954667 -0.979089
1 126 132 0.73722 -0.339861 0.583953 -0.936629 0.43423 0.900479 -0.024121 -0.350061 -0.51764 0.271353 0.811429 0.0135796
1 127 101 0.968872 -0.246094 -0.0269328 0.145058 0.244268 0.967993 -0.0576516 -0.248581 0.0402584 0.0492782 0.997973 -0.957688
1 128 184 0.928284 0.0304125 0.370627 -0.769719 0.0615963 0.970308 -0.233896 0.624552 -0.366736 0.239952 0.898848 0.132164
1 129 124 0.876649 -0.0319406 0.48007 -0.891566 0.00792761 0.998617 0.0519648 0.446236 -0.481066 -0.0417491 0.87569 0.0773587
1 130 127 0.87739 0.0989868 0.469455 -0.282618 0.47508 -0.0426675 -0.878907 0.43911 -0.0669698 0.994174 -0.0844627 0.852824
1 131 25 0.836132 0.544317 0.0678458 -0.0819759 -0.536486 0.785721 0.307936 0.060857 0.114307 -0.293873 0.948985 0.994775
1 132 54 -0.513473 -0.717456 -0.470746 0.392801 -0.830749 0.27821 0.482137 -0.277386 -0.214946 0.638636 -0.738879 0.876792
1 133 31 -0.226168 -0.972565 -0.0544552 0.0926738 0.941517 -0.203928 -0.268253 0.0210552 0.249789 -0.111941 0.961808 -0.995474
1 134 36 0.994149 0.100869 -0.0386449 0.0448842 0.10167 -0.99463 0.0193364 0.0117496 -0.0364869 -0.0231523 -0.999066 0.998923
1 135 32 -0.551227 -0.720456 -0.420822 0.379012 0.813276 -0.57661 -0.078126 -0.119436 -0.186364 -0.38531 0.903773 -0.917652
1 136 69 -0.238392 -0.863345 -0.444752 0.220914 -0.8701 -0.0135507 0.492689 -0.213559 -0.431387 0.504432 -0.747966 0.951625
1 137 45 0.818474 0.487833 0.30351 -0.447953 -0.561766 0.790284 0.244683 0.140625 -0.120495 -0.370768 0.920876 0.882929
1 138 29 0.814116 0.569083 0.115587 0.17998 -0.571199 0.748906 0.335963 -0.103177 0.104626 -0.339536 0.934756 -0.978244
1 139 62 0.977601 0.138533 -0.158446 -0.387802 -0.122938 0.986912 0.104359 -0.348068 0.17083 -0.0825426 0.981837 -0.853498
1 140 227 0.957702 -0.0945842 0.271773 -0.830833 0.0270563 0.969852 0.24219 -0.479554 -0.286487 -0.224593 0.931388 0.28239
1 141 243 0.923654 -0.114249 0.3658 -0.931525 0.0578045 0.985141 0.161729 -0.0425776 -0.378842 -0.128236 0.916534 0.361175
1 142 264 0.827861 -0.125304 0.546759 -0.886453 0.18346 0.981607 -0.0528201 0.0237487 -0.530084 0.144036 0.835622 0.462209
1 143 188 0.646115 -0.209273 0.733989 -0.816948 0.31878 0.947772 -0.0103896 0.0210242 -0.69348 0.240694 0.679082 0.576328
1 144 132 0.590544 -0.268193 0.761138 -0.811305 0.350128 0.934919 0.0577716 0.0159868 -0.727096 0.232379 0.646012 0.584405
1 145 16 -0.387525 -0.9195 0.0659098 0.0676879 0.905773 -0.36649 0.212746 -0.0470999 -0.171464 0.142144 0.974882 0.996594
1 146 48 -0.896464 -0.424417 -0.127371 0.0741902 -0.385065 0.888378 -0.250019 0.0769066 0.219266 -0.175087 -0.959827 0.994274
1 147 16 0.778943 0.476045 0.408202 0.326148 -0.59492 0.766806 0.240993 0.0167222 -0.198288 -0.430568 0.880507 0.945171
1 148 48 0.0897666 0.98051 0.174761 0.193734 0.940194 -0.0255323 -0.339683 0.0391673 -0.3286 0.194802 -0.924161 0.980272
1 149 21 0.118747 -0.881537 0.456938 0.234402 0.975395 0.017473 -0.219771 -0.0192671 0.185752 0.471792 0.861922 0.971949
1 150 54 0.756101 0.311982 -0.575308 0.410436 0.645885 -0.497519 0.579058 -0.222717 -0.10557 -0.809408 -0.577679 0.884274
1 151 52 -0.263562 -0.784893 -0.560783 0.409155 -0.934339 0.0631466 0.350747 -0.225247 -0.239888 0.616405 -0.749999 0.884226
1 152 67 -0.665637 -0.311585 -0.678117 0.411146 -0.688276 0.607536 0.396455 -0.227441 0.288451 0.730626 -0.618855 0.88274
1 153 47 0.932464 -0.137916 -0.333901 0.253771 -0.0510538 -0.965292 0.256133 -0.150719 -0.357637 -0.221788 -0.907142 0.95545
1 154 16 -0.771824 0.576928 0.267287 0.295536 -0.580248 -0.810985 0.0749417 -0.0223854 0.260002 -0.0972511 0.960698 0.955069
1 155 42 -0.104652 0.9446 -0.311092 0.383071 0.975229 0.0361779 -0.218218 -0.00787381 -0.194874 -0.326223 -0.924988 0.923685
1 156 24 -0.0955989 0.988001 0.121306 0.414699 -0.994666 -0.0900737 -0.0502535 0.0366269 -0.038724 -0.125463 0.991342 0.909221
1 157 45 -0.157177 -0.986669 0.042194 0.205133 -0.952184 0.140072 -0.271523 0.0274004 0.261993 -0.0828536 -0.961507 0.978351
1 158 23 -0.918291 0.0930625 0.384813 -0.370979 -0.236162 -0.908877 -0.343759 0.256448 0.317756 -0.406549 0.856591 -0.892529
1 159 74 -0.0275999 0.709296 0.70437 -0.0951783 0.791462 0.445918 -0.418024 0.221688 -0.610595 0.545945 -0.573689 0.970461
1 160 14 0.841793 0.519205 0.147684 0.216754 -0.530168 0.743777 0.407085 0.135005 0.101516 -0.420978 0.901372 0.966846
2 3 425 0.991071 0.0761479 -0.109456 0.986319 -0.0724648 0.996675 0.0372479 -0.00639496 0.111928 -0.0289836 0.993294 0.164722
2 4 162 0.905977 0.381667 -0.183128 0.827403 -0.316108 0.897671 0.307023 -0.455264 0.281569 -0.220267 0.933917 0.328846
2 5 113 0.844528 0.251072 -0.473007 0.902044 -0.228128 0.9678 0.106397 -0.0858817 0.484489 0.0180514 0.874611 0.423015
2 6 83 0.146204 0.347318 -0.92628 0.755919 -0.347461 0.894714 0.280638 -0.227767 0.926226 0.280816 0.25149 0.613766
2 7 106 0.565411 0.458829 -0.685409 0.811053 -0.356308 0.885327 0.298731 -0.219336 0.743878 0.0753114 0.664059 0.542295
2 8 97 -0.609874 -0.226353 0.759486 -0.473801 0.253897 0.852023 0.457813 -0.364392 -0.750727 0.472039 -0.462156 0.801705
2 9 22 -0.694494 0.716087 0.0699748 -0.163636 -0.688823 -0.633639 -0.35217 0.272278 -0.207846 -0.29278 0.933317 -0.948202
