0 1 5445 0.970481 0.0822749 -0.226709 0.921225 -0.0823543 0.996561 0.00912491 0.204263 0.22668 0.0098149 0.97392 -0.33109
0 2 1705 0.904941 0.151517 -0.397648 0.973435 -0.153431 0.987785 0.0272092 0.0312762 0.396913 0.036389 0.917135 -0.226818
0 3 648 0.756107 0.291017 -0.586184 0.985785 -0.228998 0.956717 0.179591 -0.154947 0.613076 -0.00155553 0.790023 0.0649595
0 4 184 0.813305 0.443719 -0.376363 0.932657 -0.328653 0.884121 0.332141 -0.34825 0.480127 -0.146439 0.864889 0.0941941
0 5 0 1 0 0 0 0 1 0 0 0 0 1 0
0 6 0 1 0 0 0 0 1 0 0 0 0 1 0
0 7 41 -0.943676 -0.292617 0.154436 0.283879 -0.210619 0.891232 0.401677 -0.134923 -0.255176 0.346526 -0.902665 0.94932
0 8 43 -0.840234 -0.311791 0.443613 0.142989 -0.136188 0.913263 0.383932 -0.132484 -0.524842 0.262178 -0.809817 0.980817
0 9 0 1 0 0 0 0 1 0 0 0 0 1 0
0 10 0 1 0 0 0 0 1 0 0 0 0 1 0
0 11 35 -0.969756 -0.101139 0.222137 0.196717 0.00918019 0.89435 0.447274 -0.277621 -0.243905 0.435786 -0.866373 0.940334
0 12 0 1 0 0 0 0 1 0 0 0 0 1 0
0 13 0 1 0 0 0 0 1 0 0 0 0 1 0
0 14 31 0.197077 0.900467 0.387711 0.1569 -0.980342 0.184814 0.0690822 -0.216912 -0.00944812 -0.393704 0.919189 0.9635
0 15 32 0.912593 -0.0544034 -0.405233 0.203749 0.228297 0.890021 0.394643 -0.268734 0.339196 -0.452662 0.824647 -0.941418
0 16 29 -0.9167 0.0457835 0.396944 -0.0715496 -0.010097 0.990443 -0.137556 0.292389 -0.399448 -0.130105 -0.907477 0.953619
0 17 58 0.653348 0.737027 0.172993 -0.0209727 -0.75683 0.641474 0.12538 -0.229226 -0.0185625 -0.212843 0.97691 0.973147
0 18 120 0.780246 -0.624714 -0.0308027 -0.135831 0.607862 0.768961 -0.197996 -0.161555 0.147377 0.135762 0.979719 0.977471
0 19 197 0.814091 0.576182 -0.0725916 0.0682151 0.575128 -0.782574 0.238339 -0.287931 0.0805186 -0.235779 -0.968465 0.955219
0 20 120 0.318023 -0.920537 -0.226875 0.159645 0.942464 0.332967 -0.0298988 -0.334753 0.103065 -0.204313 0.973465 0.928684
0 21 169 0.984511 0.168321 0.049053 0.0231158 0.147788 -0.947271 0.284318 -0.387742 0.0943233 -0.272664 -0.957474 0.921478
0 22 147 0.905503 -0.200969 0.373732 -0.204388 -0.414005 -0.225217 0.881973 -0.637555 -0.093078 -0.953357 -0.287137 0.742798
0 23 64 0.978185 -0.140173 0.153317 0.0359527 0.113428 0.978702 0.171106 -0.476485 -0.174036 -0.149983 0.973251 0.878447
0 24 18 0.932357 0.304382 -0.195096 -0.428417 -0.289862 0.95185 0.0998063 0.179065 0.216082 -0.0365042 0.975693 -0.88566
0 25 0 1 0 0 0 0 1 0 0 0 0 1 0
0 26 0 1 0 0 0 0 1 0 0 0 0 1 0
0 27 0 1 0 0 0 0 1 0 0 0 0 1 0
0 28 28 -0.774155 0.611952 -0.16186 -0.0173383 0.574191 0.78652 0.227354 -0.0494905 0.266436 0.0830688 -0.960266 0.998624
0 29 21 -0.865337 -0.424444 -0.266532 0.0196317 0.489608 -0.829563 -0.268532 -0.0322526 -0.107128 -0.362867 0.925662 0.999287
0 30 0 1 0 0 0 0 1 0 0 0 0 1 0
0 31 0 1 0 0 0 0 1 0 0 0 0 1 0
0 32 29 0.940748 0.319529 -0.113552 -0.323459 0.324 -0.94578 0.0228759 -0.305094 -0.100086 -0.0583115 -0.993269 0.895708
0 33 112 -0.281551 -0.143081 0.948819 -0.536941 0.355117 0.903073 0.241559 -0.190056 -0.891415 0.404953 -0.20345 0.821933
0 34 47 0.921543 -0.367905 -0.124115 0.441198 0.385037 0.907113 0.169976 0.234547 0.0500512 -0.204429 0.977601 0.866217
0 35 0 1 0 0 0 0 1 0 0 0 0 1 0
0 36 26 -0.959867 -0.274381 -0.0580492 -0.190652 0.255947 -0.772401 -0.581281 -0.381649 0.114655 -0.57281 0.811629 0.904431
0 37 42 -0.880889 0.393677 0.262781 0.000785821 0.433819 0.893555 0.115588 -0.0386181 -0.189305 0.215819 -0.957907 0.999254
0 38 72 0.910744 -0.397242 0.112887 0.964916 0.391066 0.917434 0.0733673 0.0381089 -0.132711 -0.0226725 0.990895 0.259777
0 39 70 0.906149 -0.402826 -0.128934 0.587451 0.41049 0.91105 0.0385458 -0.0135911 0.101938 -0.0878544 0.990904 -0.809145
0 40 117 0.664957 -0.469381 0.580959 -0.781103 0.386038 0.881884 0.270657 -0.454919 -0.63938 0.0442972 0.767614 0.4277
0 41 655 0.66947 -0.372276 0.642822 -0.95396 0.41299 0.905822 0.094475 -0.165265 -0.617453 0.202231 0.760167 0.250295
0 42 911 0.800856 -0.250039 0.544161 -0.935365 0.364319 0.924596 -0.11133 0.00401621 -0.475292 0.287407 0.831562 0.353662
0 43 947 0.401514 -0.364538 0.840178 -0.70319 -0.0384712 0.909849 0.413153 -0.235752 -0.915044 -0.198209 0.351293 0.670779
0 44 467 0.478399 -0.151519 0.864972 -0.715018 0.253787 0.966825 0.0289964 0.0918859 -0.840671 0.205647 0.500982 0.693042
0 45 1315 0.812666 -0.272055 0.515325 -0.870707 0.31404 0.949391 0.00597097 0.0380461 -0.490869 0.15698 0.856974 0.490328
0 46 1485 0.817939 -0.216765 0.532907 -0.880847 0.315967 0.943352 -0.101249 0.171762 -0.480772 0.251196 0.840095 0.441143
0 47 883 0.903672 -0.189256 0.384133 -0.883975 0.215307 0.976212 -0.0255448 0.239683 -0.370161 0.105791 0.922924 0.401423
0 48 726 0.883641 -0.249081 0.396406 -0.913147 0.276292 0.960998 -0.0120501 0.170295 -0.377944 0.120172 0.917996 0.370353
0 49 707 0.771755 -0.276699 0.572566 -0.88335 0.372526 0.926425 -0.0544175 0.222229 -0.515382 0.255293 0.818051 0.412684
0 50 166 -0.16913 -0.609877 0.774238 -0.407358 -0.192572 0.790863 0.580906 -0.274333 -0.966598 -0.0508482 -0.251204 0.871092
0 51 28 -0.91851 0.304052 0.252769 -0.0857953 -0.32245 -0.945983 -0.0338054 0.0314013 0.228836 -0.112556 0.966936 0.995818
0 52 24 0.956542 0.0573877 0.285893 0.00255666 -0.189284 0.868 0.459073 0.371171 -0.22181 -0.493237 0.841141 0.928561
0 53 0 1 0 0 0 0 1 0 0 0 0 1 0
0 54 0 1 0 0 0 0 1 0 0 0 0 1 0
0 55 0 1 0 0 0 0 1 0 0 0 0 1 0
0 56 17 0.894677 0.211559 0.393442 0.0940811 -0.367284 0.849701 0.378299 0.163401 -0.254276 -0.482961 0.83791 0.982064
0 57 42 0.0792627 -0.899741 -0.429166 0.283542 0.9514 -0.0602404 0.302008 -0.0775716 -0.297582 -0.432246 0.851239 -0.955817
0 58 25 -0.984957 -0.0489951 0.165709 -0.0124299 -0.0590956 0.996648 -0.0565799 0.251084 -0.162381 -0.0655215 -0.98455 0.967885
0 59 17 0.948157 -0.133209 0.288538 0.329503 0.0924081 0.984246 0.150737 0.167027 -0.304072 -0.116259 0.945529 0.929263
0 60 21 0.134185 0.747484 -0.650586 0.597181 0.968067 -0.239169 -0.0751246 0.0529797 -0.211754 -0.619731 -0.755708 0.800355
0 61 0 1 0 0 0 0 1 0 0 0 0 1 0
0 62 42 0.941976 -0.180172 -0.283231 0.0836521 -0.220558 -0.968259 -0.117598 -0.0484677 -0.253053 0.173243 -0.951815 0.995316
0 63 0 1 0 0 0 0 1 0 0 0 0 1 0
0 64 0 1 0 0 0 0 1 0 0 0 0 1 0
0 65 0 1 0 0 0 0 1 0 0 0 0 1 0
0 66 29 0.200378 -0.979496 0.0208641 0.176387 0.79435 0.174894 0.581739 0.14959 -0.57346 -0.0999945 0.813108 0.972888
0 67 38 -0.685179 0.00396873 -0.728364 0.29994 -0.158885 0.97509 0.154777 0.0941476 0.710835 0.221776 -0.66748 0.949301
0 68 294 0.864072 0.364085 0.347594 -0.425404 -0.414814 0.906206 0.081973 0.329072 -0.285147 -0.215018 0.934055 0.843056
0 69 316 0.459525 0.20153 -0.864999 0.732441 -0.0456657 0.97799 0.203596 0.021093 0.88699 -0.0540564 0.458613 0.680504
0 70 435 0.97953 0.111097 0.167863 -0.721221 -0.152529 0.953814 0.258792 0.201053 -0.131359 -0.279098 0.951235 0.662886
0 71 246 0.989549 -0.143968 -0.00807878 -0.308346 0.143189 0.974502 0.172751 -0.28366 -0.0169979 -0.172102 0.984932 -0.907998
0 72 787 0.118684 -0.324357 0.93846 -0.621404 -0.348318 0.871477 0.345256 -0.0844607 -0.929833 -0.367859 -0.00954915 0.778925
0 73 990 0.944177 -0.142342 0.2971 -0.432079 0.289891 0.787404 -0.54402 0.897143 -0.156501 0.599778 0.784713 0.0918854
0 74 794 0.912097 -0.397109 -0.101905 0.586824 0.405296 0.910835 0.078198 -0.0522355 0.0617658 -0.112626 0.991716 -0.808028
0 75 1171 0.784385 -0.320909 0.530808 -0.804297 0.533559 0.785485 -0.313573 0.43856 -0.316314 0.529179 0.787347 0.400963
0 76 924 0.741174 -0.316276 0.592142 -0.840681 0.51301 0.835771 -0.195723 0.295002 -0.432992 0.44884 0.781704 0.454125
0 77 259 0.881732 -0.465334 -0.0775488 -0.156013 0.464806 0.885036 -0.0258222 -0.120134 0.0806494 -0.0132769 0.996654 0.980422
0 78 367 0.266009 -0.469815 0.841732 -0.687053 0.434743 0.837818 0.330241 -0.311685 -0.860371 0.27809 0.427116 0.656362
0 79 321 -0.163779 -0.876046 0.453563 -0.239252 -0.439163 0.476447 0.761666 -0.387761 -0.883353 -0.0744431 -0.462759 0.890168
0 80 0 1 0 0 0 0 1 0 0 0 0 1 0
0 81 0 1 0 0 0 0 1 0 0 0 0 1 0
0 82 21 0.39598 -0.668649 -0.629371 0.406743 -0.778767 -0.607697 0.155648 -0.150526 -0.486541 0.4285 -0.761358 0.901056
0 83 0 1 0 0 0 0 1 0 0 0 0 1 0
0 84 20 -0.99202 0.12381 -0.0238334 -0.466492 -0.109112 -0.937735 -0.32977 -0.202711 -0.0631781 -0.324538 0.94376 0.860984
0 85 168 0.739349 -0.601035 -0.303513 0.807348 0.596733 0.7937 -0.118111 0.545501 0.311887 -0.0937907 0.945479 -0.224985
0 86 341 0.738316 -0.364033 0.567775 -0.982798 0.291083 0.931378 0.218644 -0.175283 -0.608407 0.00384136 0.793616 0.0581784
0 87 743 0.805872 -0.325154 0.494818 -0.979445 0.286194 0.945517 0.155214 -0.11454 -0.518327 0.0165311 0.855023 -0.166039
0 88 2638 0.947341 -0.217607 0.23493 -0.731549 0.214323 0.975954 0.0397456 0.0778544 -0.23793 0.0126983 0.971199 -0.677329
0 89 5095 0.992264 -0.0470629 0.11488 -0.277702 0.0560288 0.995524 -0.0761057 0.180679 -0.110784 0.0819536 0.99046 -0.943524
0 90 2066 0.998784 0.0221397 -0.0440434 0.094797 -0.0327428 0.965856 -0.257002 0.252648 0.0368497 0.258132 0.965407 -0.962903
0 91 839 0.999379 0.0104062 0.0336735 0.0699043 -0.00175385 0.968918 -0.247375 0.254587 -0.0352011 0.247162 0.968335 -0.96452
0 92 587 0.628483 -0.0810981 -0.773584 0.953211 -0.229958 0.930719 -0.284396 0.225852 0.743053 0.35663 0.566292 0.200945
0 93 397 0.611217 -0.0771578 -0.787693 0.959447 -0.13384 0.970827 -0.198951 0.190607 0.780065 0.227027 0.583059 0.20768
0 94 887 0.967082 -0.0472051 0.250046 -0.612783 0.0276439 0.996316 0.0811742 -0.156195 -0.252957 -0.0715899 0.964825 -0.774662
0 95 950 0.853035 -0.14229 -0.502081 0.808536 -0.051954 0.934174 -0.353015 0.547573 0.519262 0.327219 0.78949 -0.215485
0 96 387 0.325842 -0.196031 -0.924878 0.873303 -0.0983269 0.965936 -0.239375 0.298172 0.940297 0.168939 0.295467 0.385273
0 97 142 0.968468 0.198135 -0.151038 0.332537 -0.197482 0.980113 0.0194654 -0.0264875 0.151891 0.0109756 0.988336 -0.942718
0 98 150 0.981952 0.101955 -0.159299 0.429467 -0.113938 0.99116 -0.0679671 0.0886944 0.150961 0.0848905 0.984888 -0.898717
0 99 0 1 0 0 0 0 1 0 0 0 0 1 0
0 100 0 1 0 0 0 0 1 0 0 0 0 1 0
0 101 51 -0.300639 0.925311 0.231118 0.131575 0.927258 0.226874 0.297859 -0.181633 0.223178 0.303854 -0.92621 0.974524
0 102 48 -0.187644 -0.948905 0.25371 0.110025 0.966311 -0.132012 0.220945 -0.319146 -0.176164 0.286622 0.941708 0.941297
0 103 0 1 0 0 0 0 1 0 0 0 0 1 0
0 104 0 1 0 0 0 0 1 0 0 0 0 1 0
0 105 41 0.721878 -0.0064626 -0.69199 0.236674 0.278004 0.918428 0.281433 -0.26318 0.633724 -0.395536 0.664789 -0.935266
0 106 0 1 0 0 0 0 1 0 0 0 0 1 0
0 107 61 0.446036 0.790261 0.420166 0.376176 -0.854089 0.516158 -0.0641288 -0.28496 -0.267551 -0.330255 0.905178 0.88164
0 108 0 1 0 0 0 0 1 0 0 0 0 1 0
0 109 0 1 0 0 0 0 1 0 0 0 0 1 0
0 110 29 -0.975804 0.165913 0.142409 0.166703 -0.218514 -0.762901 -0.608469 -0.299956 0.00769157 -0.624865 0.780695 0.939275
0 111 0 1 0 0 0 0 1 0 0 0 0 1 0
0 112 0 1 0 0 0 0 1 0 0 0 0 1 0
0 113 69 0.860092 0.110969 0.497923 -0.328551 0.378437 -0.79332 -0.476895 0.19318 0.342092 0.598606 -0.724323 0.924519
0 114 0 1 0 0 0 0 1 0 0 0 0 1 0
0 115 0 1 0 0 0 0 1 0 0 0 0 1 0
0 116 0 1 0 0 0 0 1 0 0 0 0 1 0
0 117 0 1 0 0 0 0 1 0 0 0 0 1 0
0 118 22 -0.849325 -0.383697 0.362525 0.176823 0.368266 -0.922725 -0.11384 0.0808094 0.378191 0.0368186 0.924995 0.98092
0 119 0 1 0 0 0 0 1 0 0 0 0 1 0
0 120 0 1 0 0 0 0 1 0 0 0 0 1 0
0 121 0 1 0 0 0 0 1 0 0 0 0 1 0
0 122 52 -0.471425 -0.765792 0.437403 -0.214244 -0.536738 0.642679 0.546696 -0.32604 -0.699765 0.0229557 -0.714004 0.920759
0 123 99 0.83618 -0.547732 -0.0281561 -0.168375 0.527499 0.817224 -0.232141 0.0825621 0.150161 0.179259 0.972275 -0.982259
0 124 80 -0.0380594 -0.339859 -0.939706 0.698948 -0.386828 0.87208 -0.299734 0.022826 0.921366 0.352097 -0.164658 0.714808
0 125 275 0.779068 -0.545574 0.308871 -0.869531 0.595727 0.79772 -0.0935563 -0.353556 -0.19535 0.256889 0.946491 -0.344841
0 126 521 0.928195 -0.37197 0.00958063 -0.101348 0.367837 0.91339 -0.1744 0.10886 0.0561205 0.165401 0.984628 -0.988877
0 127 1054 0.970383 0.0902649 0.224075 -0.587964 -0.0119638 0.944387 -0.32862 0.789765 -0.241277 0.316206 0.917496 -0.174844
0 128 1311 0.992324 0.0928175 0.0817142 -0.428935 -0.082676 0.989352 -0.119781 0.825286 -0.0919619 0.112106 0.989432 -0.367311
0 129 1302 0.968192 0.0745057 0.238858 -0.668071 -0.0935131 0.993207 0.0692421 0.649205 -0.232076 -0.089376 0.968583 -0.363612
0 130 352 0.944914 -0.0450434 0.324204 -0.785628 -0.0161499 0.982864 0.183625 0.29323 -0.326919 -0.178746 0.927995 -0.544797
0 131 563 0.968109 -0.106536 0.226749 -0.55582 -0.0167704 0.87549 0.482944 -0.351288 -0.249968 -0.471346 0.845783 -0.753432
0 132 50 0.944981 0.194411 0.26309 -0.396046 -0.24676 0.951616 0.183129 0.0923798 -0.214759 -0.237973 0.947231 -0.913572
0 133 55 0.853115 -0.216335 -0.474757 0.303613 0.0723929 -0.85209 0.518364 -0.505266 -0.516676 -0.476593 -0.71127 0.80779
0 134 43 0.980284 -0.0462697 0.192099 -0.409085 -0.00140106 0.970544 0.240919 0.0174504 -0.197588 -0.236438 0.951344 -0.91233
0 135 35 0.983367 -0.0172411 0.180807 -0.376224 -0.0407074 0.949238 0.311914 -0.0284002 -0.177006 -0.314086 0.932748 -0.926093
0 136 322 0.983406 0.0514462 0.173973 -0.409321 -0.122495 0.895645 0.427568 -0.480039 -0.133821 -0.441784 0.887085 -0.775899
0 137 468 0.971404 -0.0559034 0.230757 -0.44581 -0.120124 0.722611 0.680738 -0.895113 -0.204803 -0.688991 0.695232 0.00500655
0 138 496 0.99304 0.117171 0.0119108 -0.290731 -0.114266 0.934015 0.338465 -0.546352 0.0285333 -0.337471 0.940903 -0.785477
0 139 996 0.991835 0.0279962 0.12442 -0.549223 -0.0927857 0.827727 0.553406 -0.825993 -0.0874926 -0.560432 0.823566 0.126845
0 140 3632 0.999883 -0.00141087 0.0152019 -0.735402 -0.00151156 0.98168 0.190529 -0.652683 -0.0151922 -0.19053 0.981564 -0.182177
0 141 4213 0.995127 -0.0368152 0.0914746 -0.977359 0.0226759 0.988265 0.151056 0.173119 -0.0959624 -0.148246 0.984284 -0.12165
0 142 2978 0.930568 -0.0389929 0.364036 -0.878139 0.0958495 0.98558 -0.139447 0.420008 -0.353349 0.164658 0.920887 0.229051
0 143 1105 0.822354 -0.173151 0.54199 -0.918588 0.222974 0.97445 -0.0270047 0.162953 -0.523466 0.143057 0.839951 0.360058
0 144 393 0.730892 -0.199113 0.652803 -0.897451 0.271773 0.962301 -0.0107688 0.185179 -0.626048 0.185285 0.757452 0.400362
0 145 25 -0.782137 -0.615392 0.0977444 0.0468985 -0.608478 0.78811 0.0929354 0.0983871 -0.134225 0.0132129 -0.990863 0.994043
0 146 0 1 0 0 0 0 1 0 0 0 0 1 0
0 147 16 0.910077 0.390584 0.138579 -0.0261333 -0.412994 0.826796 0.381895 0.131723 0.0345856 -0.404786 0.913757 0.990942
0 148 10 -0.836649 -0.0524875 0.545219 -0.112382 -0.22985 -0.869873 -0.436451 0.369788 0.49718 -0.490475 0.715714 -0.922295
0 149 0 1 0 0 0 0 1 0 0 0 0 1 0
0 150 0 1 0 0 0 0 1 0 0 0 0 1 0
0 151 27 -0.9933 -0.0710471 0.0911496 0.0938176 -0.0218754 0.890039 0.45536 -0.268053 -0.113479 0.450315 -0.885629 0.958825
0 152 0 1 0 0 0 0 1 0 0 0 0 1 0
0 153 0 1 0 0 0 0 1 0 0 0 0 1 0
0 154 0 1 0 0 0 0 1 0 0 0 0 1 0
0 155 56 -0.35224 -0.921621 0.162918 -0.00322668 -0.749038 0.381973 0.54133 -0.276479 -0.561131 0.0686466 -0.824875 0.961014
0 156 0 1 0 0 0 0 1 0 0 0 0 1 0
0 157 21 -0.67627 -0.112294 0.728045 -0.233518 0.176984 0.934598 0.30855 -0.248774 -0.715078 0.337515 -0.612166 0.93999
0 158 0 1 0 0 0 0 1 0 0 0 0 1 0
0 159 0 1 0 0 0 0 1 0 0 0 0 1 0
0 160 103 -0.815762 -0.0673086 -0.574458 0.327594 -0.375496 0.817072 0.437489 -0.267134 0.439927 0.572593 -0.69181 0.906268
1 2 4760 0.957638 0.0557443 -0.282529 0.978703 -0.0729784 0.996037 -0.0508388 0.101748 0.278576 0.0693037 0.957911 -0.178293
1 3 1649 0.877261 0.115497 -0.465911 0.995743 -0.125883 0.992005 0.00888737 0.00171379 0.463213 0.0508539 0.884787 0.0921547
1 4 455 0.399322 0.260086 -0.879146 0.854737 -0.0608091 0.964319 0.257664 -0.15193 0.914792 -0.0494307 0.400889 0.496328
1 5 26 0.986707 0.0881463 0.136526 0.397702 -0.0949733 0.994493 0.0443134 -0.105224 -0.131868 -0.0566907 0.989645 0.911461
1 6 0 1 0 0 0 0 1 0 0 0 0 1 0
1 7 0 1 0 0 0 0 1 0 0 0 0 1 0
1 8 25 -0.966692 -0.15979 -0.199937 0.406878 -0.216535 0.92707 0.30603 -0.0902545 0.136455 0.33913 -0.930791 0.909013
1 9 0 1 0 0 0 0 1 0 0 0 0 1 0
1 10 25 0.819795 -0.427808 0.380678 0.304719 0.293379 0.884652 0.36238 0.201507 -0.491797 -0.185394 0.850744 0.930882
1 11 112 -0.986333 -0.144103 0.079887 -0.0891793 -0.0963783 0.897847 0.42963 -0.146899 -0.133637 0.416059 -0.899464 0.985123
1 12 0 1 0 0 0 0 1 0 0 0 0 1 0
1 13 34 0.829694 0.546134 0.115523 -0.0641356 -0.555149 0.828941 0.0683078 0.0229749 -0.0584569 -0.120807 0.990953 0.997677
1 14 0 1 0 0 0 0 1 0 0 0 0 1 0
1 15 0 1 0 0 0 0 1 0 0 0 0 1 0
1 16 0 1 0 0 0 0 1 0 0 0 0 1 0
1 17 23 -0.763957 -0.578352 -0.286146 -0.0311016 0.642576 -0.641418 -0.41914 -0.225804 0.058871 -0.504076 0.861651 0.973676
1 18 53 0.9908 -0.115079 -0.071226 -0.163585 0.124357 0.98179 0.143612 -0.126846 0.0534022 -0.151148 0.987068 0.978341
1 19 135 0.869251 -0.47917 -0.121653 0.0771656 0.491986 0.8626 0.117772 0.25982 0.0485054 -0.162225 0.985561 -0.962569
1 20 162 0.663492 0.659811 0.352744 -0.0165494 0.724365 -0.68451 -0.0821085 -0.136131 0.187281 0.309994 -0.93211 0.990553
1 21 234 0.789045 -0.427766 0.440935 -0.450079 0.589144 0.323464 -0.74046 0.60548 0.174117 0.844031 0.507243 0.656371
1 22 23 0.902107 0.383859 0.19712 0.034938 -0.397854 0.916761 0.0355106 0.199069 -0.167081 -0.110459 0.979736 -0.979362
1 23 33 0.99169 -0.111442 0.0642727 -0.259579 0.114876 0.991993 -0.0524705 0.180403 -0.0579107 0.0594179 0.996552 -0.948722
1 24 0 1 0 0 0 0 1 0 0 0 0 1 0
1 25 0 1 0 0 0 0 1 0 0 0 0 1 0
1 26 0 1 0 0 0 0 1 0 0 0 0 1 0
1 27 23 0.588999 0.711557 0.383102 -0.0708872 0.778226 -0.627191 -0.0315642 -0.0517284 0.217818 0.316731 -0.923167 0.996142
1 28 18 0.869326 -0.490904 -0.0573152 0.0333155 0.487805 0.83357 0.259244 0.0566341 -0.0794878 -0.253326 0.96411 -0.997839
1 29 0 1 0 0 0 0 1 0 0 0 0 1 0
1 30 0 1 0 0 0 0 1 0 0 0 0 1 0
1 31 0 1 0 0 0 0 1 0 0 0 0 1 0
1 32 0 1 0 0 0 0 1 0 0 0 0 1 0
1 33 25 -0.04526 0.955515 0.291448 0.0443875 -0.957514 0.041684 -0.285357 -0.164485 -0.284812 -0.291981 0.913033 0.98538
1 34 0 1 0 0 0 0 1 0 0 0 0 1 0
1 35 0 1 0 0 0 0 1 0 0 0 0 1 0
1 36 0 1 0 0 0 0 1 0 0 0 0 1 0
1 37 23 -0.0156313 0.999722 0.0176621 0.0760843 0.999786 0.0158663 -0.0132436 -0.0472869 -0.0135201 0.0174513 -0.999756 0.995979
1 38 0 1 0 0 0 0 1 0 0 0 0 1 0
1 39 0 1 0 0 0 0 1 0 0 0 0 1 0
1 40 0 1 0 0 0 0 1 0 0 0 0 1 0
1 41 354 0.497207 -0.40584 0.766863 -0.842869 0.439374 0.879922 0.180799 -0.260955 -0.748155 0.247045 0.615819 0.47061
1 42 526 0.472118 -0.383358 0.793814 -0.727637 0.130188 0.920938 0.367321 -0.377868 -0.871869 -0.0700739 0.4847 0.572504
1 43 523 0.626108 -0.200117 0.753619 -0.765612 0.246828 0.967669 0.0518913 0.0323283 -0.739638 0.153525 0.65526 0.64249
1 44 154 0.94154 -0.257455 0.217299 0.996112 0.242949 0.965714 0.0914977 0.0482407 -0.233405 -0.0333564 0.971807 -0.0737104
1 45 519 0.673842 -0.346939 0.652358 -0.745076 0.393268 0.915862 0.0808563 -0.16783 -0.625522 0.202067 0.753586 0.645519
1 46 882 0.692668 -0.300885 0.655499 -0.814161 0.383763 0.923251 0.018264 -0.106697 -0.610686 0.238905 0.754975 0.570752
1 47 320 0.475781 -0.155307 0.865743 -0.729515 0.321714 0.946811 -0.00695233 -0.000656572 -0.818616 0.28183 0.50044 0.683965
1 48 326 0.694351 -0.214236 0.687008 -0.781254 0.409844 0.902435 -0.13281 0.171065 -0.591528 0.373783 0.71441 0.600316
1 49 123 0.84745 -0.508411 0.152795 0.0388752 0.5149 0.857243 -0.00340813 0.0609451 -0.12925 0.0815626 0.988252 0.997384
1 50 55 0.355688 -0.910185 -0.212246 0.0102508 0.871274 0.405097 -0.277089 0.225415 0.338183 -0.0863667 0.937109 -0.974209
1 51 15 -0.808903 -0.407257 0.424049 0.22702 0.186724 -0.861853 -0.471534 -0.253939 0.557503 -0.302245 0.7732 0.9402
1 52 0 1 0 0 0 0 1 0 0 0 0 1 0
1 53 0 1 0 0 0 0 1 0 0 0 0 1 0
1 54 0 1 0 0 0 0 1 0 0 0 0 1 0
1 55 0 1 0 0 0 0 1 0 0 0 0 1 0
1 56 0 1 0 0 0 0 1 0 0 0 0 1 0
1 57 43 -0.146428 0.659689 -0.737136 0.241166 -0.184053 -0.750325 -0.634931 0.608977 -0.971948 0.0427006 0.231286 0.755636
1 58 0 1 0 0 0 0 1 0 0 0 0 1 0
1 59 85 0.774211 0.0756709 -0.628388 0.649015 -0.0846969 0.996284 0.0156217 -0.0787898 0.627235 0.041128 0.777744 -0.756685
1 60 0 1 0 0 0 0 1 0 0 0 0 1 0
1 61 0 1 0 0 0 0 1 0 0 0 0 1 0
1 62 42 -0.863268 -0.491568 0.11458 -0.335539 -0.463676 0.68263 -0.564819 0.398291 0.199431 -0.540719 -0.817221 0.853685
1 63 0 1 0 0 0 0 1 0 0 0 0 1 0
1 64 0 1 0 0 0 0 1 0 0 0 0 1 0
1 65 41 -0.324127 -0.917974 0.228615 -0.291069 -0.945949 0.311666 -0.089698 0.355704 0.0110891 -0.245331 -0.969376 0.888118
1 66 26 0.748619 -0.257107 -0.611118 -0.348191 0.531585 0.783612 0.321512 0.312131 0.396216 -0.565552 0.723301 0.883933
1 67 54 0.905863 0.391338 0.16207 -0.0890385 -0.417987 0.88782 0.192516 0.260505 -0.0685504 -0.242136 0.967818 0.961358
1 68 379 0.994519 0.0646863 0.0821461 0.278455 -0.075603 0.987596 0.137616 0.180766 -0.0722253 -0.143072 0.987073 -0.943285
1 69 632 0.591073 0.13011 -0.796055 0.670838 0.029734 0.98272 0.182696 0.0026748 0.80607 -0.131657 0.576991 0.741599
1 70 713 0.23779 -0.0529639 -0.969872 0.639069 0.248545 0.968587 0.00804367 0.198522 0.938979 -0.242969 0.243484 0.743088
1 71 962 0.961578 -0.274361 0.00968983 0.0583911 0.272941 0.959205 0.0736816 0.35054 -0.0295099 -0.0682058 0.997235 -0.934726
1 72 402 0.965239 -0.26098 0.0142611 0.0629705 0.257828 0.959692 0.111876 -0.166068 -0.0428837 -0.10431 0.99362 -0.984102
1 73 794 0.8593 -0.372299 0.350708 -0.993898 0.375058 0.924869 0.0628452 -0.0435924 -0.347756 0.077533 0.934374 0.101327
1 74 291 0.856575 -0.516017 -0.00219843 0.416476 0.515926 0.856326 0.022924 -0.0347411 -0.00994661 -0.0207704 0.999735 -0.908483
1 75 420 0.538797 -0.380481 0.751619 -0.82599 0.620233 0.78293 -0.0482829 -0.123664 -0.570095 0.492194 0.657827 0.549952
1 76 475 0.68177 -0.504647 0.529642 -0.820687 0.518907 0.84392 0.136142 -0.227925 -0.515679 0.182018 0.837224 0.523949
1 77 182 0.523166 -0.668466 0.528631 -0.423759 0.0661009 0.650251 0.756839 -0.616557 -0.849664 -0.361009 0.384375 0.66354
1 78 146 -0.28997 -0.753908 0.589525 -0.231901 -0.393901 0.655412 0.64442 -0.310668 -0.872215 -0.045352 -0.487015 0.921796
1 79 82 -0.611237 0.766558 0.196923 0.094897 -0.749993 -0.640476 0.165233 0.0364057 0.252785 -0.0466944 0.966395 0.994821
1 80 0 1 0 0 0 0 1 0 0 0 0 1 0
1 81 0 1 0 0 0 0 1 0 0 0 0 1 0
1 82 0 1 0 0 0 0 1 0 0 0 0 1 0
1 83 57 0.227211 -0.958943 -0.169718 -0.11348 -0.207831 -0.218009 0.953561 -0.586321 -0.95141 -0.181387 -0.248833 0.802091
1 84 0 1 0 0 0 0 1 0 0 0 0 1 0
1 85 23 0.688831 -0.719264 -0.0903997 -0.0504266 0.709917 0.694548 -0.116707 -0.139392 0.14673 0.0162154 0.989044 0.988952
1 86 194 0.390718 -0.404311 0.826966 -0.861515 0.259349 0.910335 0.322535 -0.252001 -0.88322 0.0884524 0.460542 0.44078
1 87 201 0.969616 -0.217959 0.111081 -0.338782 0.222029 0.974705 -0.0255401 0.149784 -0.102704 0.0494273 0.993483 -0.928866
1 88 898 0.650815 -0.320664 0.688196 -0.87321 0.1493 0.942786 0.2981 -0.384926 -0.744412 -0.0912606 0.661455 0.298891
1 89 2570 0.882236 -0.123065 0.454438 -0.969421 0.149015 0.9886 -0.0215739 -0.174823 -0.446602 0.0867511 0.890517 -0.172222
1 90 2079 0.97679 -0.0527442 0.207602 -0.567738 0.112887 0.950446 -0.289672 0.132353 -0.182036 0.306384 0.93434 -0.8125
1 91 1213 0.97275 -0.0505045 0.226291 -0.399899 0.151438 0.87744 -0.455154 0.611643 -0.175569 0.47702 0.861178 -0.682623
1 92 781 0.995206 -0.0422434 0.0882098 0.039418 0.0570044 0.983414 -0.172184 0.110856 -0.0794731 0.176387 0.981107 -0.993054
1 93 651 0.525865 -0.139642 -0.839027 0.93744 0.0939684 0.989931 -0.105862 0.00529879 0.845361 -0.023173 0.533692 0.348107
1 94 1968 0.980939 -0.188723 0.0462867 -0.0456497 0.192327 0.908943 -0.369909 0.811703 0.0277385 0.37176 0.927914 -0.582283
1 95 2853 0.967133 -0.194058 -0.164302 0.535762 0.147783 0.954818 -0.257843 0.523954 0.206915 0.225087 0.952114 -0.662141
1 96 1584 0.824248 -0.156959 -0.54404 0.957576 0.128699 0.987597 -0.0899419 0.164742 0.551409 0.00411692 0.834225 -0.236451
1 97 523 0.981945 0.00880733 -0.18896 0.521225 -0.0203098 0.99805 -0.0590228 0.0278381 0.188072 0.0617949 0.980209 -0.852965
1 98 254 0.982369 -0.0549737 -0.178688 0.606844 0.0279748 0.988253 -0.150242 0.152869 0.184848 0.142594 0.972367 -0.779982
1 99 24 -0.83362 -0.0920744 -0.54461 0.629595 -0.107549 0.994194 -0.00346106 0.195378 0.541766 0.055687 -0.838682 0.751956
1 100 0 1 0 0 0 0 1 0 0 0 0 1 0
1 101 0 1 0 0 0 0 1 0 0 0 0 1 0
1 102 21 0.99718 -0.00297609 0.0749863 0.337854 -0.00689379 0.991356 0.13102 -0.0255587 -0.074728 -0.131167 0.98854 0.940851
1 103 0 1 0 0 0 0 1 0 0 0 0 1 0
1 104 0 1 0 0 0 0 1 0 0 0 0 1 0
1 105 40 0.626738 -0.618148 -0.474439 -0.493796 0.77147 0.577941 0.266117 0.0586133 0.109698 -0.532801 0.8391 0.8676
1 106 0 1 0 0 0 0 1 0 0 0 0 1 0
1 107 0 1 0 0 0 0 1 0 0 0 0 1 0
1 108 20 -0.705746 -0.469423 -0.530627 -0.0981247 -0.653451 0.720686 0.231545 -0.287387 0.273723 0.510151 -0.815366 0.952775
1 109 26 -0.907273 -0.398651 -0.133912 0.278988 -0.418162 0.889006 0.186569 0.0646798 0.0446725 0.225266 -0.973273 0.958114
1 110 0 1 0 0 0 0 1 0 0 0 0 1 0
1 111 85 -0.120998 0.439932 -0.889843 0.575599 0.857718 0.497578 0.129369 -0.308991 0.49968 -0.74758 -0.437543 0.757107
1 112 0 1 0 0 0 0 1 0 0 0 0 1 0
1 113 15 0.958957 0.261246 -0.110235 -0.311046 -0.193798 0.887651 0.417752 0.152948 0.206987 -0.379243 0.901849 0.938007
1 114 0 1 0 0 0 0 1 0 0 0 0 1 0
1 115 0 1 0 0 0 0 1 0 0 0 0 1 0
1 116 0 1 0 0 0 0 1 0 0 0 0 1 0
1 117 0 1 0 0 0 0 1 0 0 0 0 1 0
1 118 0 1 0 0 0 0 1 0 0 0 0 1 0
1 119 0 1 0 0 0 0 1 0 0 0 0 1 0
1 120 0 1 0 0 0 0 1 0 0 0 0 1 0
1 121 0 1 0 0 0 0 1 0 0 0 0 1 0
1 122 28 -0.606753 -0.791173 -0.076783 -0.0126067 -0.771115 0.562403 0.29847 -0.124024 -0.192958 0.240306 -0.951325 0.992199
1 123 47 0.491702 0.352835 -0.796075 0.149807 -0.146356 -0.867733 -0.474994 -0.100972 -0.858376 0.350066 -0.375027 0.983546
1 124 27 -0.481219 0.787524 0.385012 0.184438 -0.876556 -0.42789 -0.220362 -0.173935 -0.0087972 -0.443526 0.896218 0.967331
1 125 67 0.802322 -0.581734 0.133658 -0.360469 0.595131 0.762455 -0.253933 0.0117238 0.0458134 0.28328 0.957942 -0.932698
1 126 382 0.868637 -0.495377 0.00840178 0.275112 0.480652 0.838461 -0.256822 0.0425589 0.120179 0.227124 0.966422 0.96047
1 127 607 0.998149 -0.0382536 -0.0472733 0.315736 0.0357846 0.998005 -0.052015 -0.140705 0.0491688 0.0502271 0.997527 -0.938356
1 128 976 0.927333 0.00641431 0.374182 -0.90669 0.0249681 0.996565 -0.0789616 0.409885 -0.373403 0.0825663 0.923988 0.0995338
1 129 365 0.84706 0.0292717 0.530691 -0.877854 -0.0422622 0.99903 0.0123525 0.464188 -0.529815 -0.0328915 0.847475 0.117905
1 130 114 -0.437459 -0.0579446 0.897369 -0.583744 0.245632 0.952271 0.181233 0.0579702 -0.86504 0.299705 -0.402347 0.809866
1 131 208 0.757133 0.639473 0.133505 -0.0907966 -0.649451 0.71479 0.2594 0.199972 0.0704517 -0.283105 0.956498 0.975586
1 132 16 -0.989523 0.0958895 -0.107929 0.0354293 0.0933187 0.995224 0.0286352 0.0939505 0.110159 0.0182634 -0.993746 0.994946
1 133 76 -0.401922 0.0198432 0.915459 -0.624204 -0.00857233 0.99964 -0.0254314 0.101664 -0.915634 -0.0180691 -0.401607 0.774618
1 134 116 -0.289345 0.139428 0.947016 -0.626404 0.0460716 0.990217 -0.131713 0.261018 -0.956115 0.00552014 -0.292938 0.734498
1 135 69 0.921886 0.16915 -0.348588 0.96612 -0.0289069 0.927194 0.373465 -0.173265 0.38638 -0.334216 0.859657 -0.191289
1 136 119 0.995527 0.0399546 0.0856171 -0.367776 -0.0622901 0.958907 0.276799 -0.0724685 -0.0710394 -0.280894 0.957106 -0.927086
1 137 211 0.994821 0.0897036 -0.0477982 0.369303 -0.0761481 0.969227 0.234097 -0.0738787 0.0673266 -0.229245 0.971038 0.926368
1 138 270 0.770472 0.0668025 0.633964 -0.675212 0.0911473 0.972732 -0.213273 0.482285 -0.630924 0.222105 0.743374 0.558113
1 139 303 0.861815 -0.0449089 -0.50523 0.835025 0.047808 0.99883 -0.00723382 0.261714 0.504964 -0.0179198 0.862954 0.483983
1 140 1386 0.996046 -0.0722066 0.0517572 -0.892971 0.0678722 0.994392 0.081105 -0.36416 -0.0573232 -0.0772715 0.995361 0.264556
1 141 1858 0.858843 -0.114385 0.499304 -0.920882 0.0320337 0.984834 0.170514 -0.0437369 -0.511236 -0.13045 0.849483 0.387381
1 142 1165 0.892601 -0.130746 0.431474 -0.9 0.173726 0.982868 -0.0615602 0.0525731 -0.416033 0.129907 0.900023 0.432708
1 143 490 0.691697 -0.220735 0.687628 -0.82547 0.310922 0.950404 -0.00767392 0.0209355 -0.651831 0.219107 0.726023 0.564057
1 144 24 0.997314 0.0204098 0.0703468 -0.30062 -0.0311578 0.987383 0.155257 -0.0950134 -0.0662904 -0.157032 0.985366 -0.949
1 145 0 1 0 0 0 0 1 0 0 0 0 1 0
1 146 0 1 0 0 0 0 1 0 0 0 0 1 0
1 147 0 1 0 0 0 0 1 0 0 0 0 1 0
1 148 0 1 0 0 0 0 1 0 0 0 0 1 0
1 149 0 1 0 0 0 0 1 0 0 0 0 1 0
1 150 0 1 0 0 0 0 1 0 0 0 0 1 0
1 151 0 1 0 0 0 0 1 0 0 0 0 1 0
1 152 0 1 0 0 0 0 1 0 0 0 0 1 0
1 153 0 1 0 0 0 0 1 0 0 0 0 1 0
1 154 52 0.779502 0.60513 0.161847 0.0742746 0.623752 -0.773582 -0.111822 0.0485953 0.0575351 0.188118 -0.98046 0.996053
1 155 0 1 0 0 0 0 1 0 0 0 0 1 0
1 156 0 1 0 0 0 0 1 0 0 0 0 1 0
1 157 0 1 0 0 0 0 1 0 0 0 0 1 0
1 158 18 -0.727884 0.487165 0.48255 0.184161 -0.641772 -0.731839 -0.229217 -0.281212 0.241483 -0.47653 0.845343 0.941809
1 159 0 1 0 0 0 0 1 0 0 0 0 1 0
1 160 17 -0.659268 -0.686864 0.305915 0.175001 0.450865 -0.686713 -0.570216 -0.290501 0.601736 -0.237999 0.762411 0.940736
2 3 5120 0.97897 0.0687781 -0.192063 0.987568 -0.066249 0.997611 0.0195666 0.0413665 0.19295 -0.00643114 0.981188 0.151652
2 4 1585 0.886639 0.224616 -0.404251 0.964893 -0.178813 0.97265 0.148251 -0.0958918 0.426494 -0.0591597 0.902554 0.244513
2 5 725 0.808483 0.265582 -0.525187 0.887407 -0.242504 0.963443 0.113888 -0.083606 0.536234 0.0352834 0.843331 0.453341
2 6 748 0.760168 0.304143 -0.574144 0.891656 -0.300613 0.948038 0.104194 -0.204781 0.576 0.0933899 0.812097 0.403751
2 7 171 0.720558 0.417954 -0.553273 0.882533 -0.336301 0.90844 0.248271 -0.271692 0.606381 0.00717274 0.795142 0.383821
2 8 368 0.930682 0.320636 0.176134 -0.95637 -0.323676 0.946092 -0.0119923 0.260158 -0.170485 -0.0458494 0.984293 0.132945
2 9 98 0.464618 -0.771413 0.434801 0.0245044 -0.842916 -0.234827 0.484097 -0.314651 -0.271335 -0.591421 -0.759341 0.948891
2 10 50 -0.947466 -0.2925 0.129431 0.282262 0.31819 -0.820646 0.474653 0.244314 -0.0326188 0.490902 0.870604 -0.927706
2 11 40 0.428471 -0.52151 -0.737861 -0.348782 0.572149 0.788639 -0.225156 -0.23962 0.699327 -0.325694 0.636291 0.906054
2 12 95 -0.760576 -0.547551 0.348871 0.154049 0.222545 -0.724662 -0.65218 -0.36684 0.609916 -0.418393 0.673015 0.917441
2 13 89 0.814019 0.574495 -0.0856075 0.0355081 -0.569931 0.818439 0.0730527 -0.293402 0.112033 -0.010676 0.993647 0.955329
2 14 72 -0.371262 -0.826322 -0.423504 0.169291 0.677693 0.0706493 -0.731943 -0.193549 0.634741 -0.558748 0.533763 0.966374
2 15 0 1 0 0 0 0 1 0 0 0 0 1 0
2 16 31 -0.608546 -0.360752 -0.706774 -0.420116 -0.761011 0.517648 0.391027 -0.33015 0.224797 0.775821 -0.589549 0.845283
2 17 95 0.79472 -0.514067 0.32273 -0.0216859 -0.601977 -0.599432 0.527546 -0.259573 -0.0777391 -0.613527 -0.785838 0.96548
2 18 108 0.750239 0.446945 -0.487218 0.463294 0.628277 -0.711456 0.314801 -0.00262968 -0.205935 -0.542283 -0.814567 0.886201
2 19 157 0.928229 0.350109 0.125755 -0.0826668 -0.371672 0.88718 0.273446 -0.242302 -0.0158318 -0.30056 0.953632 0.966673
2 20 141 0.684203 -0.609124 0.401042 -0.0686505 -0.729241 -0.577895 0.366394 -0.200656 0.00858112 -0.543144 -0.839596 0.977254
2 21 386 -0.510288 -0.287304 0.810594 -0.181479 0.271371 0.8406 0.468774 -0.157698 -0.816066 0.459182 -0.350982 0.970668
2 22 344 0.90405 0.0663533 0.422245 -0.307883 -0.130501 0.983556 0.12485 -0.205278 -0.407018 -0.167974 0.897843 0.929015
2 23 218 0.98582 0.00367154 0.167767 0.03951 -0.0196076 0.995433 0.0934318 -0.430291 -0.166658 -0.0953964 0.981389 0.901825
2 24 92 -0.199352 0.505434 -0.839521 0.739621 0.939269 -0.145662 -0.310734 0.0195302 -0.279342 -0.850482 -0.4457 0.67274
2 25 28 0.731451 0.681091 0.0330928 -0.279398 -0.680297 0.732197 -0.0329123 -0.345325 -0.0466467 0.00156078 0.99891 -0.895929
2 26 48 0.989372 -0.142198 0.030382 0.318999 -0.120461 -0.68452 0.718972 -0.23275 -0.0814393 -0.714991 -0.694374 0.918731
2 27 0 1 0 0 0 0 1 0 0 0 0 1 0
2 28 0 1 0 0 0 0 1 0 0 0 0 1 0
2 29 17 0.357684 0.8977 -0.257287 -0.347433 -0.872161 0.4196 0.251537 -0.238176 0.333762 0.134425 0.933023 0.906952
2 30 0 1 0 0 0 0 1 0 0 0 0 1 0
2 31 0 1 0 0 0 0 1 0 0 0 0 1 0
2 32 73 0.337163 -0.938672 0.0722193 -0.407011 -0.836804 -0.263655 0.479838 -0.175555 -0.43137 -0.222217 -0.87438 0.896394
2 33 55 0.557378 0.631498 -0.539018 -0.448168 -0.688019 0.714695 0.125862 -0.279383 0.464715 0.300702 0.832837 0.849171
2 34 0 1 0 0 0 0 1 0 0 0 0 1 0
2 35 0 1 0 0 0 0 1 0 0 0 0 1 0
2 36 30 -0.854934 0.0036794 0.518724 -0.0483293 -0.473605 -0.413495 -0.777638 -0.293244 0.211629 -0.910499 0.355253 0.954815
2 37 0 1 0 0 0 0 1 0 0 0 0 1 0
2 38 38 0.839516 0.0623565 -0.539744 0.432247 0.38035 0.641949 0.665759 -0.236885 0.388003 -0.764207 0.51521 0.870085
2 39 0 1 0 0 0 0 1 0 0 0 0 1 0
2 40 25 -0.0948754 0.765377 0.63655 0.395404 0.932627 -0.155286 0.325718 -0.195726 0.348145 0.624567 -0.699079 0.897411
2 41 50 -0.16217 -0.935019 -0.315342 0.141479 -0.826982 -0.0455599 0.560379 -0.241436 -0.538332 0.351659 -0.765855 0.960048
2 42 84 0.631574 -0.754734 -0.177456 0.454829 0.736523 0.655539 -0.166739 -0.239572 0.242173 -0.0253926 0.969901 0.857751
2 43 38 0.105871 0.843439 -0.52669 0.154308 0.986842 -0.154214 -0.0485916 0.196348 -0.122207 -0.514616 -0.848667 0.968316
2 44 39 0.869942 0.419941 -0.258553 0.160753 -0.445087 0.894358 -0.0449519 0.231334 0.212362 0.154184 0.964951 -0.959501
2 45 178 -0.723665 -0.239312 -0.647332 0.378392 -0.189599 0.970804 -0.146939 0.0753909 0.663597 0.0163989 -0.747911 0.92257
2 46 177 0.982285 -0.187342 -0.00432479 0.222373 0.187183 0.982017 -0.0246028 0.354704 0.00885618 0.0233575 0.999688 -0.90815
2 47 129 0.402547 -0.830367 -0.385288 0.275552 -0.791764 -0.527074 0.308713 -0.118942 -0.45942 0.180786 -0.869626 0.953899
2 48 52 0.14949 -0.979957 -0.131673 0.185081 -0.640852 -0.197439 0.74184 -0.326552 -0.752968 -0.0265148 -0.657523 0.926881
2 49 50 -0.352251 0.935717 -0.0187915 0.408134 -0.92353 -0.344268 0.169031 0.0629517 0.151696 0.0768958 0.985432 0.910749
2 50 0 1 0 0 0 0 1 0 0 0 0 1 0
2 51 37 -0.538059 0.840451 -0.0642975 -0.370837 -0.811827 -0.537233 -0.228729 -0.343419 -0.226778 -0.0708715 0.971364 0.862869
2 52 29 0.940363 -0.3393 0.0243416 -0.26798 0.339693 0.940427 -0.014307 -0.364833 -0.0180371 0.0217225 0.999601 0.891675
2 53 28 0.65556 0.725921 -0.208038 0.0131869 -0.748619 0.660882 -0.0529564 0.277198 0.0990463 0.190457 0.976686 0.960722
2 54 58 0.118981 -0.922826 0.366382 -0.400885 0.981194 0.165767 0.0988889 0.27215 -0.151991 0.347726 0.925195 -0.874772
2 55 0 1 0 0 0 0 1 0 0 0 0 1 0
2 56 30 0.0887771 0.686638 -0.721558 -0.296953 0.43543 0.624778 0.648115 0.00354187 0.895835 -0.371726 -0.243517 0.954886
2 57 107 0.581511 0.791596 -0.187672 -0.222789 0.576564 -0.563756 -0.591399 0.235779 -0.573951 0.2357 -0.784236 0.945925
2 58 42 -0.167069 -0.985938 -0.00365207 0.167647 0.941575 -0.158451 -0.297203 -0.0336221 0.292445 -0.0530922 0.954807 -0.985274
2 59 146 0.889144 0.41377 -0.195493 0.0928306 -0.344494 0.88639 0.309252 -0.253105 0.301242 -0.207624 0.930669 0.962975
2 60 89 0.893823 -0.192436 -0.405029 0.203774 0.283684 0.942178 0.178393 0.116044 0.34728 -0.274352 0.896731 0.972116
2 61 28 -0.752633 0.650261 -0.103462 -0.16931 0.505798 0.671575 0.541438 0.0811607 0.421559 0.355173 -0.83435 0.982215
2 62 0 1 0 0 0 0 1 0 0 0 0 1 0
2 63 30 -0.0825521 0.994167 -0.0694115 0.158038 0.959708 0.0605322 -0.274404 0.254431 -0.268601 -0.0892673 -0.959106 0.954091
2 64 87 0.712011 0.690306 0.128524 0.260336 -0.677478 0.627258 0.384149 -0.0831344 0.184563 -0.360591 0.914282 0.961932
2 65 33 0.116067 0.986796 -0.112967 0.23441 0.900361 -0.152553 -0.407526 0.0190903 -0.419379 -0.0544113 -0.906179 0.97195
2 66 193 0.902028 0.141523 -0.407819 0.189719 0.223697 -0.961234 0.161209 0.02339 -0.369195 -0.236643 -0.898719 0.98156
2 67 726 0.978217 -0.0183022 0.206775 -0.310691 -0.0576893 0.932897 0.355492 -0.331849 -0.199406 -0.359677 0.911521 0.8907
2 68 1292 0.989818 -0.129954 0.058075 0.124277 0.137492 0.978482 -0.153848 0.973309 -0.0368322 0.160267 0.986386 0.192935
2 69 1404 0.967638 -0.238862 0.0813774 -0.174633 0.240947 0.778752 -0.579215 0.94364 0.0749796 0.580078 0.811103 0.281152
2 70 903 0.995378 -0.0938166 0.0205432 -0.365618 0.0875374 0.974253 0.207771 0.269887 -0.0395066 -0.205012 0.977962 0.890778
2 71 1146 0.840377 -0.384613 0.381889 -0.599535 0.513748 0.789778 -0.335132 0.756203 -0.172711 0.477832 0.861306 0.262135
2 72 605 0.904169 -0.374601 -0.205309 0.593451 0.393415 0.917495 0.0585416 0.321132 0.166441 -0.133703 0.976945 0.738031
2 73 431 0.542541 -0.392313 0.742792 -0.858743 0.407373 0.896185 0.175781 -0.114687 -0.73464 0.207225 0.646035 0.499407
2 74 96 0.80839 -0.588193 0.0231152 -0.14774 0.585908 0.807792 0.0646805 -0.103709 -0.0567169 -0.0387436 0.997638 -0.983574
2 75 94 0.862023 -0.477383 0.17036 -0.372014 0.495439 0.864542 -0.0843028 0.168571 -0.107039 0.157074 0.981769 -0.912792
2 76 82 0.836979 -0.547223 -0.0037543 -0.200226 0.54672 0.835873 0.0491301 -0.0941425 -0.023747 -0.0431734 0.998785 -0.975216
2 77 84 -0.0042612 0.997292 0.0734172 0.162634 0.968809 -0.0140738 0.247407 -0.119163 0.247771 0.0721815 -0.966126 0.979464
2 78 198 -0.802597 0.108562 -0.58656 0.220634 -0.155578 0.911173 0.381522 -0.110708 0.575877 0.397464 -0.714414 0.969053
2 79 62 -0.928647 -0.0243689 -0.370164 0.197608 0.0417302 0.984644 -0.169512 -0.0852724 0.368611 -0.172864 -0.91337 0.976565
2 80 22 0.279907 0.937874 -0.205049 -0.142731 -0.953436 0.296555 0.0549009 -0.26197 0.112298 0.180134 0.977211 -0.954463
2 81 15 0.991032 -0.132992 0.0129923 -0.384616 0.132673 0.990894 0.0229499 -0.271833 -0.0159261 -0.0210204 0.999652 0.882144
2 82 47 -0.29504 -0.937635 -0.183825 -0.373408 -0.523123 -0.00247774 0.852254 -0.195928 -0.799558 0.347612 -0.489768 0.906741
2 83 33 0.0182652 0.986846 -0.160629 -0.383001 0.944066 0.0358825 0.327799 -0.126598 0.329251 -0.157632 -0.930992 0.915032
2 84 0 1 0 0 0 0 1 0 0 0 0 1 0
2 85 54 -0.196111 -0.948 0.250671 0.347188 0.748007 -0.309923 -0.586884 -0.193233 0.634055 0.0724098 0.76989 0.917672
2 86 0 1 0 0 0 0 1 0 0 0 0 1 0
2 87 97 -0.167882 0.84267 -0.511589 0.0817077 0.809461 -0.178365 -0.559427 -0.0177418 -0.562662 -0.508029 -0.652164 0.996498
2 88 397 0.219869 -0.395241 0.891875 -0.718623 0.0520061 0.917697 0.393863 -0.299397 -0.974142 -0.0402155 0.222328 0.627648
2 89 784 0.708475 -0.206192 0.674943 -0.937199 0.220665 0.973137 0.0656613 -0.222599 -0.670351 0.102417 0.734943 0.26853
2 90 933 0.805432 -0.120232 0.580365 -0.988588 0.280075 0.940189 -0.193914 -0.0896816 -0.522338 0.318731 0.790932 -0.121042
2 91 1058 0.841323 -0.13527 0.523334 -0.953129 0.283375 0.934845 -0.213923 -0.018328 -0.460299 0.328278 0.824839 -0.302007
2 92 784 0.853039 -0.082982 0.515207 -0.79643 0.340818 0.836227 -0.429612 0.602071 -0.39518 0.542068 0.741616 -0.0566557
2 93 959 0.940916 -0.119546 0.316838 -0.840568 0.148605 0.986479 -0.0691064 -0.0537509 -0.304293 0.112107 0.945959 -0.539032
2 94 3135 0.912372 -0.263386 0.313376 -0.69361 0.355088 0.890106 -0.285699 0.636027 -0.203689 0.37194 0.905633 -0.338194
2 95 6782 0.957508 -0.270563 0.0998688 -0.258523 0.283512 0.94655 -0.153833 0.459579 -0.0529094 0.17561 0.983037 -0.849678
2 96 5320 0.94441 -0.192795 -0.266308 0.759651 0.204209 0.978803 0.0155774 0.00472974 0.25766 -0.0690941 0.963762 -0.650313
2 97 1985 0.871093 0.0385951 -0.489599 0.941431 0.0206926 0.993138 0.115105 -0.323679 0.490682 -0.110399 0.864317 -0.0945524
2 98 543 0.840726 -0.136722 0.523915 -0.981305 0.155207 0.987843 0.00872876 -0.18892 -0.518739 0.0739766 0.851726 -0.0367309
2 99 42 -0.822374 -0.0498142 0.566762 -0.385096 -0.410912 -0.636991 -0.652222 0.165682 0.393512 -0.76926 0.503376 0.907883
2 100 14 0.938634 -0.124595 -0.321624 -0.00922817 0.057554 0.97598 -0.21012 -0.086546 0.340078 0.178716 0.923259 0.996205
2 101 50 0.852619 0.515203 0.0872189 0.374271 -0.522533 0.840738 0.14184 -0.254526 -0.000251852 -0.16651 0.98604 0.891705
