0 1 1711 0.965472 0.0743549 -0.24967 0.939297 -0.0756855 0.997123 0.00428028 0.207727 0.24927 0.0147639 0.968321 -0.273078
0 2 600 0.904296 0.140386 -0.403163 0.970161 -0.151533 0.988443 0.00429889 0.0880621 0.399108 0.0572051 0.915118 -0.225906
0 3 437 0.811276 0.195781 -0.55091 0.993176 -0.244583 0.969502 -0.0156361 0.116597 0.531047 0.147428 0.834418 -0.00260463
0 4 373 -0.455668 -0.57664 0.678124 -0.444849 -0.753846 0.655106 0.0505167 -0.00274356 -0.473373 -0.488182 -0.733209 0.895601
0 5 257 -0.974222 -0.135472 0.180385 -0.110987 -0.179396 0.950052 -0.255379 0.204538 -0.136778 -0.281156 -0.949865 0.972546
0 6 238 0.179482 0.966792 0.18193 0.169732 0.93861 -0.223674 0.262643 -0.0881543 0.294614 0.123622 -0.947587 0.981539
0 7 126 -0.0565001 -0.980231 -0.189616 -0.0447606 0.968237 -0.100128 0.229112 -0.276907 -0.243568 -0.170648 0.954753 -0.959854
0 8 270 -0.429802 -0.792002 0.433594 -0.188262 -0.83741 0.52923 0.136605 -0.115239 -0.337662 -0.304383 -0.890694 0.975334
0 9 244 -0.33901 0.861565 -0.37786 0.494477 0.502258 0.505365 0.701672 -0.390048 0.795493 0.0480909 -0.604052 0.776759
0 10 269 -0.495542 0.74324 -0.449481 0.338737 0.866028 0.383108 -0.321285 0.298764 -0.0665922 -0.548473 -0.833512 0.892187
0 11 338 0.085546 -0.0990663 -0.991397 0.879468 0.830127 -0.543173 0.125907 -0.157842 -0.550973 -0.833756 0.0357713 0.449022
0 12 139 0.963234 -0.0487507 0.264203 -0.404375 0.0354966 0.997871 0.0547133 0.121725 -0.266308 -0.0433234 0.962914 -0.906457
0 13 105 0.555646 0.795244 0.242578 -0.0993098 -0.818233 0.471285 0.329219 -0.0479613 0.147486 -0.381415 0.912563 0.9939
0 14 170 0.920516 -0.387252 0.0518395 -0.0362944 -0.330002 -0.841652 -0.427459 0.327755 0.209165 0.376375 -0.902547 0.944065
0 15 150 -0.976782 0.186023 -0.106269 0.43835 -0.137711 -0.925162 -0.353709 -0.0516029 -0.164114 -0.330862 0.929299 0.897322
0 16 104 0.989054 0.00917671 0.147268 0.238779 -0.057268 0.9437 0.325808 -0.172404 -0.135987 -0.330675 0.933896 -0.955647
0 17 276 0.333713 0.588168 0.736678 -0.103751 0.935724 -0.301402 -0.18324 0.0937831 0.11426 0.750477 -0.650945 0.990172
0 18 106 -0.924511 0.0857322 -0.371389 0.276182 -0.0365094 -0.989814 -0.137607 0.273612 -0.379404 -0.11366 0.918223 -0.921336
0 19 302 0.286585 -0.468532 -0.835672 0.325696 0.894019 0.444326 0.0574765 -0.0493353 0.344381 -0.763579 0.546214 0.944186
0 20 93 0.519501 -0.851654 -0.069314 -0.156848 0.837779 0.49172 0.237357 -0.157113 -0.168063 -0.181377 0.968946 -0.975046
0 21 77 -0.997068 -0.0700707 -0.0307426 0.0266082 0.0711344 -0.996853 -0.0349871 0.0845431 -0.0281943 -0.0370714 0.998915 -0.996064
0 22 284 -0.538213 0.697869 -0.472552 0.378995 -0.814487 -0.57481 0.0787754 -0.122113 -0.216653 0.427285 0.877775 0.917306
0 23 196 0.934528 -0.170381 0.312454 -0.157423 0.14221 0.983592 0.111012 -0.186461 -0.326241 -0.0593098 0.943424 0.969768
0 24 95 -0.518055 0.850076 0.0948118 0.235927 -0.854007 -0.520259 -0.00171604 -0.0758864 0.0478679 -0.0818589 0.995494 0.968803
0 25 282 -0.742879 -0.279397 -0.608333 0.212074 -0.173829 0.958077 -0.227753 0.241314 0.646463 -0.0634464 -0.760302 0.946991
0 26 222 0.218672 -0.773551 -0.594813 0.470254 -0.973971 -0.210312 -0.0845524 -0.0974986 -0.0596906 0.59782 -0.799405 0.877129
0 27 311 -0.842251 -0.311948 0.439661 -0.109028 -0.32785 0.943814 0.0415984 -0.0812368 -0.427934 -0.109107 -0.8972 0.990714
0 28 347 -0.445676 0.521512 0.727597 -0.133319 0.612098 0.770622 -0.177421 0.0405056 -0.65323 0.366288 -0.662664 0.990245
0 29 223 0.955766 0.253913 -0.148455 0.0872656 0.287491 -0.913087 0.289172 -0.171317 -0.0621278 -0.31906 -0.945696 0.981343
0 30 245 -0.755988 0.613006 0.22958 0.100055 0.635706 0.771173 0.0342048 -0.0134843 -0.156078 0.171804 -0.972689 0.994891
0 31 169 0.751873 0.600027 0.27323 -0.384804 -0.572447 0.799721 -0.180971 0.252218 -0.327096 -0.0203423 0.944772 -0.887869
0 32 251 0.913843 -0.342516 0.218114 -0.0169392 -0.248966 -0.896937 -0.365405 -0.0613492 0.320792 0.279619 -0.904934 0.997973
0 33 158 0.839182 -0.528952 -0.126427 0.3563 0.519857 0.84847 -0.0992367 0.118458 0.159761 0.0175539 0.987 -0.926832
0 34 108 0.917902 -0.396375 0.0185215 -0.164919 0.378968 0.889516 0.255234 -0.173421 -0.117644 -0.227261 0.966702 0.970941
0 35 97 0.955837 -0.268585 0.11932 0.0542914 0.248929 0.955691 0.157129 -0.073532 -0.156235 -0.120488 0.980343 -0.995814
0 36 125 0.601957 0.796634 0.0549806 -0.126313 -0.787412 0.603617 -0.125018 0.292877 -0.132781 0.0319633 0.99063 -0.94777
0 37 188 -0.972166 0.181048 0.148709 0.0675343 0.221143 0.918718 0.32719 -0.1854 -0.0773842 0.350969 -0.933184 0.98034
0 38 202 0.974932 -0.109277 -0.193821 0.233696 -0.0521525 -0.959052 0.278388 -0.280547 -0.216306 -0.261301 -0.940709 0.930956
0 39 198 0.920892 -0.345995 -0.179568 0.367355 0.342988 0.938084 -0.0485455 0.310118 0.185246 -0.0168845 0.982547 -0.876856
0 40 374 0.476727 -0.38542 0.790053 -0.83119 0.468695 0.871794 0.14248 -0.232518 -0.743678 0.302369 0.596252 0.505033
0 41 355 0.936319 -0.218617 0.274796 -0.766486 0.221531 0.974932 0.0207892 -0.102552 -0.272452 0.0414105 0.961278 0.634021
0 42 249 0.944669 -0.262634 -0.196531 0.605406 0.250043 0.964336 -0.0868044 0.112118 0.21232 0.0328602 0.976648 -0.78798
0 43 418 0.238023 -0.164252 0.95727 -0.708928 0.0995951 0.984529 0.144165 -0.00743921 -0.96614 0.0610247 0.250699 0.705242
0 44 117 -0.94304 0.255482 0.213082 -0.349564 -0.240562 -0.966102 0.0936853 -0.0900858 0.229793 0.0370898 0.972532 -0.932571
0 45 541 0.86166 -0.292825 0.414482 -0.876391 0.315677 0.948763 0.0140309 0.0276461 -0.397353 0.118752 0.90995 0.480806
0 46 648 0.765808 -0.217142 0.6053 -0.873991 0.324418 0.943162 -0.0720997 0.104007 -0.55524 0.251585 0.792725 0.474681
0 47 511 0.22039 -0.405607 0.88708 -0.572063 -0.121453 0.890953 0.437552 -0.274195 -0.967821 -0.20417 0.147096 0.773021
0 48 120 0.966677 -0.246131 0.0703899 0.0689728 0.242617 0.968569 0.0548816 -0.0285738 -0.0816855 -0.0359751 0.996009 -0.997209
0 49 292 0.916046 -0.374841 0.14267 -0.737851 0.370141 0.927088 0.0591902 0.16049 -0.154454 -0.00141306 0.987999 0.655605
0 50 146 0.939989 -0.338414 0.043555 -0.269952 0.331764 0.936323 0.115029 -0.288639 -0.079709 -0.093676 0.992407 0.918593
0 51 206 0.752211 -0.658594 0.020793 -0.365578 0.648652 0.745669 0.152408 -0.484383 -0.11588 -0.101156 0.988099 -0.794812
0 52 256 0.604525 0.687593 0.402202 -0.0907911 0.787906 -0.59046 -0.174819 0.232018 0.117279 0.42258 -0.898706 0.968465
0 53 119 -0.266674 0.940119 0.212276 -0.16113 -0.94566 -0.297749 0.130663 -0.240968 0.186044 -0.165897 0.968435 -0.957064
0 54 94 0.237866 0.915651 0.324041 -0.0620295 -0.971136 0.218109 0.0965546 -0.314258 0.0177341 -0.337655 0.941103 -0.947309
0 55 222 0.885881 -0.36538 -0.285855 0.117061 -0.436782 -0.864549 -0.248547 0.231755 -0.156322 0.345039 -0.925479 0.965705
0 56 236 0.520373 0.355976 0.776204 -0.488462 0.673087 -0.730363 -0.116291 0.133797 0.525514 0.582968 -0.619664 0.862266
0 57 81 -0.355694 -0.931562 -0.0753231 0.251407 0.932032 -0.347589 -0.102464 0.140162 0.06927 -0.106649 0.991881 -0.957679
0 58 184 -0.936904 0.0657048 0.343356 -0.320363 0.0303445 0.993756 -0.107366 0.14321 -0.348266 -0.0901726 -0.933048 0.936407
0 59 226 -0.427796 -0.831444 0.354529 -0.281796 -0.617544 0.55527 0.557059 -0.159569 -0.660023 0.0193706 -0.750996 0.946112
0 60 76 -0.950091 -0.25507 -0.17963 0.263527 0.245807 -0.966608 0.0724458 0.0676805 -0.192111 0.0246757 0.981063 -0.962275
0 61 81 0.588976 -0.807127 -0.0406447 -0.0918897 0.785106 0.583382 -0.208024 0.256648 0.191613 0.0906106 0.977279 -0.962127
0 62 79 -0.45592 0.874893 0.163397 0.0386089 -0.880379 -0.470266 0.0615108 -0.245103 0.130656 -0.115808 0.984641 -0.968728
0 63 116 0.448229 -0.888143 -0.101451 0.305028 0.878689 0.416885 0.232621 -0.278787 -0.164307 -0.193411 0.967262 -0.910624
0 64 218 0.802684 0.470037 0.367101 -0.257145 0.582505 -0.749977 -0.313403 0.277832 0.128006 0.465402 -0.875794 0.925573
0 65 113 0.524522 0.850722 -0.033894 0.284713 -0.822298 0.516512 0.238833 -0.328177 0.220687 -0.0974022 0.970469 -0.900688
0 66 217 -0.971299 0.206996 0.117176 0.00357714 0.160762 0.934363 -0.317995 0.233785 -0.175309 -0.290031 -0.940824 0.972282
0 67 79 0.970992 0.188351 0.147306 -0.0168165 -0.221541 0.940449 0.257827 0.207568 -0.0899719 -0.282982 0.954896 0.978076
0 68 247 -0.91084 -0.0619051 0.408092 -0.214156 -0.213057 0.917308 -0.336381 0.268899 -0.353522 -0.393336 -0.84871 0.939058
0 69 109 0.819598 -0.566355 -0.0866121 -0.180226 0.569991 0.790692 0.22342 -0.00291876 -0.0580513 -0.232482 0.970867 0.983621
0 70 138 0.99936 0.00893664 0.0346477 -0.259952 -0.018218 0.960486 0.277733 0.230077 -0.0307966 -0.278186 0.960033 0.937811
0 71 379 0.911646 -0.233617 -0.338119 0.566875 0.120362 0.938418 -0.323858 0.821119 0.392955 0.254547 0.883624 0.0664597
0 72 252 0.984618 -0.172551 -0.027438 0.588455 0.174717 0.971694 0.159009 0.285318 -0.000775849 -0.161357 0.986896 -0.756515
0 73 446 0.957034 -0.158617 0.242748 -0.356503 0.271297 0.785374 -0.556404 0.931146 -0.102393 0.598354 0.794662 0.0766322
0 74 411 0.321234 -0.525769 0.787639 -0.603538 -0.157607 0.790439 0.591917 -0.345951 -0.933793 -0.314281 0.171051 0.718373
0 75 495 0.771231 -0.280621 0.571362 -0.810424 0.530312 0.779725 -0.332864 0.432693 -0.352096 0.559715 0.750165 0.394954
0 76 438 0.878978 -0.454866 0.143161 -0.862867 0.461258 0.887167 -0.0132233 0.217985 -0.120993 0.0776571 0.989611 0.456007
0 77 153 0.85219 -0.51626 -0.085138 0.223664 0.514857 0.85637 -0.0393953 0.0472003 0.0932479 -0.0102616 0.99559 -0.973523
0 78 100 0.765648 -0.641571 -0.0465677 0.02809 0.638263 0.766714 -0.0690681 0.0481591 0.0800162 0.0231594 0.996524 -0.998445
0 79 239 -0.231799 0.935898 0.265262 -0.0529497 0.96507 0.187022 0.183474 -0.20813 0.122103 0.298525 -0.946559 0.976667
0 80 223 -0.9457 -0.265346 0.187729 -0.0840127 -0.147351 0.864783 0.480039 -0.350099 -0.289722 0.426311 -0.856925 0.932937
0 81 216 -0.459662 0.881424 0.108643 -0.0993682 0.883323 0.441096 0.158662 0.0638824 0.0919262 0.168898 -0.981337 0.992998
0 82 231 -0.334139 -0.927068 -0.169987 0.0487642 -0.880785 0.371332 -0.293819 0.243093 0.335512 0.0515458 -0.940625 0.968776
0 83 141 -0.534262 0.818723 0.210371 -0.131958 -0.828334 -0.556693 0.0628891 -0.340778 0.168601 -0.140658 0.975597 -0.930837
0 84 120 0.686983 -0.710836 -0.150887 0.194935 0.723918 0.687528 0.0569929 0.111976 0.0632266 -0.148383 0.986907 -0.974403
0 85 126 0.863113 -0.460202 -0.207965 0.201683 0.462124 0.885808 -0.0422451 0.101324 0.203658 -0.0596431 0.977224 -0.974196
0 86 465 0.739394 -0.379619 0.556044 -0.949532 0.306216 0.925133 0.224413 -0.20882 -0.599606 0.00433984 0.800284 -0.234058
0 87 256 0.941013 -0.332785 -0.0612317 0.0489495 0.337555 0.935806 0.101609 -0.0512412 0.0234871 -0.116284 0.992938 -0.997486
0 88 912 0.933812 -0.217688 0.283915 -0.821142 0.214452 0.975795 0.0428342 0.0567459 -0.286367 0.020887 0.957892 -0.567897
0 89 1809 0.99159 -0.0513045 0.118816 -0.291911 0.0600213 0.99567 -0.0709849 0.169687 -0.11466 0.0775194 0.990376 -0.941273
0 90 903 0.99976 0.014247 -0.0166171 0.040177 -0.0179905 0.96728 -0.253072 0.242879 0.0124679 0.253311 0.967305 -0.969224
0 91 342 0.999907 0.00546327 -0.012505 0.167081 -0.00831731 0.970472 -0.241071 0.239408 0.0108187 0.241153 0.970427 -0.956435
0 92 281 0.999449 -0.0299594 0.0142576 0.222264 0.0313623 0.993295 -0.111273 0.132165 -0.0108283 0.111659 0.993688 -0.965987
0 93 212 0.982995 -0.00650733 0.183516 -0.354896 0.0159257 0.998627 -0.0498949 0.0704942 -0.182939 0.051969 0.98175 -0.932244
0 94 508 0.798827 -0.202262 -0.566538 0.750719 -0.137316 0.855607 -0.499081 0.659311 0.585679 0.476474 0.655708 0.0416004
0 95 509 0.889339 -0.130103 -0.438348 0.78218 -0.0131598 0.950986 -0.308955 0.528308 0.457059 0.280534 0.844037 -0.33028
0 96 419 0.503834 -0.0318312 -0.863214 0.983402 0.0268536 0.999415 -0.02118 0.0912137 0.863383 -0.0125092 0.504394 0.156849
0 97 387 -0.0594918 0.331382 -0.941619 0.721695 0.131041 0.937719 0.321731 -0.247243 0.98959 -0.104251 -0.0992114 0.646551
0 98 286 0.887594 0.390929 -0.243622 0.513017 -0.351184 0.916559 0.191284 -0.449786 0.298073 -0.0842265 0.95082 -0.731099
0 99 115 -0.800279 0.285954 0.527052 0.0379983 -0.420378 -0.894343 -0.153076 -0.195613 0.427593 -0.344064 0.835933 0.979945
0 100 242 -0.345992 0.854891 0.386589 -0.138642 0.901014 0.417658 -0.117199 0.0878365 -0.261655 0.307772 -0.914775 0.98644
0 101 235 0.802159 -0.410942 -0.433206 0.0719354 -0.412446 -0.905945 0.0956658 -0.114528 -0.431774 0.101935 -0.896204 0.990812
0 102 110 -0.858319 0.28837 0.424418 -0.384328 -0.288858 -0.955175 0.0648209 0.0682987 0.424086 -0.0669598 0.903143 -0.920667
0 103 214 0.927179 -0.313568 -0.204973 0.125588 -0.293937 -0.94815 0.120881 -0.211644 -0.23225 -0.0518297 -0.971274 0.969244
0 104 216 -0.272105 0.957403 -0.0966356 0.260736 -0.961027 -0.275479 -0.0232211 -0.321159 -0.048853 0.0865508 0.995049 -0.910425
0 105 273 0.0701573 -0.986791 -0.146018 0.19188 -0.895654 0.0021322 -0.444746 0.0424154 0.439183 0.161984 -0.883674 0.980501
0 106 284 0.559717 0.0414045 0.827649 -0.310152 0.0777261 0.991725 -0.102177 0.185713 -0.825031 0.12152 0.551867 0.932371
0 107 119 -0.416786 -0.904633 0.0890389 -0.28447 0.865652 -0.424889 -0.264794 0.159928 0.277373 -0.0332857 0.960185 -0.945251
0 108 308 -0.123382 0.966011 0.227156 -0.0463731 0.93469 0.190023 -0.30041 0.247955 -0.333364 0.175255 -0.926366 0.967661
0 109 287 0.801573 -0.407326 -0.437683 0.349346 -0.269952 -0.899733 0.342938 -0.309653 -0.533485 -0.156736 -0.83116 0.884349
0 110 136 0.188394 -0.975879 0.11031 -0.0321254 0.978995 0.195526 0.0577782 -0.180585 -0.0779531 0.0971084 0.992216 -0.983035
0 111 121 0.860914 -0.179526 0.476022 0.0733898 0.101751 0.977525 0.18464 0.0195842 -0.498471 -0.110524 0.859832 0.997111
0 112 235 0.443912 -0.890832 0.0967502 -0.167635 -0.886759 -0.452256 -0.0955142 -0.041094 0.128843 -0.0433941 -0.990715 0.984992
0 113 243 0.746064 0.344434 0.569872 -0.289633 0.525878 -0.829759 -0.186956 0.148271 0.408462 0.439164 -0.800183 0.945584
0 114 94 -0.917514 0.333885 0.216077 -0.0157703 -0.35945 -0.928688 -0.0912901 -0.0615437 0.170188 -0.161429 0.972099 -0.99798
0 115 211 -0.469747 -0.791579 -0.39082 0.113335 -0.806168 0.565057 -0.17551 0.100066 0.359766 0.232621 -0.90358 0.988505
0 116 242 -0.573867 -0.386027 -0.722261 0.26697 -0.666955 0.732084 0.138647 -0.239664 0.475234 0.56128 -0.677581 0.933428
0 117 190 0.649025 0.611847 0.452117 -0.447203 0.700111 -0.712898 -0.0402649 -0.0548395 0.297677 0.342665 -0.891049 0.89275
0 118 121 0.926983 0.335742 0.16727 -0.3694 -0.37109 0.885887 0.278383 -0.108755 -0.0547171 -0.320128 0.945793 -0.922885
0 119 262 0.88041 0.0939151 0.46482 -0.265773 -0.0404517 -0.961747 0.270936 -0.24951 0.472484 -0.257338 -0.842933 0.931187
0 120 260 0.992964 0.069694 0.095734 -0.0375415 0.109867 -0.843827 -0.525247 0.34368 0.0441764 0.53207 -0.845547 0.938336
0 121 130 -0.733552 0.60945 0.300787 -0.193144 -0.590831 -0.790578 0.160952 0.0455075 0.335888 -0.0596469 0.940012 0.980115
0 122 105 0.992746 0.00439254 0.120151 -0.0861601 -0.00258196 0.999881 -0.0152207 -0.189768 -0.120204 0.0148001 0.992639 0.978041
0 123 102 0.767048 -0.641561 0.00604409 0.106626 0.630103 0.751507 -0.195468 0.33738 0.120862 0.153741 0.980692 -0.93531
0 124 171 0.823007 -0.559522 -0.0979569 0.237137 0.499065 0.794609 -0.345733 0.312656 0.271283 0.235654 0.933206 -0.919789
0 125 139 0.906981 -0.418535 0.0470488 -0.00971933 0.418577 0.883373 -0.210821 0.203282 0.0466743 0.210904 0.976392 -0.979072
0 126 438 0.784268 -0.307431 0.538897 -0.860348 0.251522 0.951565 0.176805 -0.506968 -0.567151 -0.00311848 0.823608 -0.0527663
0 127 364 0.98961 0.0900961 -0.112047 0.431742 -0.0793462 0.99212 0.0969627 -0.405379 0.1199 -0.0870648 0.988961 -0.805771
0 128 418 0.995391 0.0610455 0.0739605 -0.670062 -0.0652441 0.996311 0.0557472 0.542506 -0.0702846 -0.0603158 0.995702 -0.50666
0 129 477 0.968097 0.07252 0.23985 -0.670364 -0.0909109 0.993636 0.0665087 0.678403 -0.233501 -0.0861919 0.968529 -0.300634
0 130 282 0.987417 -0.00269071 0.158114 -0.505916 -0.0466388 0.950427 0.307432 0.0500675 -0.151103 -0.310938 0.938342 -0.861129
0 131 263 0.982157 -0.0914571 0.164328 -0.439579 0.00966461 0.897178 0.441563 -0.271627 -0.187816 -0.432095 0.882054 -0.856148
0 132 144 0.976855 0.0214914 -0.21282 0.367199 0.0306844 0.97057 0.238855 -0.0719916 0.21169 -0.239857 0.947447 -0.927352
0 133 135 0.94594 -0.0162207 -0.323936 0.219482 -0.021988 0.993244 -0.113943 0.294266 0.323596 0.114906 0.939192 -0.93018
0 134 90 0.893528 -0.415974 0.169036 0.160552 0.340732 0.873351 0.34808 -0.178781 -0.29242 -0.253423 0.922099 -0.970701
0 135 230 0.728836 -0.594665 -0.33937 0.271076 -0.632483 -0.774574 -0.00107495 0.0249147 -0.262228 0.215429 -0.940652 0.962235
0 136 281 0.981846 0.0924778 0.16561 -0.302688 -0.165393 0.844854 0.50879 -0.616103 -0.0928644 -0.526944 0.844811 -0.727185
0 137 302 0.99224 0.0933474 0.0821394 -0.317782 -0.114929 0.940644 0.319343 -0.411378 -0.0474541 -0.326305 0.944073 -0.854273
0 138 351 0.995685 0.0927649 -0.00241193 -0.28262 -0.0870098 0.942317 0.323214 -0.508325 0.0322557 -0.32161 0.946323 -0.813469
0 139 542 0.989646 -0.00337125 0.143493 -0.494291 -0.0902071 0.763004 0.640069 -0.850824 -0.111643 -0.646385 0.754799 0.178255
0 140 1207 0.99822 -0.00158209 0.059615 -0.752933 -0.0119039 0.974245 0.225179 -0.648186 -0.0584359 -0.225488 0.972492 -0.113779
0 141 1637 0.978484 -0.0367505 0.203024 -0.971105 0.0137083 0.993414 0.113756 0.237765 -0.205868 -0.108525 0.972543 0.0205389
0 142 933 0.913621 -0.0347046 0.405084 -0.849857 0.120933 0.97445 -0.189267 0.468193 -0.388166 0.221906 0.894475 0.241947
0 143 260 0.980346 -0.186285 0.0649537 -0.709047 0.182087 0.981097 0.0655264 0.0949305 -0.0759325 -0.0524114 0.995735 0.698742
0 144 120 0.986792 -0.161952 0.00362392 0.0298871 0.160019 0.978008 0.133768 0.0475566 -0.0252082 -0.131421 0.991006 -0.998421
0 145 127 -0.857684 -0.513859 0.0181091 0.164858 0.514168 -0.857357 0.0239038 -0.0964259 0.00324276 0.029813 0.99955 -0.981593
0 146 84 -0.124273 0.990346 0.0614044 0.0361558 -0.96289 -0.135307 0.233529 0.0182759 0.239583 -0.0301044 0.970409 -0.999179
0 147 330 -0.731152 -0.413222 -0.54283 0.426825 -0.119345 0.860891 -0.494594 0.313789 0.671695 -0.296839 -0.678758 0.848149
0 148 202 -0.627149 -0.653261 -0.424187 0.419051 -0.778896 0.527501 0.33921 -0.0946354 0.00216668 0.543133 -0.839644 0.903017
0 149 283 0.242599 0.886404 -0.394252 0.343667 0.606437 -0.455767 -0.651545 0.235247 -0.757219 -0.0810246 -0.648117 0.909149
0 150 244 -0.981825 -0.153334 -0.111839 0.187565 -0.103717 0.927007 -0.360418 0.207856 0.15894 -0.342268 -0.926062 0.960008
0 151 190 -0.69441 0.703272 -0.152326 0.204853 0.685353 0.710902 0.157828 0.0285821 0.219284 0.00520026 -0.975647 0.978375
0 152 278 -0.81074 -0.534187 0.239466 0.0655153 -0.384983 0.794682 0.469328 -0.241871 -0.441008 0.288313 -0.849934 0.968094
0 153 135 -0.401677 0.845667 0.351431 0.341973 -0.91135 -0.331421 -0.244133 0.212906 -0.0899837 -0.418339 0.903822 0.915274
0 154 201 0.273777 0.940954 0.199127 0.00715385 0.910991 -0.320095 0.260067 -0.273469 0.308451 0.110202 -0.944835 0.961854
0 155 279 -0.496568 -0.614573 0.61296 -0.124947 -0.233477 0.774722 0.587618 -0.30776 -0.836008 0.14868 -0.528191 0.943224
0 156 150 -0.61246 0.631606 0.475359 0.0227571 -0.699841 -0.71285 0.0454729 -0.248681 0.367581 -0.304825 0.878616 0.968318
0 157 229 0.844391 0.415482 -0.3382 0.656186 -0.438014 0.898904 0.010716 0.0900466 0.308462 0.139088 0.941013 -0.749207
0 158 311 0.548981 0.753047 0.362684 0.00654978 0.611951 -0.657686 0.439277 -0.270268 0.569328 -0.0192097 -0.821886 0.962763
0 159 208 0.532987 -0.805373 -0.259423 0.311663 -0.831714 -0.442335 -0.335547 0.13137 0.155489 0.394608 -0.905598 0.941068
0 160 86 -0.266982 0.899547 0.345739 -0.232305 -0.957633 -0.287837 0.00940564 0.18728 0.107977 -0.32858 0.938283 -0.954443
1 2 1358 0.943031 0.0542738 -0.328248 0.987313 -0.0726481 0.996388 -0.0439657 0.0690169 0.324676 0.0653077 0.943568 -0.143002
1 3 538 0.891177 0.0998202 -0.442537 0.997384 -0.121418 0.992386 -0.020665 0.0512441 0.437105 0.0721483 0.896512 0.0509784
1 4 386 0.688675 0.421045 0.590294 -0.920853 -0.462343 0.882141 -0.0898136 0.310318 -0.558538 -0.211066 0.802176 0.236076
1 5 166 0.984093 0.13665 0.113526 -0.884335 -0.139562 0.990048 0.0180762 -0.0391985 -0.109927 -0.0336327 0.993371 -0.465205
1 6 241 0.826181 -0.0604123 0.560157 -0.44835 -0.0548551 -0.998136 -0.0267416 -0.157639 0.560728 -0.00863406 -0.827955 0.879848
1 7 309 -0.521737 0.852689 0.0266769 0.00534184 0.525103 0.296337 0.797779 -0.355011 0.672352 0.430239 -0.60236 0.934847
1 8 251 -0.0428987 -0.978861 -0.199976 0.27535 -0.841371 0.143332 -0.521106 0.280947 0.538753 0.145899 -0.829734 0.919376
1 9 122 0.139589 0.98901 -0.0487343 0.180839 -0.956659 0.121993 -0.264426 0.344435 -0.255574 0.0835331 0.963174 -0.921228
1 10 164 0.891221 0.436399 0.123618 -0.351565 -0.452794 0.84009 0.298708 -0.295547 0.0265055 -0.322188 0.946305 -0.888287
1 11 202 0.354656 0.918475 0.174995 -0.0718648 0.933705 -0.338074 -0.117903 0.106075 -0.0491295 0.205208 -0.977484 0.991758
1 12 102 0.983574 0.174768 -0.0451596 0.130706 -0.176931 0.982983 -0.0493917 0.134108 0.035759 0.0565705 0.997758 -0.982309
1 13 175 0.344735 -0.93704 0.0558049 -0.064579 -0.876861 -0.342675 -0.337178 0.315144 0.335072 0.0673038 -0.939786 0.946844
1 14 84 -0.978171 0.0366328 -0.204548 0.0571457 -0.0750044 -0.980223 0.183129 -0.305668 -0.193794 0.194474 0.961574 -0.950422
1 15 73 0.989365 -0.0259231 0.143123 -0.0620806 0.0365411 0.99673 -0.0720653 -0.129251 -0.140787 0.0765288 0.987078 -0.989667
1 16 290 -0.140433 0.75113 0.645044 -0.299663 0.60826 0.579509 -0.542392 0.166872 -0.781216 0.316185 -0.538265 0.939338
1 17 78 -0.557163 -0.780873 0.282501 -0.175554 0.813715 -0.581261 -0.0018378 -0.17489 0.165642 0.228851 0.959265 -0.968811
1 18 219 0.708592 -0.668203 -0.226718 0.197317 -0.597414 -0.739102 0.311168 -0.0796873 -0.375491 -0.0850463 -0.922916 0.977096
1 19 83 0.976899 0.172279 0.126446 -0.0906751 -0.184831 0.97814 0.0952863 0.00801565 -0.107266 -0.116456 0.987386 0.995848
1 20 224 -0.17561 0.89322 -0.413907 0.179571 0.977952 0.110018 -0.1775 -0.0728298 -0.113009 -0.435952 -0.892846 0.981045
1 21 104 -0.122975 -0.98849 -0.088122 -0.00729994 0.972125 -0.102124 -0.211053 0.139178 0.199624 -0.11162 0.973494 0.99024
1 22 212 -0.409246 0.899334 -0.153999 0.0516697 0.898695 0.368138 -0.238373 0.174959 -0.157684 -0.235951 -0.958886 0.983219
1 23 291 0.886436 -0.386631 -0.254458 0.114404 -0.461064 -0.785872 -0.412098 0.15829 -0.0406414 0.48262 -0.874886 0.980743
1 24 221 -0.623187 -0.621633 0.474563 -0.366564 -0.6549 0.746476 0.117811 -0.118337 -0.427485 -0.237373 -0.872302 0.922837
1 25 191 0.445006 0.895343 -0.0181996 0.460161 -0.895527 0.444944 -0.00757499 0.100774 0.0013156 0.0196692 0.999806 -0.882098
1 26 81 -0.674698 0.715121 0.182712 0.00346387 -0.726656 -0.68698 0.00547543 -0.00646059 0.129435 -0.129075 0.983151 -0.999973
1 27 205 -0.553277 0.815381 -0.170408 0.238112 0.81616 0.489705 -0.306711 0.110484 -0.166637 -0.308776 -0.936424 0.964933
1 28 180 0.974931 -0.222366 0.00794877 0.0980846 -0.222016 -0.969781 0.101158 -0.0859772 -0.0147855 -0.100387 -0.994839 0.991457
1 29 89 0.989698 -0.117493 0.0818178 -0.0777963 0.133611 0.963275 -0.232914 0.251332 -0.0514474 0.241446 0.96905 -0.964769
1 30 84 0.653229 -0.755139 -0.0552908 0.331602 0.707475 0.634751 -0.310758 -0.0448556 0.269761 0.163879 0.94888 0.942352
1 31 93 0.898606 -0.438145 0.0231453 0.0942253 0.438625 0.895794 -0.0718493 -0.0631182 0.0107471 0.0747163 0.997147 -0.993548
1 32 306 -0.638439 0.398217 0.658649 -0.181386 0.320753 0.915558 -0.242632 0.0230438 -0.699652 0.056358 -0.712258 0.983142
1 33 243 0.541083 -0.79768 0.266338 -0.139339 -0.696393 -0.602543 -0.389844 -0.0277128 0.471451 0.0254617 -0.881525 0.989857
1 34 85 -0.406921 -0.912853 0.0333857 -0.0725345 0.900803 -0.394949 0.180467 -0.231906 -0.151555 0.10351 0.983014 -0.97003
1 35 158 0.835869 0.507287 -0.209721 0.263141 -0.54246 0.821838 -0.174123 0.324483 0.0840265 0.259309 0.962132 -0.908553
1 36 90 -0.168935 -0.960012 -0.223242 0.059421 0.974962 -0.195994 0.105051 -0.172689 -0.144605 -0.199906 0.969086 -0.983182
1 37 183 0.917673 -0.354529 0.179405 -0.113242 -0.344687 -0.934915 -0.0844137 0.0955932 0.197656 0.0156255 -0.980147 0.988958
1 38 121 0.102153 0.990664 -0.0902805 0.333072 -0.973888 0.118093 0.1939 -0.188412 0.202751 0.0681156 0.976858 -0.923885
1 39 67 -0.335346 0.912904 0.2327 -0.0254347 -0.934302 -0.353972 0.0422346 -0.121098 0.120925 -0.203249 0.971631 -0.992315
1 40 81 -0.998606 0.0486219 0.0205595 -0.18565 -0.0441403 -0.982675 0.180004 -0.108107 0.0289554 0.178845 0.983451 -0.976651
1 41 405 0.576056 -0.336205 0.745068 -0.9124 0.361735 0.922238 0.136472 -0.234966 -0.733013 0.190902 0.652877 0.335137
1 42 308 0.891004 -0.453244 0.0261002 -0.555503 0.453828 0.890761 -0.0241845 -0.310497 -0.0122876 0.0333935 0.999367 0.771368
1 43 383 0.79822 -0.215461 0.562513 -0.769409 0.214537 0.974293 0.0687539 0.0199643 -0.562866 0.0657989 0.823925 0.638445
1 44 90 -0.993702 0.0865694 0.0711456 -0.394255 -0.108091 -0.907905 -0.404999 0.159983 0.029533 -0.410139 0.911545 -0.904969
1 45 383 -0.786185 0.169391 0.594323 -0.189434 0.264483 0.961403 0.0758512 -0.0523117 -0.558535 0.216821 -0.800642 0.980499
1 46 453 0.732114 -0.289376 0.616661 -0.82013 0.388953 0.920779 -0.029688 -0.0445484 -0.559217 0.261587 0.786669 0.57044
1 47 157 0.917832 -0.392593 0.058784 0.244326 0.395471 0.917141 -0.0495498 0.152484 -0.0344603 0.0687257 0.99704 0.957629
1 48 216 0.946693 -0.283399 0.153159 -0.0948629 0.258336 0.951929 0.164602 -0.251992 -0.192445 -0.116261 0.974396 0.963069
1 49 283 -0.665793 -0.570988 0.480304 -0.249436 -0.546938 0.81134 0.206364 -0.16268 -0.507521 -0.125301 -0.85248 0.954629
1 50 111 0.0586387 0.992729 0.105126 -0.0441811 -0.962383 0.0282304 0.270226 0.00615323 0.265293 -0.117017 0.957041 0.999005
1 51 145 -0.957223 0.197608 0.211365 -0.239673 -0.216071 -0.974012 -0.0679203 0.263119 0.19245 -0.110685 0.975044 -0.934519
1 52 285 -0.477247 -0.686145 0.549036 -0.123488 -0.855943 0.221481 -0.467235 0.267095 0.19899 -0.69293 -0.693002 0.955725
1 53 216 -0.892408 -0.193629 -0.407573 0.23561 -0.161521 0.980477 -0.112142 0.122108 0.42133 -0.0342448 -0.906261 0.964146
1 54 88 0.478213 -0.821063 0.311719 0.0103847 0.834764 0.535238 0.129185 0.254237 -0.272913 0.198434 0.941351 0.967086
1 55 229 -0.207385 -0.884268 0.418403 -0.129771 -0.976912 0.16476 -0.136005 0.192934 0.0513291 -0.436948 -0.898021 0.972592
1 56 70 -0.687399 -0.709412 -0.155619 -0.0821526 0.674245 -0.702971 0.22633 0.2171 -0.269957 0.0506534 0.961539 0.972686
1 57 74 -0.677818 -0.730937 0.0793336 -0.166304 0.731974 -0.660735 0.166262 0.0724058 -0.0691087 0.170766 0.982885 0.983413
1 58 200 -0.426053 -0.878245 -0.217171 -0.0626266 -0.859608 0.318145 0.399822 0.00822093 -0.28205 0.357028 -0.890494 0.998003
1 59 57 0.911996 0.0536618 -0.406674 0.259288 -0.0671229 0.997566 -0.0188963 -0.0390414 0.40467 0.0445305 0.913378 -0.965011
1 60 74 0.207431 -0.970341 0.124138 -0.195948 0.975353 0.214903 0.0500288 0.0411514 -0.0752226 0.110701 0.991003 0.979751
1 61 178 0.101668 0.994626 0.0195577 0.00916275 0.908517 -0.10084 0.405498 -0.24063 0.405291 -0.0234579 -0.913887 0.970574
1 62 113 -0.926542 -0.313759 -0.207544 0.365094 0.273582 -0.940672 0.200722 -0.211281 -0.258209 0.129197 0.957411 -0.906679
1 63 252 0.767989 -0.402259 0.498378 -0.306202 -0.23134 -0.899846 -0.36981 0.279165 0.597223 0.168715 -0.78413 0.910114
1 64 205 -0.951592 -0.264534 0.156508 -0.147021 -0.290927 0.939477 -0.180953 0.199318 -0.0991678 -0.217726 -0.970959 0.968843
1 65 259 0.61265 -0.493125 0.617647 -0.25616 -0.0510386 -0.804535 -0.591708 0.258267 0.788705 0.330986 -0.518066 0.931494
1 66 67 0.455717 0.859471 -0.231584 0.0111619 -0.831 0.504035 0.235348 0.214463 0.319001 0.0851939 0.943918 0.976668
1 67 212 -0.393479 0.916307 0.0745392 0.0021582 0.814908 0.385168 -0.433094 0.266359 -0.425557 -0.109671 -0.898261 0.963871
1 68 112 0.994349 -0.0483651 0.0945025 0.148842 0.0307941 0.983324 0.179238 -0.192075 -0.101595 -0.175315 0.979256 -0.970027
1 69 107 0.98674 -0.134607 -0.0906973 0.167147 0.150057 0.969529 0.193639 -0.19975 0.0618685 -0.204681 0.976871 -0.965485
1 70 95 0.992275 -0.118762 -0.0358622 -0.138266 0.123896 0.963473 0.237424 0.221171 0.00635516 -0.240033 0.970744 0.965384
1 71 327 0.948415 -0.313027 0.0502349 -0.173054 0.311018 0.949386 0.0439846 0.412478 -0.0614606 -0.0260917 0.997768 -0.894379
1 72 133 0.956985 -0.289794 0.0141204 0.0662708 0.286186 0.950836 0.118358 -0.162453 -0.0477258 -0.109226 0.992871 -0.984488
1 73 292 0.873469 -0.477344 -0.0958887 0.780854 0.483325 0.873865 0.0525132 0.113858 0.0587268 -0.0922141 0.994006 0.61425
1 74 317 -0.503393 -0.423897 0.752932 -0.313555 -0.272454 0.904809 0.327246 -0.100244 -0.819978 -0.0404062 -0.570967 0.944264
1 75 424 0.676396 -0.431858 0.596647 -0.837388 0.609957 0.782496 -0.125108 -0.0285872 -0.412845 0.448551 0.792692 0.545861
1 76 453 0.654373 -0.466214 0.595349 -0.81851 0.581958 0.813214 -0.00283207 -0.0126775 -0.482826 0.348321 0.803462 0.574352
1 77 258 0.923791 -0.379317 0.0522405 -0.479152 0.379166 0.925235 0.0131551 -0.359205 -0.0533247 0.00765526 0.998548 0.800865
1 78 103 0.818233 -0.574887 -0.000205183 0.132604 0.572483 0.814843 -0.0910665 0.185234 0.0525202 0.0743961 0.995845 -0.973707
1 79 90 -0.259518 0.96444 -0.0500607 0.255117 -0.964716 -0.25651 0.0593792 0.0788289 0.0444266 0.0637043 0.996979 -0.963691
1 80 207 0.792563 -0.135759 -0.594486 0.303476 0.18094 -0.878639 0.441876 -0.164941 -0.582327 -0.457781 -0.671812 0.938455
1 81 217 -0.337274 -0.932533 0.128953 -0.0489008 -0.922108 0.299652 -0.244798 0.152462 0.189641 -0.201472 -0.960961 0.987099
1 82 87 -0.897443 0.408512 0.166475 -0.180445 -0.430561 -0.893286 -0.129066 -0.0506335 0.0959843 -0.187507 0.977562 -0.982281
1 83 122 -0.962005 -0.149106 -0.22872 0.313441 0.201777 -0.952604 -0.227665 0.233647 -0.183934 -0.265165 0.946497 -0.920415
1 84 218 -0.577534 0.730824 0.363801 -0.281148 0.575321 0.680524 -0.453755 0.167535 -0.57919 -0.0527563 -0.813484 0.944927
1 85 278 -0.763682 -0.374846 0.525623 -0.266386 -0.36342 0.922527 0.129882 -0.0570127 -0.533588 -0.0918337 -0.840744 0.962179
1 86 289 0.811083 -0.446913 0.377377 -0.961258 0.412332 0.894448 0.173048 -0.264865 -0.414881 0.0152489 0.909748 -0.0763469
1 87 204 0.978311 -0.201006 0.0500387 -0.222916 0.203108 0.97829 -0.0411828 0.181431 -0.0406743 0.0504529 0.997898 -0.957806
1 88 499 0.739264 -0.279362 0.612737 -0.961391 0.241613 0.959344 0.145883 -0.230651 -0.628579 0.0401992 0.776706 0.150089
1 89 840 0.918042 -0.123964 0.376606 -0.94548 0.156485 0.98604 -0.0568929 -0.110119 -0.364296 0.111163 0.924625 -0.3065
1 90 824 0.973406 -0.0524764 0.222995 -0.598015 0.115909 0.952438 -0.281828 0.109789 -0.197599 0.30018 0.933192 -0.79393
1 91 486 0.979326 -0.061226 0.192798 -0.335149 0.137259 0.901239 -0.41101 0.524756 -0.148592 0.428976 0.891011 -0.7825
1 92 496 0.962645 -0.0128398 0.270461 -0.417166 0.143805 0.870596 -0.470513 0.80319 -0.229421 0.491831 0.839922 -0.425274
1 93 425 0.987687 -0.0274709 0.154013 -0.218709 0.0879629 0.911624 -0.401503 0.713809 -0.129372 0.410106 0.902815 -0.665314
1 94 742 0.981455 -0.190678 0.0196934 0.0232377 0.180165 0.882468 -0.434501 0.879237 0.0654709 0.429992 0.900456 -0.475817
1 95 931 0.956331 -0.219399 -0.193117 0.557154 0.150494 0.936019 -0.31815 0.627401 0.250564 0.275194 0.928163 -0.54401
1 96 625 0.798187 -0.159906 -0.5808 0.970934 0.13193 0.987122 -0.0904638 0.156577 0.587786 -0.00441816 0.809004 -0.181024
1 97 320 0.980083 -0.0529088 -0.191409 0.522974 0.0383028 0.996121 -0.0792213 0.102954 0.194858 0.070312 0.978308 -0.846108
1 98 154 0.99188 -0.125971 0.0174785 -0.226045 0.127135 0.985718 -0.110441 -0.0547483 -0.00331647 0.111766 0.993729 -0.972577
1 99 104 0.929407 -0.368972 0.00791947 -0.195127 0.368283 0.928632 0.0448272 0.0934309 -0.0238943 -0.0387461 0.998963 -0.976318
1 100 262 -0.368972 -0.763798 -0.529597 0.238587 -0.866902 0.488293 -0.100255 0.0395045 0.335173 0.422117 -0.842304 0.970317
1 101 235 0.585686 -0.796566 0.149847 -0.257029 -0.758999 -0.603862 -0.243457 0.210107 0.284416 0.0288557 -0.958267 0.943287
1 102 272 -0.347615 0.908262 -0.23286 0.108972 0.776914 0.418046 0.470788 -0.19991 0.524945 -0.0172589 -0.850961 0.973736
1 103 80 0.109767 0.966021 -0.233996 0.148024 -0.993701 0.112 -0.0037662 0.10035 0.0225692 0.232935 0.97223 -0.983879
1 104 84 -0.963373 0.257869 0.0735885 -0.101947 -0.267633 -0.941813 -0.203373 -0.0339271 0.0168629 -0.215619 0.976332 0.994211
1 105 140 -0.00154306 0.956547 -0.291575 0.222415 -0.994672 -0.0315232 -0.0981514 -0.12626 -0.103078 0.28987 0.951499 0.966742
1 106 331 -0.434023 0.831 0.34794 -0.310145 0.712712 0.552955 -0.431604 0.184167 -0.551058 0.060655 -0.83226 0.93268
1 107 83 0.873501 -0.059941 0.483118 0.16058 0.101626 0.992979 -0.0605454 0.113624 -0.476097 0.101984 0.873459 0.980461
1 108 128 -0.862975 -0.476455 0.168124 0.0469814 0.499294 -0.85514 0.139434 -0.248395 0.0773351 0.204271 0.975855 -0.967519
1 109 116 -0.84044 -0.211347 0.498993 -0.34909 0.214181 -0.975388 -0.0523847 0.310066 0.497783 0.0628484 0.865022 -0.884305
1 110 241 0.399291 -0.913458 0.0784944 0.0317972 -0.891806 -0.406834 -0.19791 0.180097 0.212716 0.00902192 -0.977072 0.983135
1 111 126 -0.934713 0.00969623 0.355272 -0.312504 0.0439503 -0.988801 0.142619 -0.211386 0.352676 0.148922 0.923819 -0.926098
1 112 218 -0.820884 0.435665 0.369248 0.0169017 0.567201 0.697321 0.438208 -0.299269 -0.0665724 0.569156 -0.81953 0.954019
1 113 113 -0.87582 -0.478771 0.0609817 -0.242747 0.480151 -0.877134 0.00950257 -0.10319 0.0489396 0.037603 0.998094 -0.964586
1 114 317 0.0464967 -0.791026 -0.610014 0.321352 -0.797987 0.337924 -0.499022 0.183391 0.600878 0.509986 -0.615516 0.929032
1 115 205 0.769457 -0.633611 0.0804497 0.047423 -0.638589 -0.760872 0.115229 -0.0796261 -0.0117984 -0.140038 -0.990076 0.995696
1 116 97 -0.832364 0.544362 0.104116 0.148178 -0.554213 -0.816069 -0.163948 0.170089 -0.00428135 -0.194167 0.980959 -0.974224
1 117 193 0.522928 -0.852263 0.013969 -0.016096 -0.786078 -0.475852 0.394522 -0.266297 -0.329589 -0.217287 -0.918781 0.963757
1 118 96 -0.933771 -0.356207 -0.0344851 0.155567 0.355621 -0.93437 0.0220382 0.0782263 -0.040072 0.00831503 0.999162 -0.984723
1 119 85 -0.455096 -0.875992 0.15977 0.0642324 0.889793 -0.454238 0.044013 0.0473264 0.0340187 0.162192 0.986173 -0.996812
1 120 255 0.780595 -0.565089 -0.267106 0.795601 0.57264 0.817842 -0.0567328 -0.0980419 0.25051 -0.10867 0.961996 -0.597835
1 121 189 0.0648948 0.95431 0.291688 -0.0769759 0.926156 -0.166424 0.338435 -0.02133 0.371515 0.248186 -0.89464 0.996805
1 122 124 0.844278 0.535222 -0.0270619 0.0672325 -0.534201 0.836494 -0.122098 0.187389 -0.0427123 0.117541 0.992149 -0.979982
1 123 163 0.0599559 0.989547 -0.131153 0.127137 -0.990595 0.0751724 0.11433 -0.250385 0.122994 0.123065 0.984747 -0.959762
1 124 239 -0.406137 0.8797 0.247346 -0.219202 0.913492 0.398001 0.0844231 -0.176448 -0.0241768 0.260236 -0.965242 0.959592
1 125 340 0.639793 -0.590384 0.492048 -0.826216 0.677264 0.735737 0.00215053 -0.560476 -0.363287 0.331871 0.870565 0.0568631
1 126 413 0.154782 -0.439799 0.884658 -0.608526 0.159355 0.894838 0.416979 -0.483629 -0.975012 0.0764335 0.208589 0.629126
1 127 145 0.999586 0.00521852 -0.0282792 0.0952276 -0.00693184 0.998124 -0.0608309 0.0197702 0.0279087 0.0610018 0.997747 -0.995259
1 128 444 0.912877 0.0404979 0.40622 -0.758354 0.0841342 0.955042 -0.284283 0.639424 -0.39947 0.293692 0.868429 0.126636
1 129 210 0.996476 -0.0364846 0.0755272 -0.396963 0.0217761 0.982097 0.187112 0.173157 -0.0810018 -0.184808 0.979431 -0.901353
1 130 221 0.277524 0.950965 -0.136554 0.160143 0.947938 -0.247945 0.199841 -0.151305 0.156184 -0.184905 -0.970266 0.975429
1 131 207 0.87058 -0.278235 -0.405802 0.319629 -0.178083 -0.947023 0.267272 -0.198054 -0.458668 -0.160416 -0.874008 0.926613
1 132 94 -0.815083 0.483514 -0.319146 0.0884416 -0.551746 -0.815851 0.173098 0.161017 -0.17668 0.317177 0.931763 0.982981
1 133 104 -0.697413 -0.67803 0.232145 -0.31625 0.649179 -0.734903 -0.196172 0.0345518 0.303614 0.0138909 0.952694 -0.948046
1 134 105 -0.475787 -0.855503 0.204306 -0.252322 0.873717 -0.48643 -0.00215249 -0.0679979 0.101222 0.177482 0.978905 -0.965251
1 135 232 0.773534 -0.618396 -0.138681 0.0908761 -0.58079 -0.779281 0.235382 -0.175158 -0.25363 -0.101531 -0.961958 0.980337
1 136 220 -0.512665 -0.808621 0.288629 -0.201826 -0.842232 0.538936 0.0138991 0.0936476 -0.166791 -0.235967 -0.95734 0.974934
1 137 355 0.011153 -0.509201 -0.860575 0.600641 -0.38231 0.79307 -0.474213 0.446661 0.923967 0.334296 -0.185828 0.663117
1 138 387 -0.189201 -0.0840395 0.978335 -0.591564 -0.223576 0.973848 0.0404164 0.129262 -0.956147 -0.211086 -0.203042 0.795829
1 139 164 0.973942 -0.171422 -0.148498 -0.415342 0.184769 0.979421 0.0812116 0.0901372 0.13152 -0.106533 0.985572 0.905189
1 140 501 0.997267 -0.0712292 0.0196284 -0.878337 0.0703681 0.996656 0.0415355 -0.208911 -0.0225213 -0.0400408 0.998944 0.429976
1 141 636 0.828236 -0.130053 0.54508 -0.887486 -0.0229414 0.964012 0.264868 -0.168222 -0.55991 -0.231878 0.795445 0.429034
1 142 547 0.836674 -0.113324 0.535849 -0.874871 0.205106 0.971997 -0.11469 0.130044 -0.507846 0.205864 0.836488 0.466571
1 143 446 0.415739 -0.0138822 0.909378 -0.749171 0.214405 0.973198 -0.0831629 0.0817763 -0.88385 0.229549 0.407573 0.657309
1 144 80 -0.994686 0.0077849 -0.10266 -0.00270471 -0.0128149 -0.998744 0.0484282 -0.0777112 -0.102154 0.0494864 0.993537 -0.996972
1 145 195 -0.812545 0.581549 -0.0396423 -0.0445326 0.5736 0.785634 -0.231865 0.0810148 -0.103697 -0.21114 -0.97194 0.995718
1 146 101 -0.913787 0.0372713 0.404481 -0.31227 0.021301 -0.990014 0.139348 -0.273047 0.405636 0.13595 0.903868 -0.909908
1 147 114 -0.489347 0.830585 0.265832 0.117634 -0.857611 -0.513634 0.0261322 0.1999 0.158245 -0.215193 0.963665 -0.972729
1 148 110 -0.879159 -0.442722 0.176286 -0.0336193 0.452767 -0.89142 0.0193046 0.0963433 0.148598 0.0967884 0.98415 -0.99478
1 149 202 0.780663 0.5186 -0.34874 0.255237 0.624717 -0.632253 0.458241 -0.139259 0.0171522 -0.575595 -0.817555 0.956797
1 150 266 0.735011 -0.447844 0.509112 -0.28336 -0.668615 -0.603557 0.434365 -0.32437 0.112751 -0.659662 -0.743056 0.902492
1 151 113 -0.827923 -0.504306 0.245393 -0.263162 0.502433 -0.861355 -0.0750261 0.284295 0.249207 0.0611777 0.966516 -0.921912
1 152 286 0.777696 0.348096 0.523468 -0.144095 0.105123 -0.892984 0.43764 -0.245276 0.619789 -0.285322 -0.731063 0.958685
1 153 120 -0.737432 0.608872 -0.29235 0.271638 -0.604336 -0.788098 -0.11696 0.293802 -0.301614 0.0904275 0.949132 -0.916457
1 154 200 0.333604 0.878152 -0.342866 0.34747 0.925991 -0.237046 0.293852 -0.0261962 0.176772 -0.415522 -0.892241 0.937325
1 155 237 -0.598601 -0.723435 0.343975 -0.132681 -0.628489 0.69039 0.358278 -0.275999 -0.496667 -0.00171879 -0.867939 0.951956
1 156 229 -0.0296602 -0.987293 -0.156116 0.300901 -0.916034 0.0893499 -0.391023 0.2598 0.400003 0.131409 -0.907044 0.917585
1 157 179 -0.989021 0.0794181 0.124617 0.393499 -0.0831547 -0.996221 -0.0250672 0.204704 0.122155 -0.0351545 0.991888 -0.896245
1 158 268 -0.732528 -0.612188 0.297706 0.0276288 -0.67916 0.686992 -0.258426 0.171242 -0.0463162 -0.391494 -0.919014 0.984842
1 159 199 -0.849829 -0.490392 -0.193149 0.296365 -0.374512 0.819708 -0.433382 0.264492 0.370853 -0.295964 -0.880269 0.917721
1 160 72 -0.012058 0.978376 0.206484 -0.112787 -0.995166 -0.0318702 0.0928949 -0.055411 0.0974669 -0.204366 0.97403 -0.992073
2 3 1300 0.977658 0.0829536 -0.193142 0.987514 -0.074871 0.995999 0.0487904 -0.0396929 0.196417 -0.0332395 0.979957 0.152448
2 4 500 0.801068 0.172205 -0.573267 0.935684 -0.15287 0.98482 0.0822161 0.0119012 0.578723 0.0217747 0.815233 0.352639
2 5 453 -0.187209 -0.168449 0.967769 -0.549006 0.109863 0.975416 0.191032 -0.107783 -0.976157 0.142085 -0.1641 0.82884
2 6 330 0.90245 0.259231 -0.344069 0.650552 -0.260056 0.964562 0.0446323 -0.248958 0.343446 0.0491987 0.937883 0.717497
