0 1 366 0.970166 0.0757881 -0.230289 0.934456 -0.0762271 0.997066 0.0070031 0.209777 0.230145 0.0107601 0.973097 -0.287724
0 2 182 0.878072 0.172831 -0.446228 0.993682 -0.17632 0.983743 0.0340625 0.0128061 0.444861 0.0487696 0.894271 -0.111498
0 3 76 0.988634 0.119583 0.091118 0.17123 -0.125647 0.990009 0.0639967 0.0423515 -0.0825547 -0.0747181 0.993782 -0.98432
0 4 107 -0.711085 -0.680882 0.175379 0.0274474 -0.696257 0.716632 -0.0408053 0.0196179 -0.0978986 -0.151125 -0.983655 0.999431
0 5 144 0.967717 0.0708261 -0.241882 0.126513 0.22243 -0.691307 0.687473 -0.45169 -0.118523 -0.719082 -0.684744 0.883159
0 6 154 0.851464 0.517845 -0.0827344 0.230645 0.105281 -0.0142457 0.99434 -0.69016 0.513736 -0.855356 -0.0666491 0.685917
0 7 72 0.319045 0.945734 0.0616192 0.147269 0.911294 -0.288271 -0.294011 0.177775 -0.260293 0.149956 -0.953814 0.972989
0 8 49 0.096453 0.986353 0.133437 0.166191 -0.9944 0.089675 0.055919 0.232136 0.0431899 -0.138083 0.989479 -0.958381
0 9 36 -0.19831 0.856907 0.475798 -0.304926 -0.968503 -0.0967384 -0.229442 -0.190221 -0.150583 -0.506313 0.849101 -0.933186
0 10 41 -0.133284 -0.972134 -0.192852 0.0637846 0.903465 -0.0391868 -0.426868 0.388352 0.407415 -0.231129 0.883511 -0.919301
0 11 44 -0.765728 -0.523644 -0.373441 -0.0163126 0.444151 -0.850472 0.281828 -0.362774 -0.465178 0.049939 0.883807 -0.931734
0 12 41 0.638327 -0.760051 -0.121902 0.303496 0.769002 0.636697 0.0570345 0.0438405 0.0342656 -0.13015 0.990902 0.951824
0 13 82 -0.117132 -0.894156 -0.432163 0.106008 -0.923673 0.257949 -0.283355 0.127887 0.36484 0.365988 -0.856122 0.986107
0 14 48 -0.138033 0.987787 -0.0722702 0.299361 -0.867034 -0.155785 -0.473269 0.386992 -0.478748 -0.00266616 0.877949 -0.872135
0 15 137 0.813156 -0.22961 0.534842 -0.300771 -0.499513 -0.746976 0.438763 -0.295215 0.29877 -0.623944 -0.722102 0.906854
0 16 47 0.875957 -0.345531 0.336611 0.0491677 0.355433 0.934087 0.0339013 -0.177391 -0.326138 0.0899467 0.941033 0.982911
0 17 110 -0.014972 0.99818 0.0584135 -0.00649184 0.911691 0.0376182 -0.40915 0.231679 -0.410603 0.0471293 -0.910596 0.972771
0 18 87 0.301324 0.92963 0.212114 -0.079094 0.847292 -0.363084 0.387642 -0.222903 0.437379 0.0629162 -0.897074 0.971627
0 19 47 -0.783571 0.615343 -0.0858479 0.319938 -0.61727 -0.786735 -0.00509236 -0.0300813 -0.0706731 0.0490011 0.996295 -0.946961
0 20 64 -0.933833 -0.321287 -0.157257 0.124106 0.357707 -0.84017 -0.407628 0.219946 -0.00115695 -0.436909 0.899505 0.967585
0 21 127 0.323216 0.301439 -0.897032 0.768904 -0.0140175 0.949332 0.313963 -0.125276 0.946221 -0.0889038 0.311065 0.626971
0 22 95 0.713607 0.69917 -0.0438808 0.114318 0.593685 -0.636818 -0.491935 0.155991 -0.37189 0.324997 -0.869526 0.981121
0 23 34 -0.940252 -0.32222 -0.110001 0.0986793 0.334975 -0.933301 -0.129385 0.0958184 -0.0609735 -0.158502 0.985474 -0.990495
0 24 125 0.0197401 0.870937 0.490998 -0.0606607 0.939033 -0.184756 0.289969 -0.087896 0.34326 0.45534 -0.821486 0.994281
0 25 110 0.949697 -0.0427277 0.310243 0.0310321 -0.148374 -0.933798 0.325586 -0.148507 0.275793 -0.35524 -0.893165 0.988424
0 26 54 -0.751951 0.461164 0.47106 -0.490843 -0.500035 -0.864658 0.0482888 -0.0846543 0.429575 -0.199236 0.880778 -0.867126
0 27 50 0.357379 -0.898946 -0.253329 0.224351 0.887443 0.411384 -0.207867 0.291366 0.291077 -0.150528 0.944783 -0.929931
0 28 99 -0.879297 -0.362834 -0.308526 0.0269624 -0.476271 0.667509 0.572361 -0.339586 -0.0017279 0.650218 -0.759746 0.940188
0 29 35 -0.787932 -0.615456 -0.0194199 -0.228181 0.601024 -0.761831 -0.241626 0.00300009 0.133916 -0.202057 0.970175 -0.973614
0 30 42 -0.673675 0.726314 -0.136495 0.0873879 -0.705932 -0.687087 -0.171963 0.28339 -0.218683 -0.0194908 0.975601 0.955015
0 31 126 0.760058 -0.627508 -0.168953 0.0478923 -0.427365 -0.678507 0.597483 -0.400518 -0.489561 -0.381918 -0.78388 0.915036
0 32 130 -0.881377 0.323106 -0.34464 0.243945 0.348302 0.937306 -0.0120024 -0.0826987 0.319155 -0.130617 -0.938658 0.966256
0 33 120 -0.287969 -0.181203 0.94034 -0.144998 0.351584 0.893359 0.279819 -0.156027 -0.890765 0.411188 -0.193552 0.977052
0 34 121 -0.419608 0.735044 -0.532578 0.458131 0.291226 0.66473 0.687984 -0.287746 0.859719 0.133583 -0.49299 0.841022
0 35 40 0.864917 0.446389 0.229468 -0.250971 -0.499291 0.718522 0.484184 -0.19915 0.051256 -0.53335 0.84434 -0.947287
0 36 59 0.928658 -0.370567 0.0165944 0.256262 0.367335 0.924937 0.0977576 0.0286163 -0.0515744 -0.0846876 0.995072 -0.966184
0 37 60 0.967811 -0.251638 -0.00445137 -0.217636 0.251642 0.967225 0.0339536 0.208805 -0.00423854 -0.0339808 0.999413 -0.953433
0 38 89 0.980598 0.124101 0.151743 -0.404004 -0.171858 0.916616 0.360944 -0.352602 -0.0942964 -0.38002 0.920159 -0.844069
0 39 158 -0.625351 0.328413 0.707871 -0.256915 0.411841 0.909403 -0.0580814 0.0493953 -0.662814 0.255209 -0.70395 0.965171
0 40 64 0.967695 -0.246068 -0.0549321 0.195523 0.242945 0.968317 -0.0577962 0.218263 0.0674135 0.0425836 0.996816 -0.956103
0 41 147 -0.42296 0.0889857 0.901768 -0.300701 0.55026 0.815892 0.177579 -0.125362 -0.719943 0.571317 -0.394055 0.945443
0 42 113 0.929977 -0.261668 -0.25821 0.532872 0.244232 0.964749 -0.0980347 0.11608 0.27476 0.028107 0.961102 0.838196
0 43 109 -0.338151 0.836308 0.431558 -0.146293 0.86712 0.455091 -0.202473 0.297785 -0.365728 0.305746 -0.879069 0.943357
0 44 109 -0.60097 -0.649383 -0.46598 0.291953 -0.773853 0.326879 0.542496 -0.366348 -0.199969 0.686623 -0.698971 0.883489
0 45 199 0.772182 -0.263497 0.578191 -0.849544 0.321769 0.946817 0.0017633 0.039538 -0.547906 0.184682 0.815899 0.526034
0 46 186 0.75494 -0.192351 0.62695 -0.869796 0.324164 0.940509 -0.101789 0.142278 -0.570072 0.28008 0.772381 0.472453
0 47 43 0.960561 -0.259085 0.100983 -0.0523194 0.257548 0.965854 0.0281996 -0.118221 -0.104841 -0.0010796 0.994488 -0.991608
0 48 67 0.836295 -0.540412 -0.0925536 0.276987 0.511828 0.830014 -0.221607 0.248077 0.19658 0.137957 0.970734 -0.928297
0 49 57 0.991089 -0.0841092 0.10329 -0.109731 0.0747025 0.992972 0.091793 0.197943 -0.110284 -0.0832591 0.990407 -0.974052
0 50 51 0.9711 -0.000547176 -0.238671 0.208535 5.04766e-05 0.999998 -0.00208721 0.0614413 0.238672 0.00201484 0.971098 -0.976083
0 51 36 0.074789 -0.997007 0.0196053 -0.103055 0.99239 0.0763425 0.0966133 0.102397 -0.0978208 0.0122305 0.995129 -0.989391
0 52 83 -0.180044 0.983646 0.00491308 0.0400224 0.971634 0.177062 0.156768 0.00387143 0.153334 0.0329988 -0.987623 0.999191
0 53 126 -0.961307 0.260446 0.0897546 0.164832 0.0467236 0.475244 -0.878613 0.25706 -0.271486 -0.840423 -0.469024 0.952234
0 54 28 0.984135 0.173687 -0.0362001 0.0510096 -0.155428 0.942402 0.296177 -0.180002 0.0855573 -0.285852 0.954447 -0.982343
0 55 97 0.497883 0.750568 0.434465 -0.133732 0.661779 -0.00503281 -0.749682 0.252684 -0.560501 0.660774 -0.499216 0.958262
0 56 89 0.598038 -0.759725 -0.25528 -0.109375 0.742557 0.645081 -0.180219 0.371045 0.301593 -0.0817816 0.949923 0.922151
0 57 51 -0.146001 0.963688 0.223585 0.00475247 -0.982338 -0.16796 0.0824672 -0.252081 0.117026 -0.207595 0.97119 -0.967694
0 58 30 -0.615303 -0.782832 -0.0926082 0.176473 0.768577 -0.569653 -0.291178 -0.0331192 0.175189 -0.250339 0.952176 -0.983748
0 59 64 0.128919 0.860341 0.493147 -0.468243 -0.969712 0.213409 -0.118809 0.292638 -0.207458 -0.462893 0.861795 -0.833733
0 60 88 0.919988 -0.348711 0.178949 -0.470493 0.379789 0.905949 -0.187128 0.338139 -0.0968654 0.240118 0.965899 -0.815045
0 61 48 0.602679 0.76836 0.215409 -0.157338 -0.795807 0.558798 0.233316 0.0136207 0.0589004 -0.312038 0.948242 0.987451
0 62 24 -0.376593 -0.917488 -0.128038 0.00410293 0.906686 -0.393397 0.152183 0.021087 -0.189996 -0.0587788 0.980024 0.999769
0 63 80 -0.494067 -0.853788 0.164146 -0.100838 -0.857002 0.446449 -0.257355 0.139114 0.146444 -0.267824 -0.952273 0.985129
0 64 94 0.79747 -0.512284 -0.318759 0.117956 -0.561322 -0.823665 -0.080585 0.171322 -0.221268 0.24319 -0.944404 0.978128
0 65 41 -0.672408 -0.739236 0.037396 -0.13216 0.739659 -0.669178 0.0714538 0.0937989 -0.0277967 0.0757064 0.996743 0.98678
0 66 94 -0.914182 -0.393261 0.0980674 -0.168243 -0.34299 0.879553 0.329765 -0.0189633 -0.215939 0.267829 -0.938956 0.985563
0 67 74 0.331615 -0.933348 -0.13745 0.0476494 -0.85803 -0.237815 -0.455224 0.255519 0.392195 0.268895 -0.879704 0.965629
0 68 78 0.961187 -0.228194 -0.155071 0.120071 0.218188 0.972706 -0.0789733 0.206573 0.16886 0.0420734 0.984742 0.971036
0 69 46 0.535665 0.784264 -0.31304 -0.211304 -0.718741 0.618039 0.318495 0.0571144 0.443255 0.0543883 0.894744 0.97575
0 70 79 0.476227 0.875504 0.0818613 -0.00934812 -0.865353 0.483154 -0.13314 0.386496 -0.156116 -0.00743394 0.987711 0.922244
0 71 128 0.797944 0.573857 -0.18432 0.227709 0.343974 -0.182444 0.921084 -0.697222 0.494942 -0.798375 -0.342972 0.679728
0 72 50 -0.312391 -0.947802 0.0639019 0.0163226 0.949706 -0.310067 0.0437785 -0.217483 -0.0216795 0.074364 0.996995 -0.975928
0 73 49 0.909002 -0.416047 0.0249041 -0.138848 0.41243 0.906505 0.0902803 0.0846305 -0.0601365 -0.0717938 0.995605 -0.986691
0 74 49 0.924883 -0.37734 -0.0469726 0.0218597 0.380049 0.921351 0.0816994 -0.064956 0.0124498 -0.0934143 0.995549 -0.997649
0 75 162 0.814514 -0.309299 0.490816 -0.809064 0.493381 0.814369 -0.305579 0.4802 -0.305191 0.491058 0.815917 0.338856
0 76 181 0.589867 -0.179206 0.787364 -0.767819 0.523742 0.827058 -0.20413 0.222053 -0.614615 0.532785 0.581712 0.600955
0 77 136 -0.77583 -0.250433 -0.579112 0.215224 -0.289287 0.956883 -0.0262417 0.00496816 0.560714 0.147171 -0.814825 0.976552
0 78 43 0.966574 -0.256152 -0.0109716 -0.0340262 0.256387 0.965664 0.041933 -0.233591 -0.000146372 -0.0433443 0.99906 0.971739
0 79 36 -0.956128 -0.273154 0.105861 -0.00223965 0.268478 -0.961631 -0.0564355 -0.153972 0.117215 -0.0255381 0.992778 -0.988073
0 80 31 0.822361 -0.567464 -0.0413238 0.0354004 0.566817 0.810783 0.146118 0.0213884 -0.0494121 -0.143585 0.988404 -0.999144
0 81 27 0.952465 0.224981 0.205411 0.113409 -0.241242 0.968757 0.0575571 -0.0748793 -0.186044 -0.104375 0.976982 -0.990723
0 82 65 -0.899786 0.42141 -0.113129 0.373528 -0.401998 -0.901449 -0.160586 0.112291 -0.169653 -0.0990155 0.980517 -0.920797
0 83 100 -0.834011 0.253938 0.489837 -0.355096 0.445568 0.833588 0.326495 -0.271013 -0.325413 0.490557 -0.808369 0.894684
0 84 38 -0.904465 0.425006 -0.0362386 0.095813 -0.419786 -0.901976 -0.101087 0.000422888 -0.0756489 -0.076217 0.994217 -0.995399
0 85 156 0.557909 -0.542292 0.628217 -0.897897 0.486693 0.826938 0.281609 -0.364931 -0.672211 0.148637 0.725286 0.246184
0 86 164 0.739789 -0.394851 0.544798 -0.981101 0.327287 0.91863 0.221365 -0.193398 -0.587874 0.0145422 0.808822 0.00621544
0 87 159 0.690529 -0.270104 0.67098 -0.998558 0.296509 0.951838 0.0780172 0.0186534 -0.659737 0.145078 0.73736 0.0503355
0 88 203 0.944254 -0.216477 0.248035 -0.766233 0.211418 0.976256 0.0471874 0.0487713 -0.252361 0.00788224 0.967601 -0.640709
0 89 219 0.993395 -0.0493054 0.103612 -0.236901 0.0562994 0.99625 -0.0656983 0.142989 -0.0999838 0.0710976 0.992446 -0.960954
0 90 177 0.999537 0.0217979 -0.0212091 0.0476944 -0.0268939 0.959127 -0.281696 0.311931 0.0142018 0.282136 0.959269 -0.948907
0 91 152 0.999162 0.027686 0.0301564 0.0662064 -0.00971726 0.875975 -0.482258 0.723703 -0.0397681 0.48156 0.87551 -0.686928
0 92 84 0.856021 0.509034 -0.0900725 0.44458 -0.516177 0.832207 -0.202465 0.0852685 -0.0281026 0.219808 0.975138 -0.891671
0 93 144 0.999552 0.0251749 0.0161856 0.056218 -0.0122134 0.836823 -0.547337 0.889507 -0.0273236 0.546895 0.836756 -0.453449
0 94 154 0.979393 -0.117371 -0.164358 0.335756 0.0376792 0.905696 -0.42225 0.811289 0.198418 0.407356 0.891455 -0.478622
0 95 160 0.925448 -0.136798 -0.353315 0.628125 -0.0385996 0.893646 -0.44711 0.734814 0.376903 0.427415 0.821742 -0.255944
0 96 112 0.918177 0.371618 -0.137295 0.161976 0.395282 -0.882533 0.25473 -0.232413 -0.0265056 -0.288158 -0.957216 0.959035
0 97 39 0.0392606 -0.99902 -0.0204436 -0.206299 0.995284 0.0409136 -0.0879545 0.00427853 0.0887047 -0.016894 0.995915 -0.97848
0 98 40 -0.326325 -0.914199 -0.240316 -0.132752 0.933361 -0.271421 -0.23488 0.202973 0.1495 -0.300949 0.941849 -0.970144
0 99 78 0.255186 -0.812037 -0.524857 0.457192 0.966399 0.196873 0.165271 -0.32201 -0.030876 -0.549396 0.834991 -0.829026
0 100 85 0.184214 0.809069 0.558097 -0.350615 0.885142 -0.383411 0.263665 -0.275076 0.427303 0.445425 -0.786771 0.895211
0 101 63 -0.239502 0.970458 -0.0291406 0.342178 -0.919248 -0.236319 -0.314859 0.329065 -0.312444 -0.0486221 0.948691 -0.880131
0 102 42 0.601787 0.798459 -0.0177555 -0.1198 -0.798652 0.601562 -0.0166772 0.165975 -0.00263509 0.0242166 0.999703 -0.978826
0 103 46 0.988521 0.105161 -0.108478 -0.190498 -0.111682 0.992172 -0.0558826 0.12742 0.101752 0.0673562 0.992527 -0.973383
0 104 33 0.506158 0.846339 0.165875 0.0529086 -0.844564 0.525369 -0.103434 0.262939 -0.174686 -0.0877379 0.980707 -0.963361
0 105 85 0.731248 0.46892 0.49537 -0.179523 0.526811 -0.849568 0.0265462 -0.172201 0.433298 0.241554 -0.868277 0.968565
0 106 57 -0.586905 -0.80026 -0.122993 0.314422 0.794167 -0.539424 -0.279858 0.332944 0.157614 -0.261927 0.95213 -0.888981
0 107 108 -0.752348 -0.387971 0.532401 -0.366229 -0.407371 0.909125 0.0868325 0.0673853 -0.517708 -0.151557 -0.842027 0.928082
0 108 99 -0.82433 -0.33732 0.454638 -0.282666 -0.452518 0.875178 -0.171146 0.112929 -0.340158 -0.346813 -0.874078 0.952548
0 109 31 0.801471 -0.582245 -0.13651 -0.131614 0.518455 0.790251 -0.326662 -0.106374 0.298074 0.191035 0.935231 0.985577
0 110 104 0.662229 -0.650252 -0.372323 0.300247 0.604544 0.757236 -0.247226 0.229296 0.442695 -0.0613656 0.89457 0.925891
0 111 89 -0.640667 -0.63732 0.428216 -0.30847 -0.67719 0.731864 0.0760804 -0.104334 -0.361884 -0.241241 -0.900468 0.945495
0 112 123 0.938598 0.294082 0.180414 -0.0204241 0.341482 -0.717239 -0.607419 0.254802 -0.0492309 0.631731 -0.773623 0.966778
0 113 57 0.019521 0.945772 0.324244 -0.43529 -0.98841 0.067088 -0.136179 0.109465 -0.150547 -0.317828 0.93612 -0.893611
0 114 91 -0.556347 0.747432 -0.363074 0.188149 0.803779 0.594887 -0.00700132 -0.0623944 0.210755 -0.295726 -0.931734 0.980156
0 115 45 -0.634444 -0.550802 -0.542308 0.0414971 0.769252 -0.518642 -0.373178 -0.278541 -0.0757164 -0.653932 0.752755 0.959527
0 116 49 0.0374959 0.990354 0.133387 0.175765 -0.987734 0.056977 -0.145377 0.152297 -0.151575 -0.1263 0.980343 -0.97258
0 117 79 -0.712939 0.476866 0.514118 -0.458249 0.688154 0.616701 0.382262 -0.200955 -0.13477 0.626321 -0.767827 0.865809
0 118 35 0.376631 -0.926247 -0.0146542 -0.229576 0.878191 0.362036 -0.312588 0.172652 0.294839 0.104861 0.949776 -0.957855
0 119 44 0.953426 -0.216653 0.209857 -0.195782 0.182585 0.968349 0.170184 -0.207608 -0.240085 -0.123941 0.962807 0.95842
0 120 39 -0.52011 -0.848234 -0.0999225 0.00814755 0.852442 -0.522821 0.00111681 -0.0193913 -0.0531889 -0.0845972 0.994995 -0.999779
0 121 62 0.739744 -0.665171 -0.101615 0.31406 0.668042 0.744086 -0.00752665 0.247989 0.0806165 -0.062315 0.994795 -0.916443
0 122 103 0.513115 -0.84347 0.15897 -0.0348153 -0.844601 -0.463196 0.268513 -0.0898339 -0.152849 -0.272044 -0.950068 0.995348
0 123 85 0.711551 0.679326 0.179475 -0.0674893 0.691632 -0.7222 -0.00848029 -0.21028 0.123856 0.130165 -0.983726 0.975309
0 124 30 0.827186 -0.559146 -0.0558513 0.106586 0.517803 0.797065 -0.310752 0.193112 0.218273 0.22813 0.948849 -0.97537
0 125 43 0.857758 -0.503654 0.102875 -0.181535 0.513787 0.833539 -0.203064 0.126319 0.0165232 0.227036 0.973746 -0.975238
0 126 123 0.925964 -0.326182 -0.190253 0.536914 0.314419 0.945016 -0.0899176 -0.13776 0.209122 0.0234412 0.977609 -0.832313
0 127 102 0.509573 -0.813562 0.280094 -0.391081 -0.672357 -0.579634 -0.460391 0.0835902 0.536908 0.0462795 -0.84237 0.916553
0 128 107 0.993712 0.0597746 -0.0946763 0.173048 -0.0377445 0.974914 0.219357 -0.389824 0.105413 -0.214404 0.97104 -0.904484
0 129 149 0.961772 0.0621359 0.266707 -0.693717 -0.0774614 0.995872 0.0473209 0.660538 -0.262666 -0.0661714 0.962615 -0.287134
0 130 80 0.963771 -0.0175041 -0.266157 0.338457 0.0458779 0.993852 0.100765 0.258127 0.262757 -0.109325 0.958648 -0.904885
0 131 152 0.759011 -0.488004 0.430992 -0.693376 -0.121285 0.544404 0.830009 -0.718917 -0.639681 -0.682259 0.354021 0.0488674
0 132 76 0.98015 -0.0545925 -0.190591 0.384108 0.0659604 0.99637 0.0538161 0.262434 0.186961 -0.0653193 0.980193 -0.885206
0 133 75 0.942519 -0.178916 -0.282217 0.456894 0.232383 0.957858 0.168837 -0.0622173 0.240117 -0.224714 0.944377 -0.887342
0 134 97 0.712975 -0.688508 -0.132752 0.429485 0.701153 0.701967 0.125005 -0.320904 0.00712057 -0.182205 0.983235 -0.844135
0 135 53 0.436875 -0.878856 0.191708 -0.334033 0.894158 0.401051 -0.199098 0.290751 0.098094 0.258398 0.961045 -0.896597
0 136 123 0.79906 -0.445797 0.403446 -0.236231 -0.129437 -0.782822 -0.608635 0.248944 0.587154 0.434115 -0.683224 0.939267
0 137 135 -0.273825 -0.72921 -0.627115 0.389546 -0.866569 0.469916 -0.168038 0.242322 0.417226 0.497425 -0.760586 0.888557
0 138 89 0.999996 -0.00146027 0.00239121 -0.21788 0.000595669 0.944738 0.327826 -0.379429 -0.00273778 -0.327823 0.944735 -0.899201
0 139 127 0.993992 0.0392398 -0.10218 -0.346413 -0.0168848 0.977326 0.211066 -0.491473 0.108145 -0.208073 0.972116 -0.799032
0 140 225 0.997612 -0.0124202 0.0679398 -0.736913 -0.0042754 0.970705 0.240235 -0.667333 -0.0689333 -0.239952 0.968334 -0.107825
0 141 320 0.992683 -0.035765 0.11533 -0.977706 0.0189482 0.989434 0.14374 0.195241 -0.119252 -0.140503 0.982872 -0.0772832
0 142 218 0.951368 -0.0585963 0.302432 -0.906446 0.092634 0.990721 -0.0994483 0.395476 -0.293798 0.122627 0.947969 0.148174
0 143 78 0.985265 -0.169595 0.0221495 0.0387424 0.167732 0.983428 0.0688116 0.0159454 -0.0334526 -0.0640825 0.997384 -0.999122
0 144 69 0.991163 -0.131911 0.0139666 -0.146085 0.131077 0.990136 0.0494907 0.370323 -0.0203572 -0.0472227 0.998677 -0.917344
0 145 86 -0.615241 -0.73708 -0.279629 0.106509 -0.75827 0.456265 0.46567 -0.31613 -0.21565 0.498533 -0.839619 0.942718
0 146 66 -0.927136 0.214554 0.307223 -0.365418 -0.213711 -0.976203 0.0368108 -0.335303 0.30781 -0.0315282 0.950925 -0.868356
0 147 115 -0.0750882 -0.329992 0.940992 -0.420898 -0.070658 0.943045 0.325074 -0.135745 -0.99467 -0.0420795 -0.0941281 0.896894
0 148 98 -0.762363 0.405519 -0.504338 0.422539 0.499528 0.864202 -0.0602186 0.055973 0.411431 -0.297839 -0.861404 0.904615
0 149 102 -0.754832 -0.601926 0.260603 0.159798 -0.454058 0.766241 0.45465 -0.138798 -0.473351 0.224855 -0.851692 0.977343
0 150 75 -0.923546 0.280911 0.26106 0.491933 -0.272973 -0.959688 0.06697 0.124947 0.269349 -0.0094126 0.962997 -0.861621
0 151 31 -0.260931 0.915295 0.306838 -0.374044 -0.95565 -0.289875 0.0520226 -0.231685 0.136561 -0.279655 0.950339 -0.898005
0 152 100 0.745675 0.498097 -0.44257 0.360585 0.530997 -0.845463 -0.0568754 -0.151943 -0.402506 -0.192593 -0.894928 0.920267
0 153 92 -0.272754 0.614508 -0.74026 0.375897 0.844425 -0.215806 -0.49028 0.229983 -0.461033 -0.75882 -0.460044 0.897669
0 154 87 -0.905894 0.307918 -0.290763 0.33963 0.385806 0.883186 -0.266712 0.179164 0.174673 -0.353791 -0.91887 0.923337
0 155 50 0.478802 0.724708 0.495527 0.292434 -0.768392 0.618941 -0.162745 0.123628 -0.424645 -0.302837 0.85321 0.948261
0 156 117 0.013395 -0.0853303 -0.996263 0.450787 0.999688 0.0221313 0.0115455 0.0326943 0.0210634 -0.996107 0.0856002 0.892033
0 157 97 0.0321376 -0.886514 -0.461584 0.205054 -0.939203 0.131172 -0.317319 0.14337 0.341854 0.443719 -0.828402 0.968193
0 158 96 -0.543977 0.834284 0.0897715 0.0557619 0.831045 0.550452 -0.0797972 0.157147 -0.115988 0.0311963 -0.992761 0.986
0 159 120 -0.408711 -0.068165 -0.910115 0.647504 -0.158189 0.987405 -0.00291486 0.127744 0.89885 0.142779 -0.414346 0.751279
0 160 108 -0.659752 0.642422 -0.3899 0.487589 0.751225 0.577406 -0.319786 0.134332 0.0196925 -0.503882 -0.863548 0.862677
1 2 286 0.948596 0.0509103 -0.312369 0.981873 -0.0685666 0.996595 -0.0457952 0.0777842 0.308974 0.0648592 0.948856 -0.172846
1 3 144 0.948404 0.145476 -0.28172 0.994221 -0.152938 0.988225 -0.00455851 0.0285661 0.27774 0.0474091 0.959486 -0.103485
1 4 36 0.999036 -0.00432883 0.0436892 -0.128385 0.00115513 0.997374 0.0724079 0.08586 -0.0438879 -0.0722876 0.996418 -0.988001
1 5 31 -0.691117 -0.686629 0.225605 -0.0466602 0.676387 -0.724463 -0.132865 0.216301 0.254671 0.0607711 0.965116 -0.975211
1 6 88 0.317457 -0.942937 0.100451 -0.0996941 -0.85106 -0.23659 0.468744 -0.367413 -0.418231 -0.234296 -0.877604 0.924699
1 7 78 -0.879965 -0.264819 -0.394375 0.102551 -0.380969 0.889336 0.252871 -0.187913 0.283767 0.372763 -0.883473 0.976817
1 8 41 0.670942 0.637741 -0.378317 0.392965 -0.720759 0.680754 -0.130692 0.22374 0.174193 0.360363 0.916404 -0.891919
1 9 74 -0.908867 0.414992 -0.0417544 -0.00782741 0.347667 0.809092 0.473813 -0.245527 0.230412 0.416116 -0.879635 0.969358
1 10 97 0.976747 -0.0561661 -0.206908 0.173576 -0.147164 -0.877456 -0.456525 0.306913 -0.155911 0.476358 -0.865318 0.935776
1 11 39 -0.522812 -0.838596 -0.153048 0.206413 0.817248 -0.442019 -0.369764 0.395188 0.242432 -0.318395 0.916434 -0.895109
1 12 82 0.426081 -0.856313 -0.291861 0.0513707 -0.897194 -0.44139 -0.014767 -0.0401113 -0.116179 0.268148 -0.956347 0.997874
1 13 74 0.826591 -0.353224 0.438156 -0.325589 -0.342949 -0.933411 -0.1055 -0.0252503 0.446245 -0.0630595 -0.892686 0.945174
1 14 66 -0.706075 -0.706361 0.0501289 -0.201343 -0.692067 0.703316 0.162452 -0.0696788 -0.150006 0.0800108 -0.985442 0.977039
1 15 28 0.87762 0.461954 -0.127989 0.106322 -0.477032 0.867923 -0.138385 -0.0585198 0.0471576 0.182504 0.982073 0.992608
1 16 35 0.87055 0.483437 -0.0918179 -0.0260701 -0.449716 0.857372 0.250338 -0.038089 0.199745 -0.17664 0.963795 -0.998934
1 17 83 -0.123322 0.984524 0.124514 0.0211268 0.878313 0.0498836 0.475477 -0.0463377 0.461908 0.167999 -0.870872 0.998702
1 18 35 0.810717 0.511822 -0.284213 0.0350193 -0.476721 0.858941 0.186967 -0.233985 0.339816 -0.0160871 0.940354 -0.971609
1 19 108 -0.30096 -0.949252 0.0913428 0.0112123 -0.889604 0.244955 -0.385488 0.196912 0.34355 -0.197276 -0.918181 0.980357
1 20 105 0.84172 0.344983 -0.415324 0.160537 0.305118 -0.938566 -0.161237 0.208501 -0.445433 0.00899336 -0.89527 0.964756
1 21 79 0.147779 -0.874622 -0.461732 0.112644 -0.974852 -0.0500735 -0.217155 0.166201 0.166808 0.482212 -0.860027 0.979637
1 22 89 -0.9128 0.407589 -0.025821 0.113851 0.359375 0.771573 -0.524904 0.152727 -0.194022 -0.488412 -0.850769 0.981689
1 23 37 -0.93716 -0.335247 0.0966456 -0.183178 0.319105 -0.935596 -0.151102 -0.125325 0.141078 -0.110766 0.983782 -0.975059
1 24 46 0.508781 0.809594 0.292744 -0.0606607 -0.845037 0.534617 -0.00985263 -0.087896 -0.164483 -0.242367 0.95614 0.994281
1 25 102 0.064135 -0.966256 -0.249472 0.206002 -0.977751 -0.0108108 -0.20949 0.032292 0.199724 0.257357 -0.945451 0.978019
1 26 121 0.0425604 -0.998848 0.0221442 0.210744 -0.759751 -0.0467504 -0.648531 0.16309 0.64882 0.0107776 -0.760866 0.963841
1 27 141 0.0787136 -0.640109 -0.764241 0.47686 0.545048 0.669524 -0.504639 0.113642 0.834702 -0.376826 0.401591 0.871602
1 28 27 0.972294 0.211791 0.0989397 -0.0888802 -0.223933 0.96531 0.134275 0.0176107 -0.0670694 -0.15271 0.985993 -0.995887
1 29 121 -0.780173 0.44868 -0.435908 0.357056 0.42668 -0.127907 -0.895312 0.149142 -0.457465 -0.884492 -0.0916536 0.9221
1 30 73 -0.705675 -0.590646 -0.391356 0.178867 -0.708527 0.58549 0.393944 -0.280426 -0.00354698 0.555283 -0.831654 0.943063
1 31 36 0.190554 -0.908814 -0.371141 0.304672 0.964191 0.244307 -0.103194 0.1784 0.184456 -0.338187 0.922825 -0.9356
1 32 98 0.821939 0.558296 -0.11279 0.135228 0.567185 -0.820405 0.0723703 -0.106664 -0.0521293 -0.123457 -0.99098 0.985056
1 33 41 -0.313588 0.913626 0.258747 0.270766 -0.926553 -0.35403 0.127133 -0.153595 0.207757 -0.199876 0.957542 0.950313
1 34 76 0.308756 -0.943663 -0.119038 0.109151 -0.905224 -0.253124 -0.341317 0.200159 0.291957 0.21314 -0.93238 0.973664
1 35 101 -0.222953 0.909938 0.349721 -0.0216949 0.883045 0.340487 -0.322955 0.289919 -0.412944 0.236816 -0.879429 0.956805
1 36 80 0.612406 0.695311 0.376167 -0.00231072 0.743506 -0.668269 0.0247965 -0.165246 0.268622 0.264497 -0.92622 0.98625
1 37 98 -0.0642169 0.841231 -0.536849 0.303399 0.997806 0.0628042 -0.0209431 0.00390274 0.0160984 -0.537016 -0.843419 0.952856
1 38 32 0.770264 0.634097 0.0679209 0.0579748 -0.637598 0.76361 0.101824 0.0270868 0.0127014 -0.121738 0.992481 -0.997951
1 39 66 0.688407 0.0465923 0.723826 0.0288482 0.11463 -0.992382 -0.0451422 -0.224199 0.716209 0.114049 -0.688504 0.974116
1 40 128 0.703661 -0.684131 0.191898 -0.0777257 -0.402357 -0.606258 -0.685974 0.33486 0.585636 0.405482 -0.701865 0.939057
1 41 93 -0.466433 0.76155 0.44998 -0.30246 0.883884 0.421097 0.203535 -0.125756 -0.0344825 0.492666 -0.869535 0.94483
1 42 114 -0.947509 -0.139484 0.287698 -0.15859 0.0212006 0.870432 0.491833 -0.330248 -0.319024 0.472116 -0.821785 0.930476
1 43 49 -0.719829 -0.678836 -0.145011 0.0682794 0.673816 -0.733519 0.0890109 -0.218389 -0.166792 -0.0336379 0.985418 -0.97347
1 44 30 0.99996 0.00115722 0.00887391 -0.0459175 -0.00236786 0.990477 0.137658 0.130031 -0.00863011 -0.137674 0.99044 -0.990446
1 45 136 0.845191 -0.406245 0.3473 -0.680514 0.424438 0.90509 0.0257916 -0.189944 -0.324815 0.125609 0.937399 0.707687
1 46 122 -0.60651 0.287324 -0.741344 0.46619 0.323924 0.940823 0.0996269 -0.0806064 0.726099 -0.179714 -0.663689 0.881005
1 47 110 0.881407 -0.442434 0.165448 -0.461234 0.462824 0.878924 -0.115265 0.355803 -0.0944196 0.178169 0.979459 -0.812814
1 48 32 0.997958 0.0604551 -0.0206269 0.0457549 -0.0636647 0.915038 -0.398312 -0.099172 -0.00520563 0.398812 0.917018 0.994018
1 49 103 -0.0833949 -0.84709 0.524865 -0.176375 -0.900121 0.290028 0.325064 -0.190663 -0.427584 -0.445333 -0.78667 0.965681
1 50 32 0.649098 0.757046 0.0745248 -0.0926195 -0.74937 0.619501 0.233801 -0.0439058 0.13083 -0.207606 0.969424 0.994733
1 51 67 0.963271 -0.186548 -0.193155 0.378693 0.162485 0.977593 -0.133833 0.181217 0.213793 0.0975327 0.971998 -0.907608
1 52 79 -0.556074 0.830819 0.0228413 0.0400224 0.797602 0.525712 0.295734 0.00387143 0.233693 0.182668 -0.954997 0.999191
1 53 108 0.850745 -0.386662 -0.355986 0.164832 -0.51693 -0.737954 -0.433829 0.25706 -0.0949558 0.553097 -0.827688 0.952234
1 54 37 0.628225 0.738106 0.246035 -0.123713 -0.778007 0.593436 0.20625 0.175634 0.00622814 -0.320988 0.947063 0.976651
1 55 98 -0.863091 0.336348 0.376754 -0.032797 0.191323 0.908123 -0.372434 0.326621 -0.467407 -0.249363 -0.848145 0.944586
1 56 86 -0.977355 -0.206321 0.0470028 -0.109375 -0.206805 0.884263 -0.4187 0.371045 0.0448238 -0.418939 -0.906907 0.922151
1 57 77 -0.754137 0.652018 0.0784221 0.0720207 0.607721 0.738138 -0.292963 0.150553 -0.248904 -0.173275 -0.952902 0.985975
1 58 76 0.420487 0.906864 0.0280765 -0.175437 0.905862 -0.42136 0.0432438 0.03424 0.0510466 0.00725001 -0.99867 0.983895
1 59 118 0.630157 -0.572712 -0.524313 0.31777 -0.40899 0.329165 -0.851104 0.647038 0.660022 0.750768 -0.026808 0.693083
1 60 63 0.321645 0.943302 0.0820139 -0.470493 -0.946839 0.319855 0.0344691 0.338139 0.00628225 -0.0887408 0.996035 -0.815045
1 61 103 0.0520151 -0.972335 0.227727 -0.268176 -0.835671 -0.16723 -0.523152 0.359575 0.546762 -0.163093 -0.82125 0.893749
1 62 36 -0.883566 -0.463477 0.067081 -0.0743711 0.411666 -0.836977 -0.360555 0.282924 0.223255 -0.29096 0.930323 -0.956255
1 63 67 -0.847077 0.488226 0.209988 -0.0481398 0.432674 0.862946 -0.260992 0.0644881 -0.308632 -0.130224 -0.942225 0.996757
1 64 103 0.52554 -0.823384 0.214121 -0.03206 -0.813862 -0.559883 -0.155433 0.239182 0.247864 -0.0925786 -0.964361 0.970445
1 65 44 0.775887 0.619693 -0.118237 0.146663 -0.619274 0.783899 0.0447404 0.225696 0.120411 0.0385077 0.991977 -0.963095
1 66 29 -0.469702 -0.794364 -0.385184 0.209517 0.867094 -0.497104 -0.0321763 -0.314964 -0.165917 -0.349104 0.922279 -0.925689
1 67 89 -0.418781 0.842101 0.339837 -0.0330819 0.792243 0.521711 -0.316495 0.245783 -0.443817 0.136691 -0.885631 0.96876
1 68 83 0.358393 0.829094 0.429137 -0.0195787 0.923387 -0.247103 -0.293762 0.224163 -0.137515 0.501541 -0.854135 0.974355
1 69 92 -0.860821 -0.409346 0.302362 -0.220994 -0.479583 0.851284 -0.212874 0.132712 -0.170257 -0.328254 -0.929119 0.966203
1 70 95 0.876939 -0.44812 -0.173683 0.108604 -0.445965 -0.893451 0.0534836 0.102336 -0.179144 0.0305547 -0.983348 0.988804
1 71 57 0.939613 -0.342183 0.00617673 0.047584 0.338698 0.93233 0.126668 -0.0921142 -0.0491024 -0.116927 0.991926 -0.994611
1 72 33 0.810622 -0.583859 -0.0447323 -0.143064 0.585565 0.807943 0.0658874 -0.117267 -0.00232776 -0.0796035 0.996824 -0.982742
1 73 99 -0.0845734 -0.995727 0.0370832 -0.240416 0.799005 -0.090007 -0.59455 0.36573 0.595347 -0.0206534 0.803203 0.899134
1 74 61 0.904779 -0.404852 -0.132176 0.445073 0.404416 0.914038 -0.0313501 0.268265 0.133506 -0.0250892 0.99073 -0.854367
1 75 79 0.821424 0.511368 0.252518 -0.210834 0.366634 -0.81263 0.453004 -0.356279 0.436856 -0.279527 -0.854998 0.910283
1 76 43 0.920663 0.361978 -0.146125 0.164964 -0.363562 0.931421 0.0166668 0.155814 0.142137 0.0377809 0.989126 -0.973914
1 77 61 0.868138 0.473027 -0.150268 -0.303715 -0.473083 0.880212 0.0376863 -0.36216 0.150095 0.0383725 0.987927 0.881248
1 78 102 0.529466 0.770835 -0.354229 0.19743 0.843473 -0.522969 0.122711 -0.0896558 -0.0906607 -0.363754 -0.927073 0.976209
1 79 118 -0.640337 -0.356485 -0.680358 0.379336 -0.680163 0.6747 0.286633 -0.17499 0.356857 0.646296 -0.674503 0.908561
1 80 48 -0.384474 0.839019 0.385002 0.0384741 -0.915788 -0.294143 -0.273518 0.396699 -0.116241 -0.457741 0.881454 -0.917142
1 81 34 -0.98987 -0.0380351 -0.136787 0.152695 0.0467165 -0.997055 -0.0608261 0.130921 -0.13407 -0.0666001 0.988731 -0.979563
1 82 83 -0.0147659 -0.969265 -0.245575 0.01586 -0.987336 0.0529313 -0.149549 0.0758776 0.157951 0.240257 -0.957772 0.996991
1 83 34 0.962314 -0.226417 -0.150626 0.26063 0.251632 0.95141 0.177485 -0.0337388 0.103121 -0.208698 0.972528 -0.964849
1 84 81 0.83879 0.528164 0.132191 0.209873 -0.540191 0.776994 0.323225 -0.599127 0.0680043 -0.342526 0.937044 0.772658
1 85 53 0.889882 -0.408129 -0.203815 0.29002 0.389363 0.912309 -0.126842 0.359535 0.23771 0.033516 0.970758 -0.886917
1 86 124 0.837083 -0.403042 0.369932 -0.968124 0.355353 0.914701 0.192476 -0.200412 -0.415953 -0.0296615 0.908902 0.150239
1 87 82 0.69572 -0.5188 -0.496811 0.317025 -0.664834 -0.726944 -0.171896 0.071257 -0.271974 0.449889 -0.850665 0.945737
1 88 157 0.871034 -0.280152 0.403502 -0.977921 0.279999 0.958075 0.0607633 -0.149399 -0.403608 0.0600532 0.912959 -0.146116
1 89 174 0.93536 -0.125129 0.330825 -0.906894 0.156624 0.98516 -0.0702119 -0.0852755 -0.31713 0.117488 0.941077 -0.412639
1 90 193 0.980956 -0.0555935 0.186103 -0.514756 0.106616 0.955028 -0.276685 0.100211 -0.162352 0.291258 0.942768 -0.85146
1 91 137 0.965274 -0.0619923 0.253778 -0.447376 0.177804 0.867617 -0.464356 0.622605 -0.191396 0.493353 0.848511 -0.642042
1 92 183 0.967807 -0.00865744 0.251545 -0.313525 0.155413 0.806685 -0.570181 0.905268 -0.197981 0.590918 0.782061 -0.286693
1 93 59 0.978658 -0.173965 0.109382 -0.158017 0.182634 0.980322 -0.07492 0.0267361 -0.0941959 0.093298 0.991172 -0.987074
1 94 182 0.975979 -0.205212 0.0731675 -0.091494 0.216222 0.87118 -0.440788 0.878683 0.0267131 0.44602 0.894624 -0.468557
1 95 217 0.964761 -0.205596 -0.164212 0.525425 0.15762 0.951282 -0.264986 0.533436 0.210692 0.229765 0.950167 -0.662853
1 96 187 0.840552 -0.172281 -0.513607 0.940164 0.141115 0.984985 -0.0994526 0.193313 0.523029 0.0111173 0.852242 -0.280575
1 97 125 -0.677343 0.291763 0.675338 -0.275171 0.725026 0.420325 0.545587 -0.236163 -0.12468 0.859186 -0.49624 0.931938
1 98 130 -0.0157622 -0.761512 0.647959 -0.472246 -0.868525 0.331503 0.368471 -0.113221 -0.495396 -0.556961 -0.666617 0.874165
1 99 38 0.630194 -0.586442 -0.508863 0.344065 0.663833 0.746882 -0.0386339 -0.156137 0.402718 -0.313454 0.85998 -0.925873
1 100 35 0.555006 -0.831753 -0.012449 -0.134222 0.818091 0.548477 -0.172918 0.050246 0.150653 0.085786 0.984858 -0.989677
1 101 59 -0.396959 0.908268 0.132182 -0.0421742 -0.915655 -0.381966 -0.125209 0.37442 -0.063234 -0.170736 0.983286 -0.9263
1 102 45 -0.815772 -0.542109 0.201579 -0.184488 0.54472 -0.837284 -0.0472843 0.2029 0.194412 0.0712306 0.97833 -0.961663
1 103 96 -0.468275 -0.523513 0.711795 -0.217593 -0.875536 0.38339 -0.294021 0.208299 -0.118971 -0.760886 -0.637886 0.953554
1 104 48 0.983744 0.0767744 -0.162339 -0.0246806 -0.125677 0.940061 -0.317002 0.371289 0.128271 0.332251 0.934428 -0.928189
1 105 50 -0.667813 -0.675134 -0.313402 0.112425 0.640655 -0.735714 0.219742 -0.374867 -0.378929 -0.0540363 0.923847 -0.920237
1 106 52 -0.820431 -0.340719 -0.459134 0.384842 0.380879 -0.924608 0.0055466 -0.278693 -0.426409 -0.170324 0.88835 -0.879902
1 107 74 -0.835929 0.247027 0.490102 -0.570259 -0.269188 -0.962733 0.0261152 -0.240112 0.478289 -0.110099 0.871274 -0.78559
1 108 43 0.994079 -0.0464983 0.098208 -0.20406 0.0472792 0.998866 -0.00563764 0.189852 -0.0978345 0.0102475 0.99515 -0.960373
1 109 41 0.614979 0.733487 0.289478 -0.124159 -0.626852 0.677457 -0.384848 -0.076692 -0.47839 0.0552138 0.87641 0.989294
1 110 40 0.923377 0.380755 0.0489983 0.361763 -0.381525 0.924331 0.00710384 -0.144288 -0.0425859 -0.0252536 0.998774 0.921037
1 111 39 0.834903 0.508378 0.210923 -0.224084 -0.55029 0.763427 0.338173 -0.178562 0.0108954 -0.398411 0.917142 -0.958072
1 112 92 0.906791 0.42158 -0.000559487 0.130463 0.420981 -0.905572 -0.0521104 0.0711023 -0.0224754 0.0470177 -0.998641 0.9889
1 113 40 -0.800582 -0.506268 0.320565 -0.417436 0.461845 -0.862175 -0.208215 0.122341 0.381796 -0.0186415 0.924059 -0.900433
1 114 39 -0.904154 -0.40039 -0.148972 -0.207665 0.42044 -0.895796 -0.144155 -0.304393 -0.0757303 -0.192972 0.978277 -0.929634
1 115 72 -0.99934 -0.0102302 -0.0348431 0.0357443 -0.0176538 0.975348 0.219963 -0.068409 0.0317339 0.220433 -0.974886 0.997017
1 116 79 0.815193 0.305735 -0.491922 0.464318 0.25914 -0.952104 -0.162308 0.0665251 -0.517984 0.00483578 -0.855377 0.883166
1 117 61 0.458004 0.836505 0.300819 -0.240548 0.722524 -0.547435 0.422225 -0.332264 0.517873 0.0239683 -0.855122 0.911996
1 118 70 0.00257378 0.979365 0.202085 -0.0271352 0.941874 0.0655184 -0.329517 0.292291 -0.335958 0.191187 -0.922269 0.955944
1 119 44 0.338336 0.823891 0.454678 -0.348309 -0.932182 0.227352 0.281688 -0.310773 0.128708 -0.519148 0.844938 -0.884365
1 120 29 -0.933453 0.332802 0.133825 -0.155538 -0.320027 -0.941192 0.108356 0.124121 0.162016 0.0583172 0.985063 -0.980001
1 121 88 -0.969077 -0.22818 -0.0939314 0.107062 -0.212217 0.964918 -0.154585 0.109412 0.125909 -0.129871 -0.983504 0.988214
1 122 42 0.902859 -0.42876 0.0317969 -0.19975 0.428256 0.903399 0.0215954 -0.155635 -0.0379845 -0.00588034 0.999261 -0.967408
1 123 98 0.904112 0.320551 -0.28254 0.0355423 0.395676 -0.877691 0.270369 -0.194454 -0.161316 -0.356238 -0.920365 0.980268
1 124 87 0.237454 -0.553251 0.798454 -0.0633797 -0.770616 0.393144 0.501586 -0.279994 -0.591411 -0.734405 -0.33299 0.957907
1 125 49 -0.897192 0.380946 0.223443 -0.453891 -0.378499 -0.92394 0.0554305 0.122308 0.227564 -0.0348412 0.97314 -0.882623
1 126 85 0.668604 -0.715948 -0.200967 0.068669 0.743562 0.64701 0.168799 -0.364579 0.00917656 -0.262291 0.964945 -0.928637
1 127 29 0.888192 0.456474 -0.0524016 -0.0362632 -0.457836 0.888871 -0.0171708 0.11373 0.0387402 0.0392423 0.998478 -0.99285
1 128 117 0.984242 -0.0203615 -0.175649 0.868162 0.0536716 0.980885 0.18704 -0.496029 0.168483 -0.19352 0.966521 -0.0158057
1 129 116 0.855442 0.0531245 0.515167 -0.845444 -0.0350135 0.998382 -0.0448137 0.530239 -0.516714 0.0202977 0.855917 0.0638097
1 130 64 0.941852 0.332696 -0.0472077 -0.219026 -0.318803 0.929113 0.187388 -0.344146 0.106204 -0.161441 0.981151 -0.913012
1 131 83 -0.591951 -0.793797 -0.139577 -0.0275539 -0.747893 0.605543 -0.271983 0.179229 0.300419 -0.0566118 -0.952126 0.983421
1 132 99 0.912055 0.0876492 -0.400592 0.651361 -0.145361 0.982558 -0.115971 0.439125 0.38344 0.164002 0.908888 -0.618788
1 133 46 0.961669 -0.202561 0.184829 -0.214797 0.204045 0.978898 0.0111647 0.309928 -0.18319 0.0269766 0.982707 -0.926179
1 134 58 0.907603 0.386607 0.163684 0.255222 -0.382775 0.922164 -0.0556386 0.319063 -0.172454 -0.0121566 0.984943 -0.912721
1 135 26 -0.780742 -0.617863 -0.0932044 0.382302 0.563404 -0.760592 0.322608 0.127159 -0.270218 0.199362 0.941932 0.915246
1 136 81 0.0245119 0.989647 -0.141411 0.267023 0.920693 0.0327673 0.388909 -0.375683 0.389516 -0.139729 -0.910359 0.887446
1 137 81 0.985184 0.160611 -0.0601428 0.286041 -0.154148 0.982977 0.0999677 0.369893 0.0751749 -0.0892156 0.993171 -0.883946
1 138 60 -0.282227 0.95087 -0.127252 0.302058 -0.934918 -0.242866 0.258738 -0.0424423 0.215121 0.191993 0.957529 0.952344
1 139 125 -0.709574 0.276287 0.648205 -0.325912 0.332189 0.942445 -0.0380631 0.055697 -0.621414 0.188318 -0.760514 0.943758
1 140 148 0.927845 -0.067411 0.366823 -0.865136 -0.0211015 0.972467 0.232084 -0.383099 -0.372368 -0.223079 0.900876 0.32369
1 141 173 0.941748 -0.112698 0.316876 -0.941673 0.0674032 0.986315 0.150465 -0.0270315 -0.329497 -0.120342 0.936456 0.335443
1 142 149 0.859128 -0.124791 0.496312 -0.887462 0.191199 0.977855 -0.0851003 0.0867879 -0.474702 0.168006 0.863963 0.452636
1 143 147 0.635635 -0.259724 0.726988 -0.798893 0.308908 0.9486 0.0688074 -0.0739335 -0.707492 0.180836 0.683194 0.596912
1 144 38 -0.869685 0.486708 0.0822399 0.0540723 -0.489194 -0.827633 -0.275158 0.306966 -0.065857 -0.279532 0.957875 -0.950183
1 145 61 -0.980322 0.147358 0.131353 -0.428696 -0.178859 -0.944614 -0.275162 0.356771 0.08353 -0.293241 0.952383 -0.830021
1 146 46 0.575646 -0.671687 -0.466334 0.221584 0.677082 0.711296 -0.188725 0.364803 0.458466 -0.207108 0.864243 -0.904334
1 147 29 0.718154 -0.692933 0.0640208 -0.136047 0.695758 0.716727 -0.0471474 0.0804416 -0.0132154 0.0784021 0.996834 -0.987431
1 148 99 -0.834051 0.118596 -0.538789 0.229587 -0.108097 0.922558 0.370407 -0.192776 0.540993 0.36718 -0.756641 0.954006
1 149 37 -0.909079 -0.369107 0.193223 -0.157706 0.224004 -0.824078 -0.520306 0.400288 0.351279 -0.429716 0.831833 -0.902717
1 150 78 0.721825 -0.652383 -0.231008 0.356363 0.590479 0.75464 -0.286099 0.2321 0.360974 0.070108 0.929937 0.905061
1 151 41 -0.804078 -0.538742 0.251427 -0.374601 0.55189 -0.833645 -0.0213045 -0.234303 0.221078 0.12163 0.967642 -0.897093
1 152 43 -0.768785 0.511905 0.383305 0.187922 -0.58329 -0.807025 -0.0921056 -0.17866 0.262187 -0.294387 0.919018 0.965798
1 153 94 0.131249 0.836677 0.531738 -0.254445 0.988668 -0.149894 -0.00817772 -0.178294 0.0728624 0.526786 -0.846869 0.95051
1 154 37 -0.607059 0.751774 0.257516 -0.168386 -0.780164 -0.625435 -0.0132809 -0.125903 0.151075 -0.208967 0.966183 -0.977648
1 155 32 -0.709659 0.626105 0.323074 -0.181151 -0.655322 -0.754979 0.0236501 -0.0621424 0.258721 -0.194934 0.946078 -0.98149
1 156 49 0.820253 0.43341 0.373283 -0.492575 -0.479134 0.877063 0.0345144 -0.00219026 -0.312434 -0.207163 0.927075 -0.870267
1 157 64 -0.813252 0.50949 0.281142 0.327778 -0.572919 -0.785644 -0.233512 0.217706 0.101906 -0.350976 0.930823 0.919329
1 158 33 0.878446 0.0040579 0.477824 -0.400197 0.0117057 0.999481 -0.0300081 0.273931 -0.477698 0.0319538 0.877943 -0.874531
1 159 24 0.875423 0.30817 0.372379 -0.337972 -0.335355 0.942051 0.00876804 0.153452 -0.348098 -0.132555 0.928039 -0.928562
1 160 98 -0.875471 -0.291155 -0.385719 0.361037 -0.0674862 0.863977 -0.498988 0.0553598 0.478535 -0.410819 -0.776036 0.930907
2 3 296 0.981859 0.0685794 -0.176774 0.987427 -0.0646801 0.997521 0.0277334 0.0231151 0.178237 -0.0157966 0.983861 0.156374
2 4 49 0.972354 -0.10628 0.207922 0.0375042 0.0822515 0.989239 0.120999 -0.108997 -0.218544 -0.100552 0.970633 0.993334
2 5 103 -0.858574 0.211938 -0.466834 0.385166 -0.0135137 0.900886 0.433846 -0.2347 0.512512 0.378797 -0.770613 0.892504
2 6 40 0.975974 -0.200639 0.0849636 0.0205836 0.207345 0.975056 -0.0792015 0.0681453 -0.0669534 0.0949154 0.993231 0.997463
2 7 121 -0.414081 -0.648149 -0.639093 0.313901 -0.83944 0.543405 -0.00721541 0.0523388 0.351963 0.533492 -0.769096 0.948012
