0 1 442 0.966731 0.0770618 -0.24391 0.936056 -0.0780341 0.996934 0.00568877 0.205503 0.2436 0.0135338 0.969781 -0.285601
0 2 77 0.822909 0.152797 -0.547243 0.991229 -0.147294 0.987603 0.0542588 -0.0240303 0.548749 0.0359556 0.835213 -0.129956
0 3 0 1 0 0 0 0 1 0 0 0 0 1 0
0 4 0 1 0 0 0 0 1 0 0 0 0 1 0
0 5 30 0.5957 0.36954 -0.713149 -0.386926 -0.347306 0.919091 0.186147 -0.135134 0.724237 0.136793 0.675846 0.912155
0 6 38 0.0663013 -0.967348 -0.244627 -0.0566588 0.855055 0.181445 -0.485756 -0.240436 0.514282 -0.176964 0.839165 0.96901
0 7 0 1 0 0 0 0 1 0 0 0 0 1 0
0 8 0 1 0 0 0 0 1 0 0 0 0 1 0
0 9 0 1 0 0 0 0 1 0 0 0 0 1 0
0 10 0 1 0 0 0 0 1 0 0 0 0 1 0
0 11 0 1 0 0 0 0 1 0 0 0 0 1 0
0 12 0 1 0 0 0 0 1 0 0 0 0 1 0
0 13 0 1 0 0 0 0 1 0 0 0 0 1 0
0 14 0 1 0 0 0 0 1 0 0 0 0 1 0
0 15 0 1 0 0 0 0 1 0 0 0 0 1 0
0 16 0 1 0 0 0 0 1 0 0 0 0 1 0
0 17 0 1 0 0 0 0 1 0 0 0 0 1 0
0 18 0 1 0 0 0 0 1 0 0 0 0 1 0
0 19 0 1 0 0 0 0 1 0 0 0 0 1 0
0 20 0 1 0 0 0 0 1 0 0 0 0 1 0
0 21 0 1 0 0 0 0 1 0 0 0 0 1 0
0 22 0 1 0 0 0 0 1 0 0 0 0 1 0
0 23 0 1 0 0 0 0 1 0 0 0 0 1 0
0 24 0 1 0 0 0 0 1 0 0 0 0 1 0
0 25 0 1 0 0 0 0 1 0 0 0 0 1 0
0 26 0 1 0 0 0 0 1 0 0 0 0 1 0
0 27 0 1 0 0 0 0 1 0 0 0 0 1 0
0 28 0 1 0 0 0 0 1 0 0 0 0 1 0
0 29 0 1 0 0 0 0 1 0 0 0 0 1 0
0 30 0 1 0 0 0 0 1 0 0 0 0 1 0
0 31 0 1 0 0 0 0 1 0 0 0 0 1 0
0 32 0 1 0 0 0 0 1 0 0 0 0 1 0
0 33 0 1 0 0 0 0 1 0 0 0 0 1 0
0 34 0 1 0 0 0 0 1 0 0 0 0 1 0
0 35 0 1 0 0 0 0 1 0 0 0 0 1 0
0 36 0 1 0 0 0 0 1 0 0 0 0 1 0
0 37 0 1 0 0 0 0 1 0 0 0 0 1 0
0 38 0 1 0 0 0 0 1 0 0 0 0 1 0
0 39 0 1 0 0 0 0 1 0 0 0 0 1 0
0 40 0 1 0 0 0 0 1 0 0 0 0 1 0
0 41 0 1 0 0 0 0 1 0 0 0 0 1 0
0 42 19 0.963442 -0.163676 -0.21211 -0.471677 0.152895 0.98601 -0.0663811 -0.324523 0.220007 0.0315237 0.974989 0.819881
0 43 0 1 0 0 0 0 1 0 0 0 0 1 0
0 44 0 1 0 0 0 0 1 0 0 0 0 1 0
0 45 29 0.395182 -0.852479 -0.342215 0.22591 -0.658245 -0.522643 0.541809 -0.279607 -0.640737 0.0111481 -0.76768 0.933158
0 46 45 0.965234 -0.261218 -0.00938419 0.322612 0.261276 0.965248 0.00561159 0.0342718 0.00759222 -0.00786836 0.99994 -0.945911
0 47 27 -0.245907 -0.614096 0.749944 -0.365394 -0.442499 0.759497 0.476822 -0.228551 -0.862395 -0.214596 -0.458502 0.902359
0 48 0 1 0 0 0 0 1 0 0 0 0 1 0
0 49 0 1 0 0 0 0 1 0 0 0 0 1 0
0 50 0 1 0 0 0 0 1 0 0 0 0 1 0
0 51 0 1 0 0 0 0 1 0 0 0 0 1 0
0 52 0 1 0 0 0 0 1 0 0 0 0 1 0
0 53 0 1 0 0 0 0 1 0 0 0 0 1 0
0 54 0 1 0 0 0 0 1 0 0 0 0 1 0
0 55 0 1 0 0 0 0 1 0 0 0 0 1 0
0 56 0 1 0 0 0 0 1 0 0 0 0 1 0
0 57 0 1 0 0 0 0 1 0 0 0 0 1 0
0 58 0 1 0 0 0 0 1 0 0 0 0 1 0
0 59 0 1 0 0 0 0 1 0 0 0 0 1 0
0 60 0 1 0 0 0 0 1 0 0 0 0 1 0
0 61 0 1 0 0 0 0 1 0 0 0 0 1 0
0 62 0 1 0 0 0 0 1 0 0 0 0 1 0
0 63 0 1 0 0 0 0 1 0 0 0 0 1 0
0 64 0 1 0 0 0 0 1 0 0 0 0 1 0
0 65 0 1 0 0 0 0 1 0 0 0 0 1 0
0 66 0 1 0 0 0 0 1 0 0 0 0 1 0
0 67 0 1 0 0 0 0 1 0 0 0 0 1 0
0 68 0 1 0 0 0 0 1 0 0 0 0 1 0
0 69 0 1 0 0 0 0 1 0 0 0 0 1 0
0 70 0 1 0 0 0 0 1 0 0 0 0 1 0
0 71 0 1 0 0 0 0 1 0 0 0 0 1 0
0 72 0 1 0 0 0 0 1 0 0 0 0 1 0
0 73 0 1 0 0 0 0 1 0 0 0 0 1 0
0 74 0 1 0 0 0 0 1 0 0 0 0 1 0
0 75 20 -0.364292 -0.923254 -0.122043 -0.0104562 -0.924972 0.343469 0.162655 -0.251606 -0.108254 0.17214 -0.979106 0.967773
0 76 0 1 0 0 0 0 1 0 0 0 0 1 0
0 77 0 1 0 0 0 0 1 0 0 0 0 1 0
0 78 0 1 0 0 0 0 1 0 0 0 0 1 0
0 79 33 -0.459311 -0.744065 0.48518 0.26658 0.844995 -0.534413 -0.0196272 0.033128 0.273891 0.40096 0.874194 0.963243
0 80 0 1 0 0 0 0 1 0 0 0 0 1 0
0 81 0 1 0 0 0 0 1 0 0 0 0 1 0
0 82 0 1 0 0 0 0 1 0 0 0 0 1 0
0 83 0 1 0 0 0 0 1 0 0 0 0 1 0
0 84 0 1 0 0 0 0 1 0 0 0 0 1 0
0 85 0 1 0 0 0 0 1 0 0 0 0 1 0
0 86 16 -0.394678 0.833658 -0.386321 0.198585 0.553545 -0.119851 -0.82415 -0.383421 -0.733361 -0.53912 -0.414165 0.901972
0 87 0 1 0 0 0 0 1 0 0 0 0 1 0
0 88 50 -0.586618 -0.643837 -0.491278 0.467079 -0.809845 0.462202 0.361275 -0.0946372 -0.00553296 0.609789 -0.792544 0.879136
0 89 252 0.995185 -0.0563556 -0.080196 0.434547 0.0457489 0.990661 -0.128444 0.367583 0.0866856 0.124157 0.988469 -0.822224
0 90 47 0.999658 0.00779467 -0.0249715 0.0605108 -0.0097639 0.996768 -0.0797342 -0.175482 0.0242693 0.0799507 0.996503 -0.982621
0 91 0 1 0 0 0 0 1 0 0 0 0 1 0
0 92 0 1 0 0 0 0 1 0 0 0 0 1 0
0 93 0 1 0 0 0 0 1 0 0 0 0 1 0
0 94 0 1 0 0 0 0 1 0 0 0 0 1 0
0 95 0 1 0 0 0 0 1 0 0 0 0 1 0
0 96 29 0.0237681 -0.314607 0.948924 -0.80524 -0.369157 0.879347 0.300786 -0.199953 -0.929063 -0.357451 -0.0952389 0.558219
0 97 0 1 0 0 0 0 1 0 0 0 0 1 0
0 98 0 1 0 0 0 0 1 0 0 0 0 1 0
0 99 0 1 0 0 0 0 1 0 0 0 0 1 0
0 100 0 1 0 0 0 0 1 0 0 0 0 1 0
0 101 0 1 0 0 0 0 1 0 0 0 0 1 0
0 102 0 1 0 0 0 0 1 0 0 0 0 1 0
0 103 0 1 0 0 0 0 1 0 0 0 0 1 0
0 104 0 1 0 0 0 0 1 0 0 0 0 1 0
0 105 0 1 0 0 0 0 1 0 0 0 0 1 0
0 106 0 1 0 0 0 0 1 0 0 0 0 1 0
0 107 0 1 0 0 0 0 1 0 0 0 0 1 0
0 108 0 1 0 0 0 0 1 0 0 0 0 1 0
0 109 0 1 0 0 0 0 1 0 0 0 0 1 0
0 110 0 1 0 0 0 0 1 0 0 0 0 1 0
0 111 0 1 0 0 0 0 1 0 0 0 0 1 0
0 112 0 1 0 0 0 0 1 0 0 0 0 1 0
0 113 14 0.516245 -0.720331 0.463265 0.297457 0.347327 0.670529 0.655557 0.316694 -0.78285 -0.177524 0.596348 0.90068
0 114 19 -0.802912 0.588196 0.09674 0.369889 0.475049 0.729417 -0.492218 0.339177 -0.360084 -0.349251 -0.86508 0.864951
0 115 0 1 0 0 0 0 1 0 0 0 0 1 0
0 116 0 1 0 0 0 0 1 0 0 0 0 1 0
0 117 0 1 0 0 0 0 1 0 0 0 0 1 0
0 118 0 1 0 0 0 0 1 0 0 0 0 1 0
0 119 0 1 0 0 0 0 1 0 0 0 0 1 0
0 120 0 1 0 0 0 0 1 0 0 0 0 1 0
0 121 0 1 0 0 0 0 1 0 0 0 0 1 0
0 122 0 1 0 0 0 0 1 0 0 0 0 1 0
0 123 0 1 0 0 0 0 1 0 0 0 0 1 0
0 124 0 1 0 0 0 0 1 0 0 0 0 1 0
0 125 0 1 0 0 0 0 1 0 0 0 0 1 0
0 126 0 1 0 0 0 0 1 0 0 0 0 1 0
0 127 47 0.983546 0.10135 0.149551 -0.381911 -0.0336118 0.916017 -0.399729 0.919136 -0.177503 0.388125 0.904351 -0.0966038
0 128 31 0.997883 0.0650293 0.000941251 -0.453972 -0.0643153 0.984571 0.162739 0.0560742 0.00965606 -0.162455 0.986669 -0.88925
0 129 0 1 0 0 0 0 1 0 0 0 0 1 0
0 130 0 1 0 0 0 0 1 0 0 0 0 1 0
0 131 0 1 0 0 0 0 1 0 0 0 0 1 0
0 132 0 1 0 0 0 0 1 0 0 0 0 1 0
0 133 0 1 0 0 0 0 1 0 0 0 0 1 0
0 134 0 1 0 0 0 0 1 0 0 0 0 1 0
0 135 0 1 0 0 0 0 1 0 0 0 0 1 0
0 136 0 1 0 0 0 0 1 0 0 0 0 1 0
0 137 0 1 0 0 0 0 1 0 0 0 0 1 0
0 138 0 1 0 0 0 0 1 0 0 0 0 1 0
0 139 26 0.988913 0.0252607 -0.146329 -0.224253 -0.00252163 0.988139 0.15354 -0.226444 0.148472 -0.151469 0.977248 -0.947857
0 140 309 0.998286 0.00232833 -0.0584694 -0.814401 0.00355858 0.994943 0.100378 -0.439651 0.0584074 -0.100414 0.99323 -0.378758
0 141 331 0.971492 -0.0429872 0.233142 -0.972643 0.0178737 0.993905 0.108779 0.228188 -0.236397 -0.101511 0.966339 0.0435423
0 142 169 0.960479 -0.0593509 0.271951 -0.896339 0.0880101 0.991635 -0.0944193 0.419818 -0.264072 0.114622 0.957668 0.142581
0 143 0 1 0 0 0 0 1 0 0 0 0 1 0
0 144 0 1 0 0 0 0 1 0 0 0 0 1 0
0 145 0 1 0 0 0 0 1 0 0 0 0 1 0
0 146 0 1 0 0 0 0 1 0 0 0 0 1 0
0 147 0 1 0 0 0 0 1 0 0 0 0 1 0
0 148 0 1 0 0 0 0 1 0 0 0 0 1 0
0 149 0 1 0 0 0 0 1 0 0 0 0 1 0
0 150 0 1 0 0 0 0 1 0 0 0 0 1 0
0 151 0 1 0 0 0 0 1 0 0 0 0 1 0
0 152 0 1 0 0 0 0 1 0 0 0 0 1 0
0 153 0 1 0 0 0 0 1 0 0 0 0 1 0
0 154 0 1 0 0 0 0 1 0 0 0 0 1 0
0 155 0 1 0 0 0 0 1 0 0 0 0 1 0
0 156 0 1 0 0 0 0 1 0 0 0 0 1 0
0 157 0 1 0 0 0 0 1 0 0 0 0 1 0
0 158 0 1 0 0 0 0 1 0 0 0 0 1 0
0 159 0 1 0 0 0 0 1 0 0 0 0 1 0
0 160 0 1 0 0 0 0 1 0 0 0 0 1 0
1 2 355 0.974351 0.0628257 -0.216087 0.952581 -0.0723394 0.996716 -0.036395 0.0646885 0.213091 0.0510931 0.975696 -0.297329
1 3 45 0.985766 0.155736 -0.0633357 0.953964 -0.154231 0.987637 0.0280165 -0.0795059 0.0669159 -0.0178494 0.997599 -0.289191
1 4 0 1 0 0 0 0 1 0 0 0 0 1 0
1 5 0 1 0 0 0 0 1 0 0 0 0 1 0
1 6 0 1 0 0 0 0 1 0 0 0 0 1 0
1 7 0 1 0 0 0 0 1 0 0 0 0 1 0
1 8 0 1 0 0 0 0 1 0 0 0 0 1 0
1 9 0 1 0 0 0 0 1 0 0 0 0 1 0
1 10 0 1 0 0 0 0 1 0 0 0 0 1 0
1 11 0 1 0 0 0 0 1 0 0 0 0 1 0
1 12 0 1 0 0 0 0 1 0 0 0 0 1 0
1 13 0 1 0 0 0 0 1 0 0 0 0 1 0
1 14 0 1 0 0 0 0 1 0 0 0 0 1 0
1 15 0 1 0 0 0 0 1 0 0 0 0 1 0
1 16 0 1 0 0 0 0 1 0 0 0 0 1 0
1 17 0 1 0 0 0 0 1 0 0 0 0 1 0
1 18 0 1 0 0 0 0 1 0 0 0 0 1 0
1 19 0 1 0 0 0 0 1 0 0 0 0 1 0
1 20 0 1 0 0 0 0 1 0 0 0 0 1 0
1 21 0 1 0 0 0 0 1 0 0 0 0 1 0
1 22 0 1 0 0 0 0 1 0 0 0 0 1 0
1 23 0 1 0 0 0 0 1 0 0 0 0 1 0
1 24 0 1 0 0 0 0 1 0 0 0 0 1 0
1 25 0 1 0 0 0 0 1 0 0 0 0 1 0
1 26 0 1 0 0 0 0 1 0 0 0 0 1 0
1 27 0 1 0 0 0 0 1 0 0 0 0 1 0
1 28 0 1 0 0 0 0 1 0 0 0 0 1 0
1 29 0 1 0 0 0 0 1 0 0 0 0 1 0
1 30 0 1 0 0 0 0 1 0 0 0 0 1 0
1 31 0 1 0 0 0 0 1 0 0 0 0 1 0
1 32 0 1 0 0 0 0 1 0 0 0 0 1 0
1 33 0 1 0 0 0 0 1 0 0 0 0 1 0
1 34 0 1 0 0 0 0 1 0 0 0 0 1 0
1 35 0 1 0 0 0 0 1 0 0 0 0 1 0
1 36 0 1 0 0 0 0 1 0 0 0 0 1 0
1 37 0 1 0 0 0 0 1 0 0 0 0 1 0
1 38 0 1 0 0 0 0 1 0 0 0 0 1 0
1 39 0 1 0 0 0 0 1 0 0 0 0 1 0
1 40 0 1 0 0 0 0 1 0 0 0 0 1 0
1 41 0 1 0 0 0 0 1 0 0 0 0 1 0
1 42 0 1 0 0 0 0 1 0 0 0 0 1 0
1 43 0 1 0 0 0 0 1 0 0 0 0 1 0
1 44 0 1 0 0 0 0 1 0 0 0 0 1 0
1 45 0 1 0 0 0 0 1 0 0 0 0 1 0
1 46 0 1 0 0 0 0 1 0 0 0 0 1 0
1 47 0 1 0 0 0 0 1 0 0 0 0 1 0
1 48 0 1 0 0 0 0 1 0 0 0 0 1 0
1 49 0 1 0 0 0 0 1 0 0 0 0 1 0
1 50 0 1 0 0 0 0 1 0 0 0 0 1 0
1 51 0 1 0 0 0 0 1 0 0 0 0 1 0
1 52 0 1 0 0 0 0 1 0 0 0 0 1 0
1 53 0 1 0 0 0 0 1 0 0 0 0 1 0
1 54 0 1 0 0 0 0 1 0 0 0 0 1 0
1 55 0 1 0 0 0 0 1 0 0 0 0 1 0
1 56 0 1 0 0 0 0 1 0 0 0 0 1 0
1 57 0 1 0 0 0 0 1 0 0 0 0 1 0
1 58 0 1 0 0 0 0 1 0 0 0 0 1 0
1 59 0 1 0 0 0 0 1 0 0 0 0 1 0
1 60 0 1 0 0 0 0 1 0 0 0 0 1 0
1 61 0 1 0 0 0 0 1 0 0 0 0 1 0
1 62 0 1 0 0 0 0 1 0 0 0 0 1 0
1 63 0 1 0 0 0 0 1 0 0 0 0 1 0
1 64 0 1 0 0 0 0 1 0 0 0 0 1 0
1 65 0 1 0 0 0 0 1 0 0 0 0 1 0
1 66 0 1 0 0 0 0 1 0 0 0 0 1 0
1 67 0 1 0 0 0 0 1 0 0 0 0 1 0
1 68 0 1 0 0 0 0 1 0 0 0 0 1 0
1 69 0 1 0 0 0 0 1 0 0 0 0 1 0
1 70 0 1 0 0 0 0 1 0 0 0 0 1 0
1 71 37 0.936797 0.0606728 -0.344571 0.458686 0.227353 0.643008 0.731335 -0.794608 0.265934 -0.763453 0.588574 0.397751
1 72 0 1 0 0 0 0 1 0 0 0 0 1 0
1 73 0 1 0 0 0 0 1 0 0 0 0 1 0
1 74 0 1 0 0 0 0 1 0 0 0 0 1 0
1 75 0 1 0 0 0 0 1 0 0 0 0 1 0
1 76 0 1 0 0 0 0 1 0 0 0 0 1 0
1 77 0 1 0 0 0 0 1 0 0 0 0 1 0
1 78 0 1 0 0 0 0 1 0 0 0 0 1 0
1 79 0 1 0 0 0 0 1 0 0 0 0 1 0
1 80 0 1 0 0 0 0 1 0 0 0 0 1 0
1 81 0 1 0 0 0 0 1 0 0 0 0 1 0
1 82 0 1 0 0 0 0 1 0 0 0 0 1 0
1 83 0 1 0 0 0 0 1 0 0 0 0 1 0
1 84 0 1 0 0 0 0 1 0 0 0 0 1 0
1 85 0 1 0 0 0 0 1 0 0 0 0 1 0
1 86 0 1 0 0 0 0 1 0 0 0 0 1 0
1 87 0 1 0 0 0 0 1 0 0 0 0 1 0
1 88 12 0.963741 -0.264685 0.0338432 -0.016985 0.264769 0.96431 0.00204749 -0.0580765 -0.0331773 0.0069874 0.999425 -0.998168
1 89 37 0.961173 -0.109215 0.253412 -0.743147 0.124048 0.991333 -0.0432628 -0.199356 -0.246491 0.0730183 0.96639 -0.638741
1 90 76 0.971862 -0.0463096 0.230953 -0.622473 0.10543 0.962307 -0.2507 0.017041 -0.210638 0.267995 0.940112 -0.782456
1 91 34 0.916555 -0.232066 -0.325687 0.766446 0.0338242 0.856472 -0.515083 0.580908 0.398476 0.461086 0.792854 -0.274055
1 92 56 0.908162 0.342941 -0.240069 0.362957 -0.131034 0.777539 0.61503 -0.928963 0.397582 -0.52709 0.751069 0.0727313
1 93 0 1 0 0 0 0 1 0 0 0 0 1 0
1 94 53 0.988699 -0.11411 -0.097227 0.372035 0.108032 0.991977 -0.0656625 0.0583074 0.10394 0.0544168 0.993094 -0.926385
1 95 32 0.991911 -0.0989706 -0.0794858 0.355958 0.0926519 0.992512 -0.0796002 0.044891 0.0867687 0.0715918 0.993653 -0.933423
1 96 51 0.740039 -0.22046 -0.635405 0.949682 0.123627 0.973242 -0.193691 0.312647 0.661104 0.0647854 0.747492 -0.0188599
1 97 31 0.99519 0.0352218 -0.091416 0.207219 -0.0392719 0.998308 -0.0428894 -0.0335096 0.0897507 0.0462731 0.994889 -0.977721
1 98 0 1 0 0 0 0 1 0 0 0 0 1 0
1 99 0 1 0 0 0 0 1 0 0 0 0 1 0
1 100 0 1 0 0 0 0 1 0 0 0 0 1 0
1 101 0 1 0 0 0 0 1 0 0 0 0 1 0
1 102 0 1 0 0 0 0 1 0 0 0 0 1 0
1 103 0 1 0 0 0 0 1 0 0 0 0 1 0
1 104 0 1 0 0 0 0 1 0 0 0 0 1 0
1 105 0 1 0 0 0 0 1 0 0 0 0 1 0
1 106 0 1 0 0 0 0 1 0 0 0 0 1 0
1 107 0 1 0 0 0 0 1 0 0 0 0 1 0
1 108 0 1 0 0 0 0 1 0 0 0 0 1 0
1 109 0 1 0 0 0 0 1 0 0 0 0 1 0
1 110 0 1 0 0 0 0 1 0 0 0 0 1 0
1 111 0 1 0 0 0 0 1 0 0 0 0 1 0
1 112 0 1 0 0 0 0 1 0 0 0 0 1 0
1 113 0 1 0 0 0 0 1 0 0 0 0 1 0
1 114 0 1 0 0 0 0 1 0 0 0 0 1 0
1 115 0 1 0 0 0 0 1 0 0 0 0 1 0
1 116 0 1 0 0 0 0 1 0 0 0 0 1 0
1 117 0 1 0 0 0 0 1 0 0 0 0 1 0
1 118 0 1 0 0 0 0 1 0 0 0 0 1 0
1 119 0 1 0 0 0 0 1 0 0 0 0 1 0
1 120 0 1 0 0 0 0 1 0 0 0 0 1 0
1 121 0 1 0 0 0 0 1 0 0 0 0 1 0
1 122 0 1 0 0 0 0 1 0 0 0 0 1 0
1 123 0 1 0 0 0 0 1 0 0 0 0 1 0
1 124 0 1 0 0 0 0 1 0 0 0 0 1 0
1 125 0 1 0 0 0 0 1 0 0 0 0 1 0
1 126 0 1 0 0 0 0 1 0 0 0 0 1 0
1 127 35 0.148721 -0.469782 -0.870165 0.791834 0.188851 0.877248 -0.44133 0.31809 0.970679 -0.0986969 0.219184 0.521362
1 128 13 0.996005 0.022551 -0.0864024 0.128142 -0.00998355 0.989642 0.143211 -0.17435 0.088737 -0.141776 0.985913 -0.97631
1 129 0 1 0 0 0 0 1 0 0 0 0 1 0
1 130 0 1 0 0 0 0 1 0 0 0 0 1 0
1 131 0 1 0 0 0 0 1 0 0 0 0 1 0
1 132 0 1 0 0 0 0 1 0 0 0 0 1 0
1 133 0 1 0 0 0 0 1 0 0 0 0 1 0
1 134 0 1 0 0 0 0 1 0 0 0 0 1 0
1 135 0 1 0 0 0 0 1 0 0 0 0 1 0
1 136 0 1 0 0 0 0 1 0 0 0 0 1 0
1 137 0 1 0 0 0 0 1 0 0 0 0 1 0
1 138 0 1 0 0 0 0 1 0 0 0 0 1 0
1 139 0 1 0 0 0 0 1 0 0 0 0 1 0
1 140 41 0.987452 -0.0702196 -0.141449 0.0778937 0.0706659 0.997498 -0.00187123 0.063437 0.141227 -0.00814789 0.989944 0.994941
1 141 115 0.96188 -0.114268 0.248455 -0.951388 0.0735432 0.983136 0.167439 -0.0908386 -0.263398 -0.142784 0.954062 0.294293
1 142 60 0.982193 -0.186157 -0.0253288 0.402814 0.184997 0.981828 -0.0423078 0.0203075 0.0327445 0.0368687 0.998784 0.915056
1 143 0 1 0 0 0 0 1 0 0 0 0 1 0
1 144 0 1 0 0 0 0 1 0 0 0 0 1 0
1 145 0 1 0 0 0 0 1 0 0 0 0 1 0
1 146 0 1 0 0 0 0 1 0 0 0 0 1 0
1 147 0 1 0 0 0 0 1 0 0 0 0 1 0
1 148 0 1 0 0 0 0 1 0 0 0 0 1 0
1 149 0 1 0 0 0 0 1 0 0 0 0 1 0
1 150 0 1 0 0 0 0 1 0 0 0 0 1 0
1 151 0 1 0 0 0 0 1 0 0 0 0 1 0
1 152 0 1 0 0 0 0 1 0 0 0 0 1 0
1 153 0 1 0 0 0 0 1 0 0 0 0 1 0
1 154 0 1 0 0 0 0 1 0 0 0 0 1 0
1 155 0 1 0 0 0 0 1 0 0 0 0 1 0
1 156 0 1 0 0 0 0 1 0 0 0 0 1 0
1 157 0 1 0 0 0 0 1 0 0 0 0 1 0
1 158 0 1 0 0 0 0 1 0 0 0 0 1 0
1 159 0 1 0 0 0 0 1 0 0 0 0 1 0
1 160 0 1 0 0 0 0 1 0 0 0 0 1 0
2 3 267 0.974603 0.0746066 -0.211149 0.982098 -0.0719181 0.997202 0.0203946 0.0380871 0.212079 -0.0046912 0.977241 0.184482
2 4 27 0.963001 0.143429 -0.228162 0.902437 -0.123174 0.987259 0.100738 0.0403243 0.239704 -0.068907 0.968398 -0.428931
2 5 32 0.895576 0.285905 -0.340885 0.924512 -0.272063 0.958168 0.0888622 -0.0583337 0.352032 0.0131594 0.935896 -0.376663
2 6 44 -0.822967 0.503462 -0.263156 -0.0326831 0.242526 0.730265 0.638666 -0.266644 0.513718 0.461779 -0.723087 0.963241
2 7 45 0.909526 0.374226 0.180882 -0.37714 -0.379533 0.925161 -0.00566164 -0.0366869 -0.169464 -0.0635013 0.983489 0.925429
2 8 0 1 0 0 0 0 1 0 0 0 0 1 0
2 9 19 -0.994582 -0.0764797 0.0704035 0.134756 0.10367 -0.779491 0.617776 0.283813 0.00763157 0.621727 0.783196 0.949363
2 10 21 0.0619686 0.964836 -0.255444 -0.0509337 0.986882 -0.0210059 0.160068 0.334601 0.149074 -0.262013 -0.953481 0.940982
2 11 0 1 0 0 0 0 1 0 0 0 0 1 0
2 12 21 0.832513 -0.50333 0.231477 0.0343743 0.167455 0.6269 0.760891 0.324933 -0.528092 -0.594689 0.606188 0.945112
2 13 0 1 0 0 0 0 1 0 0 0 0 1 0
2 14 44 0.366036 0.641568 -0.674098 0.148372 0.128625 0.682537 0.719443 0.311989 0.921669 -0.350047 0.167311 0.938429
2 15 0 1 0 0 0 0 1 0 0 0 0 1 0
2 16 0 1 0 0 0 0 1 0 0 0 0 1 0
2 17 30 -0.404578 -0.910013 -0.0905113 0.162922 -0.84388 0.333363 0.420399 0.184876 -0.352396 0.246465 -0.902813 0.969163
2 18 0 1 0 0 0 0 1 0 0 0 0 1 0
2 19 20 -0.970044 1.67694e-05 -0.242928 -0.0547831 -0.0292131 -0.992751 0.116583 0.34411 -0.241166 0.120188 0.963013 0.93733
2 20 0 1 0 0 0 0 1 0 0 0 0 1 0
2 21 16 0.164026 0.916796 0.364115 0.0491166 -0.985282 0.170261 0.0151529 0.298092 -0.0481025 -0.361241 0.931231 0.953273
2 22 0 1 0 0 0 0 1 0 0 0 0 1 0
2 23 0 1 0 0 0 0 1 0 0 0 0 1 0
2 24 0 1 0 0 0 0 1 0 0 0 0 1 0
2 25 0 1 0 0 0 0 1 0 0 0 0 1 0
2 26 21 -0.598299 0.77868 0.188932 0.221885 0.665313 0.614175 -0.424439 0.307977 -0.446539 -0.128243 -0.885526 0.925158
2 27 0 1 0 0 0 0 1 0 0 0 0 1 0
2 28 0 1 0 0 0 0 1 0 0 0 0 1 0
2 29 0 1 0 0 0 0 1 0 0 0 0 1 0
2 30 0 1 0 0 0 0 1 0 0 0 0 1 0
2 31 0 1 0 0 0 0 1 0 0 0 0 1 0
2 32 0 1 0 0 0 0 1 0 0 0 0 1 0
2 33 0 1 0 0 0 0 1 0 0 0 0 1 0
2 34 17 0.120732 -0.986975 -0.106317 -0.15094 -0.911464 -0.0677869 -0.405755 0.349815 0.393264 0.145892 -0.907777 0.924579
2 35 0 1 0 0 0 0 1 0 0 0 0 1 0
2 36 20 0.801256 -0.183225 -0.569577 -0.130584 -0.317557 0.676584 -0.664373 0.223252 0.507096 0.713206 0.483932 0.965974
2 37 26 -0.81925 -0.512438 -0.257366 -0.166158 -0.437041 0.848532 -0.29831 0.310192 0.371248 -0.131911 -0.919116 0.936041
2 38 0 1 0 0 0 0 1 0 0 0 0 1 0
2 39 0 1 0 0 0 0 1 0 0 0 0 1 0
2 40 0 1 0 0 0 0 1 0 0 0 0 1 0
2 41 0 1 0 0 0 0 1 0 0 0 0 1 0
2 42 0 1 0 0 0 0 1 0 0 0 0 1 0
2 43 0 1 0 0 0 0 1 0 0 0 0 1 0
2 44 0 1 0 0 0 0 1 0 0 0 0 1 0
2 45 0 1 0 0 0 0 1 0 0 0 0 1 0
2 46 0 1 0 0 0 0 1 0 0 0 0 1 0
2 47 0 1 0 0 0 0 1 0 0 0 0 1 0
2 48 21 -0.00963229 0.315388 0.948914 -0.243573 0.955553 -0.276731 0.101676 -0.334048 0.294661 0.907717 -0.298705 0.91054
2 49 28 -0.7329 -0.597154 -0.325984 0.404057 -0.491273 0.795991 -0.353624 0.0102699 0.470648 -0.0990236 -0.876747 0.914676
2 50 26 -0.166696 0.749854 -0.640259 0.3551 0.985799 0.140111 -0.0925655 0.0963166 0.0202968 -0.646597 -0.762561 0.929853
2 51 0 1 0 0 0 0 1 0 0 0 0 1 0
2 52 0 1 0 0 0 0 1 0 0 0 0 1 0
2 53 0 1 0 0 0 0 1 0 0 0 0 1 0
2 54 0 1 0 0 0 0 1 0 0 0 0 1 0
2 55 23 -0.266973 0.963704 -0.000257022 0.223016 0.959458 0.265771 -0.093845 0.194099 -0.0903705 -0.0253007 -0.995587 0.955296
2 56 23 0.580674 -0.792254 -0.187486 0.178784 -0.391955 -0.473887 0.788544 0.164308 -0.713575 -0.384401 -0.585702 0.970072
2 57 0 1 0 0 0 0 1 0 0 0 0 1 0
2 58 19 -0.48696 -0.478587 0.730633 -0.00182604 0.357917 -0.872396 -0.332898 0.241808 0.796722 0.0993982 0.596116 0.970322
2 59 31 -0.718328 -0.351844 0.600176 -0.0183164 0.35694 -0.926877 -0.116159 0.34009 0.597159 0.130787 0.791389 0.940215
2 60 13 0.932996 -0.344255 -0.104916 -0.329751 0.349241 0.936452 0.032999 0.291917 0.0868883 -0.0674287 0.993933 0.897802
2 61 11 0.00339774 0.999807 0.0193576 -0.315706 0.99975 -0.00382367 0.0220089 0.294862 0.0220786 0.019278 -0.99957 0.901879
2 62 0 1 0 0 0 0 1 0 0 0 0 1 0
2 63 44 -0.241144 -0.664474 -0.707336 -0.266582 0.364224 -0.737533 0.56867 0.346967 -0.89955 -0.120497 0.419869 0.899193
2 64 0 1 0 0 0 0 1 0 0 0 0 1 0
2 65 0 1 0 0 0 0 1 0 0 0 0 1 0
2 66 0 1 0 0 0 0 1 0 0 0 0 1 0
2 67 45 0.982696 -0.0998343 -0.156021 0.351005 0.0379266 0.932922 -0.358076 0.836525 0.181303 0.345963 0.920565 0.420739
2 68 27 0.992401 -0.0167042 0.121905 -0.096773 -0.00948804 0.977403 0.21117 0.332265 -0.122678 -0.210722 0.969818 0.938208
2 69 47 -0.100923 0.945045 0.310973 -0.213343 0.898731 -0.0474669 0.435924 -0.0922518 0.426729 0.323476 -0.844551 0.972612
2 70 27 0.266121 -0.936764 0.227273 -0.0839026 -0.172912 0.18556 0.9673 0.130462 -0.948304 -0.296717 -0.112597 0.987897
2 71 52 -0.869644 0.411061 -0.2734 -0.0802077 0.450823 0.886941 -0.100471 0.137697 0.20119 -0.21063 -0.956639 0.987221
2 72 36 0.0646159 0.336813 -0.939352 -0.0299463 -0.836416 0.531687 0.133106 -0.048783 0.544273 0.777088 0.316071 0.99836
2 73 0 1 0 0 0 0 1 0 0 0 0 1 0
2 74 0 1 0 0 0 0 1 0 0 0 0 1 0
2 75 0 1 0 0 0 0 1 0 0 0 0 1 0
2 76 21 0.0392189 -0.986324 0.160086 -0.060361 -0.844232 -0.118412 -0.522734 0.283218 0.534541 -0.114648 -0.83733 0.957154
2 77 21 -0.228083 0.139105 -0.963653 -0.270093 -0.821906 -0.558105 0.11397 0.167607 -0.521966 0.818028 0.241625 0.948134
2 78 0 1 0 0 0 0 1 0 0 0 0 1 0
2 79 0 1 0 0 0 0 1 0 0 0 0 1 0
2 80 23 0.0162506 0.991362 -0.130144 -0.215336 0.982871 0.00805907 0.184117 0.216368 0.183576 -0.130906 -0.97425 0.952269
2 81 23 -0.0540515 0.713995 0.698061 -0.129598 0.948585 0.25506 -0.187432 0.255274 -0.311874 0.65204 -0.691071 0.958144
2 82 20 0.462052 -0.394149 0.794452 -0.152276 0.50637 0.852683 0.128535 0.354511 -0.728077 0.342897 0.59357 0.922569
2 83 0 1 0 0 0 0 1 0 0 0 0 1 0
2 84 21 -0.827303 -0.078828 0.556198 0.214169 -0.390662 -0.630752 -0.670474 0.155401 0.403675 -0.77197 0.491027 0.964356
2 85 0 1 0 0 0 0 1 0 0 0 0 1 0
2 86 0 1 0 0 0 0 1 0 0 0 0 1 0
2 87 0 1 0 0 0 0 1 0 0 0 0 1 0
2 88 0 1 0 0 0 0 1 0 0 0 0 1 0
2 89 49 -0.615349 -0.380448 -0.690366 0.434816 -0.706031 0.655474 0.268093 -0.231387 0.350522 0.65239 -0.671953 0.870284
2 90 19 -0.858343 0.509753 0.0583052 -0.0323075 0.488175 0.776419 0.398571 0.1452 0.157903 0.370573 -0.915282 0.988875
2 91 35 -0.133079 -0.427706 -0.894068 0.298848 -0.826911 0.545204 -0.137733 -0.25255 0.546359 0.720986 -0.42623 0.920276
2 92 24 -0.765055 -0.539889 0.351014 -0.409102 0.642138 -0.598565 0.478935 -0.223786 -0.0484673 0.591811 0.804618 -0.884622
2 93 58 0.200165 -0.819822 -0.536493 0.368536 -0.766953 0.209635 -0.606496 0.281303 0.609687 0.532864 -0.586803 0.88603
2 94 47 0.978896 -0.19909 -0.0461033 0.316897 0.196602 0.979028 -0.0534007 0.111067 0.055768 0.0432097 0.997508 -0.941934
2 95 293 0.959865 -0.263733 0.0954103 -0.238552 0.276851 0.945404 -0.171944 0.513369 -0.0448539 0.191457 0.980476 -0.824345
2 96 197 0.961678 -0.221576 -0.161489 0.442752 0.225954 0.974096 0.00903542 0.0393544 0.155304 -0.0451783 0.986833 -0.89578
2 97 88 0.926451 -0.0191428 -0.375927 0.915838 0.0374451 0.998439 0.0414393 -0.209991 0.374547 -0.0524682 0.925722 -0.342264
2 98 0 1 0 0 0 0 1 0 0 0 0 1 0
2 99 0 1 0 0 0 0 1 0 0 0 0 1 0
2 100 0 1 0 0 0 0 1 0 0 0 0 1 0
2 101 0 1 0 0 0 0 1 0 0 0 0 1 0
2 102 0 1 0 0 0 0 1 0 0 0 0 1 0
2 103 0 1 0 0 0 0 1 0 0 0 0 1 0
2 104 0 1 0 0 0 0 1 0 0 0 0 1 0
2 105 23 -0.234906 -0.971207 -0.0397114 -0.171168 -0.866282 0.190648 0.461745 -0.199745 -0.440879 0.142868 -0.886123 0.964782
2 106 0 1 0 0 0 0 1 0 0 0 0 1 0
2 107 20 0.203889 0.954172 0.219055 -0.232956 0.924647 -0.261203 0.277129 -0.322687 0.321646 0.146045 -0.935529 0.91739
2 108 23 -0.124817 -0.195693 0.97269 0.437877 0.679247 0.697746 0.227539 0.222558 -0.723218 0.689097 0.0458331 0.871052
2 109 0 1 0 0 0 0 1 0 0 0 0 1 0
2 110 25 -0.277248 0.802824 -0.527833 0.193449 0.927102 0.0793226 -0.366319 0.230871 -0.252221 -0.590916 -0.766292 0.95356
2 111 18 0.858122 0.480086 -0.182054 -0.169771 -0.484814 0.640874 -0.595178 -0.309315 -0.169063 0.598997 0.7827 0.935683
2 112 22 -0.219566 -0.952101 0.212827 -0.348929 -0.893838 0.28374 0.347197 -0.314257 -0.390954 -0.114001 -0.913323 0.882888
2 113 67 -0.80641 0.378908 0.454017 0.297457 0.431413 0.902055 0.0134368 0.316694 -0.404457 0.206704 -0.890892 0.90068
2 114 19 0.35654 0.651333 0.66981 0.384581 -0.924234 0.350744 0.150901 0.310046 -0.136645 -0.672863 0.727038 0.869465
2 115 22 -0.949901 0.302004 0.0805044 0.250637 -0.305263 -0.841162 -0.446387 0.303316 -0.0670934 -0.448599 0.891211 0.919337
2 116 22 -0.239713 0.936628 0.255473 0.281783 0.970821 0.233052 0.0565069 0.129034 -0.00661242 0.261564 -0.965164 0.950762
2 117 0 1 0 0 0 0 1 0 0 0 0 1 0
2 118 0 1 0 0 0 0 1 0 0 0 0 1 0
2 119 30 -0.878844 0.430063 -0.206589 -0.28283 -0.41401 -0.90262 -0.117782 0.33494 -0.237125 -0.0179821 0.971313 0.898789
2 120 25 0.183859 -0.92048 -0.344837 0.157259 -0.945373 -0.0695162 -0.318491 0.140067 0.269193 0.384557 -0.882979 0.977574
2 121 0 1 0 0 0 0 1 0 0 0 0 1 0
2 122 0 1 0 0 0 0 1 0 0 0 0 1 0
2 123 0 1 0 0 0 0 1 0 0 0 0 1 0
2 124 0 1 0 0 0 0 1 0 0 0 0 1 0
2 125 0 1 0 0 0 0 1 0 0 0 0 1 0
2 126 0 1 0 0 0 0 1 0 0 0 0 1 0
2 127 31 -0.847531 -0.155295 -0.507518 -0.0719075 0.0484436 -0.974879 0.217404 0.383802 -0.52853 0.15967 0.833763 0.920611
2 128 47 -0.375129 0.496835 -0.782581 0.453972 0.617362 -0.495853 -0.610732 -0.0560742 -0.691478 -0.712239 -0.120718 0.88925
2 129 0 1 0 0 0 0 1 0 0 0 0 1 0
2 130 0 1 0 0 0 0 1 0 0 0 0 1 0
2 131 0 1 0 0 0 0 1 0 0 0 0 1 0
2 132 0 1 0 0 0 0 1 0 0 0 0 1 0
2 133 0 1 0 0 0 0 1 0 0 0 0 1 0
2 134 0 1 0 0 0 0 1 0 0 0 0 1 0
2 135 0 1 0 0 0 0 1 0 0 0 0 1 0
2 136 0 1 0 0 0 0 1 0 0 0 0 1 0
2 137 0 1 0 0 0 0 1 0 0 0 0 1 0
2 138 16 -0.646971 -0.418923 0.637128 0.375419 -0.484166 -0.419816 -0.767683 -0.371418 0.589077 -0.805145 0.068781 0.849181
2 139 0 1 0 0 0 0 1 0 0 0 0 1 0
2 140 55 0.0368064 0.544772 -0.837776 0.243387 0.987661 0.107869 0.113534 0.00794258 0.15222 -0.831618 -0.534079 0.969897
2 141 19 0.762562 -0.549334 0.34166 -0.422409 -0.58947 -0.807608 0.0171551 -0.288743 0.266504 -0.214481 -0.939667 0.859185
2 142 42 -0.765586 0.118766 -0.632276 0.333169 -0.242972 0.856644 0.455111 -0.295047 0.595687 0.502052 -0.626978 0.895514
2 143 35 -0.476631 -0.472599 0.741264 -0.181316 0.0944812 0.810782 0.577672 -0.148165 -0.874012 0.345372 -0.341792 0.972199
2 144 46 0.251175 -0.871088 -0.422039 0.319425 0.686372 -0.14715 0.712209 0.066314 -0.682499 -0.468565 0.56093 0.945288
2 145 35 -0.777571 0.496059 -0.386405 -0.137308 -0.518319 -0.853558 -0.0527564 0.346528 -0.35599 0.15926 0.920819 0.927936
2 146 25 0.170964 -0.982748 0.070556 0.332138 -0.984582 -0.167716 0.0496856 0.0990998 -0.036995 -0.0779627 -0.99627 0.93801
2 147 0 1 0 0 0 0 1 0 0 0 0 1 0
2 148 0 1 0 0 0 0 1 0 0 0 0 1 0
2 149 0 1 0 0 0 0 1 0 0 0 0 1 0
2 150 0 1 0 0 0 0 1 0 0 0 0 1 0
2 151 0 1 0 0 0 0 1 0 0 0 0 1 0
2 152 0 1 0 0 0 0 1 0 0 0 0 1 0
2 153 0 1 0 0 0 0 1 0 0 0 0 1 0
2 154 0 1 0 0 0 0 1 0 0 0 0 1 0
2 155 18 -0.968846 0.103001 -0.225229 0.0211407 0.0465492 -0.817473 -0.574082 -0.367587 -0.24325 -0.566681 0.787211 0.929749
2 156 0 1 0 0 0 0 1 0 0 0 0 1 0
2 157 0 1 0 0 0 0 1 0 0 0 0 1 0
2 158 0 1 0 0 0 0 1 0 0 0 0 1 0
2 159 0 1 0 0 0 0 1 0 0 0 0 1 0
2 160 0 1 0 0 0 0 1 0 0 0 0 1 0
3 4 205 0.946759 0.12314 -0.297463 0.993961 -0.103986 0.991401 0.0794436 -0.0285881 0.304688 -0.044282 0.951422 0.105949
3 5 98 0.622368 0.256643 -0.739454 0.711844 -0.223789 0.963626 0.146093 -0.171814 0.750051 0.074558 0.657164 0.680997
3 6 59 -0.840898 0.340109 0.420971 -0.305809 0.477142 0.83299 0.280114 -0.116484 -0.255396 0.43641 -0.862739 0.94494
3 7 42 -0.748936 0.661905 0.0312487 -0.219923 0.570716 0.620357 0.537997 -0.105653 0.336718 0.420759 -0.842367 0.969779
3 8 0 1 0 0 0 0 1 0 0 0 0 1 0
3 9 20 0.699712 -0.419523 0.578277 -0.350806 -0.344307 -0.907246 -0.241572 -0.0819424 0.625984 -0.0300734 -0.779255 0.932856
3 10 0 1 0 0 0 0 1 0 0 0 0 1 0
3 11 0 1 0 0 0 0 1 0 0 0 0 1 0
3 12 0 1 0 0 0 0 1 0 0 0 0 1 0
3 13 0 1 0 0 0 0 1 0 0 0 0 1 0
3 14 0 1 0 0 0 0 1 0 0 0 0 1 0
3 15 0 1 0 0 0 0 1 0 0 0 0 1 0
3 16 0 1 0 0 0 0 1 0 0 0 0 1 0
3 17 0 1 0 0 0 0 1 0 0 0 0 1 0
3 18 0 1 0 0 0 0 1 0 0 0 0 1 0
3 19 0 1 0 0 0 0 1 0 0 0 0 1 0
3 20 0 1 0 0 0 0 1 0 0 0 0 1 0
3 21 18 -0.850813 0.500324 -0.160605 0.0549928 -0.504781 -0.863122 -0.0147332 0.316757 -0.145993 0.0685352 0.986909 0.946911
3 22 0 1 0 0 0 0 1 0 0 0 0 1 0
3 23 0 1 0 0 0 0 1 0 0 0 0 1 0
3 24 0 1 0 0 0 0 1 0 0 0 0 1 0
3 25 0 1 0 0 0 0 1 0 0 0 0 1 0
3 26 0 1 0 0 0 0 1 0 0 0 0 1 0
3 27 0 1 0 0 0 0 1 0 0 0 0 1 0
3 28 0 1 0 0 0 0 1 0 0 0 0 1 0
3 29 11 -0.346823 -0.796802 -0.494794 0.358617 -0.927767 0.368894 0.0562568 -0.0745595 0.137701 0.478565 -0.867188 0.930502
3 30 0 1 0 0 0 0 1 0 0 0 0 1 0
3 31 0 1 0 0 0 0 1 0 0 0 0 1 0
3 32 0 1 0 0 0 0 1 0 0 0 0 1 0
3 33 0 1 0 0 0 0 1 0 0 0 0 1 0
3 34 0 1 0 0 0 0 1 0 0 0 0 1 0
3 35 0 1 0 0 0 0 1 0 0 0 0 1 0
3 36 0 1 0 0 0 0 1 0 0 0 0 1 0
3 37 0 1 0 0 0 0 1 0 0 0 0 1 0
3 38 0 1 0 0 0 0 1 0 0 0 0 1 0
3 39 0 1 0 0 0 0 1 0 0 0 0 1 0
3 40 0 1 0 0 0 0 1 0 0 0 0 1 0
3 41 0 1 0 0 0 0 1 0 0 0 0 1 0
3 42 0 1 0 0 0 0 1 0 0 0 0 1 0
3 43 0 1 0 0 0 0 1 0 0 0 0 1 0
3 44 0 1 0 0 0 0 1 0 0 0 0 1 0
3 45 0 1 0 0 0 0 1 0 0 0 0 1 0
3 46 0 1 0 0 0 0 1 0 0 0 0 1 0
3 47 0 1 0 0 0 0 1 0 0 0 0 1 0
3 48 0 1 0 0 0 0 1 0 0 0 0 1 0
3 49 0 1 0 0 0 0 1 0 0 0 0 1 0
3 50 0 1 0 0 0 0 1 0 0 0 0 1 0
3 51 0 1 0 0 0 0 1 0 0 0 0 1 0
3 52 0 1 0 0 0 0 1 0 0 0 0 1 0
3 53 0 1 0 0 0 0 1 0 0 0 0 1 0
3 54 10 -0.987213 -0.125328 0.098507 -0.120199 0.131961 -0.989189 0.063957 -0.303606 0.0894264 0.0761382 0.993079 -0.945185
3 55 0 1 0 0 0 0 1 0 0 0 0 1 0
3 56 0 1 0 0 0 0 1 0 0 0 0 1 0
3 57 0 1 0 0 0 0 1 0 0 0 0 1 0
3 58 0 1 0 0 0 0 1 0 0 0 0 1 0
3 59 0 1 0 0 0 0 1 0 0 0 0 1 0
3 60 0 1 0 0 0 0 1 0 0 0 0 1 0
3 61 0 1 0 0 0 0 1 0 0 0 0 1 0
3 62 0 1 0 0 0 0 1 0 0 0 0 1 0
3 63 39 0.14016 -0.990117 0.00482475 -0.266582 -0.987849 -0.140166 -0.0671463 0.346967 0.067159 0.0046451 -0.997731 0.899193
3 64 0 1 0 0 0 0 1 0 0 0 0 1 0
3 65 16 0.118144 -0.976042 0.182711 0.068659 0.917152 0.177786 0.356684 0.267836 -0.380622 0.125434 0.916184 0.961015
3 66 42 0.816326 0.570731 0.0887573 -0.0576674 0.437633 -0.711459 0.549821 -0.279827 0.376947 -0.40999 -0.830554 0.958317
3 67 23 -0.94877 -0.314447 -0.030946 -0.0668075 -0.302575 0.932403 -0.197668 0.181573 0.0910104 -0.178179 -0.97978 0.981106
3 68 0 1 0 0 0 0 1 0 0 0 0 1 0
3 69 0 1 0 0 0 0 1 0 0 0 0 1 0
3 70 0 1 0 0 0 0 1 0 0 0 0 1 0
3 71 16 -0.507962 0.853097 -0.119165 0.206512 -0.810464 -0.520199 -0.269334 0.00910167 -0.291758 -0.040233 0.955646 -0.978402
3 72 0 1 0 0 0 0 1 0 0 0 0 1 0
3 73 0 1 0 0 0 0 1 0 0 0 0 1 0
3 74 0 1 0 0 0 0 1 0 0 0 0 1 0
3 75 0 1 0 0 0 0 1 0 0 0 0 1 0
3 76 0 1 0 0 0 0 1 0 0 0 0 1 0
3 77 0 1 0 0 0 0 1 0 0 0 0 1 0
3 78 0 1 0 0 0 0 1 0 0 0 0 1 0
3 79 0 1 0 0 0 0 1 0 0 0 0 1 0
3 80 0 1 0 0 0 0 1 0 0 0 0 1 0
3 81 0 1 0 0 0 0 1 0 0 0 0 1 0
3 82 0 1 0 0 0 0 1 0 0 0 0 1 0
3 83 0 1 0 0 0 0 1 0 0 0 0 1 0
3 84 0 1 0 0 0 0 1 0 0 0 0 1 0
3 85 0 1 0 0 0 0 1 0 0 0 0 1 0
3 86 0 1 0 0 0 0 1 0 0 0 0 1 0
3 87 0 1 0 0 0 0 1 0 0 0 0 1 0
3 88 35 0.0949509 -0.904274 0.41626 0.452488 0.934756 0.2248 0.275129 -0.114957 -0.342368 0.362977 0.866621 0.88433
3 89 47 0.0241998 -0.741639 -0.670362 0.441919 -0.962654 0.163582 -0.215726 -0.200523 0.269651 0.650548 -0.709983 0.874356
3 90 0 1 0 0 0 0 1 0 0 0 0 1 0
3 91 0 1 0 0 0 0 1 0 0 0 0 1 0
3 92 0 1 0 0 0 0 1 0 0 0 0 1 0
3 93 0 1 0 0 0 0 1 0 0 0 0 1 0
3 94 0 1 0 0 0 0 1 0 0 0 0 1 0
3 95 0 1 0 0 0 0 1 0 0 0 0 1 0
3 96 89 0.958493 -0.266144 -0.102266 -0.349845 0.270569 0.962172 0.0319058 -0.329994 0.089906 -0.0582515 0.994245 -0.876762
3 97 225 0.965291 -0.040776 -0.257974 0.2543 0.062006 0.995276 0.0746991 -0.569382 0.25371 -0.0881023 0.96326 -0.781752
3 98 0 1 0 0 0 0 1 0 0 0 0 1 0
3 99 0 1 0 0 0 0 1 0 0 0 0 1 0
3 100 0 1 0 0 0 0 1 0 0 0 0 1 0
3 101 0 1 0 0 0 0 1 0 0 0 0 1 0
3 102 0 1 0 0 0 0 1 0 0 0 0 1 0
3 103 0 1 0 0 0 0 1 0 0 0 0 1 0
3 104 0 1 0 0 0 0 1 0 0 0 0 1 0
3 105 0 1 0 0 0 0 1 0 0 0 0 1 0
3 106 0 1 0 0 0 0 1 0 0 0 0 1 0
3 107 0 1 0 0 0 0 1 0 0 0 0 1 0
3 108 0 1 0 0 0 0 1 0 0 0 0 1 0
3 109 0 1 0 0 0 0 1 0 0 0 0 1 0
3 110 0 1 0 0 0 0 1 0 0 0 0 1 0
3 111 0 1 0 0 0 0 1 0 0 0 0 1 0
3 112 13 0.90783 0.318604 0.272646 0.0247182 -0.405461 0.832801 0.376887 -0.282715 -0.106982 -0.452697 0.885223 -0.958885
3 113 0 1 0 0 0 0 1 0 0 0 0 1 0
3 114 15 -0.0642046 0.808684 0.584729 0.383445 -0.990796 -0.121624 0.0594156 0.330178 0.119166 -0.575532 0.80905 0.862527
3 115 0 1 0 0 0 0 1 0 0 0 0 1 0
3 116 0 1 0 0 0 0 1 0 0 0 0 1 0
3 117 0 1 0 0 0 0 1 0 0 0 0 1 0
3 118 0 1 0 0 0 0 1 0 0 0 0 1 0
3 119 0 1 0 0 0 0 1 0 0 0 0 1 0
3 120 0 1 0 0 0 0 1 0 0 0 0 1 0
3 121 0 1 0 0 0 0 1 0 0 0 0 1 0
3 122 0 1 0 0 0 0 1 0 0 0 0 1 0
3 123 0 1 0 0 0 0 1 0 0 0 0 1 0
3 124 0 1 0 0 0 0 1 0 0 0 0 1 0
3 125 0 1 0 0 0 0 1 0 0 0 0 1 0
3 126 0 1 0 0 0 0 1 0 0 0 0 1 0
3 127 0 1 0 0 0 0 1 0 0 0 0 1 0
3 128 0 1 0 0 0 0 1 0 0 0 0 1 0
3 129 0 1 0 0 0 0 1 0 0 0 0 1 0
3 130 0 1 0 0 0 0 1 0 0 0 0 1 0
3 131 0 1 0 0 0 0 1 0 0 0 0 1 0
3 132 0 1 0 0 0 0 1 0 0 0 0 1 0
3 133 0 1 0 0 0 0 1 0 0 0 0 1 0
3 134 0 1 0 0 0 0 1 0 0 0 0 1 0
3 135 0 1 0 0 0 0 1 0 0 0 0 1 0
3 136 0 1 0 0 0 0 1 0 0 0 0 1 0
3 137 0 1 0 0 0 0 1 0 0 0 0 1 0
3 138 0 1 0 0 0 0 1 0 0 0 0 1 0
3 139 0 1 0 0 0 0 1 0 0 0 0 1 0
3 140 33 0.425183 0.801199 0.421069 0.243387 -0.892041 0.4497 0.045079 0.00794258 -0.153237 -0.394778 0.905908 0.969897
3 141 0 1 0 0 0 0 1 0 0 0 0 1 0
3 142 0 1 0 0 0 0 1 0 0 0 0 1 0
3 143 0 1 0 0 0 0 1 0 0 0 0 1 0
3 144 0 1 0 0 0 0 1 0 0 0 0 1 0
3 145 20 -0.144381 -0.944325 0.295641 -0.137308 -0.700573 -0.113447 -0.704505 0.346528 0.698822 -0.308835 -0.645189 0.927936
3 146 0 1 0 0 0 0 1 0 0 0 0 1 0
3 147 0 1 0 0 0 0 1 0 0 0 0 1 0
3 148 0 1 0 0 0 0 1 0 0 0 0 1 0
3 149 0 1 0 0 0 0 1 0 0 0 0 1 0
3 150 0 1 0 0 0 0 1 0 0 0 0 1 0
3 151 0 1 0 0 0 0 1 0 0 0 0 1 0
3 152 0 1 0 0 0 0 1 0 0 0 0 1 0
3 153 0 1 0 0 0 0 1 0 0 0 0 1 0
3 154 0 1 0 0 0 0 1 0 0 0 0 1 0
3 155 0 1 0 0 0 0 1 0 0 0 0 1 0
3 156 0 1 0 0 0 0 1 0 0 0 0 1 0
3 157 0 1 0 0 0 0 1 0 0 0 0 1 0
3 158 0 1 0 0 0 0 1 0 0 0 0 1 0
3 159 0 1 0 0 0 0 1 0 0 0 0 1 0
3 160 0 1 0 0 0 0 1 0 0 0 0 1 0
4 5 462 0.983503 0.0472595 -0.174609 0.851201 -0.0486639 0.998808 -0.00376751 -0.135037 0.174223 0.0122025 0.984631 0.507171
4 6 83 0.975928 0.104799 -0.191263 0.79695 -0.118893 0.990859 -0.0637368 -0.24669 0.182836 0.0849425 0.979467 0.551375
4 7 27 0.959206 0.192311 -0.207221 0.815015 -0.182267 0.980984 0.0667024 -0.286193 0.216108 -0.0262119 0.976018 0.503829
4 8 27 0.838509 0.302713 -0.453065 0.105086 -0.269372 0.953062 0.138244 0.13903 0.473648 0.00612381 0.880693 -0.984697
4 9 29 0.812947 0.198804 -0.547352 0.3155 -0.168542 0.980018 0.105629 -0.182185 0.557415 0.00638098 0.83021 0.931273
4 10 0 1 0 0 0 0 1 0 0 0 0 1 0
4 11 0 1 0 0 0 0 1 0 0 0 0 1 0
4 12 0 1 0 0 0 0 1 0 0 0 0 1 0
4 13 0 1 0 0 0 0 1 0 0 0 0 1 0
4 14 0 1 0 0 0 0 1 0 0 0 0 1 0
4 15 0 1 0 0 0 0 1 0 0 0 0 1 0
4 16 0 1 0 0 0 0 1 0 0 0 0 1 0
4 17 0 1 0 0 0 0 1 0 0 0 0 1 0
4 18 0 1 0 0 0 0 1 0 0 0 0 1 0
4 19 0 1 0 0 0 0 1 0 0 0 0 1 0
4 20 0 1 0 0 0 0 1 0 0 0 0 1 0
4 21 0 1 0 0 0 0 1 0 0 0 0 1 0
4 22 0 1 0 0 0 0 1 0 0 0 0 1 0
4 23 0 1 0 0 0 0 1 0 0 0 0 1 0
4 24 0 1 0 0 0 0 1 0 0 0 0 1 0
4 25 0 1 0 0 0 0 1 0 0 0 0 1 0
4 26 0 1 0 0 0 0 1 0 0 0 0 1 0
4 27 0 1 0 0 0 0 1 0 0 0 0 1 0
4 28 0 1 0 0 0 0 1 0 0 0 0 1 0
4 29 0 1 0 0 0 0 1 0 0 0 0 1 0
4 30 0 1 0 0 0 0 1 0 0 0 0 1 0
4 31 0 1 0 0 0 0 1 0 0 0 0 1 0
4 32 0 1 0 0 0 0 1 0 0 0 0 1 0
4 33 0 1 0 0 0 0 1 0 0 0 0 1 0
4 34 0 1 0 0 0 0 1 0 0 0 0 1 0
4 35 0 1 0 0 0 0 1 0 0 0 0 1 0
4 36 0 1 0 0 0 0 1 0 0 0 0 1 0
4 37 0 1 0 0 0 0 1 0 0 0 0 1 0
4 38 0 1 0 0 0 0 1 0 0 0 0 1 0
4 39 0 1 0 0 0 0 1 0 0 0 0 1 0
4 40 0 1 0 0 0 0 1 0 0 0 0 1 0
4 41 0 1 0 0 0 0 1 0 0 0 0 1 0
4 42 0 1 0 0 0 0 1 0 0 0 0 1 0
4 43 0 1 0 0 0 0 1 0 0 0 0 1 0
4 44 0 1 0 0 0 0 1 0 0 0 0 1 0
4 45 0 1 0 0 0 0 1 0 0 0 0 1 0
4 46 0 1 0 0 0 0 1 0 0 0 0 1 0
4 47 0 1 0 0 0 0 1 0 0 0 0 1 0
4 48 0 1 0 0 0 0 1 0 0 0 0 1 0
4 49 0 1 0 0 0 0 1 0 0 0 0 1 0
4 50 0 1 0 0 0 0 1 0 0 0 0 1 0
4 51 0 1 0 0 0 0 1 0 0 0 0 1 0
4 52 18 0.95767 0.285876 0.0338135 0.463399 0.249178 -0.882034 0.399909 -0.324585 0.144149 -0.374555 -0.915931 0.824564
4 53 0 1 0 0 0 0 1 0 0 0 0 1 0
4 54 0 1 0 0 0 0 1 0 0 0 0 1 0
4 55 0 1 0 0 0 0 1 0 0 0 0 1 0
4 56 0 1 0 0 0 0 1 0 0 0 0 1 0
4 57 0 1 0 0 0 0 1 0 0 0 0 1 0
4 58 0 1 0 0 0 0 1 0 0 0 0 1 0
4 59 0 1 0 0 0 0 1 0 0 0 0 1 0
4 60 0 1 0 0 0 0 1 0 0 0 0 1 0
4 61 0 1 0 0 0 0 1 0 0 0 0 1 0
4 62 0 1 0 0 0 0 1 0 0 0 0 1 0
4 63 0 1 0 0 0 0 1 0 0 0 0 1 0
4 64 0 1 0 0 0 0 1 0 0 0 0 1 0
4 65 0 1 0 0 0 0 1 0 0 0 0 1 0
4 66 24 0.923964 0.370424 -0.0952755 -0.0458112 0.246417 -0.385996 0.88898 -0.390172 0.292524 -0.844863 -0.447925 0.919601
4 67 0 1 0 0 0 0 1 0 0 0 0 1 0
4 68 0 1 0 0 0 0 1 0 0 0 0 1 0
4 69 0 1 0 0 0 0 1 0 0 0 0 1 0
4 70 0 1 0 0 0 0 1 0 0 0 0 1 0
4 71 0 1 0 0 0 0 1 0 0 0 0 1 0
4 72 0 1 0 0 0 0 1 0 0 0 0 1 0
4 73 0 1 0 0 0 0 1 0 0 0 0 1 0
4 74 0 1 0 0 0 0 1 0 0 0 0 1 0
4 75 0 1 0 0 0 0 1 0 0 0 0 1 0
4 76 0 1 0 0 0 0 1 0 0 0 0 1 0
4 77 0 1 0 0 0 0 1 0 0 0 0 1 0
4 78 0 1 0 0 0 0 1 0 0 0 0 1 0
4 79 0 1 0 0 0 0 1 0 0 0 0 1 0
4 80 0 1 0 0 0 0 1 0 0 0 0 1 0
4 81 0 1 0 0 0 0 1 0 0 0 0 1 0
4 82 0 1 0 0 0 0 1 0 0 0 0 1 0
4 83 0 1 0 0 0 0 1 0 0 0 0 1 0
4 84 0 1 0 0 0 0 1 0 0 0 0 1 0
4 85 0 1 0 0 0 0 1 0 0 0 0 1 0
4 86 0 1 0 0 0 0 1 0 0 0 0 1 0
4 87 14 0.520144 0.814982 -0.255449 0.454581 0.850571 -0.467213 0.241333 -0.114835 0.0773325 -0.342805 -0.936218 0.883272
4 88 27 -0.27984 0.863837 -0.418898 0.452488 -0.754959 -0.467548 -0.459821 -0.114957 -0.593065 0.187574 0.783 0.88433
4 89 16 0.966346 -0.221544 -0.130739 0.441919 -0.25313 -0.728387 -0.636693 -0.200523 0.0458267 0.64836 -0.759954 0.874356
4 90 0 1 0 0 0 0 1 0 0 0 0 1 0
4 91 0 1 0 0 0 0 1 0 0 0 0 1 0
4 92 0 1 0 0 0 0 1 0 0 0 0 1 0
4 93 0 1 0 0 0 0 1 0 0 0 0 1 0
4 94 0 1 0 0 0 0 1 0 0 0 0 1 0
4 95 0 1 0 0 0 0 1 0 0 0 0 1 0
4 96 0 1 0 0 0 0 1 0 0 0 0 1 0
4 97 52 0.575186 -0.56573 0.590856 -0.545866 0.179973 0.792117 0.583233 -0.499344 -0.79798 -0.229129 0.55743 0.67282
4 98 0 1 0 0 0 0 1 0 0 0 0 1 0
4 99 0 1 0 0 0 0 1 0 0 0 0 1 0
4 100 0 1 0 0 0 0 1 0 0 0 0 1 0
4 101 0 1 0 0 0 0 1 0 0 0 0 1 0
4 102 0 1 0 0 0 0 1 0 0 0 0 1 0
4 103 0 1 0 0 0 0 1 0 0 0 0 1 0
4 104 0 1 0 0 0 0 1 0 0 0 0 1 0
4 105 0 1 0 0 0 0 1 0 0 0 0 1 0
4 106 0 1 0 0 0 0 1 0 0 0 0 1 0
4 107 0 1 0 0 0 0 1 0 0 0 0 1 0
4 108 0 1 0 0 0 0 1 0 0 0 0 1 0
4 109 0 1 0 0 0 0 1 0 0 0 0 1 0
4 110 0 1 0 0 0 0 1 0 0 0 0 1 0
4 111 0 1 0 0 0 0 1 0 0 0 0 1 0
4 112 0 1 0 0 0 0 1 0 0 0 0 1 0
4 113 0 1 0 0 0 0 1 0 0 0 0 1 0
4 114 0 1 0 0 0 0 1 0 0 0 0 1 0
4 115 0 1 0 0 0 0 1 0 0 0 0 1 0
4 116 0 1 0 0 0 0 1 0 0 0 0 1 0
4 117 0 1 0 0 0 0 1 0 0 0 0 1 0
4 118 0 1 0 0 0 0 1 0 0 0 0 1 0
4 119 0 1 0 0 0 0 1 0 0 0 0 1 0
4 120 0 1 0 0 0 0 1 0 0 0 0 1 0
4 121 0 1 0 0 0 0 1 0 0 0 0 1 0
4 122 0 1 0 0 0 0 1 0 0 0 0 1 0
4 123 0 1 0 0 0 0 1 0 0 0 0 1 0
4 124 0 1 0 0 0 0 1 0 0 0 0 1 0
4 125 0 1 0 0 0 0 1 0 0 0 0 1 0
4 126 0 1 0 0 0 0 1 0 0 0 0 1 0
4 127 0 1 0 0 0 0 1 0 0 0 0 1 0
4 128 0 1 0 0 0 0 1 0 0 0 0 1 0
4 129 0 1 0 0 0 0 1 0 0 0 0 1 0
4 130 0 1 0 0 0 0 1 0 0 0 0 1 0
4 131 0 1 0 0 0 0 1 0 0 0 0 1 0
4 132 0 1 0 0 0 0 1 0 0 0 0 1 0
4 133 0 1 0 0 0 0 1 0 0 0 0 1 0
4 134 0 1 0 0 0 0 1 0 0 0 0 1 0
4 135 0 1 0 0 0 0 1 0 0 0 0 1 0
4 136 0 1 0 0 0 0 1 0 0 0 0 1 0
4 137 0 1 0 0 0 0 1 0 0 0 0 1 0
4 138 0 1 0 0 0 0 1 0 0 0 0 1 0
4 139 0 1 0 0 0 0 1 0 0 0 0 1 0
4 140 0 1 0 0 0 0 1 0 0 0 0 1 0
4 141 0 1 0 0 0 0 1 0 0 0 0 1 0
4 142 0 1 0 0 0 0 1 0 0 0 0 1 0
4 143 0 1 0 0 0 0 1 0 0 0 0 1 0
4 144 0 1 0 0 0 0 1 0 0 0 0 1 0
4 145 0 1 0 0 0 0 1 0 0 0 0 1 0
4 146 0 1 0 0 0 0 1 0 0 0 0 1 0
4 147 0 1 0 0 0 0 1 0 0 0 0 1 0
4 148 0 1 0 0 0 0 1 0 0 0 0 1 0
4 149 0 1 0 0 0 0 1 0 0 0 0 1 0
4 150 0 1 0 0 0 0 1 0 0 0 0 1 0
4 151 0 1 0 0 0 0 1 0 0 0 0 1 0
4 152 0 1 0 0 0 0 1 0 0 0 0 1 0
4 153 0 1 0 0 0 0 1 0 0 0 0 1 0
4 154 0 1 0 0 0 0 1 0 0 0 0 1 0
4 155 0 1 0 0 0 0 1 0 0 0 0 1 0
4 156 0 1 0 0 0 0 1 0 0 0 0 1 0
4 157 0 1 0 0 0 0 1 0 0 0 0 1 0
4 158 0 1 0 0 0 0 1 0 0 0 0 1 0
4 159 0 1 0 0 0 0 1 0 0 0 0 1 0
4 160 0 1 0 0 0 0 1 0 0 0 0 1 0
5 6 598 0.992682 0.0480231 -0.110799 0.867991 -0.0531711 0.997616 -0.043984 -0.313636 0.108422 0.0495534 0.992869 0.384999
5 7 109 0.950923 0.168639 0.259434 -0.952826 -0.157198 0.985466 -0.0643897 0.264151 -0.266522 0.0204472 0.963612 0.149489
5 8 20 -0.152926 -0.93798 0.311137 -0.26201 -0.88865 -0.00721524 -0.458529 -0.123988 0.432336 -0.346613 -0.832433 0.957067
5 9 64 0.990836 0.0544382 0.12361 -0.980874 -0.0548236 0.998496 -0.000283666 0.122133 -0.12344 -0.0064957 0.992331 0.151559
5 10 14 0.807215 0.365366 -0.463585 -0.243377 -0.275283 0.927781 0.251877 -0.128255 0.522132 -0.0757015 0.849498 -0.961415
5 11 13 0.641101 0.34446 -0.685811 0.444336 -0.255744 0.938427 0.23227 0.19329 0.723591 0.0264836 0.689721 -0.87476
5 12 0 1 0 0 0 0 1 0 0 0 0 1 0
5 13 0 1 0 0 0 0 1 0 0 0 0 1 0
5 14 0 1 0 0 0 0 1 0 0 0 0 1 0
5 15 0 1 0 0 0 0 1 0 0 0 0 1 0
5 16 0 1 0 0 0 0 1 0 0 0 0 1 0
5 17 0 1 0 0 0 0 1 0 0 0 0 1 0
5 18 0 1 0 0 0 0 1 0 0 0 0 1 0
5 19 0 1 0 0 0 0 1 0 0 0 0 1 0
5 20 0 1 0 0 0 0 1 0 0 0 0 1 0
5 21 29 0.162054 -0.942591 0.291993 0.0549928 -0.835526 -0.288503 -0.467614 0.316757 0.52501 -0.168189 -0.834312 0.946911
5 22 0 1 0 0 0 0 1 0 0 0 0 1 0
5 23 0 1 0 0 0 0 1 0 0 0 0 1 0
5 24 0 1 0 0 0 0 1 0 0 0 0 1 0
5 25 0 1 0 0 0 0 1 0 0 0 0 1 0
5 26 26 0.280761 -0.397567 -0.873564 0.221885 -0.947423 0.0307669 -0.318502 0.307977 0.153503 0.917057 -0.368026 0.925158
5 27 0 1 0 0 0 0 1 0 0 0 0 1 0
5 28 0 1 0 0 0 0 1 0 0 0 0 1 0
5 29 0 1 0 0 0 0 1 0 0 0 0 1 0
5 30 0 1 0 0 0 0 1 0 0 0 0 1 0
5 31 0 1 0 0 0 0 1 0 0 0 0 1 0
5 32 0 1 0 0 0 0 1 0 0 0 0 1 0
5 33 22 0.770902 -0.561407 0.300886 -0.226731 0.0862894 0.560077 0.823934 0.0553773 -0.631082 -0.609209 0.480208 0.972382
5 34 0 1 0 0 0 0 1 0 0 0 0 1 0
5 35 0 1 0 0 0 0 1 0 0 0 0 1 0
5 36 0 1 0 0 0 0 1 0 0 0 0 1 0
5 37 0 1 0 0 0 0 1 0 0 0 0 1 0
5 38 0 1 0 0 0 0 1 0 0 0 0 1 0
5 39 0 1 0 0 0 0 1 0 0 0 0 1 0
5 40 0 1 0 0 0 0 1 0 0 0 0 1 0
5 41 0 1 0 0 0 0 1 0 0 0 0 1 0
5 42 0 1 0 0 0 0 1 0 0 0 0 1 0
5 43 0 1 0 0 0 0 1 0 0 0 0 1 0
5 44 0 1 0 0 0 0 1 0 0 0 0 1 0
5 45 0 1 0 0 0 0 1 0 0 0 0 1 0
5 46 0 1 0 0 0 0 1 0 0 0 0 1 0
5 47 0 1 0 0 0 0 1 0 0 0 0 1 0
5 48 0 1 0 0 0 0 1 0 0 0 0 1 0
5 49 0 1 0 0 0 0 1 0 0 0 0 1 0
5 50 0 1 0 0 0 0 1 0 0 0 0 1 0
5 51 0 1 0 0 0 0 1 0 0 0 0 1 0
5 52 0 1 0 0 0 0 1 0 0 0 0 1 0
5 53 0 1 0 0 0 0 1 0 0 0 0 1 0
