0 1 429 0.974242 0.0735739 -0.213165 0.914262 -0.0735632 0.997259 0.00799328 0.216883 0.213168 0.00789368 0.976984 -0.34218
0 2 187 0.917356 0.145181 -0.370649 0.922171 -0.175243 0.983327 -0.0485638 0.220705 0.357419 0.109504 0.927502 -0.317631
0 3 100 -0.0559492 0.936262 0.346819 -0.0686409 0.998267 0.0588039 0.00229649 0.0353902 -0.0182442 0.346346 -0.937929 0.997014
0 4 100 0.455987 -0.810323 0.368039 -0.0372433 -0.845903 -0.523143 -0.103776 0.109526 0.276629 -0.264005 -0.924001 0.993286
0 5 47 0.983024 -0.0140889 0.182933 -0.26999 0.0145889 0.999893 -0.00138817 -0.142452 -0.182894 0.0040334 0.983124 0.952267
0 6 111 -0.115755 0.928247 0.353494 -0.0508874 0.889094 -0.0618396 0.453528 -0.190237 0.442846 0.366788 -0.818141 0.980419
0 7 54 0.25723 0.743493 0.617293 0.168545 -0.964263 0.239441 0.113422 0.306906 -0.0634772 -0.624408 0.778515 0.936697
0 8 135 -0.376893 -0.606609 0.699984 -0.0821058 -0.271189 0.794863 0.542816 -0.199101 -0.885668 0.0147555 -0.464084 0.976533
0 9 66 0.140893 -0.989578 0.0297266 -0.30137 0.989232 0.141918 0.0357807 -0.256502 -0.0396266 0.0243652 0.998917 -0.918359
0 10 42 -0.280341 -0.924807 -0.25718 0.375792 0.911679 -0.172672 -0.372861 0.24425 0.300416 -0.338994 0.891534 -0.893937
0 11 41 0.963848 -0.0720572 -0.256524 0.499291 0.094075 0.992766 0.0746053 0.0467206 0.249292 -0.0960407 0.963654 -0.865174
0 12 60 -0.624755 -0.778504 0.0601105 0.0365045 0.770175 -0.627077 -0.116639 0.346375 0.128497 -0.0265749 0.991354 -0.937386
0 13 128 0.712783 0.584461 0.387743 -0.161002 0.189159 -0.692529 0.696148 -0.39488 0.675395 -0.422858 -0.604179 0.904516
0 14 53 -0.629899 -0.760163 -0.15931 0.0802799 0.696658 -0.643669 0.316793 0.371642 -0.343357 0.0885629 0.93502 0.924899
0 15 171 -0.533827 0.778914 -0.329124 0.213116 0.768854 0.285089 -0.572353 0.274875 -0.351984 -0.558586 -0.751059 0.937564
0 16 52 -0.312812 0.920645 0.233585 0.133335 -0.929536 -0.246184 -0.27451 0.283882 -0.195221 -0.302996 0.932782 0.949543
0 17 52 -0.862385 0.384005 0.329898 -0.271218 -0.362915 -0.923265 0.125996 -0.358509 0.352966 -0.0110682 0.935571 -0.893259
0 18 110 0.937247 0.0923777 0.336206 -0.0186295 0.258013 -0.832328 -0.490571 0.33405 0.234516 0.546531 -0.803931 0.942371
0 19 82 -0.080141 0.470725 0.878633 0.0469767 -0.0895791 -0.881302 0.463985 -0.100404 0.99275 -0.0415229 0.112796 0.993837
0 20 92 -0.892284 0.120052 -0.43522 0.327242 0.16895 0.982744 -0.075298 0.220551 0.41867 -0.140718 -0.89717 0.918842
0 21 69 -0.937606 -0.146355 -0.315397 0.0706511 -0.109779 0.985303 -0.130866 -0.0072025 0.329915 -0.0880766 -0.939893 0.997475
0 22 82 0.0197363 0.96787 0.250675 0.173346 0.953402 -0.0937164 0.28678 -0.123496 0.301058 0.233334 -0.924618 0.977087
0 23 32 -0.754218 -0.564057 0.336147 0.0842157 0.542337 -0.823726 -0.165366 -0.279424 0.370169 0.0575832 0.927178 0.956467
0 24 114 -0.656077 -0.66122 -0.363801 0.195612 -0.361764 0.698599 -0.617322 0.224441 0.662336 -0.273401 -0.697541 0.954653
0 25 45 -0.108767 -0.962795 0.247378 -0.233306 0.941188 -0.0196577 0.337312 -0.258072 -0.319899 0.269518 0.908309 -0.937532
0 26 48 0.455077 -0.889937 -0.0302936 -0.0203293 0.890431 0.454569 0.0223499 0.37697 -0.00611944 -0.0371453 0.999291 -0.926002
0 27 72 -0.575955 -0.378681 0.724484 -0.0292837 0.19244 -0.924139 -0.330052 -0.363584 0.794508 -0.0506753 0.605135 0.931101
0 28 101 -0.466316 0.811726 0.35164 -0.0505195 0.83016 0.264233 0.490933 -0.372348 0.305588 0.520848 -0.797078 0.926717
0 29 66 -0.908639 0.396685 0.130446 -0.399703 -0.395758 -0.917722 0.0340743 -0.242385 0.13323 -0.0206638 0.99087 0.884018
0 30 55 0.773806 0.0269514 0.63285 0.162348 -0.0105923 0.999505 -0.0296147 0.272311 -0.633335 0.0162127 0.773708 0.948414
0 31 75 0.25761 -0.646881 0.717762 -0.303892 0.841674 -0.214616 -0.495505 -0.25399 0.474576 0.731768 0.489176 0.918226
0 32 88 0.925686 -0.340698 0.164411 0.0904653 -0.268429 -0.897808 -0.349123 -0.0119863 0.266555 0.279045 -0.922541 0.995827
0 33 96 -0.230163 -0.973004 -0.016975 -0.00780022 -0.915377 0.222387 -0.335603 0.147595 0.330318 -0.061705 -0.941851 0.989017
0 34 51 -0.524095 0.840871 -0.13513 0.32314 -0.841665 -0.487147 0.232996 -0.179334 0.130092 0.235847 0.963043 -0.929204
0 35 103 -0.656523 0.736388 0.163431 -0.0585895 0.679917 0.671542 -0.294523 0.265066 -0.326634 -0.0822415 -0.941566 0.962449
0 36 68 -0.836897 -0.440191 -0.325322 0.484462 0.529807 -0.800764 -0.279429 0.180664 -0.137504 -0.406212 0.903374 -0.855954
0 37 42 -0.722973 -0.64995 -0.234254 0.148477 0.63226 -0.759117 0.15488 -0.287066 -0.278491 -0.0361355 0.959759 -0.946334
0 38 91 0.168482 0.889007 0.425771 -0.246325 0.777221 -0.38548 0.497325 -0.357439 0.606251 0.247128 -0.755901 0.900867
0 39 118 -0.780089 -0.449834 0.434868 -0.147525 -0.554185 0.819395 -0.14653 0.219257 -0.290415 -0.355304 -0.888492 0.96445
0 40 95 -0.414371 -0.901626 -0.123964 -0.121467 -0.788298 0.423639 -0.446225 0.318119 0.454844 -0.0871826 -0.886293 0.940237
0 41 126 -0.452211 -0.722896 0.522423 -0.383117 -0.89028 0.330438 -0.31339 0.122267 0.0539202 -0.606821 -0.793007 0.915572
0 42 107 -0.85256 0.461663 0.244966 -0.141803 0.457183 0.885907 -0.0784371 0.263193 -0.253229 0.0451221 -0.966354 0.954265
0 43 131 0.115287 0.949166 0.292904 -0.160892 0.940814 -0.00972749 -0.338783 0.329782 -0.318712 0.314625 -0.89411 0.930246
0 44 106 0.948784 0.103314 0.298555 -0.179207 -0.229507 0.874825 0.426623 0.299418 -0.217107 -0.473294 0.853732 0.937141
0 45 112 0.932949 -0.356078 0.0530493 0.331503 0.35607 0.934407 0.00993847 0.214483 -0.0531085 0.00961716 0.998542 -0.918751
0 46 234 -0.221557 -0.491806 0.842045 -0.416079 -0.217011 0.866718 0.449118 -0.232344 -0.950694 -0.0832279 -0.298754 0.879144
0 47 62 0.991567 -0.109405 0.0694701 0.129066 0.105352 0.99265 0.059557 0.233769 -0.0754754 -0.051736 0.995805 -0.963688
0 48 76 0.952411 0.277687 -0.125709 0.379862 -0.29485 0.943873 -0.148887 0.294509 0.0773096 0.178867 0.980831 -0.876909
0 49 152 0.548632 -0.607873 0.574015 -0.48472 0.733105 0.679843 0.0192558 -0.0133095 -0.401945 0.410249 0.818618 0.874568
0 50 91 0.459195 -0.813079 0.35783 -0.20737 0.84753 0.521669 0.0977483 -0.392574 -0.266146 0.258386 0.928657 0.896038
0 51 86 0.587274 -0.799762 -0.124455 0.0122659 0.773531 0.599842 -0.204547 0.397416 0.238242 0.0238551 0.970913 -0.917556
0 52 112 0.341119 0.887753 0.309084 0.00033026 0.88051 -0.186625 -0.435744 0.286519 -0.32915 0.420792 -0.845337 0.958074
0 53 107 0.900119 0.359007 0.246779 -0.11641 -0.352571 0.933058 -0.0713939 0.262455 -0.25589 -0.022744 0.966438 0.957897
0 54 94 0.627992 0.773924 0.0816584 0.134561 0.774155 -0.610552 -0.167066 0.246447 -0.0794399 0.168133 -0.982558 0.959769
0 55 48 0.734068 0.677035 0.0526037 -0.15443 -0.678517 0.734402 0.0163848 0.270405 -0.0275392 -0.0477201 0.998481 0.95028
0 56 31 0.302372 -0.952547 0.0350086 0.180428 0.840592 0.28379 0.461377 0.170039 -0.449418 -0.110079 0.886513 0.968779
0 57 21 0.879292 -0.356583 -0.315743 0.338521 0.401327 0.911697 0.088008 -0.104533 0.25648 -0.204101 0.944754 -0.935134
0 58 111 0.883659 0.465439 0.0501344 -0.0105928 0.318996 -0.520302 -0.792166 0.253934 -0.34262 0.715997 -0.608243 0.967163
0 59 42 0.818804 0.534481 -0.209501 -0.32261 -0.541102 0.840445 0.0293323 0.347764 0.191752 0.0893441 0.977368 0.880331
0 60 94 0.965914 -0.0247852 0.257672 -0.325914 0.116743 -0.846722 -0.519069 0.331331 0.231042 0.531458 -0.814967 0.885438
0 61 89 0.412784 -0.819998 0.3965 -0.248062 -0.910208 -0.38744 0.146326 -0.120955 0.0336328 -0.421299 -0.906298 0.961163
0 62 75 0.480808 0.318741 -0.81684 -0.132072 -0.0295132 0.936943 0.348234 0.0860696 0.876329 -0.143326 0.459897 0.987496
0 63 112 0.601406 -0.139039 0.786753 -0.277188 0.73544 -0.288402 -0.613149 0.362936 0.312152 0.947361 -0.0711917 0.889632
0 64 127 0.995168 0.0580808 -0.0791702 0.46628 -0.0420482 0.980705 0.190919 -0.313818 0.0887313 -0.186667 0.978408 0.827104
0 65 72 0.43723 0.297618 0.848678 -0.0547148 -0.267456 0.943992 -0.193252 0.270044 -0.85866 -0.142488 0.492341 0.961292
0 66 69 0.947833 -0.306011 -0.0892703 -0.191683 0.30873 0.811544 0.496067 0.245809 -0.079355 -0.497749 0.863683 0.950177
0 67 44 -0.273752 -0.95466 -0.116981 -0.12195 0.940406 -0.240164 -0.240745 0.0437097 0.201735 -0.175913 0.963513 0.991573
0 68 109 0.790012 -0.594489 0.149878 -0.08513 -0.446174 -0.725147 -0.52449 0.264524 0.420488 0.347482 -0.838121 0.960614
0 69 133 0.389729 -0.231135 0.891453 -0.227669 0.428874 -0.811068 -0.39779 0.241683 0.814972 0.537351 -0.216968 0.943269
0 70 193 -0.0124974 -0.975742 0.218568 -0.223991 0.251835 -0.214611 -0.943674 0.300988 0.96769 0.0432496 0.248408 0.926949
0 71 40 0.915584 -0.396268 0.0683999 0.275846 0.378466 0.906638 0.186468 0.0472759 -0.135905 -0.14484 0.980077 0.960039
0 72 120 -0.50701 -0.196752 0.839184 -0.172388 -0.349066 0.937057 0.00880403 0.158902 -0.788095 -0.288467 -0.543777 0.972128
0 73 130 0.685588 -0.606054 0.40332 -0.249619 -0.425855 -0.783215 -0.453015 0.304922 0.590438 0.138826 -0.795054 0.919083
0 74 60 0.322934 -0.904007 -0.280152 0.069939 0.85192 0.148724 0.502109 0.138663 -0.412244 -0.400816 0.81817 0.987867
0 75 78 0.81042 -0.577306 0.0996836 -0.18338 0.583408 0.810791 -0.0474602 0.0706657 -0.0534235 0.0966189 0.993887 -0.980499
0 76 52 0.771148 0.582962 -0.255903 -0.275833 -0.533376 0.811032 0.240284 0.150843 0.347622 -0.0488022 0.936364 0.949296
0 77 54 -0.780363 -0.468854 -0.413774 0.274286 0.511851 -0.859037 0.00805604 -0.154602 -0.359224 -0.205504 0.910344 -0.949139
0 78 139 0.622842 -0.596382 0.506356 -0.199875 -0.048751 -0.675555 -0.735696 0.316505 0.780827 0.433537 -0.449838 0.927294
0 79 58 0.946088 -0.277653 -0.166812 0.199762 0.303781 0.939299 0.159485 -0.267636 0.112405 -0.201561 0.973005 -0.942585
0 80 122 0.268373 0.779183 -0.566437 0.474838 0.846901 -0.471051 -0.246718 -0.0207622 -0.459059 -0.413504 -0.786308 0.879828
0 81 146 0.38292 0.691745 0.612258 -0.208989 0.875678 -0.060724 -0.479062 0.244642 -0.29421 0.719584 -0.628999 0.946823
0 82 72 0.217427 -0.971531 0.0940872 0.152276 0.971941 0.224361 0.0706572 -0.354511 -0.0897552 0.0760845 0.993053 -0.922569
0 83 49 -0.547033 -0.836006 -0.0429835 -0.130301 0.789737 -0.532424 0.304698 -0.389294 -0.277615 0.132734 0.951479 -0.911851
0 84 127 -0.342516 0.911327 -0.228399 0.215171 0.842677 0.190504 -0.50359 0.346751 -0.415424 -0.364954 -0.833205 0.912943
0 85 55 -0.845456 -0.481911 -0.230142 0.306002 0.525428 -0.827713 -0.197018 -0.0934862 -0.0955462 -0.287493 0.953005 0.94743
0 86 175 0.574586 -0.361291 0.734384 -0.96712 0.236626 0.932305 0.273523 -0.20147 -0.783491 0.0166116 0.621181 0.155206
0 87 105 0.954003 -0.204673 -0.21906 0.334096 0.258416 0.931836 0.254762 -0.318851 0.151985 -0.299652 0.941865 -0.886969
0 88 233 0.936391 -0.212724 0.279141 -0.806343 0.208215 0.976998 0.0460687 0.0541502 -0.28252 0.0149831 0.959144 -0.588964
0 89 351 0.993787 -0.0567483 0.0957479 -0.208023 0.0639972 0.995172 -0.0744177 0.173092 -0.0910625 0.0800829 0.99262 -0.962687
0 90 262 0.999802 0.0173221 -0.00976735 0.0204719 -0.0193455 0.960967 -0.275985 0.300108 0.00460545 0.276119 0.961112 -0.953686
0 91 156 0.978327 0.0264122 0.205372 -0.301878 0.0262849 0.967967 -0.249699 0.255154 -0.205389 0.249686 0.946294 -0.918568
0 92 165 0.766636 -0.536185 -0.353235 0.342993 -0.635266 -0.553452 -0.538635 0.299291 0.0933095 0.637335 -0.764916 0.890382
0 93 39 0.95372 0.292108 -0.0713531 0.130148 -0.266052 0.930315 0.252448 -0.00580991 0.140123 -0.221781 0.964976 0.991478
0 94 92 0.999599 0.00136789 0.028283 -0.0250604 -0.00307537 0.998169 0.0604162 -0.130459 -0.0281486 -0.060479 0.997772 -0.991137
0 95 124 0.973414 -0.10506 -0.203536 0.528326 0.0770392 0.987004 -0.141023 0.341344 0.215707 0.121593 0.968858 -0.777404
0 96 75 0.833185 -0.540987 -0.114613 0.174946 0.542226 0.839923 -0.022804 0.222845 0.108603 -0.0431462 0.993148 -0.959028
0 97 76 0.281874 -0.916278 -0.284572 0.317734 0.958523 0.255883 0.125533 -0.277151 -0.0422062 -0.308153 0.9504 -0.90677
0 98 110 0.989111 0.0752665 -0.126472 0.244897 0.0131778 -0.901177 -0.433251 0.247654 -0.146583 0.426867 -0.892355 0.937386
0 99 127 -0.0968805 -0.820686 -0.563107 0.344053 -0.83871 0.37194 -0.397777 0.209682 0.535891 0.433747 -0.724351 0.915238
0 100 74 0.935205 0.00382408 -0.354087 -0.0369229 0.203532 -0.824069 0.528664 -0.132731 -0.28977 -0.566477 -0.771451 0.990464
0 101 76 -0.264579 0.771082 -0.579164 0.296787 0.886186 0.431272 0.169348 -0.261022 0.380358 -0.468442 -0.797427 0.918578
0 102 61 0.972531 -0.230489 0.0325191 -0.398414 0.227854 0.971213 0.069479 0.153888 -0.0475971 -0.0601609 0.997053 -0.904204
0 103 81 -0.949212 -0.244664 0.19783 -0.159937 -0.300227 0.892413 -0.336842 0.242183 -0.0941327 -0.379128 -0.920544 0.956958
0 104 50 -0.166249 -0.389288 -0.905989 -0.204938 0.302059 -0.894712 0.329015 0.133497 -0.938681 -0.218964 0.266333 0.969628
0 105 54 0.455069 0.847834 0.272195 -0.206497 -0.712549 0.530043 -0.459704 -0.139992 -0.534028 0.0152449 0.845329 0.968381
0 106 79 -0.0814998 -0.984541 -0.155036 0.443014 0.995663 -0.08743 0.0318129 -0.218486 -0.0448759 -0.151771 0.987396 -0.869484
0 107 129 -0.820138 -0.0935686 0.564464 -0.3069 -0.419211 0.769685 -0.481505 0.331657 -0.389406 -0.631529 -0.670473 0.892085
0 108 102 -0.0545494 0.997756 0.0388243 0.437877 -0.683846 -0.00899849 -0.729571 0.222558 -0.727584 -0.0663475 0.682802 0.871052
0 109 142 0.626265 -0.619482 0.473323 0.0636521 -0.114419 -0.673588 -0.730197 0.344407 0.771168 0.40314 -0.492725 0.93666
0 110 131 0.874324 -0.305217 0.377359 -0.074625 -0.133741 -0.898921 -0.417197 0.0188559 0.466552 0.314297 -0.826769 0.997033
0 111 105 0.340943 -0.785286 0.516801 -0.0121932 0.505819 0.61662 0.603264 -0.374514 -0.792404 0.0557292 0.607445 0.927141
0 112 65 -0.924309 -0.140956 0.35466 -0.217087 -0.0413153 -0.886877 -0.460155 -0.0514098 0.379401 -0.439979 0.813925 0.974797
0 113 138 -0.29588 -0.730202 -0.615841 0.288461 -0.447589 0.675532 -0.585935 0.302703 0.843871 0.102277 -0.526707 0.908384
0 114 83 -0.893316 -0.221664 0.390963 -0.339562 0.293536 -0.946501 0.134065 0.358526 0.340329 0.234524 0.91059 0.869573
0 115 43 -0.0574901 0.980563 0.187591 -0.186433 -0.99257 -0.0763228 0.0947613 -0.200768 0.107237 -0.18075 0.977665 -0.961736
0 116 83 -0.757609 -0.464945 0.458099 0.281783 -0.629835 0.704929 -0.326164 0.129034 -0.171279 -0.535632 -0.826899 0.950762
0 117 91 0.70242 0.174438 0.690056 -0.299481 0.0955017 -0.983835 0.151489 -0.322761 0.705326 -0.0405078 -0.707725 0.897851
0 118 47 -0.953239 0.171265 -0.249007 0.344572 -0.0490762 -0.900714 -0.431632 0.0722736 -0.298207 -0.399228 0.867 -0.935974
0 119 53 -0.957203 -0.285727 0.0460656 0.400184 0.288939 -0.952578 0.09544 -0.0358544 0.0166113 0.104666 0.994369 -0.915733
0 120 57 -0.0540895 -0.993461 -0.100542 0.319027 0.953748 -0.0215832 -0.29983 0.31579 0.2957 -0.11211 0.94868 -0.893587
0 121 31 0.204006 0.78664 0.582734 0.305183 -0.949994 0.302826 -0.0762109 0.0858666 -0.236418 -0.538047 0.809081 0.948415
0 122 39 0.896747 0.324869 0.300509 0.351946 -0.243689 0.929318 -0.277458 -0.0423406 -0.369406 0.175579 0.91253 0.935062
0 123 95 0.819979 -0.462971 -0.336591 0.136077 0.532295 0.832984 0.150995 -0.193036 0.210468 -0.302978 0.929466 0.97171
0 124 60 0.978944 0.0916178 0.182413 0.0216071 -0.132607 0.964807 0.227075 -0.278726 -0.155189 -0.246483 0.956641 -0.960128
0 125 57 0.940605 -0.336255 0.0468494 -0.11673 0.332081 0.939937 0.0790025 -0.277464 -0.0706005 -0.0587524 0.995773 -0.953618
0 126 201 -0.00876031 -0.905366 -0.424543 0.124291 -0.740175 0.291337 -0.606023 0.319047 0.672358 0.308927 -0.672681 0.939554
0 127 155 -0.692812 -0.394955 -0.603342 0.226655 0.210048 0.689869 -0.692792 0.346353 0.689848 -0.606706 -0.39499 0.910312
0 128 121 0.99721 -0.0193131 -0.0721047 -0.0631626 0.0212497 0.999431 0.0261888 0.373305 0.0715579 -0.0276479 0.997053 -0.925556
0 129 89 0.999785 0.0206528 0.00186425 -0.273641 -0.0201719 0.947774 0.318303 0.0937703 0.00480694 -0.318272 0.947987 -0.95725
0 130 67 0.808307 -0.579059 -0.106443 -0.274825 0.584145 0.766161 0.267901 -0.233663 -0.0735777 -0.278725 0.957548 0.93267
0 131 55 0.971317 -0.0503923 -0.232388 0.355323 0.118926 0.949228 0.291242 0.0258458 0.205913 -0.310525 0.927995 -0.934386
0 132 53 0.962904 -0.0369729 -0.2673 0.423033 0.111393 0.956692 0.268947 -0.144573 0.24578 -0.288745 0.925321 -0.894506
0 133 65 0.86803 -0.409021 -0.281471 0.459505 0.432765 0.901158 0.0250817 0.122052 0.243391 -0.143582 0.959242 -0.879749
0 134 118 -0.713161 -0.493064 0.498286 -0.430037 -0.692921 0.388227 -0.60757 0.321238 0.106123 -0.778568 -0.618523 0.843727
0 135 43 0.223739 0.957377 0.182676 0.199582 -0.970319 0.236445 -0.0507362 -0.133302 -0.0917664 -0.165902 0.981863 -0.970772
0 136 35 0.803165 0.406513 -0.435515 0.369929 -0.495619 0.861571 -0.10981 -0.263268 0.330588 0.304045 0.893459 -0.890978
0 137 133 -0.0677735 -0.472305 -0.878826 0.325359 -0.459887 -0.766903 0.44762 -0.266068 -0.885387 0.434497 -0.165231 0.907386
0 138 152 0.792013 0.309056 -0.526497 0.298324 0.60466 -0.516137 0.60662 -0.252032 -0.0842652 -0.798803 -0.595661 0.920588
0 139 79 0.987143 0.0731991 -0.142092 -0.21083 -0.0499306 0.985705 0.16091 -0.263496 0.151839 -0.151747 0.976687 -0.94134
0 140 364 0.998178 0.00143076 0.0603248 -0.740798 -0.0152472 0.973258 0.229209 -0.659742 -0.0583837 -0.229711 0.971506 -0.126326
0 141 410 0.98225 -0.0327276 0.184698 -0.976296 0.0097352 0.992229 0.124045 0.216378 -0.187323 -0.120045 0.974936 -0.00506973
0 142 246 0.940622 -0.0604554 0.334029 -0.893871 0.106984 0.986662 -0.12269 0.416686 -0.322156 0.151141 0.934544 0.165431
0 143 125 -0.551726 0.83287 0.0438847 0.141284 -0.812169 -0.524557 -0.255386 0.361837 -0.189683 -0.176545 0.965843 0.921473
0 144 201 -0.313576 -0.639254 -0.702157 0.43515 -0.890286 0.455095 -0.0167323 -0.0899132 0.330244 0.619874 -0.711826 0.895857
0 145 41 0.880662 -0.471592 -0.0451192 -0.341328 0.447046 0.795729 0.408613 0.0502572 -0.156796 -0.380021 0.911592 0.9386
0 146 123 -0.826532 0.459332 -0.325359 0.321894 0.562366 0.698754 -0.44214 0.289566 0.0242574 -0.548414 -0.835855 0.901408
0 147 114 -0.484333 0.701774 -0.522432 0.443856 0.424621 0.710653 0.560954 -0.25327 0.76493 0.0498527 -0.642181 0.859561
0 148 43 -0.804745 -0.566575 -0.177141 -0.0151803 0.49529 -0.805341 0.325751 -0.286182 -0.327221 0.17441 0.928713 -0.958055
0 149 84 -0.9367 -0.349273 0.0245149 0.248203 -0.338701 0.88615 -0.316261 0.158052 0.0887374 -0.304545 -0.948356 0.955727
0 150 128 0.94668 0.2435 -0.210961 0.385197 -0.31844 0.60779 -0.727453 0.317017 -0.0489149 0.755844 0.652922 0.866674
0 151 106 -0.0184776 -0.996602 -0.0802713 0.869633 0.999077 -0.0152896 -0.0401497 0.0445738 0.038786 -0.0809391 0.995964 -0.491682
0 152 82 0.816919 0.396811 0.418549 -0.217375 0.262253 -0.901906 0.343203 -0.227414 0.513679 -0.170603 -0.84085 0.949226
0 153 92 -0.646777 -0.750657 0.134883 -0.0939612 -0.74817 0.658804 0.0788603 -0.174909 -0.148058 -0.04991 -0.987718 0.980091
0 154 113 -0.102672 0.41894 0.902191 -0.162837 0.963945 -0.18194 0.194185 -0.245942 0.245496 0.8896 -0.385155 0.955508
0 155 96 -0.950308 0.0910931 -0.297686 0.0209297 -0.0863023 0.841666 0.533057 -0.365936 0.29911 0.532259 -0.79198 0.930405
0 156 78 -0.0878023 -0.977131 -0.193662 0.0200354 -0.965885 0.0359625 0.256461 -0.34007 -0.243632 0.209573 -0.946954 0.940187
0 157 43 -0.769779 0.612684 0.179049 0.167183 -0.638086 -0.746054 -0.190393 0.260405 0.01693 -0.260809 0.965242 -0.950915
0 158 54 -0.844627 0.530548 0.0715785 0.217152 -0.535337 -0.835901 -0.121178 0.257559 -0.00445809 -0.140669 0.990047 -0.941546
0 159 70 -0.732249 0.675493 -0.0867219 0.408938 -0.583466 -0.68791 -0.431678 0.244052 -0.351253 -0.265497 0.897849 -0.879323
0 160 51 -0.111235 -0.960464 0.255219 -0.105612 0.9885 -0.133404 -0.0712086 -0.274446 0.10244 0.244363 0.964258 0.955785
1 2 338 0.971127 0.0632791 -0.230019 0.955676 -0.0730105 0.99675 -0.0340361 0.0552069 0.227118 0.0498472 0.972591 -0.289198
1 3 187 0.912602 0.120214 -0.390777 0.996868 -0.114709 0.992691 0.0374952 -0.0479033 0.392428 0.0106074 0.919722 0.0629238
1 4 123 0.818703 0.298364 -0.490615 0.876679 -0.282144 0.953177 0.108846 -0.145046 0.500119 0.0493115 0.864551 -0.458689
1 5 106 0.747072 0.250673 -0.615668 0.51675 -0.243989 0.964933 0.0968152 -0.178125 0.618347 0.0778881 0.782036 0.837401
1 6 105 0.864772 0.249092 -0.43603 0.93353 -0.266947 0.963483 0.0209785 -0.172111 0.425333 0.0982554 0.899688 0.314482
1 7 126 0.190834 -0.341076 -0.920462 0.663895 0.274906 0.918742 -0.283444 0.247055 0.942343 -0.19895 0.26909 0.705838
1 8 38 -0.547137 0.829025 0.115583 0.102859 -0.828527 -0.516734 -0.215706 0.218157 -0.1191 -0.213784 0.969594 0.970478
1 9 71 0.254107 0.961214 0.107226 0.198761 0.910663 -0.200443 -0.36127 0.266943 -0.325765 0.189448 -0.926275 0.942993
1 10 65 -0.190164 -0.969188 0.156566 -0.281407 0.981746 -0.187156 0.0338768 -0.347242 -0.00353076 0.16015 0.987086 0.894557
1 11 50 0.921626 0.339555 -0.187902 0.46501 -0.360095 0.928772 -0.0878311 0.117638 0.144694 0.14861 0.978253 -0.877455
1 12 34 -0.397161 -0.90161 0.171357 -0.364986 0.915934 -0.401141 0.0122598 0.00128048 0.0576847 0.161821 0.985133 -0.931012
1 13 72 -0.494502 -0.552788 -0.670741 0.0156475 -0.611426 0.769712 -0.183582 0.0203755 0.617759 0.319327 -0.718612 0.99967
1 14 84 -0.234763 0.913917 -0.331121 -0.0102418 0.966706 0.255186 0.0189414 -0.0357621 0.101808 -0.31565 -0.943398 0.999308
1 15 75 -0.923237 -0.0660414 -0.378514 0.251825 -0.216734 0.902948 0.371094 -0.0907842 0.317271 0.424645 -0.847948 0.963505
1 16 46 0.981163 0.173163 0.0856337 -0.355131 -0.155625 0.97115 -0.180691 0.176401 -0.114452 0.163961 0.979805 -0.918022
1 17 74 0.644061 -0.73022 0.227956 -0.00965888 -0.59964 -0.296892 0.74316 -0.135151 -0.474992 -0.615332 -0.629086 0.990778
1 18 54 0.25009 0.839236 -0.482843 0.0699753 -0.963665 0.167422 -0.208134 -0.162117 -0.0938349 0.517351 0.850613 0.984287
1 19 24 0.900766 0.431202 0.0518218 -0.101708 -0.427082 0.857787 0.286012 -0.0828039 0.078877 -0.279762 0.956824 -0.991362
1 20 92 0.646127 0.492248 -0.583277 0.356107 -0.365431 -0.471406 -0.802643 0.244103 -0.67006 0.731757 -0.124705 0.901999
1 21 79 -0.565453 -0.77832 -0.272912 0.0719274 -0.76391 0.618978 -0.182504 0.0394453 0.310973 0.105283 -0.944569 0.99663
1 22 65 0.502274 0.196224 -0.84215 0.0357694 -0.228689 0.969379 0.0894748 -0.123428 0.83392 0.14765 0.531768 0.991709
1 23 56 0.910121 0.389937 0.140104 0.31977 -0.365336 0.914728 -0.172634 0.303832 -0.195474 0.105933 0.974971 0.897459
1 24 108 0.945335 0.315672 0.081808 0.106894 -0.12091 0.572286 -0.811091 0.728356 -0.302856 0.756862 0.579171 0.67681
1 25 21 0.277359 0.894888 0.349638 0.10102 -0.910756 0.360774 -0.200913 -0.0437193 -0.305935 -0.26271 0.915089 0.993923
1 26 108 0.234067 -0.454514 0.859436 -0.438103 0.495867 0.816181 0.296589 -0.146401 -0.836258 0.356745 0.416419 0.886923
1 27 108 0.878663 -0.454982 -0.144717 0.134219 -0.47456 -0.799015 -0.36928 0.100094 0.0523849 0.39315 -0.917981 0.985884
1 28 63 0.938956 -0.241637 0.244895 -0.0866348 0.296837 0.928859 -0.221605 -0.0308808 -0.173925 0.280771 0.943885 0.995761
1 29 83 -0.816824 0.576879 0.003074 0.282929 0.576884 0.816788 0.0078322 -0.0198968 0.00200742 0.00817087 -0.999965 0.958934
1 30 66 -0.647586 -0.745597 0.157218 0.258172 0.692517 -0.661953 -0.286773 0.567142 0.317888 -0.0768336 0.94501 0.782111
1 31 85 0.740673 -0.222542 -0.633938 0.283676 -0.211075 -0.972852 0.0949045 -0.193975 -0.637848 0.063515 -0.767539 0.939096
1 32 56 -0.952853 -0.288943 0.0926482 0.390976 0.26374 -0.939638 -0.217995 0.30513 0.150044 -0.183282 0.971542 -0.868351
1 33 43 0.913807 -0.265954 -0.306962 0.0435289 0.302236 0.950157 0.076515 -0.0621619 0.271313 -0.162695 0.948641 0.997116
1 34 87 -0.0597935 -0.929054 0.365079 -0.212466 -0.88616 0.217762 0.409023 -0.180053 -0.459505 -0.299061 -0.836312 0.960437
1 35 95 0.366604 0.799557 0.475721 -0.197647 0.596442 -0.594402 0.539392 -0.0523021 0.714044 0.0859961 -0.694799 0.978877
1 36 74 0.910955 0.22823 0.343618 -0.145099 0.237437 -0.971277 0.0156575 0.0232159 0.337321 0.0673241 -0.938979 0.989145
1 37 76 0.17008 -0.959632 -0.224007 0.1015 -0.924185 -0.076444 -0.374218 0.0340688 0.341987 0.27067 -0.899879 0.994252
1 38 94 0.165163 0.759737 -0.628905 0.259232 0.900438 0.144017 0.410451 -0.377442 0.402407 -0.634082 -0.66031 0.889009
1 39 98 0.752716 0.333413 -0.567675 0.422999 0.569034 -0.763137 0.306304 -0.282275 -0.331088 -0.553586 -0.764149 0.861042
1 40 47 -0.202323 -0.976336 0.0763768 -0.326515 0.896921 -0.216048 -0.385819 0.318759 0.39319 -0.00955604 0.919408 -0.889821
1 41 32 -0.77467 0.632075 -0.0191749 0.248547 -0.565442 -0.705943 -0.42652 0.267068 -0.283129 -0.31957 0.904275 -0.931074
1 42 124 0.594697 -0.319316 0.737816 -0.810993 0.447777 0.89377 0.0258912 -0.178271 -0.667706 0.31498 0.674505 0.557234
1 43 34 -0.975026 0.0400655 0.218445 -0.458748 -0.140203 -0.873864 -0.465516 0.210151 0.17224 -0.484517 0.857658 -0.863358
1 44 84 -0.899237 0.30352 0.315037 -0.154737 0.381369 0.896713 0.224642 -0.0350905 -0.214314 0.322152 -0.92211 0.987332
1 45 138 0.765738 -0.291445 0.573329 -0.908815 0.339308 0.940347 0.0248353 -0.0686097 -0.546366 0.175518 0.818949 -0.411519
1 46 129 -0.593114 0.435791 -0.67698 0.428537 0.167407 0.889221 0.425748 -0.242291 0.787521 0.139186 -0.600364 0.870432
1 47 115 0.941721 0.178462 -0.285154 0.195966 -0.0175986 -0.820379 -0.571549 0.348179 -0.335935 0.543258 -0.769428 0.916716
1 48 124 0.0651845 -0.984365 -0.163635 0.175697 -0.730877 0.0645492 -0.67945 0.359302 0.67939 0.163887 -0.715242 0.916533
1 49 96 0.938761 -0.0453288 0.341575 -0.239272 0.164791 0.929652 -0.329531 0.387823 -0.302609 0.365639 0.880191 0.890136
1 50 48 -0.268447 -0.963148 -0.016831 0.20737 0.948939 -0.261401 -0.176591 0.392574 0.165683 -0.0633768 0.98414 -0.896038
1 51 50 -0.795133 0.564699 0.221085 0.0122659 -0.593059 -0.800226 -0.0889882 0.397416 0.126667 -0.201874 0.971186 -0.917556
1 52 61 -0.976431 0.165571 0.138452 0.0261834 -0.162668 -0.986158 0.0321032 0.32046 0.141851 0.00882486 0.989849 -0.9469
1 53 125 0.25786 -0.939717 0.224588 -0.11641 -0.859375 -0.329307 -0.391193 0.262455 0.441569 -0.0921323 -0.892485 0.957897
1 54 43 0.50786 -0.858638 0.0694154 -0.0622927 0.848619 0.512525 0.131011 -0.259884 -0.148068 -0.00762786 0.988948 -0.963629
1 55 96 0.938509 -0.163255 0.304217 -0.153922 -0.000876394 -0.882263 -0.470755 0.26963 0.345253 0.441542 -0.828155 0.950583
1 56 74 0.825189 0.538041 -0.171974 0.0910395 0.392371 -0.765009 -0.510692 0.351858 -0.406335 0.35394 -0.842388 0.931616
1 57 88 0.853162 -0.383032 0.35412 -0.338458 -0.253782 -0.897871 -0.359753 0.104698 0.455751 0.217059 -0.863236 0.935139
1 58 108 0.715991 0.691433 0.0963123 -0.0105928 0.576509 -0.507821 -0.640121 0.253934 -0.393692 0.513846 -0.762213 0.967163
1 59 48 -0.497786 0.867246 0.00965997 -0.0620334 -0.860517 -0.492472 -0.130309 0.333538 -0.108253 -0.0731788 0.991426 0.940693
1 60 82 -0.74618 0.625189 0.22881 -0.0260235 0.638251 0.769536 -0.0212191 0.0752231 -0.189344 0.130205 -0.97324 0.996827
1 61 26 0.71414 -0.660889 -0.230717 0.248062 0.66982 0.740904 -0.0490222 0.120955 0.203338 -0.11953 0.971785 -0.961163
1 62 39 0.965881 -0.257735 0.0254171 -0.132072 0.258911 0.963297 -0.0708799 0.0860696 -0.00621595 0.0750423 0.997161 0.987496
1 63 24 -0.0492711 -0.966998 -0.249976 0.139534 0.859422 -0.168566 0.48268 0.33323 -0.508888 -0.191053 0.839364 0.932463
1 64 42 0.991536 -0.0245433 0.127495 -0.0968113 -0.0065061 0.971345 0.237587 0.0629502 -0.129673 -0.236405 0.962963 0.99331
1 65 45 -0.547672 0.824681 0.141268 -0.16113 -0.817398 -0.563411 0.120119 0.0730835 0.178652 -0.0496866 0.982657 0.984224
1 66 72 -0.201914 0.939849 0.275526 -0.138777 0.949864 0.256486 -0.178811 0.27884 -0.238724 0.225608 -0.944517 0.950257
1 67 75 0.815613 0.48604 0.313911 -0.0779716 0.557562 -0.805192 -0.201967 0.260109 0.154594 0.339752 -0.927723 0.962426
1 68 103 0.932756 -0.335198 0.132696 -0.0850066 -0.244292 -0.858377 -0.451121 0.265747 0.265118 0.388369 -0.882543 0.960288
1 69 106 0.745434 -0.403776 0.53037 -0.227669 -0.454062 -0.890096 -0.0394551 0.241683 0.488012 -0.21141 -0.846847 0.943269
1 70 92 0.878291 0.181078 0.442511 -0.224212 0.46204 -0.559491 -0.688105 0.293866 0.12298 0.808814 -0.575061 0.929178
1 71 61 0.977492 -0.210532 -0.013595 0.254229 0.210819 0.972318 0.10076 0.0275868 -0.00799442 -0.101358 0.994818 0.966751
1 72 76 0.953637 -0.162882 0.253074 -0.171824 -0.0584059 -0.925062 -0.375298 0.157867 0.295238 0.343117 -0.891687 0.972396
1 73 90 0.937794 -0.339035 -0.0748136 0.22479 0.346576 0.926959 0.143635 -0.355685 0.0206518 -0.160629 0.986799 -0.90717
1 74 104 0.573774 -0.724423 0.382092 -0.272799 -0.688651 -0.679258 -0.253708 0.304604 0.443331 -0.117557 -0.888616 0.912577
1 75 123 0.266193 0.104381 0.958251 -0.757063 -0.676395 0.728497 0.108542 -0.0945467 -0.686754 -0.677049 0.264524 0.646464
1 76 60 0.813684 -0.350036 0.464104 -0.570964 0.465816 0.870234 -0.160339 0.0241491 -0.347754 0.346652 0.871148 -0.82062
1 77 34 0.935638 -0.344788 -0.075514 0.114892 0.342598 0.938602 -0.0406623 0.160811 0.0848975 0.0121743 0.996315 -0.980275
1 78 94 0.516909 -0.719093 0.464446 0.128857 -0.231508 -0.639764 -0.732875 0.119943 0.824141 0.271307 -0.497175 0.984383
1 79 54 0.97069 -0.228367 -0.0749023 -0.0581489 0.221552 0.971042 -0.089395 0.29988 0.0931481 0.07018 0.993176 0.952203
1 80 120 0.0791555 -0.728162 -0.680819 0.474838 -0.966701 -0.222798 0.125897 -0.0207622 -0.243358 0.648183 -0.721551 0.879828
1 81 57 0.833377 0.529544 -0.158322 0.156585 -0.460268 0.823508 0.331644 -0.018637 0.306 -0.203514 0.930025 0.987489
1 82 37 -0.970544 -0.227843 0.0783095 -0.217486 0.221397 -0.971639 -0.0830756 -0.00606024 0.0950167 -0.0632911 0.993462 -0.976045
1 83 84 -0.272381 -0.907499 -0.319771 0.0727591 -0.899926 0.357884 -0.249105 0.185643 0.340503 0.219919 -0.914163 0.97992
1 84 68 0.430701 -0.859006 0.276776 -0.254627 -0.884068 -0.339921 0.320746 -0.320275 -0.181441 -0.382835 -0.905824 0.912463
1 85 90 -0.11193 -0.993636 -0.0125937 -0.265879 -0.833674 0.100792 -0.54298 0.218618 0.540794 -0.0502765 -0.839651 0.93889
1 86 133 0.550193 -0.425618 0.718427 -0.920907 0.313616 0.902692 0.294606 -0.290449 -0.773907 0.0632206 0.630135 0.259942
1 87 144 -0.0574626 -0.343937 0.937233 -0.677581 0.0223104 0.938107 0.345626 -0.208686 -0.998098 0.0407706 -0.0462327 0.705219
1 88 189 0.863087 -0.290146 0.413395 -0.976847 0.285384 0.95549 0.0747977 -0.175711 -0.416697 0.0534193 0.907474 -0.122045
1 89 233 0.917964 -0.117939 0.378725 -0.933233 0.139148 0.989846 -0.0290229 -0.187838 -0.371456 0.0793409 0.925054 -0.306257
1 90 242 0.976964 -0.0512426 0.207159 -0.560952 0.107971 0.956018 -0.272711 0.0872035 -0.184073 0.288796 0.939528 -0.823243
1 91 175 0.971009 -0.0566895 0.232222 -0.405401 0.145703 0.91051 -0.386967 0.446153 -0.189503 0.409584 0.892373 -0.797871
1 92 170 0.975221 -0.0228281 0.22005 -0.241092 0.155358 0.778804 -0.607723 0.946606 -0.157503 0.626851 0.763053 -0.214034
1 93 103 0.995693 -0.0818786 0.0434801 0.0322077 0.0863329 0.989833 -0.11304 0.0886098 -0.0337825 0.116307 0.992639 -0.995546
1 94 226 0.974073 -0.215981 0.0673395 -0.0592642 0.206834 0.729574 -0.651875 0.991649 0.0916634 0.648902 0.75533 -0.114541
1 95 224 0.975813 -0.194938 -0.0989374 0.399303 0.171063 0.962699 -0.20964 0.437827 0.136114 0.187645 0.97276 -0.805521
1 96 139 0.96866 -0.150267 -0.197781 0.477087 0.150956 0.988472 -0.0116808 0.0258554 0.197256 -0.0185413 0.980177 -0.878475
1 97 160 0.813403 0.0316895 -0.580836 0.979012 -0.0282348 0.999489 0.0149905 -0.120283 0.581015 0.00420642 0.813882 -0.164523
1 98 44 0.0510198 0.998571 -0.0158891 0.331706 -0.897321 0.0388508 -0.439665 0.159134 -0.43842 0.0366892 0.898021 -0.929864
1 99 32 -0.520256 -0.853753 -0.0209772 0.0515721 0.851686 -0.516873 -0.0864445 0.213265 0.0629597 -0.0628393 0.996036 -0.975632
1 100 30 0.953653 0.191313 0.232261 0.15013 -0.213493 0.974122 0.0742131 -0.331417 -0.212052 -0.12036 0.969818 0.931463
1 101 30 0.955698 0.00351054 0.294329 -0.299209 -0.0182664 0.998709 0.0473997 0.238863 -0.293783 -0.0506761 0.954528 -0.923807
1 102 25 -0.633447 0.727476 -0.263673 0.282649 -0.694273 -0.684798 -0.221444 0.226914 -0.341658 0.0427882 0.93885 -0.931998
1 103 78 0.645715 -0.553908 0.525584 -0.42674 -0.357591 -0.827532 -0.432803 0.341904 0.674671 0.0915232 -0.732423 0.837255
1 104 75 0.219746 0.974745 -0.0397961 0.0655085 0.959813 -0.20872 0.1876 -0.199765 0.174556 -0.0794212 -0.981439 0.977652
1 105 26 -0.858867 -0.380667 0.342694 -0.19996 0.422719 -0.904616 0.054573 0.069336 0.289233 0.191734 0.937861 -0.977348
1 106 46 0.922753 0.37005 -0.107656 0.130573 -0.314024 0.883884 0.34661 -0.206526 0.223418 -0.286029 0.931811 -0.969689
1 107 38 0.267103 -0.933467 0.239363 -0.129308 0.958418 0.231431 -0.166954 0.289515 0.10045 0.274004 0.956468 -0.948399
1 108 53 0.123362 0.988934 -0.0824147 -0.0801454 -0.987138 0.130798 0.0919227 -0.302198 0.101685 0.0700149 0.99235 -0.94987
1 109 87 0.950419 -0.310783 0.0108481 -0.0459014 -0.271665 -0.812802 0.515316 -0.380593 -0.151334 -0.492713 -0.856931 0.923603
1 110 46 0.407976 -0.912977 -0.00535939 -0.0303185 0.907073 0.404657 0.116068 -0.0967783 -0.103799 -0.0522144 0.993227 -0.994844
1 111 94 0.0327594 0.79825 -0.601435 0.404788 0.996297 0.0217797 0.083174 -0.194089 0.0794927 -0.601933 -0.79458 0.893575
1 112 78 -0.671496 -0.686727 0.278388 -0.171857 -0.603187 0.724782 0.332952 -0.215376 -0.430417 0.0556558 -0.900913 0.96129
1 113 78 -0.90819 0.191205 0.372332 0.0128647 0.212396 0.977047 0.016326 0.00567532 -0.360664 0.0939088 -0.927956 0.999901
1 114 109 -0.0667719 0.805488 0.588838 -0.39384 0.791734 -0.316374 0.522556 -0.3237 0.607206 0.501095 -0.616607 0.860296
1 115 45 -0.924615 -0.330374 0.189581 0.273129 0.359307 -0.921697 0.146196 -0.287283 0.126437 0.203293 0.97092 0.918079
1 116 78 -0.858275 -0.408163 -0.311076 0.286098 -0.409953 0.909939 -0.0628493 0.135248 0.308712 0.0735844 -0.948305 0.948607
1 117 75 0.81139 0.440765 0.383892 -0.225753 0.560994 -0.771645 -0.299749 0.146579 0.16411 0.458574 -0.873371 0.963094
1 118 101 -0.148685 -0.0563044 0.98728 -0.3166 -0.0220606 0.998318 0.0536115 -0.0659209 -0.988639 -0.0138088 -0.149677 0.946266
1 119 30 -0.400484 -0.900088 -0.17162 0.298184 0.867784 -0.312427 -0.386446 -0.0211813 0.294217 -0.303694 0.906204 -0.954273
1 120 98 -0.841495 0.514185 0.16583 -0.186808 0.311787 0.712856 -0.628192 0.326492 -0.44122 -0.476917 -0.760181 0.926556
1 121 84 -0.785774 0.585637 0.198971 -0.1998 -0.614186 -0.700809 -0.362825 0.814403 -0.0730431 -0.407304 0.910367 -0.544819
1 122 90 0.408357 0.729163 0.549151 -0.12638 0.758499 0.0636596 -0.648558 0.273235 -0.507863 0.681373 -0.527073 0.953609
1 123 90 0.175301 0.945872 0.273121 -0.0460061 0.858798 -0.28256 0.427348 -0.260389 0.481389 0.159641 -0.861846 0.964407
1 124 61 -0.8775 -0.0886903 0.471304 0.0535922 -0.179288 -0.850824 -0.493917 -0.160354 0.444803 -0.517912 0.730697 0.985604
1 125 41 0.83198 -0.547126 0.0919941 0.105886 0.548941 0.787743 -0.279507 0.309751 0.0804581 0.283044 0.955726 -0.944904
1 126 120 -0.83736 -0.322168 -0.441629 0.289499 -0.453889 0.85999 0.233243 -0.205201 0.304653 0.395759 -0.866349 0.934924
1 127 123 -0.00866043 -0.958672 -0.284382 0.167886 -0.901195 0.130722 -0.41323 0.262507 0.433327 0.252705 -0.865083 0.950213
1 128 139 0.973261 -0.0570618 0.222503 -0.886588 0.0625016 0.997892 -0.0174777 0.448995 -0.221036 0.0309171 0.974775 0.111196
1 129 132 0.63483 0.634689 0.440636 -0.440284 0.44181 -0.766044 0.466884 -0.33693 0.633873 -0.101715 -0.76672 0.832243
1 130 45 -0.983742 0.0224066 0.178184 -0.075215 -0.0607695 -0.975188 -0.212874 0.284972 0.168993 -0.220242 0.960695 -0.95558
1 131 53 0.956862 0.120195 -0.264515 0.451526 -0.0587156 0.971629 0.229108 0.107328 0.284548 -0.203693 0.936772 -0.885779
1 132 24 0.868979 0.073157 -0.489411 -0.229349 -0.225415 0.938962 -0.259883 -0.0130558 0.440526 0.336154 0.832429 0.973257
1 133 102 -0.75344 0.218176 -0.620264 0.34667 0.419488 0.885918 -0.197937 0.0766978 0.506318 -0.409327 -0.759008 0.934846
1 134 105 0.0116528 -0.609571 0.792646 -0.459982 -0.32314 -0.752462 -0.573918 0.256626 0.946279 -0.249448 -0.205745 0.850035
1 135 63 0.687893 -0.527206 0.498856 -0.504717 -0.666149 -0.731483 0.145526 -0.195035 0.288183 -0.432418 -0.85438 0.840965
1 136 81 0.961963 -0.260738 -0.0815022 0.0567602 -0.265926 -0.962067 -0.0609098 0.132238 -0.0625291 0.0802666 -0.99481 0.989591
1 137 98 0.420006 0.780853 -0.462454 0.32377 0.855288 -0.170199 0.489403 -0.264599 0.303442 -0.601084 -0.739338 0.908383
1 138 107 -0.827179 0.33543 -0.450846 0.298324 0.0834754 0.86675 0.491708 -0.252032 0.555704 0.369096 -0.744957 0.920588
1 139 86 0.972334 -0.21891 -0.0815222 -0.416529 0.230731 0.954517 0.188842 -0.340618 0.036475 -0.202427 0.978618 0.842901
1 140 168 0.940241 -0.0918602 0.327884 -0.831726 -0.00149392 0.961802 0.273743 -0.476089 -0.340506 -0.257874 0.904188 0.285608
1 141 192 0.927694 -0.114353 0.355397 -0.932913 0.0614005 0.985706 0.156888 -0.0304736 -0.368258 -0.123722 0.921455 0.358811
1 142 181 0.836427 -0.123157 0.534062 -0.889891 0.190052 0.979141 -0.0718584 0.0599793 -0.514072 0.161604 0.842386 0.452214
1 143 78 0.989027 -0.0560011 0.136707 -0.149575 0.0428273 0.994316 0.0974745 -0.160952 -0.141388 -0.0905502 0.985804 0.975562
1 144 78 -0.366838 0.83282 -0.414538 0.43515 0.906303 0.420465 0.0427131 -0.0899132 0.209871 -0.360028 -0.909029 0.895857
1 145 107 0.147725 -0.887015 0.437472 -0.224696 -0.678245 0.231076 0.697558 -0.377923 -0.719834 -0.39976 -0.567478 0.898157
1 146 66 0.924944 0.37739 -0.0453334 0.346151 -0.380091 0.919264 -0.102394 0.126981 0.00303097 0.11194 0.99371 0.929546
1 147 41 0.930862 -0.287041 0.226059 -0.110969 0.308438 0.949017 -0.0650542 0.0262145 -0.195861 0.130282 0.971939 -0.993478
1 148 27 -0.362655 0.877056 0.315047 0.130023 -0.837087 -0.455154 0.303515 0.0524105 0.409594 -0.153651 0.899235 0.990125
1 149 78 -0.772829 -0.617595 -0.145984 0.217469 -0.616432 0.675886 0.403968 -0.117422 -0.15082 0.402188 -0.903049 0.968978
1 150 72 0.177229 -0.902975 -0.391441 0.353157 -0.80491 -0.361856 0.470298 -0.146977 -0.566313 0.231725 -0.790945 0.923947
1 151 61 -0.360459 0.840085 0.405371 -0.0758627 -0.769226 -0.513531 0.380232 -0.133943 0.527598 -0.174764 0.831323 0.988081
1 152 90 -0.964352 -0.17571 0.197865 0.105311 -0.0802157 0.906652 0.414182 -0.2078 -0.252171 0.383546 -0.888427 0.972486
1 153 78 -0.620255 0.783793 0.0308652 0.213523 0.78364 0.617442 0.0683716 -0.0518358 0.0345318 0.066595 -0.997182 0.975562
1 154 108 0.337961 0.884312 -0.322141 0.388232 0.772543 -0.0651602 0.63161 -0.373194 0.537549 -0.462327 -0.705191 0.842616
1 155 107 -0.516882 -0.792774 0.32302 0.15921 -0.6555 0.123837 -0.744973 0.139514 0.550593 -0.596803 -0.583672 0.977337
1 156 107 0.911777 -0.1175 -0.393518 0.312701 -0.387362 -0.564363 -0.729003 0.274249 -0.136429 0.817122 -0.560088 0.909398
1 157 44 0.633521 0.741839 0.219833 0.0392339 -0.765005 0.643103 0.0344253 0.226844 -0.115837 -0.189983 0.97493 -0.97314
1 158 97 -0.397382 -0.794247 -0.45963 0.290209 -0.74669 0.571019 -0.341163 0.224865 0.533425 0.207629 -0.819968 0.930169
1 159 48 -0.88196 0.450965 0.13703 0.327547 -0.467546 -0.873836 -0.133455 0.281745 0.0595581 -0.181769 0.981536 0.901849
1 160 43 0.410592 0.910894 -0.0410565 0.170211 -0.901057 0.398437 -0.171302 0.230289 -0.139679 0.107329 0.984363 -0.958121
2 3 345 0.980411 0.0717659 -0.183421 0.985884 -0.0687047 0.997372 0.0229983 0.0321452 0.18459 -0.00994594 0.982765 0.164315
2 4 171 0.780288 -0.0216446 -0.625045 0.835805 -0.159094 0.959656 -0.23184 0.32478 0.604847 0.280343 0.745365 0.442661
2 5 150 0.58 -0.662371 0.474198 -0.226088 -0.740235 -0.671555 -0.0326506 -0.0571486 0.340077 -0.33208 -0.879813 0.972429
2 6 158 0.479517 -0.362148 0.79932 -0.355952 0.462239 0.8785 0.120722 -0.197075 -0.745922 0.311588 0.588654 0.913488
2 7 148 0.603593 0.44984 -0.65827 0.859391 -0.341466 0.891931 0.296412 -0.279138 0.720469 0.045864 0.691968 0.428404
2 8 32 0.948551 -0.0151091 0.316263 0.170071 0.0189831 0.999778 -0.00917181 0.315139 -0.316054 0.0147036 0.948627 0.933683
2 9 126 0.322024 0.574762 0.752296 -0.401541 0.657666 -0.707405 0.258947 -0.102709 0.681011 0.411373 -0.605803 0.910064
