0 1 780 0.70676 -0.104834 -0.699643 0.369329 0.0972502 0.993968 -0.0506965 0.154646 0.700738 -0.0322102 0.712692 0.916341
0 2 762 0.845375 -0.0934917 -0.525928 0.518356 0.103471 0.994577 -0.0104824 0.181199 0.524056 -0.0455566 0.850465 0.835747
0 3 1467 0.954535 -0.0513102 -0.293648 0.694689 0.053106 0.998587 -0.00185969 0.146606 0.293329 -0.0138194 0.955912 0.704211
0 4 2026 0.983222 -0.0319234 -0.179598 0.673832 0.0267373 0.999155 -0.0312241 0.13244 0.180443 0.0258983 0.983244 0.726918
0 5 1922 0.999408 0.00354133 -0.0342331 0.491512 -0.00418394 0.999816 -0.0187183 0.153651 0.0341605 0.0188505 0.999239 0.857209
0 6 2166 0.998983 0.00951782 0.0440619 0.424905 -0.0104778 0.999712 0.0216073 0.202959 -0.0438435 -0.0220471 0.998795 0.882192
0 7 821 0.914721 0.0799841 0.396092 0.539587 -0.0943028 0.995402 0.0167749 0.200948 -0.392929 -0.0526969 0.918058 0.817598
0 8 1416 0.852257 0.0969536 0.51406 0.128049 -0.114147 0.993462 0.00187239 0.188021 -0.510517 -0.0602739 0.857752 0.973782
0 9 1280 0.805846 0.111107 0.581607 -0.335799 -0.123983 0.992126 -0.0177463 0.177419 -0.578999 -0.0578085 0.813276 0.925074
0 10 988 0.711524 0.126063 0.691261 -0.728004 -0.120931 0.991065 -0.0562616 0.119263 -0.692177 -0.0435634 0.720412 0.67512
0 11 875 0.581247 0.159983 0.797845 -0.812418 -0.168081 0.982943 -0.0746479 0.119798 -0.796179 -0.0907137 0.598223 0.570635
0 12 857 0.448833 0.159433 0.879278 -0.781048 -0.179677 0.979962 -0.0859718 0.130708 -0.875366 -0.119399 0.468485 0.610639
0 13 646 0.0955081 0.170469 0.980723 -0.619026 -0.200962 0.968243 -0.148729 0.146566 -0.974932 -0.182883 0.126733 0.771573
0 14 543 0.0223812 0.251966 0.967477 -0.640107 -0.285451 0.929046 -0.235353 0.258471 -0.958132 -0.2709 0.092717 0.723502
0 15 188 0.990464 -0.13623 -0.0205508 0.466063 0.132654 0.98328 -0.124754 0.0874544 0.0372024 0.120838 0.991975 -0.880419
0 16 289 0.549126 0.197064 0.812174 -0.45955 0.174554 -0.977413 0.119138 0.004132 0.817307 0.0763461 -0.571122 0.888142
0 17 154 -0.116384 -0.948606 -0.294281 -0.399346 0.873572 0.0432105 -0.484773 0.0727782 0.472575 -0.313495 0.823647 0.913907
0 18 232 -0.87536 -0.443532 0.192416 -0.327134 -0.359252 0.863059 0.355059 -0.328471 -0.323546 0.241679 -0.914827 0.886053
0 19 378 0.367453 -0.127072 0.92132 -0.764248 -0.15169 0.969169 0.19417 -0.103643 -0.917588 -0.211103 0.336849 0.63654
0 20 188 0.975267 0.214396 -0.053747 0.473598 -0.203231 0.965418 0.163297 0.0355073 0.0868985 -0.148335 0.985112 -0.880025
0 21 201 0.744224 0.0610603 0.665134 -0.0825452 -0.119867 0.991855 0.0430662 0.105453 -0.657087 -0.111778 0.745481 0.990992
0 22 180 0.997826 0.0363636 0.0549701 0.901861 -0.0382013 0.998733 0.0327583 0.0987059 -0.0537092 -0.034787 0.99795 0.4206
0 23 212 -0.0608765 -0.0207656 0.997929 -0.702786 0.426887 0.903193 0.0448355 -0.0156327 -0.902254 0.428732 -0.0461187 0.711229
0 24 112 0.977473 -0.194832 0.0811639 -0.473014 0.2 0.977878 -0.0612726 -0.230584 -0.0674305 0.0761251 0.994816 0.850346
0 25 296 0.7694 -0.0939549 -0.631819 0.711263 0.23461 0.961557 0.142708 -0.0836771 0.594123 -0.258031 0.761865 0.697928
0 26 245 -0.885604 0.307189 0.34834 -0.271242 -0.290483 -0.951572 0.100649 0.0561415 0.362389 -0.0120515 0.931949 0.960872
0 27 411 -0.132132 -0.138798 -0.981466 0.271362 0.26925 0.947894 -0.170299 0.162959 0.953963 -0.286761 -0.0878757 0.948581
0 28 448 -0.0436627 -0.166224 -0.985121 0.238748 0.154961 0.973 -0.171047 0.158362 0.986955 -0.160124 -0.0167255 0.958082
0 29 953 0.890907 -0.0798196 -0.447118 0.619379 0.082257 0.996513 -0.0139962 0.154802 0.446676 -0.0243093 0.894366 0.769679
1 2 2323 0.964639 0.0232543 0.262548 -0.989891 -0.0323984 0.999008 0.0305524 -0.0344715 -0.261577 -0.0379782 0.964435 -0.13758
1 3 1470 0.872328 0.0628608 0.484864 -0.961759 -0.0724938 0.997368 0.00111989 -0.0612123 -0.483517 -0.0361265 0.874589 -0.266969
1 4 1061 0.782064 0.081113 0.617897 -0.999976 -0.0690197 0.996667 -0.043478 0.00693324 -0.619364 -0.00864448 0.785056 0.000611734
1 5 1038 0.696029 0.110681 0.709432 -0.953843 -0.0986107 0.99342 -0.0582394 0.0653686 -0.71121 -0.0294212 0.702364 0.293104
1 6 748 0.649787 0.114482 0.751446 -0.982845 -0.134218 0.99034 -0.0348166 0.0469223 -0.748173 -0.0782341 0.658876 0.178367
1 7 278 0.632771 0.121538 0.764741 -0.974112 -0.137158 0.989581 -0.0437829 0.0527115 -0.762095 -0.0771856 0.642849 -0.219833
1 8 97 0.768906 0.0902906 0.632955 -0.0475018 -0.116437 0.993198 -0.000233083 -0.250812 -0.628671 -0.0735201 0.774189 -0.96687
1 9 113 0.655458 0.166866 0.736567 -0.689217 -0.140401 0.985208 -0.0982537 0.0976533 -0.742066 -0.0390133 0.66919 -0.717944
1 10 66 0.994758 0.0525479 -0.0877169 0.101834 -0.0488201 0.997833 0.044117 -0.180362 0.0898451 -0.0396034 0.995168 -0.978315
1 11 94 0.992432 0.0859008 0.0877437 -0.829218 -0.0879589 0.995926 0.0198572 0.16372 -0.0856805 -0.0274248 0.995945 0.53441
1 12 122 0.983642 0.162055 -0.0786576 0.671589 -0.164735 0.985917 -0.0288244 0.111741 0.0728787 0.0413105 0.996485 -0.73245
1 13 135 0.991899 0.0651557 -0.109049 0.99626 -0.0586808 0.996376 0.0615704 -0.0812187 0.112666 -0.0546725 0.992128 -0.0294711
1 14 247 0.803624 -0.0508485 0.592962 -0.977371 0.0186087 0.998003 0.0603624 0.118327 -0.594847 -0.0374745 0.802965 -0.175341
1 15 133 0.994938 0.0470473 -0.0887965 -0.996529 -0.0430965 0.998016 0.0458981 0.0584841 0.0907798 -0.0418389 0.994992 0.059241
1 16 172 0.974911 0.0327371 -0.220176 0.44982 -0.0194919 0.997882 0.0620631 -0.206572 0.221742 -0.0562143 0.973484 -0.868901
1 17 346 0.986786 0.0311665 -0.159002 -0.00216875 -0.0618408 0.979484 -0.1918 0.943135 0.149762 0.199099 0.968468 -0.332402
1 18 79 0.942745 0.0246127 0.332604 -0.337209 -0.0398009 0.998449 0.0389279 -0.0111289 -0.33113 -0.049937 0.942263 -0.941364
1 19 258 0.693431 -0.151496 0.704416 -0.979 0.0923743 0.98827 0.121609 -0.148335 -0.714577 -0.0192578 0.699292 0.139844
1 20 139 0.96288 -0.131272 -0.23586 -0.611074 0.130296 0.991278 -0.0197906 -0.0756392 0.236401 -0.0116755 0.971586 -0.787951
1 21 231 0.849744 -0.136348 0.509259 -0.989344 0.113784 0.990642 0.0753736 -0.107374 -0.51477 -0.00610265 0.857306 -0.0983353
1 22 200 0.967905 -0.242388 0.0663892 -0.929366 0.243676 0.969783 -0.0119193 -0.109913 -0.061494 0.0277142 0.997723 -0.352417
1 23 228 0.83761 -0.0868245 0.539324 -0.998574 0.134629 0.989645 -0.0497681 -0.0204579 -0.529418 0.114295 0.840627 0.0493177
1 24 133 0.999919 0.0127521 -0.000284053 0.259228 -0.0127549 0.999815 -0.0144066 -0.036204 0.000100286 0.014409 0.999896 -0.965137
1 25 310 0.834503 -0.077847 -0.545477 0.630263 0.112964 0.993113 0.0310882 -0.0742042 0.539299 -0.0875624 0.837549 -0.772827
1 26 528 0.617486 -0.151376 -0.771878 0.951283 0.221525 0.975054 -0.0140063 0.0625701 0.754743 -0.162341 0.635616 0.301903
1 27 646 0.734723 -0.14137 -0.663473 0.974483 0.178474 0.983871 -0.0119984 0.0499715 0.654468 -0.109597 0.748104 0.218827
1 28 1092 0.843214 -0.117776 -0.524518 0.999805 0.126163 0.99181 -0.0198823 -0.0142883 0.522564 -0.0494098 0.851167 -0.0136317
1 29 378 0.950931 0.033531 0.307581 -0.773361 -0.0395094 0.999132 0.0132286 0.107922 -0.30687 -0.0247319 0.95143 0.624712
2 3 2769 0.969678 0.0502186 0.239173 -0.749173 -0.0472386 0.998718 -0.0181794 -0.132121 -0.239779 0.00632996 0.970807 -0.649064
2 4 1574 0.92377 0.073225 0.375881 -0.984133 -0.0544225 0.996689 -0.0604143 -0.0135422 -0.37906 0.0353526 0.924696 -0.176915
2 5 1299 0.87204 0.106749 0.477651 -0.967948 -0.0865617 0.994179 -0.0641527 0.0571582 -0.481719 0.0145974 0.876204 0.24456
2 6 902 0.828653 0.112772 0.548286 -0.994626 -0.114178 0.992955 -0.0316691 0.0214905 -0.547995 -0.0363595 0.835691 0.101275
2 7 408 0.589988 0.171337 0.789023 -0.954111 -0.179897 0.980555 -0.0784111 0.0778894 -0.787115 -0.0956811 0.609339 0.289148
2 8 285 0.467179 0.182194 0.865188 -0.940986 -0.172499 0.978517 -0.112914 0.0881794 -0.867173 -0.0964927 0.48857 0.326757
2 9 252 0.377862 0.189945 0.906168 -0.936846 -0.181006 0.974999 -0.128896 0.0717663 -0.907996 -0.115317 0.402797 0.3423
2 10 208 0.229745 0.19129 0.954267 -0.904601 -0.16392 0.974093 -0.1558 0.0642399 -0.959347 -0.120629 0.255149 0.421391
2 11 97 0.912655 0.336891 0.231442 0.398208 -0.302679 0.93759 -0.171206 0.237934 -0.274675 0.0861993 0.957665 -0.8859
2 12 165 0.919133 0.152255 0.363336 -0.0615607 -0.184466 0.981274 0.0554441 -0.568799 -0.348091 -0.117984 0.930007 -0.82017
2 13 249 0.778868 0.15617 0.607433 -0.943902 -0.157281 0.98619 -0.0518779 0.0451022 -0.607147 -0.0551319 0.792675 -0.327132
2 14 264 0.624953 -0.179137 -0.759831 0.866617 0.218564 0.974541 -0.0499898 0.117031 0.749442 -0.134831 0.648196 0.485056
2 15 128 0.918153 0.395154 -0.0291162 0.93529 -0.395187 0.918588 0.00485653 -0.231891 0.0286648 0.0070473 0.999564 -0.267318
2 16 212 0.784001 -0.0128144 0.620627 -0.985105 0.0180212 0.999835 -0.002121 -0.0139715 -0.620498 0.0128473 0.784103 -0.171388
2 17 260 0.681864 -0.00866397 0.731428 -0.991074 0.0180065 0.999826 -0.00494308 0.032325 -0.731257 0.0165409 0.681901 0.129335
2 18 204 0.94998 0.0439085 0.30921 -0.615882 -0.0551531 0.998093 0.0277145 -0.175991 -0.307403 -0.0433821 0.95059 0.76793
2 19 218 -0.989595 -0.0979895 0.105359 -0.067194 -0.112048 0.984205 -0.137062 0.0600871 -0.0902643 -0.147441 -0.984943 0.995929
2 20 121 0.981308 -0.163294 -0.101827 -0.917664 0.159681 0.986243 -0.0427319 -0.110033 0.107404 0.0256733 0.993884 -0.38182
2 21 138 0.978226 -0.154418 -0.138665 -0.913966 0.15261 0.988004 -0.0236428 -0.103573 0.140652 0.00196637 0.990057 -0.392351
2 22 224 0.0342585 -0.161551 -0.98627 0.919442 0.0765879 0.984371 -0.15858 0.10408 0.996474 -0.0701037 0.046096 0.379202
2 23 95 0.997204 -0.0723222 -0.0187806 -0.685453 0.0663231 0.972482 -0.223337 0.103451 0.034416 0.221467 0.97456 -0.72073
2 24 265 0.789048 0.051066 0.612205 -0.920195 0.012751 0.994963 -0.0994274 0.0559563 -0.614199 0.0862592 0.784423 0.38744
2 25 117 0.999567 0.00504416 -0.0289724 -0.402915 -0.00560005 0.999801 -0.0191381 -0.0172805 0.0288701 0.0192921 0.999397 -0.915074
2 26 328 0.285077 -0.132554 -0.949295 0.854177 0.260411 0.96385 -0.0563842 -0.00783506 0.922452 -0.231133 0.30929 0.519923
2 27 418 0.470335 -0.209189 -0.857336 0.871345 0.175626 0.974254 -0.141368 0.181825 0.864835 -0.0840803 0.494965 0.455739
2 28 591 0.676037 -0.159481 -0.719403 0.967522 0.139533 0.986341 -0.0875351 0.0365233 0.723536 -0.0412034 0.689055 0.250133
2 29 2436 0.99856 0.0132268 0.0519884 0.972829 -0.0124517 0.999807 -0.015206 0.0522666 -0.0521794 0.0145367 0.998532 0.225548
3 4 4080 0.990674 0.023499 0.134209 -0.993944 -0.0185195 0.999097 -0.0382315 0.0473318 -0.134986 0.0353895 0.990215 0.0991722
3 5 2491 0.963656 0.0580097 0.260774 -0.872161 -0.050952 0.998131 -0.0337499 0.0922046 -0.262244 0.0192363 0.96481 0.480451
3 6 2168 0.939231 0.0631153 0.337435 -0.970618 -0.0685901 0.997636 0.00431444 0.0470671 -0.336364 -0.0271969 0.941339 0.235979
3 7 866 0.761186 0.127691 0.635839 -0.921533 -0.142168 0.989432 -0.028507 0.0990404 -0.632759 -0.0686967 0.771295 0.375456
3 8 633 0.660333 0.143374 0.73716 -0.924499 -0.152445 0.98676 -0.0553631 0.0843699 -0.735338 -0.0758181 0.673447 0.371729
3 9 488 0.598601 0.155361 0.785837 -0.933106 -0.173559 0.982863 -0.062107 0.0532643 -0.78202 -0.0992116 0.615307 0.355634
3 10 493 0.479426 0.166534 0.861637 -0.908418 -0.148698 0.983048 -0.107262 0.0703517 -0.864893 -0.0766993 0.496062 0.4121
3 11 427 0.326611 0.196413 0.924525 -0.863904 -0.16769 0.974693 -0.147831 0.120461 -0.930164 -0.106751 0.351282 0.489039
3 12 351 0.205635 0.2264 0.952081 -0.786322 -0.0975184 0.97277 -0.210258 0.191453 -0.973758 -0.0496091 0.222113 0.587404
3 13 362 -0.180588 0.0537968 -0.982087 0.588127 -0.115998 0.99037 0.0755804 -0.0359331 0.976695 0.127569 -0.172608 0.80797
3 14 392 -0.663536 0.105432 0.740678 -0.370627 -0.145262 0.953024 -0.265791 0.180227 -0.733906 -0.283954 -0.617051 0.911128
3 15 109 0.995123 -0.0711302 0.0683467 -0.343006 0.0707488 0.997462 0.00798799 0.0024137 -0.0687414 -0.00311359 0.99763 -0.93933
3 16 255 -0.739226 0.00915356 0.673395 -0.348965 -0.238485 0.931555 -0.274462 0.122575 -0.629817 -0.363484 -0.686447 0.929085
3 17 224 0.95522 0.0020593 -0.295889 0.786087 0.0107228 0.999078 0.0415696 0.089635 0.295702 -0.0428809 0.954317 -0.611582
3 18 156 0.994961 -0.0917787 -0.0403612 0.765209 0.0924717 0.995592 0.0156485 -0.0976304 0.0387471 -0.0193019 0.999063 0.636337
3 19 160 0.997076 0.0682486 0.0343806 0.786282 -0.0675545 0.997495 -0.0209629 0.130473 -0.0357251 0.0185791 0.999189 0.603935
3 20 194 0.901686 0.16294 0.400516 -0.888559 -0.173158 0.984835 -0.0108247 -0.0429124 -0.396206 -0.0595918 0.916226 -0.456751
3 21 185 -0.959519 0.0954999 -0.264959 0.235039 0.0715232 0.99254 0.098731 -0.0553595 0.272411 0.0757836 -0.959192 0.970408
3 22 214 -0.588954 0.0875318 0.803413 -0.34913 -0.18625 0.952657 -0.240325 0.158068 -0.786412 -0.291176 -0.544768 0.923646
3 23 186 0.616261 -0.0982255 -0.781393 0.985616 0.0366397 0.994693 -0.096142 0.102265 0.786689 0.0306186 0.616589 -0.134546
3 24 98 0.874579 -0.293626 -0.38587 0.337149 0.26367 0.955849 -0.129737 0.237269 0.406927 0.0117227 0.913385 -0.911062
3 25 140 0.979706 -0.0438025 -0.195595 0.429976 0.0511949 0.998147 0.0328979 0.241448 0.193792 -0.0422437 0.980133 0.869956
3 26 349 -0.138914 -0.25077 -0.958028 0.663941 0.173314 0.946321 -0.272836 0.259488 0.975021 -0.20394 -0.0879956 0.701319
3 27 427 0.358521 -0.190934 -0.913787 0.843251 0.210485 0.970187 -0.120136 0.116402 0.909483 -0.149268 0.388021 0.524765
3 28 646 0.477111 -0.185465 -0.859051 0.850944 0.16546 0.978955 -0.119456 0.108917 0.863127 -0.0851446 0.497757 0.51384
3 29 2067 0.980571 -0.0344661 -0.193112 0.846596 0.0340134 0.999405 -0.0056605 0.108885 0.193192 -0.00101787 0.98116 0.52098
4 5 3930 0.99104 0.0300205 0.130151 -0.756202 -0.0315052 0.99946 0.00936241 0.0934775 -0.1298 -0.013379 0.99145 0.647627
4 6 3416 0.978324 0.0334824 0.204356 -0.979651 -0.043992 0.997921 0.0471023 0.0304099 -0.202354 -0.0550713 0.977763 0.198391
4 7 1346 0.838063 0.0915372 0.53784 -0.960789 -0.128958 0.991125 0.0322579 0.0410056 -0.530114 -0.0963927 0.842429 0.27423
4 8 956 0.760555 0.104174 0.640862 -0.963769 -0.138315 0.990383 0.00315834 0.048112 -0.63437 -0.0910429 0.76765 0.262364
4 9 769 0.701601 0.114145 0.703368 -0.965252 -0.138506 0.990106 -0.0225193 0.0581484 -0.698979 -0.0816212 0.710469 0.254769
4 10 695 0.592275 0.123582 0.796202 -0.94803 -0.139648 0.988957 -0.0496192 0.0444985 -0.793542 -0.0818 0.602992 0.315053
4 11 621 0.42951 0.150775 0.890387 -0.903074 -0.182514 0.98011 -0.0779258 0.08543 -0.884426 -0.129038 0.448485 0.420904
4 12 509 0.294743 0.142576 0.94488 -0.851976 -0.200516 0.97602 -0.0847262 0.0955645 -0.934302 -0.164492 0.316264 0.514786
4 13 526 0.0393443 0.155189 0.987101 -0.69291 -0.219454 0.965089 -0.142981 0.132881 -0.974829 -0.210997 0.0720275 0.708674
4 14 527 -0.997528 -0.0152929 0.0685822 0.0135469 0.0412549 -0.917561 0.395448 -0.943843 0.0568809 0.3973 0.915924 0.330117
4 15 241 0.974661 0.221348 -0.0322582 0.885455 -0.218034 0.972316 0.0840383 -0.199127 0.0499669 -0.0748755 0.99594 -0.419901
4 16 175 0.996595 0.0821177 -0.00744497 0.772628 -0.0816658 0.995489 0.0482912 -0.127657 0.011377 -0.0475187 0.998806 -0.621892
4 17 319 0.897562 -0.342208 0.277986 -0.326408 0.415691 0.446752 -0.792221 0.764578 0.146913 0.826623 0.543241 0.555768
4 18 266 0.811665 0.565239 -0.147326 0.029022 0.453099 -0.768425 -0.451912 0.221779 -0.368648 0.300048 -0.879813 0.974665
4 19 115 0.994786 0.0183003 0.100325 -0.123305 -0.021862 0.999165 0.034518 -0.0542849 -0.0996098 -0.0365313 0.994356 -0.990883
4 20 195 0.921365 0.122868 0.368768 -0.932664 -0.142633 0.989415 0.0267114 -0.0375078 -0.361582 -0.0772095 0.929138 -0.358791
4 21 232 -0.578597 -0.316315 0.751778 -0.264575 -0.236606 0.947192 0.216435 -0.122512 -0.78054 -0.0526466 -0.622885 0.956552
4 22 202 0.823293 0.0319278 0.566719 -0.994241 -0.0750758 0.99577 0.0529655 -0.0486948 -0.56263 -0.086153 0.822207 0.0954607
4 23 200 0.571461 -0.0545299 -0.818816 0.994845 0.0491461 0.998273 -0.0321815 -0.00910234 0.819156 -0.0218511 0.573154 0.100997
4 24 153 -0.543255 0.824228 -0.159758 0.00296486 0.833204 0.505902 -0.223238 0.0243224 -0.103177 -0.254386 -0.961583 0.9997
4 25 230 0.960945 0.0123884 -0.276463 0.518075 0.00362773 0.998348 0.0573459 -0.0544606 0.276716 -0.0561092 0.959312 -0.8536
4 26 356 0.121455 -0.17929 -0.97627 0.75964 0.23188 0.961462 -0.147723 0.184769 0.965132 -0.208436 0.158348 0.623544
4 27 460 0.190269 -0.155797 -0.969291 0.756873 0.211709 0.970608 -0.114451 0.129387 0.958633 -0.183431 0.217661 0.640627
4 28 637 0.291952 -0.159808 -0.942988 0.74926 0.15933 0.980292 -0.1168 0.132633 0.943068 -0.116146 0.31166 0.648859
4 29 1539 0.947094 -0.0454476 -0.317722 0.907127 0.0568388 0.998027 0.0266702 0.066089 0.315883 -0.0433182 0.947809 0.415635
5 6 3997 0.996603 0.00409495 0.0822524 -0.867803 -0.0075328 0.999109 0.0415297 -0.119194 -0.082009 -0.0420082 0.995746 -0.4824
5 7 2201 0.904661 0.0698175 0.420374 -0.974257 -0.0915168 0.995301 0.0316438 -0.0472813 -0.416189 -0.0670982 0.906799 -0.220426
5 8 1514 0.835138 0.085384 0.543373 -0.997108 -0.109472 0.993917 0.0120724 -0.0293718 -0.539037 -0.0695664 0.839405 -0.0700855
5 9 1045 0.784483 0.0988647 0.612219 -0.999559 -0.117382 0.993037 -0.00995071 -0.0092216 -0.60894 -0.0640574 0.790625 -0.0282168
5 10 942 0.690373 0.112806 0.714605 -0.994417 -0.115051 0.992317 -0.0454954 0.013454 -0.714247 -0.0508075 0.698048 0.10466
5 11 849 0.555857 0.147635 0.818063 -0.963347 -0.156408 0.985101 -0.0715035 0.0667122 -0.816431 -0.088206 0.570667 0.259831
5 12 786 0.438147 0.146233 0.886929 -0.923119 -0.170912 0.982232 -0.0775146 0.0803898 -0.882506 -0.117624 0.455355 0.376017
5 13 763 0.0388003 0.201051 0.978812 -0.762069 -0.192821 0.962646 -0.190087 0.1662 -0.980466 -0.18136 0.0761179 0.625802
5 14 627 -0.236603 0.189686 0.95291 -0.64376 -0.207914 0.948155 -0.240363 0.209144 -0.9491 -0.254994 -0.184898 0.736093
5 15 287 0.990055 0.0528772 -0.130362 0.932991 -0.0489835 0.998258 0.032898 -0.0947118 0.131874 -0.0261853 0.990921 -0.347213
5 16 129 0.998221 -0.0595252 0.00352086 -0.400628 0.0596078 0.994541 -0.085644 0.0339604 0.00159633 0.0857014 0.99632 0.915611
5 17 99 0.858251 0.510726 -0.0506402 -0.399371 -0.494669 0.84947 0.183584 0.0728857 0.136779 -0.132511 0.981699 0.913888
5 18 258 0.211518 -0.91355 0.347398 -0.131851 -0.959396 -0.12621 0.25225 -0.05435 -0.186598 -0.386648 -0.903152 0.989778
5 19 437 0.0397564 0.499448 0.865431 -0.490576 0.396952 0.786943 -0.472388 0.304697 -0.916978 0.362315 -0.166971 0.816391
5 20 274 0.912495 0.0621802 0.404335 -0.987696 -0.0734596 0.997221 0.0124258 -0.0477963 -0.402438 -0.0410408 0.914527 -0.148904
5 21 159 0.898533 0.11836 0.422646 -0.232379 -0.146781 0.988542 0.0352149 0.0474425 -0.413635 -0.0936782 0.905611 0.971468
5 22 259 0.984228 -0.031624 -0.174057 0.946921 0.0365564 0.999014 0.0252046 0.0855661 0.173088 -0.03117 0.984413 0.309871
5 23 149 -0.731761 0.318928 -0.602338 0.332132 0.0925747 0.922081 0.37576 -0.28781 0.675245 0.219206 -0.704268 0.89825
5 24 111 0.886942 -0.0918494 -0.452655 0.215916 0.0784228 0.995745 -0.0483857 -0.146346 0.455174 0.00741684 0.890372 0.965382
5 25 363 0.877477 -0.0167473 -0.479326 0.969426 0.0521656 0.996794 0.0606697 -0.145828 0.476773 -0.0782407 0.875538 -0.197353
5 26 371 0.947564 0.00465053 -0.319533 0.854185 0.0232719 0.996235 0.0835113 -0.17139 0.318718 -0.0865684 0.943888 -0.49091
5 27 519 -0.0130386 -0.14494 -0.989355 0.719734 0.255634 0.956074 -0.143433 0.0958689 0.966686 -0.254783 0.0245856 0.687599
5 28 626 0.330635 -0.168994 -0.928505 0.831822 0.216359 0.971208 -0.0997218 0.0344925 0.918624 -0.167919 0.357678 0.55397
5 29 1686 0.894211 -0.0788978 -0.440638 0.97734 0.0897452 0.995958 0.00379506 0.041472 0.438557 -0.0429387 0.897677 0.207573
6 7 2217 0.936235 0.0789168 0.342396 -0.959644 -0.0830415 0.996543 -0.00262146 -0.0500447 -0.34142 -0.0259788 0.939552 -0.27673
6 8 1642 0.880064 0.100869 0.464018 -0.996039 -0.0998645 0.99464 -0.0268114 -0.00938098 -0.464235 -0.0227431 0.88542 -0.0884218
6 9 1277 0.828866 0.117526 0.546964 -0.998592 -0.114002 0.992653 -0.0405334 -0.0175071 -0.547709 -0.0287583 0.836174 -0.0500687
6 10 1043 0.747715 0.135884 0.649967 -0.996277 -0.113033 0.990598 -0.0770644 0.0111975 -0.654328 -0.0158459 0.756045 0.0854821
6 11 873 0.610765 0.176072 0.771988 -0.966727 -0.15818 0.982442 -0.098927 0.063459 -0.775852 -0.0616917 0.627892 0.247813
6 12 729 0.496183 0.177966 0.849782 -0.9263 -0.172763 0.979432 -0.104243 0.0776222 -0.850856 -0.0950871 0.516724 0.368704
6 13 599 0.13526 0.213743 0.967481 -0.769738 -0.187752 0.964292 -0.186789 0.140128 -0.972859 -0.156382 0.170561 0.622791
6 14 509 -0.223668 0.177553 0.958357 -0.639963 -0.227887 0.946487 -0.22854 0.162141 -0.94765 -0.269514 -0.171237 0.751104
6 15 166 0.982162 -0.178296 -0.0597396 0.330126 0.17548 0.983238 -0.0494957 0.0445273 0.0675631 0.0381297 0.996986 0.942886
6 16 182 -0.916216 0.18377 0.356056 -0.4497 -0.137182 -0.978786 0.152178 0.00958359 0.376469 0.0905838 0.92199 0.893128
6 17 100 0.94735 -0.122716 -0.29575 0.399616 0.169439 0.975854 0.137836 -0.0525069 0.271695 -0.18069 0.945269 -0.915178
6 18 234 -0.955505 -0.033222 -0.2931 -0.111582 -0.0943281 0.975876 0.196897 -0.0494956 0.279487 0.215783 -0.935588 0.992522
6 19 258 0.99033 -0.0541247 -0.127734 0.888953 0.0505566 0.998239 -0.0310151 0.0784888 0.129188 0.0242574 0.991323 0.451222
6 20 264 0.927687 0.0715137 0.366447 -0.959375 -0.0684648 0.997426 -0.0213284 -0.0506472 -0.367029 -0.00530271 0.930194 -0.27755
6 21 324 -0.2206 -0.0985985 0.970368 -0.443404 -0.0615576 0.994301 0.0870361 -0.0815715 -0.97342 -0.0405334 -0.225413 0.892602
6 22 118 0.922554 7.92111e-05 0.385868 -0.522091 -0.0164829 0.999095 0.0392032 0.143291 -0.385516 -0.0425273 0.921721 -0.840767
6 23 176 -0.939505 -0.324223 0.110496 -0.116266 -0.238703 0.851071 0.467653 -0.311901 -0.245663 0.412987 -0.876979 0.942974
6 24 223 0.776505 -0.130218 -0.616509 0.958731 0.117846 0.991161 -0.0609218 -0.0263947 0.618993 -0.0253473 0.784987 -0.283088
6 25 372 0.919678 -0.0742772 -0.385584 0.904281 0.0841404 0.996416 0.00874289 -0.133524 0.383553 -0.0404839 0.922631 -0.405521
6 26 265 0.974629 -0.0495685 -0.218267 0.654819 0.0566563 0.998046 0.026331 -0.132552 0.216535 -0.0380292 0.975534 -0.744072
6 27 513 0.0158631 -0.218617 -0.975682 0.640291 0.233448 0.949645 -0.208988 0.160771 0.97224 -0.224455 0.0660999 0.751119
6 28 269 0.660267 -0.172035 -0.731062 -0.239348 0.145581 0.984266 -0.100136 0.143282 0.736786 -0.0403128 0.674923 0.960304
6 29 1055 0.855751 -0.103009 -0.507029 0.921632 0.0936951 0.994631 -0.043935 0.0741344 0.508833 -0.00990871 0.860808 0.380917
7 8 3664 0.990658 0.0258055 0.133907 -0.999127 -0.02347 0.999544 -0.0189909 0.0155112 -0.134336 0.0156707 0.990812 -0.0387889
7 9 2326 0.972897 0.0460958 0.226596 -0.998932 -0.040381 0.99874 -0.0297936 -0.00422589 -0.227684 0.019836 0.973533 -0.0460161
7 10 1594 0.93417 0.0709756 0.349698 -0.995665 -0.0523069 0.99667 -0.0625559 0.0175829 -0.352974 0.0401462 0.934772 0.0913317
7 11 1316 0.854502 0.123379 0.504583 -0.966489 -0.10345 0.992345 -0.0674541 0.0678796 -0.509043 0.00544074 0.860724 0.247573
7 12 1214 0.763725 0.135308 0.631201 -0.925519 -0.12091 0.990465 -0.0660261 0.0781481 -0.634117 -0.0258927 0.772804 0.37055
7 13 1158 0.484811 0.198833 0.851718 -0.782391 -0.160046 0.977541 -0.137106 0.140805 -0.859851 -0.0698439 0.505745 0.606661
7 14 915 0.312127 0.233177 0.920981 -0.745845 -0.230308 0.959067 -0.164767 0.192621 -0.921702 -0.160681 0.353053 0.637662
7 15 593 0.031676 -0.622617 0.781885 -0.466063 -0.999101 0.00233432 0.0423348 -0.0874544 -0.0281835 -0.782523 -0.621984 0.880419
7 16 698 0.955487 0.00935014 0.294885 -0.998706 -0.0146687 0.999767 0.0158292 -0.0395928 -0.294668 -0.0194502 0.955402 0.031927
7 17 459 0.995615 0.0111234 0.0928835 -0.526589 -0.0155351 0.998778 0.0469097 0.0801501 -0.0922482 -0.048147 0.994571 0.846333
7 18 282 -0.620696 0.628911 -0.468196 -0.111331 -0.783981 -0.489803 0.381402 -0.052171 0.0105442 0.603791 0.797073 0.992413
7 19 527 -0.184308 0.01885 -0.982688 0.380553 0.253129 0.967 -0.0289265 0.0221324 0.949714 -0.254078 -0.182998 0.924494
7 20 205 0.99686 -0.0321962 0.0723487 -0.163629 0.0344728 0.998942 -0.0304414 0.0156465 -0.071292 0.0328399 0.996915 0.986398
7 21 194 0.987692 0.0786324 0.135212 0.469168 -0.0627821 0.991058 -0.11774 0.0299974 -0.143261 0.107802 0.983796 0.882599
7 22 200 0.992709 0.0947808 0.0744657 0.842176 -0.096115 0.995264 0.0145342 -0.163524 -0.0727355 -0.0215855 0.997118 -0.513809
7 23 91 0.816499 0.0492783 0.575241 -0.450247 -0.110231 0.991328 0.0715392 -0.128517 -0.566727 -0.121821 0.81485 -0.883607
7 24 248 0.841891 0.088618 0.532321 -0.983448 -0.0659985 0.995928 -0.061417 0.0525936 -0.535596 0.016574 0.844312 0.173387
7 25 179 -0.779153 0.198111 0.594703 0.0119046 -0.256807 -0.966353 -0.0145408 -0.0439939 0.571813 -0.164054 0.803814 0.998961
7 26 381 -0.769292 -0.0999367 -0.631033 0.339986 -0.084398 0.994931 -0.0546776 0.046721 0.633298 0.0111948 -0.773827 0.939269
7 27 306 0.77361 -0.295197 -0.560702 0.406751 -0.360461 -0.932753 -0.00625911 0.013522 -0.521149 0.206953 -0.827994 0.913439
7 28 98 -0.989352 0.144005 0.0210749 -0.201302 -0.14073 -0.983493 0.113737 0.0198139 0.0371057 0.10956 0.993287 0.979329
7 29 751 0.647255 -0.114029 -0.753696 0.878234 0.127684 0.990997 -0.0402799 -0.00283009 0.751503 -0.0701633 0.655988 0.478223
8 9 4435 0.995552 0.0190371 0.0922727 -0.984103 -0.0181593 0.999782 -0.0103439 -0.0386561 -0.0924495 0.00862231 0.99568 -0.173339
8 10 2370 0.974557 0.0443618 0.219707 -0.99909 -0.0348713 0.998291 -0.0468898 0.02636 -0.221411 0.0380353 0.974438 0.0335187
8 11 1809 0.921237 0.0934099 0.377621 -0.976195 -0.0851778 0.995622 -0.0384833 0.0609147 -0.379563 0.00328729 0.92516 0.208166
8 12 1475 0.846541 0.106274 0.521607 -0.936231 -0.102784 0.994062 -0.0357197 0.0721935 -0.522306 -0.0233747 0.852438 0.343889
8 13 1334 0.60139 0.169074 0.780861 -0.808347 -0.151381 0.983762 -0.0964188 0.130636 -0.784483 -0.0602218 0.617219 0.57403
8 14 1052 0.45457 0.231771 0.860028 -0.786566 -0.219187 0.964968 -0.144199 0.222986 -0.863321 -0.122959 0.489446 0.575839
8 15 414 0.997736 0.0665326 -0.00981718 -0.466063 -0.0650883 0.992016 0.108016 -0.0874544 0.0169254 -0.107133 0.994101 0.880419
8 16 910 0.97131 0.0157862 0.237292 -0.999948 -0.0172917 0.999841 0.0042644 -0.00334335 -0.237187 -0.00824522 0.971429 -0.0096318
8 17 327 0.154839 -0.928741 -0.336845 -0.399346 0.885799 0.281493 -0.368948 0.0727782 0.437477 -0.24125 0.866264 0.913907
8 18 182 0.0459625 -0.994883 -0.0899744 -0.111701 0.936565 0.0742467 -0.342541 -0.047949 0.347469 -0.0685227 0.935185 0.992584
8 19 545 -0.253502 -0.0162518 0.967198 -0.430728 -0.221622 0.97424 -0.0417169 -0.0129103 -0.941605 -0.224928 -0.250573 0.902389
8 20 347 0.915686 0.032002 0.400618 -0.334161 -0.0356064 -0.986445 0.160184 0.0121357 0.400313 -0.160943 -0.902134 0.942438
8 21 379 0.999333 -0.0347402 0.0112397 0.897327 0.0353493 0.997601 -0.0595138 0.441012 -0.00914521 0.0598714 0.998164 0.0176951
8 22 449 0.883795 -0.0175465 -0.467544 0.984998 0.0764591 0.991279 0.107328 0.0589001 0.461584 -0.130604 0.87743 -0.162206
8 23 207 -0.67282 0.231371 -0.702695 0.450571 0.212443 0.970257 0.116058 0.134853 0.708647 -0.0711963 -0.701962 0.882497
8 24 252 0.911829 0.0668062 0.405099 -0.991381 -0.0525922 0.99755 -0.0461306 0.0733481 -0.407188 0.0207582 0.913108 0.108553
8 25 365 -0.662363 -0.304542 -0.684492 0.20044 -0.419769 0.907628 0.0023798 0.0388002 0.62054 0.288905 -0.729016 0.978937
8 26 357 0.762229 -0.122677 -0.635576 0.340111 -0.121528 -0.991538 0.0456391 0.0466225 -0.635797 0.0424526 -0.770688 0.939229
8 27 306 0.861071 -0.0776977 -0.502513 0.318722 0.105334 0.994076 0.0267914 0.014008 0.497455 -0.0760012 0.864154 0.947745
8 28 135 0.9798 0.162128 0.117073 0.371434 -0.157946 0.986457 -0.0442188 -0.0520249 -0.122656 0.0248344 0.992138 0.927001
8 29 743 0.494552 -0.163554 -0.853621 0.803859 0.158357 0.982652 -0.0965314 0.0946621 0.8546 -0.0874369 0.511872 0.587239
9 10 3350 0.990989 0.0234217 0.131881 -0.99545 -0.0197032 0.999373 -0.0294311 0.0190078 -0.132488 0.0265674 0.990829 0.0933687
9 11 2209 0.951966 0.0726603 0.297458 -0.967982 -0.0697748 0.997356 -0.020322 0.06389 -0.298148 -0.00140923 0.954519 0.242752
9 12 1701 0.891079 0.0885317 0.445129 -0.929197 -0.086888 0.995925 -0.0241434 0.0893804 -0.445453 -0.0171627 0.895141 0.358613
9 13 1525 0.671538 0.107822 0.733084 -0.820103 -0.144109 0.98947 -0.0135216 0.0287534 -0.726822 -0.0965633 0.680004 0.571493
9 14 1025 0.50199 0.181223 0.845674 -0.805898 -0.21726 0.97287 -0.0795159 0.157029 -0.837141 -0.143815 0.527743 0.57085
9 15 249 -0.683519 0.607704 -0.404349 0.466045 -0.708585 -0.685411 0.167688 0.0872354 -0.175241 0.401133 0.899101 -0.88045
9 16 1081 0.616241 -0.0774829 -0.783737 0.575821 0.0905999 0.995516 -0.0271828 0.0908348 0.782329 -0.0542553 0.620498 0.812514
9 17 475 0.664607 0.746991 0.017389 -0.40377 -0.686644 0.619762 -0.380021 0.0823336 -0.294649 0.240624 0.924815 0.911148
9 18 420 0.898049 0.0583836 0.436004 -0.13192 -0.018856 -0.985133 0.170754 -0.0549657 0.439491 -0.161566 -0.883597 0.989735
9 19 192 -0.962906 -0.203855 -0.176792 -0.372002 0.225655 -0.967593 -0.113331 -0.00919746 -0.147959 -0.149021 0.977702 0.928186
9 20 433 0.793147 -0.00888081 0.608966 -0.585033 -0.00383434 0.999801 0.0195746 0.011388 -0.609018 -0.0178605 0.792955 0.81093
9 21 298 -0.664779 0.670231 0.329939 -0.0383278 0.599423 0.742151 -0.29984 0.0581409 -0.445826 -0.00155398 -0.895118 0.997572
9 22 345 -0.0370883 -0.986973 0.15655 0.0525114 -0.942621 0.086567 0.322448 0.0410132 -0.331799 -0.135608 -0.933552 0.997778
9 23 93 0.300309 0.913045 0.275976 -0.450545 -0.951903 0.268445 0.147707 -0.134946 0.0607784 -0.307061 0.949747 -0.882496
9 24 131 0.999539 0.0198399 0.0229744 0.0712681 -0.0199265 0.999795 0.00354493 0.0184131 -0.0228994 -0.0040011 0.99973 0.997287
9 25 349 -0.527129 -0.213531 -0.82252 0.20622 -0.316314 0.947666 -0.0433026 0.0373485 0.788721 0.237349 -0.567085 0.977793
9 26 268 0.94728 0.306799 -0.0923856 0.340133 -0.288315 0.941977 0.171915 0.0466154 0.139768 -0.136215 0.98077 0.939221
9 27 240 0.823942 -0.543875 0.159122 0.421937 0.527731 0.838745 0.134189 -0.00559259 -0.206445 -0.0265903 0.978097 0.906608
9 28 156 -0.966809 0.0234405 0.254423 0.418624 -0.01493 -0.999264 0.0353302 -0.0581668 0.255063 0.030359 0.966448 0.906295
9 29 654 0.409174 -0.173746 -0.895762 0.752925 0.170538 0.978967 -0.111985 0.120398 0.896378 -0.10694 0.430198 0.647
10 11 3175 0.984748 0.0443009 0.168254 -0.973153 -0.047569 0.998749 0.0154407 0.0612726 -0.167359 -0.0232089 0.985623 0.221852
10 12 2281 0.945736 0.0540124 0.320417 -0.938766 -0.0640718 0.997726 0.020927 0.0724319 -0.318558 -0.0403211 0.947045 0.336857
10 13 1637 0.766767 0.113841 0.63175 -0.845945 -0.126514 0.991646 -0.0251418 0.122858 -0.629335 -0.0606476 0.774764 0.518925
10 14 1042 0.639514 0.139468 0.756023 -0.889459 -0.203755 0.978987 -0.00824419 0.103897 -0.741287 -0.148771 0.654493 0.445048
10 15 328 -0.952517 0.145042 -0.267721 0.466074 -0.0803649 -0.967833 -0.238411 0.0874665 -0.293689 -0.205575 0.933534 -0.880411
10 16 988 0.476097 0.0245639 -0.87905 0.572616 0.0228282 0.998928 0.0402776 0.00207251 0.879096 -0.0392431 0.475026 0.819821
10 17 809 0.982609 -0.0252274 0.183968 -0.987886 0.00829808 0.995704 0.0922189 0.0107107 -0.185504 -0.0890885 0.978597 0.15481
10 18 342 0.940475 0.0565347 0.335128 -0.130389 -0.0694659 0.997227 0.0267151 0.03209 -0.332688 -0.0484048 0.941794 0.990943
10 19 503 -0.417811 -0.00479453 0.908521 -0.372002 -0.0671103 0.997417 -0.025599 -0.00919746 -0.906052 -0.0716667 -0.417053 0.928186
10 20 380 -0.899025 0.142122 0.414193 -0.244532 0.112388 0.989071 -0.0954356 0.0315271 -0.423229 -0.0392486 -0.905172 0.969128
10 21 267 0.319378 -0.0625365 0.945562 -0.0383278 0.0741247 -0.993114 -0.0907183 0.0581409 0.944724 0.0990629 -0.312543 0.997572
10 22 225 -0.885376 -0.241477 -0.397239 0.0853489 -0.203329 0.969589 -0.136218 0.0438611 0.418052 -0.0398337 -0.907549 0.995385
10 23 95 -0.480158 0.761392 0.43558 0.450571 -0.874516 -0.376827 -0.305323 0.134853 -0.0683324 -0.527525 0.846787 0.882497
10 24 359 0.583013 0.164777 -0.795578 0.571682 0.00597434 0.978322 0.207004 -0.0270329 0.812441 -0.125439 0.56939 0.82003
10 25 392 0.929659 0.105786 -0.352908 0.501161 -0.0637754 0.989638 0.128647 -0.00769843 0.362861 -0.097091 0.926772 0.86532
10 26 319 -0.911717 0.11712 0.393771 0.178785 0.145283 0.988482 0.0423736 0.0722 -0.384273 0.0958408 -0.918231 0.981235
10 27 502 -0.0457838 0.317595 -0.947121 0.421937 0.321158 0.90246 0.287094 -0.00559259 0.945918 -0.291031 -0.143316 0.906608
10 28 376 0.515121 -0.368538 -0.773841 0.42 -0.42235 -0.894763 0.144982 -0.0610773 -0.745835 0.252149 -0.616564 0.905466
10 29 299 0.979857 -0.0299334 -0.197443 -0.61178 0.0339675 0.999277 0.0170764 0.145571 0.196789 -0.0234391 0.980166 0.777518
11 12 3557 0.9886 0.014296 0.149887 -0.95194 -0.0152872 0.999868 0.00546317 0.0887364 -0.14979 -0.00769225 0.988688 0.293148
11 13 1924 0.862268 0.080513 0.500011 -0.940505 -0.0821925 0.996441 -0.0187085 0.0611124 -0.499738 -0.0249655 0.865817 0.334238
11 14 1270 0.740407 0.151549 0.654851 -0.970708 -0.166406 0.985251 -0.0398639 0.151458 -0.651234 -0.0794558 0.754706 0.186513
11 15 798 0.707423 0.142381 0.6923 -0.948382 -0.154225 0.986992 -0.045395 -0.0760114 -0.689759 -0.0746564 0.72018 -0.307885
11 16 352 0.955803 -0.13921 -0.258961 -0.994702 0.15301 0.987646 0.0338141 -0.0756763 0.251055 -0.0719432 0.965296 0.0695812
11 17 511 0.999825 -0.0134466 -0.0130123 -0.967792 0.014006 0.998938 0.0439007 0.0631445 0.0124081 -0.0440753 0.998951 0.243705
11 18 487 0.966624 -0.0563711 0.24992 -0.99028 0.0477205 0.998038 0.0405439 0.0931927 -0.251716 -0.0272644 0.967417 0.103255
11 19 426 0.636177 -0.278035 0.719705 -0.463288 -0.272835 -0.953611 -0.127228 -0.0296681 0.721693 -0.115421 -0.682523 0.885711
11 20 158 -0.982191 -0.0919436 -0.163851 0.281115 0.0682355 -0.987095 0.144868 0.0523005 -0.175056 0.131108 0.97579 0.958248
11 21 293 0.734968 0.196213 0.649094 -0.475559 -0.220496 0.974355 -0.044869 0.258327 -0.641252 -0.110145 0.759384 0.840899
11 22 162 0.663409 0.0869372 0.743189 -0.416438 -0.0921602 0.995159 -0.0341453 -0.214148 -0.74256 -0.0458402 0.668209 -0.883584
11 23 83 0.980341 -0.0253494 0.195677 -0.448358 0.00676183 0.995447 0.0950809 -0.137551 -0.197196 -0.0918885 0.976048 -0.883207
11 24 136 0.992067 0.0130321 -0.125036 0.99331 -0.013304 0.999911 -0.00134034 -0.0840452 0.125008 0.00299319 0.992151 -0.0791896
11 25 86 0.816925 0.560223 0.137057 -0.191337 -0.542965 0.82718 -0.144785 0.108231 -0.194482 0.0438615 0.979925 -0.975539
11 26 237 0.997088 0.0472089 0.059895 0.993669 -0.0519873 0.995365 0.0809054 -0.111947 -0.0557979 -0.0837836 0.994921 0.00943687
11 27 229 -0.724564 -0.164922 -0.669185 0.247776 0.0543532 -0.981597 0.183065 0.0285344 -0.687061 0.0962702 0.720193 0.968397
11 28 239 0.927253 0.0650071 -0.368749 0.363004 -0.0228907 0.992813 0.117463 -0.0448953 0.373735 -0.100477 0.922077 0.930705
11 29 575 0.260462 -0.0837897 -0.961841 0.72622 0.2275 0.973502 -0.0231998 0.0267318 0.938298 -0.212776 0.272622 0.686942
12 13 2556 0.929572 0.0737064 0.361197 -0.998798 -0.0714807 0.997251 -0.0195385 0.0034599 -0.361644 -0.00765618 0.932285 -0.0488958
12 14 1445 0.881898 0.122309 0.455299 -0.796274 -0.13875 0.990324 0.00271814 -0.0737743 -0.450561 -0.0655696 0.890335 -0.600421
12 15 1100 0.700853 0.159156 0.695324 -0.963863 -0.16504 0.984521 -0.0589994 -0.0491603 -0.693951 -0.0734061 0.716271 -0.261822
12 16 835 0.606646 0.150393 0.780617 -0.972437 -0.169966 0.983774 -0.0574466 -0.0965969 -0.77659 -0.0978282 0.622364 -0.212217
12 17 487 0.9322 -0.0739784 0.354304 -0.981408 0.0637947 0.997147 0.0403549 0.0171029 -0.356278 -0.0150161 0.934259 0.191172
12 18 501 0.986359 -0.0424203 0.159051 -0.91671 0.041139 0.999089 0.0113416 0.0463311 -0.159387 -0.00464367 0.987205 0.396859
12 19 340 0.923169 0.0920017 0.373222 -0.277027 -0.0785717 0.995599 -0.0510737 -0.0507827 -0.376278 0.017825 0.926335 0.959519
12 20 374 0.836341 0.0839053 0.54175 -0.529089 -0.0792291 0.996343 -0.0319997 0.14686 -0.542454 -0.0161597 0.83993 0.835761
12 21 183 -0.992386 -0.0528302 0.111261 0.365545 0.073311 -0.979254 0.188912 0.0249962 0.0989726 0.19563 0.975671 0.930458
12 22 148 0.739948 0.144817 0.65689 0.216749 -0.112013 0.989443 -0.0919545 -0.097887 -0.663272 -0.00553873 0.748358 0.971307
12 23 130 -0.633517 -0.532598 -0.561245 0.447936 -0.627968 0.777692 -0.0291652 0.135799 0.452009 0.333968 -0.827136 0.883692
12 24 77 0.821424 -0.517264 -0.240208 0.117544 0.517643 0.852994 -0.0666865 -0.0251269 0.239391 -0.0695642 0.968428 0.99275
12 25 185 0.966789 0.0549654 0.249597 -0.195191 -0.0583552 0.998277 0.00619612 0.157235 -0.248826 -0.0205556 0.96833 0.968079
12 26 237 0.932792 0.106126 0.344435 -0.0700712 -0.107458 0.994092 -0.0152809 -0.0694117 -0.344022 -0.0227583 0.938686 0.995124
12 27 196 0.951444 0.0866624 0.295371 0.278436 -0.0899914 0.99594 -0.00233174 0.0134033 -0.294374 -0.0243623 0.95538 0.960361
12 28 127 0.915804 0.0385069 0.399775 0.370049 -0.0668269 0.996127 0.0571384 -0.0515704 -0.396027 -0.0790434 0.91483 0.92758
12 29 235 0.981091 0.0392798 -0.18952 0.515732 -0.0475919 0.998085 -0.0395068 0.082542 0.187606 0.0477794 0.981082 0.852765
13 14 2564 0.982852 0.0499025 0.177517 -0.783266 -0.0591061 0.997148 0.0469385 -0.157167 -0.174668 -0.056626 0.982998 -0.601492
13 15 1331 0.905192 0.0947753 0.414301 -0.910503 -0.102293 0.994746 -0.00406224 -0.0942172 -0.412509 -0.0387027 0.910131 -0.402626
13 16 819 0.829113 0.11375 0.547387 -0.960293 -0.121541 0.99234 -0.0221176 -0.0640081 -0.54571 -0.0481921 0.836587 -0.271551
13 17 532 0.747589 0.129035 0.651507 -0.999278 -0.163763 0.986471 -0.00746193 -0.035115 -0.643656 -0.101114 0.758606 -0.0144976
13 18 328 0.740374 0.201322 0.641339 -0.84803 -0.186732 0.978142 -0.0914813 0.0169466 -0.645738 -0.0520279 0.761785 -0.529677
13 19 177 0.999346 -0.0110565 -0.0344243 0.37378 0.0104582 0.999792 -0.0175112 0.0984623 0.0346107 0.0171397 0.999254 0.922276
13 20 246 0.955786 0.057553 0.288375 -0.454515 -0.0566748 0.998328 -0.0114009 0.170794 -0.288549 -0.00544673 0.95745 0.874211
13 21 190 0.943933 0.0764937 0.321153 -0.402455 -0.0869144 0.996049 0.0182153 0.19337 -0.318491 -0.0451069 0.946852 0.894784
13 22 227 0.972906 0.0836289 0.215544 0.522413 -0.0921059 0.99531 0.0295708 -0.225888 -0.21206 -0.0486225 0.976046 -0.822228
13 23 129 -0.342656 0.737327 -0.582182 0.339073 0.675571 0.624018 0.39269 -0.254688 0.652833 -0.258747 -0.71194 0.905629
13 24 182 0.588557 -0.0183394 -0.808248 0.985473 0.0577432 0.998143 0.0193998 -0.0797251 0.806391 -0.0580887 0.588523 0.149958
13 25 173 0.89506 -0.34573 -0.281672 0.201912 0.351948 0.935541 -0.0299287 -0.114185 0.273862 -0.0723458 0.959044 0.972725
13 26 138 0.999075 -0.00352977 0.042849 -0.102576 0.00159702 0.998983 0.0450567 0.100122 -0.0429645 -0.0449466 0.998065 0.989674
13 27 146 0.995009 -0.0239446 0.0968725 -0.299874 0.0229441 0.999671 0.011429 -0.0270667 -0.0971143 -0.00914928 0.995231 -0.953595
13 28 320 0.990317 0.0292108 0.135719 -0.00489033 0.0310636 0.9062 -0.421706 0.998279 -0.135307 0.421838 0.896518 -0.0584382
13 29 221 0.966425 -0.160491 -0.200661 -0.916218 0.159175 0.986987 -0.0227837 -0.128867 0.201706 -0.00992151 0.979396 -0.379391
14 15 1934 0.974701 0.0549101 0.216664 -0.833145 -0.0472351 0.998065 -0.0404486 -0.131305 -0.218465 0.0291911 0.975408 -0.537241
14 16 1109 0.938609 0.0772083 0.336231 -0.887501 -0.064276 0.996707 -0.0494421 -0.111877 -0.338941 0.0247952 0.940481 -0.447019
14 17 670 0.879144 0.115708 0.462296 -0.997942 -0.10957 0.993165 -0.0402099 -0.0163917 -0.463789 -0.0153035 0.885814 -0.0619882
14 18 455 0.626357 0.204482 0.75224 -0.953744 -0.154289 0.978412 -0.137494 0.0643813 -0.764115 -0.0299422 0.644384 0.293645
14 19 411 0.480317 0.238721 0.843983 -0.888876 -0.167291 0.969518 -0.179022 0.0997585 -0.860993 -0.0552036 0.505612 0.447156
14 20 125 0.988867 -0.0136843 0.148174 -0.176871 0.0198961 0.998981 -0.0405215 -0.461077 -0.147469 0.0430184 0.988131 -0.869555
