0 1 845 0.693611 -0.106735 -0.712398 0.385229 0.114291 0.992741 -0.0374609 0.133833 0.711225 -0.0554371 0.700775 0.913065
0 2 996 0.877252 -0.0910922 -0.471308 0.47419 0.106753 0.994264 0.00653469 0.17063 0.468009 -0.0560462 0.881945 0.86373
0 3 2095 0.960713 -0.0481818 -0.273328 0.677864 0.0495898 0.998768 -0.00175946 0.150838 0.273076 -0.011864 0.961919 0.719547
0 4 2863 0.985789 -0.0295988 -0.165362 0.658473 0.0245957 0.999178 -0.0322219 0.136644 0.16618 0.0276968 0.985706 0.740096
0 5 2341 0.999773 -0.00106183 -0.0212592 0.473887 0.000929925 0.99998 -0.00621353 0.131484 0.0212654 0.00619235 0.999755 0.870714
0 6 2777 0.998509 0.00978504 0.0537024 0.406981 -0.0111579 0.999617 0.0253241 0.197607 -0.0534341 -0.0258856 0.998236 0.891806
0 7 1132 0.917396 0.0811402 0.389617 0.558625 -0.0937907 0.9955 0.013521 0.210821 -0.386767 -0.0489466 0.920878 0.80218
0 8 1958 0.850154 0.0971429 0.517495 0.109836 -0.107043 0.994196 -0.0107746 0.246992 -0.515538 -0.0462342 0.855619 0.962773
0 9 1884 0.791971 0.110566 0.600465 -0.411364 -0.121173 0.992367 -0.022909 0.188987 -0.598414 -0.0546168 0.799323 0.891663
0 10 1391 0.717081 0.125502 0.685597 -0.729441 -0.124688 0.990886 -0.0509725 0.102111 -0.685746 -0.0489343 0.726194 0.676379
0 11 853 0.587809 0.158196 0.793382 -0.814196 -0.172432 0.982659 -0.0681839 0.107478 -0.79041 -0.0967255 0.604893 0.570555
0 12 793 0.421504 0.159855 0.892626 -0.776167 -0.184606 0.978854 -0.0881246 0.126494 -0.887837 -0.127639 0.442101 0.617709
0 13 667 0.109396 0.174479 0.978565 -0.621388 -0.199873 0.968227 -0.150292 0.152197 -0.973696 -0.179148 0.140794 0.768578
0 14 112 -0.983107 -0.113717 0.143419 0.43929 0.141252 -0.969686 0.199392 0.167917 0.116397 0.216282 0.969368 0.882513
0 15 0 1 0 0 0 0 1 0 0 0 0 1 0
0 16 332 0.997709 0.0279275 0.0616103 -0.579068 -0.0214368 0.994388 -0.103603 -0.0187561 -0.0641579 0.102045 0.992709 0.815064
0 17 330 -0.862412 0.127136 -0.489982 -0.249696 -0.0487717 -0.984313 -0.169558 0.887908 -0.503852 -0.122332 0.855083 0.386357
0 18 0 1 0 0 0 0 1 0 0 0 0 1 0
0 19 27 0.998281 -0.0221503 -0.0542689 0.00643344 0.024806 0.998502 0.0487614 0.0601488 0.0531075 -0.0500238 0.997335 0.998169
0 20 186 0.994356 0.0738561 0.0761645 -0.0206449 -0.106029 0.716687 0.689287 -0.976176 -0.00367807 -0.693473 0.720473 0.215997
0 21 88 0.903264 0.0845162 0.42068 0.958783 -0.122678 0.990352 0.0644423 -0.00618833 -0.411175 -0.109817 0.904917 0.284073
0 22 92 0.914448 0.116997 0.387424 -0.534706 -0.198833 0.963679 0.178293 -0.267619 -0.352492 -0.240072 0.904497 -0.801542
0 23 36 0.830461 0.28601 0.478051 0.0608108 -0.0590855 0.898524 -0.43493 0.995062 -0.553935 0.332946 0.763088 -0.0784453
0 24 0 1 0 0 0 0 1 0 0 0 0 1 0
0 25 155 -0.987723 0.153117 -0.0309488 -0.0833851 -0.149036 -0.983024 -0.107011 -0.0308894 -0.0468088 -0.101085 0.993776 0.996039
0 26 148 -0.586676 0.0362872 -0.809009 0.418723 -0.0487834 0.995598 0.0800331 0.0324178 0.808351 0.0864196 -0.582323 0.907535
0 27 268 0.610032 -0.0477425 0.790937 -0.730397 0.217779 0.969844 -0.109427 0.181165 -0.761862 0.239003 0.602033 0.658558
0 28 361 0.17952 -0.176749 -0.967746 0.214581 0.198033 0.970082 -0.14044 0.152595 0.963616 -0.166434 0.209152 0.964712
0 29 1408 0.864072 -0.0799503 -0.496979 0.646119 0.0784236 0.996632 -0.0239795 0.158099 0.497222 -0.0182548 0.867431 0.746683
1 2 2962 0.965272 0.0228098 0.26025 -0.987983 -0.0321089 0.998987 0.0315353 -0.0457527 -0.259267 -0.0387964 0.965026 -0.147635
1 3 2153 0.872286 0.0635294 0.484853 -0.96237 -0.0728579 0.997342 0.000396712 -0.056974 -0.483539 -0.0356714 0.874596 -0.265702
1 4 1718 0.803061 0.0801253 0.590485 -0.998121 -0.0692781 0.996753 -0.0410351 -0.00206334 -0.591856 -0.00795404 0.806004 -0.0612374
1 5 1462 0.7163 0.100524 0.690514 -0.963983 -0.101477 0.994056 -0.0394474 0.0131406 -0.690375 -0.041815 0.722242 0.26564
1 6 1180 0.648278 0.115651 0.752569 -0.982851 -0.133515 0.990349 -0.0371791 0.0522038 -0.749606 -0.0763768 0.657463 0.176855
1 7 215 0.915908 0.251972 -0.312445 0.975254 -0.208093 0.963716 0.16718 -0.217816 0.343233 -0.0881041 0.935109 0.0378972
1 8 118 0.922529 0.161219 0.350641 0.806003 -0.170051 0.985419 -0.0056795 -0.143839 -0.346444 -0.0543873 0.936493 -0.574168
1 9 0 1 0 0 0 0 1 0 0 0 0 1 0
1 10 0 1 0 0 0 0 1 0 0 0 0 1 0
1 11 0 1 0 0 0 0 1 0 0 0 0 1 0
1 12 93 0.995102 0.00395155 -0.0987771 -0.432587 -0.00207891 0.999816 0.019054 -0.193645 0.0988342 -0.0187553 0.994927 0.880551
1 13 186 0.430686 0.26453 -0.862863 0.764533 -0.163049 0.963154 0.213893 -0.171598 0.887651 0.0485684 0.457948 0.621324
1 14 52 -0.948254 -0.0236201 -0.316632 -0.00704921 0.136222 -0.931052 -0.338505 -0.148702 -0.286805 -0.364122 0.886092 0.988857
1 15 88 0.888146 0.130969 0.440504 -0.0281892 -0.128136 0.991091 -0.0363193 0.193945 -0.441336 -0.0241873 0.897016 -0.980607
1 16 85 0.871603 0.05321 0.487317 -0.180442 -0.03877 0.99846 -0.0396784 0.243103 -0.488677 0.0156906 0.872323 -0.95307
1 17 105 0.990745 -0.00503688 -0.135643 0.196993 0.0104492 0.999176 0.039219 -0.210885 0.135334 -0.0402734 0.989981 0.957456
1 18 41 0.89614 0.0587737 0.439863 -0.0331011 -0.39333 -0.353776 0.848607 -0.638148 0.205489 -0.933482 -0.293915 0.769202
1 19 35 0.771986 -0.185544 -0.607956 0.259837 0.162106 0.982291 -0.093946 0.0501777 0.614621 -0.0260284 0.788393 -0.964348
1 20 29 0.941718 -0.15028 -0.300971 0.333184 0.142894 0.988643 -0.0465417 0.136796 0.304547 0.000822082 0.952497 -0.932886
1 21 17 -0.104863 0.98485 0.138109 0.284446 -0.944956 -0.0553937 -0.322475 0.0832282 -0.309939 -0.164322 0.936449 0.955073
1 22 0 1 0 0 0 0 1 0 0 0 0 1 0
1 23 0 1 0 0 0 0 1 0 0 0 0 1 0
1 24 31 -0.903831 0.42647 0.0348372 -0.38767 -0.406338 -0.829943 -0.382211 -0.275682 -0.134088 -0.35961 0.923418 0.879609
1 25 377 0.770778 -0.119239 -0.625846 0.955097 0.166533 0.985885 0.0172624 -0.0781435 0.614953 -0.117529 0.779756 -0.285802
1 26 504 0.586759 -0.154435 -0.794899 0.944978 0.224245 0.974243 -0.0237509 0.0748525 0.778093 -0.164316 0.606277 0.318454
1 27 730 0.744584 -0.141295 -0.652404 0.978198 0.177366 0.984087 -0.0107026 0.0490271 0.643534 -0.107746 0.757796 0.201802
1 28 1397 0.841591 -0.117478 -0.527184 0.99972 0.125743 0.991855 -0.0202905 -0.0121625 0.525274 -0.0492134 0.849509 -0.0202919
1 29 492 0.950383 0.0350029 0.309108 -0.814202 -0.0409649 0.999078 0.0128166 0.11262 -0.308374 -0.0248432 0.950941 0.569554
2 3 3552 0.969285 0.0504279 0.240714 -0.76086 -0.0474009 0.998707 -0.0183525 -0.128658 -0.241329 0.00637875 0.970422 -0.636034
2 4 2359 0.923361 0.0734099 0.37685 -0.984437 -0.0553861 0.996752 -0.0584587 -0.0236261 -0.379918 0.0331062 0.924428 -0.174142
2 5 1945 0.873499 0.107019 0.474917 -0.965729 -0.0878078 0.994173 -0.0625282 0.0507809 -0.478841 0.0129169 0.877806 0.254536
2 6 1427 0.837628 0.113336 0.534355 -0.996477 -0.114496 0.992936 -0.0311219 0.0215547 -0.534107 -0.0351128 0.844687 0.0810459
2 7 453 0.569129 0.1722 0.804015 -0.949417 -0.187961 0.97918 -0.0766656 0.0654958 -0.800477 -0.107491 0.589646 0.307111
2 8 323 0.47255 0.183987 0.861885 -0.945706 -0.185262 0.976851 -0.106954 0.0727259 -0.861612 -0.109133 0.495696 0.316784
2 9 159 0.548469 0.222893 0.805916 -0.969002 -0.22026 0.968289 -0.117902 0.0502701 -0.806639 -0.112846 0.580171 0.241886
2 10 166 0.284593 0.193628 0.93889 -0.918534 -0.157208 0.975557 -0.153537 0.0700463 -0.94567 -0.103906 0.308077 0.389086
2 11 156 0.192943 0.223964 0.955308 -0.900526 -0.282791 0.944983 -0.164429 0.0516431 -0.939576 -0.238427 0.245663 0.431724
2 12 134 0.934574 0.0711729 0.348578 0.0625106 -0.064385 0.997442 -0.0310355 0.21662 -0.349895 0.00656181 0.936766 -0.974253
2 13 135 0.79132 0.207944 0.574954 -0.124594 -0.184192 0.977777 -0.100126 0.196919 -0.582997 -0.0266702 0.812036 -0.972471
2 14 123 0.718641 0.104144 -0.687538 0.922383 -0.0744672 0.994562 0.0728135 -0.0451818 0.691382 -0.00112774 0.722488 0.383626
2 15 72 0.559451 0.00392362 -0.828854 0.894307 -0.0915141 0.994167 -0.0570631 0.0224648 0.823796 0.107776 0.556547 0.44689
2 16 64 0.946861 0.0316671 0.32008 -0.20185 -0.012725 0.998051 -0.0610988 0.261584 -0.321391 0.0537791 0.945418 -0.943838
2 17 100 0.749023 -0.0660606 0.659243 -0.995348 0.094672 0.995478 -0.00781139 0.0581799 -0.655745 0.0682627 0.75189 0.076796
2 18 36 0.967932 0.0222566 0.250223 -0.0219721 0.18473 0.611949 -0.769021 0.803076 -0.170239 0.790584 0.588214 0.595471
2 19 60 0.903852 -0.259369 -0.340263 -0.861989 0.246039 0.965736 -0.0825791 -0.174798 0.350023 -0.00907887 0.936697 -0.475837
2 20 36 0.75838 -0.188293 -0.624023 0.330245 0.134007 0.981956 -0.133436 0.243383 0.637888 0.0175714 0.769928 -0.911977
2 21 36 0.931411 -0.18832 -0.311464 -0.635599 0.207756 0.977717 0.0301239 -0.49242 0.29885 -0.0927662 0.94978 -0.59459
2 22 0 1 0 0 0 0 1 0 0 0 0 1 0
2 23 46 0.996453 -0.0793663 -0.0279746 0.97035 0.0709689 0.971197 -0.227463 -0.00147857 0.0452217 0.224671 0.973385 0.241698
2 24 52 0.898502 0.046667 0.436481 -0.993107 -0.0166492 0.99724 -0.0723487 0.0491968 -0.438653 0.0577384 0.8968 0.106387
2 25 154 0.983535 0.0788861 0.162593 -0.909313 -0.0726321 0.996385 -0.044065 0.157139 -0.165482 0.0315299 0.985709 -0.385301
2 26 39 0.998696 -0.0249817 0.0445118 -0.092805 0.0238283 0.999371 0.0262581 -0.166832 -0.0451398 -0.0251632 0.998664 0.981608
2 27 290 0.49518 -0.21579 -0.841565 0.86922 0.167567 0.974197 -0.151202 0.217355 0.852478 -0.0661462 0.518562 0.444087
2 28 559 0.663236 -0.176348 -0.727337 0.940755 0.12846 0.984244 -0.121499 0.161446 0.737303 -0.012851 0.67544 0.298186
2 29 3068 0.998419 0.0129238 0.0546958 0.969926 -0.012143 0.99982 -0.0145827 0.0443419 -0.0548744 0.0138955 0.998397 0.239327
3 4 5188 0.990224 0.0235165 0.137489 -0.994856 -0.0184402 0.999105 -0.0380792 0.0444633 -0.138262 0.0351716 0.989771 0.0910221
3 5 3523 0.964149 0.0576951 0.259014 -0.873413 -0.0509463 0.998166 -0.0326988 0.0890795 -0.260426 0.0183307 0.96532 0.478764
3 6 3129 0.940751 0.0627128 0.333248 -0.971902 -0.0673183 0.997729 0.00227869 0.054207 -0.332348 -0.0245774 0.942836 0.22906
3 7 1026 0.762081 0.125665 0.63517 -0.917913 -0.134537 0.990307 -0.0345089 0.116116 -0.633351 -0.0591555 0.771601 0.379411
3 8 721 0.676107 0.14263 0.722866 -0.923419 -0.14501 0.987655 -0.0592459 0.0967993 -0.722393 -0.0647662 0.688443 0.371385
3 9 454 0.564694 0.153869 0.81083 -0.929667 -0.1784 0.981996 -0.0621055 0.0484377 -0.805788 -0.109581 0.581978 0.365202
3 10 454 0.453941 0.164179 0.875776 -0.90398 -0.135685 0.984152 -0.114166 0.0799848 -0.88064 -0.0670045 0.469023 0.420027
3 11 441 0.3189 0.192978 0.927934 -0.8645 -0.18071 0.973472 -0.140344 0.10965 -0.930401 -0.122931 0.345314 0.490527
3 12 196 0.974645 0.0852707 0.206873 0.135504 -0.0887673 0.996023 0.00766177 0.25258 -0.205397 -0.0258311 0.978338 -0.958041
3 13 233 0.873306 0.127189 0.470276 -0.109882 -0.137189 0.990458 -0.0131138 0.27083 -0.467457 -0.0530643 0.882422 -0.956335
3 14 482 -0.994936 0.0969467 0.0265177 0.0195116 -0.0643554 -0.817146 0.572827 -0.964596 0.0772025 0.56822 0.819247 0.263009
3 15 40 0.997045 0.0114874 0.0759566 -0.118435 -0.0116468 0.999931 0.00165606 0.217201 -0.0759323 -0.00253582 0.99711 -0.968915
3 16 106 0.999945 -0.0104431 0.000231217 0.413489 0.0104325 0.999553 0.0280289 -0.0175284 -0.000523823 -0.028025 0.999607 -0.910341
3 17 281 0.882808 -0.331312 0.33299 -0.337674 0.442794 0.350335 -0.825347 0.757491 0.15679 0.876069 0.455982 0.558734
3 18 152 0.997678 -0.0264664 0.0627606 -0.0467693 -0.0662645 -0.590344 0.804427 -0.48955 0.01576 -0.806718 -0.590727 0.87072
3 19 49 0.972132 0.0893633 0.216735 0.192398 -0.0948946 0.995371 0.0152278 -0.017312 -0.214371 -0.0353704 0.976112 0.981164
3 20 112 -0.884103 -0.0318838 -0.466204 0.376327 0.0494667 0.985678 -0.161219 0.0759137 0.464667 -0.165596 -0.869864 0.923372
3 21 38 -0.980821 -0.0773326 0.178915 0.17704 0.0719722 -0.996747 -0.03627 0.896047 0.181138 -0.0226975 0.983196 0.407133
3 22 16 0.815564 -0.198039 -0.543725 0.138022 0.18368 0.979619 -0.0812905 -0.0259034 0.548742 -0.0335738 0.835317 -0.99009
3 23 0 1 0 0 0 0 1 0 0 0 0 1 0
3 24 39 0.875623 -0.136501 -0.463305 0.342595 0.11887 0.990633 -0.0672071 0.261079 0.468139 0.00377511 0.883647 -0.902478
3 25 155 0.99557 -0.0176627 -0.0923543 -0.801815 0.0232604 0.997934 0.0598902 -0.223883 0.0911057 -0.0617731 0.993923 -0.554048
3 26 154 0.955692 0.0329019 0.292523 -0.977345 -0.0444604 0.998468 0.032951 0.0430564 -0.29099 -0.0444967 0.955691 0.207227
3 27 428 0.433824 -0.171871 -0.884453 0.895543 0.239967 0.968222 -0.0704458 -0.0384938 0.868454 -0.181678 0.461282 0.443308
3 28 573 0.470583 -0.177404 -0.864337 0.853897 0.170356 0.979416 -0.108275 0.0654399 0.865754 -0.0962925 0.491119 0.516311
3 29 3378 0.981673 -0.0327378 -0.187743 0.839432 0.0327979 0.999458 -0.00278723 0.0957611 0.187732 -0.00342141 0.982214 0.534962
4 5 5222 0.991065 0.0301502 0.129929 -0.754386 -0.0316135 0.999458 0.00921428 0.0951664 -0.129581 -0.0132395 0.99148 0.649496
4 6 4549 0.978143 0.0332564 0.205255 -0.980477 -0.0438855 0.997909 0.0474507 0.0280944 -0.203248 -0.0554213 0.977558 0.194618
4 7 1926 0.839067 0.0904975 0.536449 -0.961565 -0.126122 0.991561 0.0299947 0.050108 -0.529207 -0.0928253 0.8434 0.269966
4 8 1262 0.755403 0.103742 0.646996 -0.964338 -0.139658 0.990191 0.00428716 0.0436987 -0.640204 -0.0935964 0.762482 0.261041
4 9 817 0.695858 0.112566 0.709303 -0.966084 -0.13769 0.990229 -0.0220691 0.0568838 -0.704857 -0.0823072 0.704558 0.251883
4 10 738 0.575417 0.114791 0.809764 -0.950002 -0.167441 0.985664 -0.0207439 -0.00399038 -0.800537 -0.123651 0.586388 0.312217
4 11 725 0.448153 0.150827 0.881141 -0.906531 -0.178714 0.980883 -0.0770056 0.0874748 -0.875911 -0.122962 0.466541 0.412976
4 12 516 0.642391 0.201614 0.739382 -0.91131 -0.238971 0.96937 -0.056703 0.0952637 -0.728166 -0.140265 0.670895 0.400549
4 13 522 -0.299217 0.118671 0.946777 -0.574613 -0.153933 0.973236 -0.170636 0.136261 -0.941687 -0.196797 -0.272942 0.807003
4 14 506 0.603018 0.302923 0.737975 -0.899964 -0.36595 0.927058 -0.0815107 0.228661 -0.708837 -0.220909 0.669888 0.371187
4 15 38 0.999418 0.00902453 0.0328995 -0.104385 -0.0102079 0.9993 0.0359794 0.216629 -0.0325518 -0.0362943 0.998811 -0.970657
4 16 131 -0.647445 -0.045918 -0.760728 -0.225341 -0.108464 -0.982471 0.151615 -0.747178 -0.754354 0.180674 0.631115 0.625257
4 17 198 0.891818 -0.337244 0.301542 -0.32892 0.418984 0.364322 -0.831698 0.733234 0.170626 0.868064 0.466209 0.59513
4 18 29 -0.951541 -0.0804894 -0.296803 -0.271824 0.0202831 -0.979465 0.200592 0.106326 -0.306854 0.184851 0.933633 0.956455
4 19 40 0.994644 -0.0410062 0.0948767 0.0033758 0.00181364 0.924716 0.380653 -0.988508 -0.103343 -0.378443 0.919838 0.151128
4 20 101 0.89041 -0.0494615 0.452463 0.104685 -0.133438 0.922032 0.363389 -0.906275 -0.435159 -0.383941 0.814387 0.40952
4 21 0 1 0 0 0 0 1 0 0 0 0 1 0
4 22 26 0.312731 -0.155496 -0.937027 0.976486 0.165775 0.980303 -0.10735 0.100137 0.935264 -0.121764 0.332349 0.190911
4 23 0 1 0 0 0 0 1 0 0 0 0 1 0
4 24 32 0.840685 -0.13319 -0.52489 -0.339342 0.129744 0.99059 -0.043557 -0.265858 0.525752 -0.0314838 0.850055 0.902312
4 25 142 0.725771 0.150964 -0.671168 0.824255 0.116392 0.934613 0.336081 -0.516021 0.678019 -0.322037 0.660744 0.233079
4 26 96 0.80294 -0.200346 0.561381 -0.936068 0.14399 0.979122 0.143482 -0.0911362 -0.578407 -0.0343744 0.815024 0.33981
4 27 394 0.0970232 -0.146816 -0.984394 0.720385 0.224431 0.966814 -0.122074 0.114733 0.969648 -0.209084 0.126753 0.684019
4 28 519 0.351502 -0.157787 -0.922795 0.766679 0.170619 0.979983 -0.102575 0.110225 0.920508 -0.121391 0.371387 0.632498
4 29 2573 0.945577 -0.045896 -0.322146 0.904709 0.0567047 0.998097 0.0242438 0.0741782 0.32042 -0.0411916 0.94638 0.419523
5 6 5117 0.997042 0.00459108 0.0767273 -0.843646 -0.00770186 0.999158 0.0402967 -0.111763 -0.0764777 -0.0407685 0.996237 -0.525139
5 7 2810 0.902209 0.0691556 0.42572 -0.97461 -0.0923911 0.995137 0.0341463 -0.0577063 -0.421288 -0.0701398 0.904211 -0.216346
5 8 1947 0.836766 0.0860149 0.540762 -0.996743 -0.109691 0.993898 0.0116421 -0.029259 -0.536461 -0.0690583 0.841095 -0.0751522
5 9 1273 0.781659 0.097472 0.616042 -0.999728 -0.114139 0.993388 -0.0123529 -0.00228097 -0.613173 -0.0606585 0.787616 -0.0231972
5 10 1022 0.672332 0.11192 0.73174 -0.992657 -0.114802 0.992309 -0.0462931 0.0146356 -0.731294 -0.0528807 0.68001 0.120076
5 11 1002 0.575048 0.148996 0.804437 -0.965831 -0.156283 0.985175 -0.0707545 0.0675591 -0.803054 -0.0850323 0.589809 0.250213
5 12 822 0.431284 0.146337 0.890269 -0.918695 -0.17182 0.982021 -0.0781819 0.0806549 -0.885704 -0.119247 0.448674 0.386644
5 13 818 -0.0697531 0.142613 0.987318 -0.709992 -0.139012 0.978682 -0.151186 0.125829 -0.987831 -0.147795 -0.0484411 0.692877
5 14 690 0.278315 0.446042 0.850639 -0.568563 -0.0915977 0.89392 -0.438767 0.590017 -0.956112 0.044199 0.289648 0.57325
5 15 163 0.402212 0.331474 -0.853435 0.90507 -0.142021 0.943464 0.299509 -0.24708 0.904464 0.000739544 0.426548 0.346121
5 16 488 0.956787 -0.266279 0.116852 -0.281001 0.289831 0.840643 -0.457512 0.89287 0.0235955 0.471608 0.881492 0.351883
5 17 284 0.964121 -0.212047 0.159708 -0.286214 0.261025 0.866802 -0.424877 0.826984 -0.0483413 0.451321 0.891052 0.483921
5 18 77 -0.521754 0.154425 0.839003 -0.610786 -0.00246273 0.983203 -0.182498 0.0532608 -0.853093 -0.097285 -0.51261 0.790002
5 19 89 0.997464 -0.0709505 -0.00561826 -0.919275 0.0710855 0.997038 0.0293539 -0.125303 0.00351894 -0.0296789 0.999553 0.373139
5 20 153 0.899404 0.0728573 0.431004 0.358825 -0.10025 0.994111 0.0411537 -0.253428 -0.425468 -0.0802222 0.901411 0.898342
5 21 55 0.954751 0.0355372 0.295275 -0.985109 -0.0527652 0.997325 0.0505818 -0.170974 -0.292688 -0.0638733 0.954072 0.0181033
5 22 149 0.907012 0.0174752 0.420743 -0.911516 -0.038412 0.998407 0.0413382 -0.104756 -0.41935 -0.0536558 0.906238 -0.3977
5 23 0 1 0 0 0 0 1 0 0 0 0 1 0
5 24 23 0.800441 -0.237267 -0.550453 0.372418 0.22549 0.970058 -0.0902372 0.27261 0.555381 -0.0518919 0.829975 -0.887124
5 25 226 0.870217 -0.0248758 -0.49204 0.985133 0.0620554 0.996305 0.0593808 -0.148986 0.488744 -0.0822079 0.868545 -0.0855376
5 26 248 0.974128 -0.00533875 -0.225933 0.566219 0.020181 0.997782 0.0634348 -0.106786 0.225093 -0.0663532 0.972075 -0.817308
5 27 378 0.105728 -0.176036 -0.978689 0.761409 0.246654 0.958091 -0.145684 0.123528 0.963319 -0.225995 0.144717 0.636394
5 28 209 0.68842 -0.133703 -0.712883 0.253182 0.139151 0.988952 -0.051105 -0.172705 0.711839 -0.0640167 0.699419 -0.951878
5 29 2502 0.891261 -0.0777929 -0.446768 0.976669 0.0892383 0.996 0.00459513 0.0386833 0.444623 -0.0439643 0.894638 0.211238
6 7 2824 0.93499 0.0792421 0.345708 -0.960897 -0.0835337 0.996502 -0.00249255 -0.051204 -0.344696 -0.0265477 0.938339 -0.272131
6 8 2222 0.878761 0.0998542 0.466699 -0.995382 -0.101018 0.994628 -0.0226002 -0.0271781 -0.466448 -0.0272845 0.884128 -0.0920666
6 9 1499 0.832443 0.117355 0.541541 -0.998147 -0.112963 0.992733 -0.0414866 -0.0144217 -0.542474 -0.026639 0.83965 -0.0591214
6 10 1205 0.746073 0.134516 0.652135 -0.996585 -0.122223 0.990407 -0.0644634 -0.0177037 -0.654551 -0.0316113 0.755357 0.080657
6 11 980 0.611333 0.176523 0.771435 -0.966831 -0.157038 0.982479 -0.100368 0.0654968 -0.775636 -0.0597861 0.628343 0.246876
6 12 814 0.489379 0.163853 0.85654 -0.92657 -0.191154 0.978459 -0.0779606 0.040252 -0.850863 -0.125579 0.510158 0.373961
6 13 691 0.0519627 0.201395 0.978131 -0.732853 -0.166992 0.967416 -0.190317 0.13645 -0.984588 -0.153451 0.0839009 0.666564
6 14 701 -0.245529 0.218525 0.944438 -0.620345 -0.185405 0.945689 -0.267015 0.203983 -0.951494 -0.240663 -0.191679 0.75734
6 15 128 0.99546 0.0935549 -0.0175277 0.238198 -0.0935351 0.995614 0.00195139 0.172975 0.0176333 -0.000303076 0.999844 -0.955689
6 16 215 -0.672752 0.113949 -0.731041 -0.305952 0.0031471 -0.987619 -0.156838 0.88794 -0.739862 -0.107814 0.664064 0.343448
6 17 124 -0.709988 -0.00725787 -0.704177 -0.390113 -0.0750347 -0.993475 0.0858935 0.0634534 -0.700205 0.113821 0.70481 0.918578
6 18 46 -0.968637 -0.0628676 -0.240394 -0.151579 0.0859775 -0.992502 -0.0868771 -0.0478132 -0.23313 -0.104821 0.96678 0.987288
6 19 86 0.0578266 -0.224429 -0.972773 0.361885 -0.0331777 0.973434 -0.226553 0.124474 0.997775 0.0453752 0.0488443 0.923875
6 20 243 0.933465 0.0681268 0.35214 -0.928628 -0.0643018 0.997675 -0.0225621 -0.049851 -0.352858 -0.00158229 0.935676 -0.367647
6 21 30 0.797709 0.0979619 0.595033 -0.623919 -0.127863 0.991758 0.00813908 0.182773 -0.589332 -0.0825754 0.80366 -0.759815
6 22 71 0.923337 0.030498 0.382776 -0.941496 -0.0392671 0.999114 0.0151152 -0.0985931 -0.381977 -0.028987 0.923717 -0.322281
6 23 0 1 0 0 0 0 1 0 0 0 0 1 0
6 24 31 0.793774 -0.240006 -0.558856 -0.373001 0.216088 0.970188 -0.109735 -0.271098 0.568532 -0.0336575 0.821972 0.887342
6 25 420 0.806651 -0.107234 -0.581219 0.896695 0.0420423 0.991322 -0.124548 0.415195 0.589531 0.0760311 0.804159 0.153462
6 26 156 0.977911 -0.0496679 -0.203037 0.645966 0.0555019 0.99819 0.0231378 -0.123475 0.20152 -0.0338957 0.978898 -0.753314
6 27 370 0.034322 -0.193842 -0.980432 0.661519 0.276696 0.944506 -0.177053 0.0962197 0.960344 -0.265205 0.0860527 0.74373
6 28 516 0.0491944 -0.256871 -0.965193 0.592455 0.0857721 0.96388 -0.252149 0.245332 0.9951 -0.0703822 0.0694498 0.767339
6 29 1810 0.8536 -0.103454 -0.510552 0.92198 0.0941205 0.99458 -0.0441724 0.0739889 0.512355 -0.0103479 0.858711 0.380102
7 8 4866 0.990625 0.0264599 0.134023 -0.998508 -0.0248156 0.999595 -0.0139249 -0.0192438 -0.134337 0.0104684 0.99088 -0.0510997
7 9 3073 0.972541 0.0462069 0.228097 -0.99873 -0.0412394 0.998798 -0.0264991 -0.016971 -0.229047 0.0163649 0.973278 -0.0474326
7 10 1894 0.934841 0.0721709 0.347654 -0.99622 -0.0536542 0.996595 -0.0626108 0.0169267 -0.350989 0.039878 0.93553 0.0851973
7 11 1539 0.857898 0.122884 0.49891 -0.967596 -0.103412 0.992406 -0.0666117 0.0672149 -0.503306 0.00555252 0.86409 0.243393
7 12 1321 0.766258 0.138061 0.627525 -0.923243 -0.12049 0.990192 -0.0707235 0.0849201 -0.631134 -0.0214181 0.775378 0.374714
7 13 1320 0.490199 0.199544 0.848462 -0.778175 -0.1577 0.97768 -0.138823 0.143854 -0.857226 -0.0657515 0.510726 0.611351
7 14 743 0.87453 0.294089 0.385629 -0.520759 -0.303173 0.952153 -0.0385969 0.481574 -0.378529 -0.0831582 0.921846 0.704908
7 15 542 0.849487 0.0170841 0.527332 -0.847186 -0.0508655 0.997472 0.0496247 0.0408504 -0.525151 -0.0689785 0.848209 0.529723
7 16 716 0.942587 -0.0621228 -0.328131 -0.411233 0.0780629 0.996312 0.0356183 -0.199685 0.324708 -0.0591882 0.943961 0.889389
7 17 482 0.981691 -0.00365323 -0.190443 -0.13858 0.00828473 0.999689 0.0235291 0.145956 0.190298 -0.0246761 0.981416 0.979537
7 18 242 0.999572 -0.0193732 0.021898 -0.124258 0.0221296 0.990789 -0.133591 0.0204288 -0.0191082 0.134019 0.990795 0.99204
7 19 271 -0.617873 -0.0988688 0.780037 -0.387692 -0.116839 0.992594 0.0332607 -0.0126816 -0.777548 -0.0705883 -0.624849 0.921702
7 20 433 0.94879 -0.00229927 -0.3159 0.992928 -0.00760805 0.999517 -0.0301254 0.036096 0.315816 0.030986 0.948314 -0.113101
7 21 264 0.997762 -0.0511108 0.0431105 0.372833 0.0504753 0.998602 0.0157021 0.0928578 -0.0438528 -0.0134909 0.998947 0.923241
7 22 99 0.973899 0.111596 0.197655 0.031149 -0.189362 -0.0806802 0.978587 -0.745794 0.125153 -0.990473 -0.0574423 0.665449
7 23 64 -0.534529 -0.236438 0.811404 0.291371 -0.170494 -0.910165 -0.377533 -0.290884 0.827775 -0.340142 0.446198 0.911312
7 24 99 -0.92323 -0.147716 -0.354719 -0.165545 0.384245 -0.35813 -0.85094 0.0195329 -0.0013381 -0.921913 0.387396 0.986009
7 25 181 0.802177 -0.153415 -0.57704 0.80397 0.159982 0.986316 -0.0398276 0.203253 0.575254 -0.060367 0.815744 -0.558856
7 26 524 0.86577 0.0442451 -0.498482 0.0382207 0.445047 0.387444 0.807354 -0.911092 0.228855 -0.920831 0.315746 0.410427
7 27 308 0.879797 -0.0536377 -0.472313 0.35053 0.0637797 0.997949 0.00547411 0.0129291 0.471051 -0.0349401 0.881414 0.936462
7 28 335 0.905819 -0.0709652 -0.417678 0.470101 0.0611663 0.997448 -0.0368191 -0.0593662 0.419226 0.00780362 0.907849 0.880614
7 29 782 0.613823 -0.177712 -0.769181 0.862772 0.152204 0.982694 -0.10558 0.103461 0.774632 -0.0522649 0.630249 0.494894
8 9 5509 0.995516 0.018854 0.0926923 -0.98326 -0.0182282 0.999805 -0.00759404 -0.0620151 -0.0928174 0.00587038 0.995666 -0.171332
8 10 3222 0.973636 0.0449735 0.223631 -0.998754 -0.0354009 0.998285 -0.046634 0.0255508 -0.225345 0.0374878 0.973558 0.0428725
8 11 2308 0.913116 0.0946135 0.39657 -0.973492 -0.0861007 0.995513 -0.0392592 0.0599628 -0.398505 0.00170324 0.917165 0.220723
8 12 1881 0.844049 0.106072 0.52567 -0.934242 -0.101547 0.994122 -0.0375485 0.074543 -0.526563 -0.0216872 0.849859 0.348764
8 13 1723 0.597231 0.157213 0.786511 -0.812743 -0.154359 0.9848 -0.0796369 0.104406 -0.787076 -0.0738431 0.612421 0.573191
8 14 1241 0.656713 0.237853 0.715649 -0.861467 -0.242343 0.965187 -0.0984037 0.236733 -0.714141 -0.10881 0.691493 0.449256
8 15 571 0.768323 -0.00928768 0.639995 -0.904977 -0.0513151 0.995782 0.0760554 0.00552144 -0.638002 -0.0912765 0.764606 0.425425
8 16 1015 -0.606654 0.00874407 -0.794918 -0.446735 -0.0488535 -0.99846 0.0263003 0.0274194 -0.793463 0.0547896 0.606147 0.894246
8 17 650 -0.663315 -0.00846398 -0.748293 -0.383964 -0.0608675 -0.996013 0.0652212 0.0708205 -0.745861 0.0888089 0.660155 0.920628
8 18 249 0.8205 0.56071 0.111284 -0.111588 -0.524338 0.815742 -0.2442 -0.0516381 -0.227705 0.142016 0.963318 0.992412
8 19 327 0.996349 0.0403268 -0.0752554 -0.387355 -0.049184 0.991576 -0.119823 -0.00580251 0.0697894 0.123086 0.989939 0.921913
8 20 577 0.902626 -0.10939 -0.416293 0.0205197 0.1045 0.993923 -0.0345919 0.0385582 0.417547 -0.0122791 0.908572 0.999046
8 21 652 0.96848 0.248726 0.0134782 0.350603 -0.213092 0.855321 -0.472247 0.796226 -0.128988 0.45449 0.881363 0.493053
8 22 107 0.992775 -0.0384818 -0.113656 -0.0735445 0.0543978 0.988594 0.140441 -0.0435397 0.106955 -0.145609 0.983544 -0.996341
8 23 25 0.908328 0.17746 -0.378746 0.998624 -0.1998 0.979629 -0.0201698 -0.0275168 0.367451 0.0939943 0.925281 0.0446373
8 24 152 0.996158 0.0735974 0.0474698 0.998128 -0.0724196 0.997033 -0.0260729 -0.0562844 -0.0492479 0.022535 0.998532 -0.0239235
8 25 113 0.791521 -0.10283 -0.602429 -0.191054 0.168799 0.984182 0.0537893 -0.578969 0.587369 -0.144265 0.796358 0.792649
8 26 343 0.836853 0.139422 0.529376 -0.761421 -0.156111 0.98765 -0.0133334 0.14304 -0.524697 -0.0714833 0.848283 0.632279
8 27 319 0.449844 0.580298 -0.678893 0.35053 0.142653 0.703701 0.696027 0.0129291 0.881641 -0.40995 0.233774 0.936462
8 28 347 -0.846617 0.0262271 -0.531556 0.418625 -0.0541254 0.989363 0.135022 -0.0581567 0.529443 0.143082 -0.836192 0.906295
8 29 636 0.480917 -0.205 -0.852464 0.792895 0.162918 0.976243 -0.142856 0.152191 0.861497 -0.0701798 0.50289 0.590047
9 10 4307 0.990928 0.0245008 0.132143 -0.995455 -0.020819 0.999358 -0.0291725 0.0185826 -0.132773 0.0261567 0.990801 0.0934078
9 11 2690 0.95211 0.0724218 0.297054 -0.968495 -0.0691938 0.997374 -0.0213815 0.0667045 -0.297822 -0.000196714 0.954621 0.239932
9 12 2033 0.89817 0.0848834 0.431377 -0.932641 -0.0860346 0.996149 -0.0168827 0.0772886 -0.431149 -0.0219498 0.902014 0.352431
9 13 1605 0.676852 0.143228 0.722051 -0.813967 -0.141907 0.987877 -0.0629343 0.115929 -0.722312 -0.0598671 0.688971 0.569225
9 14 1055 0.602427 0.223727 0.766177 -0.819934 -0.226998 0.968298 -0.104264 0.241182 -0.765215 -0.111109 0.634115 0.519173
9 15 731 0.39467 0.185349 0.899934 -0.854645 -0.209117 0.971858 -0.108453 0.0950174 -0.89471 -0.145389 0.422322 0.510445
9 16 1703 0.994692 -0.0450552 0.0925121 -0.997955 0.0410898 0.998172 0.0443306 -0.0459097 -0.0943403 -0.040294 0.994724 0.0444683
9 17 518 0.594023 -0.0399249 -0.803457 -0.390219 0.0900148 0.995794 0.0170686 0.0634505 0.799396 -0.0824622 0.595118 0.918533
9 18 722 0.82007 0.0474757 0.570291 -0.840965 -0.0593716 0.998233 0.00227435 0.0574506 -0.569175 -0.0357242 0.82144 0.538031
9 19 412 0.570714 0.404587 -0.714559 -0.371964 -0.615452 0.786828 -0.0460522 -0.00951316 0.543603 0.46606 0.698057 0.928198
9 20 295 0.895369 -0.103582 -0.433111 0.0538017 0.0569823 0.991227 -0.11926 0.64179 0.441664 0.0821024 0.893416 -0.764991
9 21 358 -0.978822 0.0492361 0.198705 -0.0482044 -0.0592126 -0.99725 -0.0445783 0.0574996 0.195964 -0.0554001 0.979045 0.997181
9 22 249 0.908271 -0.0725623 -0.412041 0.993303 0.0748484 0.997138 -0.0106106 0.0601831 0.411632 -0.0212033 0.911104 0.0986236
9 23 0 1 0 0 0 0 1 0 0 0 0 1 0
9 24 294 -0.296158 0.0105956 -0.95508 0.326622 0.018692 0.999811 0.00529574 0.00297056 0.954956 -0.0162839 -0.296301 0.94515
9 25 272 -0.715188 0.683789 0.144698 0.119523 -0.696904 -0.713421 -0.0731742 0.0597965 0.0531952 -0.153174 0.986766 0.991029
9 26 242 0.84378 0.0595494 0.533375 0.259043 -0.0820334 0.996457 0.018523 0.0670394 -0.530382 -0.0593839 0.845676 0.963536
9 27 125 0.788326 0.076992 0.610422 -0.171966 -0.124634 0.991553 0.0358946 -0.92322 -0.602502 -0.104376 0.791263 -0.343647
9 28 268 0.549913 0.301583 0.778873 0.418624 -0.25447 0.948696 -0.187674 -0.0581668 -0.795513 -0.0949955 0.598444 0.906295
9 29 222 0.316765 -0.282763 -0.905376 0.67987 0.161776 0.95665 -0.242176 0.242999 0.934606 -0.0697551 0.348777 0.691902
10 11 3946 0.984456 0.0445537 0.169885 -0.973129 -0.0477686 0.998748 0.014882 0.0630423 -0.169009 -0.0227658 0.985351 0.221461
10 12 2708 0.947356 0.0550225 0.315419 -0.939821 -0.0649123 0.997672 0.0209269 0.0739026 -0.313533 -0.0402998 0.948722 0.333579
10 13 1729 0.769615 0.112796 0.628466 -0.847272 -0.12575 0.991771 -0.0240081 0.121367 -0.626002 -0.0605529 0.777467 0.517108
10 14 1430 0.579936 0.166764 0.797411 -0.842325 -0.201049 0.977846 -0.058281 0.188062 -0.789464 -0.126519 0.600616 0.505095
10 15 598 -0.243384 0.0302252 0.969459 -0.560635 -0.0977081 0.993666 -0.0555096 0.0284259 -0.964996 -0.108234 -0.238889 0.827575
10 16 1895 0.381711 -0.124061 -0.915918 0.514262 0.15466 0.985553 -0.0690384 0.147318 0.91125 -0.115304 0.395383 0.844886
10 17 1360 0.444366 0.030241 -0.895335 0.498397 0.0677899 0.995429 0.0672668 0.0442702 0.893277 -0.0905857 0.440284 0.865818
10 18 394 -0.842198 -0.037909 -0.537833 -0.113944 0.122908 -0.98476 -0.123052 -0.0521922 -0.524972 -0.169738 0.834022 0.992115
10 19 645 -0.281664 -0.0552114 -0.957923 -0.358983 0.171743 -0.985122 0.00628046 -0.0125818 -0.944018 -0.162747 0.286956 0.933259
10 20 233 0.636001 0.214516 0.741273 -0.226231 -0.140961 0.976719 -0.161709 0.0113579 -0.758705 -0.00164363 0.651433 0.974007
10 21 228 -0.923242 -0.0770492 0.376415 -0.0384186 -0.0847066 0.996399 -0.00380673 0.0581742 -0.374766 -0.0353993 -0.926444 0.997567
10 22 118 -0.730361 -0.120119 -0.672417 0.052091 0.0740071 -0.992537 0.0969205 0.0505298 -0.679041 0.0210233 0.7338 0.997363
10 23 29 -0.665615 0.26255 -0.698587 0.576064 -0.171023 0.857501 0.485225 -0.252806 0.726435 0.442448 -0.525863 0.777328
10 24 0 1 0 0 0 0 1 0 0 0 0 1 0
10 25 73 0.891655 0.0736293 0.446688 -0.311057 -0.0938091 0.99532 0.0231943 -0.0362853 -0.44289 -0.0625847 0.894389 -0.949698
10 26 385 0.974203 0.125423 0.187613 0.25909 -0.113867 0.990942 -0.0711945 0.0674407 -0.194843 0.0479949 0.97966 0.963496
10 27 135 0.841231 -0.18116 0.509422 0.331784 0.152151 0.983439 0.0984764 0.0235693 -0.518826 -0.00533227 0.854863 0.943061
10 28 316 0.415236 -0.304127 0.857372 0.418624 0.903572 0.247207 -0.349923 -0.0581668 -0.105527 0.919998 0.377449 0.906295
10 29 294 0.281592 -0.165028 -0.945236 0.708954 0.177169 0.977104 -0.117812 0.139697 0.943036 -0.134291 0.304382 0.69128
11 12 4788 0.987978 0.0141568 0.153942 -0.953561 -0.0154264 0.999856 0.007056 0.0724251 -0.15382 -0.00934595 0.988055 0.292364
11 13 2367 0.871226 0.0732834 0.485381 -0.947166 -0.0791494 0.996827 -0.00843445 0.0132479 -0.484459 -0.0310693 0.874262 0.320471
11 14 1658 0.740577 0.164889 0.651427 -0.961652 -0.168735 0.983998 -0.0572417 0.211732 -0.650441 -0.0675265 0.756549 0.174343
11 15 730 0.429816 0.375335 0.821208 -0.737854 -0.138436 0.926146 -0.35084 0.546635 -0.892241 0.0371116 0.450032 0.395931
11 16 791 0.958617 -0.153982 -0.239464 -0.996262 0.167922 0.985036 0.0388168 -0.0861646 0.229903 -0.0774217 0.970129 0.00609102
11 17 972 0.996336 -0.0754 -0.0403594 -0.951718 0.0781018 0.994472 0.0701796 0.0154518 0.0348448 -0.0730746 0.996718 0.306585
11 18 347 0.952188 -0.0333954 0.303682 -0.857335 0.0271853 0.999326 0.0246552 0.0480452 -0.304301 -0.0152207 0.952454 0.512512
11 19 375 0.890286 -0.0290553 0.454473 -0.392528 0.0260263 0.999578 0.0129209 -0.0138617 -0.454657 0.000324938 0.890667 0.919635
11 20 286 0.754524 0.108019 0.647321 -0.380755 -0.127445 0.991701 -0.016935 0.718258 -0.643778 -0.0697202 0.762029 0.58235
11 21 456 0.720544 0.359932 0.592676 0.19342 0.170254 0.736731 -0.654402 0.937994 -0.672183 0.572431 0.469567 0.287675
11 22 320 0.663106 0.128214 0.737463 -0.236254 -0.0836876 0.991743 -0.0971732 0.72283 -0.743832 0.0027197 0.668361 -0.649385
11 23 53 -0.12253 -0.267398 0.955764 -0.588176 0.422225 0.85748 0.29403 -0.264288 -0.898172 0.439575 0.00783473 0.76433
11 24 0 1 0 0 0 0 1 0 0 0 0 1 0
11 25 85 0.991765 0.0449837 0.119915 -0.0455787 -0.0253237 0.98668 -0.160692 0.744228 -0.125546 0.156332 0.979693 -0.666369
11 26 183 -0.499701 -0.0620107 -0.863975 0.317515 -0.123529 0.992341 0.000222162 0.0459517 0.857344 0.106837 -0.503534 0.947139
11 27 173 0.652033 0.0473483 -0.756711 0.350231 0.204138 -0.972156 0.11507 0.0130046 -0.730192 -0.229503 -0.643543 0.936573
11 28 258 0.79403 0.180077 0.580593 0.149661 -0.143676 0.983648 -0.108596 0.00563215 -0.590655 0.00281126 0.806919 0.988721
11 29 311 0.0506427 -0.21886 -0.974441 0.609932 0.188573 0.960238 -0.20587 0.172601 0.980753 -0.173328 0.0899001 0.773429
12 13 3480 0.935605 0.0740204 0.345201 -0.99133 -0.0714008 0.997241 -0.0203164 0.0136518 -0.345752 -0.00563948 0.938309 -0.130683
12 14 2177 0.881271 0.129649 0.454481 -0.798747 -0.144287 0.989533 -0.00249876 -0.0379016 -0.450047 -0.0633736 0.890753 -0.600472
12 15 1126 0.702495 0.155517 0.694489 -0.962512 -0.163399 0.985009 -0.05529 -0.0610769 -0.692677 -0.074638 0.717375 -0.264273
12 16 1193 0.654732 0.193869 0.730576 -0.935414 -0.166098 0.979824 -0.111157 0.0822528 -0.737386 -0.0485689 0.673723 -0.343854
12 17 761 0.9875 -0.106354 -0.116328 -0.997641 0.113457 0.991951 0.0562215 -0.0247397 0.109412 -0.0687169 0.991618 0.0640325
12 18 886 0.985835 0.0925477 0.139872 -0.0055495 -0.146795 0.879497 0.452698 -0.982042 -0.0811209 -0.466818 0.880625 0.188581
12 19 514 0.920223 0.098765 0.378727 -0.686951 -0.0840855 0.994931 -0.0551503 -0.126033 -0.382255 0.0189051 0.923864 0.715691
12 20 524 0.843564 0.111009 0.525429 0.267365 -0.112284 0.993236 -0.0295755 -0.270591 -0.525158 -0.0340484 0.850323 0.924822
12 21 185 0.795062 0.145591 0.588795 0.152216 -0.105002 0.989145 -0.1028 0.973132 -0.59737 0.019908 0.801719 0.172755
12 22 612 0.745593 -0.0997705 0.658891 -0.0263115 -0.307845 0.825343 0.473329 -0.996507 -0.591035 -0.555747 0.584656 0.0792609
12 23 22 0.90946 -0.25323 0.329782 0.410807 0.286794 0.95632 -0.0565766 -0.275245 -0.301051 0.146034 0.94236 0.869182
12 24 180 0.636114 -0.192475 0.747203 -0.981067 0.320407 0.94684 -0.0288702 0.0503214 -0.701925 0.257774 0.663969 0.187018
12 25 198 0.99741 0.0165907 0.0699816 0.941657 -0.01835 0.99953 0.024572 -0.063765 -0.069541 -0.0257925 0.997246 -0.330479
12 26 296 0.998124 0.0546414 -0.0276057 0.905316 -0.0521589 0.995116 0.0838018 -0.184519 0.0320499 -0.0822047 0.9961 0.382564
12 27 227 0.925774 0.137681 0.352117 -0.780568 -0.135829 0.990275 -0.0300893 0.39846 -0.352835 -0.0199718 0.935472 -0.481604
12 28 170 0.905943 0.103823 0.410473 0.424211 -0.0762834 0.993629 -0.0829611 -0.0592919 -0.416471 0.0438458 0.908091 0.90362
12 29 354 0.867061 -0.307446 -0.392022 0.895633 0.278717 0.95156 -0.129811 0.444501 0.412942 0.00329037 0.910751 -0.0161314
13 14 3387 0.981392 0.0608948 0.182102 -0.815279 -0.0690313 0.996865 0.0386759 -0.0593558 -0.179176 -0.0505269 0.982519 -0.576018
13 15 1500 0.90754 0.0957324 0.408909 -0.901891 -0.102871 0.994684 -0.00455778 -0.0929307 -0.407172 -0.0379286 0.912564 -0.421849
13 16 1198 0.845597 0.104405 0.523512 -0.93281 -0.115804 0.993211 -0.0110276 -0.103907 -0.521109 -0.0512998 0.851947 -0.345063
13 17 536 0.770622 0.132043 0.623463 -0.997206 -0.159427 0.987137 -0.0120081 -0.0229095 -0.617029 -0.0901429 0.781761 -0.0711023
13 18 185 0.964287 -0.0704399 -0.25532 0.6895 0.0465489 0.994053 -0.0984434 0.500563 0.260736 0.0830429 0.961832 -0.523475
13 19 160 0.999979 -0.00626242 0.00166268 -0.0195378 0.00633521 0.998821 -0.0481367 0.701201 -0.00135927 0.0481462 0.998839 -0.712696
13 20 175 0.962719 0.084013 0.257126 -0.0287119 -0.0604168 0.993317 -0.0983451 0.950165 -0.26367 0.079144 0.961361 -0.310423
13 21 108 0.943125 0.0757294 0.323698 0.369645 -0.0860549 0.996133 0.0176828 -0.187907 -0.321107 -0.0445329 0.945995 -0.909975
13 22 314 0.969434 0.0846749 0.230277 0.494102 -0.0932907 0.995279 0.0267678 -0.226659 -0.226924 -0.0474324 0.972757 -0.839339
13 23 19 -0.707073 0.13433 0.694265 0.386311 -0.507916 -0.779574 -0.366451 -0.278795 0.492005 -0.611736 0.619444 0.879225
13 24 0 1 0 0 0 0 1 0 0 0 0 1 0
13 25 66 0.997188 -0.0535162 -0.0524661 0.182016 0.0529411 0.998522 -0.0122927 0.203287 0.0530464 0.00948051 0.998547 -0.962052
13 26 46 0.998564 -0.0402159 0.0354002 -0.136035 0.0391953 0.998809 0.0290699 0.144926 -0.0365271 -0.0276406 0.99895 0.980046
13 27 155 0.994769 0.0402437 0.0938873 -0.737515 -0.0398535 0.999187 -0.0060284 0.224606 -0.0940536 0.00225514 0.995565 0.636886
13 28 199 0.990198 0.0229928 0.137765 -0.0112062 0.030745 0.92628 -0.375579 0.995938 -0.136244 0.376133 0.916494 -0.0893465
13 29 165 0.937623 0.173518 -0.301256 -0.843812 -0.185207 0.982644 -0.0104499 0.119839 0.294215 0.0655929 0.953486 -0.523087
14 15 2505 0.972358 0.0562487 0.226617 -0.859412 -0.0483167 0.998015 -0.0404023 -0.121839 -0.22844 0.0283361 0.973146 -0.496554
14 16 1608 0.943412 0.0740376 0.323253 -0.857416 -0.0618312 0.996937 -0.0478839 -0.125152 -0.325808 0.0251871 0.9451 -0.499175
14 17 766 0.876959 0.11369 0.466923 -0.998169 -0.108246 0.993376 -0.0385715 -0.0213105 -0.468215 -0.0167168 0.883456 -0.05661
14 18 336 0.542074 0.212098 0.813124 -0.929875 -0.150204 0.976496 -0.154578 0.0898281 -0.826798 -0.0383418 0.561191 0.356739
14 19 189 0.377493 0.23424 0.895897 -0.858729 -0.158907 0.969513 -0.186531 0.0970462 -0.912276 -0.0719498 0.403207 0.503156
14 20 101 0.985901 0.0843573 0.144509 -0.111214 -0.0400436 0.957473 -0.285731 0.963701 -0.162467 0.275916 0.947351 -0.242716
14 21 53 0.35197 0.0221863 -0.935748 0.915949 0.285565 0.949512 0.129924 -0.138237 0.891386 -0.312947 0.327864 0.376732
14 22 167 0.983293 0.0160313 0.181323 0.382892 -0.0107079 0.999484 -0.0302997 -0.20058 -0.181715 0.0278519 0.982957 -0.901755
14 23 0 1 0 0 0 0 1 0 0 0 0 1 0
14 24 0 1 0 0 0 0 1 0 0 0 0 1 0
14 25 57 0.970534 -0.158302 -0.181673 -0.218323 0.150518 0.987023 -0.0559527 -0.207408 0.188173 0.026959 0.981766 0.953581
14 26 75 0.991449 -0.098049 -0.0861105 -0.133539 0.0973414 0.995174 -0.012389 -0.156931 0.0869097 0.00390094 0.996209 0.97854
14 27 99 0.99706 -0.0665569 -0.037968 0.140469 0.0653778 0.997363 -0.0314951 -0.056816 0.0399641 0.0289202 0.998783 -0.988454
14 28 114 0.996534 -0.0414852 -0.0721102 0.74576 0.0359348 0.996412 -0.0766343 -0.2227 0.0750306 0.0737773 0.994448 0.627891
14 29 77 0.987564 0.0482847 -0.149616 0.682749 -0.0542109 0.997888 -0.0357852 -0.183299 0.147572 0.043451 0.988096 0.707288
15 16 2769 0.992694 0.0182166 0.119275 -0.849286 -0.0178138 0.999831 -0.00444225 -0.12702 -0.119335 0.00228506 0.992851 -0.512425
15 17 1384 0.964155 0.0533029 0.259929 -0.994687 -0.0594061 0.998111 0.0156754 0.0222302 -0.258603 -0.0305549 0.9655 0.100512
15 18 516 0.788801 0.143183 0.597739 -0.918046 -0.12718 0.989464 -0.0691842 0.0751282 -0.601347 -0.021448 0.7987 0.389291
15 19 272 0.563937 0.172887 0.807518 -0.839612 -0.146245 0.983293 -0.108388 0.0743955 -0.812765 -0.0569715 0.579799 0.538068
15 20 48 0.999939 0.000958876 0.0109676 0.165337 -0.000903168 0.999987 -0.00508311 0.800789 -0.0109724 0.0050729 0.999927 0.575675
15 21 54 0.995794 0.0129614 0.0907015 -0.146681 -0.00898367 0.998986 -0.044127 0.834455 -0.0911814 0.0431266 0.9949 -0.531197
