0 1 652 0.75092 -0.12958 -0.647555 0.348691 0.202166 0.97859 0.038614 0.0273086 0.628687 -0.15991 0.76104 0.93684
0 2 654 0.868889 -0.0904263 -0.486677 0.49077 0.103736 0.994605 0.000404923 0.176846 0.484015 -0.050838 0.873582 0.853153
0 3 1088 0.952728 -0.0521999 -0.299308 0.69972 0.0552588 0.998471 0.00175924 0.139955 0.298758 -0.0182155 0.954155 0.700574
0 4 1291 0.970292 -0.0433883 -0.238014 0.72878 0.0370639 0.998832 -0.0309847 0.119678 0.239081 0.0212424 0.970767 0.674208
0 5 1094 0.999744 0.00310728 -0.0224301 0.475951 -0.00344658 0.99988 -0.0151044 0.149401 0.0223804 0.0151779 0.999634 0.866689
0 6 1239 0.998524 0.00877558 0.0536003 0.406326 -0.0102112 0.999595 0.0265692 0.193097 -0.0533455 -0.0270773 0.998209 0.893091
0 7 546 0.917292 0.0776622 0.390569 0.560056 -0.0925571 0.995518 0.0194274 0.192136 -0.38731 -0.0539706 0.920369 0.805867
0 8 803 0.850486 0.0989338 0.51661 0.114146 -0.109598 0.993927 -0.00991281 0.242439 -0.514453 -0.0481889 0.856163 0.963428
0 9 876 0.803943 0.110979 0.58426 -0.354639 -0.123553 0.992166 -0.0184518 0.180817 -0.58173 -0.0573527 0.811357 0.917353
0 10 856 0.711385 0.125406 0.691524 -0.732199 -0.123761 0.990928 -0.0523862 0.104437 -0.69182 -0.0483171 0.720452 0.673036
0 11 688 0.566313 0.153313 0.809805 -0.817585 -0.174274 0.982605 -0.0641544 0.0931675 -0.805554 -0.104796 0.583181 0.56822
0 12 630 0.440384 0.160778 0.883296 -0.779793 -0.184272 0.979076 -0.0863393 0.128137 -0.878696 -0.124744 0.460796 0.612784
0 13 587 0.171278 0.178078 0.968995 -0.645943 -0.227904 0.964015 -0.136878 0.133951 -0.958501 -0.197394 0.205699 0.751542
0 14 136 -0.566561 -0.78442 0.252377 0.433351 0.818545 -0.570998 0.0628129 0.0181658 0.094835 0.242169 0.965588 0.901042
0 15 322 0.590903 -0.457763 0.664294 -0.467032 -0.541195 -0.835582 -0.094393 -0.0867055 0.598282 -0.303736 -0.741487 0.879979
0 16 361 0.585213 0.107164 0.803767 -0.451452 0.202493 -0.979138 -0.0168868 0.0244344 0.78519 0.17264 -0.594704 0.891961
0 17 257 0.263472 -0.962607 -0.0630043 -0.404957 0.958688 0.25402 0.128024 0.0666661 -0.107233 -0.0941323 0.989768 0.911902
0 18 305 0.441823 -0.689263 0.574204 -0.466362 -0.855405 -0.516553 0.0381344 -0.0104238 0.270322 -0.508025 -0.817824 0.884532
0 19 351 0.529171 -0.34801 0.773865 -0.460256 -0.309353 -0.928376 -0.205958 0.106473 0.790113 -0.130411 -0.598927 0.881379
0 20 317 0.886823 -0.0644672 -0.457591 0.376555 0.0822507 0.99643 0.019023 -0.0810965 0.454731 -0.0545072 0.888959 0.922838
0 21 256 0.0764246 -0.896125 -0.437172 0.374253 -0.996312 -0.0514772 -0.0686519 -0.0648744 0.0390163 0.440806 -0.896754 0.925055
0 22 208 0.478502 0.87696 -0.0444738 0.377767 -0.87808 0.477692 -0.0280224 -0.110388 -0.00332972 0.0524603 0.998617 -0.919297
0 23 154 0.864075 -0.410321 0.291567 -0.0374693 -0.475803 -0.85483 0.207069 -0.198375 0.164275 -0.317652 -0.933869 0.97941
0 24 131 0.89827 -0.0110011 -0.439305 -0.177764 0.0143554 0.999888 0.00431391 0.136191 0.439209 -0.0101815 0.898327 0.974603
0 25 196 0.999789 0.0204761 -0.00170464 -0.271581 -0.0205429 0.997784 -0.0632886 0.209327 0.000404963 0.0633103 0.997994 0.939375
0 26 394 0.929107 0.00807299 -0.369723 0.442582 0.0467741 0.989167 0.139141 0.0248576 0.366841 -0.14657 0.918665 0.896383
0 27 312 -0.435145 0.264339 -0.860682 0.253347 0.470516 0.881777 0.0329343 -0.0508462 0.767635 -0.390633 -0.508076 0.966038
0 28 334 0.319281 -0.114779 -0.940683 0.260683 0.34773 0.937588 0.00362288 -0.0597619 0.881558 -0.32826 0.339266 0.963573
0 29 621 0.962108 -0.0724007 -0.262882 0.464763 0.0817027 0.996353 0.0246124 0.131736 0.260141 -0.045158 0.964514 0.875581
1 2 1247 0.965327 0.0227046 0.260053 -0.990487 -0.0314625 0.999068 0.0295641 -0.0225777 -0.259139 -0.036721 0.965142 -0.135743
1 3 1001 0.862636 0.0595115 0.502312 -0.974006 -0.0735011 0.997262 0.0080749 -0.0966643 -0.500456 -0.0438862 0.864649 -0.204863
1 4 782 0.795814 0.078526 0.600428 -0.998729 -0.0690268 0.996857 -0.0388834 -0.0109095 -0.601594 -0.0105016 0.798733 -0.0492042
1 5 657 0.71039 0.109603 0.695221 -0.957816 -0.0994864 0.993519 -0.0549734 0.0589272 -0.696741 -0.0301125 0.716691 0.281277
1 6 541 0.661227 0.107902 0.742385 -0.987069 -0.132941 0.990793 -0.0255993 0.0255242 -0.738312 -0.0817667 0.669484 0.158251
1 7 211 0.339898 0.152936 0.927944 -0.913938 -0.185294 0.978239 -0.0933538 0.0917145 -0.922028 -0.140211 0.36084 0.395355
1 8 61 0.715929 0.14215 0.683549 -0.438979 -0.135273 0.988743 -0.0639369 -0.00630557 -0.684943 -0.0466915 0.727099 -0.898475
1 9 105 -0.716233 0.127299 -0.686153 0.437965 0.0337877 0.988395 0.148104 -0.133327 0.697043 0.0828932 -0.712222 0.889051
1 10 158 -0.863151 0.433015 -0.259746 0.224305 -0.226845 0.127044 0.965609 -0.775669 0.451122 0.892389 -0.011431 0.589936
1 11 136 0.651525 0.554291 0.517954 -0.320513 0.669489 -0.741208 -0.0489313 -0.0812794 0.356789 0.378644 -0.854008 0.943751
1 12 64 0.772751 -0.617128 -0.148354 -0.209731 0.622769 0.692089 0.364926 -0.368607 -0.122532 -0.374388 0.919141 -0.905617
1 13 160 -0.282105 -0.696787 -0.659473 0.223125 -0.817531 0.534315 -0.214829 0.0141663 0.502056 0.478535 -0.720377 0.974687
1 14 229 -0.380151 -0.108863 0.918496 -0.448512 0.192125 0.962095 0.193548 -0.0762991 -0.904751 0.250043 -0.344826 0.890514
1 15 115 0.967362 -0.107014 -0.229694 -0.0687707 0.120793 0.991576 0.0467521 0.562779 0.222756 -0.0729717 0.972139 -0.823742
1 16 197 0.99993 0.000726952 -0.0118441 -0.125379 0.000777538 0.991963 0.126527 -0.850991 0.0118409 -0.126527 0.991893 0.509994
1 17 283 0.989042 -0.0400308 -0.142107 -0.0513256 0.0377929 0.999116 -0.018413 0.90936 0.142718 0.0128406 0.98968 -0.412831
1 18 268 0.708328 0.0865597 0.700556 -0.871175 -0.0650376 0.996234 -0.0573342 0.188698 -0.702881 -0.00495106 0.71129 0.453263
1 19 94 -0.623672 0.758754 -0.18795 -0.121262 -0.711265 -0.650574 -0.266188 0.0721882 -0.324247 -0.0323314 0.94542 -0.989992
1 20 75 -0.917601 0.272912 -0.289012 0.344865 -0.255809 -0.961933 -0.0961626 0.129774 -0.304254 -0.014307 0.952484 -0.929638
1 21 57 0.917371 -0.159011 -0.364893 0.19093 0.164402 0.986256 -0.0164634 -0.0192675 0.362496 -0.0448862 0.930904 -0.981415
1 22 157 0.932269 -0.147217 -0.330456 0.67478 0.13347 0.988981 -0.0640471 0.175649 0.336244 0.0156031 0.941646 -0.716812
1 23 164 0.95334 -0.0259593 0.300781 -0.873133 0.0377167 0.998732 -0.0333478 -0.0083192 -0.299534 0.0431363 0.95311 -0.487411
1 24 257 0.810188 0.0263421 0.585578 -0.986389 0.0047428 0.998662 -0.0514866 0.0472879 -0.586151 0.0444911 0.808979 0.157485
1 25 291 0.544619 -0.12308 -0.829603 0.978158 0.221266 0.975213 0.000573772 -0.0420373 0.808969 -0.183875 0.558353 0.203568
1 26 314 0.625346 -0.151189 -0.765561 0.954467 0.222014 0.974979 -0.0111949 0.0575299 0.748099 -0.162964 0.643265 0.292718
1 27 412 0.745537 -0.139154 -0.651775 0.979741 0.177208 0.984146 -0.007415 0.0385587 0.642473 -0.109971 0.758376 0.196522
1 28 625 0.841025 -0.119241 -0.527692 0.999883 0.125577 0.991794 -0.0239705 0.00668036 0.52622 -0.0461061 0.849098 -0.0137459
1 29 275 0.95182 0.0344776 0.304714 -0.638898 -0.0405366 0.999086 0.0135783 0.0837719 -0.303968 -0.0252761 0.952347 0.764717
2 3 1518 0.969862 0.0495714 0.238557 -0.764216 -0.0463002 0.998741 -0.0193002 -0.121836 -0.239214 0.00767329 0.970937 -0.633348
2 4 1001 0.925023 0.0730498 0.372823 -0.983571 -0.0546202 0.996716 -0.0597738 -0.0163374 -0.375965 0.0349285 0.925975 -0.179783
2 5 795 0.869955 0.107721 0.481222 -0.96699 -0.0885631 0.994112 -0.0624253 0.048931 -0.485114 0.0116887 0.874373 0.250072
2 6 661 0.8206 0.112583 0.560304 -0.993868 -0.115983 0.992809 -0.029623 0.0152101 -0.55961 -0.0406774 0.827757 0.109522
2 7 290 0.561972 0.171398 0.809203 -0.946666 -0.189498 0.978955 -0.0757514 0.0610296 -0.805157 -0.110772 0.582625 0.316383
2 8 241 0.419511 0.179359 0.889854 -0.941688 -0.251859 0.964796 -0.0757276 -0.012189 -0.872111 -0.19235 0.449916 0.336266
2 9 215 0.273556 0.168176 0.94704 -0.922699 -0.254985 0.962049 -0.0971876 -0.00581883 -0.927443 -0.214894 0.306056 0.385476
2 10 172 0.275419 0.205034 0.939205 -0.925238 -0.21661 0.965102 -0.147168 0.0355468 -0.936603 -0.162908 0.31022 0.377717
2 11 127 0.984909 0.101033 -0.140521 0.539065 -0.104987 0.994252 -0.020998 0.00327155 0.137592 0.0354341 0.989855 0.842258
2 12 174 -0.106948 0.225879 0.968267 -0.762422 -0.0698255 0.969741 -0.233936 0.169632 -0.99181 -0.0926287 -0.0879398 0.62445
2 13 209 -0.643166 0.327964 0.691937 -0.365192 0.0842318 0.928453 -0.361773 0.231073 -0.76108 -0.174397 -0.624774 0.901798
2 14 230 -0.961667 -0.196015 0.191766 -0.2004 -0.26863 0.813867 -0.515226 0.246576 -0.0550807 -0.54699 -0.835325 0.948177
2 15 177 -0.91961 0.0381106 -0.39098 0.193789 0.0839536 0.991355 -0.100832 0.0566461 0.383757 -0.125551 -0.914859 0.979406
2 16 63 0.983014 -0.067512 -0.170661 0.374446 0.0555582 0.995718 -0.0738798 -0.170187 0.174919 0.0631433 0.982556 -0.911497
2 17 69 -0.868865 -0.0119005 -0.494906 0.310051 -0.0827702 -0.982147 0.168929 -0.0586571 -0.488081 0.18774 0.852368 -0.948909
2 18 122 0.986103 0.0345326 0.162506 0.0325906 -0.01417 0.992077 -0.124832 0.188276 -0.165529 0.120794 0.978779 -0.981575
2 19 69 -0.979287 0.161783 -0.121748 0.124715 -0.170532 -0.983193 0.0651881 -0.0585418 -0.109155 0.0845998 0.990418 0.990464
2 20 122 0.980633 -0.165537 -0.104676 0.953396 0.162259 0.985971 -0.0391554 0.11448 0.10969 0.0214124 0.993735 0.279162
2 21 188 0.423085 -0.168412 -0.890301 0.981503 0.105907 0.985031 -0.136002 0.13966 0.899879 -0.0367487 0.434588 0.130946
2 22 96 0.965463 -0.138756 -0.220516 0.526118 0.131569 0.990191 -0.0470271 0.0912208 0.224878 0.0163899 0.974249 0.845505
2 23 167 0.104881 -0.0837295 -0.990954 0.887093 0.0387623 0.996036 -0.0800564 0.00632858 0.993729 -0.0300152 0.107711 0.461548
2 24 192 0.843236 -0.0239415 0.53701 -0.963201 0.107713 0.986272 -0.125164 0.037114 -0.526641 0.163386 0.834239 0.266209
2 25 156 0.996406 0.0384286 0.0754809 -0.6175 -0.0372636 0.999165 -0.0167829 0.0173423 -0.0760628 0.0139099 0.997006 -0.78638
2 26 236 0.32251 -0.156659 -0.933512 0.879225 0.245911 0.966214 -0.0771892 0.0294578 0.914065 -0.204667 0.350138 0.475495
2 27 287 0.541043 -0.198213 -0.817303 0.911329 0.184393 0.976141 -0.114668 0.146462 0.820531 -0.0886641 0.564683 0.384744
2 28 323 0.673888 -0.167069 -0.719696 0.956888 0.134082 0.985577 -0.103243 0.0986783 0.726565 -0.0269239 0.68657 0.273181
2 29 1226 0.998935 0.0121493 0.0445077 0.970933 -0.011434 0.999802 -0.01629 0.059669 -0.0446968 0.0157637 0.998876 0.231796
3 4 2253 0.990373 0.024309 0.136271 -0.992907 -0.0192757 0.999087 -0.0381351 0.0457711 -0.137074 0.0351412 0.989937 0.109731
3 5 1670 0.962232 0.0579196 0.265999 -0.878348 -0.0502 0.9981 -0.0357348 0.0972202 -0.267563 0.021032 0.963311 0.468032
3 6 1368 0.939746 0.0638432 0.335859 -0.972623 -0.0687147 0.997633 0.00262707 0.0525038 -0.334896 -0.0255472 0.941909 0.226379
3 7 639 0.755585 0.130812 0.641856 -0.925348 -0.152187 0.988102 -0.0222248 0.0785135 -0.637127 -0.0808895 0.766503 0.370901
3 8 484 0.670539 0.146095 0.727347 -0.930343 -0.16916 0.9847 -0.0418391 0.0566716 -0.722331 -0.0949832 0.684994 0.362286
3 9 490 0.59072 0.153339 0.792172 -0.928968 -0.158198 0.984732 -0.0726454 0.0726965 -0.791216 -0.0824067 0.605959 0.36295
3 10 404 0.499894 0.169442 0.84935 -0.913303 -0.16452 0.981398 -0.0989541 0.0572665 -0.850317 -0.0902689 0.518472 0.403235
3 11 343 0.301773 0.182033 0.93584 -0.865097 -0.212208 0.969803 -0.12021 0.0818086 -0.929463 -0.162317 0.331289 0.494888
3 12 325 0.166093 0.203021 0.964985 -0.794459 -0.156712 0.971575 -0.177435 0.148416 -0.973578 -0.121755 0.193188 0.588904
3 13 371 -0.161985 0.117308 0.979796 -0.633159 -0.302841 0.939085 -0.162501 0.0894187 -0.939174 -0.323045 -0.116592 0.768839
3 14 372 -0.3655 0.0398551 0.929958 -0.550264 -0.371452 0.909838 -0.184984 0.104799 -0.853483 -0.413046 -0.317741 0.828388
3 15 240 0.808208 0.396118 0.435765 0.110019 0.435121 -0.9003 0.0113747 0.158964 0.396825 0.180418 -0.899989 0.981135
3 16 341 -0.63277 0.18882 -0.750966 0.438377 0.57029 0.769672 -0.287008 0.176771 0.523805 -0.609878 -0.594707 0.881236
3 17 228 -0.264182 0.859661 0.437254 -0.391482 0.952889 0.302699 -0.019399 -0.0284123 -0.149033 0.411529 -0.899129 0.919747
3 18 406 0.998559 0.0521642 0.0125698 -0.0156092 0.0202516 -0.583329 0.811983 -0.524142 0.0496888 -0.810559 -0.583545 0.851488
3 19 341 0.87897 0.101436 0.465964 -0.733162 -0.11879 0.992888 0.00793773 0.00605423 -0.461844 -0.0623288 0.884768 0.680027
3 20 181 -0.668455 0.447183 -0.594302 0.376529 0.558207 0.829694 -0.00355228 -0.0723366 0.491501 -0.334118 -0.804234 0.923576
3 21 174 -0.954825 0.0109751 -0.296967 0.282727 0.0575315 0.987239 -0.148493 0.0762138 0.291547 -0.15887 -0.943271 0.956168
3 22 157 0.750302 -0.204767 -0.628583 0.359292 0.184369 0.97791 -0.0984939 0.0510253 0.634866 -0.0419908 0.77148 0.931829
3 23 136 -0.678805 -0.0988857 -0.72763 0.448255 -0.114731 0.993004 -0.0279179 -0.00687133 0.7253 0.0645309 -0.685401 0.893879
3 24 157 0.846827 -0.0646948 -0.527918 0.708422 0.0579757 0.997888 -0.0292899 -0.0445842 0.528698 -0.00580296 0.84879 -0.70438
3 25 244 0.739778 -0.0155457 0.672672 -0.948271 0.0706829 0.995997 -0.0547164 0.068875 -0.669129 0.0880244 0.737915 0.309902
3 26 294 0.0813153 -0.176372 -0.980959 0.783801 0.236315 0.959565 -0.152937 0.123879 0.968268 -0.21938 0.119707 0.60853
3 27 352 0.252088 -0.180325 -0.950755 0.808494 0.217506 0.967904 -0.125907 0.0980651 0.942944 -0.175055 0.283218 0.580277
3 28 442 0.384322 -0.203084 -0.900585 0.787268 0.11918 0.978256 -0.16974 0.234534 0.915474 -0.0420972 0.400169 0.570266
3 29 1482 0.98089 -0.0344033 -0.1915 0.845137 0.0339606 0.999408 -0.00559393 0.109273 0.191579 -0.00101643 0.981477 0.523261
4 5 2479 0.990962 0.0304271 0.130645 -0.758565 -0.032015 0.999437 0.0100707 0.0885542 -0.130265 -0.0141623 0.991378 0.645552
4 6 2014 0.976084 0.0329578 0.21488 -0.978828 -0.0441196 0.997903 0.0473552 0.0272643 -0.212869 -0.055703 0.975492 0.202861
4 7 1039 0.837945 0.0895006 0.538365 -0.958983 -0.121918 0.99223 0.0248071 0.0694805 -0.531962 -0.0864233 0.842346 0.274815
4 8 799 0.764835 0.104592 0.635679 -0.965143 -0.141227 0.989952 0.00703889 0.0390335 -0.628556 -0.0951588 0.771921 0.258798
4 9 804 0.696222 0.114346 0.70866 -0.968236 -0.148693 0.988792 -0.0134643 0.0369893 -0.702257 -0.0959984 0.705421 0.247286
4 10 593 0.590852 0.122322 0.797453 -0.947199 -0.138825 0.989111 -0.0488619 0.0441492 -0.794746 -0.0818363 0.601399 0.317593
4 11 523 0.437064 0.146485 0.887421 -0.907801 -0.195933 0.97846 -0.0650132 0.068768 -0.87783 -0.14546 0.456351 0.413725
4 12 478 0.290535 0.144218 0.945934 -0.847532 -0.196144 0.97656 -0.0886436 0.0991327 -0.936545 -0.159785 0.312012 0.521404
4 13 514 -0.176894 0.156311 0.971738 -0.612246 -0.168517 0.967919 -0.186373 0.157222 -0.969696 -0.196723 -0.144878 0.774878
4 14 447 -0.677688 0.173821 0.71451 -0.359011 -0.0195299 0.967064 -0.253784 0.210289 -0.73509 -0.185941 -0.651973 0.909335
4 15 141 -0.745323 0.630137 0.217764 -0.110232 -0.642363 -0.766177 0.0184989 -0.159012 0.178502 -0.126096 0.975826 -0.981104
4 16 137 0.104192 0.990576 0.088896 -0.173381 -0.959698 0.123595 -0.252398 -0.158624 -0.261007 -0.0590154 0.963531 -0.971997
4 17 204 0.448859 0.893602 -0.000664108 -0.385227 -0.563685 0.283717 0.775735 0.0413839 0.693387 -0.347821 0.631059 0.921894
4 18 271 0.838334 -0.304169 0.452413 -0.394297 -0.251049 -0.952045 -0.174882 0.138661 0.483911 0.0330321 -0.874494 0.908462
4 19 253 0.995168 0.0915164 0.0355761 -0.839278 -0.0927421 0.995093 0.0344801 0.0314706 -0.032246 -0.0376129 0.998772 -0.542791
4 20 115 0.883909 -0.453898 0.112614 0.377466 0.46559 0.831472 -0.303119 -0.0711696 0.0439495 0.320361 0.946275 0.923285
4 21 207 -0.636303 -0.438467 -0.634716 0.369285 0.54911 -0.835327 0.0265669 0.0661407 -0.541845 -0.331625 0.772288 0.926959
4 22 213 0.550399 -0.647015 -0.527667 0.474672 -0.553861 -0.755878 0.349122 -0.102079 -0.624739 0.100097 -0.774391 0.874223
4 23 195 -0.657073 0.0295887 -0.753246 0.448255 0.0769497 0.996642 -0.0279751 -0.00687133 0.749889 -0.0763437 -0.657144 0.893879
4 24 282 0.347391 0.0397275 -0.936878 0.867779 -0.0524309 0.998362 0.0228934 -0.0033308 0.936253 0.0411684 0.348905 0.496939
4 25 342 0.579431 0.225213 0.783287 -0.910156 -0.295728 0.953662 -0.0554371 0.150046 -0.759476 -0.199518 0.619183 0.386137
4 26 373 0.541069 -0.228663 -0.809294 0.875797 0.258675 0.960923 -0.0985628 0.411755 0.800207 -0.156015 0.579075 0.251866
4 27 407 0.35974 -0.184487 -0.914632 0.807364 0.233882 0.966792 -0.103018 0.140969 0.903264 -0.176857 0.390942 0.572967
4 28 465 0.301638 -0.145648 -0.942232 0.75951 0.172081 0.98035 -0.0964517 0.0836353 0.937765 -0.133046 0.320774 0.645097
4 29 1235 0.945704 -0.0446596 -0.321945 0.908201 0.0561112 0.998076 0.026374 0.0671385 0.320148 -0.0430067 0.946391 0.413113
5 6 2379 0.996801 0.00486161 0.0797717 -0.86155 -0.00814646 0.99913 0.0409045 -0.114933 -0.0795034 -0.0414236 0.995974 -0.494491
5 7 1472 0.902729 0.0690544 0.424631 -0.973958 -0.0916894 0.995238 0.0330761 -0.0526414 -0.420325 -0.0687929 0.904762 -0.220533
5 8 1137 0.838441 0.084395 0.538418 -0.997441 -0.103085 0.994662 0.00461699 -0.00572506 -0.535154 -0.0593737 0.842665 -0.0712706
5 9 1017 0.784126 0.0978723 0.612836 -0.999677 -0.113115 0.993484 -0.0139328 0.00171164 -0.610206 -0.0583956 0.790088 -0.0253759
5 10 900 0.695004 0.113412 0.710005 -0.994392 -0.113292 0.99242 -0.0476247 0.0176166 -0.710024 -0.0473382 0.702584 0.104275
5 11 723 0.556694 0.14606 0.817776 -0.963939 -0.154176 0.985485 -0.0710594 0.0666911 -0.816285 -0.0865232 0.571132 0.25763
5 12 665 0.441898 0.145553 0.885178 -0.922448 -0.169599 0.982509 -0.0768907 0.0806836 -0.880887 -0.116148 0.458854 0.377597
5 13 709 0.0728077 0.166258 0.983391 -0.761671 -0.182737 0.97154 -0.150725 0.130966 -0.980462 -0.168728 0.101117 0.634591
5 14 487 -0.705711 0.158177 -0.690617 0.416015 0.166412 0.984497 0.0554372 0.0113579 0.688679 -0.075804 -0.721093 0.909287
5 15 198 0.998726 0.0032749 0.0503523 -0.110324 -0.00871827 0.994083 0.10827 -0.159048 -0.0496998 -0.108571 0.992846 -0.981087
5 16 528 0.854314 -0.39828 0.333947 -0.362477 0.491423 0.409716 -0.768529 0.774104 0.169266 0.820674 0.54575 0.519013
5 17 234 0.996603 -0.0351297 0.0744888 -0.399903 0.0353087 0.999376 -0.00108719 0.0434208 -0.0744042 0.00371361 0.997221 0.915528
5 18 477 -0.00272621 -0.792134 0.610341 -0.450886 -0.877035 0.295116 0.3791 -0.140385 -0.480419 -0.534256 -0.695534 0.881472
5 19 496 -0.335669 -0.0482007 0.940746 -0.511344 0.0125587 0.998372 0.0556344 -0.0298141 -0.941896 0.0304893 -0.334517 0.858859
5 20 179 0.943857 0.0487874 0.326731 -0.135232 -0.0527215 0.998604 0.00318991 -0.0369945 -0.326119 -0.0202365 0.945112 -0.990123
5 21 197 -0.565635 0.810703 0.151057 0.0980049 -0.82436 -0.560771 -0.0772459 -0.0593742 0.0220849 -0.168218 0.985502 -0.993413
5 22 232 0.917877 -0.302397 0.257016 0.0863718 -0.291649 -0.953181 -0.0799213 0.0491837 0.26915 -0.0016003 -0.963097 0.995048
5 23 224 0.635024 0.227454 -0.738248 0.448255 0.413852 -0.907124 0.0765009 -0.00687133 -0.652282 -0.354105 -0.670177 0.893879
5 24 282 0.532016 -0.0653792 -0.844206 0.983647 0.11493 0.993363 -0.00450201 -0.0529065 0.838898 -0.0946296 0.535999 0.17216
5 25 435 0.401233 0.119826 0.908104 -0.869314 -0.156536 0.985792 -0.0609135 0.0983004 -0.902501 -0.117711 0.41429 0.484387
5 26 358 0.969063 -0.00740335 -0.246703 0.709588 0.024637 0.997459 0.0668424 -0.138286 0.245582 -0.0708525 0.966783 -0.690913
5 27 195 -0.698482 0.263282 0.665436 -0.0213169 -0.397874 -0.915772 -0.055304 -0.0988669 0.594827 -0.303388 0.744404 0.994872
5 28 522 0.232243 -0.174571 -0.956864 0.780832 0.178102 0.974762 -0.134608 0.119562 0.956213 -0.139157 0.257473 0.613193
5 29 1236 0.891437 -0.0781277 -0.446359 0.976896 0.0889245 0.996033 0.00325475 0.0426884 0.444334 -0.0425937 0.894848 0.209409
6 7 1445 0.931903 0.0775738 0.354314 -0.967627 -0.0823586 0.996602 -0.00158039 -0.0514983 -0.353232 -0.027708 0.935125 -0.247077
6 8 1131 0.875555 0.0995903 0.472743 -0.996024 -0.0994254 0.994721 -0.0254095 -0.0142231 -0.472777 -0.0247553 0.880834 -0.0879422
6 9 983 0.825277 0.116998 0.552476 -0.999063 -0.110368 0.992854 -0.045392 -0.000831814 -0.553839 -0.0235149 0.832292 -0.0432658
6 10 821 0.738898 0.135092 0.660136 -0.995689 -0.109505 0.990747 -0.0801785 0.0189346 -0.664859 -0.0130445 0.746855 0.0908042
6 11 699 0.590814 0.174858 0.787632 -0.963084 -0.154468 0.982688 -0.102293 0.0669236 -0.791883 -0.0612276 0.607596 0.260751
6 12 568 0.486994 0.178121 0.855049 -0.923787 -0.173987 0.979147 -0.104878 0.0773167 -0.8559 -0.0976927 0.50783 0.375019
6 13 512 0.094366 0.188002 0.977625 -0.754329 -0.195388 0.966406 -0.166984 0.110977 -0.976176 -0.175258 0.127929 0.647049
6 14 497 -0.0949753 0.218155 0.971282 -0.702535 -0.23329 0.943644 -0.234759 0.187091 -0.967758 -0.248887 -0.0387295 0.686616
6 15 123 -0.912652 0.228192 0.33911 0.110578 -0.186643 -0.970765 0.150927 0.159122 0.363637 0.0744516 0.928561 0.981047
6 16 238 0.879816 0.301914 -0.367114 0.185879 0.337909 -0.940475 0.0363791 0.153378 -0.334278 -0.156058 -0.929464 0.970528
6 17 196 0.990014 0.139874 -0.0175453 -0.399927 -0.135176 0.977257 0.163391 0.0434779 0.0400004 -0.159388 0.986405 0.915515
6 18 302 0.492075 -0.497352 0.714495 -0.392714 -0.503554 -0.832113 -0.232426 0.149351 0.710138 -0.245416 -0.659905 0.907452
6 19 369 -0.389582 -0.298982 0.871112 -0.403564 -0.163705 0.953259 0.253964 -0.150821 -0.906326 -0.0436651 -0.420317 0.902435
6 20 120 0.994703 0.00446205 0.102695 -0.271142 -0.00308752 0.999904 -0.0135397 -0.0644358 -0.102745 0.0131509 0.994621 -0.96038
6 21 164 0.562734 0.809978 0.165123 0.0976999 -0.821748 0.569826 0.00532437 -0.0588623 -0.089779 -0.138686 0.986259 -0.993474
6 22 114 0.819626 0.341066 0.460313 -0.476113 -0.315219 0.939401 -0.134769 0.109529 -0.478384 -0.0346392 0.877467 -0.872536
6 23 136 -0.75821 0.106359 -0.643277 0.448255 0.24724 0.959822 -0.132717 -0.00687133 0.603316 -0.259672 -0.754043 0.893879
6 24 172 0.888768 -0.134924 -0.438048 0.458086 0.108717 0.990475 -0.0844994 -0.15788 0.445277 0.0274771 0.894971 0.874775
6 25 229 0.938548 -0.0643621 -0.339095 0.597308 0.0703468 0.997508 0.00537347 -0.175733 0.337905 -0.0288975 0.940737 -0.782522
6 26 340 -0.167675 -0.207801 -0.963693 0.615037 0.253351 0.935618 -0.245828 0.181585 0.952732 -0.285372 -0.104233 0.767305
6 27 393 -0.0662072 -0.226099 -0.971852 0.604204 0.208202 0.949419 -0.235063 0.187888 0.975842 -0.217905 -0.0157842 0.774362
6 28 390 0.195834 -0.206804 -0.958583 0.674585 0.202875 0.964907 -0.166722 0.0962156 0.959422 -0.161823 0.230917 0.7319
6 29 878 0.852824 -0.102074 -0.512125 0.922623 0.0949453 0.994673 -0.0401434 0.0651764 0.513494 -0.0143885 0.857972 0.380156
7 8 2088 0.990761 0.0257834 0.133143 -0.999171 -0.0239788 0.999598 -0.0151397 -0.0118321 -0.13348 0.0118072 0.990981 -0.0389477
7 9 1686 0.974212 0.0457873 0.220938 -0.998877 -0.0400723 0.998738 -0.0302824 -0.0028684 -0.222046 0.020648 0.974818 -0.0472994
7 10 1327 0.932427 0.0729328 0.353921 -0.996017 -0.0540609 0.996552 -0.0629335 0.0172605 -0.357291 0.0395477 0.933156 0.0874761
7 11 1039 0.861657 0.121344 0.492771 -0.96709 -0.102864 0.992598 -0.0645587 0.0647917 -0.496958 0.00493913 0.867761 0.246046
7 12 914 0.772072 0.134579 0.621123 -0.926959 -0.120423 0.990596 -0.0649452 0.0781284 -0.624022 -0.0246549 0.781017 0.366937
7 13 914 0.480256 0.192231 0.855804 -0.781839 -0.159784 0.978537 -0.130132 0.132166 -0.862452 -0.0742474 0.500664 0.60931
7 14 487 0.884396 0.282449 0.371572 -0.739476 -0.298186 0.954378 -0.0157385 0.239145 -0.359065 -0.0968786 0.928271 0.629274
7 15 296 -0.829831 0.0924385 0.550305 -0.266988 -0.0403229 -0.993539 0.106087 0.0798595 0.556556 0.0658441 0.828197 0.960385
7 16 319 0.981138 -0.0549683 -0.185327 -0.441008 0.0593796 0.998067 0.0183327 -0.102589 0.183961 -0.0289915 0.982506 0.891621
7 17 526 0.596564 0.0706898 0.799447 -0.391419 0.610186 -0.687005 -0.394586 0.0666345 0.52133 0.723207 -0.452976 0.917797
7 18 306 0.973248 0.229214 -0.0157915 -0.466217 -0.224291 0.962749 0.151024 -0.0103831 0.0498202 -0.143442 0.988404 0.884609
7 19 233 -0.659898 0.345488 -0.667212 -0.061603 -0.511362 -0.857131 0.0619268 0.0446907 -0.550494 0.382052 0.742289 0.9971
7 20 211 0.990414 -0.110976 0.0822469 -0.372252 0.116777 0.990729 -0.0694238 0.0817213 -0.0737799 0.0783628 0.994191 -0.924527
7 21 542 0.963664 0.26706 0.00551253 0.226612 -0.20002 0.735127 -0.647751 0.900189 -0.17704 0.623112 0.761832 0.371895
7 22 407 0.709849 -0.0247339 0.70392 -0.8026 -0.00921702 0.998971 0.0443958 -0.0579492 -0.704294 -0.0380024 0.708891 0.593697
7 23 239 0.562773 -0.556347 -0.611364 0.251351 0.491312 0.819912 -0.293865 0.105733 0.664755 -0.134992 0.734764 0.962103
7 24 216 -0.626325 -0.261799 0.734287 -0.226526 0.520638 -0.841538 0.144051 0.0156073 0.580218 0.472521 0.663379 0.97388
7 25 382 0.396844 0.115564 -0.910582 0.380122 0.0546108 0.987313 0.149102 0.0180853 0.91626 -0.108898 0.385498 0.924759
7 26 353 0.820231 -0.0465592 -0.570134 0.348399 0.0782873 0.996441 0.0312563 0.0471886 0.566649 -0.0702717 0.820957 0.936158
7 27 156 -0.905255 -0.423242 0.0371367 0.138011 0.419654 -0.877071 0.233744 -0.0649201 -0.066359 0.227183 0.971589 0.988301
7 28 378 -0.355629 0.377627 -0.854942 0.422294 0.496671 0.851248 0.169396 -0.0601239 0.791736 -0.364383 -0.490284 0.904463
7 29 763 0.505078 -0.272991 -0.818762 0.786766 0.170129 0.961537 -0.215645 0.237079 0.846139 -0.0303778 0.532095 0.569906
8 9 2507 0.995324 0.018994 0.0947102 -0.984687 -0.018195 0.999791 -0.00929245 -0.0460234 -0.0948669 0.00752574 0.995462 -0.168149
8 10 1822 0.9742 0.0448996 0.221175 -0.999007 -0.0355346 0.998303 -0.046143 0.0234835 -0.222871 0.0370932 0.974142 0.0378721
8 11 1433 0.91934 0.0938659 0.382105 -0.975173 -0.0854979 0.99558 -0.0388622 0.0610335 -0.384064 0.00305845 0.923302 0.212869
8 12 1204 0.843845 0.109336 0.52533 -0.932094 -0.0992704 0.993931 -0.0474059 0.0904823 -0.527325 -0.0121465 0.849577 0.350733
8 13 1090 0.591764 0.181251 0.78547 -0.791292 -0.147168 0.98231 -0.115798 0.15453 -0.792564 -0.0470708 0.60797 0.591589
8 14 305 0.922796 0.154169 0.353099 0.43288 -0.16829 0.985692 0.00944354 0.0181239 -0.346591 -0.0681376 0.935538 0.901269
8 15 435 -0.731415 0.15768 0.663453 -0.266988 -0.095971 -0.987019 0.128779 0.0798595 0.675146 0.0305186 0.737053 0.960385
8 16 602 0.99868 -0.0513502 0.00152332 -0.32819 0.0513697 0.997854 -0.0405915 0.834817 0.000564327 0.0406162 0.999175 0.442009
8 17 709 -0.665576 -0.163743 0.728146 -0.399774 -0.27726 0.960061 -0.0375386 0.0641672 -0.692918 -0.22687 -0.684393 0.914365
8 18 558 0.763197 0.634971 0.119759 -0.392714 0.61357 -0.654019 -0.442482 0.149351 -0.202639 0.411182 -0.888745 0.907452
8 19 327 0.69308 -0.225535 -0.684671 -0.061603 -0.287019 -0.957601 0.0248966 0.0446907 -0.661257 0.179258 -0.728427 0.9971
8 20 184 0.974316 0.116241 -0.192864 -0.09496 -0.120065 0.992732 -0.00821734 0.028271 0.190507 0.0311625 0.981191 0.99508
8 21 291 -0.852334 -0.127033 0.507336 0.0967249 -0.163909 0.986065 -0.0284671 0.0708474 -0.49665 -0.107421 -0.861278 0.992786
8 22 248 0.981152 -0.0385447 0.189354 0.140877 0.0356918 0.999192 0.0184549 0.0489942 -0.189912 -0.0113487 0.981735 0.988814
8 23 134 0.878199 0.371026 0.301839 0.114329 -0.419843 0.900299 0.114866 -0.0146489 -0.229127 -0.2276 0.946414 0.993335
8 24 206 0.754608 -0.229876 -0.614593 -0.0691667 0.130498 0.970493 -0.202765 -0.000280065 0.643069 0.072805 0.76234 0.997605
8 25 435 -0.8004 0.322472 -0.505344 0.386339 -0.389863 -0.920378 0.030178 0.0217997 -0.455376 0.221169 0.86239 0.922099
8 26 338 -0.739922 -0.414391 -0.529901 0.186016 -0.377891 0.907744 -0.182204 0.0813447 0.556518 0.0654279 -0.828255 0.979174
8 27 335 -0.89808 0.19149 -0.39596 0.354087 0.224553 0.973704 -0.0384179 0.0217169 0.378191 -0.123416 -0.917464 0.93496
8 28 279 -0.831621 -0.355432 0.426703 -0.107956 0.425176 -0.901788 0.0774807 -0.066716 0.357256 0.245858 0.901067 0.991915
8 29 833 0.523385 -0.178302 -0.833232 0.821376 0.168511 0.980208 -0.103905 0.111775 0.835268 -0.0860263 0.543072 0.559329
9 10 2204 0.990671 0.0229759 0.134323 -0.996527 -0.0202066 0.999555 -0.0219444 -0.0264508 -0.134768 0.0190255 0.990695 0.0789596
9 11 1521 0.952252 0.0731573 0.296419 -0.970678 -0.0700897 0.99732 -0.0209776 0.0657275 -0.297159 -0.0007999 0.954828 0.231221
9 12 1143 0.895169 0.0864377 0.437266 -0.930859 -0.0857943 0.996086 -0.0212662 0.0848747 -0.437392 -0.018478 0.899081 0.355384
9 13 1118 0.68152 0.161119 0.713842 -0.807996 -0.139902 0.986156 -0.0890147 0.163743 -0.718302 -0.0392027 0.694626 0.565978
9 14 342 0.909461 0.173232 0.377984 0.458821 -0.194998 0.980604 0.0197654 0.0336974 -0.367229 -0.0916821 0.925601 0.887889
9 15 237 -0.0311409 0.906776 -0.420462 -0.266988 -0.993426 -0.0744404 -0.086963 0.0798595 -0.110155 0.41499 0.903133 0.960385
9 16 601 0.136018 0.89032 0.434544 -0.44629 0.928204 0.0388041 -0.370043 0.0173028 -0.346319 0.453678 -0.821121 0.894721
9 17 450 -0.13163 0.917307 -0.375793 -0.399977 -0.867589 0.0767827 0.491319 0.043614 0.479545 0.390706 0.785739 0.915487
9 18 516 -0.383305 -0.880273 0.279637 -0.392714 -0.872097 0.245227 -0.423452 0.149351 0.304178 -0.406182 -0.86168 0.907452
9 19 426 -0.404086 -0.362185 0.839962 -0.370299 -0.580123 0.811446 0.0708058 -0.00136052 -0.707228 -0.458669 -0.538006 0.928912
9 20 407 -0.823506 -0.114336 -0.555667 0.375931 -0.217252 0.968371 0.122715 -0.0809644 0.524061 0.221776 -0.822299 0.923104
9 21 174 0.935544 0.206323 0.286684 -0.358073 -0.198194 0.978479 -0.0574273 0.0630326 -0.292363 -0.00309338 0.956303 -0.931564
9 22 285 -0.918214 -0.257915 -0.300605 0.373772 0.255571 -0.965607 0.0478228 -0.0979347 -0.3026 -0.0329144 0.952549 0.922336
9 23 152 0.981313 -0.151621 -0.118473 0.251096 0.168212 0.974942 0.145575 0.105688 0.0934323 -0.162783 0.982228 0.962175
9 24 279 0.76451 0.287459 0.576967 -0.211037 0.326101 -0.944551 0.0384982 0.0243944 0.556042 0.158717 -0.815859 0.977174
9 25 407 0.726448 0.116147 0.677336 -0.286858 0.0495927 -0.991905 0.116899 -0.0546556 0.68543 -0.0513301 -0.726327 0.956413
9 26 257 0.829753 0.406621 -0.38232 0.31604 -0.409024 0.909084 0.0791586 0.0513686 0.379749 0.0906959 0.920633 0.947354
9 27 380 0.703542 -0.0214951 -0.710328 0.407386 0.0856071 -0.9897 0.114738 0.0143427 -0.705478 -0.141532 -0.694456 0.913143
9 28 143 0.834837 0.411942 0.365173 0.422294 -0.401589 0.909449 -0.107835 -0.0601239 -0.376529 -0.0566246 0.924673 0.904463
9 29 649 0.658718 -0.15563 -0.736118 0.910122 0.206534 0.978192 -0.0219915 0.0421913 0.723487 -0.137547 0.676496 0.412186
10 11 1939 0.983984 0.044995 0.172486 -0.973708 -0.0482744 0.998724 0.014863 0.062412 -0.171597 -0.0229516 0.9849 0.219083
10 12 1473 0.945289 0.0541067 0.321716 -0.937888 -0.0639511 0.997751 0.0201024 0.0742874 -0.319904 -0.0395767 0.946623 0.338893
10 13 1161 0.762921 0.105729 0.637787 -0.848339 -0.125212 0.992022 -0.0146731 0.0960047 -0.63425 -0.068664 0.770073 0.520677
10 14 1015 0.635195 -0.0238538 0.771983 -0.807731 -0.185494 0.965557 0.182462 -0.288621 -0.749746 -0.259097 0.608892 0.514071
10 15 892 0.504919 0.196123 0.840591 -0.934118 -0.213351 0.971985 -0.0986251 0.144822 -0.836384 -0.129544 0.532617 0.326268
10 16 402 0.362159 -0.771918 -0.522478 -0.444452 0.801673 -0.0280362 0.597105 -0.00371935 -0.475565 -0.635103 0.608672 0.895795
10 17 695 -0.143741 0.922452 0.358359 -0.400128 0.922089 -0.00662893 0.386921 0.0433561 0.359291 0.386055 -0.84963 0.915433
10 18 659 0.565784 -0.425943 0.706018 -0.392714 -0.258821 -0.904708 -0.338401 0.149351 0.78288 0.00872913 -0.622112 0.907452
10 19 134 -0.137682 0.986004 -0.0940239 -0.0368216 -0.990459 -0.13649 0.0190315 0.0567297 0.00593183 0.0957471 0.995388 -0.99771
10 20 241 0.988127 0.0230096 -0.151907 0.290899 -0.0256859 0.999547 -0.015679 -0.0676898 0.151478 0.0193947 0.98827 0.954356
10 21 372 0.758509 -0.0733386 -0.647522 0.358073 0.0680037 -0.979314 0.190577 -0.0630326 -0.648104 -0.188589 -0.737832 0.931564
10 22 307 -0.39446 -0.667681 0.631351 0.0580481 -0.763932 0.620116 0.178505 0.0482785 -0.510695 -0.411896 -0.754674 0.997146
10 23 119 -0.957818 0.209342 -0.196876 0.251096 -0.213299 -0.976986 -0.00113151 0.105688 -0.192582 0.0409097 0.980428 0.962175
10 24 150 0.883322 0.451797 -0.124988 -0.37255 -0.46189 0.884359 -0.0675809 0.0285253 0.0800016 0.117427 0.989854 0.927574
10 25 394 -0.820911 -0.442123 -0.36143 0.3791 0.433675 -0.894437 0.109129 0.0180113 -0.371525 -0.0671576 0.925991 0.92518
10 26 373 0.717771 -0.367965 -0.591106 0.238261 -0.56075 -0.808743 -0.177465 0.0620493 -0.412752 0.458842 -0.786829 0.969217
10 27 298 -0.684016 0.564067 0.462548 0.253859 -0.728037 -0.56758 -0.384468 0.0289568 0.045667 -0.599734 0.798895 0.966808
10 28 251 0.994485 0.0780134 0.0700923 0.422294 -0.0741304 0.995653 -0.0563922 -0.0601239 -0.0741869 0.0508853 0.995945 0.904463
10 29 238 0.980836 -0.114574 -0.157587 -0.456926 0.116868 0.993133 0.00533532 0.0954167 0.155893 -0.0236499 0.987491 0.884372
11 12 1986 0.987563 0.0144087 0.156563 -0.954474 -0.0155174 0.999862 0.00586167 0.0811779 -0.156457 -0.00821822 0.987651 0.287036
11 13 1295 0.871195 0.0855458 0.483427 -0.9362 -0.0839298 0.996157 -0.0250252 0.09917 -0.48371 -0.0187721 0.875027 0.337187
11 14 1095 0.699144 0.157419 0.697436 -0.946316 -0.161945 0.984975 -0.0599788 0.186958 -0.696399 -0.0710121 0.714133 0.263689
11 15 846 0.65117 0.208785 0.729648 -0.976406 -0.182215 0.976303 -0.116748 0.164567 -0.736733 -0.0569298 0.673783 -0.139817
11 16 223 -0.881116 0.143622 -0.450564 -0.285386 -0.23809 -0.957931 0.160255 0.0488089 -0.408593 0.248478 0.878243 0.957169
11 17 451 0.304548 0.930395 -0.204 -0.400154 -0.853465 0.361644 0.375247 0.0436235 0.422903 0.0598265 0.904198 0.915409
11 18 593 0.958648 -0.0307519 0.282927 -0.849843 0.0249009 0.999396 0.0242538 0.0503744 -0.283502 -0.0162057 0.958835 0.524623
11 19 570 -0.951533 -0.0133601 -0.307257 0.0340427 -0.230034 -0.632197 0.739873 -0.728195 -0.204132 0.774693 0.598482 0.684524
11 20 358 0.274308 -0.936858 -0.216914 0.293114 -0.901236 -0.329137 0.281854 -0.0790249 -0.335452 0.118175 -0.934616 0.952806
11 21 195 -0.984609 -0.126512 0.120577 -0.456911 0.136648 -0.987397 0.0798415 -0.0164203 0.108957 0.0950893 0.989488 -0.889361
11 22 171 -0.994849 -0.0939168 -0.0381435 0.388358 0.0895704 -0.99064 0.103 0.027997 -0.0474599 0.0990526 0.99395 0.921083
11 23 126 0.999892 -0.0144042 -0.00306471 0.30308 0.0143103 0.999485 -0.0287058 0.0172785 0.00347662 0.0286588 0.999583 -0.952808
11 24 255 0.995592 -0.0697255 0.0627333 -0.186178 -0.069252 -0.997552 -0.00969323 0.0276811 0.0632556 0.00530609 -0.997983 0.982126
11 25 193 0.970216 0.0480428 0.237429 0.0056273 -0.0544368 0.998308 0.0204439 0.0726884 -0.236045 -0.0327599 0.97119 0.997339
11 26 299 -0.753047 0.0686126 0.65438 0.0290168 -0.073218 -0.99711 0.0202905 0.0938972 0.653881 -0.0326327 0.755894 0.995159
11 27 392 0.789233 0.131664 -0.599813 0.339106 -0.14032 0.98957 0.0325853 0.0232439 0.597847 0.0584484 0.799477 0.940461
11 28 204 -0.935803 -0.339228 0.0959037 0.422294 0.347374 -0.933683 0.0869904 -0.0601239 0.0600341 0.11472 0.991582 0.904463
11 29 441 0.514568 -0.547528 0.659873 -0.453155 -0.564862 -0.795445 -0.21954 0.132543 0.645097 -0.259769 -0.718588 0.881523
12 13 1621 0.930124 0.0769141 0.359102 -0.998069 -0.0732616 0.997029 -0.0237904 0.0480154 -0.359865 -0.0041804 0.932995 -0.0394114
12 14 1322 0.812949 0.13806 0.565733 -0.994489 -0.15466 0.987789 -0.0188145 0.0481404 -0.561422 -0.0722009 0.824374 -0.0931367
12 15 1109 0.709327 0.159989 0.686483 -0.95553 -0.166167 0.984406 -0.0577253 -0.0553886 -0.685014 -0.073125 0.724851 -0.289646
12 16 251 0.809232 0.129046 0.573141 -0.17464 -0.120451 0.991297 -0.0531287 -0.250578 -0.575009 -0.0260418 0.817733 -0.952214
12 17 647 -0.722799 -0.671937 0.161439 -0.400128 -0.181518 0.41001 0.893836 0.0433561 -0.666793 0.61676 -0.418323 0.915433
12 18 278 0.749218 -0.651536 -0.119053 -0.125178 0.625503 0.75514 -0.196238 0.0300351 0.217757 0.0725573 0.973302 0.99168
12 19 590 -0.0856973 0.969752 -0.228552 0.0388067 0.888241 -0.0295483 -0.458427 0.071131 -0.451314 -0.242295 -0.858842 0.996712
12 20 346 0.840082 0.0925118 0.534512 -0.475573 -0.0887957 0.995512 -0.0327417 0.135691 -0.535142 -0.0199567 0.844526 0.869148
12 21 150 0.849962 0.101699 0.516935 0.371183 -0.112763 0.993571 -0.0100606 -0.0555768 -0.514635 -0.0497401 0.855966 0.926895
12 22 202 0.434416 -0.791362 0.430151 0.383396 0.890403 0.305257 -0.337641 0.0446887 0.13589 0.529684 0.837239 0.922502
12 23 278 0.559355 0.00429283 -0.828917 0.446519 0.190849 -0.973789 0.123742 -0.00675658 -0.806659 -0.227414 -0.545513 0.894749
12 24 268 0.564855 0.766781 0.304935 -0.368713 0.822106 -0.490995 -0.28821 0.0278607 -0.0712726 0.413486 -0.907716 0.929126
12 25 185 0.94309 0.128053 -0.306892 -0.0341459 -0.142869 0.989395 -0.0262089 0.0981284 0.300282 0.0685628 0.951383 0.994588
12 26 390 0.939347 0.113351 0.323694 0.0917315 -0.182583 0.964222 0.192196 -0.861823 -0.290328 -0.23964 0.926435 -0.498845
12 27 472 0.867178 0.0957152 0.488714 -0.0652287 0.245804 -0.93575 -0.252889 0.110974 0.433109 0.339428 -0.834988 0.99168
12 28 367 0.964608 -0.00299769 -0.26367 0.292185 0.0376249 -0.988139 0.148881 -0.0333273 -0.260989 -0.153533 -0.953054 0.955781
12 29 239 0.658336 0.672017 -0.339096 -0.453191 -0.747688 0.635839 -0.191497 0.132783 0.0869211 0.379607 0.921056 0.881468
13 14 1461 0.975973 0.0557268 0.210646 -0.913438 -0.0661991 0.99688 0.0429896 -0.0868139 -0.207593 -0.0559012 0.976617 -0.397612
13 15 1046 0.902282 0.0962614 0.420262 -0.918175 -0.10386 0.99458 -0.00482781 -0.0879917 -0.418449 -0.0392922 0.90739 -0.386281
13 16 685 0.832788 0.113554 0.54182 -0.955349 -0.122178 0.992303 -0.0201753 -0.0706723 -0.539941 -0.0493967 0.840252 -0.286905
13 17 438 0.897878 0.114532 0.425085 -0.687673 -0.129142 0.99161 0.00560573 -0.119585 -0.420877 -0.0599297 0.905136 -0.716104
13 18 254 0.982176 -0.125844 -0.139618 -0.832265 0.126952 0.991908 -0.000975766 0.0422314 0.138611 -0.0167664 0.990205 0.552768
13 19 98 0.999804 -0.0196669 0.0020867 0.0286719 0.0196705 0.999805 -0.00168596 0.0373748 -0.00205314 0.00172667 0.999996 0.99889
13 20 197 0.962384 0.073488 0.261566 -0.25142 -0.0609499 0.996583 -0.0557399 -0.729656 -0.264769 0.0377007 0.963575 -0.635917
13 21 231 0.919942 -0.122151 -0.37254 0.366115 -0.0405773 -0.974786 0.21942 -0.0535709 -0.389949 -0.186737 -0.901703 0.929026
13 22 160 0.892705 0.0526022 0.447561 -0.373892 -0.0584763 0.998289 -0.000692907 -0.198967 -0.446832 -0.0255532 0.894253 -0.905879
13 23 70 -0.870123 0.294646 0.395058 -0.448255 -0.243786 -0.953989 0.174568 0.00687133 0.428316 0.0555857 0.901918 -0.893879
13 24 199 0.657036 0.386352 0.64733 -0.368518 0.659909 -0.709895 -0.24611 0.0283098 0.364451 0.588882 -0.721383 0.92919
13 25 147 0.999019 -0.0165301 -0.0410867 -0.189481 0.0158972 0.999751 -0.0156841 0.221016 0.0413357 0.0150155 0.999032 0.956686
13 26 211 0.977741 -0.203459 0.0512642 -0.202799 0.205087 0.978322 -0.0287452 0.0905026 -0.0443044 0.0386189 0.998271 0.975029
13 27 374 0.990452 0.0845293 0.108903 -0.0155827 -0.113166 0.0473798 0.992446 -0.725316 0.078731 -0.995294 0.0564933 0.688239
13 28 349 0.50751 0.198099 0.838564 -0.841657 0.00148164 0.97301 -0.230757 0.209889 -0.861645 0.118354 0.493519 0.497554
13 29 314 -0.482261 -0.658764 0.577455 -0.43806 -0.78502 0.617539 0.0488832 -0.0375744 -0.388803 -0.429739 -0.814958 0.89816
14 15 1103 0.976174 0.0537193 0.210236 -0.810508 -0.0462759 0.998121 -0.0401693 -0.137723 -0.211999 0.0294834 0.976825 -0.569306
14 16 691 0.947125 0.0780086 0.311237 -0.835961 -0.0639049 0.996424 -0.0552754 -0.0910014 -0.314436 0.0324632 0.948724 -0.541191
14 17 528 0.881 0.112914 0.459445 -0.99724 -0.107591 0.993474 -0.0378491 -0.0242439 -0.46072 -0.0160872 0.8874 -0.0701819
14 18 308 0.445203 0.202379 0.87226 -0.908521 -0.14756 0.977388 -0.151455 0.0673194 -0.883188 -0.0612822 0.464999 0.412381
14 19 256 0.115801 0.192049 0.974529 -0.784154 -0.137582 0.974774 -0.175748 0.0578666 -0.983698 -0.113726 0.139302 0.617862
14 20 165 0.470693 0.76872 -0.433034 0.284009 0.860029 -0.509322 0.0306769 -0.0685752 -0.196972 -0.386861 -0.900856 0.956366
