0 1 481 0.712765 -0.109784 -0.692758 0.369184 0.11755 0.992402 -0.036324 0.135183 0.691483 -0.0555436 0.720255 0.919472
0 2 191 0.946794 -0.0890812 -0.309267 0.279908 0.108731 0.992966 0.0468564 0.135572 0.302917 -0.0779902 0.94982 0.950406
0 3 1085 0.962446 -0.0519221 -0.266463 0.673805 0.0545364 0.998509 0.0024158 0.144422 0.26594 -0.016857 0.963842 0.724658
0 4 1549 0.994459 -0.0437737 -0.0955779 0.580674 0.0435375 0.999041 -0.00455612 0.0887783 0.0956857 0.000369645 0.995412 0.809281
0 5 1040 0.999744 0.00615094 -0.0217671 0.474964 -0.00653796 0.999821 -0.0177537 0.154499 0.0216541 0.0178915 0.999605 0.866336
0 6 1293 0.998486 0.0120166 0.0536848 0.406283 -0.013245 0.999657 0.0225841 0.203025 -0.053395 -0.023261 0.998303 0.890907
0 7 451 0.905881 0.0808118 0.415751 0.472958 -0.0990513 0.994829 0.0224527 0.181453 -0.411787 -0.0615202 0.909201 0.862198
0 8 910 0.85325 0.098465 0.512122 0.139524 -0.111162 0.993785 -0.00586553 0.225261 -0.509517 -0.0519239 0.858892 0.964256
0 9 840 0.789761 0.113994 0.60273 -0.405606 -0.117494 0.9925 -0.0337581 0.237299 -0.602057 -0.0441561 0.797231 0.882708
0 10 638 0.707428 0.126286 0.695411 -0.73132 -0.122278 0.990939 -0.0555621 0.113573 -0.696127 -0.0457277 0.716461 0.672512
0 11 206 0.580015 0.167622 0.797173 -0.797265 -0.149541 0.983879 -0.0980761 0.17172 -0.800762 -0.0623248 0.595732 0.578688
0 12 160 0.40402 0.15279 0.9019 -0.773755 -0.187182 0.978898 -0.0819831 0.113525 -0.895394 -0.135697 0.424094 0.623229
0 13 130 0.105417 0.14228 0.984197 -0.641677 -0.247273 0.962376 -0.11264 0.0789815 -0.963194 -0.231491 0.136633 0.762897
0 14 241 0.671767 -0.39436 0.627064 0.433464 0.388519 0.908308 0.155019 0.0179883 -0.6307 0.139489 0.763387 0.900991
0 15 0 1 0 0 0 0 1 0 0 0 0 1 0
0 16 311 -0.77379 -0.615505 0.149676 -0.446076 -0.626548 0.778462 -0.0378739 0.0172883 -0.0932054 -0.123086 -0.988009 0.894828
0 17 280 -0.349724 0.712559 -0.608237 -0.391272 -0.837715 -0.528516 -0.137495 0.0661029 -0.419437 0.461444 0.781756 0.917898
0 18 100 0.96388 -0.257389 -0.0684561 -0.132112 0.0599441 0.460084 -0.885849 -0.0559001 0.259503 0.849749 0.458895 0.989657
0 19 0 1 0 0 0 0 1 0 0 0 0 1 0
0 20 21 -0.929726 -0.203736 -0.30676 0.283256 -0.219849 0.975358 0.018528 -0.066024 0.295426 0.0846668 -0.951607 0.956769
0 21 0 1 0 0 0 0 1 0 0 0 0 1 0
0 22 0 1 0 0 0 0 1 0 0 0 0 1 0
0 23 0 1 0 0 0 0 1 0 0 0 0 1 0
0 24 0 1 0 0 0 0 1 0 0 0 0 1 0
0 25 86 -0.989091 0.133244 -0.0628074 -0.141247 -0.126351 -0.986597 -0.103259 0.00575153 -0.0757242 -0.0941967 0.99267 0.989958
0 26 43 -0.988183 0.147584 0.0413915 0.0422902 -0.150412 -0.985658 -0.0765181 -0.0223067 0.029505 -0.0818397 0.996209 0.998856
0 27 45 0.169309 -0.196588 -0.965758 0.220208 0.28105 0.948847 -0.143874 0.189066 0.94464 -0.247067 0.2159 0.956955
0 28 122 0.676992 -0.123436 -0.725566 -0.306185 0.11987 0.991165 -0.0567764 0.169096 0.726164 -0.0485363 0.685807 0.936834
0 29 529 0.866566 -0.0775122 -0.493007 0.646575 0.0755445 0.996855 -0.0239432 0.159602 0.493312 -0.0164956 0.869696 0.745968
1 2 1349 0.96549 0.0225181 0.259465 -0.987868 -0.0314085 0.999051 0.0301691 -0.0324528 -0.25854 -0.0372773 0.965281 -0.151866
1 3 1130 0.868456 0.0642589 0.491584 -0.968196 -0.0732336 0.997314 -0.00098899 -0.0452219 -0.490328 -0.0351416 0.870829 -0.246073
1 4 742 0.804706 0.0849265 0.587568 -0.996983 -0.0698179 0.996385 -0.0483972 0.0291672 -0.589554 -0.00207724 0.807726 -0.0719296
1 5 626 0.727493 0.109886 0.677258 -0.964686 -0.100399 0.993516 -0.0533529 0.0585448 -0.678729 -0.0291825 0.733809 0.256814
1 6 535 0.648397 0.119746 0.751826 -0.980291 -0.131893 0.990288 -0.0439778 0.0700137 -0.749791 -0.0706456 0.657893 0.184739
1 7 0 1 0 0 0 0 1 0 0 0 0 1 0
1 8 0 1 0 0 0 0 1 0 0 0 0 1 0
1 9 0 1 0 0 0 0 1 0 0 0 0 1 0
1 10 0 1 0 0 0 0 1 0 0 0 0 1 0
1 11 0 1 0 0 0 0 1 0 0 0 0 1 0
1 12 21 0.707868 -0.0376465 -0.705341 0.412523 0.0735627 0.997078 0.0206088 0.0456739 0.702504 -0.0664751 0.708569 -0.909802
1 13 0 1 0 0 0 0 1 0 0 0 0 1 0
1 14 0 1 0 0 0 0 1 0 0 0 0 1 0
1 15 27 0.916687 -0.0780604 -0.391907 -0.332894 0.0976752 0.994756 0.03033 0.155365 0.387484 -0.0660827 0.919505 0.930077
1 16 36 0.983892 -0.0704238 -0.164308 -0.173286 0.0843272 0.993283 0.0792292 -0.637009 0.157625 -0.0918086 0.983222 -0.751127
1 17 121 0.986883 -0.0868808 -0.136064 -0.0902579 0.116735 0.966229 0.229725 -0.973817 0.11151 -0.242595 0.963698 -0.208648
1 18 14 0.91811 0.0629769 0.39129 -0.0378001 -0.0813986 0.99621 0.0306543 -0.0581507 -0.387877 -0.0599945 0.919757 0.997592
1 19 0 1 0 0 0 0 1 0 0 0 0 1 0
1 20 0 1 0 0 0 0 1 0 0 0 0 1 0
1 21 20 -0.918168 -0.375929 -0.125077 -0.321314 -0.396117 0.864969 0.308092 -0.263561 -0.00763349 0.332425 -0.943099 0.909556
1 22 0 1 0 0 0 0 1 0 0 0 0 1 0
1 23 0 1 0 0 0 0 1 0 0 0 0 1 0
1 24 0 1 0 0 0 0 1 0 0 0 0 1 0
1 25 94 0.439249 -0.163567 -0.88335 0.944492 0.223179 0.972328 -0.069066 0.0921138 0.870202 -0.166808 0.463598 0.315357
1 26 74 0.887978 -0.175981 -0.424883 -0.425067 0.206854 0.977992 0.0272401 -0.230939 0.410739 -0.112078 0.904838 0.875206
1 27 263 0.736514 -0.140787 -0.661609 0.975639 0.177812 0.983998 -0.0114469 0.0484007 0.652633 -0.109211 0.749762 0.213977
1 28 538 0.847138 -0.119793 -0.517694 0.999661 0.126181 0.99174 -0.0230069 0.00167203 0.516174 -0.0458334 0.855256 -0.0259932
1 29 198 0.951657 0.0337943 0.305298 -0.67053 -0.0395974 0.999133 0.0128339 0.157188 -0.3046 -0.0243025 0.95217 0.725039
2 3 1831 0.969167 0.0496312 0.241353 -0.771097 -0.0467193 0.99875 -0.017776 -0.134681 -0.241933 0.00595209 0.970275 -0.62231
2 4 1017 0.92201 0.0731247 0.380199 -0.98844 -0.0550198 0.996783 -0.058287 -0.0251659 -0.383238 0.0328227 0.923066 -0.149509
2 5 856 0.860522 0.107391 0.497965 -0.96611 -0.088326 0.994175 -0.0617694 0.0442156 -0.501697 0.00917075 0.864995 0.254316
2 6 649 0.82073 0.112635 0.560104 -0.993087 -0.115396 0.992849 -0.0305674 0.017266 -0.559542 -0.0395464 0.827858 0.116108
2 7 172 0.581548 0.192542 0.790398 -0.95694 -0.24143 0.968663 -0.0583319 -0.00679204 -0.776861 -0.156903 0.60981 0.290208
2 8 132 0.49394 0.175399 0.851621 -0.943209 -0.175852 0.979354 -0.0997129 0.0700404 -0.851528 -0.100507 0.514586 0.324732
2 9 106 0.664514 0.301748 0.683645 -0.994283 -0.320386 0.941543 -0.104159 -0.0649521 -0.675111 -0.149815 0.722344 0.0847485
2 10 85 0.283179 0.201754 0.937606 -0.929851 -0.276997 0.953166 -0.121442 -0.0194487 -0.918195 -0.225324 0.325802 0.367423
2 11 50 0.907637 0.232161 0.349709 -0.0240149 -0.383023 0.11724 0.916268 -0.825921 0.171722 -0.965586 0.195335 0.563275
2 12 49 0.907875 0.0365368 0.417645 -0.06339 0.361805 0.434998 -0.824545 0.911347 -0.211801 0.89969 0.381705 0.406728
2 13 66 0.795617 0.157292 0.585023 -0.163379 -0.13659 0.987415 -0.0797219 0.23472 -0.5902 -0.0164803 0.807089 -0.958235
2 14 0 1 0 0 0 0 1 0 0 0 0 1 0
2 15 0 1 0 0 0 0 1 0 0 0 0 1 0
2 16 16 0.393182 0.557903 -0.730857 0.469867 -0.572209 0.770663 0.280455 -0.0517452 0.719711 0.307934 0.622248 -0.881219
2 17 28 0.887312 -0.456142 0.0679065 -0.405691 -0.460997 -0.873289 0.15763 0.0636462 -0.0125998 -0.171172 -0.985161 0.911792
2 18 0 1 0 0 0 0 1 0 0 0 0 1 0
2 19 0 1 0 0 0 0 1 0 0 0 0 1 0
2 20 0 1 0 0 0 0 1 0 0 0 0 1 0
2 21 0 1 0 0 0 0 1 0 0 0 0 1 0
2 22 0 1 0 0 0 0 1 0 0 0 0 1 0
2 23 0 1 0 0 0 0 1 0 0 0 0 1 0
2 24 0 1 0 0 0 0 1 0 0 0 0 1 0
2 25 29 0.711156 0.0185494 -0.702789 0.935912 0.0332843 0.997643 0.0600123 -0.136012 0.702246 -0.06607 0.708862 -0.324913
2 26 0 1 0 0 0 0 1 0 0 0 0 1 0
2 27 107 0.48789 -0.21903 -0.844979 0.865388 0.164136 0.97376 -0.15764 0.22813 0.857335 -0.0617801 0.511039 0.446162
2 28 134 0.686514 -0.160076 -0.709278 0.971243 0.142318 0.98618 -0.0848199 0.0268827 0.713053 -0.0427127 0.699808 0.236568
2 29 1426 0.998441 0.0139369 0.0540517 0.973138 -0.0132103 0.999818 -0.0137763 0.0340882 -0.0542339 0.0130408 0.998443 0.227686
3 4 2757 0.990044 0.0237297 0.138745 -0.994073 -0.0185116 0.999076 -0.0387792 0.0493998 -0.139537 0.0358247 0.989569 0.0968428
3 5 2011 0.964622 0.0569343 0.257415 -0.870101 -0.0496807 0.998166 -0.0346005 0.0963936 -0.258913 0.0205879 0.965681 0.483356
3 6 1521 0.939184 0.06329 0.337531 -0.97006 -0.0680725 0.997678 0.00233938 0.0534803 -0.336599 -0.0251737 0.941312 0.236905
3 7 497 0.806263 0.105256 0.582117 -0.90714 -0.0982361 0.994203 -0.0437046 0.183006 -0.583343 -0.0219476 0.811929 0.378954
3 8 328 0.665643 0.142781 0.732484 -0.925241 -0.150457 0.987048 -0.0556754 0.0866625 -0.730946 -0.0731473 0.678504 0.36935
3 9 227 0.578463 0.14778 0.802211 -0.916259 -0.106164 0.988727 -0.105586 0.134304 -0.808771 -0.0240883 0.587631 0.377402
3 10 227 0.387876 0.13564 0.911677 -0.901289 -0.199375 0.978042 -0.0606887 0.00160961 -0.89989 -0.158226 0.406402 0.433215
3 11 150 0.322476 0.194112 0.926461 -0.868397 -0.192977 0.971674 -0.136415 0.103381 -0.926698 -0.134795 0.350801 0.484974
3 12 15 0.976258 0.0499745 0.210767 -0.0569852 -0.0586663 0.997657 0.035186 -0.304334 -0.208515 -0.0467155 0.976903 0.950859
3 13 14 0.874879 0.105606 0.472689 -0.152747 -0.118648 0.992934 -0.00223583 0.349551 -0.469585 -0.0541276 0.881227 -0.924382
3 14 121 -0.110938 0.229135 0.967052 -0.612165 -0.305386 0.918121 -0.252574 0.210947 -0.945744 -0.323344 -0.03188 0.762073
3 15 0 1 0 0 0 0 1 0 0 0 0 1 0
3 16 0 1 0 0 0 0 1 0 0 0 0 1 0
3 17 146 0.979072 -0.190442 0.0717656 -0.295424 0.203239 0.896552 -0.39356 0.830273 0.0106089 0.399909 0.916494 0.472621
3 18 0 1 0 0 0 0 1 0 0 0 0 1 0
3 19 41 0.974766 0.0409098 0.219447 0.127482 -0.0314978 0.998435 -0.0462195 0.461295 -0.220994 0.0381412 0.974529 0.878041
3 20 0 1 0 0 0 0 1 0 0 0 0 1 0
3 21 0 1 0 0 0 0 1 0 0 0 0 1 0
3 22 0 1 0 0 0 0 1 0 0 0 0 1 0
3 23 0 1 0 0 0 0 1 0 0 0 0 1 0
3 24 0 1 0 0 0 0 1 0 0 0 0 1 0
3 25 13 0.976268 -0.0828528 -0.200091 0.0417626 0.085084 0.99637 0.002562 -0.0630125 0.199153 -0.0195257 0.979774 -0.997139
3 26 0 1 0 0 0 0 1 0 0 0 0 1 0
3 27 93 0.663357 -0.232126 -0.71139 0.876959 0.238311 0.966705 -0.0932144 0.330317 0.709341 -0.107698 0.696589 -0.349046
3 28 210 0.432233 -0.183488 -0.882897 0.828571 0.142944 0.980642 -0.133822 0.15263 0.89036 -0.0683628 0.450095 0.538679
3 29 1563 0.981835 -0.0341631 -0.186634 0.845411 0.0337969 0.999415 -0.00514446 0.110048 0.186701 -0.00125663 0.982416 0.522656
4 5 3019 0.991088 0.0292149 0.129968 -0.751602 -0.0306854 0.999486 0.00932596 0.0924893 -0.129628 -0.013231 0.991474 0.6531
4 6 2428 0.978161 0.0329173 0.205228 -0.97831 -0.0436643 0.99789 0.0480577 0.0244171 -0.203213 -0.0559692 0.977534 0.2057
4 7 905 0.839607 0.089348 0.535796 -0.958397 -0.121764 0.992235 0.0253448 0.0680665 -0.529372 -0.0865204 0.843967 0.277205
4 8 643 0.763112 0.104902 0.637696 -0.964816 -0.141092 0.989978 0.00598854 0.0405123 -0.630677 -0.0945438 0.770265 0.259787
4 9 495 0.689339 0.109775 0.716074 -0.960543 -0.120727 0.992038 -0.0358601 0.0874851 -0.714309 -0.06173 0.697103 0.264012
4 10 313 0.624307 0.126084 0.770937 -0.961205 -0.203781 0.979004 0.00490987 -0.0557544 -0.754131 -0.160168 0.636893 0.270141
4 11 221 0.241355 0.1209 0.962876 -0.867223 -0.140403 0.98612 -0.0886248 0.0910317 -0.960226 -0.113801 0.254979 0.489527
4 12 152 0.0887854 0.146013 0.98529 -0.786133 -0.0963053 0.985821 -0.137413 0.142457 -0.991384 -0.0826884 0.101588 0.601416
4 13 118 0.879301 0.0811133 0.469309 0.196373 -0.0981496 0.9951 0.0119051 0.173958 -0.466044 -0.0565307 0.882954 0.964975
4 14 78 0.81336 0.101241 0.572883 0.318117 -0.146128 0.988724 0.0327386 0.109717 -0.563109 -0.110343 0.818983 0.941681
4 15 0 1 0 0 0 0 1 0 0 0 0 1 0
4 16 99 -0.687261 0.193029 -0.700294 -0.310557 0.0705236 -0.941763 -0.328799 0.867293 -0.722979 -0.275358 0.633624 0.389047
4 17 136 0.967935 0.250598 0.0173995 -0.180752 -0.204709 0.746752 0.632816 -0.765886 0.145589 -0.616087 0.774106 0.617047
4 18 0 1 0 0 0 0 1 0 0 0 0 1 0
4 19 0 1 0 0 0 0 1 0 0 0 0 1 0
4 20 47 0.904784 -0.198324 0.376872 0.123108 -0.14151 0.694655 0.705286 -0.898653 -0.401672 -0.691463 0.600448 0.42103
4 21 0 1 0 0 0 0 1 0 0 0 0 1 0
4 22 0 1 0 0 0 0 1 0 0 0 0 1 0
4 23 0 1 0 0 0 0 1 0 0 0 0 1 0
4 24 0 1 0 0 0 0 1 0 0 0 0 1 0
4 25 0 1 0 0 0 0 1 0 0 0 0 1 0
4 26 0 1 0 0 0 0 1 0 0 0 0 1 0
4 27 97 0.0248105 -0.115597 -0.992986 0.699093 0.211162 0.971486 -0.107818 0.0901833 0.977136 -0.207006 0.0485128 0.709321
4 28 16 0.692054 -0.113997 -0.712787 0.341039 0.124131 0.991536 -0.0380565 -0.175302 0.711092 -0.062142 0.700347 -0.923559
4 29 1275 0.94389 -0.0437955 -0.327343 0.908572 0.0553461 0.998127 0.0260495 0.0660804 0.325589 -0.042705 0.944546 0.412469
5 6 2772 0.996903 0.00450738 0.0785139 -0.852897 -0.00775895 0.999123 0.0411582 -0.117277 -0.0782595 -0.0416399 0.996063 -0.508737
5 7 1247 0.910233 0.0702097 0.4081 -0.970676 -0.091521 0.995259 0.0329052 -0.055523 -0.403855 -0.0673011 0.912344 -0.233892
5 8 955 0.842698 0.0849017 0.53165 -0.997043 -0.103273 0.994641 0.00485589 -0.00600211 -0.528389 -0.0589974 0.84695 -0.0766128
5 9 609 0.775704 0.0972391 0.62356 -0.998487 -0.12987 0.991507 0.00694053 -0.0502402 -0.617589 -0.0863658 0.781744 -0.0223651
5 10 478 0.690621 0.109799 0.714834 -0.994727 -0.133585 0.990768 -0.0231225 -0.0296698 -0.710773 -0.079522 0.698912 0.0981696
5 11 338 0.557141 0.156422 0.815553 -0.957926 -0.131291 0.986339 -0.0994878 0.10767 -0.819973 -0.0516458 0.570067 0.266054
5 12 225 0.652831 0.184301 0.734741 -0.961181 -0.191533 0.978594 -0.0752884 0.100005 -0.732889 -0.0915763 0.674157 0.257156
5 13 240 -0.081737 0.159429 0.98382 -0.694675 -0.142074 0.975178 -0.169832 0.139929 -0.986476 -0.153656 -0.0570575 0.705583
5 14 242 0.777652 0.31292 0.545288 0.434188 -0.346256 0.937109 -0.0439642 0.00644659 -0.524751 -0.15462 0.837095 0.900799
5 15 18 0.746639 0.117678 0.654738 -0.460119 -0.0969123 0.99297 -0.0679538 0.100375 -0.658132 -0.0127151 0.752795 -0.882165
5 16 217 0.999777 0.0201912 -0.00615595 -0.24362 -0.0191549 0.990338 0.137347 -0.724632 0.00886966 -0.137198 0.990504 0.644638
5 17 205 0.699875 -0.714249 0.00480125 -0.391 0.706207 0.690957 -0.154433 0.0658864 0.106986 0.111475 0.987992 0.918029
5 18 47 0.835299 0.527158 0.15614 -0.237671 -0.178255 -0.00898489 0.983943 -0.676571 0.520096 -0.84972 0.0864633 0.696968
5 19 15 -0.34058 -0.769577 -0.540145 -0.367897 0.805861 -0.53488 0.253951 -0.00949208 -0.484347 -0.348791 0.802342 0.929818
5 20 31 0.924944 -0.364498 -0.107796 0.291113 -0.113664 -0.535855 0.836624 -0.526919 -0.362711 -0.761578 -0.537066 0.798505
5 21 0 1 0 0 0 0 1 0 0 0 0 1 0
5 22 25 -0.567118 -0.757468 -0.32345 0.242764 -0.790543 0.610801 -0.0443097 0.056657 0.231127 0.230572 -0.945207 0.968429
5 23 0 1 0 0 0 0 1 0 0 0 0 1 0
5 24 0 1 0 0 0 0 1 0 0 0 0 1 0
5 25 57 -0.607135 -0.629175 0.48531 -0.233788 -0.72445 0.689208 -0.0127882 -0.182977 -0.326434 -0.359347 -0.874248 0.954915
5 26 0 1 0 0 0 0 1 0 0 0 0 1 0
5 27 60 -0.649743 -0.282227 -0.70582 0.326333 -0.131436 0.956248 -0.261369 0.233516 0.748704 -0.0770529 -0.658411 0.915957
5 28 263 0.227435 -0.168673 -0.959074 0.787005 0.189082 0.973789 -0.126422 0.0960709 0.95526 -0.152591 0.253366 0.60942
5 29 1222 0.89321 -0.0774268 -0.442923 0.977651 0.088621 0.996055 0.00459617 0.0389094 0.44082 -0.0433576 0.896548 0.206603
6 7 1519 0.93423 0.0783227 0.347966 -0.962917 -0.0826407 0.996576 -0.00244044 -0.0490264 -0.346965 -0.0264762 0.937504 -0.265306
6 8 984 0.877839 0.100214 0.468354 -0.995972 -0.0997413 0.994677 -0.0258865 -0.0123724 -0.468455 -0.0239901 0.883162 -0.0888035
6 9 733 0.841532 0.117682 0.527233 -0.997294 -0.11626 0.992567 -0.0359824 -0.0337647 -0.527549 -0.0310156 0.848958 -0.0653108
6 10 550 0.772685 0.13684 0.619866 -0.998092 -0.124883 0.990175 -0.0629171 -0.0244396 -0.622385 -0.0287954 0.782182 0.0567084
6 11 413 0.677888 0.182554 0.712139 -0.978554 -0.172428 0.981139 -0.0873753 0.0483088 -0.714658 -0.0635624 0.69658 0.200246
6 12 350 0.466713 0.165078 0.868866 -0.91968 -0.179922 0.979603 -0.0894714 0.0556954 -0.865914 -0.114571 0.486895 0.388699
6 13 145 0.316485 0.202492 0.926733 -0.834103 -0.247238 0.960793 -0.125501 0.0689659 -0.915812 -0.189404 0.35414 0.54728
6 14 382 0.0981557 0.278467 0.955417 -0.77122 -0.244301 0.937418 -0.248122 0.240366 -0.964719 -0.209055 0.160043 0.589444
6 15 52 0.713531 0.139274 0.686641 -0.260265 -0.198205 0.980134 0.00716221 -0.928965 -0.672003 -0.141206 0.726961 -0.263224
6 16 124 0.989995 0.100053 -0.0994957 -0.13413 -0.068646 0.957572 0.279899 -0.866083 0.123279 -0.270269 0.95486 0.48157
6 17 201 0.864414 -0.325785 0.382951 -0.331463 0.455963 0.187007 -0.87013 0.755689 0.211861 0.926764 0.310197 0.56486
6 18 36 0.958066 0.0921359 0.27133 -0.118879 0.00536202 -0.952495 0.304506 -0.0264664 0.286497 -0.290282 -0.913047 0.992556
6 19 0 1 0 0 0 0 1 0 0 0 0 1 0
6 20 32 0.929228 -0.347956 0.124342 0.171995 -0.0239441 0.279098 0.959964 -0.801997 -0.368729 -0.895003 0.251014 0.57203
6 21 0 1 0 0 0 0 1 0 0 0 0 1 0
6 22 0 1 0 0 0 0 1 0 0 0 0 1 0
6 23 0 1 0 0 0 0 1 0 0 0 0 1 0
6 24 0 1 0 0 0 0 1 0 0 0 0 1 0
6 25 45 0.908353 -0.0785125 -0.410769 0.911855 0.0915878 0.995722 0.0122148 -0.135571 0.408052 -0.0487167 0.911658 -0.38748
6 26 52 0.353586 0.127964 -0.926608 0.822963 0.156829 0.968467 0.19359 -0.18518 0.922161 -0.21377 0.322368 0.537066
6 27 121 -0.10708 -0.114633 -0.98762 0.629556 0.308306 0.940539 -0.142595 0.024116 0.945241 -0.319758 -0.0653715 0.776581
6 28 173 0.177069 -0.18072 -0.967464 0.688894 0.232622 0.96283 -0.137279 0.0253361 0.956313 -0.200745 0.212527 0.724419
6 29 769 0.860781 -0.102752 -0.498496 0.921166 0.0946617 0.994642 -0.0415624 0.0701435 0.500096 -0.0114124 0.865895 0.382797
7 8 2322 0.991372 0.0251836 0.128638 -0.998412 -0.0223803 0.999481 -0.0231915 0.0473837 -0.129155 0.0201125 0.99142 -0.030478
7 9 1724 0.972679 0.0463853 0.227474 -0.997572 -0.0432696 0.998889 -0.0186675 -0.0479871 -0.228087 0.00831475 0.973605 -0.0504684
7 10 1008 0.935292 0.0727484 0.346319 -0.996377 -0.0536422 0.996478 -0.0644523 0.02182 -0.349788 0.0417044 0.9359 0.0822014
7 11 595 0.853256 0.128786 0.50534 -0.961019 -0.0953242 0.991217 -0.0916593 0.106232 -0.512706 0.0300377 0.858038 0.25526
7 12 386 0.76967 0.125205 0.626044 -0.928972 -0.128967 0.990857 -0.0396116 0.0432463 -0.62528 -0.0502511 0.778781 0.367615
7 13 346 0.587458 0.211452 0.781141 -0.811726 -0.175944 0.975543 -0.131756 0.157886 -0.789896 -0.0600358 0.610294 0.562292
7 14 392 -0.734486 -0.146542 -0.662613 0.433485 -0.179328 0.983611 -0.0187534 0.0180829 0.654501 0.105051 -0.748727 0.900979
7 15 62 0.828117 0.179519 0.531032 -0.701504 -0.176207 0.982677 -0.0574151 -0.0744582 -0.53214 -0.0460253 0.845404 -0.708765
7 16 172 -0.724652 -0.0501819 -0.687285 -0.462849 0.0142284 -0.998222 0.0578828 0.0274265 -0.688968 0.032166 0.724078 0.886013
7 17 545 0.983348 0.135469 -0.121143 -0.248713 -0.0728949 0.904636 0.419906 -0.617132 0.166474 -0.404082 0.899446 0.746518
7 18 19 -0.966741 0.138509 0.215006 -0.116823 -0.155192 -0.985894 -0.0626754 -0.0592394 0.203292 -0.0939581 0.9746 0.991384
7 19 37 0.963836 -0.0801627 -0.254156 0.502202 0.087101 0.996069 0.0161456 0.539533 0.251862 -0.0376989 0.967029 0.675794
7 20 78 0.872115 -0.453984 -0.182518 0.213027 0.275903 0.148206 0.949691 -0.736578 -0.404094 -0.878597 0.254508 0.641929
7 21 0 1 0 0 0 0 1 0 0 0 0 1 0
7 22 0 1 0 0 0 0 1 0 0 0 0 1 0
7 23 0 1 0 0 0 0 1 0 0 0 0 1 0
7 24 0 1 0 0 0 0 1 0 0 0 0 1 0
7 25 0 1 0 0 0 0 1 0 0 0 0 1 0
7 26 0 1 0 0 0 0 1 0 0 0 0 1 0
7 27 29 0.883416 0.0437906 0.466539 -0.317025 -0.0262016 0.998682 -0.0441249 0.253685 -0.467857 0.0267566 0.883399 -0.913859
7 28 68 -0.745642 -0.070638 -0.662592 0.438169 -0.119841 0.992368 0.029067 -0.051629 0.655481 0.101079 -0.748416 0.897409
7 29 427 0.609592 -0.160736 -0.776249 0.862676 0.145743 0.98526 -0.0895628 0.0767963 0.779203 -0.0585357 0.624033 0.499892
8 9 2706 0.995471 0.0197075 0.0929956 -0.98084 -0.0191584 0.999793 -0.00679355 -0.0696127 -0.0931103 0.00498114 0.995643 -0.181953
8 10 1774 0.97302 0.044438 0.226399 -0.999082 -0.035719 0.998459 -0.0424656 0.00959211 -0.227938 0.0332332 0.973108 0.0417608
8 11 881 0.914725 0.098441 0.391903 -0.970724 -0.0833349 0.99498 -0.0554173 0.0930412 -0.395391 0.0180324 0.918336 0.221444
8 12 595 0.851043 0.104632 0.514565 -0.937627 -0.101108 0.994261 -0.03495 0.0716572 -0.515269 -0.0222828 0.856739 0.340179
8 13 464 0.586527 0.177524 0.790235 -0.795213 -0.147743 0.982764 -0.111117 0.147697 -0.79634 -0.0515782 0.602646 0.588066
8 14 588 -0.982535 -0.186067 0.00175291 0.433272 0.184458 -0.972713 0.140731 0.0181946 -0.0244803 0.138596 0.990046 0.901079
8 15 54 0.862625 -0.171069 0.47604 0.0851332 -0.13894 0.824757 0.548153 -0.909479 -0.486389 -0.538991 0.687688 0.406939
8 16 624 -0.76436 0.24377 -0.596933 -0.446262 0.240228 0.966792 0.0872016 0.0173186 0.598367 -0.076747 -0.797538 0.894735
8 17 473 -0.130233 -0.961142 -0.243406 -0.391255 0.991337 -0.130443 -0.0153267 0.0663859 -0.0170194 -0.243293 0.969803 0.917885
8 18 87 0.88586 -0.330542 -0.325567 -0.113749 0.463754 0.651385 0.600524 0.0198895 0.0135713 -0.682964 0.730326 0.99331
8 19 33 0.899012 -0.162649 -0.4066 0.0119857 0.156144 0.986499 -0.0493803 0.19372 0.409142 -0.0190946 0.912271 0.980984
8 20 118 0.970015 0.103719 -0.219805 0.149049 -0.201104 0.850384 -0.486214 0.937539 0.136489 0.515838 0.845744 0.314334
8 21 0 1 0 0 0 0 1 0 0 0 0 1 0
8 22 23 0.949185 0.308068 -0.064355 0.386055 -0.262269 0.887315 0.379324 -0.122088 0.173961 -0.34317 0.923023 0.914361
8 23 0 1 0 0 0 0 1 0 0 0 0 1 0
8 24 0 1 0 0 0 0 1 0 0 0 0 1 0
8 25 11 0.805228 -0.364141 -0.467984 0.0830529 0.304898 0.931164 -0.199927 0.0344873 0.508571 0.018299 0.860825 -0.995948
8 26 23 0.51174 -0.835067 -0.201952 0.0373168 -0.734457 -0.547174 0.401463 -0.0161073 -0.445752 -0.0571197 -0.893332 0.999174
8 27 0 1 0 0 0 0 1 0 0 0 0 1 0
8 28 68 0.60049 0.192494 0.776117 0.4138 -0.132989 0.981116 -0.140444 -0.0486665 -0.788496 -0.0188795 0.61475 0.909066
8 29 215 0.541763 -0.180078 -0.821015 0.827832 0.167451 0.980324 -0.104524 0.114901 0.823683 -0.080852 0.561257 0.549083
9 10 2307 0.991037 0.0233818 0.131524 -0.995231 -0.0196875 0.999376 -0.0293188 0.0185117 -0.132128 0.0264666 0.990879 0.0957767
9 11 1234 0.949945 0.0716499 0.30409 -0.969576 -0.0692804 0.997424 -0.018589 0.0580793 -0.304639 -0.00340895 0.952462 0.237802
9 12 857 0.887546 0.0845571 0.452893 -0.930065 -0.0857583 0.996155 -0.0179237 0.0754048 -0.452667 -0.0229312 0.891385 0.359575
9 13 674 0.658108 0.158212 0.736113 -0.795932 -0.137252 0.986501 -0.08932 0.154269 -0.740308 -0.0422505 0.670939 0.5854
9 14 844 0.491644 0.178475 0.85231 -0.803827 -0.213443 0.973612 -0.0807537 0.15538 -0.844232 -0.142217 0.516765 0.574212
9 15 116 -0.0882961 0.1532 0.984243 -0.609851 -0.137027 0.97684 -0.16434 0.116131 -0.986624 -0.149379 -0.0652586 0.783961
9 16 357 0.979423 0.125867 -0.157757 -0.460775 -0.137485 0.988369 -0.0649912 0.0268688 0.147742 0.0853432 0.985337 0.88711
9 17 582 0.241298 0.869331 0.431321 -0.391219 0.90336 -0.0388255 -0.427121 0.0663588 -0.354564 0.492702 -0.794688 0.917902
9 18 205 0.193005 -0.973286 -0.124352 -0.132021 0.891342 0.120934 0.436903 -0.0644386 -0.410193 -0.195165 0.890872 0.98915
9 19 0 1 0 0 0 0 1 0 0 0 0 1 0
9 20 29 0.984951 -0.0657567 -0.159838 0.0606363 0.0797504 0.993373 0.0827671 -0.91711 0.153336 -0.0942687 0.983667 0.393995
9 21 0 1 0 0 0 0 1 0 0 0 0 1 0
9 22 50 0.79507 -0.527431 -0.299465 -0.0345342 0.249483 -0.165644 0.954107 -0.923971 -0.55283 -0.833294 -0.000113366 0.380901
9 23 0 1 0 0 0 0 1 0 0 0 0 1 0
9 24 0 1 0 0 0 0 1 0 0 0 0 1 0
9 25 28 0.825186 -0.204869 -0.5264 0.0843933 0.287222 0.954624 0.0787211 -0.188643 0.486386 -0.216153 0.846585 -0.978413
9 26 0 1 0 0 0 0 1 0 0 0 0 1 0
9 27 16 0.617703 0.307235 0.723913 -0.33969 -0.385597 0.920603 -0.0616889 -0.0141867 -0.685389 -0.241033 0.687128 -0.940431
9 28 35 0.716686 0.167521 0.676977 -0.406747 -0.119406 0.985863 -0.117547 0.106538 -0.687098 0.0034097 0.726556 -0.907307
9 29 31 0.936057 -0.283024 -0.209033 0.523697 0.289383 0.957213 -0.000166879 0.118414 0.200136 -0.0603344 0.977909 -0.843634
10 11 1964 0.984376 0.04535 0.17014 -0.972314 -0.0482523 0.998751 0.0129603 0.0725181 -0.16934 -0.0209675 0.985335 0.222141
10 12 1238 0.946251 0.0555406 0.318628 -0.936834 -0.0643691 0.997777 0.0172369 0.0833308 -0.316962 -0.0368202 0.947723 0.339704
10 13 696 0.763087 0.105817 0.637575 -0.84895 -0.124699 0.992075 -0.0154058 0.0973291 -0.634152 -0.067749 0.770235 0.519434
10 14 785 0.718671 0.200954 0.66568 -0.891034 -0.229046 0.972317 -0.0462416 0.252932 -0.656544 -0.119239 0.744804 0.376941
10 15 95 0.84009 0.115004 0.530115 0.387202 -0.129953 0.991478 -0.00915151 -0.393388 -0.52665 -0.061202 0.847876 0.833859
10 16 738 -0.928917 -0.335122 -0.157499 -0.446076 -0.354447 0.927812 0.116327 0.0172883 0.107146 0.163883 -0.980644 0.894828
10 17 729 0.61523 0.163268 0.771256 -0.399774 0.26665 -0.963754 -0.00868852 0.0641672 0.741883 0.211001 -0.636465 0.914365
10 18 202 0.911639 0.0328365 0.409678 -0.819588 -0.050058 0.998253 0.0313799 0.0677854 -0.407932 -0.0491148 0.91169 0.568929
10 19 35 0.874182 0.0967753 0.475858 0.0231394 -0.057368 0.99366 -0.0966921 -0.0935031 -0.482198 0.0572275 0.874191 0.99535
10 20 56 0.985619 -0.0714233 -0.153147 0.140263 0.100477 0.976376 0.191295 -0.741475 0.135866 -0.203932 0.969511 0.656156
10 21 0 1 0 0 0 0 1 0 0 0 0 1 0
10 22 35 -0.664233 0.0431734 0.746278 0.378197 -0.255586 -0.951281 -0.172454 -0.122062 0.702474 -0.305288 0.642907 0.917643
10 23 0 1 0 0 0 0 1 0 0 0 0 1 0
10 24 0 1 0 0 0 0 1 0 0 0 0 1 0
10 25 34 0.925228 0.0384027 -0.377462 -0.0672056 0.129833 -0.966849 0.219877 -0.22027 -0.356505 -0.252444 -0.899542 0.973121
10 26 30 0.884836 0.311912 0.346086 0.133253 0.294998 0.199873 -0.934359 0.847862 -0.360611 0.928849 0.0848415 0.513199
10 27 0 1 0 0 0 0 1 0 0 0 0 1 0
10 28 43 0.653893 0.21139 0.726456 0.159623 -0.17372 0.976471 -0.127773 -0.00398071 -0.736373 -0.0426504 0.67523 0.98717
10 29 0 1 0 0 0 0 1 0 0 0 0 1 0
11 12 2325 0.987741 0.00977312 0.155797 -0.963134 -0.0126342 0.999769 0.0173844 -0.00786177 -0.155591 -0.0191396 0.987636 0.268906
11 13 1142 0.864276 0.0846588 0.495842 -0.935348 -0.0841356 0.996179 -0.0234327 0.0844957 -0.495931 -0.0214657 0.868096 0.343488
11 14 671 0.86586 0.161478 0.47351 -0.814048 -0.178682 0.983868 -0.00878374 0.104012 -0.467289 -0.0770023 0.880745 -0.571408
11 15 267 0.578748 0.249637 0.776358 -0.95581 -0.190012 0.967072 -0.169314 0.281902 -0.793061 -0.0495266 0.607125 0.0834138
11 16 145 -0.982416 0.0970017 -0.159527 -0.45998 -0.114392 -0.988009 0.103694 0.048547 -0.147556 0.120119 0.981732 0.886601
11 17 631 0.723561 0.685981 0.0767467 -0.400128 -0.604392 0.575916 0.550482 0.0433561 0.33342 -0.444693 0.831312 0.915433
11 18 276 0.950134 0.0446151 0.308633 -0.842717 -0.0438288 0.998994 -0.00948347 0.112696 -0.308746 -0.00451648 0.951134 0.526428
11 19 40 0.894064 0.0220823 0.447395 0.22204 -0.0207717 0.999754 -0.00783565 -0.0238681 -0.447458 -0.00228759 0.894302 0.974745
11 20 204 0.817756 0.357691 0.450925 0.219746 0.292964 0.415688 -0.861032 0.833224 -0.495427 0.836218 0.235141 0.507394
11 21 118 0.6772 0.1855 0.712032 0.0400235 -0.0558489 0.977866 -0.201638 0.994211 -0.733676 0.0967834 0.672572 -0.0997133
11 22 196 0.663808 0.0853242 0.74302 -0.279664 -0.120591 0.992683 -0.00625926 -0.783392 -0.738117 -0.0854463 0.66924 -0.555054
11 23 0 1 0 0 0 0 1 0 0 0 0 1 0
11 24 33 -0.452642 0.721126 -0.524492 -0.385562 -0.725648 -0.639733 -0.253331 0.0249046 -0.518219 0.265929 0.812854 0.922346
11 25 30 -0.760877 0.599205 -0.249035 0.440574 0.645794 0.736735 -0.200431 0.00501613 0.0633739 -0.313328 -0.947528 0.897702
11 26 57 0.895067 -0.167125 -0.413431 0.0313737 0.187457 0.982234 0.008782 -0.540218 0.404618 -0.0853609 0.910493 0.84094
11 27 39 0.949913 -0.129914 -0.284232 0.000269163 0.14027 0.989979 0.0162989 -0.981411 0.279266 -0.0553518 0.958617 -0.191917
11 28 0 1 0 0 0 0 1 0 0 0 0 1 0
11 29 32 0.989178 -0.0511049 -0.137535 -0.327262 0.0420652 0.996808 -0.0678504 0.415426 0.140564 0.0613306 0.98817 0.848717
12 13 1685 0.929924 0.0851767 0.357751 -0.984371 -0.0776228 0.996352 -0.0354513 0.174148 -0.359466 0.00519742 0.933144 -0.0261841
12 14 1363 0.824861 0.122175 0.551976 -0.986208 -0.147704 0.98903 0.00181294 -0.0451888 -0.545699 -0.0830245 0.833858 -0.159222
12 15 577 0.745075 0.144845 0.651063 -0.898499 -0.152134 0.98731 -0.0455496 -0.0996169 -0.649398 -0.065111 0.757656 -0.427524
12 16 196 0.674036 0.182985 0.715676 -0.897978 -0.174604 0.980846 -0.0863398 -0.023971 -0.717767 -0.0667633 0.693076 -0.439387
12 17 469 0.296137 -0.921852 -0.249984 -0.399926 0.880114 0.161681 0.446384 0.0432127 -0.371082 -0.352205 0.859215 0.915528
12 18 134 0.990732 -0.00873612 0.135552 -0.125312 0.00841938 0.99996 0.00290975 0.0297285 -0.135572 -0.00174152 0.990766 0.991672
12 19 74 0.933327 0.00109407 0.359025 0.454111 0.00426819 0.999891 -0.0141427 -0.0657264 -0.359001 0.0147321 0.933221 -0.888517
12 20 226 0.812466 -0.0925239 0.575619 -0.0157322 -0.333233 0.736453 0.588722 -0.992204 -0.478387 -0.670132 0.567511 0.123631
12 21 59 0.725802 0.0912444 0.681826 -0.38163 -0.17447 0.983172 0.0541518 -0.362698 -0.665411 -0.158262 0.729508 -0.850182
12 22 193 0.726957 -0.000112868 0.686683 -0.187867 -0.210462 0.951837 0.222962 -0.921118 -0.653635 -0.306605 0.691921 -0.34095
12 23 0 1 0 0 0 0 1 0 0 0 0 1 0
12 24 13 0.999156 0.041042 -0.00140562 0.436934 -0.0406267 0.982893 -0.179641 0.0468479 -0.00599126 0.179547 0.983731 -0.898273
12 25 64 -0.558761 -0.49343 -0.666568 0.0930922 -0.497449 0.842513 -0.206681 -0.0354082 0.663574 0.216098 -0.71622 0.995028
12 26 69 0.940925 0.0677846 0.33176 -0.123896 -0.076478 0.996984 0.0132022 0.00368242 -0.329865 -0.0377947 0.943271 0.992288
12 27 73 0.9246 0.0748713 0.373508 -0.0627569 -0.0428882 0.994721 -0.0932284 0.135553 -0.378517 0.0701799 0.92293 0.988781
12 28 163 0.894554 0.110183 0.433165 -0.0115961 -0.186335 -0.788968 0.585498 -0.346718 0.406266 -0.604474 -0.685244 0.937898
12 29 65 0.947728 -0.100285 -0.30291 0.966064 0.0946816 0.994955 -0.0331667 0.0249355 0.304708 0.00275296 0.952442 -0.257097
13 14 1541 0.984494 0.052569 0.167358 -0.72531 -0.0605018 0.997256 0.0426565 -0.115326 -0.164657 -0.0521205 0.984973 -0.678694
13 15 736 0.905262 0.0971722 0.413592 -0.911014 -0.104391 0.994523 -0.00517188 -0.0901511 -0.41183 -0.0384933 0.910447 -0.402401
13 16 277 0.843513 0.108199 0.526098 -0.943586 -0.112749 0.993345 -0.0235194 -0.0561475 -0.525142 -0.0394781 0.850098 -0.326332
13 17 156 0.936656 0.104817 0.3342 -0.0551775 -0.066577 0.990056 -0.123922 0.885062 -0.343866 0.0938226 0.93432 -0.462191
13 18 0 1 0 0 0 0 1 0 0 0 0 1 0
13 19 46 0.998756 0.0297543 -0.0400122 0.036129 -0.0456983 0.225164 -0.973249 0.759283 -0.019949 0.973866 0.226244 0.649757
13 20 35 0.96264 0.084444 0.257281 0.0321359 -0.059359 0.992829 -0.103766 -0.957486 -0.264199 0.0846175 0.960749 0.286685
13 21 0 1 0 0 0 0 1 0 0 0 0 1 0
13 22 112 0.914898 -0.379315 0.138133 0.159079 -0.130696 0.045426 0.990381 -0.844793 -0.381942 -0.924152 -0.00801494 0.5109
13 23 0 1 0 0 0 0 1 0 0 0 0 1 0
13 24 0 1 0 0 0 0 1 0 0 0 0 1 0
13 25 0 1 0 0 0 0 1 0 0 0 0 1 0
13 26 47 0.998996 -0.000437534 0.0447876 -0.096911 0.000292991 0.999995 0.00323382 0.169223 -0.0447888 -0.00321745 0.998991 0.980802
13 27 55 0.995915 -0.0178132 0.0885259 -0.0604156 0.0195402 0.999635 -0.0186807 0.111312 -0.0881608 0.0203342 0.995899 0.991947
13 28 81 0.989171 -0.0475936 0.138839 -0.0389861 0.0641548 0.991015 -0.117359 0.168717 -0.132006 0.124995 0.983336 0.984893
13 29 0 1 0 0 0 0 1 0 0 0 0 1 0
14 15 1261 0.97605 0.0547602 0.210544 -0.813166 -0.0469766 0.998021 -0.041798 -0.12301 -0.212416 0.0309063 0.97669 -0.568885
14 16 555 0.935293 0.0768322 0.345432 -0.899412 -0.0644678 0.996805 -0.0471595 -0.118927 -0.347952 0.0218387 0.937258 -0.420611
14 17 301 0.880248 0.109476 0.461713 -0.996051 -0.107006 0.993755 -0.0316232 -0.0481311 -0.462292 -0.0215698 0.886465 -0.0745997
14 18 57 0.855502 0.213206 0.471869 -0.968504 -0.175723 0.976758 -0.122745 0.0229448 -0.487071 0.0220904 0.873083 0.247938
14 19 0 1 0 0 0 0 1 0 0 0 0 1 0
14 20 15 0.340707 0.853375 -0.394551 0.284938 0.921437 -0.386448 -0.0401597 -0.0691649 -0.186745 -0.349871 -0.917996 0.956047
14 21 0 1 0 0 0 0 1 0 0 0 0 1 0
14 22 74 0.98337 0.0354772 0.178116 0.429102 -0.0317841 0.999217 -0.0235456 -0.237543 -0.178812 0.0174928 0.983728 -0.871461
14 23 0 1 0 0 0 0 1 0 0 0 0 1 0
14 24 16 0.885886 -0.14166 0.441744 -0.060389 0.219224 0.967039 -0.129524 0.29632 -0.408836 0.211584 0.887742 -0.953178
14 25 0 1 0 0 0 0 1 0 0 0 0 1 0
14 26 20 -0.490243 0.869823 0.0554012 -0.0431592 -0.870078 -0.492142 0.0275632 0.0005077 0.0512404 -0.0346907 0.998084 0.999068
14 27 60 0.996524 -0.0550434 0.0625385 -0.0484434 -0.00898612 -0.817293 -0.576152 0.353125 0.0828257 0.573587 -0.814947 0.934321
14 28 46 0.999824 -0.0137157 0.0128089 0.0127531 0.0154187 0.989452 -0.144036 0.44831 -0.0106983 0.144209 0.989489 -0.893787
14 29 0 1 0 0 0 0 1 0 0 0 0 1 0
15 16 1155 0.992719 0.0172525 0.119213 -0.852649 -0.0168863 0.999849 -0.00408087 -0.131065 -0.119266 0.00203809 0.99286 -0.505779
15 17 430 0.960561 0.0534276 0.272888 -0.992813 -0.0599456 0.99808 0.0155979 0.0217336 -0.271531 -0.0313412 0.961919 0.117686
15 18 91 0.806003 0.139867 0.575149 -0.919575 -0.125274 0.989978 -0.0651901 0.0673367 -0.578502 -0.0195075 0.815447 0.387102
15 19 39 0.136279 0.107825 0.984785 -0.726357 -0.165414 0.982581 -0.084693 0.000225594 -0.976763 -0.151355 0.15174 0.687317
15 20 19 -0.814534 -0.190226 0.548041 0.290986 0.151166 -0.981671 -0.116067 -0.0794514 0.560074 -0.0116955 0.82836 0.953423
15 21 0 1 0 0 0 0 1 0 0 0 0 1 0
15 22 51 0.96892 -0.233166 0.0826239 0.0293606 0.158725 0.842181 0.515304 -0.97801 -0.189736 -0.486174 0.853015 0.206481
15 23 0 1 0 0 0 0 1 0 0 0 0 1 0
15 24 0 1 0 0 0 0 1 0 0 0 0 1 0
15 25 15 0.954348 -0.09962 -0.281596 0.173658 0.0349987 0.973545 -0.225797 0.0648636 0.29664 0.205634 0.932587 -0.982668
15 26 0 1 0 0 0 0 1 0 0 0 0 1 0
15 27 20 0.0366968 0.811932 0.582598 -0.300511 0.879112 0.250995 -0.405171 0.139283 -0.4752 0.527037 -0.704568 0.943553
15 28 83 0.993567 -0.0527352 -0.100222 -0.0303834 -0.0404387 0.661418 -0.748926 0.886634 0.105783 0.748161 0.65503 0.461473
15 29 0 1 0 0 0 0 1 0 0 0 0 1 0
16 17 731 0.988585 0.0347873 0.146596 -0.901629 -0.0386171 0.998981 0.0233594 0.117864 -0.145634 -0.0287538 0.988921 0.416141
16 18 222 0.822814 0.12538 0.554308 -0.871742 -0.111373 0.992022 -0.0590649 0.108001 -0.557291 -0.0131357 0.830213 0.477914
16 19 51 0.383865 0.104914 0.91741 -0.782961 -0.101255 0.992316 -0.0711123 0.0298344 -0.917821 -0.0655948 0.391538 0.621355
16 20 0 1 0 0 0 0 1 0 0 0 0 1 0
16 21 0 1 0 0 0 0 1 0 0 0 0 1 0
16 22 0 1 0 0 0 0 1 0 0 0 0 1 0
16 23 0 1 0 0 0 0 1 0 0 0 0 1 0
16 24 0 1 0 0 0 0 1 0 0 0 0 1 0
16 25 0 1 0 0 0 0 1 0 0 0 0 1 0
16 26 0 1 0 0 0 0 1 0 0 0 0 1 0
16 27 13 0.105915 -0.893338 -0.436726 0.430489 -0.897953 0.10274 -0.427931 -0.00637108 0.427156 0.437484 -0.791294 0.902574
16 28 58 0.981685 -0.0404921 -0.186156 0.00910378 0.0370607 0.999074 -0.0218778 -0.773886 0.186869 0.0145781 0.982277 0.633259
16 29 0 1 0 0 0 0 1 0 0 0 0 1 0
17 18 344 0.916651 0.106164 0.385332 -0.968023 -0.0870936 0.993967 -0.0666686 0.0511216 -0.390085 0.0275519 0.920367 0.245599
17 19 64 0.761145 0.16011 0.628509 -0.90128 -0.121658 0.987095 -0.104126 0.0675434 -0.63707 0.00279198 0.770801 0.42794
17 20 0 1 0 0 0 0 1 0 0 0 0 1 0
17 21 0 1 0 0 0 0 1 0 0 0 0 1 0
17 22 0 1 0 0 0 0 1 0 0 0 0 1 0
17 23 0 1 0 0 0 0 1 0 0 0 0 1 0
17 24 0 1 0 0 0 0 1 0 0 0 0 1 0
17 25 0 1 0 0 0 0 1 0 0 0 0 1 0
17 26 0 1 0 0 0 0 1 0 0 0 0 1 0
17 27 0 1 0 0 0 0 1 0 0 0 0 1 0
17 28 68 0.975572 -0.0447826 -0.215068 0.00711805 -0.0328731 0.938219 -0.344477 0.963911 0.217208 0.343131 0.913828 0.266129
17 29 0 1 0 0 0 0 1 0 0 0 0 1 0
18 19 967 0.959229 0.044835 0.27905 -0.940982 -0.0400631 0.998937 -0.0227834 0.056443 -0.279775 0.010675 0.960006 0.333717
18 20 344 0.791691 0.120466 0.598927 -0.95066 -0.121621 0.991821 -0.0387266 0.0647621 -0.598693 -0.0421826 0.799867 0.303399
18 21 68 0.783099 0.224771 0.579857 -0.85067 -0.210683 0.97315 -0.0926947 0.516283 -0.585123 -0.049577 0.809428 0.099061
18 22 88 0.75991 0.179388 0.624785 -0.953478 -0.178517 0.981803 -0.0647691 0.123167 -0.625034 -0.0623163 0.778106 -0.275155
18 23 0 1 0 0 0 0 1 0 0 0 0 1 0
18 24 0 1 0 0 0 0 1 0 0 0 0 1 0
18 25 46 0.991695 0.0952339 0.0864412 -0.469628 -0.0965058 0.995275 0.0106467 -0.181582 -0.0850189 -0.0189003 0.9962 -0.863989
18 26 56 0.977473 0.176152 0.116263 0.501277 -0.177643 0.984092 0.00251234 0.139429 -0.113971 -0.023109 0.993215 0.85398
18 27 0 1 0 0 0 0 1 0 0 0 0 1 0
18 28 0 1 0 0 0 0 1 0 0 0 0 1 0
18 29 11 0.994543 -0.0310012 -0.0996169 0.104254 0.0279254 0.999094 -0.0321236 0.506389 0.100523 0.0291665 0.994507 -0.85598
19 20 1345 0.940336 0.0774989 0.331305 -0.963332 -0.0854956 0.996292 0.00960746 -0.0773541 -0.329332 -0.0373593 0.943475 -0.256921
19 21 623 0.870829 0.0843804 0.484291 -0.965821 -0.112579 0.993208 0.0293836 -0.0492605 -0.478522 -0.0801093 0.874414 -0.254486
19 22 410 0.828155 0.0823307 0.554419 -0.963323 -0.113855 0.993241 0.0225733 -0.0980323 -0.548813 -0.0818173 0.831931 -0.249799
19 23 20 0.841533 0.166068 0.514047 -0.270017 0.16376 0.828376 -0.535701 0.950982 -0.514787 0.53499 0.66991 -0.150743
19 24 0 1 0 0 0 0 1 0 0 0 0 1 0
19 25 131 0.998936 -0.0280708 -0.0366007 -0.550555 0.0301816 0.997834 0.058455 -0.220967 0.0348806 -0.0594975 0.997619 -0.805024
19 26 90 0.999063 0.0427279 -0.00688477 0.475748 -0.042238 0.997296 0.0601317 0.153126 0.00943545 -0.0597845 0.998167 0.86615
19 27 24 0.994015 0.10814 0.0154581 0.63438 -0.10847 0.993847 0.0224086 0.114677 -0.0129397 -0.0239512 0.999629 0.764468
19 28 0 1 0 0 0 0 1 0 0 0 0 1 0
19 29 0 1 0 0 0 0 1 0 0 0 0 1 0
20 21 1598 0.987028 0.0162474 0.159723 -0.901195 -0.0224126 0.999069 0.0368736 -0.114332 -0.158975 -0.0399751 0.986473 -0.418061
20 22 1178 0.969489 0.0166668 0.244568 -0.92404 -0.0217111 0.999603 0.0179439 -0.0997771 -0.244172 -0.0227063 0.969466 -0.369044
20 23 228 0.835149 0.103421 0.540213 -0.995957 -0.0942329 0.994545 -0.0447202 -0.00787016 -0.541891 -0.0135578 0.840339 -0.089489
20 24 97 0.413446 0.127479 0.90156 -0.935817 -0.121085 0.989054 -0.0843225 0.0762425 -0.902442 -0.0743023 0.424356 0.344142
20 25 488 0.396277 0.189401 0.898383 -0.844603 -0.212504 0.970842 -0.110942 0.131058 -0.8932 -0.146946 0.424971 0.519104
20 26 321 0.954072 -0.0488234 -0.295571 0.542552 0.0624342 0.997371 0.0367823 0.165178 0.292998 -0.0535467 0.954613 0.823622
20 27 352 0.957107 -0.00384772 -0.289708 0.598474 0.00850529 0.999854 0.0148195 0.12047 0.289608 -0.0166479 0.957 0.792033
20 28 164 0.974301 0.0453593 -0.220634 0.665388 -0.0498246 0.99865 -0.0147128 0.0555991 0.219669 0.0253277 0.975246 0.744424
20 29 0 1 0 0 0 0 1 0 0 0 0 1 0
21 22 1752 0.995793 0.00422585 0.0915304 -0.919313 -0.00263814 0.999844 -0.0174603 -0.101318 -0.0915899 0.0171454 0.995649 -0.38026
21 23 481 0.916254 0.100878 0.387689 -0.990928 -0.0801026 0.994366 -0.0694254 -0.00408502 -0.392509 0.0325564 0.919172 -0.134333
21 24 135 0.789543 0.16274 0.591724 -0.987832 -0.137275 0.986601 -0.0881745 0.0681659 -0.598145 -0.0116113 0.801304 0.139791
21 25 467 0.586292 0.202617 0.784352 -0.866943 -0.202215 0.974171 -0.100499 0.119209 -0.784456 -0.0996859 0.612121 0.48394
21 26 425 0.317629 0.210012 0.924666 -0.74047 -0.222868 0.964381 -0.142476 0.155922 -0.921652 -0.160824 0.35312 0.653752
21 27 208 0.919868 -0.0266938 -0.391319 0.54709 0.02297 0.999635 -0.0141946 0.0994576 0.391555 0.00406856 0.920146 0.831144
21 28 197 0.914705 0.0229967 -0.403468 0.704145 -0.0459857 0.997818 -0.0473811 0.0569403 0.401498 0.0618935 0.913766 0.707769
21 29 0 1 0 0 0 0 1 0 0 0 0 1 0
22 23 845 0.947419 0.0913897 0.306668 -0.982321 -0.0759202 0.995183 -0.0620255 0.106261 -0.31086 0.0354818 0.949793 -0.154126
22 24 217 0.824296 0.147132 0.546706 -0.987105 -0.142606 0.988464 -0.0510052 0.0396322 -0.547904 -0.0359202 0.83577 0.155089
22 25 511 0.65388 0.191082 0.732071 -0.851173 -0.210633 0.975305 -0.0664341 0.122638 -0.726687 -0.110758 0.677981 0.510358
22 26 542 0.512903 0.1916 0.836791 -0.77167 -0.230873 0.969647 -0.0805085 0.145556 -0.826818 -0.151899 0.54157 0.619143
22 27 273 0.896668 0.274481 0.347341 0.947913 -0.284626 0.958373 -0.0225735 -0.187339 -0.339079 -0.0786213 0.937467 -0.257614
