0 1 1078 0.684429 -0.107319 -0.721137 0.390172 0.103843 0.993372 -0.0492756 0.147108 0.721646 -0.0411597 0.691037 0.908914
0 2 1090 0.840023 -0.0920332 -0.534687 0.524704 0.0971132 0.995097 -0.0187112 0.190531 0.533788 -0.0362074 0.844843 0.829689
0 3 2202 0.95619 -0.0543729 -0.287654 0.690307 0.0589412 0.998235 0.00723773 0.132711 0.286752 -0.0238753 0.957707 0.711241
0 4 2701 0.991338 -0.0412513 -0.12469 0.619822 0.040466 0.999142 -0.00882553 0.0959664 0.124947 0.00370339 0.992157 0.778852
0 5 2099 0.999294 0.00713983 -0.0368939 0.494658 -0.00805734 0.99966 -0.0247804 0.165227 0.0367045 0.0250602 0.999012 0.853237
0 6 2352 0.998354 0.00955449 0.0565576 0.401542 -0.0111266 0.999559 0.0275466 0.192455 -0.0562694 -0.0281306 0.998019 0.895391
0 7 1101 0.917002 0.0796398 0.390852 0.555892 -0.0938335 0.995437 0.0173188 0.197703 -0.387689 -0.0525563 0.920291 0.807402
0 8 1739 0.846841 0.0998042 0.522397 0.0851713 -0.111195 0.993752 -0.00960247 0.237529 -0.520092 -0.049956 0.852648 0.967639
0 9 1627 0.801586 0.109446 0.587777 -0.368181 -0.124941 0.992061 -0.0143355 0.154158 -0.584679 -0.0619461 0.808896 0.916885
0 10 1254 0.715262 0.125189 0.687553 -0.732023 -0.12221 0.991071 -0.0533177 0.110649 -0.688088 -0.0458897 0.724174 0.672234
0 11 828 0.586963 0.157865 0.794073 -0.816517 -0.172641 0.982653 -0.067743 0.106031 -0.790993 -0.097327 0.604035 0.567501
0 12 795 0.470896 0.156041 0.868279 -0.789331 -0.192596 0.978675 -0.0714293 0.108075 -0.860909 -0.133591 0.490907 0.604381
0 13 808 0.0683851 0.167703 0.983463 -0.612587 -0.19798 0.968447 -0.151375 0.145978 -0.977818 -0.184354 0.0994291 0.776806
0 14 707 0.423249 0.201378 0.88335 -0.601178 -0.259515 0.961079 -0.0947538 0.211018 -0.868051 -0.189138 0.459037 0.770751
0 15 33 0.999287 0.00166674 0.0377268 -0.27364 -0.00625434 0.992533 0.121812 0.101002 -0.0372421 -0.121961 0.991836 0.956515
0 16 624 -0.46224 -0.683382 -0.565087 -0.462396 0.482915 -0.728463 0.485936 0.0157612 -0.743725 -0.0482701 0.666741 0.886534
0 17 188 0.957896 0.0606229 -0.280642 -0.396128 -0.00550199 0.981151 0.193164 0.0497646 0.287062 -0.183487 0.940174 0.916846
0 18 284 0.980115 0.079445 -0.181831 0.391737 -0.0972013 0.991104 -0.09091 -0.00815511 0.172991 0.106777 0.979118 0.920041
0 19 152 -0.781374 -0.150197 0.605719 -0.328479 -0.315199 0.932689 -0.175331 -0.00129505 -0.538613 -0.327921 -0.776121 0.94451
0 20 181 0.998543 -0.00842493 0.0532942 0.0244979 0.00732936 0.999758 0.0207193 0.736224 -0.0534559 -0.0202985 0.998364 -0.676295
0 21 195 0.809835 -0.0717147 0.582258 0.279882 -0.180641 0.913796 0.363793 -0.665805 -0.558155 -0.399792 0.727069 0.691643
0 22 263 -0.956056 0.235573 0.174533 0.246959 -0.0283756 -0.666858 0.744645 -0.68051 0.291807 0.70697 0.644238 0.689868
0 23 37 0.944358 -0.323641 0.0586879 0.382941 -0.218447 -0.483724 0.847521 -0.528529 -0.245904 -0.813184 -0.527507 0.757636
0 24 0 1 0 0 0 0 1 0 0 0 0 1 0
0 25 145 0.987606 0.0131139 -0.156404 -0.272045 -0.0037449 0.998188 0.0600476 0.199009 0.156908 -0.0587177 0.985866 0.941481
0 26 116 0.384721 -0.246445 -0.889525 0.016805 0.332959 0.935868 -0.115279 0.218572 0.860888 -0.251826 0.442104 0.975676
0 27 383 -0.0517431 -0.155535 -0.986474 0.250095 0.243501 0.95602 -0.163506 0.17567 0.96852 -0.248667 -0.0115945 0.952151
0 28 564 0.597495 -0.167699 -0.784141 -0.15677 0.107424 0.985812 -0.128975 0.268454 0.794645 -0.0071738 0.607033 0.95045
0 29 1912 0.881305 -0.0742414 -0.466679 0.631398 0.069529 0.997205 -0.027337 0.169155 0.467404 -0.00835553 0.884004 0.756785
1 2 2770 0.965512 0.0230585 0.259334 -0.988703 -0.0321186 0.999011 0.0307526 -0.0374218 -0.258369 -0.0380215 0.965298 -0.14514
1 3 2110 0.868305 0.0628707 0.49203 -0.968295 -0.0732834 0.997309 0.00189167 -0.0638495 -0.490588 -0.0377002 0.870576 -0.241513
1 4 1729 0.783875 0.0799525 0.615749 -0.999984 -0.0695758 0.99674 -0.0408495 -0.00363504 -0.617008 -0.0108204 0.786883 -0.00441657
1 5 1419 0.722801 0.106983 0.682725 -0.964294 -0.099849 0.993745 -0.0500099 0.0464106 -0.683805 -0.0320222 0.728962 0.260737
1 6 1154 0.657879 0.111597 0.74481 -0.98498 -0.134203 0.990504 -0.0298707 0.0359251 -0.74107 -0.0803044 0.666608 0.168892
1 7 387 0.305076 0.14586 0.941092 -0.904744 -0.18951 0.977736 -0.0901051 0.0762041 -0.933282 -0.150858 0.325925 0.419084
1 8 195 0.719096 0.148179 0.678928 -0.393208 -0.0912934 0.988678 -0.119088 0.300474 -0.688888 0.0236544 0.724482 -0.868967
1 9 111 0.414873 0.0711207 -0.907095 0.914218 0.0762725 0.990713 0.112561 -0.0784433 0.906677 -0.115885 0.405596 0.397558
1 10 135 0.150495 0.530483 0.83423 -0.579098 0.255364 0.794344 -0.551187 0.699201 -0.95506 0.295983 -0.0159219 0.419242
1 11 130 -0.526146 0.305773 0.79352 -0.62306 0.719973 0.656753 0.224308 -0.0712898 -0.452559 0.689332 -0.565696 0.778919
1 12 105 0.993101 0.00975883 -0.116853 0.811216 -0.006218 0.999512 0.0306278 -0.152852 0.117095 -0.02969 0.992677 -0.564415
1 13 128 -0.86434 -0.173837 -0.471909 -0.108467 0.0363107 -0.957481 0.286201 -0.228194 -0.501596 0.230239 0.833901 0.967555
1 14 182 -0.886199 0.00143371 -0.463303 0.0497264 -0.1515 0.944124 0.292709 -0.13648 0.437835 0.329589 -0.836464 0.989394
1 15 275 -0.830485 0.0813322 -0.551071 0.173348 -0.159351 0.913253 0.374934 -0.20544 0.533762 0.399191 -0.745483 0.963195
1 16 127 -0.794451 0.297429 -0.529513 0.185105 -0.00579965 0.868117 0.496326 -0.242468 0.607301 0.397377 -0.687951 0.952337
1 17 131 0.989088 -0.0468949 -0.139663 0.199322 0.051452 0.998249 0.029197 -0.211372 0.138049 -0.0360643 0.989769 0.956866
1 18 134 0.903859 0.222519 0.365409 0.47064 -0.220681 0.974195 -0.0473785 0.096516 -0.366522 -0.0378154 0.92964 0.877031
1 19 0 1 0 0 0 0 1 0 0 0 0 1 0
1 20 39 0.668064 0.0987831 0.737518 0.38287 -0.127574 0.991679 -0.0172659 -0.0716711 -0.733086 -0.0825531 0.675107 0.921018
1 21 0 1 0 0 0 0 1 0 0 0 0 1 0
1 22 31 -0.465372 -0.849171 0.249675 -0.23283 -0.878567 0.408923 -0.246784 0.137407 0.107463 -0.334203 -0.936355 0.962761
1 23 181 0.991461 -0.0928567 -0.0915576 0.482462 -0.128637 -0.811601 -0.569874 -0.125366 -0.0213916 0.576785 -0.816616 0.866899
1 24 102 0.686779 -0.165087 -0.70787 0.414544 0.126594 0.986149 -0.107163 0.280709 0.715757 -0.0160148 0.698166 -0.865653
1 25 338 0.420998 -0.144858 -0.89542 0.942551 0.227678 0.972438 -0.0502715 0.0542463 0.878023 -0.182703 0.442375 0.329629
1 26 587 0.608714 -0.14827 -0.779412 0.948391 0.221192 0.975147 -0.0127555 0.058536 0.761932 -0.164635 0.626382 0.311653
1 27 776 0.732263 -0.139877 -0.666502 0.977009 0.178385 0.983905 -0.0105046 0.0441987 0.657244 -0.111202 0.745429 0.208566
1 28 1381 0.840277 -0.120167 -0.528672 0.999877 0.125898 0.99172 -0.0253148 0.0121109 0.527337 -0.0452871 0.848448 -0.00994057
1 29 931 0.949526 0.0349958 0.311729 -0.860126 -0.0408787 0.999088 0.0123553 0.116308 -0.311012 -0.0244748 0.950091 0.496645
2 3 3272 0.969038 0.0502073 0.241754 -0.774903 -0.047239 0.99872 -0.0180624 -0.132207 -0.242351 0.00608298 0.970169 -0.618099
2 4 2455 0.924199 0.0745823 0.374557 -0.982699 -0.0563041 0.996638 -0.0595245 -0.0185832 -0.377737 0.0339234 0.925291 -0.184275
2 5 1981 0.866819 0.107254 0.486951 -0.965806 -0.0880697 0.994171 -0.062199 0.0471203 -0.490784 0.0110297 0.871212 0.254946
2 6 1556 0.823383 0.112341 0.556255 -0.993597 -0.114749 0.992921 -0.0306752 0.018243 -0.555763 -0.0385723 0.830446 0.111499
2 7 855 0.560103 0.172889 0.810181 -0.947644 -0.19698 0.977726 -0.0724634 0.049952 -0.804663 -0.119003 0.581683 0.315398
2 8 595 0.432592 0.176437 0.884157 -0.924873 -0.163451 0.979762 -0.115543 0.0896038 -0.88665 -0.0945334 0.452676 0.369569
2 9 478 0.373703 0.189696 0.907944 -0.935443 -0.183164 0.974681 -0.128251 0.069286 -0.909284 -0.118375 0.398986 0.346622
2 10 195 0.907776 0.244726 0.340664 -0.36658 -0.218432 0.969152 -0.114157 0.0175394 -0.358092 0.0292169 0.933229 0.930221
2 11 351 -0.162602 0.13228 0.977785 -0.816895 -0.252114 0.952508 -0.170786 0.0535587 -0.953939 -0.274283 -0.12153 0.574295
2 12 336 -0.492718 0.111974 0.862955 -0.67082 -0.161614 0.962658 -0.217188 0.106568 -0.85505 -0.246478 -0.456222 0.733924
2 13 441 -0.427171 0.163191 0.889322 -0.579266 -0.149134 0.957389 -0.247315 0.142689 -0.891787 -0.238274 -0.384631 0.802553
2 14 266 0.614494 0.0944215 -0.783251 0.881065 -0.0733138 0.99535 0.0624725 -0.0327352 0.785508 0.0190341 0.618559 0.471861
2 15 319 -0.943223 -0.206323 -0.260309 0.161438 0.21562 0.215796 -0.952334 0.681009 0.252662 -0.954391 -0.159056 0.714258
2 16 168 -0.82335 0.144239 -0.548898 0.317944 0.00258966 0.968109 0.250515 -0.157332 0.567527 0.20484 -0.797467 0.934964
2 17 190 0.87894 0.276308 -0.388738 0.96511 -0.227516 0.959274 0.16742 -0.261688 0.419166 -0.0587083 0.906009 -0.00911398
2 18 0 1 0 0 0 0 1 0 0 0 0 1 0
2 19 79 0.898179 -0.202184 0.390379 -0.975971 0.19055 0.979266 0.0687644 -0.178259 -0.396188 0.0126239 0.918082 0.125316
2 20 0 1 0 0 0 0 1 0 0 0 0 1 0
2 21 29 0.902238 -0.157453 -0.401466 -0.282198 0.152448 0.987304 -0.0446103 -0.0929825 0.403393 -0.0209535 0.914787 -0.95484
2 22 163 0.997454 0.0205645 -0.0682768 -0.194777 0.0219546 -0.999565 0.0196732 0.131986 -0.0678426 -0.0211221 -0.997472 0.971927
2 23 160 0.53358 -0.834978 0.134555 0.48194 0.611814 0.490919 0.620228 -0.131149 -0.583932 -0.248618 0.772795 0.866334
2 24 133 -0.833412 0.509604 -0.213842 -0.389136 0.241211 -0.0127182 -0.970389 0.0305766 -0.497234 -0.860315 -0.112323 0.920673
2 25 49 0.999301 0.0325071 -0.0184489 -0.547884 -0.0329128 0.999213 -0.0221258 0.0991767 0.0177152 0.0227175 0.999585 -0.830654
2 26 303 0.3881 -0.192506 -0.901288 0.896861 0.230804 0.96708 -0.107172 0.0981202 0.892249 -0.166427 0.419755 0.431291
2 27 322 0.480474 -0.200478 -0.853788 0.880022 0.186225 0.974644 -0.124057 0.145872 0.857009 -0.0993903 0.505625 0.451977
2 28 542 0.66202 -0.177496 -0.728165 0.940154 0.128392 0.984049 -0.12314 0.166148 0.738407 -0.0119692 0.674249 0.297497
2 29 2884 0.998572 0.0133231 0.0517337 0.972967 -0.0125739 0.999812 -0.0147804 0.044578 -0.0519209 0.0141088 0.998552 0.226603
3 4 4428 0.99036 0.0237111 0.136475 -0.99435 -0.01869 0.999105 -0.0379565 0.0442349 -0.137253 0.0350399 0.989916 0.0964928
3 5 3173 0.963984 0.0582144 0.259512 -0.87658 -0.0513958 0.998133 -0.0329889 0.0897776 -0.260948 0.018463 0.965176 0.472808
3 6 2983 0.940241 0.0637328 0.334493 -0.972668 -0.0688328 0.997622 0.00340259 0.0509536 -0.333481 -0.0262234 0.942392 0.226541
3 7 1445 0.754589 0.127813 0.64363 -0.922574 -0.143976 0.989195 -0.0276393 0.0939323 -0.640209 -0.0718108 0.764837 0.374212
3 8 933 0.668873 0.143546 0.729386 -0.924213 -0.147096 0.987336 -0.0594186 0.0949816 -0.728678 -0.0675462 0.681518 0.369876
3 9 721 0.590653 0.155073 0.791885 -0.928548 -0.154931 0.984896 -0.077309 0.0802465 -0.791912 -0.077025 0.605757 0.362434
3 10 618 0.471238 0.16648 0.866152 -0.907771 -0.148136 0.983014 -0.108347 0.0710851 -0.869477 -0.0772515 0.487895 0.413398
3 11 464 0.325899 0.196083 0.924847 -0.864086 -0.179995 0.97323 -0.142914 0.112759 -0.928112 -0.119892 0.352469 0.490552
3 12 439 0.459669 0.239885 0.855079 -0.861221 -0.265975 0.955819 -0.125166 0.109619 -0.847326 -0.169895 0.503164 0.496268
3 13 738 -0.898269 -0.00383922 0.439429 -0.237783 -0.0777564 0.985572 -0.150337 0.0851591 -0.432512 -0.169211 -0.885608 0.967578
3 14 414 -0.977632 -0.20402 0.0511083 0.116332 0.205903 -0.977957 0.0347023 0.991158 0.0429017 0.0444494 0.99809 -0.0638134
3 15 333 -0.983335 0.0565371 0.172789 -0.00464043 0.0103918 -0.931383 0.363892 -0.996982 0.181506 0.359623 0.915274 0.0774882
3 16 432 0.863067 -0.395519 0.314135 -0.373862 0.449707 0.318578 -0.834429 0.762726 0.229957 0.861436 0.452821 0.527709
3 17 171 0.988145 0.027176 0.1511 0.19179 -0.0315182 0.999154 0.0264163 -0.246264 -0.150254 -0.0308656 0.988165 0.950037
3 18 290 0.999649 0.0237548 -0.0117138 -0.0111326 -0.0101495 0.752075 0.659 -0.930684 0.0244641 -0.65865 0.752052 0.365655
3 19 170 0.991986 0.066461 0.107453 -0.617002 -0.0679381 0.997638 0.0101405 -0.0118169 -0.106525 -0.0173594 0.994158 -0.786873
3 20 93 0.812074 0.231011 0.535882 -0.243689 -0.264074 0.964377 -0.0155516 0.0193656 -0.520385 -0.128884 0.84415 0.96966
3 21 37 -0.977546 -0.142937 0.154833 0.148555 0.093696 -0.952974 -0.288203 0.934109 0.188747 -0.267224 0.944969 0.324609
3 22 167 -0.944031 -0.223295 0.242784 -0.108184 0.133184 -0.931397 -0.338765 0.902174 0.301773 -0.28747 0.909007 -0.417586
3 23 178 -0.87164 0.405842 0.27484 0.163276 0.07937 -0.43646 0.896216 -0.877151 0.483679 0.802991 0.348224 0.451604
3 24 23 0.874812 -0.116752 -0.470184 0.389736 0.0968682 0.993082 -0.0663633 0.280024 0.47468 0.0125095 0.88007 -0.877321
3 25 101 0.955592 0.0147651 0.294324 -0.993715 -0.0191926 0.999742 0.0121599 -0.00414139 -0.294069 -0.0172688 0.955628 0.111862
3 26 252 0.0986474 -0.243894 -0.964772 0.751765 0.193413 0.955711 -0.221827 0.259697 0.976146 -0.164717 0.141451 0.606141
3 27 486 0.250035 -0.194924 -0.948413 0.795216 0.203248 0.968268 -0.145422 0.144116 0.946664 -0.156402 0.281718 0.588949
3 28 741 0.458707 -0.181554 -0.869842 0.843132 0.160552 0.979727 -0.119823 0.107415 0.873963 -0.0846911 0.478557 0.526869
3 29 3087 0.979881 -0.0335651 -0.196741 0.854117 0.0331792 0.999436 -0.00525857 0.104336 0.196807 -0.00137494 0.980441 0.509507
4 5 4690 0.990622 0.0298065 0.133342 -0.756846 -0.0313093 0.999468 0.00918682 0.0922452 -0.132997 -0.0132755 0.991027 0.647051
4 6 4226 0.977243 0.0334894 0.209464 -0.980331 -0.0444624 0.997862 0.0478974 0.0252054 -0.207412 -0.0561207 0.976643 0.195743
4 7 2045 0.839538 0.0905705 0.535698 -0.960822 -0.125148 0.99173 0.0284585 0.0562594 -0.52869 -0.0909335 0.84393 0.271395
4 8 1376 0.756236 0.10384 0.646006 -0.96389 -0.141576 0.989905 0.00661419 0.03836 -0.638798 -0.0964609 0.763304 0.263522
4 9 1001 0.692036 0.112878 0.712983 -0.965798 -0.143743 0.989467 -0.0171302 0.0450768 -0.707406 -0.0906315 0.700972 0.255348
4 10 927 0.591463 0.124994 0.796585 -0.945924 -0.132192 0.989577 -0.0571248 0.0578805 -0.795423 -0.0715151 0.601821 0.319183
4 11 753 0.503831 0.163101 0.848265 -0.909364 -0.166148 0.981974 -0.0901254 0.111032 -0.847673 -0.0955295 0.521847 0.40091
4 12 683 0.16621 0.118778 0.978911 -0.811817 -0.154595 0.983582 -0.0930956 0.101949 -0.973897 -0.135861 0.181844 0.574943
4 13 608 -0.998778 0.00645054 -0.0490043 0.0146302 -0.00934135 -0.998215 0.058993 -0.998003 -0.0485362 0.0593787 0.997055 -0.0614556
4 14 956 -0.25645 0.174688 0.950641 -0.59488 -0.220365 0.947063 -0.233477 0.216846 -0.941102 -0.269363 -0.204379 0.774013
4 15 382 -0.976406 0.101477 0.190615 0.0630296 0.0353713 -0.795627 0.604753 -0.893566 0.213027 0.597227 0.773266 0.444486
4 16 194 0.99533 -0.0346039 -0.0901188 -0.460747 0.0425069 0.995274 0.0873075 0.103421 0.0866717 -0.0907304 0.992097 0.881486
4 17 207 0.975943 0.148304 0.159816 -0.0193022 0.168425 -0.978298 -0.120686 0.119525 0.138449 0.1447 -0.979742 0.992644
4 18 114 -0.949436 0.0429562 -0.311008 -0.227467 -0.0178441 -0.996378 -0.0831448 -0.0780833 -0.313453 -0.073391 0.946763 0.97065
4 19 151 -0.999047 0.00173333 -0.0436015 -0.0154312 -0.00880047 -0.986682 0.162422 -0.942494 -0.0427393 0.162651 0.985758 0.333867
4 20 146 0.918016 0.0801984 0.388348 -0.86977 -0.0991942 0.994643 0.02908 -0.0544741 -0.383935 -0.0652178 0.921054 -0.490442
4 21 61 0.838184 0.125693 0.530706 -0.461505 -0.0822274 0.991082 -0.104861 0.236986 -0.539154 0.0442544 0.841044 -0.854898
4 22 205 0.883447 0.113387 0.454604 0.382064 -0.0751515 0.992005 -0.101381 0.0471965 -0.462465 0.0554006 0.884905 0.92293
4 23 119 -0.858218 0.383016 0.341703 0.182738 0.118052 -0.500582 0.857602 -0.850024 0.499525 0.776348 0.384393 0.49403
4 24 34 0.853501 -0.0970231 -0.511979 -0.209543 0.0917771 0.995143 -0.0355876 -0.281117 0.512945 -0.0166139 0.858261 0.936517
4 25 164 0.958634 -0.0626251 -0.277666 0.169512 0.0765665 0.996276 0.0396428 0.202271 0.274149 -0.0592628 0.95986 -0.964548
4 26 211 -0.223325 -0.210665 -0.951707 0.611762 0.150055 0.957297 -0.247114 0.257672 0.963125 -0.197996 -0.182177 0.747899
4 27 504 0.211148 -0.162911 -0.963783 0.76125 0.219596 0.968714 -0.115635 0.131418 0.952467 -0.187227 0.240316 0.635002
4 28 628 0.346489 -0.154619 -0.925224 0.766585 0.162638 0.981286 -0.103082 0.116552 0.923848 -0.11476 0.365151 0.631476
4 29 2614 0.943762 -0.0456654 -0.327458 0.907217 0.0567958 0.998085 0.0245031 0.0718121 0.325712 -0.0417233 0.944548 0.414488
5 6 4342 0.996981 0.00380535 0.0775493 -0.843199 -0.00704016 0.999114 0.0414824 -0.120966 -0.0773227 -0.0419031 0.996125 -0.523815
5 7 2833 0.903931 0.0690741 0.422063 -0.974735 -0.0909229 0.995349 0.0318322 -0.047065 -0.417901 -0.0671494 0.906007 -0.218352
5 8 2155 0.837174 0.0858771 0.540153 -0.996845 -0.108606 0.994032 0.0102891 -0.0248669 -0.536046 -0.0672777 0.841504 -0.0753825
5 9 1438 0.78244 0.0988025 0.614838 -0.999687 -0.117341 0.993039 -0.0102503 -0.00865847 -0.611571 -0.0641255 0.788587 -0.0234847
5 10 1123 0.716456 0.114292 0.688206 -0.996088 -0.113849 0.992419 -0.0462917 0.0161188 -0.688279 -0.0451854 0.724037 0.0868792
5 11 1096 0.567878 0.146225 0.81002 -0.966048 -0.154546 0.985534 -0.0695622 0.0660012 -0.808474 -0.0856826 0.582262 0.249789
5 12 1054 0.30892 0.146611 0.93972 -0.89006 -0.173538 0.98015 -0.0958705 0.0877785 -0.935122 -0.133461 0.32823 0.447311
5 13 964 -0.999316 0.0339075 -0.0147298 -0.0172423 -0.0307557 -0.98361 -0.177669 0.976569 -0.0205127 -0.177094 0.98398 0.214513
5 14 439 0.778663 0.285845 0.558548 0.513652 -0.322148 0.94604 -0.0350485 0.0229272 -0.538428 -0.152644 0.828731 0.857692
5 15 534 0.787953 0.273346 -0.551735 0.482661 -0.277481 0.95755 0.0781173 -0.0266774 0.549667 0.0915435 0.830353 0.875401
5 16 827 0.927043 0.059305 -0.370235 0.552153 -0.061017 0.998111 0.00709712 0.0544879 0.369957 0.0160113 0.928911 0.83196
5 17 400 0.996568 -0.00244254 0.0827388 -0.124249 -0.00326244 0.997629 0.0687464 0.68979 -0.0827105 -0.0687804 0.994197 -0.713269
5 18 157 0.976107 0.0208783 0.216284 -0.122709 -0.01037 0.998715 -0.0496073 -0.0752456 -0.217042 0.0461792 0.975069 0.989586
5 19 227 0.996609 0.00650548 0.0820255 0.0403316 0.00176678 0.994948 -0.100376 0.187488 -0.0822641 0.100181 0.991563 0.981438
5 20 199 -0.383755 -0.285094 0.878325 -0.370766 -0.130868 0.95834 0.253887 -0.171897 -0.914115 -0.0175141 -0.405077 0.912679
5 21 193 0.824827 0.0972457 0.556959 -0.996773 -0.132256 0.990952 0.0228424 -0.0163981 -0.549699 -0.0925021 0.830226 -0.0785809
5 22 166 -0.894038 -0.0781897 0.441115 0.385747 0.118723 -0.990798 0.0649997 0.0225874 0.431973 0.110483 0.895094 0.922328
5 23 40 0.690182 0.0881331 0.718249 -0.973653 -0.0934516 0.9951 -0.0323044 -0.0115353 -0.717576 -0.0448256 0.695036 -0.227744
5 24 49 -0.280616 -0.0159369 -0.959688 0.46586 -0.256454 0.964756 0.0589669 -0.0701438 0.924925 0.262663 -0.274813 0.882074
5 25 263 0.936781 -0.0923219 -0.337517 0.32544 0.10043 0.994922 0.00660148 0.197586 0.335193 -0.040081 0.941296 -0.924688
5 26 463 0.323818 -0.220521 -0.920061 0.880459 0.259359 0.955896 -0.137828 0.207881 0.909876 -0.193995 0.36673 0.426119
5 27 427 -0.0143983 -0.187648 -0.982131 0.703436 0.201384 0.961561 -0.18667 0.181648 0.979407 -0.200473 0.0239445 0.687155
5 28 514 0.240246 -0.172774 -0.955212 0.785705 0.181464 0.974679 -0.130656 0.1116 0.9536 -0.141947 0.265515 0.608451
5 29 2569 0.896048 -0.0781462 -0.437026 0.978296 0.0894038 0.995982 0.00521208 0.0382402 0.434863 -0.043742 0.899434 0.203654
6 7 2722 0.935423 0.0791743 0.344551 -0.956257 -0.0840263 0.996463 -0.000853965 -0.0676288 -0.3434 -0.0281526 0.938767 -0.284603
6 8 2003 0.877934 0.100656 0.468082 -0.995585 -0.102005 0.994528 -0.0225424 -0.0278693 -0.46779 -0.027956 0.883397 -0.0896324
6 9 1462 0.832249 0.117211 0.54187 -0.998406 -0.111311 0.99282 -0.0437945 -0.00622175 -0.543113 -0.0238683 0.83932 -0.0560871
6 10 1214 0.740557 0.13631 0.658023 -0.995286 -0.111259 0.990568 -0.079983 0.0176052 -0.662719 -0.0139793 0.748737 0.0953747
6 11 935 0.617754 0.176061 0.766408 -0.966699 -0.155383 0.982728 -0.10051 0.0671607 -0.770867 -0.0569961 0.634441 0.246947
6 12 991 0.457844 0.175117 0.871615 -0.914424 -0.163323 0.98029 -0.111161 0.0844132 -0.873902 -0.0914601 0.477421 0.395856
6 13 1024 0.192062 0.214119 0.95774 -0.781513 -0.191241 0.965365 -0.177473 0.135411 -0.962569 -0.149073 0.226358 0.609017
6 14 1101 -0.0450168 0.261263 0.964217 -0.72223 -0.229025 0.93679 -0.264524 0.230372 -0.972379 -0.232738 0.0176644 0.65216
6 15 210 0.807061 0.144712 0.57246 0.324296 -0.102135 0.989102 -0.106045 0.0682592 -0.581568 0.0271166 0.813046 -0.94349
6 16 789 0.921618 0.0602777 0.383389 -0.997277 -0.073608 0.997083 0.0201794 -0.0621365 -0.381054 -0.0468182 0.923367 -0.0397194
6 17 697 0.98652 -0.15935 0.0372241 0.0638301 0.0797344 0.666732 0.741021 -0.878724 -0.1429 -0.728064 0.67045 0.473043
6 18 77 0.998321 -0.00952506 -0.0571272 0.126653 0.00962273 0.999953 0.00143483 -0.121257 0.0571108 -0.00198214 0.998366 -0.984508
6 19 321 0.995018 0.0328978 0.0941101 0.00469663 0.0294835 0.804657 -0.593008 0.944342 -0.095235 0.592828 0.799678 0.328931
6 20 129 0.940127 0.0817149 0.330884 -0.380135 -0.0747551 0.996631 -0.033729 -0.101773 -0.332526 0.00697427 0.943068 -0.919315
6 21 47 -0.945738 -0.15329 0.286501 0.24157 0.100366 -0.976422 -0.191119 0.890475 0.309042 -0.151993 0.938824 0.385614
6 22 134 0.872947 0.256468 0.414955 -0.224604 -0.321419 0.942282 0.0937828 0.139685 -0.366953 -0.215242 0.904995 0.964386
6 23 40 0.662831 0.146508 0.734295 -0.439364 -0.140039 0.987623 -0.0706431 -0.113635 -0.735557 -0.0560051 0.675144 -0.891093
6 24 64 0.947127 -0.25577 -0.193733 -0.960348 0.256604 0.966284 -0.021214 -0.270623 0.192627 -0.0296204 0.980825 -0.0670434
6 25 505 0.903662 -0.10785 -0.414443 0.897562 0.0957038 0.994152 -0.050033 0.425792 0.417415 0.00554917 0.908699 -0.114387
6 26 300 0.21724 -0.242265 -0.945576 0.782352 0.309902 0.935711 -0.168539 0.121339 0.925617 -0.256422 0.278352 0.610903
6 27 430 -0.0450922 -0.197306 -0.979304 0.630466 0.235025 0.950691 -0.202363 0.138945 0.970943 -0.239286 0.00350318 0.76368
6 28 531 0.0778813 -0.227348 -0.970694 0.620067 0.135439 0.967038 -0.215625 0.182255 0.98772 -0.114677 0.106106 0.763086
6 29 2033 0.851931 -0.102485 -0.513527 0.923761 0.0940378 0.994661 -0.042499 0.0706404 0.515141 -0.0120847 0.85702 0.376399
7 8 4271 0.99071 0.0261515 0.133456 -0.999055 -0.0239928 0.999554 -0.017758 0.00797994 -0.133861 0.0143911 0.990896 -0.0427292
7 9 2948 0.97336 0.0460477 0.22461 -0.998855 -0.0403901 0.998742 -0.029721 -0.00464515 -0.225696 0.0198572 0.973995 -0.0476144
7 10 1755 0.936139 0.0719918 0.344182 -0.997043 -0.0536463 0.996599 -0.0625441 0.0171344 -0.347515 0.0400859 0.936817 0.0749115
7 11 1364 0.843597 0.124933 0.522241 -0.964898 -0.105088 0.992163 -0.0675972 0.0664651 -0.526593 0.00214373 0.850115 0.254077
7 12 1471 0.74992 0.131234 0.648381 -0.918549 -0.116506 0.991006 -0.0658301 0.0756654 -0.651189 -0.0261731 0.758464 0.387999
7 13 962 0.782625 0.222268 0.581459 -0.852571 -0.207984 0.973768 -0.0922922 0.166074 -0.58672 -0.0487043 0.808324 0.495523
7 14 1496 0.438991 0.258446 0.860519 -0.772259 -0.23547 0.957355 -0.167406 0.22972 -0.867088 -0.129136 0.481127 0.592321
7 15 635 -0.398164 0.292997 0.869263 -0.414241 -0.00482231 0.946936 -0.321387 0.204469 -0.917301 -0.132157 -0.375623 0.886903
7 16 1498 0.800773 -0.0426101 -0.597451 0.551719 0.0314578 0.999082 -0.029091 0.0702706 0.598142 0.00450078 0.801378 0.831064
7 17 1024 0.753391 0.0032899 -0.657564 0.475507 0.0102169 0.999808 0.0167081 0.0666476 0.657493 -0.019306 0.753213 0.877184
7 18 506 -0.00950289 0.98538 -0.170103 -0.123282 -0.925029 0.0559444 0.375754 -0.055693 0.379777 0.160921 0.910974 0.990808
7 19 429 0.886979 0.12773 0.443795 -0.375423 -0.136544 0.990559 -0.0121958 -0.0142469 -0.441163 -0.0497802 0.896045 0.926744
7 20 262 0.997017 0.00020924 0.0771772 -0.218815 0.00126833 0.999817 -0.0190957 0.0165146 -0.077167 0.0191366 0.996835 0.975626
7 21 147 0.990572 -0.0138891 0.136289 -0.999529 0.0332293 0.989498 -0.140677 0.019555 -0.132904 0.14388 0.98063 -0.023632
7 22 365 -0.734257 0.172521 0.656584 0.047116 0.113878 -0.922165 0.369653 -0.962697 0.669252 0.346191 0.65746 0.266447
7 23 52 -0.161464 -0.860676 -0.482872 0.448338 -0.946253 -0.00392299 0.323402 -0.00537574 -0.280239 0.509137 -0.813785 0.893848
7 24 236 0.175804 -0.150922 -0.972788 0.852118 0.0907195 0.986457 -0.136648 0.134398 0.980236 -0.0642277 0.187114 0.505798
7 25 196 0.792353 -0.202589 -0.575442 0.316779 0.208655 0.97636 -0.0564287 0.105916 0.573271 -0.0753576 0.815893 0.942567
7 26 266 0.870678 -0.121033 -0.47673 0.383416 0.141666 0.989887 0.00741713 0.0682587 0.471011 -0.0739941 0.879019 0.92105
7 27 235 0.793931 -0.288543 -0.535178 0.350485 0.272224 0.955757 -0.111457 0.0129781 0.543661 -0.0571994 0.837354 0.936479
7 28 70 0.903601 -0.126496 -0.409273 0.0472947 0.115254 0.991967 -0.0521326 -0.2325 0.41258 -6.34984e-05 0.910921 0.971446
7 29 1701 0.592264 -0.257537 -0.763478 0.821101 0.170197 0.96615 -0.193873 0.238123 0.787564 -0.015118 0.616048 0.518739
8 9 4457 0.995574 0.0196059 0.0919114 -0.984869 -0.0187698 0.999774 -0.00995274 -0.0431127 -0.0920857 0.00818354 0.995717 -0.167851
8 10 2619 0.972239 0.0444897 0.229721 -0.998575 -0.0346255 0.998304 -0.0467961 0.0248515 -0.231413 0.0375428 0.972131 0.0472269
8 11 1792 0.923326 0.0920667 0.372818 -0.976419 -0.0840349 0.995747 -0.0377759 0.0596733 -0.37471 0.00354979 0.927135 0.207471
8 12 1598 0.851618 0.107071 0.51311 -0.936263 -0.100851 0.994095 -0.0400551 0.0803402 -0.514369 -0.017636 0.857388 0.341991
8 13 1808 0.600112 0.177069 0.780072 -0.807418 -0.15269 0.982618 -0.10558 0.143946 -0.785208 -0.0557492 0.616718 0.57215
8 14 1576 0.30815 0.250806 0.917682 -0.708684 -0.19658 0.960591 -0.196524 0.246368 -0.930806 -0.11984 0.34531 0.661113
8 15 638 0.301963 0.221801 0.927158 -0.813663 -0.217371 0.962958 -0.15957 0.145416 -0.928207 -0.153353 0.33899 0.562855
8 16 2151 0.988768 -0.0719308 0.131007 -0.995623 0.0643812 0.99606 0.0609834 -0.0934589 -0.134878 -0.0518641 0.989504 0.000164094
8 17 1491 0.938671 -0.0193448 0.34427 -0.977776 -0.00922425 0.996659 0.0811534 -0.0251589 -0.34469 -0.079352 0.935357 0.20814
8 18 738 0.11348 -0.993392 0.0171455 -0.123242 -0.9226 -0.098958 0.37285 -0.0557978 -0.36869 -0.0581296 -0.927733 0.990807
8 19 400 0.749805 0.188054 0.634373 -0.386682 0.153799 -0.982035 0.109332 -0.017028 0.643536 0.0155883 -0.765257 0.922056
8 20 328 0.937756 -0.0626879 0.341591 -0.995481 0.0550444 0.99797 0.0320339 -0.0942521 -0.342906 -0.0112373 0.939303 -0.0115494
8 21 458 0.989778 -0.042901 0.13601 0.199738 0.0237605 0.989959 0.139346 -0.806033 -0.140623 -0.13469 0.980859 0.557149
8 22 112 0.954936 0.0332028 0.294949 0.484791 -0.0287617 0.999398 -0.0193837 0.0106932 -0.295416 0.0100269 0.955316 0.874565
8 23 53 0.888292 0.0327732 0.458108 0.983563 -0.0156865 0.999034 -0.0410544 0.00226496 -0.459011 0.0292822 0.887948 -0.180552
8 24 157 0.990357 0.0732621 0.117579 -0.984853 -0.0703269 0.997104 -0.0289267 0.0564696 -0.119357 0.0203789 0.992642 0.163937
8 25 387 0.824497 -0.322577 -0.464918 -0.170917 -0.117687 0.705887 -0.69848 0.934274 0.553493 0.630609 0.544038 0.312922
8 26 344 0.777738 0.155438 0.609067 -0.783371 -0.171216 0.984692 -0.0326678 0.154175 -0.604821 -0.078875 0.792446 0.602129
8 27 209 -0.897125 -0.434213 0.0813976 0.324218 -0.344578 0.803066 0.48616 0.0180677 -0.276464 0.408098 -0.870071 0.94581
8 28 154 0.206604 0.146172 -0.967444 0.805321 -0.0176229 0.989173 0.145691 -0.13044 0.978266 -0.0130513 0.206943 0.57831
8 29 1641 0.528061 -0.190236 -0.827624 0.817082 0.167417 0.97878 -0.118161 0.130813 0.83254 -0.0761625 0.548704 0.561484
9 10 3553 0.991144 0.0242752 0.130552 -0.996207 -0.0206254 0.99936 -0.0292362 0.0178966 -0.131178 0.0262846 0.99101 0.0851492
9 11 2234 0.953795 0.0718178 0.291749 -0.970223 -0.069332 0.997415 -0.0188646 0.0608247 -0.292349 -0.00223456 0.956309 0.234451
9 12 1774 0.897292 0.0843289 0.433307 -0.932114 -0.0857236 0.996185 -0.0163581 0.0758416 -0.433034 -0.0224666 0.901098 0.354134
9 13 1864 0.680985 0.156607 0.715356 -0.806367 -0.142402 0.986537 -0.0804143 0.148127 -0.718318 -0.0471072 0.694118 0.572565
9 14 1711 0.459018 0.223219 0.859928 -0.764126 -0.207317 0.968112 -0.140638 0.237016 -0.863899 -0.113722 0.490658 0.599946
9 15 474 0.302726 0.369496 0.878539 -0.688725 -0.188423 0.9268 -0.324867 0.409213 -0.934266 -0.067191 0.350188 0.5985
9 16 1742 0.995943 -0.0896556 0.00767016 -0.995717 0.0889974 0.99403 0.0631134 -0.0900287 -0.0132829 -0.0621748 0.997977 0.0210207
9 17 1575 0.968317 -0.0342444 0.247365 -0.962899 0.01238 0.995918 0.0894097 -0.0135874 -0.249417 -0.0835146 0.964788 0.26952
9 18 734 0.00317823 -0.994658 0.103179 -0.12316 -0.917799 0.0380645 0.395216 -0.0599382 -0.397032 -0.095954 -0.912775 0.990575
9 19 569 -0.78463 -0.233741 0.574213 -0.38637 -0.169982 0.971819 0.163321 -0.016349 -0.596206 0.0305409 -0.80225 0.922199
9 20 260 0.984945 -0.108178 -0.134839 0.837697 0.109834 0.993938 0.00488105 0.116003 0.133494 -0.0196175 0.990855 0.533673
9 21 295 0.129849 0.990474 0.0458214 -0.0429404 0.904246 -0.0993323 -0.415298 0.0580459 -0.40679 0.0953599 -0.908531 0.99739
9 22 98 0.859673 0.287447 0.422299 0.943371 -0.38154 0.910988 0.156614 -0.331719 -0.339691 -0.295761 0.892824 -0.00370918
9 23 41 0.265624 -0.2491 0.93134 -0.840237 0.263499 0.948018 0.178409 -0.161185 -0.927368 0.198017 0.317454 0.517707
9 24 114 0.995043 0.0460292 0.0881525 0.993155 -0.0452648 0.998918 -0.0106515 -0.0465763 -0.0885474 0.00660847 0.99605 -0.10712
9 25 241 0.804518 0.112468 0.583183 -0.895736 -0.121598 0.992298 -0.023618 0.114949 -0.581347 -0.0519129 0.811998 0.429469
9 26 200 -0.550678 0.8273 0.111031 0.259611 -0.829327 -0.527166 -0.185237 0.0689568 -0.0947151 -0.194087 0.976401 0.963248
9 27 40 0.590064 0.322455 -0.740167 -0.0139488 -0.242371 0.945241 0.218577 -0.182727 0.770118 0.0504208 0.635906 0.983065
9 28 82 0.155824 0.208716 -0.965483 0.813379 0.0255652 0.976242 0.215168 -0.163004 0.987454 -0.0582112 0.146786 0.55843
9 29 1255 0.408901 -0.216633 -0.886493 0.745329 0.169548 0.972537 -0.159454 0.1739 0.89669 -0.0851025 0.434401 0.643618
10 11 3336 0.984853 0.0450178 0.167444 -0.972329 -0.0482211 0.998722 0.0151119 0.0631989 -0.16655 -0.0229574 0.985766 0.224903
10 12 2190 0.944546 0.0540007 0.323908 -0.936683 -0.0631738 0.997843 0.0178643 0.0801952 -0.322244 -0.0373362 0.94592 0.340872
10 13 1818 0.757064 0.117793 0.642634 -0.83592 -0.122989 0.991722 -0.0368903 0.144848 -0.64166 -0.0511088 0.765285 0.529393
10 14 1652 0.59833 0.177833 0.781266 -0.842565 -0.199409 0.97743 -0.0697671 0.21938 -0.776039 -0.114048 0.620287 0.49189
10 15 704 0.254975 0.218147 0.942019 -0.775284 -0.170046 0.969152 -0.178404 0.215564 -0.951878 -0.114698 0.284204 0.59369
10 16 1761 0.997127 -0.0748044 -0.0119205 -0.996253 0.0754566 0.994707 0.0697425 -0.0518409 0.00664031 -0.0704416 0.997494 0.0692216
10 17 1600 0.987195 -0.035222 0.15558 -0.974117 0.0199165 0.994902 0.098862 0.00580787 -0.158269 -0.0944974 0.982864 0.225969
10 18 747 0.724407 0.0412065 0.68814 -0.844707 0.018159 0.996725 -0.078801 0.0145425 -0.689134 0.0695799 0.721286 0.535031
10 19 849 0.81787 0.112762 0.564245 -0.448877 -0.0571377 0.991679 -0.115362 -0.0038454 -0.572559 0.0621113 0.817508 0.893585
10 20 441 0.534063 0.163342 0.829516 -0.695876 -0.147556 0.984108 -0.0987826 0.27074 -0.832469 -0.0696438 0.549678 0.665174
10 21 138 0.139143 -0.98715 -0.0785721 -0.0430265 0.868346 0.0834848 0.488881 0.0532958 -0.47604 -0.136252 0.868805 0.997651
10 22 361 0.991454 0.127132 0.0292529 0.977917 -0.130364 0.9572 0.258406 -0.17469 0.00485062 -0.260011 0.965594 -0.114727
10 23 210 0.999756 -0.0196417 -0.0100651 0.965624 0.0195614 0.999777 -0.00800604 0.0721049 0.0102201 0.0078072 0.999917 -0.249742
10 24 158 0.909384 -0.0174545 -0.415592 -0.369059 -0.0331578 0.992898 -0.114255 0.035303 0.414635 0.117682 0.902346 0.928735
10 25 164 0.309843 0.646399 0.697256 0.041812 0.949324 -0.250996 -0.189167 0.0685549 0.0527308 0.720534 -0.691412 0.996771
10 26 159 -0.070234 0.993684 0.0875142 0.259525 -0.992967 -0.061261 -0.101308 0.0671853 -0.0953074 -0.094014 0.990998 0.963397
10 27 12 -0.856033 -0.0571923 0.513748 -0.733387 0.152199 -0.977691 0.144762 0.16863 0.494008 0.202113 0.84564 0.658565
10 28 106 -0.979804 -0.183751 0.0788701 0.423101 0.185031 -0.98269 0.00917374 -0.0594227 0.0758192 0.0235819 0.996843 0.904132
10 29 1012 0.283782 -0.185088 -0.940856 0.693913 0.174778 0.974742 -0.139037 0.160375 0.942826 -0.124985 0.308963 0.701972
11 12 3880 0.988158 0.0141347 0.152791 -0.953554 -0.0152851 0.999863 0.00635743 0.0797995 -0.15268 -0.00861757 0.988238 0.290458
11 13 2357 0.866729 0.078662 0.492537 -0.941063 -0.0811075 0.99657 -0.0164331 0.0534889 -0.49214 -0.0257054 0.870137 0.333974
11 14 1886 0.763018 0.124004 0.63437 -0.992129 -0.156343 0.98769 -0.00502171 0.0330793 -0.627184 -0.0953475 0.773013 0.120769
11 15 1100 0.622451 0.195107 0.757949 -0.9938 -0.181367 0.978026 -0.102814 0.107766 -0.761354 -0.07347 0.64416 -0.0273544
11 16 737 0.570542 0.658563 -0.490689 -0.462594 -0.734985 0.676031 0.0527196 0.0194717 0.36644 0.33057 0.869738 0.886356
11 17 1233 0.988216 -0.141235 -0.0590093 -0.981496 0.146387 0.984681 0.0947373 -0.051298 0.0447251 -0.102259 0.993752 0.184486
11 18 838 0.967532 -0.0541754 0.246874 -0.0685506 0.216896 0.679432 -0.700948 0.906263 -0.12976 0.731736 0.669123 0.417118
11 19 385 0.887475 0.0685872 0.455723 -0.144931 -0.062885 0.997637 -0.0276839 -0.043867 -0.456545 -0.00408937 0.889691 0.988469
11 20 599 0.731775 0.182627 0.656623 -0.587932 -0.175192 0.981461 -0.0777312 0.235891 -0.658645 -0.0581535 0.750203 0.773752
11 21 391 0.674029 0.0681866 0.735551 -0.171527 -0.189594 0.978344 0.0830426 -0.959606 -0.71396 -0.19543 0.67236 -0.223012
11 22 493 0.803274 0.101735 0.586857 0.492278 -0.115145 0.993242 -0.0145775 -0.165563 -0.584374 -0.0558637 0.80956 -0.854548
11 23 82 0.992754 -0.0904284 -0.0791293 0.996666 0.0877983 0.995483 -0.0361161 0.0124026 0.0820378 0.028907 0.99621 -0.0806396
11 24 108 0.448016 0.438266 0.779233 -0.381716 0.39507 -0.878934 0.267198 0.0306696 0.801998 0.188143 -0.566923 0.923771
11 25 78 -0.796812 -0.141641 0.587391 -0.193355 0.0701962 0.943854 0.32282 -0.201676 -0.600136 0.29846 -0.742131 0.960177
11 26 205 0.916683 0.00669622 0.399558 0.00387228 -0.171546 0.90964 0.378323 -0.99999 -0.360921 -0.415344 0.835 0.00234973
11 27 102 0.967179 0.247046 0.0594441 0.927416 -0.252373 0.961163 0.111682 -0.346028 -0.0295449 -0.123019 0.991964 -0.142001
11 28 30 0.948241 0.0788116 0.307615 0.433071 -0.0511648 0.993974 -0.0969397 -0.104734 -0.313401 0.0761831 0.94656 0.895254
11 29 998 0.113658 -0.214972 -0.969984 0.641851 0.189419 0.963091 -0.191249 0.166085 0.975296 -0.161996 0.150183 0.748628
12 13 3011 0.9301 0.0770903 0.359126 -0.998185 -0.0736701 0.997012 -0.0232215 0.0422327 -0.359843 -0.00485846 0.933 -0.0429415
12 14 1999 0.880305 0.130024 0.456241 -0.799526 -0.144433 0.989509 -0.0033203 -0.0293307 -0.451887 -0.0629733 0.88985 -0.599915
12 15 1513 0.762024 0.170818 0.624613 -0.844511 -0.164681 0.983987 -0.0681888 -0.020837 -0.626259 -0.0509003 0.777952 -0.535133
12 16 1691 0.562977 0.169149 0.808978 -0.99325 -0.174788 0.98106 -0.0834924 -0.0240711 -0.807778 -0.0943953 0.581879 -0.113469
12 17 753 0.979691 -0.116118 -0.163471 -0.99313 0.126783 0.990328 0.0563625 -0.0219771 0.155345 -0.0759432 0.984937 0.114936
12 18 570 0.990476 0.0335991 0.133522 0.00971752 -0.0377415 0.998878 0.0286146 -0.995058 -0.132411 -0.0333814 0.990633 0.0988159
12 19 538 0.941255 -0.0110988 0.337515 -0.731536 0.0153337 0.999834 -0.00988389 0.0646375 -0.337349 0.0144786 0.941268 0.678732
12 20 552 0.832216 0.154517 0.532486 -0.580234 -0.151167 0.987232 -0.0502175 0.210568 -0.533447 -0.0387026 0.844948 0.786759
12 21 455 0.746469 0.312988 0.587217 0.0696021 0.0567111 0.84934 -0.524791 0.997134 -0.663 0.425042 0.616256 -0.0296379
12 22 630 0.876976 0.168122 0.450165 0.6013 -0.182881 0.983075 -0.0108722 -0.242125 -0.444374 -0.0727918 0.892879 -0.761455
12 23 164 0.981022 0.192153 0.0259345 0.155687 -0.162483 0.887693 -0.430813 0.973449 -0.105804 0.418423 0.902069 0.167804
12 24 364 0.68933 -0.14389 0.710014 -0.389136 0.0172802 -0.976532 -0.214679 0.0305766 0.724242 0.160254 -0.670666 0.920673
12 25 330 0.949463 0.173488 0.261575 0.0321607 -0.296642 0.768335 0.567155 -0.998169 -0.102583 -0.616087 0.780969 0.0512226
12 26 367 0.870737 0.203755 0.447551 -0.0706461 -0.187371 -0.703993 0.685045 -0.38739 0.454654 -0.680351 -0.574815 0.919205
12 27 410 0.915271 0.138943 0.378119 -0.0027211 -0.394145 0.502833 0.769291 -0.915139 -0.0832432 -0.853143 0.514992 0.40313
12 28 300 0.90321 0.0714995 0.423202 -0.0211925 0.116911 0.907756 -0.402879 0.999575 -0.41297 0.413361 0.811535 -0.0200288
12 29 526 0.674073 -0.218614 -0.705573 -0.30281 0.0792508 0.971091 -0.225169 0.845284 0.734401 0.0958628 0.671912 0.440228
13 14 3049 0.978527 0.0524182 0.199343 -0.879104 -0.0628974 0.996931 0.0466007 -0.127123 -0.196288 -0.0581382 0.978821 -0.459365
13 15 1669 0.904014 0.0923576 0.417408 -0.914024 -0.101247 0.994861 -0.000848565 -0.107644 -0.415341 -0.0414942 0.908719 -0.391117
13 16 1447 0.8863 0.112959 0.449125 -0.818838 -0.113863 0.993179 -0.0250968 -0.0660079 -0.448896 -0.0288954 0.893116 -0.570218
13 17 954 0.798012 0.131581 0.588102 -0.989823 -0.155067 0.987847 -0.0106045 -0.0269197 -0.58235 -0.0827327 0.808718 -0.139737
13 18 282 0.98083 -0.0540288 -0.187228 -0.704918 0.0524885 0.998535 -0.0131785 -0.153589 0.187666 0.00309857 0.982228 0.69246
13 19 371 0.999974 -0.00700402 0.00184239 0.0100953 0.00685263 0.997363 0.0722441 -0.918793 -0.00234353 -0.0722295 0.997385 0.39461
13 20 280 0.938692 0.0369532 0.342772 -0.829061 -0.0276637 0.999106 -0.0319527 0.294188 -0.343646 0.0205114 0.938875 0.475512
13 21 223 0.949648 0.0791 0.30317 0.488724 -0.0916444 0.995416 0.0273526 -0.230555 -0.299616 -0.0537591 0.952544 -0.841423
13 22 554 0.89506 -0.0982373 0.434991 -0.14731 -0.0905344 0.915092 0.39295 -0.959784 -0.436659 -0.391096 0.810168 -0.238987
13 23 127 -0.830661 -0.160886 -0.533027 0.477813 0.112043 0.889455 -0.443075 -0.127278 0.545388 -0.427767 -0.72081 0.869192
13 24 109 0.944021 -0.123059 -0.306074 -0.389136 0.108639 0.992033 -0.0637767 0.0305766 0.311484 0.0269548 0.949869 0.920673
13 25 204 0.993971 0.103904 -0.0350127 0.0476087 -0.0713048 0.855143 0.513465 -0.998037 0.0832918 -0.507872 0.857396 -0.0406969
13 26 383 0.988993 0.117343 0.0901274 -0.0299643 -0.11385 0.214475 0.970072 -0.824468 0.0945008 -0.969655 0.225474 0.565114
13 27 332 0.75536 0.244631 -0.607937 0.92172 -0.0451768 0.944941 0.324107 -0.385931 0.653751 -0.217353 0.724822 0.0385986
13 28 391 0.988562 0.0226509 0.149106 -0.0211414 0.0947882 0.675676 -0.73108 0.949364 -0.117307 0.736851 0.6658 0.313468
13 29 339 0.797678 -0.0439052 0.601484 -0.972287 0.0372776 0.999029 0.023487 -0.0533503 -0.601931 0.00368676 0.79854 0.227622
14 15 2341 0.977251 0.0545706 0.204944 -0.789571 -0.0467914 0.997995 -0.0426173 -0.118284 -0.206858 0.0320582 0.977846 -0.602152
14 16 1671 0.942878 0.0762018 0.324307 -0.863641 -0.0632613 0.99673 -0.0502763 -0.113581 -0.327078 0.0268883 0.944615 -0.491145
14 17 1022 0.877698 0.114671 0.465292 -0.998317 -0.10926 0.99326 -0.0386889 -0.0211959 -0.466592 -0.0168805 0.884311 -0.0539868
14 18 480 0.647555 0.204543 0.734054 -0.959445 -0.156411 0.978468 -0.134669 0.058902 -0.745794 -0.0276083 0.665605 0.275672
14 19 282 0.26145 0.235028 0.936166 -0.823516 -0.155499 0.967489 -0.199464 0.100422 -0.952609 -0.0934228 0.289496 0.558334
14 20 113 0.98838 0.0625313 0.138546 0.00711256 -0.0379501 0.984114 -0.173435 0.996816 -0.147191 0.166162 0.975051 -0.0794144
14 21 132 0.972073 0.0472971 0.229863 0.158131 -0.0328552 0.997262 -0.0662565 0.913589 -0.232367 0.056854 0.970965 0.374634
14 22 257 0.987252 0.00566951 0.159067 0.460097 -0.00150547 0.999653 -0.0262862 -0.21084 -0.159161 0.0257116 0.986918 -0.862472
14 23 156 -0.849086 -0.240608 0.470276 0.477786 0.0445625 -0.919698 -0.390089 -0.127115 0.526371 -0.310262 0.791625 0.869231
14 24 112 0.925046 -0.11446 0.3622 -0.389136 -0.0135881 -0.962882 -0.26958 0.0305766 0.379612 0.244453 -0.892266 0.920673
