0 1 923 0.714542 -0.103289 -0.691925 0.365216 0.0986779 0.994033 -0.046484 0.151259 0.692598 -0.0350629 0.720471 0.918552
0 2 863 0.847945 -0.0939436 -0.521693 0.521021 0.110526 0.993873 0.000674046 0.167963 0.518434 -0.058232 0.853133 0.836854
0 3 1361 0.9697 -0.0475204 -0.239632 0.64894 0.0501387 0.998731 0.00483814 0.146998 0.239098 -0.0167064 0.970852 0.746504
0 4 1915 0.986364 -0.0298509 -0.161846 0.655707 0.0252632 0.999221 -0.030331 0.133806 0.162625 0.0258286 0.98635 0.743064
0 5 1643 0.999225 0.00254868 -0.0392677 0.498353 -0.00326782 0.999828 -0.0182605 0.151879 0.0392144 0.0183746 0.999062 0.853567
0 6 1855 0.998742 0.00938413 0.049252 0.415704 -0.0105542 0.999667 0.0235508 0.20049 -0.0490146 -0.024041 0.998509 0.887127
0 7 924 0.910262 0.078134 0.406593 0.506255 -0.0952866 0.995205 0.0220771 0.183929 -0.402919 -0.0588389 0.913342 0.842541
0 8 1244 0.852871 0.0974708 0.512943 0.133825 -0.109931 0.993921 -0.00608512 0.227576 -0.510418 -0.0511985 0.858401 0.964521
0 9 1217 0.79943 0.11054 0.590502 -0.371348 -0.122587 0.99226 -0.0197881 0.180708 -0.588119 -0.0565686 0.806793 0.910739
0 10 1172 0.713301 0.126606 0.689328 -0.728686 -0.121882 0.99097 -0.0558861 0.118192 -0.690179 -0.0441532 0.72229 0.674572
0 11 1010 0.568404 0.158145 0.807407 -0.814793 -0.170893 0.982644 -0.072162 0.11034 -0.804806 -0.0969628 0.585565 0.569155
0 12 1014 0.43541 0.152715 0.887184 -0.781432 -0.187248 0.979316 -0.0766765 0.111341 -0.880543 -0.132738 0.455 0.613977
0 13 944 0.0929797 0.169517 0.981131 -0.621274 -0.206887 0.967182 -0.147501 0.142115 -0.973937 -0.189269 0.124999 0.770599
0 14 781 -0.0263853 0.252408 0.967261 -0.617377 -0.275605 0.92826 -0.249749 0.26681 -0.960909 -0.273172 0.0450725 0.740039
0 15 560 0.448014 -0.438988 -0.778828 0.369105 -0.549619 -0.82232 0.147339 -0.0147001 -0.705126 0.362049 -0.609687 0.929271
0 16 488 0.497819 0.609625 0.616874 -0.462387 0.866616 -0.37751 -0.326287 0.0160052 0.0339637 0.697025 -0.716242 0.886534
0 17 156 0.744749 0.645512 -0.169304 -0.406797 -0.604631 0.760056 0.238195 0.0645138 0.282438 -0.0750293 0.956347 0.911238
0 18 379 -0.973573 0.18129 0.138887 -0.461638 -0.213767 -0.937424 -0.274845 0.00372098 0.0803697 -0.297271 0.951404 0.88706
0 19 158 0.727564 0.677858 0.105635 0.328445 -0.659623 0.733523 -0.163834 0.00130284 -0.188542 0.04952 0.980816 -0.944522
0 20 295 -0.827665 -0.471484 0.304422 -0.0915143 -0.513867 0.854731 -0.0733114 0.0295528 -0.225634 -0.21711 -0.949712 0.995365
0 21 135 0.809153 0.0592549 0.584603 -0.470949 -0.126586 0.98912 0.0749525 0.0319247 -0.573801 -0.134651 0.80785 -0.881583
0 22 116 0.227886 0.898238 0.375814 -0.388682 -0.94713 0.294025 -0.128431 0.119807 -0.22586 -0.326677 0.917752 -0.91355
0 23 94 0.975628 0.00808848 -0.219282 0.475736 0.0104028 0.996492 0.083041 0.149096 0.219185 -0.0832982 0.972121 -0.86686
0 24 227 0.805854 -0.22682 -0.546948 0.210361 0.288967 0.956902 0.0289252 -0.00570224 0.516815 -0.18136 0.836667 0.977607
0 25 163 0.990912 -0.0498389 -0.124938 -0.231646 0.066572 0.988803 0.133556 -0.0391113 0.116882 -0.14066 0.983134 -0.972014
0 26 324 -0.844499 -0.303581 -0.441203 0.394302 -0.392494 0.91133 0.124204 0.0506798 0.364375 0.278059 -0.888771 0.917583
0 27 396 0.300429 -0.208048 -0.930837 0.134672 0.288654 0.949989 -0.119165 0.180245 0.909077 -0.232889 0.345458 0.974359
0 28 328 0.635182 -0.155006 -0.756648 -0.244295 0.161756 0.984627 -0.0659205 0.143556 0.755234 -0.0805205 0.650491 0.959016
0 29 1261 0.882154 -0.082175 -0.463736 0.628976 0.0837485 0.996338 -0.0172404 0.154922 0.463454 -0.0236284 0.885806 0.761833
1 2 2341 0.964967 0.0227316 0.261386 -0.987716 -0.0321324 0.998979 0.0317475 -0.0480667 -0.260398 -0.0390343 0.964712 -0.148681
1 3 1679 0.873874 0.0644727 0.481858 -0.955664 -0.0738662 0.997268 0.000525498 -0.0596024 -0.480508 -0.0360523 0.876249 -0.288363
1 4 1269 0.793662 0.081004 0.602942 -0.999347 -0.0698913 0.996674 -0.0419021 -3.68259e-05 -0.604331 -0.00888428 0.796684 -0.036124
1 5 1211 0.718419 0.111337 0.686642 -0.961985 -0.100981 0.993344 -0.0554135 0.0618715 -0.688242 -0.029528 0.72488 0.266001
1 6 1027 0.640626 0.120226 0.758382 -0.980044 -0.133502 0.990063 -0.044182 0.0680229 -0.756158 -0.0729413 0.650311 0.186782
1 7 492 0.846001 0.432551 0.311741 0.257194 0.196476 0.290624 -0.936448 0.891032 -0.495661 0.853485 0.160882 0.37405
1 8 248 0.72085 0.161215 0.67408 -0.345613 -0.0687344 0.984406 -0.16193 0.485128 -0.689674 0.070395 0.72069 -0.803245
1 9 165 0.708864 0.146183 0.690031 -0.417537 -0.0786512 0.988569 -0.12863 0.25645 -0.700947 0.0369094 0.712258 -0.87172
1 10 271 0.729539 0.282978 0.622652 -0.135682 0.0355066 0.893494 -0.447669 0.888349 -0.683017 0.348701 0.641791 -0.438663
1 11 112 0.996312 0.0831228 0.0212722 -0.257875 -0.0830927 0.996539 -0.00229732 0.0738933 -0.0213896 0.00052128 0.999771 -0.963348
1 12 151 0.997427 -0.0670108 -0.0254625 -0.308263 0.0688982 0.994216 0.0823857 -0.0796207 0.0197945 -0.0839281 0.996275 -0.947963
1 13 187 0.995411 -0.0119034 0.0949533 -0.993146 0.00841169 0.999277 0.0370889 0.00384364 -0.0953261 -0.0361199 0.994791 -0.116814
1 14 380 -0.18482 -0.759349 -0.623883 0.317777 -0.968147 0.0315671 0.248385 0.0422894 -0.168916 0.649917 -0.740996 0.947222
1 15 268 0.940037 0.156578 0.303007 -0.824954 -0.162461 0.986698 -0.00586235 0.136243 -0.299895 -0.043716 0.95297 0.548534
1 16 302 0.845929 0.216851 0.487217 -0.413204 -0.203039 0.975751 -0.0817625 0.0260342 -0.493133 -0.0297588 0.869445 0.910266
1 17 179 0.978584 -0.0319011 -0.20336 0.350452 0.0437203 0.997589 0.0538941 -0.0330499 0.20115 -0.0616308 0.97762 -0.935998
1 18 395 0.93036 -0.363335 0.0491738 0.0285966 0.219652 0.659714 0.718701 -0.96594 -0.29357 -0.657849 0.693578 0.25718
1 19 213 0.94571 -0.192562 0.261824 -0.964065 0.178597 0.980955 0.0763636 -0.182235 -0.271543 -0.0254569 0.96209 -0.19331
1 20 365 0.0310341 -0.137874 -0.989963 0.847907 0.0738618 0.988049 -0.135292 0.11564 0.996785 -0.0689218 0.0408468 0.51738
1 21 342 -0.361531 -0.386255 0.848589 -0.524299 0.156801 0.871999 0.463714 -0.28618 -0.919081 0.300706 -0.25469 0.802005
1 22 286 -0.48916 -0.353841 0.797194 -0.612283 0.156154 0.863713 0.479182 -0.309647 -0.858102 0.358882 -0.367241 0.727481
1 23 201 -0.307686 -0.836492 -0.453443 0.478602 -0.910563 0.120602 0.395386 -0.141275 -0.276051 0.534543 -0.798786 0.866592
1 24 215 0.995078 -0.0745577 -0.0652728 0.262933 0.0755321 0.997064 0.0125859 -0.11061 0.0641427 -0.0174541 0.997788 -0.958453
1 25 518 0.752198 -0.132307 -0.645518 0.980527 0.175715 0.984437 0.00298145 -0.0117295 0.635077 -0.11567 0.763739 -0.196034
1 26 663 0.636884 -0.157764 -0.754645 0.955166 0.219511 0.975432 -0.0186652 0.0789084 0.73905 -0.153765 0.655867 0.285362
1 27 804 0.7474 -0.142317 -0.648952 0.978322 0.177629 0.984034 -0.011225 0.050979 0.640188 -0.106883 0.760746 0.200715
1 28 1321 0.836233 -0.118955 -0.535318 0.999996 0.126705 0.991687 -0.0224361 -0.00203534 0.533536 -0.0490658 0.844353 -0.00197693
1 29 765 0.949656 0.0346728 0.311368 -0.829713 -0.041077 0.999057 0.0140314 0.0272147 -0.310589 -0.0261151 0.950186 0.557526
2 3 2704 0.968605 0.0500278 0.243518 -0.778894 -0.0472664 0.998735 -0.0171734 -0.138589 -0.244069 0.005124 0.969744 -0.611651
2 4 1740 0.925993 0.07331 0.370355 -0.98196 -0.0553308 0.996726 -0.0589544 -0.0216406 -0.373464 0.0340993 0.927018 -0.187848
2 5 1560 0.877906 0.107439 0.466625 -0.968921 -0.0882545 0.994113 -0.0628501 0.0544456 -0.47063 0.0139948 0.88222 0.241305
2 6 1219 0.831765 0.113276 0.543448 -0.995512 -0.115111 0.992876 -0.0307733 0.0201339 -0.543062 -0.0369608 0.838879 0.0924701
2 7 676 0.572339 0.170749 0.802043 -0.949343 -0.18096 0.980267 -0.0795589 0.0757407 -0.799801 -0.0996029 0.591944 0.304977
2 8 554 0.4711 0.184653 0.862536 -0.945325 -0.189666 0.976176 -0.105389 0.0682771 -0.861447 -0.113945 0.494899 0.318904
2 9 488 0.373854 0.191394 0.907525 -0.938686 -0.183257 0.97443 -0.130011 0.0719729 -0.909203 -0.117705 0.399369 0.337176
2 10 394 0.236962 0.194389 0.951873 -0.912411 -0.176029 0.972152 -0.154709 0.0601378 -0.955439 -0.130897 0.264581 0.404833
2 11 343 0.277331 0.213588 0.936732 -0.915138 -0.283478 0.949763 -0.132632 0.0245925 -0.918002 -0.22876 0.323946 0.40239
2 12 380 -0.121437 0.208687 0.970414 -0.77604 -0.149419 0.962665 -0.225719 0.140009 -0.981288 -0.172409 -0.0857216 0.614947
2 13 464 -0.460428 0.219411 0.860154 -0.552315 -0.105677 0.948534 -0.298522 0.186965 -0.881384 -0.228347 -0.413545 0.812399
2 14 446 0.626437 0.284871 0.725552 -0.910553 -0.306102 0.945953 -0.10712 0.168283 -0.716853 -0.154989 0.679779 0.37759
2 15 432 -0.105583 0.29646 0.949191 -0.713148 -0.213602 0.925484 -0.312816 0.231785 -0.971198 -0.235777 -0.0343913 0.661586
2 16 395 -0.843873 0.354405 -0.402835 0.215048 0.19898 0.903975 0.378465 -0.196784 0.498283 0.23922 -0.83336 0.956572
2 17 379 0.160655 0.0165519 0.986872 -0.798106 0.157926 0.986546 -0.0422554 0.069894 -0.974294 0.162641 0.155879 0.598449
2 18 243 -0.909117 -0.416146 -0.0181202 -0.213226 -0.412348 0.892959 0.180536 -0.12704 -0.0589488 0.1716 -0.983401 0.968708
2 19 273 -0.887861 -0.182958 -0.422171 0.295345 -0.10134 0.97277 -0.208445 0.122994 0.448812 -0.142288 -0.882225 0.947441
2 20 239 -0.98244 -0.162407 0.0918448 -0.200261 -0.114119 0.912496 0.392846 -0.254845 -0.147609 0.375466 -0.915006 0.946018
2 21 263 -0.663712 -0.01035 -0.747917 0.525603 -0.172003 0.97522 0.139143 -0.0583599 0.727944 0.220995 -0.649045 0.848726
2 22 266 0.713729 -0.169944 -0.679493 0.975546 0.0996991 0.98489 -0.141602 0.210805 0.69329 0.033321 0.719888 -0.0622137
2 23 149 0.994502 -0.0996496 -0.0321863 -0.577029 0.0949078 0.987592 -0.12512 0.127515 0.0442551 0.121377 0.991619 -0.806708
2 24 174 0.979236 0.0148838 -0.202178 0.367247 -0.0329341 0.995732 -0.0862105 0.132269 0.200032 0.091079 0.975547 -0.920671
2 25 263 0.994132 0.105742 0.0228136 -0.858329 -0.104986 0.993955 -0.0321111 0.295556 -0.0260712 0.0295275 0.999224 -0.419426
2 26 522 0.431171 -0.200499 -0.879711 0.910222 0.22967 0.96727 -0.107887 0.110223 0.87255 -0.155526 0.463108 0.399182
2 27 556 0.5248 -0.203661 -0.826503 0.898456 0.181897 0.97536 -0.124843 0.165534 0.831564 -0.084821 0.548914 0.406663
2 28 736 0.671085 -0.16291 -0.72326 0.961021 0.139227 0.985895 -0.0928843 0.0556324 0.72819 -0.038364 0.6843 0.270821
2 29 2455 0.998672 0.0132775 0.0497854 0.97279 -0.0125344 0.999806 -0.0152099 0.0496546 -0.0499777 0.0145657 0.998644 0.226306
3 4 3638 0.990079 0.023758 0.138488 -0.994183 -0.0186784 0.999108 -0.0378638 0.0417769 -0.139264 0.0349014 0.98964 0.0992708
3 5 2561 0.962149 0.0578226 0.26632 -0.874793 -0.0504971 0.998136 -0.0342787 0.0916679 -0.267805 0.0195329 0.963275 0.475746
3 6 2242 0.939583 0.0639882 0.336287 -0.971153 -0.0690029 0.997612 0.00296943 0.0521413 -0.335294 -0.0259948 0.941755 0.232687
3 7 1161 0.757833 0.130852 0.639192 -0.92498 -0.153049 0.988 -0.0208025 0.0757033 -0.634244 -0.0820628 0.768765 0.372399
3 8 919 0.664877 0.14536 0.732672 -0.926431 -0.157459 0.986115 -0.052754 0.0788432 -0.730168 -0.0802908 0.678534 0.368115
3 9 835 0.585525 0.154131 0.795867 -0.934386 -0.181622 0.981744 -0.0565082 0.0411529 -0.790047 -0.11146 0.602829 0.353877
3 10 727 0.471246 0.165832 0.866272 -0.908095 -0.153176 0.982628 -0.104779 0.0654477 -0.868599 -0.0833151 0.488462 0.413619
3 11 634 0.286553 0.193594 0.938301 -0.858556 -0.182579 0.972458 -0.144883 0.109977 -0.940506 -0.129798 0.314007 0.500786
3 12 594 0.171716 0.241683 0.955041 -0.769152 -0.0649003 0.97011 -0.233827 0.210394 -0.983006 -0.0218307 0.182268 0.60344
3 13 598 -0.11556 0.208711 0.971126 -0.595918 -0.169952 0.959105 -0.226351 0.171219 -0.978653 -0.191202 -0.0753629 0.78458
3 14 669 -0.539787 0.113423 0.834125 -0.44502 -0.196578 0.946501 -0.255915 0.178161 -0.818528 -0.30211 -0.488613 0.877619
3 15 497 -0.995487 0.0652133 -0.068944 0.120409 0.0715332 0.99304 -0.0935685 0.0478996 0.0623622 -0.098078 -0.993223 0.991568
3 16 294 0.993736 0.0807131 0.077299 0.767147 -0.0808215 0.996727 -0.00173086 -0.0970508 -0.0771857 -0.0045274 0.997006 -0.634088
3 17 413 0.396756 -0.599412 0.695191 -0.407505 -0.485237 -0.77984 -0.395467 0.0742883 0.779186 -0.180428 -0.600263 0.910176
3 18 238 0.997655 -0.0683701 -0.00318573 -0.917108 0.0683896 0.997638 0.00649878 0.349694 0.00273388 -0.00670141 0.999974 -0.191383
3 19 138 0.990489 0.0207106 0.136027 -0.121788 -0.0246719 0.999317 0.0274999 0.00289141 -0.135365 -0.0305944 0.990323 -0.992552
3 20 329 -0.733649 0.0879848 -0.673808 0.348896 -0.0585101 0.97972 0.191637 -0.187243 0.677005 0.180019 -0.713623 0.918266
3 21 271 -0.905299 -0.0365311 -0.423202 0.436095 -0.192558 0.923341 0.332209 -0.183794 0.378624 0.382239 -0.842934 0.880932
3 22 109 0.731113 -0.663837 0.157463 0.384017 0.677635 0.679739 -0.280652 0.0545701 0.0792732 0.311891 0.946805 0.921712
3 23 269 0.536406 -0.017826 -0.843772 0.982818 -0.0239655 0.999052 -0.036342 -0.0309042 0.84362 0.0397154 0.53547 0.18197
3 24 325 0.687187 0.0370238 -0.725537 0.991729 -0.0409026 0.999088 0.0122424 -0.0987354 0.725329 0.0212635 0.688074 0.0820095
3 25 153 0.981625 0.0527847 -0.183377 0.341409 -0.0502096 0.998564 0.0186604 0.098199 0.184099 -0.0091102 0.982866 -0.934771
3 26 140 -0.930077 0.214055 0.298559 -0.240554 -0.150212 -0.963252 0.22267 0.0916997 0.335252 0.162253 0.928052 0.966294
3 27 557 0.313331 -0.199216 -0.928513 0.816196 0.206601 0.96863 -0.138104 0.146928 0.926898 -0.148559 0.34466 0.55878
3 28 805 0.49409 -0.176793 -0.851246 0.861363 0.163416 0.98054 -0.108794 0.0810583 0.853915 -0.0853529 0.513366 0.501481
3 29 2404 0.980083 -0.0344511 -0.195576 0.851319 0.0340426 0.999406 -0.00545112 0.10591 0.195648 -0.00131536 0.980673 0.513847
4 5 3866 0.991865 0.0298037 0.123755 -0.737954 -0.031071 0.999483 0.00832235 0.104949 -0.123443 -0.0120998 0.992278 0.66664
4 6 3240 0.978671 0.0329886 0.202766 -0.979776 -0.0433847 0.99795 0.0470413 0.0300377 -0.200799 -0.054835 0.978097 0.197829
4 7 1668 0.843063 0.0876948 0.530617 -0.957253 -0.115672 0.993093 0.0196562 0.0922492 -0.525228 -0.0779491 0.847384 0.274148
4 8 1253 0.757819 0.10342 0.644216 -0.963623 -0.138334 0.990379 0.00373762 0.0459607 -0.637631 -0.0919495 0.764834 0.263284
4 9 1059 0.691569 0.113139 0.713395 -0.965687 -0.146104 0.989152 -0.0152386 0.0401768 -0.70738 -0.0936912 0.700597 0.256582
4 10 957 0.59216 0.124295 0.796176 -0.947036 -0.14163 0.988706 -0.0490134 0.0433095 -0.793276 -0.0837385 0.603076 0.318195
4 11 822 0.446948 0.151489 0.881639 -0.906253 -0.181187 0.98046 -0.0766161 0.0862488 -0.876019 -0.125498 0.465663 0.413843
4 12 791 0.28137 0.145996 0.948428 -0.842817 -0.185308 0.978022 -0.0955767 0.107355 -0.941537 -0.148859 0.30224 0.527385
4 13 808 -0.0675316 0.154004 0.98576 -0.655042 -0.192297 0.967481 -0.164322 0.14629 -0.97901 -0.200655 -0.0357211 0.741295
4 14 781 0.44101 0.306582 0.843515 -0.817798 -0.377531 0.916022 -0.135553 0.240676 -0.814236 -0.258672 0.519719 0.522763
4 15 243 0.981729 -0.0881661 0.168624 -0.369794 0.0590434 0.983583 0.170522 0.0150714 -0.18089 -0.15745 0.970818 -0.928991
4 16 529 0.539996 0.0831996 0.837545 -0.960415 -0.0765093 0.995835 -0.0495953 0.085278 -0.838183 -0.0372987 0.544113 0.265199
4 17 167 0.992542 -0.0450576 0.113269 -0.207355 0.0298845 0.990766 0.13225 0.0125473 -0.118182 -0.127879 0.984723 -0.978185
4 18 106 0.263476 0.964657 -0.00412261 -0.155664 -0.909426 0.246961 -0.334596 0.00611152 -0.321752 0.0919073 0.942353 0.987791
4 19 158 0.994742 0.0207273 0.100295 -0.122362 -0.023921 0.999241 0.0307453 -0.00264078 -0.0995811 -0.0329827 0.994483 -0.992482
4 20 255 0.848924 -0.439022 -0.294256 0.347568 -0.397513 -0.8973 0.191928 -0.187528 -0.348297 -0.0459615 -0.936257 0.918711
4 21 194 0.839099 -0.285863 -0.462811 0.464246 -0.260208 -0.958067 0.119998 -0.0739759 -0.477707 0.0197371 -0.878297 0.882611
4 22 343 -0.437866 0.0894896 -0.894575 0.619014 -0.0154998 0.994134 0.107036 -0.0708525 0.898907 0.060733 -0.43391 0.782177
4 23 190 -0.375099 -0.848186 0.374007 -0.475736 0.925782 -0.322225 0.197733 -0.149096 -0.0471996 0.420419 0.906102 0.86686
4 24 116 0.871705 -0.0899773 -0.4817 0.0636122 0.0835441 0.995895 -0.0348394 -0.246204 0.482858 -0.00987362 0.875643 0.967128
4 25 245 0.975526 0.00846615 -0.219721 0.895844 0.00133731 0.999012 0.0444307 -0.139762 0.21988 -0.0436371 0.97455 -0.421817
4 26 458 0.181883 -0.15048 -0.971738 0.809916 0.259503 0.960533 -0.100173 0.0939091 0.94846 -0.233949 0.213754 0.57898
4 27 558 0.220014 -0.18708 -0.95739 0.741889 0.203984 0.968564 -0.142387 0.19565 0.953931 -0.163965 0.251259 0.641343
4 28 757 0.279318 -0.146362 -0.948978 0.748669 0.173782 0.979699 -0.0999496 0.0853507 0.944342 -0.136998 0.299082 0.657427
4 29 1933 0.944302 -0.045907 -0.325863 0.905161 0.0568989 0.998085 0.0242759 0.0730767 0.324124 -0.041465 0.945105 0.41874
5 6 3581 0.996993 0.00450101 0.0773658 -0.847085 -0.00761382 0.999171 0.0399872 -0.107913 -0.0771217 -0.040456 0.996201 -0.520386
5 7 2256 0.904325 0.0690241 0.421227 -0.973817 -0.090861 0.99535 0.0319653 -0.0478786 -0.417062 -0.0671801 0.906392 -0.222234
5 8 1659 0.833689 0.0846525 0.545708 -0.997262 -0.108456 0.994035 0.011492 -0.0270305 -0.54148 -0.0687661 0.837897 -0.0688313
5 9 1358 0.783414 0.0983181 0.613674 -0.999734 -0.115387 0.99325 -0.0118279 -0.0038726 -0.610695 -0.0615439 0.789471 -0.0227268
5 10 1264 0.691526 0.113809 0.713329 -0.994381 -0.114389 0.992303 -0.0474258 0.0172462 -0.713237 -0.048801 0.699222 0.104442
5 11 1127 0.575724 0.149733 0.803817 -0.966017 -0.157967 0.984937 -0.0703296 0.0662457 -0.80224 -0.086486 0.590704 0.249845
5 12 1088 0.425448 0.144884 0.89331 -0.918898 -0.170112 0.982309 -0.078301 0.0805951 -0.888851 -0.118649 0.442568 0.386175
5 13 1090 0.197216 0.190593 0.961655 -0.802536 -0.194496 0.969029 -0.152167 0.146683 -0.960873 -0.157028 0.228178 0.578291
5 14 860 0.0422596 0.221586 0.974225 -0.813401 -0.251192 0.946131 -0.2043 0.206774 -0.967014 -0.236084 0.0956436 0.543712
5 15 515 -0.793626 -0.01671 -0.608176 0.369794 -0.150543 0.973931 0.169689 -0.0150714 0.589487 0.226226 -0.775453 0.928991
5 16 265 0.999987 0.00494535 -0.00139244 0.45783 -0.00485871 0.998388 0.0565491 -0.0230486 0.00166985 -0.0565416 0.998399 -0.888741
5 17 304 -0.851855 0.415503 0.318904 -0.406775 0.381242 0.909367 -0.16645 0.0644909 -0.359161 -0.0202117 -0.933057 0.911249
5 18 361 -0.995182 0.0924548 -0.0326313 -0.466692 -0.0978039 -0.95944 0.264402 -0.0134108 -0.00686259 0.26632 0.96386 0.884318
5 19 227 0.998016 -0.0214884 0.0591849 0.196784 0.0210002 0.99974 0.00885893 -0.00970225 -0.0593599 -0.00759846 0.998208 -0.980399
5 20 310 0.922008 0.0245112 0.386395 -0.992118 -0.0324475 0.999375 0.0140294 -0.0259633 -0.38581 -0.0254727 0.922227 -0.122591
5 21 164 0.840044 0.204447 0.502522 -0.444134 -0.163314 0.978606 -0.125133 0.190025 -0.517354 0.0230482 0.855461 -0.875577
5 22 132 0.865146 -0.0155921 0.501277 0.475075 -0.0280371 0.99645 0.0793832 -0.123974 -0.500735 -0.0827324 0.861638 0.871168
5 23 185 0.788425 0.217112 -0.575541 0.450349 0.0817793 -0.964332 -0.251747 0.135392 -0.60967 0.151416 -0.778059 0.882528
5 24 100 0.833039 -0.16162 -0.52908 0.0450614 0.141835 0.986803 -0.0781218 -0.302598 0.534724 -0.00996381 0.844968 0.952052
5 25 220 0.955864 -0.0795242 -0.282844 -0.209363 0.0905492 0.99555 0.0261005 -0.0412711 0.279509 -0.0505597 0.958811 -0.976967
5 26 564 -0.362891 -0.163478 -0.91738 0.583503 0.172822 0.955603 -0.238653 0.201676 0.915665 -0.245148 -0.318527 0.786671
5 27 647 -0.034513 -0.171843 -0.98452 0.704298 0.224457 0.958607 -0.175189 0.150807 0.973873 -0.227028 0.00548691 0.693701
5 28 727 0.305336 -0.177191 -0.935614 0.814476 0.201541 0.972302 -0.118366 0.0852251 0.930672 -0.152423 0.33259 0.573903
5 29 1993 0.889968 -0.0792556 -0.449083 0.97576 0.0899505 0.995943 0.00249173 0.044234 0.447063 -0.0426127 0.893487 0.214326
6 7 2379 0.933746 0.0783719 0.349251 -0.96538 -0.0829637 0.996551 -0.00181679 -0.0549289 -0.348189 -0.0272788 0.937027 -0.254997
6 8 1628 0.878077 0.100351 0.467879 -0.995953 -0.101474 0.994575 -0.0228787 -0.0260993 -0.467637 -0.0273884 0.883496 -0.0859993
6 9 1426 0.823315 0.117032 0.555388 -0.99912 -0.114008 0.992667 -0.0401687 -0.0180622 -0.556017 -0.030247 0.830621 -0.0378473
6 10 1289 0.737228 0.135155 0.661988 -0.995202 -0.110008 0.990725 -0.079761 0.0174549 -0.666628 -0.0140219 0.745258 0.0962688
6 11 1098 0.622046 0.177897 0.762504 -0.968074 -0.156314 0.982458 -0.101695 0.0689284 -0.767219 -0.0559311 0.638942 0.241002
6 12 987 0.488281 0.178817 0.85417 -0.923154 -0.168002 0.979735 -0.109066 0.0841858 -0.856363 -0.0902474 0.508427 0.375099
6 13 834 0.183075 0.205215 0.961442 -0.789218 -0.192581 0.966509 -0.169626 0.125714 -0.964052 -0.154102 0.216465 0.601108
6 14 818 0.101374 0.223618 0.969391 -0.800878 -0.278233 0.9419 -0.18818 0.154826 -0.955149 -0.25064 0.157702 0.578467
6 15 594 -0.757333 0.21563 0.616401 -0.304806 0.0491132 0.960045 -0.275502 0.162035 -0.65118 -0.178373 -0.737664 0.93853
6 16 391 0.99894 -0.00127963 0.04602 -0.170819 0.00378047 0.998518 -0.0542964 0.279972 -0.0458823 0.0544128 0.997464 -0.944689
6 17 471 0.843624 0.0942711 0.528593 -0.982508 -0.131034 0.990848 0.032416 -0.00865826 -0.5207 -0.0966104 0.848256 0.186019
6 18 317 -0.76209 0.639372 0.102092 -0.20632 0.637411 0.713173 0.291705 -0.147365 0.113698 0.28738 -0.951044 0.967324
6 19 270 -0.991783 -0.121343 -0.0405372 0.0283121 -0.118167 0.990291 -0.0732199 0.0491112 0.0490283 -0.067828 -0.996492 0.998392
6 20 150 0.941598 0.038979 0.334476 -0.215473 -0.0308061 0.999084 -0.029707 0.00310842 -0.335328 0.0176682 0.941936 -0.976505
6 21 270 -0.942086 0.164109 -0.292476 0.462329 0.100834 0.970349 0.21967 -0.0745767 0.319853 0.177456 -0.9307 0.883567
6 22 129 -0.23848 0.923723 0.299772 0.47472 -0.932783 -0.303777 0.193999 -0.10428 0.270266 -0.233358 0.934078 0.873938
6 23 91 0.919508 0.313192 0.23752 -0.451287 -0.285627 0.947515 -0.143643 0.270228 -0.270042 0.0642384 0.960703 -0.850481
6 24 116 0.798171 0.422667 -0.429274 0.216909 -0.483226 0.874703 -0.0372466 0.249927 0.359744 0.237166 0.902406 -0.943656
6 25 252 0.944976 -0.114528 -0.306438 0.501171 0.119779 0.992799 -0.00168152 0.188428 0.304424 -0.0351158 0.951889 0.844585
6 26 510 0.303959 -0.232352 -0.923916 0.765762 0.284816 0.947612 -0.14461 0.119995 0.909114 -0.219191 0.354213 0.631831
6 27 616 0.0522674 -0.22129 -0.973806 0.646622 0.239049 0.949561 -0.20295 0.157641 0.9696 -0.22218 0.10253 0.746344
6 28 370 0.657491 -0.176317 -0.732542 -0.201769 0.149358 0.98344 -0.10265 0.155792 0.738511 -0.0419197 0.672937 0.966963
6 29 1509 0.850796 -0.103689 -0.515165 0.922152 0.093782 0.994562 -0.0452977 0.0761063 0.51706 -0.00977412 0.855893 0.379268
7 8 3391 0.99108 0.0261336 0.130682 -0.998986 -0.0244188 0.999594 -0.0147075 -0.0142789 -0.131014 0.0113852 0.991315 -0.0427001
7 9 2361 0.972286 0.0462122 0.229183 -0.999208 -0.0404083 0.998734 -0.0299555 -0.0033631 -0.230277 0.0198644 0.972922 -0.0396424
7 10 1853 0.932467 0.0722199 0.353963 -0.995927 -0.0533104 0.996595 -0.0628987 0.0177291 -0.3573 0.0397811 0.933142 0.0883984
7 11 1583 0.855607 0.122436 0.502938 -0.966832 -0.102501 0.992458 -0.0672298 0.0679984 -0.507376 0.00597089 0.861704 0.246197
7 12 1507 0.761148 0.13442 0.634496 -0.922436 -0.119935 0.990587 -0.0659844 0.077749 -0.637393 -0.0258741 0.770104 0.378242
7 13 1400 0.464124 0.192072 0.864695 -0.767753 -0.161253 0.978216 -0.130735 0.128847 -0.870968 -0.0787572 0.484986 0.627657
7 14 1136 0.30507 0.245821 0.920056 -0.726483 -0.222688 0.957741 -0.182051 0.211216 -0.925928 -0.149347 0.34692 0.653919
7 15 646 0.949488 0.0320269 -0.312166 0.369794 -0.033978 0.999422 -0.000811628 -0.0150714 0.31196 0.0113774 0.950027 0.928991
7 16 980 0.96299 0.0482183 0.26519 -0.999853 -0.0453924 0.998828 -0.0167779 0.00293692 -0.265688 0.00411935 0.96405 0.0169038
7 17 514 0.78267 -0.296326 0.547375 -0.406797 -0.308091 -0.948554 -0.0729803 0.0645138 0.54084 -0.111522 -0.833699 0.911238
7 18 435 -0.793178 0.487338 -0.365199 -0.123196 -0.607541 -0.674558 0.419362 -0.0595262 -0.0419775 0.554503 0.831123 0.990596
7 19 149 -0.268374 -0.962651 -0.0357592 -0.0283121 0.953622 -0.270743 0.131542 -0.0491112 -0.136311 0.00120165 0.990665 -0.998392
7 20 266 0.998255 -0.00793907 0.0585127 0.379571 0.00766473 0.999959 0.00491152 -0.0814461 -0.0585492 -0.00445446 0.998275 0.921571
7 21 585 0.0869725 0.168644 0.981832 -0.424651 -0.0415161 0.985324 -0.165566 0.0310845 -0.995345 -0.0263622 0.0926976 0.904823
7 22 353 -0.864766 0.106597 0.490731 -0.0394995 0.00461536 0.978857 -0.204496 0.0293223 -0.502154 -0.174576 -0.846974 0.998789
7 23 144 0.946408 0.0303761 0.321542 -0.221329 -0.0112186 0.998058 -0.0612665 0.298305 -0.322779 0.0543758 0.944911 -0.928454
7 24 378 0.44717 -0.174279 -0.877306 0.97803 0.174801 0.978949 -0.105373 -0.00705392 0.877202 -0.106234 0.468221 0.208346
7 25 209 0.92938 -0.24606 -0.27515 -0.207521 0.276125 0.958124 0.0758476 -0.0434533 0.244965 -0.146467 0.958405 -0.977265
7 26 284 0.987325 -0.140734 0.0733749 -0.92003 0.147548 0.984225 -0.0976272 0.137022 -0.0584779 0.107216 0.992515 0.36711
7 27 123 -0.938111 -0.197674 0.284381 0.352591 0.225819 -0.971687 0.0695055 0.0101985 0.262589 0.129422 0.956189 0.935722
7 28 447 0.461769 0.50762 -0.727387 0.444722 0.488072 -0.830156 -0.269494 -0.0673243 -0.740645 -0.230573 -0.631095 0.893135
7 29 1231 0.584646 -0.195318 -0.787426 0.841548 0.154605 0.979623 -0.128202 0.13267 0.796421 -0.0467869 0.60293 0.523636
8 9 3803 0.995543 0.0192475 0.0923252 -0.984087 -0.0185137 0.99979 -0.00879726 -0.0521754 -0.0924751 0.00704877 0.99569 -0.169856
8 10 2390 0.972953 0.0436151 0.226849 -0.999094 -0.0348064 0.998482 -0.0426889 0.0101524 -0.228367 0.0336385 0.972994 0.0413208
8 11 1970 0.918117 0.0948256 0.384798 -0.973253 -0.0842633 0.99546 -0.044261 0.0718337 -0.387248 0.00821248 0.921939 0.218218
8 12 1754 0.847548 0.106155 0.519995 -0.935969 -0.102531 0.994085 -0.0358228 0.0725763 -0.520721 -0.0229538 0.853418 0.34452
8 13 1636 0.601865 0.168137 0.780697 -0.808678 -0.153171 0.98374 -0.0937818 0.126521 -0.783771 -0.063136 0.617833 0.574485
8 14 1297 0.489943 0.275147 0.827194 -0.759463 -0.221408 0.957045 -0.1872 0.300661 -0.843169 -0.09143 0.529817 0.576905
8 15 413 0.838648 0.268943 0.473644 -0.369794 -0.268847 0.960675 -0.0694596 0.0150714 -0.473699 -0.0690853 0.877973 -0.928991
8 16 1455 0.637653 -0.0696948 -0.767164 0.544288 0.0656482 0.997192 -0.0360266 0.0829587 0.767521 -0.0273904 0.640438 0.834787
8 17 941 0.944926 -0.0310444 0.325808 -0.980873 0.00181649 0.995973 0.0896323 -0.0375087 -0.327278 -0.0841041 0.941178 0.191003
8 18 255 -0.827155 -0.0191267 -0.561649 0.444842 0.0894133 -0.991169 -0.0979275 0.00295857 -0.554815 -0.13122 0.82156 -0.895604
8 19 587 0.646019 0.143461 0.749719 -0.438089 0.145983 -0.987271 0.0631262 -0.0143084 0.749232 0.0686657 -0.658738 0.898818
8 20 372 0.991598 -0.00902417 0.129045 -0.158736 -0.00693003 -0.999837 -0.0166677 0.0334227 0.129175 0.0156334 -0.991499 0.986755
8 21 271 0.987852 -0.0617942 0.142585 -0.106623 0.0618007 0.998079 0.004387 -0.168409 -0.142582 0.00447815 0.989773 0.979934
8 22 448 -0.295166 -0.627386 0.7206 -0.0394995 -0.841689 0.527654 0.114633 0.0293223 -0.452146 -0.572685 -0.68381 0.998789
8 23 184 0.965846 0.0173122 0.258536 -0.997411 -0.00651312 0.999072 -0.0425682 -0.0160889 -0.259033 0.0394305 0.965063 0.0700859
8 24 233 0.610755 0.0941328 0.786204 -0.194734 -0.0108196 -0.991824 0.127157 0.027425 0.791745 -0.0861682 -0.604743 0.980473
8 25 193 -0.740284 0.582052 0.336443 -0.0566072 -0.521975 -0.813006 0.258 0.187916 0.4237 0.0153788 0.905672 0.980553
8 26 290 0.661965 -0.334288 -0.670861 0.184343 -0.567049 -0.808665 -0.156575 0.0690858 -0.490161 0.484058 -0.724866 0.980431
8 27 192 0.854994 -0.157718 0.494076 0.0417251 0.113198 0.986421 0.118995 0.175518 -0.506134 -0.0458116 0.861237 0.983592
8 28 331 0.892843 -0.0482404 -0.447778 0.370059 0.0578559 0.998294 0.00781233 -0.0516109 0.446637 -0.0328818 0.894111 0.927574
8 29 1280 0.602647 -0.29098 -0.743066 0.815965 0.214156 0.955966 -0.200664 0.287585 0.768735 -0.0382024 0.638425 0.501494
9 10 2853 0.990983 0.0244027 0.13175 -0.996231 -0.0207806 0.999369 -0.0287981 0.0153376 -0.13237 0.0258006 0.990865 0.0853704
9 11 2082 0.953304 0.0726961 0.293132 -0.969923 -0.0698158 0.997354 -0.0202913 0.0644758 -0.293831 -0.00112143 0.955857 0.234717
9 12 1791 0.89417 0.0848372 0.439617 -0.930645 -0.0861178 0.996139 -0.0170732 0.0761346 -0.439368 -0.0225925 0.898023 0.357916
9 13 1835 0.666611 0.149844 0.73019 -0.809658 -0.141832 0.987188 -0.0731009 0.130555 -0.731788 -0.0548344 0.679323 0.572197
9 14 1246 0.523117 0.212691 0.825295 -0.791012 -0.217299 0.96964 -0.112155 0.216471 -0.824093 -0.120666 0.553453 0.572224
9 15 268 -0.246854 0.924839 0.289373 -0.369794 -0.966738 -0.255657 -0.00760772 0.0150714 0.0669443 -0.281626 0.957186 -0.928991
9 16 1515 0.477548 -0.0716697 -0.875678 0.507206 0.0814346 0.995988 -0.0371064 0.0823931 0.874824 -0.0535904 0.481468 0.857877
9 17 687 0.192959 -0.830925 0.521853 -0.406797 -0.980129 -0.138301 0.142199 0.0645138 -0.0459834 -0.538922 -0.8411 0.911238
9 18 386 0.474688 -0.871192 -0.125285 0.461639 0.83211 0.397821 0.386435 -0.00371761 -0.286818 -0.287687 0.913768 -0.88706
9 19 338 -0.84826 0.277005 -0.451358 0.0283121 -0.3216 -0.946585 0.0234655 0.0491112 -0.420748 0.165061 0.892035 0.998392
9 20 325 -0.720534 0.359741 0.592805 -0.158736 -0.345952 -0.927399 0.142296 0.0334227 0.600956 -0.102553 0.792676 0.986755
9 21 198 0.985722 -0.043793 0.162586 -0.0488457 0.04002 0.99885 0.0264106 0.0580714 -0.163555 -0.0195268 0.986341 0.997117
9 22 137 0.628906 0.750162 -0.204287 0.0395013 -0.735536 0.659209 0.156302 -0.0295529 0.251919 0.051961 0.966352 -0.998782
9 23 239 0.580087 -0.805872 -0.11861 0.474438 0.81295 0.563642 0.146355 0.155882 -0.0510897 -0.181323 0.982096 -0.866377
9 24 127 -0.0982838 -0.995158 0.00122477 -0.19448 0.941563 -0.093389 -0.323632 0.0276782 0.322179 -0.0306546 0.946182 0.980516
9 25 346 0.762729 -0.442003 0.4721 -0.0566072 -0.290304 -0.886314 -0.360792 0.187916 0.5779 0.138134 -0.804332 0.980553
9 26 294 0.520314 0.750817 -0.406874 0.264333 0.738557 -0.634828 -0.226995 0.0668879 -0.428726 -0.182391 -0.884832 0.962109
9 27 330 0.941503 -0.336655 0.0153205 0.0417251 -0.313843 -0.892453 -0.324083 0.175518 0.122777 0.300317 -0.945905 0.983592
9 28 290 -0.522451 -0.048848 -0.851269 0.292887 -0.105666 0.994371 0.0077911 -0.0291556 0.846096 0.0940206 -0.524672 0.955702
9 29 1068 0.327353 -0.141884 -0.934189 0.707032 0.153661 0.983495 -0.0955275 0.0885372 0.932324 -0.112278 0.343753 0.701617
10 11 2834 0.984476 0.0447905 0.169711 -0.972379 -0.0479427 0.998745 0.0145196 0.0653678 -0.168847 -0.0224305 0.985387 0.224067
10 12 2172 0.945118 0.0557597 0.321937 -0.936006 -0.0646415 0.997764 0.0169561 0.0835203 -0.320272 -0.036836 0.946609 0.34193
10 13 1862 0.755494 0.109994 0.645857 -0.847174 -0.126218 0.991775 -0.0212628 0.108302 -0.642883 -0.0654549 0.763163 0.52016
10 14 1211 0.599804 0.162395 0.783494 -0.856833 -0.204672 0.97775 -0.0459719 0.17113 -0.773527 -0.132785 0.619696 0.486366
10 15 1090 0.418928 0.143707 0.896575 -0.910647 -0.189166 0.979545 -0.0686174 0.0703154 -0.888097 -0.140856 0.437543 0.407158
10 16 1057 0.99568 -0.0659404 -0.0653757 -0.99872 0.0700966 0.99552 0.0634607 -0.049738 0.0608982 -0.0677691 0.995841 0.00918139
10 17 964 0.988974 -0.00989039 0.147757 -0.978357 -0.00256747 0.996472 0.0838851 0.0278879 -0.148066 -0.0833396 0.98546 0.205037
10 18 779 -0.67197 0.157808 0.723569 -0.461781 0.176441 0.983013 -0.0505334 0.00374993 -0.719253 0.0937107 -0.688399 0.886986
10 19 605 -0.0150822 -0.87164 0.489914 -0.387106 -0.879824 -0.221223 -0.420679 -0.0126051 0.475061 -0.437383 -0.763553 0.921949
10 20 466 -0.895678 -0.199679 0.397353 -0.158736 -0.262548 0.958619 -0.110084 0.0334227 -0.358928 -0.202924 -0.911039 0.986755
10 21 364 0.978737 0.162806 0.124775 0.479096 -0.161014 0.986651 -0.024386 0.0381006 -0.12708 0.00377696 0.991885 0.876935
10 22 150 -0.885768 -0.376451 0.271476 0.527634 0.345656 -0.925399 -0.155433 -0.126796 0.309736 -0.0438402 0.949811 0.839955
10 23 132 0.994315 -0.0550111 0.0911623 -0.450237 0.0415697 0.988808 0.143283 -0.135364 -0.0980242 -0.138679 0.985474 -0.882589
10 24 233 0.995569 0.0452763 0.0824136 -0.931781 -0.0460458 0.998911 0.00746018 -0.00953961 -0.0819862 -0.0112219 0.99657 0.362895
10 25 155 0.966977 0.0225337 -0.253867 0.274256 -0.0061384 0.997854 0.0651904 -0.0719721 0.254791 -0.0614793 0.96504 -0.95896
10 26 258 0.99344 0.113147 0.0165691 0.417985 -0.11431 0.98659 0.116504 0.0471294 -0.00316479 -0.117634 0.993052 0.90723
10 27 326 0.170507 -0.430605 0.886288 0.0417251 0.357237 -0.811251 -0.462875 0.175518 0.918319 0.395538 0.015504 0.983592
10 28 298 0.718304 0.151952 -0.678933 0.292 -0.169863 0.984629 0.0406563 -0.0292204 0.674675 0.0861221 0.733073 0.955972
10 29 429 0.865975 -0.169306 -0.470557 -0.342768 0.221573 0.973446 0.0575201 0.168872 0.448323 -0.154074 0.880493 0.924117
11 12 3160 0.988005 0.0121247 0.153946 -0.961005 -0.0139458 0.999845 0.0107553 0.0432983 -0.153792 -0.0127732 0.988021 0.27312
11 13 2031 0.862573 0.0812219 0.499371 -0.937126 -0.0822458 0.996411 -0.02 0.0664529 -0.499203 -0.0238196 0.866157 0.342607
11 14 1478 0.746014 0.11636 0.655686 -0.984355 -0.156858 0.987616 0.00320087 0.000197287 -0.647193 -0.105237 0.755027 0.176195
11 15 1203 0.538206 0.18948 0.821238 -0.982924 -0.174601 0.978329 -0.111298 0.110789 -0.824529 -0.0834881 0.559626 0.14692
11 16 400 0.528818 -0.746536 -0.403776 -0.462681 0.681533 0.657039 -0.3222 0.0192073 0.50583 -0.104801 0.856243 0.886317
11 17 688 0.990441 -0.136683 -0.018535 -0.981659 0.137836 0.985823 0.0956804 -0.04544 0.0051943 -0.0973207 0.99524 0.185151
11 18 693 0.962476 0.0200452 0.270625 -0.850899 -0.0222064 0.999741 0.00492599 0.0902867 -0.270456 -0.0107508 0.962672 0.517512
11 19 516 -0.554458 0.473281 -0.684529 0.0283121 0.816246 0.469616 -0.336456 0.0491112 0.162227 -0.745296 -0.646697 0.998392
11 20 359 0.734602 0.158656 0.659688 -0.158515 -0.151177 0.986108 -0.0688161 0.0333995 -0.661442 -0.0491775 0.748382 0.986792
11 21 377 0.773765 0.13547 0.618818 -0.629229 -0.161268 0.986806 -0.0143804 0.220148 -0.612601 -0.0886683 0.785403 0.74539
11 22 394 0.715336 0.124327 0.687632 -0.0394995 -0.11721 0.991451 -0.0573264 0.0293223 -0.688881 -0.0395898 0.723793 0.998789
11 23 175 0.968269 0.0703666 -0.2398 0.474438 -0.0576345 0.996551 0.0597087 0.155882 0.243175 -0.0439933 0.968984 -0.866377
11 24 313 0.0442585 -0.145318 0.988395 -0.630746 0.386418 0.914847 0.117202 -0.134335 -0.921261 0.376746 0.0966433 0.764273
11 25 340 -0.802836 0.24302 0.544422 -0.0566072 0.0404819 0.933267 -0.356896 0.187916 -0.594824 -0.264489 -0.759098 0.980553
11 26 198 0.968574 0.0672086 0.239474 -0.954011 -0.083689 0.994725 0.0593168 0.120435 -0.234224 -0.0774941 0.969089 -0.274515
11 27 433 0.354686 0.890801 0.284029 0.0417251 0.701974 -0.0530491 -0.710224 0.175518 -0.617601 0.451287 -0.644134 0.983592
11 28 192 -0.991287 -0.0111494 -0.131244 0.370059 0.0140749 -0.999672 -0.0213839 -0.0516109 -0.130962 -0.0230449 0.991119 0.927574
11 29 1029 0.204429 -0.130304 -0.97017 0.693801 0.213607 0.973154 -0.0856942 0.0815835 0.955291 -0.189717 0.226774 0.715531
12 13 2599 0.930379 0.0740666 0.359038 -0.999025 -0.0718717 0.997224 -0.019477 0.00366338 -0.359484 -0.00768363 0.93312 -0.0440063
12 14 1910 0.842053 0.11801 0.526327 -0.969019 -0.144046 0.989534 0.00858726 -0.0864123 -0.519805 -0.0830462 0.850239 -0.231377
12 15 1509 0.71497 0.151932 0.682447 -0.95022 -0.159853 0.985771 -0.0519897 -0.0736692 -0.680636 -0.0719204 0.729083 -0.302745
12 16 1208 0.656671 0.211593 0.723887 -0.924379 -0.18592 0.975631 -0.116521 0.069354 -0.730902 -0.058069 0.680008 -0.375118
12 17 936 0.612949 0.24319 0.751766 -0.962839 -0.239825 0.963831 -0.11625 0.0760628 -0.752846 -0.109037 0.649102 -0.259145
12 18 236 -0.940689 0.00338147 -0.339253 -0.104204 0.0312319 -0.994841 -0.0965166 -0.0535035 -0.337829 -0.101388 0.935731 0.993116
12 19 647 0.165783 -0.981735 -0.0933409 0.0283121 -0.851776 -0.0948485 -0.515248 0.0491112 0.496984 0.164925 -0.851943 0.998392
12 20 210 -0.993335 -0.10539 -0.0466658 0.30224 0.0970838 -0.983276 0.154086 0.053018 -0.0621245 0.148528 0.986955 0.951756
12 21 189 -0.994411 -0.103567 0.0205309 0.37255 0.105374 -0.985707 0.131449 0.0447173 0.00662364 0.132878 0.99111 0.926934
12 22 636 0.931076 0.121654 -0.343946 0.978632 -0.0680536 0.984133 0.163865 -0.204335 0.358423 -0.129164 0.924581 0.022963
12 23 255 -0.743447 -0.00882879 -0.668736 0.474745 -0.16944 0.969776 0.175567 -0.148436 0.646975 0.243835 -0.722474 0.867516
12 24 326 0.783699 0.0943132 -0.613939 0.927161 -0.0709287 0.995528 0.0623917 -0.174432 0.617078 -0.00535039 0.786884 0.331581
12 25 458 0.943599 0.196215 0.266684 0.00660189 -0.326205 0.688814 0.647399 -0.976422 -0.0566655 -0.697879 0.713971 0.215768
12 26 121 0.905061 0.20213 0.374175 -0.154061 -0.204507 0.978281 -0.0338038 -0.0934315 -0.372881 -0.0459271 0.926742 -0.983634
12 27 386 0.855081 -0.41808 0.306668 0.0417251 -0.286542 -0.87397 -0.392518 0.175518 0.432122 0.247761 -0.867113 0.983592
12 28 319 -0.708 -0.164356 -0.686821 0.370059 -0.239493 0.970789 0.0145675 -0.0516109 0.664364 0.174802 -0.726681 0.927574
12 29 998 -0.166475 -0.249929 -0.953846 0.532215 0.135456 0.952377 -0.273186 0.187197 0.976697 -0.174683 -0.124693 0.825654
13 14 2560 0.976062 0.0531208 0.210904 -0.906757 -0.0643515 0.996832 0.0467443 -0.120022 -0.207753 -0.0591974 0.976388 -0.404212
13 15 1622 0.907113 0.0963055 0.40972 -0.903987 -0.103196 0.994647 -0.00532045 -0.0903692 -0.408039 -0.0374551 0.912196 -0.417902
13 16 1172 0.855416 0.103442 0.507506 -0.916471 -0.113274 0.993496 -0.0115723 -0.105258 -0.505403 -0.047588 0.86157 -0.386008
13 17 751 0.715755 0.134509 0.685275 -0.997708 -0.167772 0.985657 -0.0182353 -0.00552284 -0.677899 -0.101918 0.728056 0.067435
13 18 457 0.837258 0.150973 0.525553 -0.877541 -0.138055 0.988356 -0.063984 0.0230036 -0.529093 -0.0189841 0.848351 0.478949
13 19 482 0.427284 0.0206733 0.903881 -0.786984 -0.00685953 0.999784 -0.0196242 0.0114681 -0.904091 0.00218489 0.427334 0.616867
13 20 448 0.766261 -0.0209116 -0.642189 0.970604 0.10909 0.989194 0.0979559 -0.113867 0.633201 -0.145117 0.760262 0.212042
13 21 236 0.941429 0.102146 0.321367 -0.423293 -0.114922 0.993153 0.0209875 0.226794 -0.317023 -0.0566905 0.946722 0.877147
13 22 173 0.891262 0.0642318 0.448916 0.385536 -0.0619172 0.997884 -0.0198511 0.0837423 -0.449241 -0.0101031 0.893353 0.918885
13 23 205 -0.809396 -0.29235 -0.509322 0.474585 -0.473754 0.837563 0.272113 -0.119763 0.347037 0.461541 -0.816422 0.872024
13 24 263 0.827772 -0.118374 -0.548435 0.984482 0.122253 0.992057 -0.0296039 -0.0278347 0.547583 -0.0425427 0.835669 0.173264
13 25 258 0.998712 0.0317492 -0.0395675 0.147491 -0.0273832 0.993949 0.106379 -0.627391 0.0427055 -0.105158 0.993538 -0.764609
13 26 171 0.999034 8.66212e-05 0.0439414 0.0995634 -0.00205155 0.999 0.044674 -0.3755 -0.0438936 -0.044721 0.998035 -0.921459
13 27 211 0.995646 -0.0339495 0.0868121 -0.0660933 0.0372004 0.998655 -0.0361079 0.145541 -0.0854695 0.0391802 0.99557 0.987142
13 28 401 0.989606 0.0201377 0.142388 -0.0158055 0.0652133 0.819638 -0.569158 0.993648 -0.128168 0.572528 0.809805 0.111416
13 29 699 -0.160907 -0.228615 -0.960127 0.681991 0.190546 0.947306 -0.257496 0.171607 0.968401 -0.224381 -0.108867 0.710942
14 15 2036 0.975603 0.0539713 0.212805 -0.821172 -0.046597 0.998132 -0.0395211 -0.142881 -0.214541 0.0286408 0.976295 -0.552505
14 16 1355 0.934514 0.0771959 0.347454 -0.904987 -0.0647947 0.996782 -0.0471888 -0.118089 -0.349979 0.0215854 0.936509 -0.408721
14 17 878 0.878563 0.113485 0.463948 -0.997919 -0.108436 0.99339 -0.0376487 -0.0250519 -0.465154 -0.0172317 0.885062 -0.059414
14 18 582 0.569524 0.203434 0.796403 -0.942614 -0.151728 0.978258 -0.141384 0.0644309 -0.80785 -0.0403148 0.588008 0.327609
14 19 476 0.240165 0.236039 0.941598 -0.823762 -0.155551 0.966811 -0.202685 0.101773 -0.958188 -0.0977888 0.26891 0.557727
14 20 310 0.954288 -0.0934892 -0.283892 0.94933 0.122487 0.988725 0.0861354 -0.297862 0.272638 -0.116971 0.95498 0.100255
