0 1 2087 0.719133 -0.105373 -0.686836 0.361517 0.101928 0.99374 -0.0457366 0.151162 0.687356 -0.0371168 0.725372 0.92003
0 2 2283 0.847213 -0.0936693 -0.52293 0.516316 0.104569 0.994479 -0.00872038 0.179591 0.52086 -0.0472941 0.852331 0.837356
0 3 3632 0.95445 -0.0579734 -0.292685 0.697934 0.0631566 0.997969 0.00828253 0.129516 0.291611 -0.0263903 0.956173 0.704354
0 4 4857 0.989465 -0.0300526 -0.141617 0.635305 0.026821 0.999336 -0.024673 0.127152 0.142265 0.0206148 0.989614 0.761722
0 5 5032 0.999636 0.00478285 -0.0265541 0.480822 -0.00521531 0.999855 -0.0162405 0.151337 0.0264726 0.0163731 0.999515 0.863659
0 6 5249 0.998633 0.0103472 0.0512341 0.411013 -0.0116321 0.999624 0.0248433 0.19698 -0.0509577 -0.0254053 0.998378 0.890094
0 7 2001 0.914437 0.0788215 0.396979 0.540041 -0.0956915 0.995149 0.0228341 0.181441 -0.393254 -0.0588679 0.917543 0.821849
0 8 2788 0.852695 0.0962449 0.513467 0.131626 -0.107929 0.994133 -0.00710766 0.231912 -0.511138 -0.0493574 0.85808 0.96379
0 9 2747 0.807644 0.109913 0.579336 -0.323187 -0.121093 0.99245 -0.0194761 0.190321 -0.577103 -0.0544238 0.814856 0.927
0 10 2603 0.715113 0.125481 0.687654 -0.731842 -0.12199 0.991062 -0.0539851 0.112023 -0.688282 -0.0452812 0.724029 0.672204
0 11 2194 0.578101 0.158585 0.800406 -0.812977 -0.17045 0.982761 -0.071605 0.111585 -0.797963 -0.0950346 0.595166 0.571505
0 12 2021 0.461857 0.149979 0.874182 -0.78804 -0.192455 0.979064 -0.0662929 0.098129 -0.865823 -0.137623 0.481052 0.607754
0 13 1876 -0.00311276 0.16302 0.986618 -0.598344 -0.20136 0.966312 -0.1603 0.143253 -0.979512 -0.199164 0.0298178 0.788329
0 14 1325 -0.205962 0.188468 0.960239 -0.575872 -0.226287 0.945508 -0.234113 0.217633 -0.952037 -0.265508 -0.152091 0.78804
0 15 636 0.936646 0.341527 -0.077806 0.468201 -0.349885 0.901709 -0.253969 0.0766895 -0.016579 0.265102 0.964078 -0.880288
0 16 743 0.996282 -0.0555027 -0.065884 0.204094 -0.0713135 -0.96041 -0.269308 0.217932 -0.0483283 0.273005 -0.960798 0.954385
0 17 786 -0.424686 0.139774 0.894486 -0.387003 0.689992 0.689626 0.219834 0.0765846 -0.586134 0.710548 -0.389318 0.918893
0 18 320 0.263225 0.874587 -0.407199 0.466325 -0.964629 0.232372 -0.124475 0.0123307 -0.0142424 0.42556 0.904818 -0.884528
0 19 283 0.914894 0.355537 -0.191214 0.311925 -0.380315 0.917942 -0.112887 0.0601849 0.135388 0.176002 0.975035 -0.948199
0 20 604 0.999599 0.00696537 0.0274324 0.473956 -0.00841627 0.998552 0.053135 0.0234248 -0.0270225 -0.0533445 0.99821 0.880237
0 21 667 0.117469 0.979625 0.162896 0.0396675 0.985241 -0.135528 0.104556 -0.00421202 0.124503 0.14821 -0.981088 0.999204
0 22 509 0.954406 0.0885609 0.285073 -0.731821 -0.103165 0.993991 0.0365958 -0.0909638 -0.280119 -0.0643368 0.957807 -0.675399
0 23 240 -0.930332 0.237497 0.279423 -0.435697 -0.156601 -0.94628 0.282896 -0.152694 0.3316 0.21943 0.917547 -0.887047
0 24 600 -0.933679 -0.0951183 -0.345248 0.0996758 -0.0547393 0.990658 -0.124898 0.000221049 0.353903 -0.0977161 -0.930164 0.99502
0 25 730 0.809954 -0.141868 -0.569077 0.750905 0.172569 0.984997 5.91751e-05 -0.146187 0.560531 -0.0982531 0.822284 -0.644027
0 26 1175 -0.379324 0.158155 -0.911647 0.289979 0.446262 0.894382 -0.0305237 0.00321853 0.810533 -0.418411 -0.409839 0.957027
0 27 1286 -0.197566 -0.105948 -0.974547 0.260495 0.245967 0.956982 -0.153903 0.148086 0.94893 -0.270112 -0.163007 0.954051
0 28 1211 0.310469 -0.188251 -0.931757 0.153542 0.206792 0.970095 -0.127092 0.15688 0.927818 -0.153222 0.340113 0.975609
0 29 2361 0.889554 -0.0932528 -0.44721 0.622355 0.105129 0.994457 0.00174907 0.131589 0.444568 -0.0485707 0.894427 0.771595
1 2 4876 0.966477 0.0221164 0.255801 -0.984377 -0.0304348 0.999127 0.0286061 -0.012055 -0.254945 -0.0354324 0.966306 -0.175662
1 3 3901 0.869046 0.0648476 0.490463 -0.970094 -0.0735255 0.997292 -0.00158018 -0.0415424 -0.489237 -0.0346882 0.871461 -0.239149
1 4 3286 0.796577 0.080517 0.599151 -0.999021 -0.0695492 0.996716 -0.0414775 -0.000999802 -0.600523 -0.00863042 0.799561 -0.0442214
1 5 2517 0.704813 0.109717 0.700858 -0.959066 -0.101305 0.993408 -0.0536383 0.0535109 -0.702123 -0.0331952 0.711282 0.27808
1 6 2100 0.693515 0.121351 0.710149 -0.993204 -0.133742 0.990264 -0.0386077 0.0645825 -0.70792 -0.0682019 0.702992 0.0968193
1 7 740 0.501425 0.152128 0.851722 -0.988019 -0.191454 0.979526 -0.062242 0.0325786 -0.843753 -0.131856 0.520284 0.150856
1 8 262 -0.987909 -0.0273042 -0.152612 0.0835248 0.0257817 -0.999596 0.0119463 -0.0169069 -0.152877 0.00786722 0.988214 -0.996362
1 9 199 -0.974445 -0.162766 0.154807 -0.446041 0.155722 -0.986174 -0.0566677 0.0706936 0.16189 -0.0311127 0.986318 -0.892216
1 10 194 -0.967105 -0.0424142 -0.250815 0.156372 0.0301812 -0.998169 0.0524215 -0.0223592 -0.252579 0.0431272 0.966615 -0.987445
1 11 215 0.218824 0.871767 0.438336 -0.420814 -0.928403 0.324268 -0.181436 -0.227264 -0.300308 -0.36725 0.880308 -0.878218
1 12 565 -0.396401 0.106079 0.911928 -0.73749 -0.220557 0.953209 -0.206753 0.0878856 -0.891191 -0.283089 -0.354457 0.669615
1 13 189 0.964613 0.0310931 0.26183 -0.342984 -0.0468842 0.997424 0.0542798 -0.010723 -0.259468 -0.0646347 0.963586 -0.93928
1 14 446 0.959029 -0.038738 -0.280648 0.970572 0.0656374 0.994036 0.0870887 0.0232648 0.2756 -0.101942 0.955852 0.239683
1 15 727 0.9019 0.0714583 -0.425993 0.111867 -0.202877 -0.800592 -0.563821 0.373887 -0.381336 0.594934 -0.707557 0.920703
1 16 287 0.980572 -0.0712046 -0.182782 0.179463 0.0807474 0.995705 0.0452989 -0.0994126 0.178771 -0.059178 0.982109 0.978729
1 17 941 0.924193 -0.272745 -0.267353 0.111713 0.314583 0.146669 0.93783 -0.740138 -0.216577 -0.950841 0.221351 0.663111
1 18 278 0.994222 0.0630274 0.0868922 0.148252 -0.0698307 0.994535 0.077617 0.0275613 -0.0815253 -0.0832362 0.993189 0.988565
1 19 481 -0.741535 -0.211555 -0.636687 0.318311 -0.211321 0.974329 -0.0776245 0.0615673 0.636765 0.0769843 -0.767205 0.945985
1 20 580 0.771759 -0.0987679 0.628198 -0.963816 0.0797376 0.995098 0.0584936 -0.0800417 -0.630896 0.00494793 0.775852 0.254267
1 21 298 0.982763 -0.0994672 -0.155831 0.463055 0.102349 0.994692 0.0105618 0.0287536 0.153953 -0.0263289 0.987727 0.885863
1 22 448 0.743486 -0.115893 -0.658634 0.847764 0.105745 0.992853 -0.055333 0.0515527 0.660339 -0.028508 0.750427 -0.527862
1 23 547 0.928751 -0.0673682 0.364531 -0.953596 0.0961961 0.993461 -0.0614888 0.032071 -0.358005 0.0921742 0.929159 -0.299376
1 24 675 0.874845 0.0332848 0.483259 -0.995447 -0.0124989 0.998855 -0.04617 0.0507747 -0.484242 0.0343514 0.874259 -0.0806702
1 25 858 0.552684 -0.15817 -0.818243 0.975022 0.218583 0.974964 -0.0408223 0.0603805 0.804215 -0.156292 0.573421 0.213745
1 26 1066 0.632345 -0.16105 -0.757762 0.956403 0.219161 0.975383 -0.0244152 0.0906867 0.74304 -0.150633 0.652075 0.277612
1 27 1373 0.742021 -0.137713 -0.656079 0.979282 0.178132 0.983994 -0.00507772 0.0299424 0.646277 -0.113101 0.754675 0.200273
1 28 2256 0.833984 -0.117214 -0.539195 0.99984 0.125917 0.991822 -0.0208502 -0.00810275 0.537229 -0.0505051 0.841923 0.0159445
1 29 825 0.953268 0.0340842 0.300197 -0.342623 -0.0402882 0.999083 0.014499 0.0438025 -0.299428 -0.0259158 0.953767 0.938451
2 3 5580 0.969092 0.0487744 0.241829 -0.772584 -0.0455011 0.998782 -0.019105 -0.116571 -0.242466 0.00751101 0.970131 -0.624119
2 4 3965 0.928829 0.0738722 0.363069 -0.978678 -0.0557966 0.996635 -0.0600386 -0.0161739 -0.366283 0.0355075 0.929826 -0.204761
2 5 2946 0.872608 0.1071 0.476535 -0.967222 -0.0877862 0.994165 -0.062686 0.0512698 -0.480468 0.0128671 0.876918 0.248702
2 6 2365 0.831429 0.112813 0.544058 -0.995613 -0.114049 0.992972 -0.0316073 0.0218514 -0.5438 -0.03577 0.838452 0.0909796
2 7 923 0.569252 0.171279 0.804124 -0.948691 -0.186551 0.979457 -0.076563 0.0657901 -0.800719 -0.106427 0.58951 0.309286
2 8 712 0.4497 0.181799 0.874482 -0.937833 -0.20164 0.974455 -0.0988903 0.0483844 -0.870121 -0.13186 0.47487 0.343698
2 9 682 0.0426665 0.153002 0.987304 -0.853525 -0.0364351 0.987785 -0.151501 0.124182 -0.998425 -0.0295085 0.04772 0.506037
2 10 346 0.928547 0.167079 0.33149 -0.494517 -0.149462 0.985675 -0.078144 0.103535 -0.339798 0.0230153 0.940217 0.86298
2 11 240 0.936461 0.291777 0.194699 -0.418156 -0.280377 0.956175 -0.0843736 0.0858721 -0.210784 0.0244236 0.977227 -0.904307
2 12 684 -0.00269711 0.209666 0.977769 -0.84007 -0.259064 0.944245 -0.203192 0.100673 -0.965856 -0.253853 0.0517701 0.533054
2 13 694 0.00397549 0.286511 0.958069 -0.836588 -0.40133 0.87799 -0.260898 0.113457 -0.915925 -0.383465 0.118476 0.535955
2 14 681 -0.471579 0.111048 0.874804 -0.586795 -0.18707 0.956861 -0.222308 0.143175 -0.861753 -0.268485 -0.430462 0.796977
2 15 696 -0.783233 0.29611 -0.546685 0.278574 0.560191 0.717525 -0.413937 0.318414 0.269689 -0.630458 -0.727867 0.906096
2 16 260 0.920678 0.138132 0.365064 -0.24337 -0.17074 0.983582 0.0584338 -0.227001 -0.350999 -0.11613 0.929147 -0.942996
2 17 203 0.992826 -0.030717 -0.115556 -0.30731 0.0346379 0.998885 0.0320763 0.116282 0.114442 -0.0358488 0.992783 0.944478
2 18 346 0.978049 0.0651575 0.197924 -0.286354 -0.065232 0.997851 -0.00615109 -0.0497386 -0.197899 -0.00689489 0.980198 -0.956832
2 19 218 0.892382 0.102468 0.439493 -0.218901 -0.0944106 0.994721 -0.0402206 -0.1915 -0.441294 -0.00560059 0.897345 -0.956771
2 20 442 -0.904642 -0.0710994 -0.4202 0.318859 -0.0254331 0.993235 -0.113305 0.0493784 0.425414 -0.091813 -0.90033 0.946515
2 21 394 0.917537 -0.271905 -0.29016 0.74305 0.258295 0.962319 -0.0850024 0.106761 0.302339 0.00304605 0.953195 0.660665
2 22 372 0.952213 -0.262325 0.156448 -0.990292 0.274219 0.959816 -0.0596415 -0.136187 -0.134516 0.0996924 0.985884 -0.0278442
2 23 445 0.98434 -0.0380087 0.172136 -0.988305 0.0509309 0.996155 -0.0712855 -0.0104055 -0.168764 0.0789362 0.982491 -0.152132
2 24 626 0.523537 0.0812722 -0.848118 0.986488 -0.0914218 0.995051 0.0389183 -0.054343 0.847084 0.0571613 0.528376 -0.154558
2 25 656 0.954848 0.0315345 0.295416 -0.993275 -0.0294767 0.9995 -0.0114179 -0.00437725 -0.295628 0.0021945 0.955301 -0.115693
2 26 834 0.609974 -0.170541 -0.773852 0.991338 0.231368 0.972343 -0.0319127 -0.079794 0.757892 -0.159579 0.632562 0.104317
2 27 1082 0.561626 -0.179138 -0.807766 0.933991 0.196737 0.977193 -0.0799236 0.0551985 0.803661 -0.11403 0.584061 0.353007
2 28 1388 0.624517 -0.185926 -0.758558 0.908138 0.115184 0.982556 -0.145999 0.216088 0.772471 0.00380519 0.635039 0.358595
2 29 4914 0.99839 0.0138916 0.0549916 0.972787 -0.0131276 0.999813 -0.0142299 0.0409422 -0.055179 0.013485 0.998385 0.228056
3 4 8957 0.989715 0.0241381 0.141 -0.995839 -0.0190494 0.999121 -0.0373291 0.0393562 -0.141778 0.0342592 0.989306 0.0821913
3 5 6222 0.961864 0.0585749 0.267183 -0.879802 -0.0518346 0.998136 -0.0322173 0.0834229 -0.268572 0.0171393 0.963107 0.467963
3 6 4754 0.938725 0.0631878 0.338825 -0.971828 -0.0684583 0.997647 0.00361369 0.0501021 -0.3378 -0.0265877 0.940842 0.230306
3 7 2035 0.75528 0.129574 0.642466 -0.923801 -0.149219 0.988514 -0.0239448 0.0837531 -0.638189 -0.0777832 0.76594 0.373601
3 8 1664 0.666574 0.143615 0.731474 -0.923354 -0.151369 0.9869 -0.0558258 0.0859742 -0.729909 -0.0735101 0.67958 0.374201
3 9 1452 0.588641 0.154499 0.793494 -0.932852 -0.170655 0.983195 -0.0648383 0.0570661 -0.790177 -0.0972469 0.605115 0.355711
3 10 1289 0.472322 0.166372 0.865582 -0.908127 -0.149273 0.982938 -0.107475 0.0700487 -0.868694 -0.0784448 0.489098 0.412793
3 11 1219 0.297401 0.191477 0.935355 -0.861794 -0.200305 0.970393 -0.134962 0.097581 -0.933505 -0.147218 0.326949 0.497784
3 12 1084 0.184693 0.195711 0.963113 -0.804902 -0.173011 0.971142 -0.164165 0.136086 -0.967448 -0.136309 0.213223 0.577593
3 13 1133 -0.131975 0.289565 0.948016 -0.561554 -0.0778885 0.950395 -0.301135 0.245359 -0.988188 -0.113582 -0.102875 0.790225
3 14 401 -0.950193 -0.196101 0.242236 -0.418811 0.215367 -0.974953 0.0555293 -0.0240798 0.225279 0.104933 0.968627 -0.907754
3 15 1042 -0.121158 0.271476 0.954789 -0.640738 -0.245081 0.923915 -0.293797 0.234158 -0.961902 -0.269596 -0.0454066 0.73118
3 16 677 -0.892202 -0.0229863 -0.451051 0.346788 0.122325 0.949076 -0.290331 0.159302 0.434755 -0.314209 -0.843955 0.924317
3 17 610 -0.952958 -0.0968326 0.287219 -0.31358 -0.170537 0.954671 -0.243967 0.104154 -0.250575 -0.281471 -0.926275 0.943832
3 18 979 0.782311 0.0361699 0.621837 -0.939426 -0.0643939 0.99766 0.0229817 -0.0182842 -0.61955 -0.0580213 0.78281 0.342263
3 19 1035 0.742585 0.0478441 0.66804 -0.817915 -0.0815942 0.996478 0.0193328 -0.00950246 -0.664763 -0.0688645 0.743874 0.575261
3 20 831 0.0933081 -0.0461405 0.994568 -0.756823 -0.175016 0.982611 0.0620054 -0.050094 -0.980134 -0.179851 0.0836103 0.651698
3 21 223 -0.246139 -0.967241 -0.0621324 0.289706 0.852029 -0.246487 0.461834 0.0691672 -0.462019 0.0607367 0.884788 0.954613
3 22 378 -0.989293 -0.0764683 -0.124303 0.38153 0.0517014 -0.980134 0.191478 0.0184604 -0.136476 0.183001 0.973594 -0.924172
3 23 211 0.921049 -0.0587894 -0.384984 0.44546 0.026586 0.995726 -0.088448 0.0193246 0.388539 0.0712297 0.918675 -0.895093
3 24 339 0.975155 -0.171932 -0.139688 0.849401 0.160566 0.983004 -0.0890055 -0.116205 0.152616 0.0643651 0.986187 0.514796
3 25 885 -0.291127 -0.149128 -0.94499 0.645227 0.22589 0.949131 -0.219372 0.141381 0.929634 -0.277329 -0.242631 0.750795
3 26 1077 0.119886 -0.185498 -0.975304 0.802743 0.240553 0.958543 -0.15274 0.128881 0.963204 -0.216301 0.159538 0.582231
3 27 1409 0.286323 -0.200802 -0.936855 0.808694 0.20607 0.967816 -0.144458 0.151717 0.935711 -0.151696 0.318487 0.568327
3 28 1935 0.459993 -0.177391 -0.870022 0.846424 0.16666 0.979675 -0.111634 0.0776133 0.872142 -0.0936469 0.480207 0.526823
3 29 5350 0.980934 -0.0365805 -0.190869 0.84468 0.0358055 0.999331 -0.00750884 0.120335 0.191015 0.000531527 0.981587 0.521569
4 5 8843 0.991399 0.0301083 0.127364 -0.74246 -0.0315314 0.999461 0.00917126 0.096516 -0.127019 -0.0131083 0.991814 0.662901
4 6 7544 0.977719 0.03324 0.20727 -0.981573 -0.0442074 0.997844 0.0485071 0.0231698 -0.205211 -0.0565892 0.97708 0.189676
4 7 3409 0.843599 0.0920516 0.529025 -0.963249 -0.127962 0.991276 0.031568 0.0458011 -0.521505 -0.0943261 0.848019 0.264675
4 8 2540 0.754015 0.101644 0.648945 -0.961565 -0.131505 0.991312 -0.00247291 0.0621915 -0.643558 -0.0834747 0.760831 0.267441
4 9 2141 0.69196 0.113542 0.712951 -0.965435 -0.140709 0.989827 -0.0210692 0.0534515 -0.708091 -0.0857398 0.700897 0.255105
4 10 1824 0.597054 0.126034 0.792239 -0.945428 -0.1278 0.989912 -0.0611669 0.0651225 -0.791956 -0.064728 0.607138 0.319257
4 11 1600 0.43525 0.147209 0.888193 -0.906951 -0.192203 0.978991 -0.0680711 0.0730978 -0.879554 -0.141085 0.4544 0.414845
4 12 1411 0.277692 0.154284 0.9482 -0.843088 -0.179929 0.977906 -0.106423 0.118116 -0.94367 -0.141056 0.299317 0.524643
4 13 1577 -0.0512722 0.137416 0.989185 -0.671 -0.213185 0.966152 -0.145267 0.126543 -0.975666 -0.218327 -0.0202417 0.730579
4 14 1324 -0.32123 0.141613 0.936353 -0.559224 -0.231777 0.946928 -0.222726 0.19363 -0.9182 -0.288571 -0.271359 0.806087
4 15 777 -0.897339 -0.0649216 0.43654 -0.169814 -0.146623 0.976794 -0.156126 0.073134 -0.416274 -0.204104 -0.886035 0.982759
4 16 698 -0.889088 -0.127271 0.439688 -0.426188 -0.21573 0.963704 -0.157273 0.0309201 -0.403712 -0.234683 -0.884274 0.904106
4 17 725 -0.107458 0.175978 0.978511 -0.377355 -0.0164781 0.98376 -0.178731 0.0638157 -0.994073 -0.0353301 -0.102813 0.923867
4 18 730 0.999886 -0.0101582 0.0111436 -0.0335072 -0.0111901 -0.995238 0.0968306 -0.0811998 0.0101069 -0.0969443 -0.995238 0.996134
4 19 941 0.979327 0.00917679 0.202074 -0.800726 -0.019406 0.998625 0.0486982 -0.154208 -0.201349 -0.0516129 0.978159 0.578842
4 20 986 0.185251 -0.0014323 0.98269 -0.590632 -0.196815 0.979683 0.0385302 -0.0116778 -0.96278 -0.200546 0.181205 0.806857
4 21 252 -0.932595 0.345146 -0.10555 0.28871 -0.355748 -0.928386 0.10744 0.0935345 -0.0609086 0.137748 0.988593 0.952837
4 22 191 0.155665 -0.920914 0.357333 -0.393947 0.913149 0.272116 0.303499 -0.0500289 -0.376732 0.279054 0.88329 -0.917771
4 23 425 0.967981 0.116038 0.222593 -0.900709 -0.114898 0.993212 -0.0181084 0.0231061 -0.223183 -0.00804703 0.974743 -0.433807
4 24 708 -0.707196 0.0316772 -0.706308 0.33719 -0.0491318 0.994379 0.0937905 -0.0496278 0.705309 0.10103 -0.701664 0.940128
4 25 715 -0.767194 0.592411 -0.24589 0.0268087 0.641402 0.706169 -0.299882 0.0453424 -0.00401356 -0.387782 -0.921742 0.998612
4 26 1179 0.0150533 -0.204589 -0.978732 0.712237 0.193731 0.960891 -0.19788 0.24891 0.980939 -0.186632 0.0540997 0.656325
4 27 1433 0.160599 -0.140063 -0.977031 0.753074 0.231061 0.967709 -0.100746 0.0869873 0.959593 -0.209574 0.187777 0.65216
4 28 1961 0.320789 -0.146343 -0.935777 0.770397 0.171085 0.980693 -0.0947187 0.0848994 0.931571 -0.129713 0.339633 0.631886
4 29 4766 0.944466 -0.0448947 -0.325529 0.90869 0.0562521 0.998089 0.0255559 0.0692153 0.32376 -0.0424484 0.945187 0.411694
5 6 7678 0.997038 0.00446049 0.0767854 -0.848616 -0.007504 0.999196 0.0393938 -0.103838 -0.0765479 -0.0398533 0.996269 -0.518718
5 7 4627 0.902805 0.0673391 0.424746 -0.976357 -0.0880044 0.995692 0.0291982 -0.0319764 -0.42095 -0.0637398 0.904842 -0.213788
5 8 3722 0.836891 0.0860814 0.540559 -0.996826 -0.109115 0.993972 0.0106455 -0.026183 -0.536384 -0.0678921 0.841239 -0.0751822
5 9 2985 0.786297 0.097805 0.610059 -0.999633 -0.114064 0.993398 -0.0122463 -0.00219051 -0.607229 -0.0599567 0.792261 -0.0270055
5 10 2494 0.694917 0.112521 0.710232 -0.994597 -0.113075 0.992493 -0.0466025 0.0163137 -0.710144 -0.0479249 0.702423 0.102526
5 11 2185 0.550069 0.147611 0.82197 -0.963348 -0.155423 0.985154 -0.0729057 0.0677372 -0.820529 -0.08765 0.564845 0.259562
5 12 2028 0.444704 0.144249 0.883986 -0.924634 -0.172579 0.982252 -0.0734658 0.0759738 -0.878894 -0.119887 0.461706 0.373203
5 13 1855 0.0377754 0.168444 0.984987 -0.747471 -0.176491 0.97132 -0.159338 0.136764 -0.983577 -0.167822 0.0664208 0.650064
5 14 583 0.826815 0.127987 0.547719 -0.390277 -0.171485 0.984767 0.0287538 -0.209884 -0.535695 -0.117699 0.836168 -0.896455
5 15 1401 0.126765 0.355786 0.92593 -0.784032 -0.216474 0.920884 -0.324211 0.376633 -0.968024 -0.159341 0.193754 0.493398
5 16 1102 -0.712908 0.0683608 0.697918 -0.454584 0.0286472 0.997245 -0.0684173 0.00845338 -0.700672 -0.0287818 -0.712902 0.890664
5 17 312 0.941742 0.305701 0.140243 0.195533 -0.317458 0.945654 0.070418 -0.12558 -0.111095 -0.110837 0.98761 -0.972623
5 18 1152 0.28817 0.197962 0.936893 -0.466699 0.339181 -0.936067 0.093462 -0.0103868 0.895497 0.290843 -0.336891 0.884355
5 19 673 0.996613 0.054141 0.0618984 -0.630016 -0.054977 0.998417 0.0118817 -0.17555 -0.0611571 -0.0152445 0.998012 -0.75648
5 20 863 0.933151 0.0297312 0.358254 -0.659186 -0.0298528 0.999541 -0.00519288 0.125049 -0.358244 -0.00584915 0.93361 -0.74151
5 21 321 -0.958693 0.169186 0.228656 -0.471345 -0.154342 -0.984655 0.0814461 -0.0313813 0.238927 0.0427905 0.970094 -0.88139
5 22 640 0.967696 0.246986 0.0506237 0.241769 0.247063 -0.968987 0.00482867 0.0564701 0.0502463 0.00783455 -0.998706 0.968689
5 23 531 -0.753493 0.185716 -0.63068 0.480242 0.191478 0.979678 0.0597211 -0.0229401 0.628955 -0.075762 -0.773741 0.876836
5 24 792 0.722879 -0.0929683 0.684692 -0.960689 0.231424 0.966253 -0.113132 0.0409468 -0.651068 0.240234 0.719998 0.274591
5 25 870 0.915786 -0.0312937 -0.400445 0.754441 0.0535808 0.997568 0.0445778 -0.0846671 0.398076 -0.06228 0.915236 -0.650884
5 26 1279 0.20244 -0.195884 -0.959504 0.85685 0.323314 0.938221 -0.123325 0.0696855 0.924384 -0.285255 0.253265 0.510835
5 27 1527 0.0645147 -0.177296 -0.982041 0.742181 0.222004 0.96198 -0.15909 0.149966 0.972909 -0.207753 0.101422 0.653206
5 28 1829 0.153617 -0.158864 -0.975276 0.759309 0.194999 0.972456 -0.12769 0.0822397 0.968699 -0.170563 0.180364 0.645513
5 29 4012 0.892387 -0.0769822 -0.444655 0.978389 0.087799 0.996131 0.00374758 0.041601 0.442647 -0.0423846 0.895694 0.202543
6 7 5402 0.935633 0.0789114 0.34404 -0.956735 -0.0829504 0.996549 -0.00298792 -0.0470203 -0.343089 -0.0257427 0.93895 -0.287138
6 8 3800 0.883692 0.100902 0.457064 -0.99424 -0.101571 0.994558 -0.0231804 -0.0261546 -0.456916 -0.0259403 0.889132 -0.103939
6 9 3163 0.833454 0.116517 0.540165 -0.9985 -0.109859 0.992943 -0.044676 -0.00317094 -0.541559 -0.0221069 0.840372 -0.0546688
6 10 2426 0.748982 0.135963 0.648491 -0.996228 -0.112497 0.990605 -0.0777612 0.0130824 -0.652971 -0.0147116 0.75724 0.0857771
6 11 2036 0.617819 0.175968 0.766377 -0.966784 -0.156403 0.982664 -0.0995445 0.0653301 -0.770608 -0.058363 0.634631 0.247103
6 12 1902 0.491955 0.178475 0.852131 -0.923944 -0.173554 0.979222 -0.104897 0.0778254 -0.853147 -0.096286 0.512708 0.374528
6 13 1693 0.368786 0.244172 0.896871 -0.857003 -0.205706 0.962395 -0.177426 0.168244 -0.906467 -0.11906 0.405145 0.487072
6 14 1450 -0.294104 0.300884 0.907178 -0.565086 -0.0840805 0.937331 -0.338144 0.277688 -0.952068 -0.175725 -0.250374 0.776896
6 15 385 0.998482 0.0135594 -0.0533907 0.231949 -0.0119919 0.999491 0.0295719 -0.0701316 0.0537645 -0.0288868 0.998136 -0.970197
6 16 441 0.998298 -0.0389606 -0.0433997 0.210809 0.0402201 0.998783 0.0285349 -0.0739239 0.0422351 -0.0302318 0.99865 -0.974728
6 17 362 0.999675 0.0128261 0.0220316 0.108296 -0.0143344 0.997463 0.0697258 -0.127111 -0.0210814 -0.070019 0.997323 -0.985959
6 18 471 -0.851176 -0.352754 -0.38867 0.464872 0.366696 -0.929458 0.0405171 0.00963823 -0.375545 -0.108036 0.920486 -0.885326
6 19 802 0.984137 -0.0232899 -0.175875 0.122161 -0.0432333 -0.992943 -0.11043 0.0528537 -0.172062 0.116282 -0.978199 0.991102
6 20 979 0.801166 0.0300624 -0.597686 0.995599 -0.0713541 0.996411 -0.0455288 0.0241478 0.594173 0.0791235 0.800436 0.0905552
6 21 912 0.107342 -0.363544 0.925372 -0.751935 0.0861428 -0.923849 -0.372938 0.360808 0.990483 0.119746 -0.0678509 0.551735
6 22 719 0.81158 -0.56207 -0.159424 0.257503 -0.579431 -0.739403 -0.342846 0.177723 0.0748251 0.370622 -0.925765 0.949793
6 23 436 -0.847575 0.00175369 -0.530673 0.374153 -0.0221681 0.999005 0.0387076 -0.0743361 0.530212 0.0445715 -0.846693 0.924383
6 24 247 -0.944674 0.191906 -0.266014 0.416388 -0.159391 -0.977373 -0.139056 0.107758 -0.28668 -0.0889625 0.953887 -0.902778
6 25 680 0.953971 -0.0860661 -0.287284 0.60355 0.0861243 0.996206 -0.0124599 -0.177466 0.287266 -0.0128557 0.957764 0.777325
6 26 1113 -0.132749 -0.220868 -0.966227 0.630398 0.257206 0.933782 -0.248789 0.191308 0.957195 -0.281546 -0.0671502 0.752329
6 27 1421 -0.215949 -0.149501 -0.964891 0.572509 0.233434 0.951647 -0.199693 0.111804 0.94809 -0.268362 -0.170608 0.81224
6 28 1525 0.114466 -0.201825 -0.97271 0.654976 0.187677 0.965907 -0.178328 0.109796 0.975538 -0.162142 0.148441 0.747631
6 29 3075 0.846078 -0.105641 -0.522486 0.924126 0.0967637 0.994319 -0.044348 0.0709051 0.524203 -0.0130358 0.851494 0.375451
7 8 7433 0.991049 0.0251929 0.131103 -0.999018 -0.0228526 0.999552 -0.019325 0.0186703 -0.131531 0.016156 0.99118 -0.0401778
7 9 6079 0.974503 0.0454726 0.219719 -0.998522 -0.0400182 0.998772 -0.0292143 -0.00708568 -0.220777 0.0196767 0.975126 -0.0538867
7 10 4724 0.932786 0.072752 0.353012 -0.995818 -0.054 0.996571 -0.0626948 0.0169137 -0.356363 0.0394181 0.933516 0.0897797
7 11 3394 0.859133 0.122808 0.496798 -0.967337 -0.103235 0.992412 -0.0667955 0.0676865 -0.501231 0.00609955 0.865292 0.24429
7 12 2952 0.770715 0.136713 0.62234 -0.926248 -0.119512 0.990393 -0.0695601 0.0843874 -0.625871 -0.020766 0.77965 0.367347
7 13 2526 0.492483 0.172256 0.853105 -0.793726 -0.170047 0.980371 -0.0997876 0.0956404 -0.853548 -0.095924 0.512108 0.60071
7 14 2095 0.467513 0.211825 0.858232 -0.817121 -0.259841 0.960905 -0.0956201 0.131657 -0.844934 -0.1783 0.504277 0.561231
7 15 1409 -0.3203 -0.0903302 -0.943 0.207521 0.0298123 0.993989 -0.105341 0.10177 0.946847 -0.0618536 -0.315681 0.972922
7 16 802 0.987167 0.139496 -0.0777301 0.308205 -0.140959 0.989921 -0.0136427 0.134058 0.0750436 0.0244244 0.996881 0.941827
7 17 771 0.991895 -0.0580821 -0.113007 -0.405325 0.0586305 0.998279 0.00153254 0.165688 0.112724 -0.00814578 0.993593 0.899032
7 18 1335 0.417679 0.38846 0.821366 -0.464613 0.402872 -0.889453 0.215795 -0.00981166 0.814395 0.240772 -0.528006 0.88546
7 19 1444 0.472135 -0.0740543 -0.87841 0.782572 0.0129732 0.996941 -0.0770741 0.0683008 0.881431 0.0249936 0.471652 0.618801
7 20 1278 0.977888 0.20606 -0.0357025 0.389722 -0.201445 0.882264 -0.425477 0.48824 -0.056175 0.423261 0.904265 0.780857
7 21 1182 0.98509 0.115881 0.127158 0.248599 -0.094668 0.982277 -0.161773 0.931055 -0.143651 0.147323 0.978601 0.267087
7 22 438 0.990284 0.0931611 0.103245 0.241961 -0.094587 0.995476 0.00899134 0.0564519 -0.10194 -0.0186696 0.994615 0.968642
7 23 907 -0.625679 0.409765 -0.663791 0.448892 0.780076 0.325548 -0.534322 0.0989098 -0.00285073 -0.852121 -0.523336 0.888095
7 24 594 0.878947 -0.209185 -0.428595 0.363128 0.180936 0.977749 -0.106153 -0.000375449 0.441264 0.0157551 0.897239 0.931739
7 25 777 -0.939654 0.0554125 0.337609 -0.275791 0.0347165 0.997146 -0.0670387 0.0637018 -0.340361 -0.0512725 -0.938896 0.959104
7 26 544 0.899126 0.358285 -0.251404 0.327018 -0.350195 0.933438 0.0778283 0.0524601 0.262554 0.018063 0.964748 0.943561
7 27 816 0.694114 -0.598134 0.40055 -0.147508 -0.578071 -0.794734 -0.185021 0.0679236 0.428998 -0.103121 -0.8974 0.986726
7 28 699 -0.876464 0.479261 0.0460456 -0.104495 0.466028 0.868494 -0.168924 0.0389928 -0.120949 -0.126598 -0.984553 0.993761
7 29 1183 0.960899 -0.0422447 -0.273656 0.790941 0.0342425 0.998837 -0.0339549 -0.155841 0.274772 0.0232566 0.961228 -0.591715
8 9 8800 0.995528 0.0197339 0.0923799 -0.983861 -0.01912 0.999789 -0.0075257 -0.0635984 -0.092509 0.00572574 0.995695 -0.167251
8 10 6342 0.973202 0.0444279 0.22562 -0.99922 -0.0356537 0.998447 -0.0428179 0.0112903 -0.227172 0.0336262 0.973274 0.0378505
8 11 4579 0.916799 0.0933133 0.388294 -0.974491 -0.085534 0.995636 -0.0373136 0.0569508 -0.390081 0.00099681 0.92078 0.21708
8 12 3823 0.846383 0.106652 0.521786 -0.935626 -0.101967 0.99407 -0.0377875 0.0751542 -0.522722 -0.0212221 0.852239 0.3449
8 13 3183 0.593701 0.171005 0.786306 -0.806112 -0.152617 0.983352 -0.0986246 0.132094 -0.790081 -0.0614499 0.609915 0.576831
8 14 2570 0.549341 0.134165 0.824757 -0.852744 -0.228179 0.973598 -0.00639502 0.0228064 -0.80384 -0.18468 0.565451 0.521832
8 15 2353 0.0980245 -0.0719305 0.992581 -0.730172 -0.0916602 0.992492 0.0809762 0.00797148 -0.990954 -0.0989179 0.0906954 0.683217
8 16 1444 0.998818 -0.0429638 0.0227363 -0.756491 0.042943 0.999077 0.00139903 0.44425 -0.0227755 -0.000421012 0.999741 0.479962
8 17 1578 0.997084 0.00167774 0.0762927 -0.496977 -0.007831 0.99673 0.0804259 -0.0620845 -0.0759083 -0.0807889 0.993837 0.86554
8 18 1271 0.0909106 0.978472 0.185276 -0.126714 0.947797 -0.0279129 -0.317649 0.0424736 -0.305639 0.204482 -0.929931 0.99103
8 19 1151 -0.0797713 -0.978262 -0.191416 0.243555 -0.922047 -0.000551971 0.387077 -0.0311455 -0.378769 0.207372 -0.90196 0.969387
8 20 420 0.976082 -0.0962634 -0.19493 -0.14173 0.103219 0.994323 0.0258221 0.0270443 0.191338 -0.045325 0.980477 0.989536
8 21 830 0.991626 0.00720438 0.128942 -0.408689 -0.0108141 0.999568 0.0273171 0.345037 -0.12869 -0.0284827 0.991276 -0.844939
8 22 633 0.966768 0.154777 -0.20348 0.24238 -0.141836 0.986906 0.0768038 0.0564302 0.212703 -0.0453906 0.976062 0.968539
8 23 541 0.983266 -0.034191 0.178937 -0.446176 0.0380767 0.999107 -0.0183257 0.0185399 -0.17815 0.0248324 0.98369 -0.894753
8 24 734 0.989462 0.0933951 -0.110647 0.975533 -0.0954093 0.995353 -0.0130395 -0.0517777 0.108915 0.0234589 0.993774 0.213669
8 25 743 -0.956151 0.0139231 0.292542 -0.278303 -0.0100325 0.996726 -0.0802279 0.0653398 -0.292702 -0.0796449 -0.952881 0.958268
8 26 609 -0.968973 -0.119954 -0.216108 0.260114 0.138902 -0.987486 -0.0746789 0.0684307 -0.204445 -0.10238 0.973509 0.96315
8 27 914 0.747725 0.0136627 -0.663868 0.318301 -0.0115328 0.999905 0.00758898 0.0174214 0.663909 0.00198178 0.747811 0.94783
8 28 795 -0.86613 -0.255026 0.429862 -0.106821 -0.253633 0.965333 0.0616628 0.0392662 -0.430685 -0.0556191 -0.900787 0.993503
8 29 1211 0.954818 -0.170865 -0.243163 0.744356 0.170494 0.985097 -0.0227338 0.026594 0.243423 -0.019751 0.969719 -0.667254
9 10 7637 0.991167 0.0244327 0.130352 -0.995629 -0.0207681 0.999352 -0.0293991 0.0185863 -0.130986 0.0264322 0.991032 0.0915313
9 11 5122 0.952296 0.0726919 0.296392 -0.968584 -0.0691431 0.997354 -0.0224531 0.0698996 -0.29724 0.00088854 0.954802 0.238661
9 12 4136 0.895385 0.0856323 0.436982 -0.931032 -0.0870168 0.996064 -0.0168924 0.0767949 -0.436708 -0.0228996 0.899312 0.356766
9 13 3335 0.671978 0.141191 0.726987 -0.81621 -0.142358 0.987977 -0.0602918 0.110009 -0.72676 -0.0629781 0.683999 0.567185
9 14 2566 0.503048 0.195951 0.841752 -0.800324 -0.216608 0.971458 -0.0966959 0.184664 -0.836674 -0.133687 0.531134 0.570422
9 15 1738 -0.6041 0.0459009 0.795585 -0.307762 -0.110136 0.983951 -0.140396 0.0645031 -0.789261 -0.172436 -0.589349 0.949274
9 16 1829 -0.0505945 -0.155595 -0.986524 0.253466 0.00727256 0.987706 -0.156154 0.106043 0.998693 -0.0150751 -0.048841 0.961514
9 17 2004 0.760372 0.0651466 0.646213 -0.791812 -0.0451285 0.997851 -0.0474955 0.0429318 -0.647919 0.00695163 0.761678 0.609254
9 18 612 0.981674 0.0645241 0.17931 -0.109391 -0.0745258 0.995984 0.0496075 -0.0430635 -0.175389 -0.0620616 0.982541 0.993066
9 19 1131 -0.743047 0.0615029 0.666407 -0.327935 0.120622 0.991768 0.0429633 -0.00196483 -0.658279 0.112307 -0.744349 0.944698
9 20 303 -0.596555 -0.798383 0.0818887 -0.158207 0.796631 -0.601441 -0.060398 0.0211472 0.097472 0.0292043 0.99481 0.987179
9 21 757 -0.505468 -0.137354 0.851843 -0.0215894 -0.36175 0.930028 -0.0646947 0.055259 -0.783351 -0.340855 -0.519787 0.998239
9 22 373 -0.78709 0.615505 -0.0405412 0.242375 -0.615404 -0.788041 -0.0163978 0.0568888 -0.042041 0.0120426 0.999043 0.968513
9 23 746 0.999875 -0.00452994 -0.0151511 0.980077 0.00401982 0.99943 -0.033531 0.0322705 0.0152944 0.0334659 0.999323 0.195979
9 24 482 0.992979 0.082847 0.0844323 -0.326346 -0.0828335 0.996557 -0.00366812 0.0232964 -0.0844455 -0.00335146 0.996422 0.944963
9 25 1002 -0.388462 -0.626753 -0.675484 0.320288 0.711827 -0.669613 0.211943 0.0256207 -0.585149 -0.398496 0.706259 0.946974
9 26 693 0.797852 0.422976 -0.429562 0.26539 -0.404447 0.903953 0.13889 0.057149 0.447051 0.0629217 0.892293 0.962446
9 27 439 -0.998874 -0.0122786 -0.045824 0.274922 0.0115268 -0.999795 0.0166339 0.0374506 -0.0460189 0.016087 0.998811 0.960737
9 28 797 0.809611 -0.529088 0.254155 -0.220868 -0.516674 -0.847851 -0.119151 0.0269958 0.278527 -0.0348494 -0.959796 0.97493
9 29 1865 0.0892971 -0.19369 -0.97699 0.586757 0.140843 0.973508 -0.180127 0.146164 0.985997 -0.121517 0.114211 0.796462
10 11 6646 0.984545 0.0444536 0.169393 -0.973002 -0.047583 0.998763 0.0144578 0.0653703 -0.168541 -0.0222946 0.985442 0.221345
10 12 4968 0.947178 0.0557614 0.315824 -0.938071 -0.0644948 0.997769 0.0172598 0.0839903 -0.314156 -0.036717 0.948661 0.336108
10 13 3582 0.765554 0.110994 0.633725 -0.848487 -0.127485 0.991645 -0.0196782 0.108903 -0.630614 -0.0657254 0.773308 0.51789
10 14 2571 0.607093 0.141131 0.781998 -0.876154 -0.202332 0.97912 -0.0196296 0.11975 -0.76844 -0.146306 0.622972 0.466919
10 15 2216 0.176097 0.189295 0.966001 -0.753482 -0.151539 0.974851 -0.163404 0.178448 -0.972639 -0.117611 0.200354 0.632789
10 16 1727 -0.298108 -0.227828 -0.926945 0.148365 -0.00901548 0.971727 -0.235935 0.145155 0.95449 -0.0619772 -0.291733 0.978222
10 17 2086 0.488224 -0.00212807 -0.872716 0.547113 0.0934657 0.994373 0.0498629 0.0690997 0.867699 -0.105913 0.485676 0.834202
10 18 1517 -0.453167 -0.8891 0.0643521 -0.117466 -0.83337 0.448175 0.323471 -0.0803825 -0.316439 0.0929572 -0.944047 0.989818
10 19 1382 0.272218 0.286199 0.918688 -0.388303 0.401964 -0.901271 0.161666 -0.00497773 0.874255 0.325271 -0.360384 0.921518
10 20 1062 0.68928 0.135856 -0.711644 0.292509 0.2363 -0.970703 0.0435625 0.0218549 -0.684877 -0.198188 -0.701189 0.956013
10 21 737 -0.632299 -0.0544058 0.772812 -0.022183 -0.0119031 0.998096 0.0605269 0.0596545 -0.774633 0.0290722 -0.631742 0.997973
10 22 1010 0.105018 0.859055 -0.500995 0.388626 0.986205 -0.15478 -0.058674 0.041027 -0.127948 -0.487922 -0.863459 0.920482
10 23 571 0.996682 -0.0528085 -0.0619415 0.379666 0.0527899 0.998604 -0.00193824 0.0211499 0.0619573 -0.00133807 0.998078 -0.924882
10 24 1082 0.756108 -0.223649 0.615046 -0.369203 0.32289 0.944932 -0.0533401 0.0354675 -0.569247 0.238923 0.786685 0.928672
10 25 1021 0.898266 0.0975902 0.428479 -0.960647 -0.116611 0.993009 0.0182977 0.157139 -0.423698 -0.0664018 0.903366 0.229051
10 26 493 0.681342 0.480227 0.552408 0.162441 -0.535278 0.841648 -0.0714591 0.0733004 -0.49925 -0.247004 0.830505 0.983992
10 27 884 0.712596 0.224172 -0.664796 0.325374 -0.208067 0.972474 0.104895 0.014253 0.670011 0.0635742 0.739624 0.945478
10 28 789 -0.483625 0.730304 -0.482456 0.446003 0.786847 0.604187 0.125816 -0.0693147 0.383377 -0.318771 -0.866837 0.892343
10 29 577 0.965401 -0.237624 -0.107406 0.26168 0.246524 0.965925 0.0788351 -0.161439 0.0850131 -0.102586 0.991085 -0.951557
11 12 6853 0.98766 0.0158236 0.155811 -0.952334 -0.0166122 0.999855 0.00375997 0.0975712 -0.155729 -0.00630193 0.98778 0.289031
11 13 4292 0.865124 0.0834499 0.494566 -0.939429 -0.0836373 0.996258 -0.0217987 0.0764221 -0.494535 -0.0225056 0.868867 0.334115
11 14 3032 0.749193 0.113437 0.652565 -0.986553 -0.15461 0.987959 0.00576497 -0.00973776 -0.644054 -0.105212 0.757711 0.163154
11 15 2250 0.54844 0.0731962 0.83298 -0.969249 -0.153083 0.988115 0.0139626 -0.186631 -0.822058 -0.135173 0.553127 0.16039
11 16 2056 0.420644 0.237832 0.875496 -0.96951 -0.17497 0.968176 -0.178942 0.195149 -0.890193 -0.077915 0.448872 0.148216
11 17 1140 0.98128 -0.185432 -0.0520069 -0.966024 0.190189 0.975539 0.110233 -0.0852977 0.030294 -0.118061 0.992544 0.243969
11 18 1765 0.904279 -0.0285386 0.425988 -0.941585 0.0230809 0.999572 0.0179696 0.0403979 -0.426318 -0.0064174 0.904551 0.334344
11 19 1030 0.914427 0.0610532 0.400119 0.0286338 0.120985 -0.984591 -0.126262 0.0511402 0.386245 0.163866 -0.907724 0.998281
11 20 1052 0.785877 0.0200157 0.618058 -0.580454 -0.0243117 0.999703 -0.00146215 0.0902738 -0.617904 -0.013877 0.786131 0.809274
11 21 301 0.672908 0.128538 0.728472 0.36993 -0.137922 0.98932 -0.0471629 -0.104813 -0.726754 -0.0687357 0.68345 0.923128
11 22 428 -0.982449 0.0637201 0.17531 -0.497387 -0.0127557 -0.960594 0.277664 -0.136467 0.186094 0.270555 0.944547 -0.856728
11 23 537 0.292062 0.687781 -0.664573 0.207739 0.828366 -0.529224 -0.183661 -0.0129727 -0.478026 -0.49687 -0.7243 0.978098
11 24 830 0.813957 -0.062472 -0.577556 0.103582 -0.13516 -0.987283 -0.0836926 0.00035087 -0.564982 0.146185 -0.81205 0.994621
11 25 922 -0.923516 -0.131693 0.360242 -0.137176 -0.194979 0.969993 -0.14525 0.0781524 -0.330304 -0.20438 -0.921482 0.987459
11 26 924 -0.694184 -0.0397798 0.718697 -0.0378198 0.0723767 -0.997269 0.0147094 0.0952324 0.716149 0.0622279 0.695168 0.994736
11 27 779 0.409783 -0.318925 -0.854614 0.251621 -0.542424 -0.838444 0.0528013 0.0298022 -0.733385 0.441926 -0.516572 0.967367
11 28 732 -0.939381 0.0871885 -0.331604 0.292199 0.0856705 0.996138 0.0192235 -0.033109 0.332 -0.0103505 -0.943223 0.955784
11 29 1739 0.274181 -0.222394 -0.93561 0.735378 0.204754 0.964085 -0.16916 0.167254 0.939628 -0.145189 0.30987 0.656692
12 13 5753 0.929293 0.0676092 0.363103 -0.994747 -0.0683863 0.997601 -0.0107302 -0.087085 -0.362957 -0.0148598 0.931687 -0.0537995
12 14 3311 0.884053 0.122193 0.451132 -0.775459 -0.138516 0.990355 0.00319323 -0.078396 -0.446391 -0.0653118 0.892452 -0.626512
12 15 2583 0.747464 0.186522 0.637579 -0.882136 -0.175494 0.981119 -0.0812841 0.0226129 -0.640702 -0.0511342 0.766085 -0.470452
12 16 2245 0.43741 0.241273 0.866291 -0.980947 -0.174879 0.967766 -0.181235 0.174304 -0.882094 -0.0722225 0.465504 0.0858026
12 17 859 0.979851 0.109329 -0.167152 -0.9938 -0.101159 0.993255 0.0566607 0.104532 0.17222 -0.0386101 0.984302 -0.037868
12 18 1065 0.990103 0.00557637 0.140229 -0.226068 0.0114026 0.99271 -0.119986 0.0707644 -0.139876 0.120397 0.982822 0.971538
12 19 971 0.590697 0.798511 0.11601 0.0341864 -0.404853 0.168932 0.898641 -0.0622005 0.697977 -0.577791 0.423067 0.997478
12 20 409 -0.938939 -0.120166 -0.322417 0.113717 0.0952177 -0.991184 0.0921267 0.0293414 -0.330645 0.0558015 0.942104 0.99308
12 21 744 0.95242 0.0805588 0.29395 0.851386 -0.103137 0.992726 0.0621092 -0.220755 -0.286809 -0.0894713 0.953801 -0.475825
12 22 1370 0.877655 0.432493 0.206571 0.309291 0.303696 -0.168382 -0.937772 0.718543 -0.370797 0.885775 -0.279128 0.622925
12 23 824 -0.440782 0.043384 -0.896565 0.44774 0.371263 0.918201 -0.138095 0.0989803 0.817236 -0.393731 -0.420833 0.888668
12 24 537 0.999977 -0.00439198 -0.00514962 -0.434715 0.00424345 0.999585 -0.0285076 0.00194641 0.00527268 0.0284851 0.99958 0.900566
12 25 918 -0.61616 0.0520722 0.785898 -0.137012 -0.162371 0.967981 -0.191439 0.0780538 -0.770703 -0.245564 -0.587976 0.987489
12 26 551 0.932256 0.0525363 0.357964 0.000127266 -0.0646771 0.997663 0.0220193 0.0928187 -0.35597 -0.0436797 0.933476 0.995683
12 27 457 0.956855 0.0443756 -0.287157 0.117601 -0.0204947 0.996115 0.0856424 0.0538185 0.289842 -0.0760622 0.954047 0.991602
12 28 920 0.563329 -0.520003 -0.642073 0.292617 -0.683377 -0.730018 -0.00833922 -0.0332433 -0.464389 0.443476 -0.766598 0.955652
12 29 1777 0.0289369 -0.0385262 -0.998839 0.645338 0.25008 0.967758 -0.0300825 0.0109493 0.967793 -0.248919 0.0376385 0.763819
13 14 4712 0.976074 0.0519115 0.21115 -0.908799 -0.0634808 0.99681 0.048383 -0.134226 -0.207965 -0.0606294 0.976256 -0.395053
13 15 2832 0.919734 0.0952515 0.380811 -0.851562 -0.100416 0.994925 -0.00633441 -0.0942531 -0.379481 -0.0324135 0.924631 -0.515711
13 16 2083 0.840818 0.112891 0.529415 -0.943458 -0.121548 0.992412 -0.0185773 -0.0788384 -0.527494 -0.0487291 0.84816 -0.32198
13 17 1279 0.937317 0.119477 0.327355 -0.0108454 -0.0481566 0.974785 -0.217887 0.967347 -0.345134 0.188465 0.919437 -0.253222
13 18 1164 0.312853 0.194944 0.92958 -0.872217 -0.162885 0.975223 -0.149696 0.107475 -0.93573 -0.104582 0.336855 0.477165
13 19 477 0.997606 -0.0635607 -0.0272355 0.311256 0.0631777 0.997894 -0.0147 0.0573238 0.0281124 0.0129441 0.999521 0.948596
13 20 364 0.960515 0.0700927 0.269253 0.190982 -0.0692916 0.997518 -0.0124904 0.162185 -0.26946 -0.00665978 0.962989 0.968102
13 21 389 0.943132 0.0278768 0.331247 -0.0935993 -0.035252 0.999246 0.0162765 0.0685568 -0.330543 -0.027028 0.943404 0.993247
13 22 1082 0.463604 0.0858194 -0.881877 0.952242 0.161158 0.970529 0.179168 -0.15931 0.871263 -0.225184 0.436111 0.260492
13 23 528 -0.510002 -0.501034 -0.699187 0.447545 -0.523472 0.825779 -0.209918 0.0989458 0.68255 0.258946 -0.683427 0.888771
13 24 254 -0.809108 0.583011 -0.073767 0.242883 -0.584174 -0.784296 0.208854 -0.128684 0.0639093 0.212079 0.975161 0.961482
13 25 427 0.999023 0.0130711 -0.0422229 -0.187779 -0.0115076 0.999247 0.0370633 0.0771629 0.0426755 -0.0365412 0.998421 0.979176
13 26 908 0.977952 0.13195 0.161864 -0.0639615 -0.0595883 -0.566551 0.821869 -0.504279 0.20015 -0.813393 -0.546197 0.861169
13 27 602 0.951448 0.306686 0.0262689 -0.00460969 -0.287027 0.914798 -0.284184 0.072693 -0.111186 0.262846 0.95841 0.997344
13 28 478 0.990837 0.0212128 0.133384 -0.0207502 -0.00453359 0.992256 -0.124127 0.137234 -0.134984 0.122385 0.983261 0.990321
13 29 1170 -0.380458 -0.230082 -0.89572 0.570254 0.133515 0.944744 -0.299386 0.189824 0.915109 -0.233495 -0.328717 0.799235
14 15 3525 0.973853 0.0558167 0.220217 -0.847026 -0.0480282 0.998022 -0.0405684 -0.127899 -0.222046 0.028931 0.974607 -0.515935
14 16 2319 0.939541 0.0776729 0.333511 -0.882574 -0.0642764 0.996626 -0.0510346 -0.10599 -0.33635 0.0265122 0.941364 -0.458071
14 17 1396 0.882662 0.111103 0.456688 -0.996716 -0.106677 0.993658 -0.0355563 -0.0329252 -0.457742 -0.0173341 0.888916 -0.0739805
14 18 981 0.624787 0.208656 0.752399 -0.940923 -0.159143 0.977434 -0.138911 0.0632741 -0.764405 -0.0329495 0.643894 0.332658
14 19 920 0.422594 0.229002 0.876911 -0.881027 -0.170331 0.970379 -0.171326 0.0623707 -0.89017 -0.0769638 0.449082 0.468937
