0 1 3613 0.661132 -0.108816 -0.742336 0.406695 0.0867545 0.993877 -0.0684245 0.167106 0.745237 -0.0191634 0.666524 0.898151
0 2 3315 0.871304 -0.0841629 -0.483472 0.480817 0.090956 0.99581 -0.00943157 0.191626 0.48224 -0.0357569 0.875309 0.855625
0 3 6312 0.951434 -0.0546061 -0.302971 0.703705 0.0582665 0.998296 0.00304874 0.136534 0.302288 -0.0205537 0.952995 0.697251
0 4 8473 0.993136 -0.0332901 -0.112129 0.600625 0.0315715 0.999356 -0.0170683 0.114974 0.112625 0.0134111 0.993547 0.791221
0 5 7229 0.99974 0.00324069 -0.0225869 0.475366 -0.00349941 0.999929 -0.0114242 0.14186 0.0225482 0.0115003 0.99968 0.868276
0 6 8231 0.998547 0.0106356 0.0528233 0.408318 -0.011898 0.99965 0.0236436 0.200906 -0.0525534 -0.0242378 0.998324 0.890457
0 7 3653 0.913696 0.0790834 0.39863 0.531481 -0.0941789 0.995385 0.0183941 0.195587 -0.395336 -0.0543491 0.916927 0.824181
0 8 4734 0.84703 0.0991956 0.522207 0.0868401 -0.110785 0.993803 -0.00908171 0.235421 -0.519872 -0.0501603 0.85277 0.968006
0 9 4053 0.801938 0.110408 0.587116 -0.362103 -0.124229 0.99211 -0.0168828 0.167715 -0.584347 -0.0593981 0.809327 0.916926
0 10 3461 0.716575 0.127772 0.685707 -0.721706 -0.122612 0.990845 -0.0564991 0.120639 -0.686648 -0.0435899 0.725682 0.681606
0 11 2307 0.576743 0.157579 0.801584 -0.815215 -0.173514 0.982461 -0.0682925 0.104071 -0.798286 -0.0996991 0.593969 0.569731
0 12 1830 0.437002 0.156948 0.885662 -0.779776 -0.18363 0.979488 -0.0829687 0.122128 -0.880516 -0.126377 0.456859 0.614031
0 13 1174 0.105689 0.177624 0.978407 -0.620241 -0.202038 0.967231 -0.153771 0.154808 -0.973658 -0.181423 0.138113 0.768984
0 14 868 -0.27849 0.172685 0.944787 -0.545309 -0.202867 0.950933 -0.233606 0.21039 -0.93877 -0.256723 -0.229794 0.811403
0 15 76 -0.968442 -0.248447 -0.0198586 -0.321332 -0.234462 0.8811 0.410719 -0.194243 -0.0845444 0.402414 -0.911546 0.926831
0 16 229 -0.772144 -0.61351 0.165527 -0.459377 -0.634845 0.733439 -0.242977 0.00800205 0.0276653 -0.292697 -0.955805 0.888206
0 17 564 0.761144 -0.0307888 0.647852 -0.391584 0.326864 -0.84454 -0.42416 0.0731436 0.560196 0.534606 -0.632753 0.917231
0 18 229 -0.968268 -0.203115 -0.145605 -0.241888 0.208708 -0.977682 -0.024065 0.150932 -0.137468 -0.0536905 0.98905 0.958493
0 19 104 0.981284 0.18934 -0.0350975 -0.0881117 -0.0577266 0.463119 0.884414 -0.789772 0.183709 -0.865836 0.465381 0.607039
0 20 179 0.404713 0.871096 0.278207 -0.226224 0.832759 -0.476779 0.281415 -0.26883 0.377782 0.117787 -0.918372 0.936244
0 21 92 0.460897 0.886904 -0.0312348 -0.171463 -0.851967 0.43234 -0.295354 -0.244762 -0.248447 0.162739 0.954877 0.954302
0 22 446 0.974632 -0.208826 0.08052 0.175629 -0.160707 -0.402574 0.90117 -0.558883 -0.155772 -0.89125 -0.425921 0.810435
0 23 39 0.964962 -0.0438662 -0.258696 -0.188009 0.0375088 0.998862 -0.0294621 0.147538 0.259694 0.0187265 0.965509 0.971023
0 24 22 -0.910607 -0.341236 0.233136 0.0240823 0.175048 -0.829489 -0.530383 -0.283049 0.374369 -0.442161 0.815072 0.958803
0 25 967 0.79469 -0.0502346 -0.604933 0.648947 0.0796096 0.996587 0.0218236 0.1559 0.601772 -0.0655015 0.795977 0.74469
0 26 1136 0.0572525 -0.174267 -0.983033 0.260434 0.3324 0.931797 -0.145825 0.179612 0.941399 -0.318411 0.111274 0.948638
0 27 1389 0.0405422 -0.176647 -0.983439 0.239684 0.24943 0.954876 -0.161234 0.188257 0.967544 -0.238762 0.0827738 0.952424
0 28 2098 0.133573 -0.196437 -0.971376 0.208605 0.143131 0.973706 -0.177226 0.193927 0.980649 -0.115362 0.158177 0.95858
0 29 3624 0.883573 -0.0501595 -0.465599 0.621477 0.0255869 0.997933 -0.058952 0.213059 0.467593 0.0401752 0.88303 0.753905
1 2 6973 0.964871 0.0228816 0.261726 -0.989402 -0.0323187 0.998971 0.0318093 -0.0472389 -0.260729 -0.0391505 0.964618 -0.137302
1 3 5501 0.861616 0.0620202 0.503758 -0.978023 -0.0710714 0.99747 -0.00124484 -0.0381813 -0.50256 -0.0347302 0.863844 -0.204972
1 4 4843 0.791384 0.0799211 0.606073 -0.999698 -0.0709924 0.996724 -0.0387364 -0.0133266 -0.607183 -0.0123712 0.794465 -0.0206365
1 5 3806 0.709275 0.110733 0.696181 -0.959909 -0.101157 0.993352 -0.0549414 0.0578474 -0.697636 -0.0314548 0.715761 0.274278
1 6 3063 0.670185 0.125539 0.7315 -0.986601 -0.135369 0.989734 -0.0458344 0.0780172 -0.729744 -0.0683051 0.6803 0.14329
1 7 309 0.308489 0.151819 0.939034 -0.905804 -0.192426 0.976731 -0.0946981 0.0837799 -0.931561 -0.151482 0.330525 0.415332
1 8 224 0.725992 -0.123516 0.67652 -0.157769 -0.286071 0.840344 0.460418 -0.985147 -0.625378 -0.527793 0.574749 -0.0677846
1 9 23 0.991772 0.0732604 0.104984 -0.460028 -0.0818227 0.993454 0.0797131 -0.227254 -0.0984568 -0.0876473 0.991274 -0.85833
1 10 15 0.993502 0.0061732 0.113644 -0.456041 -0.00947599 0.999548 0.0285453 -0.202805 -0.113417 -0.0294367 0.993111 -0.866543
1 11 50 0.981823 0.17256 0.0790407 -0.386819 -0.153197 0.966334 -0.206711 0.610472 -0.11205 0.190844 0.975204 -0.691155
1 12 53 -0.557644 0.781156 -0.280763 0.182189 0.711451 0.624029 0.323148 0.0224641 0.427634 -0.0195479 -0.903741 0.983007
1 13 65 0.981251 0.028802 0.190571 0.130915 -0.0338685 0.999153 0.0233821 0.224066 -0.189736 -0.029398 0.981395 -0.965741
1 14 189 -0.296802 0.547438 0.782445 -0.254513 0.773352 0.61847 -0.13936 -0.0610371 -0.56021 0.563743 -0.606925 0.965141
1 15 296 -0.710245 0.0145824 -0.703804 0.288176 -0.320042 0.883798 0.341283 -0.220628 0.626997 0.467641 -0.623046 0.931814
1 16 219 0.86685 -0.10327 -0.487757 0.170576 0.142022 -0.886634 0.440124 -0.29996 -0.477913 -0.450794 -0.753912 0.938578
1 17 663 0.922795 -0.279864 -0.264812 0.0816051 0.302923 0.102275 0.947511 -0.810757 -0.238091 -0.954576 0.179156 0.579667
1 18 267 0.787947 0.0124377 0.615617 -0.848284 -0.0386911 0.99882 0.0293422 0.0371176 -0.614526 -0.046939 0.787499 0.528239
1 19 0 1 0 0 0 0 1 0 0 0 0 1 0
1 20 56 0.975696 0.00908977 0.218942 -0.969063 -0.0106351 0.999926 0.00588061 -0.0450799 -0.218872 -0.00806615 0.97572 -0.242663
1 21 20 0.891728 -0.108969 -0.439257 0.225693 0.129756 0.991392 0.0174754 -0.198703 0.433572 -0.0725796 0.898191 -0.953719
1 22 29 0.95423 -0.0944777 -0.283758 0.0423964 0.0861586 0.995409 -0.0416861 0.097788 0.286394 0.0153299 0.957989 -0.994304
1 23 32 0.981391 -0.0217416 -0.190784 0.239329 0.00217751 0.994765 -0.102162 0.307036 0.192007 0.099845 0.976301 -0.921114
1 24 118 0.634051 -0.00426333 0.773279 -0.935554 0.102001 0.991708 -0.0781683 0.0353723 -0.766534 0.128438 0.629229 0.351408
1 25 656 0.466387 -0.150432 -0.871696 0.958314 0.233976 0.971316 -0.0424383 0.0399822 0.853076 -0.184163 0.488207 0.282905
1 26 853 0.613208 -0.152308 -0.775099 0.951361 0.221056 0.975118 -0.0167267 0.0681411 0.75836 -0.161083 0.631619 0.300447
1 27 1545 0.724546 -0.140172 -0.674822 0.971951 0.177833 0.983969 -0.0134508 0.052202 0.665889 -0.11026 0.737858 0.229317
1 28 3253 0.839751 -0.120516 -0.529428 0.999796 0.125543 0.991731 -0.0266227 0.0189994 0.528259 -0.0441095 0.847937 0.00692126
1 29 6694 0.948495 0.0346067 0.314896 -0.900171 -0.040476 0.999107 0.0121164 0.110445 -0.314195 -0.024238 0.949049 0.4213
2 3 8613 0.968371 0.0489089 0.244675 -0.797603 -0.0456619 0.998778 -0.0189292 -0.119372 -0.245302 0.0071581 0.96942 -0.591253
2 4 6196 0.925281 0.0728578 0.37222 -0.981261 -0.054407 0.996724 -0.0598499 -0.0155283 -0.375361 0.0351266 0.926213 -0.192057
2 5 4892 0.864688 0.107189 0.490739 -0.965683 -0.0893148 0.994208 -0.0597852 0.0383595 -0.494304 0.00786534 0.869253 0.256877
2 6 3894 0.82254 0.112608 0.557448 -0.993656 -0.113335 0.992997 -0.0333604 0.0254534 -0.5573 -0.0357379 0.829542 0.109545
2 7 1135 0.561004 0.170536 0.810057 -0.944775 -0.185144 0.97961 -0.0780097 0.0676066 -0.806843 -0.106213 0.581139 0.320671
2 8 739 0.441008 0.180426 0.87918 -0.937377 -0.192864 0.975751 -0.103501 0.0588927 -0.876536 -0.123918 0.465112 0.343301
2 9 443 0.248445 0.167355 0.954079 -0.899722 -0.0857237 0.984896 -0.150438 0.125425 -0.964845 -0.0444118 0.259039 0.418054
2 10 341 0.91116 0.208421 0.355456 -0.42805 -0.184082 0.977668 -0.101385 0.0325479 -0.368648 0.0269451 0.929178 0.903169
2 11 452 0.0821326 0.220384 0.971949 -0.869687 -0.202864 0.958523 -0.200198 0.106269 -0.975756 -0.180731 0.123434 0.482029
2 12 296 0.934338 0.0474713 0.353213 0.0222947 -0.0402981 0.998805 -0.0276393 0.3228 -0.354103 0.0115907 0.935135 -0.946205
2 13 268 0.79118 0.213931 0.572946 -0.11111 -0.187825 0.976546 -0.105262 0.221324 -0.582027 -0.0243322 0.812805 -0.96885
2 14 228 0.474802 0.30866 0.824192 -0.915525 -0.332157 0.930072 -0.156963 0.177728 -0.815006 -0.199235 0.544124 0.36087
2 15 57 0.930382 -0.0602938 0.361598 -0.969527 0.0550838 0.998176 0.0247092 -0.00477959 -0.362429 -0.00307074 0.932006 0.244939
2 16 142 -0.856561 0.155646 -0.492014 0.300991 -0.129984 0.857615 0.497594 -0.297965 0.499408 0.490174 -0.714368 0.905881
2 17 114 -0.870951 0.0132359 -0.491192 -0.309315 -0.0548044 -0.996017 0.0703363 0.0477103 -0.488305 0.0881789 0.868207 0.949762
2 18 180 0.96799 0.0250595 0.249736 -0.0439735 0.0786478 0.914608 -0.396619 0.810692 -0.238349 0.403564 0.88336 0.583819
2 19 101 0.970756 -0.208902 -0.118293 -0.959391 0.206398 0.977906 -0.0331766 -0.16386 0.12261 0.00779107 0.992424 -0.229605
2 20 88 0.730339 0.120976 0.672287 0.391881 -0.137521 0.990081 -0.0287664 0.171363 -0.669099 -0.0714444 0.739732 0.903916
2 21 28 0.783489 -0.165645 -0.598921 0.269987 0.163518 0.984807 -0.0584618 -0.17782 0.599506 -0.0521302 0.798671 -0.946302
2 22 126 0.968236 -0.248004 -0.0318435 -0.954901 0.245173 0.966664 -0.0738311 -0.120332 0.0490923 0.0636787 0.996762 -0.27145
2 23 0 1 0 0 0 0 1 0 0 0 0 1 0
2 24 77 0.592827 -0.0178432 0.805132 -0.990788 0.15915 0.982634 -0.0954066 0.0520129 -0.789448 0.184696 0.585371 0.125033
2 25 375 0.962157 0.0745134 0.26211 -0.977217 -0.060669 0.996321 -0.0605322 0.15855 -0.265656 0.0423395 0.963138 -0.141101
2 26 413 0.400012 -0.182211 -0.898215 0.902336 0.232945 0.968067 -0.0926414 0.0719756 0.886412 -0.172177 0.429684 0.424982
2 27 854 0.527866 -0.195432 -0.826537 0.906697 0.18409 0.976359 -0.113289 0.136913 0.829137 -0.0923556 0.551364 0.398943
2 28 1639 0.664484 -0.163801 -0.72913 0.95655 0.135531 0.985917 -0.0979745 0.0744586 0.73491 -0.0337171 0.677326 0.281901
2 29 7355 0.998658 0.0139102 0.049895 0.972503 -0.0132238 0.999814 -0.0140604 0.0345158 -0.0500813 0.0133817 0.998655 0.230316
3 4 12784 0.991231 0.0241125 0.129921 -0.994169 -0.0193558 0.9991 -0.0377516 0.0450316 -0.130715 0.0349059 0.990805 0.0979852
3 5 9917 0.964355 0.0577264 0.258239 -0.87667 -0.0507299 0.998144 -0.0336807 0.093364 -0.259704 0.0193797 0.965494 0.471946
3 6 7861 0.941846 0.0637543 0.329942 -0.971807 -0.0685269 0.997645 0.00284173 0.0532298 -0.328984 -0.0252864 0.943997 0.229692
3 7 3067 0.752457 0.128492 0.645986 -0.925019 -0.148341 0.988648 -0.0238598 0.0833599 -0.641719 -0.0778724 0.762976 0.370662
3 8 2242 0.661457 0.144689 0.735894 -0.925237 -0.156618 0.986229 -0.053133 0.0788486 -0.733448 -0.0801091 0.675009 0.371106
3 9 1359 0.576081 0.155086 0.802545 -0.929661 -0.168255 0.983309 -0.0692409 0.0622758 -0.799888 -0.0951435 0.59256 0.363115
3 10 1185 0.469318 0.167344 0.867027 -0.907182 -0.147617 0.98293 -0.109809 0.0723297 -0.870603 -0.0764528 0.48601 0.414476
3 11 1075 0.258946 0.192942 0.946425 -0.85363 -0.16802 0.973905 -0.152573 0.117654 -0.951166 -0.11951 0.284607 0.507418
3 12 634 0.114864 0.181751 0.976613 -0.79293 -0.187941 0.969341 -0.158293 0.122338 -0.975441 -0.165364 0.145501 0.596904
3 13 643 0.78821 0.305394 0.534284 -0.144236 -0.303323 0.94819 -0.0944987 0.181118 -0.535462 -0.087576 0.840006 0.972827
3 14 550 0.806422 0.193474 0.558794 -0.166347 -0.20644 0.977618 -0.0405621 0.253539 -0.554135 -0.0826472 0.828314 -0.952915
3 15 450 -0.61545 0.251519 0.746967 -0.384023 -0.068496 0.927062 -0.368597 0.253298 -0.785194 -0.278017 -0.553332 0.8879
3 16 73 -0.825919 0.205014 0.525192 0.331326 -0.00963185 -0.936536 0.350439 0.157804 0.563706 0.284376 0.775478 0.930226
3 17 265 0.975192 0.182145 0.125793 -0.400827 -0.189125 0.980881 0.0458684 0.05637 -0.115033 -0.068521 0.990996 0.914418
3 18 243 0.999241 0.0341933 0.0186372 -0.0211291 -8.22983e-05 -0.476726 0.879052 -0.553827 0.0389425 -0.878387 -0.476361 0.832363
3 19 136 0.992031 0.1199 0.0387089 0.769801 -0.118467 0.992253 -0.0374038 0.164036 -0.0428938 0.03252 0.99855 0.616846
3 20 61 0.941508 -0.279801 -0.187816 0.327084 -0.151468 -0.849224 0.505841 -0.355697 -0.301032 -0.447805 -0.841932 0.875497
3 21 0 1 0 0 0 0 1 0 0 0 0 1 0
3 22 0 1 0 0 0 0 1 0 0 0 0 1 0
3 23 0 1 0 0 0 0 1 0 0 0 0 1 0
3 24 146 0.827138 -0.0291449 -0.561242 0.885021 0.0159253 0.999469 -0.0284317 -0.0094509 0.561773 0.014579 0.827163 -0.465456
3 25 245 0.976579 0.0121657 -0.214813 0.281299 -0.00752707 0.999721 0.0223988 -0.065099 0.215026 -0.0202572 0.976398 -0.957409
3 26 559 0.122311 -0.210065 -0.970007 0.791672 0.229757 0.956789 -0.178232 0.177719 0.965532 -0.201066 0.16529 0.584527
3 27 1141 0.288536 -0.192847 -0.937847 0.815234 0.222726 0.966155 -0.130145 0.110987 0.931204 -0.171332 0.321723 0.568397
3 28 1939 0.488679 -0.16697 -0.856337 0.866678 0.174881 0.980343 -0.0913513 0.00790067 0.854757 -0.105116 0.508273 0.498805
3 29 8907 0.980467 -0.0339055 -0.193742 0.847533 0.0334949 0.999424 -0.00539595 0.106351 0.193813 -0.0011988 0.981038 0.519978
4 5 13534 0.991764 0.0290186 0.124752 -0.735463 -0.0303349 0.999502 0.00866441 0.101195 -0.124438 -0.0123774 0.99215 0.669965
4 6 11507 0.980276 0.0343382 0.19463 -0.98043 -0.0447297 0.997784 0.0492493 0.0205831 -0.192508 -0.0569836 0.97964 0.195788
4 7 5518 0.841309 0.0893109 0.533125 -0.961341 -0.12322 0.991977 0.0282711 0.0586368 -0.526322 -0.0894764 0.845564 0.269045
4 8 4025 0.760856 0.101396 0.64095 -0.9626 -0.129503 0.991574 -0.00313316 0.0664884 -0.635867 -0.080621 0.767576 0.262643
4 9 2707 0.694766 0.113215 0.71027 -0.966053 -0.14418 0.989411 -0.0166766 0.0444785 -0.704637 -0.0908204 0.703732 0.254486
4 10 2194 0.586046 0.121502 0.801117 -0.949229 -0.149375 0.987948 -0.0405648 0.0289173 -0.79639 -0.0958937 0.597132 0.313254
4 11 1622 0.442511 0.151554 0.883864 -0.904621 -0.178342 0.980801 -0.0788885 0.0886381 -0.878851 -0.122721 0.461043 0.416899
4 12 1299 0.299398 0.143927 0.94321 -0.848859 -0.193135 0.977235 -0.0878134 0.100137 -0.934377 -0.155876 0.320379 0.519048
4 13 1142 -0.0626595 0.158811 0.985319 -0.659326 -0.195268 0.966227 -0.168152 0.149889 -0.978746 -0.202938 -0.0295326 0.736765
4 14 744 0.246396 0.285561 0.926145 -0.755185 -0.345269 0.918773 -0.191431 0.258788 -0.905582 -0.272601 0.324978 0.602265
4 15 306 0.717126 0.141777 0.68237 -0.394395 -0.14073 0.988379 -0.0574597 0.315486 -0.682587 -0.0548239 0.728745 -0.863088
4 16 84 -0.8506 0.152899 0.503092 0.296638 0.0248428 -0.944034 0.328912 0.148562 0.525226 0.292271 0.799197 0.943364
4 17 195 -0.0947435 -0.207471 -0.973642 -0.378858 0.523651 -0.842185 0.128503 0.0426091 -0.846648 -0.497674 0.188434 0.924473
4 18 143 0.998548 0.00570799 -0.0535679 -0.039942 -0.000686835 0.995639 0.0932883 -0.213462 0.0538668 -0.0931161 0.994197 0.976134
4 19 98 0.990116 0.131443 0.0489124 -0.750095 -0.13285 0.990777 0.0266986 -0.0533107 -0.0449519 -0.0329327 0.998446 -0.659178
4 20 199 0.890637 -0.113545 0.44031 0.0911909 -0.141847 0.850625 0.506278 -0.905517 -0.432024 -0.513366 0.741492 0.414395
4 21 0 1 0 0 0 0 1 0 0 0 0 1 0
4 22 35 -0.94811 -0.0128677 0.317681 -0.368826 0.0747124 -0.980219 0.183273 0.193952 0.309039 0.197498 0.930317 -0.909038
4 23 0 1 0 0 0 0 1 0 0 0 0 1 0
4 24 192 0.92304 -0.0838608 -0.375452 -0.579474 0.077889 0.996477 -0.0310844 0.140933 0.376736 -0.000551445 0.92632 -0.802713
4 25 383 0.92764 0.046224 -0.370605 0.928972 -0.0190873 0.996882 0.0765605 -0.128024 0.372988 -0.0639467 0.92563 -0.347305
4 26 697 0.104969 -0.153981 -0.982482 0.779956 0.277913 0.953121 -0.119687 0.101142 0.954854 -0.260481 0.142841 0.617607
4 27 1065 0.22894 -0.165442 -0.959279 0.767831 0.230626 0.966614 -0.111666 0.120658 0.945726 -0.19567 0.259452 0.629188
4 28 2023 0.328241 -0.14704 -0.933079 0.767404 0.172688 0.980503 -0.0937649 0.0826902 0.928675 -0.130354 0.347234 0.635809
4 29 7365 0.943311 -0.0464443 -0.328644 0.907882 0.0568716 0.998135 0.0221819 0.0791742 0.327001 -0.039615 0.944193 0.411682
5 6 12476 0.997155 0.00504141 0.075205 -0.837732 -0.00817201 0.99911 0.0413781 -0.122318 -0.0749295 -0.041875 0.996309 -0.532206
5 7 6605 0.898908 0.067588 0.432892 -0.976185 -0.091636 0.995181 0.0349048 -0.057278 -0.428447 -0.0710447 0.90077 -0.209241
5 8 4975 0.838632 0.0856268 0.537926 -0.996526 -0.106816 0.994244 0.00826415 -0.0179399 -0.534122 -0.0643897 0.842952 -0.0813233
5 9 3686 0.781907 0.0984454 0.615573 -0.99967 -0.116713 0.993109 -0.0105731 -0.00756173 -0.612372 -0.0635781 0.788009 -0.0245396
5 10 3071 0.693163 0.111938 0.712036 -0.994596 -0.115672 0.992339 -0.0433976 0.00989953 -0.711439 -0.0522808 0.7008 0.103347
5 11 2204 0.562342 0.147595 0.813626 -0.964951 -0.156299 0.985177 -0.070688 0.0660341 -0.811999 -0.0874184 0.577075 0.253985
5 12 1745 0.405331 0.152141 0.901421 -0.911911 -0.157709 0.982907 -0.0949795 0.0993501 -0.900463 -0.103664 0.422397 0.398181
5 13 1299 0.0616232 0.164706 0.984416 -0.756754 -0.182302 0.971556 -0.151142 0.130226 -0.98131 -0.170147 0.0898966 0.640597
5 14 936 0.932732 0.341834 0.114722 0.921694 -0.350729 0.933955 0.0686761 -0.247781 -0.0836692 -0.104293 0.991021 -0.298469
5 15 507 -0.416264 0.0646134 0.906945 -0.600711 -0.254306 0.94939 -0.184357 0.089445 -0.872956 -0.307383 -0.378765 0.794447
5 16 394 0.967499 -0.235808 0.0913209 -0.296821 0.252735 0.889783 -0.380016 0.878111 0.00835495 0.390745 0.920461 0.375257
5 17 374 0.996482 -0.035092 0.0761109 -0.403705 0.03472 0.999378 0.00620564 0.329356 -0.0762813 -0.00354124 0.99708 0.85355
5 18 127 0.898796 0.377155 0.223427 0.0892026 -0.400125 0.914031 0.0666896 -0.168986 -0.179067 -0.149339 0.972437 -0.981574
5 19 145 0.995164 -0.00743643 0.0979464 -0.571245 0.00598206 0.999868 0.015134 -0.088021 -0.098046 -0.0144749 0.995077 -0.816046
5 20 272 0.899552 0.0534715 0.433528 0.303245 -0.0933672 0.993079 0.0712462 -0.452695 -0.426718 -0.104567 0.898319 0.838516
5 21 39 0.855993 0.0724534 0.511886 0.434103 -0.0966928 0.995096 0.0208449 -0.23793 -0.507865 -0.0673387 0.858801 0.868875
5 22 0 1 0 0 0 0 1 0 0 0 0 1 0
5 23 0 1 0 0 0 0 1 0 0 0 0 1 0
5 24 102 0.492439 -0.0383349 -0.869503 0.967432 0.090711 0.995849 0.00746848 -0.0624413 0.865607 -0.0825512 0.493872 0.245311
5 25 464 0.934597 -0.0395907 -0.353499 0.496196 0.0555698 0.997835 0.0351635 -0.0283156 0.351342 -0.0525076 0.934774 -0.867749
5 26 690 -0.135102 -0.157627 -0.978213 0.707621 0.267278 0.944869 -0.189168 0.148717 0.954102 -0.287012 -0.0855235 0.690765
5 27 963 0.0684807 -0.153043 -0.985844 0.76281 0.266131 0.955159 -0.129793 0.0807856 0.961501 -0.253475 0.106139 0.641556
5 28 1492 0.199471 -0.161689 -0.966472 0.774457 0.18431 0.97488 -0.125056 0.0911237 0.962414 -0.153186 0.224261 0.62603
5 29 6280 0.893578 -0.0792568 -0.441857 0.976855 0.0895279 0.995981 0.00240326 0.0445823 0.439891 -0.041706 0.897082 0.209204
6 7 7441 0.934832 0.0792691 0.346129 -0.962393 -0.0836053 0.996496 -0.00241063 -0.0494904 -0.345107 -0.0266847 0.938184 -0.267115
6 8 5521 0.877473 0.101584 0.468744 -0.992153 -0.109036 0.993974 -0.0112972 -0.0796857 -0.467067 -0.041197 0.883262 -0.0963419
6 9 4275 0.826004 0.114648 0.551881 -0.999296 -0.101594 0.993343 -0.0543003 0.0286962 -0.554432 -0.0112156 0.832153 -0.0241467
6 10 3353 0.746139 0.135839 0.651785 -0.995929 -0.110867 0.990647 -0.0795458 0.0168836 -0.656495 -0.0129091 0.75422 0.0885454
6 11 2284 0.605873 0.176181 0.775808 -0.965586 -0.155672 0.982574 -0.101563 0.0670082 -0.780182 -0.0592371 0.622742 0.251303
6 12 1671 0.496345 0.168767 0.851563 -0.92853 -0.189251 0.978364 -0.0835899 0.0479724 -0.847246 -0.11967 0.517545 0.368144
6 13 1298 0.130922 0.208683 0.969181 -0.767327 -0.186395 0.965342 -0.182677 0.134759 -0.973713 -0.156734 0.165282 0.626936
6 14 788 -0.131117 0.19892 0.971205 -0.691323 -0.239293 0.944345 -0.225724 0.170171 -0.962054 -0.261998 -0.0762196 0.702221
6 15 234 0.775994 0.445458 0.446542 -0.390107 -0.423372 0.892642 -0.154745 0.0536243 -0.467534 -0.0689721 0.88128 0.919207
6 16 239 0.933307 -0.334632 0.130227 -0.302126 0.330544 0.658966 -0.675651 0.866745 0.140279 0.673636 0.725629 0.396828
6 17 433 0.985105 -0.164862 0.0488688 -0.31858 0.171541 0.92258 -0.345572 0.768309 0.0118863 0.348808 0.937119 0.555166
6 18 279 0.780277 -0.566855 0.26428 -0.138381 0.617583 0.76506 -0.182414 0.313695 -0.0987875 0.305548 0.947038 -0.939386
6 19 0 1 0 0 0 0 1 0 0 0 0 1 0
6 20 178 0.941365 0.00168605 0.337387 0.0217168 -0.0480111 0.99048 0.129009 -0.973959 -0.333958 -0.137643 0.932484 0.225682
6 21 0 1 0 0 0 0 1 0 0 0 0 1 0
6 22 19 -0.602873 -0.757046 0.251842 -0.257839 0.781308 -0.624119 -0.00578494 -0.0682834 0.161559 0.193279 0.967751 -0.963772
6 23 30 0.919427 -0.138441 -0.368088 0.189095 0.120301 0.99013 -0.0719034 -0.156008 0.374409 0.0218287 0.927007 -0.969487
6 24 43 -0.407376 0.16932 -0.897427 0.516803 0.161066 0.98058 0.111895 -0.142153 0.898945 -0.0989614 -0.426737 0.84422
6 25 608 0.920028 -0.0827877 -0.383008 0.882462 0.0919534 0.995747 0.00565019 -0.116445 0.380911 -0.0404172 0.923728 -0.455743
6 26 774 -0.330068 -0.236023 -0.913974 0.532913 0.142715 0.944629 -0.295479 0.244325 0.933106 -0.227966 -0.278108 0.810129
6 27 1100 -0.0358273 -0.225423 -0.973602 0.617295 0.205256 0.951798 -0.227928 0.187624 0.978052 -0.208004 0.0121692 0.764032
6 28 1525 0.038833 -0.19713 -0.979608 0.6295 0.180202 0.965656 -0.187179 0.113486 0.982863 -0.169259 0.0730226 0.768668
6 29 4581 0.852621 -0.10059 -0.512756 0.921055 0.0931839 0.994836 -0.040215 0.0667755 0.514154 -0.0134924 0.857592 0.383665
7 8 10615 0.990877 0.0260031 0.132235 -0.99932 -0.0242872 0.999599 -0.0145729 -0.0149641 -0.132561 0.0112283 0.991111 -0.0337015
7 9 8412 0.973323 0.0463346 0.224713 -0.999008 -0.0407055 0.998732 -0.0296212 -0.00462709 -0.225801 0.0196839 0.973975 -0.0442875
7 10 6430 0.932725 0.073063 0.35311 -0.995304 -0.0532595 0.996431 -0.0654916 0.0240918 -0.356635 0.0422791 0.933287 0.0937477
7 11 4220 0.856212 0.122374 0.501921 -0.967401 -0.104322 0.992481 -0.0640185 0.0629458 -0.505982 0.00245216 0.862541 0.245303
7 12 3274 0.767933 0.132258 0.626727 -0.926762 -0.122368 0.990722 -0.059134 0.0699569 -0.628733 -0.0312802 0.776992 0.369076
7 13 2426 0.484343 0.198435 0.852077 -0.778328 -0.159023 0.977682 -0.137294 0.141187 -0.860305 -0.0690021 0.505089 0.611777
7 14 1707 0.296309 0.256205 0.920087 -0.729829 -0.220167 0.955727 -0.195226 0.22616 -0.929369 -0.144726 0.339598 0.645137
7 15 511 -0.590742 -0.317103 -0.741936 -0.255223 0.248783 -0.946318 0.20637 0.0913032 -0.767549 -0.0626695 0.63792 0.962562
7 16 556 0.999656 0.0218752 -0.0144836 -0.339009 -0.0203274 0.994826 0.0995344 -0.4948 0.016586 -0.0992057 0.994929 0.800154
7 17 1026 0.991821 -0.0529845 -0.116116 -0.395387 0.0525637 0.998595 -0.00668481 0.213658 0.116307 0.000526674 0.993213 0.893319
7 18 492 0.673299 -0.357587 -0.647147 0.307132 -0.176185 -0.927651 0.329277 -0.196602 -0.718072 -0.107685 -0.687588 0.931138
7 19 85 0.988884 -0.142355 0.0429334 -0.382498 0.14062 0.989212 0.0410599 -0.0121544 -0.0483154 -0.0345662 0.998234 0.923876
7 20 462 0.982554 0.183359 -0.0310892 0.311183 -0.177027 0.870884 -0.458501 0.757716 -0.0569953 0.456005 0.88815 0.573613
7 21 169 0.988551 0.0335885 0.147101 -0.081604 -0.0290352 0.999034 -0.0329931 0.932625 -0.148067 0.0283443 0.988571 -0.3515
7 22 120 0.995705 -0.0414807 -0.0827684 -0.225046 0.041492 0.999138 -0.00158348 0.255411 0.0827627 -0.00185755 0.996568 -0.940276
7 23 0 1 0 0 0 0 1 0 0 0 0 1 0
7 24 0 1 0 0 0 0 1 0 0 0 0 1 0
7 25 279 0.814374 -0.13826 -0.56363 -0.276267 0.137183 0.989544 -0.0445255 0.0670666 0.563893 -0.0410602 0.824826 0.958738
7 26 354 0.856419 -0.0830994 -0.509551 0.200389 0.184868 0.970878 0.15238 -0.512846 0.482049 -0.224701 0.84684 -0.834765
7 27 116 0.876441 -0.160025 -0.45414 -0.146402 0.162685 0.986109 -0.0335097 0.0975691 0.453194 -0.0445126 0.8903 0.984402
7 28 139 -0.914084 0.120537 0.387196 -0.0110889 0.0720693 -0.891319 0.447613 0.208399 0.399069 0.437061 0.806053 0.977981
7 29 2049 0.613633 -0.169258 -0.771237 0.862981 0.149841 0.983968 -0.0967236 0.0892123 0.775243 -0.0562102 0.629157 0.497297
8 9 11865 0.99553 0.0183274 0.092649 -0.986239 -0.0175881 0.999807 -0.00879004 -0.0508283 -0.0927922 0.00712124 0.99566 -0.157321
8 10 8829 0.974457 0.0426321 0.220489 -0.998471 -0.0377772 0.998943 -0.0261906 -0.0518036 -0.221372 0.0171922 0.975038 0.0193129
8 11 6069 0.918112 0.0926801 0.385333 -0.976736 -0.0874576 0.995683 -0.0311006 0.0442582 -0.386552 -0.00514652 0.922253 0.209829
8 12 4773 0.848522 0.105824 0.51847 -0.936576 -0.101995 0.994134 -0.035986 0.0734465 -0.519237 -0.0223467 0.854338 0.342683
8 13 2955 0.588814 0.169615 0.790271 -0.8037 -0.151297 0.983581 -0.0983765 0.130495 -0.793982 -0.0616399 0.604808 0.58055
8 14 1922 0.438951 0.198266 0.876363 -0.792257 -0.22914 0.967802 -0.104182 0.159883 -0.868802 -0.155079 0.470248 0.588868
8 15 1074 0.193682 0.192215 0.96205 -0.767387 -0.217722 0.964588 -0.14889 0.113548 -0.956601 -0.180622 0.228672 0.63105
8 16 1102 0.688407 0.0426452 -0.72407 0.593029 -0.0515567 0.998622 0.00979803 -0.0251211 0.72349 0.0305856 0.689657 0.804789
8 17 1828 0.672334 0.0348429 -0.739427 0.554411 -0.0020723 0.998976 0.045189 0.0262683 0.740245 -0.0288498 0.671718 0.831828
8 18 830 0.632803 -0.492342 -0.597628 0.054992 -0.528906 -0.838544 0.130779 0.03743 -0.565525 0.233332 -0.791036 0.997785
8 19 197 0.941041 -0.319707 -0.110585 -0.303985 0.330764 0.938129 0.102512 -0.251102 0.070969 -0.133046 0.988566 0.918989
8 20 12 -0.413059 -0.816866 0.402633 -0.284105 0.662361 -0.572892 -0.482776 0.0962389 0.625028 0.0672734 0.777698 -0.953951
8 21 54 0.991248 -0.0137358 0.131294 0.28758 0.00414527 0.99732 0.0730424 -0.671068 -0.131945 -0.0718589 0.988649 0.683349
8 22 195 0.982336 -0.147629 -0.114989 -0.073875 0.174704 0.943703 0.280898 -0.957411 0.0670467 -0.296025 0.952824 -0.279118
8 23 98 0.997433 0.0656575 -0.0285746 -0.313723 -0.0672906 0.995895 -0.060537 -0.0123021 0.0244826 0.0623044 0.997757 0.949435
8 24 32 0.982629 0.185324 -0.00975681 -0.263981 -0.185526 0.982256 -0.0274527 -0.243655 0.00449604 0.0287859 0.999575 0.933245
8 25 116 0.796121 -0.0250109 -0.60462 0.221509 0.0435398 0.998923 0.0160083 -0.477321 0.603568 -0.0390696 0.796353 -0.850352
8 26 199 -0.651086 0.119447 0.749546 -0.423516 -0.0302544 0.98267 -0.182877 0.131734 -0.758401 -0.141746 -0.636189 0.896259
8 27 37 0.675817 0.190767 0.711954 0.328582 -0.174639 0.979865 -0.0967785 0.0132075 -0.716081 -0.0589304 0.695525 0.944383
8 28 141 0.611794 0.164868 -0.773645 0.439288 -0.0322439 0.982423 0.183861 -0.0499198 0.790359 -0.0875399 0.606357 0.896958
8 29 1496 0.500129 -0.173519 -0.848388 0.807731 0.160683 0.9813 -0.105979 0.108148 0.850913 -0.0833179 0.518658 0.579547
9 10 10852 0.990963 0.0237502 0.132017 -0.996908 -0.0203318 0.999424 -0.0271816 0.00564593 -0.132587 0.0242518 0.990875 0.0783746
9 11 6907 0.951468 0.069263 0.299853 -0.972862 -0.0710476 0.997461 -0.00496136 0.0221977 -0.299436 -0.0165833 0.953972 0.230321
9 12 5389 0.898444 0.0854603 0.430691 -0.932032 -0.0862356 0.996116 -0.0177635 0.0795559 -0.430537 -0.0211814 0.902324 0.353536
9 13 3593 0.664498 0.141682 0.733736 -0.809492 -0.140705 0.988022 -0.0633561 0.112893 -0.733924 -0.0611408 0.676474 0.576175
9 14 2270 0.522854 0.22947 0.820955 -0.785125 -0.217553 0.967113 -0.131768 0.249764 -0.824193 -0.109706 0.555581 0.566742
9 15 1176 0.361638 0.23256 0.902848 -0.82442 -0.211377 0.963624 -0.163547 0.183152 -0.908041 -0.131696 0.397641 0.535524
9 16 817 0.820661 -0.0434504 -0.569761 0.654987 0.0602005 0.99813 0.0105923 0.0555817 0.568236 -0.0429926 0.821742 0.753593
9 17 1990 0.965629 -0.0374651 0.25721 -0.979538 0.0142361 0.995695 0.0915868 -0.0218719 -0.259534 -0.0847772 0.962006 0.200066
9 18 728 -0.826195 -0.465139 -0.317879 -0.127488 0.526976 -0.837582 -0.144057 0.0545735 -0.199243 -0.286534 0.937123 0.990338
9 19 199 -0.659146 -0.572815 0.487247 -0.327606 -0.231069 0.770849 0.593632 -0.260404 -0.715635 0.278702 -0.640462 0.90822
9 20 50 -0.987844 -0.134354 -0.0781896 -0.064584 -0.127944 0.988392 -0.0819307 0.0351855 0.0882896 -0.0709308 -0.993566 0.997292
9 21 29 0.87962 0.132103 0.456965 -0.21883 0.143261 -0.989631 0.010326 -0.247756 0.453591 0.0563823 -0.889425 0.943785
9 22 66 0.979236 0.142503 -0.144184 -0.165456 -0.149957 0.987793 -0.0421676 0.320278 0.136415 0.0629136 0.988652 -0.932763
9 23 60 0.532801 0.310094 0.787379 -0.523422 0.0575762 0.915003 -0.399317 0.465275 -0.84428 0.258091 0.469661 0.713827
9 24 121 -0.694094 -0.108072 0.711726 -0.391029 0.246592 0.893162 0.376105 -0.217637 -0.676333 0.436558 -0.593288 0.894276
9 25 159 0.917604 0.11558 -0.380322 -0.0486426 0.144951 -0.988204 0.0494081 -0.182121 -0.370125 -0.100465 -0.923533 0.982072
9 26 88 0.79746 0.385114 -0.464483 0.00925394 -0.25545 0.912911 0.318339 -0.142549 0.546628 -0.13521 0.826387 0.989744
9 27 61 -0.988952 -0.14197 0.042654 0.328713 0.145266 -0.985472 0.0879884 0.0137713 0.0295426 0.0932124 0.995208 0.94433
9 28 156 -0.0219264 -0.709911 0.70395 0.419779 0.892814 0.302949 0.333323 -0.0446579 -0.449891 0.635805 0.627176 0.906527
9 29 858 0.418377 -0.181179 -0.89002 0.75413 0.171148 0.978075 -0.118651 0.129528 0.892003 -0.102684 0.440213 0.643824
10 11 9569 0.983918 0.0434075 0.173265 -0.973306 -0.0470058 0.998755 0.0167167 0.0528357 -0.172323 -0.0245923 0.984733 0.223349
10 12 6521 0.944792 0.0561287 0.322826 -0.938103 -0.0650542 0.997738 0.0169162 0.083521 -0.321147 -0.0369835 0.946307 0.336135
10 13 3801 0.771723 0.111674 0.626078 -0.847838 -0.126045 0.991791 -0.0215398 0.116125 -0.623343 -0.0622911 0.779463 0.517384
10 14 2474 0.616094 0.101172 0.781148 -0.884982 -0.196403 0.980125 0.0279612 0.0204215 -0.762794 -0.170646 0.623719 0.465178
10 15 1500 0.441288 0.171195 0.880884 -0.905113 -0.202961 0.975237 -0.0878567 0.106223 -0.874112 -0.140015 0.465107 0.411689
10 16 1328 0.674697 0.230377 0.701221 -0.939613 -0.238202 0.96717 -0.0885586 0.125515 -0.698601 -0.107282 0.707423 -0.318392
10 17 2207 0.992082 -0.0830416 0.0942245 -0.971692 0.0709513 0.989602 0.125113 -0.0422895 -0.103634 -0.117437 0.987658 0.232436
10 18 1364 0.897885 -0.0410207 0.438315 -0.865402 0.0120364 0.997565 0.068703 0.0110656 -0.440065 -0.0564116 0.896192 0.500956
10 19 127 0.880202 0.0518673 0.471757 0.021396 -0.219757 0.925572 0.308259 -0.86124 -0.420656 -0.375002 0.826088 0.507748
10 20 200 0.715271 0.0530775 0.696828 0.129667 -0.251195 0.949999 0.185481 -0.778761 -0.652141 -0.307709 0.69284 0.613773
10 21 78 0.955129 0.154226 0.252869 0.97859 -0.187188 0.97594 0.111811 -0.197974 -0.229541 -0.154127 0.961018 -0.0562774
10 22 94 0.640689 0.106009 0.760447 0.372946 -0.148001 0.9889 -0.0131624 -0.119724 -0.753401 -0.104114 0.649267 0.920096
10 23 0 1 0 0 0 0 1 0 0 0 0 1 0
10 24 111 0.845318 -0.439331 -0.304016 -0.33274 -0.358044 -0.0434925 -0.932691 0.704601 0.396538 0.897272 -0.194065 0.626755
10 25 296 0.862929 -0.148868 -0.482899 -0.0475497 -0.155893 0.830584 -0.534628 0.969066 0.480677 0.536627 0.693528 0.24218
10 26 178 0.27223 0.546889 0.791709 0.00141378 -0.955889 0.0593823 0.287664 -0.0139519 0.110307 -0.835096 0.538931 0.999902
10 27 114 -0.950946 0.147456 -0.271952 0.330156 0.158344 0.987212 -0.018406 0.0164181 0.26576 -0.060565 -0.962135 0.943784
10 28 188 0.0599242 -0.835781 -0.545783 0.437894 -0.911567 0.176985 -0.37111 -0.0471399 0.406762 0.519756 -0.751265 0.89779
10 29 743 0.289808 -0.148035 -0.945567 0.707641 0.178952 0.978924 -0.0984099 0.12179 0.940206 -0.140691 0.310191 0.695997
11 12 10225 0.988501 0.012312 0.150709 -0.960562 -0.0142489 0.999829 0.0117786 0.036002 -0.150538 -0.0137906 0.988508 0.275725
11 13 5641 0.866411 0.0827103 0.492434 -0.940594 -0.0831501 0.996315 -0.0210452 0.0755636 -0.49236 -0.0227122 0.870095 0.331018
11 14 3162 0.872176 0.122737 0.473545 -0.798073 -0.143687 0.98959 0.00815382 -0.037644 -0.467615 -0.0751539 0.880732 -0.601383
11 15 2109 0.575305 0.137886 0.806233 -0.995806 -0.162216 0.985343 -0.0527656 -0.0333929 -0.801692 -0.100427 0.589241 0.085173
11 16 790 0.443993 0.334279 0.831341 -0.908342 -0.210209 0.94077 -0.266014 0.390696 -0.871024 -0.0566467 0.487964 0.149236
11 17 1802 0.30313 0.0650439 -0.950727 0.536373 0.0755154 0.992891 0.0920059 -0.0198732 0.949952 -0.0996843 0.296063 0.843747
11 18 1507 0.430367 0.218142 -0.875899 0.665142 -0.0395102 0.973982 0.223156 -0.159048 0.901789 -0.0614322 0.427788 0.729582
11 19 609 0.889521 0.0678064 0.451835 -0.0109294 -0.00394462 0.990029 -0.140807 0.943473 -0.456878 0.123468 0.880919 -0.331269
11 20 605 0.735444 0.13565 0.663868 -0.0546701 -0.0831978 0.99042 -0.110207 0.929725 -0.672458 0.0258184 0.739685 -0.364173
11 21 624 0.689388 -0.0591821 0.721971 -0.0111595 -0.32411 0.866133 0.380482 -0.984402 -0.64784 -0.496298 0.57792 0.175579
11 22 661 0.679542 -0.0552338 0.731555 -0.0297761 -0.270617 0.907971 0.31993 -0.998158 -0.681901 -0.415376 0.602057 0.0528548
11 23 0 1 0 0 0 0 1 0 0 0 0 1 0
11 24 22 0.607489 -0.770136 -0.194545 0.386589 0.761386 0.494759 0.418933 -0.0255616 -0.226383 -0.40262 0.886932 -0.921898
11 25 123 0.853975 0.0754017 -0.514822 0.126713 -0.0463298 0.996533 0.0691032 -0.0771861 0.518247 -0.0351608 0.854508 -0.988932
11 26 281 0.908641 -0.0841241 -0.409018 -0.00490409 0.181102 0.961974 0.20447 -0.925776 0.376263 -0.259863 0.889324 -0.378041
11 27 186 0.95778 0.0871022 0.27399 0.145525 0.0391265 -0.983626 0.175923 -0.0392811 0.284827 -0.157776 -0.945505 0.988574
11 28 80 0.0705446 0.928172 0.365403 0.445387 -0.936451 -0.0645688 0.344804 -0.0684665 0.343632 -0.366506 0.864633 0.892716
11 29 667 0.168663 -0.160617 -0.972499 0.679703 0.210617 0.96972 -0.12363 0.113821 0.962909 -0.183973 0.197384 0.724602
12 13 7962 0.932593 0.0776522 0.352477 -0.995498 -0.0737877 0.996975 -0.0244087 0.0611815 -0.353307 -0.00324513 0.935502 -0.0723961
12 14 5037 0.832431 0.124018 0.540073 -0.980509 -0.147535 0.989057 0.000279731 -0.0403042 -0.534128 -0.0799123 0.841618 -0.192298
12 15 2978 0.673239 0.153734 0.723267 -0.984332 -0.165589 0.984651 -0.0551576 -0.0571172 -0.720645 -0.0826308 0.688362 -0.166819
12 16 1703 0.597421 0.166405 0.784473 -0.981058 -0.174051 0.981821 -0.0757181 -0.04779 -0.782812 -0.0913027 0.615523 -0.187726
12 17 990 0.974811 -0.164052 -0.151095 -0.973839 0.175975 0.981962 0.069159 -0.0535258 0.137024 -0.0940058 0.986097 0.220847
12 18 1346 0.982786 0.104698 0.152218 -0.037799 -0.168281 0.847341 0.503681 -0.94979 -0.0762459 -0.520626 0.850373 0.310595
12 19 482 0.940566 0.0152312 0.339269 -0.711918 -0.00952704 0.999784 -0.0184723 0.0883412 -0.339477 0.0141422 0.940508 0.696684
12 20 641 0.787517 0.164338 0.593979 -0.151166 -0.0187323 0.969729 -0.243462 0.785667 -0.616009 0.180604 0.766756 -0.599897
12 21 658 0.755609 0.363679 0.544787 0.0710612 0.108043 0.751116 -0.651269 0.997413 -0.646051 0.550965 0.528257 -0.0108064
12 22 681 0.721147 0.0636388 0.689853 -0.281946 -0.15321 0.985766 0.0692238 -0.74642 -0.675629 -0.155613 0.720632 -0.602796
12 23 0 1 0 0 0 0 1 0 0 0 0 1 0
12 24 170 0.953095 0.302161 0.0175863 0.1092 -0.262794 0.797298 0.543374 -0.993581 0.150165 -0.522509 0.839306 -0.0295188
12 25 413 0.966618 0.0641324 0.248068 0.183743 -0.081095 0.994972 0.0587656 -0.463157 -0.243052 -0.0769209 0.966959 -0.86702
12 26 507 0.941257 0.0364466 0.335718 0.00729559 -0.0188255 0.998276 -0.0555945 0.866202 -0.337165 0.0460087 0.940321 -0.499641
12 27 365 0.926727 0.0280379 0.374688 -0.0190196 -0.00951363 0.998643 -0.051198 0.944764 -0.375615 0.043882 0.925736 -0.327199
12 28 584 0.907344 0.0930935 0.409951 0.0071108 -0.361747 0.669693 0.648576 -0.952418 -0.214163 -0.73678 0.641318 0.304711
12 29 661 -0.0131585 -0.197113 -0.980292 0.62895 0.188359 0.962337 -0.196031 0.144885 0.982012 -0.187227 0.0244652 0.763826
13 14 6491 0.983884 0.058893 0.168833 -0.740782 -0.0664612 0.997006 0.0395269 -0.074446 -0.166 -0.0501107 0.984852 -0.667608
13 15 3594 0.907708 0.095301 0.408636 -0.901928 -0.102379 0.994735 -0.00457298 -0.0934012 -0.40692 -0.0376849 0.912686 -0.421665
13 16 2102 0.85966 0.108828 0.49914 -0.906501 -0.115353 0.993164 -0.0178692 -0.0859022 -0.497672 -0.0422159 0.866337 -0.413372
13 17 1377 0.871659 0.130491 0.472422 -0.856551 -0.145405 0.98936 -0.00499356 -0.0651046 -0.468047 -0.0643397 0.881359 -0.511939
13 18 151 0.987019 -0.0211119 -0.159209 0.229785 0.0213011 0.999773 -0.000518273 -0.0556348 0.159184 -0.00287978 0.987245 -0.97165
13 19 315 0.997132 -0.0510349 0.0558874 -0.04468 0.0720158 0.412724 -0.908005 0.856953 0.0232738 0.909425 0.415216 0.513455
13 20 461 0.928357 0.0738438 0.36428 -0.780833 -0.0637069 0.997175 -0.0397838 0.30436 -0.366189 0.0137265 0.930439 0.545587
13 21 343 0.92773 -0.339708 0.154645 0.164527 -0.0494338 0.298842 0.953021 -0.798128 -0.369964 -0.891791 0.260452 0.579588
13 22 634 0.965853 0.0865943 0.24419 0.45473 -0.0948174 0.995249 0.0221008 -0.217126 -0.241116 -0.0444996 0.969476 -0.863758
13 23 32 0.80045 0.255966 0.541997 -0.142823 -0.224239 0.966452 -0.125252 -0.131591 -0.555874 -0.0212787 0.830994 -0.980961
13 24 26 0.710604 0.368105 0.599616 -0.247926 -0.339251 0.925871 -0.166348 -0.143332 -0.616401 -0.0852129 0.782808 -0.958117
13 25 197 0.993127 0.114192 -0.0256746 0.0252479 -0.0795649 0.819556 0.567448 -0.999159 0.08584 -0.561505 0.823009 0.0323046
13 26 103 0.992734 -0.120168 0.00622237 -0.466872 0.119643 0.991268 0.05543 0.583387 -0.012829 -0.0542828 0.998443 0.664598
13 27 231 0.995786 -0.048501 0.0778277 -0.00443831 0.0485485 0.99882 0.00128217 0.0733269 -0.0777981 0.00250165 0.996966 0.997298
13 28 186 0.987759 0.0786799 0.134694 0.149776 -0.0658357 0.993076 -0.0972969 -0.0201081 -0.141417 0.0872382 0.986099 0.988515
13 29 322 -0.355543 -0.182903 -0.916589 0.588228 0.181033 0.948619 -0.259517 0.155055 0.91696 -0.258202 -0.304163 0.793692
14 15 5222 0.972959 0.0541613 0.224537 -0.854037 -0.0467527 0.998176 -0.0381855 -0.142111 -0.226196 0.0266552 0.973717 -0.500426
14 16 3126 0.93143 0.0788792 0.355268 -0.916722 -0.0660597 0.996656 -0.0480914 -0.110581 -0.357874 0.0213248 0.933526 -0.383918
14 17 1745 0.881219 0.113078 0.458984 -0.997602 -0.10758 0.993462 -0.0382088 -0.0230416 -0.460304 -0.0157072 0.887623 -0.0652607
14 18 810 0.465831 0.194582 0.863215 -0.91825 -0.146096 0.979048 -0.141852 0.0544003 -0.87273 -0.0600333 0.484498 0.392246
14 19 489 0.211825 0.21294 0.953827 -0.818804 -0.149185 0.971582 -0.183773 0.0730845 -0.965854 -0.103369 0.237573 0.569402
14 20 337 0.987356 -0.0280292 0.15602 -0.0892215 -0.00561055 0.977447 0.211106 -0.971409 -0.158418 -0.209312 0.964931 -0.220009
14 21 178 0.972112 0.0267911 0.232981 0.291841 -0.0225163 0.999526 -0.0209887 0.0860755 -0.233433 0.0151575 0.972255 0.952586
14 22 417 0.968828 0.0438564 0.243823 -0.134435 -0.0127165 0.991712 -0.12785 0.830752 -0.247409 0.120764 0.961356 -0.540165
14 23 0 1 0 0 0 0 1 0 0 0 0 1 0
14 24 0 1 0 0 0 0 1 0 0 0 0 1 0
14 25 91 0.969346 -0.00719967 -0.245596 0.298516 0.0713648 0.964728 0.253389 -0.943933 0.235109 -0.263149 0.935669 -0.140991
14 26 53 0.995801 -0.0445332 -0.0799783 -0.134569 0.0443369 0.999008 -0.00422976 0.100865 0.0800873 0.00066601 0.996788 0.985757
14 27 285 0.999247 0.00101683 -0.0387753 0.0215212 0.0110951 0.950396 0.310846 -0.999256 0.037168 -0.311042 0.949669 0.0320182
14 28 308 0.998917 -0.0451425 0.0112377 0.0369935 0.0453256 0.998834 -0.0166158 -0.779104 -0.0104746 0.0171072 0.999799 -0.625802
14 29 160 -0.980157 -0.0795804 -0.181546 0.161453 -0.0298578 -0.84615 0.532108 -0.948485 -0.195961 0.52697 0.826984 -0.272597
15 16 5332 0.99326 0.0177054 0.114544 -0.822446 -0.0172455 0.999839 -0.00500451 -0.122408 -0.114614 0.00299541 0.993406 -0.555517
15 17 2883 0.962772 0.0535414 0.26496 -0.994302 -0.0596612 0.998105 0.0150972 0.0243223 -0.263649 -0.030343 0.964141 0.103791
15 18 1106 0.778083 0.139571 0.61246 -0.922191 -0.125315 0.989894 -0.0663792 0.0614056 -0.615535 -0.0251021 0.78771 0.381829
15 19 552 0.555787 0.175634 0.81256 -0.832092 -0.140261 0.983227 -0.116586 0.0976948 -0.819407 -0.0491734 0.571099 0.545966
15 20 245 0.951962 -0.259789 -0.162104 0.112792 0.144415 -0.0859216 0.98578 -0.709757 -0.270023 -0.961835 -0.0442768 0.695359
