0 1 825 0.829104 -0.0731999 -0.554282 0.209767 0.0553068 0.997268 -0.048973 0.191644 0.556352 0.00994811 0.830887 0.958786
0 2 705 0.841183 -0.0705068 -0.536134 0.519097 0.0431432 0.997053 -0.0634314 0.255688 0.539026 0.0302269 0.841746 0.815575
0 3 1474 0.928058 -0.0294247 -0.371272 0.734312 0.0129346 0.998819 -0.0468278 0.203336 0.372212 0.0386567 0.927342 0.647642
0 4 2010 0.985524 -0.0512985 -0.161587 0.661905 0.0507172 0.998683 -0.00772282 0.0859031 0.16177 -0.000584204 0.986828 0.744649
0 5 1460 0.999457 0.00305815 -0.0328021 0.489845 -0.00364151 0.999836 -0.0177395 0.152305 0.0327425 0.0178493 0.999304 0.858403
0 6 1832 0.998332 0.0107036 0.0567287 0.400303 -0.0120921 0.999634 0.0241897 0.200267 -0.056449 -0.0248353 0.998097 0.894232
0 7 675 0.916572 0.0801106 0.391764 0.552633 -0.0936006 0.99549 0.0154234 0.205177 -0.388761 -0.050806 0.919937 0.807774
0 8 923 0.849068 0.0982153 0.519073 0.10211 -0.112203 0.993675 -0.00448057 0.215969 -0.51623 -0.0544375 0.854718 0.971046
0 9 1037 0.813902 0.109235 0.570641 -0.2806 -0.121429 0.992458 -0.0167888 0.181615 -0.568171 -0.0556277 0.821028 0.942486
0 10 791 0.716924 0.127589 0.685377 -0.719678 -0.117935 0.991137 -0.0611463 0.139755 -0.687104 -0.0369927 0.725617 0.680097
0 11 515 0.587066 0.160885 0.793392 -0.812724 -0.167468 0.982989 -0.0754143 0.123398 -0.792028 -0.0885946 0.604022 0.569432
0 12 403 0.443098 0.155881 0.882816 -0.781257 -0.187159 0.979152 -0.0789533 0.116441 -0.876719 -0.130243 0.463035 0.613252
0 13 174 0.0471746 0.175849 0.983286 -0.602416 -0.194596 0.96714 -0.163625 0.158749 -0.979748 -0.183625 0.0798439 0.782236
0 14 201 -0.164531 0.188964 0.968102 -0.586652 -0.23534 0.945613 -0.22457 0.212743 -0.957886 -0.264782 -0.111112 0.781396
0 15 0 1 0 0 0 0 1 0 0 0 0 1 0
0 16 0 1 0 0 0 0 1 0 0 0 0 1 0
0 17 43 0.650441 0.0478857 0.758046 -0.388342 0.311829 -0.926863 -0.209015 0.0866898 0.692596 0.372333 -0.617802 0.917429
0 18 67 -0.96929 0.0365932 -0.243183 -0.0955456 0.0303406 -0.963518 -0.26592 0.774126 -0.244042 -0.265132 0.932818 0.625779
0 19 12 0.970347 -0.241554 0.00882356 0.0382475 0.240016 0.967205 0.0831093 -0.0954291 -0.0286096 -0.0785271 0.996501 0.994701
0 20 18 -0.42053 -0.795795 -0.435734 0.283378 -0.902669 0.415335 0.112632 -0.0772808 0.0913437 0.440689 -0.893001 0.95589
0 21 0 1 0 0 0 0 1 0 0 0 0 1 0
0 22 104 0.381336 -0.916204 0.123097 0.375757 -0.0878716 0.0966317 0.991434 -0.123716 -0.920251 -0.388886 -0.0436592 0.918423
0 23 0 1 0 0 0 0 1 0 0 0 0 1 0
0 24 0 1 0 0 0 0 1 0 0 0 0 1 0
0 25 41 -0.971575 0.123206 -0.202145 -0.150006 -0.0864762 -0.979595 -0.181426 0.933429 -0.220373 -0.158788 0.962404 0.325897
0 26 95 0.44733 -0.163112 -0.879369 0.0414318 0.375816 0.926493 0.0193227 -0.0234144 0.811578 -0.339125 0.475748 0.998867
0 27 366 0.646967 -0.155108 -0.746575 -0.340771 0.183711 0.981958 -0.0448103 0.185644 0.740056 -0.108164 0.66379 0.921635
0 28 604 0.123465 -0.175357 -0.976732 0.226225 0.177278 0.972327 -0.152157 0.161192 0.976386 -0.154367 0.151135 0.960645
0 29 831 0.910123 -0.0506606 -0.41123 0.590371 0.0370001 0.998469 -0.0411166 0.202566 0.412683 0.0222057 0.910604 0.7813
1 2 2139 0.965513 0.0236454 0.25928 -0.989702 -0.0324888 0.999026 0.029875 -0.0268942 -0.25832 -0.0372684 0.96534 -0.140591
1 3 1815 0.869873 0.0640572 0.489098 -0.96854 -0.0729777 0.997333 -0.000828188 -0.0470418 -0.487847 -0.0349728 0.872228 -0.244371
1 4 1367 0.797753 0.0817898 0.597411 -0.998575 -0.0702379 0.996618 -0.0426519 0.00276938 -0.598879 -0.00793519 0.8008 -0.0532858
1 5 1019 0.705302 0.109057 0.700468 -0.956918 -0.100516 0.993498 -0.0534696 0.053395 -0.701745 -0.032696 0.711678 0.285406
1 6 830 0.632603 0.0791504 0.770421 -0.975423 -0.132106 0.991213 0.00664034 -0.0506223 -0.763126 -0.105978 0.6375 0.214445
1 7 64 0.2853 0.153069 0.946136 -0.891716 -0.18357 0.977616 -0.102808 0.101087 -0.940694 -0.144351 0.307013 0.441162
1 8 26 0.714579 0.0686376 0.69618 0.43439 -0.164622 0.983726 0.0719854 -0.0615321 -0.679909 -0.166046 0.714249 0.898621
1 9 0 1 0 0 0 0 1 0 0 0 0 1 0
1 10 0 1 0 0 0 0 1 0 0 0 0 1 0
1 11 0 1 0 0 0 0 1 0 0 0 0 1 0
1 12 0 1 0 0 0 0 1 0 0 0 0 1 0
1 13 0 1 0 0 0 0 1 0 0 0 0 1 0
1 14 0 1 0 0 0 0 1 0 0 0 0 1 0
1 15 14 0.775376 -0.153234 0.612627 0.236082 0.108436 0.988012 0.109884 0.156649 -0.62212 -0.0187708 0.782697 0.959024
1 16 0 1 0 0 0 0 1 0 0 0 0 1 0
1 17 175 0.944559 -0.249764 -0.213136 0.0447162 0.292921 0.347718 0.890668 -0.888519 -0.148345 -0.90372 0.401602 0.456655
1 18 18 0.921921 0.0170972 0.387001 -0.0267023 -0.0400546 0.997878 0.0513338 -0.222444 -0.385302 -0.0628268 0.920649 -0.97458
1 19 0 1 0 0 0 0 1 0 0 0 0 1 0
1 20 30 0.998997 -0.0397271 -0.0206372 -0.854008 0.039886 0.999177 0.00734293 -0.0921212 0.0203285 -0.0081587 0.99976 -0.512039
1 21 0 1 0 0 0 0 1 0 0 0 0 1 0
1 22 0 1 0 0 0 0 1 0 0 0 0 1 0
1 23 0 1 0 0 0 0 1 0 0 0 0 1 0
1 24 0 1 0 0 0 0 1 0 0 0 0 1 0
1 25 31 0.990883 -0.100459 -0.0897699 -0.970718 0.111966 0.984635 0.134006 -0.229669 0.0749285 -0.142836 0.986906 -0.070415
1 26 233 0.614167 -0.165174 -0.771697 0.94836 0.217813 0.975348 -0.0354129 0.110583 0.758523 -0.146337 0.635003 0.297295
1 27 438 0.80193 -0.135795 -0.581781 0.999938 0.169259 0.985566 0.00326464 0.00146873 0.57294 -0.10109 0.813339 -0.0110489
1 28 1017 0.841181 -0.11964 -0.527353 0.999824 0.124982 0.991827 -0.0256559 0.0138545 0.526112 -0.0443285 0.849259 -0.0126424
1 29 568 0.949402 0.034629 0.312147 -0.866382 -0.0405503 0.999099 0.0124968 0.11567 -0.311433 -0.0245221 0.949952 0.485801
2 3 2653 0.968008 0.0499887 0.245891 -0.786323 -0.0472245 0.998737 -0.0171294 -0.136372 -0.246436 0.00496933 0.969146 -0.602576
2 4 1886 0.924599 0.0740587 0.373673 -0.983335 -0.0558198 0.996672 -0.0594135 -0.0186632 -0.376829 0.0340753 0.925656 -0.180842
2 5 1559 0.868019 0.107533 0.484748 -0.96729 -0.0885394 0.994142 -0.0619895 0.0466914 -0.488574 0.0108888 0.872455 0.249339
2 6 1169 0.826913 0.112521 0.550957 -0.993959 -0.115241 0.99289 -0.0298146 0.0161063 -0.550394 -0.0388386 0.834001 0.10856
2 7 277 0.571687 0.167386 0.803216 -0.943374 -0.173208 0.981527 -0.0812653 0.0836582 -0.801981 -0.0926649 0.590118 0.321009
2 8 106 0.444619 0.165855 0.88023 -0.925567 -0.108878 0.985428 -0.13068 0.143409 -0.889078 -0.0377351 0.456199 0.35037
2 9 22 0.911727 0.200497 0.358546 -0.263634 -0.187622 0.97969 -0.0707437 0.0117516 -0.365448 -0.00277229 0.930828 0.964551
2 10 42 0.931245 0.143562 0.334923 -0.240125 -0.127678 0.989406 -0.0690956 0.00265356 -0.341294 0.0215825 0.939709 0.970738
2 11 72 0.931314 0.175707 0.319032 -0.298817 -0.165736 0.984441 -0.0583692 0.0691853 -0.324325 0.00148493 0.945945 0.951799
2 12 70 0.831057 0.333354 0.445219 -0.753652 -0.309517 0.942271 -0.127767 0.14762 -0.462108 -0.0316213 0.88626 0.640482
2 13 118 -0.254716 0.195639 0.947019 -0.663049 -0.213786 0.943696 -0.252454 0.14596 -0.943088 -0.266764 -0.198549 0.734208
2 14 0 1 0 0 0 0 1 0 0 0 0 1 0
2 15 66 -0.932913 -0.326628 -0.151619 0.168742 0.33329 -0.623756 -0.706998 0.953179 0.136352 -0.7101 0.690772 0.250949
2 16 56 -0.992259 -0.0952457 0.0796874 -0.132933 0.099244 -0.993914 0.0478089 0.843032 0.0746488 0.0553473 0.995673 -0.521177
2 17 24 -0.0057265 -0.887954 -0.459896 -0.374903 0.973018 -0.111031 0.202259 -0.0491487 -0.23066 -0.446329 0.864631 0.92576
2 18 133 0.967377 0.0267676 0.251922 -0.0201185 0.213338 0.450227 -0.867054 0.757054 -0.136631 0.892513 0.429828 0.653042
2 19 0 1 0 0 0 0 1 0 0 0 0 1 0
2 20 0 1 0 0 0 0 1 0 0 0 0 1 0
2 21 0 1 0 0 0 0 1 0 0 0 0 1 0
2 22 0 1 0 0 0 0 1 0 0 0 0 1 0
2 23 0 1 0 0 0 0 1 0 0 0 0 1 0
2 24 15 0.996571 0.00806614 -0.082343 -0.333575 -0.0151395 0.996211 -0.0856414 0.148931 0.0813402 0.0865944 0.992918 -0.930885
2 25 17 -0.647026 0.0239736 0.762091 0.404448 0.0188906 -0.998695 0.047455 0.0152155 0.762234 0.045101 0.645728 0.914434
2 26 81 0.544283 -0.265158 -0.795894 0.914684 0.212759 0.961345 -0.174781 0.334484 0.811473 -0.0742035 0.579659 0.226875
2 27 357 0.557896 -0.190959 -0.807642 0.927067 0.189617 0.976756 -0.0999624 0.111169 0.807959 -0.0973742 0.581138 0.358035
2 28 471 0.648223 -0.150552 -0.746419 0.953504 0.147156 0.986548 -0.0711893 -0.0256418 0.747096 -0.0636933 0.661657 0.300288
2 29 2346 0.998542 0.0126105 0.052479 0.971466 -0.0118185 0.999812 -0.0153756 0.0539967 -0.0526631 0.014733 0.998504 0.23095
3 4 4016 0.990455 0.0233502 0.135845 -0.993696 -0.0182532 0.999086 -0.0386466 0.0495543 -0.136623 0.0357981 0.989976 0.100565
3 5 3082 0.964174 0.0576151 0.258939 -0.875045 -0.0506646 0.998156 -0.0334418 0.0916949 -0.260388 0.0191247 0.965315 0.475276
3 6 2465 0.941064 0.0635419 0.332207 -0.970743 -0.067771 0.9977 0.00114693 0.0579339 -0.33137 -0.0235934 0.943206 0.233025
3 7 832 0.760947 0.127259 0.636211 -0.921209 -0.141537 0.989519 -0.0286423 0.0998311 -0.633188 -0.0682522 0.770983 0.376043
3 8 376 0.667385 0.145638 0.730334 -0.929039 -0.165507 0.985172 -0.0452136 0.0629824 -0.726089 -0.0907005 0.681593 0.364581
3 9 349 0.595971 0.154469 0.788009 -0.925255 -0.139321 0.986331 -0.0879771 0.101734 -0.790828 -0.0573542 0.609346 0.36545
3 10 364 0.461672 0.166533 0.871278 -0.906083 -0.150173 0.982715 -0.108259 0.0694006 -0.874247 -0.0808624 0.4787 0.417369
3 11 282 0.338927 0.196749 0.92001 -0.86694 -0.184053 0.972859 -0.140247 0.110299 -0.922634 -0.121797 0.365941 0.486054
3 12 167 0.120134 0.173904 0.977407 -0.796619 -0.216496 0.965431 -0.145163 0.105998 -0.968864 -0.194165 0.15363 0.595116
3 13 196 -0.996534 -0.00756413 -0.0828405 0.00859509 0.0411422 -0.910346 -0.411799 0.998776 -0.0722986 -0.41378 0.907502 0.0487176
3 14 51 0.792424 0.154371 0.590113 -0.769554 -0.188429 0.982079 -0.00387936 0.183144 -0.580137 -0.10812 0.807311 0.611756
3 15 88 -0.903154 0.0989363 0.417761 -0.147692 -0.0570631 0.936786 -0.345219 0.193815 -0.425507 -0.335625 -0.840417 0.969857
3 16 63 -0.961234 0.268503 0.062727 0.131035 -0.00261097 -0.236346 0.971666 -0.818903 0.27572 0.933835 0.227885 0.558773
3 17 0 1 0 0 0 0 1 0 0 0 0 1 0
3 18 64 0.999665 0.0182595 -0.0183226 -0.0285413 -0.0182807 0.999832 -0.000990365 0.148247 0.0183014 0.00132498 0.999832 0.988538
3 19 0 1 0 0 0 0 1 0 0 0 0 1 0
3 20 0 1 0 0 0 0 1 0 0 0 0 1 0
3 21 0 1 0 0 0 0 1 0 0 0 0 1 0
3 22 0 1 0 0 0 0 1 0 0 0 0 1 0
3 23 0 1 0 0 0 0 1 0 0 0 0 1 0
3 24 0 1 0 0 0 0 1 0 0 0 0 1 0
3 25 0 1 0 0 0 0 1 0 0 0 0 1 0
3 26 191 0.13797 -0.219413 -0.965827 0.794109 0.230213 0.95555 -0.184192 0.192258 0.96331 -0.196933 0.182349 0.576566
3 27 432 0.297944 -0.205884 -0.932116 0.804628 0.201799 0.967981 -0.149302 0.168363 0.933009 -0.143616 0.329951 0.56941
3 28 722 0.450183 -0.178671 -0.874878 0.842761 0.162032 0.979857 -0.116735 0.0937698 0.878112 -0.0892061 0.470065 0.530057
3 29 2604 0.981275 -0.0348532 -0.18943 0.843758 0.0343407 0.999392 -0.00598825 0.113015 0.189524 -0.000629035 0.981876 0.52469
4 5 4126 0.991111 0.0300598 0.129599 -0.753165 -0.0314485 0.999468 0.00868141 0.0996657 -0.129269 -0.0126799 0.991528 0.650237
4 6 3316 0.978202 0.0331433 0.204992 -0.980357 -0.0438572 0.997887 0.0479429 0.0253727 -0.202969 -0.0558882 0.977589 0.195592
4 7 1403 0.842653 0.0914905 0.530627 -0.961449 -0.127094 0.99141 0.0308909 0.0480853 -0.523242 -0.0934697 0.847043 0.270745
4 8 929 0.758738 0.103302 0.643153 -0.963126 -0.136613 0.990622 0.00205173 0.0508911 -0.63691 -0.0894196 0.765735 0.264192
4 9 688 0.695424 0.113625 0.70956 -0.966687 -0.145132 0.98928 -0.016177 0.0432808 -0.703792 -0.0917301 0.704459 0.252276
4 10 603 0.594011 0.123234 0.794962 -0.948008 -0.142237 0.988717 -0.0469874 0.0407175 -0.791783 -0.0851619 0.604837 0.315631
4 11 416 0.449182 0.149864 0.880781 -0.906598 -0.183664 0.980265 -0.0731262 0.0818176 -0.874359 -0.128921 0.467843 0.413989
4 12 253 0.297426 0.143242 0.943938 -0.849287 -0.195643 0.976845 -0.08659 0.0982449 -0.934484 -0.158921 0.318564 0.51871
4 13 254 -0.998714 -0.00468067 -0.0504824 0.000716826 -0.0237406 -0.836637 0.547243 -0.930038 -0.0447969 0.547738 0.83545 0.367463
4 14 159 -0.209663 0.171846 0.962554 -0.604941 -0.223332 0.949995 -0.21825 0.207507 -0.951927 -0.260728 -0.1608 0.768757
4 15 88 -0.482281 0.172892 0.858786 -0.457774 -0.162914 0.945528 -0.281845 0.208445 -0.860734 -0.275837 -0.427844 0.864288
4 16 32 0.647189 0.693226 0.317151 0.31559 -0.734202 0.678775 0.014577 0.158811 -0.205169 -0.242287 0.948263 0.935512
4 17 0 1 0 0 0 0 1 0 0 0 0 1 0
4 18 0 1 0 0 0 0 1 0 0 0 0 1 0
4 19 0 1 0 0 0 0 1 0 0 0 0 1 0
4 20 0 1 0 0 0 0 1 0 0 0 0 1 0
4 21 0 1 0 0 0 0 1 0 0 0 0 1 0
4 22 0 1 0 0 0 0 1 0 0 0 0 1 0
4 23 0 1 0 0 0 0 1 0 0 0 0 1 0
4 24 0 1 0 0 0 0 1 0 0 0 0 1 0
4 25 0 1 0 0 0 0 1 0 0 0 0 1 0
4 26 170 0.078255 -0.185999 -0.979429 0.753909 0.243189 0.956324 -0.162181 0.187504 0.966817 -0.225495 0.12007 0.629653
4 27 446 0.139533 -0.151796 -0.978513 0.733801 0.226287 0.96692 -0.11773 0.114971 0.964015 -0.204997 0.169267 0.669565
4 28 730 0.377058 -0.16351 -0.911642 0.768945 0.162093 0.980752 -0.108863 0.141599 0.911895 -0.106723 0.396304 0.623437
4 29 1901 0.943316 -0.044891 -0.328847 0.908223 0.0562143 0.998106 0.0250021 0.0699125 0.327101 -0.0420707 0.944052 0.412605
5 6 3830 0.997033 0.0045418 0.076845 -0.849354 -0.00764777 0.999163 0.0401728 -0.110854 -0.0765982 -0.0406413 0.996233 -0.516052
5 7 1832 0.904142 0.0693766 0.421562 -0.974361 -0.0913139 0.995306 0.0320468 -0.0480323 -0.41736 -0.0674693 0.906233 -0.219801
5 8 1275 0.838094 0.0856768 0.538756 -0.996982 -0.107343 0.994182 0.00888116 -0.0200209 -0.534861 -0.0652747 0.842415 -0.0750019
5 9 1044 0.775714 0.0972686 0.623543 -0.999902 -0.110877 0.993687 -0.017073 0.00918058 -0.621268 -0.0558928 0.781602 -0.010574
5 10 802 0.695926 0.111528 0.7094 -0.995136 -0.122629 0.991813 -0.0356281 -0.00521858 -0.707566 -0.0621984 0.703905 0.0983733
5 11 632 0.550361 0.143327 0.822533 -0.964278 -0.166311 0.984233 -0.0602234 0.0494901 -0.818195 -0.103652 0.56552 0.260228
5 12 506 0.414611 0.148147 0.897859 -0.914922 -0.165739 0.98245 -0.0855704 0.0883511 -0.894778 -0.113331 0.431888 0.393843
5 13 207 0.0637253 0.158578 0.985288 -0.758147 -0.187675 0.971584 -0.144234 0.121684 -0.980162 -0.175723 0.0916756 0.64063
5 14 156 0.0270323 0.219874 0.975154 -0.767294 -0.236865 0.949138 -0.207442 0.215619 -0.971166 -0.225372 0.077738 0.603961
5 15 0 1 0 0 0 0 1 0 0 0 0 1 0
5 16 23 -0.888668 0.404766 0.215484 -0.464643 0.431316 0.897382 0.0931253 0.0304754 -0.155677 0.175699 -0.972057 0.884973
5 17 58 -0.804467 -0.473996 -0.357995 -0.29674 -0.540726 0.334917 0.771651 -0.47438 -0.245861 0.814345 -0.525732 0.828799
5 18 0 1 0 0 0 0 1 0 0 0 0 1 0
5 19 0 1 0 0 0 0 1 0 0 0 0 1 0
5 20 20 0.903737 0.028749 0.427122 0.337819 -0.0512453 0.997833 0.0412659 -0.359574 -0.42501 -0.0591815 0.903252 0.869819
5 21 0 1 0 0 0 0 1 0 0 0 0 1 0
5 22 0 1 0 0 0 0 1 0 0 0 0 1 0
5 23 0 1 0 0 0 0 1 0 0 0 0 1 0
5 24 0 1 0 0 0 0 1 0 0 0 0 1 0
5 25 18 0.96208 -0.0327945 -0.27079 -0.392676 0.0445998 0.998299 0.0375558 -0.0313197 0.269098 -0.0482089 0.961905 -0.919144
5 26 139 -0.169284 -0.167933 -0.971155 0.683453 0.242595 0.947959 -0.206209 0.174958 0.955244 -0.270505 -0.119734 0.708718
5 27 307 0.667724 -0.147232 -0.729704 0.255501 0.184787 0.982347 -0.0291168 -0.28339 0.72111 -0.115398 0.683143 -0.924343
5 28 627 0.181229 -0.16302 -0.969835 0.768136 0.186949 0.973894 -0.128768 0.0932063 0.965508 -0.157973 0.206974 0.633466
5 29 1814 0.891433 -0.0775136 -0.446473 0.976905 0.0891879 0.996001 0.00515456 0.0372767 0.444289 -0.044415 0.894782 0.210398
6 7 1994 0.937165 0.0794051 0.339729 -0.953185 -0.0835122 0.996504 -0.00253949 -0.0537152 -0.338743 -0.0259916 0.94052 -0.297577
6 8 1401 0.877192 0.100741 0.469453 -0.995885 -0.101452 0.994554 -0.0238562 -0.0220686 -0.4693 -0.0267004 0.882635 -0.0878978
6 9 1011 0.829514 0.117013 0.54609 -0.998198 -0.11504 0.992636 -0.0379492 -0.0252428 -0.546509 -0.0313431 0.836867 -0.0544399
6 10 758 0.750137 0.134791 0.647399 -0.996827 -0.120318 0.990485 -0.066811 -0.0123749 -0.650244 -0.0277762 0.759217 0.0786279
6 11 602 0.614706 0.178069 0.768393 -0.96527 -0.153051 0.982595 -0.10527 0.0741881 -0.773764 -0.052893 0.631261 0.250498
6 12 477 0.502152 0.176338 0.84661 -0.927706 -0.174643 0.979497 -0.100431 0.0732709 -0.846961 -0.0974227 0.522652 0.36605
6 13 215 0.138622 0.207176 0.968433 -0.772251 -0.193245 0.964735 -0.178723 0.129985 -0.971309 -0.16237 0.173769 0.621877
6 14 205 -0.12779 0.255625 0.958293 -0.676568 -0.203997 0.938781 -0.277623 0.231854 -0.970595 -0.230967 -0.0678197 0.698927
6 15 0 1 0 0 0 0 1 0 0 0 0 1 0
6 16 0 1 0 0 0 0 1 0 0 0 0 1 0
6 17 46 0.998391 -0.0561024 -0.00828318 -0.383067 0.0554281 0.996235 -0.0666635 0.480654 0.011992 0.0660971 0.997741 0.788816
6 18 24 -0.990251 -0.130005 -0.0500141 -0.115702 -0.113073 0.959929 -0.256417 0.052541 0.0813455 -0.248262 -0.965271 0.991893
6 19 0 1 0 0 0 0 1 0 0 0 0 1 0
6 20 20 -0.947238 0.224965 -0.228322 0.00901151 0.297146 0.883407 -0.362347 0.168662 0.120186 -0.411074 -0.903644 0.985633
6 21 0 1 0 0 0 0 1 0 0 0 0 1 0
6 22 0 1 0 0 0 0 1 0 0 0 0 1 0
6 23 0 1 0 0 0 0 1 0 0 0 0 1 0
6 24 0 1 0 0 0 0 1 0 0 0 0 1 0
6 25 24 0.938582 -0.0932335 -0.332222 0.499491 0.0965488 0.995307 -0.00655255 0.133446 0.331274 -0.0259256 0.943178 -0.85598
6 26 203 -0.258155 -0.198349 -0.945523 0.576449 0.228564 0.938374 -0.259254 0.188964 0.938677 -0.283041 -0.196911 0.794984
6 27 402 -0.0393923 -0.210194 -0.976866 0.622721 0.22348 0.951007 -0.213641 0.159999 0.973912 -0.226726 0.00951163 0.765911
6 28 575 0.0658618 -0.207919 -0.975926 0.631951 0.163872 0.967024 -0.194963 0.136766 0.984281 -0.147086 0.097762 0.762845
6 29 1302 0.853377 -0.102969 -0.511024 0.921265 0.0934652 0.994635 -0.0443334 0.0749532 0.512847 -0.00992986 0.858422 0.381645
7 8 3276 0.990855 0.0264034 0.132324 -0.998698 -0.0248485 0.999602 -0.0133887 -0.0239913 -0.132625 0.00997818 0.991116 -0.0450278
7 9 2535 0.973435 0.046005 0.224295 -0.998783 -0.0407201 0.998774 -0.0281337 -0.0109348 -0.225314 0.018253 0.974115 -0.0480872
7 10 1653 0.933319 0.071886 0.351778 -0.996031 -0.0542676 0.99674 -0.0597043 0.00989153 -0.354923 0.036633 0.934178 0.0884557
7 11 1051 0.854338 0.122337 0.505115 -0.96784 -0.104907 0.992488 -0.0629396 0.0606318 -0.50902 0.000781602 0.860754 0.244151
7 12 760 0.765293 0.131642 0.630077 -0.926338 -0.124551 0.990649 -0.0556971 0.0648821 -0.631517 -0.0358518 0.774533 0.371064
7 13 366 0.505569 0.204436 0.838216 -0.783963 -0.159476 0.976924 -0.142078 0.15153 -0.84792 -0.061845 0.526505 0.602031
7 14 240 0.384095 0.24024 0.891491 -0.760646 -0.227369 0.960431 -0.160857 0.204442 -0.89486 -0.140913 0.42352 0.616134
7 15 0 1 0 0 0 0 1 0 0 0 0 1 0
7 16 113 0.975286 -0.205321 0.0816162 -0.338202 0.220888 0.897502 -0.381705 0.809279 0.00512133 0.390299 0.920674 0.480299
7 17 133 0.857879 -0.00409353 0.513835 -0.969674 -0.039056 0.996556 0.0731457 -0.0325114 -0.512365 -0.0828185 0.854765 0.242229
7 18 0 1 0 0 0 0 1 0 0 0 0 1 0
7 19 45 0.459345 0.147606 0.875908 -0.439406 -0.888074 0.0963642 0.449487 -0.0158779 -0.0180591 -0.984341 0.17535 0.898148
7 20 0 1 0 0 0 0 1 0 0 0 0 1 0
7 21 0 1 0 0 0 0 1 0 0 0 0 1 0
7 22 42 0.634809 0.747109 -0.197093 -0.432091 -0.770787 0.594519 -0.228986 -0.0124055 -0.0539018 0.297279 0.953268 0.901745
7 23 0 1 0 0 0 0 1 0 0 0 0 1 0
7 24 0 1 0 0 0 0 1 0 0 0 0 1 0
7 25 49 -0.686731 -0.724514 0.058996 -0.277085 -0.696922 0.633155 -0.336771 0.0646261 0.206642 -0.272387 -0.939736 0.95867
7 26 65 0.976714 -0.163619 -0.138775 -0.190511 -0.161653 -0.986521 0.025399 0.0909075 -0.14106 -0.00237417 -0.989998 0.977467
7 27 14 0.902535 0.0503818 -0.42766 -0.166553 -0.0029794 0.993839 0.110795 0.07639 0.430607 -0.0987218 0.897124 0.983069
7 28 34 0.289277 -0.0961894 0.9524 -0.1192 0.956966 0.0531178 -0.285298 0.0352313 -0.0231467 0.993945 0.107416 0.992245
7 29 472 0.612972 -0.167956 -0.772047 0.863492 0.149912 0.984118 -0.0950676 0.0864487 0.775752 -0.0574651 0.628416 0.496898
8 9 3693 0.995657 0.0190096 0.0911388 -0.981142 -0.0185639 0.999811 -0.00573467 -0.0804681 -0.0912306 0.00401787 0.995822 -0.175741
8 10 2612 0.973951 0.0439626 0.222455 -0.999451 -0.0359418 0.998554 -0.0399788 0.000115763 -0.223891 0.030942 0.974123 0.0331266
8 11 1596 0.918352 0.0918683 0.384954 -0.9767 -0.0868335 0.995756 -0.0304836 0.0432326 -0.386121 -0.00543221 0.922432 0.210211
8 12 1224 0.846747 0.104726 0.521586 -0.936927 -0.103049 0.994151 -0.0323193 0.0665785 -0.52192 -0.0263825 0.852587 0.343126
8 13 568 0.595425 0.164865 0.786314 -0.808368 -0.154505 0.983948 -0.0893062 0.118649 -0.788415 -0.0683141 0.611339 0.576596
8 14 468 0.48334 0.237964 0.84247 -0.798531 -0.223284 0.964029 -0.144197 0.232951 -0.846479 -0.118413 0.519087 0.555051
8 15 0 1 0 0 0 0 1 0 0 0 0 1 0
8 16 181 0.998576 0.049865 -0.0189611 -0.111509 -0.0462402 0.98627 0.158536 -0.882991 0.0266062 -0.157434 0.987171 0.455953
8 17 121 0.701595 -0.447056 0.554893 -0.391726 0.252351 -0.572367 -0.780202 -0.0298038 0.666396 0.687413 -0.288755 0.919599
8 18 104 0.294515 -0.937035 0.187686 -0.11369 -0.71803 -0.0873737 0.690506 0.0208518 -0.630629 -0.338129 -0.698553 0.993297
8 19 27 0.634055 0.327015 0.700739 -0.390057 0.321231 -0.93568 0.145993 -0.0139559 0.703409 0.132532 -0.69832 0.920685
8 20 0 1 0 0 0 0 1 0 0 0 0 1 0
8 21 20 0.714307 -0.675275 0.183764 -0.0448637 -0.660525 -0.737293 -0.141797 0.0552081 0.23124 -0.0200942 -0.972689 0.997466
8 22 29 0.505659 0.415847 0.755897 -0.432278 0.40615 -0.887744 0.216686 -0.00898494 0.761151 0.197438 -0.617792 0.901696
8 23 0 1 0 0 0 0 1 0 0 0 0 1 0
8 24 0 1 0 0 0 0 1 0 0 0 0 1 0
8 25 0 1 0 0 0 0 1 0 0 0 0 1 0
8 26 27 0.149586 0.970398 0.189612 -0.190511 0.915309 -0.0633783 -0.397735 0.0909075 -0.373943 0.233049 -0.897694 0.977467
8 27 0 1 0 0 0 0 1 0 0 0 0 1 0
8 28 55 -0.0370568 0.980159 0.19472 -0.222898 0.905338 -0.0495652 0.42179 0.0226693 0.423072 0.191917 -0.885538 0.974578
8 29 343 0.515829 -0.178364 -0.837918 0.814183 0.164077 0.980549 -0.107718 0.113555 0.840833 -0.0819192 0.535061 0.569396
9 10 3107 0.99082 0.0239226 0.133052 -0.995555 -0.0201613 0.99936 -0.0295457 0.0200265 -0.133673 0.026592 0.990669 0.0920331
9 11 2017 0.95346 0.0718394 0.292835 -0.970827 -0.0705663 0.997395 -0.0149235 0.0496889 -0.293145 -0.0064353 0.956046 0.234576
9 12 1505 0.893833 0.0838969 0.440482 -0.931189 -0.0866058 0.996144 -0.0139898 0.0703489 -0.439957 -0.0256437 0.897653 0.357685
9 13 663 0.667611 0.150333 0.729174 -0.811121 -0.142486 0.987097 -0.0730534 0.131044 -0.730748 -0.0551255 0.680418 0.57001
9 14 553 0.522292 0.169299 0.835792 -0.824031 -0.22174 0.973344 -0.0585947 0.127453 -0.823433 -0.154725 0.54591 0.552022
9 15 49 0.855582 0.158305 0.492868 0.472541 -0.114013 0.98634 -0.118887 0.381033 -0.504956 0.0455244 0.861944 0.794682
9 16 70 0.993817 -0.0335566 0.105843 -0.995529 0.0296674 0.998833 0.0381086 -0.0328398 -0.106998 -0.0347329 0.993652 0.0885609
9 17 139 0.956401 -0.0556683 0.286702 -0.970233 0.0269649 0.994304 0.10311 -0.0377861 -0.290809 -0.090884 0.952455 0.239207
9 18 84 0.00605762 0.995391 0.0957051 -0.113741 0.927205 0.0302524 -0.373331 0.0224359 -0.374505 0.0909998 -0.922749 0.993257
9 19 0 1 0 0 0 0 1 0 0 0 0 1 0
9 20 0 1 0 0 0 0 1 0 0 0 0 1 0
9 21 0 1 0 0 0 0 1 0 0 0 0 1 0
9 22 0 1 0 0 0 0 1 0 0 0 0 1 0
9 23 0 1 0 0 0 0 1 0 0 0 0 1 0
9 24 0 1 0 0 0 0 1 0 0 0 0 1 0
9 25 0 1 0 0 0 0 1 0 0 0 0 1 0
9 26 42 0.518101 -0.805303 -0.288198 -0.191875 0.74811 0.589995 -0.303708 0.0921643 0.414612 -0.0582521 0.908132 0.977082
9 27 0 1 0 0 0 0 1 0 0 0 0 1 0
9 28 21 -0.582085 -0.776503 0.241288 -0.106696 -0.66539 0.625431 0.407544 -0.0768497 -0.467368 0.0766748 -0.880732 0.991317
9 29 201 0.423636 -0.174504 -0.888865 0.760282 0.169054 0.979259 -0.111679 0.121681 0.889918 -0.102955 0.44435 0.638094
10 11 2715 0.984823 0.0446225 0.167727 -0.97201 -0.0477109 0.998757 0.0144272 0.0665696 -0.166874 -0.0222107 0.985728 0.22531
10 12 1822 0.946854 0.0519836 0.317435 -0.941043 -0.0637932 0.9976 0.0269155 0.0557651 -0.315274 -0.0457353 0.947898 0.333659
10 13 718 0.761528 0.10732 0.639185 -0.847584 -0.124896 0.992011 -0.0177583 0.102683 -0.635984 -0.0663081 0.768848 0.520632
10 14 699 0.559076 0.157704 0.81398 -0.836948 -0.198329 0.97868 -0.0533925 0.16979 -0.805046 -0.131586 0.578434 0.520279
10 15 111 0.28567 0.355189 0.890075 -0.676457 -0.1315 0.934522 -0.33072 0.444375 -0.949263 -0.022568 0.313672 0.587314
10 16 59 0.665265 0.465331 0.583857 -0.36633 -0.204466 -0.638566 0.741908 -0.431921 0.718064 -0.612945 -0.329671 0.824164
10 17 240 0.279453 0.809841 -0.515814 -0.386072 -0.691715 0.542386 0.476809 -0.0374687 0.66591 0.223551 0.71175 0.921707
10 18 151 0.940646 0.060365 0.333977 -0.114098 -0.0716477 0.997197 0.0215563 0.0415099 -0.33174 -0.0442055 0.942335 0.992602
10 19 0 1 0 0 0 0 1 0 0 0 0 1 0
10 20 0 1 0 0 0 0 1 0 0 0 0 1 0
10 21 0 1 0 0 0 0 1 0 0 0 0 1 0
10 22 0 1 0 0 0 0 1 0 0 0 0 1 0
10 23 0 1 0 0 0 0 1 0 0 0 0 1 0
10 24 0 1 0 0 0 0 1 0 0 0 0 1 0
10 25 0 1 0 0 0 0 1 0 0 0 0 1 0
10 26 0 1 0 0 0 0 1 0 0 0 0 1 0
10 27 0 1 0 0 0 0 1 0 0 0 0 1 0
10 28 0 1 0 0 0 0 1 0 0 0 0 1 0
10 29 151 0.236718 -0.172083 -0.956218 0.671212 0.16905 0.976473 -0.133878 0.148126 0.956758 -0.129958 0.260239 0.726315
11 12 3162 0.988202 0.0122714 0.152666 -0.957831 -0.0142288 0.99983 0.0117356 0.0361464 -0.152496 -0.0137694 0.988208 0.28505
11 13 1328 0.864664 0.0821682 0.495586 -0.936281 -0.0828076 0.99635 -0.0207182 0.0716119 -0.495479 -0.023124 0.868312 0.343874
11 14 790 0.741467 0.145143 0.655103 -0.977077 -0.165146 0.985766 -0.031486 0.12095 -0.650349 -0.0848421 0.754883 0.175188
11 15 228 0.579887 0.151466 0.800493 -0.997448 -0.166397 0.983873 -0.065624 -0.000325424 -0.797523 -0.0951452 0.595738 0.0714029
11 16 11 0.67678 -0.209239 -0.705825 -0.463296 0.248047 0.967509 -0.048975 0.0296039 0.693139 -0.141932 0.706692 0.885709
11 17 254 0.991288 -0.122156 -0.049252 -0.971706 0.126126 0.988126 0.0877459 -0.0334743 0.0379485 -0.0931934 0.994925 0.233809
11 18 168 0.674664 0.738102 -0.00583967 -0.132041 -0.642544 0.583389 -0.496784 0.0612731 -0.363271 0.338915 0.867854 0.989349
11 19 37 0.889828 0.0756731 0.449978 -0.000294412 0.0534866 0.962056 -0.267559 0.999857 -0.453151 0.262149 0.852016 -0.0169237
11 20 30 0.734398 0.116886 0.668579 -0.293119 -0.109719 0.992548 -0.0530045 0.089865 -0.669792 -0.0344296 0.74175 -0.951843
11 21 65 0.674196 0.133861 0.72632 -0.249762 -0.114805 0.990478 -0.0759796 0.616332 -0.729575 -0.03216 0.683144 -0.746829
11 22 85 0.663858 0.096363 0.741624 -0.368683 -0.109787 0.993477 -0.0308129 -0.41683 -0.739756 -0.0609652 0.670108 -0.830858
11 23 0 1 0 0 0 0 1 0 0 0 0 1 0
11 24 0 1 0 0 0 0 1 0 0 0 0 1 0
11 25 0 1 0 0 0 0 1 0 0 0 0 1 0
11 26 0 1 0 0 0 0 1 0 0 0 0 1 0
11 27 0 1 0 0 0 0 1 0 0 0 0 1 0
11 28 0 1 0 0 0 0 1 0 0 0 0 1 0
11 29 349 0.0976212 -0.192386 -0.976452 0.639678 0.199132 0.965073 -0.170236 0.147806 0.975098 -0.177824 0.132522 0.754298
12 13 2110 0.931685 0.0716696 0.356126 -0.997473 -0.0700687 0.99739 -0.0174112 -0.0194613 -0.356445 -0.00873148 0.934276 -0.068325
12 14 1161 0.833072 0.12238 0.539457 -0.980271 -0.147297 0.989088 0.00308475 -0.0540729 -0.533192 -0.08203 0.842008 -0.190117
12 15 454 0.728561 0.150063 0.668341 -0.927241 -0.156304 0.986387 -0.051086 -0.0760553 -0.666909 -0.0672453 0.742099 -0.366661
12 16 190 0.614369 0.178953 0.768457 -0.966917 -0.178663 0.980195 -0.0854226 -0.0264043 -0.768524 -0.0848138 0.634174 -0.25372
12 17 86 0.284475 0.922388 -0.261292 -0.39178 -0.879976 0.143083 -0.452956 -0.0403526 -0.380415 0.358785 0.852383 0.919174
12 18 292 -0.0485271 0.457721 -0.887771 -0.114098 -0.874077 0.410662 0.25951 0.0415099 0.483357 0.788574 0.380155 0.992602
12 19 44 0.220291 0.0642259 -0.973318 0.675352 0.0965915 0.991489 0.0872866 -0.0437581 0.97064 -0.113243 0.212212 0.736196
12 20 67 0.844231 0.0747702 0.530739 0.0130782 -0.140884 0.986358 0.085143 -0.968827 -0.517132 -0.146653 0.843248 0.247393
12 21 83 0.850663 0.130493 0.509258 0.634004 -0.150529 0.988604 -0.00187774 -0.225139 -0.5037 -0.0750606 0.860612 -0.739832
12 22 280 0.782469 0.429344 0.451005 0.188825 0.229068 0.475028 -0.849633 0.928096 -0.579025 0.768123 0.273346 0.32091
12 23 0 1 0 0 0 0 1 0 0 0 0 1 0
12 24 0 1 0 0 0 0 1 0 0 0 0 1 0
12 25 51 0.651814 -0.173645 -0.738232 0.733617 -0.11367 0.940067 -0.321484 0.198067 0.749812 0.293463 0.593011 0.650058
12 26 0 1 0 0 0 0 1 0 0 0 0 1 0
12 27 0 1 0 0 0 0 1 0 0 0 0 1 0
12 28 26 0.832297 -0.0807743 -0.548413 -0.221546 0.0833306 0.996316 -0.0202782 0.0282684 0.54803 -0.0288221 0.835962 0.97474
12 29 199 -0.0343141 -0.189805 -0.981222 0.616144 0.189707 0.962713 -0.192859 0.140878 0.981241 -0.192763 0.00297274 0.774933
13 14 1869 0.978434 0.0474803 0.20103 -0.87782 -0.0589377 0.996938 0.0513939 -0.173691 -0.197974 -0.0621338 0.978236 -0.446389
13 15 878 0.919107 0.0924118 0.383019 -0.854755 -0.0982169 0.995155 -0.00441828 -0.102684 -0.381571 -0.033558 0.92373 -0.508772
13 16 429 0.860908 0.106505 0.497489 -0.903541 -0.113625 0.993394 -0.016042 -0.0923796 -0.495911 -0.0427164 0.867322 -0.418425
13 17 120 0.728589 0.120903 0.674196 -0.997493 -0.168135 0.985752 0.00492613 -0.0661447 -0.663994 -0.116945 0.738536 0.0251623
13 18 51 0.954049 -0.106535 -0.280072 -0.573985 0.110966 0.993824 -3.53566e-05 0.0701977 0.278346 -0.0310449 0.959979 0.815851
13 19 0 1 0 0 0 0 1 0 0 0 0 1 0
13 20 77 0.96121 0.0441628 0.272258 -0.178405 -0.0594052 0.997079 0.0479951 -0.674292 -0.269344 -0.0623069 0.961026 -0.71659
13 21 45 0.930858 0.340632 0.132189 0.206226 -0.100099 0.585682 -0.804336 0.926156 -0.351403 0.73549 0.579284 0.315762
13 22 207 0.848458 -0.522539 -0.0840927 0.396062 0.355829 0.445564 0.821498 0.0151847 -0.391796 -0.726929 0.563977 0.918098
13 23 0 1 0 0 0 0 1 0 0 0 0 1 0
13 24 0 1 0 0 0 0 1 0 0 0 0 1 0
13 25 40 0.993365 -0.0933314 -0.0671941 -0.142408 0.0847073 0.988982 -0.121407 0.0806151 0.0777848 0.114909 0.990326 0.98652
13 26 86 0.999041 -0.0052466 0.0434727 -0.058929 0.00393449 0.999536 0.0302131 0.0995435 -0.043611 -0.0300131 0.998598 0.993287
13 27 34 -0.0269393 0.608136 0.793376 0.0210606 0.99657 0.0784662 -0.0263068 0.067673 -0.0782513 0.789946 -0.608163 0.997485
13 28 22 0.993841 -0.0133469 0.110012 0.0599889 -0.0277744 0.931036 0.363868 -0.991593 -0.107282 -0.364683 0.924931 -0.114652
13 29 55 0.883839 -0.0584119 -0.464131 0.420007 0.0551865 0.998265 -0.020543 -0.193014 0.464525 -0.00745705 0.885529 -0.886758
14 15 1572 0.975524 0.0545247 0.213027 -0.818609 -0.0468238 0.99806 -0.0410334 -0.127341 -0.214851 0.0300543 0.976184 -0.560057
14 16 843 0.943565 0.0759037 0.322372 -0.860178 -0.0629816 0.996744 -0.0503435 -0.113051 -0.325143 0.0271989 0.945274 -0.497306
14 17 355 0.880755 0.113921 0.459665 -0.997579 -0.108615 0.993355 -0.0380724 -0.0241961 -0.460947 -0.016394 0.887276 -0.0651971
14 18 56 0.594315 0.204154 0.777888 -0.949149 -0.156189 0.978127 -0.137376 0.0554084 -0.78892 -0.0398532 0.613203 0.309914
14 19 68 0.70984 0.276124 0.647984 -0.854397 -0.219706 0.960857 -0.168769 0.111547 -0.669221 -0.022567 0.742721 0.507507
14 20 23 0.986186 -0.0812742 0.144329 -0.162595 0.0884217 0.995119 -0.0438081 0.0460197 -0.140064 0.0559648 0.98856 -0.985619
14 21 49 0.971691 0.0537553 0.230057 0.209102 -0.0410584 0.997376 -0.0596294 0.836266 -0.232658 0.0484956 0.971349 0.506888
14 22 50 0.968712 0.0260154 0.24682 -0.396062 -0.014718 0.998762 -0.0475071 -0.0151847 -0.24775 0.042388 0.967896 -0.918098
14 23 0 1 0 0 0 0 1 0 0 0 0 1 0
14 24 0 1 0 0 0 0 1 0 0 0 0 1 0
14 25 49 0.943872 -0.242539 -0.224232 -0.142408 0.329946 0.660446 0.674498 0.0806151 -0.0154989 -0.710624 0.703401 0.98652
14 26 87 0.690135 -0.716774 0.099746 -0.0659925 0.723317 0.678838 -0.126458 0.106492 0.0229303 0.159421 0.986944 0.992121
14 27 56 0.997957 -0.0528843 -0.0358375 -0.0158452 0.051253 0.997671 -0.0450039 0.0739719 0.0381341 0.0430752 0.998344 0.997134
14 28 0 1 0 0 0 0 1 0 0 0 0 1 0
14 29 37 -0.470413 0.0506597 -0.880991 0.526996 0.398006 0.903219 -0.160581 -0.0113243 0.787593 -0.42618 -0.445049 0.849792
15 16 1754 0.992541 0.0183144 0.120527 -0.857062 -0.0177958 0.999827 -0.00537724 -0.115922 -0.120605 0.00319225 0.992695 -0.502004
15 17 861 0.96265 0.0537111 0.265368 -0.993496 -0.0598435 0.998094 0.0150723 0.024744 -0.264052 -0.0303899 0.964029 0.111144
15 18 83 0.807041 0.142894 0.572945 -0.918408 -0.126722 0.989584 -0.0683072 0.0822039 -0.576737 -0.0174778 0.816743 0.386999
15 19 42 0.778372 0.21219 0.590858 -0.696822 -0.193406 0.976424 -0.0958712 0.0453275 -0.59727 -0.0396518 0.801059 0.71581
15 20 54 0.999958 0.00721157 0.005637 -0.14825 -0.00671929 0.996532 -0.0829432 0.505438 -0.0062156 0.0829018 0.996538 -0.850032
15 21 71 0.995707 0.0340662 0.086061 -0.131785 -0.0234667 0.992338 -0.1213 0.790163 -0.0895339 0.11876 0.988878 -0.59856
15 22 44 0.99274 -0.0392604 0.113695 0.296067 0.0394651 0.999221 0.000450548 0.138715 -0.113624 0.0040397 0.993516 0.945041
15 23 0 1 0 0 0 0 1 0 0 0 0 1 0
15 24 33 0.850866 0.483276 0.206083 -0.389767 0.488428 -0.872135 0.0286075 0.0263581 0.193558 0.0763157 -0.978116 0.920536
15 25 57 -0.0633265 -0.182393 -0.981184 -0.174792 -0.993216 -0.0845628 0.0798225 0.122062 -0.0975308 0.979582 -0.175801 0.97701
15 26 22 0.963431 -0.224933 -0.145621 -0.0617334 -0.264831 -0.716563 -0.645292 0.106344 0.0408005 0.660259 -0.749929 0.992411
15 27 32 0.992539 0.0353138 -0.116701 -0.148801 0.0319218 -0.999015 -0.0308085 0.078539 -0.117674 0.0268533 -0.992689 0.985743
15 28 62 0.991154 -0.0315583 -0.128908 0.00810618 0.0953979 0.844673 0.526714 -0.96495 0.0922629 -0.534352 0.840211 0.26231
15 29 45 -0.871861 0.351879 0.340645 -0.191885 0.314636 0.935457 -0.161013 0.0114902 -0.375316 -0.033202 -0.926302 0.98135
16 17 1134 0.989052 0.0350961 0.143333 -0.898711 -0.0389903 0.99894 0.0244502 0.112265 -0.142323 -0.0297711 0.989372 0.423928
16 18 197 0.86619 0.129751 0.482576 -0.834442 -0.121274 0.991415 -0.0488853 0.0909639 -0.484776 -0.0161802 0.874489 0.543536
16 19 0 1 0 0 0 0 1 0 0 0 0 1 0
16 20 34 0.904951 -0.205438 -0.372639 0.163338 0.0668973 -0.796154 0.601385 -0.41255 -0.420225 -0.569152 -0.706737 0.896172
16 21 39 0.967781 -0.248912 -0.0379858 0.0364277 0.185221 0.601561 0.777057 -0.955129 -0.170568 -0.759057 0.628283 0.293941
16 22 113 0.998101 -0.0364781 0.0496295 -0.183333 0.0373109 0.999176 -0.0159578 0.846526 -0.0490065 0.0177792 0.99864 -0.499782
16 23 20 0.967304 0.100618 0.232806 0.464671 -0.0626288 0.984273 -0.165179 0.47712 -0.245764 0.145198 0.958393 0.745947
16 24 31 0.990957 0.0235106 0.132104 -0.38948 0.00657399 -0.991854 0.127207 0.0182372 0.134019 -0.125188 -0.98304 0.920854
16 25 24 -0.502533 -0.786989 0.357923 -0.194497 -0.824185 0.561118 0.0765917 0.116438 -0.261114 -0.256505 -0.930605 0.973968
16 26 0 1 0 0 0 0 1 0 0 0 0 1 0
16 27 0 1 0 0 0 0 1 0 0 0 0 1 0
16 28 46 0.975177 -0.0946998 -0.200155 0.0934156 0.0976044 0.995214 0.00467131 -0.638043 0.198755 -0.0240914 0.979753 0.764313
16 29 50 -0.832392 0.261074 -0.488839 0.250671 0.430194 0.860474 -0.272979 0.0451404 0.349366 -0.437522 -0.828564 0.967019
17 18 438 0.91628 0.10891 0.385447 -0.967483 -0.0892068 0.993641 -0.0686968 0.0647342 -0.390478 0.028561 0.920169 0.244511
17 19 61 0.768126 0.155089 0.621233 -0.912546 -0.120336 0.9879 -0.0978375 0.0427777 -0.62889 0.000394998 0.777495 0.40673
17 20 0 1 0 0 0 0 1 0 0 0 0 1 0
17 21 0 1 0 0 0 0 1 0 0 0 0 1 0
17 22 0 1 0 0 0 0 1 0 0 0 0 1 0
17 23 0 1 0 0 0 0 1 0 0 0 0 1 0
17 24 63 0.166597 0.234605 0.957709 -0.440208 0.981723 0.0511622 -0.183308 0.0539446 -0.0920034 0.970744 -0.221794 0.896274
17 25 31 0.40211 -0.854021 0.330084 -0.194497 -0.915542 -0.371304 0.154649 0.116438 -0.00951199 -0.364392 -0.931197 0.973968
17 26 16 0.979104 -0.0329095 -0.200679 0.998854 0.0425176 0.998137 0.0437565 -0.046069 0.198865 -0.0513745 0.978679 0.0129531
17 27 27 0.965698 0.0121686 -0.259383 0.352606 -0.0059307 0.999674 0.0248181 0.0103346 0.2596 -0.0224284 0.965456 0.935715
17 28 68 0.976582 -0.0405208 -0.211294 -0.00118074 0.160599 0.790811 0.590615 -0.976186 0.143162 -0.610718 0.778799 0.216933
17 29 47 0.80913 -0.136891 -0.571462 -0.192202 0.133829 0.989859 -0.0476288 0.00963706 0.572187 -0.0379403 0.819245 0.981308
18 19 771 0.960136 0.0444771 0.275973 -0.933994 -0.0391461 0.998926 -0.0247985 0.0754913 -0.27678 0.0130067 0.960845 0.349221
18 20 179 0.803053 0.121769 0.583334 -0.954142 -0.123748 0.991637 -0.0366418 0.058634 -0.582917 -0.0427613 0.811406 0.293554
18 21 118 0.84686 0.102634 0.521819 -0.732164 -0.124678 0.992171 0.00719492 -0.147298 -0.516995 -0.0711524 0.853026 -0.66501
18 22 124 -0.0627255 0.571796 -0.817994 0.489233 0.500616 0.727067 0.469848 -0.061617 0.863394 -0.38003 -0.331856 0.869974
18 23 0 1 0 0 0 0 1 0 0 0 0 1 0
18 24 0 1 0 0 0 0 1 0 0 0 0 1 0
18 25 76 0.991459 0.0933084 0.0911239 0.379741 -0.0948594 0.995408 0.0128315 0.155853 -0.0895082 -0.0213659 0.995757 0.91187
18 26 63 0.982029 0.172319 0.0769808 0.526363 -0.172617 0.984985 -0.0028082 0.139116 -0.0763088 -0.0105305 0.997029 0.838802
18 27 0 1 0 0 0 0 1 0 0 0 0 1 0
18 28 0 1 0 0 0 0 1 0 0 0 0 1 0
18 29 18 0.0218935 0.990963 0.132338 -0.340655 0.994035 -0.0357227 0.103047 0.171245 0.106843 0.129292 -0.985834 0.924462
19 20 1113 0.936608 0.0750334 0.34225 -0.973179 -0.0819426 0.99662 0.00575111 -0.0246497 -0.340662 -0.0334314 0.939591 -0.228726
19 21 549 0.864505 0.0858694 0.495235 -0.968049 -0.117922 0.992449 0.0337673 -0.0711906 -0.488596 -0.0875909 0.868102 -0.240443
19 22 442 0.84297 0.0810553 0.53182 -0.943117 -0.10914 0.993793 0.0215283 -0.10263 -0.526774 -0.0761904 0.846584 -0.316223
19 23 0 1 0 0 0 0 1 0 0 0 0 1 0
19 24 0 1 0 0 0 0 1 0 0 0 0 1 0
19 25 212 0.999921 -0.00729254 -0.0102577 0.541044 0.00789553 0.998166 0.0600266 0.197466 0.00980114 -0.0601028 0.998144 0.817483
19 26 244 0.998809 0.0457324 -0.0170232 0.571567 -0.0446984 0.997382 0.0568349 0.174245 0.0195778 -0.0560063 0.998238 0.801841
19 27 77 0.995334 0.0943657 0.0201569 0.591473 -0.0948862 0.995131 0.0266478 0.113756 -0.0175441 -0.028436 0.999442 0.79826
19 28 52 0.977767 0.158611 0.137168 0.993247 -0.155836 0.987302 -0.0308064 -0.0650382 -0.140312 0.00874569 0.990069 -0.0960737
19 29 0 1 0 0 0 0 1 0 0 0 0 1 0
20 21 1582 0.987564 0.0168937 0.156308 -0.898433 -0.022826 0.999083 0.036236 -0.11227 -0.155552 -0.0393532 0.987043 -0.424516
20 22 1108 0.96846 0.0152403 0.248703 -0.923389 -0.020496 0.999618 0.0185565 -0.0993496 -0.248326 -0.0230686 0.968402 -0.370786
20 23 237 0.84697 0.100566 0.522043 -0.995358 -0.0906306 0.994885 -0.0446141 -0.00412877 -0.523859 -0.00952627 0.851752 -0.0961545
20 24 91 0.607527 0.15757 0.778513 -0.97633 -0.154372 0.98486 -0.0788672 0.0585169 -0.779154 -0.0722669 0.622653 0.208222
20 25 249 0.884124 0.125784 0.450003 -0.996265 -0.139399 0.990232 -0.0029101 0.0368333 -0.445973 -0.0601571 0.893022 0.0780933
20 26 409 0.178199 0.172766 0.968709 -0.742649 -0.215383 0.967441 -0.132919 0.149412 -0.960133 -0.184957 0.209608 0.652801
20 27 235 0.41382 0.179051 0.892577 -0.854596 -0.199566 0.974461 -0.102953 0.110846 -0.888215 -0.135524 0.438983 0.507324
20 28 220 0.963395 0.0298958 -0.266413 0.673351 -0.037223 0.999054 -0.0224949 0.0681069 0.265488 0.0315881 0.963597 0.736179
20 29 0 1 0 0 0 0 1 0 0 0 0 1 0
21 22 1652 0.996162 0.00354405 0.0874619 -0.917517 -0.00187921 0.999816 -0.01911 -0.0900788 -0.0875135 0.0188723 0.995985 -0.38736
21 23 523 0.908032 0.106517 0.405132 -0.992358 -0.0882494 0.994068 -0.0635652 -0.0287525 -0.4095 0.0219666 0.912046 -0.12
21 24 92 0.783018 0.164494 0.599854 -0.990397 -0.1412 0.986227 -0.0861311 0.0555788 -0.60576 -0.017257 0.79546 0.126588
21 25 435 0.59796 0.20104 0.775904 -0.869242 -0.200704 0.974749 -0.0978868 0.118515 -0.775991 -0.0971946 0.623211 0.479971
21 26 476 0.351885 0.214808 0.911062 -0.754637 -0.230022 0.963311 -0.138284 0.154788 -0.907341 -0.160905 0.388385 0.637623
21 27 231 0.337532 0.231783 0.912332 -0.780375 -0.201355 0.964555 -0.170556 0.158658 -0.919526 -0.126135 0.372239 0.604849
21 28 214 0.930875 0.0215989 -0.364699 0.614196 -0.0400683 0.998265 -0.0431511 0.0395594 0.363134 0.0547811 0.930125 0.788161
21 29 0 1 0 0 0 0 1 0 0 0 0 1 0
22 23 889 0.946089 0.0915576 0.310696 -0.985185 -0.0788802 0.995466 -0.053154 0.0496685 -0.314154 0.0257807 0.949022 -0.164143
22 24 210 0.845048 0.151668 0.512728 -0.992007 -0.144838 0.988006 -0.0535439 0.0528589 -0.514699 -0.0290154 0.85688 0.114581
