0 1 1140 0.668006 -0.111177 -0.735804 0.403293 0.102749 0.993086 -0.0567701 0.15261 0.737028 -0.03768 0.674811 0.902255
0 2 1189 0.851942 -0.0928725 -0.515334 0.510663 0.103992 0.994551 -0.00731821 0.179832 0.513206 -0.0473559 0.856958 0.840763
0 3 1785 0.949385 -0.0512547 -0.309904 0.703791 0.0521141 0.998626 -0.00551094 0.148625 0.30976 -0.0109183 0.950752 0.694686
0 4 2142 0.987209 -0.0304748 -0.156492 0.650753 0.0257207 0.999147 -0.0323154 0.138009 0.157343 0.0278769 0.987151 0.746642
0 5 1956 0.999463 0.00400793 -0.0325111 0.489462 -0.00458555 0.999833 -0.0177119 0.152625 0.0324347 0.0178515 0.999314 0.858564
0 6 2025 0.998893 0.00936661 0.0461076 0.421902 -0.0105034 0.999645 0.024476 0.197998 -0.045862 -0.0249331 0.998637 0.884757
0 7 778 0.914558 0.0790294 0.396659 0.535921 -0.0922151 0.995637 0.0142474 0.210333 -0.393803 -0.049608 0.917855 0.817648
0 8 1004 0.846714 0.0992365 0.522712 0.081947 -0.108929 0.993974 -0.0122574 0.25193 -0.520778 -0.0465598 0.852421 0.96427
0 9 1102 0.810314 0.108717 0.575823 -0.307953 -0.117546 0.992823 -0.0220351 0.210848 -0.574086 -0.0498302 0.817277 0.927743
0 10 1170 0.717457 0.126566 0.685009 -0.723703 -0.120812 0.991062 -0.0565802 0.123149 -0.686047 -0.0421632 0.726335 0.679035
0 11 1037 0.57662 0.1611 0.800972 -0.810918 -0.167036 0.982905 -0.0774432 0.124097 -0.799755 -0.089136 0.593672 0.57185
0 12 884 0.447923 0.158428 0.879923 -0.780875 -0.182293 0.979684 -0.083594 0.12605 -0.875291 -0.12296 0.467704 0.611838
0 13 822 0.120017 0.181237 0.976089 -0.617243 -0.198848 0.96766 -0.155222 0.161429 -0.972654 -0.175464 0.152174 0.770033
0 14 829 -0.172336 0.177167 0.968975 -0.591151 -0.233773 0.948233 -0.214952 0.20113 -0.956896 -0.263564 -0.121998 0.781081
0 15 217 -0.488912 0.834475 -0.254197 0.478636 -0.869959 -0.487905 0.0715558 0.00229909 -0.0643122 0.256125 0.964502 -0.87801
0 16 457 -0.560075 -0.412527 -0.718427 0.42378 -0.591047 0.806634 -0.00240509 -0.0414277 0.580499 0.423277 -0.695598 0.904817
0 17 156 0.767745 0.624406 -0.143821 0.402002 -0.608473 0.780809 0.141768 -0.0662441 0.200818 -0.0213308 0.979396 -0.913239
0 18 123 -0.821813 -0.495216 -0.281753 -0.0866233 0.460895 -0.868542 0.18224 0.142994 -0.334962 0.019909 0.942021 0.985925
0 19 414 0.561827 0.248509 0.789046 -0.46353 0.22981 -0.963155 0.139711 -0.0333623 0.794693 0.102837 -0.598237 0.885453
0 20 423 0.041618 0.979859 0.195308 -0.219008 0.726556 -0.163864 0.667282 -0.278219 0.685845 0.114131 -0.718742 0.935216
0 21 426 0.742338 0.311964 0.592969 -0.166684 -0.0273671 -0.870139 0.492046 -0.245592 0.669466 -0.381492 -0.6374 0.954935
0 22 179 -0.633406 -0.732893 -0.248323 0.208335 0.747925 -0.662152 0.0464959 0.123605 -0.198504 -0.156276 0.967561 -0.970216
0 23 212 -0.758941 -0.422734 -0.495282 0.485315 -0.527604 0.844999 0.0872437 -0.0387579 0.381632 0.327526 -0.86434 0.87348
0 24 348 -0.739285 -0.299473 -0.603137 0.412877 -0.109576 0.93723 -0.331048 0.212144 0.664418 -0.178649 -0.725695 0.885736
0 25 218 -0.0503622 0.99836 -0.0272347 -0.264347 -0.972183 -0.0552508 -0.227613 0.282809 -0.228744 0.0150141 0.973371 -0.92203
0 26 619 -0.160102 -0.248607 -0.955281 0.21574 0.165471 0.947311 -0.274265 0.291885 0.973132 -0.201982 -0.110529 0.931805
0 27 714 0.107203 -0.178582 -0.978067 0.225776 0.263741 0.953601 -0.145207 0.17976 0.958618 -0.242389 0.149329 0.95745
0 28 760 0.181877 -0.168506 -0.968776 0.220756 0.206575 0.96977 -0.129896 0.140432 0.961378 -0.176499 0.211188 0.965166
0 29 1246 0.878499 -0.0813405 -0.470768 0.633389 0.0837485 0.996361 -0.0158708 0.152627 0.470345 -0.0254836 0.882114 0.758633
1 2 2084 0.965943 0.0225449 0.257772 -0.986462 -0.031694 0.999005 0.0313926 -0.0447122 -0.256808 -0.0384933 0.965696 -0.157776
1 3 1810 0.869588 0.0634776 0.489681 -0.967205 -0.0736202 0.997285 0.00145797 -0.0623019 -0.488259 -0.0373182 0.871901 -0.246236
1 4 1440 0.795961 0.0788552 0.60019 -0.998566 -0.0706919 0.996804 -0.0372135 -0.0194205 -0.601206 -0.012808 0.798992 -0.0498817
1 5 1210 0.705568 0.109258 0.700168 -0.957018 -0.102375 0.993394 -0.0518495 0.0482215 -0.701208 -0.0350966 0.712093 0.285992
1 6 1098 0.641983 0.117398 0.757678 -0.979182 -0.132232 0.990353 -0.0414084 0.0625156 -0.75523 -0.0736059 0.651314 0.19312
1 7 413 0.330833 0.152859 0.931227 -0.911849 -0.174745 0.979652 -0.0987267 0.107007 -0.927369 -0.130065 0.350812 0.396335
1 8 181 0.821951 0.0486829 0.567474 -0.284474 -0.0713584 0.997292 0.0178017 0.218676 -0.56507 -0.0551262 0.823199 0.933411
1 9 91 -0.245007 0.957071 -0.154877 0.0362092 -0.906376 -0.282817 -0.313844 -0.013284 -0.344173 0.0634833 0.936758 -0.999256
1 10 96 -0.228075 0.965672 -0.124337 -0.201753 -0.912269 -0.256571 -0.319276 0.000173427 -0.340217 0.0406099 0.93947 -0.979436
1 11 241 0.708971 0.315211 -0.630874 0.46112 0.194835 -0.947284 -0.254348 0.184468 -0.67779 0.0574088 -0.733011 0.867952
1 12 211 -0.848234 0.136482 -0.511734 -0.0821665 0.330887 0.89101 -0.310831 0.0352844 0.413537 -0.432983 -0.800945 0.995994
1 13 240 -0.374597 -0.925319 0.0588464 -0.0732286 -0.92708 0.374766 -0.00855537 -0.154308 -0.0141372 -0.0577601 -0.99823 0.985305
1 14 83 0.972665 -0.141833 -0.183862 0.339601 0.149796 0.988259 0.0300965 -0.0845695 0.177435 -0.0568156 0.982491 -0.93676
1 15 244 -0.918173 0.23904 0.315941 -0.263209 0.273154 0.959577 0.067815 0.082535 -0.28696 0.148567 -0.946352 0.961202
1 16 192 0.6436 0.764167 -0.0427447 0.323866 -0.76502 0.643978 -0.00607913 -0.268716 0.0228812 0.0366131 0.999068 0.90714
1 17 168 0.994989 0.0371663 0.0928217 0.136419 -0.0430949 0.997101 0.0627043 0.208989 -0.0902222 -0.0663902 0.993706 0.968356
1 18 187 0.992038 0.0131473 0.125252 -0.471211 -0.0126518 0.999909 -0.00475091 -0.150624 -0.125303 0.00312842 0.992114 -0.869064
1 19 312 0.432431 -0.566062 -0.701839 0.387821 -0.567323 -0.775806 0.276169 -0.204882 -0.700819 0.278745 -0.656622 0.898676
1 20 187 0.877892 0.0046998 0.478836 -0.404341 -0.0454419 -0.994622 0.093075 -0.0487208 0.476698 -0.103469 -0.872957 0.91331
1 21 90 0.717421 -0.605473 -0.344543 0.451367 0.68738 0.695619 0.208863 -0.0792017 0.113209 -0.386675 0.915241 -0.888816
1 22 141 -0.765137 0.63653 -0.0969267 0.304574 -0.578043 -0.745394 -0.332044 0.193348 -0.283605 -0.198031 0.938271 0.932658
1 23 144 0.958561 0.284868 -0.0032995 -0.326772 -0.283117 0.951253 -0.122316 -0.000438074 -0.0317054 0.118182 0.992486 -0.945103
1 24 259 0.79842 -0.19471 -0.569748 0.385378 0.195853 0.978794 -0.0600409 -0.00107666 0.569356 -0.0636489 0.819623 0.922758
1 25 437 0.624244 -0.140243 -0.768538 0.990884 0.213911 0.976843 -0.00450483 -0.020087 0.751373 -0.161587 0.639788 0.133213
1 26 599 0.619192 -0.155207 -0.769748 0.952047 0.219872 0.975328 -0.0197925 0.076363 0.753829 -0.15699 0.638041 0.296268
1 27 835 0.743036 -0.142825 -0.653834 0.977733 0.178274 0.983904 -0.0123304 0.0528925 0.645071 -0.1074 0.756537 0.203077
1 28 1210 0.839533 -0.119563 -0.52999 0.999989 0.126991 0.991648 -0.0225502 -0.000788218 0.528259 -0.0483723 0.847704 -0.00467877
1 29 654 0.949657 0.0343305 0.311405 -0.852282 -0.0403332 0.999104 0.0128547 0.105155 -0.310685 -0.0247676 0.95019 0.512404
2 3 2522 0.968835 0.050187 0.242571 -0.776431 -0.0474702 0.998727 -0.0170358 -0.1417 -0.243117 0.00498995 0.969984 -0.614065
2 4 1863 0.924899 0.0740768 0.372926 -0.982064 -0.0558001 0.996663 -0.0595831 -0.0175388 -0.376095 0.034299 0.925946 -0.187731
2 5 1476 0.868313 0.107061 0.484325 -0.965807 -0.0874168 0.994175 -0.0630404 0.0511252 -0.488253 0.0124006 0.872614 0.254169
2 6 1293 0.829633 0.113154 0.546722 -0.994957 -0.113817 0.99296 -0.0327988 0.0251318 -0.546585 -0.0350152 0.836671 0.0971057
2 7 565 0.575189 0.170767 0.799998 -0.94901 -0.179349 0.980499 -0.0803461 0.0793516 -0.798117 -0.0972649 0.594599 0.305094
2 8 463 0.460657 0.180896 0.868949 -0.936963 -0.175324 0.978266 -0.110708 0.0817647 -0.87009 -0.101349 0.48236 0.339727
2 9 454 0.407946 0.181594 0.894765 -0.93193 -0.163223 0.978738 -0.124219 0.0774655 -0.898298 -0.0953715 0.428912 0.354269
2 10 138 0.940079 0.151637 0.305383 0.201753 -0.13464 0.987968 -0.0761019 -0.000173427 -0.313248 0.0304249 0.949184 0.979436
2 11 384 0.121813 0.216901 0.968564 -0.903013 -0.324811 0.930811 -0.167597 0.0362728 -0.937901 -0.294185 0.183837 0.42808
2 12 409 -0.22951 0.164026 0.959386 -0.757978 -0.174039 0.962895 -0.20626 0.112036 -0.95762 -0.21431 -0.192447 0.642587
2 13 133 -0.650601 -0.754065 -0.0900227 0.0732286 0.757096 -0.653304 0.000735677 0.154308 -0.0593669 -0.0676771 0.995939 -0.985305
2 14 428 -0.680472 0.194982 0.706357 -0.433002 -0.126417 0.918258 -0.37526 0.237475 -0.721787 -0.34465 -0.6002 0.869549
2 15 350 -0.84301 0.0692713 0.533419 -0.331489 0.0905885 0.995792 0.0138488 -0.00816404 -0.530215 0.0599963 -0.845738 0.943424
2 16 351 -0.825811 0.161522 -0.540322 0.323866 -0.104875 0.897408 0.428557 -0.268716 0.55411 0.410573 -0.724149 0.90714
2 17 201 0.680274 -0.647471 -0.343524 -0.125521 0.617461 0.758772 -0.207381 0.236393 0.39493 -0.071037 0.915961 0.963516
2 18 342 0.904842 0.0607834 0.421387 -0.828363 -0.0636537 0.997946 -0.00726656 0.0299964 -0.420963 -0.0202477 0.906852 0.559388
2 19 134 0.872542 0.137553 0.468774 0.021499 -0.147763 0.988907 -0.0151403 -0.0381306 -0.465656 -0.0560571 0.883188 0.999041
2 20 104 -0.970746 -0.221588 0.0924738 -0.210167 0.219242 -0.975045 -0.0349328 -0.0655568 0.0979068 -0.0136367 0.995102 -0.975465
2 21 120 0.991921 -0.0627353 -0.110261 0.451367 0.0716092 0.994343 0.078453 -0.0792017 0.104716 -0.0857148 0.990802 -0.888816
2 22 239 0.777517 -0.212766 -0.591775 0.95277 0.155799 0.976862 -0.146519 0.139768 0.609257 0.0217234 0.792676 0.269618
2 23 210 0.905698 -0.0614187 -0.41945 0.58114 0.00799588 0.991748 -0.127953 -0.241478 0.423847 0.112533 0.898716 0.777152
2 24 178 0.976861 -0.213588 0.011113 -0.406168 0.213872 0.97586 -0.0442198 -0.186433 -0.00139992 0.0455733 0.99896 -0.894578
2 25 129 0.989637 0.143355 0.00820264 -0.0708956 -0.143267 0.989629 -0.010412 0.070291 -0.00961019 0.00912895 0.999912 0.995004
2 26 461 0.390287 -0.189709 -0.900936 0.894825 0.233335 0.966975 -0.102534 0.0898027 0.890635 -0.170202 0.421664 0.437291
2 27 677 0.513589 -0.205914 -0.832962 0.891627 0.178174 0.97521 -0.13122 0.176375 0.839333 -0.081019 0.537546 0.417006
2 28 865 0.672234 -0.166295 -0.72142 0.960165 0.135834 0.985609 -0.100619 0.0868527 0.727771 -0.0303539 0.685149 0.265595
2 29 2236 0.998818 0.0135061 0.0466998 0.975131 -0.0127626 0.999788 -0.0161822 0.0582265 -0.0469085 0.0155671 0.998778 0.213843
3 4 3682 0.99087 0.0230826 0.132829 -0.993049 -0.0180079 0.999066 -0.0392802 0.0571309 -0.133612 0.0365296 0.99036 0.102906
3 5 2806 0.963929 0.057656 0.259839 -0.874459 -0.0505949 0.998148 -0.0337876 0.0924695 -0.261305 0.0194223 0.965061 0.476205
3 6 2467 0.939292 0.0637185 0.33715 -0.972528 -0.0690066 0.997609 0.0037112 0.0498978 -0.336107 -0.0267515 0.941444 0.227377
3 7 1126 0.753788 0.127704 0.644589 -0.92032 -0.13952 0.989672 -0.0329151 0.10718 -0.642135 -0.0651219 0.76382 0.376195
3 8 935 0.667404 0.144467 0.730549 -0.925893 -0.156499 0.986305 -0.052071 0.0782468 -0.728066 -0.0795779 0.680872 0.369593
3 9 877 0.585983 0.155805 0.795203 -0.931279 -0.170618 0.983065 -0.0668848 0.0591948 -0.792157 -0.0964827 0.602643 0.359465
3 10 798 0.473724 0.165649 0.864954 -0.908521 -0.153265 0.982671 -0.104252 0.0650602 -0.867234 -0.0831801 0.490903 0.412743
3 11 742 0.310935 0.193984 0.930424 -0.862254 -0.18353 0.972779 -0.141482 0.109111 -0.932543 -0.126769 0.338073 0.494584
3 12 606 0.169924 0.184986 0.967939 -0.802836 -0.198788 0.968466 -0.150189 0.118179 -0.965199 -0.166894 0.201339 0.58437
3 13 676 -0.204477 0.187436 0.960758 -0.589028 -0.1909 0.955015 -0.226944 0.159757 -0.960076 -0.229814 -0.159498 0.792164
3 14 639 -0.394909 0.174461 0.902004 -0.513916 -0.237735 0.928958 -0.283758 0.210218 -0.887429 -0.326496 -0.325378 0.831684
3 15 506 -0.346231 0.22072 0.911815 -0.532334 -0.235508 0.920358 -0.312214 0.210077 -0.908108 -0.322838 -0.266675 0.820054
3 16 106 0.83433 0.449796 0.318711 0.167136 -0.481776 0.875938 0.0249956 -0.0930273 -0.267928 -0.174402 0.947522 0.981535
3 17 285 0.417064 0.633455 0.651761 -0.268007 0.606629 -0.72801 0.319379 0.0844861 0.676801 0.262176 -0.687899 0.959705
3 18 193 0.996704 -0.056917 -0.0578125 -0.488622 0.0569827 0.998375 -0.000512488 -0.171551 0.0577477 -0.00278351 0.998327 -0.855464
3 19 158 0.982212 0.113362 0.149698 -0.271807 -0.12848 0.987104 0.0954926 0.119234 -0.136942 -0.113027 0.98411 -0.954937
3 20 124 0.904024 -0.427162 -0.0165318 -0.293119 0.425187 0.902501 -0.0686108 0.089865 0.0442279 0.0549967 0.997507 -0.951843
3 21 283 -0.685773 0.265207 0.677776 -0.450335 0.351205 0.936234 -0.0109902 0.0797351 -0.637471 0.230502 -0.735186 0.889292
3 22 253 -0.0260156 -0.878142 -0.477692 0.305972 -0.873845 -0.212104 0.437501 -0.0431172 -0.485508 0.428811 -0.761842 0.951064
3 23 139 -0.443675 -0.834547 0.326624 -0.485315 0.869871 -0.4887 -0.0670591 0.0387579 0.215585 0.254368 0.942772 -0.87348
3 24 141 -0.516192 -0.854669 -0.055563 -0.340444 0.856466 -0.515358 -0.0295255 -0.145423 -0.00340032 -0.0628287 0.998019 -0.928951
3 25 247 0.776646 0.497279 0.386697 -0.0708956 0.49517 -0.861388 0.113211 0.070291 0.389394 0.103556 -0.915231 0.995004
3 26 516 0.157167 -0.198112 -0.967497 0.81402 0.241554 0.957627 -0.156851 0.143565 0.957575 -0.209051 0.198362 0.562815
3 27 761 0.364123 -0.205788 -0.908331 0.839515 0.211251 0.968113 -0.134648 0.154111 0.907076 -0.142857 0.395985 0.521023
3 28 1044 0.454612 -0.180174 -0.872276 0.842823 0.162982 0.979619 -0.117404 0.0966388 0.875651 -0.0887917 0.474712 0.529444
3 29 2577 0.980837 -0.035377 -0.19159 0.846381 0.0346624 0.999374 -0.00708116 0.116091 0.19172 0.000304504 0.98145 0.519772
4 5 3706 0.991446 0.0299157 0.127043 -0.744201 -0.0314212 0.999458 0.0098624 0.0921667 -0.126679 -0.0137699 0.991848 0.661566
4 6 3149 0.9781 0.0334066 0.205436 -0.980588 -0.0442963 0.997834 0.0486382 0.0223444 -0.203366 -0.0566731 0.977461 0.194804
4 7 1623 0.838458 0.0913684 0.537253 -0.962153 -0.129101 0.991084 0.0329306 0.0388301 -0.529454 -0.0969708 0.842778 0.269727
4 8 1264 0.761987 0.10183 0.639536 -0.961504 -0.129817 0.991533 -0.00320367 0.0668473 -0.634447 -0.0805815 0.768754 0.266535
4 9 1188 0.693372 0.113009 0.711663 -0.966324 -0.144188 0.98941 -0.0166316 0.0441768 -0.706006 -0.0910817 0.702324 0.253508
4 10 1077 0.592799 0.123963 0.795753 -0.948165 -0.144181 0.988455 -0.0465738 0.0390836 -0.792339 -0.0871237 0.603828 0.315367
4 11 942 0.447952 0.15078 0.881252 -0.907364 -0.184066 0.980114 -0.0741318 0.0827536 -0.874905 -0.129001 0.466797 0.412121
4 12 759 0.298507 0.142012 0.943783 -0.850309 -0.199578 0.976294 -0.0837799 0.0948537 -0.933307 -0.16335 0.319773 0.517666
4 13 884 -0.0411234 0.14567 0.988478 -0.67413 -0.216009 0.964622 -0.151141 0.133476 -0.975525 -0.219735 -0.00820251 0.726453
4 14 746 -0.259423 0.172252 0.950278 -0.586231 -0.225907 0.945844 -0.23312 0.213727 -0.938971 -0.275151 -0.206461 0.781444
4 15 538 -0.733659 0.167434 0.658567 -0.298009 -0.0568114 0.950661 -0.304985 0.204028 -0.677139 -0.261169 -0.687949 0.932504
4 16 209 -0.872734 -0.35503 0.335097 -0.481358 0.40859 -0.906847 0.103352 0.111907 0.267188 0.227116 0.936498 -0.869351
4 17 148 0.47882 0.842775 -0.24589 0.392692 -0.827694 0.526733 0.193585 0.0197278 0.292667 0.11083 0.94977 -0.919459
4 18 102 0.403236 -0.915052 -0.00894939 -0.0866233 0.909048 0.401674 -0.110861 0.142994 0.105038 0.0365676 0.993796 0.985925
4 19 161 0.996971 -0.0090648 -0.077249 0.0190112 0.0103129 0.999822 0.0157727 -0.114258 0.0770923 -0.0165216 0.996887 -0.993269
4 20 251 -0.942418 0.155684 -0.295991 0.293119 0.0922412 0.971713 0.217407 -0.089865 0.321465 0.177586 -0.93012 0.951843
4 21 161 -0.885584 0.453692 0.0995231 0.229588 -0.455679 -0.890139 0.00307473 0.14487 0.0899844 -0.0426277 0.995031 -0.962446
4 22 130 0.925214 0.0951958 0.367309 -0.394723 -0.104644 0.994493 0.0058442 -0.0493727 -0.36473 -0.0438439 0.93008 -0.917473
4 23 94 -0.869496 -0.203076 -0.450264 0.356563 0.228687 -0.973497 -0.00255108 0.0136023 -0.437812 -0.105188 0.892892 -0.934172
4 24 123 0.87224 -0.0771541 -0.482955 -0.0165106 0.0890865 0.996022 0.00177561 0.0433335 0.480897 -0.0445735 0.875643 0.998924
4 25 115 -0.464854 0.885135 -0.0211496 -0.0707867 -0.88512 -0.465168 -0.0134689 0.0705884 -0.0217599 0.0124588 0.999686 0.994991
4 26 580 -0.0100419 -0.168938 -0.985576 0.71882 0.244307 0.955341 -0.166245 0.1696 0.969646 -0.242453 0.0316793 0.674191
4 27 807 0.167777 -0.162257 -0.97238 0.742886 0.223375 0.966965 -0.122811 0.131298 0.960185 -0.196601 0.198478 0.656416
4 28 1043 0.333761 -0.150684 -0.930536 0.769734 0.171972 0.980309 -0.0970611 0.0918416 0.926838 -0.127631 0.353102 0.631724
4 29 2248 0.943728 -0.0457113 -0.327547 0.907837 0.0567863 0.99809 0.0243227 0.0723329 0.32581 -0.0415542 0.944522 0.413038
5 6 3691 0.996851 0.00469282 0.0791551 -0.854392 -0.00797515 0.999119 0.0412021 -0.117526 -0.078892 -0.0417036 0.99601 -0.506164
5 7 2055 0.903734 0.0696352 0.422393 -0.973978 -0.092316 0.995168 0.0334534 -0.055474 -0.418023 -0.0692266 0.905795 -0.219748
5 8 1703 0.83279 0.0856929 0.546917 -0.997341 -0.110855 0.99375 0.0130944 -0.0333228 -0.542377 -0.0715333 0.837085 -0.0648082
5 9 1415 0.777331 0.0974986 0.62149 -0.999867 -0.116056 0.993186 -0.0106527 -0.00646491 -0.618294 -0.0638468 0.783349 -0.0149888
5 10 1276 0.691388 0.113092 0.713578 -0.99447 -0.113454 0.992414 -0.0473581 0.0174653 -0.71352 -0.0482154 0.698974 0.103561
5 11 1140 0.550917 0.14556 0.821768 -0.963433 -0.159986 0.98483 -0.0671883 0.0596684 -0.819082 -0.0944558 0.565847 0.261222
5 12 1010 0.418055 0.145987 0.896615 -0.91714 -0.169703 0.982178 -0.0807929 0.0826311 -0.89243 -0.118382 0.435379 0.389906
5 13 948 0.0802281 0.156538 0.984408 -0.768155 -0.197677 0.970475 -0.138212 0.115815 -0.976979 -0.183506 0.108803 0.629702
5 14 842 -0.200465 0.186004 0.961882 -0.658519 -0.216933 0.949012 -0.228726 0.202399 -0.955381 -0.254515 -0.149894 0.724836
5 15 579 -0.272401 0.664995 -0.695399 0.467961 0.603633 0.680921 0.414697 -0.181939 0.749283 -0.306802 -0.586897 0.864818
5 16 236 0.0974202 -0.95152 0.291752 -0.481358 0.898601 0.210108 0.385189 0.111907 -0.427814 0.224644 0.875506 -0.869351
5 17 325 0.980941 0.0867891 0.173845 -0.402002 -0.0858245 0.996225 -0.0130729 0.0662441 -0.174324 -0.00209641 0.984686 0.913239
5 18 128 0.883323 0.348436 -0.313581 0.232612 -0.341996 0.936521 0.0772535 -0.187591 0.320593 0.0390034 0.946414 -0.954307
5 19 376 -0.857387 0.0109324 -0.514556 0.285038 -0.0699947 0.988009 0.137621 -0.115 0.50989 0.154011 -0.846341 0.951593
5 20 427 -0.709888 -0.060855 0.70168 -0.404341 0.0211041 0.993975 0.107556 -0.0487208 -0.703998 0.091161 -0.704327 0.91331
5 21 370 -0.525059 -0.0384408 0.850197 -0.334523 -0.129271 0.99099 -0.0350277 0.0435753 -0.841191 -0.128297 -0.525298 0.94138
5 22 298 -0.806262 -0.121836 -0.578876 0.300675 -0.102384 0.992533 -0.0662977 0.0319781 0.582631 0.00581434 -0.812716 0.95319
5 23 155 -0.855645 0.402 0.325986 -0.485493 -0.332084 -0.909527 0.249962 0.0389033 0.396978 0.105624 0.91173 -0.873374
5 24 145 -0.588978 0.568748 -0.574135 -0.150186 -0.687074 -0.726437 -0.0147842 0.150243 -0.425482 0.385766 0.818627 0.977175
5 25 226 -0.850351 0.00148338 0.526213 -0.0708956 0.0844029 -0.986664 0.139175 0.070291 0.519402 0.162762 0.838886 0.995004
5 26 555 -0.207157 -0.212104 -0.955038 0.643578 0.177484 0.951867 -0.249898 0.245134 0.962073 -0.221272 -0.159541 0.725063
5 27 791 0.0664859 -0.169427 -0.983298 0.750705 0.243026 0.95855 -0.14873 0.12247 0.967739 -0.229078 0.104905 0.649186
5 28 960 0.263528 -0.167366 -0.950022 0.804679 0.203233 0.972362 -0.114927 0.069475 0.943 -0.16279 0.290259 0.589631
5 29 2109 0.892037 -0.0769582 -0.445363 0.977736 0.0885021 0.996063 0.00514629 0.0380964 0.443213 -0.0440062 0.895335 0.206353
6 7 2132 0.934696 0.0785473 0.34666 -0.963908 -0.082681 0.996572 -0.00287421 -0.0462922 -0.345697 -0.0259757 0.937986 -0.26218
6 8 1684 0.87869 0.100602 0.466673 -0.995457 -0.101989 0.994534 -0.0223602 -0.0288882 -0.466372 -0.027948 0.884147 -0.090729
6 9 1359 0.82663 0.116298 0.550597 -0.999143 -0.110577 0.992906 -0.0437105 -0.00614187 -0.551774 -0.0247507 0.833626 -0.0409286
6 10 1240 0.741199 0.136744 0.65721 -0.995411 -0.112063 0.990499 -0.0797054 0.0167815 -0.661865 -0.0145716 0.749481 0.0942059
6 11 1121 0.617711 0.176047 0.766447 -0.967286 -0.157785 0.982547 -0.0985183 0.0637715 -0.770413 -0.0600783 0.634708 0.245542
6 12 934 0.487758 0.178682 0.854497 -0.922747 -0.172235 0.979286 -0.106463 0.0800399 -0.85582 -0.0952463 0.508429 0.377003
6 13 849 0.160804 0.196365 0.967255 -0.785927 -0.20724 0.964879 -0.161429 0.109979 -0.964984 -0.174496 0.195851 0.60846
6 14 818 -0.172127 0.246307 0.953785 -0.646356 -0.181362 0.943761 -0.276449 0.225365 -0.968236 -0.220565 -0.117776 0.728996
6 15 561 -0.0985493 0.330104 0.938786 -0.717718 -0.205872 0.916207 -0.343776 0.28289 -0.973604 -0.227149 -0.0223323 0.636281
6 16 457 -0.389273 -0.189942 0.901326 -0.43058 -0.124718 0.980366 0.152734 -0.0928517 -0.91264 -0.0529558 -0.40532 0.897764
6 17 138 0.125648 -0.963214 -0.237552 -0.125521 0.973261 0.0732673 0.217706 0.236393 -0.192293 -0.258555 0.946664 0.963516
6 18 118 0.862674 -0.39314 -0.318174 0.464761 0.39154 0.917348 -0.0718936 0.000292155 0.32014 -0.062557 0.945303 -0.885436
6 19 442 0.257632 0.902327 -0.345589 0.271807 0.863338 -0.0543541 0.50169 -0.119234 0.433904 -0.427611 -0.793017 0.954937
6 20 266 0.650566 0.662771 -0.370807 0.293119 0.737379 -0.668103 0.0995531 -0.089865 -0.181757 -0.338192 -0.923359 0.951843
6 21 172 0.981149 -0.0107866 0.19295 -0.392444 0.00573745 0.999627 0.0267076 0.0317469 -0.193166 -0.0250971 0.980845 -0.919228
6 22 152 -0.932693 0.337741 -0.126554 0.300675 -0.359881 -0.894713 0.264528 0.0319781 -0.0238877 0.292268 0.956038 0.95319
6 23 226 -0.89229 -0.344394 -0.29191 0.436876 -0.316369 0.938263 -0.139906 0.113988 0.322071 -0.0324854 -0.946158 0.89227
6 24 84 -0.836729 -0.5199 0.172011 -0.162188 0.543347 -0.827333 0.142457 0.14177 0.0682468 0.212659 0.97474 0.976523
6 25 179 0.957271 0.0234071 -0.288242 -0.0708956 -0.0237957 0.999715 0.00215607 0.070291 0.28821 0.004795 0.957555 0.995004
6 26 572 -0.322572 -0.148759 -0.934783 0.55933 0.259503 0.935835 -0.238475 0.144051 0.910278 -0.319504 -0.263271 0.816333
6 27 731 0.0624064 -0.237385 -0.969409 0.645106 0.217979 0.951095 -0.218868 0.195301 0.973956 -0.197652 0.1111 0.738713
6 28 844 0.121065 -0.220509 -0.967842 0.639534 0.158124 0.966848 -0.200504 0.159915 0.979969 -0.128765 0.151919 0.751947
6 29 1562 0.851624 -0.101857 -0.514161 0.92422 0.0922484 0.994751 -0.0442695 0.074463 0.515972 -0.00972956 0.85655 0.374529
7 8 3027 0.990863 0.0260394 0.132332 -0.998976 -0.0241353 0.999581 -0.0159726 -0.00522757 -0.132692 0.0126328 0.991077 -0.0449484
7 9 2497 0.974416 0.045481 0.220101 -0.998763 -0.0399521 0.998766 -0.0295086 -0.00542821 -0.221171 0.0199602 0.975031 -0.0494186
7 10 1977 0.933077 0.0721041 0.352375 -0.995808 -0.0544465 0.996726 -0.0597808 0.0101716 -0.355531 0.0365946 0.933948 0.0908987
7 11 1595 0.855267 0.122381 0.503528 -0.966866 -0.103275 0.992474 -0.0657993 0.0656087 -0.507791 0.00427399 0.86147 0.246711
7 12 1392 0.768254 0.134699 0.625813 -0.925503 -0.12072 0.990556 -0.0650095 0.0778476 -0.628659 -0.0256041 0.777259 0.370654
7 13 1189 0.485181 0.185735 0.85446 -0.782686 -0.165162 0.979057 -0.119037 0.118678 -0.858674 -0.0833696 0.505696 0.610998
7 14 1068 0.29596 0.276331 0.914357 -0.719051 -0.214117 0.952074 -0.218423 0.253046 -0.930893 -0.131135 0.340943 0.647251
7 15 639 0.644484 -0.0758043 0.760851 -0.47759 -0.0977354 -0.995078 -0.0163532 -0.00124935 0.758345 -0.0638227 -0.648721 0.878582
7 16 571 0.978734 -0.0418006 0.200829 -0.990904 0.0329974 0.99835 0.0469854 -0.0788194 -0.202462 -0.0393594 0.978499 0.109072
7 17 367 0.181083 0.970233 -0.160801 -0.39178 -0.911356 0.227002 0.343366 -0.0403526 0.369647 0.0843691 0.925334 0.919174
7 18 256 0.312639 0.797315 0.51628 -0.114043 -0.877006 0.451067 -0.165523 0.0222674 -0.364851 -0.401032 0.840272 0.993226
7 19 377 0.648459 0.695529 -0.309421 -0.0190221 0.55422 -0.709991 -0.434457 0.114232 -0.521863 0.11024 -0.845876 0.993272
7 20 349 0.357254 0.918711 0.168346 -0.161417 0.813862 -0.394633 0.426489 -0.104903 0.458255 -0.0153549 -0.888688 0.981295
7 21 154 0.756095 -0.65424 -0.0170509 -0.120764 0.651814 0.755122 -0.0702099 -0.158194 0.0588097 0.0419713 0.997386 -0.979995
7 22 456 -0.409448 -0.807627 0.424372 -0.179241 -0.618812 0.587641 0.521296 -0.286379 -0.670391 -0.049163 -0.740378 0.941201
7 23 151 0.780986 -0.229928 0.580684 -0.450013 0.158004 0.97226 0.17247 -0.139245 -0.604232 -0.0429461 0.79565 -0.882099
7 24 153 0.666497 -0.741067 0.0812543 0.406168 0.744071 0.668013 -0.0108127 0.186433 -0.046266 0.0676656 0.996635 0.894578
7 25 470 -0.135962 0.279971 -0.950332 0.364515 0.879384 0.475895 0.0143882 -0.114491 0.456287 -0.833751 -0.310906 0.924132
7 26 159 0.820242 0.559352 -0.119702 -0.190854 -0.569071 0.81916 -0.0716591 0.0910808 0.0579723 0.126897 0.99022 0.977384
7 27 420 0.491911 0.85867 0.143908 -0.164574 0.83185 -0.414737 -0.368807 0.0784227 -0.256999 0.30113 -0.918298 0.983242
7 28 338 0.921556 -0.0456048 -0.385559 0.199606 -0.0326296 -0.998661 0.0401334 0.0209242 -0.386873 -0.0244046 -0.92181 0.979653
7 29 1085 0.608401 -0.150256 -0.779276 0.868018 0.142288 0.986655 -0.0791536 0.0610191 0.78077 -0.0627241 0.621662 0.492769
8 9 3443 0.995382 0.0187322 0.0941446 -0.987035 -0.0173028 0.999723 -0.015976 0.0127961 -0.0944177 0.0142732 0.99543 -0.159993
8 10 2594 0.973375 0.0435128 0.22505 -0.999214 -0.0368657 0.998753 -0.0336566 -0.0233752 -0.226234 0.0244639 0.973766 0.0320037
8 11 1997 0.918721 0.0926495 0.383885 -0.975768 -0.085757 0.995699 -0.0350735 0.0528611 -0.385483 -0.000698036 0.922715 0.212326
8 12 1734 0.846456 0.104301 0.522144 -0.936774 -0.103071 0.994175 -0.0315023 0.0651438 -0.522388 -0.0271525 0.852276 0.343818
8 13 1427 0.598979 0.163832 0.783826 -0.807804 -0.153915 0.98415 -0.0880854 0.117776 -0.785834 -0.067881 0.614701 0.577565
8 14 1303 0.427398 0.17713 0.886541 -0.795903 -0.229641 0.969726 -0.0830411 0.126553 -0.874412 -0.168095 0.455136 0.59205
8 15 427 0.928403 -0.0338174 0.370032 -0.331097 0.032477 0.999424 0.00985352 0.0940751 -0.370152 0.00286949 0.928967 0.938895
8 16 819 0.747125 -0.073395 -0.660619 0.578399 0.0733266 0.99692 -0.0278296 0.0955983 0.660627 -0.0276488 0.750205 0.810133
8 17 264 0.923112 0.222149 -0.313871 -0.402002 -0.245842 0.968584 -0.0374992 0.0662441 0.29568 0.111779 0.948725 0.913239
8 18 231 0.935877 0.115964 0.332696 -0.113741 -0.18063 0.968664 0.170479 0.0224359 -0.302501 -0.219642 0.927497 0.993257
8 19 376 0.667926 -0.375058 0.642811 -0.242929 -0.311156 -0.925348 -0.216595 0.109305 0.67606 -0.0553449 -0.734765 0.963866
8 20 291 0.922058 0.386606 -0.0185879 -0.161023 0.386995 -0.920027 0.0615215 -0.105764 0.00668313 -0.0639198 -0.997933 0.981267
8 21 177 0.818628 -0.393783 -0.41807 0.363104 0.422309 0.906065 -0.0265013 0.00895148 0.389235 -0.15486 0.908028 -0.931706
8 22 500 -0.557455 -0.0484281 -0.828793 0.479152 -0.375757 0.90491 0.199862 -0.109997 0.740304 0.422839 -0.522644 0.870813
8 23 398 0.856019 -0.515521 -0.0383352 -0.0365363 -0.422682 -0.740694 0.522219 -0.335257 -0.297609 -0.430826 -0.851949 0.941418
8 24 274 0.96417 -0.144221 -0.222656 0.186826 -0.0878553 -0.965542 0.24497 -0.14284 -0.250313 -0.216632 -0.943617 0.971953
8 25 423 0.308664 0.670733 -0.674421 0.364515 0.816382 -0.550669 -0.174022 -0.114491 -0.488105 -0.49687 -0.717547 0.924132
8 26 449 -0.576302 -0.119764 -0.808414 0.382012 -0.571709 0.765938 0.294089 -0.0936496 0.583974 0.631661 -0.509881 0.9194
8 27 185 -0.856813 0.377309 -0.35144 0.332345 -0.414901 -0.909177 0.0354315 0.0676172 -0.306153 0.176171 0.93554 -0.940731
8 28 361 0.972251 0.0165486 -0.233354 -0.105095 -0.132545 -0.782979 -0.607763 0.0296116 -0.192769 0.621829 -0.759058 0.994021
8 29 613 0.96797 -0.0557122 -0.244807 0.709361 0.051834 0.998408 -0.0222616 -0.123956 0.245657 0.00885923 0.969316 -0.69386
9 10 3002 0.991182 0.024559 0.130214 -0.995971 -0.0209186 0.999353 -0.0292514 0.0189907 -0.130848 0.0262696 0.991054 0.0876432
9 11 2203 0.951407 0.0734927 0.299037 -0.968882 -0.0699852 0.997296 -0.0224369 0.068873 -0.299878 0.000418466 0.953978 0.237746
9 12 1877 0.89437 0.0837899 0.439411 -0.932115 -0.0868295 0.996135 -0.0132187 0.0689617 -0.43882 -0.0263314 0.898189 0.355537
9 13 1412 0.672683 0.141638 0.726248 -0.814261 -0.14222 0.987957 -0.0609483 0.11144 -0.726134 -0.062288 0.684726 0.569702
9 14 1271 0.521329 0.206334 0.828035 -0.800096 -0.219408 0.970117 -0.1036 0.202147 -0.824667 -0.127667 0.551022 0.564786
9 15 682 0.639832 -0.0187136 0.768287 -0.47759 0.0259734 -0.998606 -0.0459544 -0.00124935 0.768076 0.0493581 -0.638454 0.878582
9 16 898 0.534502 0.0640589 -0.842736 0.539732 -0.0571702 0.99758 0.0395691 -0.0462126 0.843231 0.0270296 0.536871 0.840568
9 17 599 -0.0777299 -0.951222 0.298554 -0.402002 -0.871637 -0.0805237 -0.483492 0.0662441 0.483949 -0.297812 -0.822862 0.913239
9 18 429 -0.134803 -0.982853 0.125814 -0.113741 -0.969428 0.157091 0.188499 0.0224359 -0.205031 -0.0965573 -0.973981 0.993257
9 19 402 -0.871564 0.0636591 -0.486131 0.382249 -0.0567225 -0.997969 -0.028989 0.0249812 -0.486989 0.00230882 0.873405 0.923721
9 20 257 -0.307455 0.928187 -0.209617 -0.160948 0.885567 0.359711 0.293902 -0.105815 0.348198 -0.0952684 -0.932568 0.981274
9 21 448 -0.374132 0.409958 -0.831841 0.352456 0.885992 -0.106954 -0.451198 0.0893365 -0.273941 -0.905812 -0.323205 0.931554
9 22 290 -0.914841 0.21707 -0.340508 0.305972 0.176516 0.973369 0.146269 -0.0431172 0.36319 0.0737078 -0.928795 0.951064
9 23 339 0.825629 -0.500396 -0.260652 0.0860463 -0.464441 -0.865069 0.189606 -0.152745 -0.320361 -0.0354868 -0.946631 0.984513
9 24 167 0.7172 0.695069 0.0500325 0.186826 -0.688418 0.695529 0.205719 -0.14284 0.10819 -0.181985 0.977331 0.971953
9 25 357 0.64268 0.543346 -0.540126 0.364515 0.480153 -0.835023 -0.268682 -0.114491 -0.597005 -0.0866667 -0.797542 0.924132
9 26 356 -0.591321 -0.494926 -0.636701 0.382012 -0.633867 0.773342 -0.0124529 -0.0936496 0.498551 0.39622 -0.77101 0.9194
9 27 537 -0.699093 0.320653 -0.639102 0.391786 -0.682298 -0.0318144 0.730382 -0.140141 0.213866 0.946662 0.241022 0.909321
9 28 283 -0.352098 0.702509 -0.618473 -0.105362 0.657927 0.655754 0.370296 0.0286965 0.665702 -0.276529 -0.693089 0.99402
9 29 919 0.428234 -0.190413 -0.883379 0.759012 0.173444 0.976693 -0.126446 0.140802 0.886867 -0.0990679 0.451279 0.635669
10 11 2728 0.984333 0.0448298 0.170527 -0.971865 -0.0477889 0.998769 0.0132857 0.0702748 -0.169722 -0.0212268 0.985263 0.224813
10 12 2139 0.946024 0.0559061 0.319237 -0.935778 -0.0639215 0.997847 0.0146776 0.0904736 -0.317729 -0.0342915 0.947561 0.340784
10 13 1531 0.762371 0.109792 0.637759 -0.847377 -0.12548 0.991879 -0.0207573 0.110008 -0.634858 -0.0642009 0.769957 0.519471
10 14 1260 0.60671 0.130689 0.784107 -0.875775 -0.200733 0.979614 -0.00795566 0.0946284 -0.769162 -0.15257 0.620575 0.473353
10 15 879 0.0790677 0.199531 0.976696 -0.697111 -0.112547 0.975286 -0.190132 0.196521 -0.990496 -0.0948907 0.0995702 0.689504
10 16 584 0.77795 0.391497 0.491451 -0.434 0.304221 -0.919058 0.250564 -0.132742 0.549767 -0.045417 -0.834083 0.89108
10 17 393 0.978205 -0.0709183 -0.195154 -0.402002 0.067274 0.997415 -0.0252477 0.0662441 0.19644 0.0115686 0.980448 0.913239
10 18 194 0.972189 0.176376 -0.154079 -0.113741 -0.185113 0.981722 -0.0442203 0.0224359 0.143463 0.0715126 0.987069 0.993257
10 19 238 0.954681 -0.274378 -0.115334 -0.382249 0.277093 0.960811 0.00789444 -0.0249812 0.108648 -0.0394948 0.993295 -0.923721
10 20 366 0.449681 -0.168486 -0.877154 0.391472 -0.368264 -0.929665 -0.0102212 0.0484242 -0.813737 0.327621 -0.4801 0.918915
10 21 263 0.0690705 -0.612416 -0.787512 0.120337 -0.966845 -0.235629 0.0984399 0.158146 -0.245847 0.754603 -0.608387 0.980055
10 22 140 0.935397 -0.06564 0.347454 -0.305972 0.0334049 0.994628 0.0979717 0.0431172 -0.352018 -0.0800357 0.932565 -0.951064
10 23 156 0.827357 -0.121245 0.548434 0.0138734 0.123025 0.991832 0.0336762 -0.15651 -0.548038 0.0396089 0.835515 0.987579
10 24 414 0.305876 0.87675 -0.371147 0.186826 0.749928 0.0182967 0.661267 -0.14284 0.586556 -0.480599 -0.651902 0.971953
10 25 393 0.775648 0.400004 -0.488229 0.364515 0.504564 -0.857692 0.0988955 -0.114491 -0.379192 -0.323051 -0.867094 0.924132
10 26 415 0.0231042 -0.880474 -0.473532 0.382012 -0.821935 -0.286366 0.492359 -0.0936496 -0.569113 0.377836 -0.730308 0.9194
10 27 438 -0.919708 0.0607926 0.387868 -0.332345 0.165342 0.956031 0.242213 -0.0676172 -0.356089 0.286896 -0.889321 0.940731
10 28 314 0.81641 0.169912 0.55191 -0.221795 -0.145324 0.985427 -0.0884052 0.0281073 -0.558887 -0.00803056 0.829205 0.974688
10 29 906 0.293538 -0.165288 -0.941549 0.705219 0.176639 0.977356 -0.116505 0.139348 0.939486 -0.132116 0.316087 0.695161
11 12 2874 0.987831 0.0139864 0.154902 -0.956374 -0.0152844 0.999857 0.00719148 0.0714154 -0.154779 -0.00947155 0.987904 0.283281
11 13 1718 0.864081 0.0779349 0.497283 -0.940543 -0.0811639 0.996586 -0.0151555 0.0443828 -0.496767 -0.0272659 0.867456 0.336761
11 14 1438 0.743208 0.122195 0.657808 -0.984397 -0.158247 0.987389 -0.00462754 0.0272582 -0.650077 -0.100657 0.753172 0.173837
11 15 975 0.596299 0.13207 0.791824 -0.997202 -0.160101 0.986123 -0.0439102 -0.0592491 -0.786635 -0.100588 0.609169 0.0455806
11 16 829 0.444182 0.14113 0.884751 -0.992818 -0.170281 0.982814 -0.0712839 -0.0340096 -0.879606 -0.118993 0.460579 0.114702
11 17 263 -0.273443 0.909578 -0.312884 -0.39178 -0.915947 -0.146896 0.373447 -0.0403526 0.293718 0.388702 0.873293 0.919174
11 18 389 0.594475 -0.775893 0.211163 -0.113741 -0.79927 -0.541375 0.260924 0.0224359 -0.0881307 -0.323889 -0.941981 0.993257
11 19 206 0.903498 -0.0343375 0.427214 -0.0190112 0.0140777 0.998625 0.0504924 0.114258 -0.428361 -0.0396056 0.902739 0.993269
11 20 365 0.758811 0.0996076 0.643649 -0.588445 -0.0986165 0.994414 -0.037629 0.15487 -0.643801 -0.034921 0.764395 0.793567
11 21 342 -0.941127 0.0736333 -0.329936 0.120764 0.153826 0.962372 -0.224004 0.158194 0.301027 -0.261569 -0.917041 0.979995
11 22 138 -0.980299 -0.192306 -0.0450856 -0.384754 0.197286 -0.964397 -0.176115 0.129026 -0.00961257 -0.18154 0.983337 -0.913956
11 23 300 0.276717 -0.525725 -0.804389 0.485315 0.941199 0.317123 0.116519 -0.0387579 0.193833 -0.789333 0.582565 0.87348
11 24 220 -0.879175 0.474821 0.0399601 -0.406168 -0.462795 -0.870849 0.165661 -0.186433 0.113458 0.127151 0.985373 -0.894578
11 25 273 0.965052 0.105213 -0.240012 0.364515 0.143452 -0.978553 0.147837 -0.114491 -0.21931 -0.177101 -0.959447 0.924132
11 26 240 -0.752634 -0.649171 -0.11009 0.383206 0.606374 -0.748527 0.268362 -0.0953516 -0.256618 0.135223 0.957007 0.918728
11 27 460 0.0420434 0.937844 -0.344501 0.391786 0.790178 0.179801 0.58591 -0.140141 0.611434 -0.296851 -0.733504 0.909321
11 28 178 -0.996319 0.0566887 -0.0643071 -0.214816 -0.0642686 -0.990362 0.122687 -0.128548 -0.0567323 0.126368 0.99036 -0.968158
11 29 929 0.17843 -0.210585 -0.961154 0.682459 0.19604 0.964854 -0.175003 0.159346 0.964226 -0.157199 0.213442 0.713343
12 13 2154 0.931497 0.0722264 0.356506 -0.997384 -0.0708246 0.997344 -0.017003 -0.0248743 -0.356787 -0.00941119 0.934138 -0.0678713
12 14 1484 0.881556 0.127235 0.45461 -0.794543 -0.142597 0.989781 -0.000499849 -0.0522566 -0.450027 -0.0643852 0.890691 -0.604956
12 15 1169 0.688183 0.14758 0.710369 -0.974537 -0.162614 0.985559 -0.0472155 -0.0832972 -0.707079 -0.0830232 0.702244 -0.208181
12 16 856 0.663612 0.176748 0.726897 -0.914412 -0.174112 0.981495 -0.0797011 -0.0441497 -0.727533 -0.0736708 0.682106 -0.40237
12 17 748 0.458068 0.17504 0.871513 -0.99637 -0.212745 0.973515 -0.0837078 0.00309549 -0.863083 -0.147066 0.483176 0.085069
12 18 346 -0.777014 0.626642 0.0597393 -0.113741 0.629455 0.774368 0.0643475 0.0224359 -0.00593736 0.0876021 -0.996138 0.993257
12 19 338 0.692875 0.719719 -0.043923 -0.0190112 0.705764 -0.689399 -0.163176 0.114258 -0.147721 0.082061 -0.985619 0.993269
12 20 287 0.829634 0.15498 0.536366 -0.404857 -0.151389 0.987154 -0.0510694 0.157043 -0.537391 -0.038831 0.842439 0.900793
12 21 500 0.884389 0.419819 0.203979 0.289106 0.164697 0.128221 -0.977975 0.790999 -0.436727 0.898505 0.0442539 0.539202
12 22 285 0.876778 0.161604 0.452929 -0.581666 -0.175932 0.984345 -0.0106433 0.236735 -0.447558 -0.0703527 0.891483 0.778217
12 23 116 0.329037 -0.939132 0.098821 -0.436876 0.935218 0.338569 0.103621 -0.113988 -0.130772 0.0583241 0.989695 -0.89227
12 24 275 0.776164 0.221231 -0.590446 0.406168 0.205231 -0.974074 -0.0951864 0.186433 -0.596196 -0.0472974 -0.801444 0.894578
12 25 205 0.602337 0.7982 0.00824626 -0.267327 -0.786786 0.595404 -0.162671 0.265602 -0.134754 0.0914946 0.986646 -0.926279
12 26 213 0.962447 -0.189906 0.19399 0.381843 0.160014 0.974107 0.159721 -0.0938283 -0.219299 -0.122681 0.967914 0.919452
12 27 289 0.902342 -0.261843 0.342371 -0.332345 0.247962 0.965072 0.084559 -0.0676172 -0.352554 0.00859379 0.935752 0.940731
12 28 319 -0.985325 -0.0839943 0.148593 -0.105161 -0.0713247 0.993507 0.0886375 0.0283282 -0.155073 0.0767384 -0.984918 0.994052
12 29 880 0.0554451 -0.17144 -0.983633 0.671119 0.206255 0.965867 -0.156717 0.117834 0.976926 -0.19419 0.0889128 0.731925
13 14 1892 0.97665 0.0534206 0.208089 -0.903258 -0.0642942 0.996878 0.0458416 -0.114745 -0.20499 -0.0581501 0.977035 -0.41347
13 15 1194 0.919608 0.0936327 0.381516 -0.851956 -0.0990831 0.995065 -0.00538103 -0.0991651 -0.380137 -0.0328534 0.924347 -0.514138
13 16 939 0.841849 0.10801 0.528795 -0.942106 -0.11783 0.992917 -0.0152234 -0.0888588 -0.526694 -0.0494924 0.848613 -0.323327
13 17 576 0.659785 0.238204 0.7127 -0.96758 -0.219816 0.968123 -0.120078 0.207072 -0.718585 -0.0774369 0.691115 0.144606
13 18 360 0.302064 0.418232 0.856644 -0.45882 0.953255 -0.139911 -0.267823 0.0013434 0.0078417 0.897501 -0.440944 0.888528
13 19 308 0.83409 -0.292018 0.467995 -0.0190112 -0.225913 -0.954808 -0.193143 0.114258 0.503246 0.0553722 -0.862367 0.993269
13 20 87 -0.720834 0.662482 0.203755 -0.211234 -0.683386 -0.728383 -0.0494074 -0.0434349 0.11568 -0.174858 0.977774 -0.97647
13 21 159 0.946492 0.0917329 0.309416 -0.33276 -0.104523 0.994209 0.024977 0.189181 -0.305333 -0.0559816 0.950599 0.923841
13 22 115 0.765209 0.552909 0.329767 0.396062 -0.587445 0.80924 0.00631404 0.0151847 -0.263369 -0.198551 0.944041 0.918098
13 23 97 0.682128 -0.614012 0.397102 -0.485315 0.659492 0.751166 0.0286259 0.0387579 -0.315867 0.242359 0.917328 -0.87348
13 24 122 -0.965954 -0.258197 -0.0163488 -0.250343 0.249535 -0.946503 0.20461 -0.165362 -0.0683039 0.193564 0.978707 -0.953931
13 25 110 0.995042 -0.0445573 -0.0889145 -0.0708956 0.046244 0.998786 0.0169993 0.070291 0.088049 -0.0210268 0.995894 0.995004
13 26 230 0.093469 -0.844482 0.527365 -0.0568725 -0.986298 -0.150861 -0.0667684 0.101561 0.135944 -0.513898 -0.847011 0.993202
13 27 318 -0.757746 0.547525 -0.355018 0.266431 0.519304 0.835414 0.180019 -0.105625 0.395152 -0.0479532 -0.917363 0.958049
13 28 282 0.633966 -0.593659 -0.495638 0.117099 -0.772498 -0.516372 -0.369603 0.00957496 -0.0365155 0.617195 -0.785963 0.993074
13 29 610 -0.0920811 -0.225488 -0.969885 0.722714 0.18936 0.952283 -0.239374 0.161661 0.977581 -0.205699 -0.0449888 0.671975
14 15 1497 0.974477 0.0555967 0.217496 -0.835881 -0.0478321 0.998021 -0.0408075 -0.126637 -0.219334 0.0293627 0.975208 -0.534104
14 16 1018 0.94796 0.0757661 0.309245 -0.830937 -0.0624197 0.99665 -0.0528416 -0.105532 -0.312212 0.0307888 0.949513 -0.546266
14 17 675 0.883055 0.11317 0.455418 -0.996772 -0.107634 0.993458 -0.0381704 -0.0239448 -0.456758 -0.0153118 0.889459 -0.076634
14 18 373 0.607255 0.213718 0.765223 -0.946463 -0.160637 0.976277 -0.145187 0.0742292 -0.778098 -0.0347578 0.62718 0.314161
14 19 408 0.661593 0.23167 0.713179 -0.957825 -0.172475 0.972592 -0.155939 0.0889743 -0.729758 -0.0198372 0.683417 0.273231
14 20 100 0.996874 0.0617926 0.0492269 -0.196967 -0.0575445 0.994846 -0.0834817 0.106692 -0.0541318 0.080388 0.995293 -0.974587
