0 1 1745 0.756271 -0.0972312 -0.646993 0.319129 0.0827976 0.995168 -0.0527732 0.171437 0.648998 -0.0136587 0.760667 0.932076
0 2 1926 0.856282 -0.0919291 -0.508262 0.505731 0.103043 0.994657 -0.00630374 0.180063 0.506126 -0.0469751 0.86118 0.843691
0 3 3431 0.952453 -0.0510577 -0.300377 0.698366 0.0529147 0.998597 -0.00195532 0.145437 0.300055 -0.014032 0.953819 0.700808
0 4 5413 0.987023 -0.0298041 -0.15779 0.652526 0.0255377 0.999253 -0.0289979 0.1321 0.158536 0.024592 0.987047 0.746163
0 5 5266 0.999841 0.00485731 -0.0171397 0.468116 -0.00507806 0.999904 -0.0128593 0.145989 0.0170756 0.0129443 0.99977 0.871524
0 6 6855 0.998963 0.00995663 0.0444239 0.425376 -0.0109271 0.999706 0.0216578 0.204011 -0.0441952 -0.0221207 0.998778 0.881723
0 7 3464 0.91635 0.0798489 0.392335 0.552614 -0.0946009 0.995346 0.0183781 0.194622 -0.389041 -0.053956 0.919639 0.810395
0 8 4112 0.8535 0.0963767 0.512103 0.137719 -0.110049 0.99392 -0.00363982 0.216684 -0.50934 -0.0532498 0.858916 0.966479
0 9 3879 0.801016 0.110717 0.588316 -0.358891 -0.118551 0.992623 -0.0253934 0.212945 -0.586788 -0.0494047 0.808232 0.908764
0 10 3582 0.713206 0.124783 0.689758 -0.733721 -0.12414 0.990958 -0.0509129 0.100175 -0.689874 -0.0493151 0.722248 0.672026
0 11 2800 0.57484 0.159436 0.802583 -0.811211 -0.169989 0.982704 -0.0734648 0.114682 -0.800414 -0.0941999 0.591999 0.573397
0 12 1904 0.883305 0.0798527 0.461948 0.094579 -0.0918085 0.995771 0.00342031 0.20659 -0.459721 -0.0454319 0.886901 0.973846
0 13 1641 0.110628 0.170075 0.979202 -0.623549 -0.203426 0.968265 -0.145193 0.143809 -0.97282 -0.183132 0.141715 0.768444
0 14 599 -0.00544966 0.202746 0.979216 -0.64228 -0.256456 0.946197 -0.197336 0.211388 -0.966541 -0.252201 0.0468389 0.736744
0 15 92 0.995964 0.0291314 0.0848931 0.74949 -0.0324434 0.998755 0.0378987 0.132294 -0.0836833 -0.0405 0.995669 0.648663
0 16 109 0.998473 -0.0244221 0.0495545 0.544549 0.0276332 0.997491 -0.0651842 0.0500899 -0.0478382 0.066454 0.996642 -0.837232
0 17 311 -0.127667 -0.931603 0.340318 0.230164 0.937142 -0.000954613 0.348947 0.213256 -0.324755 0.363476 0.873166 0.949498
0 18 0 1 0 0 0 0 1 0 0 0 0 1 0
0 19 0 1 0 0 0 0 1 0 0 0 0 1 0
0 20 0 1 0 0 0 0 1 0 0 0 0 1 0
0 21 0 1 0 0 0 0 1 0 0 0 0 1 0
0 22 46 0.970443 0.0208558 0.24043 0.293534 -0.0247435 0.999607 0.013162 0.209468 -0.240061 -0.0187221 0.970577 0.932717
0 23 0 1 0 0 0 0 1 0 0 0 0 1 0
0 24 0 1 0 0 0 0 1 0 0 0 0 1 0
0 25 107 0.992252 -0.120115 0.031753 -0.710172 0.117963 0.991038 0.0626776 0.117824 -0.0389969 -0.0584463 0.997529 0.694099
0 26 481 -0.190091 -0.162921 -0.968154 0.256049 0.252976 0.944706 -0.208646 0.213838 0.948614 -0.284581 -0.138365 0.942715
0 27 669 0.0642318 -0.20865 -0.975879 0.215466 0.215803 0.957663 -0.190552 0.228185 0.974322 -0.198358 0.10654 0.949477
0 28 985 0.201244 -0.184357 -0.962036 0.203037 0.186194 0.971423 -0.147207 0.166189 0.961682 -0.1495 0.229819 0.964965
0 29 1780 0.877077 -0.0850602 -0.472758 0.639539 0.0945072 0.995517 -0.00378353 0.137019 0.47096 -0.0413606 0.881184 0.756449
1 2 6082 0.966152 0.0224727 0.256993 -0.989764 -0.031164 0.99907 0.029796 -0.0254563 -0.256085 -0.0367964 0.965954 -0.140422
1 3 4002 0.872241 0.0624588 0.485072 -0.964848 -0.0713562 0.997451 -0.000123216 -0.0509438 -0.483843 -0.0345054 0.874474 -0.257823
1 4 2863 0.795911 0.08193 0.599845 -0.998927 -0.0723932 0.996571 -0.0400612 -0.00964274 -0.60107 -0.0115396 0.799113 -0.0452919
1 5 2340 0.703165 0.109141 0.7026 -0.955928 -0.100411 0.993488 -0.0538355 0.0538789 -0.703901 -0.0326934 0.709546 0.288614
1 6 1895 0.656524 0.112334 0.745894 -0.984623 -0.134598 0.990425 -0.0306898 0.0376961 -0.742199 -0.0802471 0.665358 0.170575
1 7 340 0.288048 0.156864 0.944681 -0.889428 -0.179197 0.977896 -0.107739 0.114201 -0.9407 -0.13825 0.309791 0.442579
1 8 93 0.185806 0.152629 0.97066 -0.894785 -0.18647 0.975388 -0.117677 0.0752368 -0.964731 -0.159133 0.209694 0.440113
1 9 0 1 0 0 0 0 1 0 0 0 0 1 0
1 10 20 -0.861213 -0.00896543 0.508165 -0.316204 -0.129355 0.970785 -0.202098 0.0717689 -0.491507 -0.239783 -0.837213 0.945973
1 11 0 1 0 0 0 0 1 0 0 0 0 1 0
1 12 107 0.995557 -0.0418035 0.0843758 0.284269 0.0436343 0.998848 -0.0199702 0.233046 -0.0834438 0.0235632 0.996234 -0.92999
1 13 37 0.930628 0.00756829 0.365889 0.0200138 -0.00390289 0.999935 -0.0107564 0.249389 -0.365946 0.00858222 0.930596 -0.968197
1 14 86 0.940249 -0.0528168 0.336367 0.0857046 -0.224653 -0.838581 0.4963 -0.121466 0.255858 -0.542211 -0.80034 0.988889
1 15 93 0.804735 0.110428 0.583273 -0.192414 -0.102557 0.993634 -0.0466227 0.279328 -0.584708 -0.0222999 0.810937 -0.940719
1 16 105 0.981576 -0.0207676 -0.189941 0.999556 0.0212484 0.999774 0.00049489 0.020929 0.189888 -0.00452173 0.981795 -0.0211924
1 17 80 0.997768 -0.0591174 0.0310484 0.97323 0.0580342 0.997711 0.0347027 0.0442303 -0.0330288 -0.0328233 0.998915 -0.225536
1 18 0 1 0 0 0 0 1 0 0 0 0 1 0
1 19 29 0.995431 0.0883663 -0.0361712 0.359388 -0.0832646 0.988768 0.124119 -0.138865 0.0467329 -0.12054 0.991608 0.922798
1 20 0 1 0 0 0 0 1 0 0 0 0 1 0
1 21 0 1 0 0 0 0 1 0 0 0 0 1 0
1 22 0 1 0 0 0 0 1 0 0 0 0 1 0
1 23 0 1 0 0 0 0 1 0 0 0 0 1 0
1 24 188 0.162195 -0.153948 -0.974676 0.893221 0.215594 0.969419 -0.11724 0.0840494 0.962918 -0.191118 0.190426 0.441692
1 25 460 0.515207 -0.148109 -0.844171 0.969465 0.221245 0.974555 -0.0359562 0.0402977 0.828017 -0.168244 0.534866 0.241894
1 26 867 0.624153 -0.150792 -0.766613 0.954114 0.220099 0.975395 -0.0126613 0.0612994 0.74966 -0.160828 0.641985 0.293102
1 27 1279 0.740623 -0.139206 -0.657343 0.978383 0.178318 0.983945 -0.00746079 0.0369901 0.647827 -0.11169 0.753555 0.203468
1 28 2381 0.837594 -0.118936 -0.533188 0.999955 0.12506 0.99184 -0.0247853 0.00948507 0.531785 -0.0459206 0.845633 -0.000156969
1 29 782 0.951098 0.0342044 0.30699 -0.757346 -0.040003 0.99912 0.0126142 0.149473 -0.306289 -0.0242779 0.951629 0.635677
2 3 7992 0.969452 0.0496043 0.240212 -0.771657 -0.0464893 0.998745 -0.0186204 -0.127068 -0.240834 0.00688426 0.970542 -0.623217
2 4 5333 0.926101 0.0739729 0.369952 -0.981798 -0.056117 0.99669 -0.0588133 -0.0221936 -0.373078 0.0337065 0.927187 -0.188626
2 5 3907 0.870254 0.107464 0.480739 -0.966976 -0.0888117 0.99415 -0.061461 0.0457406 -0.484532 0.0107914 0.874707 0.25073
2 6 3230 0.82822 0.112501 0.548994 -0.994351 -0.113373 0.993022 -0.032457 0.0239764 -0.548815 -0.0353595 0.835196 0.103403
2 7 1045 0.571309 0.172428 0.802418 -0.948294 -0.187885 0.979196 -0.0766441 0.065867 -0.79894 -0.106975 0.59182 0.310483
2 8 309 0.455869 0.183437 0.870939 -0.942116 -0.191277 0.975859 -0.105417 0.0645401 -0.869251 -0.118534 0.479951 0.329018
2 9 127 0.0928283 0.153837 0.983726 -0.864868 -0.036906 0.987845 -0.150998 0.128544 -0.994998 -0.0222884 0.0973775 0.485263
2 10 150 0.252581 0.19912 0.946865 -0.91707 -0.203095 0.967706 -0.149326 0.0428753 -0.946021 -0.154587 0.284865 0.396415
2 11 18 0.842089 0.464292 0.274443 -0.530927 -0.430296 0.885137 -0.177138 0.0165817 -0.325164 0.0310747 0.945147 0.847255
2 12 91 0.972913 0.0951498 0.210683 -0.656779 -0.0935991 0.995459 -0.0173434 -0.0942929 -0.211377 -0.00284609 0.977401 -0.748164
2 13 388 0.819674 -0.411649 0.398347 -0.438067 0.342566 0.909606 0.235085 -0.117362 -0.459111 -0.0562325 0.886597 0.891248
2 14 86 0.909689 -0.162938 -0.381992 -0.563536 0.215011 0.971728 0.0975467 -0.0866066 0.355298 -0.17087 0.919003 0.821539
2 15 170 -0.968559 0.00244757 0.248772 -0.0966699 0.0699649 0.962275 0.262931 -0.09038 -0.238744 0.272069 -0.932191 0.991205
2 16 243 0.285808 -0.213603 0.934177 -0.593022 0.238298 0.960061 0.146615 -0.101356 -0.928185 0.180709 0.325295 0.798782
2 17 104 -0.934832 -0.35436 0.0227708 0.229958 0.35438 -0.935096 -0.00329096 0.214638 0.0224591 0.00499301 0.999735 0.949236
2 18 51 0.951482 0.0943045 -0.292895 -0.461458 -0.0585671 0.98998 0.12849 0.000190388 0.302078 -0.105102 0.947472 0.887162
2 19 245 -0.49397 0.103503 0.863297 0.0158802 0.288186 0.956255 0.0502493 -0.0853297 -0.820331 0.273612 -0.502189 0.996226
2 20 0 1 0 0 0 0 1 0 0 0 0 1 0
2 21 0 1 0 0 0 0 1 0 0 0 0 1 0
2 22 51 0.97853 -0.200033 0.0496631 -0.946909 0.203305 0.976381 -0.0731194 -0.0697466 -0.0338639 0.0816463 0.996086 -0.313846
2 23 19 0.21788 -0.968585 -0.11988 -0.185198 0.921941 0.244563 -0.300357 0.134663 0.32024 -0.0450805 0.946263 0.973431
2 24 43 0.999226 0.0292179 0.0263198 -0.427619 -0.0270572 0.996507 -0.0790085 0.134145 -0.0285364 0.0782353 0.996526 -0.89395
2 25 182 0.953809 0.0201296 0.299738 -0.998763 -0.00970508 0.999296 -0.036227 0.0379176 -0.300257 0.0316446 0.953333 0.0321629
2 26 389 0.465276 -0.181537 -0.86635 0.934354 0.228199 0.97026 -0.080756 0.0561268 0.855245 -0.160126 0.492865 0.351898
2 27 732 0.540632 -0.192583 -0.81892 0.917866 0.19121 0.976097 -0.103314 0.113801 0.819241 -0.100731 0.564532 0.380226
2 28 1148 0.630584 -0.164786 -0.758425 0.936133 0.133811 0.98565 -0.102901 0.0804008 0.764498 -0.0365981 0.643586 0.342332
2 29 7293 0.998635 0.0130022 0.0505958 0.974767 -0.0122381 0.999807 -0.0153822 0.0523224 -0.050786 0.014742 0.998601 0.217006
3 4 11420 0.990204 0.0237144 0.137597 -0.994337 -0.0186584 0.999107 -0.0379191 0.0435415 -0.138373 0.0349803 0.989762 0.0969424
3 5 8277 0.964384 0.0575664 0.258166 -0.872388 -0.0505013 0.998148 -0.0339209 0.0933495 -0.25964 0.0196751 0.965505 0.479818
3 6 7197 0.939734 0.0639066 0.335881 -0.971604 -0.0695568 0.997566 0.00480472 0.0465606 -0.334756 -0.0278779 0.941892 0.231985
3 7 3244 0.761856 0.124302 0.635708 -0.918907 -0.132757 0.990545 -0.0345831 0.117434 -0.633996 -0.0580472 0.771154 0.376589
3 8 2262 0.664897 0.144717 0.732781 -0.92615 -0.15905 0.985983 -0.0504066 0.074058 -0.729805 -0.0830333 0.678595 0.369814
3 9 1600 0.58922 0.156958 0.79258 -0.937283 -0.192411 0.979987 -0.0510289 0.0293922 -0.784728 -0.122434 0.607628 0.347327
3 10 1463 0.476972 0.165436 0.863209 -0.910422 -0.161927 0.981854 -0.0987008 0.0565679 -0.863874 -0.0926994 0.495105 0.409795
3 11 1128 0.316949 0.192079 0.928789 -0.865009 -0.191203 0.972112 -0.135791 0.102703 -0.92897 -0.134548 0.344837 0.491134
3 12 958 0.150054 0.183563 0.971488 -0.799679 -0.194709 0.968856 -0.152991 0.119651 -0.969315 -0.1662 0.181122 0.588386
3 13 568 -0.209823 0.183755 0.960317 -0.590723 -0.188683 0.956109 -0.224176 0.157833 -0.959361 -0.228233 -0.165942 0.791287
3 14 405 -0.319525 0.19408 0.927489 -0.529771 -0.220614 0.936667 -0.272002 0.218042 -0.921539 -0.291528 -0.256472 0.819634
3 15 447 -0.443444 0.190973 0.875721 -0.478013 -0.180742 0.937913 -0.296059 0.199026 -0.877889 -0.289565 -0.381395 0.855507
3 16 357 0.795648 -0.332591 0.506288 -0.702248 0.324504 0.939769 0.107384 -0.11557 -0.511509 0.078853 0.855653 0.702489
3 17 213 0.452293 0.811686 0.369589 0.230849 -0.807781 0.548477 -0.216016 0.20915 -0.378048 -0.200845 0.903737 0.950245
3 18 87 -0.288179 -0.926051 0.243685 -0.464238 0.135415 0.212513 0.96773 -0.00505513 -0.947954 0.311878 0.0641592 0.885696
3 19 37 -0.894922 0.316192 0.31486 0.224385 0.386779 0.901539 0.193983 -0.121877 -0.222523 0.295381 -0.929104 0.966849
3 20 0 1 0 0 0 0 1 0 0 0 0 1 0
3 21 0 1 0 0 0 0 1 0 0 0 0 1 0
3 22 0 1 0 0 0 0 1 0 0 0 0 1 0
3 23 0 1 0 0 0 0 1 0 0 0 0 1 0
3 24 0 1 0 0 0 0 1 0 0 0 0 1 0
3 25 47 0.976048 -0.00692945 -0.217446 0.700918 0.00993302 0.99987 0.012723 -0.019181 0.217329 -0.0145781 0.97599 0.712984
3 26 494 0.204463 -0.207699 -0.956586 0.831931 0.239859 0.958069 -0.156753 0.157297 0.949032 -0.197396 0.245708 0.532117
3 27 995 0.288818 -0.208905 -0.934314 0.799672 0.198532 0.967758 -0.155012 0.179215 0.936573 -0.140721 0.32098 0.573068
3 28 1537 0.477914 -0.178768 -0.860024 0.850623 0.162178 0.980198 -0.113627 0.0936887 0.863306 -0.0851728 0.497442 0.517361
3 29 8008 0.981781 -0.0359208 -0.186588 0.842029 0.0352852 0.999355 -0.00672745 0.1186 0.186709 2.10835e-05 0.982415 0.526234
4 5 11236 0.99154 0.0292016 0.126473 -0.741551 -0.0305163 0.999498 0.00846996 0.100911 -0.126163 -0.0122578 0.991934 0.663264
4 6 9995 0.978 0.0336831 0.205868 -0.98122 -0.044538 0.997838 0.0483215 0.0232846 -0.203795 -0.0564274 0.977386 0.19148
4 7 4678 0.839542 0.0916959 0.5355 -0.962812 -0.129073 0.991098 0.0326467 0.0402385 -0.527739 -0.0965267 0.843904 0.267159
4 8 3545 0.757789 0.103609 0.644221 -0.963469 -0.138816 0.99031 0.00401816 0.0455179 -0.637562 -0.092473 0.764829 0.263923
4 9 2912 0.694339 0.112989 0.710723 -0.965896 -0.140088 0.989927 -0.0205177 0.0528129 -0.705882 -0.0853171 0.703173 0.253486
4 10 2499 0.584983 0.122262 0.801777 -0.948697 -0.150362 0.987784 -0.0409203 0.0287795 -0.796986 -0.0966195 0.59622 0.314875
4 11 2030 0.438175 0.153053 0.885764 -0.905053 -0.177709 0.980699 -0.0815464 0.0912831 -0.881148 -0.121677 0.456917 0.415387
4 12 1525 0.295488 0.142074 0.944723 -0.849677 -0.197696 0.976569 -0.0850279 0.0961625 -0.934667 -0.161644 0.316652 0.518461
4 13 950 -0.0550484 0.159258 0.985701 -0.661796 -0.19021 0.967447 -0.166932 0.15068 -0.980199 -0.19668 -0.0229638 0.734385
4 14 439 -0.262144 0.17297 0.949401 -0.58386 -0.227508 0.944998 -0.234987 0.214645 -0.937828 -0.277597 -0.208374 0.782965
4 15 341 0.0570905 0.174873 0.982934 -0.673885 -0.209923 0.964633 -0.159425 0.172253 -0.97605 -0.197239 0.0917813 0.718476
4 16 316 -0.159266 0.165782 0.973217 -0.598748 -0.198354 0.960324 -0.196046 0.176294 -0.967104 -0.224265 -0.120063 0.781295
4 17 231 0.61221 0.708862 0.350304 0.229377 -0.732776 0.675085 -0.0854384 0.210358 -0.297049 -0.204388 0.932731 0.950334
4 18 0 1 0 0 0 0 1 0 0 0 0 1 0
4 19 0 1 0 0 0 0 1 0 0 0 0 1 0
4 20 0 1 0 0 0 0 1 0 0 0 0 1 0
4 21 0 1 0 0 0 0 1 0 0 0 0 1 0
4 22 37 0.31383 -0.180632 -0.932139 0.989355 0.197522 0.972679 -0.121987 0.0965698 0.928706 -0.145835 0.340935 0.108858
4 23 0 1 0 0 0 0 1 0 0 0 0 1 0
4 24 0 1 0 0 0 0 1 0 0 0 0 1 0
4 25 98 0.960475 -0.0196255 -0.277675 0.731435 0.0351293 0.998082 0.0509696 -0.0934188 0.276142 -0.0587095 0.959322 -0.675482
4 26 509 0.0411744 -0.171349 -0.98435 0.743576 0.240662 0.95788 -0.156675 0.169745 0.969735 -0.230444 0.0806773 0.646746
4 27 994 0.236736 -0.171316 -0.956351 0.76678 0.222629 0.967706 -0.118241 0.141555 0.945723 -0.18492 0.267231 0.626107
4 28 1443 0.316076 -0.153799 -0.936185 0.758499 0.172104 0.979696 -0.102841 0.100191 0.932993 -0.128615 0.336128 0.643926
4 29 6048 0.944107 -0.0464049 -0.326356 0.905958 0.0573589 0.998065 0.0240164 0.0733886 0.32461 -0.0413935 0.944942 0.416959
5 6 11298 0.996969 0.00501563 0.0776403 -0.850905 -0.00817489 0.999149 0.0404267 -0.11075 -0.0773714 -0.0409389 0.996161 -0.513512
5 7 6150 0.904288 0.0681935 0.421442 -0.975165 -0.0877469 0.995773 0.0271524 -0.0225413 -0.417809 -0.0615339 0.906449 -0.22033
5 8 4808 0.841236 0.0845047 0.534024 -0.996827 -0.104818 0.994461 0.00775229 -0.0149896 -0.530411 -0.0624967 0.845434 -0.0781699
5 9 3844 0.78023 0.0980776 0.617756 -0.999646 -0.119027 0.992864 -0.0072998 -0.0151983 -0.614064 -0.067834 0.786336 -0.0218314
5 10 3065 0.689411 0.112484 0.715584 -0.994299 -0.116305 0.992242 -0.0439204 0.0103578 -0.714973 -0.052947 0.697145 0.106127
5 11 2623 0.553692 0.146093 0.819806 -0.964104 -0.160896 0.984707 -0.0668112 0.0594069 -0.817029 -0.0949106 0.568731 0.258794
5 12 2145 0.414012 0.143196 0.898938 -0.916504 -0.175435 0.981587 -0.0755639 0.0755126 -0.893206 -0.12642 0.43151 0.392833
5 13 1242 0.0662853 0.155935 0.985541 -0.760414 -0.194656 0.970756 -0.140504 0.11698 -0.978629 -0.182528 0.0947007 0.638817
5 14 631 -0.123247 0.19052 0.973916 -0.696948 -0.229891 0.94922 -0.214781 0.197398 -0.965381 -0.250366 -0.0731895 0.689418
5 15 446 -0.323848 0.157575 0.932895 -0.643002 -0.19563 0.953571 -0.228979 0.156845 -0.925663 -0.256656 -0.277986 0.749632
5 16 213 -0.437463 0.17333 0.882373 -0.613044 -0.166691 0.94861 -0.268984 0.181145 -0.883652 -0.264754 -0.386089 0.769002
5 17 312 -0.907565 -0.368485 -0.201358 -0.339294 -0.418296 0.751323 0.510433 -0.307584 -0.0368017 0.547479 -0.83601 0.888972
5 18 0 1 0 0 0 0 1 0 0 0 0 1 0
5 19 0 1 0 0 0 0 1 0 0 0 0 1 0
5 20 0 1 0 0 0 0 1 0 0 0 0 1 0
5 21 0 1 0 0 0 0 1 0 0 0 0 1 0
5 22 0 1 0 0 0 0 1 0 0 0 0 1 0
5 23 0 1 0 0 0 0 1 0 0 0 0 1 0
5 24 43 0.988771 -0.0799156 -0.126274 -0.846504 0.0752589 0.996311 -0.0412352 0.0482763 0.129104 0.0312689 0.991138 -0.530189
5 25 122 0.745516 -0.043796 0.665048 -0.938628 0.154374 0.98205 -0.10838 0.121283 -0.648364 0.183465 0.738895 0.322905
5 26 502 -0.00183563 -0.198735 -0.980051 0.756299 0.255662 0.947389 -0.192591 0.188726 0.966765 -0.250915 0.0490699 0.626414
5 27 740 0.19767 -0.183431 -0.962954 0.807319 0.255305 0.958068 -0.130093 0.109412 0.946438 -0.220132 0.236212 0.579884
5 28 1038 0.148535 -0.170698 -0.974063 0.746282 0.163331 0.975697 -0.146078 0.1298 0.975326 -0.137398 0.172805 0.652852
5 29 4870 0.893579 -0.0791604 -0.44187 0.977366 0.0893999 0.995993 0.00235977 0.0445921 0.439913 -0.0416118 0.897076 0.206802
6 7 6646 0.933046 0.0793709 0.350891 -0.963713 -0.084024 0.996462 -0.00197162 -0.0553637 -0.349806 -0.0276436 0.936414 -0.261138
6 8 4928 0.878815 0.101546 0.466233 -0.99215 -0.107432 0.994114 -0.0140184 -0.0679498 -0.464912 -0.0377687 0.884551 -0.104984
6 9 3980 0.830312 0.116503 0.544986 -0.99881 -0.110593 0.992902 -0.0437616 -0.00539447 -0.546216 -0.0239361 0.837302 -0.0484793
6 10 3299 0.746753 0.135738 0.651103 -0.996263 -0.114256 0.990581 -0.0754691 0.00761162 -0.655214 -0.0180355 0.755228 0.0860379
6 11 2519 0.623167 0.173946 0.7625 -0.969079 -0.161537 0.982557 -0.0921276 0.053862 -0.765225 -0.0657613 0.640396 0.240802
6 12 2265 0.49196 0.175453 0.852755 -0.925296 -0.175192 0.979398 -0.10044 0.0720679 -0.852809 -0.0999836 0.512563 0.372334
6 13 1265 0.153624 0.202053 0.967251 -0.777844 -0.195137 0.965797 -0.170757 0.122139 -0.96867 -0.162514 0.187798 0.616474
6 14 592 -0.0559939 0.24317 0.968366 -0.715777 -0.226564 0.941492 -0.249522 0.211098 -0.972385 -0.233369 0.0023758 0.665659
6 15 83 0.177276 0.292859 0.939578 -0.827545 -0.242131 0.938333 -0.246787 0.219757 -0.953911 -0.183752 0.237254 0.516601
6 16 44 -0.175095 0.276609 0.944897 -0.734447 -0.187727 0.932736 -0.307836 0.224426 -0.966489 -0.231283 -0.11139 0.640484
6 17 87 0.927219 0.0208625 0.373937 -0.613593 -0.0296886 0.9994 0.0178583 0.204602 -0.37334 -0.0276602 0.927282 -0.762654
6 18 0 1 0 0 0 0 1 0 0 0 0 1 0
6 19 0 1 0 0 0 0 1 0 0 0 0 1 0
6 20 0 1 0 0 0 0 1 0 0 0 0 1 0
6 21 0 1 0 0 0 0 1 0 0 0 0 1 0
6 22 0 1 0 0 0 0 1 0 0 0 0 1 0
6 23 0 1 0 0 0 0 1 0 0 0 0 1 0
6 24 0 1 0 0 0 0 1 0 0 0 0 1 0
6 25 169 0.922006 -0.0812798 -0.378548 0.864834 0.0900872 0.995918 0.00558177 -0.11514 0.376549 -0.0392488 0.925565 -0.488677
6 26 428 -0.231872 -0.197017 -0.952586 0.591929 0.239727 0.937497 -0.252249 0.18208 0.942744 -0.28685 -0.170149 0.785154
6 27 731 -0.0194696 -0.217152 -0.975944 0.625125 0.224875 0.950167 -0.215903 0.166398 0.974193 -0.223669 0.0303328 0.762581
6 28 1046 0.156434 -0.211837 -0.964704 0.655344 0.181113 0.96632 -0.182823 0.128063 0.970941 -0.146121 0.189532 0.744395
6 29 3637 0.855905 -0.103157 -0.506739 0.922224 0.0936157 0.99462 -0.0443539 0.0752512 0.508588 -0.00947598 0.860958 0.379261
7 8 12511 0.990722 0.0262975 0.133337 -0.998627 -0.0248024 0.99961 -0.0128616 -0.026971 -0.133623 0.00943525 0.990987 -0.0449117
7 9 9761 0.973561 0.0457639 0.223796 -0.998879 -0.040181 0.998759 -0.0294394 -0.00572941 -0.224865 0.0196687 0.974191 -0.0469792
7 10 6822 0.932366 0.07197 0.35428 -0.996193 -0.0552497 0.996839 -0.0571003 0.00354494 -0.357269 0.0336646 0.933395 0.0871019
7 11 5201 0.857012 0.118497 0.501486 -0.969801 -0.1068 0.992914 -0.0521018 0.0430486 -0.504106 -0.00890702 0.863596 0.240068
7 12 4216 0.77029 0.131931 0.623897 -0.927232 -0.121821 0.99079 -0.05911 0.0699717 -0.62595 -0.0304718 0.779268 0.367891
7 13 2810 0.49385 0.190329 0.848462 -0.784224 -0.163101 0.978708 -0.124613 0.126778 -0.854114 -0.0768453 0.514378 0.607388
7 14 1389 0.293758 0.2145 0.931502 -0.742975 -0.235304 0.960737 -0.147026 0.167272 -0.926465 -0.175996 0.332697 0.64808
7 15 813 0.0957109 0.2661 0.959182 -0.708089 -0.195917 0.949793 -0.243946 0.202963 -0.975938 -0.164572 0.143039 0.676325
7 16 342 -0.166677 0.214853 0.962319 -0.651624 -0.193915 0.949768 -0.245637 0.155771 -0.966755 -0.22755 -0.116642 0.742375
7 17 529 0.992973 0.106063 0.0524855 -0.239483 -0.116332 0.956212 0.268563 -0.638471 -0.0217027 -0.272781 0.961831 0.731439
7 18 52 0.960093 0.270536 0.0709317 -0.238927 -0.272209 0.962123 0.0149038 -0.175015 -0.064213 -0.0336173 0.99737 0.955135
7 19 47 -0.966415 0.108064 -0.233162 0.197398 0.0195252 0.935543 0.352672 -0.117499 0.256244 0.336275 -0.906233 0.973256
7 20 32 0.181993 -0.825771 0.533836 -0.153654 0.317693 0.563166 0.762833 -0.247084 -0.930564 0.0307659 0.364834 0.956734
7 21 52 -0.317958 0.927524 -0.196472 -0.0475669 -0.671081 -0.366554 -0.644428 -0.223099 -0.669741 -0.0730524 0.738993 0.973634
7 22 0 1 0 0 0 0 1 0 0 0 0 1 0
7 23 0 1 0 0 0 0 1 0 0 0 0 1 0
7 24 0 1 0 0 0 0 1 0 0 0 0 1 0
7 25 155 -0.193696 0.574993 0.794899 0.395426 -0.950667 -0.310125 -0.00732249 -0.276237 0.242308 -0.757103 0.606698 0.875974
7 26 84 -0.636446 0.592389 -0.493974 0.395194 0.516151 0.802999 0.297962 -0.25028 0.57317 -0.0653285 -0.816828 0.883845
7 27 29 0.871877 -0.168016 -0.460001 -0.0644598 0.176334 0.984008 -0.0251905 -0.183927 0.456877 -0.0591507 0.887561 0.980824
7 28 81 0.905693 0.0883839 -0.414619 -0.293528 0.0807448 -0.996086 -0.0359559 -0.254439 -0.416174 -0.000913288 -0.909285 0.921467
7 29 1771 0.608793 -0.180493 -0.772524 0.858523 0.153131 0.982198 -0.108805 0.108203 0.77841 -0.0520577 0.625595 0.50123
8 9 13636 0.995287 0.0195346 0.0949889 -0.982482 -0.0190653 0.999801 -0.00584605 -0.0771061 -0.0950842 0.00400751 0.995461 -0.169656
8 10 9787 0.974102 0.0442532 0.221735 -0.999403 -0.0372515 0.998669 -0.0356622 -0.0160374 -0.223018 0.0264786 0.974455 0.0305911
8 11 7146 0.919297 0.0912111 0.382848 -0.976901 -0.0866438 0.995811 -0.0291958 0.0406318 -0.383908 -0.0063318 0.92335 0.209795
8 12 5711 0.844061 0.103305 0.526203 -0.935773 -0.102597 0.994252 -0.0306217 0.0632436 -0.526342 -0.0281401 0.849807 0.346884
8 13 3480 0.585259 0.171194 0.792568 -0.801877 -0.152098 0.983286 -0.100075 0.132209 -0.796454 -0.0619781 0.601515 0.582678
8 14 1605 0.416985 0.207216 0.884978 -0.781553 -0.226355 0.966663 -0.119688 0.176746 -0.880277 -0.150411 0.449988 0.598278
8 15 782 0.185521 0.18297 0.965455 -0.76425 -0.216081 0.966058 -0.141563 0.102923 -0.958588 -0.182354 0.21876 0.636654
8 16 353 0.9998 0.0143673 -0.0138894 -0.191254 -0.0130539 0.995818 0.0904207 -0.789061 0.0151304 -0.0902213 0.995807 0.583785
8 17 526 0.997733 0.0404216 0.0538088 -0.30554 -0.0479577 0.987962 0.147075 -0.452556 -0.0472161 -0.149323 0.987661 0.837758
8 18 69 0.930261 0.0758746 0.358967 -0.238927 -0.0989894 0.994005 0.0464284 -0.175015 -0.353292 -0.0787245 0.932195 0.955135
8 19 0 1 0 0 0 0 1 0 0 0 0 1 0
8 20 0 1 0 0 0 0 1 0 0 0 0 1 0
8 21 27 0.165549 -0.821579 0.545529 -0.0803759 0.507565 0.545256 0.667139 -0.231827 -0.84556 0.166448 0.507271 0.969431
8 22 0 1 0 0 0 0 1 0 0 0 0 1 0
8 23 0 1 0 0 0 0 1 0 0 0 0 1 0
8 24 0 1 0 0 0 0 1 0 0 0 0 1 0
8 25 92 0.983013 0.0675938 -0.170636 0.395426 0.074832 -0.996534 0.0363424 -0.276237 -0.167588 -0.0484941 -0.984664 0.875974
8 26 0 1 0 0 0 0 1 0 0 0 0 1 0
8 27 0 1 0 0 0 0 1 0 0 0 0 1 0
8 28 50 -0.0688997 -0.997623 0.000462226 -0.290863 -0.994275 0.0687064 0.0818309 -0.248673 -0.0816682 0.00517855 -0.996646 0.923883
8 29 1324 0.498233 -0.159232 -0.852296 0.806765 0.160375 0.982954 -0.08989 0.0872363 0.852082 -0.0919012 0.515278 0.584397
9 10 11677 0.99137 0.023788 0.128918 -0.996631 -0.0209285 0.999505 -0.0234903 -0.0179467 -0.129413 0.0205895 0.991377 0.080032
9 11 8102 0.952163 0.0717147 0.297057 -0.970732 -0.0702888 0.997406 -0.0154929 0.0510316 -0.297398 -0.00612801 0.954734 0.234682
9 12 6505 0.892754 0.0836238 0.442716 -0.93176 -0.0870341 0.996125 -0.0126484 0.0673186 -0.442058 -0.0272395 0.896573 0.35678
9 13 3714 0.670162 0.138166 0.729241 -0.814074 -0.142145 0.988226 -0.0566061 0.10317 -0.728476 -0.0657226 0.681911 0.571524
9 14 1875 0.505141 0.167174 0.846691 -0.811544 -0.218713 0.973831 -0.061792 0.128237 -0.834864 -0.153969 0.528485 0.570045
9 15 789 0.30216 0.210131 0.929809 -0.80903 -0.207663 0.966486 -0.150936 0.149187 -0.930363 -0.14748 0.33567 0.568519
9 16 553 0.493308 0.277871 0.824278 -0.88921 -0.245239 0.953593 -0.174696 0.244742 -0.834569 -0.115967 0.53856 0.386531
9 17 449 0.998332 -0.0298849 -0.0494043 0.269545 0.0323016 0.998283 0.0488655 0.225884 0.0478592 -0.0503798 0.997583 0.936121
9 18 63 0.975973 -0.0319704 0.215535 -0.0943871 0.145555 0.831757 -0.535718 0.75234 -0.162146 0.554219 0.816426 0.651979
9 19 0 1 0 0 0 0 1 0 0 0 0 1 0
9 20 0 1 0 0 0 0 1 0 0 0 0 1 0
9 21 0 1 0 0 0 0 1 0 0 0 0 1 0
9 22 0 1 0 0 0 0 1 0 0 0 0 1 0
9 23 24 -0.606129 -0.572588 -0.552041 0.410541 -0.794637 0.406245 0.451129 -0.281369 -0.0340471 0.712115 -0.701237 0.867345
9 24 0 1 0 0 0 0 1 0 0 0 0 1 0
9 25 46 0.971644 0.0467271 -0.231784 0.395426 0.052163 -0.998487 0.0173761 -0.276237 -0.230621 -0.0289739 -0.972612 0.875974
9 26 0 1 0 0 0 0 1 0 0 0 0 1 0
9 27 0 1 0 0 0 0 1 0 0 0 0 1 0
9 28 15 0.452222 -0.706671 -0.544161 -0.293634 0.776622 0.612003 -0.149367 -0.254712 0.438581 -0.355061 0.825578 0.921358
9 29 939 0.40517 -0.183544 -0.895628 0.747365 0.167494 0.977962 -0.124645 0.133796 0.898768 -0.0995102 0.426983 0.650803
10 11 10547 0.984242 0.0441779 0.171221 -0.973422 -0.047618 0.998737 0.0160346 0.0575215 -0.170296 -0.0239351 0.985102 0.221675
10 12 7842 0.945859 0.0539455 0.320063 -0.938292 -0.063924 0.997739 0.0207445 0.0730458 -0.31822 -0.040081 0.947169 0.338043
10 13 4152 0.766263 0.105837 0.63375 -0.850503 -0.12531 0.992017 -0.0141575 0.0957557 -0.630189 -0.0685667 0.773408 0.517181
10 14 2053 0.620396 0.143723 0.771007 -0.87672 -0.201997 0.979182 -0.019991 0.124145 -0.75783 -0.143339 0.636512 0.464703
10 15 728 0.784474 0.172399 0.595718 -0.810035 -0.192083 0.980891 -0.0309229 -0.010028 -0.589665 -0.0901687 0.802598 -0.586296
10 16 241 0.721135 0.234222 0.652 -0.756766 -0.246169 0.966331 -0.0748688 0.0436133 -0.647584 -0.106512 0.754513 -0.65223
10 17 660 0.896473 -0.305589 0.320861 -0.25876 0.438801 0.51166 -0.738687 0.88858 0.0615624 0.803007 0.592782 0.378773
10 18 59 0.940123 0.0657693 0.334429 -0.0959482 -0.0863528 0.995153 0.0470406 -0.600099 -0.329714 -0.0731029 0.941246 0.794151
10 19 0 1 0 0 0 0 1 0 0 0 0 1 0
10 20 0 1 0 0 0 0 1 0 0 0 0 1 0
10 21 0 1 0 0 0 0 1 0 0 0 0 1 0
10 22 0 1 0 0 0 0 1 0 0 0 0 1 0
10 23 0 1 0 0 0 0 1 0 0 0 0 1 0
10 24 0 1 0 0 0 0 1 0 0 0 0 1 0
10 25 24 0.80791 -0.286263 0.515107 0.395426 0.300365 0.95206 0.0579914 -0.276237 -0.507014 0.107868 0.855162 0.875974
10 26 0 1 0 0 0 0 1 0 0 0 0 1 0
10 27 0 1 0 0 0 0 1 0 0 0 0 1 0
10 28 0 1 0 0 0 0 1 0 0 0 0 1 0
10 29 719 0.32751 -0.190007 -0.925546 0.718169 0.179173 0.974287 -0.136611 0.165342 0.927704 -0.121091 0.353132 0.67594
11 12 11962 0.988163 0.014407 0.152731 -0.955176 -0.0155514 0.999859 0.00630047 0.0803828 -0.152618 -0.00860106 0.988248 0.284916
11 13 6162 0.865065 0.0815997 0.494979 -0.935384 -0.0825894 0.996385 -0.0199189 0.0684299 -0.494815 -0.0236489 0.868677 0.346951
11 14 3552 0.75018 0.121407 0.649992 -0.986434 -0.157241 0.987556 -0.00298048 0.0222631 -0.642266 -0.0999694 0.759935 0.162642
11 15 1940 0.554258 0.142099 0.820125 -0.992101 -0.165826 0.984419 -0.0584964 -0.0183553 -0.815659 -0.103576 0.569186 0.124094
11 16 935 0.47701 0.164543 0.863358 -0.998484 -0.174603 0.980481 -0.0903961 0.00574333 -0.86138 -0.107625 0.496429 0.0547509
11 17 448 0.46263 -0.88092 0.0997691 0.232542 -0.744601 -0.447168 -0.495591 0.241131 0.48119 0.154987 -0.862807 0.942221
11 18 190 0.951142 -0.0272597 0.307548 -0.904254 0.0215325 0.999526 0.0220009 0.0534397 -0.308002 -0.0143037 0.951278 0.423638
11 19 0 1 0 0 0 0 1 0 0 0 0 1 0
11 20 0 1 0 0 0 0 1 0 0 0 0 1 0
11 21 80 0.673966 0.102301 0.731645 -0.275471 -0.15244 0.98831 0.00223388 -0.782962 -0.722864 -0.113038 0.681682 -0.557751
11 22 77 0.662898 0.122218 0.738667 -0.363053 -0.103591 0.99207 -0.0711797 0.233201 -0.741509 -0.0293345 0.670302 -0.902114
11 23 82 -0.375032 0.848908 -0.372433 0.429061 0.150701 -0.34058 -0.928059 -0.272666 -0.91468 -0.404178 -0.000202946 0.861139
11 24 0 1 0 0 0 0 1 0 0 0 0 1 0
11 25 272 0.760084 -0.105602 0.641187 0.395426 0.149812 0.988604 -0.014771 -0.276237 -0.632321 0.107285 0.767242 0.875974
11 26 0 1 0 0 0 0 1 0 0 0 0 1 0
11 27 0 1 0 0 0 0 1 0 0 0 0 1 0
11 28 0 1 0 0 0 0 1 0 0 0 0 1 0
11 29 784 0.107337 -0.182657 -0.9773 0.644116 0.19665 0.967459 -0.15922 0.138059 0.974581 -0.175096 0.139764 0.752366
12 13 7888 0.93364 0.0747741 0.350322 -0.995757 -0.0720776 0.997183 -0.0207493 0.0175892 -0.350887 -0.00587797 0.936399 -0.0903257
12 14 4666 0.834697 0.1257 0.536173 -0.979472 -0.148442 0.988921 -0.000751418 -0.0354323 -0.530327 -0.0789636 0.844108 -0.198444
12 15 2652 0.735815 0.154271 0.659376 -0.916442 -0.157941 0.985947 -0.0544272 -0.0668729 -0.658506 -0.0640941 0.749841 -0.394541
12 16 1615 0.671968 0.166003 0.721736 -0.904907 -0.16604 0.983515 -0.0716223 -0.0638726 -0.721727 -0.071709 0.688453 -0.42079
12 17 668 0.690129 0.183536 0.700026 -0.8556 -0.197641 0.978334 -0.0616568 -0.0639682 -0.696176 -0.0958028 0.71145 -0.513669
12 18 28 0.0898424 -0.280095 0.955759 -0.206765 0.0230141 -0.9588 -0.28315 -0.178737 0.99569 0.0474348 -0.0796947 0.961926
12 19 0 1 0 0 0 0 1 0 0 0 0 1 0
12 20 0 1 0 0 0 0 1 0 0 0 0 1 0
12 21 0 1 0 0 0 0 1 0 0 0 0 1 0
12 22 33 0.943628 0.330764 -0.0127254 0.366713 0.168749 -0.513781 -0.841162 0.507207 -0.284764 0.791596 -0.540634 0.779912
12 23 0 1 0 0 0 0 1 0 0 0 0 1 0
12 24 0 1 0 0 0 0 1 0 0 0 0 1 0
12 25 161 0.831914 -0.424105 0.357848 0.395426 -0.402857 -0.905085 -0.136115 -0.276237 0.38161 -0.0309255 -0.923806 0.875974
12 26 90 0.902334 0.145669 0.405677 -0.366851 -0.143095 0.989023 -0.036854 -0.125487 -0.406592 -0.0247957 0.913273 0.921777
12 27 22 0.880991 0.238508 0.408618 -0.00622703 -0.221007 0.971081 -0.0903189 -0.18712 -0.418343 -0.0107371 0.908226 0.982317
12 28 36 0.920646 0.155771 0.357975 0.452789 -0.134695 0.987384 -0.0832453 -0.312921 -0.366426 0.028422 0.930013 0.834903
12 29 679 -0.0383906 -0.192216 -0.980601 0.616545 0.184561 0.963078 -0.196007 0.141775 0.982071 -0.188505 -0.00149755 0.77445
13 14 7944 0.978878 0.0529416 0.197472 -0.871794 -0.0632163 0.996935 0.0460913 -0.124972 -0.194426 -0.0576012 0.979224 -0.473663
13 15 3721 0.906518 0.0929491 0.411808 -0.908257 -0.101259 0.994859 -0.00164573 -0.10615 -0.409843 -0.0402075 0.911269 -0.404725
13 16 2390 0.848634 0.105015 0.518452 -0.930678 -0.115014 0.99328 -0.0129325 -0.0988783 -0.516326 -0.0486543 0.855009 -0.352223
13 17 1172 0.75592 0.130946 0.641434 -0.999269 -0.161534 0.986805 -0.0110868 -0.0249066 -0.634422 -0.0952324 0.767098 -0.0290141
13 18 86 -0.635846 -0.0496832 0.770215 -0.464722 -0.179882 0.979984 -0.085286 -0.000706129 -0.750561 -0.192777 -0.632056 0.885456
13 19 0 1 0 0 0 0 1 0 0 0 0 1 0
13 20 0 1 0 0 0 0 1 0 0 0 0 1 0
13 21 0 1 0 0 0 0 1 0 0 0 0 1 0
13 22 0 1 0 0 0 0 1 0 0 0 0 1 0
13 23 0 1 0 0 0 0 1 0 0 0 0 1 0
13 24 0 1 0 0 0 0 1 0 0 0 0 1 0
13 25 45 0.995254 -0.0771526 -0.059296 0.175667 0.0768689 0.997016 -0.00705489 0.203593 0.0596634 0.00246339 0.998216 -0.963167
13 26 43 0.996876 -0.0768975 0.0180148 0.528396 0.0761293 0.996294 0.0400253 -0.0742493 -0.0210259 -0.0385289 0.999036 -0.845745
13 27 36 0.996032 -0.0195198 0.0868313 -0.0435109 0.0194301 0.999809 0.00187852 -0.181365 -0.0868514 -0.000183929 0.996221 0.982453
13 28 64 0.981699 0.0937022 0.165792 -0.0942913 -0.0840754 0.994391 -0.0641758 -0.222548 -0.170876 0.0490623 0.98407 0.970351
13 29 418 -0.436169 -0.192939 -0.878937 0.537304 0.148636 0.94788 -0.281834 0.168574 0.887504 -0.253569 -0.384759 0.82637
14 15 6186 0.968248 0.0560068 0.243636 -0.903498 -0.048538 0.998152 -0.0365567 -0.138849 -0.245233 0.0235704 0.969178 -0.405478
14 16 3955 0.933059 0.0763957 0.351518 -0.910009 -0.0643201 0.996872 -0.0459219 -0.122534 -0.353926 0.0202382 0.935054 -0.396066
14 17 2083 0.870689 0.113744 0.478501 -0.999415 -0.108905 0.993327 -0.0379581 -0.0219256 -0.479625 -0.0190614 0.877266 -0.0262447
14 18 390 0.609748 0.203647 0.765986 -0.949601 -0.152829 0.978501 -0.138491 0.064474 -0.777721 -0.0326202 0.627762 0.306759
14 19 240 0.407003 0.239002 0.881604 -0.868595 -0.166792 0.96838 -0.185526 0.0948439 -0.898069 -0.0715353 0.433998 0.486361
14 20 0 1 0 0 0 0 1 0 0 0 0 1 0
14 21 20 0.972621 0.0191312 0.231607 -0.266064 -0.0133678 0.999561 -0.0264284 0.123245 -0.232011 0.0226088 0.97245 -0.956044
14 22 42 0.943165 0.135303 -0.303535 0.85418 -0.0464705 0.958089 0.282678 -0.519816 0.32906 -0.252507 0.909923 0.0129502
14 23 0 1 0 0 0 0 1 0 0 0 0 1 0
14 24 0 1 0 0 0 0 1 0 0 0 0 1 0
14 25 22 0.936795 -0.319559 0.142468 -0.176011 -0.347981 -0.893321 0.284404 -0.33848 0.0363859 -0.316005 -0.94806 0.924365
14 26 63 -0.40349 0.0336493 -0.914365 0.494883 -0.160111 0.981308 0.106766 -0.0769611 0.900867 0.189479 -0.39056 0.865545
14 27 102 0.988209 -0.0784443 0.131487 -0.600455 0.0944047 0.988287 -0.119906 0.125175 -0.120541 0.130906 0.984039 0.7898
14 28 70 -0.779687 0.031114 0.625395 -0.309372 0.26203 0.923323 0.280739 -0.199336 -0.568707 0.382761 -0.728056 0.929814
14 29 322 -0.557154 -0.191792 -0.807958 0.500508 0.174374 0.924249 -0.339642 0.161025 0.811895 -0.33012 -0.481505 0.850625
15 16 7111 0.992333 0.0184632 0.122209 -0.860633 -0.0180353 0.999827 -0.00460678 -0.12062 -0.122273 0.00236739 0.992494 -0.494735
15 17 3915 0.964351 0.0541718 0.259021 -0.994804 -0.0600476 0.998085 0.0148207 0.0266392 -0.257722 -0.029846 0.965758 0.0982664
15 18 880 0.785098 0.145665 0.601999 -0.925413 -0.128487 0.989111 -0.0717678 0.082791 -0.605898 -0.0210043 0.795265 0.369807
15 19 347 0.523158 0.182118 0.832549 -0.826482 -0.142715 0.981827 -0.125092 0.106154 -0.840201 -0.0533742 0.539642 0.552865
15 20 0 1 0 0 0 0 1 0 0 0 0 1 0
15 21 0 1 0 0 0 0 1 0 0 0 0 1 0
15 22 0 1 0 0 0 0 1 0 0 0 0 1 0
15 23 0 1 0 0 0 0 1 0 0 0 0 1 0
15 24 0 1 0 0 0 0 1 0 0 0 0 1 0
15 25 46 0.960936 -0.0628424 -0.269542 -0.421413 0.0668428 0.997747 0.00567942 -0.210186 0.268578 -0.0234745 0.962972 0.882175
15 26 21 0.964173 -0.121584 -0.235771 -0.076273 0.135155 0.989925 0.0422171 -0.201079 0.228263 -0.0725702 0.970891 0.976601
15 27 21 0.983827 -0.0543496 -0.170678 -0.0419752 0.0594599 0.997918 0.0249702 -0.183476 0.168965 -0.0347149 0.98501 0.982128
15 28 38 0.974986 -0.166496 -0.147246 -0.0314035 0.161762 0.985864 -0.0436468 -0.229191 0.152431 0.0187362 0.988136 0.972875
15 29 432 -0.743041 -0.118017 -0.658758 0.392388 0.15394 0.927795 -0.339851 0.168174 0.651301 -0.353933 -0.671222 0.904295
16 17 5055 0.98874 0.0357974 0.145298 -0.900127 -0.0396879 0.998925 0.0239656 0.114443 -0.144284 -0.0294623 0.989098 0.420326
16 18 1322 0.853451 0.127203 0.505412 -0.864335 -0.116436 0.991783 -0.0529976 0.104263 -0.508001 -0.0136173 0.861249 0.49199
16 19 544 0.682237 0.161034 0.713176 -0.804271 -0.138523 0.986245 -0.0901792 0.0991524 -0.717888 -0.0372674 0.69516 0.585933
16 20 0 1 0 0 0 0 1 0 0 0 0 1 0
16 21 11 0.646131 0.0537356 0.761333 0.423545 -0.0765714 0.99705 -0.00538787 0.258393 -0.759376 -0.0548151 0.648339 0.868241
16 22 0 1 0 0 0 0 1 0 0 0 0 1 0
16 23 0 1 0 0 0 0 1 0 0 0 0 1 0
16 24 0 1 0 0 0 0 1 0 0 0 0 1 0
16 25 58 0.994803 0.0973093 -0.0299664 -0.86089 -0.0941126 0.991104 0.0941093 -0.0114372 0.0388576 -0.0907999 0.995111 -0.508663
16 26 0 1 0 0 0 0 1 0 0 0 0 1 0
16 27 23 0.964778 -0.0954543 -0.245135 -0.0480206 0.108159 0.993373 0.0388684 -0.185788 0.2398 -0.064013 0.96871 0.981416
16 28 21 0.984695 -0.0332442 -0.171085 -0.0331564 0.0338214 0.999428 0.000459034 -0.246288 0.170972 -0.00623835 0.985256 0.968629
16 29 291 -0.826508 -0.0939472 -0.55503 0.318054 0.124266 0.931202 -0.342668 0.168434 0.549038 -0.352189 -0.757971 0.932991
17 18 2151 0.920043 0.107829 0.376687 -0.967637 -0.0889967 0.993769 -0.0671016 0.0550493 -0.381576 0.0282124 0.923907 0.246269
17 19 648 0.762716 0.15628 0.627567 -0.90385 -0.116976 0.987696 -0.103794 0.0702708 -0.636066 0.00575502 0.771613 0.422039
17 20 95 0.489467 0.224522 0.842622 -0.859186 -0.185772 0.970952 -0.150803 0.109541 -0.852004 -0.0827227 0.516959 0.4998
17 21 42 0.67676 0.178406 0.71426 -0.64161 -0.176189 0.981249 -0.0781555 -0.149997 -0.71481 -0.0729523 0.695503 -0.752221
17 22 0 1 0 0 0 0 1 0 0 0 0 1 0
17 23 0 1 0 0 0 0 1 0 0 0 0 1 0
17 24 0 1 0 0 0 0 1 0 0 0 0 1 0
17 25 49 -0.974146 0.220829 -0.0476857 0.109933 0.174163 0.8685 0.464085 -0.257068 0.143898 0.443781 -0.884506 0.96012
17 26 37 0.95711 0.0064185 -0.289653 -0.199954 0.00882648 0.998645 0.0512949 -0.172191 0.28959 -0.0516515 0.955756 0.964556
17 27 27 0.888373 -0.335027 -0.313928 -0.0766358 0.331808 0.94108 -0.0653577 -0.191518 0.317328 -0.0461017 0.947195 0.978493
17 28 26 0.970971 -0.0980511 -0.218176 -0.0248359 0.0898066 0.99483 -0.047414 -0.23635 0.221697 0.026444 0.974757 0.971351
17 29 133 0.620357 -0.10622 0.777094 -0.81596 0.0420012 0.993864 0.10232 -0.0971222 -0.783194 -0.0308363 0.621012 0.569891
18 19 2712 0.958432 0.0458972 0.281606 -0.941299 -0.0411978 0.998896 -0.0225892 0.0540065 -0.282332 0.0100487 0.959264 0.333226
18 20 827 0.794135 0.121697 0.595433 -0.949848 -0.123211 0.991639 -0.0383475 0.062561 -0.595121 -0.0429107 0.802489 0.306391
18 21 390 0.713708 0.132664 0.687765 -0.989149 -0.160035 0.986813 -0.0242768 0.0448508 -0.681916 -0.0927399 0.725527 0.139901
18 22 348 0.637788 0.122795 0.760361 -0.995753 -0.148577 0.988282 -0.0349774 -0.00423205 -0.755746 -0.0906638 0.648558 0.0919717
18 23 0 1 0 0 0 0 1 0 0 0 0 1 0
18 24 0 1 0 0 0 0 1 0 0 0 0 1 0
18 25 127 0.992346 0.0891638 0.0854347 0.408082 -0.0905927 0.995803 0.0129887 0.171077 -0.0839181 -0.020629 0.996259 0.896773
18 26 40 0.971101 0.0756975 0.226345 -0.000541107 -0.0894787 0.99467 0.0512439 0.137407 -0.22126 -0.0700161 0.972698 0.990515
18 27 0 1 0 0 0 0 1 0 0 0 0 1 0
18 28 0 1 0 0 0 0 1 0 0 0 0 1 0
18 29 0 1 0 0 0 0 1 0 0 0 0 1 0
19 20 2461 0.93707 0.0751568 0.340955 -0.973182 -0.0818455 0.996631 0.00525381 -0.0201204 -0.339412 -0.0328288 0.940065 -0.229154
19 21 1119 0.870954 0.0855972 0.483851 -0.964434 -0.115133 0.992847 0.0316027 -0.0613113 -0.477685 -0.0832318 0.87458 -0.257113
19 22 880 0.828906 0.0849389 0.552901 -0.960059 -0.116005 0.993019 0.0213623 -0.0990331 -0.547227 -0.0818465 0.832973 -0.261686
19 23 76 0.553476 0.134715 0.821898 -0.996894 -0.156574 0.986067 -0.0561849 -0.0159923 -0.818015 -0.0975909 0.566857 0.0771119
19 24 0 1 0 0 0 0 1 0 0 0 0 1 0
19 25 220 0.999665 -0.0140445 -0.0217414 -0.486806 0.0153004 0.998157 0.0587198 -0.188052 0.0208767 -0.0590328 0.998038 -0.853028
19 26 242 0.998225 0.0590603 -0.00760019 0.533244 -0.0585409 0.996695 0.0563238 0.154989 0.0109016 -0.055779 0.998384 0.831643
19 27 22 0.992126 0.118179 0.0414619 -0.731486 -0.119267 0.992552 0.0248093 -0.117217 -0.0382212 -0.029559 0.998832 -0.671706
19 28 61 0.879633 0.109748 0.462819 -0.852086 -0.13353 0.990866 0.0188248 -0.0754493 -0.456526 -0.0783593 0.886253 0.517935
19 29 0 1 0 0 0 0 1 0 0 0 0 1 0
20 21 4841 0.98737 0.0166692 0.157553 -0.898172 -0.0225981 0.999099 0.0359146 -0.107272 -0.156812 -0.0390214 0.986857 -0.426357
20 22 3083 0.967656 0.0170708 0.251695 -0.930246 -0.022303 0.99959 0.0179497 -0.0961341 -0.251285 -0.0229827 0.96764 -0.35412
20 23 1172 0.842036 0.101513 0.529784 -0.993144 -0.0749907 0.994625 -0.0713928 0.0666281 -0.534183 0.0203865 0.845123 -0.0960486
20 24 431 0.65196 0.15871 0.741458 -0.987688 -0.155939 0.985011 -0.0737269 0.0490214 -0.742045 -0.067555 0.666937 0.14856
20 25 313 0.951657 -0.0879411 -0.294306 0.616939 0.099161 0.994796 0.0233895 0.204862 0.290718 -0.0514424 0.955425 0.75988
20 26 504 0.94955 -0.0426092 -0.310707 0.59612 0.0558471 0.997866 0.0338304 0.170906 0.308602 -0.0494758 0.949904 0.784495
20 27 167 0.963842 0.0148168 -0.266062 0.622414 -0.00929525 0.999715 0.0220003 0.107735 0.266312 -0.0187318 0.963705 0.775238
20 28 329 0.963837 0.0288023 -0.264933 0.663085 -0.0363814 0.999056 -0.0237446 0.070595 0.263999 0.0325245 0.963975 0.745208
20 29 0 1 0 0 0 0 1 0 0 0 0 1 0
21 22 4993 0.996063 0.00255798 0.0886115 -0.921455 -0.000584127 0.999751 -0.0222942 -0.0609026 -0.0886464 0.0221546 0.995817 -0.383681
