0 1 2315 0.685793 -0.108743 -0.719627 0.391657 0.111525 0.992799 -0.0437403 0.140117 0.719201 -0.0502595 0.692982 0.90938
0 2 2632 0.873019 -0.0894476 -0.479414 0.480615 0.0999983 0.994981 -0.00354251 0.183389 0.477325 -0.0448479 0.877582 0.857542
0 3 3448 0.956452 -0.0518607 -0.287246 0.690323 0.0548867 0.998489 0.00248619 0.141204 0.286683 -0.0181439 0.957854 0.709588
0 4 4324 0.987057 -0.0295955 -0.157616 0.652524 0.0254963 0.999284 -0.027967 0.130594 0.158331 0.0235864 0.987104 0.74643
0 5 4259 0.999676 0.00425676 -0.0250864 0.479135 -0.00466684 0.999856 -0.0163107 0.151213 0.0250134 0.0164225 0.999552 0.864618
0 6 5361 0.998795 0.0095375 0.0481512 0.418055 -0.0107153 0.999648 0.0242618 0.198827 -0.0479028 -0.0247485 0.998545 0.886396
0 7 2437 0.915707 0.0784004 0.394124 0.54564 -0.0927872 0.995531 0.0175475 0.198714 -0.390987 -0.0526381 0.91889 0.814119
0 8 2949 0.854075 0.0966067 0.511099 0.141328 -0.105349 0.994364 -0.0119089 0.256981 -0.509369 -0.0436725 0.859439 0.956027
0 9 3432 0.802221 0.110185 0.586771 -0.362254 -0.12331 0.99221 -0.0177334 0.173913 -0.584154 -0.0581284 0.809559 0.915711
0 10 3583 0.701784 0.126246 0.701114 -0.741928 -0.125974 0.990655 -0.0522881 0.0985432 -0.701163 -0.0516271 0.711129 0.663198
0 11 3329 0.574458 0.159862 0.802772 -0.812179 -0.170174 0.982639 -0.0739051 0.115504 -0.800649 -0.0941552 0.591689 0.57186
0 12 3112 0.432393 0.159608 0.887447 -0.775136 -0.179929 0.979688 -0.0885304 0.131087 -0.883551 -0.121397 0.452328 0.618045
0 13 2623 0.0666969 0.1772 0.981912 -0.603811 -0.183049 0.969574 -0.16254 0.166102 -0.980839 -0.168897 0.0971038 0.77963
0 14 2221 -0.186598 0.175268 0.966676 -0.580852 -0.254199 0.941837 -0.219833 0.193623 -0.948981 -0.286748 -0.131192 0.790646
0 15 1600 -0.226677 0.942227 -0.24663 0.15316 0.809984 0.0417463 -0.584965 0.223517 -0.540873 -0.332365 -0.772651 0.962591
0 16 452 -0.825094 -0.507108 0.249123 0.20583 0.564354 -0.718694 0.406182 0.139124 -0.0269344 0.475732 0.879178 0.968648
0 17 1177 -0.856819 0.265551 -0.441977 0.233859 0.491773 0.163217 -0.855289 0.16539 -0.154985 -0.950181 -0.270438 0.9581
0 18 487 0.69473 -0.384065 0.608149 -0.483794 0.443594 0.894345 0.0580602 -0.0967099 -0.566194 0.229435 0.791697 -0.869822
0 19 912 0.807188 0.231257 0.54311 -0.425195 0.151485 -0.970405 0.188058 -0.149717 0.570527 -0.0695248 -0.818331 0.892633
0 20 817 0.554287 -0.813257 0.177141 -0.22125 -0.827833 -0.516582 0.218716 -0.275803 -0.0863644 -0.267874 -0.959575 0.935404
0 21 592 0.362276 -0.931705 0.0261047 0.16452 0.932069 0.362078 -0.0121219 0.25967 0.00184205 0.0287228 0.999586 -0.95158
0 22 419 0.449428 0.800743 -0.396012 -0.162308 -0.857655 0.510777 0.0594607 -0.298568 0.249886 0.312918 0.916318 0.940486
0 23 1210 -0.912074 -0.408514 0.0351685 -0.0348307 -0.315557 0.754116 0.575963 -0.336956 -0.26181 0.514223 -0.816719 0.940876
0 24 1053 -0.36424 0.928771 -0.0686528 0.072919 0.777353 0.343798 0.526806 -0.317913 0.512885 0.138516 -0.847208 0.945312
0 25 932 -0.176216 -0.98207 -0.0669875 -0.0288692 -0.936003 0.188238 -0.29743 0.271404 0.304707 0.0102885 -0.952391 0.962033
0 26 1560 -0.180814 -0.165357 -0.969517 0.257109 0.247952 0.94626 -0.207633 0.216672 0.951749 -0.277937 -0.130096 0.941779
0 27 1533 0.0628555 -0.212132 -0.975217 0.211604 0.198032 0.960371 -0.196139 0.237212 0.978178 -0.180795 0.102374 0.948132
0 28 957 0.624274 -0.165734 -0.763422 -0.23133 0.169105 0.982735 -0.0750631 0.150089 0.762683 -0.0822387 0.641523 0.961228
0 29 2728 0.885692 -0.0830111 -0.456791 0.626552 0.0871576 0.996122 -0.0120282 0.149703 0.456018 -0.0291596 0.889493 0.764867
1 2 5232 0.964819 0.0228076 0.261923 -0.990311 -0.0318948 0.999026 0.030495 -0.0320296 -0.260972 -0.0377762 0.964607 -0.135123
1 3 3608 0.873186 0.0632587 0.483265 -0.96119 -0.0728807 0.99734 0.00113388 -0.0617388 -0.481908 -0.0362108 0.875473 -0.268892
1 4 2783 0.799439 0.0815129 0.595191 -0.998564 -0.0703015 0.996638 -0.0420657 0.000793827 -0.596619 -0.00821381 0.802483 -0.0535612
1 5 2456 0.698765 0.110004 0.706843 -0.956111 -0.101819 0.99334 -0.0539361 0.0525371 -0.708068 -0.0342814 0.705311 0.288256
1 6 2155 0.663321 0.111394 0.739998 -0.986711 -0.132656 0.990701 -0.0302226 0.0376346 -0.736483 -0.0781177 0.67193 0.158069
1 7 1281 0.564507 0.161949 0.809385 -0.990454 -0.174613 0.981802 -0.0746633 0.122282 -0.806748 -0.0991816 0.582512 0.0636189
1 8 332 0.764268 0.141209 0.629249 0.0736353 -0.134002 0.989209 -0.0592327 -0.0246215 -0.630823 -0.0390507 0.774944 0.996981
1 9 1064 0.137438 0.155997 0.978149 -0.907176 -0.189874 0.973356 -0.128554 0.0611723 -0.972141 -0.168057 0.163396 0.416282
1 10 786 0.481947 0.211628 0.850259 -0.967124 -0.169483 0.974583 -0.146505 0.0928242 -0.859653 -0.0734967 0.505565 -0.236759
1 11 472 0.971281 0.114152 0.208762 -0.470563 -0.116337 0.993208 -0.001821 0.0864497 -0.207552 -0.0225181 0.977965 -0.878121
1 12 485 0.991538 0.114551 0.0610704 -0.476254 -0.113802 0.993381 -0.0156011 0.149527 -0.0624533 0.00851912 0.998012 -0.866501
1 13 383 -0.914373 -0.33971 0.22027 -0.100723 0.367374 -0.924818 0.0987313 0.139015 0.17017 0.171199 0.970429 0.985155
1 14 884 -0.954776 0.169105 -0.244552 0.0269905 0.249396 0.903304 -0.349062 0.188318 0.161877 -0.394266 -0.904627 0.981737
1 15 1115 -0.499815 0.117192 0.858167 -0.329128 0.0798256 0.99282 -0.0890877 0.0883729 -0.862446 0.0239763 -0.505581 0.940141
1 16 428 -0.513978 -0.845331 0.145747 0.278666 0.745374 -0.356027 0.563616 -0.0632943 -0.424552 0.398322 0.813077 0.9583
1 17 428 0.986496 -0.0786022 -0.143693 0.199501 0.0799273 0.996795 0.00346345 0.25016 0.14296 -0.0149016 0.989616 0.947428
1 18 1098 -0.19605 -0.224128 -0.954637 0.463752 0.0167924 0.972619 -0.231798 0.141783 0.98045 -0.0614748 -0.186919 0.874547
1 19 658 -0.474515 -0.879984 0.021555 0.182713 -0.83062 0.455734 0.319964 -0.0731057 -0.291386 0.133924 -0.947184 0.980445
1 20 781 -0.685023 0.516349 -0.513933 0.0494289 0.432421 0.855921 0.28357 -0.200242 0.586307 -0.0279839 -0.809606 0.978499
1 21 657 0.970546 -0.0855475 -0.225217 0.812357 0.0767523 0.995916 -0.0475386 0.149197 0.228364 0.0288524 0.973148 -0.563753
1 22 582 -0.95501 -0.211778 -0.20762 0.306361 -0.234489 0.967811 0.0914113 0.0326954 0.181578 0.135983 -0.973929 0.951354
1 23 987 0.907004 -0.100932 0.408847 -0.994997 0.134777 0.989362 -0.0547505 -0.0195995 -0.398972 0.104762 0.910959 -0.09796
1 24 900 0.828995 -0.236779 -0.506659 0.492533 0.210237 0.971443 -0.109998 -0.135863 0.518235 -0.0153306 0.855101 0.859624
1 25 1297 0.631676 -0.134414 -0.763491 0.99348 0.202485 0.979273 -0.00487655 -0.0109192 0.748321 -0.151515 0.645801 0.113487
1 26 1412 0.651846 -0.149265 -0.743517 0.962053 0.218257 0.975881 -0.00456657 0.0486753 0.726265 -0.159301 0.668702 0.268487
1 27 1746 0.735455 -0.140734 -0.662797 0.976837 0.179451 0.983719 -0.00975365 0.0425498 0.653379 -0.111766 0.748735 0.20971
1 28 2388 0.835545 -0.117298 -0.536754 0.999933 0.126214 0.991796 -0.0202678 -0.0115799 0.534728 -0.0508111 0.843495 0.000431636
1 29 1348 0.950388 0.0345487 0.309143 -0.79294 -0.0406639 0.999084 0.0133577 0.0848178 -0.308399 -0.025266 0.950922 0.603367
2 3 6500 0.969504 0.0502992 0.239857 -0.762683 -0.0472679 0.998713 -0.0183776 -0.131185 -0.240473 0.00647956 0.970634 -0.633329
2 4 4184 0.92624 0.0734166 0.369715 -0.981998 -0.0548896 0.996664 -0.0603999 -0.0141013 -0.372916 0.0356513 0.92718 -0.188366
2 5 3319 0.872057 0.106881 0.477591 -0.967505 -0.0877557 0.994195 -0.0622558 0.049745 -0.481472 0.0123793 0.876374 0.247912
2 6 2763 0.823836 0.112526 0.555547 -0.994009 -0.114235 0.992947 -0.0317204 0.0215658 -0.555198 -0.0373303 0.83088 0.107145
2 7 1563 0.578879 0.174604 0.796501 -0.955308 -0.193454 0.978325 -0.0738643 0.0578301 -0.792133 -0.111327 0.600109 0.289902
2 8 1208 0.456282 0.180751 0.871284 -0.940479 -0.190137 0.976342 -0.102973 0.061162 -0.869284 -0.118678 0.479855 0.334303
2 9 1209 0.342201 0.187528 0.920723 -0.938302 -0.214334 0.969627 -0.117828 0.0394688 -0.914855 -0.157022 0.372001 0.343559
2 10 1163 0.266932 0.208775 0.94083 -0.930115 -0.259503 0.955765 -0.138463 0.0064004 -0.928119 -0.207188 0.309302 0.367213
2 11 1018 -0.0142145 0.185608 0.982521 -0.84699 -0.215688 0.958918 -0.18427 0.0820681 -0.976359 -0.214537 0.0264028 0.525236
2 12 1141 -0.415922 0.041846 0.908437 -0.718348 -0.236442 0.95961 -0.152457 0.0544606 -0.878125 -0.278203 -0.389229 0.693549
2 13 1154 -0.509748 0.157448 0.845794 -0.532343 -0.135457 0.956161 -0.259631 0.141605 -0.849593 -0.246915 -0.466074 0.834601
2 14 1115 -0.695134 0.0643078 0.715998 -0.474133 -0.212291 0.933208 -0.289922 0.164977 -0.68682 -0.353534 -0.635053 0.864858
2 15 958 -0.921798 -0.18247 -0.342044 0.150049 -0.0393381 0.921775 -0.385725 0.237399 0.385671 -0.342105 -0.856868 0.959754
2 16 759 -0.998283 -0.0359338 0.0462562 -0.288343 -0.0259966 0.979481 0.199854 -0.116552 -0.0524886 0.198309 -0.978733 0.950407
2 17 835 -0.958115 0.272312 0.0886709 -0.21332 0.283982 0.943413 0.171247 -0.066868 -0.0370206 0.189256 -0.98123 0.974691
2 18 856 -0.804677 0.31714 -0.501913 0.0696193 0.144436 0.92455 0.352626 -0.105245 0.575876 0.211255 -0.789771 0.992006
2 19 278 0.426307 -0.861949 0.27442 -0.230022 0.869988 0.473773 0.136604 0.120369 -0.247759 0.180507 0.951858 -0.965713
2 20 553 0.908059 -0.399513 0.125766 -0.638505 0.402531 0.915405 0.00154932 -0.325341 -0.115746 0.0492178 0.992059 0.69747
2 21 883 -0.376856 -0.00839752 -0.926234 0.466174 0.00173887 0.999951 -0.00977335 -0.0550258 0.92627 -0.00529375 -0.376823 0.88298
2 22 333 -0.009263 0.998401 0.0557634 -0.306554 -0.935265 -0.0283825 0.352808 -0.0320511 0.353827 -0.0488855 0.934033 -0.951313
2 23 410 0.528933 -0.848601 0.010283 0.0356579 0.848522 0.529027 0.0118575 0.336492 -0.0155023 0.00245352 0.999877 -0.941011
2 24 587 0.972001 0.00973496 -0.234775 0.428643 -0.0313357 0.995587 -0.0884519 0.21556 0.232878 0.0933322 0.968017 -0.877382
2 25 1044 0.896084 0.0733019 0.437791 -0.878799 -0.0267961 0.993405 -0.111484 0.154325 -0.443076 0.0881683 0.892138 0.451549
2 26 1194 0.400917 -0.217668 -0.88988 0.896669 0.218136 0.966107 -0.138037 0.165701 0.889765 -0.138773 0.43481 0.410522
2 27 1556 0.499964 -0.171727 -0.84885 0.91033 0.199621 0.976602 -0.0799971 0.0450319 0.842726 -0.129452 0.522546 0.411426
2 28 1729 0.669959 -0.162102 -0.724485 0.96172 0.139373 0.985982 -0.091728 0.0508354 0.729198 -0.0395198 0.68316 0.269276
2 29 5798 0.998638 0.0133066 0.0504563 0.973356 -0.0125792 0.999813 -0.0147068 0.0428657 -0.0506425 0.0140521 0.998618 0.225255
3 4 9314 0.990394 0.0243836 0.136107 -0.994424 -0.0194387 0.999106 -0.0375427 0.0403699 -0.136901 0.0345363 0.989983 0.0974276
3 5 6687 0.962865 0.0574845 0.263792 -0.876155 -0.0502253 0.998153 -0.0341864 0.0923262 -0.26527 0.0196679 0.963974 0.473105
3 6 5751 0.940341 0.0636501 0.334227 -0.971516 -0.0688082 0.997623 0.00360331 0.0500964 -0.333203 -0.0263859 0.942486 0.23162
3 7 3108 0.756512 0.127908 0.64135 -0.923318 -0.144531 0.989138 -0.0267862 0.0928271 -0.637809 -0.0724312 0.766781 0.37265
3 8 2598 0.667692 0.145358 0.730108 -0.927681 -0.163082 0.985489 -0.0470625 0.0670542 -0.726355 -0.0876441 0.681709 0.367304
3 9 2508 0.584791 0.153955 0.79644 -0.926066 -0.153959 0.985044 -0.0773676 0.0798342 -0.796439 -0.0773752 0.599748 0.36882
3 10 2266 0.470552 0.166578 0.866506 -0.905558 -0.143056 0.983429 -0.111369 0.0757681 -0.870698 -0.0715544 0.486584 0.417401
3 11 2057 0.304368 0.192277 0.932947 -0.863552 -0.193329 0.971501 -0.13715 0.101837 -0.932729 -0.138621 0.332867 0.49387
3 12 1996 0.164667 0.166828 0.972138 -0.810414 -0.232637 0.964356 -0.126087 0.0904219 -0.958522 -0.205393 0.197608 0.578838
3 13 1853 -0.311174 0.268149 0.911738 -0.530863 -0.0388633 0.954975 -0.294129 0.225367 -0.949558 -0.126959 -0.286742 0.816942
3 14 1660 -0.664134 0.18488 0.724393 -0.3909 -0.0425941 0.95801 -0.283555 0.222148 -0.746399 -0.219173 -0.628372 0.893223
3 15 1556 -0.72012 0.139932 0.679592 -0.351605 -0.111076 0.943571 -0.311988 0.190718 -0.6849 -0.300155 -0.663941 0.916515
3 16 1402 -0.788137 -0.0610494 0.612465 -0.357879 -0.0813134 0.996675 -0.00528954 0.00425947 -0.610105 -0.0539705 -0.79048 0.933758
3 17 1147 -0.945012 -0.0773938 -0.317746 0.204682 0.0586209 0.915771 -0.397401 0.212409 0.321739 -0.394175 -0.860878 0.955504
3 18 1153 -0.083952 -0.726943 -0.681547 0.468793 -0.909147 0.335872 -0.246256 0.138912 0.407927 0.598952 -0.689095 0.872317
3 19 517 0.563261 -0.801725 -0.199936 0.44467 0.75714 0.597687 -0.263648 0.155378 0.330872 -0.00287716 0.943671 -0.882115
3 20 474 0.287551 -0.890759 -0.351943 0.363083 0.957152 0.280415 0.0723054 0.296191 0.0342834 -0.357654 0.933225 -0.883426
3 21 439 0.865548 0.237289 0.441044 -0.471155 -0.160046 0.965509 -0.205371 0.0274694 -0.474564 0.107172 0.873672 -0.881623
3 22 748 0.580675 -0.665167 -0.469435 0.297455 -0.580688 -0.742531 0.333839 0.0583626 -0.570629 0.0787432 -0.817424 0.95295
3 23 736 -0.0112317 0.998222 -0.0585463 -0.0348307 0.890224 0.0366467 0.454046 -0.336956 0.455384 -0.0470196 -0.889052 0.940876
3 24 749 -0.769915 -0.374033 0.51704 -0.336449 -0.347395 0.925305 0.152076 -0.236746 -0.535301 -0.0625319 -0.842344 0.911457
3 25 1007 0.960554 0.0240456 0.277053 -0.999108 -0.0269238 0.999616 0.00658878 0.0168956 -0.276788 -0.0137882 0.960832 0.0386953
3 26 1468 0.494053 -0.228031 -0.838995 0.984103 0.272175 0.957054 -0.0998448 0.0668313 0.825731 -0.179025 0.5349 0.164544
3 27 1791 0.343499 -0.190607 -0.919607 0.838372 0.20969 0.970034 -0.122734 0.118317 0.915445 -0.150674 0.373174 0.532104
3 28 2167 0.452228 -0.179128 -0.87373 0.843709 0.160308 0.979995 -0.117941 0.0995526 0.877378 -0.0867296 0.471897 0.527488
3 29 6216 0.981114 -0.0356595 -0.190117 0.845283 0.0349535 0.999364 -0.00706638 0.118146 0.190248 0.000287673 0.981736 0.521093
4 5 9333 0.991051 0.0295951 0.130161 -0.751974 -0.0310038 0.99948 0.00880914 0.0971119 -0.129833 -0.0127658 0.991454 0.652
4 6 8102 0.978641 0.03322 0.202877 -0.97957 -0.0438823 0.997869 0.0482846 0.0243955 -0.200841 -0.0561559 0.978013 0.199619
4 7 4187 0.837604 0.088748 0.53902 -0.959594 -0.120717 0.992392 0.0241925 0.071552 -0.532773 -0.0853327 0.841945 0.272139
4 8 3476 0.75415 0.101755 0.648771 -0.962731 -0.133571 0.991039 -0.000170819 0.0568182 -0.642975 -0.0865282 0.760984 0.264426
4 9 3208 0.696439 0.115024 0.708338 -0.968964 -0.156839 0.987605 -0.00616867 0.0198613 -0.700267 -0.106799 0.705847 0.246402
4 10 2961 0.593793 0.122882 0.795179 -0.950155 -0.152937 0.98749 -0.038397 0.0253347 -0.78995 -0.0988122 0.605157 0.310747
4 11 2588 0.429376 0.148934 0.890761 -0.90476 -0.187471 0.979523 -0.0734079 0.0791396 -0.883454 -0.135472 0.448505 0.418505
4 12 2557 0.294406 0.156506 0.942778 -0.841677 -0.168475 0.979549 -0.11 0.125842 -0.940713 -0.12645 0.314753 0.525113
4 13 2262 -0.063981 0.140019 0.98808 -0.662734 -0.207611 0.966578 -0.150415 0.131103 -0.976117 -0.21476 -0.0327732 0.73729
4 14 2014 -0.263493 0.163551 0.950696 -0.585755 -0.234706 0.945039 -0.227629 0.206823 -0.935673 -0.283112 -0.210625 0.783655
4 15 1729 -0.00563817 0.138483 0.990349 -0.784774 -0.206389 0.96888 -0.136656 0.112526 -0.978454 -0.205168 0.0231186 0.609481
4 16 1759 -0.531538 0.173339 0.829109 -0.480597 -0.153532 0.942907 -0.295559 0.211972 -0.833004 -0.284396 -0.474577 0.850938
4 17 1073 -0.986179 -0.00296915 -0.165658 0.204682 0.0396106 0.966621 -0.253131 0.212409 0.16088 -0.256194 -0.953143 0.955504
4 18 380 -0.4543 0.767165 0.452845 0.469249 -0.768137 -0.0798771 -0.635284 0.138157 -0.451196 -0.636457 0.625576 0.872191
4 19 1036 0.283023 -0.730186 0.621873 -0.44467 -0.893469 -0.43647 -0.10586 -0.155378 0.348727 -0.525664 -0.77593 0.882115
4 20 978 0.0658574 0.980036 0.187596 -0.22138 0.792877 -0.165541 0.586466 -0.275732 0.605813 0.110118 -0.78795 0.935394
4 21 514 0.0720236 0.991249 -0.110626 0.442194 -0.914972 0.021512 -0.402943 -0.00667817 -0.397037 0.130241 0.908515 -0.896895
4 22 1144 -0.778621 0.622069 -0.082337 -0.161803 0.450039 0.645039 0.617568 -0.299937 0.43728 0.443796 -0.782196 0.940137
4 23 1163 -0.956956 -0.274249 0.0949934 -0.0325854 -0.134463 0.708982 0.692289 -0.33046 -0.257208 0.649716 -0.715341 0.943257
4 24 938 -0.878935 0.462674 -0.115788 0.072919 0.370876 0.815665 0.444007 -0.317913 0.299874 0.34731 -0.888511 0.945312
4 25 1088 0.959486 -0.0111779 -0.281534 0.817526 0.0281785 0.99801 0.0564098 -0.170149 0.280343 -0.0620577 0.957892 -0.550182
4 26 1655 -0.233223 -0.00808961 -0.97239 0.631213 0.316056 0.945044 -0.0836667 0.00933271 0.919628 -0.326842 -0.21785 0.775554
4 27 1982 0.156299 -0.162346 -0.974276 0.734382 0.209041 0.969492 -0.128013 0.146377 0.965335 -0.183655 0.185467 0.662765
4 28 2194 0.350505 -0.15487 -0.923668 0.769012 0.170304 0.98033 -0.0997448 0.103533 0.920947 -0.122343 0.369986 0.630794
4 29 5006 0.943706 -0.0451666 -0.327686 0.906527 0.0562348 0.99812 0.0243752 0.0720928 0.325969 -0.0414304 0.944472 0.415946
5 6 9467 0.996833 0.0042329 0.0794081 -0.859849 -0.00739965 0.999187 0.0396276 -0.103823 -0.0791759 -0.0400897 0.996054 -0.49988
5 7 5522 0.904604 0.0686693 0.420686 -0.972688 -0.0900361 0.995452 0.0311158 -0.0434077 -0.416636 -0.0660244 0.906673 -0.228023
5 8 4389 0.836779 0.0861717 0.540718 -0.996832 -0.109144 0.993971 0.0104992 -0.0256027 -0.536553 -0.0678015 0.841138 -0.0752973
5 9 3878 0.784918 0.0972957 0.611913 -0.999637 -0.113252 0.993485 -0.012695 -0.000524684 -0.609162 -0.0593359 0.790823 -0.0269414
5 10 3408 0.690052 0.112441 0.714972 -0.994505 -0.116066 0.992265 -0.0440288 0.01094 -0.714393 -0.0526021 0.697765 0.104118
5 11 3055 0.56068 0.146586 0.814954 -0.965438 -0.161152 0.984704 -0.0662484 0.0591429 -0.812199 -0.0941873 0.575726 0.253835
5 12 2903 0.42188 0.145442 0.89491 -0.918258 -0.171255 0.982064 -0.0788733 0.0807086 -0.890331 -0.119983 0.439221 0.38767
5 13 2365 0.00163644 0.161517 0.986869 -0.733118 -0.178036 0.971151 -0.158649 0.131931 -0.984023 -0.175438 0.030345 0.667182
5 14 2065 -0.161506 0.156497 0.974384 -0.688852 -0.246658 0.949608 -0.193401 0.167176 -0.95555 -0.271575 -0.114766 0.705362
5 15 1579 0.710837 0.244555 0.659472 -0.923882 -0.262217 0.962155 -0.0741599 0.0925384 -0.652651 -0.120209 0.748062 -0.371319
5 16 1358 -0.705723 0.698577 -0.118095 0.188685 0.694775 0.649744 -0.308416 0.182323 -0.13872 -0.299705 -0.943893 0.964964
5 17 1073 -0.227686 0.943116 -0.242264 0.206204 0.969605 0.196702 -0.145516 0.210554 -0.0895841 -0.268032 -0.959236 0.955587
5 18 1406 -0.484185 -0.189513 -0.854195 0.470873 -0.116238 0.98154 -0.151878 0.136399 0.86721 0.0257531 -0.497276 0.871593
5 19 888 -0.880977 -0.217968 -0.419963 0.195363 -0.199599 0.975934 -0.0878197 0.0451411 0.428998 0.00645676 -0.903282 0.979692
5 20 459 -0.553989 0.808877 -0.197014 0.218718 -0.782585 -0.586695 -0.208209 0.273538 -0.284002 0.0388344 0.958037 -0.936664
5 21 556 -0.947473 0.285718 -0.143735 0.442194 -0.29351 -0.955284 0.0358387 -0.00667817 -0.127068 0.0761438 0.988967 -0.896895
5 22 650 0.915443 -0.214974 -0.340222 0.294915 0.21378 0.976001 -0.0414764 0.0605344 0.340973 -0.0347633 0.93943 0.953604
5 23 454 0.314206 -0.942327 0.115301 0.0350889 0.948269 0.317329 0.009332 0.333452 -0.0453821 0.106404 0.993287 -0.942114
5 24 771 -0.991918 0.0971883 0.0815684 -0.0908221 0.0958757 0.995195 -0.0198668 -0.0040071 -0.0831073 -0.0118858 -0.99647 0.995859
5 25 525 -0.878963 -0.451899 -0.152355 -0.230222 0.447383 -0.891998 0.0647149 0.106372 -0.165145 -0.0112792 0.986205 -0.967307
5 26 883 0.592558 -0.24032 -0.768844 0.831365 0.291067 0.95385 -0.0738182 0.000744945 0.751102 -0.180044 0.635161 -0.555726
5 27 521 -0.958935 0.0969699 0.266533 -0.279036 0.00905049 -0.928798 0.370476 0.195082 0.283481 0.357675 0.889779 0.940256
5 28 1881 0.198692 -0.166608 -0.965797 0.773685 0.18824 0.973584 -0.129225 0.0961041 0.961815 -0.156125 0.224806 0.626239
5 29 4320 0.892828 -0.0769449 -0.443777 0.976738 0.0885293 0.996059 0.00540779 0.0368214 0.441612 -0.0441155 0.896121 0.211253
6 7 5740 0.933854 0.0787333 0.348881 -0.964311 -0.0830585 0.996541 -0.00256972 -0.0475706 -0.347876 -0.0265778 0.937164 -0.260464
6 8 4424 0.880323 0.100727 0.463557 -0.995452 -0.100178 0.994633 -0.0258805 -0.0129268 -0.463675 -0.0236551 0.885689 -0.0943865
6 9 3857 0.827659 0.115424 0.549234 -0.999258 -0.107551 0.993105 -0.0466334 0.00436602 -0.55083 -0.0204739 0.834366 -0.0382566
6 10 3365 0.748369 0.136242 0.649139 -0.996236 -0.111283 0.990595 -0.0796124 0.0173444 -0.65388 -0.0126587 0.756492 0.0849341
6 11 2982 0.617941 0.177144 0.766008 -0.966451 -0.155452 0.982582 -0.101824 0.0690514 -0.770703 -0.0561566 0.634715 0.247397
6 12 2742 0.49076 0.175264 0.853485 -0.925218 -0.179983 0.978825 -0.0975114 0.06737 -0.852503 -0.105758 0.511912 0.373406
6 13 2266 0.14357 0.206339 0.96789 -0.772888 -0.189096 0.965722 -0.177828 0.130927 -0.971406 -0.157494 0.177666 0.620888
6 14 1925 -0.0886396 0.161092 0.982951 -0.726266 -0.281594 0.942526 -0.179861 0.1173 -0.955431 -0.292736 -0.0381824 0.677332
6 15 1280 0.788424 0.401158 0.466326 -0.935832 -0.404765 0.909178 -0.09778 0.316702 -0.463198 -0.11166 0.879193 0.154655
6 16 507 0.419137 0.837722 0.350066 0.188685 -0.878158 0.471967 -0.0780094 0.182323 -0.23057 -0.274716 0.933471 0.964964
6 17 821 -0.538604 -0.394159 -0.744677 0.204427 -0.353271 0.908033 -0.225112 0.212329 0.764922 0.141827 -0.628315 0.955576
6 18 727 0.610429 0.764333 0.207776 -0.470878 -0.791872 0.594787 0.138447 -0.136106 -0.0177625 -0.249044 0.968329 -0.871636
6 19 1141 0.524249 0.753885 0.396005 -0.343153 0.827858 -0.342227 -0.444446 0.289664 -0.199538 0.560836 -0.803522 0.893499
6 20 397 0.428475 -0.902853 -0.0355669 0.22138 0.850167 0.416176 -0.322512 0.275732 0.305983 0.107951 0.945897 -0.935394
6 21 470 0.73469 -0.603315 -0.310227 0.442207 0.655731 0.74877 0.09675 -0.00654592 0.173918 -0.274507 0.945726 -0.896889
6 22 792 0.775256 0.251031 -0.579621 0.294129 0.208077 -0.967912 -0.140891 0.0600612 -0.596391 -0.0113793 -0.802614 0.953877
6 23 441 0.464616 0.885326 0.0181377 0.0350889 -0.860981 0.456438 -0.224445 0.333452 -0.206986 0.0886646 0.974318 -0.942114
6 24 943 -0.611936 -0.789512 0.0469601 0.072919 -0.644333 0.532083 0.549292 -0.317913 -0.458659 0.305874 -0.83431 0.945312
6 25 1150 0.925068 -0.0615524 -0.37478 0.868727 0.0727137 0.997229 0.015698 -0.225761 0.372776 -0.0417734 0.926981 -0.440846
6 26 1537 -0.0229496 -0.300079 -0.953638 0.620033 0.206295 0.931939 -0.298215 0.314412 0.978221 -0.203574 0.040517 0.718822
6 27 1716 0.275723 -0.274769 -0.921129 0.623666 0.154557 0.958479 -0.239646 0.373024 0.94873 -0.0762909 0.306743 0.686946
6 28 1701 0.240348 -0.226834 -0.943811 0.660316 0.174871 0.966523 -0.187761 0.16301 0.954805 -0.119917 0.271969 0.733083
6 29 3463 0.857732 -0.101701 -0.503937 0.923215 0.0933255 0.994753 -0.0419084 0.0712616 0.505555 -0.011084 0.862723 0.37762
7 8 10204 0.990501 0.0263027 0.134969 -0.998839 -0.0247005 0.999603 -0.0135317 -0.0216781 -0.135272 0.0100693 0.990757 -0.0430105
7 9 8029 0.973072 0.045853 0.225894 -0.998957 -0.0400117 0.998738 -0.0303722 -0.00141093 -0.227001 0.0205159 0.973678 -0.0456479
7 10 6115 0.933893 0.0722653 0.350175 -0.995939 -0.0536916 0.996601 -0.0624759 0.017149 -0.353499 0.0395444 0.934599 0.0883831
7 11 4959 0.857359 0.121849 0.500088 -0.967668 -0.103933 0.992545 -0.0636543 0.0626656 -0.504117 0.00259875 0.863632 0.244319
7 12 4351 0.76955 0.135267 0.624095 -0.92588 -0.119964 0.990531 -0.0667649 0.0804564 -0.627217 -0.0234903 0.778491 0.369151
7 13 3383 0.470921 0.19277 0.860856 -0.775474 -0.161217 0.978205 -0.130856 0.130845 -0.867319 -0.0771622 0.491736 0.617672
7 14 2811 0.288036 0.208671 0.934608 -0.742274 -0.237892 0.960967 -0.14124 0.159447 -0.9276 -0.181654 0.326435 0.65085
7 15 1145 -0.830576 -0.0303864 0.556076 0.126674 -0.0626543 -0.987072 -0.147521 0.189444 0.55337 -0.157368 0.817935 0.973686
7 16 1087 0.704009 -0.632824 0.322344 -0.33853 0.659978 0.750597 0.0321555 -0.152698 -0.262299 0.190102 0.946076 0.928483
7 17 1147 0.575936 0.772249 -0.268196 0.215434 -0.812339 0.503842 -0.293681 0.209436 -0.0916665 0.387007 0.917509 0.953795
7 18 1278 -0.759625 -0.187467 -0.622757 0.469218 0.0250807 0.948399 -0.316087 0.138365 0.649877 -0.255727 -0.715726 0.872175
7 19 459 -0.384926 0.833718 -0.395913 0.460897 -0.909922 -0.414617 0.0115641 0.0162123 -0.154511 0.364701 0.918215 -0.887306
7 20 666 -0.917533 -0.162974 0.362729 -0.22138 0.233795 -0.958941 0.160539 -0.275732 0.321672 0.232104 0.917962 0.935394
7 21 402 0.243066 0.948801 0.201731 0.071421 -0.967228 0.252808 -0.0236197 0.202179 -0.0734096 -0.189379 0.979156 0.976741
7 22 334 0.857168 -0.379613 0.348077 -0.294915 0.46468 0.861472 -0.204789 -0.0605344 -0.222118 0.337283 0.914824 -0.953604
7 23 596 0.245789 -0.968015 0.0503512 0.0350889 0.96827 0.242771 -0.0592863 0.333452 0.0451662 0.0633255 0.99697 -0.942114
7 24 1117 0.705837 -0.307131 -0.63833 0.345178 -0.0530143 -0.921495 0.384755 -0.128732 -0.706388 -0.237734 -0.666707 0.929667
7 25 370 -0.789174 0.562017 0.247672 -0.208139 -0.603453 -0.784565 -0.142486 0.230391 0.114235 -0.261905 0.958309 -0.950578
7 26 565 0.9658 0.255849 -0.0420791 0.438818 -0.259231 0.94943 -0.177151 0.103725 -0.00537285 0.182001 0.983284 -0.892569
7 27 1031 -0.845557 -0.223688 0.484765 -0.235729 -0.29143 0.954169 -0.0680437 -0.0533101 -0.447327 -0.19881 -0.871994 0.970356
7 28 1082 -0.730163 0.225332 0.645048 -0.224299 0.325038 0.944944 0.037834 0.0261213 -0.601009 0.23729 -0.763205 0.97417
7 29 2949 0.629634 -0.120337 -0.767515 0.880269 0.135641 0.989784 -0.0439129 0.00527981 0.764959 -0.0764572 0.639525 0.474445
8 9 11373 0.995216 0.0193542 0.0957662 -0.987324 -0.0180696 0.999735 -0.0142624 -0.00188534 -0.0960168 0.0124637 0.995302 -0.158706
8 10 8146 0.974424 0.0433228 0.2205 -0.999117 -0.0373813 0.998819 -0.031049 -0.0335812 -0.221584 0.0220123 0.974893 0.0252667
8 11 6195 0.919356 0.0937601 0.382092 -0.975554 -0.0853227 0.995589 -0.0390082 0.0614218 -0.384064 0.00326128 0.923301 0.211001
8 12 5484 0.846051 0.103379 0.522983 -0.937254 -0.104219 0.994162 -0.0279177 0.0592815 -0.522816 -0.0308852 0.851886 0.343572
8 13 3906 0.600356 0.16475 0.782579 -0.808755 -0.153166 0.984123 -0.0896778 0.120574 -0.784928 -0.0660262 0.616059 0.575653
8 14 3166 0.389902 0.205369 0.897664 -0.762975 -0.217191 0.967821 -0.127082 0.179625 -0.894877 -0.145415 0.42196 0.62097
8 15 1588 -0.869266 0.481419 -0.112304 0.127689 0.494174 0.840277 -0.222996 0.18875 -0.0129878 -0.249341 -0.968329 0.973688
8 16 1537 -0.825597 0.263178 -0.499126 0.188685 0.367079 0.922303 -0.12087 0.182323 0.428535 -0.283008 -0.858058 0.964964
8 17 1370 0.570521 -0.785709 -0.239098 0.233859 -0.811002 -0.493057 -0.314913 0.16539 0.129541 0.373573 -0.918511 0.9581
8 18 1666 0.346718 -0.71895 -0.602409 0.482093 0.928461 0.35428 0.11156 0.139012 0.133216 -0.597993 0.790353 0.865021
8 19 527 -0.208476 -0.941496 0.264808 -0.37634 0.963984 -0.243526 -0.10691 -0.0332715 0.165143 0.232983 0.958356 -0.925884
8 20 1158 -0.393771 -0.84703 0.357051 -0.22138 -0.74169 0.52223 0.420917 -0.275732 -0.542992 -0.0990758 -0.833873 0.935394
8 21 1180 0.797924 0.449856 0.401182 -0.164513 0.320787 -0.880422 0.349217 -0.259661 0.510307 -0.149954 -0.846818 0.951584
8 22 343 0.0744114 0.946136 0.315102 -0.294915 -0.988031 0.112763 -0.105261 -0.0605344 -0.135123 -0.303498 0.943202 -0.953604
8 23 632 0.812632 -0.573567 0.103202 0.0350889 0.570995 0.819048 0.055907 0.333452 -0.116594 0.0134961 0.993088 -0.942114
8 24 719 -0.725488 -0.681035 0.0992897 -0.338285 0.680992 -0.689468 0.246748 -0.165588 -0.0995866 0.246628 0.96398 -0.926361
8 25 1147 -0.473736 0.708496 -0.523075 0.20817 0.703869 0.661578 0.258618 -0.230355 0.529285 -0.24566 -0.812101 0.95058
8 26 696 -0.85968 0.497517 0.115874 -0.362431 -0.446512 -0.842036 0.302658 -0.06568 0.248148 0.20845 0.946029 0.929694
8 27 702 -0.959316 -0.143368 0.243226 -0.232785 0.174479 -0.978328 0.111498 -0.0522834 0.22197 0.149399 0.96354 0.971122
8 28 588 0.937761 0.343723 0.0495963 -0.223629 -0.319529 0.909916 -0.264488 0.025828 -0.136039 0.232179 0.963113 0.974332
8 29 2800 0.410669 -0.200299 -0.889512 0.754961 0.162712 0.976012 -0.144656 0.143268 0.897149 -0.0853285 0.433408 0.639928
9 10 9801 0.990898 0.0238637 0.132482 -0.995122 -0.0202196 0.999381 -0.0287838 0.0147748 -0.133087 0.0258431 0.990767 0.0975404
9 11 7028 0.951747 0.0709917 0.29856 -0.97111 -0.0698319 0.997452 -0.0145652 0.0480543 -0.298834 -0.00698665 0.95428 0.233746
9 12 6028 0.894576 0.085545 0.438652 -0.930064 -0.0859709 0.996118 -0.0189338 0.0806259 -0.438568 -0.0207735 0.898458 0.358443
9 13 4042 0.672148 0.149288 0.725211 -0.809846 -0.141382 0.987318 -0.0722077 0.130924 -0.726793 -0.0539972 0.68473 0.571847
9 14 3254 0.500277 0.172888 0.84843 -0.80803 -0.218697 0.973323 -0.0693833 0.14001 -0.837791 -0.150839 0.524741 0.572262
9 15 1885 0.842798 0.188795 0.504031 -0.721216 -0.196258 0.979783 -0.0388305 0.208185 -0.501172 -0.0661939 0.862812 0.660686
9 16 2522 0.632771 0.295264 0.715835 -0.68476 -0.279561 0.949207 -0.144403 0.27487 -0.722113 -0.108745 0.683175 0.674944
9 17 1213 0.0974994 -0.78366 0.613491 -0.0724418 0.933072 0.28642 0.217577 0.0196357 -0.346223 0.551218 0.759137 0.997179
9 18 698 0.498487 -0.793723 0.348591 -0.481993 0.730227 0.601168 0.324599 -0.139297 -0.467203 0.0927421 0.879272 -0.865031
9 19 1239 -0.471724 0.522615 -0.710176 0.376321 0.682749 0.726164 0.0808749 0.0332283 0.557971 -0.446721 -0.699363 0.925893
9 20 1073 0.00476785 -0.945394 0.325895 -0.221254 -0.903526 0.135579 0.406521 -0.276695 -0.428507 -0.296393 -0.853541 0.93514
9 21 1016 -0.40042 0.889147 0.221544 -0.164513 0.901719 0.339338 0.267867 -0.259661 0.162995 0.30703 -0.937638 0.951584
9 22 1036 -0.261958 0.905317 -0.334334 0.294915 0.95086 0.182865 -0.249852 0.0605344 -0.165058 -0.383356 -0.908732 0.953604
9 23 556 0.395129 0.915385 -0.0770985 0.0348307 -0.910112 0.378685 -0.168206 0.336956 -0.124777 0.136631 0.982732 -0.940876
9 24 1059 -0.681442 0.449288 -0.577735 0.338173 0.598176 0.796742 -0.0859477 0.165302 0.42169 -0.404155 -0.811687 0.926452
9 25 903 -0.991146 0.0953565 -0.0923929 0.0409204 0.107977 0.983823 -0.142943 0.0878828 0.0772678 -0.151654 -0.985409 0.99529
9 26 1038 0.647462 -0.460176 -0.60748 0.242871 -0.521386 -0.848843 0.0873107 0.0701687 -0.555833 0.260201 -0.789522 0.967518
9 27 398 0.856707 -0.495376 -0.143721 0.23267 0.496382 0.867539 -0.0313413 0.0522544 0.140209 -0.0444901 0.989122 -0.971151
9 28 1083 -0.424736 -0.737233 0.52544 -0.223756 -0.70484 0.633526 0.319133 0.0258875 -0.568155 -0.234804 -0.788712 0.974301
9 29 2577 0.351536 -0.0830991 -0.932479 0.730241 0.168429 0.985414 -0.0243204 0.0202976 0.920899 -0.148507 0.360405 0.682888
10 11 8735 0.984942 0.0449814 0.166931 -0.972665 -0.0479177 0.998759 0.0136018 0.0702568 -0.166111 -0.0213959 0.985875 0.221328
10 12 6944 0.946179 0.0543333 0.319051 -0.938182 -0.0644479 0.997695 0.0212226 0.0719308 -0.317163 -0.0406426 0.9475 0.338586
10 13 4279 0.760042 0.10224 0.641781 -0.848695 -0.124351 0.99218 -0.0107946 0.0856019 -0.637865 -0.0716021 0.766812 0.52191
10 14 1951 0.908716 0.0771089 0.410232 -0.6716 -0.108157 0.992721 0.0529861 -0.187291 -0.40316 -0.0925189 0.910441 -0.716852
10 15 2515 0.436987 0.120738 0.891328 -0.912743 -0.193309 0.980401 -0.0380304 0.0102272 -0.87845 -0.155683 0.451762 0.408405
10 16 1606 -0.654968 -0.505095 -0.562047 0.221332 -0.434712 0.860238 -0.266489 0.218146 0.618096 0.0697869 -0.782999 0.950487
10 17 1524 -0.288511 -0.830731 0.476074 -0.0724418 -0.866957 0.43769 0.238357 0.0196357 -0.406383 -0.343967 -0.846486 0.997179
10 18 697 -0.5461 0.803611 0.236611 0.483763 -0.656677 -0.235278 -0.716533 0.097678 -0.520144 -0.546676 0.656198 0.869731
10 19 1346 0.338378 0.66336 0.667423 -0.443275 0.898788 -0.437908 -0.0204364 -0.02529 0.278713 0.606787 -0.744398 0.896029
10 20 915 0.205359 0.952551 -0.224664 0.247135 0.958724 -0.149671 0.241756 -0.142235 0.19666 -0.265038 -0.94397 0.958485
10 21 631 0.694471 -0.657328 0.292625 -0.164513 0.625705 0.75252 0.205443 -0.259661 -0.35525 0.0404225 0.933897 0.951584
10 22 433 -0.92896 -0.349465 0.122096 -0.294915 0.35756 -0.932466 0.0515598 -0.0605344 0.0958324 0.0915538 0.991178 -0.953604
10 23 1008 -0.544654 -0.834527 -0.083167 -0.0348307 -0.794256 0.481434 0.370647 -0.336956 -0.269275 0.26793 -0.925043 0.940876
10 24 517 -0.916289 -0.0238159 -0.39981 -0.072919 0.114509 -0.972141 -0.204525 0.317913 -0.383801 -0.233186 0.893488 -0.945312
10 25 841 -0.388218 -0.269308 -0.88134 0.0409204 -0.0685864 -0.945253 0.31905 0.0878828 -0.919012 0.184309 0.348493 0.99529
10 26 410 -0.740949 -0.670514 -0.0375 -0.261586 0.671458 -0.738697 -0.0589101 -0.0723822 0.0117989 -0.0688291 0.997559 -0.962462
10 27 308 0.446205 0.880979 0.15741 -0.118329 -0.860221 0.470723 -0.196063 -0.0790258 -0.246824 -0.0479232 0.967875 -0.989825
10 28 420 -0.991865 -0.0820138 0.0973524 -0.199676 0.0755371 -0.994791 -0.0684522 0.0318756 0.102459 -0.0605416 0.992893 0.979343
10 29 2573 0.314 -0.174639 -0.933223 0.715421 0.177515 0.976402 -0.122992 0.148886 0.93268 -0.127042 0.337591 0.682646
11 12 9696 0.987839 0.013797 0.154867 -0.956309 -0.0153824 0.999841 0.00904336 0.0574276 -0.154717 -0.0113156 0.987894 0.286663
11 13 5144 0.865095 0.0804149 0.495121 -0.939688 -0.0820402 0.996457 -0.0184956 0.0618558 -0.494854 -0.0246193 0.868627 0.336392
11 14 3881 0.731465 0.109784 0.672983 -0.97948 -0.155448 0.987813 0.00781438 -0.0155066 -0.663923 -0.11033 0.739617 0.200944
11 15 2843 0.544664 0.153506 0.824486 -0.989054 -0.166161 0.983369 -0.073319 0.0187755 -0.822029 -0.0970634 0.561113 0.146356
11 16 2492 0.557705 0.271853 0.784258 -0.967392 -0.224426 0.95904 -0.172845 0.213586 -0.799123 -0.0796114 0.595872 -0.136139
11 17 1289 0.45533 0.888865 0.0509208 0.206204 0.882596 -0.443122 -0.157057 0.210554 -0.117039 0.116455 -0.986276 0.955587
11 18 1732 0.457062 0.569863 -0.682899 0.483581 0.87506 -0.42559 0.230529 0.0892804 -0.159264 -0.702943 -0.693185 0.870734
11 19 479 -0.815326 -0.517378 0.259929 -0.371645 0.48317 -0.855336 -0.18694 0.164964 0.319045 -0.0268276 0.94736 -0.913601
11 20 618 -0.938605 -0.336001 -0.0782521 0.22138 0.344974 -0.911741 -0.222984 0.275732 0.00357715 -0.236289 0.971676 -0.935394
11 21 1150 -0.484151 0.868519 -0.106176 -0.164513 0.668963 0.445635 0.594893 -0.259661 0.563991 0.216991 -0.796761 0.951584
11 22 1051 -0.735228 0.0668741 -0.674513 0.294915 0.209506 0.968814 -0.132312 0.0605344 0.64463 -0.238594 -0.726309 0.953604
11 23 547 0.305536 0.941593 -0.141602 0.0348307 -0.952121 0.303782 -0.0343821 0.336956 0.0106422 0.145327 0.989326 -0.940876
11 24 465 -0.699211 0.684743 -0.205502 -0.070829 -0.578416 -0.710773 -0.400297 0.32005 -0.420166 -0.161027 0.893046 -0.944749
11 25 1110 0.143943 -0.859535 -0.490387 0.208139 -0.958602 -0.244143 0.146548 -0.230391 -0.245688 0.448991 -0.859095 0.950578
11 26 896 -0.468319 -0.748548 0.469418 -0.351606 -0.821146 0.564865 0.0815281 -0.0386222 -0.326186 -0.34728 -0.879204 0.935351
11 27 1114 0.660571 -0.148809 0.735868 -0.252261 -0.150938 -0.98647 -0.0639928 -0.0551159 0.735434 -0.0687989 -0.674095 0.966088
11 28 513 -0.968063 0.015105 0.250252 -0.199676 -0.0439321 -0.992959 -0.110011 0.0318756 0.246828 -0.117491 0.96191 0.979343
11 29 2597 0.175066 -0.1817 -0.967645 0.679852 0.206022 0.967825 -0.144461 0.133041 0.96276 -0.174066 0.206868 0.721181
12 13 6437 0.929852 0.0740063 0.360415 -0.998133 -0.0718399 0.997227 -0.0194238 0.00069043 -0.360853 -0.0078309 0.93259 -0.0610672
12 14 4416 0.834561 0.124823 0.536589 -0.977684 -0.147457 0.989068 -0.000739676 -0.0347048 -0.530815 -0.0785064 0.843843 -0.207194
12 15 3228 0.6635 0.141518 0.73467 -0.986986 -0.164106 0.985564 -0.0416382 -0.0960216 -0.729957 -0.0929368 0.677146 -0.128988
12 16 2451 0.651454 0.148827 0.743947 -0.933349 -0.160731 0.985387 -0.0563799 -0.101723 -0.741467 -0.0828464 0.665855 -0.344256
12 17 580 -0.758667 -0.522529 0.389086 0.205024 0.586171 -0.808133 0.0576637 0.211924 0.284302 0.271818 0.919395 0.955538
12 18 786 0.995721 0.0203282 -0.0901503 0.464079 -0.0138607 0.997323 0.0717955 0.141598 0.0913684 -0.0702387 0.993337 0.874403
12 19 1409 0.0531649 0.140403 -0.988666 0.587586 0.124446 0.981416 0.146066 -0.066355 0.990801 -0.130801 0.0347043 0.806436
12 20 537 -0.364906 0.9243 -0.111862 0.22138 -0.889379 -0.381591 -0.251782 0.275732 -0.275407 0.00761121 0.961297 -0.935394
12 21 526 0.839667 -0.509908 0.186959 0.164513 0.536293 0.832803 -0.137217 0.259661 -0.085732 0.215481 0.972737 -0.951584
12 22 382 0.988955 -0.145511 0.0281922 -0.29543 0.141555 0.983647 0.111361 -0.0603443 -0.0439355 -0.106141 0.99338 -0.953457
12 23 519 0.68966 0.724116 -0.00496825 0.0348307 -0.710621 0.675456 -0.196921 0.336956 -0.139238 0.139339 0.980407 -0.940876
12 24 1236 -0.149553 0.866582 -0.476099 0.072919 0.548623 0.47332 0.689189 -0.317913 0.822586 -0.158128 -0.546213 0.945312
12 25 533 -0.528862 0.748862 -0.399388 0.0409204 -0.805394 -0.591242 -0.0421046 0.0878828 -0.267665 0.299397 0.915815 0.99529
12 26 907 0.948495 -0.141021 0.283674 -0.438818 0.118778 0.98844 0.0942286 -0.103725 -0.293683 -0.055681 0.95428 0.892569
12 27 1152 -0.584241 0.3377 0.737984 -0.252935 0.674288 0.708033 0.209821 -0.0547966 -0.451661 0.6202 -0.641369 0.96593
12 28 923 0.746194 -0.0642953 0.662617 -0.200447 -0.112897 -0.99313 0.0307714 0.0319898 0.656086 -0.097769 -0.748326 0.979182
12 29 2402 0.217611 -0.246297 -0.944449 0.751408 0.202772 0.957934 -0.203092 0.178547 0.95474 -0.147313 0.258399 0.635222
13 14 6388 0.983469 0.0549225 0.172545 -0.764718 -0.063054 0.997126 0.0420008 -0.105076 -0.169743 -0.0521862 0.984106 -0.63574
13 15 3467 0.910329 0.0930227 0.403296 -0.89303 -0.100561 0.994928 -0.00249855 -0.104923 -0.401483 -0.0382812 0.915066 -0.437594
13 16 2571 0.861319 0.113239 0.495284 -0.903182 -0.118213 0.992758 -0.0214012 -0.0749285 -0.494121 -0.0401159 0.868467 -0.422668
13 17 1952 0.763989 0.131018 0.631787 -0.998615 -0.160027 0.987049 -0.0111779 -0.023985 -0.62507 -0.0925632 0.775061 -0.0468331
13 18 810 0.0827564 -0.990966 -0.105538 0.464474 0.96742 0.10531 -0.230235 0.141836 0.23927 -0.0830465 0.967395 0.874155
13 19 690 0.385842 -0.703194 -0.597197 0.470882 -0.800299 -0.577153 0.162529 -0.224144 -0.458963 0.415226 -0.785455 0.853247
13 20 370 0.418306 0.811439 -0.408151 0.221628 -0.849057 0.508954 0.141661 0.274252 0.322679 0.287286 0.901856 -0.935771
13 21 713 -0.777504 0.437199 0.452045 -0.442194 0.555353 0.814605 0.167338 0.00667817 -0.295079 0.381151 -0.876158 0.896895
13 22 261 -0.0165356 -0.956685 -0.290654 0.162072 0.999792 -0.0123449 -0.0162461 0.299767 0.0119543 -0.290862 0.95669 -0.940145
13 23 1012 -0.833287 0.552344 0.023412 -0.0352426 0.426189 0.614838 0.66358 -0.335888 0.35213 0.562931 -0.747739 0.941242
13 24 401 0.982279 -0.109472 -0.15213 -0.152704 0.135634 0.975381 0.173884 -0.132105 0.129349 -0.191436 0.972944 -0.979403
13 25 691 0.960069 0.0433402 0.276386 -0.162888 0.063646 -0.995858 -0.0649233 0.192512 0.272427 0.0799217 -0.958851 0.967681
13 26 454 0.99995 0.00419129 0.0090853 -0.277686 -0.00484768 0.997285 0.0734725 0.0851572 -0.00875269 -0.0735129 0.997256 0.95689
13 27 640 0.975797 0.0710248 -0.206825 0.426475 -0.0508152 0.993543 0.101443 -0.0179626 0.212694 -0.0884779 0.973105 -0.904321
13 28 1078 0.415528 0.802745 -0.427711 0.286201 0.827246 -0.138031 0.54462 -0.305444 0.378154 -0.580127 -0.721424 0.908181
13 29 1692 -0.587518 -0.166476 -0.791901 0.437759 0.118492 0.950363 -0.287699 0.161803 0.800489 -0.262862 -0.538629 0.884413
14 15 4868 0.973706 0.0545417 0.221181 -0.842015 -0.0470372 0.998129 -0.0390597 -0.137138 -0.222897 0.027629 0.97445 -0.521731
14 16 3287 0.942051 0.0747039 0.327046 -0.868963 -0.0626017 0.996913 -0.0473919 -0.125901 -0.329576 0.0241719 0.943819 -0.478595
14 17 2172 0.874692 0.116412 0.470492 -0.998821 -0.110056 0.993075 -0.0411067 -0.012136 -0.472019 -0.015825 0.881446 -0.047013
14 18 516 0.819993 -0.119989 0.559655 -0.464079 0.132223 0.991043 0.0187477 -0.141598 -0.556892 0.0586262 0.828513 -0.874403
14 19 904 0.730498 0.236776 0.640554 -0.826952 -0.182419 0.971543 -0.15109 0.113286 -0.6581 -0.00647836 0.752903 0.550742
14 20 313 0.983789 -0.0404653 0.174707 -0.246364 0.0539768 0.995849 -0.073291 0.184018 -0.171016 0.081533 0.981889 -0.951547
