0 1 0 1 0 0 0 0 1 0 0 0 0 1 0
0 2 233 0.999595 0.0109224 -0.0262748 0.998789 -0.0108014 0.99993 0.0047418 -0.0289654 0.0263247 -0.00445607 0.999644 0.0397768
0 3 85 0.999766 0.0146277 0.0159288 -0.667463 -0.0145929 0.999891 -0.00229869 0.515431 -0.0159607 0.00206571 0.99987 -0.537423
0 4 195 0.999712 0.00756701 0.0227543 -0.94314 -0.00765641 0.999963 0.00384401 0.314544 -0.0227243 -0.00401712 0.999734 -0.10747
0 5 166 0.999801 0.00218915 0.019833 -0.93018 -0.00226623 0.99999 0.00386448 0.0299768 -0.0198244 -0.00390865 0.999796 0.365877
0 6 208 0.999543 0.0129462 -0.0273046 0.955096 -0.0128656 0.999912 0.00312364 -0.218176 0.0273427 -0.00277092 0.999622 0.200477
0 7 14 0.999962 0.00863271 0.000854127 0.713133 -0.00862531 0.999928 -0.00832058 -0.166094 -0.000925895 0.0083129 0.999965 0.681068
0 8 0 1 0 0 0 0 1 0 0 0 0 1 0
0 9 137 0.999844 -0.00669014 0.0163246 -0.91114 0.0070368 0.999749 -0.021271 0.29192 -0.0161782 0.0213825 0.99964 -0.290873
0 10 46 0.99974 -0.000794366 -0.0227908 0.905024 0.000428874 0.999871 -0.0160372 0.0325896 0.0228006 0.0160233 0.999612 -0.42411
0 11 188 0.999462 0.00405011 -0.0325515 0.985975 -0.00448304 0.999902 -0.0132379 -0.113893 0.0324947 0.0133767 0.999382 -0.121994
0 12 192 0.999453 0.00791077 -0.0321006 0.989874 -0.00841879 0.999841 -0.0157217 -0.0057256 0.0319711 0.0159833 0.999361 -0.141834
0 13 187 0.99909 -0.0125379 0.0407715 -0.853047 0.0135553 0.999601 -0.0247718 0.260415 -0.0404447 0.025302 0.998861 -0.452211
0 14 161 0.999344 -0.0106433 0.0346103 -0.841138 0.0114901 0.999637 -0.0243593 0.25356 -0.0343385 0.024741 0.999104 -0.477697
15 16 0 1 0 0 0 0 1 0 0 0 0 1 0
15 17 0 1 0 0 0 0 1 0 0 0 0 1 0
15 18 0 1 0 0 0 0 1 0 0 0 0 1 0
15 19 38 0.999832 -0.012656 -0.013229 0.931982 0.0126723 0.999919 0.00115206 0.167667 0.0132134 -0.00131951 0.999912 -0.321401
15 20 40 0.999929 -0.0112342 -0.00388584 0.736584 0.0112398 0.999936 0.00143517 0.148749 0.00386947 -0.00147875 0.999991 -0.659787
15 21 79 0.999865 -0.0104252 -0.0126637 0.760883 0.010255 0.999857 -0.0134271 0.249995 0.0128019 0.0132954 0.99983 -0.598798
15 22 238 0.999578 -0.00850964 -0.0277604 0.97424 0.00835435 0.999949 -0.00570506 -0.0178204 0.0278075 0.00547073 0.999598 -0.22481
15 23 246 0.998862 -0.0131139 0.0458613 -0.906018 0.0139233 0.999752 -0.0173745 0.146767 -0.0456221 0.0179933 0.998797 -0.396976
15 24 35 0.999949 -0.000842367 -0.0100756 0.750654 0.000607146 0.999728 -0.0233258 0.0786248 0.0100925 0.0233185 0.999677 0.656001
15 25 109 0.99997 0.0052973 0.00565951 -0.732315 -0.00513484 0.999585 -0.0283437 -0.114604 -0.00580731 0.0283138 0.999582 -0.671253
15 26 208 0.998485 0.00634897 -0.0546517 0.886117 -0.00822582 0.999382 -0.034186 0.0884958 0.0544008 0.0345838 0.99792 -0.454935
15 27 190 0.998979 0.0153282 -0.0425012 0.887492 -0.0167388 0.999314 -0.0330333 0.141093 0.0419657 0.033711 0.99855 -0.438691
15 28 157 0.998966 0.0175604 -0.0419354 0.767983 -0.0187404 0.999435 -0.027914 0.0895962 0.0414215 0.028671 0.99873 -0.634173
15 29 120 0.999468 0.0279655 0.0167828 -0.687724 -0.0276919 0.999483 -0.0163162 -0.109405 -0.0172304 0.0158428 0.999726 -0.717681
30 31 26 0.999898 0.0119495 0.00786208 0.258724 -0.0119794 0.999921 0.00376495 0.296282 -0.00781647 -0.00385875 0.999962 -0.919391
30 32 25 0.999884 0.0121595 0.00921116 -0.499615 -0.0121919 0.99992 0.00346827 -0.0746392 -0.00916824 -0.00358017 0.999952 0.863026
30 33 88 0.999927 0.00247348 0.0118552 -0.878663 -0.00249033 0.999996 0.00140704 -0.0134862 -0.0118517 -0.00143646 0.999929 0.477251
30 34 25 0.999831 0.00624464 -0.0172822 0.975782 -0.00622269 0.99998 0.00132404 0.148177 0.0172901 -0.00121627 0.99985 -0.160911
30 35 10 0.999999 0.00067927 0.000910948 -0.950782 -0.00068284 0.999992 0.00392502 -0.087571 -0.000908275 -0.00392564 0.999992 0.29723
30 36 127 0.999739 -0.0108947 0.0200922 -0.94372 0.0109303 0.999939 -0.00166266 0.163865 -0.0200729 0.00188184 0.999797 -0.287299
30 37 110 0.999209 0.00663399 -0.03921 0.91708 -0.00661676 0.999978 0.000569022 0.0993097 0.0392129 -0.000309129 0.999231 -0.386136
30 38 156 0.997991 0.0200665 -0.0600938 0.98686 -0.0201432 0.999797 -0.000671448 0.161347 0.0600681 0.00188058 0.998193 0.00867561
30 39 35 0.999713 0.0174909 -0.0163412 0.946174 -0.0173185 0.999793 0.0106371 0.1326 0.0165238 -0.010351 0.99981 -0.29525
30 40 122 0.999314 0.0080823 0.0361451 -0.847199 -0.00871572 0.999811 0.0174012 0.022081 -0.0359976 -0.0177043 0.999195 -0.530816
30 41 59 0.999146 0.00584826 -0.040915 0.886642 -0.00508235 0.99981 0.0187986 0.108644 0.0410172 -0.0185745 0.998986 -0.449514
30 42 130 0.998201 0.00840079 -0.059358 0.955904 -0.00777863 0.999912 0.0107047 0.202706 0.0594427 -0.0102238 0.998179 0.212503
30 43 32 0.99938 0.00405739 -0.0349694 0.975339 -0.00356154 0.999892 0.0142302 0.202379 0.0350233 -0.0140968 0.999287 0.0880687
30 44 46 0.998707 0.00685948 -0.050364 0.751531 -0.00555054 0.999644 0.0260836 0.0828277 0.050525 -0.0257704 0.99839 -0.654477
45 46 19 0.999933 0.00620883 -0.00974667 0.92942 -0.00617171 0.999974 0.00383425 -0.106912 0.00977022 -0.00377384 0.999945 0.353196
45 47 87 0.999728 0.0159059 0.0170559 -0.740643 -0.0158908 0.999873 -0.00101972 -0.263811 -0.01707 0.000748409 0.999854 0.617942
45 48 84 0.999778 -0.000838417 0.0210737 -0.986244 0.000931043 0.99999 -0.00438588 -0.0715824 -0.0210699 0.00440453 0.999768 0.148994
45 49 39 0.999826 0.00630453 -0.0175726 0.947626 -0.00625701 0.999977 0.0027582 0.122905 0.0175895 -0.00264777 0.999842 -0.294786
45 50 57 0.999567 0.00979115 -0.0277464 0.912099 -0.00936417 0.999836 0.0154768 -0.111868 0.0278934 -0.0152103 0.999495 0.394412
45 51 85 0.994401 0.0324983 -0.100549 0.938576 -0.0343581 0.999268 -0.0168206 0.109285 0.099929 0.0201811 0.99479 0.327311
45 52 61 0.998524 0.0248799 -0.0482812 0.98712 -0.0257588 0.999512 -0.0176673 -0.00521736 0.0478181 0.0188848 0.998678 0.159898
45 53 51 0.997844 0.0397615 -0.0522056 0.992156 -0.0407339 0.999013 -0.0176966 0.0524374 0.0514505 0.019785 0.99848 -0.113475
45 54 83 0.997389 0.0560629 -0.04551 0.985602 -0.0563598 0.998397 -0.00526494 0.0703525 0.0451419 0.00781613 0.99895 -0.153748
45 55 51 0.99818 0.0555027 -0.0236019 0.989357 -0.0553672 0.998446 0.00635722 0.0341897 0.0239181 -0.00503888 0.999701 -0.141433
45 56 63 0.997026 0.0583199 -0.0503764 0.996111 -0.0577534 0.998251 0.0126307 0.0508088 0.051025 -0.00968378 0.99865 0.0719773
45 57 57 0.997126 0.046184 -0.0600553 0.983364 -0.0452451 0.998833 0.0169013 -0.0216766 0.0607658 -0.0141355 0.998052 0.180345
45 58 50 0.997621 0.0526375 -0.0445251 0.998194 -0.0523304 0.998597 0.00803764 0.0301569 0.0448857 -0.0056885 0.998976 0.0519547
45 59 58 0.997317 0.0500074 -0.0534656 0.997834 -0.0498457 0.998747 0.00435404 0.0447049 0.0536163 -0.00167733 0.99856 -0.0482576
60 61 0 1 0 0 0 0 1 0 0 0 0 1 0
60 62 69 0.999873 -0.00234346 0.0157478 -0.810792 0.00230008 0.999994 0.00277202 -0.0987836 -0.0157542 -0.00273544 0.999872 0.576939
60 63 20 0.999877 -0.0075034 0.0137793 -0.998496 0.00751454 0.999971 -0.000756725 -0.0377861 -0.0137732 0.000860176 0.999905 0.039713
60 64 56 0.99986 -0.00529446 -0.0158706 0.986186 0.00521668 0.999974 -0.00493814 0.13706 0.0158963 0.00485466 0.999862 0.0930169
60 65 41 0.999908 -0.0123807 -0.00551683 0.990101 0.0123635 0.999919 -0.00313839 -0.060061 0.00555524 0.00306989 0.99998 0.126855
60 66 36 0.999921 -0.012577 -0.000758779 0.999351 0.0125689 0.999872 -0.00994786 0.0358365 0.000883797 0.00993754 0.99995 -0.00361109
60 67 50 0.999776 -0.012414 -0.017135 0.985448 0.0121829 0.999834 -0.0135243 0.156912 0.0173 0.0133125 0.999762 0.0653524
60 68 48 0.999881 -0.0120548 -0.00959956 0.996642 0.0119283 0.999843 -0.0131234 0.081416 0.00975625 0.0130073 0.999868 -0.00869866
60 69 63 0.999757 -0.00890548 -0.0201589 0.87525 0.0086139 0.999858 -0.0145051 0.0418456 0.0202852 0.014328 0.999692 -0.481858
60 70 61 0.999595 -0.0101415 -0.0265882 0.931594 0.00984807 0.999889 -0.0111426 0.0547682 0.0266983 0.0108763 0.999584 -0.35935
60 71 88 0.999257 -0.009695 -0.0373121 0.948771 0.0094465 0.999932 -0.00683063 0.0159816 0.0373757 0.00647308 0.99928 -0.31556
60 72 48 0.999405 -0.00726703 -0.0337052 0.941365 0.00698726 0.99994 -0.00841076 0.0207023 0.0337643 0.00817026 0.999396 -0.336753
60 73 99 0.998857 -0.00275488 -0.0477228 0.968372 0.00222078 0.999934 -0.011241 0.067851 0.0477506 0.0111222 0.998797 -0.24011
60 74 94 0.998512 0.000110676 -0.0545398 0.942884 -0.000587338 0.999962 -0.00872377 0.0327213 0.0545367 0.00874281 0.998473 -0.331511
75 76 22 0.999999 -0.000338007 0.00155336 0.466884 0.000337897 1 7.14065e-05 0.227265 -0.00155339 -7.08816e-05 0.999999 -0.854617
75 77 16 0.999997 0.00153922 0.0020822 -0.410251 -0.00154332 0.999997 0.00196914 0.156072 -0.00207916 -0.00197235 0.999996 -0.898519
75 78 0 1 0 0 0 0 1 0 0 0 0 1 0
75 79 66 0.999745 0.0118507 -0.0192286 0.973854 -0.0119497 0.999916 -0.00504307 0.0853462 0.0191672 0.00527156 0.999802 -0.210533
75 80 39 0.999785 0.0173287 -0.0114206 0.964107 -0.0174383 0.999802 -0.00956581 0.0161886 0.0112526 0.0097629 0.999889 -0.265018
75 81 58 0.999627 0.0195549 -0.0190475 0.805425 -0.0198396 0.999693 -0.0148705 0.110944 0.0187509 0.0152429 0.999708 -0.582222
75 82 66 0.999193 0.019975 -0.0348344 0.859844 -0.020468 0.999695 -0.0138543 0.163919 0.034547 0.0145561 0.999297 -0.483528
75 83 123 0.998839 0.0248523 -0.041257 0.892286 -0.0253457 0.999613 -0.011478 0.112233 0.0409558 0.0125104 0.999083 -0.437298
75 84 103 0.99868 0.0309715 -0.0409757 0.839902 -0.0315039 0.999427 -0.012411 0.217525 0.0405678 0.0136855 0.999083 -0.49724
75 85 78 0.998222 0.0373592 -0.0464392 0.755405 -0.0374674 0.999297 -0.00146306 0.246622 0.0463519 0.00320042 0.99892 -0.607076
75 86 74 0.997394 0.0441593 -0.057054 0.890867 -0.0433536 0.998943 0.0152846 0.230229 0.0576687 -0.0127712 0.998254 -0.391599
75 87 85 0.998375 0.0454368 -0.0343835 0.875965 -0.0444314 0.998578 0.0294611 0.189373 0.0356732 -0.0278855 0.998974 -0.443648
75 88 99 0.99829 0.0473969 -0.034205 0.890465 -0.0463962 0.998488 0.0294798 0.219709 0.0355505 -0.0278424 0.99898 -0.398497
75 89 42 0.998628 0.0439225 -0.0284966 0.926738 -0.0430453 0.998601 0.0306982 0.194591 0.0298051 -0.0294295 0.999122 -0.321388
90 91 59 0.999878 0.00313597 -0.0152946 0.632839 -0.00310824 0.999993 0.00183607 -0.208699 0.0153002 -0.00178831 0.999881 -0.745626
90 92 67 0.999524 -0.0165224 -0.0260618 0.638477 0.0163353 0.999839 -0.00737435 0.288301 0.0261795 0.00694511 0.999633 -0.713603
90 93 61 0.999494 -0.00456318 -0.0314829 0.771564 0.00471865 0.999977 0.00486578 0.113115 0.03146 -0.00501188 0.999492 -0.626014
90 94 49 0.999793 -0.0199162 -0.0042456 -0.12199 0.0199322 0.999794 0.00375071 -0.302379 0.00417003 -0.00383456 0.999984 0.945349
90 95 31 0.999788 -0.0085064 -0.0187283 0.645345 0.00856249 0.999959 0.00291673 0.115251 0.0187027 -0.00307647 0.99982 -0.755147
90 96 38 0.999724 -0.00904596 -0.0216959 0.6448 0.00903782 0.999959 -0.000473181 0.0153961 0.0216993 0.000276967 0.999765 -0.764196
90 97 97 0.995694 0.00887903 -0.0922779 0.899764 -0.00782457 0.9999 0.0117825 -0.113105 0.0923733 -0.0110098 0.995664 -0.421465
90 98 96 0.997622 -0.00637325 -0.0686209 0.970401 0.00544017 0.99989 -0.0137759 0.129496 0.0687011 0.0133699 0.997548 -0.203846
90 99 43 0.999013 -0.0214655 -0.0388806 0.660317 0.020931 0.999681 -0.014104 0.165255 0.0391709 0.0132763 0.999144 -0.732579
90 100 47 0.998115 -0.0190199 -0.0583465 0.781693 0.0184836 0.999782 -0.00971847 0.11701 0.0585186 0.00862171 0.998249 -0.612588
90 101 76 0.995667 -0.014987 -0.0917699 0.956794 0.0136422 0.99979 -0.0152638 0.16398 0.0919794 0.0139457 0.995663 -0.240115
90 102 70 0.99711 -0.00229097 -0.0759329 0.921976 0.00182816 0.999979 -0.00616396 0.0483357 0.0759454 0.00600733 0.997094 -0.384219
90 103 55 0.997592 -0.00371781 -0.0692555 0.945731 0.00294423 0.999932 -0.0112687 0.0908355 0.0692927 0.0110376 0.997535 -0.311996
90 104 65 0.994257 0.00638595 -0.10683 0.970969 -0.00736811 0.999934 -0.00880153 0.00678557 0.106767 0.00953812 0.994238 -0.23911
105 106 20 0.999977 0.00651766 -0.00158746 0.3185 -0.00652398 0.999971 -0.00401224 0.190788 0.00156126 0.00402251 0.999991 -0.928525
105 107 23 0.999821 0.018731 0.00268949 0.19191 -0.0187274 0.999824 -0.00135229 0.185214 -0.00271434 0.00130168 0.999995 -0.963777
105 108 67 0.999471 0.0274642 -0.0174385 0.972306 -0.0275368 0.999613 -0.00393227 -0.199758 0.0173238 0.00441039 0.99984 0.121315
105 109 92 0.998301 0.0459792 -0.0357933 0.997543 -0.0465232 0.998812 -0.0145162 0.00980405 0.0350833 0.0161567 0.999254 0.0693684
105 110 17 0.998516 0.0516044 0.0174201 -0.661946 -0.0512898 0.998521 -0.0180472 -0.0893235 -0.0183256 0.0171269 0.999685 0.74421
105 111 54 0.9989 0.0468526 0.00191468 0.301206 -0.0468048 0.998702 -0.0201073 0.228428 -0.00285428 0.0199956 0.999796 -0.925795
105 112 75 0.997441 0.0587367 -0.0407524 0.952141 -0.0589915 0.998246 -0.00507849 -0.0575448 0.0403826 0.00746954 0.999156 -0.300193
105 113 67 0.996918 0.0630698 -0.0466656 0.988399 -0.0634608 0.99796 -0.00694423 -0.00508994 0.0461324 0.00988426 0.998886 -0.151795
105 114 66 0.997901 0.0561375 -0.0322945 0.977413 -0.0563313 0.998399 -0.00512337 0.0123917 0.0319551 0.0069318 0.999465 -0.210976
105 115 15 0.998718 0.0424136 0.0276185 0.152143 -0.0420842 0.999037 -0.012401 0.255965 -0.0281179 0.0112228 0.999542 -0.954638
105 116 0 1 0 0 0 0 1 0 0 0 0 1 0
105 117 16 0.998786 0.0449328 0.0202079 -0.0705489 -0.043634 0.997203 -0.0606759 0.0556068 -0.0228777 0.0597205 0.997953 0.995957
105 118 0 1 0 0 0 0 1 0 0 0 0 1 0
105 119 0 1 0 0 0 0 1 0 0 0 0 1 0
120 121 12 0.999934 -7.33108e-05 0.0115175 0.108018 7.3318e-05 1 -1.98906e-07 0.398737 -0.0115175 1.04334e-06 0.999934 -0.910682
120 122 0 1 0 0 0 0 1 0 0 0 0 1 0
120 123 24 0.999601 -0.000522288 0.0282473 -0.0788985 4.31544e-05 0.999856 0.01696 -0.363571 -0.0282521 -0.016952 0.999457 0.928219
120 124 41 0.999874 0.0151023 0.00492794 0.978179 -0.0151997 0.999677 0.0203791 0.178599 -0.00461858 -0.0204514 0.99978 -0.106155
120 125 15 0.999243 -0.0323577 0.0216162 0.20186 0.031714 0.999062 0.0294843 0.267186 -0.02255 -0.0287764 0.999331 0.942266
120 126 46 0.998998 -0.0241675 0.0376739 -0.640634 0.0222924 0.998529 0.0494212 -0.238126 -0.0388129 -0.0485318 0.998067 0.729989
120 127 52 0.998864 -0.0379614 0.0288034 -0.428458 0.0367339 0.998442 0.0420099 -0.120707 -0.0303533 -0.0409041 0.998702 0.895463
120 128 50 0.99936 -0.0241153 0.0264228 -0.137464 0.0229579 0.9988 0.0432639 -0.0167518 -0.0274344 -0.0426296 0.998714 0.990365
120 129 46 0.998847 -0.0445938 0.0177899 0.20993 0.043875 0.998278 0.0389359 -0.164922 -0.0194955 -0.0381104 0.999083 0.963706
120 130 25 0.995259 -0.0906815 0.035159 -0.0476142 0.089369 0.995301 0.0372622 -0.348931 -0.0383728 -0.0339434 0.998687 0.935938
120 131 42 0.997704 -0.0655732 0.0169147 0.216526 0.064893 0.997167 0.0380378 0.0467985 -0.019361 -0.0368528 0.999133 0.975155
120 132 34 0.993601 -0.0990028 0.0543576 -0.597175 0.0935016 0.990998 0.0958149 -0.647182 -0.0633542 -0.0901193 0.993914 0.473854
120 133 40 0.996882 -0.0636774 -0.0466049 0.707011 0.0659306 0.996644 0.0485226 0.038501 0.0433587 -0.051444 0.997734 0.706154
120 134 35 0.996845 -0.0623912 -0.0490563 0.548927 0.065469 0.995809 0.0638613 -0.103998 0.0448663 -0.0668715 0.996752 0.829375
135 136 0 1 0 0 0 0 1 0 0 0 0 1 0
135 137 0 1 0 0 0 0 1 0 0 0 0 1 0
135 138 86 0.999039 0.00708163 -0.0432435 0.979333 -0.00794436 0.999772 -0.0198112 0.0230917 0.0430934 0.0201358 0.998868 -0.20093
135 139 0 1 0 0 0 0 1 0 0 0 0 1 0
135 140 0 1 0 0 0 0 1 0 0 0 0 1 0
135 141 11 0.999072 -0.00160678 -0.0430496 0.485385 -3.33531e-05 0.999275 -0.038071 0.234812 0.0430796 0.0380371 0.998347 -0.842179
135 142 33 0.998577 0.00390302 -0.0531775 0.601868 -0.00579044 0.999357 -0.0353851 0.261781 0.0530052 0.0356427 0.997958 -0.75447
135 143 24 0.99842 0.00733107 -0.055713 -0.59723 -0.00896926 0.999533 -0.0292112 -0.243584 0.0554729 0.0296647 0.998019 0.764188
135 144 32 0.997787 0.0147721 -0.0648276 -0.521855 -0.0165188 0.999513 -0.0264906 -0.20312 0.0644047 0.0275028 0.997545 0.828498
135 145 38 0.997839 0.0190786 -0.0628724 -0.437489 -0.0204568 0.999563 -0.0213502 -0.201625 0.0624376 0.0225902 0.997793 0.876328
135 146 93 0.99931 0.0307144 -0.0208842 -0.991424 -0.0310657 0.999378 -0.01671 0.0415351 0.0203579 0.0173473 0.999642 0.12391
135 147 60 0.995104 0.0418127 -0.0895531 0.991318 -0.0431298 0.998987 -0.0128226 0.045384 0.0889263 0.0166222 0.9959 -0.123407
135 148 38 0.99704 0.0429586 -0.063764 -0.770438 -0.0437698 0.998977 -0.0113784 0.166006 0.0632099 0.0141357 0.9979 -0.615521
135 149 35 0.996751 0.0225131 -0.077328 0.859117 -0.0241786 0.999494 -0.0206697 0.159199 0.0768235 0.0224722 0.996791 -0.486388
150 151 14 0.999973 0.00733488 0.000138542 0.189407 -0.00733536 0.999966 0.003854 -0.300469 -0.000110269 -0.00385492 0.999993 -0.934796
150 152 79 0.999876 0.00733653 -0.0139477 0.936461 -0.00726165 0.999959 0.00541172 -0.336159 0.0139868 -0.00530977 0.999888 0.100193
150 153 0 1 0 0 0 0 1 0 0 0 0 1 0
150 154 53 0.999987 0.00216675 0.00469172 -0.347354 -0.00215518 0.999995 -0.00247073 -0.208489 -0.00469705 0.00246059 0.999986 0.914263
150 155 42 0.999991 0.0040619 0.000756139 -0.447447 -0.00405713 0.999973 -0.00620089 -0.126469 -0.000781306 0.00619777 0.99998 0.885323
150 156 0 1 0 0 0 0 1 0 0 0 0 1 0
150 157 64 0.999352 0.00708898 -0.0352899 0.96086 -0.00742553 0.999928 -0.00941455 -0.0867216 0.0352206 0.00967049 0.999333 -0.26311
150 158 107 0.999972 4.85023e-05 -0.00754935 -0.356431 -0.000164201 0.999883 -0.0153258 -0.170028 0.00754772 0.0153266 0.999854 0.91872
150 159 108 0.999997 0.00161189 -0.00190372 -0.919673 -0.00164236 0.999869 -0.0161144 -0.0809113 0.0018775 0.0161175 0.999868 0.384259
150 160 105 0.99992 0.00562494 -0.0113014 -0.75804 -0.00583465 0.99981 -0.0186098 -0.107713 0.0111946 0.0186743 0.999763 0.643251
150 161 46 0.999581 0.0111586 -0.0267162 0.772489 -0.0117015 0.999726 -0.0202514 0.0111447 0.0264829 0.0205555 0.999438 -0.63493
150 162 107 0.999952 0.00771252 0.00601373 -0.957229 -0.00761302 0.999837 -0.0163978 -0.0518708 -0.00613922 0.0163513 0.999847 0.284643
150 163 44 0.998938 0.00940897 -0.0451076 0.973212 -0.0103555 0.99973 -0.0207958 -0.00159724 0.0448998 0.0212408 0.998766 -0.229905
150 164 89 0.999503 0.0241533 -0.0202763 -0.778661 -0.0245989 0.999455 -0.0220221 0.0382205 0.0197333 0.0225099 0.999552 0.62628
165 166 66 0.999766 0.000417605 -0.0216394 0.995009 -0.000415675 1 9.36931e-05 -0.0967391 0.0216394 -8.46762e-05 0.999766 0.0244537
165 167 208 0.999249 0.00838277 -0.0378342 0.982467 -0.0085143 0.999958 -0.00331669 0.185797 0.0378048 0.00363633 0.999279 -0.0154423
165 168 60 0.999731 0.0098001 -0.0210225 0.997595 -0.00968648 0.999938 0.00549967 -0.0580057 0.0210751 -0.00529456 0.999764 0.037934
165 169 101 0.99978 0.0112093 0.017755 -0.318459 -0.0111536 0.999933 -0.00323233 -0.159014 -0.0177901 0.00303358 0.999837 0.934504
165 170 164 0.999026 0.0276993 -0.0343426 0.993507 -0.0277184 0.999616 -8.25943e-05 -0.0727219 0.0343271 0.00103444 0.99941 -0.087493
165 171 73 0.99972 0.0217168 0.0093919 -0.681674 -0.0216251 0.999719 -0.00975547 -0.0376719 -0.00960112 0.00954964 0.999908 0.730685
165 172 70 0.999488 0.0271746 0.0168729 -0.576266 -0.0269867 0.999572 -0.0112676 -0.0937 -0.0171719 0.0108065 0.999794 0.811873
165 173 102 0.998484 0.0273031 -0.0478022 0.967412 -0.0278714 0.999548 -0.0112619 0.120123 0.0474731 0.0125771 0.998793 -0.222902
165 174 55 0.998727 0.0411858 -0.0291153 0.935676 -0.0409823 0.999131 0.00755279 -0.0107974 0.0294011 -0.00634997 0.999548 -0.352696
165 175 104 0.997499 0.0372473 -0.0600711 0.991348 -0.0370195 0.999303 0.00490019 0.0492226 0.0602118 -0.00266413 0.998182 -0.121678
165 176 51 0.999718 0.0229585 0.00612943 -0.89304 -0.0230115 0.999697 0.00871824 -0.0769929 -0.00592741 -0.00885683 0.999943 0.443342
165 177 52 0.999246 0.0322234 0.0216465 -0.682917 -0.0323233 0.999468 0.00428113 0.00167143 -0.021497 -0.00497759 0.999757 0.730494
165 178 86 0.998795 0.024744 -0.0423904 0.996733 -0.0249088 0.999684 -0.0033621 0.0321045 0.0422938 0.00441394 0.999095 -0.0741102
165 179 78 0.996081 0.0188624 -0.0864153 0.987752 -0.0205341 0.999618 -0.0184971 0.134315 0.0860334 0.0201991 0.996087 -0.0794102
180 181 0 1 0 0 0 0 1 0 0 0 0 1 0
180 182 54 0.999835 0.000449208 -0.0181509 0.786104 -0.000474929 0.999999 -0.00141278 0.322215 0.0181502 0.00142117 0.999834 -0.527464
180 183 67 0.999716 0.00534776 -0.0232363 0.978399 -0.00529061 0.999983 0.00252062 0.17937 0.0232493 -0.00239697 0.999727 -0.102774
180 184 34 0.999977 -0.000168668 -0.00675427 0.627425 0.000169312 1 9.48496e-05 0.117243 0.00675426 -9.5991e-05 0.999977 -0.7698
180 185 30 0.999964 0.0082292 -0.00220101 0.423848 -0.0082236 0.999963 0.00254111 0.0665204 0.00222184 -0.00252292 0.999994 -0.903287
180 186 38 0.999968 -0.00408485 -0.00684016 0.504626 0.00405119 0.99998 -0.00492703 0.17688 0.00686014 0.00489917 0.999964 -0.845024
180 187 62 0.999712 0.00153231 -0.0239657 0.795175 -0.00174911 0.999958 -0.00902809 0.0898343 0.0239509 0.00906741 0.999672 -0.599689
180 188 117 0.998169 0.00119971 -0.0604683 0.923224 -0.00221938 0.999856 -0.0167986 0.198848 0.0604394 0.016902 0.998029 -0.328812
180 189 106 0.995591 0.0100356 -0.0932666 0.958308 -0.0117231 0.999777 -0.0175633 0.174112 0.0930695 0.0185792 0.995486 -0.226562
180 190 107 0.996908 0.00773177 -0.078199 0.9257 -0.00879012 0.999874 -0.0131989 0.1179 0.0780871 0.0138454 0.99685 -0.359416
180 191 55 0.999403 0.0170348 -0.0300608 0.521547 -0.0171764 0.999843 -0.00445963 0.0705765 0.0299801 0.0049733 0.999538 -0.850298
180 192 59 0.998027 0.0183297 -0.0600538 0.845618 -0.0185094 0.999826 -0.00243768 0.0914101 0.0599987 0.00354443 0.998192 -0.525904
180 193 60 0.999125 0.0149777 -0.0390494 0.631787 -0.0151704 0.999874 -0.00464412 0.106973 0.0389749 0.00523245 0.999226 -0.767725
180 194 82 0.9961 0.0228269 -0.0852309 0.919969 -0.0233629 0.999713 -0.00529603 0.103485 0.0850855 0.00726661 0.996347 -0.378084
195 196 0 1 0 0 0 0 1 0 0 0 0 1 0
195 197 0 1 0 0 0 0 1 0 0 0 0 1 0
195 198 0 1 0 0 0 0 1 0 0 0 0 1 0
195 199 65 0.999525 0.0239692 -0.019369 0.99079 -0.0238338 0.99969 0.00718993 0.105736 0.0195353 -0.00672488 0.999787 -0.0845846
195 200 57 0.998925 0.0350691 -0.0303003 0.982483 -0.0348231 0.999356 0.00860856 -0.0740523 0.0305827 -0.00754416 0.999504 -0.171005
195 201 63 0.999151 0.033573 -0.0238875 0.96991 -0.03369 0.999422 -0.00451079 -0.0627907 0.0237222 0.00531173 0.999704 0.235229
195 202 25 0.999544 0.0300368 0.00300331 -0.842008 -0.0299663 0.999324 -0.0212736 -0.032629 -0.00364027 0.0211739 0.999769 0.538478
195 203 93 0.996588 0.0323137 -0.0759461 0.981289 -0.0351385 0.998728 -0.0361573 0.0809137 0.0746812 0.0387026 0.996456 -0.174716
195 204 51 0.999252 0.0283318 -0.0263194 0.790528 -0.0291133 0.999132 -0.0297998 0.177853 0.0254523 0.0305437 0.999209 -0.586032
195 205 67 0.992574 0.031067 -0.11761 0.959841 -0.0355708 0.998704 -0.0363902 0.211302 0.116327 0.0403034 0.992393 -0.184544
195 206 51 0.998586 0.0428818 -0.0314199 0.931954 -0.0429872 0.999072 -0.00268554 0.0756617 0.0312756 0.00403239 0.999503 -0.354595
195 207 52 0.999303 0.0332794 -0.0169176 0.799017 -0.0333665 0.999431 -0.00488817 0.0827433 0.0167453 0.00544924 0.999845 -0.595588
195 208 84 0.996534 0.0462316 -0.0691628 0.989466 -0.0468859 0.998869 -0.00786616 0.0502413 0.0687209 0.0110817 0.997574 -0.135766
195 209 74 0.993464 0.0319444 -0.109589 0.98779 -0.0348156 0.999096 -0.0243865 0.103093 0.108711 0.0280425 0.993678 -0.116802
210 211 22 0.999981 0.00452481 0.00425647 -0.595118 -0.00451656 0.999988 -0.00194568 0.173598 -0.00426523 0.00192642 0.999989 -0.784664
210 212 20 0.99999 0.00377628 0.00235759 -0.703726 -0.00378343 0.999988 0.00303643 0.256881 -0.0023461 -0.00304532 0.999993 -0.662406
210 213 32 0.999578 -0.0176571 -0.023066 0.591217 0.0177451 0.999836 0.00361539 0.185286 0.0229984 -0.00402317 0.999727 -0.784941
210 214 25 0.999614 -0.0243856 -0.0133423 -0.453427 0.0244718 0.99968 0.00633319 -0.361045 0.0131836 -0.00665726 0.999891 0.814893
210 215 64 0.998352 -0.0283986 -0.0498722 0.904487 0.0282017 0.999591 -0.00464708 0.356749 0.0499838 0.00323294 0.998745 -0.233736
210 216 62 0.997946 -0.0273568 -0.0579237 0.900557 0.0273078 0.999626 -0.00163762 0.268462 0.0579468 5.24892e-05 0.99832 -0.341944
210 217 55 0.99813 -0.0232425 -0.0565318 0.848879 0.0234014 0.999724 0.00215002 0.2086 0.0564662 -0.00346893 0.998398 -0.485686
210 218 45 0.998807 -0.0253166 -0.0417689 0.807993 0.0255925 0.999654 0.00608461 0.22927 0.0416004 -0.00714632 0.999109 -0.542754
210 219 56 0.995621 -0.014519 -0.0923447 0.966465 0.0150988 0.99987 0.00558327 0.117523 0.0922517 -0.00695312 0.995711 -0.228329
210 220 52 0.996761 -0.0126262 -0.0794256 0.906471 0.0132327 0.999887 0.00711344 0.158069 0.0793268 -0.00814141 0.996815 -0.391567
210 221 56 0.995681 -0.00834874 -0.0924687 0.972747 0.00937057 0.9999 0.0106219 0.155641 0.0923707 -0.0114425 0.995659 -0.17187
210 222 54 0.995315 -0.00828047 -0.0963268 0.766716 0.0104774 0.999696 0.0223236 -0.0391506 0.0961127 -0.0232283 0.995099 -0.640792
210 223 54 0.992517 0.000721733 -0.122107 0.982955 0.000690735 0.999933 0.0115247 0.114211 0.122107 -0.0115228 0.99245 -0.144064
210 224 46 0.982996 0.00175163 -0.183618 0.995915 0.00542477 0.999241 0.0385736 -0.0880521 0.183547 -0.0389138 0.98224 -0.0199888
225 226 0 1 0 0 0 0 1 0 0 0 0 1 0
225 227 19 0.99981 0.00363428 -0.0191525 0.989571 -0.00352855 0.999978 0.00555113 -0.143841 0.0191722 -0.0054825 0.999801 -0.00768452
225 228 23 0.999822 0.0109333 -0.0153731 0.980121 -0.0109014 0.999938 0.00215693 -0.0120246 0.0153957 -0.00198895 0.99988 0.198034
225 229 66 0.999219 0.022314 -0.0326169 0.998917 -0.0222924 0.999751 0.00102474 0.00882714 0.0326316 -0.00029683 0.999467 -0.0456846
225 230 56 0.999512 0.0187545 -0.0249905 0.991046 -0.0185325 0.999787 0.0090869 0.0249355 0.0251555 -0.00861932 0.999646 -0.131171
225 231 20 0.998918 0.0457758 0.00816904 -0.0170806 -0.0460465 0.998262 0.0367777 0.0264115 -0.00647132 -0.0371141 0.99929 0.999505
225 232 32 0.990023 0.0309161 -0.137471 0.994162 -0.0229675 0.997992 0.0590349 -0.0703917 0.13902 -0.0552885 0.988745 -0.0817727
225 233 47 0.997917 0.0207119 -0.0610892 0.996359 -0.016828 0.997845 0.063421 0.0151282 0.0622712 -0.0622609 0.996115 0.0838987
225 234 23 0.997534 0.0222985 -0.0665502 0.976448 -0.0175351 0.997299 0.0713204 -0.024986 0.0679608 -0.0699776 0.995231 0.214303
225 235 27 0.999199 0.0258412 -0.0305583 0.959148 -0.0236454 0.997256 0.0701537 -0.00315197 0.0322873 -0.069375 0.997068 0.282886
225 236 44 0.998217 0.030771 -0.0511516 0.977818 -0.0269804 0.996951 0.073211 -0.0173096 0.0532485 -0.0717004 0.996004 0.208741
225 237 60 0.995424 0.0263476 -0.0918511 0.994733 -0.0194219 0.996957 0.0754957 -0.065541 0.0935607 -0.0733663 0.992907 0.0788138
225 238 51 0.987268 0.0211898 -0.157647 0.991963 -0.00812463 0.996511 0.0830632 -0.126472 0.158857 -0.0807248 0.983996 0.00369485
225 239 47 0.996733 0.0214328 -0.0778683 0.868158 -0.0167313 0.998026 0.0605358 -0.127615 0.079012 -0.0590352 0.995124 -0.4796
240 241 0 1 0 0 0 0 1 0 0 0 0 1 0
240 242 0 1 0 0 0 0 1 0 0 0 0 1 0
240 243 74 0.999835 -0.00508389 0.0174635 -0.982997 0.00519264 0.999967 -0.00618754 0.0853669 -0.0174315 0.0062772 0.999828 0.162569
240 244 128 0.999041 -0.000752624 -0.0437879 0.966762 0.000898857 0.999994 0.00331996 -0.252162 0.0437852 -0.00335613 0.999035 0.0422598
240 245 131 0.999398 -0.00312541 -0.0345594 0.983921 0.0028908 0.999972 -0.00683634 -0.163274 0.0345798 0.00673232 0.999379 -0.0723955
240 246 85 0.999754 -0.00272722 -0.0219909 0.852104 0.00239089 0.99988 -0.0153059 -0.0246833 0.02203 0.0152496 0.999641 -0.522791
240 247 70 0.999639 -0.000212248 -0.0268669 0.801152 -7.41164e-06 0.999967 -0.00817547 -0.0767354 0.0268677 0.00817272 0.999606 -0.593521
240 248 131 0.999329 0.00287854 -0.0365088 0.883367 -0.00296426 0.999993 -0.00229407 -0.0563822 0.0365019 0.00240075 0.999331 -0.465278
240 249 120 0.999319 0.00774069 -0.0360684 0.885267 -0.00781362 0.999968 -0.00188148 0.0976546 0.0360527 0.00216203 0.999348 -0.454714
240 250 72 0.999139 0.0043267 -0.0412543 0.917917 -0.00413156 0.99998 0.00481439 0.0753919 0.0412743 -0.0046398 0.999137 -0.389544
240 251 73 0.999215 -0.000282447 -0.0396103 0.900043 0.000826554 0.999906 0.0137208 0.0591448 0.0396027 -0.0137428 0.999121 -0.431768
240 252 102 0.998161 0.0130241 -0.0591968 0.960494 -0.0118304 0.99972 0.0204713 0.0517233 0.0594468 -0.0197334 0.998036 -0.273453
240 253 62 0.998836 0.0229062 -0.0424502 0.931668 -0.0220195 0.999532 0.0212387 0.0403434 0.0429168 -0.0202792 0.998873 -0.361064
240 254 70 0.999246 0.0227101 -0.0314929 0.931256 -0.0221492 0.999592 0.0180456 0.0600077 0.0318899 -0.0173344 0.999341 -0.35939
255 256 144 0.999626 0.00912275 -0.0257902 0.904038 -0.00893149 0.999932 0.00752153 0.0518116 0.025857 -0.00728837 0.999639 -0.424299
255 257 134 0.998548 0.0305265 -0.044377 0.99333 -0.0297797 0.999405 0.0173922 -0.0323815 0.0448815 -0.0160454 0.998863 -0.110664
255 258 110 0.99824 0.0506188 -0.0309034 0.726089 -0.0493327 0.997938 0.0410507 -0.588433 0.0329176 -0.0394539 0.998679 -0.355726
255 259 74 0.998356 0.0481507 0.0311013 -0.982702 -0.047987 0.99883 -0.00599044 0.0894861 -0.0313534 0.00448814 0.999498 0.16214
255 260 39 0.99848 0.0549804 0.00372298 0.61406 -0.054938 0.998433 -0.010682 -0.226871 -0.00430444 0.0104612 0.999936 -0.75595
255 261 52 0.998409 0.0559798 0.00681142 0.846452 -0.0558554 0.99829 -0.0172544 0.0280269 -0.00776567 0.0168465 0.999828 -0.531726
255 262 66 0.997777 0.0656262 -0.0115474 0.80388 -0.0657374 0.997791 -0.00952882 0.0743232 0.0108966 0.0102667 0.999888 -0.59013
255 263 67 0.99763 0.0662244 -0.0186562 0.737877 -0.0662298 0.997804 0.000333425 0.00481679 0.0186373 0.000902959 0.999826 -0.674918
255 264 42 0.998068 0.0610294 -0.0116146 0.864837 -0.0610483 0.998134 -0.00128262 0.0739724 0.0115146 0.00198919 0.999932 -0.496574
255 265 131 0.996793 0.0677101 -0.0426416 0.907672 -0.0676413 0.997705 0.0030546 0.0462677 0.0427506 -0.000160472 0.999086 -0.417122
255 266 67 0.996971 0.0669791 -0.0395388 0.953117 -0.066934 0.997754 0.00246291 0.00891829 0.039615 0.000191037 0.999215 -0.302469
255 267 65 0.998347 0.0529635 0.0223408 -0.946357 -0.0527656 0.998563 -0.00935964 0.117264 -0.0228044 0.00816534 0.999707 -0.301095
255 268 99 0.99632 0.0632009 -0.0578957 0.997252 -0.0640551 0.997861 -0.0130161 -0.0700161 0.0569493 0.0166768 0.998238 0.0242002
255 269 43 0.998796 0.0466584 -0.0151763 -0.892762 -0.0470412 0.998556 -0.025924 -0.0808754 0.0139448 0.0266067 0.999549 0.44321
270 271 0 1 0 0 0 0 1 0 0 0 0 1 0
270 272 0 1 0 0 0 0 1 0 0 0 0 1 0
270 273 121 0.999214 0.0132323 -0.0373667 0.986413 -0.0133238 0.999909 -0.00220101 0.157816 0.0373342 0.00269715 0.999299 -0.0456347
270 274 0 1 0 0 0 0 1 0 0 0 0 1 0
270 275 24 0.999331 0.00678518 -0.0359364 0.519045 -0.00675255 0.999977 0.00102914 -0.0502727 0.0359426 -0.000785791 0.999354 -0.853267
270 276 28 0.998857 0.0112453 -0.0464602 0.951321 -0.0113414 0.999934 -0.00180488 0.0839991 0.0464368 0.00232974 0.998919 -0.296533
270 277 41 0.998822 0.00416285 -0.0483457 0.410824 -0.00450733 0.999965 -0.00701866 -0.0244279 0.0483148 0.0072283 0.998806 -0.911387
270 278 53 0.998061 0.0222732 -0.0581283 0.47902 -0.0223095 0.999751 2.41725e-05 0.258139 0.0581144 0.00127269 0.998309 -0.83899
270 279 141 0.995637 0.0328993 -0.0873208 0.927192 -0.0326183 0.999457 0.00464304 0.197632 0.0874262 -0.00177453 0.996169 -0.318209
270 280 38 0.996992 0.0270962 -0.0726186 0.708504 -0.0266709 0.999621 0.00681938 0.183674 0.0727759 -0.00486206 0.997336 -0.681385
270 281 122 0.994779 0.0316574 -0.0970225 0.824423 -0.0310953 0.99949 0.00730017 0.14122 0.0972041 -0.00424511 0.995255 -0.548073
270 282 61 0.994336 0.0294635 -0.102115 0.938979 -0.0287225 0.999549 0.00871948 0.111709 0.102326 -0.00573711 0.994734 -0.325331
270 283 30 0.99505 0.0303859 -0.0946117 0.969423 -0.0303302 0.999538 0.00202708 0.231464 0.0946295 0.000852543 0.995512 -0.0815091
270 284 90 0.998564 0.0157991 -0.0511955 -0.779196 -0.0157965 0.999875 0.000454984 0.12202 0.0511963 0.00035438 0.998689 -0.614788
285 286 164 0.999637 0.000323752 -0.0269581 0.92325 -0.000628796 0.999936 -0.0113078 0.383159 0.0269527 0.0113206 0.999573 0.0282671
285 287 147 0.997879 0.00685192 -0.0647296 0.976236 -0.00713388 0.999966 -0.00412587 0.0945397 0.0646992 0.00457889 0.997894 -0.195
285 288 46 0.999832 0.00369964 -0.017944 0.384498 -0.00357247 0.999968 0.00711377 0.283542 0.0179697 -0.00704847 0.999814 -0.878502
285 289 55 0.999574 0.00148112 -0.0291603 0.304768 -0.000980444 0.999852 0.0171766 0.290494 0.0291814 -0.0171407 0.999427 -0.907045
285 290 29 0.99895 0.00341644 -0.0456884 0.681045 -0.00227246 0.999683 0.0250674 0.245861 0.0457595 -0.0249372 0.998641 -0.689732
285 291 32 0.998841 0.0100287 -0.047084 0.699145 -0.00837584 0.999346 0.0351704 0.232761 0.047406 -0.0347352 0.998272 -0.676031
285 292 121 0.995941 0.0254868 -0.0863275 0.922171 -0.0221711 0.998987 0.0391522 0.177744 0.087238 -0.0370793 0.995497 -0.343523
285 293 119 0.996871 0.0228742 -0.0756581 0.836068 -0.0192707 0.99866 0.0480206 0.0531894 0.0766552 -0.0464124 0.995977 -0.546042
285 294 46 0.996703 0.0209335 -0.0783882 0.937132 -0.0170961 0.998637 0.0493082 0.133188 0.0793136 -0.0478055 0.995703 -0.322561
285 295 93 0.994798 0.0316506 -0.0968292 0.920256 -0.0272524 0.998551 0.0464123 0.14206 0.0981578 -0.043532 0.994218 -0.364619
285 296 81 0.995217 0.0374463 -0.090222 0.297783 -0.0334925 0.998428 0.0449456 0.264818 0.0917632 -0.0417089 0.994907 -0.917168
285 297 102 0.98765 0.0588813 -0.145188 0.964885 -0.0524665 0.997486 0.0476256 0.167878 0.147627 -0.0394199 0.988257 -0.202023
285 298 99 0.991463 0.0585937 -0.116478 0.797388 -0.0526979 0.997199 0.0530705 0.169734 0.119261 -0.0464793 0.991774 -0.579105
285 299 76 0.987396 0.0673624 -0.143218 0.998594 -0.0603033 0.996768 0.0530758 0.0442646 0.146331 -0.0437703 0.988267 -0.0291591
300 301 0 1 0 0 0 0 1 0 0 0 0 1 0
300 302 286 0.99854 0.00314562 -0.0539217 0.933651 -0.00358447 0.999961 -0.00804381 0.357406 0.0538943 0.00822535 0.998513 0.0235853
300 303 282 0.999192 0.00561631 -0.0397971 0.988335 -0.00523981 0.999941 0.00955858 0.0659687 0.0398484 -0.00934232 0.999162 0.137264
300 304 279 0.998516 0.0189243 -0.0510568 0.993785 -0.0185292 0.999795 0.00820042 0.102066 0.0512015 -0.00724221 0.998662 -0.04444
300 305 243 0.998687 0.0291406 -0.0421292 0.927096 -0.0289687 0.999569 0.00468636 0.164683 0.0422476 -0.00345978 0.999101 0.336708
300 306 0 1 0 0 0 0 1 0 0 0 0 1 0
300 307 19 0.999834 0.01237 -0.0134103 0.632394 -0.0125066 0.99987 -0.010151 -0.687669 0.013283 0.010317 0.999859 0.356637
300 308 108 0.99907 0.0339336 -0.0265847 0.996786 -0.0342468 0.999348 -0.0114174 -0.0202743 0.02618 0.0123172 0.999581 0.077497
300 309 122 0.999053 0.0284378 -0.0329162 0.976355 -0.0289169 0.999481 -0.0141718 -0.210506 0.0324961 0.0151102 0.999358 0.0491835
300 310 132 0.99896 0.0242832 -0.0385887 0.9969 -0.0253713 0.999287 -0.0279611 -0.052246 0.0378822 0.0289111 0.998864 -0.0588264
300 311 91 0.999999 -0.000248946 -0.00133894 -0.703002 0.000181163 0.99873 -0.0503887 0.646361 0.00134979 0.0503884 0.998729 -0.296657
300 312 17 0.99991 0.0103558 -0.0085595 0.942368 -0.0107113 0.999035 -0.0425901 0.0718316 0.00811019 0.0426779 0.999056 0.326777
300 313 211 0.998126 0.0119402 -0.0600136 0.974095 -0.0154036 0.998222 -0.0575833 0.221507 0.0592194 0.0583998 0.996535 0.0455449
300 314 196 0.998386 -0.00245052 -0.056741 0.997624 -0.000612007 0.998546 -0.0538936 0.0231732 0.0567906 0.0538413 0.996933 -0.0648725
315 316 0 1 0 0 0 0 1 0 0 0 0 1 0
315 317 0 1 0 0 0 0 1 0 0 0 0 1 0
315 318 262 0.999966 -0.00314548 -0.00755734 0.785834 0.00316999 0.99999 0.00323399 0.228269 0.00754709 -0.00325784 0.999966 -0.574767
315 319 23 0.999927 -0.00153866 0.0120165 0.224196 0.00141035 0.999942 0.0106788 0.292166 -0.0120323 -0.0106611 0.999871 -0.929718
315 320 22 0.999986 -6.28303e-05 0.00522214 0.99649 -1.64822e-05 0.999885 0.0151863 -0.0436078 -0.0052225 -0.0151862 0.999871 -0.0714527
315 321 75 0.999192 -0.000409242 0.0401832 -0.99681 -0.000186584 0.99989 0.0148229 -0.0525046 -0.0401849 -0.0148184 0.999082 -0.0601012
315 322 23 0.99974 0.00830296 0.0212196 0.933992 -0.00851705 0.999914 0.0100187 0.140885 -0.0211345 -0.0101969 0.999725 -0.328346
315 323 36 0.999696 0.0101215 0.0224628 0.676666 -0.0104089 0.999865 0.0127122 0.0211645 -0.0223311 -0.0129422 0.999667 -0.735986
315 324 30 0.999603 0.00952399 0.0265169 0.370068 -0.0098707 0.999867 0.0129751 0.146706 -0.0263898 -0.0132317 0.999564 -0.917348
315 325 254 0.999842 0.0171719 -0.00455536 0.985229 -0.017127 0.999806 0.00971863 0.169255 0.00472136 -0.00963908 0.999942 -0.0260186
315 326 234 0.999884 0.0130004 0.00792087 0.803109 -0.0130921 0.999847 0.0116355 0.399551 -0.00776838 -0.0117379 0.999901 -0.442013
315 327 181 0.999919 0.0118944 0.00444831 0.693951 -0.0119684 0.999784 0.0169809 0.308997 -0.00424537 -0.0170328 0.999846 -0.650348
315 328 239 0.999561 0.0200215 -0.0218374 0.967567 -0.0195274 0.999554 0.022609 0.141558 0.0222803 -0.0221727 0.999506 -0.209225
315 329 30 0.999777 0.0210385 -0.00188228 0.749449 -0.0209736 0.999342 0.029594 0.249805 0.00250366 -0.0295479 0.99956 -0.613126
330 331 0 1 0 0 0 0 1 0 0 0 0 1 0
330 332 0 1 0 0 0 0 1 0 0 0 0 1 0
330 333 17 0.999814 0.000492526 -0.0192679 0.766343 -0.000504229 1 -0.000602536 0.0854913 0.0192676 0.00061214 0.999814 -0.636718
330 334 209 0.999982 -0.00578152 -0.00127018 -0.96873 0.0057837 0.999982 0.00171991 -0.0373682 0.00126022 -0.00172723 0.999998 -0.245286
330 335 84 0.999262 0.00133479 -0.038399 0.959952 -0.00129539 0.999999 0.00105098 -0.0195444 0.0384003 -0.00100046 0.999262 -0.279482
330 336 89 0.999178 0.00583027 -0.0401253 0.936 -0.0060036 0.999973 -0.00420039 -0.0625736 0.0400997 0.00443783 0.999186 0.346393
330 337 30 0.999436 0.0115869 -0.0315264 0.979577 -0.011799 0.999909 -0.00654892 -0.0815002 0.0314477 0.0069172 0.999481 -0.183811
330 338 29 0.99927 0.0144045 -0.035381 0.759279 -0.0147074 0.999857 -0.00831451 -0.156071 0.0352562 0.00882881 0.999339 -0.631774
330 339 28 0.999345 0.0220056 -0.028719 0.640143 -0.0224188 0.999649 -0.0141452 0.252064 0.0283977 0.0147798 0.999487 0.725728
330 340 50 0.998615 0.0212204 -0.0481333 0.520326 -0.0222012 0.999555 -0.0199346 0.0428658 0.0476888 0.0209756 0.998642 -0.852891
330 341 66 0.998332 0.0193634 -0.0543872 0.478443 -0.0202424 0.999672 -0.0156583 0.0129628 0.0540662 0.0167332 0.998397 -0.878023
330 342 195 0.999119 0.017413 -0.0381868 -0.637593 -0.017746 0.999807 -0.00839722 -0.109233 0.0380332 0.00906749 0.999235 -0.76259
330 343 133 0.997869 0.0227132 -0.0611754 0.309013 -0.0229448 0.999732 -0.0030858 0.0540774 0.061089 0.00448288 0.998122 -0.949519
330 344 172 0.997119 0.0301718 -0.0695925 0.508798 -0.0295432 0.999513 0.0100452 -0.00461946 0.0698617 -0.00796028 0.997525 -0.860874
345 346 19 0.999997 -8.86968e-05 -0.00260941 0.407817 0.000109745 0.999967 0.00806735 0.158593 0.0026086 -0.00806761 0.999964 -0.899185
345 347 0 1 0 0 0 0 1 0 0 0 0 1 0
345 348 16 0.999905 0.00110049 -0.0137164 0.294696 -0.000933821 0.999926 0.0121517 -0.112989 0.0137287 -0.0121377 0.999832 -0.948888
345 349 283 0.99916 0.00206111 -0.0409244 0.988021 -0.00148729 0.9999 0.0140469 -0.154312 0.0409493 -0.0139743 0.999063 -0.00160126
345 350 16 0.999736 0.00287574 -0.0227827 0.99948 -0.00259676 0.999921 0.0122654 0.031387 0.0228161 -0.012203 0.999665 -0.00743544
345 351 0 1 0 0 0 0 1 0 0 0 0 1 0
345 352 26 0.99933 0.00399461 -0.0363797 0.916626 -0.00322922 0.999773 0.0210735 0.110357 0.0364556 -0.0209419 0.999116 -0.38421
345 353 17 0.999728 0.00777287 -0.0220045 0.739202 -0.00704782 0.999436 0.032838 -0.0658654 0.0222474 -0.0326739 0.999218 0.670255
345 354 27 0.999374 0.0110064 -0.0336299 0.414985 -0.00963411 0.999125 0.0406995 -0.128339 0.0340485 -0.04035 0.998605 -0.900731
345 355 136 0.998658 0.00836546 -0.0511021 0.991046 -0.00668487 0.999434 0.0329698 0.112245 0.051349 -0.0325839 0.998149 0.072316
345 356 11 0.999444 0.0106475 -0.031583 0.520052 -0.009651 0.999456 0.0315387 0.845657 0.0319016 -0.0312163 0.999003 0.120044
