0 1 0 1 0 0 0 0 1 0 0 0 0 1 0
0 2 0 1 0 0 0 0 1 0 0 0 0 1 0
0 3 0 1 0 0 0 0 1 0 0 0 0 1 0
0 4 0 1 0 0 0 0 1 0 0 0 0 1 0
0 5 207 0.999559 0.0139611 -0.0261983 0.954342 -0.0137889 0.999882 0.00674476 -0.105025 0.0262894 -0.00638054 0.999634 0.279645
0 6 39 0.999834 0.00162684 -0.0181508 0.880517 -0.00151151 0.999979 0.00636594 -0.405433 0.0181608 -0.00633744 0.999815 0.24559
0 7 179 0.99955 0.0192086 0.0230342 -0.98855 -0.0189963 0.999775 -0.0094012 -0.119707 -0.0232096 0.0089594 0.99969 0.0918648
0 8 60 0.999834 0.00293216 -0.0180023 0.965779 -0.00306475 0.999968 -0.00734207 -0.20234 0.0179802 0.00739602 0.999811 0.162263
0 9 194 0.998919 0.00699706 -0.0459536 0.999733 -0.00774523 0.99984 -0.0161231 0.0187367 0.0458335 0.0164616 0.998813 -0.0135351
0 10 42 0.999645 -0.00216953 -0.0265713 0.982668 0.00180723 0.999905 -0.0136517 -0.106632 0.0265984 0.0135988 0.999554 -0.151634
0 11 30 0.999906 -0.00833059 -0.0109315 0.44154 0.00819371 0.999888 -0.012507 -0.059103 0.0110345 0.0124163 0.999862 0.895293
0 12 180 0.999565 -0.00836555 0.0282983 -0.906431 0.00892744 0.999764 -0.0197882 0.21183 -0.0281261 0.0200322 0.999404 -0.365391
0 13 58 0.999689 0.00564988 -0.0243031 0.99371 -0.00604753 0.999849 -0.0163199 -0.0430214 0.0242073 0.0164618 0.999571 -0.103389
0 14 43 0.999854 0.00345672 -0.0167583 0.931905 -0.0037462 0.999844 -0.0172736 -0.000437856 0.0166959 0.0173339 0.99971 -0.362702
15 16 0 1 0 0 0 0 1 0 0 0 0 1 0
15 17 0 1 0 0 0 0 1 0 0 0 0 1 0
15 18 46 0.999888 -0.0134168 -0.00661772 0.385058 0.013405 0.999909 -0.00181426 0.101122 0.00664146 0.00172535 0.999976 -0.917336
15 19 210 0.9997 -0.0117176 -0.0214947 0.943741 0.0117537 0.99993 0.0015504 0.0862661 0.0214751 -0.00180257 0.999768 -0.319236
15 20 37 0.999937 -0.00674026 -0.00900956 0.765312 0.00670866 0.999971 -0.00353332 0.297238 0.00903312 0.00347265 0.999953 0.570918
15 21 227 0.999568 -0.0134566 -0.0261347 0.917496 0.0132838 0.999889 -0.00677371 -0.0182779 0.026223 0.00642361 0.999635 -0.397324
15 22 223 0.998314 -0.00330245 -0.0579549 0.950944 0.00242541 0.999882 -0.0151971 0.120296 0.0579982 0.0150309 0.998204 0.285017
15 23 39 0.99997 0.00346647 -0.00685927 0.643252 -0.0035805 0.999854 -0.0166821 0.141882 0.00680044 0.0167062 0.999837 0.752394
15 24 24 0.999914 0.00823052 -0.0102357 0.90962 -0.00850841 0.999588 -0.0274088 0.185665 0.0100059 0.0274935 0.999572 -0.371646
15 25 163 0.998854 -0.00598665 -0.0474763 0.995706 0.00455512 0.999533 -0.0302036 0.0131071 0.047635 0.0299527 0.998416 -0.0916433
15 26 205 0.998638 0.00808141 -0.0515353 0.911072 -0.00993314 0.99931 -0.035777 0.116076 0.0512106 0.0362402 0.99803 -0.395568
15 27 215 0.998924 0.0128256 0.0445709 -0.884628 -0.0119435 0.999729 -0.0200004 -0.109484 -0.0448153 0.0194466 0.998806 -0.453262
15 28 168 0.998817 0.0176362 -0.0453208 0.863679 -0.0188749 0.999456 -0.0270507 0.058363 0.0448191 0.0278741 0.998606 -0.500652
15 29 116 0.999678 0.0240426 0.00806081 -0.659265 -0.023893 0.99955 -0.0181595 -0.0750684 -0.00849378 0.0179611 0.999803 -0.748154
30 31 13 0.999816 0.0172022 0.0084821 -0.392588 -0.0172399 0.999842 0.00439129 -0.323071 -0.00840522 -0.00453672 0.999954 0.861104
30 32 0 1 0 0 0 0 1 0 0 0 0 1 0
30 33 152 0.999555 0.00263715 0.0297102 -0.974666 -0.00250973 0.999987 -0.00432513 0.222157 -0.0297213 0.00424864 0.999549 -0.0259172
30 34 17 0.999941 0.00619173 -0.00896893 0.606509 -0.00616733 0.999977 0.00274642 0.191921 0.00898573 -0.00269094 0.999956 -0.771565
30 35 0 1 0 0 0 0 1 0 0 0 0 1 0
30 36 0 1 0 0 0 0 1 0 0 0 0 1 0
30 37 32 0.999632 0.0070846 -0.0261708 0.83371 -0.0070653 0.999975 0.000829771 0.0490844 0.026176 -0.000644562 0.999657 -0.550016
30 38 35 0.9994 0.0133811 -0.0319381 0.929925 -0.013152 0.999886 0.00737302 0.0850188 0.0320331 -0.00694855 0.999463 -0.357786
30 39 30 0.999653 0.018702 -0.0185602 0.838232 -0.0184994 0.999768 0.0110279 0.118533 0.0187621 -0.0106808 0.999767 -0.532276
30 40 127 0.99936 0.00507197 0.0354097 -0.837474 -0.00570298 0.999826 0.017742 0.0252027 -0.0353136 -0.0179325 0.999215 -0.545896
30 41 66 0.998705 0.00632661 -0.0504748 0.981995 -0.00541038 0.999818 0.0182683 0.163415 0.0505813 -0.0179716 0.998558 0.0947759
30 42 34 0.999274 0.00278106 -0.0379924 0.909168 -0.00206704 0.999821 0.01882 0.111032 0.0380379 -0.0187278 0.999101 -0.401353
30 43 89 0.99881 0.00652509 -0.0483372 0.968327 -0.00589889 0.999897 0.0130863 0.14093 0.0484176 -0.0127856 0.998745 -0.206111
30 44 51 0.9973 0.00194624 0.0734132 -0.952342 -0.00606352 0.998418 0.0559025 -0.303662 -0.0731883 -0.0561967 0.995734 0.0288832
45 46 18 0.999994 0.00316252 0.00134613 0.461328 -0.00316754 0.999988 0.0037457 -0.0827685 -0.00133427 -0.00374994 0.999992 0.883361
45 47 15 0.999946 -0.00391289 0.00962639 0.426247 0.00387908 0.999986 0.00352835 -0.217434 -0.00964006 -0.00349082 0.999947 0.878086
45 48 0 1 0 0 0 0 1 0 0 0 0 1 0
45 49 82 0.998835 0.0120258 -0.0467291 0.980704 -0.0120566 0.999927 -0.000377945 0.149316 0.0467212 0.0009409 0.998908 -0.126192
45 50 145 0.997102 0.0223087 -0.0727381 0.948758 -0.0214997 0.999698 0.0118869 -0.0271201 0.0729813 -0.0102886 0.99728 0.314838
45 51 52 0.996543 0.000264177 -0.08308 0.865141 0.00140756 0.999798 0.0200628 -0.184692 0.0830685 -0.0201103 0.996341 0.466283
45 52 21 0.999531 0.0280084 -0.0124212 0.597663 -0.0282036 0.999477 -0.0158262 -0.0428244 0.0119714 0.0161691 0.999798 0.800603
45 53 40 0.999231 0.0382311 0.00865575 -0.303886 -0.0380821 0.999134 -0.0167724 0.157683 -0.00928947 0.0164298 0.999822 -0.939569
45 54 60 0.99823 0.0514523 0.029824 -0.573764 -0.0514112 0.998675 -0.00214364 0.0890537 -0.0298948 0.000606558 0.999553 -0.814165
45 55 45 0.999359 0.0354382 0.00515552 -0.704348 -0.0355001 0.999292 0.0124382 0.100994 -0.00471108 -0.0126133 0.999909 -0.702634
45 56 23 0.998644 0.0513976 0.00823712 -0.862906 -0.0515245 0.998543 0.016012 -0.0019539 -0.00740214 -0.0164147 0.999838 -0.505361
45 57 47 0.998764 0.041765 -0.0269404 0.944387 -0.0413402 0.999015 0.0161351 -0.0496313 0.0275877 -0.0150014 0.999507 0.32507
45 58 52 0.997797 0.0472315 -0.0465786 0.997014 -0.0468346 0.998857 0.00957649 -0.0176041 0.0469776 -0.00737391 0.998869 -0.0751821
45 59 93 0.996175 0.0449588 -0.0749274 0.981937 -0.0444127 0.998973 0.00894017 0.00456928 0.0752524 -0.00557825 0.997149 0.189153
60 61 10 0.999991 0.0028214 -0.00329398 0.750521 -0.00280904 0.999989 0.00375019 0.0704274 0.00330453 -0.0037409 0.999988 -0.657083
60 62 0 1 0 0 0 0 1 0 0 0 0 1 0
60 63 0 1 0 0 0 0 1 0 0 0 0 1 0
60 64 0 1 0 0 0 0 1 0 0 0 0 1 0
60 65 120 0.999753 -0.00636945 -0.0213072 0.993458 0.00624168 0.999962 -0.00605778 0.0250503 0.021345 0.00592328 0.999755 0.111415
60 66 43 0.999768 -0.0170598 0.0131448 -0.999603 0.0171864 0.999806 -0.0095813 -0.0249428 -0.0129788 0.009805 0.999868 0.0130672
60 67 68 0.999787 -0.0169875 0.0117115 -0.944107 0.0170949 0.999812 -0.00913139 -0.155761 -0.0115541 0.00932965 0.99989 0.290518
60 68 81 0.999668 -0.00592897 0.025063 -0.962026 0.00619426 0.999925 -0.0105204 -0.137027 -0.0249988 0.0106721 0.999631 -0.23607
60 69 29 0.99982 -0.00942037 -0.0164728 0.941857 0.00916232 0.999835 -0.0156709 0.0591799 0.0166178 0.0155172 0.999742 -0.330763
60 70 52 0.999605 -0.00932969 -0.0265255 0.909045 0.00900367 0.999883 -0.0123835 0.0975898 0.026638 0.0121398 0.999571 -0.40511
60 71 109 0.999014 -0.00884414 -0.0434983 0.987989 0.00844828 0.999921 -0.00927606 0.0632008 0.0435769 0.00889944 0.99901 -0.141007
60 72 74 0.999269 -0.00646814 -0.0376877 0.98154 0.00612954 0.99994 -0.00909298 0.0480516 0.0377442 0.00885532 0.999248 -0.185124
60 73 60 0.999114 -0.00159595 -0.042044 0.980846 0.00112546 0.999937 -0.0112117 0.0744804 0.0420592 0.0111545 0.999053 -0.179982
60 74 80 0.998484 5.70337e-05 -0.0550511 0.954722 -0.000513266 0.999966 -0.00827333 0.0185833 0.0550488 0.00828904 0.998449 -0.296918
75 76 0 1 0 0 0 0 1 0 0 0 0 1 0
75 77 0 1 0 0 0 0 1 0 0 0 0 1 0
75 78 80 0.99996 -0.00390232 0.00810385 -0.657013 0.00390489 0.999992 -0.000301212 0.152755 -0.00810262 0.000332845 0.999967 -0.738241
75 79 59 0.999726 0.0117379 -0.0202554 0.962758 -0.0118344 0.999919 -0.00464915 0.0552044 0.0201992 0.00488759 0.999784 -0.264669
75 80 116 0.999092 0.024585 -0.0347994 0.998733 -0.0248613 0.999663 -0.00753089 -0.0432175 0.0346025 0.00838921 0.999366 -0.0257826
75 81 59 0.999614 0.0197953 -0.0195129 0.81586 -0.0200883 0.999687 -0.0149389 0.110632 0.0192111 0.0153251 0.999698 -0.567568
75 82 49 0.999383 0.0190188 -0.0295156 0.75747 -0.0194362 0.999714 -0.0139176 0.15953 0.0292425 0.0144827 0.999467 -0.633079
75 83 120 0.998461 0.0225271 -0.0506807 0.915858 -0.0233127 0.999616 -0.014964 0.153521 0.0503241 0.0161224 0.998603 -0.370993
75 84 105 0.998652 0.0311204 -0.0415494 0.823034 -0.0315699 0.999449 -0.0102071 0.137141 0.0412089 0.011505 0.999084 -0.551187
75 85 66 0.998148 0.0376971 -0.0477448 0.753885 -0.0377623 0.999287 -0.000464222 0.2134 0.0476932 0.00226632 0.998859 -0.621383
75 86 42 0.994641 0.0876663 0.054802 -0.305141 -0.0809827 0.990159 -0.114134 0.807809 -0.0642684 0.109085 0.991953 0.504315
75 87 85 0.998252 0.0472704 -0.0354683 0.838021 -0.0461907 0.998462 0.0306666 0.131056 0.0368633 -0.0289747 0.9989 -0.529665
75 88 100 0.998345 0.0448812 -0.0359566 0.778242 -0.0436632 0.998469 0.0339731 0.067468 0.0374263 -0.0323469 0.998776 -0.62433
75 89 39 0.998453 0.0456165 -0.0317982 0.931703 -0.0446657 0.998552 0.0299955 0.21204 0.0331205 -0.0285288 0.999044 -0.294905
90 91 43 0.999992 -0.00273399 0.0029965 -0.628899 0.00275165 0.999979 -0.00590761 0.263072 -0.00298028 0.0059158 0.999978 -0.731627
90 92 61 0.999823 -0.00641341 -0.0176648 0.321101 0.00637487 0.999977 -0.00223697 0.233587 0.0176787 0.00212396 0.999841 -0.917786
90 93 23 0.999802 -0.0144901 -0.0136515 0.440088 0.014545 0.999886 0.0039343 0.296813 0.0135929 -0.00413208 0.999899 -0.847481
90 94 49 0.999975 -0.00599317 -0.00370258 -0.0476845 0.00601879 0.999958 0.00694797 -0.197483 0.00366078 -0.00697008 0.999969 0.979146
90 95 100 0.998637 -0.00996747 -0.0512379 0.916994 0.00976367 0.999943 -0.00422646 0.204946 0.0512771 0.00372043 0.998678 -0.342227
90 96 98 0.99722 -0.0118356 -0.0735624 0.976257 0.0111964 0.999896 -0.00909488 0.136317 0.0736624 0.00824596 0.997249 -0.168345
90 97 88 0.997077 -0.0144556 -0.0750201 0.945327 0.012889 0.99969 -0.0213244 0.253313 0.0753051 0.0202951 0.996954 -0.205402
90 98 47 0.999732 -0.00635036 -0.0222572 0.643089 0.00618913 0.999954 -0.0073055 0.07948 0.0223025 0.00716579 0.999726 -0.761656
90 99 37 0.999539 -0.0151784 -0.026302 0.583566 0.0149131 0.999836 -0.0102514 0.113611 0.0264533 0.00985441 0.999601 -0.804079
90 100 78 0.997157 -0.0131197 -0.0741972 0.934016 0.0124261 0.999875 -0.00980257 0.114525 0.0743165 0.00885273 0.997195 -0.338376
90 101 65 0.990715 -0.0122067 -0.135405 0.966483 0.00806031 0.999483 -0.031128 0.229132 0.135715 0.0297476 0.990301 -0.115797
90 102 50 0.998987 0.000590758 -0.0450007 0.815873 -0.000733966 0.999995 -0.00316588 0.0151514 0.0449986 0.0031957 0.998982 -0.578033
90 103 36 0.999643 4.80822e-05 -0.0267331 0.977084 -0.00011027 0.999997 -0.00232477 0.0931762 0.0267329 0.00232688 0.99964 0.191377
90 104 51 0.986554 0.0038061 -0.163393 0.980591 -0.0088536 0.999505 -0.0301747 0.138699 0.163197 0.0312155 0.986099 -0.138576
105 106 12 0.999963 0.00831053 0.00225943 0.164809 -0.00830526 0.999963 -0.00233115 0.196479 -0.00227872 0.0023123 0.999995 -0.966558
105 107 24 0.99982 0.0182927 0.00497059 0.10147 -0.0182883 0.999832 -0.000938936 0.173554 -0.00498693 0.000847864 0.999987 -0.979583
105 108 91 0.999239 0.0308642 -0.0238549 0.962166 -0.0309711 0.999512 -0.00412748 -0.175251 0.0237159 0.00486315 0.999707 0.208623
105 109 23 0.998227 0.0578461 0.0140217 -0.17225 -0.0576977 0.998276 -0.0107692 -0.166052 -0.0146205 0.00994107 0.999844 0.970957
105 110 24 0.999 0.0437036 0.00939387 0.245398 -0.0434959 0.998827 -0.0212787 0.190975 -0.0103128 0.0208489 0.999729 -0.950425
105 111 18 0.999715 0.022994 0.00635457 -0.0137338 -0.0228858 0.9996 -0.0165944 -0.27027 -0.0067336 0.0164442 0.999842 -0.962687
105 112 63 0.997804 0.0556876 -0.0358597 0.966887 -0.05611 0.998365 -0.0108828 0.0375986 0.0351951 0.012871 0.999298 -0.252419
105 113 25 0.998995 0.0411185 0.0178284 0.16011 -0.040872 0.999067 -0.0139727 0.229816 -0.0183863 0.01323 0.999743 -0.959974
105 114 12 0.998926 0.0392477 0.0246124 -0.125004 -0.0390585 0.999204 -0.00812148 0.392448 -0.0249116 0.00715143 0.999664 0.91124
105 115 0 1 0 0 0 0 1 0 0 0 0 1 0
105 116 24 0.999755 0.0144219 0.0167845 -0.043661 -0.0136476 0.998877 -0.0453649 0.293685 -0.0174199 0.0451247 0.998829 0.954905
105 117 43 0.999044 0.0360141 0.0247721 -0.199656 -0.0351412 0.998776 -0.0348135 -0.934143 -0.0259956 0.0339097 0.999087 -0.295827
105 118 35 0.998919 0.0434786 0.0164154 -0.112684 -0.0418863 0.9953 -0.0873085 0.106298 -0.0201343 0.0865266 0.996046 0.987929
105 119 19 0.998482 0.0529765 0.0150905 0.164294 -0.0515991 0.995426 -0.0804077 0.298056 -0.0192812 0.079507 0.996648 -0.940303
120 121 10 0.99993 0.00244581 0.0115655 0.158137 -0.00244958 0.999997 0.000311536 0.296278 -0.0115647 -0.000339845 0.999933 -0.941919
120 122 0 1 0 0 0 0 1 0 0 0 0 1 0
120 123 13 0.999522 0.00852242 0.0297054 -0.110344 -0.00903647 0.999811 0.0172141 -0.219487 -0.0295531 -0.0174743 0.99941 0.969355
120 124 0 1 0 0 0 0 1 0 0 0 0 1 0
120 125 24 0.999621 -0.00335185 0.0273324 0.0820827 0.00490293 0.998369 -0.0568805 0.895338 -0.0270972 0.0569929 0.998007 0.437759
120 126 0 1 0 0 0 0 1 0 0 0 0 1 0
120 127 32 0.999115 -0.0250133 -0.0338168 0.858647 0.0261935 0.999047 0.0349194 0.0462874 0.0329111 -0.0357743 0.998818 0.510474
120 128 32 0.997524 -0.0297469 -0.0637265 0.951075 0.0310727 0.999319 0.0199154 0.20952 0.0630907 -0.0218463 0.997769 0.227065
120 129 17 0.998626 -0.0506469 0.0134787 0.340701 0.0501238 0.99807 0.0366684 -0.158456 -0.0153099 -0.0359424 0.999237 0.926723
120 130 0 1 0 0 0 0 1 0 0 0 0 1 0
120 131 29 0.9975 -0.0694502 0.0130845 0.280838 0.0688349 0.996712 0.0427322 -0.0104161 -0.0160093 -0.0417247 0.999001 0.959699
120 132 22 0.997526 -0.0701931 0.00378105 0.117269 0.0699424 0.996467 0.0464857 -0.0108015 -0.00703066 -0.0461062 0.998912 0.993041
120 133 37 0.996578 -0.0753887 -0.0338887 0.354574 0.077414 0.995002 0.0630646 -0.169019 0.028965 -0.0654722 0.997434 0.919625
120 134 27 0.99766 -0.0679674 -0.00740889 -0.143498 0.0683016 0.995639 0.0635481 -0.118129 0.00305737 -0.0639055 0.997951 0.982575
135 136 10 0.999976 0.00229994 -0.00659295 0.517894 -0.00236108 0.999954 -0.00928067 -0.217449 0.0065713 0.00929601 0.999935 0.827346
135 137 29 0.999857 0.00385517 -0.0164786 0.42992 -0.00410471 0.999877 -0.0151366 -0.245542 0.0164182 0.0152021 0.99975 0.868837
135 138 35 0.999824 0.00287696 -0.0185389 -0.718964 -0.00327867 0.99976 -0.0216746 0.209634 0.0184721 0.0217316 0.999593 -0.662679
135 139 0 1 0 0 0 0 1 0 0 0 0 1 0
135 140 0 1 0 0 0 0 1 0 0 0 0 1 0
135 141 0 1 0 0 0 0 1 0 0 0 0 1 0
135 142 48 0.999317 0.0146683 -0.0339134 -0.903329 -0.0157555 0.999363 -0.0320146 0.172287 0.0334222 0.032527 0.998912 -0.392827
135 143 13 0.99827 0.0054437 -0.0585395 0.629213 -0.00725959 0.999498 -0.0308523 0.233697 0.0583421 0.0312239 0.997808 -0.741267
135 144 43 0.998161 0.0189849 -0.0575654 -0.70497 -0.0204466 0.999481 -0.0249094 0.172613 0.0570626 0.0260406 0.998031 -0.687912
135 145 40 0.997284 0.00767613 -0.0732514 -0.59465 -0.00961087 0.999613 -0.0260965 -0.250722 0.0730228 0.0267296 0.996972 0.763891
135 146 58 0.995089 0.0357889 -0.0922837 0.966677 -0.037497 0.999155 -0.0168409 0.113562 0.091603 0.0202186 0.99559 -0.229434
135 147 43 0.998267 0.0316114 -0.0496354 -0.469037 -0.0322867 0.999396 -0.0128625 -0.252094 0.0491988 0.0144428 0.998685 0.846436
135 148 63 0.995139 0.0437359 -0.0882331 0.999107 -0.0449422 0.998921 -0.011731 -0.0422507 0.0876248 0.0156394 0.996031 0.00016259
135 149 47 0.99832 0.0232265 -0.0530881 -0.722947 -0.0242094 0.999546 -0.0179476 -0.173027 0.0526472 0.0192026 0.998429 0.668886
150 151 14 0.999997 0.00187651 -0.00185651 0.349124 -0.0018706 0.999993 0.00318148 -0.167828 0.00186246 -0.00317799 0.999993 0.921925
150 152 0 1 0 0 0 0 1 0 0 0 0 1 0
150 153 0 1 0 0 0 0 1 0 0 0 0 1 0
150 154 16 0.999994 0.00227127 0.00251133 0.305496 -0.00226101 0.999989 -0.00407772 0.128253 -0.00252056 0.00407202 0.999989 -0.943516
150 155 104 0.999957 0.00918381 0.0013755 -0.230522 -0.00917749 0.999948 -0.00453439 -0.118403 -0.00141707 0.00452157 0.999989 0.965837
150 156 22 0.999992 5.47485e-05 -0.00388588 -0.735827 -9.38154e-05 0.999949 -0.0100541 -0.164456 0.00388514 0.0100544 0.999942 0.656896
150 157 102 0.999968 -0.000699336 -0.00798257 -0.631917 0.000600523 0.999923 -0.0123743 -0.135389 0.00799062 0.0123691 0.999892 0.763119
150 158 0 1 0 0 0 0 1 0 0 0 0 1 0
150 159 189 0.998365 0.00776711 -0.0566361 0.992476 -0.00866377 0.999841 -0.0156036 -0.00996869 0.0565059 0.0160688 0.998273 -0.12203
150 160 181 0.998209 0.010977 -0.058803 0.983907 -0.0121256 0.999742 -0.0192118 0.0326934 0.058577 0.0198904 0.998085 -0.175666
150 161 92 0.99969 0.0161573 -0.0189199 -0.843348 -0.0165106 0.999689 -0.018667 -0.0218022 0.0186124 0.0189736 0.999647 0.536926
150 162 107 0.999632 0.0206137 -0.0176089 -0.995535 -0.0208882 0.999661 -0.0155491 0.0848257 0.0172824 0.0159112 0.999724 0.0414027
150 163 75 0.999387 0.00268973 -0.0349017 -0.726252 -0.00347906 0.999739 -0.0225749 -0.0655916 0.0348319 0.0226825 0.999136 0.684293
150 164 106 0.99973 0.00107863 -0.0231947 -0.771262 -0.00166033 0.999684 -0.0250743 -0.167179 0.0231603 0.0251061 0.999416 0.614171
165 166 0 1 0 0 0 0 1 0 0 0 0 1 0
165 167 92 0.999656 0.00152162 -0.0261705 0.972026 -0.00150687 0.999999 0.0005833 0.0546849 0.0261714 -0.000543664 0.999657 -0.22842
165 168 147 0.99965 0.0108902 0.0240916 -0.828566 -0.0110388 0.999921 0.00604412 -0.0689058 -0.0240238 -0.00630795 0.999691 0.555635
165 169 109 0.999729 0.0109804 0.0205316 -0.543455 -0.0109756 0.99994 -0.000345675 -0.228293 -0.0205342 0.000120235 0.999789 0.807799
165 170 72 0.999665 0.0255292 -0.00423941 0.988582 -0.0255354 0.999673 -0.00141459 -0.123072 0.00420191 0.00152237 0.99999 -0.0869423
165 171 164 0.999031 0.022457 -0.0378458 0.994809 -0.022811 0.9997 -0.00894813 0.000926782 0.0376335 0.00980276 0.999244 -0.101759
165 172 74 0.999476 0.0219232 0.0238201 -0.479758 -0.0216582 0.999701 -0.0113305 -0.153945 -0.0240614 0.0108087 0.999652 0.86379
165 173 48 0.999583 0.0286433 0.00359357 0.663684 -0.0286244 0.999577 -0.0052025 0.112398 -0.00374107 0.00509747 0.99998 -0.739521
165 174 110 0.998641 0.0283252 -0.0437521 0.974303 -0.0283959 0.999596 -0.000994698 0.101456 0.0437062 0.00223572 0.999042 -0.201097
165 175 55 0.99954 0.0301382 0.00335726 -0.588006 -0.030155 0.999532 0.00508345 -0.0518428 -0.00320249 -0.00518235 0.999981 0.807193
165 176 92 0.997261 0.0258548 -0.0693024 0.959326 -0.0253725 0.999647 0.00783024 0.0110284 0.0694804 -0.00605041 0.997565 -0.282087
165 177 53 0.999947 0.010249 0.000417793 -0.509939 -0.0102472 0.99994 -0.00397855 -0.0343231 -0.000458544 0.00397406 0.999992 0.859526
165 178 75 0.997451 0.0266344 -0.0661928 0.985548 -0.0269363 0.99963 -0.0036729 0.0308947 0.0660705 0.00544652 0.9978 -0.166554
165 179 84 0.996471 0.028873 -0.0788132 0.993353 -0.0296083 0.999528 -0.00817733 0.0725791 0.0785399 0.010482 0.996856 -0.0893424
180 181 112 0.999806 0.00278993 -0.0195134 0.961702 -0.00274718 0.999994 0.00221732 -0.0901558 0.0195195 -0.00216329 0.999807 -0.258847
180 182 0 1 0 0 0 0 1 0 0 0 0 1 0
180 183 0 1 0 0 0 0 1 0 0 0 0 1 0
180 184 18 0.99997 0.00386449 -0.00676012 0.638223 -0.00385251 0.999991 0.00178542 0.113625 0.00676696 -0.00175933 0.999976 -0.76142
180 185 86 0.999856 0.00212005 -0.0168253 0.872812 -0.00212388 0.999998 -0.000209227 0.159462 0.0168248 0.000244931 0.999858 -0.46127
180 186 50 0.999956 -0.00883175 -0.00323593 -0.482651 0.00881594 0.999949 -0.00486806 -0.266832 0.00327876 0.00483932 0.999983 0.834176
180 187 61 0.999968 -0.00759092 -0.00237522 -0.390336 0.00757266 0.999942 -0.00760399 -0.282337 0.00243281 0.00758576 0.999968 0.876313
180 188 81 0.999403 0.00216666 -0.0344886 0.849439 -0.00247281 0.999958 -0.00883662 0.139369 0.034468 0.00891663 0.999366 -0.50895
180 189 81 0.999558 0.00821126 -0.0285893 0.735652 -0.00836946 0.99995 -0.00541828 0.118471 0.0285434 0.00565516 0.999577 -0.666919
180 190 40 0.999829 0.0102885 -0.0153759 -0.713643 -0.0103687 0.999933 -0.00514457 -0.186796 0.015322 0.00530312 0.999869 0.675145
180 191 98 0.997862 0.0182962 -0.062737 0.927934 -0.01876 0.999801 -0.00681143 0.132458 0.0625999 0.00797381 0.998007 -0.348415
180 192 44 0.999598 0.0184306 -0.0215212 -0.602394 -0.0184196 0.99983 0.000708959 -0.155523 0.0215306 -0.000312261 0.999768 0.782901
180 193 70 0.988008 0.0145938 -0.153711 0.949793 -0.0220756 0.998647 -0.0470811 0.312879 0.152816 0.0499097 0.986994 0.000880758
180 194 20 0.999938 0.00611941 -0.00929876 -0.190873 -0.00609898 0.999979 0.00222327 -0.25958 0.00931217 -0.00216642 0.999954 0.946671
195 196 36 0.999841 0.00654787 -0.0165968 0.877564 -0.00651222 0.999976 0.00220111 -0.0815209 0.0166108 -0.00209268 0.99986 -0.472478
195 197 116 0.998463 0.0146398 -0.0534573 0.750631 -0.016921 0.998954 -0.0424745 0.657631 0.0527795 0.0433138 0.997666 0.0638345
195 198 71 0.999491 0.0226713 -0.0224313 0.936979 -0.0223817 0.999664 0.0130788 -0.096545 0.0227202 -0.0125701 0.999663 -0.335781
195 199 0 1 0 0 0 0 1 0 0 0 0 1 0
195 200 44 0.999131 0.0340268 -0.0240794 0.887307 -0.0338606 0.9994 0.00727843 -0.079502 0.0243127 -0.00645676 0.999684 -0.454276
195 201 41 0.999015 0.0368339 -0.0247411 0.984574 -0.0369475 0.999309 -0.00415149 -0.0647569 0.0245711 0.00506152 0.999685 -0.162546
195 202 46 0.999046 0.0359784 -0.024737 0.994358 -0.0364908 0.999122 -0.0205837 -0.0116194 0.0239747 0.0214667 0.999482 -0.105438
195 203 39 0.998491 0.0389045 -0.0387587 0.954323 -0.0401549 0.99868 -0.0320236 0.108395 0.0374616 0.0335316 0.998735 0.278421
195 204 23 0.999198 0.0369642 -0.0153868 0.984192 -0.0373543 0.998967 -0.0258871 0.152503 0.014414 0.0264411 0.999546 -0.0900477
195 205 32 0.998085 0.0448058 -0.0426417 0.98968 -0.0454774 0.998854 -0.0149098 0.138787 0.0419248 0.0168205 0.998979 -0.0356506
195 206 65 0.997196 0.0342445 -0.0665458 0.962479 -0.035091 0.999317 -0.0115927 0.147345 0.0661033 0.0138954 0.997716 -0.227866
195 207 37 0.996278 0.0847461 0.0157472 0.0549801 -0.0849187 0.996331 0.0106349 -0.131978 -0.0147881 -0.0119326 0.999819 0.989727
195 208 25 0.999135 0.0355189 0.0216269 -0.89458 -0.0353881 0.999353 -0.00639908 -0.0755242 -0.0218402 0.00562821 0.999746 0.44048
195 209 57 0.997115 0.0429234 -0.0626015 0.995375 -0.0437844 0.998963 -0.012446 0.051258 0.0620024 0.0151511 0.997961 -0.0812423
210 211 27 0.999971 0.00326217 0.00695311 -0.671159 -0.00324638 0.999992 -0.00228187 0.173355 -0.0069605 0.00225923 0.999973 -0.720759
210 212 37 0.999958 0.00803714 0.00439743 -0.609884 -0.00805485 0.999959 0.00402381 0.195305 -0.00436491 -0.00405906 0.999982 -0.768048
210 213 57 0.989875 -0.0111468 0.141502 -0.969559 0.00849205 0.999777 0.0193511 -0.0545862 -0.141686 -0.0179535 0.989749 0.238697
210 214 23 0.99991 -0.0104518 -0.00836435 -0.681246 0.0105272 0.999904 0.00902491 0.141042 0.00826922 -0.00911215 0.999924 -0.718339
210 215 66 0.996802 -0.0234959 -0.0763762 0.925728 0.0227879 0.999689 -0.0101276 0.292762 0.0765904 0.00835476 0.997028 -0.239411
210 216 61 0.996303 -0.0288924 -0.0808995 0.932417 0.0283533 0.999567 -0.00780494 0.244241 0.08109 0.00548231 0.996692 -0.266354
210 217 37 0.999818 -0.0154858 -0.0111014 0.0209798 0.0157801 0.999513 0.0269371 -0.321027 0.0106789 -0.0271074 0.999575 0.946838
210 218 25 0.998476 -0.0550008 -0.00458223 -0.103986 0.0550629 0.998374 0.0147577 -0.226645 0.00376309 -0.0149875 0.999881 0.968411
210 219 35 0.999381 -0.0348638 -0.00474753 -0.0761168 0.0349869 0.998969 0.028932 -0.348918 0.00373395 -0.0290802 0.99957 0.934057
210 220 23 0.999426 -0.0233324 -0.0245626 0.371268 0.0237248 0.999594 0.0158078 0.0557769 0.0241838 -0.0163815 0.999573 -0.926849
210 221 43 0.99977 0.0211189 0.00385599 -0.370303 -0.0211392 0.999762 0.00531472 0.524157 -0.00374283 -0.005395 0.999978 0.7669
210 222 18 0.998481 -0.0550243 -0.002879 -0.19286 0.0550714 0.998278 0.020184 -0.171061 0.00176343 -0.0203119 0.999792 0.9662
210 223 30 0.99022 -0.0205783 0.137987 -0.885735 0.0110266 0.997512 0.0696323 -0.284739 -0.139077 -0.0674297 0.987983 0.366602
210 224 31 0.966781 -0.0391495 -0.252592 0.973941 0.0311065 0.998876 -0.0357584 0.219803 0.253708 0.0267132 0.966912 -0.055903
225 226 0 1 0 0 0 0 1 0 0 0 0 1 0
225 227 47 0.999772 0.00494574 -0.0207497 0.820351 -0.00485795 0.999979 0.00427898 -0.0284555 0.0207705 -0.0041772 0.999776 0.571152
225 228 15 0.999805 0.00946584 -0.0173053 0.990845 -0.00942212 0.999952 0.00260627 -0.0192047 0.0173291 -0.00244271 0.999847 -0.133632
225 229 29 0.999959 0.00635054 0.00644787 0.279853 -0.00637069 0.999975 0.00310965 -0.147266 -0.00642796 -0.0031506 0.999974 0.948681
225 230 15 0.999816 0.0168097 0.00921845 -0.246993 -0.0169126 0.999794 0.0111935 -0.057394 -0.00902839 -0.0113474 0.999895 -0.967316
225 231 0 1 0 0 0 0 1 0 0 0 0 1 0
225 232 34 0.696437 0.163436 -0.698759 0.849844 0.0163445 0.969855 0.243134 -0.241181 0.717432 -0.180749 0.672771 0.468612
225 233 42 0.998667 0.0503085 -0.0115132 -0.0120903 -0.0493045 0.995949 0.075203 0.0219055 0.0152499 -0.0745351 0.997102 0.999687
225 234 15 0.993361 0.114763 0.00798318 -0.265463 -0.115037 0.991482 0.0610731 0.0421334 -0.000906246 -0.061586 0.998101 -0.9632
225 235 33 0.997833 0.00137526 0.0657851 -0.96667 -0.00637175 0.997103 0.0758024 -0.117341 -0.0654903 -0.0760573 0.99495 0.227554
225 236 42 0.996377 0.0349475 -0.0775304 0.997955 -0.0292215 0.996845 0.0737976 -0.0264969 0.0798648 -0.0712647 0.994255 -0.0581771
225 237 40 0.881242 0.00269793 -0.472657 0.981959 0.031753 0.997387 0.0648947 -0.00245229 0.471597 -0.0721963 0.878854 0.189078
225 238 23 0.995237 0.0724813 0.0651864 -0.281346 -0.0735386 0.997195 0.0139646 0.536813 -0.0639914 -0.0186918 0.997775 0.79541
225 239 44 0.995258 0.024779 -0.0940599 0.970994 -0.0190104 0.997911 0.0617377 -0.0982796 0.0953932 -0.0596569 0.99365 -0.217971
240 241 0 1 0 0 0 0 1 0 0 0 0 1 0
240 242 117 0.999698 -0.00392284 0.0242715 -0.812622 0.00385531 0.999989 0.00282848 -0.245943 -0.0242823 -0.00273405 0.999701 0.528353
240 243 113 0.99947 -0.00594934 0.0320173 -0.972269 0.00610174 0.999971 -0.00466442 -0.0201747 -0.0319886 0.00485731 0.999476 0.232992
240 244 55 0.999636 -0.00727955 0.0259682 -0.988596 0.00763453 0.999878 -0.013597 0.0919809 -0.025866 0.0137904 0.99957 0.119234
240 245 25 0.999975 -0.00708415 -0.000322708 0.893566 0.00707816 0.99985 -0.0158195 -0.075005 0.000434727 0.0158168 0.999875 -0.442621
240 246 41 0.999968 -0.00617291 -0.00506421 0.898588 0.00608312 0.999827 -0.0175592 0.0232072 0.00517173 0.0175278 0.999833 -0.438179
240 247 100 0.999464 0.000705802 -0.03272 0.920595 -0.00106312 0.99994 -0.0109043 0.0399557 0.0327104 0.0109332 0.999405 -0.38847
240 248 107 0.99925 0.00591312 -0.038265 0.912351 -0.00610697 0.999969 -0.00495118 0.0527199 0.0382345 0.00518115 0.999255 -0.406001
240 249 115 0.999257 0.00567465 -0.0381302 0.907384 -0.00571202 0.999983 -0.000871139 0.0548264 0.0381247 0.00108829 0.999272 -0.416712
240 250 94 0.999083 0.00761796 -0.0421369 0.891501 -0.00746659 0.999965 0.00374842 0.0989376 0.042164 -0.00343037 0.999105 -0.442083
240 251 81 0.999437 0.0033915 -0.0333797 0.319429 -0.00300304 0.999927 0.0116811 0.211225 0.0334169 -0.0115743 0.999374 -0.923769
240 252 95 0.998683 0.0127506 -0.04969 0.948239 -0.01181 0.999746 0.0191788 0.0676569 0.049922 -0.0185667 0.998581 -0.310267
240 253 71 0.998924 0.022295 -0.0406638 0.95249 -0.0214861 0.999565 0.0202223 0.0738268 0.0410969 -0.0193268 0.998968 -0.295486
240 254 121 0.996748 0.0323392 -0.0738126 0.971524 -0.0307888 0.999283 0.0220475 0.0155692 0.0744727 -0.0197032 0.997028 -0.23643
255 256 0 1 0 0 0 0 1 0 0 0 0 1 0
255 257 67 0.999462 0.0272117 -0.0183057 0.959858 -0.0269285 0.999516 0.0155448 -0.0248262 0.0187198 -0.0150435 0.999712 -0.279386
255 258 25 0.999129 0.0417146 -0.0013491 0.209894 -0.0417038 0.999104 0.00721673 0.334992 0.00164894 -0.00715418 0.999973 -0.918545
255 259 15 0.998726 0.049696 0.00876035 0.676366 -0.0496827 0.998764 -0.00172679 0.101302 -0.00883534 0.00128936 0.99996 -0.729566
255 260 41 0.99839 0.0563938 0.00605215 0.444672 -0.056315 0.998335 -0.0124916 -0.17317 -0.00674652 0.0121306 0.999904 -0.878794
255 261 131 0.997966 0.0621443 -0.0142182 0.907886 -0.0623569 0.997941 -0.0150324 -0.00135154 0.0132548 0.0158884 0.999786 -0.419214
255 262 99 0.997825 0.0623418 -0.021415 0.894698 -0.0624534 0.998037 -0.00458342 -0.0606441 0.0210873 0.00591089 0.99976 -0.442535
255 263 82 0.997241 0.0701928 -0.0241468 0.925574 -0.0702801 0.997523 -0.00278481 0.0819205 0.0238915 0.00447416 0.999705 -0.369596
255 264 32 0.997687 0.0642532 -0.0222029 0.798168 -0.0642796 0.997932 -0.000475276 0.0830044 0.0221264 0.00190137 0.999753 -0.596689
255 265 118 0.996795 0.0666121 -0.0443039 0.925024 -0.0665191 0.997779 0.00357138 0.0289509 0.0444434 -0.000612875 0.999012 -0.378803
255 266 53 0.997117 0.064218 -0.0404199 0.959197 -0.0641548 0.997936 0.0028613 -0.00160668 0.0405202 -0.000259919 0.999179 -0.282733
255 267 38 0.997204 0.0683604 -0.0301705 0.245098 -0.0685824 0.997625 -0.00638394 -0.0630346 0.0296625 0.00843526 0.999524 -0.967447
255 268 44 0.997446 0.0626129 -0.0343773 0.913255 -0.0631993 0.997869 -0.0162449 0.0607301 0.0332869 0.018376 0.999277 -0.402837
255 269 34 0.998043 0.051225 -0.0358743 0.899612 -0.0521153 0.998344 -0.0243381 0.0104025 0.0345682 0.0261601 0.99906 -0.436567
270 271 0 1 0 0 0 0 1 0 0 0 0 1 0
270 272 15 0.999786 0.00831245 -0.0189297 0.784756 -0.00830663 0.999965 0.000385641 0.184936 0.0189323 -0.000228316 0.999821 -0.591572
270 273 132 0.999951 0.00203516 0.00970931 -0.989204 -0.00206727 0.999992 0.00329796 -0.0719172 -0.00970253 -0.00331787 0.999947 -0.127685
270 274 35 0.999639 0.0064059 -0.0260762 0.265213 -0.00644225 0.999978 -0.00131035 0.221828 0.0260673 0.00147787 0.999659 -0.938325
270 275 110 0.999938 0.00390539 -0.0104625 -0.898192 -0.00389761 0.999992 0.000763769 0.0773157 0.0104654 -0.000722943 0.999945 -0.432751
270 276 41 0.999096 0.011607 -0.0408943 0.324737 -0.0116829 0.99993 -0.00161884 0.269581 0.0408727 0.00209514 0.999162 -0.906572
270 277 23 0.998923 0.00562883 -0.0460534 0.627907 -0.00596753 0.999956 -0.00722026 -0.0387132 0.0460107 0.00748731 0.998913 -0.777325
270 278 15 0.998437 0.0146029 -0.0539467 0.602901 -0.0145835 0.999893 0.000754459 -0.0115063 0.0539519 3.34504e-05 0.998544 -0.797733
270 279 92 0.998746 0.0187653 -0.0464112 -0.577161 -0.0182176 0.99976 0.0121959 0.00886691 0.0466289 -0.0113351 0.998848 -0.816582
270 280 46 0.997088 0.0146047 -0.0748425 0.226316 -0.0140908 0.999873 0.00738929 -0.0945496 0.074941 -0.00631318 0.997168 -0.969454
270 281 65 0.99629 0.0232055 -0.0828734 0.210698 -0.022847 0.999725 0.00527169 0.208449 0.0829729 -0.00335872 0.996546 -0.955068
270 282 82 0.993947 0.0317458 -0.105172 0.911892 -0.0310039 0.999482 0.00868181 0.0935337 0.105393 -0.00536852 0.994416 -0.39963
270 283 129 0.992735 0.0328231 -0.11576 0.941092 -0.0326318 0.999461 0.0035476 0.0856496 0.115814 0.000255631 0.993271 -0.327124
270 284 54 0.994036 0.0294468 -0.105004 0.165803 -0.029462 0.999565 0.00140751 0.241303 0.105 0.00169451 0.994471 -0.956181
285 286 0 1 0 0 0 0 1 0 0 0 0 1 0
285 287 146 0.998143 0.00435294 -0.0607533 0.996092 -0.00464395 0.999978 -0.00464954 0.0798704 0.0607318 0.00492305 0.998142 -0.0376943
285 288 37 0.99983 0.00867803 -0.0162456 0.233214 -0.00852374 0.999918 0.00954283 0.25993 0.0163271 -0.00940274 0.999822 -0.937042
285 289 63 0.999605 0.00274339 -0.0279675 0.250128 -0.0022127 0.999817 0.0189883 0.137443 0.0280144 -0.0189189 0.999428 -0.958408
285 290 130 0.998358 0.00640535 -0.0569292 0.904572 -0.00505341 0.999703 0.02386 0.237589 0.0570651 -0.0235331 0.998093 -0.35398
285 291 115 0.993651 0.0147042 -0.111545 0.927543 -0.0127347 0.999751 0.0183482 0.276162 0.111787 -0.0168112 0.99359 -0.251792
285 292 99 0.999792 0.0105019 -0.0174999 -0.814628 -0.00967738 0.998869 0.0465532 0.0140366 0.017969 -0.0463742 0.998763 -0.579814
285 293 36 0.998423 0.0192464 -0.0527314 0.939057 -0.0167876 0.998769 0.0466806 0.0370855 0.0535649 -0.0457218 0.997517 0.341755
285 294 72 0.995576 0.0255357 -0.090423 0.991443 -0.0212594 0.998624 0.0479443 0.0595917 0.0915229 -0.0458099 0.994749 0.116142
285 295 130 0.98971 0.0380979 -0.137923 0.981681 -0.0320056 0.998423 0.0461241 0.0203382 0.139463 -0.0412352 0.989368 0.189446
285 296 106 0.98854 0.0460363 -0.143772 0.95957 -0.0399151 0.998181 0.0451756 0.114915 0.14559 -0.0389192 0.988579 -0.256945
285 297 88 0.997671 0.0417851 -0.0539057 -0.860772 -0.0387884 0.997706 0.0554871 0.0453777 0.0561006 -0.053267 0.997003 -0.506964
285 298 116 0.987548 0.060702 -0.145132 0.998496 -0.0533447 0.997112 0.054062 0.0409356 0.147994 -0.0456468 0.987934 0.0364575
285 299 97 0.9566 0.0889739 -0.27749 0.939995 -0.0754528 0.995399 0.0590523 -0.044033 0.281468 -0.035552 0.958912 0.338334
300 301 261 0.999772 -0.00639159 0.0203928 -0.987743 0.00635328 0.999978 0.00194247 0.108758 -0.0204047 -0.00181246 0.99979 -0.111957
300 302 38 0.999858 -0.00250935 -0.0166368 0.655501 0.00265027 0.999961 0.00845372 0.246124 0.016615 -0.00849662 0.999826 -0.713962
300 303 48 0.999653 0.00543585 -0.0257603 0.940019 -0.00518114 0.999937 0.00994402 0.151012 0.0258127 -0.00980711 0.999619 -0.305875
300 304 37 0.999833 0.0134408 -0.0123624 0.589838 -0.0132865 0.999834 0.012476 -0.136544 0.0125281 -0.0123097 0.999846 0.795894
300 305 262 0.998864 0.0251821 -0.0404438 0.991708 -0.0247448 0.99963 0.0112772 -0.0238168 0.0407128 -0.0102636 0.999118 0.126285
300 306 179 0.999513 0.0220487 -0.0220808 0.145742 -0.0215453 0.999508 0.0227855 -0.767398 0.0225723 -0.0222987 0.999497 -0.624387
300 307 67 0.999311 0.0339914 -0.0149259 0.684553 -0.0341075 0.999389 -0.00759496 0.0280768 0.0146586 0.00809881 0.99986 0.728422
300 308 132 0.999068 0.0334823 -0.0272523 0.966579 -0.0337935 0.999368 -0.011041 -0.0724625 0.0268654 0.0119516 0.999568 0.245915
300 309 98 0.99989 0.0113852 -0.00950888 -0.634971 -0.0116571 0.99951 -0.0290443 0.754431 0.00917355 0.0291519 0.999533 -0.16627
300 310 138 0.999396 0.0262956 -0.0227003 0.372842 -0.0269666 0.999193 -0.0297736 0.203956 0.0218991 0.0303678 0.999299 -0.905202
300 311 23 0.999833 0.0141832 -0.0114889 0.916373 -0.0146113 0.999168 -0.0380752 -0.0789077 0.0109393 0.0382367 0.999209 0.392472
300 312 102 0.999685 0.0118972 -0.0221073 0.657869 -0.0128592 0.998953 -0.0438941 0.203367 0.0215619 0.0441646 0.998792 -0.725155
300 313 221 0.99844 0.00578878 -0.055529 0.988747 -0.00839889 0.998865 -0.0468869 0.0500209 0.0551945 0.0472801 0.997356 -0.140983
300 314 181 0.99919 -0.0018295 -0.040204 0.932264 -0.000383123 0.998489 -0.0549584 0.136267 0.0402438 0.0549293 0.997679 -0.335135
315 316 0 1 0 0 0 0 1 0 0 0 0 1 0
315 317 14 0.999961 -0.00744591 0.00467179 0.296331 0.00743594 0.99997 0.00214678 0.139544 -0.00468764 -0.00211196 0.999987 -0.944836
315 318 21 0.99994 -0.00397868 0.0101808 0.344704 0.00393216 0.999982 0.00458545 0.375478 -0.0101989 -0.00454514 0.999938 -0.860346
315 319 24 0.999976 -0.00176425 0.00666673 0.678155 0.00169384 0.999943 0.0105519 0.229099 -0.00668497 -0.0105404 0.999922 -0.698297
315 320 22 0.999873 0.000144773 0.015915 0.343543 -0.000359931 0.999909 0.0135171 0.203896 -0.0159116 -0.0135212 0.999782 -0.916736
315 321 32 0.999761 0.00146573 0.0218204 0.356494 -0.00177005 0.999901 0.0139339 0.20204 -0.0217978 -0.0139692 0.999665 -0.912191
315 322 217 0.99878 0.00118515 0.0493607 -0.883693 -0.00190288 0.999893 0.0144961 -0.0393187 -0.0493383 -0.0145723 0.998676 -0.466413
315 323 144 0.998856 0.00513518 0.047536 -0.930734 -0.00561444 0.999935 0.00995391 0.134403 -0.0474818 -0.0102094 0.99882 -0.340104
315 324 58 0.999821 0.0120342 0.0146038 0.924963 -0.0121936 0.999867 0.010871 0.174455 -0.014471 -0.0110472 0.999834 -0.337652
315 325 0 1 0 0 0 0 1 0 0 0 0 1 0
315 326 247 0.999856 0.016066 -0.00540108 0.994649 -0.0159687 0.999717 0.0176051 0.0478298 0.0056824 -0.0175164 0.99983 -0.0915781
315 327 34 0.999821 0.0131736 0.0135684 0.389834 -0.0134437 0.999709 0.0200066 0.280337 -0.0133009 -0.0201854 0.999708 -0.877178
315 328 56 0.999839 0.0170071 0.00576437 0.446791 -0.0171426 0.999557 0.0243326 0.273961 -0.00534799 -0.0244275 0.999687 -0.851659
315 329 25 0.999757 0.0177001 0.0131633 0.436107 -0.0181006 0.999357 0.0309599 -0.203929 -0.0126068 -0.0311906 0.999434 0.876484
330 331 11 0.999972 0.000770725 -0.00738423 -0.243479 -0.000773285 1 -0.000343852 -0.186831 0.00738396 0.000349553 0.999973 0.951742
330 332 0 1 0 0 0 0 1 0 0 0 0 1 0
330 333 0 1 0 0 0 0 1 0 0 0 0 1 0
330 334 21 0.999684 -0.000391566 -0.0251517 0.857096 0.000398864 1 0.000285165 0.0783894 0.0251516 -0.000295107 0.999684 -0.509158
330 335 25 0.999782 -0.0042869 -0.0204125 0.478972 0.00427851 0.999991 -0.000454724 -0.225041 0.0204142 0.00036729 0.999792 0.848494
330 336 14 0.999829 0.00121602 -0.0184421 0.613264 -0.00132115 0.999983 -0.00568993 -0.207333 0.0184349 0.00571332 0.999814 0.762182
330 337 40 0.999556 0.0112494 -0.0275759 0.383861 -0.0114832 0.999899 -0.00833554 0.174023 0.0274794 0.0086485 0.999585 -0.906844
330 338 30 0.999254 0.0135154 -0.0361871 0.942907 -0.0138379 0.999867 -0.00867686 -0.183354 0.036065 0.00917114 0.999307 0.278044
330 339 172 0.999711 0.0178975 -0.0160642 -0.912856 -0.0180202 0.999809 -0.00752607 -0.345709 0.0159265 0.00781337 0.999843 -0.217207
330 340 224 0.997783 0.0232633 -0.0623573 0.957132 -0.0248276 0.999393 -0.0244293 0.180493 0.0617512 0.0259233 0.997755 -0.22654
330 341 120 0.998358 0.0190172 -0.0540411 0.393991 -0.020029 0.999633 -0.0182432 0.202164 0.0536744 0.0192956 0.998372 -0.896605
330 342 217 0.996683 0.0241303 -0.0777244 0.959614 -0.0252184 0.999597 -0.0130486 0.0370938 0.0773782 0.0149654 0.996889 -0.278863
330 343 170 0.997394 0.0260083 -0.0673035 0.512911 -0.0261408 0.999658 -0.00108809 -0.0020771 0.0672522 0.00284462 0.997732 -0.858439
330 344 203 0.995389 0.0365702 -0.0886786 0.8574 -0.0363307 0.999331 0.00431365 0.116821 0.088777 -0.00107201 0.996051 -0.501216
345 346 0 1 0 0 0 0 1 0 0 0 0 1 0
345 347 13 0.999834 0.00337199 -0.0178886 0.927263 -0.00302626 0.999809 0.0193184 -0.35561 0.0179503 -0.0192611 0.999653 0.117151
345 348 19 0.999866 0.00237791 -0.0162134 0.714269 -0.00219496 0.999934 0.0112923 -0.0268344 0.0162392 -0.0112552 0.999805 0.699356
345 349 45 0.999866 0.000753443 -0.016373 0.380061 -0.000583588 0.999946 0.0103764 -0.0810291 0.01638 -0.0103654 0.999812 0.921406
345 350 249 0.999263 0.00684629 -0.0377731 0.987525 -0.00635242 0.999893 0.0131792 0.0253268 0.0378593 -0.0129295 0.999199 -0.155412
345 351 29 0.999511 0.00264154 -0.031167 0.99942 -0.00214089 0.999868 0.0160859 -0.0320729 0.0312054 -0.0160113 0.999385 -0.0114881
345 352 29 0.999385 0.00386945 -0.0348503 0.922093 -0.00315386 0.999784 0.0205648 0.209426 0.0349223 -0.0204422 0.999181 -0.3254
345 353 33 0.999487 0.00984151 -0.0304769 0.357716 -0.00886574 0.999449 0.0319879 0.250529 0.0307749 -0.0317013 0.999023 -0.899597
345 354 24 0.999416 0.0135703 -0.0313605 0.86886 -0.0123635 0.999187 0.0383605 0.133112 0.0318556 -0.0379504 0.998772 0.476826
345 355 126 0.998902 0.00151631 -0.0468173 0.900228 0.00020958 0.999321 0.0368375 -0.148558 0.0468414 -0.0368068 0.998224 0.409292
345 356 10 0.999614 -0.00804766 -0.0265844 0.974697 0.00881422 0.999545 0.0288448 -0.0538797 0.0263402 -0.029068 0.99923 -0.21694
345 357 14 0.999206 0.00302596 -0.0397192 0.570638 -0.0022294 0.999796 0.0200839 0.780867 0.0397719 -0.0199794 0.999009 -0.254202
345 358 38 0.999298 -0.0134845 -0.0349565 0.462661 0.0141548 0.999719 0.0189992 -0.150256 0.0346905 -0.0194807 0.999208 0.873709
345 359 11 0.999265 -0.00791098 -0.0375041 0.64048 0.0085558 0.999818 0.0170642 0.0241806 0.0373622 -0.0173725 0.999151 0.767594
360 361 16 0.999993 0.00190028 -0.00312687 0.203231 -0.00190532 0.999997 -0.00161054 -0.16356 0.0031238 0.00161648 0.999994 0.965373
