0 1 27 0.999986 0.00218484 -0.00478492 0.208949 -0.00217341 0.999995 0.00239346 0.350231 0.00479013 -0.00238303 0.999986 -0.91306
0 2 38 0.999945 0.00909211 -0.00524914 0.21794 -0.00906811 0.999948 0.00457871 0.132338 0.0052905 -0.00453085 0.999976 -0.966948
0 3 16 0.99996 0.00885725 -0.00141471 0.56904 -0.00884473 0.999924 0.00862767 0.11566 0.00149102 -0.00861481 0.999962 0.814135
0 4 107 0.999925 0.012232 -0.000966345 -0.110733 -0.0122209 0.999867 0.010804 -0.173683 0.00109837 -0.0107914 0.999941 0.978556
0 5 17 0.999885 0.0125668 -0.00847002 0.772697 -0.0125266 0.99991 0.0047818 -0.130772 0.00852935 -0.00467515 0.999953 0.621159
0 6 0 1 0 0 0 0 1 0 0 0 0 1 0
0 7 24 0.999974 0.00714148 0.000937122 0.613292 -0.00713477 0.99995 -0.00697654 -0.0196835 -0.000986898 0.00696967 0.999975 0.789611
0 8 11 0.999968 0.00520464 -0.00604286 0.995696 -0.00527449 0.999919 -0.0116016 -0.0922736 0.00598198 0.0116331 0.999914 0.00864809
0 9 59 0.999945 -0.0013585 -0.0104101 0.368605 0.00120708 0.999894 -0.0145382 0.104829 0.0104287 0.0145249 0.99984 -0.923656
0 10 24 0.999824 -0.0147336 -0.0115919 0.705374 0.0145999 0.999827 -0.0115338 -0.0608896 0.0117599 0.0113625 0.999866 0.706215
0 11 168 0.999557 0.0049026 -0.0293504 0.973218 -0.00524449 0.999919 -0.0115829 -0.187178 0.0292912 0.0117317 0.999502 -0.133461
0 12 47 0.999905 0.00145202 -0.0136797 0.987735 -0.00165109 0.999893 -0.0145525 -0.0649483 0.0136571 0.0145737 0.999801 -0.141992
0 13 232 0.999383 0.00308152 -0.0349887 0.998068 -0.00367419 0.999851 -0.0168874 0.0160891 0.0349315 0.0170055 0.999245 0.0600035
0 14 143 0.999597 0.000630755 -0.0283846 0.968683 -0.0010731 0.999878 -0.0155716 -0.0317196 0.0283713 0.0155958 0.999476 -0.246266
15 16 60 0.999981 -0.00622233 9.61479e-05 0.246908 0.00622241 0.99998 -0.000797493 0.276385 -9.11837e-05 0.000798075 1 -0.928788
15 17 46 0.999935 -0.011018 -0.00279805 0.296042 0.0110083 0.999933 -0.00347645 0.240125 0.00283616 0.00344542 0.99999 -0.924499
15 18 53 0.999899 -0.0126552 -0.00646532 0.451455 0.0126355 0.999915 -0.00307498 0.148437 0.00650368 0.00299298 0.999974 -0.879861
15 19 160 0.999821 -0.0106076 -0.0156764 0.831109 0.0106519 0.999939 0.00274488 0.0273195 0.0156463 -0.00291137 0.999873 -0.555438
15 20 16 0.999909 -0.013431 -0.000802408 -0.105094 0.0134329 0.999907 0.00242828 0.288869 0.000769719 -0.00243884 0.999997 -0.951583
15 21 256 0.999753 -0.00918147 -0.0202556 0.801169 0.00900735 0.999922 -0.00867096 0.012421 0.0203336 0.00848637 0.999757 -0.598309
15 22 292 0.999628 -0.00587863 -0.0266343 0.966395 0.00553401 0.9999 -0.0129939 0.226265 0.0267081 0.0128417 0.999561 -0.122003
15 23 265 0.999255 -0.00366082 -0.0384227 0.981227 0.00321485 0.999927 -0.0116625 0.00961901 0.0384625 0.0115303 0.999194 -0.192617
15 24 115 0.999606 0.0228015 0.0163914 -0.857225 -0.0224608 0.999534 -0.0206816 -0.359014 -0.0168553 0.0203053 0.999652 -0.369154
15 25 38 0.999554 0.00455516 -0.0295248 0.815073 -0.00561809 0.999335 -0.0360187 0.226696 0.0293411 0.0361685 0.998915 -0.533165
15 26 257 0.99834 0.0119342 -0.0563479 0.893534 -0.013711 0.999417 -0.0312531 0.0104146 0.0559421 0.0319738 0.997922 -0.448876
15 27 270 0.999304 -0.00638439 0.0367527 -0.804774 0.00749428 0.999518 -0.0301408 0.15737 -0.0365425 0.0303953 0.99887 -0.57234
15 28 245 0.971113 0.00665978 -0.238527 0.889897 -0.0224076 0.997738 -0.0633709 0.150311 0.237565 0.0668851 0.969066 0.430685
15 29 179 0.997157 0.0235582 -0.071568 0.948013 -0.0254494 0.999348 -0.0256295 0.0674426 0.0709175 0.027378 0.997106 -0.311003
30 31 27 0.999944 0.00769132 0.00732591 -0.37188 -0.00770583 0.999968 0.00195402 0.149318 -0.00731065 -0.00201036 0.999971 0.916193
30 32 22 0.999905 0.0115523 0.00751132 -0.208379 -0.0115753 0.999928 0.00302866 0.195009 -0.00747579 -0.00311532 0.999967 0.95841
30 33 33 0.999973 0.00672166 -0.00310706 -0.457842 -0.00671664 0.999976 0.00162236 0.00688643 0.00311789 -0.00160144 0.999994 0.889007
30 34 35 0.999928 0.00503844 -0.0108523 -0.366673 -0.00501556 0.999985 0.00213454 -0.111172 0.0108629 -0.00207996 0.999939 0.923684
30 35 85 0.999865 0.0126494 -0.0105006 0.0779987 -0.012843 0.999745 -0.0185751 0.988092 0.0102629 0.0187075 0.999772 0.132625
30 36 15 0.99993 -0.00110051 -0.0118186 -0.671176 0.00110892 0.999999 0.000705583 -0.0143343 0.0118178 -0.000718639 0.99993 0.74116
30 37 13 0.999448 0.00751148 -0.0323694 0.930419 -0.00754813 0.999971 -0.00101032 0.35581 0.0323609 0.00125409 0.999475 -0.0878644
30 38 41 0.999354 0.0131001 -0.0334528 0.934497 -0.012898 0.999897 0.00624862 0.0659384 0.0335312 -0.00581311 0.999421 -0.34981
30 39 118 0.999107 0.0211831 -0.0365468 0.921392 -0.0211162 0.999775 0.00221608 0.372652 0.0365855 -0.00144237 0.999329 0.110306
30 40 55 0.999632 0.0143135 -0.0230455 -0.364158 -0.0139863 0.9998 0.0142996 -0.250152 0.0232455 -0.013972 0.999632 0.897114
30 41 52 0.999276 0.0265581 -0.0272348 0.366493 -0.0263229 0.999613 0.0089602 0.202749 0.0274622 -0.00823682 0.999589 -0.908061
30 42 42 0.999159 0.000725282 -0.0409888 0.855806 4.13713e-05 0.999825 0.0187 0.0436072 0.0409952 -0.018686 0.998985 -0.515456
30 43 44 0.999454 0.00542347 -0.0326059 0.345102 -0.00485083 0.999833 0.0176161 0.113091 0.032696 -0.0174483 0.999313 -0.931727
30 44 0 1 0 0 0 0 1 0 0 0 0 1 0
45 46 0 1 0 0 0 0 1 0 0 0 0 1 0
45 47 12 0.999961 0.00707609 0.0053662 0.501522 -0.0070652 0.999973 -0.0020455 0.0350764 -0.00538052 0.00200751 0.999984 0.864434
45 48 19 0.999911 0.0133474 -0.000824191 0.335366 -0.013354 0.999874 -0.0085739 0.165536 0.000709648 0.00858414 0.999963 -0.927431
45 49 47 0.999594 0.0199483 -0.0203551 0.525267 -0.019918 0.9998 0.00169017 0.112726 0.0203847 -0.00128405 0.999791 -0.843438
45 50 124 0.996148 0.0149424 -0.0864056 0.917919 -0.0132265 0.999704 0.0203968 -0.0993079 0.0866848 -0.0191753 0.996051 0.384139
45 51 17 0.999745 0.0165939 -0.0153162 -0.401667 -0.0166228 0.99986 -0.00175919 -0.21277 0.0152849 0.00201334 0.999881 0.890726
45 52 0 1 0 0 0 0 1 0 0 0 0 1 0
45 53 13 0.998773 0.0313468 -0.0383357 -0.439544 -0.0320688 0.999317 -0.018365 -0.0743672 0.0377338 0.0195718 0.999096 0.895137
45 54 20 0.998535 0.0528346 -0.0116953 0.992466 -0.052868 0.998598 -0.00256049 0.0256515 0.0115437 0.00317505 0.999928 0.119809
45 55 31 0.998603 0.0495798 0.018265 -0.850361 -0.0497204 0.998736 0.00732592 0.035847 -0.0178787 -0.00822383 0.999806 -0.524978
45 56 15 0.99975 0.0222886 0.00193863 -0.606168 -0.022326 0.999507 0.0220734 0.190195 -0.00144568 -0.0221112 0.999754 -0.77226
45 57 68 0.999119 0.0419142 -0.00203324 -0.777234 -0.0418771 0.998999 0.0157557 0.0535511 0.0026916 -0.0156567 0.999874 -0.626928
45 58 58 0.996129 0.051237 -0.0714318 0.999154 -0.0506595 0.998667 0.00987475 -0.041107 0.0718426 -0.00621782 0.997397 -0.00108989
45 59 39 0.996743 0.0561594 -0.0578673 0.990539 -0.0558317 0.998414 0.00726482 0.012788 0.0581835 -0.00401034 0.998298 0.136633
60 61 0 1 0 0 0 0 1 0 0 0 0 1 0
60 62 21 0.999981 0.0039211 0.00483472 0.33929 -0.00393273 0.999989 0.00239925 0.142822 -0.00482526 -0.00241822 0.999985 0.929776
60 63 34 0.99993 -0.0100016 -0.00624516 0.0586983 0.00999203 0.999949 -0.00156091 -0.104722 0.00626045 0.0014984 0.999979 -0.992768
60 64 0 1 0 0 0 0 1 0 0 0 0 1 0
60 65 30 0.999968 -0.00783053 -0.0018585 0.76972 0.00782057 0.999955 -0.0053073 0.0912149 0.00189997 0.00529259 0.999984 -0.631831
60 66 27 0.999962 -0.00857713 0.00137623 0.281985 0.00859024 0.999915 -0.00981869 0.163367 -0.00129189 0.00983014 0.999951 0.945408
60 67 61 0.999733 -0.00858368 -0.0214388 0.991707 0.00829161 0.999872 -0.0136753 0.111917 0.0215535 0.0134939 0.999677 0.0631733
60 68 44 0.999845 -0.0125124 -0.012364 0.611207 0.0123469 0.999834 -0.0133678 0.157809 0.0125292 0.0132131 0.999834 -0.775579
60 69 188 0.999563 -0.00644169 -0.0288646 0.981524 0.00603109 0.99988 -0.0142894 0.00466972 0.0289532 0.014109 0.999481 -0.191284
60 70 105 0.999508 -0.00746661 -0.0304739 0.964307 0.00707175 0.99989 -0.0130448 0.125438 0.030568 0.0128229 0.99945 -0.233188
60 71 186 0.998682 -0.00574086 -0.0509992 0.958182 0.00529765 0.999947 -0.00882153 0.0850995 0.0510471 0.00853973 0.99866 -0.273211
60 72 158 0.998491 -0.00218078 -0.05487 0.989985 0.00135978 0.999887 -0.0149956 0.132473 0.0548965 0.0148984 0.998381 0.0487991
60 73 104 0.998628 9.86842e-06 -0.0523678 0.993847 -0.00071 0.999911 -0.0133509 0.105366 0.052363 0.0133698 0.998539 -0.0341378
60 74 26 0.999241 -0.0192309 -0.0338753 -0.507828 0.018735 0.999714 -0.0148945 -0.0418971 0.034152 0.0142486 0.999315 0.860439
75 76 17 0.999999 0.000562335 0.00131248 -0.0824706 -0.000563042 1 0.000538945 0.356523 -0.00131217 -0.000539683 0.999999 0.930639
75 77 46 0.999999 0.00043943 -0.000951066 0.449961 -0.000439211 1 0.000230223 0.136347 0.000951167 -0.000229805 1 -0.882578
75 78 26 0.999942 0.0062299 -0.00881597 0.628604 -0.0062317 0.999981 -0.000176403 -0.0706754 0.0088147 0.000231331 0.999961 -0.774508
75 79 34 0.999745 0.013457 -0.0181106 0.986192 -0.0135621 0.999892 -0.00569301 0.136102 0.0180321 0.00593718 0.99982 0.0943467
75 80 35 0.999823 0.0130266 -0.0135707 0.330662 -0.0131146 0.999893 -0.00641492 -0.0877784 0.0134857 0.00659176 0.999887 -0.939658
75 81 44 0.999922 0.0120584 0.00313557 0.193227 -0.011997 0.999749 -0.0189169 0.22348 -0.00336289 0.0188779 0.999816 -0.955364
75 82 57 0.999133 0.0209614 -0.035973 0.814759 -0.0213726 0.99971 -0.0110852 0.0945897 0.0357302 0.0118444 0.999291 -0.572031
75 83 65 0.999141 0.0228717 -0.0345438 0.774506 -0.0232553 0.999672 -0.0107433 0.10421 0.0342867 0.0115374 0.999345 -0.623924
75 84 53 0.998579 0.0531195 0.00425214 -0.253239 -0.0531184 0.998588 -0.000358953 -0.138018 -0.0042652 0.000132576 0.999991 0.957508
75 85 58 0.996254 0.0798579 -0.0331684 0.148602 -0.0841996 0.98323 -0.161767 0.922049 0.0196938 0.163954 0.986271 0.357411
75 86 29 0.998663 0.0330956 -0.0397009 0.170271 -0.0324476 0.999331 0.016857 0.212701 0.0402322 -0.0155463 0.999069 -0.962167
75 87 55 0.999284 0.0272294 -0.0262591 -0.0639973 -0.026142 0.998821 0.0409013 -0.414028 0.0273419 -0.0401856 0.998818 -0.908011
75 88 36 0.998846 0.0467244 -0.0111554 0.299056 -0.0463081 0.998312 0.035045 0.113399 0.012774 -0.034488 0.999323 0.947474
75 89 59 0.998642 0.0414695 -0.0315286 0.697301 -0.0404839 0.99869 0.0312818 0.126467 0.0327845 -0.029963 0.999013 -0.705533
90 91 98 0.999868 0.0130091 0.00969162 -0.323574 -0.012675 0.999349 -0.033772 0.935662 -0.0101247 0.0336447 0.999383 0.140843
90 92 76 0.998989 -0.0077536 -0.0442731 0.807515 0.00713136 0.999874 -0.0141953 0.372207 0.0443776 0.0138652 0.998919 -0.457581
90 93 30 0.999702 -0.015471 -0.0188737 0.30613 0.0154258 0.999878 -0.00253895 0.253599 0.0189107 0.00224705 0.999819 0.91759
90 94 37 0.99967 -0.0156261 -0.0203892 -0.299105 0.0158473 0.999817 0.0107332 -0.169609 0.0202177 -0.0110528 0.999735 -0.939026
90 95 26 0.999678 -0.0157869 -0.019845 0.573512 0.0157913 0.999875 6.82442e-05 0.239846 0.0198414 -0.000381601 0.999803 -0.783299
90 96 78 0.997089 -0.00471157 -0.0761034 0.980779 0.00415854 0.999964 -0.00742367 0.104636 0.0761357 0.00708557 0.997072 -0.164693
90 97 37 0.999336 -0.0120474 -0.0343747 0.81882 0.0117421 0.99989 -0.00906886 0.18315 0.0344802 0.00865921 0.999368 -0.54405
90 98 57 0.999975 0.00446614 -0.00548823 -0.208916 -0.00448743 0.999982 -0.00387214 -0.154937 0.00547084 0.00389667 0.999977 0.965582
90 99 25 0.999028 -0.0128127 -0.0421723 0.462569 0.0125177 0.999895 -0.00725102 -0.0481276 0.0422607 0.00671607 0.999084 -0.885276
90 100 36 0.999026 -0.0132156 -0.0421032 -0.31734 0.0135531 0.999878 0.00774226 -0.0618579 0.0419957 -0.00830535 0.999083 -0.946292
90 101 71 0.994195 0.0470153 0.0967795 -0.399292 -0.0242988 0.97435 -0.223721 0.746986 -0.104815 0.22007 0.969836 0.531581
90 102 25 0.999096 -0.00422912 -0.0423075 0.295255 0.0041078 0.999987 -0.00295391 0.168499 0.0423195 0.00277745 0.9991 0.940443
90 103 23 0.998368 -0.00717926 -0.0566622 0.654929 0.00660218 0.999924 -0.0103653 0.0285886 0.0567323 0.00997424 0.99834 -0.755149
90 104 83 0.98823 0.0144038 -0.152294 0.973301 -0.0200433 0.999167 -0.0355598 0.227944 0.151655 0.0381938 0.987695 -0.0269488
105 106 10 0.999959 0.00909831 0.000319864 -0.148058 -0.00909734 0.999954 -0.00293253 -0.233967 -0.00034653 0.0029295 0.999996 0.960905
105 107 58 0.99961 0.0177195 -0.0215736 0.961956 -0.0177335 0.999843 -0.00045757 -0.0730909 0.0215621 0.000839968 0.999767 -0.263247
105 108 22 0.999681 0.0234422 0.00943753 0.297746 -0.0233465 0.999676 -0.0101215 -0.253844 -0.00967174 0.00989793 0.999904 0.920277
105 109 19 0.999202 0.0379735 0.0123554 0.16142 -0.0377274 0.999096 -0.0195782 0.153032 -0.0130877 0.0190964 0.999732 -0.974949
105 110 0 1 0 0 0 0 1 0 0 0 0 1 0
105 111 38 0.998099 0.0434347 -0.0437345 0.761125 -0.0455202 0.997816 -0.0478756 0.472729 0.0415595 0.0497754 0.997895 -0.44409
105 112 25 0.996334 0.0829312 0.021009 -0.162902 -0.082774 0.996534 -0.00824839 -0.12057 -0.0216203 0.00647915 0.999745 0.979248
105 113 86 0.9972 0.0510989 -0.0546081 0.986642 -0.0522906 0.998419 -0.0206204 0.162667 0.0534681 0.0234182 0.998295 0.00874567
105 114 37 0.998121 0.0559118 -0.0250541 0.947295 -0.0560409 0.998418 -0.00448279 -0.00951306 0.0247638 0.00587842 0.999676 -0.320223
105 115 29 0.998283 0.0511909 0.0284718 -0.139706 -0.0512296 0.998687 0.00062821 -0.335503 -0.0284022 -0.00208573 0.999594 0.931622
105 116 0 1 0 0 0 0 1 0 0 0 0 1 0
105 117 0 1 0 0 0 0 1 0 0 0 0 1 0
105 118 14 0.996041 0.0853449 0.0248626 -0.924088 -0.0830313 0.993114 -0.082643 0.270217 -0.0317445 0.0802515 0.996269 -0.270268
105 119 33 0.999171 0.0392275 0.0109141 -0.0865416 -0.0381055 0.995315 -0.0888574 0.150175 -0.0143487 0.0883679 0.995985 0.984864
120 121 0 1 0 0 0 0 1 0 0 0 0 1 0
120 122 0 1 0 0 0 0 1 0 0 0 0 1 0
120 123 0 1 0 0 0 0 1 0 0 0 0 1 0
120 124 0 1 0 0 0 0 1 0 0 0 0 1 0
120 125 0 1 0 0 0 0 1 0 0 0 0 1 0
120 126 40 0.999129 -0.0409827 -0.00785114 0.439754 0.0414021 0.99709 0.0640164 -0.385112 0.00520473 -0.0642857 0.997918 0.81136
120 127 49 0.995516 -0.037344 0.0869141 -0.780308 0.0366472 0.999282 0.00960001 0.257297 -0.0872102 -0.00637181 0.99617 0.570015
120 128 29 0.999581 -0.0280639 -0.00709027 0.431603 0.0283923 0.99827 0.0514926 -0.155287 0.00563292 -0.0516724 0.998648 0.888597
120 129 30 0.999555 -0.0142605 0.0261811 0.0324281 0.0137061 0.999681 0.0212326 0.361427 -0.0264755 -0.0208643 0.999432 0.931836
120 130 33 0.996844 -0.0148815 0.0779807 -0.350829 0.0143128 0.999867 0.00784655 0.352964 -0.0780871 -0.00670566 0.996924 0.867373
120 131 0 1 0 0 0 0 1 0 0 0 0 1 0
120 132 0 1 0 0 0 0 1 0 0 0 0 1 0
120 133 20 0.99797 -0.0585687 -0.0250018 0.265013 0.0596867 0.997129 0.0465938 0.0165338 0.0222011 -0.0479915 0.998601 0.964103
120 134 41 0.9999 -0.014112 -0.000419882 -0.243423 0.0141063 0.997386 0.0708646 0.165546 -0.00058126 -0.0708635 0.997486 0.955688
135 136 34 0.999966 0.00311019 -0.00764646 -0.394316 -0.00318711 0.999944 -0.0100686 0.238505 0.00761472 0.0100927 0.99992 -0.887485
135 137 35 0.999843 0.0078188 -0.015879 -0.361095 -0.00801388 0.999893 -0.0122589 0.260812 0.0157815 0.0123843 0.999799 -0.895314
135 138 26 0.99973 0.0111058 -0.0204333 -0.72569 -0.0115055 0.999743 -0.0195479 0.197785 0.020211 0.0197777 0.9996 -0.658981
135 139 0 1 0 0 0 0 1 0 0 0 0 1 0
135 140 78 0.998541 -0.000407079 -0.0540035 0.692257 -0.00182603 0.999145 -0.0412954 0.246434 0.0539742 0.0413338 0.997686 0.678271
135 141 136 0.998357 0.027912 -0.0500452 0.391194 -0.0286916 0.999477 -0.0149287 -0.413665 0.0496023 0.0163401 0.998635 0.8221
135 142 83 0.999197 -0.00236644 -0.0399984 -0.887297 0.00103896 0.999449 -0.0331765 0.00203736 0.0400549 0.0331083 0.998649 -0.461194
135 143 77 0.997206 0.0392339 -0.0635666 0.271524 -0.0410817 0.998763 -0.0280267 0.129813 0.0623883 0.0305599 0.997584 0.953637
135 144 101 0.988777 0.138777 -0.0553242 0.040111 -0.149335 0.928827 -0.339085 0.872687 0.00432956 0.343542 0.939127 0.486629
135 145 74 0.996998 0.0364154 -0.068331 -0.951464 -0.0374746 0.999195 -0.0142835 0.0264606 0.0677559 0.0168013 0.99756 -0.306621
135 146 119 0.992985 0.0257092 -0.115409 0.699673 -0.0316381 0.998256 -0.049839 0.354746 0.113926 0.0531407 0.992067 0.620171
135 147 98 0.997598 0.052952 -0.0446538 -0.93585 -0.0532421 0.998567 -0.00533117 -0.0882941 0.0443075 0.00769583 0.998988 0.341159
135 148 53 0.993925 0.0739926 -0.0814696 0.362855 -0.0741765 0.997245 0.00077128 -0.339818 0.0813022 0.00527653 0.996676 0.867675
135 149 126 0.99167 0.0219188 -0.126929 0.825448 -0.0277101 0.998645 -0.0440413 0.31544 0.125792 0.0471916 0.990934 0.468117
150 151 185 0.999906 0.0135341 0.00241182 0.0769858 -0.0135032 0.999832 -0.0123881 0.81227 -0.00257908 0.0123544 0.99992 0.578178
150 152 87 0.999931 0.0114216 0.00272899 0.208995 -0.0114164 0.999933 -0.00188571 0.0374632 -0.00275035 0.00185443 0.999994 0.977199
150 153 0 1 0 0 0 0 1 0 0 0 0 1 0
150 154 0 1 0 0 0 0 1 0 0 0 0 1 0
150 155 24 0.999944 0.00707247 -0.00789096 0.228567 -0.00712848 0.999949 -0.00709194 -0.0963526 0.0078404 0.0071478 0.999944 -0.968748
150 156 35 0.999792 0.00522681 -0.0197357 0.924499 -0.00540038 0.999947 -0.00875184 -0.134115 0.0196889 0.0088566 0.999767 0.356811
150 157 230 0.998435 0.0127455 -0.0544572 0.998681 -0.013253 0.999872 -0.00896742 -0.0509886 0.054336 0.0096751 0.998476 0.0061133
150 158 71 0.999585 -0.000838425 -0.0287836 -0.448586 0.0003703 0.999868 -0.0162651 0.287169 0.0287935 0.0162477 0.999453 -0.846348
150 159 211 0.996971 0.0144754 -0.0764163 0.994649 -0.015719 0.999753 -0.0156971 0.00893294 0.0761702 0.0168507 0.996952 -0.102922
150 160 48 0.999506 0.0186169 -0.0253038 0.95377 -0.0189824 0.999718 -0.0142846 -0.160314 0.0250308 0.0147579 0.999578 0.254208
150 161 42 0.998524 0.0233142 -0.0490454 0.998551 -0.0240739 0.999598 -0.0149575 -0.0287493 0.0486769 0.0161161 0.998685 -0.0454981
150 162 117 0.999538 0.0111981 -0.0282669 -0.963303 -0.0117041 0.999773 -0.0177996 0.00126152 0.0280612 0.0181222 0.999442 0.268414
150 163 156 0.999746 0.0129873 -0.0184073 -0.961082 -0.013385 0.999676 -0.0216511 0.121583 0.0181202 0.021892 0.999596 0.248068
150 164 201 0.992803 -0.0286377 0.116281 -0.892277 0.0290158 0.999578 -0.0015603 -0.210711 -0.116188 0.00492307 0.993215 0.399302
165 166 53 0.999978 0.00371799 -0.00558015 0.28865 -0.00371254 0.999993 0.000987122 -0.283093 0.00558378 -0.000966383 0.999984 0.914625
165 167 30 0.99989 -0.00736643 -0.0128566 0.500567 0.00733893 0.999971 -0.00218441 0.0740401 0.0128723 0.00208982 0.999915 -0.862526
165 168 14 0.99989 0.0124541 -0.00811508 0.976711 -0.0124054 0.999905 0.00602256 -0.107021 0.00818932 -0.00592123 0.999949 -0.185961
165 169 136 0.999613 0.0201206 0.0191878 -0.660495 -0.0201236 0.999797 -3.58492e-05 -0.0697768 -0.0191846 -0.000350292 0.999816 0.747582
165 170 200 0.999026 0.0319401 -0.0304435 0.990552 -0.0319184 0.99949 0.00119561 -0.107069 0.0304661 -0.000222735 0.999536 -0.0856905
165 171 172 0.998376 0.0311606 -0.0476887 0.994236 -0.0314643 0.999489 -0.00563071 -0.0749494 0.0474889 0.00712206 0.998846 0.0766642
165 172 42 0.999838 0.0177215 -0.0031479 0.949917 -0.0177568 0.999775 -0.0115726 0.0122362 0.00294211 0.0116266 0.999928 0.312264
165 173 87 0.999693 0.0189634 -0.0159313 -0.308938 -0.0189598 0.99982 0.000381105 -0.043488 0.0159357 -7.89338e-05 0.999873 -0.950087
165 174 54 0.999144 0.0374421 -0.0175847 0.969822 -0.0373551 0.999288 0.00525246 0.0282822 0.0177688 -0.00459109 0.999832 -0.24217
165 175 70 0.999561 0.0239292 0.0174574 -0.79237 -0.0240559 0.999685 0.00708688 -0.153702 -0.0172823 -0.00750373 0.999822 0.59036
165 176 105 0.998433 0.037666 -0.0413795 0.998418 -0.0373206 0.999262 0.00908728 0.049689 0.0416912 -0.00752873 0.999102 -0.0262998
165 177 30 0.998976 0.0423984 -0.0157869 0.945325 -0.0422052 0.999032 0.0123754 -0.0695062 0.0162963 -0.0116964 0.999799 0.318638
165 178 34 0.999151 0.0379793 -0.0159887 0.998634 -0.0379114 0.999271 0.0045305 0.0116813 0.0161491 -0.0039205 0.999862 0.0509378
165 179 32 0.999111 0.0259066 -0.0332527 0.98765 -0.0260471 0.999653 -0.00379868 0.0425205 0.0331428 0.00466144 0.99944 -0.150799
180 181 67 0.999875 -0.00158119 -0.0157421 0.729286 0.00139569 0.99993 -0.0117877 0.631835 0.0157596 0.0117643 0.999807 -0.262538
180 182 0 1 0 0 0 0 1 0 0 0 0 1 0
180 183 43 0.999765 0.00260392 -0.0215146 0.959635 -0.00255525 0.999994 0.00228949 0.203445 0.0215204 -0.00223398 0.999766 -0.194193
180 184 125 0.999438 0.00406724 -0.0332692 0.965184 -0.00404769 0.999992 0.000654802 0.0865405 0.0332715 -0.000519771 0.999446 -0.246841
180 185 109 0.999508 0.0130461 -0.0285209 0.989159 -0.013008 0.999914 0.00152081 0.127426 0.0285383 -0.00114906 0.999592 -0.0729925
180 186 122 0.99638 0.00732427 -0.0846965 0.987675 -0.00853495 0.999866 -0.0139411 0.131649 0.0845831 0.0146135 0.996309 -0.0846554
180 187 61 0.999591 0.00914893 -0.0271038 0.866744 -0.00929114 0.999944 -0.00512562 0.0227959 0.0270554 0.00537534 0.999619 -0.498233
180 188 125 0.998102 0.0107775 -0.0606278 0.93809 -0.0114502 0.999877 -0.0107593 0.158515 0.0605044 0.0114331 0.998102 -0.307993
180 189 117 0.998417 0.0133686 -0.0546398 0.948401 -0.0140193 0.999835 -0.0115432 0.246468 0.0544765 0.0122909 0.998439 -0.199471
180 190 125 0.998241 0.0171701 -0.0567373 0.907034 -0.0176089 0.999819 -0.00724264 0.0994802 0.0566027 0.00822899 0.998363 -0.409136
180 191 83 0.998153 0.0150823 -0.0588566 0.900546 -0.0155232 0.999855 -0.00704103 0.14483 0.0587419 0.00794166 0.998242 -0.409929
180 192 103 0.999105 -0.0100976 0.0410691 -0.934147 0.00990743 0.999939 0.00483247 -0.173039 -0.0411154 -0.00442126 0.999145 0.312132
180 193 40 0.998311 0.0352868 -0.0461551 0.919925 -0.0351404 0.999374 0.00398022 0.062308 0.0462667 -0.00235159 0.998926 -0.387112
180 194 41 0.99882 0.0169163 -0.0455319 0.685475 -0.0171602 0.99984 -0.00497047 0.088033 0.0454406 0.00574594 0.998951 -0.722755
195 196 41 0.999967 0.00811882 -0.0003343 0.218556 -0.00811876 0.999967 0.000167741 -0.150309 0.00033565 -0.000165022 1 0.964179
195 197 23 0.999945 0.00909481 -0.0052863 0.425615 -0.00906929 0.999947 0.00483282 0.112539 0.00532998 -0.00478461 0.999974 0.897879
195 198 69 0.999503 0.0164903 -0.0268596 0.924483 -0.0163152 0.999844 0.00672785 0.144938 0.0269663 -0.00628629 0.999617 -0.352597
195 199 61 0.99917 0.0404688 -0.00455981 0.171684 -0.0404326 0.999152 0.00778161 0.0114592 0.00487086 -0.00759079 0.999959 0.985085
195 200 30 0.99924 0.0356347 -0.0158283 0.800819 -0.0355223 0.999342 0.0073268 0.0426015 0.0160789 -0.00675897 0.999848 0.59739
195 201 33 0.998368 0.0556167 -0.0129746 0.341187 -0.0556763 0.99844 -0.00427921 0.0366857 0.0127163 0.0049946 0.999907 0.939279
195 202 27 0.99142 0.128856 -0.0219448 0.499826 -0.129449 0.991186 -0.0281685 0.402317 0.0181217 0.0307676 0.999362 0.767017
195 203 85 0.99772 0.0384534 -0.0554668 0.997014 -0.0401435 0.998753 -0.0296851 0.0234588 0.0542561 0.0318441 0.998019 -0.073566
195 204 24 0.995917 0.0897033 -0.0100889 -0.0458715 -0.0898232 0.995884 -0.0121321 -0.0215813 0.00895905 0.0129887 0.999876 0.998714
195 205 26 0.997129 0.0695486 -0.0299607 0.43237 -0.069834 0.997522 -0.00858327 0.0306196 0.0292895 0.0106509 0.999514 0.901176
195 206 39 0.998984 0.0333854 -0.0302718 0.817163 -0.0335861 0.999417 -0.00614555 0.106485 0.0300489 0.00715602 0.999523 -0.566485
195 207 53 0.999522 0.0249437 -0.018249 -0.582672 -0.0251016 0.999649 -0.00847562 -0.113262 0.0180311 0.00892965 0.999798 0.804776
195 208 40 0.999092 0.0404094 0.0134668 -0.940773 -0.0403395 0.999171 -0.00541966 -0.0186682 -0.0136747 0.0048715 0.999895 0.338524
195 209 27 0.998079 0.0569331 -0.0244451 -0.649228 -0.0569364 0.998378 0.000559015 0.0262967 0.0244373 0.000833877 0.999701 -0.760139
210 211 17 0.999993 0.00373713 0.000469806 -0.291328 -0.0037359 0.99999 -0.00257629 0.105544 -0.00047943 0.00257452 0.999997 -0.950783
210 212 42 0.999914 -0.0113443 0.00653555 -0.153557 0.0108907 0.997781 0.065692 -0.956426 -0.00726628 -0.0656152 0.997819 0.248333
210 213 10 0.999752 0.0117948 -0.0189038 0.0979383 -0.0115526 0.99985 0.0128695 -0.0252681 0.0190528 -0.0126479 0.999738 -0.994872
210 214 15 0.999503 0.0260435 -0.0177805 -0.222198 -0.0257387 0.999521 0.0171595 0.151242 0.0182189 -0.0166933 0.999695 0.9632
210 215 42 0.997196 -0.035474 -0.0658955 0.880975 0.034728 0.999319 -0.0124315 0.315346 0.0662917 0.0101082 0.997749 -0.352761
210 216 16 0.99939 0.0273932 -0.021664 -0.211512 -0.02688 0.999359 0.0236325 0.146456 0.0222974 -0.0230358 0.999486 0.96634
210 217 24 0.998826 0.0407908 -0.0261214 -0.172976 -0.040048 0.998795 0.0283524 0.224262 0.0272464 -0.027273 0.999257 0.959055
210 218 17 0.999852 0.00609053 -0.0160878 -0.306803 -0.00584516 0.999867 0.015255 0.119054 0.0161786 -0.0151588 0.999754 -0.944298
210 219 21 0.997999 -0.0624514 0.00984823 -0.0956088 0.0623002 0.997945 0.0149749 0.0289976 -0.0107632 -0.0143314 0.999839 -0.994997
210 220 34 0.997799 -0.0188312 -0.0635809 0.794266 0.0194038 0.999776 0.00840006 0.150259 0.0634085 -0.00961528 0.997941 -0.588697
210 221 52 0.998009 0.00556952 -0.062822 0.975528 -0.00413509 0.999728 0.0229403 0.0209767 0.0629327 -0.0226348 0.997761 -0.218871
210 222 15 0.995852 -0.0893289 -0.017284 0.328407 0.0893246 0.996002 -0.00101967 0.302709 0.017306 -0.000528452 0.99985 -0.894716
210 223 24 0.999662 0.00308457 -0.0258056 0.488452 -0.00248896 0.999731 0.0230808 -0.0524068 0.0258698 -0.0230088 0.9994 -0.871016
210 224 13 0.999375 0.0308701 -0.0172303 0.270045 -0.0303315 0.999069 0.0306905 -0.113035 0.0181616 -0.0301487 0.99938 0.95619
225 226 17 0.999991 -0.00201486 -0.00384757 0.263439 0.00203366 0.999986 0.0048888 -0.10354 0.00383767 -0.00489658 0.999981 0.959103
225 227 24 0.999964 0.00742855 -0.00414161 -0.294965 -0.00741354 0.999966 0.00362689 0.27961 0.00416841 -0.00359605 0.999985 -0.913681
225 228 0 1 0 0 0 0 1 0 0 0 0 1 0
225 229 42 0.999431 0.00857105 0.0326207 -0.993342 -0.0085652 0.999963 -0.000319187 0.0254684 -0.0326222 3.96026e-05 0.999468 0.112353
225 230 31 0.999881 0.0127929 0.00859148 -0.266055 -0.0128583 0.999888 0.00759802 -0.074115 -0.00849332 -0.00770759 0.999934 -0.961104
225 231 0 1 0 0 0 0 1 0 0 0 0 1 0
225 232 15 0.999147 -0.0403633 0.00868347 -0.194883 0.0399428 0.998228 0.0441067 -0.125606 -0.0104484 -0.0437222 0.998989 0.972751
225 233 20 0.999709 0.00372044 -0.0238211 0.204527 -0.00220642 0.997994 0.0632715 0.108245 0.0240087 -0.0632005 0.997712 0.972857
225 234 27 0.986232 0.00795565 0.165176 -0.960606 -0.0182435 0.99798 0.0608606 0.0423583 -0.164358 -0.063036 0.984384 0.274667
225 235 0 1 0 0 0 0 1 0 0 0 0 1 0
225 236 28 0.999943 0.00793842 0.00710792 0.280139 -0.00836028 0.998076 0.0614329 -0.000698366 -0.00660656 -0.0614888 0.998086 0.959959
225 237 39 0.99997 0.0037098 0.00673637 0.286679 -0.0041024 0.998236 0.0592347 -0.00281403 -0.00650473 -0.0592606 0.998221 0.958022
225 238 37 0.999923 -0.0120971 0.0028928 0.291227 0.0117673 0.995399 0.0950918 -0.172021 -0.00402983 -0.0950504 0.995464 0.941061
225 239 48 0.969472 0.0477545 -0.240506 0.989293 -0.0267331 0.99559 0.0899223 -0.145473 0.24374 -0.0807477 0.966473 0.0117239
240 241 66 0.999999 -0.000246805 0.00143182 0.335254 0.000241953 0.999994 0.00338765 -0.202319 -0.00143265 -0.0033873 0.999993 0.920148
240 242 93 0.999987 -0.0046054 0.00236974 0.298574 0.00460054 0.999987 0.00205263 -0.174983 -0.00237916 -0.0020417 0.999995 0.938208
240 243 100 0.999965 -0.00715797 0.00435858 0.31081 0.00715773 0.999974 7.05983e-05 -0.224141 -0.00435898 -3.93983e-05 0.99999 0.923665
240 244 37 0.999982 0.000815332 -0.00596866 0.374737 -0.00085387 0.999979 -0.00645695 -0.171023 0.00596327 0.00646193 0.999961 -0.911221
240 245 125 0.999458 -0.0157394 0.0289053 -0.707896 0.0162181 0.999734 -0.0164005 -0.160741 -0.0286395 0.0168604 0.999448 0.687784
240 246 99 0.999807 -0.0140596 0.0137313 0.297541 0.0141983 0.999849 -0.010057 -0.13299 -0.0135878 0.01025 0.999855 0.945401
240 247 91 0.999667 -0.0232661 0.0111929 0.316421 0.0232848 0.999728 -0.00154355 -0.140912 -0.011154 0.00180366 0.999936 0.938095
240 248 138 0.999934 -0.00757795 -0.00858081 -0.287298 0.00729557 0.999446 -0.0324752 0.924999 0.00882216 0.0324105 0.999436 -0.24867
240 249 184 0.999486 0.00965953 -0.0305847 0.659024 -0.00946464 0.999934 0.00651074 -0.188295 0.0306456 -0.00621792 0.999511 -0.728171
240 250 64 0.999628 -0.00463909 -0.0268776 0.403974 0.00471335 0.999985 0.00270012 0.0313342 0.0268646 -0.0028258 0.999635 -0.914233
240 251 103 0.999476 0.00260643 -0.0322642 0.243863 -0.00230943 0.999955 0.00923887 0.300034 0.0322868 -0.00915952 0.999437 -0.922231
240 252 145 0.998307 0.012889 -0.056713 0.922417 -0.0115172 0.999635 0.0244489 -0.0846461 0.0570074 -0.0237543 0.998091 -0.376805
240 253 158 0.997604 0.0248255 -0.0645713 0.98713 -0.0234532 0.999484 0.0219248 0.0252563 0.0650823 -0.0203579 0.997672 -0.15791
240 254 182 0.997282 0.0293859 -0.0675612 0.964057 -0.02795 0.999365 0.0221015 0.0174312 0.0681677 -0.0201531 0.99747 -0.265122
255 256 14 0.999984 0.005568 -0.00091651 -0.102266 -0.00556727 0.999984 0.000789898 0.903832 0.000920894 -0.000784783 0.999999 -0.415486
255 257 57 0.999583 0.0242126 -0.01573 0.948857 -0.0240064 0.999625 0.0131645 0.106813 0.0160429 -0.0127814 0.99979 -0.29709
255 258 21 0.999189 0.0402036 -0.00233843 0.332054 -0.0401816 0.999154 0.00879284 0.0077566 0.00268996 -0.00869175 0.999959 -0.943228
255 259 24 0.998692 0.0511021 0.00185468 0.267648 -0.0510984 0.998692 -0.00195606 -0.0629162 -0.00195221 0.00185873 0.999996 -0.961461
255 260 23 0.998301 0.0579077 0.00651256 0.283488 -0.0578182 0.99824 -0.0131834 0.102883 -0.00726452 0.0127845 0.999892 -0.953441
255 261 56 0.998418 0.0560433 0.00453494 0.820774 -0.0559534 0.998272 -0.0179688 0.0167379 -0.00553413 0.0176866 0.999828 -0.571008
255 262 27 0.99798 0.0635198 -0.000825211 0.27972 -0.0635251 0.99792 -0.0109459 0.227056 0.000128214 0.0109762 0.99994 -0.932846
255 263 134 0.99684 0.0712258 -0.0351749 0.892802 -0.071254 0.997458 0.000451818 0.0107007 0.0351176 0.00205596 0.999381 -0.450322
255 264 38 0.997907 0.06185 -0.0188706 0.423502 -0.0618967 0.998081 -0.0019025 0.113318 0.0187167 0.00306654 0.99982 -0.89878
255 265 170 0.996742 0.0652515 -0.0474027 0.920001 -0.0650962 0.997867 0.0048148 -0.00592889 0.0476157 -0.00171338 0.998864 -0.391872
255 266 43 0.99734 0.070073 -0.0200615 0.674086 -0.0700524 0.997542 0.00172641 0.0487041 0.0201332 -0.000316459 0.999797 0.737046
255 267 44 0.997556 0.0617539 -0.032695 0.869916 -0.0620213 0.998049 -0.00722819 -0.100537 0.0321848 0.00923831 0.999439 -0.482843
255 268 55 0.998131 0.0584374 -0.0178572 -0.244662 -0.0587297 0.998141 -0.0163109 0.248711 0.0168708 0.0173292 0.999707 -0.937168
255 269 110 0.991992 0.0675639 -0.106713 0.936517 -0.0701031 0.997335 -0.0202209 0.0504362 0.105062 0.0275399 0.994084 -0.346976
270 271 84 0.999998 -0.00185478 -0.000826175 0.345212 0.00185463 0.999998 -0.000187232 -0.198952 0.000826521 0.000185699 1 0.917195
270 272 56 0.999936 0.00441141 -0.01044 0.0851748 -0.00439588 0.999989 0.00151065 0.203391 0.0104466 -0.00146466 0.999944 -0.975386
270 273 27 0.999783 0.00448295 -0.0203664 0.186331 -0.00448463 0.99999 -3.68621e-05 0.00724247 0.0203661 0.00012819 0.999793 -0.98246
270 274 38 0.999634 0.00485433 -0.0266241 -0.189695 -0.00489356 0.999987 -0.0014088 -0.151707 0.0266169 0.00153858 0.999645 0.970052
270 275 42 0.999564 0.00796588 -0.0284377 -0.54596 -0.00790431 0.999966 0.00227674 -0.0127885 0.0284549 -0.00205097 0.999593 -0.837714
270 276 117 0.998128 0.00986672 -0.0603526 0.979237 -0.00983212 0.999951 0.000870229 -0.109347 0.0603583 -0.000275206 0.998177 0.1707
270 277 65 0.998761 0.0143031 -0.0476674 0.146062 -0.0146282 0.999872 -0.00647731 0.244927 0.0475687 0.00716658 0.998842 -0.958476
270 278 17 0.998411 0.0160667 -0.0540119 0.971944 -0.0160754 0.999871 0.000271996 0.040249 0.0540093 0.000596701 0.99854 -0.231744
270 279 63 0.997309 0.0255584 -0.0687122 0.500936 -0.0250452 0.999652 0.00832138 0.198323 0.0689009 -0.00657808 0.997602 -0.842456
270 280 42 0.997257 0.0235664 -0.0701718 0.467499 -0.0232074 0.999713 0.00592672 0.196651 0.0702913 -0.00428196 0.997517 -0.861843
270 281 190 0.994127 0.0324699 -0.103235 0.786539 -0.0321556 0.999472 0.00470716 0.201185 0.103333 -0.00135995 0.994646 -0.58385
270 282 118 0.995462 0.0300059 -0.0903041 0.217372 -0.029403 0.999536 0.00799917 0.228899 0.0905022 -0.00530766 0.995882 -0.94887
270 283 122 0.996873 0.0271961 -0.0741972 -0.861195 -0.0265354 0.999599 0.00987592 -0.236614 0.0744361 -0.00787619 0.997195 -0.449841
270 284 102 0.997692 0.0228599 -0.0639434 -0.752682 -0.0228375 0.999739 0.00108114 0.144095 0.0639514 0.000381657 0.997953 -0.642422
285 286 45 0.999946 -0.00382761 -0.00965094 0.231994 0.00380899 0.999991 -0.00194677 0.215932 0.00965831 0.0019099 0.999952 -0.948447
285 287 31 0.999982 -0.00565707 -0.00182178 -0.709306 0.00566035 0.999982 0.00180113 -0.095493 0.00181156 -0.00181141 0.999997 -0.698402
285 288 96 0.999105 0.026018 -0.0333495 0.534977 -0.0247843 0.999012 0.0368855 -0.484161 0.0342762 -0.0360259 0.998763 -0.692378
285 289 42 0.99951 -0.00161319 -0.0312525 -0.25222 0.00216339 0.999843 0.0175792 -0.145499 0.0312192 -0.0176382 0.999357 0.956669
285 290 42 0.999072 0.000839028 -0.0430736 0.263891 0.000392184 0.999592 0.0285675 -0.0653794 0.04308 -0.0285578 0.998663 -0.962334
285 291 59 0.998809 0.00787375 -0.0481519 0.303394 -0.00619428 0.999371 0.0349291 0.113289 0.0483966 -0.0345892 0.998229 -0.946107
285 292 112 0.997575 0.0208354 -0.0664139 0.861322 -0.0182052 0.999035 0.0399648 0.20651 0.0671825 -0.0386588 0.996991 -0.464196
285 293 95 0.998665 0.0227167 -0.0463825 -0.228546 -0.0204219 0.998572 0.0493645 0.00883674 0.0474376 -0.0483514 0.997703 -0.973493
285 294 96 0.996341 0.0240448 -0.0820186 0.753219 -0.0201913 0.998667 0.0474927 0.196428 0.0830513 -0.0456629 0.995499 -0.627755
285 295 81 0.997125 0.0465275 -0.0598036 -0.10127 -0.0432247 0.997529 0.0553829 -0.111327 0.0622327 -0.0526387 0.996673 -0.988611
285 296 109 0.995348 0.0362176 -0.0892751 0.297729 -0.0323346 0.998483 0.0445635 0.228134 0.0907536 -0.0414696 0.99501 -0.926991
285 297 89 0.996166 0.0439862 -0.075627 -0.333505 -0.0398012 0.997638 0.0559828 0.116397 0.0779108 -0.0527581 0.995563 -0.935535
285 298 114 0.988355 0.0542887 -0.142153 0.979727 -0.0460626 0.997103 0.0605353 -0.09377 0.145027 -0.0532824 0.987992 0.177035
285 299 133 0.983452 0.071809 -0.166331 0.98143 -0.064552 0.996728 0.0486393 0.110196 0.16928 -0.0370974 0.98487 -0.157011
300 301 155 0.99975 -0.000584565 -0.0223347 0.985167 0.000743786 0.999974 0.00712126 -0.0576962 0.0223299 -0.0071361 0.999725 -0.16161
300 302 27 0.999885 -0.006425 -0.0137489 0.634933 0.00655146 0.999936 0.00917249 -0.22739 0.0136891 -0.00926151 0.999863 0.738345
300 303 70 0.999918 0.00136355 -0.0127567 0.428266 -0.00121093 0.999928 0.0119641 -0.147232 0.0127721 -0.0119477 0.999847 0.891578
300 304 57 0.999871 0.0121136 -0.0105271 -0.404838 -0.0120001 0.99987 0.0107815 0.20537 0.0106563 -0.0106538 0.999886 -0.891027
300 305 54 0.999583 0.0260006 -0.0125514 0.550079 -0.0258691 0.99961 0.0105307 0.0946337 0.0128203 -0.0102017 0.999866 0.829734
300 306 101 0.999803 0.0162285 -0.0114008 -0.39006 -0.0163294 0.999828 -0.0088106 0.773841 0.0112558 0.00899503 0.999896 -0.499023
300 307 103 0.999266 0.0370399 -0.00979599 0.502457 -0.0371051 0.99929 -0.00655867 0.0102827 0.0095461 0.00691734 0.999931 0.864541
300 308 120 0.999255 0.0379534 -0.00701235 -0.446757 -0.0380144 0.999239 -0.00878414 -0.0812674 0.00667363 0.00904417 0.999937 -0.890957
300 309 366 0.997682 0.049648 -0.0465329 0.87519 -0.0513844 0.997997 -0.036894 0.483409 0.044608 0.0391995 0.998235 0.0189108
300 310 119 0.999959 0.00694229 -0.00580069 -0.459012 -0.00721702 0.998784 -0.0487667 0.785785 0.00545508 0.0488065 0.998793 -0.414548
300 311 275 0.999619 -0.0116297 -0.025013 0.586705 0.0107845 0.999375 -0.0336637 -0.581616 0.0253889 0.0333811 0.99912 -0.563471
300 312 80 0.999926 0.0107628 -0.00563235 -0.63207 -0.0109873 0.99908 -0.041457 -0.0852468 0.00518097 0.0415158 0.999124 -0.770208
300 313 260 0.999987 0.00349397 -0.00376162 -0.494677 -0.00364369 0.99917 -0.0405596 -0.0839808 0.00361678 0.0405728 0.99917 -0.86501
300 314 82 0.999752 -0.0222474 -0.00125595 -0.909569 0.0221252 0.997793 -0.0626125 0.412752 0.00264615 0.0625692 0.998037 -0.0481736
315 316 22 0.999988 -0.00408743 0.00268358 0.397465 0.00408645 0.999992 0.00037084 0.0750593 -0.00268508 -0.000359869 0.999996 -0.914542
315 317 209 0.999954 -0.00597168 -0.00755382 0.754902 0.00593863 0.999973 -0.00439007 0.38435 0.00757983 0.004345 0.999962 -0.531411
315 318 42 0.999943 -0.00586237 0.00895707 0.232248 0.00580492 0.999963 0.0064265 0.184586 -0.00899441 -0.00637413 0.999939 -0.954981
315 319 429 0.999915 0.00235461 -0.0127936 0.934247 -0.00230054 0.999988 0.00423981 0.288111 0.0128034 -0.00421002 0.999909 -0.210176
315 320 46 0.99987 -0.0024523 0.0159335 0.221085 0.00223767 0.999907 0.0134741 0.207898 -0.0159651 -0.0134367 0.999782 -0.952838
315 321 70 0.999729 0.00439984 0.0228461 0.297396 -0.00472715 0.999887 0.0142926 0.154718 -0.0227806 -0.0143967 0.999637 -0.942135
315 322 51 0.999599 0.00851392 0.0270089 0.372149 -0.00879228 0.999909 0.0102042 0.248651 -0.0269195 -0.0104376 0.999583 -0.894247
315 323 19 0.999425 0.00697952 0.0331661 0.65001 -0.00734234 0.999914 0.0108303 -0.165469 -0.0330877 -0.0110676 0.999391 0.741692
315 324 26 0.999341 0.00672066 0.0356844 -0.662325 -0.00730921 0.999839 0.0163885 -0.192879 -0.0355685 -0.0166385 0.999229 -0.723963
315 325 38 0.99966 0.0102778 0.02396 0.371068 -0.0106449 0.999827 0.015245 0.26206 -0.0237991 -0.0154949 0.999597 -0.890861
315 326 56 0.999769 0.00899863 0.0195345 0.414404 -0.00932162 0.99982 0.0165069 0.330294 -0.0193825 -0.0166852 0.999673 -0.848042
315 327 23 0.999794 0.00837365 0.0184701 0.941132 -0.00875892 0.999744 0.0208778 -0.071007 -0.0182905 -0.0210352 0.999611 0.330498
315 328 27 0.999727 0.0135766 0.0190042 -0.720865 -0.0141084 0.999505 0.0281328 -0.0359247 -0.0186128 -0.0283932 0.999424 -0.692144
315 329 88 0.999717 0.0192884 0.0138998 -0.471455 -0.0197485 0.999235 0.0337599 0.0342299 -0.013238 -0.0340249 0.999333 -0.881226
330 331 10 0.99997 0.00130876 -0.00765383 0.0374269 -0.00131427 0.999999 -0.000715314 0.276286 0.00765289 0.000725351 0.99997 -0.960346
330 332 34 0.999938 0.00165789 -0.0110188 0.248256 -0.00166921 0.999998 -0.00101806 0.132107 0.0110171 0.00103639 0.999939 -0.959644
330 333 54 0.999876 0.00161647 -0.0156806 0.395464 -0.00161802 0.999999 -8.64575e-05 0.101792 0.0156805 0.000111818 0.999877 -0.912823
330 334 44 0.999773 -0.000381252 -0.0212932 0.391104 0.000401589 0.999999 0.000950826 0.182405 0.0212928 -0.000959161 0.999773 -0.90209
330 335 31 0.999794 -0.00326287 -0.0200351 -0.350506 0.00324253 0.999994 -0.00104737 0.221618 0.0200384 0.000982189 0.999799 -0.909962
330 336 123 0.99925 0.00653947 -0.0381603 0.988451 -0.00671609 0.999967 -0.00450209 0.0334236 0.0381296 0.004755 0.999261 -0.147806
330 337 20 0.999701 0.0129182 -0.0207769 0.775869 -0.0130796 0.999885 -0.00765315 0.0326012 0.0206756 0.00792262 0.999755 0.630052
330 338 73 0.999273 0.0159281 -0.0346283 0.392747 -0.0163087 0.999809 -0.0107362 0.190423 0.0344507 0.0112931 0.999343 -0.899716
330 339 18 0.999202 0.0240726 -0.0318798 0.925665 -0.0245652 0.999583 -0.0151522 0.369418 0.0315018 0.0159232 0.999377 -0.0816947
330 340 157 0.9993 0.0169737 -0.0333336 -0.42029 -0.0177577 0.999569 -0.0233678 0.243941 0.0329226 0.0239434 0.999171 -0.873985
330 341 167 0.998402 0.0187193 -0.0533281 0.380164 -0.0197305 0.999634 -0.0184989 0.203048 0.0529623 0.0195216 0.998406 -0.902356
330 342 47 0.99801 0.0206485 -0.0595863 0.681839 -0.0215308 0.999667 -0.0142045 0.13975 0.0592732 0.0154591 0.998122 -0.718029
330 343 155 0.998012 0.0231503 -0.0586162 0.201935 -0.0234832 0.999712 -0.00499589 0.112916 0.0584837 0.00636245 0.998268 -0.972868
330 344 127 0.996981 0.0324593 -0.0705383 0.765979 -0.0323012 0.999472 0.00338064 0.255442 0.0706108 -0.00109196 0.997503 -0.589936
345 346 0 1 0 0 0 0 1 0 0 0 0 1 0
345 347 181 0.999869 0.00094526 -0.0161561 0.545395 -0.000466117 0.999561 0.0296351 -0.838101 0.0161771 -0.0296236 0.99943 0.0114269
