0 1 30 0.99998 0.00268609 -0.00575404 0.368643 -0.0026747 0.999994 0.00198527 0.057989 0.00575934 -0.00196984 0.999981 -0.92776
0 2 12 0.999957 0.00713036 -0.00588914 0.0299504 -0.00710064 0.999962 0.00505124 0.0658878 0.00592494 -0.00500921 0.99997 -0.997377
0 3 0 1 0 0 0 0 1 0 0 0 0 1 0
0 4 0 1 0 0 0 0 1 0 0 0 0 1 0
0 5 44 0.999772 0.0137993 -0.0163254 0.931893 -0.013756 0.999902 0.00276132 0.000739627 0.0163619 -0.00253612 0.999863 0.362733
0 6 0 1 0 0 0 0 1 0 0 0 0 1 0
0 7 211 0.999696 -0.000415673 0.0246408 -0.924343 0.000634543 0.99996 -0.00887526 0.1476 -0.0246362 0.0088882 0.999657 -0.351859
0 8 24 0.999992 0.00371564 -0.0015876 0.487606 -0.00373343 0.999929 -0.0113526 -0.038987 0.00154531 0.0113585 0.999934 0.872193
0 9 0 1 0 0 0 0 1 0 0 0 0 1 0
0 10 223 0.999129 -0.000147726 -0.0417227 0.990475 -0.00033815 0.999932 -0.0116381 -0.13323 0.0417216 0.011642 0.999061 0.0347751
0 11 202 0.998718 0.0073252 -0.0500838 0.988407 -0.00806883 0.99986 -0.0146617 -0.0772011 0.0499694 0.015047 0.998637 0.130732
0 12 158 0.999874 -0.00979105 0.0124622 -0.811089 0.00997597 0.99984 -0.0148639 0.187984 -0.0123147 0.0149863 0.999812 -0.553893
0 13 128 0.999575 0.00486684 -0.0287474 0.983951 -0.00530759 0.999869 -0.0152752 -0.0530021 0.0286693 0.0154213 0.99947 -0.170385
0 14 58 0.999808 0.00556221 -0.0187954 0.753333 -0.00588637 0.999834 -0.0172359 -0.00253591 0.0186964 0.0173433 0.999675 -0.657634
15 16 0 1 0 0 0 0 1 0 0 0 0 1 0
15 17 37 0.999922 -0.0121838 -0.002776 0.271986 0.0121737 0.999919 -0.00362839 0.170825 0.00281999 0.00359431 0.99999 -0.947018
15 18 22 0.999913 -0.0123938 -0.00446073 0.114869 0.0123879 0.999922 -0.00134161 -0.0303095 0.00447701 0.00128623 0.999989 -0.992918
15 19 55 0.999947 -0.00890736 -0.00525053 0.293807 0.00891209 0.99996 0.000876867 0.228767 0.00524251 -0.000923613 0.999986 -0.928086
15 20 10 0.99996 -0.0083945 -0.0030594 0.871462 0.00839913 0.999964 0.0015012 -0.0482062 0.00304669 -0.00152684 0.999994 -0.488088
15 21 240 0.999546 -0.0135023 -0.0269456 0.859916 0.0131801 0.99984 -0.0121001 0.123725 0.0271046 0.0117394 0.999564 -0.495214
15 22 35 0.999893 -0.00706194 -0.0128354 0.917961 0.00696255 0.999946 -0.00777177 0.108142 0.0128896 0.00768157 0.999887 -0.381644
15 23 179 0.999855 -0.0131303 0.0108686 -0.741928 0.0132545 0.999847 -0.0114318 0.084436 -0.0107168 0.0115742 0.999876 -0.665141
15 24 122 0.999248 -0.000367934 -0.038781 0.9964 -0.000511413 0.999743 -0.0226623 0.00604983 0.0387793 0.0226651 0.998991 -0.0845655
15 25 75 0.999396 0.00149253 -0.0347247 0.87789 -0.00272085 0.999371 -0.0353528 0.155152 0.0346501 0.0354259 0.998771 -0.453031
15 26 231 0.997314 0.00866822 -0.0727236 0.962086 -0.0121544 0.998791 -0.0476332 0.272207 0.0722228 0.0483892 0.996214 -0.0171506
15 27 235 0.998224 0.0137923 -0.0579603 0.967502 -0.0156537 0.999372 -0.0317835 0.0999045 0.0574855 0.0326343 0.997813 -0.232292
15 28 174 0.999875 0.010937 0.0113785 -0.61522 -0.010697 0.999724 -0.0209388 -0.0105777 -0.0116043 0.0208145 0.999716 -0.788285
15 29 148 0.997474 0.0247071 -0.0666015 0.876723 -0.0262356 0.99941 -0.0221737 -0.00736571 0.0660143 0.023865 0.997533 -0.48094
30 31 0 1 0 0 0 0 1 0 0 0 0 1 0
30 32 116 0.999552 0.00854754 0.0286988 -0.962519 -0.0086506 0.999957 0.00346889 -0.0206671 -0.0286679 -0.00371559 0.999582 0.270426
30 33 13 0.999933 0.0051538 0.0103835 -0.987726 -0.00517912 0.999984 0.00241255 -0.0528105 -0.0103709 -0.00246617 0.999943 0.146999
30 34 0 1 0 0 0 0 1 0 0 0 0 1 0
30 35 37 0.999923 0.00554137 -0.0110844 -0.35022 -0.00548951 0.999974 0.00470372 -0.302099 0.0111102 -0.00464251 0.999928 0.886613
30 36 15 0.999922 -0.00229611 -0.0123147 0.665243 0.00230181 0.999997 0.000448924 0.0170473 0.0123136 -0.000477235 0.999924 -0.746432
30 37 10 0.999864 0.00170722 -0.0164045 0.898205 -0.00167669 0.999997 0.00187468 0.149067 0.0164076 -0.00184692 0.999864 -0.41353
30 38 32 0.999682 0.0139488 -0.0209877 0.828008 -0.0138149 0.999883 0.00651053 0.105096 0.0210761 -0.00621851 0.999759 -0.55078
30 39 10 0.999818 0.01751 -0.00755901 0.979573 -0.0174195 0.999778 0.0118741 0.0990654 0.00776525 -0.0117403 0.999901 -0.174991
30 40 23 0.999626 0.0173843 -0.021097 0.675054 -0.017112 0.999769 0.0130191 0.201481 0.0213185 -0.0126532 0.999693 -0.709724
30 41 33 0.999189 0.00854487 -0.0393526 0.892841 -0.00780556 0.999791 0.0189024 0.107045 0.0395059 -0.0185799 0.999047 -0.437465
30 42 31 0.999207 0.00118314 -0.0398098 0.929988 -0.000459355 0.999835 0.0181854 0.0806235 0.0398247 -0.0181527 0.999042 -0.358639
30 43 78 0.998623 0.00581876 -0.052128 0.986059 -0.00507465 0.999883 0.0143957 0.0876869 0.0522057 -0.0141113 0.998537 -0.141414
30 44 22 0.997822 0.0060812 -0.0656892 0.940434 -0.00465608 0.999751 0.0218263 0.134115 0.0658056 -0.0214729 0.997601 -0.312405
45 46 78 0.999865 0.00524611 -0.0155778 0.949521 -0.00514667 0.999966 0.00641651 -0.213874 0.0156109 -0.00633547 0.999858 0.229493
45 47 30 0.999927 0.0108245 0.00544861 0.372093 -0.01081 0.999938 -0.00269084 -0.0474182 -0.0054774 0.00263174 0.999982 0.926983
45 48 0 1 0 0 0 0 1 0 0 0 0 1 0
45 49 33 0.999672 0.0210414 -0.0145873 0.394847 -0.0210535 0.999778 -0.000680021 0.229235 0.0145698 0.000986912 0.999893 -0.88969
45 50 0 1 0 0 0 0 1 0 0 0 0 1 0
45 51 31 0.999017 0.0424796 -0.0126536 0.630859 -0.042652 0.998996 -0.0136829 0.176617 0.0120597 0.0142092 0.999826 0.755529
45 52 27 0.999331 0.0359348 -0.00684717 -0.879064 -0.0360596 0.999168 -0.0190678 -0.154728 0.00615627 0.019302 0.999795 -0.450894
45 53 52 0.995768 0.039723 -0.0828701 0.999243 -0.041494 0.998943 -0.0197581 0.0361281 0.0819977 0.0231131 0.996364 0.0143943
45 54 73 0.997049 0.0621675 -0.0450339 0.993859 -0.0624931 0.998028 -0.00585823 0.087862 0.0445809 0.00865525 0.998968 -0.0672678
45 55 38 0.997617 0.0608473 -0.0325182 0.912915 -0.0606834 0.998139 0.00600422 -0.0216146 0.032823 -0.0040166 0.999453 -0.407576
45 56 58 0.996555 0.0575424 -0.0597314 0.999485 -0.0568451 0.998294 0.0133105 0.0318282 0.0603955 -0.00986916 0.998126 0.0040761
45 57 36 0.998209 0.048932 -0.0344185 0.968236 -0.0484642 0.998723 0.014299 0.013859 0.0350742 -0.0126053 0.999305 0.249652
45 58 32 0.997529 0.0523286 -0.0468815 0.993985 -0.0520051 0.998614 0.00809521 0.0240019 0.0472401 -0.00563713 0.998868 0.10685
45 59 80 0.995691 0.0528709 -0.076187 0.996279 -0.0527872 0.998601 0.00311338 0.0582758 0.076245 0.000921737 0.997089 0.0634956
60 61 0 1 0 0 0 0 1 0 0 0 0 1 0
60 62 74 0.999957 0.00563145 -0.00741637 0.847613 -0.00566148 0.999976 -0.00403444 0.304011 0.00739347 0.00407625 0.999964 0.434889
60 63 13 0.999982 -0.00371951 -0.00467671 0.983818 0.00370796 0.99999 -0.00247677 0.0723848 0.00468587 0.00245939 0.999986 -0.163898
60 64 43 0.999891 -0.011913 -0.00875422 -0.2251 0.0118923 0.999926 -0.00241255 0.107575 0.00878231 0.00230817 0.999959 0.968379
60 65 92 0.999808 -0.011757 0.0156566 -0.990972 0.0118129 0.999924 -0.00348492 -0.0702813 -0.0156144 0.0036692 0.999871 -0.114172
60 66 34 0.999898 -0.0139904 -0.00286369 0.973133 0.0139635 0.99986 -0.00921692 0.00371537 0.00299224 0.00917599 0.999953 -0.230212
60 67 47 0.999733 -0.0131943 -0.01897 0.96585 0.012965 0.999842 -0.012158 0.0750775 0.0191275 0.0119088 0.999746 -0.247986
60 68 176 0.999259 -0.00625183 -0.037988 0.996026 0.00582743 0.999919 -0.0112725 -0.024611 0.0380554 0.0110428 0.999215 -0.0855993
60 69 55 0.999816 -0.00740163 -0.017716 0.882671 0.0071307 0.999857 -0.0153074 0.0620859 0.0178267 0.0151783 0.999726 -0.465872
60 70 60 0.999624 -0.0113799 -0.0249611 0.837366 0.0111247 0.999885 -0.0103389 0.0446893 0.0250759 0.0100573 0.999635 -0.544812
60 71 164 0.998768 -0.00780236 -0.0490048 0.972509 0.00747682 0.999949 -0.00682287 0.0387155 0.0490555 0.00644806 0.998775 -0.229626
60 72 32 0.999838 -0.00622471 -0.0168854 0.448513 0.00607891 0.999944 -0.00867223 0.0933602 0.0169385 0.00856818 0.99982 0.888887
60 73 128 0.998395 0.00227464 -0.0565865 0.980726 -0.00282989 0.999949 -0.0097342 0.0449486 0.0565615 0.00987871 0.99835 -0.190147
60 74 91 0.998956 0.000595083 -0.0456781 0.851096 -0.000872264 0.999981 -0.00604845 -0.0311646 0.0456736 0.00608198 0.998938 -0.524085
75 76 10 0.999993 0.00259613 0.00261971 0.463516 -0.00259586 0.999997 -0.000105881 0.383177 -0.00261998 9.90802e-05 0.999997 -0.798954
75 77 0 1 0 0 0 0 1 0 0 0 0 1 0
75 78 0 1 0 0 0 0 1 0 0 0 0 1 0
75 79 43 0.999781 0.00983273 -0.0184934 0.996592 -0.00990264 0.999944 -0.00369252 0.0124614 0.0184561 0.00387485 0.999822 -0.0815381
75 80 34 0.999691 0.0187549 -0.0163213 0.97265 -0.0189269 0.999766 -0.0104443 0.117067 0.0161216 0.0107499 0.999812 -0.200615
75 81 57 0.999536 0.0194948 -0.0234056 0.810961 -0.0198503 0.99969 -0.0150537 0.147213 0.0231048 0.0155113 0.999613 -0.566278
75 82 52 0.999327 0.0203874 -0.0305042 0.790971 -0.0208378 0.999677 -0.014521 0.210999 0.0301983 0.0151468 0.999429 -0.57432
75 83 158 0.998197 0.0306063 -0.0516311 0.88107 -0.0321539 0.99905 -0.0294141 0.467428 0.0506818 0.0310213 0.998233 0.0722943
75 84 110 0.998709 0.0317808 -0.0396354 0.885667 -0.0323326 0.999388 -0.0133592 0.216231 0.0391866 0.0146234 0.999125 -0.4109
75 85 38 0.996964 0.0776588 0.00570143 -0.112699 -0.0776682 0.996978 0.00145577 0.286656 -0.00557115 -0.00189417 0.999983 0.951382
75 86 16 0.997798 0.0651848 -0.0122888 -0.184621 -0.064737 0.997327 0.03387 -0.67771 0.0144637 -0.0329999 0.999351 -0.711775
75 87 118 0.998069 0.0458903 -0.0418584 0.897375 -0.0447254 0.998597 0.0283543 0.199043 0.0431008 -0.0264274 0.998721 -0.393828
75 88 114 0.998361 0.0461827 -0.0337887 0.897576 -0.0451588 0.998515 0.0304636 0.192392 0.0351454 -0.0288878 0.998965 -0.396664
75 89 30 0.998911 0.0443365 -0.0144988 0.339187 -0.0438174 0.998449 0.034349 0.179354 0.0159992 -0.0336763 0.999305 0.923463
90 91 14 0.999982 -0.00534873 -0.00275756 0.233453 0.00532321 0.999944 -0.0091796 0.332048 0.0028065 0.00916475 0.999954 0.913917
90 92 75 0.998559 -0.014183 -0.0517619 0.778378 0.0127862 0.999548 -0.0272168 0.513306 0.0521245 0.0265158 0.998289 -0.361448
90 93 33 0.999841 -0.00908685 -0.0153555 0.392224 0.00915064 0.99995 0.00408959 0.201652 0.0153175 -0.00422945 0.999874 -0.897495
90 94 56 0.999876 -0.0148795 -0.00509386 -0.17396 0.0149076 0.999874 0.00553145 -0.322265 0.00501091 -0.0056067 0.999972 0.930529
90 95 41 0.999566 -0.0125951 -0.0266423 0.735765 0.0125877 0.999921 -0.00044578 0.224938 0.0266458 0.000110221 0.999645 -0.63879
90 96 58 0.998974 -0.00938304 -0.0443154 0.928713 0.00928371 0.999954 -0.00244679 0.0803661 0.0443363 0.00203287 0.999015 -0.361986
90 97 48 0.999854 -0.0160374 -0.0058403 -0.173822 0.0159832 0.99983 -0.00921455 -0.228739 0.00598709 0.00911986 0.99994 0.957844
90 98 80 0.998577 -0.010006 -0.0523731 0.89722 0.00928948 0.99986 -0.0139073 0.172615 0.0525049 0.013401 0.998531 -0.406448
90 99 32 0.99885 -0.0143785 -0.0457481 0.740626 0.0138479 0.999833 -0.0118948 0.120992 0.0459115 0.0112476 0.998882 -0.660935
90 100 33 0.999602 -0.0211281 -0.0186962 -0.322026 0.0209522 0.999735 -0.00955474 -0.195205 0.0188931 0.00915921 0.99978 0.926388
90 101 77 0.996643 -0.00969521 -0.0812997 0.932381 0.00884611 0.999903 -0.0107977 0.14101 0.0813965 0.0100422 0.996631 -0.332839
90 102 38 0.998361 -0.00604181 -0.0569151 0.904354 0.00569542 0.999964 -0.00624635 0.0990191 0.0569508 0.00591196 0.998359 -0.415137
90 103 52 0.993352 0.008943 -0.114765 0.962209 -0.00982575 0.999926 -0.00712846 0.0449549 0.114692 0.00820872 0.993367 -0.268576
90 104 61 0.989568 0.0159823 -0.143175 0.954072 -0.0224216 0.998803 -0.0434748 0.287575 0.142309 0.0462315 0.988742 0.0839451
105 106 0 1 0 0 0 0 1 0 0 0 0 1 0
105 107 11 0.999915 0.0130454 -0.000397197 -0.684679 -0.0130467 0.999909 -0.00347736 -0.0590098 0.000351797 0.00348225 0.999994 0.726452
105 108 0 1 0 0 0 0 1 0 0 0 0 1 0
105 109 43 0.998965 0.0423302 -0.0166635 0.994635 -0.0425668 0.998994 -0.0141077 -0.0419393 0.0160495 0.0148024 0.999762 -0.0945659
105 110 49 0.998495 0.0527116 -0.0151325 0.921415 -0.0529683 0.99845 -0.0170949 -0.0570525 0.014208 0.0178707 0.999739 -0.384368
105 111 48 0.998209 0.0590267 -0.00975052 0.610091 -0.0591518 0.998163 -0.0130764 0.0195776 0.00896075 0.0136297 0.999867 -0.792089
105 112 42 0.99817 0.0589899 -0.0132884 0.837045 -0.0591174 0.998207 -0.00941819 0.0164651 0.012709 0.0101865 0.999867 -0.546886
105 113 41 0.997465 0.0601516 -0.0380086 0.979822 -0.0604471 0.998149 -0.00667378 -0.0248148 0.0375368 0.00895437 0.999255 -0.198327
105 114 45 0.998146 0.0549276 -0.026215 0.965686 -0.0550909 0.998466 -0.00554506 0.0259682 0.0258702 0.00697899 0.999641 -0.258411
105 115 18 0.998732 0.0442413 0.0240363 0.252253 -0.0439835 0.99897 -0.011151 0.240728 -0.0245049 0.0100797 0.999649 -0.93724
105 116 13 0.998396 0.050684 0.0252317 -0.16991 -0.0499579 0.998341 -0.0286227 -0.271477 -0.0266405 0.0273163 0.999272 0.947328
105 117 0 1 0 0 0 0 1 0 0 0 0 1 0
105 118 13 0.999176 0.0370938 0.0164537 0.0170129 -0.0356252 0.995995 -0.0820079 0.788684 -0.0194298 0.0813541 0.996496 0.614564
105 119 25 0.998254 0.0565116 0.0172009 -0.141459 -0.0548442 0.994827 -0.0855062 0.197676 -0.021944 0.0844135 0.996189 0.970007
120 121 10 0.999585 0.0243854 0.0153592 0.140043 -0.0244193 0.9997 0.00202489 0.402818 -0.0153052 -0.00239911 0.99988 0.904503
120 122 0 1 0 0 0 0 1 0 0 0 0 1 0
120 123 18 0.999719 0.00997864 0.0215126 -0.733631 -0.0103327 0.999812 0.0164106 0.135765 -0.0213448 -0.0166283 0.999634 -0.665848
120 124 17 0.999501 0.0209107 0.0236717 0.577966 -0.021555 0.999395 0.0273 -0.208329 -0.0230865 -0.0277966 0.999347 0.789021
120 125 0 1 0 0 0 0 1 0 0 0 0 1 0
120 126 47 0.998726 -0.05045 0.000539427 0.308782 0.0502636 0.995848 0.0758994 -0.631177 -0.00436631 -0.0757756 0.997115 0.711526
120 127 42 0.999783 -0.00472516 0.0202845 -0.235738 0.00370269 0.998735 0.0501514 0.0836179 -0.0204958 -0.0500654 0.998536 0.968213
120 128 46 0.99881 -0.046837 -0.0135964 0.664065 0.0473271 0.998145 0.0382945 -0.0838338 0.0117775 -0.0388925 0.999174 0.74296
120 129 33 0.998918 -0.0463524 -0.00367865 0.653133 0.046455 0.998271 0.0360059 -0.105871 0.00200333 -0.0361378 0.999345 0.749806
120 130 41 0.996924 -0.0537098 0.057078 -0.571963 0.0514542 0.997863 0.0402808 -0.167106 -0.0591195 -0.03722 0.997557 0.803078
120 131 42 0.996534 -0.0673239 -0.0488521 0.628787 0.0723757 0.991257 0.110324 -0.582786 0.0409975 -0.113478 0.992694 0.51477
120 132 17 0.999893 -0.0108827 0.00977575 -0.304871 0.0100954 0.99696 0.0772619 -0.112655 -0.0105868 -0.0771549 0.996963 0.945707
120 133 46 0.992558 -0.0784694 -0.0931145 0.547034 0.0920058 0.98419 0.151344 -0.64941 0.0797664 -0.158785 0.984086 0.528225
120 134 25 0.997108 -0.0583141 -0.0487431 0.4964 0.0614309 0.995986 0.0651013 -0.143649 0.0447511 -0.0679073 0.996687 0.856126
135 136 28 0.999961 0.00589276 -0.00665056 -0.404057 -0.00594985 0.999945 -0.00859615 0.256314 0.00659954 0.00863538 0.999941 -0.87809
135 137 0 1 0 0 0 0 1 0 0 0 0 1 0
135 138 0 1 0 0 0 0 1 0 0 0 0 1 0
135 139 0 1 0 0 0 0 1 0 0 0 0 1 0
135 140 13 0.999168 0.000886447 -0.040767 -0.724811 -0.00217491 0.999499 -0.0315719 0.162099 0.0407186 0.0316343 0.99867 -0.669606
135 141 0 1 0 0 0 0 1 0 0 0 0 1 0
135 142 91 0.994922 0.014117 -0.0996553 0.970463 -0.0178882 0.999153 -0.0370507 0.129555 0.0990479 0.0386452 0.994332 -0.203514
135 143 55 0.998337 0.0508508 -0.0271425 -0.816717 -0.0513749 0.998499 -0.0189735 0.0734961 0.0261369 0.0203364 0.999451 0.572339
135 144 0 1 0 0 0 0 1 0 0 0 0 1 0
135 145 104 0.977657 0.00518434 -0.210143 0.901891 -0.0253084 0.995327 -0.0931881 0.431432 0.208678 0.0964244 0.973219 -0.021426
135 146 63 0.997731 0.0465336 -0.0486545 -0.978819 -0.0471095 0.998832 -0.0107574 0.100995 0.0480971 0.0130251 0.998758 -0.178079
135 147 74 0.993824 0.0447696 -0.101537 0.994005 -0.046557 0.998798 -0.015301 0.0806009 0.10073 0.0199337 0.994714 0.0738699
135 148 43 0.994008 0.039423 -0.101949 0.993505 -0.0414904 0.998972 -0.0182371 0.0610472 0.101125 0.0223577 0.994622 0.0960253
135 149 58 0.99825 0.0395795 -0.0439429 -0.997187 -0.0402521 0.999084 -0.0145288 0.0658214 0.0433276 0.0162722 0.998928 -0.0358485
150 151 75 0.999994 0.00329411 0.000644216 0.22017 -0.00329605 0.99999 0.00303661 -0.204193 -0.000634206 -0.00303871 0.999995 0.95385
150 152 101 0.999964 0.00834257 0.00119512 0.283972 -0.00834423 0.999964 0.00139445 -0.187577 -0.00118345 -0.00140437 0.999998 0.940306
150 153 141 0.999713 0.0112506 0.0211629 -0.987903 -0.0112486 0.999937 -0.000215926 -0.00976708 -0.021164 -2.21882e-05 0.999776 0.154764
150 154 48 0.99991 0.0124769 -0.00486718 0.361612 -0.0124754 0.999922 0.00034929 -0.261895 0.00487115 -0.000288539 0.999988 0.894789
150 155 173 0.99835 0.00352456 -0.0573104 0.998968 -0.00406147 0.999949 -0.00925467 0.0075462 0.0572748 0.00947217 0.998314 -0.0447831
150 156 45 0.999737 0.00691822 -0.0218794 0.764374 -0.00712869 0.999929 -0.00955613 -0.130959 0.0218117 0.00970958 0.999715 0.631334
150 157 216 0.998527 -0.000562969 -0.0542532 0.930128 0.000188743 0.999976 -0.00690264 -0.187665 0.0542558 0.00688224 0.998503 -0.315663
150 158 190 0.998146 -0.00401835 -0.0607378 0.978072 0.00284197 0.999807 -0.0194421 0.0650322 0.0608042 0.0192334 0.997964 -0.197851
150 159 198 0.998448 0.00832552 -0.0550732 0.998347 -0.00925158 0.99982 -0.0165816 0.0210964 0.0549252 0.0170653 0.998345 -0.0534586
150 160 64 0.999744 0.0178056 -0.0139315 -0.989916 -0.018006 0.999734 -0.0143951 0.0454172 0.0136715 0.0146423 0.999799 0.13418
150 161 138 0.999334 -0.00640065 0.0359295 -0.971187 0.00709408 0.99979 -0.0192055 -0.0646207 -0.0357991 0.0194476 0.99917 0.229389
150 162 166 0.996894 0.0135002 -0.0775888 0.994358 -0.0152231 0.99965 -0.0216565 0.102227 0.0772693 0.0227704 0.99675 -0.0283193
150 163 90 0.999499 0.00827422 -0.0305477 -0.884207 -0.00889639 0.999755 -0.0202876 -0.0360353 0.0303723 0.0205492 0.999327 0.465703
150 164 151 0.995844 0.020099 -0.0888307 0.981967 -0.0218214 0.999591 -0.0184618 -0.0464355 0.0884233 0.0203235 0.995876 -0.183259
165 166 33 0.999977 0.00410134 -0.00535732 0.29127 -0.00409367 0.999991 0.001441 -0.241905 0.00536318 -0.00141904 0.999985 0.92555
165 167 184 0.998691 0.00476999 -0.0509326 0.966325 -0.00520681 0.999951 -0.00844714 0.237628 0.0508898 0.00870127 0.998666 -0.0987361
165 168 162 0.99927 0.0165437 -0.0344296 0.956978 -0.0165888 0.999862 -0.00102491 0.161489 0.0344079 0.00159531 0.999407 0.241069
165 169 54 0.999624 0.0270761 -0.00442684 0.896027 -0.0270563 0.999624 0.00447629 -0.148981 0.00454637 -0.00435483 0.99998 0.418258
165 170 49 0.999735 0.020549 -0.0103548 0.996907 -0.0205813 0.999784 -0.00302028 -0.0491531 0.0102905 0.0032326 0.999942 0.0613278
165 171 103 0.999342 0.0246858 -0.0265744 0.999869 -0.024929 0.99965 -0.00886047 0.0159818 0.0263464 0.00951711 0.999608 0.00245591
165 172 128 0.999077 0.0228369 -0.0363758 0.986024 -0.0234091 0.999608 -0.0153825 0.125087 0.0360103 0.0162198 0.99922 -0.110049
165 173 87 0.993141 0.108101 0.0445601 -0.219175 -0.0991815 0.980685 -0.168581 0.936191 -0.0619233 0.163005 0.98468 0.274789
165 174 44 0.99893 0.0400999 -0.02305 0.963234 -0.0399429 0.999176 0.00723215 -0.00132006 0.023321 -0.00630372 0.999708 -0.26866
165 175 48 0.999055 0.0412953 -0.0135297 0.980726 -0.0411383 0.999085 0.0116879 -0.0111762 0.0139999 -0.0111203 0.99984 -0.195067
165 176 54 0.998826 0.0448229 -0.0183548 0.98982 -0.0445252 0.998875 0.0163182 -0.0157911 0.0190656 -0.0154818 0.999698 0.141447
165 177 97 0.997863 0.0265511 -0.059699 0.997112 -0.0266619 0.999644 -0.00106067 0.049414 0.0596496 0.00265009 0.998216 -0.057672
165 178 103 0.997135 0.0264197 -0.0708746 0.994557 -0.0271554 0.999587 -0.00943721 0.091374 0.0705959 0.0113348 0.997441 -0.0500725
165 179 92 0.997201 0.025825 -0.0701725 0.987372 -0.0264668 0.999616 -0.0082316 0.0721433 0.0699329 0.0100658 0.997501 -0.141042
180 181 24 0.99999 0.00440726 -7.22447e-05 -0.474197 -0.0044072 0.99999 0.000892829 0.17229 7.61789e-05 -0.000892502 1 -0.863396
180 182 16 0.999982 -0.00421562 -0.00428193 0.224855 0.00422078 0.99999 0.0011982 0.276904 0.00427683 -0.00121625 0.99999 -0.934218
180 183 30 0.999813 0.00547848 -0.0185302 0.926168 -0.00544446 0.999983 0.00188612 0.263037 0.0185403 -0.00178488 0.999827 0.27023
180 184 124 0.999388 0.00833514 -0.0339872 0.975035 -0.00828387 0.999964 0.00164897 0.10039 0.0339998 -0.00136642 0.999421 -0.198063
180 185 53 0.999765 0.00619665 -0.0207535 0.876161 -0.00614601 0.999978 0.00250294 0.0585367 0.0207685 -0.0023748 0.999781 -0.478451
180 186 116 0.999107 0.00975672 -0.0411033 0.944073 -0.0101824 0.999897 -0.0101606 0.323443 0.0409999 0.01057 0.999103 -0.0641217
180 187 0 1 0 0 0 0 1 0 0 0 0 1 0
180 188 68 0.999977 -0.0050631 -0.0045451 -0.834929 0.00503508 0.999968 -0.00615367 -0.251149 0.00457612 0.00613064 0.999971 0.489713
180 189 120 0.997029 0.0148107 -0.0755957 0.9749 -0.0157413 0.999807 -0.0117291 0.152407 0.0754074 0.0128842 0.99707 -0.162303
180 190 115 0.998312 0.0158972 -0.0558582 0.879087 -0.0161032 0.999865 -0.00324 -0.0106699 0.0557992 0.00413403 0.998433 -0.476542
180 191 52 0.999024 0.0133187 -0.0421217 0.795613 -0.0135584 0.999893 -0.00541094 0.113525 0.0420452 0.00597676 0.999098 -0.595073
180 192 39 0.998334 0.0162524 -0.0553599 0.810387 -0.0164505 0.99986 -0.00312543 0.095016 0.0553014 0.00403092 0.998462 -0.578139
180 193 99 0.996493 0.024197 -0.0801023 0.952609 -0.0245463 0.999693 -0.00337881 0.0818008 0.079996 0.00533317 0.996781 -0.292993
180 194 49 0.997888 0.0168032 -0.0627417 0.841651 -0.0172106 0.999834 -0.00595812 0.15047 0.0626312 0.00702536 0.998012 -0.518635
195 196 0 1 0 0 0 0 1 0 0 0 0 1 0
195 197 0 1 0 0 0 0 1 0 0 0 0 1 0
195 198 0 1 0 0 0 0 1 0 0 0 0 1 0
195 199 44 0.99932 0.0276007 -0.0244646 0.978881 -0.0274253 0.999596 0.00747594 0.0589754 0.0246611 -0.0067999 0.999673 -0.195737
195 200 31 0.999155 0.0410905 0.000330588 -0.46785 -0.0410917 0.999138 0.00592154 0.0104307 -8.69843e-05 -0.00593012 0.999982 0.883746
195 201 53 0.998363 0.0544711 -0.01745 0.397858 -0.054578 0.998493 -0.00570812 0.040932 0.0171128 0.00665116 0.999831 0.916534
195 202 30 0.998503 0.0546169 -0.0029231 -0.0838929 -0.054663 0.998321 -0.0191725 -0.0530912 0.00187105 0.0193036 0.999812 0.995059
195 203 46 0.998952 0.0352881 -0.0291558 0.998147 -0.0361835 0.998871 -0.0307763 0.0521667 0.0280369 0.031799 0.999101 0.0313133
195 204 69 0.997027 0.0428955 -0.064013 0.908882 -0.0445964 0.998683 -0.0253825 0.0396883 0.0628399 0.0281618 0.997626 -0.41516
195 205 28 0.995773 0.0917608 -0.00401147 0.262202 -0.0917564 0.995781 0.00126132 0.0387843 0.00411028 -0.000887911 0.999991 -0.964233
195 206 38 0.998558 0.0414511 -0.0341241 0.8086 -0.0415736 0.999131 -0.00288705 0.0391347 0.0339748 0.00430155 0.999413 -0.587056
195 207 41 0.999082 0.0377902 -0.0201553 0.991496 -0.0378334 0.999283 -0.00176406 0.0115381 0.0200742 0.00252498 0.999795 -0.129624
195 208 81 0.996776 0.047605 -0.0645834 0.991698 -0.0480869 0.998826 -0.00592749 0.0135783 0.0642254 0.009014 0.997895 -0.127868
195 209 73 0.996043 0.0450447 -0.0766074 0.973367 -0.0457227 0.998929 -0.00711824 -0.0577039 0.0762047 0.0105928 0.997036 -0.221871
210 211 81 0.999982 -0.00551156 -0.00250001 0.102982 0.00558989 0.999456 0.032489 -0.978873 0.00231958 -0.0325024 0.999469 0.176643
210 212 28 0.999642 -0.0236339 -0.0125753 0.511439 0.0235704 0.999709 -0.00517798 0.366251 0.012694 0.00487972 0.999908 -0.777361
210 213 15 0.999747 -0.0146881 -0.0170203 0.421137 0.0147596 0.999883 0.00408326 0.28759 0.0169583 -0.00433344 0.999847 -0.860195
210 214 24 0.999412 -0.0175639 -0.0294619 0.826484 0.017698 0.999834 0.00429635 0.219899 0.0293815 -0.00481523 0.999557 -0.518237
210 215 64 0.999637 -0.0156572 0.0219095 -0.126912 0.00976704 0.969004 0.246853 -0.954695 -0.0250954 -0.246549 0.968805 0.269167
210 216 48 0.99944 -0.0289965 -0.016719 0.261327 0.0294851 0.999122 0.0297582 -0.275043 0.0158414 -0.0302344 0.999417 0.925235
210 217 54 0.994654 -0.0200645 -0.101293 0.989303 0.0210999 0.999735 0.00916058 0.0379417 0.101083 -0.0112489 0.994814 -0.140855
210 218 49 0.999336 -0.0307239 -0.0195918 0.265056 0.0314025 0.998882 0.0353241 -0.248879 0.0184846 -0.0359159 0.999184 0.93156
210 219 56 0.99424 -0.0346554 -0.10142 0.922663 0.0333246 0.999335 -0.0147869 0.268228 0.101865 0.011322 0.994734 -0.277034
210 220 24 0.999164 0.00586884 -0.0404592 0.850345 -0.00501783 0.999765 0.0211034 0.103716 0.0405735 -0.0208828 0.998958 -0.515903
210 221 50 0.996103 -0.00906881 -0.0877263 0.971801 0.0100182 0.999896 0.0103881 0.165397 0.087623 -0.0112265 0.99609 -0.168069
210 222 46 0.995138 -0.00404933 -0.0984064 0.969252 0.00492977 0.99995 0.00870545 0.162134 0.0983662 -0.00914825 0.995108 -0.185102
210 223 12 0.999558 0.0197369 -0.0222411 0.700095 -0.0191041 0.999417 0.0283137 0.0501246 0.022787 -0.0278763 0.999352 -0.712289
210 224 39 0.997661 0.0145275 -0.0668004 0.950263 -0.0129253 0.99962 0.0243553 0.0492927 0.0671289 -0.0234349 0.997469 -0.307523
225 226 20 0.999994 0.000859551 -0.00349527 -0.278228 -0.000851431 0.999997 0.00232409 0.275506 0.00349725 -0.0023211 0.999991 -0.920155
225 227 26 0.999975 0.00579902 -0.00403 -0.27292 -0.00578143 0.999974 0.00436305 0.129365 0.0040552 -0.00433964 0.999982 -0.953299
225 228 47 0.999695 0.0109019 -0.0221675 0.971063 -0.0108428 0.999937 0.00278083 -0.0652883 0.0221964 -0.00253962 0.99975 0.229726
225 229 70 0.998484 0.0222706 -0.0503345 0.987386 -0.0218435 0.999721 0.00902 -0.14921 0.0505213 -0.00790685 0.998692 -0.0529653
225 230 36 0.999827 0.0154744 0.0102854 0.219205 -0.0155005 0.999877 0.00246432 0.283359 -0.010246 -0.00262332 0.999944 0.933626
225 231 12 0.999979 0.00513806 -0.00395352 0.181561 -0.00503645 0.999667 0.0252961 0.144748 0.00408218 -0.0252757 0.999672 -0.972668
225 232 0 1 0 0 0 0 1 0 0 0 0 1 0
225 233 22 0.999596 0.0193962 -0.0207824 0.232434 -0.0180817 0.997932 0.0616771 0.100439 0.0219357 -0.0612764 0.99788 0.967412
225 234 44 0.993825 0.0385951 -0.10403 0.994919 -0.0320464 0.997441 0.0639032 0.100565 0.106231 -0.0601748 0.992519 -0.0047682
225 235 20 0.999282 0.034742 -0.0151386 -0.677506 -0.0335691 0.996851 0.0718452 -0.0347233 0.017587 -0.0712854 0.997301 -0.734697
225 236 40 0.998282 0.0360651 -0.046168 0.975253 -0.032645 0.996812 0.072804 0.00433794 0.0486465 -0.0711718 0.996277 0.22105
225 237 51 0.999973 0.00660688 0.00322332 0.277412 -0.00683884 0.996911 0.0782358 -0.0592661 -0.00269647 -0.0782557 0.99693 0.958921
225 238 43 0.999986 -0.00521073 -0.00108281 0.294484 0.00530166 0.993111 0.117056 -0.298423 0.000465406 -0.11706 0.993125 0.907867
225 239 60 0.995258 0.0320372 -0.0918382 0.995622 -0.0272995 0.998254 0.0523869 0.0353175 0.0933561 -0.0496313 0.994395 0.0865445
240 241 23 0.999985 0.0054603 -5.29627e-06 0.319502 -0.00546026 0.999981 0.00291078 -0.237468 2.11899e-05 -0.00291071 0.999996 0.917348
240 242 156 0.999712 -0.00344276 0.0237509 -0.965196 0.00358414 0.999976 -0.00591267 0.112229 -0.02373 0.0059961 0.9997 0.236221
240 243 72 0.999904 -0.00810668 0.011279 -0.669469 0.00816422 0.999954 -0.00506414 -0.134114 -0.0112374 0.00515574 0.999924 0.730633
240 244 109 0.999731 -0.00197521 -0.0230876 0.959315 0.00189797 0.999993 -0.00336694 -0.201044 0.023094 0.00332222 0.999728 0.198231
240 245 161 0.998288 0.00579288 -0.0582081 0.795032 -0.00397352 0.999501 0.0313234 -0.544847 0.0583606 -0.0310385 0.997813 -0.266584
240 246 62 0.999815 -0.00306676 -0.0189753 0.993258 0.00276856 0.999873 -0.0157217 -0.0487377 0.0190211 0.0156663 0.999696 -0.105179
240 247 148 0.998074 0.00514029 -0.0618151 0.928528 -0.00523424 0.999985 -0.00135809 -0.0847015 0.0618073 0.00167903 0.998087 -0.361471
240 248 55 0.999813 0.00266202 -0.0191392 0.290371 -0.00282394 0.99996 -0.00843799 0.239283 0.019116 0.00849046 0.999781 -0.926514
240 249 110 0.999471 0.00481451 -0.0321656 0.922248 -0.00490292 0.999984 -0.00267044 0.115098 0.0321523 0.00282673 0.999479 -0.369069
240 250 111 0.998814 0.00694201 -0.048181 0.839403 -0.00656988 0.999947 0.00787766 0.0278857 0.0482331 -0.00755178 0.998808 -0.542793
240 251 101 0.999455 0.00460846 -0.0326919 0.226266 -0.00424871 0.99993 0.0110651 0.243254 0.0327406 -0.0109202 0.999404 -0.943203
240 252 89 0.999001 0.0108062 -0.0433556 0.936014 -0.00993962 0.999748 0.0201529 0.0404806 0.0435624 -0.0197018 0.998856 -0.349626
240 253 74 0.999022 0.019932 -0.0394601 0.841758 -0.0190623 0.99957 0.0222949 0.0106492 0.0398875 -0.0215209 0.998972 -0.53975
240 254 82 0.999232 0.0227979 -0.031867 0.942051 -0.0222145 0.999581 0.0185432 0.0606738 0.0322764 -0.0178211 0.99932 -0.329936
255 256 63 0.999992 0.00282866 0.00269854 0.337953 -0.00284861 0.999968 0.00741505 -0.142886 -0.00267748 -0.00742268 0.999969 0.930253
255 257 13 0.99974 0.0213957 -0.00789816 0.840682 -0.0212775 0.999665 0.0147541 -0.0345378 0.00821119 -0.0145822 0.99986 -0.540426
255 258 29 0.999039 0.0437716 -0.00203298 0.255788 -0.0437525 0.999005 0.00860912 0.324896 0.00240779 -0.00851191 0.999961 -0.910502
255 259 29 0.998497 0.054734 0.0026343 0.286915 -0.0547318 0.998501 -0.000920076 0.167126 -0.00268071 0.000774514 0.999996 -0.943265
255 260 35 0.998379 0.0562434 0.00869418 0.693631 -0.0561136 0.998319 -0.0145175 -0.0860349 -0.00949608 0.0140062 0.999857 -0.715175
255 261 36 0.998414 0.052866 0.0193672 0.943327 -0.0524844 0.998427 -0.0197106 -0.196323 -0.0203787 0.0186628 0.999618 0.267567
255 262 49 0.997934 0.0642329 0.00115176 0.774351 -0.0642182 0.997886 -0.00997454 0.0663085 -0.00179002 0.00987998 0.99995 -0.629273
255 263 60 0.997681 0.065967 -0.016773 0.873491 -0.0660181 0.997815 -0.00250798 0.0435878 0.0165709 0.00360948 0.999856 -0.484885
255 264 144 0.995101 0.0763191 -0.0628442 0.93835 -0.075981 0.997079 0.00775462 -0.0303825 0.0632525 -0.00294166 0.997993 -0.344348
255 265 93 0.997364 0.0652153 -0.0318025 0.941407 -0.0651622 0.997871 0.00270451 -0.0159482 0.0319112 -0.00062506 0.999491 -0.336897
255 266 97 0.997132 0.0660582 -0.0369385 0.875669 -0.066 0.997816 0.0027937 -0.0476584 0.0370423 -0.000347749 0.999314 -0.480555
255 267 66 0.997618 0.0677391 -0.0129919 -0.486794 -0.0677821 0.997696 -0.00289947 -0.0671661 0.0127656 0.00377318 0.999911 -0.870931
255 268 76 0.998714 0.0506568 0.00221391 -0.91779 -0.0506052 0.998535 -0.0191647 -0.0754874 -0.00318148 0.019028 0.999814 0.389824
255 269 38 0.998512 0.0404582 -0.0365731 0.792914 -0.0414905 0.998749 -0.0279213 -0.102713 0.0353977 0.0293971 0.998941 -0.600614
270 271 35 0.999997 0.00246167 -0.000810378 0.306514 -0.00246255 0.999996 -0.00108808 -0.0201446 0.000807696 0.00109007 0.999999 0.951653
270 272 27 0.9999 0.00812029 -0.011578 0.364833 -0.00810245 0.999966 0.00158663 0.23036 0.0115905 -0.00149266 0.999932 -0.902126
270 273 19 0.999773 0.0074137 -0.0199948 0.202627 -0.00741539 0.999973 -1.05598e-05 0.158158 0.0199941 0.000158826 0.9998 -0.9664
270 274 0 1 0 0 0 0 1 0 0 0 0 1 0
270 275 151 0.998579 0.0131617 -0.0516488 0.946815 -0.0131312 0.999913 0.000929792 0.0751492 0.0516566 -0.000250261 0.998665 -0.31288
270 276 41 0.999061 0.0104943 -0.0420316 0.288113 -0.01059 0.999942 -0.0020544 0.292374 0.0420076 0.00249759 0.999114 -0.911871
270 277 49 0.998802 0.010356 -0.0478272 0.145521 -0.0106611 0.999924 -0.00612848 0.176862 0.0477601 0.00663102 0.998837 -0.973418
270 278 41 0.998429 0.0171817 -0.0533325 0.316745 -0.0171674 0.999852 0.000727705 0.220972 0.0533371 0.000189016 0.998577 -0.922412
270 279 68 0.99733 0.0255803 -0.0683983 0.443793 -0.0250253 0.999647 0.00895902 0.212522 0.0686033 -0.00722341 0.997618 -0.870564
270 280 35 0.997156 0.0277773 -0.0700634 0.251226 -0.0273605 0.999602 0.00690158 0.239106 0.0702272 -0.00496498 0.997519 -0.937931
270 281 25 0.996552 0.0244146 -0.079297 0.602165 -0.0240004 0.999693 0.00617204 0.205229 0.0794234 -0.00424759 0.996832 -0.771543
270 282 25 0.995413 0.0241639 -0.0925696 0.868808 -0.0233551 0.999679 0.00981142 -0.0679002 0.092777 -0.00760445 0.995658 -0.490471
270 283 93 0.993895 0.0311679 -0.105836 0.918342 -0.0310456 0.999514 0.00280304 0.135851 0.105872 0.000499817 0.99438 -0.371741
270 284 93 0.986344 0.0409566 -0.159524 0.969877 -0.0408289 0.999158 0.00407935 0.0498793 0.159556 0.00248953 0.987186 -0.238434
285 286 30 0.999962 -0.00414169 -0.00767151 0.236158 0.00411981 0.999987 -0.00286543 0.225644 0.00768328 0.00283372 0.999966 -0.945153
285 287 121 0.999612 -0.000926091 -0.0278406 0.855845 0.000719379 0.999972 -0.00743394 0.332497 0.0278467 0.00741102 0.999585 -0.396201
285 288 51 0.999896 0.000225876 -0.0144499 0.187996 -0.000138772 0.999982 0.00602869 0.268522 0.014451 -0.00602606 0.999877 -0.94475
285 289 53 0.999588 0.00287638 -0.0285571 0.253363 -0.00232549 0.999811 0.019305 0.144108 0.0286073 -0.0192307 0.999406 -0.956577
285 290 48 0.999137 0.000871998 -0.0415265 0.256593 0.000155452 0.999694 0.0247324 0.295517 0.0415353 -0.0247175 0.998831 -0.920233
285 291 53 0.998904 0.0140375 -0.0446491 0.184643 -0.0121981 0.999076 0.0412058 -0.130002 0.0451863 -0.040616 0.998153 -0.97417
285 292 109 0.997199 0.0227876 -0.0712318 0.892352 -0.0201231 0.999079 0.037903 0.267014 0.0720299 -0.0363635 0.996739 -0.363883
285 293 139 0.996419 0.02608 -0.0804288 0.915212 -0.0227587 0.998861 0.0419388 0.235891 0.081431 -0.0399581 0.995878 -0.326715
285 294 128 0.994827 0.0262612 -0.0981324 0.995957 -0.021749 0.998669 0.046771 0.0894464 0.09923 -0.0443948 0.994074 0.00835987
285 295 21 0.996824 0.0261545 -0.0752146 0.956269 -0.0226188 0.998616 0.0474818 -0.00331711 0.0763524 -0.0456297 0.996036 0.292468
285 296 61 0.995184 0.0342943 -0.0918275 0.355137 -0.0297218 0.998271 0.0507081 -0.00660341 0.0934077 -0.0477346 0.994483 -0.934791
285 297 99 0.991155 0.0527127 -0.121795 0.94651 -0.046337 0.997432 0.0546016 0.0795784 0.12436 -0.0484751 0.991052 -0.312708
285 298 94 0.985371 0.0641658 -0.157883 0.955175 -0.0569868 0.997143 0.0495897 0.124617 0.160614 -0.039867 0.986212 -0.268535
285 299 48 0.991965 0.0575022 -0.112691 0.740874 -0.0514345 0.997103 0.0560333 -0.0124998 0.115587 -0.0497869 0.992049 -0.671528
300 301 248 0.999831 -0.00711395 0.0169234 -0.969273 0.00705171 0.999968 0.0037346 0.00718274 -0.0169494 -0.00361463 0.99985 0.245881
300 302 15 0.999793 -0.00530125 -0.0196238 0.946657 0.00551104 0.999928 0.0106518 -0.215568 0.0195659 -0.0107578 0.999751 0.239525
300 303 39 0.999928 0.00232592 -0.0117898 -0.431217 -0.00219252 0.999934 0.0113155 0.138686 0.0118154 -0.0112888 0.999866 -0.891526
300 304 124 0.99978 0.0177694 -0.011172 -0.356009 -0.0176861 0.999815 0.0075124 0.391565 0.0113035 -0.00731315 0.999909 -0.848489
300 305 35 0.999648 0.0238012 -0.011728 -0.421814 -0.0236741 0.999661 0.0108605 -0.0301426 0.0119826 -0.010579 0.999872 -0.906181
300 306 39 0.99946 0.0308417 -0.0113451 -0.453905 -0.0307334 0.999482 0.00960155 -0.344312 0.0116353 -0.00924769 0.99989 -0.821839
300 307 94 0.999138 0.0387485 -0.0148871 0.715083 -0.0388748 0.99921 -0.00829261 0.17377 0.014554 0.00886419 0.999855 0.677097
300 308 14 0.999394 0.0332292 -0.0103644 0.962028 -0.033352 0.999373 -0.0119115 0.0622955 0.00996205 0.01225 0.999875 0.265746
300 309 128 0.999143 0.0413693 0.0011178 -0.741513 -0.0413645 0.999136 -0.00402457 -0.538048 -0.00128333 0.00397488 0.999991 -0.400828
300 310 258 0.998711 0.0425935 -0.0276129 0.431839 -0.0440659 0.997507 -0.0551139 0.843083 0.0251966 0.0562596 0.998098 -0.320509
300 311 72 0.999961 -0.00375234 -0.00804673 -0.848667 0.00338106 0.998951 -0.0456672 0.522477 0.00820965 0.0456382 0.998924 0.0823557
300 312 188 0.999957 0.00818285 -0.00443387 -0.408577 -0.00837368 0.998957 -0.0448822 0.235606 0.00406198 0.0449174 0.998982 -0.881791
300 313 85 0.999967 -0.00389997 -0.00709806 -0.49219 0.00356395 0.9989 -0.0467522 0.184713 0.00727259 0.0467254 0.998881 -0.850665
300 314 49 0.999359 -0.0314232 -0.0171379 -0.793452 0.0303875 0.997873 -0.0576728 0.450319 0.0189137 0.057115 0.998188 0.409446
315 316 0 1 0 0 0 0 1 0 0 0 0 1 0
315 317 12 0.999957 -0.0052056 0.00766011 0.474632 0.0051873 0.999984 0.00240688 0.100308 -0.00767251 -0.00236704 0.999968 0.87445
315 318 17 0.999936 -0.00757304 0.00837972 0.287552 0.00751233 0.999945 0.00725278 -0.00632612 -0.00843419 -0.00718937 0.999939 -0.957744
315 319 0 1 0 0 0 0 1 0 0 0 0 1 0
315 320 46 0.999878 -0.00249721 0.0154087 0.33704 0.00228583 0.999903 0.0137206 0.223771 -0.0154415 -0.0136837 0.999787 -0.914511
315 321 20 0.999762 0.00658426 0.0207929 0.787939 -0.00683081 0.999907 0.0118086 0.207209 -0.0207132 -0.0119479 0.999714 0.579842
315 322 12 0.99967 0.00663253 0.0248171 0.985856 -0.00690302 0.999918 0.0108297 -0.00548843 -0.0247432 -0.0109974 0.999633 0.167502
315 323 36 0.999613 0.0051876 0.0273399 -0.351163 -0.00547805 0.999929 0.0105594 -0.0969821 -0.0272832 -0.0107051 0.99957 0.931278
315 324 12 0.999445 0.00818939 0.032299 0.762158 -0.00861332 0.999878 0.013008 -0.103876 -0.0321885 -0.013279 0.999394 0.639003
315 325 20 0.999685 0.00865568 0.023555 -0.415336 -0.009018 0.999842 0.0153194 -0.197118 -0.0234187 -0.015527 0.999605 0.888054
315 326 63 0.999753 0.00987481 0.0198978 0.337008 -0.0102301 0.999789 0.0178355 0.238599 -0.0197174 -0.0180347 0.999643 -0.910767
315 327 30 0.999748 0.00812969 0.0209457 0.521331 -0.00857227 0.99974 0.0211275 -0.147085 -0.0207685 -0.0213017 0.999557 0.840583
315 328 30 0.999895 0.013755 0.0045966 0.563529 -0.0138852 0.999465 0.0296171 -0.0568807 -0.00418675 -0.0296778 0.999551 -0.824136
315 329 71 0.999795 0.0164095 0.0118324 -0.378244 -0.0167874 0.999328 0.0325836 0.0873904 -0.0112898 -0.0327755 0.999399 -0.921572
330 331 12 0.999974 0.00173418 -0.00698006 0.234504 -0.00173525 0.999998 -0.000148503 0.174538 0.00697979 0.000160612 0.999976 -0.956318
330 332 13 0.999998 -0.000470825 0.00184343 -0.984022 0.000469673 1 0.000625449 -0.118927 -0.00184372 -0.000624582 0.999998 0.132503
330 333 12 0.99989 -0.00115388 -0.0148133 0.513526 0.00113488 0.999999 -0.00129098 0.167773 0.0148148 0.00127402 0.999889 -0.841512
330 334 37 0.999862 -0.00173747 -0.0165101 0.429221 0.00174319 0.999998 0.000332256 -0.112045 0.0165095 -0.000360991 0.999864 0.896223
330 335 57 0.999352 -0.00127942 -0.0359725 0.982056 0.00135827 0.999997 0.00216742 -0.155872 0.0359697 -0.00221488 0.99935 -0.106156
330 336 41 0.99977 0.0140595 -0.0162019 -0.294106 -0.0139484 0.999879 0.00694559 -0.746827 0.0162976 -0.006718 0.999845 -0.596449
330 337 234 0.999035 0.0146436 -0.0414124 0.922011 -0.0150817 0.999833 -0.0102852 0.178142 0.0412549 0.0108999 0.999089 -0.343747
330 338 30 0.99938 0.0187412 -0.0298209 0.927678 -0.0190707 0.99976 -0.0108031 0.106332 0.0296113 0.0113651 0.999497 0.357921
330 339 243 0.997071 0.0203401 -0.0737236 0.996731 -0.0213703 0.999684 -0.0132115 -0.0744578 0.0734316 0.0147483 0.997191 -0.0313478
330 340 104 0.998413 0.0203285 -0.0525184 0.895777 -0.0214997 0.99953 -0.0218337 0.130111 0.0520499 0.0229282 0.998381 -0.425035
330 341 183 0.998271 0.0216585 -0.0546512 0.39971 -0.0227047 0.999569 -0.0185966 0.184401 0.0542249 0.0198052 0.998332 -0.897902
330 342 164 0.99815 0.0202436 -0.0573308 0.279835 -0.021058 0.999685 -0.013637 0.134827 0.0570367 0.0148191 0.998262 -0.950534
330 343 126 0.997829 0.0218767 -0.062118 0.332743 -0.0221068 0.999751 -0.00301915 -0.00148995 0.0620365 0.00438583 0.998064 -0.943016
330 344 182 0.995528 0.0355103 -0.087544 0.894851 -0.0348672 0.999353 0.00886441 0.0333692 0.0878021 -0.00577235 0.996121 -0.445117
345 346 0 1 0 0 0 0 1 0 0 0 0 1 0
345 347 0 1 0 0 0 0 1 0 0 0 0 1 0
345 348 121 0.99987 -0.00219193 -0.0159787 0.580055 0.00241712 0.999898 0.0140876 -0.240847 0.0159462 -0.0141244 0.999773 0.778158
345 349 18 0.999827 -0.00687799 -0.0172997 0.515679 0.00708872 0.999901 0.0121494 -0.471924 0.0172144 -0.0122699 0.999777 0.715096
345 350 0 1 0 0 0 0 1 0 0 0 0 1 0
345 351 49 0.999739 0.00207634 -0.0227445 0.416389 -0.00171671 0.999873 0.0158199 -0.153081 0.0227745 -0.0157767 0.999616 0.896207
345 352 265 0.999033 0.00380391 -0.0437985 0.793828 -0.00235044 0.999446 0.033189 -0.485105 0.0439005 -0.033054 0.998489 -0.366758
345 353 42 0.999629 0.0105281 -0.0251325 0.398738 -0.00966374 0.999366 0.0342688 0.0289997 0.0254774 -0.0340132 0.999097 0.916606
345 354 18 0.99957 0.0113529 -0.0270319 0.540496 -0.010292 0.999184 0.0390671 0.0349715 0.0274534 -0.038772 0.998871 0.840619
