0 1 36 0.999972 0.00498191 -0.00558104 0.422881 -0.00496737 0.999984 0.00261565 0.10727 0.00559398 -0.00258785 0.999981 -0.899814
0 2 15 0.999879 0.00876421 -0.0128242 0.833575 -0.00873988 0.99996 0.00195259 0.30169 0.0128408 -0.00184027 0.999916 0.462749
0 3 42 0.999879 0.0117644 -0.0101867 0.936662 -0.0116866 0.999902 0.00766321 0.0883041 0.0102759 -0.00754323 0.999919 -0.33892
0 4 11 0.999944 0.0103288 0.00233827 0.746579 -0.010353 0.99989 0.0105986 -0.287517 -0.00222854 -0.0106222 0.999941 0.599961
0 5 18 0.999967 0.00418132 0.00696155 -0.930859 -0.00419745 0.999989 0.00230404 0.352125 -0.00695184 -0.00233318 0.999973 -0.0975214
0 6 10 0.999975 0.00698263 -0.000935506 0.978723 -0.00698496 0.999972 -0.00251592 -0.195122 0.000917913 0.00252239 0.999996 -0.0634693
0 7 11 0.99996 0.00893556 0.000116607 0.9515 -0.0089342 0.999922 -0.00874841 -0.222246 -0.00019477 0.00874702 0.999962 0.212731
0 8 211 0.999746 0.00807221 -0.0210366 0.927422 -0.00821948 0.999942 -0.00692366 -0.259764 0.0209795 0.00709482 0.999755 0.269095
0 9 48 1 -0.000111019 -0.000925335 -0.925606 9.99096e-05 0.999928 -0.0119971 -0.274302 0.000926601 0.011997 0.999928 0.260789
0 10 114 0.999967 -0.00817191 -0.000386469 -0.878483 0.00816495 0.999847 -0.015484 0.153646 0.000512943 0.0154803 0.99988 -0.452395
0 11 293 0.999189 0.0054981 -0.0398912 0.98513 -0.00596667 0.999914 -0.0116368 -0.135755 0.0398238 0.0118654 0.999136 -0.105305
0 12 86 0.99998 -0.00360666 0.00514902 -0.825302 0.00367791 0.999897 -0.0138967 0.0634851 -0.00509836 0.0139153 0.99989 -0.561111
0 13 77 0.999844 0.00133089 -0.0176399 0.844114 -0.00162287 0.999862 -0.016548 0.0535514 0.0176155 0.016574 0.999707 -0.533483
0 14 157 0.999524 0.00631345 -0.0301892 0.976801 -0.00685395 0.999817 -0.017834 0.006304 0.0300711 0.0180324 0.999385 -0.214057
15 16 18 0.999986 -0.00511822 0.00103361 -0.684265 0.00511912 0.999987 -0.000875276 -0.219698 -0.00102912 0.000880555 0.999999 0.695352
15 17 0 1 0 0 0 0 1 0 0 0 0 1 0
15 18 36 0.999896 -0.012756 -0.00667362 0.543059 0.0127349 0.999914 -0.00320049 0.218989 0.00671387 0.00311517 0.999973 -0.810636
15 19 68 0.999868 -0.0102456 -0.0125702 0.866365 0.0102373 0.999947 -0.00072742 0.227632 0.012577 0.00059864 0.999921 -0.444516
15 20 70 0.999806 -0.0146126 -0.0132031 0.998302 0.0146592 0.999887 0.00344029 0.0376319 0.0131513 -0.00363316 0.999907 -0.04446
15 21 102 0.999729 -0.0174 -0.0154617 0.857809 0.0172841 0.999822 -0.00759804 0.0452488 0.0155911 0.00732874 0.999852 -0.511972
15 22 322 0.999601 -0.00577727 -0.0276538 0.953013 0.00560104 0.999964 -0.00644614 -0.00664424 0.02769 0.00628867 0.999597 -0.302858
15 23 258 0.999622 0.00259914 -0.027361 0.990441 -0.00299178 0.999893 -0.0143195 -0.051728 0.0273208 0.0143959 0.999523 0.127872
15 24 70 0.999972 -0.0069877 0.00248665 -0.804051 0.0070383 0.999756 -0.0209595 0.013404 -0.00233958 0.0209764 0.999777 -0.59441
15 25 197 0.999306 0.00718202 -0.0365385 0.865084 -0.008592 0.999219 -0.0385793 0.221416 0.0362329 0.0388665 0.998587 -0.450116
15 26 252 0.999137 0.0152081 -0.0386539 0.667105 -0.0165615 0.999252 -0.0349375 0.0510937 0.0380937 0.0355475 0.998642 -0.743209
15 27 299 0.99845 0.0164648 -0.0531632 0.924787 -0.0180675 0.999392 -0.029808 0.0634899 0.0526401 0.0307223 0.998141 -0.37515
15 28 174 0.999088 0.0161995 -0.0395114 0.809983 -0.0173554 0.999426 -0.0290879 0.112505 0.0390175 0.0297471 0.998796 -0.57556
15 29 100 0.998427 0.030744 -0.0468774 0.704578 -0.0320749 0.999096 -0.0279083 0.0862654 0.045977 0.029368 0.998511 -0.704363
30 31 18 0.999945 0.00892629 0.00549119 0.198788 -0.00895182 0.999949 0.0046432 -0.139626 -0.00544947 -0.0046921 0.999974 -0.970045
30 32 15 0.999799 0.0161963 0.011849 -0.836456 -0.0162345 0.999863 0.00313635 -0.0558866 -0.0117966 -0.00332808 0.999925 0.545177
30 33 45 0.999983 0.00578346 0.00029365 -0.670424 -0.0057844 0.999978 0.00328563 -0.0584263 -0.000274641 -0.00328728 0.999995 0.739674
30 34 14 0.999929 0.00835804 -0.00852438 -0.87371 -0.0083356 0.999962 0.00266453 -0.127778 0.00854632 -0.00259328 0.99996 0.469365
30 35 45 0.999942 0.00139139 -0.0106653 0.709296 -0.00135814 0.999994 0.00312495 0.186136 0.0106696 -0.00311029 0.999938 -0.679892
30 36 52 0.99989 -0.00169323 -0.0147228 0.666639 0.00171607 0.999997 0.00153863 0.0739568 0.0147201 -0.00156373 0.99989 -0.741703
30 37 58 0.99972 0.00468245 -0.0232048 0.784792 -0.00463813 0.999987 0.00196346 0.0898051 0.0232137 -0.00185528 0.999729 -0.613218
30 38 57 0.999533 0.0139709 -0.0271935 0.767126 -0.0137826 0.99988 0.00709753 0.0879538 0.0272894 -0.00671941 0.999605 -0.635438
30 39 168 0.999872 0.0150433 0.00541452 -0.986339 -0.0151272 0.999761 0.0158071 -0.164249 -0.00517544 -0.015887 0.99986 0.0125184
30 40 97 0.999538 0.0158139 -0.0259451 0.693823 -0.0154516 0.999781 0.014104 0.0855109 0.0261625 -0.0136966 0.999564 -0.715051
30 41 44 0.999645 0.00569915 -0.0260108 0.823756 -0.00520579 0.999806 0.018996 0.150994 0.026114 -0.0188538 0.999481 -0.546467
30 42 106 0.998893 0.00641966 -0.0466069 0.976192 -0.00568721 0.999859 0.0158311 0.145508 0.046702 -0.0155485 0.998788 -0.160865
30 43 49 0.999495 -0.00132268 -0.0317373 0.988475 0.00187033 0.99985 0.0172322 0.145764 0.0317097 -0.0172828 0.999348 0.0408686
30 44 96 0.966075 -0.0311466 0.256375 -0.955267 0.029453 0.999512 0.0104436 0.0983294 -0.256575 -0.0025383 0.966521 -0.278921
45 46 29 0.999988 0.00485191 -0.00048086 0.365749 -0.00485046 0.999984 0.00296895 -0.0554763 0.000495257 -0.00296658 0.999995 0.929059
45 47 177 0.999625 0.0144136 0.0232724 -0.919509 -0.014457 0.999894 0.00169825 -0.30667 -0.0232455 -0.00203406 0.999728 0.245879
45 48 32 0.999945 -9.57212e-06 0.0104905 -0.9996 5.5999e-05 0.99999 -0.00442531 -0.0273847 -0.0104904 0.00442566 0.999935 0.00702582
45 49 60 0.999692 0.00763139 -0.0236058 0.911666 -0.00759451 0.99997 0.0016515 0.182288 0.0236177 -0.00147172 0.99972 -0.368288
45 50 86 0.998899 0.0456515 -0.01083 0.511623 -0.0456774 0.998954 -0.00215568 -0.00288559 0.0107202 0.00264799 0.999939 -0.859205
45 51 29 0.999788 0.00440285 -0.0201021 0.151106 -0.00432232 0.999982 0.00404794 0.121065 0.0201195 -0.0039602 0.99979 0.981076
45 52 116 0.996385 0.0286015 -0.0799971 0.97758 -0.0309064 0.999138 -0.0277245 0.126212 0.0791351 0.0300967 0.996409 0.168544
45 53 66 0.998845 0.033986 -0.033951 0.551699 -0.0345718 0.999261 -0.0168168 0.183856 0.0333543 0.0179712 0.999282 -0.813526
45 54 108 0.998038 0.0506205 -0.0368524 0.915522 -0.0508408 0.998694 -0.00506449 0.188367 0.0365479 0.00692816 0.999308 -0.355439
45 55 157 0.997509 0.0550942 -0.0440606 0.999585 -0.0548039 0.998467 0.00776941 0.0269738 0.0444211 -0.00533536 0.998999 0.0100799
45 56 98 0.99947 0.0309103 0.0101877 -0.585064 -0.0310759 0.999381 0.0165174 0.173187 -0.00967081 -0.0168253 0.999812 -0.792279
45 57 180 0.995743 0.0527295 -0.0755975 0.947011 -0.0520745 0.998587 0.0106104 0.0624483 0.0760501 -0.00662852 0.997082 0.315071
45 58 79 0.997661 0.0500758 -0.046526 0.938799 -0.0496581 0.998715 0.010091 0.0138038 0.0469716 -0.00775701 0.998866 0.344188
45 59 179 0.996145 0.0514913 -0.0710255 0.998844 -0.0513132 0.998673 0.00433136 0.037401 0.0711543 -0.000670112 0.997465 0.0301844
60 61 16 0.999985 0.00306445 -0.00462481 0.99452 -0.0030475 0.999989 0.00366836 -0.0294014 0.004636 -0.0036542 0.999983 0.100323
60 62 23 0.999993 0.00202338 0.00327239 0.615315 -0.00202578 0.999998 0.000729404 0.199492 -0.0032709 -0.000736027 0.999994 0.762621
60 63 101 0.99991 -0.00133018 -0.0133473 0.997933 0.00128157 0.999993 -0.00364923 0.054261 0.013352 0.0036318 0.999904 0.0344428
60 64 239 0.999828 -0.00256898 -0.0183751 0.868173 0.00234795 0.999925 -0.0120401 0.428392 0.0184046 0.0119948 0.999759 0.250511
60 65 50 0.999946 -0.00949487 -0.00417937 0.989286 0.00947662 0.999946 -0.00436395 0.0217343 0.00422057 0.00432411 0.999982 -0.144367
60 66 100 0.99989 -0.0128413 -0.00741598 0.987669 0.0127687 0.999871 -0.00974546 0.0337631 0.00754017 0.0096497 0.999925 -0.152875
60 67 67 0.999834 -0.0151833 -0.0100861 0.979488 0.0150728 0.999826 -0.010945 0.0640854 0.0102505 0.0107911 0.999889 -0.191041
60 68 72 0.999809 -0.013461 -0.0141891 0.957754 0.0132963 0.999844 -0.0116431 -0.0187104 0.0143436 0.0114522 0.999832 -0.28698
60 69 219 0.999687 -0.00749633 -0.0238668 0.948244 0.00711442 0.999846 -0.0160467 0.0724791 0.0239834 0.0158719 0.999586 -0.309161
60 70 252 0.999424 -0.00848353 -0.0328667 0.953574 0.00800342 0.99986 -0.0147121 0.181126 0.0329869 0.0144406 0.999351 -0.240604
60 71 315 0.998979 -0.00859724 -0.0443532 0.975311 0.00821755 0.999928 -0.00873593 0.0673022 0.0444251 0.00836254 0.998978 -0.210332
60 72 250 0.999258 -0.00359644 -0.038352 0.965626 0.00315307 0.999928 -0.0116148 0.0961461 0.038391 0.0114852 0.999197 -0.241498
60 73 233 0.999028 -0.00678106 -0.0435483 0.947316 0.00647138 0.999953 -0.00724825 0.00632208 0.0435954 0.00695939 0.999025 -0.320237
60 74 202 0.998709 0.00092843 -0.0507957 0.950356 -0.00139726 0.999957 -0.00919506 0.0451287 0.0507849 0.00925416 0.998667 -0.307875
75 76 52 0.999982 0.00506608 0.00327465 0.489378 -0.00507233 0.999985 0.00190252 0.0254639 -0.00326496 -0.0019191 0.999993 -0.8717
75 77 40 0.999959 0.00277595 -0.00859945 0.8868 -0.00281583 0.999985 -0.00462911 0.447237 0.00858647 0.00465314 0.999952 -0.116467
75 78 74 0.999866 0.00522628 -0.0154824 0.968887 -0.005276 0.999981 -0.00317254 0.125384 0.0154655 0.0032538 0.999875 -0.213393
75 79 102 0.999776 0.0120248 -0.0173958 0.957344 -0.0121348 0.999907 -0.00623438 0.159457 0.0173192 0.00644408 0.999829 -0.240969
75 80 74 0.999742 0.017564 -0.0143691 0.950354 -0.0177123 0.99979 -0.0102601 0.0787118 0.0141859 0.0105119 0.999844 -0.301052
75 81 91 0.999577 0.0203917 -0.0207373 0.73373 -0.0206933 0.999682 -0.0144313 0.0793818 0.0204364 0.0148543 0.999681 -0.674788
75 82 135 0.999315 0.0189146 -0.0318053 0.819131 -0.0192879 0.999748 -0.0114733 0.10982 0.0315803 0.0120789 0.999428 -0.562996
75 83 229 0.998612 0.0239145 -0.0469179 0.904557 -0.024551 0.999614 -0.0130367 0.12051 0.046588 0.0141705 0.998814 -0.408968
75 84 85 0.999059 0.0293908 -0.0319067 0.71882 -0.0297479 0.999499 -0.010775 0.202182 0.031574 0.0117141 0.999433 -0.665146
75 85 97 0.995717 0.0717891 0.0582512 -0.304732 -0.0612112 0.984133 -0.166537 0.803499 -0.0692824 0.162258 0.984313 0.511398
75 86 12 0.998913 0.0424602 -0.0192496 -0.368302 -0.0419739 0.998806 0.0249999 -0.157146 0.0202881 -0.0241648 0.999502 -0.916329
75 87 194 0.998132 0.0459515 -0.0402724 0.843164 -0.0447207 0.99852 0.0309477 0.104096 0.0416349 -0.0290889 0.998709 -0.527483
75 88 212 0.998182 0.047478 -0.0371257 0.892729 -0.0463765 0.998474 0.0299865 0.175822 0.0384927 -0.0282103 0.998861 -0.414876
75 89 39 0.999038 0.0410334 -0.015453 0.275529 -0.040422 0.99846 0.0379958 0.184379 0.0169883 -0.0373347 0.999158 0.943445
90 91 26 0.999988 -0.000147247 -0.00486172 0.229454 0.000158599 0.999997 0.00233466 -0.677177 0.00486136 -0.0023354 0.999985 -0.699129
90 92 124 0.999751 0.00530336 -0.0216541 0.621927 -0.00498467 0.999879 0.0147452 -0.503337 0.0217296 -0.0146336 0.999657 -0.599882
90 93 62 0.999968 0.00259608 -0.00761209 0.199939 -0.00256992 0.999991 0.00344383 -0.0922485 0.00762096 -0.00342416 0.999965 0.975456
90 94 75 0.999946 -0.00944734 -0.00421941 -0.213483 0.00947757 0.999929 0.00720389 -0.271485 0.00415106 -0.0072435 0.999965 0.938467
90 95 98 0.999383 -0.0104912 -0.0335337 0.856359 0.0104843 0.999945 -0.000382746 0.185299 0.0335358 3.0932e-05 0.999438 -0.481989
90 96 85 0.999507 -0.00754156 -0.0304642 0.884159 0.00758311 0.99997 0.00124858 -0.00200585 0.0304539 -0.00147898 0.999535 -0.467182
90 97 131 0.999924 -0.00934318 -0.0080301 -0.117833 0.00901154 0.999143 -0.040388 0.416719 0.00840057 0.0403126 0.999152 0.901366
90 98 130 0.998898 -0.00983374 -0.045883 0.905502 0.00935464 0.9999 -0.010645 0.139967 0.0459831 0.010204 0.99889 -0.400593
90 99 79 0.999025 -0.0155 -0.0413374 0.737384 0.0150398 0.999822 -0.0114198 0.120721 0.0415071 0.010787 0.99908 -0.664598
90 100 79 0.999236 -0.0138638 -0.0365279 0.601487 0.0136455 0.999888 -0.00621951 0.0540622 0.03661 0.00571632 0.999313 -0.797051
90 101 101 0.999153 -0.0104897 -0.0397801 0.177714 0.00964557 0.999725 -0.0213527 0.349742 0.0399931 0.0209509 0.99898 0.919836
90 102 142 0.996745 -0.00092147 -0.0806135 0.958709 0.000323477 0.999972 -0.00743078 0.0657574 0.0806181 0.00738051 0.996718 -0.276682
90 103 117 0.997345 0.00482545 -0.0726576 0.939008 -0.00520042 0.999974 -0.0049725 0.0168185 0.0726317 0.00533715 0.997345 -0.343483
90 104 61 0.999046 0.00833132 -0.0428576 0.743156 -0.00869946 0.999927 -0.00841051 0.0119347 0.0427844 0.00877532 0.999046 -0.669012
105 106 22 0.999895 0.011684 -0.0085213 0.796162 -0.0116874 0.999932 -0.00034474 -0.0524464 0.00851669 0.000444296 0.999964 -0.602807
105 107 41 0.999915 0.0125275 0.00374107 -0.198175 -0.0125138 0.999915 -0.00366665 -0.257196 -0.00378669 0.00361952 0.999986 0.945821
105 108 67 0.999561 0.0283933 0.0084081 -0.160685 -0.0283303 0.99957 -0.00752308 -0.128251 -0.00861809 0.00728157 0.999936 0.978638
105 109 72 0.999185 0.0397664 -0.00695547 0.821474 -0.0398739 0.999076 -0.0160634 0.0633043 0.00631025 0.0163276 0.999847 -0.566722
105 110 46 0.998395 0.0562417 0.00670201 0.306121 -0.0561223 0.998282 -0.0168489 0.121657 -0.00763811 0.0164458 0.999836 -0.944187
105 111 70 0.998648 0.0518906 -0.00309206 0.456946 -0.0519407 0.998465 -0.0192417 0.195411 0.00208885 0.0193763 0.99981 -0.867764
105 112 43 0.998785 0.0479922 0.0111713 -0.217617 -0.0478324 0.998755 -0.0141522 -0.268551 -0.0118365 0.0136007 0.999837 0.938362
105 113 72 0.998347 0.0571402 -0.00621476 0.787656 -0.0572037 0.998307 -0.0105682 0.0531578 0.00560037 0.0109062 0.999925 -0.613817
105 114 52 0.999303 0.0294215 0.0229776 0.141733 -0.0290656 0.999455 -0.0156758 0.28382 -0.0234263 0.014997 0.999613 -0.948345
105 115 89 0.997692 0.0508018 -0.0450496 0.987694 -0.0512739 0.998641 -0.00938612 -0.0738743 0.0445115 0.0116743 0.998941 0.137851
105 116 12 0.999087 0.0357717 0.0233687 -0.157715 -0.0350055 0.998861 -0.0324136 -0.256316 -0.0245015 0.031566 0.999201 0.953639
105 117 26 0.998975 0.0405474 0.0201344 -0.11492 -0.039099 0.996935 -0.0677591 0.0572749 -0.0228201 0.0669024 0.997499 0.991722
105 118 12 0.999111 0.0381425 0.0179447 -0.111157 -0.0368846 0.997147 -0.0658627 -0.983495 -0.0204056 0.0651422 0.997667 -0.142763
105 119 30 0.998999 0.0429839 0.0123701 -0.0484236 -0.0417797 0.995498 -0.0850828 0.352023 -0.0159716 0.0844809 0.996297 0.934738
120 121 14 0.999933 0.00781763 0.00848404 0.286794 -0.00782405 0.999969 0.000724121 0.237066 -0.00847811 -0.000790452 0.999964 -0.928197
120 122 39 0.999635 0.0192748 0.0189551 -0.707787 -0.0195148 0.999731 0.0125564 0.230136 -0.018708 -0.0129218 0.999741 -0.667888
120 123 28 0.999674 0.0185713 0.0175337 -0.722914 -0.0188924 0.999654 0.018329 0.239612 -0.0171872 -0.0186543 0.999678 -0.64806
120 124 75 0.999591 0.0179585 0.0222744 0.485477 -0.0185435 0.999481 0.0263401 -0.215952 -0.0217898 -0.0267424 0.999405 0.847158
120 125 103 0.996704 0.0442254 -0.0680124 0.710464 -0.0331736 0.987231 0.155802 -0.676301 0.0740344 -0.153032 0.985444 -0.19457
120 126 121 0.995333 0.000820604 -0.0964993 0.67053 0.0164139 0.983954 0.177666 -0.73778 0.0950967 -0.178421 0.979348 -0.0779088
120 127 105 0.998869 -0.0407465 -0.0244885 0.88721 0.0414888 0.99867 0.0306057 0.209854 0.0232089 -0.0315871 0.999232 0.410878
120 128 129 0.967249 0.109855 0.228827 -0.308977 -0.049848 0.96615 -0.25312 0.670131 -0.248888 0.233424 0.939983 0.674876
120 129 134 0.999134 -0.0378513 -0.0172954 0.972515 0.0385188 0.998455 0.0400465 -0.0570368 0.0157529 -0.040678 0.999048 0.225748
120 130 52 0.999062 -0.0428532 0.00620687 0.59564 0.0425756 0.998312 0.0395079 -0.193178 -0.00788943 -0.0392066 0.9992 0.779677
120 131 126 0.928387 0.0341166 0.370045 -0.554532 0.0303417 0.985493 -0.166981 0.413213 -0.370373 0.166251 0.913884 0.722322
120 132 26 0.998779 -0.0421901 -0.0256887 0.97038 0.0437638 0.996981 0.0641421 -0.234001 0.0229049 -0.065188 0.99761 -0.0600595
120 133 24 0.997625 -0.0583276 -0.0366485 0.577321 0.0604318 0.996415 0.059204 -0.139304 0.0330639 -0.0612781 0.997573 0.804546
120 134 76 0.998242 -0.039585 -0.0441124 0.44827 0.0427898 0.996321 0.0742484 -0.175872 0.041011 -0.0760055 0.996264 0.876426
135 136 46 0.999984 0.000910195 -0.00565014 0.312347 -0.00095942 0.999962 -0.00871574 -0.222648 0.00564199 0.00872102 0.999946 0.923508
135 137 13 0.999898 0.00562123 -0.0131228 0.689289 -0.00580173 0.999889 -0.0137574 -0.258757 0.013044 0.0138322 0.999819 0.676702
135 138 66 0.999762 0.00986514 -0.0194488 -0.67079 -0.0102465 0.999755 -0.0196088 0.295406 0.0192506 0.0198034 0.999619 -0.680276
135 139 104 0.999693 0.0105745 -0.022412 -0.858473 -0.011146 0.999612 -0.0255324 0.360059 0.0221333 0.0257744 0.999423 -0.365215
135 140 75 0.99893 0.00816249 -0.0455185 0.680176 -0.00944501 0.999562 -0.0280324 -0.238831 0.0452698 0.0284323 0.99857 0.693051
135 141 77 0.998496 0.0106884 -0.0537742 0.453712 -0.0124812 0.999374 -0.0331135 0.103768 0.0533866 0.0337348 0.998004 -0.885086
135 142 178 0.999716 0.00200047 0.0237534 -0.979252 -0.00110517 0.999291 -0.0376452 0.0490605 -0.0238119 0.0376082 0.999009 0.196616
135 143 23 0.998047 0.0222518 -0.0583777 0.483626 -0.0237392 0.999408 -0.0249102 0.134276 0.0577888 0.0262474 0.997984 -0.864914
135 144 74 0.996198 0.0172503 -0.0853901 0.910875 -0.0195783 0.999457 -0.026501 0.114842 0.0848865 0.0280721 0.995995 -0.396382
135 145 105 0.997342 0.023929 -0.0688202 -0.861261 -0.0253778 0.999473 -0.0202551 0.138549 0.0682993 0.0219478 0.997423 -0.488911
135 146 174 0.999664 0.0251175 0.00636251 -0.977331 -0.0250291 0.999594 -0.0136171 -0.0374955 -0.00670195 0.0134532 0.999887 0.208371
135 147 93 0.997554 0.0456889 -0.0528984 -0.976271 -0.0463014 0.998873 -0.0104095 0.131377 0.0523632 0.0128333 0.998546 -0.172149
135 148 91 0.99756 0.0385622 -0.0582037 -0.967007 -0.0393195 0.999156 -0.0119223 -0.035088 0.0576948 0.0141818 0.998234 0.25232
135 149 103 0.998161 0.0189642 -0.0575692 -0.892319 -0.0200981 0.999614 -0.0191825 -0.156772 0.0571832 0.0203042 0.998157 0.423307
150 151 18 0.999999 0.00110312 -0.000363369 -0.18566 -0.00110206 0.999995 0.00291335 -0.138423 0.000366581 -0.00291294 0.999996 0.972815
150 152 73 0.999985 0.00549652 -9.78088e-06 0.360404 -0.00549649 0.999984 0.00162895 -0.229475 1.87343e-05 -0.00162887 0.999999 0.90413
150 153 10 0.99987 0.0147135 -0.00660054 0.984361 -0.014722 0.999891 -0.00124642 0.0375566 0.00658148 0.00134343 0.999977 0.172113
150 154 270 0.999341 0.00556691 -0.0358793 0.995436 -0.00583869 0.999955 -0.00747438 0.095259 0.0358361 0.00767894 0.999328 0.00579874
150 155 266 0.997541 0.0128115 -0.0689044 0.987956 -0.0139041 0.999785 -0.0154001 0.140569 0.0686922 0.0163203 0.997504 -0.0646717
150 156 0 1 0 0 0 0 1 0 0 0 0 1 0
150 157 44 0.999791 0.00715169 -0.0191658 0.9756 -0.00734856 0.999921 -0.0102211 -0.130155 0.0190912 0.0103598 0.999764 0.176816
150 158 86 0.999134 0.00303579 -0.0415033 0.98198 -0.00369061 0.99987 -0.01571 0.0455598 0.0414502 0.0158496 0.999015 -0.183411
150 159 216 0.998678 0.0158272 -0.0489009 0.993816 -0.0164347 0.999792 -0.0120456 -0.0949883 0.0487001 0.0128333 0.998731 0.0575148
150 160 256 0.996761 0.0194568 -0.0780371 0.98219 -0.020618 0.999688 -0.0141015 -0.0209601 0.0777383 0.0156648 0.996851 -0.186715
150 161 145 0.999859 0.00557838 -0.0158417 -0.826068 -0.00591235 0.99976 -0.0211136 -0.0536646 0.0157201 0.0212043 0.999652 0.56101
150 162 212 0.997342 0.0115921 -0.0719275 0.990046 -0.0130855 0.999708 -0.0203264 0.0527677 0.0716709 0.0212136 0.997203 -0.130481
150 163 99 0.997694 0.00706157 -0.0675094 0.992621 -0.00847394 0.999751 -0.0206577 -0.00296023 0.0673467 0.0211821 0.997505 -0.121218
150 164 68 0.99795 0.0191248 -0.0610693 0.963215 -0.02033 0.999609 -0.0191747 -0.0355832 0.0606788 0.0203769 0.997949 -0.266367
165 166 16 0.999995 -0.0032421 -0.000289959 -0.647321 0.00324188 0.999994 -0.000760892 -0.158667 0.000292424 0.000759948 1 0.74552
165 167 32 0.999869 0.00287901 -0.0159018 0.975123 -0.00285165 0.999994 0.00174254 0.0946873 0.0159067 -0.00169696 0.999872 -0.200423
165 168 186 0.999654 0.0115172 -0.0236468 0.93751 -0.0114118 0.999924 0.00458944 -0.098622 0.0236979 -0.004318 0.99971 0.333689
165 169 279 0.999285 0.0264183 -0.0270511 0.977431 -0.0262047 0.999623 0.00822166 -0.211233 0.0272581 -0.00750691 0.9996 0.00307427
165 170 302 0.998166 0.0288692 -0.0532121 0.999244 -0.0291362 0.999566 -0.00424873 0.0132275 0.0530664 0.00579134 0.998574 -0.0365613
165 171 165 0.999589 0.0193183 0.0211871 -0.714648 -0.0191343 0.999778 -0.00885494 -0.100065 -0.0213534 0.0084459 0.999736 0.69229
165 172 231 0.998449 0.0311017 -0.0461741 0.978233 -0.0316267 0.999443 -0.0106821 0.0279437 0.0458162 0.0121259 0.998876 -0.205621
165 173 102 0.999667 0.0240079 0.00948185 -0.793792 -0.0239707 0.999705 -0.00401467 -0.196693 -0.00957543 0.00378605 0.999947 0.575506
165 174 160 0.998992 0.0293175 -0.0340067 0.941602 -0.0293283 0.99957 0.000180974 0.110201 0.0339974 0.000816568 0.999422 -0.318184
165 175 88 0.99932 0.0368273 0.00179439 0.882752 -0.0368424 0.999278 0.00924832 0.0105901 -0.00145251 -0.00930814 0.999956 -0.469719
165 176 190 0.998368 0.0306175 -0.0482104 0.991511 -0.030285 0.999512 0.0076127 0.0227014 0.0484199 -0.00614023 0.998808 -0.128025
165 177 150 0.998217 0.0400587 -0.0442568 0.997193 -0.039594 0.999152 0.0113273 -0.0657411 0.044673 -0.00955484 0.998956 -0.0358224
165 178 196 0.997841 0.016901 -0.0634706 0.993051 -0.0175691 0.999796 -0.00998386 0.0802832 0.0632889 0.0110774 0.997934 -0.0860502
165 179 196 0.996956 0.0305134 -0.0717445 0.991505 -0.0308983 0.999513 -0.00426166 0.0340396 0.0715796 0.00646548 0.997414 -0.125535
180 181 0 1 0 0 0 0 1 0 0 0 0 1 0
180 182 59 0.999994 0.00163186 0.00309766 -0.841806 -0.00164199 0.999993 0.00327161 0.106505 -0.0030923 -0.00327668 0.99999 -0.529169
180 183 13 0.999976 0.00135406 -0.0067947 0.627692 -0.00132998 0.999993 0.00354752 0.114029 0.00679945 -0.0035384 0.999971 -0.770065
180 184 144 0.99972 0.00487118 -0.023162 0.971293 -0.00488225 0.999988 -0.000421521 0.208643 0.0231597 0.000534486 0.999732 -0.114273
180 185 29 0.999981 -0.00612395 -0.000414887 -0.663804 0.00612447 0.99998 0.00126447 -0.281115 0.000407135 -0.00126699 0.999999 0.693064
180 186 169 0.999408 0.0108837 -0.0326345 0.980333 -0.0108589 0.999941 0.000938548 -0.0407796 0.0326428 -0.000583618 0.999467 -0.193092
180 187 125 0.999667 0.0028224 -0.0256411 0.922364 -0.00304 0.99996 -0.00845109 0.129293 0.0256162 0.00852623 0.999635 -0.364044
180 188 234 0.998612 0.0086189 -0.0519679 0.928666 -0.00916488 0.999905 -0.0102769 0.158827 0.0518744 0.0107389 0.998596 -0.33519
180 189 205 0.998572 0.0129809 -0.0518307 0.953171 -0.0133504 0.999888 -0.00678833 0.111823 0.0517368 0.00747059 0.998633 -0.280998
180 190 189 0.998416 0.0160567 -0.0539242 0.920577 -0.016427 0.999844 -0.0064299 0.0961362 0.0538126 0.00730553 0.998524 -0.378545
180 191 100 0.999457 0.00339348 -0.0327894 0.851376 -0.00363773 0.999966 -0.00739225 0.192505 0.0327632 0.00750751 0.999435 -0.487956
180 192 42 0.998775 0.0434406 -0.0237058 -0.914874 -0.0431497 0.998989 0.0126492 0.043766 0.0242314 -0.0116108 0.999639 -0.401361
180 193 142 0.994969 0.0309158 -0.0952927 0.960153 -0.0311314 0.999515 -0.000776271 0.0475255 0.0952225 0.00373896 0.995449 -0.275404
180 194 109 0.988633 0.00962517 -0.150043 0.93854 -0.0130714 0.999673 -0.0219992 0.14658 0.149782 0.0237104 0.988435 -0.312503
195 196 37 0.999878 0.0155752 0.00146009 -0.140119 -0.0155788 0.999876 0.00245326 0.32177 -0.0014217 -0.00247571 0.999996 0.936392
195 197 68 0.999883 0.00650551 -0.0138138 0.750845 -0.00645737 0.999973 0.00352653 0.0969203 0.0138363 -0.00343692 0.999898 -0.653329
195 198 28 0.99994 0.0109923 -0.000180388 -0.716948 -0.0109903 0.999903 0.00857198 -0.185771 0.000274597 -0.00856948 0.999963 0.671919
195 199 53 0.999293 0.0361942 -0.0101338 0.670888 -0.0360594 0.999263 0.0131831 0.0471319 0.0106034 -0.0128084 0.999862 0.740059
195 200 66 0.999406 0.0312169 -0.014571 0.522027 -0.031067 0.999463 0.0104016 0.189991 0.0148879 -0.00994277 0.99984 0.831499
195 201 39 0.999057 0.041432 0.0129745 -0.963876 -0.0413427 0.99912 -0.00707544 0.214611 -0.0132562 0.00653237 0.999891 0.157751
195 202 48 0.999332 0.0344402 -0.0122503 0.997678 -0.0346791 0.999201 -0.0198542 -0.0581137 0.0115568 0.0202658 0.999728 -0.0355173
195 203 45 0.99888 0.0467666 -0.00717052 -0.833711 -0.0469177 0.998643 -0.0225997 0.0534915 0.00610388 0.0229109 0.999719 -0.549604
195 204 96 0.993532 0.0369606 -0.107365 0.954701 -0.0403104 0.99876 -0.0291985 0.031206 0.106153 0.0333375 0.993791 -0.295926
195 205 40 0.997054 0.0763182 0.00762552 -0.898922 -0.076331 0.997082 0.00139895 0.137 -0.0074965 -0.00197689 0.99997 -0.416137
195 206 43 0.997579 0.0694155 -0.00414139 -0.795012 -0.0693592 0.997514 0.0124554 0.0797069 0.00499569 -0.012138 0.999914 -0.601334
195 207 87 0.99829 0.0428336 -0.0397749 0.957607 -0.0429489 0.999075 -0.00204802 0.0440068 0.0396504 0.0037528 0.999207 -0.284696
195 208 130 0.997349 0.0471254 -0.0554426 0.983692 -0.0475282 0.998852 -0.00596739 0.0345122 0.0550978 0.00858666 0.998444 -0.176519
195 209 73 0.998082 0.0612958 -0.00865191 0.879134 -0.0612954 0.99812 0.000318839 -0.0799396 0.00865519 0.000212095 0.999963 0.469822
210 211 17 0.999989 0.00441721 -0.00157535 0.377106 -0.00441567 0.99999 0.00097841 -0.293572 0.00157965 -0.000971443 0.999998 -0.878411
210 212 82 0.999835 0.00338815 0.0178647 -0.889489 -0.00344317 0.999989 0.00305043 0.145827 -0.0178541 -0.00311144 0.999836 -0.433063
210 213 37 0.999863 0.00145955 -0.0164633 0.40717 -0.00130016 0.999952 0.00968818 0.266904 0.0164766 -0.00966545 0.999818 -0.873484
210 214 33 0.999936 -0.00152188 -0.0112499 -0.836926 0.00164544 0.999938 0.0109825 0.0736337 0.0112325 -0.0110003 0.999876 -0.54234
210 215 39 0.999199 -0.0359808 -0.0175032 -0.524027 0.0360636 0.99934 0.00443502 -0.271449 0.0173321 -0.0050627 0.999837 0.807286
210 216 46 0.999936 -0.0103227 -0.00462416 -0.870088 0.010384 0.999856 0.0134344 0.0360016 0.00448482 -0.0134815 0.999899 -0.49158
210 217 90 0.998179 -0.01677 -0.0579402 0.917608 0.0169716 0.999852 0.0029887 0.242199 0.0578815 -0.0039666 0.998316 -0.315176
210 218 65 0.998645 -0.0108988 -0.0508953 0.965519 0.0114439 0.99988 0.0104309 0.132383 0.0507755 -0.0109992 0.99865 -0.224159
210 219 64 0.993159 -0.0195035 -0.115132 0.988252 0.0210991 0.999697 0.012657 0.00600251 0.114851 -0.0149996 0.99327 -0.152716
210 220 54 0.999439 0.0319685 -0.00997151 -0.454986 -0.031753 0.999274 0.0210658 0.410291 0.0106377 -0.0207374 0.999728 0.790348
210 221 78 0.99614 -0.00990803 -0.0872136 0.96258 0.0108626 0.999886 0.0104769 0.152489 0.0870998 -0.0113838 0.996135 -0.224024
210 222 22 0.999419 0.02925 -0.0175125 -0.474501 -0.0287393 0.999174 0.0287323 0.136118 0.0183384 -0.0282123 0.999434 -0.869667
210 223 72 0.95761 -0.011749 -0.287829 0.925652 0.0503289 0.990624 0.127008 -0.357057 0.283638 -0.13611 0.949222 0.125214
210 224 63 0.997186 -0.0147531 -0.0735048 0.775141 0.0157768 0.999786 0.0133654 0.0786554 0.0732919 -0.0144874 0.997205 -0.626873
225 226 36 0.999996 -8.31796e-05 -0.00292116 0.275775 9.67522e-05 0.999989 0.00464649 -0.203788 0.00292075 -0.00464675 0.999985 0.939371
225 227 66 0.999987 0.00133185 -0.00491231 0.274303 -0.00129715 0.999974 0.00705934 -0.166997 0.00492158 -0.00705288 0.999963 0.947032
225 228 143 0.999328 0.0114212 -0.0348385 0.991524 -0.0113011 0.99993 0.00364231 -0.0682456 0.0348777 -0.00324614 0.999386 0.110556
225 229 124 0.999207 0.0189035 -0.0350363 0.997222 -0.0188282 0.99982 0.00247918 -0.0410832 0.0350769 -0.00181754 0.999383 -0.0621285
225 230 17 0.99985 0.0144546 0.00953213 0.143062 -0.0145028 0.999882 0.00501079 0.612791 -0.00945858 -0.00514828 0.999942 0.777187
225 231 0 1 0 0 0 0 1 0 0 0 0 1 0
225 232 0 1 0 0 0 0 1 0 0 0 0 1 0
225 233 33 0.997454 0.0712913 -0.00194032 0.194061 -0.0710343 0.995545 0.0620018 0.106247 0.00635186 -0.0617061 0.998074 0.975219
225 234 0 1 0 0 0 0 1 0 0 0 0 1 0
225 235 14 0.987786 0.154564 0.0197228 0.275088 -0.155459 0.986164 0.0575523 0.181411 -0.0105544 -0.0599154 0.998148 0.944149
225 236 58 0.994901 0.00630608 -0.100656 0.957377 -0.00281642 0.999391 0.0347738 0.269607 0.100814 -0.034313 0.994313 0.103643
225 237 50 0.999944 0.00940183 0.00476834 0.283628 -0.00969765 0.997748 0.066365 -0.110751 -0.00413365 -0.0664076 0.997784 0.952517
225 238 55 0.998504 -0.0290196 0.0463342 -0.477802 0.0259697 0.997539 0.0651222 -0.233435 -0.04811 -0.0638215 0.996801 0.846884
225 239 44 0.996036 -0.0736265 0.0499129 -0.302607 0.0711311 0.99621 0.0500545 -0.309743 -0.0534091 -0.0463057 0.997498 0.901381
240 241 37 0.999999 -0.000318738 0.00162583 0.308846 0.000312463 0.999993 0.00385798 -0.384623 -0.00162705 -0.00385747 0.999991 0.869873
240 242 80 0.999911 -0.00434359 0.0126469 -0.845296 0.00435597 0.99999 -0.000951552 -0.138535 -0.0126427 0.00100656 0.99992 0.516027
240 243 241 0.999571 0.00273874 -0.0291491 0.97864 -0.0026471 0.999991 0.00318192 -0.17516 0.0291575 -0.0031034 0.99957 -0.107622
240 244 92 0.999937 -0.000221905 -0.0112226 0.917629 0.000114428 0.999954 -0.00957654 0.0956042 0.0112242 0.00957466 0.999891 0.385767
240 245 230 0.999001 0.00354978 -0.0445526 0.990965 -0.00387354 0.999967 -0.00718286 -0.0957095 0.0445256 0.00734826 0.998981 -0.0939558
240 246 23 0.999968 -0.0070501 0.00378556 0.942094 0.0071174 0.999811 -0.0180691 0.079577 -0.00365746 0.0180955 0.99983 -0.325769
240 247 97 0.999888 -0.00273969 -0.014694 0.796994 0.00254961 0.999913 -0.0129389 0.134674 0.0147282 0.0129 0.999808 -0.588782
240 248 195 0.999158 0.00626725 -0.0405462 0.936092 -0.00651037 0.999962 -0.00586678 0.070424 0.0405079 0.00612581 0.99916 -0.344632
240 249 193 0.999214 0.00702136 -0.0390177 0.955017 -0.00707398 0.999974 -0.00121082 0.0425723 0.0390082 0.00148587 0.999238 -0.293479
240 250 101 0.999607 0.0012567 -0.0280014 0.740816 -0.00116655 0.999994 0.00323556 0.137744 0.0280053 -0.00320162 0.999603 -0.657433
240 251 117 0.999204 0.000162524 -0.0398852 0.973489 0.000288935 0.999936 0.0113129 0.0750204 0.0398844 -0.0113155 0.99914 -0.21608
240 252 180 0.998461 0.0149603 -0.0534078 0.923609 -0.0139782 0.999727 0.0187152 0.102142 0.0536732 -0.0179398 0.998397 -0.369476
240 253 59 0.999874 0.0137665 -0.0079615 -0.95159 -0.013607 0.999712 0.0197593 0.066674 0.00823122 -0.0196485 0.999773 -0.300053
240 254 153 0.998837 0.0288553 -0.0386309 0.894582 -0.0282541 0.999472 0.0160185 0.216716 0.0390727 -0.0149084 0.999125 -0.390841
255 256 23 0.99998 0.00592721 -0.00214341 0.289539 -0.00591144 0.999956 0.0072917 0.151427 0.00218653 -0.00727888 0.999971 -0.945112
255 257 217 0.999431 0.0235791 -0.0241144 0.981602 -0.0231233 0.999552 0.0190067 -0.164604 0.0245518 -0.0184382 0.999529 -0.09676
255 258 12 0.999183 0.0403256 0.00249325 0.691948 -0.040348 0.999139 0.00969222 0.224207 -0.00210026 -0.0097849 0.99995 -0.68625
255 259 49 0.998154 0.0607105 0.00159227 0.40354 -0.0607205 0.998128 0.00728591 -0.260138 -0.00114696 -0.00736914 0.999972 -0.877202
255 260 46 0.998849 0.0478114 0.0039031 0.42641 -0.0477566 0.998773 -0.0130982 -0.16939 -0.00452456 0.0128967 0.999907 -0.888528
255 261 75 0.998334 0.0574357 0.00543412 0.273521 -0.0573524 0.99825 -0.0144071 -0.129958 -0.00625209 0.0140714 0.999881 -0.953046
255 262 152 0.99587 0.0747893 -0.0514639 0.958449 -0.0759936 0.996869 -0.0218528 0.236451 0.0496684 0.0256735 0.998436 -0.159582
255 263 102 0.99765 0.0676794 -0.0107117 0.337739 -0.0677121 0.997701 -0.0027136 0.207521 0.0105034 0.00343253 0.999939 -0.918078
255 264 58 0.997679 0.0662851 -0.0156031 0.969852 -0.0663202 0.997797 -0.00173961 0.182959 0.0154534 0.00277037 0.999877 0.160974
255 265 171 0.996874 0.0649095 -0.0450425 0.951817 -0.0647857 0.99789 0.00420551 -0.00529745 0.0452204 -0.00127425 0.998976 -0.306621
255 266 104 0.996639 0.0697963 -0.0428822 0.940167 -0.0697929 0.99756 0.00157988 0.0376962 0.0428879 0.0014183 0.999079 -0.338622
255 267 101 0.997234 0.065971 -0.034228 0.45178 -0.066078 0.997812 -0.00200303 -0.131492 0.034021 0.00425921 0.999412 -0.882386
255 268 49 0.997562 0.0621695 -0.0316981 0.855322 -0.0627424 0.997878 -0.0174109 0.111531 0.0305484 0.0193573 0.999346 -0.50595
255 269 131 0.992723 0.0704677 -0.0976491 0.975236 -0.0723726 0.997248 -0.0161006 -0.00265703 0.0962458 0.0230506 0.995091 -0.221151
270 271 12 0.999981 0.00492477 -0.003626 -0.292295 -0.0049196 0.999987 0.00143515 0.251992 0.00363302 -0.00141729 0.999992 0.922531
270 272 116 0.999587 0.00957514 -0.0270966 0.966376 -0.00951935 0.999952 0.0021873 -0.00958121 0.0271162 -0.00192845 0.99963 -0.256953
270 273 20 0.999811 0.00504404 -0.0187751 0.537391 -0.00505798 0.999987 -0.000695468 0.0020971 0.0187713 0.0007903 0.999823 -0.84333
270 274 83 0.999938 0.00270788 -0.0108072 -0.824998 -0.0027055 0.999996 0.000234418 -0.0433686 0.0108078 -0.000205165 0.999942 -0.563469
270 275 61 0.999 0.0111142 -0.0433168 0.96165 -0.0111552 0.999938 -0.000704624 0.115171 0.0433062 0.00118713 0.999061 -0.248927
270 276 11 0.99951 0.00905486 -0.0299531 -0.801955 -0.00909491 0.999958 -0.00120117 0.0932238 0.029941 0.001473 0.999551 -0.590065
270 277 94 0.998773 0.0104465 -0.0483993 0.39692 -0.0107455 0.999925 -0.00592167 0.160501 0.0483338 0.00643448 0.998811 -0.903711
270 278 126 0.999254 0.00775517 -0.037823 -0.593916 -0.00749051 0.999946 0.00713406 -0.0620363 0.0378763 -0.00684543 0.999259 -0.802132
270 279 99 0.996707 0.0197976 -0.0786361 0.983576 -0.0191279 0.999774 0.00925998 -0.109531 0.0788017 -0.00772534 0.99686 0.143462
270 280 212 0.99324 0.0306307 -0.111961 0.98486 -0.0298735 0.999518 0.0084354 -0.0376864 0.112165 -0.00503373 0.993677 0.169208
270 281 177 0.999058 0.0181633 -0.0394171 -0.728909 -0.0179142 0.999817 0.00666414 0.114157 0.0395309 -0.00595174 0.999201 -0.675026
270 282 168 0.998813 0.0206267 -0.0441334 -0.872969 -0.0203839 0.999775 0.00594385 0.133751 0.0442461 -0.00503719 0.999008 -0.469079
270 283 222 0.992003 0.030313 -0.122521 0.996028 -0.0299345 0.99954 0.00492903 -0.0242671 0.122614 -0.00122199 0.992454 0.0856756
270 284 41 0.994319 0.0262858 -0.103146 0.337923 -0.0262222 0.999654 0.00197206 0.194763 0.103162 0.000743866 0.994664 -0.920802
285 286 59 0.999976 -0.00668129 -0.00167085 -0.654957 0.00667557 0.999972 -0.00340578 -0.22914 0.00169356 0.00339454 0.999993 0.720088
285 287 83 0.999802 -0.00240681 -0.0197332 0.62431 0.00233317 0.99999 -0.00375387 0.288908 0.0197421 0.00370709 0.999798 -0.725788
285 288 43 0.999845 0.00650311 -0.0163828 0.296208 -0.0064026 0.99996 0.00617958 0.512245 0.0164223 -0.00607373 0.999847 -0.806143
285 289 39 0.999719 0.00330233 -0.0234938 0.411053 -0.00284316 0.999805 0.0195512 -0.045413 0.0235538 -0.0194789 0.999533 0.91048
285 290 56 0.999375 -0.00102961 -0.0353334 0.412297 0.00196605 0.999647 0.0264785 -0.121254 0.0352936 -0.0265314 0.999025 0.902944
285 291 78 0.998725 0.00663857 -0.0500418 0.264085 -0.00490666 0.999387 0.0346531 0.125457 0.0502412 -0.0343634 0.998146 -0.956305
285 292 84 0.999073 0.0143794 -0.0405643 -0.411411 -0.0125843 0.998945 0.0441652 0.110205 0.0411566 -0.0436138 0.9982 -0.904763
285 293 177 0.999894 0.00994887 -0.0106572 -0.87243 -0.00939495 0.998664 0.0508216 -0.0151671 0.0111486 -0.050716 0.998651 -0.488503
285 294 132 0.996533 0.0248838 -0.0793954 0.669133 -0.021075 0.998603 0.0484547 0.202699 0.0804903 -0.0466134 0.995665 -0.714965
285 295 37 0.997171 0.0260713 -0.0704982 0.839004 -0.0227232 0.998594 0.0478834 -0.0521004 0.0716475 -0.046146 0.996362 0.541626
285 296 152 0.988912 0.0470384 -0.140855 0.962588 -0.0408194 0.998074 0.0467216 0.103983 0.142781 -0.0404539 0.988927 -0.250225
285 297 115 0.993544 0.051348 -0.101157 0.555727 -0.0460715 0.997487 0.0538261 0.203184 0.103667 -0.0488182 0.993413 -0.806154
285 298 76 0.99621 0.0459354 -0.0738605 -0.820276 -0.0419465 0.997622 0.0546806 0.0761225 0.0761966 -0.0513752 0.995768 -0.56688
285 299 140 0.984516 0.0713155 -0.160132 0.999719 -0.0633731 0.996518 0.0541762 0.0213501 0.163438 -0.0431893 0.985608 0.0102813
300 301 48 0.999976 -0.00370886 -0.00590549 0.592962 0.00373868 0.99998 0.0050467 -0.012298 0.00588665 -0.00506866 0.99997 0.805137
300 302 221 0.999616 -0.00267173 -0.0275652 0.938279 0.00295847 0.999942 0.0103669 -0.114978 0.0275359 -0.0104445 0.999566 0.32621
300 303 407 0.999184 0.00720228 -0.0397362 0.991174 -0.00685858 0.999938 0.00877908 0.118994 0.039797 -0.00849938 0.999172 -0.0584331
300 304 98 0.999822 0.0128264 -0.0138512 0.625242 -0.0126561 0.999844 0.0123136 -0.114709 0.014007 -0.0121361 0.999828 0.771955
300 305 184 0.999366 0.021866 -0.0281025 0.987307 -0.0215199 0.99969 0.012559 -0.142813 0.0283684 -0.0119463 0.999526 0.0695008
300 306 351 0.998384 0.0328223 -0.0463862 0.995753 -0.032751 0.999461 0.00229631 0.0292789 0.0464365 -0.000773408 0.998921 0.0872876
300 307 190 0.999352 0.0271868 -0.023597 0.895166 -0.0273018 0.999617 -0.00456528 -0.207464 0.0234639 0.00520656 0.999711 0.394508
300 308 76 0.999238 0.0322095 -0.022052 0.892192 -0.0324635 0.99941 -0.0112577 -0.0214695 0.0216764 0.011965 0.999693 -0.451146
300 309 115 0.999446 0.030202 -0.0139627 0.707146 -0.0304464 0.999381 -0.0176347 -0.156603 0.0134215 0.01805 0.999747 0.689508
300 310 50 0.999724 0.0202938 -0.0118413 0.817042 -0.020644 0.999329 -0.0302439 -0.137112 0.0112196 0.03048 0.999472 0.560038
300 311 187 0.999821 0.0160398 -0.0100731 0.677019 -0.0164099 0.999151 -0.037799 -0.0873249 0.00945828 0.0379576 0.999235 0.730767
300 312 176 0.999903 0.00825354 -0.0112166 0.751124 -0.0087322 0.999023 -0.0433179 -0.102605 0.0108481 0.0434117 0.998998 0.652139
300 313 51 0.99993 0.000130505 -0.0117948 0.995397 -0.000678653 0.998919 -0.0464815 -0.0156186 0.011776 0.0464862 0.99885 0.0945541
300 314 139 0.999889 -0.0077954 -0.0126996 0.809962 0.00710025 0.998521 -0.0538929 -0.0826062 0.0131009 0.0537967 0.998466 0.580635
315 316 34 0.999979 -0.00592733 0.00257678 0.322229 0.00592983 0.999982 -0.000964226 0.321552 -0.00257102 0.000979486 0.999996 -0.890378
315 317 23 0.999985 -0.00444104 0.00328615 0.548816 0.00443085 0.999985 0.00310077 0.0225687 -0.00329987 -0.00308616 0.99999 -0.835639
315 318 59 0.999988 -0.00460999 0.00191817 0.736084 0.00460112 0.999979 0.00460168 0.244486 -0.00193934 -0.0045928 0.999988 -0.631195
315 319 39 0.999994 -0.000721066 0.00352155 0.858786 0.00068459 0.999946 0.0103483 0.1839 -0.00352882 -0.0103458 0.99994 -0.478191
315 320 128 0.999992 0.00242448 0.00309966 0.912358 -0.00245956 0.999932 0.0113649 0.227517 -0.0030719 -0.0113724 0.999931 -0.340351
315 321 179 0.999937 0.00654426 0.00912111 0.996979 -0.00665993 0.999897 0.0127088 0.0677827 -0.009037 -0.0127688 0.999878 -0.037934
315 322 34 0.999398 0.0049338 0.0343263 -0.700749 -0.00531803 0.999924 0.0111111 0.185669 -0.0342689 -0.0112869 0.999349 -0.688824
315 323 64 0.999531 0.00787909 0.0296067 0.259651 -0.00816166 0.999922 0.00943513 0.335869 -0.02953 -0.00967234 0.999517 -0.905413
315 324 57 0.99959 0.009515 0.0270087 0.34298 -0.00983694 0.999882 0.0118122 0.282425 -0.0268931 -0.012073 0.999565 -0.89588
315 325 226 0.999835 0.012354 0.0132841 0.769463 -0.0125533 0.999808 0.0150255 0.152345 -0.0130959 -0.0151898 0.999799 -0.620256
315 326 189 0.999888 0.0127801 0.00784356 0.955286 -0.0129246 0.999742 0.0186639 0.0655418 -0.00760301 -0.0187632 0.999795 -0.288329
315 327 40 0.999766 0.0063215 0.0207057 0.704556 -0.00674062 0.999773 0.0202351 -0.207163 -0.0205731 -0.0203699 0.999581 0.678738
315 328 430 0.999668 0.0184663 -0.0179732 0.896282 -0.0182038 0.999727 0.0146613 0.36398 0.018239 -0.0143293 0.999731 -0.253373
315 329 55 0.999773 0.0161998 0.0138558 0.648306 -0.0166211 0.999386 0.0308521 -0.192976 -0.0133475 -0.0310753 0.999428 0.736519
330 331 27 0.999985 0.000422127 -0.00539991 -0.549984 -0.000420712 1 0.000263108 0.0516348 0.00540002 -0.000260832 0.999985 -0.833577
330 332 18 0.999989 0.00113384 -0.00463145 -0.865279 -0.00113948 0.999999 -0.00121498 0.0966261 0.00463006 0.00122024 0.999989 -0.491889
330 333 32 0.999891 1.81708e-06 -0.014737 0.518193 -1.03902e-05 1 -0.000581663 0.117475 0.014737 0.000581753 0.999891 -0.847157
