0 1 22 0.999981 0.00330282 -0.00529361 0.378408 -0.00328517 0.999989 0.00333819 0.00261462 0.00530458 -0.00332074 0.99998 -0.925635
0 2 13 0.999904 0.00437551 -0.013112 0.98156 -0.00428768 0.999968 0.00671889 -0.189366 0.013141 -0.00666203 0.999891 0.0260924
0 3 16 0.999898 0.0124176 -0.00701416 0.970918 -0.0123596 0.99989 0.00825471 -0.0470359 0.00711589 -0.00816718 0.999941 -0.234744
0 4 11 0.999927 0.0114439 -0.00390394 0.907863 -0.0113986 0.999869 0.0114518 -0.189965 0.00403448 -0.0114064 0.999927 0.373762
0 5 16 0.999944 0.0103152 -0.00219189 0.749458 -0.0103018 0.999929 0.00605206 -0.251877 0.00225416 -0.00602914 0.999979 0.612267
0 6 264 0.999871 0.0070944 0.0143915 -0.833276 -0.00692734 0.999908 -0.011625 0.469454 -0.0144726 0.0115238 0.999829 -0.292001
0 7 221 0.999704 0.0135424 -0.0201923 0.969804 -0.0136043 0.999903 -0.0029293 -0.242766 0.0201507 0.00320313 0.999792 -0.0233505
0 8 58 0.999951 0.00268158 0.00947908 -0.981446 -0.00255699 0.999911 -0.0131317 0.171524 -0.00951345 0.0131068 0.999869 -0.0856907
0 9 231 0.99946 -0.00638122 -0.0322365 0.939797 0.0062714 0.999974 -0.0035069 -0.320842 0.0322581 0.00330283 0.999474 0.117652
0 10 248 0.999363 0.000160539 -0.0356875 0.996986 -0.000660709 0.999902 -0.0140039 -0.0590488 0.0356817 0.0140186 0.999265 -0.0503158
0 11 164 0.999586 0.00375366 -0.0285431 0.994088 -0.00418873 0.999876 -0.0151978 -0.041708 0.0284825 0.0153111 0.999477 -0.100243
0 12 60 0.999933 0.00406284 -0.0108165 0.989774 -0.0042446 0.999849 -0.016835 0.0292545 0.0107465 0.0168798 0.9998 0.139614
0 13 195 0.999533 0.00437871 -0.0302582 0.990565 -0.00482769 0.999879 -0.0147813 -0.0917767 0.0301898 0.0149204 0.999433 -0.101778
0 14 65 0.999869 0.00203668 -0.0160689 0.953179 -0.00231092 0.999852 -0.0170666 0.0644477 0.0160317 0.0171015 0.999725 0.295458
15 16 25 0.999928 -0.0046124 0.0110403 -0.929146 0.00458686 0.999987 0.00233789 -0.355143 -0.0110509 -0.00228708 0.999936 0.102768
15 17 16 0.999918 -0.0121094 -0.00425512 0.725038 0.0120967 0.999922 -0.00299201 0.11922 0.00429102 0.00294029 0.999986 -0.678311
15 18 37 0.999896 -0.012499 -0.00721194 0.523406 0.0124737 0.999916 -0.00354377 0.251594 0.00725562 0.00345344 0.999968 -0.814093
15 19 136 0.999819 -0.00991163 -0.0162584 0.892442 0.00987526 0.999949 -0.00231623 0.25926 0.0162805 0.00215525 0.999865 -0.369232
15 20 54 0.999923 -0.0122755 -0.00197323 0.667495 0.0122791 0.999923 0.00186928 0.167778 0.00195013 -0.00189337 0.999996 -0.725466
15 21 99 0.999855 -0.0121403 -0.0119183 0.889013 0.0120013 0.99986 -0.0116644 0.178559 0.0120582 0.0115197 0.999861 -0.42163
15 22 357 0.999546 -0.00599319 -0.0295106 0.984637 0.00576684 0.999953 -0.00774944 0.0404808 0.0295557 0.00757574 0.999534 -0.169854
15 23 82 0.999907 -0.00127903 -0.0135646 0.992954 0.00107752 0.999889 -0.014853 0.114147 0.0135821 0.014837 0.999798 0.0318188
15 24 85 0.999821 -6.13561e-05 -0.0189247 0.987677 -0.000382185 0.999725 -0.0234327 0.0536778 0.0189209 0.0234357 0.999546 -0.147013
15 25 110 0.999492 -0.000824409 -0.0318518 0.895191 -0.000209839 0.999473 -0.0324536 0.083531 0.0318618 0.0324438 0.998966 -0.437786
15 26 316 0.998615 0.00615587 -0.0522502 0.885946 -0.00799265 0.999355 -0.0350178 0.0989192 0.0520009 0.0353869 0.99802 -0.453117
15 27 162 0.999318 0.0131209 -0.0345286 0.801679 -0.0141572 0.999451 -0.029941 0.0806936 0.0341168 0.0304094 0.998955 -0.592283
15 28 216 0.998767 0.0209671 -0.0449973 0.931139 -0.0224292 0.999229 -0.0322369 0.177537 0.0442867 0.0332064 0.998467 -0.318529
15 29 235 0.997628 0.0234887 -0.0647039 0.880249 -0.0254034 0.999259 -0.0289306 0.159475 0.0639763 0.0305056 0.997485 -0.446912
30 31 32 0.999799 0.01621 0.0118279 -0.633909 -0.0162805 0.99985 0.00589512 -0.338107 -0.0117305 -0.0060865 0.999913 0.695588
30 32 162 0.999669 0.0127061 0.0223882 -0.924814 -0.0128746 0.99989 0.00740161 -0.254463 -0.0222917 -0.0076874 0.999722 0.282786
30 33 231 0.999643 0.00648318 0.0259047 -0.991831 -0.00650959 0.999978 0.000935432 0.0412248 -0.025898 -0.00110373 0.999664 0.120713
30 34 18 0.999929 0.00697614 -0.00971059 0.799575 -0.00695152 0.999973 0.0025665 0.0564286 0.00972822 -0.00249882 0.99995 -0.59791
30 35 34 0.999998 -0.000467318 0.00187164 -0.97548 0.0004598 0.999992 0.00401498 -0.0458659 -0.0018735 -0.00401412 0.99999 0.215257
30 36 15 0.999974 0.00325755 -0.00643399 -0.863459 -0.00324955 0.999994 0.00125395 -0.185352 0.00643804 -0.00123301 0.999979 0.46913
30 37 72 0.999421 0.00560612 -0.0335678 0.980952 -0.00553902 0.999982 0.00209146 0.059077 0.0335789 -0.00190432 0.999434 -0.18505
30 38 123 0.999349 0.0126763 -0.0337769 0.906485 -0.0124595 0.9999 0.00662185 0.0843902 0.0338575 -0.00619669 0.999407 -0.413719
30 39 63 0.999549 0.0212895 -0.0211684 0.953186 -0.0211088 0.999739 0.0087226 0.227106 0.0213485 -0.00827183 0.999738 -0.199648
30 40 78 0.999596 0.0142065 -0.0246102 0.730712 -0.0138983 0.999823 0.0126515 0.121302 0.0247856 -0.0123044 0.999617 -0.671823
30 41 65 0.999283 0.00609643 -0.0373688 0.905411 -0.00535427 0.999787 0.0199284 0.0762131 0.0374823 -0.0197141 0.999103 -0.417639
30 42 132 0.999918 -0.00334471 -0.012393 -0.995135 0.00359952 0.999781 0.0205957 -0.0685303 0.0123214 -0.0206386 0.999711 0.0707751
30 43 75 0.999312 0.00127356 -0.0370729 0.908389 -0.000703772 0.999881 0.0153784 0.146612 0.0370881 -0.0153417 0.999194 -0.391579
30 44 109 0.998335 0.00273997 -0.0576162 0.872723 -0.00124935 0.999664 0.0258917 0.137494 0.0576678 -0.0257766 0.998003 -0.468455
45 46 0 1 0 0 0 0 1 0 0 0 0 1 0
45 47 55 0.999976 0.00685583 -0.000499722 0.727702 -0.00685684 0.999974 -0.00204133 0.0497031 0.000485714 0.00204471 0.999998 0.68409
45 48 18 0.999996 0.0028045 -0.00012487 0.870506 -0.00280516 0.99998 -0.00558554 0.186652 0.000109203 0.00558587 0.999984 -0.455391
45 49 186 0.999438 0.00672736 -0.0328248 0.952887 -0.00654884 0.999963 0.00554327 0.0423218 0.0328609 -0.00532519 0.999446 -0.300357
45 50 137 0.999468 0.0170538 -0.0278153 0.901822 -0.0167501 0.999798 0.0111122 -0.0412346 0.0279992 -0.0106404 0.999551 0.430135
45 51 95 0.999704 0.0204539 -0.0131908 0.455356 -0.0204861 0.999787 -0.00231168 -0.0509404 0.0131407 0.00258122 0.99991 0.888851
45 52 151 0.998312 0.0269177 -0.0514664 0.957945 -0.0278077 0.999475 -0.0166555 -0.0242894 0.0509911 0.0180586 0.998536 0.285921
45 53 140 0.997558 0.0402131 -0.0571067 0.980576 -0.0412521 0.999002 -0.0171316 0.0735311 0.0563608 0.0194456 0.998221 -0.181834
45 54 171 0.997584 0.0556218 -0.0416265 0.998663 -0.0557902 0.998438 -0.00289288 0.0287946 0.0414006 0.00520824 0.999129 -0.042934
45 55 183 0.997163 0.0623345 -0.0421872 0.994458 -0.0621814 0.998053 0.00493388 0.0391244 0.0424126 -0.00229663 0.999098 -0.0975793
45 56 175 0.996321 0.0568598 -0.0641279 0.999724 -0.0560795 0.998329 0.0139033 0.0195406 0.0648113 -0.0102558 0.997845 0.0130224
45 57 106 0.998935 0.0461296 0.00038657 -0.855495 -0.0461302 0.998825 0.0148767 0.041785 0.000300141 -0.0148787 0.999889 -0.516122
45 58 171 0.996177 0.0533847 -0.0691485 0.991687 -0.0530335 0.998569 0.0069069 0.0176412 0.0694183 -0.00321331 0.997582 0.12746
45 59 190 0.995778 0.0536347 -0.0744927 0.996847 -0.0535465 0.99856 0.00318266 0.0543813 0.0745562 0.000819596 0.997216 0.0577891
60 61 0 1 0 0 0 0 1 0 0 0 0 1 0
60 62 0 1 0 0 0 0 1 0 0 0 0 1 0
60 63 0 1 0 0 0 0 1 0 0 0 0 1 0
60 64 16 0.999978 -0.00662691 0.000257701 0.959605 0.00662731 0.999977 -0.00156629 0.0511745 -0.000247316 0.00156797 0.999999 -0.276656
60 65 59 0.999857 -0.0119395 0.0119672 -0.994572 0.0119886 0.99992 -0.00403917 -0.0302958 -0.011918 0.00418207 0.99992 0.0995388
60 66 75 0.999921 -0.0125445 -0.00116731 0.959509 0.0125326 0.999875 -0.0096814 0.0695615 0.00128862 0.00966601 0.999952 -0.272955
60 67 216 0.999639 -0.0115802 -0.0242566 0.983035 0.0112248 0.999828 -0.0147369 0.175408 0.0244231 0.0144593 0.999597 -0.0536205
60 68 106 0.999822 -0.0129179 -0.013717 0.982032 0.012739 0.999834 -0.0130542 0.0376779 0.0138833 0.0128771 0.999821 -0.184916
60 69 125 0.999849 -0.00934699 -0.0146496 0.897735 0.00911749 0.999836 -0.0156552 0.0667449 0.0147935 0.0155193 0.99977 -0.43545
60 70 206 0.999596 -0.00778821 -0.0273243 0.911287 0.00743897 0.99989 -0.0128598 0.114686 0.0274214 0.0126514 0.999544 -0.395479
60 71 273 0.999207 -0.0106105 -0.0383728 0.966243 0.0103127 0.999915 -0.00795085 0.0537773 0.0384539 0.00754882 0.999232 -0.251959
60 72 250 0.999246 -0.00517541 -0.0384837 0.961825 0.0048276 0.999947 -0.00912533 0.0512512 0.0385289 0.00893267 0.999218 -0.268823
60 73 129 0.999489 -0.00474206 -0.0316165 0.906155 0.00442844 0.99994 -0.00998212 0.0567965 0.031662 0.009837 0.99945 -0.419114
60 74 188 0.998977 -1.21711e-06 -0.045211 0.917789 -0.000405081 0.99996 -0.00897755 0.0365326 0.0452092 0.00898668 0.998937 -0.395383
75 76 29 0.999981 0.00503361 0.00350162 -0.487453 -0.00503588 0.999987 0.000642362 -0.196638 -0.00349835 -0.000659984 0.999994 0.850719
75 77 23 0.999989 0.00268404 -0.00376322 0.90904 -0.00267805 0.999995 0.00159558 -0.0155562 0.00376749 -0.00158548 0.999992 -0.416419
75 78 45 0.999975 0.00291322 -0.00638934 0.734423 -0.00292221 0.999995 -0.0013984 0.125012 0.00638523 0.00141703 0.999979 -0.667079
75 79 137 0.999769 0.0112992 -0.0182593 0.999506 -0.0113689 0.999928 -0.00371734 -0.0303078 0.018216 0.00392407 0.999826 -0.00834213
75 80 63 0.999825 0.0155965 -0.0103051 0.947066 -0.0156903 0.999836 -0.00909246 0.0749418 0.0101616 0.00925256 0.999906 -0.312168
75 81 130 0.999569 0.0198678 -0.0216057 0.745265 -0.0202103 0.999672 -0.01575 0.173653 0.0212856 0.0161799 0.999643 -0.643758
75 82 158 0.999202 0.0192515 -0.0349902 0.845578 -0.0197057 0.999725 -0.0126818 0.120698 0.0347364 0.0133612 0.999307 -0.520029
75 83 261 0.998913 0.0256538 -0.0389148 0.842351 -0.0260567 0.999612 -0.00988008 0.0416144 0.0386462 0.0108833 0.999194 -0.53732
75 84 141 0.999049 0.0276471 -0.0337134 0.693929 -0.0279905 0.999561 -0.00975792 0.142136 0.0334288 0.0106923 0.999384 -0.705875
75 85 156 0.99745 0.0425884 -0.0572685 0.863877 -0.0426858 0.999088 -0.000478344 0.18989 0.0571959 0.00292168 0.998359 -0.466539
75 86 175 0.997027 0.045167 -0.0624317 0.899701 -0.044524 0.99894 0.0116519 0.257991 0.0628919 -0.00883752 0.997981 -0.352106
75 87 203 0.998117 0.0484803 -0.0375766 0.905808 -0.0474439 0.998481 0.0279992 0.190872 0.038877 -0.0261637 0.998901 -0.378259
75 88 128 0.998541 0.0452955 -0.0294112 0.821082 -0.0443412 0.998493 0.0323263 0.133646 0.0308312 -0.030975 0.999045 -0.554944
75 89 120 0.998547 0.0421128 -0.0336121 0.911577 -0.0411926 0.998769 0.0276169 0.227283 0.0347337 -0.0261923 0.999053 -0.342592
90 91 50 0.999973 0.00270089 -0.00684485 0.482395 -0.00269088 0.999995 0.0014705 -0.434857 0.00684879 -0.00145204 0.999975 -0.760391
90 92 106 0.999743 -0.0123843 -0.0189633 0.543456 0.0122238 0.999889 -0.00855517 0.539864 0.0190672 0.00832118 0.999784 -0.642808
90 93 92 0.999824 -0.0105456 -0.0155067 0.412606 0.0106009 0.999938 0.00348805 0.188571 0.015469 -0.00365182 0.999874 -0.891177
90 94 99 0.999951 -0.00823009 -0.00554892 -0.160345 0.00826264 0.999949 0.00586821 -0.207245 0.00550034 -0.00591377 0.999967 0.965059
90 95 108 0.999445 -0.0115041 -0.0312643 0.855953 0.0114948 0.999934 -0.000477528 0.226357 0.0312677 0.000117886 0.999511 -0.464873
90 96 134 0.999015 -0.0121531 -0.0426656 0.891889 0.0120443 0.999924 -0.00280705 0.0402199 0.0426965 0.00229041 0.999085 -0.450463
90 97 187 0.998236 -0.00786619 -0.0588544 0.894737 0.00764963 0.999963 -0.00390407 -0.00957124 0.058883 0.00344697 0.998259 -0.446491
90 98 199 0.998699 -0.00928502 -0.0501337 0.916348 0.00880468 0.999913 -0.00979363 0.0881104 0.0502203 0.00933948 0.998694 -0.390568
90 99 86 0.999692 0.0010313 -0.0248136 0.324194 -0.0011473 0.999988 -0.00466117 0.0221261 0.0248085 0.0046882 0.999681 -0.945732
90 100 163 0.997706 -0.0169499 -0.0655336 0.86669 0.0162619 0.999807 -0.011017 0.133531 0.0657077 0.00992606 0.99779 -0.480643
90 101 145 0.998043 -0.0088305 -0.0619082 0.923485 0.00838788 0.999937 -0.00740601 0.13557 0.0619698 0.00687223 0.998054 -0.358881
90 102 171 0.996971 -0.00413492 -0.0776604 0.946237 0.0036918 0.999976 -0.00584851 0.0450843 0.0776828 0.00554409 0.996963 -0.320316
90 103 148 0.996956 0.00285434 -0.0779126 0.937591 -0.00334947 0.999975 -0.00622501 0.0192705 0.0778929 0.00646703 0.996941 -0.347204
90 104 141 0.997171 0.0128039 -0.0740743 0.951392 -0.0131346 0.999906 -0.00397931 -0.0288881 0.0740164 0.00494099 0.997245 -0.306624
105 106 31 0.999974 0.00727492 1.44123e-05 -0.0726293 -0.00727487 0.999971 -0.00225757 0.19241 -3.08355e-05 0.00225741 0.999997 -0.978623
105 107 49 0.999894 0.014072 0.00379575 -0.163332 -0.0140544 0.999891 -0.00462373 -0.176357 -0.0038604 0.00456989 0.999982 0.97068
105 108 141 0.999383 0.028375 -0.0206812 0.970338 -0.0284614 0.999587 -0.00389295 -0.19677 0.0205622 0.00447917 0.999779 0.140449
105 109 57 0.999467 0.0312207 0.0095623 -0.177278 -0.0310161 0.999301 -0.0208457 -0.205904 -0.0102064 0.020538 0.999737 0.96238
105 110 150 0.997578 0.0579211 -0.0385245 0.952816 -0.0584476 0.99821 -0.0126837 -0.0759833 0.0377209 0.0149046 0.999177 -0.293883
105 111 52 0.999185 0.0389726 0.0104655 0.173041 -0.0387542 0.999042 -0.0203145 0.370782 -0.0112472 0.0198924 0.999739 -0.912457
105 112 59 0.99894 0.0446113 0.0113444 0.176515 -0.044431 0.998889 -0.0156794 0.302 -0.0120313 0.0151588 0.999813 -0.936824
105 113 95 0.998056 0.0615115 -0.0100263 0.902596 -0.0615877 0.998074 -0.00748295 -0.00948581 0.0095467 0.0080859 0.999922 -0.430383
105 114 60 0.999155 0.0341478 0.0228567 0.15459 -0.0338798 0.999354 -0.0120123 0.298882 -0.0232521 0.0112278 0.999667 -0.941685
105 115 46 0.999 0.0376131 0.0241554 -0.159726 -0.0372564 0.999192 -0.0150492 -0.278471 -0.024702 0.0141342 0.999595 0.94707
105 116 21 0.999198 0.0330315 0.0226288 0.00384184 -0.032088 0.998649 -0.0408613 0.889628 -0.0239479 0.0401025 0.998909 0.456669
105 117 64 0.998559 0.0455983 0.0282876 -0.131178 -0.0455878 0.99896 -0.00101581 -0.987604 -0.0283045 -0.000275218 0.999599 0.0862008
105 118 28 0.999222 0.0361407 0.0157806 0.0277389 -0.034677 0.995792 -0.0848268 0.818045 -0.0187799 0.0842136 0.996271 0.574485
105 119 44 0.998729 0.0486002 0.0133799 -0.0109377 -0.0472525 0.995063 -0.0872795 0.611322 -0.0175557 0.0865363 0.996094 0.791306
120 121 23 0.99989 0.0103123 0.0106966 0.252688 -0.0103359 0.999944 0.00215552 0.299604 -0.0106738 -0.00226584 0.99994 -0.919993
120 122 10 0.999572 0.019897 0.0214609 -0.979856 -0.0201893 0.999705 0.0134908 0.0773709 -0.0211861 -0.0139183 0.999679 -0.184106
120 123 15 0.999655 0.0167032 0.0202474 -0.814874 -0.0170545 0.999705 0.0173045 0.261442 -0.0199523 -0.0176439 0.999645 -0.517328
120 124 14 0.999656 0.0152441 0.0213439 0.952778 -0.0158067 0.999525 0.0264448 -0.134756 -0.0209306 -0.0267731 0.999422 0.272132
120 125 69 0.999841 0.00828737 0.0157674 0.560593 -0.00892544 0.999126 0.0408373 -0.209448 -0.0154152 -0.0409715 0.999041 0.801166
120 126 122 0.997449 -0.0284891 0.0654458 -0.849429 0.0254973 0.998611 0.0461023 -0.0823183 -0.0666683 -0.044316 0.996791 0.521242
120 127 89 0.999379 -0.0341042 -0.00881474 0.457736 0.0344573 0.998454 0.0436098 -0.238876 0.00731384 -0.0438864 0.99901 0.856397
120 128 68 0.999067 -0.0421549 -0.0094364 0.551621 0.042521 0.998182 0.0427146 -0.199309 0.00761862 -0.0430759 0.999043 0.809932
120 129 105 0.999284 -0.0377638 -0.0024424 0.573305 0.0378341 0.998352 0.0431599 -0.234533 0.000808485 -0.0432214 0.999065 0.785058
120 130 52 0.998727 -0.0504416 0.000779515 0.776172 0.0503819 0.998095 0.0356104 -0.144776 -0.00257427 -0.0355257 0.999365 0.613674
120 131 106 0.997334 -0.0578933 0.0444303 -0.651334 0.0557119 0.997251 0.0488603 -0.113212 -0.0471368 -0.0462547 0.997817 0.750298
120 132 89 0.993689 -0.0831751 0.0752623 -0.881157 0.0784648 0.994891 0.0635191 -0.173054 -0.0801611 -0.0572128 0.995139 0.440017
120 133 47 0.997246 -0.0617183 -0.0411306 0.618103 0.0640079 0.996326 0.0568912 -0.13781 0.0374683 -0.0593672 0.997533 0.773923
120 134 53 0.996555 -0.0640438 -0.0526962 0.614319 0.0672274 0.995869 0.0610389 -0.0558603 0.0485694 -0.0643713 0.996743 0.787078
135 136 235 0.999653 0.00360361 -0.0260865 0.839356 -0.00349956 0.999986 0.00403328 -0.542476 0.0261006 -0.00394059 0.999652 -0.034647
135 137 23 0.999872 0.00800241 -0.0138625 -0.0415057 -0.00817899 0.999886 -0.012728 0.271888 0.0137591 0.0128397 0.999823 -0.961433
135 138 17 0.999658 0.0108128 -0.0238288 0.710213 -0.0112425 0.999775 -0.017973 -0.355963 0.0236291 0.0182347 0.999554 0.607361
135 139 23 0.9992 0.00427505 -0.0397729 0.866591 -0.0052519 0.999686 -0.0244888 0.0606962 0.0396557 0.0246781 0.998909 -0.495314
135 140 17 0.99893 -0.000276227 -0.0462449 0.990579 -0.00121898 0.999477 -0.0323011 0.0922238 0.0462296 0.0323229 0.998408 0.101231
135 141 194 0.996677 -0.00335162 -0.0813842 0.949774 -0.000569175 0.998842 -0.0481055 0.28064 0.0814512 0.047992 0.995521 -0.138458
135 142 177 0.992408 0.00604737 -0.12284 0.913494 -0.0126954 0.998492 -0.0534092 0.288254 0.122332 0.0545632 0.990988 -0.287122
135 143 49 0.997734 0.0142346 -0.065765 0.815664 -0.0161818 0.999443 -0.0291722 0.185343 0.0653131 0.0301703 0.997409 -0.548032
135 144 98 0.995097 0.0210867 -0.0966316 0.948027 -0.0237606 0.999364 -0.026604 0.0511629 0.0960091 0.0287696 0.994965 -0.314051
135 145 75 0.997382 0.0197258 -0.0695727 -0.611698 -0.0213704 0.999508 -0.0229743 -0.202253 0.0690853 0.024401 0.997312 0.7648
135 146 157 0.999116 0.0324866 -0.0266784 -0.979679 -0.0329362 0.99932 -0.0165907 0.040688 0.0261212 0.0174547 0.999506 0.196399
135 147 96 0.99456 0.0383614 -0.0968436 0.982527 -0.0401183 0.999063 -0.0162591 0.10187 0.0961291 0.0200559 0.995167 -0.155766
135 148 63 0.996982 0.042492 -0.0649704 -0.91196 -0.0433059 0.998999 -0.01117 0.140147 0.0644308 0.0139499 0.997825 -0.3856
135 149 65 0.996512 0.0385569 -0.0740015 -0.907848 -0.0396934 0.999115 -0.0139478 0.116202 0.0733982 0.0168366 0.997161 -0.402875
150 151 14 1 -0.000387898 0.000919003 0.198317 0.00038645 0.999999 0.00157536 0.174675 -0.000919613 -0.001575 0.999998 -0.964448
150 152 34 0.999947 0.00683647 0.00772056 -0.247654 -0.00686778 0.999968 0.00403583 -0.326011 -0.00769272 -0.00408864 0.999962 0.912351
150 153 0 1 0 0 0 0 1 0 0 0 0 1 0
150 154 76 0.999884 0.00423061 -0.0146334 0.99822 -0.00428205 0.999985 -0.00348591 0.0576044 0.0146185 0.00354817 0.999887 0.0154215
150 155 124 0.999621 0.00454278 -0.027138 0.993682 -0.0048063 0.999942 -0.00965316 0.0906801 0.0270925 0.00977994 0.999585 0.0661229
150 156 0 1 0 0 0 0 1 0 0 0 0 1 0
150 157 196 0.999157 0.00621453 -0.0405824 0.992224 -0.00674436 0.999894 -0.012932 0.0502696 0.0404978 0.0131948 0.999093 0.113865
150 158 261 0.998311 0.00993881 -0.0572396 0.998952 -0.0107866 0.999836 -0.014522 0.0420931 0.0570859 0.0151149 0.998255 -0.0179935
150 159 124 0.998918 0.0111763 -0.0451439 0.99854 -0.0118217 0.999831 -0.014055 -0.0533151 0.0449792 0.0145735 0.998882 -0.00867234
150 160 149 0.999938 0.00865205 -0.00694684 -0.396487 -0.00877098 0.999812 -0.0172755 -0.190794 0.00679607 0.0173354 0.999827 0.897995
150 161 120 0.998412 0.0166804 -0.0537998 0.972945 -0.0175614 0.999719 -0.0159447 -0.0553449 0.0535187 0.0168642 0.998424 -0.224312
150 162 209 0.997201 0.00660587 -0.074473 0.976668 -0.00820929 0.999741 -0.0212447 0.0255178 0.0743133 0.0217966 0.996997 -0.213232
150 163 196 0.996901 0.0153755 -0.0771519 0.986898 -0.0166847 0.999727 -0.0163534 -0.053996 0.0768794 0.01759 0.996885 -0.152041
150 164 190 0.996936 0.00967863 -0.0776258 0.984751 -0.0117505 0.999586 -0.0262781 0.0819653 0.0773393 0.0271097 0.996636 -0.153453
165 166 10 0.999995 -0.00310002 -0.000858886 0.638682 0.00310014 0.999995 0.000133491 0.274465 0.000858468 -0.000136153 1 -0.718856
165 167 11 0.999987 -0.00181883 -0.00472894 0.800479 0.00182337 0.999998 0.000955915 0.116777 0.0047272 -0.000964525 0.999988 -0.587874
165 168 174 0.999904 0.00587236 0.0125715 -0.495514 -0.0059 0.99998 0.0021631 -0.0890882 -0.0125586 -0.00223706 0.999919 0.864019
165 169 161 0.999712 0.0122807 0.0206203 -0.571433 -0.012268 0.999924 -0.000742818 -0.184832 -0.0206279 0.000489635 0.999787 0.799563
165 170 256 0.999345 0.0242624 -0.026834 0.991632 -0.0244585 0.999676 -0.00700347 0.0899008 0.0266554 0.0076552 0.999615 0.092647
165 171 119 0.999795 0.0137212 0.0148714 -0.769772 -0.0135664 0.999853 -0.0104621 -0.115698 -0.0150128 0.0102582 0.999835 0.627746
165 172 89 0.99952 0.028077 0.0130935 -0.749835 -0.0279456 0.999558 -0.0101115 -0.0438998 -0.0133716 0.00974075 0.999863 0.660167
165 173 103 0.999137 0.0406855 -0.00840697 0.91524 -0.0406902 0.999172 -0.000392875 -0.0132221 0.00838403 0.000734617 0.999965 -0.402691
165 174 111 0.998827 0.0398486 -0.0274942 0.977216 -0.0396923 0.999193 0.00620906 0.0335956 0.0277194 -0.00511047 0.999603 -0.20957
165 175 140 0.998923 0.0302465 -0.0351727 0.973326 -0.0300735 0.999533 0.00543617 0.0598396 0.0353207 -0.00437255 0.999366 -0.221485
165 176 90 0.999445 0.0333016 0.000150902 0.95121 -0.033301 0.999372 0.0120749 -0.0236925 0.000251305 -0.0120732 0.999927 -0.307632
165 177 155 0.998453 0.0259691 -0.0491638 0.996509 -0.0259566 0.999663 0.000894198 0.0501428 0.0491704 0.000383308 0.99879 -0.0667443
165 178 158 0.998365 0.032122 -0.0472744 0.998619 -0.0321666 0.999483 -0.000182255 0.0091339 0.0472441 0.00170261 0.998882 -0.051727
165 179 153 0.997856 0.0217142 -0.061742 0.977915 -0.0221531 0.999734 -0.00643296 0.048994 0.0615859 0.00778694 0.998071 -0.203177
180 181 19 0.999975 -0.000306261 -0.00704722 0.659239 0.000298755 0.999999 -0.00106611 0.157046 0.00704754 0.00106398 0.999975 -0.735351
180 182 130 0.999741 0.00556242 -0.0220534 0.863202 -0.00547907 0.999978 0.00383775 0.078352 0.0220743 -0.00371592 0.999749 -0.498741
180 183 62 0.999834 0.00547837 -0.0174053 0.89341 -0.00538525 0.999971 0.00539207 0.0185966 0.0174343 -0.00529744 0.999834 -0.448858
180 184 76 0.999994 -0.00189485 0.002878 -0.633913 0.00188162 0.999988 0.0045919 -0.357546 -0.00288667 -0.00458646 0.999985 0.685795
180 185 128 0.999765 0.00711575 -0.0204949 0.936788 -0.00710085 0.999974 0.000799417 0.175812 0.0205001 -0.000653698 0.99979 -0.302519
180 186 124 0.999628 0.00718904 -0.0263082 0.985408 -0.00728032 0.999968 -0.00337574 0.136483 0.0262831 0.00356602 0.999648 0.101699
180 187 106 0.999672 0.00237496 -0.0254924 0.956791 -0.00259023 0.999961 -0.00841489 0.0984977 0.0254714 0.00847817 0.99964 -0.273585
180 188 202 0.998775 0.00787094 -0.0488471 0.889868 -0.00826983 0.999934 -0.00796951 0.110253 0.0487812 0.0083637 0.998774 -0.442696
180 189 205 0.99851 0.0124492 -0.0531352 0.940116 -0.0127794 0.999901 -0.00587996 0.0933107 0.0530568 0.00655023 0.99857 -0.327835
180 190 192 0.998112 0.0206254 -0.057856 0.964206 -0.0210149 0.99976 -0.00613217 0.0978554 0.0577157 0.00733643 0.998306 -0.246435
180 191 181 0.998027 0.0181022 -0.0601196 0.873041 -0.0184003 0.999821 -0.00440846 0.08384 0.060029 0.00550598 0.998181 -0.480385
180 192 116 0.998038 0.0178785 -0.0600062 0.86315 -0.0180837 0.999832 -0.00287735 0.0947581 0.0599447 0.00395683 0.998194 -0.495976
180 193 167 0.996793 0.0217252 -0.0770201 0.950452 -0.0221579 0.999743 -0.00476782 0.0961133 0.0768968 0.00645913 0.997018 -0.29564
180 194 124 0.997027 0.0211853 -0.0740818 0.836925 -0.0214825 0.999764 -0.00321668 0.0438634 0.0739962 0.00479858 0.997247 -0.545557
195 196 75 0.999971 0.00755512 0.000494058 0.263247 -0.00755494 0.999971 -0.00038202 -0.146269 -0.00049693 0.000378277 1 0.953576
195 197 53 0.999895 0.0109166 -0.00957383 0.682425 -0.0108649 0.999926 0.00544214 0.0829812 0.00963253 -0.00533755 0.999939 -0.72623
195 198 230 0.999126 0.0205682 -0.036387 0.993626 -0.0202974 0.999764 0.00779385 0.0752068 0.0365387 -0.00704847 0.999307 -0.0839769
195 199 67 0.999577 0.0249282 -0.0149989 0.918053 -0.0248009 0.999655 0.00860855 0.0637842 0.0152083 -0.00823292 0.99985 -0.391294
195 200 193 0.998535 0.0381071 -0.038418 0.987306 -0.0377406 0.999235 0.0102218 -0.10509 0.0387782 -0.00875691 0.999209 -0.11909
195 201 154 0.998117 0.0447198 -0.0419915 0.989426 -0.0446574 0.998999 0.00242398 -0.14287 0.0420579 -0.00054418 0.999115 -0.0249803
195 202 56 0.999238 0.0375117 -0.0107408 0.927054 -0.0376971 0.999134 -0.0176191 -0.125016 0.0100706 0.0180105 0.999787 0.353472
195 203 127 0.998965 0.034502 -0.029653 0.935537 -0.0354026 0.998911 -0.0304035 0.0642622 0.0285717 0.0314218 0.999098 -0.347334
195 204 134 0.996344 0.0470283 -0.0713176 0.926827 -0.0486562 0.998589 -0.0212626 -0.0329613 0.0702171 0.0246549 0.997227 -0.374039
195 205 56 0.997157 0.074787 0.00925598 -0.892133 -0.0748002 0.997198 0.00108684 0.163146 -0.00914876 -0.0017761 0.999957 -0.421286
195 206 117 0.997797 0.044556 -0.0491585 0.959166 -0.0446377 0.999003 -0.000566196 0.0308888 0.0490843 0.00275927 0.998791 -0.281153
195 207 175 0.996917 0.0484211 -0.0617382 0.995674 -0.0485213 0.998822 -0.00012378 0.0254776 0.0616595 0.00311902 0.998092 -0.0893539
195 208 117 0.997883 0.0442523 -0.047653 0.975969 -0.0446086 0.998984 -0.00643999 0.0396949 0.0473195 0.00855209 0.998843 -0.214263
195 209 152 0.996259 0.047666 -0.0720846 0.99115 -0.0484739 0.998779 -0.00949903 0.0224322 0.0715438 0.0129577 0.997353 -0.130836
210 211 29 0.999993 -0.00168331 -0.00330853 0.310583 0.00167446 0.999995 -0.00267449 0.12291 0.00331302 0.00266893 0.999991 -0.942566
210 212 102 0.999928 -0.00121854 0.0119632 -0.80232 0.00116851 0.999991 0.00418812 0.102419 -0.0119682 -0.00417384 0.99992 -0.588042
210 213 37 0.999983 -0.00465667 -0.00359324 -0.829023 0.00468514 0.999957 0.00795631 0.0986492 0.00355604 -0.007973 0.999962 -0.550444
210 214 91 0.999313 -0.0191361 -0.031748 0.867725 0.0191996 0.999814 0.00169534 0.310306 0.0317096 -0.00230372 0.999494 -0.388284
210 215 139 0.998209 -0.0187897 -0.0567875 0.930609 0.0187409 0.999823 -0.00139278 0.265804 0.0568036 0.000326035 0.998385 -0.251625
210 216 94 0.999002 -0.0220601 -0.0388474 0.810156 0.0222716 0.999739 0.00502081 0.212861 0.0387265 -0.005881 0.999233 -0.546202
210 217 126 0.996778 -0.0138943 -0.0790033 0.948727 0.0137576 0.999903 -0.00227431 0.257428 0.0790273 0.00118009 0.996872 -0.183432
210 218 103 0.997552 -0.0170642 -0.0678129 0.95149 0.0178251 0.999785 0.0106311 0.049216 0.0676169 -0.0118138 0.997641 -0.303719
210 219 105 0.993604 -0.00801787 -0.112636 0.973568 0.0124956 0.999157 0.0391044 -0.226757 0.112227 -0.0402617 0.992867 0.027343
210 220 106 0.986138 -0.0217443 -0.164494 0.950858 0.032185 0.997614 0.0610751 -0.300272 0.162773 -0.0655227 0.984485 -0.075542
210 221 101 0.995622 -0.0050204 -0.0933319 0.965201 0.00613816 0.999913 0.0116929 0.152827 0.0932651 -0.0122146 0.995566 -0.212203
210 222 78 0.997618 0.0136756 -0.0676104 0.965192 -0.0110827 0.999194 0.0385773 -0.259202 0.0680835 -0.0377361 0.996966 -0.0349243
210 223 113 0.970195 -0.0084222 -0.242178 0.963051 0.0295285 0.996057 0.0836549 -0.253935 0.240519 -0.0883127 0.966619 0.0897207
210 224 104 0.993245 0.00434533 -0.115953 0.976728 -0.00284134 0.99991 0.0131327 0.12615 0.116 -0.0127146 0.993168 -0.173458
225 226 37 0.999994 -0.000928168 -0.00323954 0.286334 0.000937413 0.999995 0.00285358 -0.262369 0.00323687 -0.0028566 0.999991 0.921507
225 227 219 0.999292 0.00642815 -0.0370599 0.988928 -0.00613245 0.999948 0.00808708 -0.148043 0.0371099 -0.00785409 0.99928 0.0102401
225 228 160 0.999458 0.0118822 -0.0307052 0.988032 -0.0117681 0.999923 0.00389403 -0.0836926 0.0307492 -0.00353057 0.999521 0.129568
225 229 193 0.999122 0.0225077 -0.0353335 0.998993 -0.022454 0.999746 0.00191518 -0.0215458 0.0353676 -0.00112012 0.999374 0.039342
225 230 47 0.999888 0.0122633 0.00861121 0.314343 -0.0123354 0.999889 0.0083694 -0.285693 -0.00850761 -0.00847468 0.999928 0.9053
225 231 34 0.998998 0.0441037 0.00759384 -0.0101132 -0.0443577 0.998317 0.0373693 0.021733 -0.00593293 -0.0376687 0.999273 0.999713
225 232 30 0.999614 0.0261041 -0.00946983 0.00385738 -0.0255898 0.998377 0.050876 0.218053 0.0107825 -0.0506141 0.99866 0.975929
225 233 42 0.999742 0.0203813 -0.00999493 -0.695596 -0.0196798 0.997634 0.0658762 -0.115975 0.0113139 -0.0656626 0.997778 0.709011
225 234 71 0.996171 0.0340712 -0.0805088 0.993921 -0.0286839 0.99733 0.0671503 0.0594514 0.0825818 -0.0645839 0.994489 0.0926666
225 235 58 0.996415 0.0381329 -0.0755185 0.992522 -0.0330747 0.997196 0.0671341 0.0631202 0.0778667 -0.0643957 0.994882 0.104481
225 236 67 0.999844 0.0173649 0.00320171 0.281018 -0.0175502 0.997255 0.0719349 -0.11293 -0.00194378 -0.0719799 0.997404 0.953035
225 237 96 0.997072 0.0381259 -0.066285 0.987993 -0.033611 0.997123 0.0679429 0.0557158 0.0686846 -0.0655161 0.995485 0.1441
225 238 63 0.999963 0.00251292 0.00826462 0.233636 -0.00297261 0.998421 0.0560884 0.257345 -0.00811062 -0.0561109 0.998392 0.93765
225 239 105 0.99601 0.0332329 -0.0828266 0.995599 -0.0290545 0.998268 0.0511532 0.0517647 0.0843831 -0.0485426 0.99525 0.0781233
240 241 25 0.999996 0.00251386 -0.00096298 0.473019 -0.00251102 0.999993 0.00294806 -0.316469 0.000970384 -0.00294563 0.999995 0.822253
240 242 21 0.999992 0.00150403 -0.00383257 0.798965 -0.00150518 0.999999 -0.000297679 -0.214634 0.00383212 0.000303445 0.999993 0.561771
240 243 35 0.999987 -0.00157572 -0.00483883 0.907224 0.00156029 0.999994 -0.00319 -0.1328 0.00484383 0.00318241 0.999983 0.399136
240 244 95 0.99995 -0.00505752 -0.00868389 0.965188 0.00498824 0.999956 -0.007981 -0.153126 0.00872386 0.00793728 0.99993 0.21205
240 245 77 0.999997 -0.00226833 -0.00076949 0.948924 0.00225649 0.999884 -0.0150507 -0.00071209 0.000803541 0.0150489 0.999886 0.315503
240 246 56 0.999989 -0.00469779 -0.000213418 0.977228 0.00469354 0.999848 -0.0168094 0.145741 0.000292352 0.0168082 0.999859 -0.154221
240 247 153 0.999657 -0.00230914 -0.0260832 0.830281 0.00207033 0.999956 -0.00917909 -0.0397515 0.0261032 0.00912194 0.999618 -0.555926
240 248 135 0.99964 0.000359301 -0.0268144 0.900955 -0.00049633 0.999987 -0.00510381 -0.0341759 0.0268122 0.00511528 0.999627 -0.432564
240 249 132 0.99973 0.00277981 -0.0230782 0.859941 -0.00282031 0.999995 -0.00172252 0.0786747 0.0230733 0.00178714 0.999732 -0.504294
240 250 221 0.998893 0.00485445 -0.0467953 0.917347 -0.00465305 0.999979 0.00441182 0.0982048 0.0468158 -0.00418919 0.998895 -0.385786
240 251 205 0.998642 0.00589635 -0.051761 0.922019 -0.0052108 0.999897 0.0133695 0.0807726 0.0518345 -0.0130817 0.99857 -0.378626
240 252 137 0.998826 0.0127413 -0.046735 0.945386 -0.0118795 0.999755 0.0186735 0.092285 0.0469615 -0.0180964 0.998733 -0.312617
240 253 175 0.998129 0.0240348 -0.0562148 0.959306 -0.0227636 0.999473 0.023145 0.0129688 0.0567415 -0.0218221 0.99815 -0.282071
240 254 195 0.998499 0.0262383 -0.0480689 0.889159 -0.0252714 0.999468 0.0206137 0.0185124 0.0485842 -0.019368 0.998631 -0.457223
255 256 96 0.999888 0.0105029 -0.0106764 0.653312 -0.010361 0.999858 0.0132635 -0.256273 0.0108142 -0.0131514 0.999855 -0.712396
255 257 252 0.99911 0.025423 -0.0336489 0.990623 -0.024943 0.999582 0.0146062 -0.035352 0.0340062 -0.0137539 0.999327 0.131969
255 258 203 0.998072 0.0462849 -0.0413555 0.98818 -0.045982 0.998908 0.00824449 0.0145235 0.0416919 -0.00632698 0.99911 0.152608
255 259 48 0.998825 0.0484031 0.00221921 0.439102 -0.0483996 0.998827 -0.00160121 -0.200283 -0.00229411 0.00149192 0.999996 -0.875829
255 260 139 0.997325 0.072718 0.00735001 0.341308 -0.0727193 0.997352 -8.43112e-05 -0.32117 -0.00733668 -0.000450402 0.999973 -0.883379
255 261 95 0.99829 0.0584571 -0.000635324 0.864251 -0.0584596 0.998151 -0.016646 0.0245731 -0.000338927 0.0166547 0.999861 -0.502461
255 262 88 0.998012 0.0625376 -0.00785109 0.740161 -0.06261 0.997994 -0.00933852 0.0611864 0.00725134 0.00981151 0.999926 -0.66964
255 263 159 0.997321 0.0693134 -0.0233641 0.891404 -0.0693635 0.997591 -0.0013384 0.0382621 0.0232151 0.00295544 0.999726 -0.451592
255 264 120 0.99768 0.0636864 -0.024041 0.580689 -0.0636083 0.997967 0.00399663 -0.072126 0.0242467 -0.00245815 0.999703 -0.810925
255 265 206 0.995025 0.0737613 -0.0669699 0.950124 -0.0733438 0.997269 0.00867509 -0.0215336 0.0674269 -0.00372011 0.997717 -0.311127
255 266 120 0.997013 0.0671467 -0.0381613 0.902635 -0.0671416 0.997742 0.00141698 0.0574826 0.0381702 0.00114946 0.999271 -0.426551
255 267 73 0.997609 0.0648621 -0.0238613 0.960321 -0.0650688 0.997849 -0.00798982 0.04632 0.0232917 0.00952334 0.999683 -0.275022
255 268 117 0.996795 0.0635394 -0.0486105 0.911675 -0.0643327 0.997817 -0.0149297 0.0418324 0.0475557 0.0180091 0.998706 -0.408778
255 269 96 0.998122 0.0439827 -0.0426495 0.626393 -0.045081 0.998667 -0.0251415 -0.111279 0.0414869 0.027017 0.998774 -0.771524
270 271 329 0.999745 0.00516985 -0.0219745 0.819472 -0.00542407 0.999919 -0.011525 0.500518 0.0219132 0.0116412 0.999692 -0.279192
270 272 0 1 0 0 0 0 1 0 0 0 0 1 0
270 273 11 0.999939 0.00365018 -0.0104255 -0.990687 -0.00365407 0.999993 -0.000354687 0.0604268 0.0104241 0.000392761 0.999946 0.122019
270 274 88 0.999348 0.00881732 -0.0350124 0.81613 -0.00883118 0.999961 -0.000241397 0.0304422 0.0350089 0.000550441 0.999387 -0.577066
270 275 46 0.999378 0.00675574 -0.0346156 0.711741 -0.00676226 0.999977 -7.11492e-05 0.0387878 0.0346143 0.000305184 0.999401 -0.70137
270 276 179 0.999728 0.00640748 -0.022417 -0.913001 -0.00643726 0.999978 -0.00125667 0.043498 0.0224085 0.00140063 0.999748 -0.405632
270 277 102 0.998795 0.00998589 -0.0480526 0.43431 -0.0102403 0.999935 -0.00505197 -0.00198579 0.047999 0.00553796 0.998832 -0.900761
270 278 150 0.999719 0.0114946 -0.0207342 -0.931161 -0.0114969 0.999934 1.12041e-05 0.0653596 0.020733 0.000227178 0.999785 -0.358702
270 279 101 0.996948 0.0284287 -0.0727105 0.846672 -0.0279272 0.999579 0.00790398 0.130395 0.0729046 -0.00584925 0.997322 -0.515891
270 280 211 0.995522 0.025108 -0.0911368 0.993443 -0.0243535 0.999659 0.00938188 -0.0779272 0.0913413 -0.00712038 0.995794 -0.0836526
270 281 171 0.995495 0.0273134 -0.0907896 0.746713 -0.0269276 0.999622 0.00547198 0.197453 0.0909048 -0.00300259 0.995855 -0.635163
270 282 226 0.993132 0.0354595 -0.111494 0.946623 -0.034821 0.999364 0.00766949 0.101256 0.111695 -0.0037345 0.993736 -0.306027
270 283 129 0.993927 0.0287638 -0.106217 0.998465 -0.0284624 0.999585 0.00435253 -0.0385482 0.106298 -0.0013029 0.994333 -0.0397813
270 284 124 0.998736 0.0161325 -0.0476026 -0.818188 -0.0161274 0.99987 0.000492552 0.116876 0.0476043 0.000275775 0.998866 -0.562946
285 286 77 0.999753 -0.00219825 -0.0220962 0.94072 0.00218901 0.999998 -0.000442323 -0.0712053 0.0220971 0.000393845 0.999756 -0.331627
285 287 74 0.999717 -0.00172048 -0.0237233 0.980318 0.00170805 0.999998 -0.000543929 -0.0622948 0.0237242 0.000503255 0.999718 -0.187339
285 288 83 0.999846 0.00379043 -0.017123 0.273396 -0.00368306 0.999973 0.00629761 0.290654 0.0171464 -0.00623358 0.999834 -0.916938
285 289 159 0.999996 -0.00255097 -0.00121435 -0.821986 0.00257904 0.999716 0.0237041 -0.0640753 0.00115354 -0.0237071 0.999718 -0.565891
285 290 60 0.999041 0.00246603 -0.0437191 0.897292 -0.00139961 0.999701 0.0244066 0.282655 0.0437662 -0.024322 0.998746 -0.339078
285 291 174 0.997193 0.0130561 -0.0737293 0.87001 -0.010959 0.999526 0.0287768 0.250113 0.07407 -0.027888 0.996863 -0.424883
285 292 141 0.997685 0.021211 -0.0646194 0.914289 -0.0185803 0.998985 0.0410436 0.217322 0.0654244 -0.0397479 0.997066 -0.341828
285 293 203 0.995802 0.0257948 -0.0878255 0.992096 -0.0220884 0.998834 0.042916 0.123253 0.0888302 -0.0407959 0.995211 -0.0235509
285 294 64 0.998017 0.0182665 -0.0602314 0.599185 -0.0152731 0.998643 0.0497894 -0.0785625 0.0610592 -0.0487708 0.996942 0.796747
285 295 81 0.998072 0.0215099 -0.0582271 -0.788375 -0.0187034 0.998657 0.0483225 0.0706902 0.0591882 -0.0471403 0.997133 -0.611121
285 296 140 0.992693 0.0421334 -0.113074 0.91389 -0.0369806 0.998197 0.0472879 0.13026 0.114863 -0.0427609 0.992461 -0.384496
285 297 146 0.991362 0.0505203 -0.121031 0.972041 -0.0442951 0.99758 0.0535854 0.0921364 0.123446 -0.0477614 0.991201 -0.215978
285 298 149 0.989661 0.0557889 -0.132131 0.988401 -0.0487431 0.997242 0.055974 0.0410368 0.134889 -0.0489548 0.989651 -0.146219
285 299 132 0.988504 0.0689242 -0.134568 0.965347 -0.0625428 0.996734 0.0510914 0.122211 0.137649 -0.0420878 0.989586 -0.230587
300 301 42 0.999978 -0.00389499 -0.00545179 0.550897 0.00392251 0.99998 0.00504721 -0.104871 0.00543202 -0.00506848 0.999972 0.827958
300 302 40 0.999929 -0.00421156 -0.0111315 0.656702 0.00430887 0.999953 0.00873236 -0.201639 0.0110942 -0.00877971 0.9999 0.726694
300 303 270 0.999464 0.00513502 -0.0323167 0.996672 -0.00478637 0.99993 0.0108569 0.0323959 0.0323701 -0.0106964 0.999419 0.0747973
300 304 270 0.999376 0.0161535 -0.0314219 0.996356 -0.0158183 0.999816 0.0108851 0.0552808 0.0315919 -0.0103812 0.999447 0.0649592
300 305 262 0.999008 0.0251928 -0.0367084 0.970727 -0.0247947 0.999629 0.0112603 -0.0342126 0.0369785 -0.0103389 0.999263 0.237735
300 306 150 0.999063 0.0340511 -0.0267266 0.971841 -0.0340602 0.99942 0.000114837 0.22411 0.026715 0.000795586 0.999643 0.0727996
300 307 238 0.998812 0.0317674 -0.0369609 0.968047 -0.032002 0.999471 -0.00577132 -0.0697135 0.036758 0.00694728 0.9993 0.240883
300 308 301 0.998758 0.0353428 -0.0351212 0.953506 -0.0357748 0.999291 -0.0117489 0.0569455 0.0346811 0.0129908 0.999314 -0.295945
300 309 196 0.999245 0.0337112 -0.0193281 0.773247 -0.0340577 0.99926 -0.017887 -0.0535727 0.0187108 0.0185318 0.999653 0.631838
300 310 102 0.999905 0.0137575 -0.000204766 -0.872402 -0.0137553 0.999176 -0.0381894 0.438019 -0.000320794 0.0381886 0.99927 -0.216921
300 311 65 0.999928 0.00725817 -0.00950778 0.702198 -0.00762325 0.999212 -0.0389413 -0.272386 0.00921765 0.039011 0.999196 0.657818
300 312 130 0.999999 0.000908255 0.00126764 -0.948914 -0.000847653 0.998894 -0.0470151 0.231864 -0.00130894 0.047014 0.998893 -0.214011
300 313 339 0.998878 0.00857889 -0.0465646 0.989785 -0.0109503 0.998643 -0.0509136 0.130596 0.0460646 0.0513664 0.997617 0.0571827
300 314 89 0.999986 0.000748406 -0.00526557 -0.766026 -0.00101427 0.998715 -0.0506719 -0.160052 0.00522088 0.0506765 0.998701 -0.622565
315 316 0 1 0 0 0 0 1 0 0 0 0 1 0
315 317 23 0.999953 -0.00732842 0.00632234 0.263613 0.00731681 0.999972 0.00185748 0.168001 -0.00633578 -0.00181113 0.999978 -0.949886
315 318 23 0.99996 -0.00582648 0.00683623 0.619785 0.00579212 0.999971 0.00503539 0.236967 -0.00686536 -0.00499559 0.999964 -0.748139
315 319 56 0.999941 -0.00150121 0.0108016 0.43798 0.00138227 0.999938 0.0110106 0.239567 -0.0108174 -0.010995 0.999881 -0.866476
315 320 406 0.999997 0.00240061 -0.00102193 0.945046 -0.00238674 0.999908 0.013361 0.0874951 0.00105391 -0.0133585 0.99991 -0.315011
315 321 365 0.999971 0.00673971 0.00362606 0.994676 -0.00678331 0.999903 0.0121503 0.0831841 -0.00354382 -0.0121745 0.99992 -0.0608263
315 322 58 0.999752 0.00886839 0.0204075 0.831967 -0.00908272 0.999904 0.0104339 0.163181 -0.020313 -0.0106167 0.999737 -0.530286
315 323 45 0.999285 0.00587822 0.0373416 0.656762 -0.00628141 0.999923 0.0106892 -0.133305 -0.0372759 -0.0109162 0.999245 0.742222
315 324 45 0.999436 0.00825595 0.032552 0.695432 -0.00867877 0.99988 0.012869 -0.120772 -0.0324418 -0.0131442 0.999387 0.708371
315 325 54 0.999551 0.00792852 0.0288969 0.72803 -0.00837677 0.999846 0.0154242 -0.0965298 -0.0287701 -0.0156594 0.999463 0.678716
315 326 53 0.999789 0.00682342 0.0193952 0.379295 -0.00718926 0.999796 0.0188556 0.0281451 -0.0192626 -0.0189911 0.999634 -0.924848
315 327 121 0.999899 0.0129298 0.00590119 0.7728 -0.0130499 0.999699 0.0207883 0.135158 -0.00563063 -0.0208632 0.999766 -0.62009
315 328 395 0.999597 0.0199202 -0.0202213 0.849956 -0.0195291 0.999622 0.0193565 0.251643 0.0205993 -0.0189538 0.999608 -0.462872
315 329 441 0.99943 0.0253222 -0.0223416 0.960846 -0.0246646 0.999268 0.029232 0.126896 0.0230655 -0.0286643 0.999323 -0.246317
330 331 0 1 0 0 0 0 1 0 0 0 0 1 0
330 332 0 1 0 0 0 0 1 0 0 0 0 1 0
330 333 12 0.999985 -0.00159605 -0.00517483 -0.99866 0.00159209 0.999998 -0.000770657 0.0283391 0.00517605 0.000762407 0.999986 -0.0433093
330 334 350 0.999977 -0.00647539 0.00176281 -0.984566 0.00647297 0.999978 0.00137816 -0.0543745 -0.00177169 -0.00136671 0.999997 -0.166353
