0 1 45 0.999994 0.000909822 -0.00347373 -0.387518 -0.000899149 0.999995 0.00307285 0.24365 0.00347651 -0.00306971 0.999989 -0.889081
0 2 126 0.999957 0.00675573 -0.0063949 -0.294941 -0.00672337 0.999965 0.00506827 -0.0372983 0.00642891 -0.00502506 0.999967 0.954787
0 3 28 0.999981 0.00622419 -0.000106795 0.544634 -0.00622279 0.99993 0.0101032 0.0145354 0.000169672 -0.0101024 0.999949 0.838548
0 4 980 0.999572 0.0146822 -0.0253039 0.911508 -0.0143074 0.999786 0.0149282 -0.219104 0.0255176 -0.0145598 0.999568 0.348061
0 5 112 0.999843 0.0176788 -0.00092664 0.389781 -0.0176771 0.999842 0.00184968 0.0551964 0.000959194 -0.00183301 0.999998 0.919252
0 6 878 0.99951 0.0100631 -0.0296314 0.923351 -0.0100002 0.999947 0.00226882 -0.143737 0.0296527 -0.00197138 0.999558 0.356037
0 7 160 0.999768 0.0201041 -0.00775528 0.410554 -0.0201924 0.99973 -0.0114893 -0.167615 0.0075222 0.0116433 0.999904 0.896298
0 8 176 0.999893 0.00664596 0.0129952 -0.988079 -0.00644663 0.999862 -0.0153206 0.15267 -0.0130952 0.0152352 0.999798 0.0197804
0 9 217 0.99992 -0.000340673 -0.0126332 -0.204814 0.000157377 0.999895 -0.0145072 -0.173754 0.0126368 0.014504 0.999815 0.963255
0 10 95 0.999758 -0.00158714 -0.0219231 0.980747 0.0012965 0.999911 -0.0132649 -0.180271 0.0219423 0.0132333 0.999672 -0.0750886
0 11 668 0.999932 -0.00256381 0.011372 -0.973278 0.00274281 0.999872 -0.0157534 0.0066417 -0.0113301 0.0157835 0.999811 -0.229533
0 12 449 0.999737 0.00335773 -0.0226821 0.970564 -0.00365073 0.99991 -0.0128885 -0.096728 0.0226368 0.0129679 0.99966 -0.220567
0 13 257 0.99984 0.0133667 -0.011895 0.549288 -0.0136164 0.999683 -0.0211704 0.0507629 0.0116083 0.0213289 0.999705 -0.83409
0 14 419 0.999737 0.00341855 -0.0226899 0.80563 -0.00378613 0.999862 -0.0161771 -0.0216576 0.0226314 0.0162587 0.999612 -0.592023
15 16 184 0.999986 -0.00522345 -0.000138915 0.331577 0.00522321 0.999985 -0.00172082 0.20954 0.000147902 0.00172008 0.999999 -0.919864
15 17 149 0.999816 -0.0143514 0.0127019 -0.986114 0.014382 0.999894 -0.00232393 -0.00363861 -0.0126672 0.00250618 0.999917 -0.16603
15 18 247 0.999897 -0.0131104 -0.00586013 0.321282 0.0130987 0.999912 -0.00202168 0.166784 0.00588612 0.00194471 0.999981 -0.932181
15 19 231 0.999795 -0.0120234 -0.0162688 0.927474 0.012032 0.999928 0.000433409 0.163792 0.0162624 -0.000629067 0.999868 -0.336102
15 20 262 0.999943 -0.0106749 0.000238596 -0.340954 0.0106742 0.999939 0.00270538 -0.2483 -0.000267462 -0.00270268 0.999996 0.906696
15 21 406 0.999946 -0.00891249 -0.00537631 0.350965 0.00885339 0.999901 -0.0109185 0.0746673 0.00547309 0.0108703 0.999926 -0.933407
15 22 416 0.999915 -0.00670904 -0.0111596 0.557234 0.0066182 0.999945 -0.00815667 0.119511 0.0112137 0.00808212 0.999904 -0.82171
15 23 261 0.999966 0.00429611 -0.0070179 -0.299364 -0.00440513 0.999869 -0.0155935 -0.22584 0.00694999 0.0156239 0.999854 0.927026
15 24 845 0.999169 0.00386444 -0.0405703 0.980206 -0.00459823 0.999827 -0.0180092 -0.137969 0.0404937 0.0181808 0.999014 -0.141988
15 25 821 0.998659 0.00178867 -0.0517399 0.96501 -0.00390573 0.999158 -0.0408453 0.233032 0.0516232 0.0409926 0.997825 -0.120214
15 26 935 0.998558 0.00787815 -0.053102 0.807187 -0.00929212 0.999607 -0.0264332 -0.0898126 0.052873 0.0268885 0.998239 -0.583423
15 27 426 0.99942 0.0108192 -0.0322982 0.664349 -0.0118182 0.999453 -0.0308995 0.1783 0.0319462 0.0312633 0.999001 -0.725844
15 28 864 0.997928 0.0175238 -0.0619027 0.928832 -0.0195471 0.999289 -0.0322322 0.150295 0.0612939 0.0333755 0.997562 -0.338648
15 29 760 0.997635 0.0256927 -0.0637545 0.811875 -0.0271534 0.999386 -0.0221519 -0.000814443 0.0631462 0.0238306 0.99772 -0.583831
30 31 110 0.999947 0.00773703 0.00679615 -0.362717 -0.00776345 0.999962 0.00386955 0.101373 -0.00676596 -0.00392211 0.999969 0.926369
30 32 102 0.999882 0.0135699 0.00725625 0.28599 -0.0136106 0.999892 0.00559022 -0.0813649 -0.0071796 -0.00568832 0.999958 -0.954772
30 33 148 0.999974 0.005857 -0.00420843 -0.365742 -0.00584438 0.999978 0.00300481 -0.0532083 0.00422593 -0.00298013 0.999987 0.929194
30 34 638 0.999799 0.0200393 -0.00115037 -0.311159 -0.0200029 0.999466 0.0258438 -0.948805 0.00166765 -0.0258156 0.999665 -0.0543108
30 35 717 0.99941 0.03305 0.00932194 -0.263977 -0.0335892 0.997301 0.0652816 -0.964375 -0.00713923 -0.0655562 0.997823 -0.0172337
30 36 217 0.999814 -0.00737586 -0.0178407 -0.331409 0.00735057 0.999972 -0.00148245 0.175113 0.0178512 0.00135104 0.99984 0.927094
30 37 67 0.999757 0.00247367 -0.0218968 0.838383 -0.00242056 0.999994 0.0024514 0.089064 0.0219028 -0.00239781 0.999757 -0.537756
30 38 152 0.999519 0.0144009 -0.0274748 0.823211 -0.0142223 0.999877 0.0066863 0.0375274 0.0275677 -0.00629233 0.9996 -0.566494
30 39 86 0.999714 0.0195154 -0.0137924 0.602885 -0.0193553 0.999745 0.0116524 0.172878 0.0140163 -0.0113821 0.999837 0.778873
30 40 58 0.999673 0.0178407 -0.0183263 0.813377 -0.017607 0.999763 0.0128382 0.165296 0.018551 -0.0125114 0.99975 -0.557758
30 41 122 0.999294 0.00386823 -0.0373641 0.966883 -0.00315692 0.999813 0.0190775 0.176995 0.0374309 -0.018946 0.99912 -0.183872
30 42 120 0.999476 0.00490143 -0.0319991 0.7411 -0.00431478 0.999822 0.0183767 0.0995813 0.0320835 -0.018229 0.999319 -0.663968
30 43 81 0.999498 0.00387573 -0.03143 0.730859 -0.0034312 0.999893 0.0141853 0.242921 0.0314816 -0.0140704 0.999405 -0.637836
30 44 147 0.998244 0.0495269 -0.0324901 -0.372276 -0.0491317 0.99871 0.0128502 -0.237005 0.0330846 -0.0112314 0.999389 0.897351
45 46 0 1 0 0 0 0 1 0 0 0 0 1 0
45 47 93 0.999976 0.00343165 0.00602476 -0.466165 -0.00342331 0.999993 -0.00139292 0.0486988 -0.0060295 0.00137226 0.999981 0.883356
45 48 124 0.999994 0.00259776 -0.00232317 -0.39032 -0.00260685 0.999989 -0.00391792 -0.224144 0.00231296 0.00392396 0.99999 0.892978
45 49 158 0.999779 0.0128597 -0.0166012 0.396854 -0.0127819 0.999907 0.00478302 0.202711 0.0166611 -0.00456977 0.999851 -0.895218
45 50 69 0.99989 0.00864095 -0.0120399 0.577747 -0.00846539 0.999858 0.0145573 0.00655174 0.012164 -0.0144538 0.999822 0.816189
45 51 206 0.999779 0.0107724 -0.0180446 -0.349881 -0.0108836 0.999922 -0.00607329 0.100764 0.0179778 0.00626834 0.999819 0.931359
45 52 90 0.999436 0.0215343 -0.0257708 0.972829 -0.0220131 0.999588 -0.0184434 0.00411057 0.0253631 0.0190003 0.999498 -0.231487
45 53 358 0.993829 0.0496207 -0.0992076 0.999632 -0.0513076 0.998577 -0.0145234 -0.00296607 0.0983458 0.0195239 0.994961 -0.0269488
45 54 419 0.996586 0.0615474 -0.055021 0.948149 -0.0624681 0.997932 -0.0151706 0.237988 0.0539735 0.0185558 0.99837 0.210653
45 55 431 0.996278 0.0646081 -0.0570643 0.982227 -0.064467 0.997911 0.00431091 -0.00323926 0.0572236 -0.000616097 0.998361 0.18767
45 56 330 0.996403 0.057658 -0.0620977 0.975011 -0.0570854 0.998309 0.0109572 0.0674224 0.0626245 -0.00737293 0.99801 0.211679
45 57 220 0.996595 0.0525218 -0.0635559 0.966184 -0.0518127 0.998575 0.0127559 0.0287481 0.0641353 -0.00941947 0.997897 0.256248
45 58 143 0.997134 0.0552033 -0.0517287 0.999756 -0.0549016 0.998466 0.00723697 -0.00553499 0.0520488 -0.00437624 0.998635 -0.0213996
45 59 149 0.997053 0.052221 -0.0562027 0.99241 -0.0520394 0.998634 0.00468942 0.00488481 0.0563708 -0.00175084 0.998408 -0.122878
60 61 34 0.999998 0.00137051 0.00175797 0.301585 -0.00137675 0.999993 0.00355182 -0.140205 -0.00175309 -0.00355423 0.999992 -0.943074
60 62 0 1 0 0 0 0 1 0 0 0 0 1 0
60 63 110 0.999996 -0.00265183 -1.56757e-05 -0.452144 0.00265177 0.999992 -0.00293429 -0.156025 2.34569e-05 0.00293424 0.999996 0.878193
60 64 212 0.999927 -0.000855705 -0.0120501 0.666606 0.000683277 0.999897 -0.0143061 0.695935 0.0120611 0.0142969 0.999825 0.26704
60 65 75 0.999944 -0.0100709 0.00337843 -0.763556 0.0100852 0.99994 -0.00424497 -0.143013 -0.00333547 0.00427881 0.999985 0.629706
60 66 132 0.999893 -0.0096252 -0.0110223 0.981809 0.00952636 0.999914 -0.00898458 -0.0209515 0.0111078 0.00887862 0.999899 -0.188713
60 67 261 0.999636 -0.0143072 -0.0228521 0.955091 0.0140413 0.999832 -0.0117568 0.0979751 0.0230164 0.0114317 0.99967 -0.279647
60 68 646 0.999175 -0.00669521 -0.0400453 0.975225 0.00632732 0.999937 -0.00930649 -0.0478055 0.0401051 0.00904544 0.999155 -0.215987
60 69 166 0.999805 -0.00824295 -0.0179332 0.930234 0.00794603 0.999831 -0.0165662 0.113284 0.0180667 0.0164205 0.999702 -0.349044
60 70 539 0.999314 -0.0062811 -0.0364911 0.949334 0.00562391 0.999821 -0.0180845 0.262985 0.0365981 0.0178669 0.99917 -0.17206
60 71 125 0.999677 -0.0115392 -0.0226495 0.746112 0.0113535 0.999901 -0.00831311 0.142558 0.0227432 0.00805327 0.999709 -0.65038
60 72 563 0.998563 -0.00524476 -0.0533425 0.986924 0.00449679 0.99989 -0.0141324 0.129619 0.0534107 0.0138723 0.998476 -0.0958148
60 73 307 0.999322 -0.00104841 -0.0368151 0.856592 0.000710381 0.999957 -0.00919366 0.0346362 0.0368232 0.00916127 0.99928 -0.51483
60 74 162 0.999117 -0.00155733 -0.0419778 0.953132 0.00114545 0.999951 -0.00983404 0.0445522 0.041991 0.00977727 0.99907 -0.299258
75 76 15 0.999988 0.0038253 0.00305546 0.167356 -0.00383088 0.999991 0.00182128 -0.00262779 -0.00304847 -0.00183296 0.999994 -0.985893
75 77 75 0.999997 0.00226625 0.000249742 0.422301 -0.00226652 0.999997 0.00106899 0.0682409 -0.000247319 -0.00106956 0.999999 -0.903883
75 78 15 0.999959 0.00334224 -0.008444 0.88509 -0.00335784 0.999993 -0.00183398 0.172558 0.00843781 0.00186226 0.999963 -0.43225
75 79 111 0.999854 0.00968892 -0.0140623 0.902702 -0.00974449 0.999945 -0.00388865 -0.0107302 0.0140238 0.00402512 0.999894 -0.430133
75 80 134 0.999713 0.0196381 -0.0137456 0.825717 -0.0197788 0.999753 -0.0101735 0.127425 0.0135424 0.0104424 0.999854 -0.549504
75 81 148 0.999688 0.0184852 -0.0167822 0.696575 -0.0187558 0.999694 -0.0161093 0.160144 0.0164793 0.0164191 0.999729 -0.699383
75 82 146 0.999564 0.0242373 -0.0168413 -0.00383311 -0.0244317 0.999636 -0.011439 -0.044398 0.0165579 0.0118455 0.999793 -0.999007
75 83 486 0.998869 0.0247516 -0.040587 0.913211 -0.0252965 0.999596 -0.0129697 0.156046 0.0402496 0.0139817 0.999092 -0.376423
75 84 471 0.997092 0.0400997 -0.064806 0.931272 -0.0408111 0.99912 -0.00969196 0.107993 0.0643604 0.0123086 0.997851 -0.347951
75 85 134 0.99916 0.0352468 -0.0209011 0.354453 -0.0352546 0.999378 -3.67459e-06 -0.115637 0.020888 0.000740533 0.999782 0.927896
75 86 168 0.998722 0.0380319 -0.0332914 0.468406 -0.0373368 0.999077 0.0212577 0.0920258 0.0340691 -0.0199875 0.99922 -0.878708
75 87 355 0.998193 0.0480559 -0.0360671 0.920758 -0.0470953 0.998525 0.0270279 0.248684 0.0373127 -0.0252804 0.998984 -0.3006
75 88 504 0.998025 0.0460873 -0.042689 0.883644 -0.0449155 0.998598 0.0280138 0.212924 0.0439202 -0.0260411 0.998696 -0.416938
75 89 137 0.999128 0.0384157 -0.0163254 0.397219 -0.0378871 0.998784 0.0315402 -0.137876 0.0175172 -0.0308941 0.999369 0.907307
90 91 0 1 0 0 0 0 1 0 0 0 0 1 0
90 92 104 0.99973 -0.0145237 -0.0181331 0.47988 0.014354 0.999852 -0.0094551 0.547206 0.0182677 0.00919227 0.999791 -0.68577
90 93 67 0.999828 -0.00566699 -0.0176391 0.450438 0.00575641 0.999971 0.00502281 0.29827 0.0176101 -0.00512348 0.999832 -0.841511
90 94 87 0.999777 -0.00977043 -0.0187095 0.458206 0.00988151 0.999934 0.00585383 0.0234175 0.018651 -0.00603741 0.999808 -0.888537
90 95 79 0.999548 -0.0105755 -0.0281541 0.772663 0.0106417 0.999941 0.0022024 0.0332487 0.0281291 -0.00250101 0.999601 -0.633945
90 96 270 0.998746 -0.0128058 -0.0483973 0.863262 0.0126899 0.999916 -0.00270156 0.0887975 0.0484278 0.00208402 0.998825 -0.496885
90 97 80 0.999251 -0.0153661 -0.0355171 0.446826 0.0150822 0.999852 -0.00824744 -0.0180911 0.0356386 0.00770558 0.999335 -0.894438
90 98 56 0.999427 -0.0154392 -0.0301306 0.238393 0.0153951 0.99988 -0.00169391 0.370517 0.0301531 0.00122907 0.999545 0.897712
90 99 248 0.997433 -0.0122235 -0.0705562 0.886361 0.0113393 0.999852 -0.0129192 0.120303 0.0707037 0.012086 0.997424 -0.447093
90 100 104 0.999202 -0.00697428 -0.0393373 0.237269 0.00680586 0.999967 -0.00441379 -0.0461948 0.0393667 0.00414254 0.999216 -0.970345
90 101 277 0.996185 -0.00633957 -0.0870381 0.905336 0.00616227 0.999978 -0.00230554 0.00528756 0.0870508 0.0017604 0.996202 -0.424664
90 102 256 0.996118 0.00265616 -0.0879871 0.957287 -0.00313352 0.999981 -0.00528765 0.0593565 0.0879714 0.00554283 0.996108 -0.282981
90 103 102 0.999404 -0.0111664 -0.0326525 -0.699984 0.0108406 0.99989 -0.0101393 -0.156257 0.0327621 0.00977924 0.999415 0.696855
90 104 80 0.99866 0.00937089 -0.050895 0.254777 -0.0099902 0.999879 -0.0119276 0.0977047 0.0507771 0.01242 0.998633 0.962051
105 106 0 1 0 0 0 0 1 0 0 0 0 1 0
105 107 14 0.999898 0.0140447 -0.00249817 -0.651329 -0.0140525 0.999896 -0.0031581 -0.140603 0.00245356 0.00319288 0.999992 0.745655
105 108 133 0.999631 0.0262258 0.00704277 -0.498199 -0.0261561 0.99961 -0.00980653 0.307248 -0.0072972 0.0096187 0.999927 -0.8108
105 109 145 0.998979 0.0418505 -0.0170138 0.932929 -0.042058 0.999043 -0.0120227 -0.201517 0.0164944 0.012726 0.999783 -0.298386
105 110 262 0.997938 0.0566245 -0.0302319 0.938646 -0.0570612 0.998276 -0.013782 -0.0903325 0.0293994 0.0154787 0.999448 -0.332842
105 111 245 0.997372 0.0613945 -0.0384557 0.85596 -0.0618659 0.998022 -0.0111901 -0.0074912 0.0376926 0.0135398 0.999198 -0.516987
105 112 133 0.998044 0.0596882 -0.0185837 0.937825 -0.0598627 0.998166 -0.0089769 0.0424935 0.0180138 0.0100718 0.999787 -0.344497
105 113 198 0.997581 0.060883 -0.0335584 0.916665 -0.0611564 0.998102 -0.00718224 -0.0561655 0.0330574 0.00921717 0.999411 -0.395691
105 114 116 0.998379 0.0568394 0.0028781 0.754278 -0.0568242 0.998371 -0.00513535 0.0260686 -0.00316531 0.00496348 0.999983 -0.656037
105 115 90 0.999009 0.0441316 0.00576481 0.890184 -0.0440793 0.998988 -0.00890689 -0.215253 -0.00615205 0.00864396 0.999944 0.401546
105 116 74 0.999554 0.0248928 0.016519 0.343993 -0.024388 0.99925 -0.0300871 -0.323092 -0.0172556 0.0296708 0.999411 0.881635
105 117 32 0.998959 0.039876 0.0221507 -0.12532 -0.0383419 0.997094 -0.065827 0.0923222 -0.0247113 0.0649092 0.997585 0.987812
105 118 37 0.996899 0.0784204 0.00650284 0.776946 -0.0777162 0.994158 -0.0749046 -0.0883071 -0.0123389 0.074167 0.997169 0.623343
105 119 117 0.993528 0.0690479 -0.0901884 0.987484 -0.0747064 0.995341 -0.0609463 -0.148561 0.08556 0.0672895 0.994058 -0.0529564
120 121 159 0.999854 0.0161784 -0.00552016 0.787521 -0.0160782 0.999714 0.0177311 -0.604242 0.00580543 -0.0176398 0.999828 -0.121255
120 122 0 1 0 0 0 0 1 0 0 0 0 1 0
120 123 52 0.999642 0.0193905 0.0184554 0.543792 -0.0197287 0.999637 0.0183223 -0.22703 -0.0180934 -0.0186798 0.999662 0.807928
120 124 136 0.999677 -0.00228879 0.0253163 0.295209 0.00120393 0.999084 0.0427849 -0.530701 -0.025391 -0.0427405 0.998764 0.794486
120 125 155 0.99983 -0.00976968 -0.0156332 0.650215 0.0110248 0.996545 0.0823237 -0.628625 0.0147749 -0.0824821 0.996483 0.426673
120 126 130 0.999784 -0.0207368 0.00149408 0.401241 0.020675 0.999223 0.0335581 0.176817 -0.0021888 -0.03352 0.999436 0.898744
120 127 129 0.999226 -0.0381776 -0.00944823 0.472237 0.0385451 0.998358 0.0423784 -0.152525 0.00781481 -0.0427098 0.999057 0.868175
120 128 126 0.998872 -0.0468714 -0.00760734 0.606144 0.0471395 0.998086 0.040037 -0.176526 0.00571619 -0.0403504 0.999169 0.775518
120 129 133 0.999058 -0.0423846 -0.00932397 0.716335 0.0427192 0.998317 0.0392283 -0.155112 0.0076456 -0.0395896 0.999187 0.680297
120 130 112 0.99886 -0.0475479 0.00425995 0.537048 0.0473587 0.998195 0.0369334 -0.106564 -0.00600836 -0.0366895 0.999309 0.836793
120 131 174 0.998223 -0.0572471 -0.0165564 0.814576 0.0577879 0.99774 0.0342747 0.146696 0.0145568 -0.0351705 0.999275 0.561201
120 132 157 0.997781 -0.0587811 -0.0312695 0.79716 0.0598621 0.997599 0.0348387 0.226589 0.0291466 -0.0366333 0.998904 0.559637
120 133 137 0.997293 -0.061952 -0.0396014 0.536917 0.0641509 0.996317 0.0569039 -0.105926 0.0359302 -0.0592903 0.997594 0.836959
120 134 158 0.997041 -0.0610039 0.046771 -0.731785 0.0587445 0.997106 0.0482492 0.131359 -0.049579 -0.0453589 0.99774 0.668757
135 136 0 1 0 0 0 0 1 0 0 0 0 1 0
135 137 357 0.999536 0.00291115 -0.0303053 0.537326 -0.00244921 0.99988 0.015269 -0.835078 0.0303461 -0.0151877 0.999424 0.118003
135 138 153 0.999721 0.00391371 -0.0232938 -0.50576 -0.00438127 0.999789 -0.0200554 0.198514 0.0232104 0.0201518 0.999527 -0.839523
135 139 98 0.999503 0.0111126 -0.0294907 -0.667159 -0.0117647 0.999688 -0.0220297 0.23046 0.0292367 0.0223657 0.999322 -0.70837
135 140 146 0.999088 0.0122949 -0.0408938 -0.496625 -0.013441 0.999521 -0.0278719 0.279731 0.0405315 0.0283961 0.998775 -0.821653
135 141 340 0.996211 -0.00539934 -0.0868036 0.903817 0.00134666 0.998909 -0.0466789 0.218563 0.0869609 0.0463852 0.995131 -0.367892
135 142 205 0.999026 0.02936 -0.0329464 -0.935372 -0.0303628 0.999078 -0.0303631 0.326903 0.0320246 0.0313338 0.998996 -0.134962
135 143 72 0.998001 0.0076283 -0.062729 0.638465 -0.00964112 0.999446 -0.0318477 0.238678 0.0624513 0.0323888 0.997522 -0.731707
135 144 184 0.998306 0.0233917 -0.0532661 -0.981692 -0.0246349 0.999436 -0.0228037 0.0897207 0.0527027 0.0240773 0.99832 -0.168022
135 145 193 0.99736 0.0346464 -0.0638154 -0.791296 -0.0357899 0.999217 -0.0168637 0.159444 0.0631811 0.0191032 0.997819 -0.590278
135 146 316 0.991913 0.0436082 -0.119195 0.990792 -0.045388 0.998894 -0.0122564 -0.0273154 0.118529 0.0175673 0.992795 -0.132608
135 147 332 0.989382 0.0302594 -0.142157 0.963377 -0.0356272 0.998739 -0.0353673 0.259546 0.140907 0.0400565 0.989212 -0.0673806
135 148 153 0.996268 0.0525643 -0.0684549 -0.945272 -0.0534614 0.998506 -0.0113377 0.2169 0.0677566 0.014955 0.99759 -0.243754
135 149 197 0.997024 0.0416508 -0.0648645 -0.83666 -0.0427125 0.998974 -0.0150677 0.227283 0.0641704 0.0177934 0.99778 -0.49834
150 151 657 0.999999 0.000799297 -0.000996202 0.180139 -0.000775076 0.99971 0.0240804 -0.912493 0.00101516 -0.0240796 0.99971 0.367295
150 152 46 0.999962 0.00844114 -0.00194665 0.546418 -0.00843584 0.999961 0.0027143 -0.369664 0.00196948 -0.00269778 0.999994 0.751515
150 153 175 0.999887 0.0150494 -0.0005374 -0.362848 -0.0150497 0.999887 -0.000588631 0.229821 0.000528481 0.000596652 1 -0.903064
150 154 153 0.999915 0.0125669 -0.00341351 -0.450748 -0.0125639 0.999921 0.000883908 0.230774 0.00342435 -0.000840946 0.999994 -0.862304
150 155 53 0.999911 0.00750596 -0.0110211 0.701254 -0.0075586 0.99996 -0.00474229 -0.114397 0.010985 0.00482517 0.999928 0.703674
150 156 482 0.999944 0.0105727 0.000898058 -0.858333 -0.0105558 0.999798 -0.0170829 0.466415 -0.00107849 0.0170725 0.999854 0.213825
150 157 128 0.999571 0.00822755 -0.0281084 0.974136 -0.00849125 0.999921 -0.00927492 -0.0789945 0.0280299 0.00950962 0.999562 -0.211706
150 158 138 0.999426 0.0132179 -0.0311889 0.768268 -0.0135569 0.999851 -0.0106826 -0.0793298 0.0310431 0.0110993 0.999456 0.635194
150 159 479 0.999825 -0.00992967 -0.0158443 -0.416654 0.00958757 0.999722 -0.0215227 -0.20214 0.0160536 0.021367 0.999643 0.886306
150 160 144 0.999075 0.020181 -0.0379645 0.994307 -0.0207013 0.999696 -0.0133636 -0.0852791 0.0376833 0.0141371 0.99919 -0.0638769
150 161 432 0.999793 -0.00719156 -0.0190434 -0.556618 0.00673187 0.999687 -0.024094 -0.206683 0.0192107 0.0239608 0.999528 0.804648
150 162 629 0.997797 -0.0186059 0.0636736 -0.939481 0.0195191 0.999715 -0.01375 -0.121769 -0.0633996 0.0149626 0.997876 0.320232
150 163 635 0.996786 0.0190796 -0.07781 0.993526 -0.0204276 0.999654 -0.0165652 -0.0628731 0.077467 0.0181014 0.996831 0.0946198
150 164 619 0.996246 0.0322054 -0.080348 0.996606 -0.0336052 0.999305 -0.0161309 -0.0418581 0.0797726 0.0187705 0.996636 -0.0708783
165 166 0 1 0 0 0 0 1 0 0 0 0 1 0
165 167 134 0.999813 0.00775093 -0.0176964 0.811608 -0.00764076 0.999951 0.00628455 -0.139551 0.0177442 -0.00614817 0.999824 -0.56729
165 168 638 0.999032 -0.00413987 0.0437946 -0.725981 0.00362132 0.999922 0.0119133 -0.264776 -0.0438405 -0.0117432 0.99897 0.634701
165 169 346 0.999416 0.0280605 0.0195101 -0.883905 -0.0280674 0.999606 7.72298e-05 0.158878 -0.0195003 -0.000624783 0.99981 0.439853
165 170 384 0.999531 0.014537 0.0269644 -0.640256 -0.0145088 0.999894 -0.00124325 -0.221935 -0.0269796 0.000851447 0.999636 0.735403
165 171 332 0.999713 0.0188703 0.0147279 -0.74437 -0.0187354 0.999782 -0.00924489 -0.106057 -0.0148991 0.0089663 0.999849 0.659291
165 172 312 0.999319 0.022486 -0.0292584 0.949215 -0.022895 0.999644 -0.0137209 0.071653 0.0289395 0.0143815 0.999478 -0.306359
165 173 392 0.996921 0.036906 -0.0691779 0.932509 -0.0370807 0.999312 -0.00124275 -0.00253321 0.0690844 0.00380408 0.997604 -0.361138
165 174 219 0.99889 0.0454216 0.0124654 -0.996075 -0.0455408 0.998918 0.0094479 0.0544164 -0.0120227 -0.0100051 0.999878 0.0698145
165 175 329 0.998306 0.0454264 -0.0363445 0.934473 -0.0449605 0.998897 0.0135346 -0.0740774 0.0369193 -0.0118777 0.999248 -0.348242
165 176 108 0.999285 0.0276707 -0.0257717 0.989938 -0.027473 0.999591 0.00799231 0.0168245 0.0259823 -0.00727857 0.999636 -0.140498
165 177 90 0.999299 0.0269139 -0.026005 0.987618 -0.0268033 0.99963 0.00459144 -0.0191593 0.0261189 -0.00389121 0.999651 -0.155704
165 178 255 0.996705 0.0298902 -0.0754081 0.973703 -0.0299696 0.999551 7.92126e-05 -0.00765357 0.0753766 0.002181 0.997153 -0.227693
165 179 296 0.992948 0.0359483 -0.112966 0.973647 -0.0361351 0.999347 0.000394131 -0.00438723 0.112907 0.00369069 0.993599 -0.228019
180 181 22 1 -0.000449425 -0.000403392 0.112136 0.000449344 1 -0.000200071 0.178756 0.000403482 0.000199889 1 -0.977482
180 182 334 0.999691 0.00748142 -0.0237032 0.838591 -0.00713995 0.99987 0.0144583 -0.446236 0.0238083 -0.0142846 0.999614 -0.312472
180 183 0 1 0 0 0 0 1 0 0 0 0 1 0
180 184 38 0.99993 0.011773 -0.00114972 0.308824 -0.0117653 0.99991 0.00645006 0.19233 0.00122555 -0.00643608 0.999979 -0.93147
180 185 40 0.99992 0.00737941 -0.0102751 0.857355 -0.00735412 0.99997 0.00249633 0.264584 0.0102932 -0.00242057 0.999944 0.441518
180 186 49 0.999952 -0.0013672 -0.0097436 -0.816039 0.00137245 0.999999 0.000531322 -0.12376 0.00974287 -0.000544669 0.999952 -0.564592
180 187 139 0.999757 -0.00242939 -0.0219298 0.661849 0.0022058 0.999945 -0.0102143 0.0455245 0.0219534 0.0101635 0.999707 -0.748253
180 188 132 0.999383 0.00291466 -0.0350149 0.83489 -0.00324248 0.999951 -0.00930935 0.208993 0.034986 0.00941714 0.999343 -0.509195
180 189 129 0.999768 -0.00144132 -0.0214791 0.66582 0.00126637 0.999966 -0.00815641 0.149358 0.0214901 0.00812732 0.999736 -0.73101
180 190 365 0.995238 0.0248799 -0.0942417 0.979876 -0.0262992 0.999558 -0.0138478 0.153528 0.0938556 0.0162603 0.995453 -0.12756
180 191 110 0.999617 0.00217039 -0.0275805 0.571843 -0.00241827 0.999957 -0.00895712 0.193444 0.0275599 0.00902039 0.999579 -0.797229
180 192 107 0.998669 0.0136186 -0.0497545 0.961584 -0.0137988 0.999899 -0.00328015 0.0791596 0.0497048 0.00396234 0.998756 -0.262851
180 193 97 0.999164 0.0157065 -0.0377355 0.577822 -0.0159241 0.999858 -0.00547209 0.0915261 0.0376442 0.00606842 0.999273 -0.811014
180 194 281 0.995795 0.0360137 -0.0842314 0.925603 -0.0359297 0.999351 0.00251409 0.024202 0.0842673 0.000522886 0.996443 -0.37772
195 196 34 0.999963 0.00120028 0.00856943 -0.846098 -0.00124059 0.999988 0.00469938 -0.435737 -0.00856369 -0.00470983 0.999952 0.307005
195 197 49 0.99997 0.00683685 0.0035921 -0.543727 -0.00686769 0.999939 0.00864349 -0.437707 -0.00353279 -0.0086679 0.999956 0.716082
195 198 119 0.999592 0.0285444 -0.00113272 0.118131 -0.0285315 0.999541 0.010137 -0.0533345 0.00142156 -0.0101006 0.999948 0.991565
195 199 0 1 0 0 0 0 1 0 0 0 0 1 0
195 200 73 0.999334 0.0328627 -0.0158541 0.753074 -0.0327813 0.999448 0.00536886 0.0776444 0.0160218 -0.00484557 0.99986 -0.653338
195 201 63 0.998998 0.0400705 -0.0199342 0.800591 -0.0401246 0.999192 -0.00232005 -0.0589202 0.0198251 0.00311758 0.999799 0.596307
195 202 111 0.998544 0.044887 -0.0299222 0.956623 -0.0454042 0.998827 -0.0168363 0.00327955 0.0291314 0.0181704 0.99941 0.291309
195 203 294 0.996967 0.0368013 -0.0685774 0.987258 -0.0392622 0.99862 -0.0348903 0.076257 0.0671987 0.0374769 0.997036 -0.139664
195 204 135 0.999651 0.0230412 -0.0129229 -0.741333 -0.0234331 0.999243 -0.0310462 -0.183326 0.0121978 0.0313382 0.999434 0.645614
195 205 100 0.998969 0.0405167 -0.0204645 0.770088 -0.0406851 0.999141 -0.00787861 0.0326617 0.0201277 0.00870309 0.99976 0.637102
195 206 142 0.999393 0.0347691 -0.00195195 -0.95538 -0.0347676 0.999395 0.000788525 -0.0448346 0.00197819 -0.000720182 0.999998 -0.291957
195 207 110 0.997875 0.0448103 -0.0472933 0.951521 -0.044784 0.998995 0.00161524 -0.0393374 0.0473182 0.000506177 0.99888 -0.305058
195 208 250 0.996239 0.0538385 -0.0678853 0.99055 -0.0543892 0.9985 -0.00628886 0.0519628 0.0674449 0.00995744 0.997673 -0.126925
195 209 207 0.997227 0.0432698 -0.0605492 0.995546 -0.0441236 0.998944 -0.0128341 0.0884336 0.0599299 0.0154701 0.998083 0.0326666
210 211 0 1 0 0 0 0 1 0 0 0 0 1 0
210 212 62 0.999913 0.00882277 -0.00981746 0.435682 -0.0087347 0.999922 0.00897718 -0.272462 0.0098959 -0.00889064 0.999912 -0.857873
210 213 106 0.999492 -0.0125209 -0.029318 0.791201 0.0125848 0.999919 0.00199515 0.233231 0.0292906 -0.0023631 0.999568 -0.565335
210 214 56 0.999362 -0.0207509 -0.0290607 0.741893 0.020887 0.999772 0.00438988 0.216663 0.028963 -0.00499407 0.999568 -0.634548
210 215 135 0.998816 -0.0193108 -0.0446429 0.844254 0.0194259 0.999809 0.00214501 0.205487 0.0445929 -0.0030097 0.999001 -0.494985
210 216 125 0.998927 -0.021003 -0.0412774 0.828521 0.0212411 0.99976 0.00533805 0.225116 0.0411554 -0.0062091 0.999133 -0.512714
210 217 120 0.998661 -0.0246483 -0.0454771 0.854009 0.0250888 0.999643 0.00913914 0.0785352 0.0452356 -0.0102679 0.998924 -0.514297
210 218 115 0.998597 -0.0213595 -0.048453 0.919428 0.0216929 0.999744 0.00636543 0.198301 0.0483046 -0.00740759 0.998805 -0.3396
210 219 134 0.991922 -0.0197092 -0.125311 0.998942 0.0222026 0.999582 0.0185326 -0.034182 0.124893 -0.0211651 0.991944 -0.0307562
210 220 114 0.997298 -0.0132327 -0.0722549 0.949085 0.0139564 0.999857 0.0095192 0.152777 0.0721186 -0.0105019 0.997341 -0.275494
210 221 118 0.996789 -0.0050784 -0.0799066 0.972009 0.00631936 0.999863 0.0152849 0.108099 0.079818 -0.0157408 0.996685 -0.208597
210 222 108 0.99927 -0.0300706 -0.0235814 0.278961 0.0309507 0.998802 0.0378899 -0.180179 0.0224138 -0.0385921 0.999004 0.943248
210 223 111 0.996432 -0.00664836 -0.0841386 0.913604 0.00775375 0.999888 0.0128178 0.0915851 0.0840439 -0.0134244 0.996372 -0.396155
210 224 104 0.995622 0.000463033 -0.0934708 0.970014 0.000873446 0.999898 0.0142569 0.114356 0.0934679 -0.0142762 0.99552 -0.214466
225 226 59 0.999992 -0.00245992 -0.00327144 0.27477 0.00247292 0.999989 0.00397491 -0.151094 0.00326163 -0.00398296 0.999987 0.949564
225 227 85 0.999991 0.00048083 -0.00415889 -0.285897 -0.000465165 0.999993 0.0037668 0.264899 0.00416067 -0.00376483 0.999984 -0.920919
225 228 39 0.999906 0.00851935 -0.0107555 0.883221 -0.0084968 0.999962 0.00214044 -0.0534714 0.0107733 -0.00204885 0.99994 0.465899
225 229 257 0.998885 0.0234617 -0.0409757 0.995636 -0.0233442 0.999722 0.0033437 -0.058936 0.0410427 -0.00238343 0.999155 -0.0723608
225 230 107 0.999896 0.011506 0.00872668 -0.294679 -0.0115581 0.999916 0.00593786 0.304099 -0.00865762 -0.0060381 0.999944 -0.905918
225 231 63 0.999721 0.0234051 0.0031503 -0.936932 -0.0234953 0.999194 0.0325523 -0.22482 -0.00238587 -0.0326172 0.999465 0.267608
225 232 166 0.973119 0.0353558 -0.227572 0.978382 -0.014538 0.995605 0.0925124 -0.196304 0.229842 -0.0867172 0.969357 0.0650664
225 233 85 0.99963 0.0160573 -0.0219726 -0.262375 -0.0146866 0.998019 0.0611816 0.217631 0.0229115 -0.0608362 0.997885 -0.940104
225 234 92 0.998194 0.0317721 -0.0509848 0.863881 -0.0281796 0.99717 0.0696956 0.0730274 0.0530549 -0.068133 0.996265 0.498373
225 235 91 0.996721 0.0372889 -0.0718076 0.999346 -0.0323026 0.997066 0.0693914 -0.014535 0.0741845 -0.0668443 0.995002 -0.0331028
225 236 137 0.996821 0.0414756 -0.0680307 0.997132 -0.0366322 0.996806 0.0709592 0.0505012 0.0707565 -0.0682414 0.995157 0.056376
225 237 199 0.999894 0.00747534 0.0125077 -0.336191 -0.00785685 0.999497 0.0307354 0.492424 -0.0122717 -0.0308304 0.999449 -0.802804
225 238 220 0.999656 0.0203859 0.0164842 -0.290973 -0.020399 0.999792 0.000629399 0.59863 -0.0164679 -0.000965443 0.999864 -0.746309
225 239 88 0.999869 0.00717806 0.0145298 -0.298711 -0.00791415 0.998654 0.051254 0.146475 -0.0141423 -0.0513623 0.99858 -0.943036
240 241 91 0.999996 0.00225318 -0.00153515 0.456246 -0.00224985 0.999995 0.00216726 -0.220279 0.00154003 -0.0021638 0.999996 0.862158
240 242 658 0.999596 -0.000788958 -0.0284196 0.890983 0.00113682 0.999925 0.0122263 -0.438228 0.0284078 -0.0122537 0.999521 0.118767
240 243 213 0.999948 0.0016651 -0.0100261 0.486016 -0.0016282 0.999992 0.0036867 -0.42118 0.0100322 -0.00367019 0.999943 -0.765764
240 244 630 0.997829 -0.000692731 -0.0658526 0.921416 0.00208077 0.999777 0.0210117 -0.387192 0.0658233 -0.0211031 0.997608 -0.0327864
240 245 615 0.997753 0.00209297 -0.066974 0.927839 -0.00113811 0.999897 0.0142921 -0.358807 0.0669971 -0.0141838 0.997652 -0.101846
240 246 220 0.999956 -0.00312742 -0.00879185 0.68298 0.00297075 0.999838 -0.0177772 0.119054 0.00884602 0.0177503 0.999803 -0.720669
240 247 437 0.999529 -0.000777054 -0.0306853 0.880393 0.000490813 0.999956 -0.00933473 0.000844134 0.0306912 0.00931527 0.999486 -0.474243
240 248 269 0.999569 0.00215004 -0.0292672 0.933011 -0.00235289 0.999973 -0.00689825 0.0842384 0.0292516 0.00696414 0.999548 -0.34985
240 249 614 0.998832 0.00861007 -0.0475448 0.927575 -0.00875858 0.999957 -0.00291612 0.0937627 0.0475177 0.00332914 0.998865 -0.361681
240 250 265 0.999499 -0.00833381 -0.0305387 0.395643 0.00852302 0.999945 0.00607085 -0.223657 0.0304864 -0.00632809 0.999515 -0.890755
240 251 365 0.999522 0.00932117 -0.0294868 0.193144 -0.00877146 0.999786 0.0187175 -0.0654261 0.029655 -0.0184499 0.99939 -0.978987
240 252 511 0.997843 0.0174615 -0.0632728 0.909228 -0.0159695 0.999584 0.0240109 -0.00958605 0.0636658 -0.0229487 0.997707 -0.416187
240 253 447 0.998466 0.0196925 -0.0517574 0.996176 -0.018491 0.999551 0.0235927 -0.0810041 0.0521987 -0.0225994 0.998381 0.0327278
240 254 527 0.998509 0.029349 -0.0460246 0.961621 -0.0286876 0.999476 0.0149661 0.174792 0.0464397 -0.0136235 0.998828 -0.211503
255 256 217 0.999993 -0.00368543 0.000209764 0.336809 0.00368371 0.999964 0.00768116 -0.223018 -0.000238065 -0.00768033 0.99997 0.91478
255 257 13 0.99972 0.0236143 -0.00172889 0.935961 -0.0235883 0.999627 0.0137767 0.0374458 0.00205357 -0.0137321 0.999904 -0.350107
255 258 160 0.999594 0.028415 0.00187374 0.420758 -0.0284332 0.99954 0.010548 -0.351606 -0.00157316 -0.010597 0.999943 0.836263
255 259 172 0.996977 0.0773233 0.0076624 0.366607 -0.0772395 0.996955 -0.010687 0.849605 -0.00846542 0.0100629 0.999914 0.379171
255 260 165 0.998332 0.0572114 0.00779921 0.284627 -0.057095 0.998265 -0.014408 0.196567 -0.00860998 0.0139387 0.999866 -0.938269
255 261 127 0.99816 0.0573618 0.0196557 0.98369 -0.0570589 0.998248 -0.0156425 0.179439 -0.0205185 0.0144922 0.999684 -0.0125114
255 262 444 0.997541 0.0678995 -0.0173842 0.715632 -0.0679225 0.99769 -0.000735207 -0.171279 0.0172941 0.00191418 0.999849 -0.677152
255 263 294 0.997621 0.066633 -0.0176717 0.715728 -0.0665827 0.997775 0.003423 -0.229482 0.0178605 -0.00223822 0.999838 -0.659599
255 264 141 0.997968 0.0609611 -0.0185202 0.755032 -0.0609818 0.998139 -0.000552484 0.0871227 0.0184521 0.00168076 0.999828 -0.649874
255 265 504 0.996856 0.0681988 -0.0403436 0.902195 -0.0681559 0.997672 0.00243766 0.0608697 0.0404159 0.000319662 0.999183 -0.427011
255 266 188 0.997813 0.0626628 -0.0210318 0.693907 -0.0626485 0.998035 0.0013392 -0.202543 0.0210744 -1.86637e-05 0.999778 0.690992
255 267 418 0.996411 0.071213 -0.0457658 0.934281 -0.0716001 0.99741 -0.00687324 0.0380429 0.0451578 0.0101254 0.998929 -0.354502
255 268 401 0.997034 0.067931 -0.0361736 0.366559 -0.0685197 0.997533 -0.0152908 0.170076 0.0350456 0.0177241 0.999229 -0.914718
255 269 390 0.996411 0.0582525 -0.0614127 0.969578 -0.0597613 0.997947 -0.0230235 0.0243447 0.0599454 0.026611 0.997847 -0.243571
270 271 137 0.999999 0.000385158 -0.00152222 0.338901 -0.000384847 1 0.000204471 -0.0672805 0.0015223 -0.000203885 0.999999 0.938413
270 272 125 0.999958 0.00498302 -0.007717 -0.101683 -0.00497683 0.999987 0.000821262 0.257847 0.00772099 -0.000782821 0.99997 -0.96082
270 273 137 0.999784 0.00804484 -0.0191892 0.226839 -0.0080416 0.999968 0.000246159 0.18475 0.0191906 -9.17936e-05 0.999816 -0.956249
270 274 193 0.999213 0.0098177 -0.0384293 0.902718 -0.00997265 0.999943 -0.00384233 0.25894 0.0383894 0.00422255 0.999254 -0.343584
270 275 160 0.999311 0.0115912 -0.0352479 0.381664 -0.0115752 0.999933 0.000656163 0.232811 0.0352531 -0.000247708 0.999378 -0.894501
270 276 203 0.999603 0.00892866 -0.0267329 -0.805161 -0.00896259 0.999959 -0.00114988 0.0756554 0.0267215 0.00138902 0.999642 -0.588211
270 277 155 0.998839 0.0115488 -0.0467784 0.550207 -0.0118396 0.999912 -0.00594445 0.198072 0.0467057 0.00649139 0.998888 -0.811197
270 278 260 0.998198 0.0235983 -0.0551713 0.410777 -0.0234339 0.999719 0.00362518 0.0855649 0.0552413 -0.00232577 0.99847 -0.907712
270 279 232 0.997522 0.0277089 -0.0646666 0.23942 -0.0273178 0.999603 0.00692399 0.326195 0.0648327 -0.00514028 0.997883 -0.914481
270 280 735 0.995018 0.0316788 -0.0945322 0.885287 -0.0310865 0.999487 0.00773242 0.108507 0.0947286 -0.00475522 0.995492 -0.452209
270 281 495 0.995156 0.0276039 -0.0943577 0.809265 -0.0271324 0.999612 0.00627609 0.153944 0.0944943 -0.00368553 0.995519 -0.566914
270 282 325 0.995483 0.0324276 -0.0892274 0.182078 -0.0319607 0.999467 0.00665675 0.312492 0.0893957 -0.00377492 0.995989 -0.932307
270 283 192 0.994374 0.0319005 -0.101007 0.812275 -0.0317255 0.999491 0.0033384 0.0956144 0.101062 -0.000115126 0.99488 -0.575384
270 284 443 0.992449 0.0321018 -0.118381 0.832436 -0.0319836 0.999484 0.0028992 0.116165 0.118413 0.000908938 0.992964 -0.541809
285 286 33 0.999955 -0.00709553 -0.00630575 -0.597779 0.0070776 0.999971 -0.00285966 0.014378 0.00632586 0.00281491 0.999976 -0.801532
285 287 60 0.999967 -0.00424074 -0.00689964 -0.592417 0.0042217 0.999987 -0.00277133 0.212091 0.0069113 0.00274211 0.999972 -0.777213
285 288 216 0.999861 0.000639845 -0.0166414 0.268599 -0.000528797 0.999978 0.00667655 0.202825 0.0166453 -0.00666683 0.999839 -0.941656
285 289 76 0.999547 -0.00544419 -0.0295916 0.493625 0.00600846 0.999801 0.0190132 -0.278754 0.0294822 -0.0191823 0.999381 -0.82379
285 290 199 0.999157 0.00246444 -0.0409673 0.339736 -0.00143665 0.999684 0.0250985 0.261352 0.0410162 -0.0250185 0.998845 -0.903479
285 291 260 0.998738 0.00807992 -0.0495596 0.291693 -0.00634615 0.999366 0.0350416 0.0771715 0.0498113 -0.0346829 0.998156 -0.953394
285 292 627 0.994334 0.0268887 -0.102841 0.936022 -0.0236957 0.999202 0.0321453 0.229299 0.103623 -0.0295263 0.994178 -0.266993
285 293 170 0.997862 0.0196697 -0.0623282 0.620089 -0.0168119 0.998798 0.0460483 0.13119 0.0631591 -0.0449019 0.996993 -0.773485
285 294 559 0.99332 0.0331146 -0.110537 0.927186 -0.0292895 0.998921 0.0360513 0.299594 0.111611 -0.032573 0.993218 -0.224879
285 295 73 0.997452 0.0244793 -0.0670113 0.8984 -0.0212886 0.998624 0.0479206 -0.019261 0.0680922 -0.0463719 0.996601 0.438756
285 296 277 0.995279 0.0322039 -0.0915578 0.47793 -0.0277948 0.99841 0.0490308 0.0319201 0.0929913 -0.0462545 0.994592 -0.877818
285 297 288 0.995983 0.0524951 -0.0725395 -0.151711 -0.0482114 0.997058 0.0595927 0.0124868 0.0754544 -0.0558561 0.995584 -0.988346
285 298 224 0.994979 0.0441353 -0.0898276 0.611318 -0.039255 0.997693 0.0553908 -0.142799 0.092065 -0.0515865 0.994416 0.778395
285 299 269 0.994768 0.0623016 -0.0809656 -0.431006 -0.057856 0.996745 0.0561416 0.0169264 0.0841998 -0.0511635 0.995135 -0.90219
300 301 199 0.999983 -0.00227348 -0.00540033 0.444784 0.00230168 0.999984 0.00522161 -0.0947834 0.00538837 -0.00523395 0.999972 0.890608
300 302 212 0.999928 -0.0043072 -0.0112437 0.382808 0.00440717 0.999951 0.0088821 -0.0979854 0.0112049 -0.00893101 0.999897 0.918617
300 303 125 0.999995 0.000904816 -0.00304054 -0.996031 -0.000871482 0.99994 0.0109467 0.0411015 0.00305026 -0.010944 0.999935 0.0789498
300 304 1244 0.998939 0.0152089 -0.0434595 0.984016 -0.0144812 0.99975 0.0170105 -0.156486 0.0437074 -0.0163631 0.99891 0.0849951
300 305 826 0.999021 0.0264281 -0.0354823 0.958131 -0.0262719 0.999643 0.0048621 0.257729 0.0355981 -0.00392515 0.999358 0.124745
300 306 394 0.999584 0.0266855 -0.0108965 -0.434333 -0.0266133 0.999623 0.00671484 -0.100995 0.0110715 -0.00642206 0.999918 -0.895072
300 307 97 0.999268 0.0371794 -0.00902419 0.53752 -0.0372163 0.999299 -0.00395122 0.299813 0.00887096 0.00428417 0.999951 0.788153
300 308 763 0.999231 0.0329257 -0.0212696 0.7615 -0.0331677 0.999388 -0.0111282 -0.142924 0.0208902 0.0118251 0.999712 0.632211
300 309 1047 0.998247 0.0440986 -0.0394816 0.890376 -0.0453739 0.998457 -0.0320112 0.442163 0.038009 0.0337465 0.998707 0.108272
300 310 213 0.999809 0.016328 -0.010727 0.612419 -0.0166449 0.999407 -0.0301414 -0.236181 0.0102285 0.0303142 0.999488 0.754428
300 311 718 0.999428 0.0212946 -0.0262804 0.768022 -0.0223389 0.998946 -0.0401033 0.226715 0.0253987 0.0406674 0.99885 -0.598951
300 312 617 0.999645 0.00776129 -0.02547 0.988786 -0.00887665 0.998993 -0.0439744 0.0550615 0.025103 0.0441849 0.998708 -0.138815
300 313 265 0.999977 -0.00118367 -0.00671077 -0.818514 0.000871652 0.998927 -0.0463085 0.140439 0.00675838 0.0463016 0.998905 -0.557056
300 314 389 0.999914 -0.00867664 -0.0098117 0.5982 0.00814336 0.998554 -0.053143 -0.15044 0.0102586 0.0530585 0.998539 0.787099
315 316 19 0.999976 -0.00362171 -0.00593947 0.76582 0.00367173 0.999958 0.0084328 -0.630673 0.00590868 -0.0084544 0.999947 -0.125582
315 317 0 1 0 0 0 0 1 0 0 0 0 1 0
315 318 134 0.999917 -0.00589884 0.0114434 -0.455381 0.00583744 0.999968 0.0053912 0.220304 -0.0114748 -0.00532395 0.99992 -0.862609
315 319 178 0.999921 -0.00271032 0.0122541 0.169743 0.00257503 0.999936 0.0110426 0.162387 -0.0122832 -0.0110102 0.999864 -0.972017
315 320 319 0.999987 0.00181315 0.00480469 0.847613 -0.00188424 0.999888 0.0148324 0.0712457 -0.00477726 -0.0148412 0.999878 -0.525811
315 321 167 0.999611 0.00352614 0.0276643 -0.444186 -0.00389401 0.999905 0.0132551 0.208635 -0.0276149 -0.0133577 0.999529 -0.871304
315 322 269 0.999585 0.00785548 0.0277306 0.35322 -0.00817015 0.999903 0.0112523 0.163112 -0.0276395 -0.0114741 0.999552 -0.921211
315 323 119 0.999531 0.0103252 0.0288429 0.486672 -0.0106522 0.99988 0.0112042 0.111985 -0.0287237 -0.0115062 0.999521 -0.866377
315 324 208 0.999604 0.00950735 0.0264916 0.328373 -0.00984676 0.999871 0.0127111 0.245635 -0.0263674 -0.0129669 0.999568 -0.91205
315 325 285 0.999684 0.00972643 0.0231737 0.362038 -0.0100902 0.999827 0.0156312 0.199453 -0.0230176 -0.0158601 0.999609 -0.910575
315 326 419 0.999756 0.0115886 0.0187916 0.350915 -0.0119437 0.99975 0.018897 0.183971 -0.0185679 -0.0191168 0.999645 -0.918158
315 327 248 0.999816 0.0112325 0.0155428 -0.0190977 -0.0115446 0.999731 0.0201375 0.219955 -0.0153124 -0.0203133 0.999676 -0.975323
315 328 362 0.999844 0.0130006 0.0119541 0.0595396 -0.0132978 0.999596 0.0251271 0.213298 -0.0116226 -0.0252822 0.999613 -0.975171
315 329 1264 0.999637 0.024563 -0.0110461 0.848951 -0.0242513 0.999327 0.0275147 0.246457 0.0117145 -0.0272369 0.99956 -0.467484
330 331 0 1 0 0 0 0 1 0 0 0 0 1 0
330 332 85 0.999936 0.00355368 -0.0107038 0.163326 -0.00356638 0.999993 -0.00116686 0.204137 0.0106996 0.00120496 0.999942 -0.965222
330 333 25 0.999975 6.08056e-05 -0.00708351 -0.709857 -8.70776e-05 0.999993 -0.00370864 0.367395 0.00708324 0.00370917 0.999968 -0.600936
330 334 75 0.999862 -0.00314271 -0.0163221 0.285696 0.00314835 0.999995 0.000319705 -0.238409 0.016321 -0.000371048 0.999867 0.928191
330 335 170 0.99968 0.000532962 -0.0253077 0.372984 -0.000555521 0.999999 -0.000884357 0.289629 0.0253072 0.000898132 0.999679 -0.881475
330 336 1014 0.997882 0.00917148 -0.0644068 0.996168 -0.00966695 0.999926 -0.00738554 0.0674142 0.0643343 0.00799251 0.997896 -0.0557219
