0 1 78 0.999978 0.00438657 -0.00504695 0.23023 -0.00437201 0.999986 0.0028921 0.152679 0.00505957 -0.00286997 0.999983 -0.961084
0 2 197 0.999947 0.00620645 -0.00816146 -0.247259 -0.00615658 0.999962 0.00612102 -0.103629 0.00819914 -0.00607045 0.999948 0.963392
0 3 102 0.999877 0.0157106 6.39983e-05 -0.223606 -0.0157106 0.999845 0.00790175 -0.087886 6.0153e-05 -0.00790178 0.999969 0.970709
0 4 189 0.999918 0.0124928 0.00286852 -0.281438 -0.012522 0.999868 0.0103919 -0.122488 -0.00273832 -0.0104269 0.999942 0.95173
0 5 190 0.999908 0.0130444 -0.00361186 -0.312855 -0.0130228 0.999898 0.00592148 -0.197116 0.00368873 -0.0058739 0.999976 0.929122
0 6 0 1 0 0 0 0 1 0 0 0 0 1 0
0 7 57 0.999883 0.0103194 0.0113329 -0.96922 -0.0101792 0.999872 -0.0123608 0.232007 -0.011459 0.012244 0.999859 -0.0823699
0 8 604 0.998971 0.0170774 -0.0420221 0.874542 -0.0175046 0.999799 -0.00981912 -0.172282 0.0418459 0.0105446 0.999068 0.453316
0 9 483 0.999918 -0.00507503 0.0117872 -0.870246 0.00530932 0.999787 -0.0199311 0.313842 -0.0116835 0.019992 0.999732 -0.379703
0 10 645 0.998656 0.00445978 -0.0516363 0.903482 -0.00570384 0.999696 -0.0239705 0.11593 0.0515137 0.0242328 0.998378 0.412651
0 11 53 0.99989 0.00326664 -0.0144724 0.828069 -0.00350484 0.999858 -0.016464 -0.113722 0.0144166 0.0165129 0.99976 -0.548972
0 12 68 0.999808 0.00189036 -0.0194878 0.992739 -0.00217658 0.99989 -0.0146767 -0.117357 0.0194579 0.0147163 0.999702 -0.0264109
0 13 596 0.996938 -0.0139043 0.0769521 -0.876987 0.017755 0.998612 -0.0495845 0.390556 -0.0761558 0.050799 0.995801 -0.279928
0 14 518 0.999941 -0.00191122 0.0106643 -0.964757 0.00211083 0.999822 -0.0187385 0.066617 -0.0106266 0.0187599 0.999768 -0.254571
15 16 144 0.999993 -0.00369157 0.000294498 -0.322077 0.00369188 0.999993 -0.00107641 -0.150272 -0.000290522 0.00107749 0.999999 0.934711
15 17 149 0.999935 -0.0111201 -0.00262511 0.319759 0.0111114 0.999933 -0.00333519 0.08964 0.00266202 0.0033058 0.999991 -0.943249
15 18 127 0.999865 -0.0147255 -0.00727511 0.485721 0.0147125 0.99989 -0.00183306 0.120312 0.00730131 0.00172578 0.999972 -0.865795
15 19 34 0.999858 -0.0122796 -0.011531 0.86029 0.0122681 0.999924 -0.00106538 0.265272 0.0115432 0.000923769 0.999933 -0.435352
15 20 291 0.999909 -0.0118391 -0.00649815 0.671023 0.0118763 0.999913 0.00572042 -0.108266 0.00642986 -0.00579707 0.999963 -0.733489
15 21 708 0.999488 -0.00873074 -0.0307703 0.956086 0.00840365 0.999907 -0.0107433 0.0488158 0.0308613 0.0104792 0.999469 -0.288992
15 22 76 0.999961 -0.0048066 -0.00736486 0.731203 0.00473965 0.999948 -0.00908139 0.17404 0.00740812 0.00904613 0.999932 -0.659585
15 23 640 0.999169 0.00307398 -0.0406312 0.988726 -0.00375567 0.999853 -0.0167117 0.0284214 0.0405739 0.0168504 0.999034 0.147015
15 24 33 0.999876 -0.00317049 -0.0154512 -0.0618527 0.00281778 0.999736 -0.0227961 0.0495051 0.0155194 0.0227497 0.999621 -0.996857
15 25 449 0.998215 0.000554632 -0.0597201 0.962671 -0.00292161 0.999213 -0.0395546 0.202999 0.0596512 0.0396584 0.997431 -0.179043
15 26 454 0.998886 0.00541522 -0.0468828 0.94001 -0.00725419 0.999207 -0.0391441 0.284623 0.0466336 0.0394406 0.998133 -0.188071
15 27 98 0.999288 0.0128499 -0.0354606 0.925484 -0.0139898 0.999387 -0.032086 0.186524 0.0350266 0.0325592 0.998856 -0.329679
15 28 426 0.998753 0.0171963 -0.0468711 0.931009 -0.0185527 0.999417 -0.028659 0.123981 0.046351 0.0294928 0.99849 -0.343294
15 29 325 0.998254 0.029674 -0.0510802 0.721073 -0.0310509 0.99917 -0.0263749 0.0626789 0.0502551 0.0279149 0.998346 -0.690018
30 31 100 0.99986 0.0147182 0.00800684 0.360499 -0.0147596 0.999878 0.00513633 0.033202 -0.00793026 -0.00525379 0.999955 -0.932169
30 32 21 0.999867 0.0142056 0.00795963 0.264098 -0.0142463 0.999886 0.00508024 -0.215685 -0.00788655 -0.00519296 0.999955 -0.94007
30 33 99 0.999974 0.00641502 -0.00330025 -0.373951 -0.00641062 0.999979 0.00134144 -0.0345842 0.00330878 -0.00132025 0.999994 0.926803
30 34 91 0.999931 0.00674568 -0.00965919 -0.423244 -0.00673244 0.999976 0.00140274 -0.0629276 0.00966843 -0.00133761 0.999952 0.903828
30 35 118 0.999949 0.00217477 -0.00985231 -0.378482 -0.00213433 0.999989 0.00411329 -0.267058 0.00986115 -0.00409205 0.999943 0.886246
30 36 96 0.999893 -0.00158865 -0.0145212 -0.399834 0.00160531 0.999998 0.0011357 -0.1752 0.0145193 -0.00115889 0.999894 0.899687
30 37 101 0.999614 -0.00429307 -0.0274362 -0.276494 0.00431269 0.99999 0.000656034 0.171312 0.0274331 -0.000774105 0.999623 0.945623
30 38 77 0.999693 0.013061 -0.0210491 0.718966 -0.0129304 0.999896 0.0063286 0.17333 0.0211296 -0.00605449 0.999758 -0.673086
30 39 44 0.999662 0.0189279 -0.017807 0.729302 -0.0187276 0.99976 0.0113501 0.0385929 0.0180175 -0.0110128 0.999777 -0.683103
30 40 57 0.999501 0.0214277 -0.023197 0.837637 -0.0211626 0.999709 0.0116151 0.188088 0.0234392 -0.0111184 0.999663 -0.512823
30 41 40 0.999611 0.00866414 -0.0265025 0.512518 -0.00817021 0.999792 0.0186888 -0.17812 0.0266589 -0.018465 0.999474 0.839999
30 42 130 0.99891 0.0028193 -0.0466019 0.97471 -0.00196886 0.999831 0.0182848 0.074882 0.0466456 -0.0181731 0.998746 -0.210554
30 43 76 0.999508 0.00188644 -0.0313103 -0.556822 -0.00140394 0.99988 0.0154249 -0.220017 0.0313356 -0.0153733 0.999391 0.800963
30 44 70 0.998626 0.0412311 -0.0323532 -0.375723 -0.0406835 0.99902 0.0174041 -0.229631 0.0330391 -0.0160639 0.999325 0.897832
45 46 14 0.999939 0.00453962 0.010026 -0.881094 -0.00455908 0.999988 0.00191873 -0.0219844 -0.0100171 -0.00196433 0.999948 0.47243
45 47 23 0.999918 0.00659377 0.0110187 -0.743883 -0.0065782 0.999977 -0.00144855 -0.0676623 -0.011028 0.00137595 0.999938 0.664876
45 48 61 0.999984 0.00336241 -0.00465645 -0.363471 -0.00338545 0.999982 -0.00495071 -0.16081 0.00463972 0.00496639 0.999977 0.917622
45 49 106 0.999813 0.00744699 -0.0178682 0.421826 -0.00733966 0.999955 0.00606454 -0.0722326 0.0179126 -0.00593226 0.999822 -0.903795
45 50 294 0.999047 0.0149598 -0.0410036 0.991497 -0.0143648 0.999788 0.0147666 -0.0958177 0.0412158 -0.0141635 0.99905 0.0880447
45 51 90 0.999127 0.0395009 -0.013626 -0.385413 -0.0395459 0.999213 -0.00304393 -0.28737 0.013495 0.00358012 0.999903 0.876855
45 52 178 0.997984 0.0262358 -0.0577878 0.943849 -0.0274552 0.999415 -0.0204094 0.0472986 0.0572185 0.0219548 0.99812 0.326974
45 53 66 0.99868 0.0329052 -0.0394478 0.424281 -0.0336438 0.999268 -0.0182065 0.180486 0.0388198 0.0195096 0.999056 -0.887362
45 54 208 0.996794 0.0584115 -0.0546875 0.998705 -0.0588208 0.998251 -0.00590451 0.0478635 0.054247 0.00910234 0.998486 0.0172299
45 55 208 0.997053 0.0584807 -0.0496523 0.995724 -0.0582062 0.99828 0.00695902 -0.0204104 0.0499739 -0.00404844 0.998742 0.0900915
45 56 193 0.995726 0.05625 -0.0732526 0.999995 -0.0553953 0.998371 0.0136488 0.00314697 0.073901 -0.00953261 0.99722 0.000479275
45 57 120 0.996589 0.052472 -0.0636935 0.990806 -0.0516685 0.998563 0.014198 -0.0231486 0.064347 -0.0108586 0.997869 0.133298
45 58 65 0.998048 0.0517651 -0.034932 0.998721 -0.0515303 0.998643 0.0075896 0.031034 0.0352774 -0.00577474 0.999361 -0.0399231
45 59 174 0.996232 0.0509047 -0.0702157 0.999593 -0.0507037 0.998703 0.00464246 0.0144154 0.070361 -0.00106477 0.997521 -0.0246291
60 61 18 0.999974 0.00616339 0.00381026 -0.52333 -0.00618423 0.999966 0.00548272 -0.502042 -0.00377634 -0.00550614 0.999978 0.688534
60 62 0 1 0 0 0 0 1 0 0 0 0 1 0
60 63 64 0.999997 -0.00247696 -0.000229749 0.438722 0.00247669 0.999996 -0.00114868 0.227595 0.000232593 0.00114811 0.999999 -0.869323
60 64 513 0.999634 -0.0030681 -0.0268618 0.994407 0.0030764 0.999995 0.000267638 -0.105463 0.0268609 -0.000350178 0.999639 -0.0056677
60 65 68 0.99995 -0.00994227 -0.000843257 0.406359 0.00993942 0.999945 -0.00332479 -0.0226927 0.000876267 0.00331624 0.999994 0.913432
60 66 414 0.999661 -0.00800703 -0.0247926 0.996343 0.00771577 0.9999 -0.0118216 0.0634469 0.0248848 0.0116263 0.999623 -0.05723
60 67 70 0.999868 -0.0134136 -0.00919495 0.970804 0.0133126 0.999851 -0.0109554 0.156279 0.00934053 0.0108315 0.999898 -0.18198
60 68 119 0.999639 -0.0137501 -0.0231016 0.956356 0.013485 0.999842 -0.0115941 -0.029442 0.0232573 0.0112784 0.999666 -0.290716
60 69 56 0.999932 -0.011503 -0.0019942 0.838865 0.0114762 0.99985 -0.0129561 0.0971371 0.00214294 0.0129323 0.999914 0.535602
60 70 110 0.999565 -0.0104628 -0.0275892 0.944154 0.0100844 0.999854 -0.0138167 0.1694 0.0277297 0.0135324 0.999524 -0.282624
60 71 368 0.998494 -0.00679223 -0.0544384 0.992971 0.0064464 0.999958 -0.00652571 -0.0611073 0.0544804 0.00616495 0.998496 0.10136
60 72 350 0.9984 -0.00185961 -0.0565235 0.995923 0.00131971 0.999953 -0.00958761 0.0304917 0.0565387 0.00949767 0.998355 -0.0848934
60 73 310 0.998873 -0.00303198 -0.0473614 0.976097 0.00266963 0.999967 -0.00771213 -0.00066903 0.0473832 0.007577 0.998848 -0.217333
60 74 74 0.999275 -0.000265429 -0.0380606 0.934884 -0.000115038 0.99995 -0.00999382 0.136965 0.0380613 0.00999096 0.999225 -0.327463
75 76 19 0.999996 0.00203123 0.00188364 0.502049 -0.00203294 0.999998 0.000902137 0.249946 -0.0018818 -0.000905963 0.999998 -0.827933
75 77 0 1 0 0 0 0 1 0 0 0 0 1 0
75 78 185 0.999937 0.00180856 0.0110825 -0.984673 -0.00181364 0.999998 0.000448612 -0.069951 -0.0110817 -0.000468683 0.999938 -0.159769
75 79 176 0.999665 0.0137197 -0.0219675 0.992507 -0.0138767 0.999879 -0.00700871 0.0875642 0.0218687 0.00731119 0.999734 0.0852147
75 80 61 0.999755 0.0196117 -0.0102709 0.604897 -0.0197174 0.999753 -0.0102928 0.205132 0.0100665 0.0104928 0.999894 -0.769429
75 81 314 0.99875 0.0257378 -0.0428528 0.966877 -0.0263066 0.999572 -0.0127622 -0.00795635 0.042506 0.0138736 0.999 -0.255117
75 82 334 0.998656 0.0202002 -0.0477238 0.923627 -0.0210079 0.999643 -0.0164857 0.207905 0.0473737 0.0174661 0.998725 -0.322007
75 83 113 0.999141 0.0235308 -0.0341111 0.834213 -0.0239119 0.999656 -0.0108072 0.094999 0.0338451 0.0116136 0.99936 -0.543197
75 84 63 0.99928 0.0319525 -0.0204805 -0.0129541 -0.0320797 0.999468 -0.00591056 -0.0895655 0.0202807 0.00656331 0.999773 -0.995897
75 85 65 0.999153 0.0360017 -0.0199331 0.315807 -0.0359943 0.999352 0.000728616 -0.193323 0.0199464 -1.05191e-05 0.999801 0.92892
75 86 56 0.999054 0.0373577 -0.0222703 -0.314694 -0.0367162 0.998918 0.0285487 -0.221152 0.0233127 -0.027704 0.999344 -0.923071
75 87 145 0.998252 0.0497068 -0.0319719 0.958899 -0.0488681 0.998454 0.0265014 0.272193 0.0332398 -0.0248926 0.999137 -0.0801486
75 88 98 0.998664 0.043476 -0.0279337 0.693503 -0.0425269 0.998526 0.0337204 0.0816183 0.0293585 -0.0324874 0.999041 -0.715816
75 89 76 0.99924 0.0349143 -0.0173157 -0.36796 -0.0343477 0.998897 0.0320096 0.187102 0.0184142 -0.0313905 0.999338 -0.910823
90 91 135 0.999921 -0.00141216 -0.0125273 0.559238 0.00154696 0.999941 0.0107576 -0.827348 0.0125114 -0.0107761 0.999864 -0.0524266
90 92 202 0.994982 -0.0198477 -0.0980663 0.795664 0.0136755 0.997906 -0.0632158 0.569076 0.0991157 0.0615575 0.99317 -0.207537
90 93 236 0.998128 -0.0106938 -0.0602222 0.888552 0.00993189 0.999867 -0.0129364 0.369361 0.0603526 0.0123141 0.998101 -0.272117
90 94 52 0.999817 -0.00801248 -0.0173621 0.372896 0.00809419 0.999956 0.00464117 -0.0112126 0.0173242 -0.00478085 0.999838 0.927805
90 95 80 0.999575 -0.0184411 -0.0225816 -0.308025 0.0186169 0.999798 0.00759648 -0.171454 0.022437 -0.00801365 0.999716 -0.935801
90 96 56 0.999249 -0.00956777 -0.0375572 0.956342 0.00942673 0.999948 -0.00393071 0.186071 0.0375928 0.00357372 0.999287 -0.225363
90 97 117 0.999173 -0.0181202 -0.036388 -0.0648657 0.0181005 0.999836 -0.000871428 -0.205761 0.0363978 0.000212067 0.999337 -0.97645
90 98 32 0.999595 -0.00639371 -0.0277432 0.135564 0.00628549 0.999972 -0.0039864 0.305406 0.0277679 0.00381041 0.999607 0.942523
90 99 130 0.998107 0.00153492 -0.0614868 0.926227 -0.00154182 0.999999 -6.47462e-05 -0.12443 0.0614866 0.000159425 0.998108 -0.355838
90 100 34 0.998836 -0.0203093 -0.0437616 0.236567 0.0200289 0.999776 -0.00683685 0.165472 0.0438906 0.00595239 0.999019 0.957421
90 101 54 0.998973 -0.00718342 -0.0447257 0.157362 0.00714169 0.999974 -0.0010929 -0.0792743 0.0447324 0.000772356 0.998999 -0.984354
90 102 151 0.995475 0.0607869 0.0730438 -0.309432 -0.0414742 0.969494 -0.241582 0.807938 -0.0855005 0.237459 0.967627 0.501485
90 103 42 0.999222 0.0150503 -0.0364527 0.743875 -0.0151061 0.999885 -0.0012568 -0.0632321 0.0364296 0.00180648 0.999335 -0.665321
90 104 122 0.99196 0.0753464 0.101679 -0.355551 -0.0425994 0.955362 -0.292352 0.768384 -0.119168 0.28567 0.95089 0.532137
105 106 13 0.999966 0.00824027 3.65663e-05 -0.118106 -0.00824012 0.999961 -0.00302412 -0.244191 -6.14845e-05 0.00302372 0.999995 0.962508
105 107 109 0.999799 0.0174935 0.00975286 -0.644149 -0.0174218 0.999821 -0.00739454 0.418714 -0.00988047 0.00722314 0.999925 -0.640118
105 108 58 0.999459 0.03193 0.00787841 0.293409 -0.031842 0.999432 -0.0110461 -0.246493 -0.00822664 0.0107893 0.999908 0.923662
105 109 31 0.999187 0.0396773 -0.0071909 0.965908 -0.0397889 0.999078 -0.0161112 -0.0707458 0.00654502 0.0163842 0.999844 -0.249031
105 110 79 0.998284 0.0542171 -0.0221121 0.858962 -0.0545518 0.998401 -0.0148288 -0.0872611 0.0212727 0.0160096 0.999646 -0.504549
105 111 44 0.999369 0.0352309 0.00461244 0.328158 -0.0351308 0.999178 -0.0202309 0.321925 -0.0053214 0.0200561 0.999785 -0.888075
105 112 63 0.998361 0.0571661 -0.00278484 -0.852611 -0.0571885 0.998325 -0.00877555 -0.094899 0.00227852 0.00892043 0.999958 0.513856
105 113 80 0.998243 0.0556933 -0.0202113 0.875012 -0.0559018 0.998387 -0.00989983 0.0574845 0.0196273 0.0110123 0.999747 -0.480676
105 114 69 0.997506 0.0601698 -0.0369086 0.994852 -0.0603998 0.998161 -0.00514705 0.0619792 0.036531 0.00736348 0.999305 -0.0801712
105 115 43 0.99832 0.0549227 -0.0184743 0.994646 -0.0550597 0.998459 -0.00699461 -0.0773602 0.0180617 0.00800005 0.999805 -0.068524
105 116 28 0.999598 -0.0256385 0.0121014 0.338988 0.0258056 0.999571 -0.0138616 -0.350685 -0.0117409 0.0141683 0.999831 0.872988
105 117 20 0.997825 0.0614024 0.0239837 -0.136787 -0.0598874 0.996432 -0.0594649 0.0563322 -0.0275494 0.0578993 0.997942 0.988997
105 118 57 0.994257 0.0738047 -0.0774934 0.986131 -0.0791595 0.994508 -0.0684636 -0.0500116 0.0720149 0.0742048 0.994639 0.158252
105 119 56 0.990808 0.069443 -0.116089 0.977551 -0.0756204 0.995898 -0.0496781 -0.209049 0.112163 0.0580002 0.991996 0.026317
120 121 0 1 0 0 0 0 1 0 0 0 0 1 0
120 122 0 1 0 0 0 0 1 0 0 0 0 1 0
120 123 116 0.999848 0.0145329 -0.00961715 0.772763 -0.0146372 0.999834 -0.0108605 0.631486 0.00945772 0.0109996 0.999895 0.0637405
120 124 17 0.999127 0.014558 0.0391491 -0.85176 -0.0156126 0.99952 0.0267667 -0.0743911 -0.0387406 -0.0273545 0.998875 0.518624
120 125 79 0.999876 -0.00685828 0.014201 0.463196 0.00619154 0.9989 0.0464732 -0.276913 -0.0145041 -0.0463795 0.998819 0.841884
120 126 93 0.998561 -0.0134563 0.0519027 -0.686484 0.011687 0.999345 0.0342421 0.204349 -0.0523295 -0.0335862 0.998065 0.69784
120 127 58 0.998877 -0.0445325 -0.0161611 0.705129 0.0450808 0.998359 0.0353215 -0.0086971 0.0145616 -0.0360104 0.999245 0.709026
120 128 86 0.999026 -0.0430018 -0.00989713 0.635073 0.043374 0.998213 0.0410996 -0.163185 0.00811209 -0.0414889 0.999106 0.755018
120 129 121 0.999078 -0.0405175 -0.0141669 0.760909 0.0410568 0.998351 0.0401082 -0.145171 0.0125184 -0.0406529 0.999095 0.632411
120 130 79 0.999113 -0.0420443 -0.00219917 0.764649 0.0420995 0.998245 0.041649 -0.203692 0.000444211 -0.0417046 0.99913 0.611409
120 131 90 0.997773 -0.0663862 -0.00647147 0.446089 0.0666562 0.99595 0.0603374 -0.251985 0.0024397 -0.0606344 0.998157 0.858783
120 132 74 0.997124 -0.0532659 -0.0539173 0.781912 0.0562274 0.996903 0.0549871 -0.117202 0.0508214 -0.0578606 0.99703 0.612272
120 133 62 0.997432 -0.0604649 -0.0383734 0.527675 0.0626293 0.996352 0.0579613 -0.119367 0.0347288 -0.0602158 0.997581 0.841017
120 134 88 0.997037 -0.0570279 -0.0516149 0.540506 0.0603781 0.996 0.0658603 -0.140898 0.0476526 -0.0687816 0.996493 0.829458
135 136 92 0.999804 0.00255167 -0.019653 0.793663 -0.00251601 0.999995 0.00183855 -0.606818 0.0196576 -0.00178874 0.999805 0.0432457
135 137 240 0.99972 -0.00358776 -0.0233992 0.368598 0.00383857 0.999936 0.0106823 -0.905703 0.0233594 -0.0107692 0.999669 0.209373
135 138 22 0.999656 0.011923 -0.0233525 -0.0979521 -0.0123301 0.999773 -0.0173658 -0.0124991 0.0231402 0.0176478 0.999576 0.995113
135 139 0 1 0 0 0 0 1 0 0 0 0 1 0
135 140 31 0.999103 0.00788725 -0.041603 -0.0917893 -0.00916645 0.999488 -0.030647 -0.0561584 0.0413399 0.0310009 0.998664 -0.994194
135 141 18 0.998857 0.0104152 -0.0466597 0.513405 -0.0119793 0.999371 -0.0333692 0.0155897 0.0462828 0.0338899 0.998353 -0.858005
135 142 43 0.998355 0.0122053 -0.0560234 0.590192 -0.0140107 0.999391 -0.0319466 0.0509339 0.0555994 0.0326789 0.997918 -0.805654
135 143 135 0.986375 0.00444591 -0.164452 0.927724 -0.0162468 0.997381 -0.0704838 0.357832 0.163708 0.0721953 0.983864 -0.106231
135 144 98 0.998613 0.0232141 -0.0472495 -0.907298 -0.02434 0.99943 -0.0233949 0.135844 0.0466794 0.0245126 0.998609 -0.39794
135 145 99 0.994144 0.0194815 -0.106289 0.963185 -0.0226106 0.999343 -0.0283147 0.222265 0.105667 0.0305521 0.993932 -0.151236
135 146 147 0.992143 0.028939 -0.121718 0.93784 -0.0334337 0.998826 -0.0350477 0.341002 0.120561 0.0388419 0.991946 0.0646109
135 147 96 0.997604 0.0454255 -0.0521816 -0.88225 -0.0459694 0.9989 -0.00927 0.131405 0.0517031 0.0116465 0.998595 -0.45207
135 148 82 0.997363 0.0417059 -0.0593871 -0.930436 -0.0424911 0.999025 -0.0120219 -0.0920565 0.0588278 0.0145137 0.998163 0.354704
135 149 145 0.999821 0.0162078 0.00979072 -0.964992 -0.0160516 0.999746 -0.0158297 -0.0677926 -0.0100448 0.0156697 0.999827 0.253366
150 151 0 1 0 0 0 0 1 0 0 0 0 1 0
150 152 24 0.999944 0.0105816 -0.000398651 0.396454 -0.0105804 0.99994 0.00289879 -0.406005 0.0004293 -0.00289441 0.999996 0.823398
150 153 49 0.999921 0.0116765 -0.00455014 0.612114 -0.0116808 0.999931 -0.000920303 -0.175929 0.00453908 0.00097338 0.999989 0.770951
150 154 119 0.999882 0.0147116 -0.00446477 0.358576 -0.0147039 0.99989 0.00176621 -0.225244 0.00449026 -0.00170036 0.999988 0.905918
150 155 111 0.999716 0.000662872 -0.0238283 0.908253 -0.000926182 0.999939 -0.011041 0.080921 0.0238196 0.0110599 0.999655 0.410522
150 156 329 0.999867 0.0146722 -0.00717167 -0.116525 -0.014726 0.999863 -0.00750723 -0.148213 0.00706054 0.00761184 0.999946 0.982067
150 157 399 0.999944 -0.01056 0.000642675 -0.668443 0.0105682 0.999839 -0.014505 -0.149779 -0.0004894 0.014511 0.999895 0.728526
150 158 72 0.999594 0.00770529 -0.0274339 0.88927 -0.00802994 0.999899 -0.0117435 -0.025606 0.0273406 0.011959 0.999555 0.456666
150 159 314 0.999888 0.00608839 -0.0136817 -0.631137 -0.0063295 0.999824 -0.0176489 -0.0851476 0.0135719 0.0177335 0.999751 0.770984
150 160 214 0.999789 -0.00127875 -0.0204814 -0.550208 0.000777149 0.9997 -0.02448 -0.0261623 0.0205065 0.0244589 0.99949 0.834618
150 161 68 0.999268 0.000612022 -0.038238 0.792344 -0.00154055 0.999705 -0.0242582 0.0591376 0.0382119 0.0242994 0.998974 -0.607201
150 162 380 0.996616 0.0247945 -0.0783732 0.97322 -0.0259137 0.999576 -0.0132955 -0.00724818 0.0780103 0.0152814 0.996835 -0.229763
150 163 368 0.979449 0.0207781 -0.200617 0.99567 -0.0253141 0.999478 -0.0200709 0.00455867 0.200095 0.0247368 0.979464 -0.0928518
150 164 347 0.995271 0.0268091 -0.0933671 0.998213 -0.0285909 0.999433 -0.0177984 -0.0503005 0.092837 0.0203837 0.995473 -0.032272
165 166 41 0.999801 -0.00128391 -0.0199137 0.983906 0.00122575 0.999995 -0.00293261 0.122279 0.0199174 0.00290762 0.999797 -0.130295
165 167 469 0.999172 0.0107602 -0.0392493 0.972583 -0.0104587 0.999914 0.00787874 -0.134159 0.0393307 -0.00746172 0.999198 -0.189956
165 168 395 0.99423 -0.0110508 0.106698 -0.883578 0.00911142 0.999785 0.0186472 -0.179055 -0.106881 -0.0175674 0.994117 0.4327
165 169 359 0.999266 0.0177867 -0.0339313 0.940258 -0.017619 0.999831 0.00523552 -0.182094 0.0340187 -0.00463385 0.99941 -0.287674
165 170 88 0.99966 0.0231781 -0.0119258 0.999766 -0.0232325 0.99972 -0.00444528 -0.00250957 0.0118194 0.00472083 0.999919 0.021472
165 171 235 0.999206 0.0300041 -0.0262109 0.996038 -0.0301682 0.999527 -0.00588876 -0.0630096 0.0260218 0.00667482 0.999639 0.0627465
165 172 281 0.995842 0.0376288 -0.0829621 0.99776 -0.0385626 0.999209 -0.00968161 -0.00264857 0.0825322 0.0128406 0.996506 -0.0668447
165 173 72 0.999331 0.0365211 0.00201443 0.717017 -0.036516 0.99933 -0.00252546 0.0356591 -0.00210532 0.00245021 0.999995 -0.696143
165 174 244 0.995461 0.0469452 -0.0827815 0.967797 -0.0464498 0.998889 0.00790145 0.00184746 0.0830605 -0.0040204 0.996536 -0.251724
165 175 69 0.99928 0.0374949 -0.00576436 0.960477 -0.0374344 0.999246 0.0102645 0.0551376 0.00614488 -0.0100413 0.999931 -0.272844
165 176 204 0.998307 0.0320371 -0.0485499 0.990781 -0.0316704 0.999464 0.00830213 0.0127841 0.0487899 -0.00675047 0.998786 -0.134868
165 177 185 0.998143 0.0400174 -0.0459338 0.993879 -0.0397016 0.999181 0.0077673 -0.0141576 0.0462071 -0.00592922 0.998914 0.109565
165 178 80 0.999125 0.0418236 -0.000113542 0.949262 -0.0418222 0.999108 0.00579961 -0.114004 0.000356001 -0.00578979 0.999983 -0.293094
165 179 192 0.997892 0.0412674 -0.050095 0.952009 -0.0409013 0.999129 0.00831161 -0.0996332 0.0503943 -0.00624513 0.99871 -0.289399
180 181 110 0.999978 0.00648882 0.00110196 0.301736 -0.00648771 0.999978 -0.00100252 -0.0571921 -0.00110844 0.000995354 0.999999 0.951675
180 182 24 0.99995 0.00197463 -0.00977142 0.464384 -0.00195327 0.999996 0.00219546 0.283112 0.00977571 -0.00217627 0.99995 -0.839163
180 183 45 0.999998 0.000168068 -0.00190832 -0.307986 -0.000159375 0.99999 0.00455455 -0.240911 0.00190906 -0.00455424 0.999988 0.920384
180 184 276 0.999036 0.0124882 -0.042089 0.978892 -0.0122784 0.999911 0.00524026 -0.0377784 0.0421507 -0.00471842 0.9991 -0.200858
180 185 279 0.997253 0.0157086 -0.0723843 0.96743 -0.0162805 0.999841 -0.0073175 0.175381 0.0722578 0.00847586 0.99735 -0.182541
180 186 0 1 0 0 0 0 1 0 0 0 0 1 0
180 187 251 0.998802 0.00313913 -0.0488296 0.944177 -0.00368571 0.999932 -0.0111077 0.10545 0.0487914 0.0112744 0.998745 -0.312105
180 188 268 0.997275 0.0218833 -0.0704512 0.884636 -0.0211931 0.99972 0.0105293 -0.190016 0.0706619 -0.00900757 0.99746 -0.425809
180 189 265 0.99703 0.00979799 -0.0763859 0.946781 -0.0108037 0.99986 -0.0127642 0.158176 0.0762501 0.0135516 0.996997 -0.280331
180 190 79 0.999189 0.0124393 -0.0382991 0.832198 -0.0126957 0.999899 -0.00646023 0.123728 0.0382149 0.00694123 0.999245 -0.540497
180 191 119 0.998317 0.0198917 -0.054473 0.772556 -0.0200717 0.999795 -0.00276008 0.0148857 0.0544069 0.00384881 0.998511 -0.634772
180 192 232 0.99646 0.00772175 -0.0837075 0.924479 -0.00896178 0.999855 -0.0144482 0.206544 0.0835839 0.0151473 0.996386 -0.320435
180 193 201 0.997281 0.0215013 -0.0704917 0.878915 -0.0218518 0.999752 -0.00420515 0.103722 0.0703839 0.00573408 0.997504 -0.465564
180 194 75 0.99748 0.0171266 -0.0688556 0.835721 -0.0175716 0.999828 -0.00586152 0.0918892 0.0687434 0.00705665 0.997609 -0.541411
195 196 314 0.999667 -0.0042168 0.025476 -0.989645 0.00420844 0.999991 0.000381779 0.0132149 -0.0254773 -0.000274438 0.999675 -0.14293
195 197 51 0.999826 0.0169726 -0.00774567 0.434514 -0.0168985 0.999812 0.00953222 -0.203902 0.007906 -0.00939967 0.999925 -0.877281
195 198 32 0.999642 0.0264231 -0.00412165 -0.0237386 -0.0263732 0.999583 0.0117354 -0.0941911 0.00443001 -0.0116225 0.999923 -0.995271
195 199 222 0.998613 0.0338294 -0.0403529 0.979909 -0.0337549 0.999427 0.00252729 0.198838 0.0404153 -0.00116167 0.999182 0.0155445
195 200 175 0.998636 0.0386082 -0.0351582 0.978826 -0.0384598 0.999248 0.00488713 0.0636413 0.0353204 -0.00352828 0.99937 0.194548
195 201 51 0.999062 0.038435 -0.0199372 0.988348 -0.0385031 0.999254 -0.00303934 -0.151404 0.0198055 0.00380413 0.999797 -0.0156418
195 202 134 0.998093 0.0406034 -0.0464971 0.998242 -0.0414971 0.998969 -0.0184204 -0.0591896 0.0457012 0.0203148 0.998749 0.00318226
195 203 188 0.997576 0.0420749 -0.0554299 0.961749 -0.0435261 0.998733 -0.0252386 -0.0949079 0.0542977 0.0275901 0.998144 -0.256965
195 204 141 0.995339 0.0451502 -0.0852181 0.938051 -0.0475767 0.998512 -0.0266608 0.075269 0.0838875 0.0305909 0.996006 -0.338222
195 205 119 0.996265 0.0512236 -0.0695106 0.832022 -0.0520855 0.998586 -0.010643 0.0706761 0.0688671 0.0142238 0.997524 -0.550223
195 206 93 0.999484 0.0321097 -0.000151503 -0.722903 -0.0321101 0.999475 -0.004399 -0.164185 1.01723e-05 0.00440159 0.99999 0.671159
195 207 68 0.997592 0.0484717 -0.0496063 0.996568 -0.0485899 0.998818 -0.00117894 0.0521611 0.0494906 0.00358646 0.998768 -0.0642813
195 208 62 0.998212 0.0444347 -0.0399706 0.952581 -0.044763 0.998971 -0.00735359 0.0312936 0.0396027 0.00912965 0.999174 -0.302673
195 209 57 0.998518 0.0346597 -0.041969 0.866578 -0.0352073 0.999303 -0.0123794 -0.0550421 0.0415107 0.0138387 0.999042 -0.495997
210 211 112 0.999871 -0.00590136 -0.0149069 0.696092 0.00568484 0.999878 -0.0145256 0.58667 0.0149909 0.014439 0.999783 -0.413853
210 212 129 0.998539 -0.0183967 -0.0508161 0.667014 0.0161521 0.998891 -0.044234 0.712505 0.0515735 0.0433486 0.997728 -0.217784
210 213 137 0.999234 -0.0103005 -0.0377597 0.779052 0.00998285 0.999913 -0.0085908 0.560966 0.037845 0.00820726 0.99925 -0.279991
210 214 45 0.999869 -0.00725968 -0.0144978 -0.231504 0.00743214 0.999902 0.0118775 -0.211052 0.0144102 -0.0119837 0.999824 -0.949665
210 215 89 0.999237 -0.0207378 -0.0330882 0.662389 0.0208702 0.999775 0.00366204 0.151277 0.0330048 -0.0043498 0.999446 -0.733727
210 216 108 0.998113 -0.0110067 -0.0604107 0.920656 0.0112236 0.999932 0.00325189 0.216413 0.0603708 -0.00392378 0.998168 -0.324896
210 217 83 0.997674 -0.0187692 -0.0655266 0.918085 0.0188946 0.999821 0.00129351 0.239175 0.0654905 -0.00252859 0.99785 -0.316094
210 218 22 0.999385 -0.027562 -0.0216909 -0.712286 0.0278046 0.999553 0.0109592 -0.289211 0.0213791 -0.0115556 0.999705 0.639535
210 219 79 0.996578 -0.0121641 -0.0817605 0.963707 0.0123545 0.999922 0.00182288 0.182686 0.081732 -0.00282676 0.99665 -0.194668
210 220 54 0.997701 -0.0134392 -0.0664278 0.914836 0.013999 0.99987 0.00796883 0.213667 0.0663121 -0.00888043 0.997759 -0.342668
210 221 63 0.998571 -0.0162854 -0.0509082 0.845671 0.0169478 0.999777 0.0126073 0.188332 0.0506915 -0.013452 0.998624 -0.499371
210 222 61 0.99672 -0.00457823 -0.0807975 0.928574 0.00573423 0.999884 0.0140811 0.115678 0.0807237 -0.0144982 0.996631 -0.352659
210 223 62 0.993738 0.0018054 -0.111723 0.980228 -0.000169956 0.999893 0.0146462 0.087522 0.111737 -0.0145355 0.993631 -0.177464
210 224 41 0.999612 -0.0180756 -0.021208 0.306403 0.0186955 0.999393 0.0294081 -0.14639 0.0206636 -0.0297931 0.999342 0.940578
225 226 18 0.999994 -0.00191775 -0.00302576 0.11885 0.00193223 0.999987 0.00479029 -0.225748 0.00301653 -0.00479611 0.999984 0.966909
225 227 43 0.999973 0.00461619 -0.00577815 0.263802 -0.0045788 0.999969 0.00646761 -0.0930901 0.00580783 -0.00644097 0.999962 0.960074
225 228 96 0.999415 0.0107717 -0.0324464 0.944151 -0.0106786 0.999938 0.00304017 -0.0744129 0.0324772 -0.00269191 0.999469 0.321002
225 229 84 0.999316 0.0222653 -0.0295304 0.999412 -0.0222502 0.999752 0.000839994 0.0222751 0.0295417 -0.000182363 0.999564 -0.0260721
225 230 105 0.999069 0.0218518 -0.0371869 0.972848 -0.0215005 0.999721 0.00981981 0.0177237 0.0373911 -0.00901114 0.99926 -0.230765
225 231 11 0.99978 -0.0132121 0.0162999 -0.169177 0.0126961 0.999427 0.0313633 -0.145071 -0.016705 -0.0311494 0.999375 0.974851
225 232 14 0.999435 0.0305638 -0.0139584 -0.764927 -0.029799 0.9982 0.0520505 -0.206034 0.0155242 -0.0516052 0.998547 -0.610276
225 233 34 0.999755 0.00722878 -0.0209298 -0.277092 -0.00594072 0.998122 0.0609632 0.162334 0.0213312 -0.0608239 0.997921 -0.947031
225 234 68 0.995613 0.036011 -0.0863554 0.997126 -0.0303062 0.997327 0.0664871 0.075 0.0885188 -0.0635783 0.994043 0.0106976
225 235 30 0.999175 0.0344752 -0.0214856 0.795369 -0.0328701 0.996931 0.071047 0.00296687 0.0238691 -0.0702822 0.997242 0.606119
225 236 85 0.994594 0.0445053 -0.0938171 0.997292 -0.0379979 0.99682 0.0700434 0.0557863 0.0966361 -0.0660999 0.993122 0.0479292
225 237 74 0.995456 0.0404041 -0.0862285 0.987412 -0.0346462 0.997134 0.0672578 0.0480282 0.0886989 -0.0639647 0.994003 0.150701
225 238 74 0.999844 0.0113221 0.0135529 -0.293861 -0.0116317 0.999668 0.0229866 0.486476 -0.0132882 -0.0231407 0.999644 -0.822792
225 239 32 0.99989 0.00136906 0.0147918 -0.291466 -0.00210352 0.998759 0.0497525 0.157992 -0.0147053 -0.0497781 0.998652 -0.943444
240 241 64 0.999912 0.00151948 0.0131785 -0.936763 -0.00153383 0.999998 0.00107887 -0.0176065 -0.0131769 -0.00109899 0.999913 0.349522
240 242 413 0.999579 -0.00342187 0.0288164 -0.979547 0.00352077 0.999988 -0.00338183 0.0104233 -0.0288045 0.00348186 0.999579 0.200945
240 243 45 0.99993 -0.00210617 -0.0116442 0.943554 0.00209661 0.999997 -0.000832785 -0.213757 0.0116459 0.000808314 0.999932 -0.253011
240 244 17 0.999988 -0.00407916 -0.00262428 0.948517 0.0040554 0.999951 -0.00899948 -0.314948 0.00266087 0.00898873 0.999956 -0.0335228
240 245 134 0.999942 -0.0102237 0.00329933 -0.596 0.0102815 0.999785 -0.0180186 -0.050471 -0.00311441 0.0180515 0.999832 0.801397
240 246 100 0.999953 -0.00550391 -0.00794125 0.467314 0.0053603 0.999824 -0.0179935 0.13342 0.00803888 0.0179501 0.999807 -0.873966
240 247 95 0.999827 -0.00730552 -0.0171011 0.100746 0.00717178 0.999943 -0.00786852 -0.279903 0.0171576 0.00774451 0.999823 -0.954728
240 248 76 0.999948 0.00254255 -0.0098458 0.599613 -0.00259271 0.999984 -0.00508505 0.0561117 0.00983271 0.00511031 0.999939 0.79832
240 249 153 0.999762 0.00778968 -0.0203731 0.275866 -0.00785269 0.999965 -0.00301454 0.237886 0.0203489 0.00317381 0.999788 -0.931294
240 250 118 0.999511 -0.00161326 -0.0312269 0.566954 0.00187069 0.999964 0.00821616 -0.123866 0.0312126 -0.00827056 0.999479 -0.814383
240 251 195 0.999086 0.004274 -0.0425376 0.752392 -0.00372503 0.999909 0.0129765 0.0839815 0.0425891 -0.0128062 0.999011 -0.65334
240 252 159 0.999803 0.00652139 -0.0187566 -0.491239 -0.00616211 0.999798 0.0191495 0.199292 0.0188777 -0.0190301 0.999641 -0.847919
240 253 291 0.998367 0.0191708 -0.0538109 0.902394 -0.0175113 0.999362 0.0311423 -0.230603 0.0543735 -0.0301492 0.998065 -0.364015
240 254 247 0.999798 0.0200412 -0.00123475 -0.838968 -0.020018 0.999662 0.0165824 0.128762 0.00156666 -0.0165543 0.999862 -0.528728
255 256 138 0.999836 0.0180824 -0.0010389 0.259882 -0.0180877 0.999822 -0.0053965 0.875181 0.000941132 0.00541441 0.999985 0.408069
255 257 79 0.99969 0.0247565 -0.00270146 0.201092 -0.0247141 0.999586 0.0147283 0.122822 0.00306497 -0.014657 0.999888 -0.971842
255 258 0 1 0 0 0 0 1 0 0 0 0 1 0
255 259 41 0.998521 0.054292 0.00292664 0.264365 -0.0542868 0.998524 -0.00184709 0.0934157 -0.0030226 0.00168548 0.999994 -0.959888
255 260 38 0.998499 0.0543929 0.00642579 0.588686 -0.0543034 0.998435 -0.0133604 -0.196372 -0.00714244 0.0129914 0.99989 -0.784147
255 261 89 0.998232 0.0592365 0.00485186 0.402251 -0.0591498 0.998114 -0.0164136 0.0307863 -0.005815 0.0160976 0.999854 -0.915012
255 262 233 0.996426 0.072557 -0.0432566 0.90314 -0.0726893 0.997354 -0.00149197 -0.0520935 0.0430339 0.00463093 0.999063 -0.426173
255 263 149 0.997581 0.068516 -0.0117424 0.342259 -0.0685556 0.997643 -0.00300752 0.207445 0.0115087 0.00380526 0.999927 -0.91642
255 264 210 0.997761 0.0668629 -0.00180123 -0.602431 -0.0668484 0.997737 0.00718491 -0.240514 0.00227756 -0.00704841 0.999973 -0.761072
255 265 398 0.996738 0.0676841 -0.0439673 0.937858 -0.0676076 0.997707 0.00322672 0.0500398 0.0440849 -0.000243671 0.999028 -0.343392
255 266 256 0.997073 0.0675827 -0.0357616 0.551003 -0.0675012 0.997713 0.00348422 0.0383214 0.0359153 -0.00106007 0.999354 -0.833623
255 267 285 0.995511 0.0727991 -0.0604749 0.982007 -0.0736067 0.997224 -0.0112325 0.0663285 0.0594893 0.0156335 0.998107 0.176814
255 268 146 0.997307 0.0590464 -0.0435077 0.821331 -0.0595664 0.998166 -0.0107534 -0.15211 0.0427929 0.0133161 0.998995 -0.549798
255 269 134 0.997056 0.0572533 -0.0510039 0.990844 -0.058594 0.997964 -0.0251908 0.075693 0.0494578 0.0281051 0.998381 -0.111797
270 271 52 0.999996 0.00123773 -0.00265023 0.364401 -0.00123814 0.999999 -0.000150627 -0.275803 0.00265004 0.000153908 0.999996 0.889463
270 272 47 0.999922 0.00662615 -0.010618 0.356927 -0.00660884 0.999977 0.00166453 0.0944135 0.0106288 -0.00159423 0.999942 -0.929349
270 273 38 0.999777 0.00735624 -0.0198153 0.283238 -0.00734942 0.999973 0.000417178 0.0614961 0.0198179 -0.000271453 0.999804 -0.957076
270 274 223 0.999094 0.0108166 -0.041172 0.953743 -0.0108335 0.999941 -0.000188183 0.0208317 0.0411676 0.00063405 0.999152 -0.299902
270 275 378 0.998649 0.0132022 -0.0502646 0.895952 -0.0131156 0.999912 0.00205172 0.0858812 0.0502872 -0.0013897 0.998734 -0.435769
270 276 71 0.999086 0.00929341 -0.0417114 0.34604 -0.00937328 0.999955 -0.0017196 0.0175803 0.0416935 0.002109 0.999128 -0.938055
270 277 100 0.9987 0.0114715 -0.0496645 0.496206 -0.0116839 0.999924 -0.00398879 0.048102 0.049615 0.00456388 0.998758 -0.866871
270 278 304 0.996383 0.0241656 -0.0814629 0.846688 -0.0243856 0.999701 -0.00170635 0.209181 0.0813973 0.00368669 0.996675 -0.489247
270 279 63 0.997626 0.0205845 -0.0657209 0.366538 -0.020022 0.999757 0.00920566 -0.0798285 0.0658944 -0.00786794 0.997796 -0.926972
270 280 57 0.997098 0.0248727 -0.0719504 0.856387 -0.0244558 0.999679 0.00667005 0.128628 0.0720932 -0.00489109 0.997386 -0.500056
270 281 85 0.996286 0.0280514 -0.0814143 0.463543 -0.0275062 0.999591 0.00780986 0.186184 0.0816001 -0.00554145 0.99665 -0.866293
270 282 231 0.994473 0.0328167 -0.0997302 0.823979 -0.0321131 0.999447 0.00865333 0.160746 0.099959 -0.00540287 0.994977 -0.543341
270 283 347 0.996819 0.0282308 -0.074531 -0.681649 -0.0282255 0.999601 0.00112503 0.212212 0.0745331 0.000982226 0.997218 -0.700229
270 284 108 0.993051 0.0277676 -0.11436 0.834169 -0.0275598 0.999614 0.00339858 0.110095 0.11441 -0.000223235 0.993434 -0.540408
285 286 133 0.999987 -0.00475998 -0.00187648 0.105545 0.00475562 0.999986 -0.00232445 -0.154997 0.00188752 0.00231549 0.999996 0.982261
285 287 58 0.999854 -0.00230473 -0.0169379 0.613491 0.0022821 0.999996 -0.00135566 0.0255165 0.016941 0.00131681 0.999856 -0.789289
285 288 107 0.999841 0.00156155 -0.0177417 0.25757 -0.00141846 0.999966 0.00807513 0.169402 0.0177538 -0.00804868 0.99981 -0.951294
285 289 143 0.99962 0.00348422 -0.0273563 0.239534 -0.00293008 0.99979 0.0202706 0.132351 0.0274212 -0.0201827 0.99942 -0.961825
285 290 0 1 0 0 0 0 1 0 0 0 0 1 0
285 291 116 0.998795 0.0056763 -0.0487434 0.268438 -0.00408981 0.999461 0.0325859 0.23441 0.048902 -0.0323473 0.99828 -0.934341
285 292 352 0.99642 0.0235917 -0.0811874 0.870457 -0.0205544 0.999065 0.0380458 0.213604 0.082009 -0.0362408 0.995972 -0.443484
285 293 38 0.998786 0.0150354 -0.0469038 0.869426 -0.0129267 0.998906 0.0449406 -0.227526 0.0475282 -0.0442797 0.997888 0.438555
285 294 385 0.994452 0.0277402 -0.101463 0.91666 -0.0233771 0.998761 0.0439407 0.184657 0.102556 -0.041325 0.993868 -0.354453
285 295 326 0.99044 0.0424712 -0.131247 0.918025 -0.0396587 0.998926 0.0239706 0.389001 0.132124 -0.0185363 0.99106 -0.076862
285 296 117 0.996958 0.0341919 -0.0700341 -0.756628 -0.0306991 0.998259 0.0503555 0.0014661 0.0716339 -0.0480524 0.996273 -0.653844
285 297 311 0.988253 0.0564703 -0.14201 0.979598 -0.0485968 0.997115 0.0583154 0.00396646 0.144894 -0.0507292 0.988146 -0.200928
285 298 266 0.991222 0.0424292 -0.125214 0.872884 -0.0335198 0.996811 0.0724227 -0.40223 0.127887 -0.0675898 0.989483 -0.276195
285 299 246 0.988802 0.0665852 -0.133553 0.890404 -0.0601704 0.996858 0.0515108 0.126688 0.136563 -0.0428981 0.989702 -0.437185
300 301 23 0.999981 -0.00183389 -0.00580943 -0.491301 0.00186645 0.999983 0.00560501 -0.216481 0.00579905 -0.00561575 0.999967 0.843658
300 302 0 1 0 0 0 0 1 0 0 0 0 1 0
300 303 124 0.99993 0.000561923 -0.0117961 0.316248 -0.000428864 0.999936 0.0112795 -0.154816 0.0118017 -0.0112736 0.999867 0.935959
300 304 39 0.999878 0.00602678 -0.0144404 0.589867 -0.00584355 0.999902 0.0126972 -0.389184 0.0145155 -0.0126112 0.999815 0.707526
300 305 124 0.999722 0.0201379 -0.0122643 -0.371883 -0.0199345 0.999665 0.0164923 -0.345155 0.0125923 -0.0162432 0.999789 -0.861725
300 306 32 0.999385 0.0315671 -0.0152617 0.729817 -0.0315283 0.999499 0.00277432 0.177 0.0153417 -0.00229143 0.99988 0.660332
300 307 810 0.99918 0.039647 -0.00817893 -0.235245 -0.0394984 0.999065 0.0176018 -0.763117 0.00886914 -0.0172643 0.999812 -0.601923
300 308 313 0.999107 0.0420822 -0.0038322 -0.55504 -0.0420809 0.999114 0.000443821 -0.596348 0.00384748 -0.000282162 0.999993 -0.579914
300 309 713 0.998973 0.0443476 0.00931232 -0.777081 -0.0443914 0.999004 0.00455214 -0.617516 -0.00910117 -0.00496085 0.999946 -0.121737
300 310 149 0.999923 0.0100336 -0.00727744 -0.81245 -0.0102893 0.999299 -0.0359899 0.537073 0.00691124 0.036062 0.999326 -0.226888
300 311 297 0.999956 -0.00923926 0.0014087 -0.703585 0.00930632 0.998212 -0.0590392 0.710039 -0.000860703 0.0590498 0.998255 -0.0285215
300 312 224 0.999968 0.0029562 -0.00741107 -0.532433 -0.00327298 0.999065 -0.0431039 0.219485 0.00727672 0.0431268 0.999043 -0.817521
300 313 53 0.999778 0.0039013 -0.020708 0.867533 -0.00487393 0.998877 -0.0471282 0.177364 0.0205008 0.0472187 0.998674 -0.464682
300 314 351 0.999755 -0.0214577 0.00539324 -0.870759 0.0217706 0.997522 -0.0669008 0.473899 -0.00394434 0.0670019 0.997745 -0.131144
315 316 51 0.999991 -0.00342525 0.00244245 -0.119302 0.00342353 0.999994 0.00070468 -0.139042 -0.00244485 -0.000696312 0.999997 0.983074
315 317 63 0.999965 -0.00624509 0.00548159 -0.340016 0.00623444 0.999979 0.00195894 -0.240956 -0.0054937 -0.00192469 0.999983 0.909027
315 318 107 0.999933 -0.00475446 0.0105647 0.196447 0.00467495 0.999961 0.00753754 0.121019 -0.0106001 -0.00748765 0.999916 -0.973017
315 319 38 0.999925 -0.00145633 0.012144 0.00903199 0.0013239 0.99994 0.0109061 0.288285 -0.0121591 -0.0108892 0.999867 -0.957502
315 320 167 0.999861 -0.000443902 0.016691 0.331266 0.00021482 0.999906 0.0137241 0.210289 -0.0166956 -0.0137186 0.999767 -0.919805
315 321 41 0.999344 -0.000502884 0.0362018 -0.977383 -1.41022e-05 0.999898 0.014279 -0.0780351 -0.0362053 -0.0142701 0.999242 0.196555
315 322 50 0.999567 0.00630852 0.0287497 0.0353012 -0.00664561 0.99991 0.0116444 -0.00187046 -0.0286736 -0.0118304 0.999519 -0.999375
315 323 135 0.999623 0.00642416 0.0266886 0.343411 -0.00672569 0.999914 0.0112237 0.140842 -0.0266142 -0.011399 0.999581 -0.928565
315 324 89 0.999606 0.00806723 0.0268868 0.300446 -0.00843908 0.99987 0.0137454 0.0655421 -0.0267724 -0.0139669 0.999544 -0.951544
315 325 135 0.999636 0.0116463 0.0243177 0.174408 -0.0120413 0.999797 0.016162 0.234384 -0.0241245 -0.0164489 0.999574 -0.956371
315 326 188 0.999753 0.00947352 0.0201136 0.348018 -0.00984129 0.999785 0.0182649 0.179266 -0.0199362 -0.0184583 0.999631 -0.920189
315 327 33 0.999788 0.00914478 0.0184318 0.816447 -0.00952921 0.999737 0.0208783 -0.119678 -0.0182361 -0.0210495 0.999612 0.564882
315 328 834 0.999727 0.0182116 -0.0146505 0.919479 -0.0176753 0.999198 0.0359408 -0.213836 0.0152933 -0.0356721 0.999247 -0.329898
315 329 117 0.999779 0.0190342 0.00895826 -0.0171898 -0.0192889 0.999386 0.0292585 0.342391 -0.00839585 -0.0294249 0.999532 -0.9394
330 331 35 0.999975 0.000812877 -0.00704239 0.253643 -0.000812501 1 5.63261e-05 0.0778278 0.00704243 -5.06027e-05 0.999975 -0.964162
330 332 43 0.999959 0.00167604 -0.00893427 0.429299 -0.00168462 0.999998 -0.000952324 0.00851046 0.00893266 0.000967336 0.99996 0.903122
330 333 27 0.999818 4.68037e-05 -0.019061 0.781185 -2.54809e-05 0.999999 0.0011189 -0.118857 0.019061 -0.00111821 0.999818 -0.612881
330 334 0 1 0 0 0 0 1 0 0 0 0 1 0
330 335 118 0.999654 -0.00158083 -0.0262496 0.355839 0.00159877 0.999999 0.000662394 0.0752673 0.0262485 -0.000704132 0.999655 -0.931512
330 336 680 0.999729 0.0115425 -0.0202357 -0.0543146 -0.0111164 0.999717 0.0210404 -0.888474 0.0204728 -0.0208097 0.999574 -0.455701
