0 1 11 0.999981 -0.00152001 0.00605709 0.971354 0.00151883 0.999999 0.000198405 -0.197484 -0.00605738 -0.000189202 0.999982 0.132182
0 2 15 0.999876 0.0149978 -0.00489198 0.277705 -0.0149902 0.999886 0.00160036 0.302803 0.00491542 -0.00152683 0.999987 0.911697
0 3 0 1 0 0 0 0 1 0 0 0 0 1 0
0 4 224 0.999794 0.0126051 -0.0158825 0.866582 -0.0123088 0.999751 0.0186151 -0.398073 0.0161132 -0.0184157 0.999701 0.300954
0 5 35 0.999925 0.0117971 -0.0032887 -0.305378 -0.0117786 0.999915 0.00557364 -0.156258 0.00335417 -0.00553449 0.999979 0.939323
0 6 38 0.999889 0.0121908 0.00855133 -0.856414 -0.0121135 0.999886 -0.00903195 0.421306 -0.00866046 0.00892736 0.999923 -0.298423
0 7 21 0.999953 0.00971046 -1.51878e-05 -0.940693 -0.00971024 0.999917 -0.00848517 0.00552932 -6.72083e-05 0.00848491 0.999964 0.339214
0 8 40 0.99989 0.0061288 -0.0135386 0.984438 -0.00625357 0.999938 -0.00919296 -0.1753 0.0134814 0.00927661 0.999866 -0.0123443
0 9 24 0.999988 -0.00245107 -0.00425478 0.980064 0.00238504 0.999878 -0.0154543 -0.126046 0.00429214 0.015444 0.999872 -0.153581
0 10 34 0.999759 -0.00218222 -0.0218274 0.977833 0.00185254 0.999884 -0.0151131 -0.0377278 0.0218578 0.0150691 0.999648 0.205961
0 11 209 0.999217 0.00568334 -0.0391523 0.991509 -0.00621209 0.999891 -0.0133966 -0.0801556 0.0390719 0.0136293 0.999143 -0.102396
0 12 238 0.999315 0.00785543 -0.0361507 0.952439 -0.00812702 0.99994 -0.00737188 -0.249822 0.0360906 0.00766064 0.999319 -0.174497
0 13 48 0.999788 0.00526682 -0.019883 0.985361 -0.00564248 0.999806 -0.0188849 0.117694 0.0197797 0.0189931 0.999624 -0.123339
0 14 85 0.999527 0.00477109 -0.030386 0.992615 -0.00534268 0.99981 -0.0187577 0.0755376 0.0302908 0.0189112 0.999362 0.0949149
15 16 21 0.999944 -0.00698747 0.00789429 0.955774 0.00698713 0.999976 7.05463e-05 0.173363 -0.00789459 -1.5384e-05 0.999969 -0.237572
15 17 19 0.999927 -0.0114999 -0.00375642 0.660108 0.0114871 0.999928 -0.0034235 0.136123 0.00379552 0.0033801 0.999987 -0.738734
15 18 31 0.999869 -0.0141199 -0.00789133 0.468706 0.0141129 0.9999 -0.000943116 -0.0623935 0.00790386 0.000831623 0.999968 -0.881148
15 19 41 0.999903 -0.00887705 -0.0107648 0.777344 0.00887838 0.999961 7.56432e-05 0.126083 0.0107637 -0.00017121 0.999942 -0.616311
15 20 54 0.999831 -0.0153178 0.0101403 -0.710721 0.0153042 0.999882 0.00141719 0.210647 -0.0101608 -0.00126176 0.999948 -0.671196
15 21 122 0.999792 -0.0138922 -0.0149418 0.750915 0.0137302 0.999846 -0.0108966 0.144851 0.0150909 0.0106892 0.999829 -0.644317
15 22 311 0.99934 -1.78788e-05 -0.0363323 0.997709 -0.000235856 0.999976 -0.00697944 -0.0673286 0.0363315 0.0069834 0.999315 -0.00654556
15 23 76 0.999958 0.00471015 -0.0078464 0.431343 -0.00483573 0.999859 -0.016063 0.146385 0.00776964 0.0161002 0.99984 -0.890233
15 24 79 0.999647 0.00596306 -0.0258799 0.87227 -0.0068434 0.999396 -0.0340623 0.422427 0.0256611 0.0342274 0.999085 0.246375
15 25 126 0.999187 0.00097173 -0.0403082 0.965796 -0.00221383 0.999524 -0.0307819 0.0336237 0.0402591 0.0308461 0.998713 -0.257115
15 26 240 0.998405 0.00554816 -0.0561864 0.940331 -0.00798013 0.999037 -0.0431525 0.312702 0.0558929 0.043532 0.997487 -0.13415
15 27 203 0.999046 0.0119047 -0.0420271 0.850504 -0.0132151 0.999431 -0.0310406 0.148598 0.0416337 0.0315664 0.998634 -0.50454
15 28 66 0.999102 0.0181821 -0.0382808 0.861602 -0.0193295 0.999368 -0.0298192 0.189785 0.0377144 0.0305323 0.998822 -0.470769
15 29 111 0.996939 0.0270438 -0.0733526 0.890524 -0.029069 0.999221 -0.0266837 0.0879793 0.0725738 0.0287343 0.996949 -0.446349
30 31 11 0.999874 0.0108847 0.0115136 0.949772 -0.0109459 0.999926 0.00526559 0.260405 -0.0114555 -0.00539096 0.99992 -0.173557
30 32 24 0.99992 0.00983735 0.0080131 -0.480925 -0.00985567 0.999949 0.0022507 0.102709 -0.00799055 -0.00232949 0.999965 0.870725
30 33 15 0.999908 0.0120384 0.00631303 -0.933087 -0.0120663 0.999918 0.00439841 -0.230097 -0.00625956 -0.00447417 0.99997 0.276413
30 34 16 0.999978 0.00503 -0.00430722 -0.834392 -0.00501549 0.999982 0.00337279 -0.122809 0.00432411 -0.00335111 0.999985 0.537315
30 35 30 0.999992 0.000483531 -0.00407418 -0.755822 -0.000471612 0.999996 0.0029259 -0.0938281 0.00407558 -0.00292396 0.999987 0.648019
30 36 44 0.999995 0.000179039 -0.00321084 -0.859329 -0.000170109 0.999996 0.00278105 -0.156231 0.00321132 -0.00278049 0.999991 0.486976
30 37 62 0.999293 0.00324016 -0.0374607 0.91804 -0.00327297 0.999994 -0.000814606 0.184741 0.0374579 0.000936637 0.999298 -0.350817
30 38 38 0.999407 0.0159422 -0.0305151 0.908933 -0.0158463 0.999869 0.003383 0.372232 0.0305651 -0.00289744 0.999529 0.187839
30 39 26 0.999619 0.0221902 -0.0164378 0.890635 -0.0220283 0.999708 0.00996286 0.169961 0.0166541 -0.00959696 0.999815 -0.421762
30 40 27 0.999632 0.0196744 -0.0186558 0.152013 -0.019421 0.999718 0.013667 -0.0274971 0.0189194 -0.0132997 0.999733 -0.987996
30 41 18 0.999471 0.0099378 -0.0309801 0.861049 -0.00936139 0.999781 0.0186959 0.129028 0.0311591 -0.018396 0.999345 -0.49188
30 42 79 0.998669 0.0060076 -0.0512271 0.992895 -0.00518894 0.999857 0.0160991 0.118432 0.0513165 -0.0158119 0.998557 0.0115443
30 43 44 0.998862 0.00318438 -0.0475904 0.939563 -0.00250102 0.999893 0.0144118 0.145665 0.0476312 -0.0142764 0.998763 -0.309843
30 44 28 0.998724 0.00878177 -0.0497258 0.839121 -0.00760895 0.99969 0.023726 0.197651 0.0499187 -0.0233174 0.998481 -0.506764
45 46 38 0.999922 0.00929849 0.00828088 -0.155598 -0.00931935 0.999953 0.00248376 0.0602019 -0.0082574 -0.00256074 0.999963 0.985984
45 47 150 0.999195 0.0197371 0.0349353 -0.957163 -0.019796 0.999803 0.00134022 -0.289201 -0.034902 -0.00203073 0.999389 0.0142014
45 48 19 0.999998 0.00131087 0.00176026 -0.77356 -0.00130358 0.999991 -0.0041355 -0.175229 -0.00176566 0.0041332 0.99999 0.609015
45 49 37 0.999936 -0.00372022 -0.01066 0.208671 0.00375112 0.999989 0.00288031 0.336284 0.0106491 -0.00292011 0.999939 -0.918352
45 50 127 0.998854 0.0205138 -0.0432479 0.830818 -0.0200169 0.999729 0.0118895 -0.0897915 0.04348 -0.0110102 0.998994 0.549253
45 51 28 0.999762 0.0158579 -0.0149655 -0.210195 -0.0158302 0.999873 0.00197046 -0.328204 0.0149949 -0.00173308 0.999886 0.920923
45 52 60 0.999186 0.0399431 -0.00567604 -0.966451 -0.0400467 0.999008 -0.019489 -0.253267 0.00489196 0.0197005 0.999794 0.0427555
45 53 83 0.995661 0.0440733 -0.0819529 0.997976 -0.0454513 0.998854 -0.0150244 0.00800724 0.0811968 0.0186841 0.996523 -0.0630913
45 54 72 0.997785 0.053457 -0.0395985 0.974105 -0.0535502 0.998564 -0.00129484 -0.0367167 0.0394724 0.00341248 0.999215 -0.223096
45 55 64 0.997514 0.0591317 -0.038326 0.98209 -0.0589657 0.998245 0.00544931 0.0313937 0.038581 -0.00317585 0.99925 -0.185781
45 56 71 0.996143 0.0574945 -0.0662806 0.999949 -0.0566651 0.99829 0.0143276 -0.00976381 0.066991 -0.0105165 0.997698 -0.00271677
45 57 65 0.997218 0.0476946 -0.057279 0.997513 -0.0468797 0.99878 0.0154879 -0.00431541 0.0579479 -0.0127596 0.998238 0.0703436
45 58 75 0.996895 0.0520686 -0.0590625 0.991599 -0.05174 0.998635 0.00708099 0.0337536 0.0593506 -0.00400311 0.998229 0.124868
45 59 44 0.997521 0.0499928 -0.0495234 0.998144 -0.0497536 0.998743 0.00605167 0.0133077 0.0497637 -0.0035727 0.998755 0.0594232
60 61 0 1 0 0 0 0 1 0 0 0 0 1 0
60 62 21 0.999984 0.00231486 0.00523564 0.404191 -0.00232468 0.999996 0.00186938 -0.0549429 -0.00523129 -0.00188152 0.999985 0.913023
60 63 0 1 0 0 0 0 1 0 0 0 0 1 0
60 64 36 0.999941 -0.00885976 -0.00633045 0.784795 0.00885191 0.99996 -0.00126579 0.101947 0.00634141 0.00120968 0.999979 -0.611313
60 65 24 0.999949 -0.00977092 -0.00253009 0.998985 0.00975939 0.999942 -0.00452756 0.00516035 0.00257418 0.00450264 0.999987 -0.0447498
60 66 22 0.999905 -0.0132118 0.00390983 0.994511 0.0132471 0.99987 -0.00916045 -0.016503 -0.0037883 0.00921138 0.99995 0.103325
60 67 44 0.999869 -0.0126221 -0.0101083 0.822159 0.0125041 0.999854 -0.0116442 0.121265 0.0102538 0.0115163 0.999881 -0.556192
60 68 150 0.999563 -0.00614497 -0.0289056 0.955606 0.005635 0.999828 -0.0176911 0.145695 0.0290094 0.0175204 0.999426 0.256106
60 69 48 0.999852 -0.00680169 -0.0157749 0.895726 0.00653449 0.999835 -0.0169285 0.103329 0.0158875 0.0168229 0.999732 -0.432434
60 70 52 0.999663 -0.0111434 -0.0234367 0.841581 0.0108675 0.999871 -0.011866 0.105479 0.0235659 0.0116073 0.999655 -0.529732
60 71 172 0.999045 -0.00907014 -0.0427479 0.9933 0.0087569 0.999933 -0.00750913 0.0158454 0.0428131 0.00712762 0.999058 -0.114469
60 72 58 0.999582 -0.00862348 -0.0275949 0.861867 0.00837727 0.999924 -0.00902556 0.094725 0.0276707 0.00879062 0.999578 -0.498209
60 73 86 0.999175 -0.00282626 -0.0405129 0.971303 0.00241126 0.999944 -0.0102889 0.0310883 0.0405397 0.0101827 0.999126 -0.235807
60 74 105 0.99877 0.000683766 -0.0495884 0.932129 -0.00108683 0.999967 -0.00810165 0.0190752 0.0495812 0.00814557 0.998737 -0.361622
75 76 13 0.999985 0.00449824 0.0030965 -0.470071 -0.00449796 0.99999 -9.8908e-05 -0.0929513 -0.00309691 8.49786e-05 0.999995 0.877721
75 77 0 1 0 0 0 0 1 0 0 0 0 1 0
75 78 61 0.999956 0.0002521 0.00937217 -0.984542 -0.000249366 1 -0.000292892 0.0103429 -0.00937224 0.000290542 0.999956 -0.174842
75 79 21 0.999924 0.00853402 -0.00886381 0.783656 -0.00856699 0.999956 -0.00368847 0.0589095 0.00883195 0.00376412 0.999954 -0.618396
75 80 28 0.999761 0.0186789 -0.0113805 0.728621 -0.0187934 0.999773 -0.0100456 0.122435 0.0111903 0.010257 0.999885 -0.673885
75 81 40 0.999586 0.0199997 -0.0206758 0.722167 -0.0203073 0.999685 -0.0147722 0.102121 0.0203738 0.015186 0.999677 -0.684139
75 82 51 0.99932 0.0193418 -0.0313909 0.758085 -0.0197881 0.999707 -0.01397 0.185647 0.0311115 0.0145817 0.99941 -0.625173
75 83 122 0.998908 0.0249518 -0.0395022 0.928055 -0.0254407 0.999605 -0.0119223 0.128425 0.0391891 0.0129142 0.999148 -0.349602
75 84 127 0.99854 0.0325656 -0.0431041 0.777009 -0.0330707 0.999392 -0.0110564 0.174429 0.0427178 0.0124657 0.999009 -0.60484
75 85 30 0.998945 0.0409044 -0.0208582 0.244717 -0.0408071 0.999154 0.00506941 0.275367 0.0210479 -0.0042129 0.99977 0.92967
75 86 17 0.998752 0.0461181 -0.0191762 -0.189707 -0.04548 0.998437 0.0324805 -0.542638 0.0206442 -0.0315678 0.999288 -0.818264
75 87 103 0.998358 0.0460709 -0.0340497 0.867698 -0.0451044 0.998572 0.0286279 0.2044 0.03532 -0.0270451 0.99901 -0.453124
75 88 141 0.998384 0.0453805 -0.0342076 0.856762 -0.0442763 0.998495 0.0323742 0.148964 0.0356252 -0.0308073 0.99889 -0.493729
75 89 131 0.997008 0.0482156 -0.0604233 0.970396 -0.0468409 0.998615 0.0239661 0.189932 0.0614951 -0.0210641 0.997885 -0.149191
90 91 0 1 0 0 0 0 1 0 0 0 0 1 0
90 92 30 0.999727 -0.0139616 -0.018753 0.5753 0.0138479 0.999885 -0.00618043 0.449029 0.0188371 0.00591905 0.999805 -0.683669
90 93 20 0.999897 0.00223607 -0.0141602 0.453864 -0.00209442 0.999948 0.01001 0.0163467 0.0141818 -0.00997934 0.99985 -0.890921
90 94 83 0.999243 -0.00488592 -0.0386019 0.932038 0.00499927 0.999983 0.00284041 0.1523 0.0385874 -0.00303124 0.999251 -0.328802
90 95 22 0.999707 -0.0113374 -0.0213871 0.714098 0.0113636 0.999935 0.00110314 0.137454 0.0213732 -0.00134585 0.999771 -0.686419
90 96 64 0.998801 -0.0106221 -0.0477894 0.900827 0.0104257 0.999936 -0.00435749 0.104923 0.0478326 0.00385403 0.998848 -0.42131
90 97 87 0.998404 -0.00889361 -0.0557772 0.898782 0.00866393 0.999953 -0.00435822 0.0179981 0.0558134 0.00386801 0.998434 -0.438026
90 98 28 0.999755 -0.00303078 -0.0219448 0.537916 0.0028868 0.999974 -0.0065898 0.067595 0.0219642 0.00652483 0.999737 -0.840284
90 99 35 0.998986 -0.012136 -0.0433631 0.751077 0.0116741 0.999873 -0.0108874 0.118723 0.0434897 0.0103701 0.999 -0.649452
90 100 63 0.996633 -0.0119748 -0.0811081 0.9179 0.0112517 0.999893 -0.00936706 0.0942511 0.0812116 0.00842292 0.996661 -0.385455
90 101 28 0.999623 0.00437644 -0.0270914 0.630102 -0.00434906 0.99999 0.0010692 -0.0117265 0.0270958 -0.000950975 0.999632 -0.776424
90 102 36 0.998485 0.0018949 -0.0549946 0.845298 -0.00192892 0.999998 -0.00056558 -0.0276295 0.0549935 0.000670804 0.998486 -0.533581
90 103 43 0.99789 0.00824114 -0.0643985 0.925388 -0.00844175 0.99996 -0.00284367 -0.013274 0.0643725 0.00338131 0.99792 -0.378788
90 104 64 0.994076 0.0105572 -0.108173 0.956721 -0.011518 0.9999 -0.00826093 0.0139559 0.108075 0.00945793 0.994098 -0.290673
105 106 0 1 0 0 0 0 1 0 0 0 0 1 0
105 107 0 1 0 0 0 0 1 0 0 0 0 1 0
105 108 18 0.999581 0.0276666 -0.00854095 0.827659 -0.0277264 0.999591 -0.00696294 -0.0773732 0.00834482 0.00719683 0.999939 0.555873
105 109 72 0.998639 0.0432734 -0.0291253 0.989674 -0.0436201 0.998983 -0.0113761 -0.13405 0.0286034 0.0126311 0.999511 -0.0507557
105 110 41 0.998391 0.0530927 -0.0199217 0.903695 -0.0533928 0.998463 -0.0148491 -0.158817 0.0191027 0.0158888 0.999691 -0.397633
105 111 33 0.998237 0.0571011 -0.0161819 0.59337 -0.0573483 0.998238 -0.0152481 0.0974687 0.0152827 0.0161493 0.999753 -0.799007
105 112 32 0.997847 0.0589296 -0.0287862 0.952185 -0.0592151 0.998203 -0.00916813 0.00380911 0.0281942 0.010853 0.999544 -0.305498
105 113 71 0.996587 0.0661215 -0.049421 0.984718 -0.0665444 0.997759 -0.00696006 -0.020426 0.0488501 0.010225 0.998754 -0.172953
105 114 45 0.997579 0.0580681 -0.0382583 0.968964 -0.0582867 0.998289 -0.00462409 0.0242778 0.0379244 0.00684285 0.999257 -0.246005
105 115 18 0.999031 0.037772 0.0225738 -0.418555 -0.0374435 0.999189 -0.0147998 -0.193816 -0.0231146 0.0139402 0.999636 0.88727
105 116 0 1 0 0 0 0 1 0 0 0 0 1 0
105 117 18 -0.984003 0.165038 -0.0670832 -0.0770641 0.178072 0.922418 -0.342688 0.298969 0.00532206 -0.349152 -0.937051 0.951146
105 118 29 0.993887 0.0732206 -0.0826339 0.999904 -0.0793695 0.994113 -0.0737561 -0.000723332 0.0767469 0.0798638 0.993847 0.0138625
105 119 34 0.99673 0.0763804 -0.0263666 0.977844 -0.0781171 0.994288 -0.072729 -0.0161613 0.020661 0.0745509 0.997003 -0.208709
120 121 0 1 0 0 0 0 1 0 0 0 0 1 0
120 122 12 0.999884 0.00538919 0.0142476 0.480063 -0.00548644 0.999962 0.00679566 0.464857 -0.0142105 -0.00687304 0.999875 -0.74394
120 123 0 1 0 0 0 0 1 0 0 0 0 1 0
120 124 31 0.9997 -0.0022941 -0.0243919 0.53442 0.00503011 0.993616 0.112707 -0.814166 0.0239776 -0.112796 0.993329 0.226999
120 125 24 0.999903 0.00379679 0.0133932 0.528814 -0.00439454 0.998982 0.0448872 -0.295814 -0.0132092 -0.0449417 0.998902 0.795518
120 126 23 0.999835 -0.0181005 0.00178844 0.430702 0.0180002 0.998798 0.045602 -0.153669 -0.00261171 -0.0455623 0.998958 0.889315
120 127 34 0.9995 -0.0305077 -0.00827354 0.449979 0.0308402 0.998574 0.0435844 -0.236574 0.00693208 -0.0438178 0.999015 0.861134
120 128 25 0.999242 -0.0376746 -0.00976152 0.606153 0.038072 0.99829 0.0443535 -0.202569 0.00807382 -0.0446915 0.998968 0.769119
120 129 54 0.99879 -0.035502 0.0340354 -0.301682 0.0340372 0.998508 0.0426932 -0.10229 -0.0355003 -0.0414831 0.998508 0.947905
120 130 59 0.995608 -0.0655586 0.066838 -0.869893 0.0629567 0.997201 0.0403201 -0.161251 -0.0692942 -0.0359351 0.996949 0.466137
120 131 44 0.998904 -0.0466719 0.00342565 0.381604 0.0464641 0.99785 0.0462249 -0.102933 -0.00557569 -0.0460151 0.998925 0.918577
120 132 20 0.99806 -0.0598208 -0.0172567 0.44697 0.0606028 0.996956 0.0490574 -0.13189 0.0142695 -0.050008 0.998647 0.884773
120 133 36 0.995815 -0.0728051 -0.0552526 0.812611 0.0751195 0.99633 0.0410321 0.191419 0.0520625 -0.0450109 0.997629 0.550474
120 134 47 0.996971 -0.0586041 -0.0511386 0.502674 0.0619194 0.995906 0.0658521 -0.146604 0.04707 -0.0688191 0.996518 0.851954
135 136 0 1 0 0 0 0 1 0 0 0 0 1 0
135 137 19 0.99986 0.00691911 -0.0152496 0.390478 -0.00711613 0.999891 -0.0129038 -0.341801 0.0151587 0.0130105 0.9998 0.854809
135 138 11 0.999613 0.0133405 -0.0244012 0.468131 -0.013751 0.999765 -0.0167355 -0.343629 0.0241723 0.0170646 0.999562 0.814109
135 139 24 0.999365 0.0144962 -0.0325431 -0.435246 -0.0152057 0.99965 -0.0216611 0.248927 0.0322177 0.0221422 0.999236 -0.865214
135 140 26 0.998981 0.0111995 -0.043718 0.364811 -0.0122634 0.999633 -0.0241429 -0.375235 0.0434316 0.0246544 0.998752 0.852122
135 141 14 0.998221 0.0275874 -0.0528566 0.637206 -0.0287439 0.999361 -0.0212468 -0.442233 0.0522367 0.0227283 0.998376 0.631189
135 142 41 0.996514 -0.000394208 -0.0834288 0.897833 -0.00330665 0.999016 -0.0442167 0.325203 0.0833642 0.0443384 0.995532 -0.296882
135 143 12 0.99772 0.0320103 -0.0594094 -0.787219 -0.0333356 0.999214 -0.0214517 0.275571 0.0586761 0.0233832 0.998003 -0.551676
135 144 21 0.995033 0.0222317 -0.0970274 0.934012 -0.0246633 0.999409 -0.0239338 -0.0129704 0.096438 0.0262079 0.994994 -0.357005
135 145 25 0.995625 0.0227483 -0.0906279 0.963733 -0.0248434 0.999448 -0.022057 0.0875233 0.0900761 0.024212 0.995641 -0.252109
135 146 26 0.996738 0.0403379 -0.0699053 -0.980741 -0.0412012 0.999091 -0.0109524 0.0201936 0.0694 0.0137969 0.997494 -0.194266
135 147 27 0.997747 0.0305055 -0.0597508 -0.859684 -0.0313286 0.999426 -0.012887 -0.19283 0.0593233 0.0147299 0.99813 0.473033
135 148 10 0.995864 0.0535508 -0.0733977 0.920081 -0.0543742 0.998478 -0.00926456 -0.229493 0.0727898 0.0132172 0.99726 0.317464
135 149 20 0.993906 0.036584 -0.10398 0.99847 -0.0383399 0.999153 -0.0149386 -0.0237895 0.103346 0.0188341 0.994467 0.0499222
150 151 10 0.999977 0.00501916 0.00455605 -0.314479 -0.00504254 0.999974 0.00513461 -0.288994 -0.00453016 -0.00515747 0.999976 0.904205
150 152 45 0.999977 0.00666875 0.001286 0.264404 -0.00667109 0.999976 0.00182129 -0.254813 -0.00127383 -0.00182983 0.999998 0.93014
150 153 17 0.999968 0.00786689 -0.00136314 -0.505575 -0.00786765 0.999969 -0.000551467 0.0421846 0.00135876 0.000562174 0.999999 -0.861751
150 154 154 0.997564 0.00599495 -0.0694978 0.807531 -0.00395879 0.99956 0.029399 -0.406166 0.0696434 -0.0290522 0.997149 -0.427696
150 155 11 0.999999 0.00137938 -0.000299765 -0.497535 -0.00138147 0.999974 -0.00708925 -0.142812 0.000289979 0.00708966 0.999975 0.855607
150 156 138 0.999394 -0.0123769 0.0325473 -0.873816 0.0124594 0.99992 -0.00233413 -0.261496 -0.0325157 0.00273823 0.999467 0.409959
150 157 146 0.998365 0.00118501 -0.0571409 0.990411 -0.00223958 0.999828 -0.0183952 0.1167 0.0571093 0.0184931 0.998197 -0.0739421
150 158 26 0.999422 -0.00286799 -0.0338688 0.970263 0.00232969 0.999871 -0.0159224 0.0197034 0.0339101 0.0158343 0.999299 -0.241248
150 159 135 0.995836 0.02132 -0.0886317 0.988263 -0.0222121 0.999712 -0.00909135 -0.0488614 0.0884123 0.0110222 0.996023 -0.144735
150 160 127 0.998165 0.0123507 -0.0592841 0.996964 -0.0135912 0.999696 -0.0205685 0.0778626 0.059012 0.0213365 0.998029 0.00102635
150 161 26 0.999074 0.0205308 -0.0378047 0.936214 -0.0211301 0.999656 -0.0155242 0.0861973 0.037473 0.0163087 0.999165 0.340695
150 162 105 0.99738 0.00989565 -0.071663 0.988142 -0.0112685 0.99976 -0.0187778 0.00713356 0.0714599 0.0195361 0.997252 -0.153375
150 163 114 0.996096 0.0137707 -0.0871929 0.997915 -0.0156647 0.999655 -0.0210753 0.0247441 0.0868727 0.0223589 0.995968 -0.0596098
150 164 85 0.999912 0.00746757 -0.0109645 -0.783671 -0.0077266 0.999687 -0.0237759 -0.0841739 0.0107835 0.0238585 0.999657 0.615446
165 166 0 1 0 0 0 0 1 0 0 0 0 1 0
165 167 45 0.999966 -0.00754068 0.00325939 -0.733904 0.00752917 0.999965 0.0035292 -0.39571 -0.00328589 -0.00350454 0.999988 0.552086
165 168 22 0.999907 0.00845419 -0.0107106 0.761777 -0.008401 0.999952 0.00500186 -0.260101 0.0107523 -0.00491141 0.99993 0.593333
165 169 92 0.9984 0.0300654 -0.0478891 0.984753 -0.0295949 0.999507 0.0105048 -0.164409 0.0481813 -0.00907069 0.998797 -0.0568374
165 170 118 0.999043 0.0269122 -0.0344848 0.999798 -0.0270439 0.999629 -0.00335635 -0.017748 0.0343817 0.00428574 0.9994 0.00939966
165 171 95 0.998817 0.0262659 -0.0409279 0.996886 -0.0266189 0.999613 -0.00810434 -0.0117797 0.0406992 0.00918421 0.999129 -0.0779711
165 172 36 0.999436 0.0284148 -0.0179215 0.918468 -0.0285786 0.999552 -0.00894614 -0.0261561 0.0176593 0.00945326 0.999799 -0.394629
165 173 25 0.99963 0.0267865 0.0046241 0.650657 -0.0267564 0.999621 -0.00644273 0.0997096 -0.00479492 0.00631663 0.999969 -0.752797
165 174 40 0.99869 0.0440596 -0.0260011 0.995808 -0.0438833 0.99901 0.00731487 0.0528732 0.0262976 -0.00616428 0.999635 -0.0746411
165 175 37 0.999112 0.0358162 -0.0222057 0.993745 -0.0356486 0.999333 0.00790043 0.0683848 0.0224738 -0.00710182 0.999722 -0.0882888
165 176 37 0.999324 0.0367178 -0.00160166 0.988092 -0.0366913 0.999225 0.0142879 -0.0486972 0.00212504 -0.0142195 0.999897 0.145957
165 177 63 0.997 0.0314823 -0.070707 0.991647 -0.0314632 0.999504 0.00138388 0.0410295 0.0707155 0.000844939 0.997496 -0.12228
165 178 74 0.99775 0.0318102 -0.0590245 0.993735 -0.0319069 0.999491 -0.000696233 0.000718129 0.0589722 0.00257795 0.998256 -0.111755
165 179 54 0.99894 0.0251719 -0.03855 0.978435 -0.025374 0.999667 -0.0047639 0.0686512 0.0384172 0.00573702 0.999245 -0.194812
180 181 12 0.999997 0.0016221 -0.00201463 0.293979 -0.00162159 0.999999 0.000257642 0.194005 0.00201505 -0.000254375 0.999998 -0.935916
180 182 13 0.999931 0.00629334 -0.00995905 0.662452 -0.00625239 0.999972 0.00413749 0.00419873 0.00998481 -0.00407493 0.999942 -0.749093
180 183 17 0.999884 0.00302274 -0.0149228 0.787994 -0.00296338 0.999988 0.00399855 0.189531 0.0149347 -0.00395386 0.999881 -0.585784
180 184 37 0.999637 0.00672385 -0.0260863 0.915862 -0.00655261 0.999956 0.00664448 -0.192509 0.0261299 -0.00647113 0.999638 -0.352332
180 185 37 0.999825 0.00727321 -0.0172395 0.960532 -0.00725563 0.999973 0.0010825 0.278008 0.017247 -0.000957225 0.999851 -0.00951524
180 186 79 0.999108 0.00930889 -0.0411822 0.984606 -0.00929709 0.999957 0.000478191 -0.0578435 0.0411849 -9.489e-05 0.999152 -0.164941
180 187 100 0.998387 0.00948881 -0.0559814 0.986495 -0.0100676 0.999899 -0.0100657 0.0970163 0.0558802 0.0106131 0.998381 -0.131967
180 188 38 0.999151 0.0038292 -0.0410197 0.925954 -0.00419826 0.999951 -0.00891491 0.13605 0.0409835 0.00907955 0.999119 -0.352277
180 189 91 0.998618 0.0116717 -0.051235 0.920299 -0.0120157 0.999907 -0.00641141 0.134797 0.0511554 0.00701818 0.998666 -0.367261
180 190 100 0.997914 0.0155054 -0.0626654 0.949688 -0.01598 0.999847 -0.0070806 0.110167 0.0625461 0.00806722 0.998009 -0.293182
180 191 45 0.998557 0.0141716 -0.0517968 0.704182 -0.0145025 0.999877 -0.00601869 0.221516 0.0517051 0.00676118 0.99864 -0.67458
180 192 35 0.998239 0.0174223 -0.0567006 0.786916 -0.0175734 0.999843 -0.00216693 0.0846029 0.0566539 0.00315953 0.998389 -0.611233
180 193 77 0.997177 0.0227799 -0.0715524 0.881857 -0.0228917 0.999738 -0.000743138 0.0217664 0.0715167 0.002379 0.997437 -0.471015
180 194 80 0.996365 0.0220718 -0.0822774 0.925954 -0.022614 0.999728 -0.00566263 0.115464 0.0821301 0.00750266 0.996593 -0.359552
195 196 0 1 0 0 0 0 1 0 0 0 0 1 0
195 197 30 0.999827 0.00553078 -0.0177812 0.897733 -0.00553346 0.999985 -0.000101721 0.318487 0.0177803 0.000200095 0.999842 -0.304371
195 198 19 0.999969 0.00739564 0.00258777 -0.639081 -0.0074193 0.99993 0.00925652 -0.280945 -0.00251913 -0.00927543 0.999954 0.715993
195 199 96 0.998708 0.0318336 -0.0395994 0.991891 -0.0313221 0.999419 0.0134719 -0.0999524 0.0400053 -0.0122142 0.999125 -0.0784986
195 200 35 0.999038 0.0368154 -0.0238121 0.999116 -0.0366886 0.99931 0.00574096 0.0411016 0.0240071 -0.00486181 0.9997 -0.00884833
195 201 10 0.998951 0.0435367 -0.0141896 0.879294 -0.0435835 0.999045 -0.00300558 -0.0839803 0.0140452 0.00362086 0.999895 0.468817
195 202 22 0.998846 0.0398006 -0.0268718 0.954164 -0.0402495 0.999055 -0.0163773 -0.207518 0.0261946 0.01744 0.999505 -0.215656
195 203 42 0.998893 0.0333824 -0.0331349 0.920347 -0.034426 0.998913 -0.0314422 0.0678722 0.0320493 0.0325481 0.998956 -0.385169
195 204 45 0.997486 0.0391149 -0.0590865 0.866209 -0.0408194 0.998776 -0.0279204 0.100584 0.0579221 0.0302621 0.997862 -0.489453
195 205 40 0.997315 0.0412701 -0.0604947 0.924303 -0.0425836 0.998881 -0.020586 0.211847 0.0595774 0.0231068 0.997956 -0.317465
195 206 43 0.997635 0.0470461 -0.0501154 0.972907 -0.0472817 0.998875 -0.00352635 0.131019 0.0498932 0.00588755 0.998737 -0.190487
195 207 55 0.997319 0.0482349 -0.0550319 0.985481 -0.0483628 0.998829 -0.000994772 0.0361372 0.0549195 0.0036536 0.998484 -0.165898
195 208 36 0.99818 0.043526 -0.04174 0.964594 -0.0438252 0.999019 -0.00627934 0.0388317 0.0414258 0.00809718 0.999109 -0.260865
195 209 39 0.998187 0.0395226 -0.0453842 0.985843 -0.04008 0.999131 -0.0114362 0.0372603 0.0448927 0.0132345 0.998904 -0.163479
210 211 0 1 0 0 0 0 1 0 0 0 0 1 0
210 212 23 0.999975 0.00214761 0.00670699 -0.75683 -0.0021926 0.999975 0.00670889 -0.00723327 -0.00669241 -0.00672343 0.999955 -0.653571
210 213 17 0.999576 -0.0218482 -0.0192568 0.565332 0.0218781 0.99976 0.001346 0.282441 0.0192228 -0.00176674 0.999814 -0.775001
210 214 18 0.999969 -0.00210512 -0.00758056 -0.870013 0.00217536 0.999955 0.00926965 0.102536 0.0075607 -0.00928585 0.999928 -0.482248
210 215 14 0.999901 -0.00504957 -0.0131449 -0.85273 0.00521392 0.999908 0.0124987 0.0815644 0.0130806 -0.012566 0.999835 -0.515945
210 216 14 0.999471 -0.00935654 -0.0311552 0.848826 0.00973841 0.999879 0.0121277 0.138991 0.0310379 -0.0124247 0.999441 -0.510074
210 217 35 0.996904 -0.0139378 -0.0773842 0.953132 0.0140967 0.9999 0.00150684 0.2035 0.0773554 -0.00259304 0.997 -0.223889
210 218 42 0.997442 -0.00880537 -0.0709321 0.975871 0.0093559 0.999929 0.00743288 0.146476 0.0708616 -0.0080775 0.997453 -0.161926
210 219 41 0.995457 -0.0100194 -0.0946849 0.962254 0.00986289 0.999949 -0.0021207 0.212087 0.0947014 0.0011772 0.995505 -0.170548
210 220 40 0.995954 -0.00959364 -0.0893542 0.952284 0.0102553 0.999923 0.0069488 0.170864 0.0892807 -0.00783703 0.995976 -0.252904
210 221 40 0.995111 -0.00813177 -0.0984316 0.967808 0.00881685 0.99994 0.00652702 0.227681 0.0983726 -0.00736297 0.995122 -0.107276
210 222 34 0.995212 -0.00414734 -0.097652 0.978045 0.00540292 0.999906 0.0125968 0.122467 0.0975906 -0.0130641 0.995141 -0.168614
210 223 39 0.994951 0.0058223 -0.100196 0.978869 -0.00403596 0.999829 0.018022 0.079713 0.100283 -0.0175266 0.994805 -0.18831
210 224 34 0.98967 0.0082323 -0.143124 0.997294 -0.00485643 0.999702 0.0239203 0.0135575 0.143279 -0.0229781 0.989416 -0.0722586
225 226 0 1 0 0 0 0 1 0 0 0 0 1 0
225 227 36 0.999736 0.00388561 -0.0226461 0.947457 -0.0037841 0.999983 0.00452358 -0.0341878 0.0226632 -0.00443669 0.999733 0.318052
225 228 13 0.999933 0.0090384 -0.00719259 0.774341 -0.00902085 0.999956 0.00246814 -0.0930175 0.00721458 -0.00240309 0.999971 0.625894
225 229 21 0.999737 0.0170382 -0.0153579 0.98628 -0.0170353 0.999855 0.00031867 -0.0368563 0.0153611 -5.69595e-05 0.999882 -0.160913
225 230 42 0.999041 0.0263598 -0.0349622 0.95603 -0.0261281 0.999634 0.00706871 0.0810303 0.0351357 -0.00614844 0.999364 -0.281854
225 231 14 0.998826 0.0411757 -0.0255017 0.449789 -0.0406266 0.998939 0.0216894 0.244077 0.0263677 -0.0206279 0.999439 -0.859137
225 232 10 0.999741 0.0212684 0.0080991 -0.278405 -0.0216185 0.998711 0.0459265 0.118442 -0.00711188 -0.0460897 0.998912 -0.953133
225 233 29 0.996199 0.027978 -0.0824863 0.98899 -0.0229396 0.997849 0.0614087 0.0446166 0.0840269 -0.0592831 0.994698 -0.141093
225 234 54 0.993067 0.0390502 -0.110872 0.997241 -0.0318834 0.99733 0.0656934 0.0723765 0.113142 -0.061703 0.991661 0.0164632
225 235 50 0.995231 0.0397231 -0.0890943 0.998428 -0.0337479 0.997142 0.0675985 0.0505467 0.0915248 -0.0642694 0.993727 0.0242274
225 236 49 0.997205 0.039146 -0.0636377 0.963639 -0.0346868 0.996963 0.0697273 0.0967971 0.066174 -0.067325 0.995534 0.249059
225 237 55 0.993424 0.0490242 -0.103472 0.998727 -0.0416434 0.996511 0.0723252 0.019354 0.106656 -0.0675407 0.991999 0.046577
225 238 34 0.995866 0.0902569 -0.0102105 0.12699 -0.0892099 0.993029 0.0770362 0.148766 0.0170924 -0.0758069 0.996976 0.980685
225 239 52 0.995147 0.0350554 -0.0919399 0.994272 -0.0302589 0.998133 0.0530555 0.0349128 0.0936281 -0.050016 0.99435 0.101013
240 241 57 0.999896 -0.000983474 0.0143969 -0.903141 0.000964753 0.999999 0.00130728 -0.0663792 -0.0143981 -0.00129325 0.999896 0.424182
240 242 12 0.99999 0.00351099 -0.00293039 0.477352 -0.00351369 0.999993 -0.000916699 0.0963249 0.00292716 0.000926986 0.999995 0.873416
240 243 87 0.999848 -0.000226709 -0.0174085 0.951664 0.000258131 0.999998 0.00180275 -0.254876 0.0174081 -0.00180697 0.999847 0.171387
240 244 21 0.999997 0.000936657 -0.00237583 0.670406 -0.000954517 0.999971 -0.00752743 0.0129407 0.00236872 0.00752967 0.999969 0.741881
240 245 27 1 -0.000869019 -0.000196524 0.578045 0.000866485 0.999921 -0.0125461 0.142212 0.000207412 0.012546 0.999921 0.803517
240 246 134 0.999031 -0.000145904 -0.0440167 0.983621 -0.000194692 0.99997 -0.00773348 -0.162574 0.0440165 0.00773455 0.999001 -0.0778421
240 247 118 0.997529 0.00797902 -0.0698012 0.930727 -0.00744629 0.999941 0.00788896 -0.208798 0.06986 -0.00734971 0.99753 -0.300251
240 248 44 0.999897 -0.00320072 -0.0139815 0.775789 0.00307988 0.999958 -0.0086559 0.102889 0.0140086 0.00861195 0.999865 -0.622548
240 249 40 0.999656 0.0046027 -0.0258303 0.785742 -0.00466485 0.999986 -0.00234613 0.129941 0.0258192 0.00246582 0.999664 -0.604752
240 250 43 0.999836 0.00651125 -0.016901 -0.190968 -0.00634219 0.99993 0.0100372 -0.142458 0.0169652 -0.00992837 0.999807 -0.971204
240 251 136 0.998328 0.00638223 -0.0574571 0.881644 -0.0052334 0.999784 0.0201228 -0.0895332 0.0575731 -0.0197884 0.998145 -0.463344
240 252 153 0.998469 0.0130223 -0.0537536 0.95613 -0.012021 0.999749 0.0189089 0.0639017 0.0539863 -0.0182338 0.998375 -0.285888
240 253 82 0.998741 0.0259762 -0.0429218 0.973023 -0.0253247 0.999557 0.0156532 0.230509 0.0433094 -0.0145465 0.998956 0.00962671
240 254 142 0.998306 0.029023 -0.0504261 0.931125 -0.0279992 0.99939 0.0208934 0.0369551 0.0510017 -0.0194461 0.998509 -0.362824
255 256 26 0.99992 0.0079125 -0.00991513 0.66766 -0.00778741 0.99989 0.0125925 -0.270926 0.0100137 -0.0125142 0.999872 -0.693418
255 257 13 0.999779 0.0200407 -0.00635676 0.293812 -0.0198867 0.999527 0.0234386 -0.837521 0.00682349 -0.023307 0.999705 -0.460687
255 258 15 0.999199 0.0398562 -0.00360353 0.337887 -0.0397991 0.999099 0.0147253 -0.446299 0.00418718 -0.01457 0.999885 -0.828643
255 259 14 0.998779 0.0484728 0.00955416 -0.436784 -0.0484036 0.998801 -0.00735003 0.726854 -0.00989898 0.0068786 0.999927 -0.530003
255 260 11 0.997618 0.0671721 0.0156613 -0.645779 -0.0670306 0.997707 -0.00939489 -0.745209 -0.0162565 0.00832273 0.999833 0.166231
255 261 170 0.998061 0.0611644 -0.0115818 0.847453 -0.0612786 0.998073 -0.00977441 -0.156 0.0109616 0.0104652 0.999885 -0.507432
255 262 85 0.997165 0.0696909 -0.0283583 0.897162 -0.0699619 0.997512 -0.0086771 0.0681767 0.027683 0.0106365 0.99956 -0.436407
255 263 85 0.997346 0.0685484 -0.0245262 0.924415 -0.0686228 0.99764 -0.00220445 0.0620627 0.0243172 0.00388165 0.999697 -0.376305
255 264 70 0.997547 0.064443 -0.0273247 0.847313 -0.0644275 0.997921 0.001451 -0.00367492 0.0273614 0.000313014 0.999626 -0.531082
255 265 150 0.996933 0.0650355 -0.0435427 0.892491 -0.064782 0.997873 0.00720728 -0.101532 0.0439188 -0.00436439 0.999026 -0.43949
255 266 136 0.996248 0.0638452 -0.0584345 0.9667 -0.0632986 0.997932 0.0111592 -0.235668 0.0590262 -0.00741847 0.998229 -0.0997574
255 267 44 0.998291 0.0546751 -0.0206468 0.635635 -0.054842 0.998466 -0.00760603 -0.368013 0.0201993 0.00872534 0.999758 0.678628
255 268 117 0.99539 0.0706237 -0.0648852 0.97454 -0.0717843 0.997296 -0.0157298 0.0821775 0.0635988 0.0203151 0.997769 -0.20861
255 269 80 0.997043 0.0640803 -0.0424147 0.576444 -0.0652546 0.997506 -0.0269066 0.425635 0.0405847 0.0295948 0.998738 -0.697529
270 271 33 1 0.000724289 -0.000279486 -0.585683 -0.000724383 1 -0.000336807 0.0378141 0.000279242 0.00033701 1 -0.809658
270 272 11 0.999961 0.00632206 -0.00609911 -0.730668 -0.00631239 0.999979 0.00160293 0.065269 0.00610911 -0.00156436 0.99998 -0.679606
270 273 14 0.999828 0.00875014 -0.0163527 -0.696815 -0.00873679 0.999961 0.000887829 0.0188928 0.0163599 -0.000744806 0.999866 -0.717003
270 274 22 0.999592 0.00654487 -0.0278207 0.43235 -0.00660987 0.999976 -0.00224476 0.120961 0.0278053 0.00242774 0.99961 -0.893556
270 275 156 0.998389 0.013369 -0.0551411 0.851739 -0.0135849 0.999901 -0.00354286 0.256533 0.0550883 0.00428624 0.998472 -0.456872
270 276 34 0.99909 0.00494842 -0.042355 0.495689 -0.00506426 0.999984 -0.00262797 -0.0595191 0.0423413 0.00284008 0.999099 -0.866458
270 277 34 0.998747 0.012965 -0.0483274 0.41741 -0.0133006 0.99989 -0.00662897 0.142655 0.0482362 0.00726345 0.99881 -0.897451
270 278 69 0.997922 0.021417 -0.0607711 0.573963 -0.021357 0.999771 0.00163709 0.19881 0.0607922 -0.000335803 0.99815 -0.794381
270 279 143 0.994617 0.0298925 -0.0992182 0.975256 -0.0286447 0.999492 0.0139769 -0.0675569 0.0995856 -0.0110596 0.994968 -0.210506
270 280 39 0.996703 0.0269791 -0.0765188 0.937287 -0.0265671 0.999627 0.00639723 0.119367 0.0766628 -0.00434326 0.997048 -0.327482
270 281 46 0.99618 0.0237474 -0.084031 0.471937 -0.0229408 0.999681 0.0105508 -0.101793 0.0842548 -0.0085828 0.996407 -0.875736
270 282 62 0.996288 0.0350312 -0.0786384 -0.213295 -0.0341025 0.999332 0.0131218 -0.0631501 0.0790456 -0.0103914 0.996817 -0.974945
270 283 43 0.99498 0.0272185 -0.0963012 0.753254 -0.0270733 0.999629 0.00281514 0.11928 0.0963421 -0.000193817 0.995348 -0.646823
270 284 36 0.995735 0.022867 -0.089378 -0.577929 -0.0228652 0.999738 0.00104318 0.203163 0.0893784 0.00100492 0.995997 -0.790394
285 286 0 1 0 0 0 0 1 0 0 0 0 1 0
285 287 22 0.999907 -0.00250824 -0.0134076 0.353043 0.00247267 0.999993 -0.00266924 0.26205 0.0134142 0.00263584 0.999907 -0.89816
285 288 0 1 0 0 0 0 1 0 0 0 0 1 0
285 289 17 0.999554 -0.00169775 -0.0297991 0.124013 0.00232589 0.999776 0.021057 -0.107458 0.0297567 -0.021117 0.999334 -0.986445
285 290 124 0.997805 0.00656554 -0.0659 0.991862 -0.00487001 0.999654 0.0258565 0.0611067 0.0660469 -0.0254788 0.997491 -0.111692
285 291 78 0.996927 0.0128309 -0.077281 0.873931 -0.0109727 0.999642 0.0244211 0.322721 0.0775666 -0.023498 0.99671 -0.36345
285 292 93 0.997774 0.0200026 -0.06362 0.699183 -0.0174715 0.999043 0.0400947 0.264043 0.0643611 -0.0388939 0.997168 -0.664398
285 293 138 0.996767 0.0239341 -0.0767037 0.911704 -0.020671 0.998859 0.0430561 0.196207 0.0776467 -0.0413313 0.996124 -0.36097
285 294 33 0.99843 0.0169888 -0.0533822 -0.859423 -0.0143659 0.998689 0.04914 0.0264334 0.0541471 -0.048296 0.997364 -0.510581
285 295 42 0.996232 0.026234 -0.0826666 0.982002 -0.0222822 0.998581 0.0483701 -0.0696659 0.0838182 -0.0463458 0.995403 0.175553
285 296 97 0.996104 0.0369199 -0.0800884 -0.0115508 -0.0318332 0.997449 0.0638865 -0.330917 0.0822428 -0.0610881 0.994738 -0.943589
285 297 88 0.988475 0.0596202 -0.13915 0.962312 -0.0536328 0.997482 0.0463917 0.201185 0.141566 -0.038394 0.989184 -0.182973
285 298 88 0.990294 0.0587866 -0.125943 0.957048 -0.052357 0.99718 0.0537706 0.101576 0.128748 -0.0466548 0.990579 -0.271554
285 299 82 0.985716 0.0713086 -0.152577 0.975698 -0.0642583 0.996647 0.0506568 0.10649 0.155677 -0.0401289 0.986993 -0.191505
300 301 15 0.999984 -0.00279131 -0.00491856 -0.356618 0.00281709 0.999982 0.00524205 0.210297 0.00490384 -0.00525582 0.999974 -0.910274
300 302 29 0.999908 -0.00450468 -0.0128268 0.462909 0.00461752 0.999951 0.00878134 -0.132013 0.0127866 -0.00883975 0.999879 0.87652
300 303 31 0.999924 0.00219944 -0.0120898 0.26916 -0.00205897 0.99993 0.0116189 -0.105608 0.0121145 -0.0115931 0.999859 0.957288
300 304 291 0.998808 0.0178521 -0.0454249 0.991238 -0.0175332 0.999819 0.00740804 0.132049 0.0455489 -0.00660277 0.99894 -0.00312984
300 305 66 0.999628 0.0236525 -0.013584 0.538626 -0.0235057 0.999665 0.0108644 -0.0462767 0.0138364 -0.0105411 0.999849 0.841273
300 306 19 0.999789 0.0162229 -0.0125694 0.603759 -0.0162563 0.999865 -0.00255747 -0.6622 0.0125262 0.00276126 0.999918 0.443809
300 307 256 0.998574 0.0262615 -0.046469 0.962714 -0.026168 0.999654 0.0026209 -0.260757 0.0465217 -0.00140116 0.998916 0.0720199
300 308 283 0.998181 0.0409122 -0.0442725 0.990598 -0.0416392 0.999011 -0.0156252 0.10644 0.0435895 0.0174403 0.998897 0.0859403
300 309 110 0.999518 0.0275334 -0.0143623 0.664989 -0.0277955 0.999445 -0.0183748 -0.150712 0.0138484 0.0187651 0.999728 0.731489
300 310 141 0.999477 0.016945 -0.0275519 0.923555 -0.0176686 0.9995 -0.0262357 -0.25167 0.0270936 0.0267088 0.999276 -0.289323
300 311 193 0.999135 0.0121084 -0.0397737 0.983437 -0.0134066 0.999381 -0.0325367 -0.176144 0.0393551 0.0330418 0.998679 -0.0427295
300 312 46 0.999732 0.0122884 -0.0196034 0.925395 -0.0131616 0.998898 -0.0450545 0.259898 0.0190282 0.0453004 0.998792 -0.275857
300 313 182 0.999384 -0.0175337 -0.0304055 0.846385 0.0163109 0.999066 -0.040008 -0.501123 0.0310786 0.0394874 0.998737 -0.180297
300 314 173 0.999638 -0.00409828 -0.0265789 0.997045 0.00264918 0.99852 -0.0543287 0.0762637 0.0267622 0.0542386 0.998169 0.00926362
315 316 16 0.999989 -0.00440187 0.00187882 -0.699898 0.00440044 0.99999 0.000761981 0.264843 -0.00188216 -0.000753704 0.999998 0.663325
315 317 16 0.99996 -0.00722739 0.00519254 0.390733 0.00722308 0.999974 0.000847262 0.249483 -0.00519853 -0.000809722 0.999986 -0.886051
315 318 15 0.999892 -0.00812927 0.0122138 0.489142 0.00803153 0.999936 0.0080305 0.143852 -0.0122783 -0.00793154 0.999893 0.86026
315 319 16 0.999855 -0.00224859 0.0168789 0.640345 0.00206009 0.999935 0.0111769 -0.146406 -0.016903 -0.0111405 0.999795 0.754005
315 320 248 0.999995 0.00274377 -0.00161052 0.973824 -0.00272292 0.999914 0.01281 0.0962754 0.00164552 -0.0128056 0.999917 -0.205909
315 321 126 0.999946 0.0068963 0.00775243 0.991756 -0.00698399 0.999911 0.0113419 0.103564 -0.00767352 -0.0113954 0.999906 -0.0754603
315 322 35 0.999546 0.0066516 0.0293708 0.189305 -0.00693087 0.999932 0.00941693 0.275436 -0.0293062 -0.00961623 0.999524 -0.942496
315 323 19 0.99957 0.008484 0.02808 0.532778 -0.00882955 0.999887 0.0122049 -0.0893512 -0.0279733 -0.0124476 0.999531 -0.841525
315 324 20 0.999571 0.00915784 0.0278038 0.212908 -0.00950295 0.999879 0.0123056 0.219287 -0.0276878 -0.0125646 0.999538 -0.952147
315 325 57 0.999635 0.00750176 0.0259458 0.155939 -0.00787931 0.999864 0.0144802 0.227433 -0.0258337 -0.0146794 0.999558 -0.961227
315 326 56 0.999864 0.0122483 0.011033 0.811436 -0.0124504 0.999753 0.0184337 0.114563 -0.0108045 -0.0185685 0.999769 -0.573103
315 327 70 0.999866 0.0113236 0.011795 0.442261 -0.01155 0.999747 0.0193129 0.271151 -0.0115733 -0.0194465 0.999744 -0.854917
315 328 21 0.99975 0.0124918 0.0185235 0.728874 -0.0129686 0.999582 0.0258477 -0.103312 -0.0181929 -0.0260815 0.999494 0.676808
315 329 23 0.999793 0.0203149 0.0012317 0.85361 -0.020343 0.999329 0.0304552 0.219634 -0.000612184 -0.0304739 0.999535 -0.472346
330 331 14 0.999981 0.000820411 -0.00616711 0.391981 -0.00082569 0.999999 -0.000853493 -0.0602195 0.0061664 0.000858569 0.999981 0.918
330 332 21 0.99975 0.00608227 -0.0215104 0.874933 -0.00596745 0.999968 0.00539812 -0.30001 0.0215426 -0.0052684 0.999754 -0.380113
330 333 215 0.999376 0.00336221 -0.0351702 0.960987 -0.00332959 0.999994 0.000986021 -0.0209905 0.0351733 -0.000868303 0.999381 -0.275795
330 334 29 0.999541 -0.00191529 -0.0302359 0.966075 0.00204917 0.999988 0.00439752 -0.254394 0.0302271 -0.00445746 0.999533 -0.0445325
330 335 16 0.999844 -0.00183017 -0.0175785 0.738009 0.00185555 0.999997 0.00142757 0.155701 0.0175758 -0.00145997 0.999844 0.656582
330 336 29 0.999682 0.00703377 -0.0242124 0.954461 -0.00716963 0.999959 -0.00552889 0.215215 0.0241725 0.00570073 0.999692 0.206608
330 337 39 0.99982 0.00836513 -0.0170236 -0.236218 -0.00850618 0.99993 -0.00823029 0.22464 0.0169536 0.00837361 0.999821 -0.945377
330 338 55 0.999797 0.0146643 -0.0137931 -0.892238 -0.0147597 0.999868 -0.0068438 -0.108682 0.0136909 0.00704599 0.999881 -0.438291
330 339 162 0.998245 0.0199214 -0.0557627 0.907096 -0.0209176 0.999631 -0.0173388 0.094367 0.0553967 0.0184748 0.998293 -0.41021
330 340 103 0.998455 0.0177372 -0.0526661 0.928841 -0.0187593 0.999644 -0.0189758 -0.102148 0.0523107 0.0199345 0.998432 -0.356119
330 341 144 0.998226 0.0203292 -0.0559642 0.491538 -0.0212924 0.999634 -0.0166698 0.100435 0.0556048 0.0178319 0.998294 -0.865045
