0 1 0 1 0 0 0 0 1 0 0 0 0 1 0
0 2 20 0.999954 0.00701293 -0.00660052 0.272451 -0.00697831 0.999962 0.00525277 0.21946 0.00663711 -0.00520647 0.999964 -0.936807
0 3 0 1 0 0 0 0 1 0 0 0 0 1 0
0 4 41 0.999767 0.0173529 -0.0128672 0.914185 -0.017238 0.999811 0.0089876 -0.0658669 0.0130208 -0.00876369 0.999877 0.399909
0 5 12 0.999935 0.0108091 -0.00349946 -0.301456 -0.0107868 0.999922 0.00634484 -0.238308 0.00356777 -0.00630668 0.999974 0.923219
0 6 17 0.999965 0.00605683 -0.00570791 -0.237449 -0.00605901 0.999982 -0.000364362 -0.100868 0.0057056 0.000398933 0.999984 0.966149
0 7 156 0.993988 -0.0108284 0.108951 -0.936802 0.0139551 0.999511 -0.0279767 0.232221 -0.108595 0.0293289 0.993653 -0.261677
0 8 0 1 0 0 0 0 1 0 0 0 0 1 0
0 9 0 1 0 0 0 0 1 0 0 0 0 1 0
0 10 192 0.998748 0.00844651 -0.0493084 0.934811 -0.0093434 0.999795 -0.0179873 -0.0555873 0.0491463 0.0184255 0.998622 0.350768
0 11 15 0.999914 -0.00693148 -0.0110949 -0.461353 0.00678639 0.999892 -0.0130621 0.202773 0.0111843 0.0129857 0.999853 -0.863734
0 12 20 0.999929 -0.000224997 -0.0119508 -0.332441 5.37603e-05 0.999897 -0.0143269 0.161587 0.0119528 0.0143253 0.999826 -0.929179
0 13 146 0.999474 0.00454211 -0.0321147 0.988924 -0.00496668 0.999901 -0.0131529 -0.141251 0.0320518 0.0133055 0.999398 -0.0455858
0 14 174 0.99901 -0.0186443 0.040392 -0.881089 0.0193356 0.999672 -0.0167934 0.132755 -0.0400657 0.0175578 0.999043 -0.453936
15 16 12 0.999969 -0.00527121 0.00582342 0.915927 0.00526463 0.999985 0.00114583 0.401199 -0.00582937 -0.00111514 0.999982 0.0108015
15 17 261 0.999753 -0.0153363 0.0160961 -0.89524 0.0152301 0.999862 0.00669696 -0.440592 -0.0161966 -0.00645016 0.999848 -0.066515
15 18 31 0.999855 -0.0149056 -0.00822962 0.596792 0.0148798 0.999884 -0.00318061 0.255824 0.00827608 0.00305769 0.999961 -0.760522
15 19 50 0.999928 -0.00781752 -0.00913231 0.671112 0.00782543 0.999969 0.000830353 0.0385438 0.00912553 -0.000901758 0.999958 -0.740353
15 20 26 0.999887 -0.0150526 0.000581088 -0.515848 0.0150505 0.999881 0.00344817 0.0666894 -0.000632923 -0.00343904 0.999994 -0.85408
15 21 44 0.999983 -0.00344518 -0.00474933 0.338834 0.00337454 0.999885 -0.0148028 0.104465 0.00479978 0.0147865 0.999879 -0.935029
15 22 34 0.999749 -0.00427448 -0.022002 0.979727 0.00401383 0.999921 -0.0118775 0.179476 0.022051 0.0117862 0.999687 0.0890112
15 23 74 -0.634614 0.109256 -0.765068 -0.431343 0.128704 -0.961191 -0.244022 -0.146385 -0.762037 -0.253327 0.595923 0.890233
15 24 31 0.999875 0.000590564 -0.0157855 -0.0973865 -0.00104101 0.999592 -0.0285424 0.2441 0.0157622 0.0285552 0.999468 0.964848
15 25 94 0.99946 0.00781591 -0.031926 0.734355 -0.00898524 0.999288 -0.0366487 0.107073 0.0316169 0.0369157 0.998818 -0.670267
15 26 156 0.999047 0.00663164 -0.0431407 0.861103 -0.00820385 0.999305 -0.0363693 0.168086 0.0428696 0.0366885 0.998407 -0.479843
15 27 246 0.99829 0.0159255 -0.0562459 0.931114 -0.0178856 0.999244 -0.0345189 0.176587 0.0556536 0.0354659 0.99782 -0.319129
15 28 97 0.996256 -0.0240188 0.0830451 -0.792639 0.028542 0.998148 -0.0537157 0.364142 -0.0816012 0.0558849 0.995097 -0.489003
15 29 46 0.992797 0.00614683 0.119655 -0.915767 -0.00224971 0.999463 -0.0326776 0.101302 -0.119791 0.0321731 0.992278 -0.388727
30 31 13 0.999822 0.013836 0.0128019 -0.771039 -0.0138903 0.999895 0.00415997 -0.0809505 -0.012743 -0.00433706 0.999909 0.631622
30 32 32 0.999705 0.0143465 0.0195831 -0.923669 -0.0144787 0.999873 0.00662834 -0.212339 -0.0194855 -0.00690993 0.999786 0.31898
30 33 37 0.998469 0.0129385 0.0537854 -0.944064 -0.0139668 0.999726 0.0187869 -0.26051 -0.0535276 -0.0195094 0.998376 0.202182
30 34 19 0.99991 0.00930929 -0.00966917 -0.462127 -0.00929537 0.999956 0.00148297 -0.38251 0.00968255 -0.00139295 0.999952 -0.800078
30 35 49 0.999997 0.00200139 -0.00169265 -0.758862 -0.00199529 0.999992 0.00359734 -0.0780882 0.00169983 -0.00359395 0.999992 0.646553
30 36 0 1 0 0 0 0 1 0 0 0 0 1 0
30 37 0 1 0 0 0 0 1 0 0 0 0 1 0
30 38 15 0.999368 0.0169438 -0.0312405 0.942878 -0.0168358 0.999851 0.0037186 0.229184 0.0312989 -0.00319029 0.999505 -0.241776
30 39 40 0.999172 0.0381569 -0.014098 -0.380477 -0.0379344 0.999156 0.0157257 -0.488932 0.0146862 -0.0151779 0.999777 0.784973
30 40 30 0.0606997 0.994605 0.0841232 -0.152013 0.998139 -0.0599928 -0.0109081 0.0274971 -0.00580246 0.0846288 -0.996396 0.987996
30 41 40 0.997585 -0.00923604 -0.0688363 0.642187 0.00961672 0.99994 0.00520091 0.410869 0.0687842 -0.00585033 0.997614 0.647134
30 42 32 0.999674 -0.0196378 -0.0163214 -0.123778 0.0199699 0.999592 0.0204421 0.282925 0.0159133 -0.0207614 0.999658 -0.951122
30 43 42 0.996904 -0.0463277 -0.0635315 -0.132955 0.0472857 0.998788 0.0136579 0.0159263 0.0628218 -0.0166198 0.997886 0.990994
30 44 0 1 0 0 0 0 1 0 0 0 0 1 0
45 46 36 0.99999 0.00448826 -0.000649024 -0.356941 -0.00448555 0.999981 0.00412795 -0.0421433 0.000667539 -0.00412499 0.999991 0.933176
45 47 83 0.999978 0.00331141 -0.00575866 0.152766 -0.00330914 0.999994 0.000404007 -0.0652721 0.00575997 -0.000384942 0.999983 0.986105
45 48 0 1 0 0 0 0 1 0 0 0 0 1 0
45 49 0 1 0 0 0 0 1 0 0 0 0 1 0
45 50 61 0.999802 0.014349 0.0138004 -0.97678 -0.0145762 0.999758 0.0165062 -0.180031 -0.0135602 -0.0167041 0.999769 -0.116145
45 51 0 1 0 0 0 0 1 0 0 0 0 1 0
45 52 0 1 0 0 0 0 1 0 0 0 0 1 0
45 53 0 1 0 0 0 0 1 0 0 0 0 1 0
45 54 0 1 0 0 0 0 1 0 0 0 0 1 0
45 55 10 0.994937 0.100058 -0.00941442 -0.427423 -0.100223 0.994783 -0.0190076 0.57319 0.00746344 0.0198549 0.999775 -0.699116
45 56 0 1 0 0 0 0 1 0 0 0 0 1 0
45 57 0 1 0 0 0 0 1 0 0 0 0 1 0
45 58 13 0.998067 0.0455072 -0.0423266 0.721927 -0.0451444 0.998935 0.00948833 0.105964 0.0427133 -0.00755918 0.999059 -0.683808
45 59 0 1 0 0 0 0 1 0 0 0 0 1 0
60 61 0 1 0 0 0 0 1 0 0 0 0 1 0
60 62 0 1 0 0 0 0 1 0 0 0 0 1 0
60 63 24 0.999999 -0.00144644 -0.000331866 0.426026 0.00144607 0.999998 -0.00109361 0.210606 0.000333447 0.00109313 0.999999 -0.879857
60 64 19 0.999953 -0.00890492 -0.00387232 -0.465301 0.00890178 0.99996 -0.000827438 0.168743 0.00387954 0.000792928 0.999992 -0.868919
60 65 13 0.999945 -0.0103802 -0.00173303 -0.431884 0.0103719 0.999935 -0.00472943 0.235196 0.00178201 0.00471119 0.999987 -0.870723
60 66 0 1 0 0 0 0 1 0 0 0 0 1 0
60 67 15 0.999897 -0.0131546 -0.00577008 0.432852 0.0130902 0.999853 -0.0110642 -0.207924 0.00591478 0.0109875 0.999922 0.877159
60 68 0 1 0 0 0 0 1 0 0 0 0 1 0
60 69 15 0.999787 -0.00758961 -0.0191685 0.996381 0.00728325 0.999845 -0.0160018 0.0161025 0.0192869 0.0158588 0.999688 -0.0834654
60 70 52 0.997293 0.00914788 -0.0729567 0.953268 -0.0108337 0.999683 -0.0227454 0.0341954 0.0727255 0.0234742 0.997076 0.300185
60 71 28 0.999496 -0.0116165 -0.029551 0.859389 0.0113721 0.9999 -0.00842301 0.115933 0.0296459 0.00808271 0.999528 -0.498006
60 72 120 0.999168 -0.00549078 -0.0404035 0.938914 0.00517213 0.999955 -0.00798712 0.0214088 0.0404455 0.00777151 0.999152 -0.343484
60 73 13 0.999771 -0.00819722 -0.0197739 -0.428875 0.00797573 0.999905 -0.0112543 0.288895 0.0198642 0.011094 0.999741 -0.855924
60 74 10 0.999633 -0.0049903 -0.0266367 0.411858 0.00474509 0.999946 -0.00926102 -0.237232 0.0266814 0.00913123 0.999602 0.879826
75 76 13 0.999985 0.0046512 0.00279438 0.431506 -0.00465302 0.999989 0.000645153 0.0475114 -0.00279135 -0.000658146 0.999996 -0.900858
75 77 17 0.999994 0.00292836 -0.0019115 0.598345 -0.00292453 0.999994 0.00200574 0.0226287 0.00191736 -0.00200014 0.999996 -0.800919
75 78 21 0.999978 0.0022471 -0.00626189 -0.501988 -0.00225482 0.999997 -0.00122507 -0.0457857 0.00625912 0.00123916 0.99998 0.863662
75 79 37 0.999798 0.0179947 -0.00897504 0.485625 -0.0180502 0.999818 -0.00614779 0.208476 0.00886278 0.00630855 0.999941 -0.848944
75 80 0 1 0 0 0 0 1 0 0 0 0 1 0
75 81 15 0.999644 0.0204884 -0.0170873 -0.4886 -0.0207248 0.99969 -0.0137705 -0.217069 0.0167998 0.0141197 0.999759 0.845075
75 82 44 0.998902 0.0459573 0.00914906 -0.465069 -0.046316 0.997963 0.0438705 -0.871567 -0.00711425 -0.0442461 0.998995 -0.155187
75 83 0 1 0 0 0 0 1 0 0 0 0 1 0
75 84 15 0.999433 0.0264783 -0.0207752 -0.373291 -0.0267145 0.999581 -0.0111774 0.268328 0.0204706 0.011726 0.999722 -0.888062
75 85 0 1 0 0 0 0 1 0 0 0 0 1 0
75 86 0 1 0 0 0 0 1 0 0 0 0 1 0
75 87 78 0.998039 0.0464401 -0.0419624 0.882295 -0.0455206 0.998708 0.0226086 0.350007 0.0429581 -0.0206541 0.998863 -0.314724
75 88 37 0.999139 0.0383606 -0.0157972 -0.217398 -0.0376514 0.998366 0.0429789 -0.3927 0.0174201 -0.0423471 0.998951 -0.893602
75 89 15 0.999142 0.0379163 -0.0166564 -0.355415 -0.0373682 0.998787 0.0320709 0.174725 0.0178522 -0.031421 0.999347 -0.918233
90 91 35 0.996982 0.0421488 0.0651896 -0.257905 -0.0312671 0.986663 -0.159748 0.832023 -0.0710533 0.157228 0.985003 0.491144
90 92 0 1 0 0 0 0 1 0 0 0 0 1 0
90 93 0 1 0 0 0 0 1 0 0 0 0 1 0
90 94 34 0.983256 -0.0509051 -0.174977 0.406134 0.0973939 0.958348 0.268483 -0.864663 0.154022 -0.281029 0.947259 -0.295657
90 95 0 1 0 0 0 0 1 0 0 0 0 1 0
90 96 0 1 0 0 0 0 1 0 0 0 0 1 0
90 97 48 0.985049 -0.0350794 -0.168663 0.498421 0.065532 0.981748 0.17854 -0.788009 0.159322 -0.186923 0.969369 -0.361412
90 98 0 1 0 0 0 0 1 0 0 0 0 1 0
90 99 0 1 0 0 0 0 1 0 0 0 0 1 0
90 100 0 1 0 0 0 0 1 0 0 0 0 1 0
90 101 23 0.999479 0.0035101 -0.0320741 -0.623186 -0.00370342 0.999975 -0.00596986 0.57206 0.0320524 0.00608553 0.999468 -0.53328
90 102 31 0.999726 0.0212185 -0.00989407 -0.0778173 -0.0221424 0.994205 -0.105195 0.752433 0.00760466 0.105385 0.994402 0.654056
90 103 0 1 0 0 0 0 1 0 0 0 0 1 0
90 104 0 1 0 0 0 0 1 0 0 0 0 1 0
105 106 0 1 0 0 0 0 1 0 0 0 0 1 0
105 107 11 0.99987 0.0151017 -0.00559437 -0.371882 -0.0151118 0.999884 -0.00176413 0.318984 0.00556708 0.00184844 0.999983 -0.871753
105 108 0 1 0 0 0 0 1 0 0 0 0 1 0
105 109 0 1 0 0 0 0 1 0 0 0 0 1 0
105 110 0 1 0 0 0 0 1 0 0 0 0 1 0
105 111 0 1 0 0 0 0 1 0 0 0 0 1 0
105 112 0 1 0 0 0 0 1 0 0 0 0 1 0
105 113 0 1 0 0 0 0 1 0 0 0 0 1 0
105 114 0 1 0 0 0 0 1 0 0 0 0 1 0
105 115 0 1 0 0 0 0 1 0 0 0 0 1 0
105 116 0 1 0 0 0 0 1 0 0 0 0 1 0
105 117 0 1 0 0 0 0 1 0 0 0 0 1 0
105 118 0 1 0 0 0 0 1 0 0 0 0 1 0
105 119 0 1 0 0 0 0 1 0 0 0 0 1 0
120 121 63 0.986658 0.1076 -0.122184 0.671034 -0.124936 0.981594 -0.144447 0.73487 0.104393 0.157785 0.98194 0.0983818
120 122 18 0.999291 0.0328831 0.0183291 0.495155 -0.0332406 0.999256 0.0195552 -0.317488 -0.0176725 -0.0201506 0.999641 0.808717
120 123 0 1 0 0 0 0 1 0 0 0 0 1 0
120 124 0 1 0 0 0 0 1 0 0 0 0 1 0
120 125 0 1 0 0 0 0 1 0 0 0 0 1 0
120 126 0 1 0 0 0 0 1 0 0 0 0 1 0
120 127 14 0.999519 -0.0297949 -0.00857186 -0.43222 0.0301574 0.998494 0.045836 0.164945 0.00719327 -0.0460725 0.998912 -0.886554
120 128 12 0.998915 -0.0449812 -0.0120783 0.473535 0.0454346 0.998153 0.0403362 -0.229723 0.0102417 -0.0408412 0.999113 0.85029
120 129 15 0.999872 -0.0137796 0.00811772 0.442082 0.0133049 0.998349 0.0558788 -0.19267 -0.0088743 -0.0557636 0.998405 0.876037
120 130 34 0.999742 -0.0138557 0.0179856 0.309005 0.0129158 0.998596 0.0513645 -0.030789 -0.0186721 -0.051119 0.998518 0.950562
120 131 21 0.999729 -0.0202642 0.0114267 0.395809 0.0195238 0.997912 0.0615624 -0.0992287 -0.0126504 -0.0613226 0.998038 0.912956
120 132 0 1 0 0 0 0 1 0 0 0 0 1 0
120 133 0 1 0 0 0 0 1 0 0 0 0 1 0
120 134 23 0.99762 -0.0510035 -0.0463935 0.40517 0.0541288 0.99616 0.0688094 -0.110067 0.0427058 -0.0711569 0.996551 0.907591
135 136 0 1 0 0 0 0 1 0 0 0 0 1 0
135 137 12 0.99976 -0.00958352 -0.0196867 0.396087 0.00915316 0.99972 -0.021835 -0.192109 0.0198904 0.0216496 0.999568 0.897892
135 138 0 1 0 0 0 0 1 0 0 0 0 1 0
135 139 19 0.999288 -0.0348569 -0.0144069 -0.844313 0.0346019 0.999246 -0.0175871 -0.368655 0.0150091 0.0170761 0.999742 -0.388882
135 140 45 0.97712 0.097739 -0.188899 0.554485 -0.140176 0.963906 -0.226353 0.826763 0.159958 0.247653 0.955553 0.0949201
135 141 24 0.998461 0.0229431 -0.0504891 -0.403104 -0.0244472 0.999269 -0.0293786 0.273766 0.0497782 0.0305677 0.998292 -0.873247
135 142 0 1 0 0 0 0 1 0 0 0 0 1 0
135 143 21 -0.4343 -0.478672 0.763058 -0.101849 0.0225942 0.841063 0.540465 -0.310336 -0.900485 0.251965 -0.354458 0.945155
135 144 0 1 0 0 0 0 1 0 0 0 0 1 0
135 145 0 1 0 0 0 0 1 0 0 0 0 1 0
135 146 38 0.994898 0.0115706 -0.100219 0.492439 -0.0148438 0.999378 -0.0319764 -0.138593 0.0997872 0.0333009 0.994451 0.859242
135 147 11 0.993994 0.0787093 -0.0760263 -0.36091 -0.0787278 0.996892 0.00275758 0.246847 0.0760071 0.00324436 0.997102 -0.899339
135 148 30 0.924425 0.2266 -0.306741 0.57565 -0.31836 0.901367 -0.29357 0.796268 0.209964 0.369038 0.905387 0.185971
135 149 11 0.994579 0.0465676 -0.0929699 -0.354344 -0.0478729 0.998783 -0.0118589 0.171782 0.0923045 0.0162454 0.995598 -0.919202
150 151 0 1 0 0 0 0 1 0 0 0 0 1 0
150 152 20 0.999867 0.016253 0.000928688 0.364766 -0.0162578 0.999853 0.00542141 -0.264551 -0.000840438 -0.00543579 0.999985 0.892725
150 153 0 1 0 0 0 0 1 0 0 0 0 1 0
150 154 0 1 0 0 0 0 1 0 0 0 0 1 0
150 155 17 0.999887 0.00937111 -0.0117678 0.32345 -0.00942204 0.999946 -0.00427944 -0.196813 0.011727 0.00438983 0.999922 0.925551
150 156 87 0.998259 0.00823138 0.0584069 -0.919939 -0.00709513 0.999782 -0.0196348 0.133351 -0.0585557 0.0191863 0.9981 0.368687
150 157 14 0.999151 -0.0138419 -0.0387924 0.978973 0.0130693 0.999713 -0.0200993 0.0976404 0.0390595 0.0195753 0.999045 0.179102
150 158 21 0.999404 0.0207378 -0.0276062 0.352148 -0.0209502 0.999753 -0.00742543 -0.280666 0.0274454 0.00799936 0.999591 0.892871
150 159 0 1 0 0 0 0 1 0 0 0 0 1 0
150 160 45 0.999428 0.0134908 -0.0309964 -0.389665 -0.0140445 0.999744 -0.0177171 0.31306 0.0307494 0.0181423 0.999362 -0.866114
150 161 47 0.958663 -0.0628697 0.277511 -0.898899 0.0720561 0.997135 -0.0230185 -0.0735557 -0.275269 0.0420634 0.960447 0.431937
150 162 0 1 0 0 0 0 1 0 0 0 0 1 0
150 163 0 1 0 0 0 0 1 0 0 0 0 1 0
150 164 90 0.99 0.0200279 -0.139641 0.959913 -0.0222894 0.999644 -0.0146494 -0.0487356 0.139298 0.0176154 0.990094 -0.27603
165 166 0 1 0 0 0 0 1 0 0 0 0 1 0
165 167 20 0.999939 0.00316731 -0.0105803 0.234896 -0.00314887 0.999993 0.00175902 -0.255628 0.0105858 -0.0017256 0.999942 0.937805
165 168 30 0.999811 0.0185605 -0.00581892 -0.326429 -0.0185118 0.999794 0.00831868 0.281422 0.00597212 -0.00820938 0.999948 -0.902356
165 169 62 0.99557 0.0865278 -0.0367835 0.421462 -0.0892295 0.992827 -0.0795772 0.903995 0.0296341 0.0825069 0.99615 0.0718533
165 170 24 0.999513 0.0310061 -0.00359166 0.267743 -0.031001 0.999518 0.00148652 -0.31566 0.00363602 -0.00137445 0.999992 0.910314
165 171 21 0.99934 0.0315132 -0.0180853 0.861205 -0.0316464 0.999474 -0.00712997 -0.0163532 0.0178511 0.0076976 0.999811 0.507994
165 172 11 0.999132 0.0411669 -0.00637656 -0.390691 -0.0412033 0.999135 -0.00568881 0.291461 0.00613685 0.0059466 0.999963 -0.873162
165 173 0 1 0 0 0 0 1 0 0 0 0 1 0
165 174 24 0.999652 0.0164692 0.0206273 -0.674109 -0.0164309 0.999863 -0.00202298 -0.117358 -0.0206578 0.00168335 0.999785 0.729249
165 175 19 0.998902 0.0451371 -0.0125185 -0.369665 -0.0449633 0.998893 0.013837 0.134068 0.0131292 -0.0132589 0.999826 -0.919442
165 176 17 0.999574 0.0214974 -0.0197321 -0.347589 -0.0214054 0.999759 0.00486037 0.166795 0.0198318 -0.00443593 0.999793 -0.922693
165 177 0 1 0 0 0 0 1 0 0 0 0 1 0
165 178 0 1 0 0 0 0 1 0 0 0 0 1 0
165 179 0 1 0 0 0 0 1 0 0 0 0 1 0
180 181 59 0.999798 0.00343357 -0.0197837 0.908884 -0.00326354 0.999958 0.00862038 -0.39412 0.0198125 -0.00855408 0.999767 -0.13638
180 182 12 0.999863 -0.0121033 -0.0113314 -0.196422 0.0120654 0.999921 -0.00340855 -0.0248372 0.0113718 0.00327137 0.99993 0.980205
180 183 0 1 0 0 0 0 1 0 0 0 0 1 0
180 184 0 1 0 0 0 0 1 0 0 0 0 1 0
180 185 11 0.999912 0.00560954 -0.0119866 -0.356843 -0.00558722 0.999983 0.00189451 0.257324 0.011997 -0.00182737 0.999926 -0.898024
180 186 0 1 0 0 0 0 1 0 0 0 0 1 0
180 187 15 0.999747 0.000766038 -0.0224613 -0.363507 -0.000966088 0.99996 -0.00889697 0.290048 0.0224535 0.00891642 0.999708 -0.885288
180 188 0 1 0 0 0 0 1 0 0 0 0 1 0
180 189 0 1 0 0 0 0 1 0 0 0 0 1 0
180 190 0 1 0 0 0 0 1 0 0 0 0 1 0
180 191 0 1 0 0 0 0 1 0 0 0 0 1 0
180 192 13 0.99889 0.0164648 -0.0441259 0.300978 -0.0166303 0.999856 -0.00338756 -0.0959424 0.0440637 0.00411763 0.99902 0.948793
180 193 0 1 0 0 0 0 1 0 0 0 0 1 0
180 194 0 1 0 0 0 0 1 0 0 0 0 1 0
195 196 0 1 0 0 0 0 1 0 0 0 0 1 0
195 197 0 1 0 0 0 0 1 0 0 0 0 1 0
195 198 0 1 0 0 0 0 1 0 0 0 0 1 0
195 199 16 0.99973 0.0195969 -0.0124968 0.453434 -0.0195098 0.999785 0.00705564 0.230924 0.0126324 -0.00680992 0.999897 -0.860855
195 200 22 0.99995 0.00906629 -0.00414811 0.20848 -0.00904664 0.999948 0.00473169 0.309974 0.00419079 -0.00469393 0.99998 -0.927606
195 201 0 1 0 0 0 0 1 0 0 0 0 1 0
195 202 0 1 0 0 0 0 1 0 0 0 0 1 0
195 203 20 0.999699 0.0226456 0.00943764 -0.695179 -0.0224327 0.999504 -0.0220844 0.0337047 -0.00993308 0.021866 0.999712 -0.718046
195 204 0 1 0 0 0 0 1 0 0 0 0 1 0
195 205 0 1 0 0 0 0 1 0 0 0 0 1 0
195 206 0 1 0 0 0 0 1 0 0 0 0 1 0
195 207 25 0.985965 0.0710751 -0.151067 0.995389 -0.071381 0.997443 0.00340386 0.0173622 0.150923 0.00742725 0.988518 -0.0943342
195 208 0 1 0 0 0 0 1 0 0 0 0 1 0
195 209 0 1 0 0 0 0 1 0 0 0 0 1 0
210 211 0 1 0 0 0 0 1 0 0 0 0 1 0
210 212 0 1 0 0 0 0 1 0 0 0 0 1 0
210 213 0 1 0 0 0 0 1 0 0 0 0 1 0
210 214 0 1 0 0 0 0 1 0 0 0 0 1 0
210 215 0 1 0 0 0 0 1 0 0 0 0 1 0
210 216 0 1 0 0 0 0 1 0 0 0 0 1 0
210 217 0 1 0 0 0 0 1 0 0 0 0 1 0
210 218 0 1 0 0 0 0 1 0 0 0 0 1 0
210 219 0 1 0 0 0 0 1 0 0 0 0 1 0
210 220 0 1 0 0 0 0 1 0 0 0 0 1 0
210 221 0 1 0 0 0 0 1 0 0 0 0 1 0
210 222 0 1 0 0 0 0 1 0 0 0 0 1 0
210 223 0 1 0 0 0 0 1 0 0 0 0 1 0
210 224 0 1 0 0 0 0 1 0 0 0 0 1 0
225 226 36 0.997303 0.00213702 -0.0733685 0.988101 -0.00136237 0.999943 0.0106068 -0.105411 0.073387 -0.0104782 0.997248 0.112003
225 227 0 1 0 0 0 0 1 0 0 0 0 1 0
225 228 0 1 0 0 0 0 1 0 0 0 0 1 0
225 229 0 1 0 0 0 0 1 0 0 0 0 1 0
225 230 0 1 0 0 0 0 1 0 0 0 0 1 0
225 231 0 1 0 0 0 0 1 0 0 0 0 1 0
225 232 0 1 0 0 0 0 1 0 0 0 0 1 0
225 233 0 1 0 0 0 0 1 0 0 0 0 1 0
225 234 0 1 0 0 0 0 1 0 0 0 0 1 0
225 235 0 1 0 0 0 0 1 0 0 0 0 1 0
225 236 0 1 0 0 0 0 1 0 0 0 0 1 0
225 237 24 0.999639 0.0102422 0.0248471 -0.309174 -0.0121658 0.996837 0.0785417 -0.167515 -0.023964 -0.0788156 0.996601 0.936136
225 238 0 1 0 0 0 0 1 0 0 0 0 1 0
225 239 0 1 0 0 0 0 1 0 0 0 0 1 0
240 241 67 0.999863 -0.00117116 0.016503 -0.87864 0.00118561 0.999999 -0.000866302 0.0192827 -0.016502 0.000885749 0.999863 0.477095
240 242 106 0.99983 0.00641162 -0.0172622 0.951207 -0.00647846 0.999972 -0.00381843 0.172461 0.0172372 0.00392961 0.999844 0.255855
240 243 12 0.999999 -0.00111449 -0.00101502 0.608163 0.0011118 0.999996 -0.00264567 -0.0673699 0.00101797 0.00264454 0.999996 0.790948
240 244 15 0.999994 0.00276563 -0.00204554 0.511253 -0.00277986 0.999972 -0.00698622 0.00055589 0.00202616 0.00699186 0.999974 0.85943
240 245 10 1 0.000682533 -0.000517141 0.440353 -0.000689533 0.999906 -0.0136596 -0.0157731 0.000507769 0.01366 0.999907 0.897686
240 246 10 0.99998 -0.00334463 -0.00533315 0.742102 0.00325036 0.99984 -0.0175892 0.0567653 0.00539113 0.0175715 0.999831 0.66788
240 247 15 0.999913 -0.00106442 -0.0131733 0.449813 0.000907985 0.999929 -0.0118758 0.193654 0.013185 0.0118628 0.999843 -0.871875
240 248 21 0.999952 0.00207221 -0.00959549 0.502392 -0.00212491 0.999983 -0.00548472 -0.068454 0.00958396 0.00550485 0.999939 0.861926
240 249 24 0.999654 0.00571268 -0.0256706 0.665276 -0.00577576 0.99998 -0.00238387 0.16355 0.0256565 0.00253132 0.999668 -0.728463
240 250 17 -0.91852 0.0506469 0.392117 0.190968 0.0596542 -0.962655 0.264077 0.142458 0.390848 0.265952 0.881197 0.971204
240 251 92 0.98767 -0.0697461 0.140153 -0.725572 0.0564509 0.993712 0.0966986 -0.521148 -0.146016 -0.0875945 0.985397 0.449389
240 252 107 0.997428 0.0178515 -0.0694235 0.961519 -0.0164761 0.999657 0.0203335 0.0564793 0.0697628 -0.0191374 0.99738 -0.268871
240 253 40 0.999691 0.021025 -0.0132345 -0.502014 -0.0207063 0.999503 0.0237762 -0.0115303 0.0137278 -0.0234948 0.99963 -0.864783
240 254 120 0.995482 0.0362271 -0.0877706 0.932811 -0.0329098 0.998699 0.0389527 -0.165494 0.0890676 -0.0358882 0.995379 -0.320118
255 256 11 0.999965 0.00809998 -0.00191945 0.360187 -0.00808528 0.999939 0.00754425 -0.0356233 0.00198044 -0.00752847 0.99997 -0.9322
255 257 31 0.999779 0.0209414 -0.00158058 0.507207 -0.0209193 0.999697 0.0129414 -0.0479752 0.00185111 -0.0129055 0.999915 0.860488
255 258 15 0.99906 0.0433317 -0.000924875 -0.214971 -0.0433224 0.999026 0.00843822 -0.25047 0.00128962 -0.00839022 0.999964 0.943956
255 259 0 1 0 0 0 0 1 0 0 0 0 1 0
255 260 11 0.998059 0.0602175 0.0158954 0.455082 -0.0600079 0.998109 -0.0133491 -0.0358844 -0.0166692 0.0123694 0.999785 0.889726
255 261 15 0.998211 0.0595472 0.00534088 0.350008 -0.0594713 0.99814 -0.0134 -0.181309 -0.00612887 0.0130584 0.999896 -0.919033
255 262 21 0.997861 0.0653476 -0.00170568 0.227775 -0.0653602 0.997822 -0.00888897 0.145971 0.0011211 0.00898144 0.999959 -0.96271
255 263 41 0.997973 0.0419203 0.047888 -0.480394 -0.0416291 0.999108 -0.00706114 -0.134801 -0.0481413 0.00505329 0.998828 0.866631
255 264 14 0.997925 0.0619734 -0.017437 0.943049 -0.0620195 0.998073 -0.00211286 0.136952 0.0172725 0.00318991 0.999846 -0.303155
255 265 38 0.997648 0.06747 -0.012125 -0.425197 -0.0674193 0.997714 0.0045472 0.0177695 0.0124041 -0.00371904 0.999916 -0.904927
255 266 69 0.997254 0.0670165 -0.031529 0.353653 -0.0668314 0.99774 0.00689048 -0.0786566 0.0319196 -0.00476442 0.999479 -0.932064
255 267 25 0.997434 0.0692209 -0.0182677 0.595247 -0.0693482 0.997572 -0.00642739 -0.0557264 0.0177784 0.00767773 0.999812 0.801608
255 268 18 0.998131 0.0608797 -0.00527898 0.890165 -0.060952 0.99803 -0.0148322 0.0324037 0.0043656 0.0151262 0.999876 -0.454484
255 269 50 0.998639 0.0518351 0.00575001 -0.855461 -0.051712 0.998465 -0.0198161 -0.163857 -0.00676836 0.0194918 0.999787 0.491261
270 271 213 0.999623 0.0018568 -0.0274006 0.806737 -0.00137042 0.999841 0.0177591 -0.560305 0.0274292 -0.0177148 0.999467 -0.187709
270 272 60 0.999985 0.00365823 -0.00417174 -0.575582 -0.00364813 0.99999 0.00242697 0.0853064 0.00418058 -0.00241171 0.999988 -0.813282
270 273 147 0.999909 0.0124745 0.00510619 -0.750597 -0.0124558 0.999916 -0.00367844 0.238057 -0.00515165 0.00361451 0.99998 -0.616388
270 274 170 0.99599 0.0113716 -0.0887361 0.827189 -0.00741997 0.998971 0.0447361 -0.528692 0.0891535 -0.0438983 0.99505 -0.190375
270 275 63 0.999132 0.028331 -0.0305344 0.152646 -0.0279325 0.99952 0.0134012 -0.341215 0.0308994 -0.0125366 0.999444 -0.927508
270 276 81 0.997889 0.0133743 -0.0635526 0.992403 -0.0134465 0.999909 -0.000708732 0.00820482 0.0635374 0.0015618 0.997978 -0.122752
270 277 135 0.991609 0.0287141 -0.126043 0.839426 -0.0229259 0.998625 0.0471354 -0.44022 0.127223 -0.0438502 0.990904 -0.318701
270 278 38 0.997327 0.0514127 -0.0519181 0.376815 -0.0501345 0.998414 0.0256299 -0.466653 0.0531535 -0.0229585 0.998322 -0.800153
270 279 72 0.999652 0.0155554 -0.0213006 -0.88056 -0.0153403 0.99983 0.0102265 -0.132678 0.021456 -0.00989614 0.999721 0.454985
270 280 89 0.999465 0.0203453 -0.0255917 -0.680618 -0.0201885 0.999776 0.00636817 0.157074 0.0257156 -0.0058481 0.999652 -0.715602
270 281 72 0.993257 0.0455043 -0.106633 0.553559 -0.041605 0.998392 0.0385121 -0.335256 0.108214 -0.033816 0.993552 -0.762349
270 282 11 0.99542 0.0286848 -0.0911923 0.539906 -0.0279091 0.999563 0.00977071 0.0636762 0.0914327 -0.00718087 0.995785 -0.839313
270 283 27 0.994695 0.0289316 -0.0987126 0.772053 -0.0286976 0.999581 0.00379009 0.0254929 0.0987809 -0.000937169 0.995109 -0.635047
270 284 67 0.985919 0.0592952 -0.156357 0.615219 -0.0472238 0.99569 0.0798221 -0.578718 0.160416 -0.0713144 0.98447 -0.535342
285 286 0 1 0 0 0 0 1 0 0 0 0 1 0
285 287 15 0.999962 -0.00286379 -0.00821471 0.337473 0.0028495 0.999994 -0.00175075 -0.152629 0.00821968 0.00172728 0.999965 0.928879
285 288 26 0.999595 0.00159287 -0.0284125 0.535593 -0.00078005 0.999591 0.028596 -0.748883 0.0284464 -0.0285623 0.999187 -0.390274
285 289 13 0.999723 0.00258171 -0.0233944 0.324863 -0.00211514 0.999799 0.0199467 -0.125538 0.0234412 -0.0198917 0.999527 0.937392
285 290 0 1 0 0 0 0 1 0 0 0 0 1 0
285 291 0 1 0 0 0 0 1 0 0 0 0 1 0
285 292 0 1 0 0 0 0 1 0 0 0 0 1 0
285 293 79 0.997458 0.0218284 -0.0678263 0.947625 -0.0187501 0.998779 0.0456948 0.133149 0.0687409 -0.0443069 0.99665 -0.290307
285 294 16 0.99818 0.0221597 -0.0560818 -0.712697 -0.0192851 0.998498 0.0512892 -0.0104093 0.0571341 -0.0501144 0.997108 -0.701395
285 295 45 0.998905 0.0195935 -0.0424919 -0.937044 -0.0175469 0.998693 0.0480136 0.00854521 0.0433771 -0.0472154 0.997942 -0.349108
285 296 51 0.982029 0.0560221 -0.180225 0.962433 -0.046627 0.997344 0.0559537 0.00692785 0.182881 -0.0465448 0.982033 -0.271432
285 297 20 0.996335 0.0454788 -0.0724451 0.259401 -0.0413466 0.997486 0.0575515 -0.104152 0.0748803 -0.0543452 0.995711 0.960137
285 298 31 0.993786 0.041492 -0.103285 0.166228 -0.0349792 0.997331 0.0640885 -0.170629 0.105669 -0.0600774 0.992585 -0.971213
285 299 17 0.994249 0.0550029 -0.0918895 0.510035 -0.0501133 0.997245 0.0546989 -0.13845 0.0946449 -0.0497794 0.994266 0.848938
300 301 112 0.999314 0.00390167 -0.0368146 0.997412 -0.00375192 0.999984 0.00413568 0.0596155 0.0368301 -0.00399472 0.999314 0.0401809
300 302 20 0.999925 -0.0036024 -0.0116724 0.442957 0.0037159 0.999946 0.00971621 0.0122446 0.0116367 -0.00975886 0.999885 0.896459
300 303 110 0.999818 0.00412389 -0.0186446 0.64792 -0.00392164 0.999933 0.0108711 -0.00203821 0.0186882 -0.010796 0.999767 0.761706
300 304 24 0.999841 0.0146274 -0.0101871 0.423332 -0.0145014 0.999819 0.0123276 -0.0172837 0.0103656 -0.0121779 0.999872 0.90581
300 305 15 0.999589 0.0232174 -0.016815 0.735681 -0.0230398 0.999678 0.0106786 -0.0391536 0.0170575 -0.0102868 0.999802 0.676196
300 306 17 0.999606 0.0255786 -0.0115472 -0.445859 -0.0255502 0.99967 0.00260661 0.149515 0.0116101 -0.00231055 0.99993 -0.882528
300 307 182 0.998692 0.0390662 -0.0329855 0.867967 -0.0396875 0.999043 -0.0183947 0.492481 0.0322353 0.0196797 0.999287 -0.063999
300 308 129 0.999454 0.0322326 -0.00725083 -0.433569 -0.0323297 0.999383 -0.0136996 0.21815 0.00680479 0.0139265 0.99988 -0.874316
300 309 61 0.999353 0.0336321 -0.0127413 0.655229 -0.0338435 0.999287 -0.0167566 -0.0907925 0.0121687 0.017177 0.999778 0.749954
300 310 142 0.999542 0.0179116 0.0244107 -0.667278 -0.0171581 0.99938 -0.0307327 -0.0846364 -0.0249461 0.0302998 0.99923 0.739984
300 311 21 0.999636 0.0265713 -0.00472577 -0.744035 -0.0267174 0.999059 -0.0341531 -0.404797 0.00381384 0.0342669 0.999405 -0.531555
300 312 200 0.999177 0.00759114 -0.0398394 0.942386 -0.00905678 0.999284 -0.0367383 -0.153597 0.039532 0.0370689 0.99853 -0.29718
300 313 62 0.999941 0.0101768 -0.00379596 -0.700928 -0.0103149 0.999212 -0.0383397 -0.32676 0.00340279 0.0383766 0.999258 -0.633978
300 314 156 0.999512 -0.00856582 -0.0300552 0.978863 0.00695571 0.998556 -0.0532733 -0.0191718 0.0304681 0.0530382 0.998128 -0.203616
315 316 21 0.999932 -0.001911 -0.0114728 0.954798 0.00187536 0.999993 -0.00311646 0.226057 0.0114787 0.00309473 0.999929 -0.193026
315 317 0 1 0 0 0 0 1 0 0 0 0 1 0
315 318 32 0.99991 -0.0022473 0.0132341 -0.42197 0.00213257 0.99996 0.00867657 -0.30986 -0.0132531 -0.00864757 0.999875 0.852014
315 319 12 0.999849 -0.00350202 0.0170228 -0.609744 0.0033145 0.999934 0.0110311 0.204196 -0.0170603 -0.010973 0.999794 -0.765844
315 320 19 0.999939 0.00433924 0.010186 0.894662 -0.00444063 0.999941 0.00995179 0.378044 -0.0101422 -0.00999641 0.999899 0.238039
315 321 21 0.999724 0.00310846 0.0232903 0.317463 -0.00341687 0.999907 0.0132138 0.21719 -0.023247 -0.0132898 0.999641 -0.923063
315 322 0 1 0 0 0 0 1 0 0 0 0 1 0
315 323 16 0.999408 0.00779921 0.0334984 -0.239755 -0.00815595 0.999911 0.010526 0.194934 -0.0334134 -0.010793 0.999383 -0.951061
315 324 25 0.999589 0.00747363 0.0276827 0.255693 -0.00779419 0.999904 0.01149 0.288596 -0.0275942 -0.011701 0.999551 -0.922677
315 325 242 0.999884 0.0108913 0.0106594 0.766711 -0.0109912 0.999896 0.00935881 0.352983 -0.0105564 -0.00947488 0.999899 -0.536244
315 326 78 0.99987 0.0122861 0.0104806 0.802288 -0.0124568 0.999788 0.0163784 0.217317 -0.0102771 -0.0165068 0.999811 -0.555974
315 327 28 0.999758 0.00929305 0.0199444 -0.315503 -0.00971744 0.999726 0.0212879 0.155822 -0.0197412 -0.0214766 0.999574 -0.936043
315 328 93 0.99982 0.0189314 0.00155708 0.492166 -0.0189639 0.99952 0.0244805 0.273661 -0.00109288 -0.0245057 0.999699 -0.826367
315 329 24 0.999786 0.0206872 -0.000214101 0.803051 -0.0206685 0.999225 0.0334894 -0.00816109 0.000906738 -0.0334778 0.999439 -0.595854
330 331 0 1 0 0 0 0 1 0 0 0 0 1 0
330 332 12 0.999958 -0.000680021 -0.00913033 -0.0466235 0.000668806 0.999999 -0.00123136 0.213761 0.00913116 0.0012252 0.999958 -0.975773
330 333 0 1 0 0 0 0 1 0 0 0 0 1 0
330 334 21 0.999777 -0.00383113 -0.0207829 0.345528 0.00383938 0.999993 0.000357021 0.107383 0.0207814 -0.000436735 0.999784 -0.932244
330 335 24 0.99968 -0.00365644 -0.0250392 0.311725 0.00364137 0.999993 -0.000647599 0.1787 0.0250414 0.000556215 0.999686 -0.933217
330 336 0 1 0 0 0 0 1 0 0 0 0 1 0
330 337 89 0.99918 0.0156865 -0.0373391 0.975833 -0.0160972 0.999813 -0.0107224 0.156089 0.0371639 0.0113146 0.999245 0.152927
330 338 14 0.999498 0.0175618 -0.0263688 0.664266 -0.0178339 0.99979 -0.0101179 -0.0289922 0.0261856 0.010583 0.999601 0.746933
330 339 10 0.999351 0.0179691 -0.0312113 0.605091 -0.0184888 0.999694 -0.0164431 -0.0885343 0.0309063 0.0170095 0.999378 0.791218
330 340 70 0.999275 0.0187132 -0.0331475 -0.437313 -0.0194543 0.999565 -0.0221792 0.198864 0.0327181 0.022808 0.999204 -0.877046
330 341 109 0.998284 0.0222496 -0.0541729 0.411101 -0.0232669 0.999563 -0.0182224 0.184401 0.0537438 0.0194515 0.998365 -0.892744
330 342 43 0.997961 0.0246463 -0.0588709 0.658965 -0.0256065 0.99955 -0.0156108 0.321149 0.0584596 0.0170865 0.998144 -0.680168
330 343 63 0.997923 0.0236257 -0.0599212 0.214434 -0.0239388 0.999703 -0.00451177 0.0930266 0.0597968 0.00593684 0.998193 -0.972298
330 344 12 0.99826 0.0324889 -0.0491993 -0.497401 -0.0321191 0.99945 0.0082885 0.0899381 0.0494415 -0.00669384 0.998755 -0.862846
345 346 0 1 0 0 0 0 1 0 0 0 0 1 0
345 347 23 0.999972 0.00368671 -0.00643906 0.41654 -0.00359269 0.999888 0.0145531 -0.0030967 0.00649199 -0.0145295 0.999873 0.909112
345 348 23 0.999925 0.0031731 -0.0118052 0.410819 -0.00303622 0.999928 0.0115948 0.00483908 0.0118411 -0.0115581 0.999863 0.911704
345 349 22 0.99988 0.0012971 -0.0154271 -0.430401 -0.00114045 0.999948 0.0101585 -0.0363933 0.0154395 -0.0101397 0.999829 -0.901904
345 350 203 0.998227 0.00698134 -0.0591029 0.97144 -0.0068495 0.999974 0.00243305 0.221074 0.0591183 -0.00202392 0.998249 -0.0862036
345 351 24 0.999755 0.00161947 -0.0220721 0.461372 -0.00127104 0.999875 0.0157909 -0.0778006 0.0220949 -0.015759 0.999632 0.883789
345 352 22 0.999667 0.0014397 -0.0257819 -0.417483 -0.000876775 0.999761 0.0218321 0.0107178 0.0258072 -0.0218022 0.999429 -0.908621
345 353 39 0.999518 0.0102965 -0.029278 0.558713 -0.00935457 0.99944 0.0321287 0.0366298 0.0295925 -0.0318393 0.999055 0.828552
345 354 19 0.999581 0.0100371 -0.0271447 0.347387 -0.00898538 0.999215 0.0385926 0.0298249 0.0275107 -0.0383325 0.998886 0.937247
345 355 0 1 0 0 0 0 1 0 0 0 0 1 0
345 356 0 1 0 0 0 0 1 0 0 0 0 1 0
345 357 117 0.998905 0.0136702 -0.0447462 0.518713 -0.0134358 0.999894 0.00553655 0.815465 0.0448171 -0.00492929 0.998983 0.256815
345 358 15 0.999388 -0.0100349 -0.0334986 -0.399932 0.0106854 0.999757 0.019295 -0.0446757 0.0332968 -0.0196411 0.999252 -0.915456
345 359 0 1 0 0 0 0 1 0 0 0 0 1 0
360 361 18 0.999989 0.00217502 -0.00403971 0.395767 -0.00218174 0.999996 -0.00165942 -0.14278 0.00403609 0.00166821 0.99999 0.907184
360 362 10 0.999967 0.00733908 0.00349333 -0.952207 -0.00734618 0.999971 0.00202511 -0.305454 -0.00347836 -0.00205071 0.999992 -0.000923282
360 363 10 0.999663 0.00882525 -0.0243963 0.150019 -0.00894669 0.999948 -0.00487326 0.055433 0.024352 0.00508989 0.99969 -0.987128
360 364 0 1 0 0 0 0 1 0 0 0 0 1 0
360 365 140 0.999221 0.00440211 0.0392204 -0.949433 -0.00436039 0.99999 -0.00114912 -0.117064 -0.0392251 0.000977207 0.99923 0.291331
360 366 0 1 0 0 0 0 1 0 0 0 0 1 0
360 367 122 0.997257 0.00667243 -0.0737196 0.914584 -0.00829853 0.999728 -0.0217737 0.33156 0.0735543 0.0223257 0.997041 -0.231524
360 368 14 0.998939 0.0010536 -0.0460514 -0.591547 -0.00159558 0.99993 -0.011734 0.0993696 0.0460358 0.011795 0.99887 -0.800123
360 369 0 1 0 0 0 0 1 0 0 0 0 1 0
360 370 29 0.998024 0.00318306 -0.0627478 0.632507 -0.00434294 0.999822 -0.0183571 -0.158089 0.0626782 0.0185933 0.997861 0.758249
360 371 13 0.99794 0.0130189 -0.0628237 0.517073 -0.0145406 0.99961 -0.023825 -0.0425972 0.062489 0.0246894 0.99774 0.854881
360 372 12 0.997638 0.0163629 -0.0667074 0.44852 -0.0181087 0.999507 -0.0256505 -0.139158 0.0662548 0.0267979 0.997443 0.882873
360 373 11 0.997141 0.0126673 -0.0744891 0.163855 -0.0146806 0.99954 -0.0265438 -0.207169 0.0741185 0.0275614 0.996869 0.964486
360 374 32 0.996507 0.0208177 -0.0808712 0.335947 -0.0231977 0.999322 -0.0286021 -0.0661129 0.0802209 0.0303782 0.996314 0.939558
375 376 12 0.999828 0.00663148 -0.0173161 0.950923 -0.00680828 0.999925 -0.0101712 0.291591 0.0172473 0.0102874 0.999798 -0.103544
375 377 22 0.999959 0.00296854 -0.00854182 0.320848 -0.00305495 0.999944 -0.0101212 -0.0975054 0.0085113 0.0101468 0.999912 0.942098
375 378 16 0.999851 -0.0029813 -0.0169986 -0.284723 0.0027308 0.999888 -0.0147407 0.0445636 0.0170406 0.0146921 0.999747 -0.957573
375 379 157 0.99901 -0.00874086 -0.0436123 0.709193 0.00697615 0.999157 -0.040453 0.65416 0.0439291 0.0401087 0.998229 -0.262907
375 380 18 0.999553 -0.00405099 -0.0296152 0.44558 0.00337681 0.999735 -0.0227793 0.0625077 0.0296996 0.0226691 0.999302 -0.893057
375 381 0 1 0 0 0 0 1 0 0 0 0 1 0
375 382 0 1 0 0 0 0 1 0 0 0 0 1 0
375 383 20 0.998974 0.00115808 -0.0452683 0.0930736 -0.00216494 0.999751 -0.0221993 0.0469784 0.0452314 0.0222746 0.998728 -0.99455
375 384 64 0.998327 0.00375725 -0.0576958 0.446861 -0.00524755 0.999656 -0.0257005 0.267917 0.0575794 0.0259603 0.998003 -0.853543
375 385 28 0.998683 0.00633749 -0.050907 0.111328 -0.00744289 0.99974 -0.021554 0.199687 0.0507571 0.0219045 0.998471 -0.973515
375 386 16 0.998457 0.00902638 -0.0547992 0.268611 -0.0100245 0.999788 -0.0179672 -0.146654 0.0546254 0.0184888 0.998336 0.952019
375 387 12 0.997875 -0.00628876 -0.0648564 0.260939 0.004784 0.999716 -0.0233307 -0.214332 0.0649847 0.0229709 0.997622 0.941261
375 388 0 1 0 0 0 0 1 0 0 0 0 1 0
375 389 0 1 0 0 0 0 1 0 0 0 0 1 0
390 391 0 1 0 0 0 0 1 0 0 0 0 1 0
390 392 0 1 0 0 0 0 1 0 0 0 0 1 0
390 393 0 1 0 0 0 0 1 0 0 0 0 1 0
390 394 0 1 0 0 0 0 1 0 0 0 0 1 0
390 395 0 1 0 0 0 0 1 0 0 0 0 1 0
390 396 0 1 0 0 0 0 1 0 0 0 0 1 0
390 397 0 1 0 0 0 0 1 0 0 0 0 1 0
390 398 0 1 0 0 0 0 1 0 0 0 0 1 0
390 399 0 1 0 0 0 0 1 0 0 0 0 1 0
390 400 0 1 0 0 0 0 1 0 0 0 0 1 0
390 401 0 1 0 0 0 0 1 0 0 0 0 1 0
390 402 0 1 0 0 0 0 1 0 0 0 0 1 0
390 403 0 1 0 0 0 0 1 0 0 0 0 1 0
390 404 0 1 0 0 0 0 1 0 0 0 0 1 0
405 406 15 0.999935 0.0112933 0.00143868 -0.200597 -0.0112898 0.999933 -0.00242753 -0.265078 -0.001466 0.00241113 0.999996 -0.94313
405 407 28 0.999951 0.00977671 -0.00125445 0.455973 -0.00978819 0.999907 -0.00949737 -0.197901 0.00116148 0.00950919 0.999954 0.867712
405 408 0 1 0 0 0 0 1 0 0 0 0 1 0
405 409 111 0.999261 0.012919 -0.0362017 0.692189 -0.0142942 0.999176 -0.0379898 0.684854 0.0356811 0.0384792 0.998622 -0.227706
405 410 27 0.999765 0.0162951 -0.0143115 0.134157 -0.0165448 0.99971 -0.0175093 0.178867 0.0140221 0.017742 0.999744 -0.974684
405 411 0 1 0 0 0 0 1 0 0 0 0 1 0
405 412 25 0.999533 0.0247857 -0.0178733 0.0943869 -0.0251356 0.999491 -0.0196256 0.112387 0.0173778 0.0200657 0.999648 -0.989172
405 413 73 0.996935 0.0414462 -0.0663517 0.478264 -0.0370578 0.997127 0.0660567 -0.866876 0.0688989 -0.0633954 0.995607 -0.140675
405 414 38 0.999003 0.0353365 -0.0272692 0.144003 -0.0357476 0.999252 -0.0147393 0.0573257 0.026728 0.0156994 0.999519 -0.987915
405 415 36 0.99893 0.0403666 -0.0225697 -0.173812 -0.0406518 0.999097 -0.0123223 0.0952747 0.0220519 0.0132266 0.999669 -0.980159
405 416 26 0.998568 0.0411363 -0.0341914 0.160922 -0.0414315 0.99911 -0.00797078 0.135244 0.0338331 0.00937597 0.999384 -0.977657
405 417 0 1 0 0 0 0 1 0 0 0 0 1 0
405 418 45 0.817046 -0.188611 -0.54485 0.537167 -0.184386 0.809883 -0.556859 0.622565 0.546294 0.555442 0.626934 0.569091
405 419 97 0.998258 0.0256293 -0.0531339 -0.00781269 -0.0254295 0.999667 0.00443358 0.0353134 0.0532298 -0.0030747 0.998578 -0.999346
420 421 11 0.999988 0.00370646 -0.00327173 0.443383 -0.00373412 0.999957 -0.00848934 0.896196 0.00324012 0.00850146 0.999959 -0.0155966
420 422 14 0.999923 0.0115357 -0.00465811 0.535115 -0.0115607 0.999919 -0.00538543 0.0697073 0.0045956 0.00543886 0.999975 0.841899
420 423 94 0.999694 0.000898445 -0.0247194 0.407815 -0.00224117 0.99852 -0.0543448 0.91285 0.024634 0.0543836 0.998216 -0.0197775
420 424 60 0.999437 0.0183566 -0.0280986 0.458931 -0.0200544 0.997913 -0.0613819 0.88305 0.0269132 0.0619108 0.997719 0.0980067
420 425 0 1 0 0 0 0 1 0 0 0 0 1 0
420 426 0 1 0 0 0 0 1 0 0 0 0 1 0
420 427 32 0.999496 0.0180502 -0.0261014 -0.0535869 -0.0185308 0.999661 -0.0182914 -0.181103 0.0257624 0.0187659 0.999492 0.982003
420 428 0 1 0 0 0 0 1 0 0 0 0 1 0
420 429 0 1 0 0 0 0 1 0 0 0 0 1 0
420 430 57 0.999454 0.00988882 -0.031519 -0.662312 -0.0094694 0.999865 0.0134286 0.0605623 0.0316475 -0.0131228 0.999413 -0.746777
420 431 130 0.985023 0.0164338 -0.171641 0.914163 -0.0206085 0.999533 -0.0225689 0.298944 0.17119 0.0257681 0.984901 0.273747
420 432 135 0.991619 0.017577 -0.127992 0.938948 -0.0137983 0.999444 0.03035 -0.224835 0.128454 -0.0283295 0.991311 0.260432
420 433 115 0.993398 0.0149065 -0.113745 0.967315 -0.0146763 0.999888 0.00286125 0.247892 0.113775 -0.00117302 0.993506 0.0534017
420 434 125 0.990252 0.0198908 -0.13786 0.950665 -0.0179591 0.999723 0.0152422 -0.0186651 0.138124 -0.0126178 0.990335 0.309658
435 436 30 0.999969 0.00762392 -0.00218413 0.0180772 -0.00762362 0.999971 0.000143541 0.176174 0.00218516 -0.000126886 0.999998 -0.984193
435 437 0 1 0 0 0 0 1 0 0 0 0 1 0
435 438 15 0.999645 0.0010389 -0.026636 0.790922 -0.000639223 0.999887 0.0150091 0.273917 0.0266486 -0.0149867 0.999533 -0.547185
435 439 192 0.998954 -0.00171301 -0.0456891 0.794329 0.00180678 0.999996 0.00201127 0.566743 0.0456855 -0.00209172 0.998954 0.218733
435 440 10 0.999546 -0.00432151 -0.0298148 -0.581847 0.00480429 0.999858 0.0161403 -0.0936591 0.0297408 -0.0162762 0.999425 0.807888
435 441 35 0.999414 -0.00555654 -0.0337809 0.351358 0.00621512 0.999792 0.0194219 0.110286 0.033666 -0.0196205 0.999241 -0.929723
435 442 26 0.999235 -0.00313665 -0.038991 -0.124659 0.00395319 0.999774 0.0208823 -0.165588 0.0389167 -0.0210205 0.999021 0.978284
435 443 212 0.99777 -0.00410108 -0.0666166 0.892872 0.0053142 0.999823 0.0180435 -0.0355711 0.0665308 -0.0183573 0.997615 0.448903
435 444 13 0.999091 -0.003387 -0.0424958 0.445485 0.00414481 0.999834 0.0177571 0.0527414 0.0424286 -0.0179171 0.998939 -0.893735
435 445 27 0.999177 -0.000477993 -0.04056 -0.182492 0.00127034 0.999809 0.0195116 -0.0303869 0.0405429 -0.019547 0.998987 0.982738
435 446 17 0.999123 -0.00432174 -0.0416379 -0.0844173 0.00493483 0.999881 0.0146329 0.0564121 0.0415697 -0.0148255 0.999026 0.994832
435 447 24 0.998989 -0.000145273 -0.0449597 -0.150177 0.000683901 0.999928 0.0119651 -0.0489914 0.0449548 -0.0119837 0.998917 0.987445
435 448 179 0.999637 -0.0140956 0.0229487 -0.971492 0.013964 0.999885 0.00588385 0.135484 -0.023029 -0.00556126 0.999719 -0.194545
435 449 157 0.983371 0.0280773 -0.179424 0.905755 -0.0200464 0.998721 0.046417 -0.282299 0.180498 -0.0420483 0.982676 0.316092
450 451 13 0.999965 0.00647001 0.00539368 -0.157188 -0.00640714 0.999912 -0.0115947 -0.124487 -0.00546823 0.0115597 0.999918 0.979691
450 452 22 0.999905 0.0109215 0.00837779 0.140264 -0.0107524 0.999743 -0.0199738 0.184396 -0.00859377 0.0198818 0.999765 -0.972792
450 453 11 0.999925 0.010429 0.0064979 -0.449094 -0.0102789 0.999689 -0.0227153 -0.389317 -0.00673278 0.0226468 0.999721 0.804206
