0 1 29 0.999995 0.00266401 -0.00159578 0.114527 -0.00265999 0.999993 0.00251584 -0.10239 0.00160248 -0.00251159 0.999996 0.988129
0 2 0 1 0 0 0 0 1 0 0 0 0 1 0
0 3 379 0.999705 0.0133268 -0.020305 0.971574 -0.0132463 0.999904 0.00409249 0.157308 0.0203576 -0.00382231 0.999785 0.176914
0 4 68 0.999893 0.0145953 -0.00103744 0.643689 -0.0145862 0.999859 0.00828996 0.0913128 0.00115829 -0.00827394 0.999965 0.75982
0 5 0 1 0 0 0 0 1 0 0 0 0 1 0
0 6 12 0.999989 0.0037696 -0.00271216 0.836491 -0.00377272 0.999992 -0.00114926 -0.363358 0.00270781 0.00115948 0.999996 0.410188
0 7 104 0.999894 0.00985509 -0.0106776 0.982139 -0.00992731 0.999928 -0.00673266 -0.108737 0.0106105 0.00683795 0.99992 -0.153557
0 8 12 0.99999 0.00265086 0.00366191 -0.959031 -0.00260308 0.999912 -0.0129934 0.141422 -0.00369603 0.0129837 0.999909 0.245476
0 9 195 0.999983 -0.00158899 0.00552633 -0.87867 0.00168035 0.999861 -0.016567 0.00336573 -0.00549924 0.016576 0.999847 0.477417
0 10 194 0.999543 7.00239e-05 -0.0302286 0.996178 -0.000546295 0.999876 -0.0157477 -0.0301456 0.0302238 0.015757 0.999419 -0.0819822
0 11 317 0.999344 0.00365987 -0.0360367 0.989969 -0.00409893 0.999918 -0.0121173 -0.128342 0.0359894 0.0122571 0.999277 -0.0590746
0 12 94 0.99998 0.00348262 -0.0052181 0.992056 -0.00356927 0.999854 -0.016689 -0.124431 0.00515922 0.0167073 0.999847 0.0185106
0 13 362 0.999244 0.00490442 -0.0385551 0.988325 -0.00537937 0.999911 -0.0122245 -0.132521 0.0384918 0.0124227 0.999182 -0.0751848
0 14 196 0.999553 0.00543701 -0.0293852 0.997082 -0.00598927 0.999806 -0.0187386 0.0261249 0.0292777 0.0189062 0.999393 0.0717216
15 16 60 0.999984 -0.00563228 -6.83272e-05 0.259862 0.00563221 0.999984 -0.000882016 0.0605168 7.32939e-05 0.000881617 1 -0.963747
15 17 41 0.99993 -0.0115038 -0.00268254 0.47712 0.0114961 0.99993 -0.00288307 0.120112 0.00271552 0.00285203 0.999992 -0.870591
15 18 145 0.999792 -0.0125199 -0.0161225 0.873162 0.0124046 0.999897 -0.00723034 0.376961 0.0162113 0.00702884 0.999844 -0.309011
15 19 247 0.99981 -0.0116887 -0.0156151 0.84512 0.0116993 0.999931 0.000587153 0.132142 0.0156071 -0.000769726 0.999878 -0.517986
15 20 141 0.999854 -0.00918481 -0.0144024 0.995752 0.00919942 0.999957 0.000948632 0.0791123 0.0143931 -0.00108099 0.999896 0.0471085
15 21 259 0.999743 -0.0124942 -0.0189063 0.907919 0.0122982 0.99987 -0.0104514 0.0803315 0.0190344 0.0102162 0.999767 -0.411377
15 22 373 0.999682 -0.00563663 -0.0245609 0.935047 0.00543839 0.999952 -0.00813085 0.0515474 0.0246056 0.0079947 0.999665 -0.350756
15 23 137 0.999972 0.00204487 -0.00721468 0.847145 -0.00216616 0.999856 -0.0168442 0.0915623 0.00717919 0.0168594 0.999832 -0.523413
15 24 170 0.999547 0.00462599 -0.0297394 0.985353 -0.00537872 0.999666 -0.0252808 0.0567689 0.0296125 0.0254293 0.999238 -0.160798
15 25 211 0.999375 0.00154396 -0.0353149 0.920567 -0.00267512 0.999484 -0.032006 0.0510677 0.0352473 0.0320805 0.998864 -0.387231
15 26 327 0.999881 -0.00243723 0.015231 -0.83899 0.00285834 0.999613 -0.027688 -0.0188409 -0.0151576 0.0277282 0.999501 -0.54382
15 27 444 0.998078 0.0159802 -0.0598804 0.976244 -0.0181852 0.99917 -0.0364615 0.189635 0.059248 0.0374804 0.997539 -0.104817
15 28 308 0.998849 0.01715 -0.0447936 0.785345 -0.0183734 0.999465 -0.0270457 0.0774535 0.0443058 0.0278376 0.99863 -0.614195
15 29 261 0.997864 0.0256562 -0.0600792 0.965392 -0.0273376 0.999252 -0.0273338 0.126726 0.059333 0.0289179 0.997819 -0.227946
30 31 35 0.999904 0.0119128 0.00705691 0.413311 -0.0119436 0.999919 0.004332 0.107314 -0.00700473 -0.00441587 0.999966 -0.904244
30 32 377 0.999041 0.00898351 0.0428458 -0.998417 -0.00916779 0.99995 0.00410648 -0.0293111 -0.0428068 -0.00449535 0.999073 0.0479998
30 33 312 0.99907 0.0033332 0.0430003 -0.99589 -0.00346343 0.99999 0.00295437 -0.0218619 -0.04299 -0.00310055 0.999071 0.0878897
30 34 23 0.999936 0.00747858 -0.00847379 0.815306 -0.00746253 0.99997 0.00192468 0.13406 0.00848793 -0.00186132 0.999962 -0.563297
30 35 43 0.999957 0.00126363 -0.00923972 0.862815 -0.00124446 0.999997 0.00208011 0.137319 0.00924232 -0.00206852 0.999955 -0.486512
30 36 141 0.999718 0.00201496 -0.0236674 0.956161 -0.00198075 0.999997 0.00146874 0.0406908 0.0236703 -0.00142144 0.999719 -0.290002
30 37 97 0.999695 0.00620838 -0.0238897 0.894692 -0.00618452 0.99998 0.00107264 0.184089 0.0238959 -0.00092457 0.999714 -0.406985
30 38 169 0.999398 0.0151388 -0.031229 0.816143 -0.0149718 0.999872 0.00557502 0.0953386 0.0313095 -0.00510411 0.999497 -0.569931
30 39 91 0.999683 0.0176286 -0.0179539 0.938465 -0.0174374 0.99979 0.010753 0.0898937 0.0181397 -0.0104365 0.999781 -0.33347
30 40 132 0.999522 0.0170802 -0.0257762 0.929475 -0.0167279 0.999765 0.0138244 0.121254 0.0260062 -0.0133866 0.999572 -0.348387
30 41 111 0.999387 0.00571727 -0.0345508 0.933032 -0.00503064 0.999789 0.0199272 0.137662 0.0346574 -0.0197412 0.999204 -0.332417
30 42 159 0.999959 -0.00307898 0.00849138 -0.962189 0.00288965 0.999749 0.0222202 -0.049502 -0.00855766 -0.0221947 0.999717 -0.267848
30 43 87 0.999135 0.00644964 -0.041086 0.949762 -0.00591514 0.999896 0.0131176 0.176382 0.0411663 -0.0128632 0.99907 -0.258538
30 44 39 0.999646 -0.00805324 0.0253638 -0.611912 0.00740288 0.999644 0.0256313 0.162649 -0.0255612 -0.0254344 0.99935 -0.774021
45 46 330 0.999706 0.00910167 -0.0224679 0.979848 -0.00892586 0.999929 0.00791315 -0.168903 0.0225383 -0.00771028 0.999716 0.10663
45 47 421 0.999712 0.0040901 -0.0236429 0.909646 -0.00384242 0.999937 0.0105119 -0.280531 0.0236844 -0.010418 0.999665 0.306344
45 48 34 0.999991 0.00320926 -0.00280936 0.617299 -0.00322354 0.999982 -0.00509283 0.0422956 0.00279297 0.00510184 0.999983 -0.785591
45 49 260 0.999357 0.00964556 -0.0345448 0.887838 -0.00952058 0.999948 0.00378079 0.0806553 0.0345794 -0.00344947 0.999396 -0.453032
45 50 155 0.999895 0.0110761 0.00936472 -0.955523 -0.0111858 0.999869 0.0117411 0.0149889 -0.00923344 -0.0118446 0.999887 -0.294537
45 51 183 0.997904 0.0217215 -0.0609592 0.951041 -0.0214077 0.999754 0.0057958 -0.162942 0.0610701 -0.00447866 0.998123 0.262625
45 52 156 0.998449 0.0271003 -0.0486345 0.991 -0.0281422 0.999386 -0.0208687 0.0557366 0.048039 0.022205 0.998599 0.121707
45 53 76 0.998784 0.0378479 -0.0315795 0.626571 -0.0383661 0.999136 -0.0159677 0.213458 0.0309478 0.0171599 0.999374 -0.749563
45 54 51 0.998262 0.0524471 -0.0268679 0.995823 -0.0525392 0.998615 -0.0027342 0.0502197 0.0266873 0.00414106 0.999635 -0.0762554
45 55 109 0.998488 0.0510373 -0.0204273 0.982952 -0.0509032 0.998679 0.00703144 0.0331959 0.0207592 -0.00598099 0.999767 -0.18084
45 56 153 0.996657 0.0582492 -0.0572955 0.998657 -0.0575557 0.998249 0.0136815 0.0355601 0.0579921 -0.0103381 0.998264 -0.0376717
45 57 248 0.996071 0.0524299 -0.0713647 0.992678 -0.0516863 0.998589 0.0122285 0.0454134 0.0719051 -0.00849184 0.997375 0.111932
45 58 255 0.996156 0.0541964 -0.0688113 0.997104 -0.05381 0.998523 0.00745676 0.0198383 0.0691138 -0.00372536 0.997602 0.0734216
45 59 219 0.996859 0.051877 -0.0598451 0.99987 -0.051608 0.998649 0.00603202 0.0156409 0.0600772 -0.00292459 0.998189 0.00391924
60 61 0 1 0 0 0 0 1 0 0 0 0 1 0
60 62 86 0.999997 0.00105594 -0.00231964 0.878447 -0.0010494 0.999995 0.00281509 -0.0476515 0.0023226 -0.00281264 0.999993 0.475457
60 63 248 0.999904 -8.4029e-06 -0.0138528 0.974734 -7.5666e-05 0.999982 -0.00606818 0.219154 0.0138526 0.00606865 0.999886 0.0431951
60 64 177 0.999952 -0.00714529 -0.0067015 0.981794 0.00713056 0.999972 -0.00221943 0.06119 0.00671717 0.00217154 0.999975 -0.179825
60 65 54 0.999938 -0.00994271 0.00496576 0.931506 0.00996978 0.999935 -0.00545802 -0.0174054 -0.00491117 0.00550719 0.999973 -0.363309
60 66 534 0.999633 -0.0108994 -0.02481 0.999724 0.0106365 0.999886 -0.0107039 0.0232516 0.0249238 0.0104361 0.999635 -0.00331571
60 67 242 0.999731 -0.0117619 -0.0199687 0.986326 0.0114936 0.999843 -0.0134951 0.163831 0.0201242 0.0132619 0.99971 0.0178897
60 68 335 0.999688 -0.00995922 -0.0229109 0.960956 0.00956977 0.999809 -0.0170456 0.160819 0.0230763 0.0168211 0.999592 0.225169
60 69 277 0.99979 -0.00803644 -0.0188404 0.90477 0.00774559 0.99985 -0.0154604 0.0657829 0.0189619 0.0153112 0.999703 -0.42079
60 70 421 0.999459 -0.00698454 -0.0321407 0.8288 0.00670743 0.999939 -0.00872155 -0.010973 0.0321997 0.00850125 0.999445 -0.559438
60 71 251 0.999409 -0.0111213 -0.0325338 0.923357 0.0108932 0.999915 -0.00718134 0.00017159 0.0326109 0.0068227 0.999445 -0.383942
60 72 487 0.999083 -0.00642155 -0.042334 0.967465 0.00601355 0.999934 -0.00975811 0.0477495 0.0423939 0.00949458 0.999056 -0.248458
60 73 370 0.999187 -0.00417097 -0.0401094 0.924137 0.00384019 0.999958 -0.00832035 0.0197513 0.0401424 0.00815955 0.999161 -0.381551
60 74 186 0.999348 -0.00112271 -0.0360896 0.923411 0.000815549 0.999963 -0.00852464 0.0159184 0.0360978 0.00848965 0.999312 -0.383483
75 76 66 0.999886 0.000281807 0.0150708 -0.951749 -0.000352084 0.999989 0.00466067 -0.252303 -0.0150693 -0.00466545 0.999876 -0.17469
75 77 49 0.999991 0.00307563 -0.00299401 0.978666 -0.00307197 0.999995 0.00122732 0.112848 0.00299777 -0.00121811 0.999995 -0.171694
75 78 122 0.999936 0.00396112 -0.0105653 0.921466 -0.00397161 0.999992 -0.000972018 0.0154878 0.0105614 0.00101392 0.999944 -0.388149
75 79 509 0.99943 0.0129424 -0.0311661 0.994636 -0.0131498 0.999893 -0.00645745 0.0680758 0.0310791 0.00686359 0.999493 -0.0778736
75 80 193 0.999751 0.018913 -0.0118 0.937472 -0.0190327 0.999768 -0.0101132 0.055529 0.011606 0.0103353 0.999879 -0.343603
75 81 468 0.998922 0.022414 -0.0406495 0.91567 -0.023029 0.999626 -0.0147235 0.0404842 0.0403043 0.0156438 0.999065 -0.399886
75 82 488 0.998451 0.0199978 -0.0519214 0.862895 -0.0205702 0.999733 -0.0105116 0.0318888 0.0516974 0.0115634 0.998596 -0.504376
75 83 311 0.999343 0.0214308 -0.0292228 0.860024 -0.0217662 0.9997 -0.0112054 0.118095 0.0289739 0.0118341 0.99951 -0.496399
75 84 218 0.999256 0.0269448 -0.0275772 0.649355 -0.0271966 0.999591 -0.00879688 0.0767345 0.0273289 0.00954035 0.999581 -0.756605
75 85 123 0.999633 0.0269042 0.00313418 0.214402 -0.0269142 0.999633 0.0032134 0.260307 -0.00304658 -0.00329657 0.99999 -0.94142
75 86 132 0.99898 0.0393121 -0.0222127 0.260959 -0.0387323 0.998912 0.0259555 0.116936 0.0232089 -0.0250686 0.999416 0.958241
75 87 371 0.998331 0.0481523 -0.0318732 0.827638 -0.0472386 0.998468 0.0288247 0.192687 0.0332124 -0.027271 0.999076 -0.52715
75 88 269 0.998749 0.0448283 -0.0221525 0.84405 -0.0440849 0.998483 0.0329788 0.176846 0.0235973 -0.031961 0.999211 -0.506266
75 89 325 0.997953 0.0455664 -0.0448696 0.938552 -0.0443994 0.998658 0.02667 0.209177 0.0460246 -0.0246233 0.998637 -0.274528
90 91 29 0.99992 -0.0122464 -0.00321789 0.16598 0.0122125 0.999872 -0.0103568 0.835155 0.00334431 0.0103167 0.999941 -0.524373
90 92 99 0.999789 -0.0189355 -0.00790726 0.176949 0.0188948 0.999808 -0.00518322 0.449836 0.00800389 0.00503272 0.999955 -0.875406
90 93 110 0.999961 0.00175634 -0.00867787 0.157784 -0.00168226 0.999962 0.00853654 0.19128 0.00869254 -0.00852161 0.999926 -0.96877
90 94 265 0.999498 -0.00278802 -0.031571 0.780623 0.00314559 0.999931 0.0112818 -0.120431 0.0315374 -0.0113754 0.999438 -0.613289
90 95 287 0.99901 -0.0085936 -0.0436566 0.868283 0.00876517 0.999955 0.00374016 0.0357173 0.0436224 -0.00411911 0.99904 -0.494781
90 96 292 0.998969 -0.0088878 -0.0445198 0.964842 0.00881466 0.999959 -0.001839 0.038409 0.0445344 0.00144468 0.999007 -0.260009
90 97 116 0.999945 -0.00677759 -0.00799414 -0.203167 0.00673593 0.999964 -0.00522671 -0.194636 0.00802927 0.00517257 0.999954 0.959604
90 98 237 0.999342 -0.00609887 -0.0357525 0.827827 0.00589813 0.999966 -0.00571756 0.0551837 0.0357861 0.00550292 0.999344 -0.558263
90 99 211 0.995642 -0.00444406 -0.0931533 0.937844 0.00348845 0.99994 -0.0104188 0.0728193 0.093194 0.0100484 0.995597 -0.339332
90 100 229 0.997263 -0.0134567 -0.072704 0.882598 0.013108 0.9999 -0.00527139 0.0446653 0.0727677 0.00430396 0.99734 -0.468001
90 101 232 0.996056 0.00120546 -0.0887208 0.936608 -0.00126704 0.999999 -0.000637873 0.00788284 0.08872 0.00074777 0.996056 -0.350291
90 102 279 0.995251 -0.0060918 -0.0971518 0.961009 0.00474571 0.99989 -0.0140805 0.130112 0.0972269 0.0135526 0.99517 -0.243994
90 103 189 0.994179 -0.00904179 -0.107362 0.962523 0.00659177 0.99971 -0.0231531 0.163072 0.107541 0.0223106 0.99395 -0.216695
90 104 191 0.99871 0.0218741 -0.0458319 0.750269 -0.0219524 0.999758 -0.00120692 -0.129034 0.0457944 0.00221148 0.998948 -0.648419
105 106 54 0.999994 0.00337112 0.00103283 -0.00687743 -0.00337399 0.99999 0.00279294 -0.965381 -0.00102341 -0.00279641 0.999996 -0.260753
105 107 21 0.999914 0.0123205 0.00438861 -0.134799 -0.0123129 0.999923 -0.00175837 -0.927708 -0.00440994 0.00170418 0.999989 -0.348118
105 108 45 0.999636 0.0253162 0.0093358 -0.0930885 -0.0253085 0.999679 -0.000934088 -0.948606 -0.00935645 0.000697473 0.999956 -0.302458
105 109 57 0.999214 0.0377382 0.0121064 -0.0673092 -0.0376795 0.999277 -0.00503828 -0.913345 -0.0122878 0.00457815 0.999914 -0.401585
105 110 31 0.999118 0.0401298 0.012335 0.00508795 -0.0399838 0.99913 -0.0118601 -0.852916 -0.0128002 0.0113565 0.999854 -0.522024
105 111 126 0.999189 0.0388739 0.0104657 0.0138493 -0.0388717 0.999244 -0.00041535 -0.837222 -0.0104739 8.19583e-06 0.999945 -0.546688
105 112 214 0.998851 0.0454974 0.0150254 -0.0646636 -0.0458688 0.998625 0.0253719 -0.968411 -0.0138504 -0.0260319 0.999565 -0.24083
105 113 60 0.998891 0.0429815 0.0192251 -0.0311317 -0.0429809 0.999076 -0.000445087 -0.804381 -0.0192264 -0.000381717 0.999815 -0.593297
105 114 112 0.99893 0.0366195 0.0282603 -0.164221 -0.0359389 0.99906 -0.0242281 0.983881 -0.029121 0.0231865 0.999307 -0.070778
105 115 114 0.999124 0.031518 0.02754 -0.130004 -0.0316028 0.999497 0.00264952 -0.848253 -0.0274426 -0.00351753 0.999617 -0.513387
105 116 31 0.999245 0.0306944 0.0238107 0.0214775 -0.0298901 0.998994 -0.033427 0.961263 -0.0248128 0.03269 0.999157 0.274793
105 117 37 0.999069 0.0376189 0.0211114 -0.0974959 -0.0363599 0.997703 -0.057148 -0.947535 -0.0232127 0.0563272 0.998142 -0.304422
105 118 51 0.999363 0.0316549 0.016501 -0.0886914 -0.0303717 0.996874 -0.0729407 -0.782613 -0.0187583 0.072393 0.9972 -0.616158
105 119 30 0.998838 0.0459921 0.0143659 0.0638643 -0.0447273 0.995906 -0.0785535 0.86724 -0.0179199 0.0778197 0.996806 0.493777
120 121 19 0.999889 0.00871738 0.0120416 0.192923 -0.00873484 0.999961 0.00139769 0.205484 -0.012029 -0.00150272 0.999927 -0.959457
120 122 139 0.999897 0.00973136 -0.0105905 0.629401 -0.00997463 0.999682 -0.0231656 0.775702 0.0103617 0.0232688 0.999676 0.0462634
120 123 50 0.999617 0.00312066 0.0275009 0.134763 -0.00355652 0.999869 0.015814 0.3139 -0.0274479 -0.0159057 0.999497 -0.939843
120 124 71 0.999954 -0.00489425 -0.00828581 0.74887 0.00481594 0.999944 -0.00944534 0.662664 0.00833157 0.009405 0.999921 0.00837832
120 125 54 0.998972 -0.0312076 0.0328751 -0.0877658 0.0296659 0.998483 0.0463831 -0.156222 -0.0342727 -0.0453602 0.998383 0.983815
120 126 72 0.998892 -0.0339838 0.0325632 -0.620649 0.0320759 0.997835 0.057423 -0.560183 -0.0344441 -0.0563148 0.997819 0.548625
120 127 92 0.99745 -0.0566225 0.0434524 -0.831159 0.0548112 0.997621 0.0418022 -0.168122 -0.0457159 -0.0393139 0.998181 0.530009
120 128 108 0.99793 -0.0605091 0.0217886 -0.184105 0.0594653 0.997182 0.0457334 -0.365002 -0.0244945 -0.0443431 0.998716 0.912622
120 129 80 0.998606 -0.0303403 0.0431925 -0.338186 0.029469 0.999352 0.0206693 0.261204 -0.0437916 -0.0193676 0.998853 0.904103
120 130 78 0.998266 -0.0449853 0.037958 -0.361953 0.0434912 0.99828 0.0393107 -0.137527 -0.0396611 -0.0375917 0.998506 0.921996
120 131 65 0.99676 -0.0705887 0.0385568 -0.593364 0.0685488 0.996297 0.0518881 -0.31828 -0.0420767 -0.049077 0.997908 0.739335
120 132 11 0.996312 -0.0845789 0.0144481 -0.479156 0.0837393 0.995171 0.0512164 -0.402492 -0.0187102 -0.0498176 0.998583 0.780007
120 133 56 0.994611 -0.0932602 -0.0453017 0.372263 0.097494 0.989936 0.102577 -0.467998 0.0352794 -0.10644 0.993693 0.801497
120 134 106 0.99491 -0.0653933 -0.0766613 0.808057 0.0688053 0.996714 0.0427423 0.214478 0.0736143 -0.0477994 0.996141 0.548674
135 136 56 0.999973 -0.00253536 -0.00682468 0.255006 0.00250889 0.999989 -0.00388366 -0.606652 0.00683445 0.00386643 0.999969 0.752958
135 137 173 0.999886 -0.00521966 -0.0141641 0.261814 0.0051223 0.999963 -0.00690115 -0.550188 0.0141996 0.00682781 0.999876 0.792936
135 138 107 0.999766 -0.00531231 -0.0209847 0.222035 0.00498346 0.999864 -0.0156921 -0.48185 0.0210652 0.0155838 0.999657 0.847656
135 139 109 0.999631 -0.000525299 -0.027168 0.242111 -0.00015033 0.999691 -0.0248605 -0.272305 0.0271727 0.0248554 0.999322 0.931253
135 140 129 0.999375 -0.00509284 -0.0349843 0.24123 0.0040078 0.999511 -0.0310156 -0.191205 0.0351251 0.030856 0.998906 0.951446
135 141 189 0.999115 -0.00041163 -0.0420632 0.196398 -0.00021427 0.999889 -0.0148744 -0.975313 0.0420647 0.0148702 0.999004 0.100956
135 142 258 0.999095 0.00625502 -0.0420689 0.0296651 -0.00875466 0.99819 -0.0594985 0.916448 0.0416206 0.0598129 0.997342 0.399053
135 143 184 0.996458 -0.0264921 -0.0798037 0.20862 0.0387497 0.986964 0.156204 -0.887829 0.0746252 -0.158744 0.984496 0.410168
135 144 154 0.998061 0.0157712 -0.0602115 0.158672 -0.0161948 0.999847 -0.00655326 -0.817702 0.0600989 0.00751566 0.998164 0.553341
135 145 133 0.997789 0.0301754 -0.0592209 -0.0861176 -0.0321973 0.99892 -0.03349 0.878913 0.0581464 0.0353227 0.997683 0.469144
135 146 173 0.990472 0.0304329 -0.134311 0.962239 -0.0354354 0.998758 -0.0350134 0.270444 0.133079 0.0394391 0.99032 -0.0309326
135 147 111 0.997526 0.047204 -0.0520862 0.215736 -0.0478411 0.998794 -0.0110528 -0.249002 0.0515016 0.0135173 0.998581 0.944169
135 148 128 0.998015 0.0310596 -0.0547761 0.207913 -0.0316985 0.999439 -0.0108335 -0.283951 0.0544089 0.0125483 0.99844 0.936026
135 149 90 0.99801 0.0177641 -0.0604944 0.205276 -0.0190751 0.999594 -0.0211631 0.193417 0.0600939 0.0222749 0.997944 0.959402
150 151 124 0.99996 0.00874223 0.00163513 0.169428 -0.00874212 0.999962 -7.32114e-05 0.306114 -0.00163571 5.89139e-05 0.999999 0.936797
150 152 254 0.999985 0.00234175 0.00488835 0.209275 -0.00233369 0.999996 -0.00165348 -0.145524 -0.0048922 0.00164205 0.999987 0.966968
150 153 21 0.999925 0.0106071 -0.0061315 0.980052 -0.0106182 0.999942 -0.00177093 -0.035878 0.00611236 0.00183591 0.99998 -0.195478
150 154 11 0.99995 0.00976674 0.00202277 0.903892 -0.00976346 0.999951 -0.00162796 -0.0954325 -0.00203857 0.00160813 0.999997 -0.41698
150 155 189 0.999991 0.00416481 0.000107089 -0.182831 -0.00416388 0.999963 -0.0075486 -0.102924 -0.000138523 0.00754809 0.999972 0.977742
150 156 515 0.998496 0.00538066 -0.0545659 0.994042 -0.00597861 0.999924 -0.0108011 -0.00900727 0.0545037 0.0111111 0.998452 -0.108625
150 157 478 0.998846 -0.00131255 -0.048014 0.979245 0.000417726 0.999826 -0.018642 0.148877 0.0480301 0.0186005 0.998673 -0.137528
150 158 337 0.999341 0.0068545 -0.0356581 0.998029 -0.00732758 0.999887 -0.0131534 -0.0114888 0.0355639 0.013406 0.999277 -0.0616934
150 159 284 0.999508 0.00885852 -0.0300917 0.997672 -0.00931435 0.999843 -0.0150419 -0.0204171 0.0299537 0.0153147 0.999434 -0.0650595
150 160 435 0.998538 0.0101815 -0.0530917 0.9942 -0.0111926 0.999761 -0.0187833 0.0248599 0.0528877 0.0193501 0.998413 -0.10463
150 161 126 0.999752 0.0147546 -0.0166777 -0.830713 -0.0150515 0.999728 -0.0178225 0.00641546 0.0164102 0.0180691 0.999702 0.556665
150 162 385 0.994325 0.0121078 -0.105697 0.989424 -0.0147417 0.999599 -0.0241738 0.0661858 0.105362 0.0255947 0.994105 -0.129074
150 163 382 0.997184 0.0193268 -0.0724593 0.996811 -0.0204664 0.999678 -0.0150181 -0.0775153 0.0721457 0.0164587 0.997258 -0.018952
150 164 177 0.999533 0.0226618 -0.0205195 0.726501 -0.0230976 0.999507 -0.0212568 0.00688512 0.0200277 0.0217209 0.999563 -0.687131
165 166 513 0.999541 0.00255898 -0.0301982 0.964697 -0.00236877 0.999977 0.00633293 -0.252769 0.0302137 -0.00625849 0.999524 -0.0739465
165 167 401 0.999142 0.0124257 -0.0395202 0.971659 -0.0119787 0.999862 0.0115262 -0.186134 0.039658 -0.0110429 0.999152 -0.145716
165 168 113 0.999837 0.0104192 -0.0147422 0.996632 -0.0103263 0.999926 0.0063634 -0.0724008 0.0148074 -0.00621013 0.999871 0.0385116
165 169 155 0.999664 0.0258977 -0.0010612 0.968797 -0.025895 0.999662 0.00245815 -0.204128 0.0011245 -0.00242985 0.999996 -0.140583
165 170 211 0.999588 0.0283502 -0.00452159 0.992472 -0.0283548 0.999597 -0.000958803 -0.0893991 0.00449259 0.00108662 0.999989 0.0837082
165 171 245 0.999433 0.0276313 -0.0192523 0.96793 -0.0277093 0.999609 -0.00379331 -0.162403 0.01914 0.00432463 0.999807 -0.191666
165 172 261 0.997128 0.031046 -0.06908 0.990232 -0.0320204 0.999402 -0.0130429 0.0360294 0.0686338 0.0152175 0.997526 -0.134695
165 173 136 0.999252 0.0365768 0.0125857 0.69005 -0.0365537 0.99933 -0.00206163 0.0866445 -0.0126526 0.00160003 0.999919 -0.718557
165 174 244 0.999025 0.0393892 -0.0199505 0.981774 -0.039261 0.999206 0.00677822 0.0212005 0.0202016 -0.00598834 0.999778 -0.188865
165 175 222 0.999113 0.040343 -0.0120864 0.958563 -0.0402071 0.999128 0.0112809 -0.0260694 0.0125309 -0.010785 0.999863 -0.283687
165 176 217 0.999321 0.0363839 -0.00586044 0.974179 -0.0363073 0.99926 0.0126975 -0.0713162 0.00631809 -0.0124761 0.999902 -0.214219
165 177 98 0.998624 0.0329187 0.0408157 -0.604183 -0.0331476 0.999438 0.00494461 -0.0672465 -0.04063 -0.00629075 0.999154 0.794003
165 178 328 0.997208 0.0329159 -0.0670348 0.997153 -0.0331228 0.999449 -0.00197628 0.0181816 0.0669329 0.00419114 0.997749 -0.073178
165 179 322 0.997758 0.0335033 -0.0579299 0.991315 -0.0335586 0.999437 1.84566e-05 -0.000992458 0.0578979 0.00192563 0.998321 -0.131504
180 181 122 1 -0.000168286 -0.000258461 -0.262402 0.000168164 1 -0.000471882 -0.0127688 0.00025854 0.000471838 1 -0.964874
180 182 207 0.999935 0.00204101 0.0112109 -0.940592 -0.00208515 0.99999 0.00392643 0.0715967 -0.0112028 -0.00394955 0.999929 -0.331905
180 183 555 0.999353 0.0109859 -0.0342382 0.988004 -0.0106757 0.9999 0.0092313 -0.0947366 0.0343362 -0.00885982 0.999371 -0.121958
180 184 493 0.999528 0.0129847 -0.0278451 0.911824 -0.0126781 0.999857 0.0111569 -0.234973 0.027986 -0.0107986 0.99955 -0.336698
180 185 284 0.999835 0.00777514 -0.0164074 0.943347 -0.00775204 0.999969 0.00147142 0.104338 0.0164183 -0.00134398 0.999864 -0.314976
180 186 102 0.999992 0.00392323 0.000363009 -0.959821 -0.00392329 0.999992 0.000150389 -0.0153917 -0.000362416 -0.000151812 1 -0.280189
180 187 222 0.999867 0.0088764 0.0137089 -0.969112 -0.00881764 0.999952 -0.00434143 0.0633887 -0.0137468 0.00421997 0.999897 -0.238334
180 188 160 0.999857 0.0146415 0.00849828 -0.986157 -0.0146551 0.999891 0.00154249 -0.014811 -0.00847477 -0.00166682 0.999963 -0.165153
180 189 104 0.999651 0.023378 -0.0123359 -0.861093 -0.0233138 0.999714 0.00532379 0.00250369 0.0124569 -0.00503434 0.99991 -0.508442
180 190 447 0.998625 0.0145784 -0.0503613 0.941965 -0.014109 0.999854 0.00966503 -0.193096 0.0504948 -0.00894119 0.998684 -0.274619
180 191 38 0.999885 -0.0151915 -0.000171652 -0.0989146 0.0151919 0.999879 0.00329326 -0.863621 0.000121602 -0.00329548 0.999995 -0.494343
180 192 158 0.999039 0.0370464 -0.023415 0.864918 -0.0368115 0.999268 0.0103871 -0.0672806 0.0237826 -0.00951517 0.999672 0.497384
180 193 355 0.995915 0.0258017 -0.0865298 0.967085 -0.0241637 0.999509 0.0199246 -0.211466 0.0870015 -0.0177523 0.99605 -0.141521
180 194 326 0.996117 0.024587 -0.0845407 0.963356 -0.0228391 0.999506 0.0215806 -0.230931 0.0850295 -0.0195659 0.996186 -0.136441
195 196 33 0.99998 -0.00198887 0.00608263 -0.908354 0.00198508 0.999998 0.000629634 0.036471 -0.00608387 -0.000617546 0.999981 -0.416609
195 197 34 0.999958 0.00872616 0.00286674 -0.024312 -0.00873547 0.999957 0.00325089 0.951157 -0.00283825 -0.00327579 0.999991 0.30775
195 198 467 0.999295 0.0262801 -0.0267994 0.946926 -0.025743 0.999465 0.0201947 -0.296993 0.0273158 -0.0194906 0.999437 -0.122988
195 199 393 0.999282 0.0260559 -0.0275206 0.994455 -0.0257608 0.999607 0.0110232 -0.0492091 0.027797 -0.0103063 0.99956 -0.092935
195 200 127 0.999704 0.0238258 0.00492278 0.250864 -0.0238671 0.999679 0.00849701 -0.213216 -0.00471876 -0.00861199 0.999952 0.944249
195 201 104 0.99953 0.0303822 0.00403217 0.260093 -0.0303831 0.999538 0.000167847 -0.447989 -0.00402521 -0.000290278 0.999992 0.85537
195 202 138 0.999714 0.0222156 0.00882965 0.00804527 -0.0218818 0.999103 -0.0362542 0.902687 -0.00962714 0.0360506 0.999304 0.430222
195 203 365 0.998725 0.0426823 -0.026962 0.900167 -0.0433781 0.998726 -0.0257693 -0.0924727 0.0258278 0.026906 0.999304 -0.425614
195 204 279 0.999665 0.0206328 0.0156388 -0.0518106 -0.0195292 0.997514 -0.0677058 0.928787 -0.0169968 0.0673777 0.997583 0.366976
195 205 62 0.999753 0.0103105 0.0196854 0.165977 -0.0101695 0.999922 -0.00724601 0.339147 -0.0197586 0.00704403 0.99978 -0.925976
195 206 178 0.999664 0.0153322 0.020884 0.0476973 -0.0150996 0.999823 -0.01125 0.771977 -0.0210528 0.0109309 0.999719 0.633858
195 207 306 0.998865 0.0423464 -0.0218117 0.967684 -0.0423865 0.9991 -0.00137522 0.0325833 0.0217338 0.00229818 0.999761 -0.250051
195 208 379 0.995137 0.0342397 -0.0923561 0.996045 -0.0337758 0.999408 0.00658126 -0.0832172 0.0925267 -0.00342985 0.995704 -0.0311288
195 209 262 0.999174 0.0364615 -0.0179218 0.986259 -0.0366596 0.999269 -0.0108503 0.0288995 0.017513 0.0114983 0.999781 -0.16266
210 211 42 0.999936 -0.0112809 0.000304266 -0.16372 0.0112811 0.999936 -0.000475907 -0.545644 -0.000298878 0.000479309 1 -0.821869
210 212 55 0.999931 -0.0116088 -0.00176746 0.044253 0.0115989 0.999918 -0.00550768 0.827339 0.00183125 0.0054868 0.999983 0.559957
210 213 170 0.999672 -0.0232582 -0.0106868 0.272351 0.023452 0.999556 0.0183863 -0.191228 0.0102544 -0.0186309 0.999774 0.943004
210 214 346 0.999969 0.0068377 0.00379643 -0.157346 -0.00634317 0.993023 -0.117747 0.985901 -0.00457506 0.117719 0.993036 -0.0569267
210 215 331 0.999964 -0.00791611 -0.00317185 -0.107282 0.00768574 0.997721 -0.0670309 0.989167 0.00369525 0.0670041 0.997746 0.100194
210 216 300 0.999991 0.00422027 -0.000603156 -0.141126 -0.00426263 0.99204 -0.125852 0.987803 6.72237e-05 0.125854 0.992049 -0.0657988
210 217 184 0.99945 -0.0298952 -0.0143859 0.0974617 0.0298512 0.999549 -0.00326516 0.657918 0.014477 0.00283392 0.999891 0.746756
210 218 106 0.999159 -0.0378447 -0.0157788 0.101851 0.0378607 0.999283 0.000712783 0.688669 0.0157406 -0.00130958 0.999875 0.717887
210 219 82 0.999225 -0.0348836 -0.0182616 0.292919 0.0350642 0.999338 0.0096664 -0.299525 0.0179123 -0.0102992 0.999787 0.908011
210 220 112 0.999288 -0.0325724 -0.0190145 0.178816 0.0327328 0.999431 0.00818375 0.470394 0.0187371 -0.00880033 0.999786 0.864149
210 221 119 0.999076 -0.0365035 -0.0226711 -0.164097 0.0370714 0.998996 0.0251531 -0.422412 0.0217302 -0.0259704 0.999427 -0.891426
210 222 175 0.959949 -0.012954 -0.279876 0.955164 0.0418785 0.994343 0.0976164 -0.25912 0.277028 -0.105427 0.95506 0.143242
210 223 57 0.999649 -0.021858 -0.0150007 0.296974 0.0220915 0.999634 0.0155839 -0.200623 0.0146546 -0.0159098 0.999766 0.933572
210 224 206 0.984374 0.0119466 -0.175685 0.943577 0.00253687 0.99663 0.0819849 -0.304254 0.176073 -0.0811494 0.981027 0.13074
225 226 110 0.999995 0.00165306 -0.00269024 0.26141 -0.00164492 0.999994 0.00302721 0.0250194 0.00269523 -0.00302276 0.999992 0.964903
225 227 146 0.99995 0.00949246 -0.00314213 0.2567 -0.00947877 0.999946 0.00434255 0.0456449 0.00318318 -0.00431255 0.999986 0.965413
225 228 62 0.999953 0.00972524 -0.000627924 -0.797145 -0.00972396 0.999951 0.00201311 0.0988904 0.000647471 -0.00200691 0.999998 -0.595635
225 229 363 0.999379 0.0193742 -0.0294419 0.998459 -0.0193766 0.999812 0.000205629 0.00708293 0.0294404 0.000364982 0.999566 0.0550382
225 230 306 0.999463 0.0295281 0.014189 0.0642125 -0.0290359 0.999009 -0.0337266 0.805391 -0.0151708 0.0332965 0.99933 0.589256
225 231 20 -0.758873 0.173388 0.627733 -0.0532684 0.410566 0.875598 0.254486 -0.287979 -0.505517 0.450849 -0.735655 0.956154
225 232 42 0.997012 0.0696074 -0.0334855 0.727233 -0.0675394 0.995949 0.0593658 -0.315499 0.0374821 -0.0569268 0.997675 0.609584
225 233 138 0.999712 0.00386359 -0.0236874 0.24662 -0.00229142 0.997814 0.0660429 -0.26135 0.0238908 -0.0659696 0.997536 0.933207
225 234 59 0.999629 0.0254983 -0.00961043 -0.870886 -0.0247316 0.997036 0.0728596 -0.0927026 0.0114397 -0.0725949 0.997296 0.482664
225 235 55 0.999579 0.021569 0.0194162 -0.777336 -0.0229242 0.997104 0.0725159 -0.0899376 -0.0177959 -0.0729305 0.997178 0.622624
225 236 210 0.999804 0.0195503 0.00321349 0.299446 -0.0197405 0.996801 0.0774454 -0.233552 -0.00168913 -0.0774936 0.996991 0.925087
225 237 248 0.999905 0.0128856 0.00481894 0.238355 -0.013157 0.998031 0.0613304 0.316248 -0.00401917 -0.061388 0.998106 0.918245
225 238 200 0.999963 0.0051552 0.00694812 0.275481 -0.00561974 0.997629 0.0685868 -0.249434 -0.00657807 -0.0686233 0.997621 0.928382
225 239 295 0.999562 0.0203052 0.0215287 0.153265 -0.0201176 0.999758 -0.00889804 0.611666 -0.0217042 0.00846104 0.999729 0.776128
240 241 143 0.999998 -0.00172891 0.000638816 0.325986 0.00172703 0.999994 0.00293581 -0.249876 -0.000643888 -0.00293471 0.999995 0.911754
240 242 171 0.999992 -0.00242073 0.00331099 0.310582 0.00242087 0.999997 -3.97182e-05 -0.123949 -0.00331088 4.77334e-05 0.999995 0.942431
240 243 68 0.999974 -0.00565603 0.00451046 -0.814263 0.00567573 0.999974 -0.00436758 -0.0901698 -0.00448564 0.00439306 0.99998 0.57345
240 244 203 0.99964 -0.0100827 0.0248619 -0.90572 0.0103519 0.999889 -0.0107258 -0.0638837 -0.024751 0.0109793 0.999633 0.419036
240 245 387 0.99975 -0.0030107 -0.0221754 0.983986 0.00279838 0.99995 -0.00959925 -0.177472 0.0222032 0.00953479 0.999708 -0.0166115
240 246 268 0.999906 -0.00397322 -0.0131182 0.895616 0.00374185 0.999838 -0.0176148 0.0263054 0.0131861 0.0175641 0.999759 -0.44405
240 247 287 0.999796 -0.00144476 -0.0201705 0.896052 0.00120666 0.99993 -0.0118118 0.0547149 0.0201861 0.011785 0.999727 -0.440564
240 248 439 0.998982 0.00774695 -0.0444335 0.928818 -0.00790084 0.999963 -0.00328877 0.0200034 0.0444064 0.00363648 0.999007 -0.369996
240 249 446 0.998804 0.0109186 -0.0476521 0.932475 -0.0109494 0.99994 -0.00038698 0.0539246 0.047645 0.00090828 0.998864 -0.357186
240 250 405 0.998446 0.00461209 -0.0555409 0.951574 -0.00418277 0.99996 0.00784349 0.00189115 0.0555749 -0.00759899 0.998426 -0.307414
240 251 421 0.994426 0.0173032 -0.104006 0.978053 -0.0152579 0.999675 0.0204287 0.0024201 0.104326 -0.0187279 0.994367 -0.208344
240 252 360 0.994609 0.0287715 -0.099622 0.961186 -0.0264099 0.99934 0.0249441 0.0271338 0.100274 -0.0221786 0.994713 -0.274563
240 253 265 0.997933 0.0227286 -0.0601035 0.96921 -0.0215193 0.999554 0.0206915 0.04171 0.060547 -0.0193554 0.997978 -0.242676
240 254 404 0.99832 0.0290217 -0.0501499 0.922253 -0.0281057 0.999427 0.018875 0.0798347 0.050669 -0.0174338 0.998563 -0.378252
255 256 157 0.999895 0.0106084 -0.00991806 0.61941 -0.0104517 0.999822 0.015725 -0.384111 0.0100831 -0.0156197 0.999827 -0.684683
255 257 420 0.999014 0.0250616 -0.0366512 0.980994 -0.0242535 0.999456 0.0223303 -0.184831 0.0371909 -0.0214194 0.999079 -0.0590563
255 258 167 0.999442 0.0323295 -0.00839023 0.744025 -0.0322109 0.999384 0.013912 -0.35304 0.00883484 -0.013634 0.999868 0.567265
255 259 175 0.998722 0.0489512 -0.0126001 0.876719 -0.0488343 0.998762 0.0094273 -0.47258 0.013046 -0.00879994 0.999876 -0.0896197
255 260 87 0.998221 0.054675 0.0237696 -0.912561 -0.0543149 0.998403 -0.0155395 -0.0253 -0.0245813 0.0142208 0.999597 0.408158
255 261 300 0.998198 0.059716 -0.00581317 0.911553 -0.0598076 0.998063 -0.0171265 0.0475412 0.00477918 0.0174433 0.999836 -0.408426
255 262 327 0.9969 0.0709562 -0.0339808 0.861225 -0.0710721 0.997469 -0.00221592 -0.0462898 0.0337375 0.00462414 0.99942 -0.506111
255 263 335 0.997062 0.0701871 -0.0306901 0.858201 -0.0701268 0.997533 0.00303698 -0.0404807 0.0308275 -0.000875856 0.999524 -0.511715
255 264 348 0.997043 0.0667241 -0.0381157 0.893443 -0.0666862 0.997771 0.00226789 0.0298812 0.0381821 0.000280603 0.999271 -0.448182
255 265 245 0.99728 0.065256 -0.034282 0.859805 -0.0652158 0.997869 0.00229047 0.0503617 0.0343584 -4.85154e-05 0.99941 -0.508133
255 266 335 0.996348 0.069019 -0.0502658 0.962883 -0.0690315 0.997613 0.00148893 0.022805 0.0502486 0.00198643 0.998735 -0.268956
255 267 209 0.996981 0.0691336 -0.0353465 0.950224 -0.0694458 0.997556 -0.00768104 0.038486 0.0347291 0.0101125 0.999346 -0.309181
255 268 134 0.998312 0.0576837 -0.00681326 0.964809 -0.0577977 0.998168 -0.0179129 -0.0850243 0.00576749 0.0182764 0.999816 0.248825
255 269 164 0.998503 0.0479495 -0.0263124 0.94107 -0.0486542 0.998455 -0.0268322 0.0549916 0.0249852 0.0280722 0.999294 -0.333711
270 271 90 0.999997 0.00236098 -0.000695313 0.324003 -0.0023613 0.999997 -0.000455727 0.0223932 0.000694235 0.000457368 1 0.945791
270 272 89 0.999981 0.00393454 0.00475858 -0.975996 -0.00393406 0.999992 -0.000110412 0.120695 -0.00475898 9.16894e-05 0.999989 -0.181287
270 273 27 0.999897 0.00869782 -0.0114014 -0.791975 -0.00869193 0.999962 0.0005657 0.147162 0.0114059 -0.000466542 0.999935 -0.592553
270 274 113 0.999854 0.00592041 -0.0160469 -0.635867 -0.00594357 0.999981 -0.00139594 0.154041 0.0160383 0.00149111 0.99987 -0.75627
270 275 115 0.999731 0.00890542 -0.0213954 -0.695588 -0.00886902 0.999959 0.00179559 0.076442 0.0214105 -0.00160535 0.999769 -0.714362
270 276 16 0.999606 0.00576731 -0.027456 -0.988575 -0.00582508 0.999981 -0.00202479 -0.0520478 0.0274438 0.00218393 0.999621 -0.141462
270 277 212 0.999587 0.00834847 -0.0274955 -0.77629 -0.0084834 0.999953 -0.00479453 0.0746644 0.0274542 0.0050258 0.99961 -0.625939
270 278 217 0.997633 0.01941 -0.0659663 0.900673 -0.0194253 0.999811 0.000408223 0.111019 0.0659617 0.000874161 0.997822 -0.420075
270 279 375 0.996668 0.0275556 -0.0767678 0.861524 -0.0270067 0.999602 0.00817984 0.132062 0.0769627 -0.00607934 0.997015 -0.490242
270 280 275 0.995836 0.0270083 -0.0870659 0.978936 -0.0264479 0.999621 0.00758306 0.0221195 0.0872377 -0.00524877 0.996174 -0.202967
270 281 325 0.994516 0.0315401 -0.0997161 0.920781 -0.0310068 0.999495 0.00689332 0.103218 0.0998832 -0.00376364 0.994992 -0.376175
270 282 155 0.998388 0.0188572 -0.0535397 -0.980446 -0.0184408 0.999796 0.0082618 -0.00805239 0.0536846 -0.00726117 0.998532 -0.196623
270 283 216 0.994213 0.0282562 -0.103647 0.922548 -0.0279936 0.9996 0.00398759 0.0897173 0.103718 -0.00106307 0.994606 -0.375308
270 284 261 0.991408 0.03184 -0.126874 0.842707 -0.0316879 0.999493 0.00321743 0.130576 0.126912 0.00083057 0.991914 -0.522298
285 286 74 0.999996 0.000644166 -0.00279798 -0.0164037 -0.000647322 0.999999 -0.00112749 0.0445847 0.00279725 0.00112929 0.999995 -0.998871
285 287 139 0.99979 -0.000530407 -0.0204619 0.75124 0.000457793 0.999994 -0.00355327 0.271461 0.0204637 0.00354316 0.999784 -0.601621
285 288 132 0.999868 0.00178077 -0.0161661 0.263158 -0.00168097 0.999979 0.00618505 0.267889 0.0161768 -0.00615705 0.99985 -0.926814
285 289 165 0.999479 0.00486808 -0.0318975 0.597319 -0.00429666 0.99983 0.0179584 0.243333 0.0319795 -0.017812 0.99933 -0.764198
285 290 155 0.998887 0.00327335 -0.0470509 0.868351 -0.00205845 0.999664 0.0258463 0.163449 0.0471197 -0.0257207 0.998558 -0.468242
285 291 234 0.99745 0.0120918 -0.070339 0.919217 -0.00975264 0.999391 0.0335047 0.125117 0.0707013 -0.0327333 0.99696 -0.373344
285 292 304 0.995412 0.0268007 -0.0918546 0.983604 -0.0234035 0.999009 0.0378645 0.14605 0.0927783 -0.035541 0.995052 -0.105795
285 293 344 0.996746 0.0265632 -0.0761023 0.863056 -0.0232667 0.998766 0.0438799 0.221525 0.077174 -0.0419665 0.996134 -0.453939
285 294 158 0.996902 0.0213654 -0.0756977 0.810864 -0.0177487 0.998683 0.0481328 0.154773 0.0766264 -0.0466401 0.995968 -0.564398
285 295 234 0.994931 0.0328286 -0.0950528 0.963974 -0.0286799 0.998589 0.0446885 0.177514 0.0963858 -0.0417358 0.994469 -0.1981
285 296 226 0.994095 0.0386181 -0.101411 0.803056 -0.033985 0.998315 0.047024 0.166841 0.103056 -0.0432999 0.993733 -0.572071
285 297 247 0.990156 0.0561225 -0.128225 0.943017 -0.0496791 0.997363 0.0529103 0.110843 0.130856 -0.0460194 0.990333 -0.31374
285 298 176 0.992069 0.0532142 -0.11387 0.943683 -0.0471292 0.997347 0.0554807 0.0945209 0.11652 -0.0496741 0.991945 -0.317063
285 299 171 0.988985 0.0677009 -0.131626 0.9799 -0.0613759 0.996783 0.0515347 0.0838216 0.134692 -0.0428883 0.989959 -0.181024
300 301 17 0.999982 -0.00463445 -0.00381219 -0.782277 0.00465577 0.999973 0.00560178 0.145369 0.00378613 -0.00561943 0.999977 -0.605732
300 302 96 0.99974 -0.000957393 -0.0227765 0.963144 0.00113613 0.999969 0.00783558 0.162148 0.0227683 -0.00785943 0.99971 -0.214621
300 303 429 0.997769 0.00782156 -0.0662968 0.986435 -0.00756536 0.999963 0.00411454 0.145449 0.0663266 -0.0036038 0.997791 -0.0760924
300 304 253 0.999461 0.0148413 -0.0292951 0.974 -0.0145199 0.999832 0.0111523 0.0171148 0.0294557 -0.0107209 0.999509 0.225899
300 305 143 0.999604 0.0206351 -0.0191452 0.727331 -0.0204212 0.999728 0.0113009 -0.130415 0.0193732 -0.0109054 0.999753 0.673781
300 306 407 0.997455 0.0345466 -0.062371 0.957989 -0.034458 0.999403 0.00249621 -0.0231006 0.06242 -0.000340676 0.99805 0.285873
300 307 85 0.999294 0.0295639 -0.0231702 0.998078 -0.0297322 0.999534 -0.00695679 0.0123056 0.0229537 0.00764078 0.999707 -0.0607326
300 308 388 0.997665 0.0391062 -0.0560016 0.980251 -0.039819 0.999139 -0.0116677 0.0162543 0.0554971 0.0138704 0.998363 -0.197089
300 309 180 0.999367 0.0290798 -0.0205032 0.784464 -0.02945 0.999404 -0.0179913 -0.133828 0.0199678 0.0185838 0.999628 0.605563
300 310 127 0.999444 0.0242383 -0.0228797 0.998552 -0.0248902 0.99928 -0.0286514 -0.021711 0.0221688 0.0292049 0.999328 -0.04922
300 311 73 0.999709 0.0194432 -0.0142811 0.988507 -0.0199806 0.999059 -0.0385078 0.0825456 0.013519 0.038782 0.999156 0.126651
300 312 265 0.999393 0.0116164 -0.0328482 0.932116 -0.0130548 0.99895 -0.0439179 0.0704803 0.0323036 0.04432 0.998495 -0.355235
300 313 251 0.999556 0.00366132 -0.029574 0.979166 -0.00506199 0.998862 -0.0474265 0.0895591 0.0293667 0.0475551 0.998437 -0.182246
300 314 333 0.997895 0.000402682 -0.0648536 0.989687 -0.00399587 0.998463 -0.0552844 0.0644019 0.0647316 0.0554272 0.996362 -0.127956
315 316 65 0.999991 -0.00182341 0.00373122 0.232493 0.00181852 0.999997 0.00131403 0.0684884 -0.0037336 -0.00130723 0.999992 -0.970184
315 317 75 0.99996 -0.00604571 0.00658393 0.334756 0.00603302 0.99998 0.00194557 0.155033 -0.00659556 -0.00190578 0.999976 -0.929464
315 318 208 0.999988 -0.00348767 -0.00342011 0.873487 0.00350266 0.999984 0.00438449 0.217558 0.00340477 -0.00439641 0.999985 -0.435532
315 319 228 0.999527 -0.00321358 0.0305791 -0.962377 0.00270821 0.999859 0.0165537 -0.259789 -0.030628 -0.0164631 0.999395 0.0796316
315 320 497 0.999963 0.00297811 -0.00809417 0.973401 -0.00289982 0.999949 0.00966728 0.179867 0.00812255 -0.00964345 0.999921 -0.141912
315 321 88 0.999606 -0.000751119 0.028048 0.50787 0.0003756 0.99991 0.0133913 -0.245892 -0.0280555 -0.0133755 0.999517 0.825594
315 322 200 0.999825 0.0101494 0.0157174 0.911338 -0.0103055 0.999898 0.00988573 0.150533 -0.0156155 -0.010046 0.999828 -0.383148
315 323 465 0.999838 0.0155254 0.00910122 0.933465 -0.0155927 0.999851 0.00737012 0.178207 -0.00898544 -0.00751084 0.999931 -0.311263
315 324 490 0.99989 0.0143029 -0.00399895 0.884714 -0.01427 0.999865 0.0081277 0.1863 0.00411466 -0.00806974 0.999959 -0.427286
315 325 192 0.999671 0.0104259 0.0234537 0.298169 -0.0107804 0.999829 0.0150404 0.272195 -0.0232929 -0.0152882 0.999612 -0.91488
315 326 215 0.999757 0.0102331 0.0195286 0.357556 -0.0105784 0.999788 0.0176614 0.25755 -0.0193437 -0.0178637 0.999653 -0.897676
315 327 276 0.999925 0.0108607 0.00570125 0.662343 -0.0109685 0.999755 0.0192281 0.237346 -0.00549102 -0.0192891 0.999799 -0.710611
315 328 225 0.999849 0.0155454 0.0077074 0.405834 -0.0157469 0.999517 0.0268064 0.167731 -0.00728695 -0.0269237 0.999611 -0.898424
