0 1 27 0.999875 0.00314114 -0.0155257 0.950965 -0.00303763 0.999973 0.00668594 -0.308698 0.0155463 -0.00663794 0.999857 0.0192819
0 2 13 0.999938 0.00673894 -0.00886223 0.911654 -0.00669161 0.999963 0.00535972 -0.140362 0.00889802 -0.00530008 0.999946 0.386245
0 3 14 0.999954 0.00907513 -0.0032609 0.974065 -0.00905306 0.999936 0.00672084 0.221526 0.00332168 -0.00669101 0.999972 0.0460738
0 4 38 0.999925 0.0119343 0.00258174 0.514234 -0.0119602 0.999876 0.0102454 -0.0474488 -0.00245914 -0.0102755 0.999944 0.856336
0 5 370 0.99964 0.0138594 -0.0229745 0.968802 -0.0136831 0.999876 0.00781159 -0.143729 0.0230799 -0.00749442 0.999706 0.201903
0 6 350 0.999535 0.017951 -0.0246439 0.81335 -0.0176522 0.999769 0.0122893 -0.569106 0.0248588 -0.0118486 0.999621 -0.120746
0 7 147 0.999805 0.0127012 -0.0151235 0.975914 -0.0128112 0.999892 -0.00719704 -0.0904224 0.0150304 0.00738939 0.99986 0.198533
0 8 129 0.999853 0.00744602 -0.015434 0.993252 -0.00762527 0.999904 -0.0115881 -0.0683574 0.0153463 0.0117041 0.999814 0.09369
0 9 172 0.999985 -0.000583986 0.00538438 -0.925487 0.000673098 0.999863 -0.0165632 0.0569452 -0.00537397 0.0165666 0.999848 0.374474
0 10 127 0.999745 0.000362722 -0.0225592 0.973329 -0.000709868 0.999881 -0.0153821 -0.113572 0.0225509 0.0153942 0.999627 -0.19933
0 11 100 0.999812 0.00436247 -0.0188999 0.96812 -0.00468583 0.999843 -0.0170991 0.0386932 0.0188223 0.0171844 0.999675 -0.24748
0 12 406 0.999229 0.00635255 -0.0387439 0.989585 -0.00679379 0.999913 -0.0112678 -0.141796 0.038669 0.0115223 0.999186 -0.0247996
0 13 141 0.999826 0.00231025 -0.0185184 0.950294 -0.00260874 0.999867 -0.0161104 -0.0151746 0.0184787 0.0161559 0.999699 -0.310983
0 14 128 0.999915 0.00192459 -0.0128684 0.968544 -0.00216011 0.99983 -0.0183135 -0.0646268 0.012831 0.0183397 0.999749 -0.240302
15 16 16 0.999991 -0.00435352 4.213e-05 0.731124 0.00435359 0.999989 -0.00165502 0.242557 -3.49244e-05 0.00165519 0.999999 -0.637671
15 17 50 0.999937 -0.0107805 -0.0029879 0.391796 0.0107674 0.999932 -0.00437318 0.353486 0.00303484 0.00434074 0.999986 -0.849437
15 18 81 0.999807 -0.0175033 -0.0089541 0.571897 0.0174841 0.999845 -0.00222297 0.202995 0.00899162 0.00206598 0.999957 -0.794812
15 19 71 0.999875 -0.0129003 -0.00912461 0.810324 0.0129116 0.999916 0.00118847 0.174424 0.00910851 -0.00130613 0.999958 -0.55942
15 20 278 0.999809 -0.00889062 -0.0174211 0.992997 0.00890985 0.99996 0.00102642 0.0849541 0.0174112 -0.00118144 0.999848 -0.0820965
15 21 278 0.99977 -0.0107929 -0.0185568 0.882091 0.0105603 0.999865 -0.0125879 0.173065 0.0186902 0.012389 0.999749 -0.438137
15 22 192 0.999778 -0.0077565 -0.019573 0.944319 0.00760803 0.999942 -0.00764864 0.0423397 0.0196312 0.00749803 0.999779 -0.326297
15 23 198 0.999791 -0.0013492 -0.0204 0.938304 0.00107968 0.999912 -0.0132172 0.00730498 0.020416 0.0131924 0.999705 -0.345735
15 24 85 0.999991 -0.000752915 -0.00407451 0.981846 0.000658602 0.999733 -0.0230991 0.0664667 0.00409081 0.0230962 0.999725 -0.177656
15 25 327 0.999055 -0.00139561 -0.0434337 0.947531 7.78848e-05 0.99954 -0.0303257 0.0108328 0.043456 0.0302936 0.998596 -0.319481
15 26 196 0.999202 0.00292227 -0.0398365 0.895135 -0.00432856 0.999369 -0.035261 0.167772 0.0397083 0.0354053 0.998584 -0.41302
15 27 398 0.998834 0.0127099 -0.0465632 0.868444 -0.0140607 0.999486 -0.0287992 0.0394888 0.0461733 0.0294204 0.9985 -0.494211
15 28 315 0.998624 0.017224 -0.0495323 0.908073 -0.0186701 0.999408 -0.0288828 0.132888 0.0490055 0.0297679 0.998355 -0.397171
15 29 283 0.99786 0.0243671 -0.0606729 0.938629 -0.0261404 0.999249 -0.0286069 0.158108 0.0599302 0.0301317 0.997748 -0.306559
30 31 20 0.999888 0.0117162 0.0093564 -0.699707 -0.0117464 0.999926 0.0031715 -0.0234406 -0.00931855 -0.00328105 0.999951 0.714045
30 32 35 0.999871 0.0118271 0.0108566 -0.610288 -0.0118618 0.999925 0.00313823 -0.0128204 -0.0108186 -0.0032666 0.999936 0.792076
30 33 45 0.999917 0.00961411 0.00852736 -0.926265 -0.0096339 0.999951 0.00228311 -0.0787157 -0.00850499 -0.00236507 0.999961 0.368561
30 34 15 0.999961 0.00680519 -0.00560513 0.999351 -0.00678587 0.999971 0.00345805 0.0145685 0.0056285 -0.00341988 0.999978 0.032944
30 35 89 0.999824 0.00633874 -0.0176316 0.996145 -0.00630363 0.999978 0.00204637 0.0846962 0.0176441 -0.00193487 0.999842 -0.0228542
30 36 161 0.999875 -0.00773054 0.0137955 -0.984646 0.00769789 0.999967 0.00241845 -0.0522673 -0.0138137 -0.00231195 0.999902 0.166555
30 37 146 0.999376 0.00667612 -0.034696 0.965183 -0.00665425 0.999978 0.000745611 0.13985 0.0347002 -0.000514269 0.999398 -0.221051
30 38 163 0.999374 0.0160857 -0.0315183 0.945306 -0.0158934 0.999854 0.00633971 0.124617 0.0316156 -0.00583481 0.999483 -0.301443
30 39 66 0.999869 0.0157234 -0.00382166 -0.988373 -0.0156771 0.999807 0.0118476 -0.113508 0.00400721 -0.0117862 0.999923 0.101162
30 40 105 0.99984 0.014677 -0.0102506 0.807347 -0.0145343 0.999798 0.0138674 0.166619 0.0104521 -0.0137162 0.999851 -0.566064
30 41 110 0.99952 0.00240659 -0.0308972 0.869905 -0.00180313 0.999807 0.0195441 0.138256 0.0309383 -0.019479 0.999331 -0.473446
30 42 104 0.999437 0.00378991 -0.0333361 0.953292 -0.00317727 0.999825 0.0184117 0.0873194 0.0334 -0.0182954 0.999275 -0.289152
30 43 113 0.99939 -0.000747109 -0.0349257 0.876309 0.00129682 0.999876 0.0157195 0.176715 0.0349096 -0.0157552 0.999266 -0.448168
30 44 139 0.998 0.0110461 -0.0622477 0.981105 -0.00946768 0.999628 0.0255949 0.0929138 0.0625072 -0.0249543 0.997732 -0.169704
45 46 38 0.999966 0.0066279 -0.00489338 0.942297 -0.00660738 0.999969 0.00419791 -0.128289 0.00492105 -0.00416543 0.999979 0.309223
45 47 210 0.999681 0.00430968 0.0249061 -0.760059 -0.00429403 0.999991 -0.000681907 -0.112469 -0.0249089 0.000574741 0.99969 0.640047
45 48 63 0.999995 0.00305402 -0.00116336 0.903519 -0.00306064 0.999979 -0.00572633 0.170919 0.00114584 0.00572986 0.999983 -0.39299
45 49 175 0.999635 0.00915037 -0.0254044 0.922011 -0.00901874 0.999945 0.00529108 0.0486357 0.0254514 -0.00506004 0.999663 -0.384097
45 50 153 0.999517 0.0148092 -0.0273383 0.954476 -0.0144434 0.999804 0.0135318 -0.0486469 0.0275333 -0.0131304 0.999535 0.294295
45 51 146 0.999768 0.000690237 -0.0215347 0.788011 -0.000444115 0.999935 0.0114318 -0.382832 0.0215412 -0.0114196 0.999703 0.48216
45 52 223 0.998144 0.0313999 -0.0521844 0.992528 -0.0325664 0.999235 -0.0216559 0.0761424 0.0514645 0.0233152 0.998403 0.0953391
45 53 213 0.995844 0.0411324 -0.0812603 0.995915 -0.0428013 0.998905 -0.0189026 0.0454458 0.0803938 0.0223021 0.996514 -0.0780267
45 54 161 0.99758 0.053667 -0.0441955 0.989427 -0.0538847 0.99854 -0.00374841 0.0300487 0.0439299 0.0061208 0.999016 -0.141882
45 55 201 0.997591 0.0579976 -0.0380524 0.987503 -0.0577522 0.998303 0.00751644 0.00016631 0.0384238 -0.00530072 0.999247 -0.157599
45 56 96 0.99875 0.0476083 0.0152183 -0.892143 -0.047839 0.99874 0.0151725 0.0291515 -0.0144768 -0.0158816 0.999769 -0.450812
45 57 203 0.997176 0.0492103 -0.0567286 0.99113 -0.0484382 0.998715 0.014908 0.00995657 0.0573893 -0.0121181 0.998278 0.132521
45 58 160 0.997713 0.0523491 -0.0427617 0.995048 -0.0520882 0.998617 0.00719409 0.0371795 0.0430792 -0.00495025 0.999059 0.0921809
45 59 202 0.996814 0.0517132 -0.0607296 0.998812 -0.0515613 0.998662 0.00406783 0.0481321 0.0608587 -0.000923573 0.998146 -0.00762432
60 61 86 0.999961 -0.0027075 0.00845019 -0.729989 0.00267761 0.99999 0.00354654 0.191281 -0.00845971 -0.00352378 0.999958 -0.656146
60 62 115 0.999996 0.00264956 -0.00117903 0.748471 -0.00264883 0.999996 0.000621391 -0.00355035 0.00118067 -0.000618266 0.999999 0.663158
60 63 22 0.99999 -0.00371769 0.00260209 0.873269 0.00372476 0.999989 -0.00271748 0.028704 -0.00259196 0.00272715 0.999993 -0.486392
60 64 65 0.99991 -0.00915086 0.0097601 -0.96769 0.00915777 0.999958 -0.000663789 -0.0263298 -0.00975361 0.000753111 0.999952 -0.250765
60 65 213 0.999861 -0.00630804 -0.0154441 0.987163 0.00620295 0.999957 -0.00684322 0.11354 0.0154866 0.00674647 0.999857 0.112327
60 66 167 0.999914 -0.0122257 -0.00474353 0.998937 0.0121772 0.999875 -0.0101163 0.0363072 0.00486662 0.0100577 0.999938 -0.0283927
60 67 215 0.999691 -0.012038 -0.0217425 0.984556 0.0117703 0.999854 -0.0123962 0.0925912 0.0218886 0.0121364 0.999687 -0.14858
60 68 212 0.999828 -0.0125595 -0.0136262 0.982333 0.0123737 0.999831 -0.0136325 0.0246711 0.0137951 0.0134615 0.999814 -0.185506
60 69 208 0.999818 -0.00784546 -0.0173633 0.910237 0.00755817 0.999834 -0.0165497 0.0906827 0.0174903 0.0164154 0.999712 -0.404036
60 70 183 0.99979 -0.0130281 -0.0157996 0.858017 0.0128359 0.999843 -0.0122047 0.0833065 0.0159561 0.0119994 0.999801 -0.50682
60 71 188 0.99966 -0.012065 -0.0231336 0.908459 0.011893 0.999901 -0.00756163 0.0496259 0.0232225 0.00728393 0.999704 -0.415018
60 72 322 0.999348 -0.00488265 -0.0357791 0.941979 0.00452631 0.999939 -0.0100338 0.0594583 0.0358259 0.00986526 0.999309 -0.330363
60 73 206 0.999339 -0.00684336 -0.035715 0.922842 0.00654151 0.999942 -0.00856159 0.0244298 0.0357715 0.0083223 0.999325 -0.384404
60 74 307 0.99849 0.00138594 -0.0549074 0.935329 -0.00188115 0.999958 -0.00896837 0.0352296 0.0548927 0.00905812 0.998451 -0.352022
75 76 36 0.999989 0.00444075 0.001172 0.688689 -0.00444288 0.999988 0.00182295 -0.135756 -0.00116389 -0.00182813 0.999998 -0.712234
75 77 34 0.999991 0.00370178 -0.00221836 0.950837 -0.0036988 0.999992 0.00134695 0.00485594 0.00222333 -0.00133874 0.999997 -0.309654
75 78 102 0.999926 0.00630407 -0.0103651 0.897905 -0.0063205 0.999979 -0.00155345 0.0756736 0.0103551 0.00161885 0.999945 -0.433635
75 79 118 0.999845 0.0138287 -0.0108739 0.953487 -0.0138699 0.999897 -0.00373153 0.0596729 0.0108212 0.00388177 0.999934 -0.295468
75 80 200 0.99968 0.0211257 -0.0139042 0.979068 -0.021256 0.999731 -0.00928824 0.0434221 0.0137043 0.00958082 0.99986 -0.198848
75 81 359 0.999293 0.0235077 -0.0293491 0.883021 -0.0239564 0.9996 -0.015031 0.0844606 0.028984 0.0157234 0.999456 -0.461672
75 82 280 0.999334 0.0200348 -0.0305095 0.737723 -0.0204581 0.999698 -0.0136256 0.156812 0.0302273 0.0142407 0.999442 -0.656639
75 83 457 0.998627 0.0241517 -0.0464895 0.953618 -0.0247492 0.999618 -0.0123217 0.124337 0.0461741 0.0134553 0.998843 -0.274142
75 84 314 0.998856 0.0303402 -0.0369484 0.77044 -0.0308234 0.999446 -0.0125769 0.214581 0.0365464 0.0137014 0.999238 -0.600314
75 85 112 0.999201 0.0327411 -0.0229281 0.245651 -0.0327109 0.999463 0.00169209 0.105818 0.0229712 -0.000940733 0.999736 0.963565
75 86 109 0.998342 0.0557477 -0.014362 0.198733 -0.0553782 0.998154 0.0249546 0.277202 0.0157266 -0.0241179 0.999585 0.940034
75 87 317 0.998386 0.046625 -0.0324155 0.852164 -0.0456755 0.998522 0.0294395 0.169212 0.0337402 -0.0279114 0.999041 -0.495161
75 88 379 0.998251 0.045406 -0.037865 0.88963 -0.0443259 0.998599 0.0288932 0.208997 0.0391239 -0.0271642 0.998865 -0.406052
75 89 359 0.997939 0.0490519 -0.041367 0.957395 -0.0480887 0.998555 0.023967 0.285114 0.0424828 -0.0219283 0.998857 0.0458863
90 91 63 0.999972 -0.00612955 -0.00429138 0.180353 0.00615629 0.999962 0.00624619 -0.975809 0.00425293 -0.00627243 0.999971 0.123573
90 92 315 0.999952 -0.00775359 -0.00600749 -0.0406746 0.00792101 0.999566 0.0283648 -0.998316 0.00578495 -0.028411 0.99958 -0.041359
90 93 170 0.999895 -0.0115776 -0.00869408 0.198603 0.0116083 0.999927 0.00349088 0.263155 0.00865302 -0.00359144 0.999956 -0.94409
90 94 132 0.999931 -0.010916 -0.00432567 0.16084 0.0109384 0.999927 0.0051859 0.173296 0.00426874 -0.00523286 0.999977 -0.971648
90 95 280 0.999251 -0.00711841 -0.0380465 0.867787 0.00735619 0.999954 0.0061134 -0.0676608 0.0380012 -0.0063887 0.999257 -0.492309
90 96 213 0.999296 -0.013309 -0.0350783 0.832072 0.0131613 0.999904 -0.00444018 0.151857 0.035134 0.00397538 0.999375 -0.533475
90 97 210 0.999236 -0.00856966 -0.0381377 0.829683 0.00835384 0.999948 -0.00581456 0.0724027 0.0381855 0.00549152 0.999256 -0.553519
90 98 320 0.997795 -0.00807394 -0.0658856 0.936126 0.00710589 0.999864 -0.014914 0.169846 0.065997 0.0144129 0.997716 -0.307931
90 99 277 0.997342 -0.0105439 -0.0720928 0.888834 0.00955139 0.999855 -0.0140985 0.136894 0.072231 0.0133725 0.997298 -0.437303
90 100 258 0.996699 -0.0167801 -0.0794286 0.924707 0.0167119 0.999859 -0.0015243 -0.001892 0.079443 0.000191866 0.996839 -0.380675
90 101 279 0.997053 -0.00622272 -0.0764683 0.946461 0.00581847 0.999968 -0.00550804 0.0865983 0.0765001 0.00504688 0.997057 -0.310987
90 102 259 0.998142 0.00187959 -0.0608966 0.938055 -0.00202516 0.999995 -0.00232876 0.0386715 0.0608919 0.00244776 0.998141 -0.344322
90 103 220 0.997712 -0.00765471 -0.0671664 0.903895 0.00680384 0.999894 -0.0128876 0.108359 0.0672579 0.0124011 0.997659 -0.413802
90 104 261 0.995527 0.00897773 -0.0940519 0.957196 -0.00981151 0.999917 -0.00840641 0.0109461 0.0939686 0.0092916 0.995532 -0.289234
105 106 82 0.999997 -0.000694778 0.00225253 0.165869 0.000705531 0.999988 -0.00477638 0.434534 -0.00224919 0.00477796 0.999986 -0.88525
105 107 48 0.99984 0.0170854 0.00527502 -0.109997 -0.0171118 0.999841 0.00499846 -0.846521 -0.00518878 -0.00508792 0.999974 -0.520868
105 108 34 0.999689 0.0234699 0.00844191 -0.0706722 -0.0234243 0.999711 -0.00545566 -0.977345 -0.00856751 0.00525622 0.999949 -0.199507
105 109 111 0.999155 0.0389492 0.0130965 -0.108715 -0.0389266 0.99924 -0.00197805 -0.896894 -0.0131636 0.00146658 0.999912 -0.428675
105 110 246 0.998283 0.0536983 -0.0234077 0.913599 -0.0541162 0.99838 -0.0175996 -0.0256905 0.0224247 0.0188361 0.999571 -0.405804
105 111 157 0.999303 0.0354025 0.0118803 -0.0363732 -0.035488 0.999345 0.00706389 -0.977465 -0.0116225 -0.00748057 0.999904 -0.207939
105 112 235 0.997717 0.0592363 -0.0324238 0.979027 -0.0595079 0.9982 -0.00747401 -0.0459637 0.0319227 0.00938642 0.999446 -0.198476
105 113 227 0.997937 0.0561004 -0.0312273 0.949674 -0.0563855 0.998374 -0.00832431 0.00156912 0.0307095 0.0100679 0.999478 -0.313235
105 114 218 0.997843 0.0541215 -0.0371629 0.988108 -0.0543787 0.998503 -0.00594579 0.023104 0.0367855 0.00795383 0.999292 -0.152017
105 115 102 0.999186 0.0317543 0.0248994 -0.0405897 -0.0317991 0.999493 0.00140609 -0.860165 -0.0248422 -0.00219672 0.999689 -0.508397
105 116 105 0.999197 0.0327931 0.0230314 -0.0205831 -0.0324466 0.999357 -0.0152615 -0.978286 -0.0235171 0.0145019 0.999618 -0.206233
105 117 45 0.999131 0.035851 0.0212806 0.0983546 -0.0345494 0.997679 -0.0586685 0.947999 -0.0233345 0.0578822 0.998051 0.302695
105 118 41 0.999225 0.0356537 0.0166855 -0.0657032 -0.0342693 0.996445 -0.076962 -0.901544 -0.0193702 0.0763306 0.996894 -0.427669
105 119 43 0.998668 0.0493861 0.0149688 -0.0898814 -0.0482064 0.996315 -0.0709459 -0.893859 -0.0184173 0.0701298 0.997368 -0.439246
120 121 41 0.999904 0.00776484 0.0115117 0.21141 -0.0077952 0.999966 0.00259512 0.344896 -0.0114911 -0.0026846 0.99993 -0.914523
120 122 23 0.999674 0.0200071 0.0158373 -0.970877 -0.0202292 0.999698 0.0139872 -0.0257202 -0.0155526 -0.014303 0.999777 -0.238193
120 123 179 0.998209 0.0135338 0.0582746 -0.943061 -0.0145441 0.999751 0.0169471 -0.018896 -0.0580307 -0.0177643 0.998157 0.332082
120 124 59 0.999322 -0.00949566 0.0355794 -0.146093 0.00852088 0.999587 0.0274496 -0.501121 -0.0358254 -0.0271278 0.99899 0.852957
120 125 71 0.999104 -0.00466001 0.0420749 -0.840367 0.00296888 0.999189 0.0401667 -0.10728 -0.042228 -0.0400058 0.998307 0.531294
120 126 173 0.998623 -0.0269589 0.0450138 -0.771269 0.024853 0.998599 0.0467052 -0.140379 -0.0462099 -0.0455222 0.997894 0.620837
120 127 146 0.998518 -0.046334 -0.0285341 0.891765 0.0471212 0.998509 0.0275648 0.152647 0.0272144 -0.0288685 0.999213 0.425974
120 128 154 0.998327 -0.0533228 0.0223369 -0.135233 0.0523189 0.997689 0.0433471 -0.26097 -0.0245966 -0.042106 0.99881 0.955828
120 129 153 0.998627 -0.0481222 -0.0207032 0.761129 0.0484852 0.998672 0.0174019 0.245481 0.0198383 -0.0183818 0.999634 0.600352
120 130 98 0.99918 -0.0404952 -0.000378823 0.868854 0.0404787 0.998404 0.0393804 -0.094755 -0.0012165 -0.0393634 0.999224 0.485916
120 131 113 0.995438 -0.090995 0.0286901 -0.105068 0.089203 0.994292 0.0585389 -0.498972 -0.033853 -0.0557126 0.997873 0.860225
120 132 121 0.996831 -0.0637687 -0.0475535 0.872223 0.0654616 0.997243 0.0349345 0.178645 0.0451947 -0.0379367 0.998258 0.455316
120 133 129 0.995629 -0.0616827 -0.0701328 0.878358 0.0644777 0.997183 0.0383107 0.202523 0.0675722 -0.0426652 0.996802 0.43298
120 134 139 0.995689 -0.0679375 -0.0631482 0.739053 0.0713807 0.995988 0.0539678 0.04451 0.0592284 -0.0582427 0.996544 0.672175
135 136 54 0.999956 -0.00456304 -0.00821688 0.172202 0.00459517 0.999982 0.003895 -0.948927 0.00819896 -0.00393258 0.999959 0.264357
135 137 276 0.999835 -0.000105299 -0.0181454 0.259562 0.000275881 0.999956 0.00939858 -0.933895 0.0181436 -0.00940204 0.999791 0.245901
135 138 32 0.999606 0.00402146 -0.0277838 0.813684 -0.00460763 0.999767 -0.0210659 0.148912 0.0276927 0.0211856 0.999392 -0.561911
135 139 22 0.999314 0.00389151 -0.0368219 0.989179 -0.0047936 0.99969 -0.0244421 0.0427667 0.0367153 0.0246019 0.999023 0.140339
135 140 178 0.998333 0.00392086 -0.0575846 0.999941 -0.00576542 0.999474 -0.031901 -0.0107567 0.0574292 0.0321798 0.997831 -0.00148078
135 141 87 0.998947 -7.91737e-05 -0.0458837 0.509014 -0.00165421 0.999286 -0.0377386 0.136458 0.0458539 0.0377747 0.998234 -0.849873
135 142 242 0.995998 0.0156851 -0.0879918 0.973684 -0.0182325 0.999435 -0.0282213 -0.033183 0.0874995 0.0297126 0.995721 -0.225474
135 143 134 0.996953 0.0219024 -0.0748731 0.997798 -0.0238223 0.999407 -0.0248465 -0.0358281 0.0742846 0.0265544 0.996883 -0.055815
135 144 129 0.998122 0.0105306 -0.0603493 0.146887 -0.0107863 0.999934 -0.00391193 -0.956792 0.0603042 0.00455553 0.99817 0.250944
135 145 107 0.997644 0.0267319 -0.0631784 0.174866 -0.0272794 0.999597 -0.00781797 -0.760093 0.0629439 0.00952302 0.997972 0.625844
135 146 177 0.994547 0.0431844 -0.0949285 0.963463 -0.0442765 0.998975 -0.00942661 -0.0628618 0.0944241 0.0135783 0.995439 -0.260362
135 147 218 0.997715 0.0404839 -0.0540853 0.157442 -0.0391788 0.99892 0.0249763 -0.934347 0.055038 -0.0228003 0.998224 0.3197
135 148 48 0.996981 0.0455129 -0.0629027 -0.988302 -0.0463281 0.998859 -0.011563 0.127553 0.0623047 0.0144422 0.997953 -0.0836042
135 149 113 0.997925 0.0246367 -0.0594808 0.011156 -0.0266916 0.999065 -0.0340042 0.915221 0.0585874 0.0355213 0.99765 0.402798
150 151 69 0.999983 0.00556187 0.00155687 0.156348 -0.00555824 0.999982 -0.00232905 0.522614 -0.0015698 0.00232036 0.999996 0.838111
150 152 219 0.999984 0.00356835 0.0044132 0.219858 -0.00356203 0.999993 -0.00143852 -0.113538 -0.0044183 0.00142278 0.999989 0.968902
150 153 64 0.999917 0.0109169 0.00683013 0.208689 -0.0109163 0.99994 -0.000121618 0.216763 -0.00683105 4.70485e-05 0.999977 -0.953658
150 154 214 0.999871 0.00164055 -0.0159812 0.92857 -0.00177706 0.999962 -0.00853147 0.320908 0.0159665 0.00855877 0.999836 0.186484
150 155 239 0.999712 0.0112009 -0.0212124 0.933719 -0.0112815 0.99993 -0.00368515 -0.115839 0.0211696 0.0039234 0.999768 0.338749
150 156 30 0.999982 0.00139759 -0.00576747 -0.971326 -0.00145782 0.999944 -0.0104526 0.0902386 0.00575254 0.0104608 0.999929 -0.219961
150 157 385 0.998992 -0.00468299 -0.0446347 0.977287 0.00375717 0.999777 -0.0208034 0.210447 0.0447221 0.0206148 0.998787 0.0249594
150 158 191 0.999609 0.00933142 -0.0263397 0.994039 -0.00965658 0.999878 -0.0122447 -0.0394503 0.0262223 0.0124943 0.999578 -0.10164
150 159 392 0.996748 0.0166302 -0.0788469 0.999475 -0.0178192 0.999738 -0.0144008 -0.0322881 0.0785867 0.015759 0.996783 -0.00275009
150 160 375 0.998159 0.0154659 -0.0586493 0.991839 -0.0164491 0.999732 -0.0163176 -0.0190619 0.0583812 0.0172522 0.998145 -0.126062
150 161 336 0.997463 0.0127942 -0.070028 0.983706 -0.0142119 0.999703 -0.0197828 0.0164099 0.0697541 0.0207278 0.997349 -0.179034
150 162 351 0.996687 0.0145951 -0.0800127 0.993494 -0.0159674 0.999736 -0.016537 -0.0310909 0.0797502 0.0177598 0.996657 -0.10956
150 163 306 0.996972 0.0109038 -0.0769939 0.999508 -0.0125042 0.999715 -0.0203346 -0.0181828 0.0767502 0.0212357 0.996824 -0.0255461
150 164 323 0.997047 0.0234076 -0.0731329 0.993124 -0.0247791 0.999533 -0.0179022 -0.0438196 0.0726797 0.0196615 0.997162 -0.10856
165 166 61 0.999849 0.00211553 -0.0172631 0.958355 -0.00210252 0.999997 0.00077164 -0.148664 0.0172647 -0.000735228 0.999851 -0.243833
165 167 377 0.999172 0.0082594 -0.0398413 0.925522 -0.00779162 0.999899 0.0118822 -0.217995 0.0399354 -0.011562 0.999135 -0.309656
165 168 65 0.999959 0.00880097 -0.00213005 0.975534 -0.00879 0.999948 0.00510753 -0.0416854 0.00217489 -0.00508859 0.999985 0.215859
165 169 336 0.999311 0.0219872 -0.0298943 0.998866 -0.021974 0.999758 0.000770924 -0.0476074 0.0299041 -0.000113495 0.999553 -0.000839334
165 170 41 0.999702 0.0227925 0.00876842 0.991163 -0.0227733 0.999738 -0.00227608 -0.105468 -0.008818 0.00207572 0.999959 0.0804534
165 171 248 0.999174 0.0335217 -0.0229715 0.977554 -0.0335316 0.999438 -4.50499e-05 -0.195537 0.0229571 0.000815285 0.999736 -0.0784389
165 172 290 0.998842 0.0297318 -0.037829 0.948376 -0.0300271 0.999523 -0.0072632 -0.0690302 0.037595 0.00839068 0.999258 -0.309545
165 173 296 0.998795 0.0297601 -0.0390278 0.948388 -0.0300733 0.99952 -0.00746311 0.0753346 0.0387869 0.00862781 0.99921 -0.308033
165 174 210 0.998956 0.0453443 -0.00556542 0.962771 -0.0452893 0.998927 0.00965085 -0.0533973 0.00599706 -0.00938872 0.999938 -0.264993
165 175 313 0.998253 0.0299778 -0.0509047 0.979611 -0.0300221 0.999549 -0.000107107 0.117432 0.0508786 0.00163519 0.998704 -0.163012
165 176 223 0.99922 0.032301 -0.022734 0.976266 -0.0320679 0.99943 0.0105439 -0.0143001 0.0230616 -0.00980667 0.999686 -0.216101
165 177 278 0.997685 0.030156 -0.0609472 0.998703 -0.0301337 0.999545 0.0012859 0.0450332 0.0609583 0.000553643 0.99814 -0.0237668
165 178 203 0.999175 0.0401543 -0.00611687 0.973358 -0.0401167 0.999176 0.00615599 -0.114047 0.00635902 -0.00590552 0.999962 -0.198918
165 179 307 0.998188 0.0377381 -0.0468771 0.982168 -0.0376734 0.999288 0.00226202 -0.0157775 0.0469291 -0.000491899 0.998898 -0.187342
180 181 46 0.999994 -0.00217356 0.0025418 -0.771394 0.00217197 0.999997 0.00062797 0.000987756 -0.00254316 -0.000622446 0.999997 -0.636357
180 182 194 0.999891 0.00715736 0.0129487 -0.98687 -0.00720768 0.999967 0.00384403 0.156167 -0.0129207 -0.00393694 0.999909 0.0412344
180 183 32 1 0.00086171 -0.000373552 -0.957674 -0.000859567 0.999983 0.00569907 0.0596102 0.000378457 -0.00569874 0.999984 -0.281617
180 184 156 0.999863 0.0121518 0.0112613 -0.977039 -0.0122064 0.999914 0.004797 0.113758 -0.011202 -0.0049338 0.999925 -0.180148
180 185 39 0.999873 0.0157978 0.00204265 0.978501 -0.0158092 0.999859 0.00569273 -0.135131 -0.00195243 -0.0057243 0.999982 0.155804
180 186 259 0.999536 0.00743741 -0.0295308 0.99815 -0.00751648 0.999968 -0.00256745 0.0442574 0.0295107 0.00278822 0.999561 -0.0416814
180 187 54 0.999866 0.013164 -0.00973866 0.890453 -0.0131708 0.999913 -0.000634508 -0.00695811 0.00972946 0.000762689 0.999952 0.455022
180 188 71 0.999484 0.0296486 -0.01235 0.92656 -0.029585 0.999548 0.00530175 -0.086324 0.0125016 -0.00493364 0.99991 0.366108
180 189 56 0.999614 0.0254012 -0.0112498 0.986836 -0.025361 0.999671 0.00370396 0.00695644 0.0113402 -0.00341723 0.99993 0.161577
180 190 107 0.999361 0.0334157 -0.0126595 -0.879736 -0.033346 0.999428 0.0056772 0.0651127 0.012842 -0.00525143 0.999904 -0.470983
180 191 266 0.998633 0.00464472 -0.0520553 0.809421 -0.00522954 0.999925 -0.011104 0.182816 0.0519999 0.011361 0.998582 -0.558047
180 192 368 0.997298 0.0202969 -0.0705968 0.9438 -0.0205739 0.999783 -0.00319868 0.110592 0.0705165 0.00464249 0.9975 -0.311466
180 193 246 0.998234 0.0146325 -0.0575699 0.899131 -0.0149677 0.999873 -0.00539518 0.149003 0.0574837 0.00624734 0.998327 -0.411535
180 194 66 0.999921 -0.0108517 -0.00639285 -0.0359636 0.0107873 0.999892 -0.0100265 0.958059 0.00650096 0.00995677 0.999929 0.284307
195 196 123 0.99998 0.00633497 0.000666276 -0.257662 -0.00633426 0.999979 -0.0010595 0.16159 -0.000672974 0.00105526 0.999999 -0.952627
195 197 48 0.999958 0.00856535 0.00310888 0.0158167 -0.00857131 0.999961 0.00190812 -0.944797 -0.00309241 -0.00193469 0.999993 -0.327275
195 198 32 0.999882 0.0153111 -0.00101902 0.903285 -0.0152995 0.999827 0.010555 0.0177661 0.00118045 -0.0105382 0.999944 0.428673
195 199 90 0.999595 0.0284397 -0.000835553 0.430861 -0.0284305 0.999551 0.00951005 0.11031 0.00110564 -0.00948244 0.999954 -0.895651
195 200 356 0.997666 0.0428594 -0.0531558 0.999688 -0.04259 0.999073 0.00619203 0.00324165 0.0533719 -0.00391368 0.998567 0.0247642
195 201 117 0.99965 0.0255646 0.00683339 0.021588 -0.0254502 0.999543 -0.0163257 0.901428 -0.00724763 0.016146 0.999843 0.43239
195 202 94 0.999789 0.0188796 0.00806212 -0.000307237 -0.0186309 0.99938 -0.0298768 0.929457 -0.00862119 0.0297203 0.999521 0.368929
195 203 258 0.999861 0.0125769 0.0109127 -0.0464096 -0.0120113 0.998655 -0.0504374 0.95366 -0.0115323 0.0502993 0.998668 0.297286
195 204 224 0.999863 0.0121653 0.0112032 -0.00783501 -0.0116228 0.998814 -0.0472747 0.886468 -0.0117651 0.047138 0.998819 0.462723
195 205 208 0.999717 0.0171482 0.0164776 -0.00161909 -0.0163039 0.998612 -0.0500727 0.913095 -0.0173134 0.0497899 0.99861 0.407744
195 206 306 0.99714 0.0486801 -0.0578119 0.960998 -0.0488331 0.998806 -0.00123602 0.0444018 0.0576827 0.00405561 0.998327 -0.272969
195 207 277 0.997949 0.0442561 -0.0462537 0.990176 -0.0443339 0.999017 -0.000657656 0.00627504 0.0461791 0.00270691 0.99893 -0.139688
195 208 351 0.995488 0.0513982 -0.0797604 0.99263 -0.051881 0.998645 -0.0039918 -0.00808406 0.0794472 0.00811184 0.996806 -0.120916
195 209 326 0.996642 0.0511974 -0.0639016 0.985266 -0.0517964 0.998628 -0.00775212 0.00385854 0.063417 0.011036 0.997926 -0.170987
210 211 39 0.999957 -0.00922124 0.000650033 -0.108366 0.00922137 0.999957 -0.000196731 -0.728252 -0.000648191 0.000202717 1 -0.676687
210 212 54 0.999769 -0.021327 -0.00265737 0.1224 0.0213212 0.99977 -0.00218491 0.776494 0.00270336 0.00212774 0.999994 0.618123
210 213 220 0.99948 -0.0100431 -0.0306456 0.845258 0.0100978 0.999948 0.00163137 0.312553 0.0306276 -0.00193997 0.999529 -0.433415
210 214 44 0.999625 -0.0242509 -0.012752 0.120261 0.0243366 0.999682 0.00661243 0.590735 0.0125876 -0.00692029 0.999897 0.797853
210 215 259 0.999896 -0.0144023 -0.00088217 -0.167812 0.0143507 0.998961 -0.0432571 0.95579 0.00150426 0.04324 0.999064 0.241461
210 216 197 0.999391 -0.0327999 -0.0119153 0.011651 0.032691 0.999423 -0.00922184 0.767317 0.0122109 0.0088267 0.999886 0.641163
210 217 239 0.997867 -0.0148886 -0.0635563 0.948953 0.015189 0.999876 0.00424677 0.185199 0.0634852 -0.00520307 0.997969 -0.255323
210 218 203 0.99891 -0.00692008 -0.0461522 0.961709 0.00811276 0.999637 0.0257054 -0.274029 0.0459576 -0.0260518 0.998604 -0.00477772
210 219 218 0.995968 -0.00773867 -0.0893801 0.982431 0.00875537 0.999901 0.0109886 0.0527578 0.0892863 -0.0117268 0.995937 -0.179014
210 220 218 0.989883 -0.0142048 -0.141176 0.994475 0.0176087 0.999583 0.0228913 -0.0306662 0.140792 -0.0251457 0.98972 -0.100395
210 221 187 0.994787 0.00105841 -0.101966 0.995377 0.00194046 0.999569 0.0293068 -0.0710913 0.101953 -0.0293518 0.994356 -0.064588
210 222 98 0.999337 -0.0191397 -0.0309647 0.936137 0.0196794 0.999658 0.0172203 0.128635 0.0306245 -0.0178182 0.999372 -0.327261
210 223 103 0.999487 -0.0290525 -0.0134716 0.188276 0.029242 0.999473 0.014089 0.375221 0.0130552 -0.0144757 0.99981 0.907613
210 224 166 0.995623 0.0157947 -0.0921212 0.970977 -0.0115177 0.998839 0.0467766 -0.239169 0.0927531 -0.0455108 0.994648 0.00119651
225 226 88 0.999994 -0.00124616 -0.00317779 -0.277595 0.00125463 0.999996 0.00266396 0.198377 0.00317446 -0.00266793 0.999991 -0.939993
225 227 111 0.999981 0.00271026 -0.00551763 0.275543 -0.00268372 0.999985 0.00481186 -0.185012 0.00553059 -0.00479696 0.999973 0.943317
225 228 309 0.999091 0.0138775 -0.0403086 0.977347 -0.0135478 0.999873 0.00844326 -0.17397 0.0404206 -0.0078895 0.999152 0.120532
225 229 292 0.999549 0.0214082 -0.0210742 0.986921 -0.0213546 0.999768 0.00276564 -0.0971893 0.0211286 -0.00231436 0.999774 0.128609
225 230 108 0.999799 0.0175583 0.00966799 0.293513 -0.0176269 0.99982 0.00705719 -0.278812 -0.00954234 -0.00722619 0.999928 0.914393
225 231 97 0.999763 -0.0105862 0.0190359 -0.0626413 0.0102262 0.999769 0.0189081 -0.293788 -0.0192317 -0.0187089 0.99964 0.953816
225 232 95 0.999868 0.0139083 0.00836921 -0.0815416 -0.0142792 0.998838 0.0460226 0.298898 -0.0077194 -0.046136 0.998905 0.950795
225 233 279 0.993842 0.110146 0.0121027 -0.0764623 -0.101478 0.948575 -0.299847 0.98026 -0.0445074 0.296773 0.95391 0.182331
225 234 118 0.998124 0.0304186 -0.0531244 0.964854 -0.0266854 0.997217 0.0696203 0.0179636 0.0550943 -0.068072 0.996158 0.262173
225 235 119 0.997436 0.0566827 -0.0436788 0.050714 -0.0531268 0.995484 0.0786699 -0.245913 0.0479407 -0.0761477 0.995943 -0.967964
225 236 192 0.999938 0.0106548 0.00321247 0.274447 -0.0108654 0.997136 0.0748499 -0.11829 -0.00240576 -0.0748802 0.99719 0.954299
225 237 307 0.99683 0.0740415 0.0291152 -0.0757872 -0.0684241 0.98456 -0.16112 0.984668 -0.0405952 0.158617 0.986505 0.157116
225 238 238 0.999797 0.0155879 0.0127554 0.157958 -0.0159018 0.999564 0.0248819 0.553811 -0.012362 -0.0250797 0.999609 0.817522
225 239 196 0.999227 0.0228055 -0.0320151 0.985325 -0.0210679 0.99834 0.0536021 0.0174151 0.0331844 -0.0528862 0.998049 0.169797
240 241 84 0.999995 0.00281176 0.00142895 0.290944 -0.00281492 0.999994 0.00221483 -0.241379 -0.00142272 -0.00221884 0.999997 0.92579
240 242 39 0.999989 -0.000763635 -0.00468148 0.841556 0.000758745 0.999999 -0.00104637 -0.198714 0.00468227 0.0010428 0.999988 0.502291
240 243 193 0.999885 -0.00197693 0.0150394 -0.999394 0.0020415 0.999989 -0.00427926 0.0322957 -0.0150308 0.00430948 0.999878 -0.0130116
240 244 170 0.999981 -0.00243216 -0.00560219 0.917218 0.00238728 0.999965 -0.00800484 -0.180683 0.00562147 0.00799131 0.999952 0.355056
240 245 229 0.999943 -0.00396923 -0.0099406 0.99713 0.00383283 0.999899 -0.0137031 -0.0735306 0.00999399 0.0136642 0.999857 -0.0180065
240 246 309 0.999695 -0.0043737 -0.0243245 0.966393 0.00394726 0.999838 -0.0175517 0.0294976 0.0243974 0.0174503 0.99955 -0.255371
240 247 391 0.998286 0.00546083 -0.0582773 0.945052 -0.0054511 0.999985 0.000325868 -0.142388 0.0582782 -7.63354e-06 0.9983 -0.294282
240 248 382 0.999335 0.00221413 -0.0363856 0.958145 -0.00239882 0.999984 -0.00503295 0.0260515 0.0363739 0.00511689 0.999325 -0.285094
240 249 386 0.998961 0.00986934 -0.0444822 0.916954 -0.0100014 0.999946 -0.00274734 0.0962095 0.0444527 0.00318937 0.999006 -0.38722
240 250 266 0.999285 0.00450254 -0.0375386 0.834377 -0.00437212 0.999984 0.00355557 0.117742 0.037554 -0.00338891 0.999289 -0.538471
240 251 395 0.99865 0.00747427 -0.0513954 0.903116 -0.00681273 0.999892 0.0130347 0.0996335 0.0514872 -0.012667 0.998593 -0.417678
240 252 323 0.997852 0.0115394 -0.0644803 0.993292 -0.0101545 0.999712 0.0217646 -0.0180197 0.0647128 -0.0210631 0.997682 -0.114223
240 253 264 0.99774 0.0257754 -0.0620503 0.979764 -0.0244709 0.999465 0.0216923 0.0307455 0.0625763 -0.0201248 0.997837 -0.19778
240 254 362 0.998565 0.0256692 -0.0469982 0.941122 -0.0248124 0.999517 0.0187232 0.0529409 0.0474561 -0.0175302 0.998719 -0.333897
255 256 395 0.999506 0.0100013 -0.0297844 0.821952 -0.00916849 0.999567 0.0279686 -0.499515 0.0300512 -0.0276817 0.999165 -0.273639
255 257 17 0.999807 0.0195837 0.00131221 0.891674 -0.0195992 0.999722 0.0130831 -0.0813559 -0.00105563 -0.0131063 0.999914 0.445307
255 258 114 0.999203 0.0396433 -0.00457693 0.890227 -0.039599 0.999172 0.00938399 -0.0741957 0.00494515 -0.00919527 0.999945 0.449434
255 259 27 0.998699 0.0482719 0.0164488 0.996387 -0.0482315 0.998832 -0.00284777 -0.0775508 -0.0165671 0.00205072 0.999861 0.0346179
255 260 193 0.998034 0.0539409 0.0318992 -0.981558 -0.0534458 0.99844 -0.0161749 0.101753 -0.0327219 0.0144382 0.99936 -0.161831
255 261 234 0.998285 0.0585001 -0.00227095 0.95223 -0.05853 0.998146 -0.0167231 -0.0160475 0.00128844 0.0168274 0.999858 -0.304959
255 262 219 0.997903 0.0643272 -0.00718259 0.789457 -0.0643855 0.997891 -0.00820452 0.0408993 0.00663968 0.00864977 0.999941 -0.612441
255 263 317 0.99725 0.0700523 -0.024196 0.892532 -0.0701258 0.997536 -0.00220204 0.0752083 0.0239821 0.00389275 0.999705 -0.444669
255 264 235 0.997624 0.0641613 -0.02511 0.99109 -0.0641497 0.997939 0.00127022 -0.0857485 0.0251397 0.000343596 0.999684 -0.101917
255 265 387 0.996583 0.0657006 -0.0500634 0.946874 -0.0655725 0.997839 0.00419779 0.0280871 0.050231 -0.000900666 0.998737 -0.320376
255 266 182 0.997599 0.0643052 -0.0257125 0.969672 -0.0642931 0.99793 0.00129513 -0.00960194 0.0257426 0.000361117 0.999669 -0.244221
255 267 222 0.996742 0.0690095 -0.0417459 0.979357 -0.0693861 0.997561 -0.0076388 0.0560155 0.0411169 0.0105105 0.999099 -0.194222
255 268 147 0.998193 0.0558707 -0.0220957 0.845874 -0.0562717 0.998254 -0.0179624 0.0915374 0.0210535 0.0191733 0.999594 -0.52547
255 269 167 0.998552 0.0500707 -0.019665 0.954755 -0.0505636 0.998397 -0.0254233 0.0928311 0.0183605 0.0263809 0.999483 -0.282533
270 271 99 1 -0.000458381 0.000162367 0.316908 0.000458471 1 -0.000554308 -0.197828 -0.000162113 0.000554382 1 0.927596
270 272 51 0.999917 0.00690906 -0.0108886 0.436069 -0.00690166 0.999976 0.000717038 0.141959 0.0108933 -0.000641829 0.99994 -0.888646
270 273 28 0.999931 0.0049212 -0.0106723 -0.880016 -0.00491129 0.999987 0.000955183 -0.0150911 0.0106769 -0.000902702 0.999943 -0.474705
270 274 131 0.999944 0.00200655 -0.0104052 -0.851584 -0.00201306 0.999998 -0.000615184 0.0127057 0.0104039 0.000636096 0.999946 -0.524065
270 275 155 0.999308 0.00974249 -0.035909 0.417033 -0.00966804 0.999951 0.00224652 0.0873688 0.0359291 -0.00189779 0.999353 -0.904682
270 276 222 0.998461 0.0141849 -0.0536126 0.980839 -0.0143073 0.999896 -0.00190083 0.0788753 0.05358 0.00266496 0.99856 -0.178138
270 277 278 0.998325 0.0158941 -0.0556255 0.661415 -0.0162018 0.999856 -0.0050849 0.17759 0.0555367 0.00597762 0.998439 -0.728692
270 278 275 0.996223 0.0265792 -0.0826637 0.903841 -0.0262508 0.999643 0.00505705 0.0396938 0.0827686 -0.00286796 0.996565 -0.426024
270 279 363 0.995158 0.0277709 -0.0942783 0.961841 -0.0270646 0.999595 0.00876146 0.0590759 0.0944834 -0.00616743 0.995507 -0.267156
270 280 190 0.99623 0.0284446 -0.0819519 0.965288 -0.0278771 0.999579 0.00806103 0.031283 0.0821467 -0.00574606 0.996604 -0.259306
270 281 272 0.993589 0.0299254 -0.109017 0.984106 -0.0291179 0.999536 0.00899196 0.016192 0.109236 -0.00575997 0.993999 -0.176841
270 282 327 0.992038 0.0357 -0.120772 0.952522 -0.0347116 0.999345 0.010279 0.0596991 0.121059 -0.00600499 0.992627 -0.298559
270 283 257 0.993999 0.0303434 -0.105099 0.850735 -0.0300386 0.999539 0.00448153 0.0751238 0.105187 -0.0012976 0.994452 -0.520198
270 284 232 0.992586 0.0269742 -0.118513 0.84962 -0.0266249 0.999635 0.00452954 0.0516727 0.118592 -0.00134056 0.992942 -0.524858
285 286 48 0.999983 0.00511505 -0.0028633 -0.0247844 -0.00511745 0.999987 -0.000832378 -0.0651956 0.002859 0.000847016 0.999996 -0.997565
285 287 138 0.999785 -0.00188521 -0.0206315 0.745429 0.00189603 0.999998 0.000505005 -0.0104995 0.0206305 -0.000544014 0.999787 -0.666502
285 288 129 0.999703 0.00509505 -0.0238493 0.843369 -0.00493461 0.999965 0.00678133 0.194627 0.023883 -0.00666162 0.999693 -0.500849
285 289 146 0.999595 0.00389809 -0.0282031 0.504089 -0.00340234 0.999839 0.0176044 0.323247 0.0282672 -0.0175013 0.999447 -0.800878
285 290 199 0.998753 0.00336238 -0.0498111 0.734346 -0.00220372 0.999726 0.0232976 0.273499 0.0498758 -0.0231588 0.998487 -0.621236
285 291 228 0.997405 0.0120441 -0.0709824 0.987471 -0.00976612 0.999429 0.0323517 0.120638 0.0713315 -0.0315745 0.996953 -0.101721
285 292 268 0.996885 0.0213389 -0.0759239 0.938389 -0.0183262 0.999025 0.0401584 0.174467 0.0767068 -0.0386419 0.996305 -0.298307
285 293 132 0.997771 0.0211073 -0.0633075 0.840041 -0.0182436 0.998799 0.0454773 0.201276 0.0641914 -0.044221 0.996957 -0.503805
285 294 264 0.995923 0.0262795 -0.0862941 0.946057 -0.0222621 0.998638 0.0471922 0.146543 0.0874168 -0.0450787 0.995151 -0.288965
285 295 135 0.996444 0.0256489 -0.0802598 0.942108 -0.0218655 0.998624 0.0476684 0.106032 0.081372 -0.045744 0.995634 -0.318104
285 296 249 0.993088 0.0386408 -0.110826 0.9989 -0.0335094 0.998295 0.0477963 0.0456734 0.112484 -0.0437522 0.99269 -0.0106511
285 297 214 0.990511 0.0531367 -0.126749 0.972245 -0.0467998 0.997526 0.0524621 0.123314 0.129223 -0.0460324 0.990547 -0.198829
285 298 228 0.991472 0.0559067 -0.117717 0.956951 -0.0497571 0.997271 0.0545492 0.0871919 0.120445 -0.0482268 0.991548 -0.276844
285 299 140 0.990889 0.0662184 -0.117277 0.966096 -0.0606724 0.996892 0.0502485 0.159285 0.12024 -0.0426753 0.991827 -0.203193
300 301 28 0.999991 -0.00374758 -0.00195887 -0.687297 0.00375839 0.999978 0.00554729 0.0172571 0.00193803 -0.0055546 0.999983 -0.726171
300 302 112 0.999685 -0.00212215 -0.0249894 0.979291 0.0023398 0.99996 0.00868385 0.0474243 0.02497 -0.00873959 0.99965 -0.196824
300 303 436 0.998784 0.00720172 -0.0487727 0.994353 -0.00680155 0.999942 0.0083659 0.105203 0.0488301 -0.00802399 0.998775 -0.0139372
300 304 342 0.999271 0.0170117 -0.0341745 0.992915 -0.0166144 0.999791 0.011878 0.0455444 0.0343695 -0.0113016 0.999345 -0.109749
300 305 274 0.999033 0.023413 -0.0372219 0.988487 -0.0229518 0.999655 0.0127701 -0.0765013 0.0375081 -0.0119034 0.999225 0.13054
300 306 251 0.998821 0.030974 -0.0373778 0.953451 -0.0309315 0.99952 0.00171384 0.0257137 0.0374129 -0.000555664 0.9993 0.30045
300 307 369 0.998326 0.0344187 -0.0464849 0.994511 -0.0346598 0.99939 -0.00439156 -0.0766142 0.0463053 0.00599537 0.998909 0.0712605
300 308 371 0.998164 0.0378822 -0.0472626 0.998991 -0.0384408 0.999201 -0.010967 -0.0131777 0.0468094 0.0127637 0.998822 0.0429304
300 309 210 0.999393 0.0281215 -0.0205677 0.809707 -0.0284832 0.999441 -0.0175078 -0.147935 0.0200638 0.018083 0.999635 0.567882
300 310 252 0.999021 0.0274571 -0.0346949 0.99923 -0.0283893 0.999241 -0.0266692 -0.0247113 0.0339363 0.027628 0.999042 -0.0304852
300 311 238 0.999338 0.0184998 -0.0313362 0.996738 -0.0197416 0.999013 -0.0397934 0.0765962 0.0305691 0.0403857 0.998716 0.0254186
300 312 198 0.999631 0.0101063 -0.0252103 0.991241 -0.0111942 0.998995 -0.0433912 0.0493535 0.0247465 0.0436574 0.99874 -0.122496
300 313 169 0.99967 3.71782e-05 -0.025678 0.979718 -0.00123315 0.998915 -0.0465615 0.0104793 0.0256484 0.0465778 0.998585 -0.200108
300 314 282 0.999111 -0.00482307 -0.0418779 0.99929 0.00257158 0.998556 -0.0536515 -0.00641126 0.0420762 0.0534961 0.997681 0.0371232
315 316 34 0.99999 -0.00325207 0.00315768 0.30858 0.00325198 0.999995 3.28927e-05 0.278609 -0.00315777 -2.26236e-05 0.999995 -0.909481
315 317 110 0.99997 -0.0044882 -0.00630564 0.957006 0.00449271 0.99999 0.000701583 0.112256 0.00630243 -0.000729892 0.99998 -0.267465
315 318 47 0.999962 -0.0056153 0.00667235 0.651594 0.00557892 0.99997 0.0054596 0.28471 -0.0067028 -0.00542217 0.999963 -0.703111
315 319 284 0.999996 0.00213564 -0.00166787 0.886095 -0.00211764 0.99994 0.0107244 0.171581 0.00169067 -0.0107208 0.999941 -0.430577
315 320 119 0.999977 -0.00064135 0.00669478 0.907315 0.00054815 0.999903 0.013914 0.101019 -0.00670305 -0.01391 0.999881 -0.408136
315 321 114 0.999723 0.000999573 0.0235107 0.702244 -0.00134136 0.999894 0.0145263 -0.223309 -0.0234937 -0.0145538 0.999618 0.676008
315 322 113 0.999697 0.00845554 0.0231016 0.824568 -0.00869574 0.999909 0.0103172 0.154867 -0.0230123 -0.0105149 0.99968 -0.544154
315 323 133 0.999764 0.00966423 0.0194365 0.869554 -0.00987496 0.999893 0.0107752 0.106399 -0.0193303 -0.0109646 0.999753 -0.48224
315 324 271 0.999804 0.0122268 0.0155699 0.818115 -0.012392 0.999868 0.0105551 0.200705 -0.0154388 -0.0107459 0.999823 -0.538893
315 325 303 0.99987 0.011608 0.0111705 0.844108 -0.0117684 0.999827 0.0144007 0.170083 -0.0110014 -0.0145303 0.999834 -0.508482
315 326 234 0.999851 0.012829 0.0115861 0.718157 -0.0130165 0.999783 0.0162545 0.25156 -0.011375 -0.0164029 0.999801 -0.64882
