0 1 67 0.999857 0.00950066 -0.0140102 0.955122 -0.00945422 0.99995 0.00337749 0.0104983 0.0140416 -0.00324455 0.999896 0.296026
0 2 799 0.999738 0.012815 -0.0189458 0.842595 -0.0127377 0.99991 0.00419209 -0.144735 0.0189979 -0.00394966 0.999812 0.518735
0 3 788 0.999263 0.00333759 -0.0382495 0.9621 -0.0030981 0.999975 0.00631871 -0.101439 0.0382697 -0.00619555 0.999248 0.253128
0 4 761 0.994765 0.0356033 -0.095783 0.970863 -0.0357582 0.99936 9.85461e-05 -0.0324346 0.0957253 0.003327 0.995402 0.23743
0 5 613 0.992653 0.0533465 -0.108604 0.983835 -0.0542018 0.998518 -0.00493659 -0.0657107 0.10818 0.0107869 0.994073 0.166585
0 6 454 0.974529 0.0758379 -0.211049 0.984503 -0.0695215 0.996887 0.0372001 -0.101782 0.213214 -0.0215801 0.976767 0.142809
0 7 300 0.974628 0.0579964 -0.216188 0.965154 -0.0655343 0.997461 -0.0278571 -0.0509638 0.214024 0.041318 0.975954 0.256672
0 8 157 0.977115 0.084027 -0.19541 0.99495 -0.085171 0.996363 0.00255601 -0.0996714 0.194914 0.0141457 0.980718 0.0118591
0 9 111 0.897652 0.16093 -0.410271 0.99454 -0.154604 0.986771 0.0487966 -0.0998737 0.412696 0.0196272 0.910657 -0.0302603
0 10 75 0.803796 0.185758 -0.565161 0.998957 -0.209468 0.977536 0.0233834 0.0440605 0.556809 0.0995875 0.824649 -0.0119701
0 11 84 0.638432 0.250627 -0.72773 0.989903 -0.219767 0.965496 0.139713 -0.071188 0.737636 0.0707339 0.671483 0.122575
0 12 85 0.981578 0.187115 0.0386369 0.339933 -0.189011 0.980531 0.0532411 0.0955237 -0.0279224 -0.0595631 0.997834 -0.935586
0 13 70 0.875093 0.217096 -0.432529 0.98268 -0.25425 0.966698 -0.029191 0.147535 0.411787 0.135515 0.901147 -0.112129
0 14 45 0.978166 0.206099 -0.0267315 -0.0910303 -0.204807 0.977794 0.0444104 0.14953 0.0352908 -0.0379659 0.998656 -0.984558
0 15 13 0.968803 0.244477 0.0406354 -0.254703 -0.247083 0.965537 0.081785 0.15641 -0.0192404 -0.0892739 0.995821 -0.954286
0 16 30 0.977363 0.210776 0.0183145 -0.206807 -0.211183 0.977147 0.0241861 0.185064 -0.0127981 -0.0275063 0.99954 -0.96072
0 17 0 1 0 0 0 0 1 0 0 0 0 1 0
0 18 0 1 0 0 0 0 1 0 0 0 0 1 0
0 19 0 1 0 0 0 0 1 0 0 0 0 1 0
0 20 0 1 0 0 0 0 1 0 0 0 0 1 0
0 21 0 1 0 0 0 0 1 0 0 0 0 1 0
0 22 0 1 0 0 0 0 1 0 0 0 0 1 0
0 23 0 1 0 0 0 0 1 0 0 0 0 1 0
0 24 0 1 0 0 0 0 1 0 0 0 0 1 0
0 25 0 1 0 0 0 0 1 0 0 0 0 1 0
0 26 0 1 0 0 0 0 1 0 0 0 0 1 0
0 27 0 1 0 0 0 0 1 0 0 0 0 1 0
0 28 0 1 0 0 0 0 1 0 0 0 0 1 0
0 29 0 1 0 0 0 0 1 0 0 0 0 1 0
0 30 0 1 0 0 0 0 1 0 0 0 0 1 0
0 31 0 1 0 0 0 0 1 0 0 0 0 1 0
0 32 0 1 0 0 0 0 1 0 0 0 0 1 0
0 33 0 1 0 0 0 0 1 0 0 0 0 1 0
0 34 0 1 0 0 0 0 1 0 0 0 0 1 0
0 35 0 1 0 0 0 0 1 0 0 0 0 1 0
0 36 0 1 0 0 0 0 1 0 0 0 0 1 0
0 37 0 1 0 0 0 0 1 0 0 0 0 1 0
0 38 0 1 0 0 0 0 1 0 0 0 0 1 0
0 39 0 1 0 0 0 0 1 0 0 0 0 1 0
0 40 0 1 0 0 0 0 1 0 0 0 0 1 0
0 41 0 1 0 0 0 0 1 0 0 0 0 1 0
0 42 0 1 0 0 0 0 1 0 0 0 0 1 0
0 43 0 1 0 0 0 0 1 0 0 0 0 1 0
0 44 0 1 0 0 0 0 1 0 0 0 0 1 0
0 45 0 1 0 0 0 0 1 0 0 0 0 1 0
0 46 0 1 0 0 0 0 1 0 0 0 0 1 0
0 47 0 1 0 0 0 0 1 0 0 0 0 1 0
0 48 0 1 0 0 0 0 1 0 0 0 0 1 0
0 49 0 1 0 0 0 0 1 0 0 0 0 1 0
0 50 0 1 0 0 0 0 1 0 0 0 0 1 0
0 51 0 1 0 0 0 0 1 0 0 0 0 1 0
0 52 0 1 0 0 0 0 1 0 0 0 0 1 0
0 53 0 1 0 0 0 0 1 0 0 0 0 1 0
0 54 0 1 0 0 0 0 1 0 0 0 0 1 0
0 55 0 1 0 0 0 0 1 0 0 0 0 1 0
0 56 0 1 0 0 0 0 1 0 0 0 0 1 0
0 57 0 1 0 0 0 0 1 0 0 0 0 1 0
0 58 0 1 0 0 0 0 1 0 0 0 0 1 0
0 59 0 1 0 0 0 0 1 0 0 0 0 1 0
0 60 0 1 0 0 0 0 1 0 0 0 0 1 0
0 61 0 1 0 0 0 0 1 0 0 0 0 1 0
0 62 0 1 0 0 0 0 1 0 0 0 0 1 0
0 63 0 1 0 0 0 0 1 0 0 0 0 1 0
0 64 0 1 0 0 0 0 1 0 0 0 0 1 0
0 65 0 1 0 0 0 0 1 0 0 0 0 1 0
0 66 0 1 0 0 0 0 1 0 0 0 0 1 0
0 67 0 1 0 0 0 0 1 0 0 0 0 1 0
0 68 0 1 0 0 0 0 1 0 0 0 0 1 0
0 69 0 1 0 0 0 0 1 0 0 0 0 1 0
0 70 0 1 0 0 0 0 1 0 0 0 0 1 0
0 71 0 1 0 0 0 0 1 0 0 0 0 1 0
0 72 0 1 0 0 0 0 1 0 0 0 0 1 0
0 73 0 1 0 0 0 0 1 0 0 0 0 1 0
0 74 0 1 0 0 0 0 1 0 0 0 0 1 0
0 75 0 1 0 0 0 0 1 0 0 0 0 1 0
0 76 0 1 0 0 0 0 1 0 0 0 0 1 0
0 77 0 1 0 0 0 0 1 0 0 0 0 1 0
0 78 0 1 0 0 0 0 1 0 0 0 0 1 0
0 79 0 1 0 0 0 0 1 0 0 0 0 1 0
0 80 0 1 0 0 0 0 1 0 0 0 0 1 0
0 81 0 1 0 0 0 0 1 0 0 0 0 1 0
0 82 0 1 0 0 0 0 1 0 0 0 0 1 0
0 83 0 1 0 0 0 0 1 0 0 0 0 1 0
0 84 0 1 0 0 0 0 1 0 0 0 0 1 0
0 85 0 1 0 0 0 0 1 0 0 0 0 1 0
0 86 0 1 0 0 0 0 1 0 0 0 0 1 0
0 87 0 1 0 0 0 0 1 0 0 0 0 1 0
0 88 0 1 0 0 0 0 1 0 0 0 0 1 0
0 89 0 1 0 0 0 0 1 0 0 0 0 1 0
0 90 0 1 0 0 0 0 1 0 0 0 0 1 0
0 91 0 1 0 0 0 0 1 0 0 0 0 1 0
0 92 0 1 0 0 0 0 1 0 0 0 0 1 0
0 93 0 1 0 0 0 0 1 0 0 0 0 1 0
0 94 0 1 0 0 0 0 1 0 0 0 0 1 0
0 95 0 1 0 0 0 0 1 0 0 0 0 1 0
0 96 0 1 0 0 0 0 1 0 0 0 0 1 0
0 97 0 1 0 0 0 0 1 0 0 0 0 1 0
0 98 0 1 0 0 0 0 1 0 0 0 0 1 0
0 99 0 1 0 0 0 0 1 0 0 0 0 1 0
0 100 0 1 0 0 0 0 1 0 0 0 0 1 0
0 101 0 1 0 0 0 0 1 0 0 0 0 1 0
0 102 0 1 0 0 0 0 1 0 0 0 0 1 0
0 103 0 1 0 0 0 0 1 0 0 0 0 1 0
0 104 0 1 0 0 0 0 1 0 0 0 0 1 0
0 105 0 1 0 0 0 0 1 0 0 0 0 1 0
0 106 0 1 0 0 0 0 1 0 0 0 0 1 0
0 107 0 1 0 0 0 0 1 0 0 0 0 1 0
0 108 0 1 0 0 0 0 1 0 0 0 0 1 0
0 109 0 1 0 0 0 0 1 0 0 0 0 1 0
0 110 0 1 0 0 0 0 1 0 0 0 0 1 0
0 111 0 1 0 0 0 0 1 0 0 0 0 1 0
0 112 0 1 0 0 0 0 1 0 0 0 0 1 0
0 113 0 1 0 0 0 0 1 0 0 0 0 1 0
0 114 0 1 0 0 0 0 1 0 0 0 0 1 0
0 115 0 1 0 0 0 0 1 0 0 0 0 1 0
0 116 0 1 0 0 0 0 1 0 0 0 0 1 0
0 117 0 1 0 0 0 0 1 0 0 0 0 1 0
0 118 0 1 0 0 0 0 1 0 0 0 0 1 0
0 119 0 1 0 0 0 0 1 0 0 0 0 1 0
0 120 0 1 0 0 0 0 1 0 0 0 0 1 0
0 121 0 1 0 0 0 0 1 0 0 0 0 1 0
0 122 0 1 0 0 0 0 1 0 0 0 0 1 0
0 123 0 1 0 0 0 0 1 0 0 0 0 1 0
0 124 0 1 0 0 0 0 1 0 0 0 0 1 0
0 125 0 1 0 0 0 0 1 0 0 0 0 1 0
0 126 0 1 0 0 0 0 1 0 0 0 0 1 0
0 127 0 1 0 0 0 0 1 0 0 0 0 1 0
0 128 19 0.7173 0.477929 -0.507015 0.344228 -0.466271 0.869977 0.160411 0.125157 0.517757 0.121343 0.846879 -0.930507
0 129 0 1 0 0 0 0 1 0 0 0 0 1 0
0 130 0 1 0 0 0 0 1 0 0 0 0 1 0
0 131 0 1 0 0 0 0 1 0 0 0 0 1 0
0 132 0 1 0 0 0 0 1 0 0 0 0 1 0
0 133 0 1 0 0 0 0 1 0 0 0 0 1 0
0 134 0 1 0 0 0 0 1 0 0 0 0 1 0
0 135 0 1 0 0 0 0 1 0 0 0 0 1 0
0 136 0 1 0 0 0 0 1 0 0 0 0 1 0
0 137 0 1 0 0 0 0 1 0 0 0 0 1 0
0 138 0 1 0 0 0 0 1 0 0 0 0 1 0
0 139 0 1 0 0 0 0 1 0 0 0 0 1 0
0 140 0 1 0 0 0 0 1 0 0 0 0 1 0
0 141 0 1 0 0 0 0 1 0 0 0 0 1 0
0 142 36 0.934939 -0.342777 -0.0916087 0.444738 0.27528 0.863679 -0.422231 0.88547 0.223852 0.369542 0.901847 -0.134725
0 143 0 1 0 0 0 0 1 0 0 0 0 1 0
0 144 26 0.96886 -0.193825 0.154083 -0.243871 0.170459 0.973459 0.152713 -0.021026 -0.179593 -0.121693 0.976185 -0.96958
0 145 211 0.952282 0.0691898 -0.297274 0.694785 -0.0523842 0.996565 0.0641414 0.115316 0.300691 -0.0455082 0.952635 -0.709913
0 146 279 0.984996 0.0901154 -0.147178 0.45055 -0.0830306 0.995104 0.0536047 0.125616 0.151288 -0.0405802 0.987656 -0.883869
0 147 361 0.92222 0.205664 -0.327433 0.822385 -0.16921 0.976081 0.136506 -0.0355605 0.347675 -0.0704839 0.934962 -0.567819
0 148 353 0.963497 0.205605 -0.171465 0.484735 -0.18536 0.974444 0.126886 -0.0727321 0.193171 -0.0904718 0.976985 -0.871632
0 149 289 0.900616 0.275265 -0.336334 0.92823 -0.235911 0.959556 0.153617 -0.19107 0.365016 -0.0590051 0.929129 -0.319188
0 150 121 0.963623 0.265467 -0.0309585 0.381748 -0.264389 0.963784 0.0349232 -0.0452563 0.0391083 -0.0254677 0.99891 -0.923158
0 151 117 0.924132 0.278343 -0.261734 0.961778 -0.270947 0.960417 0.0646993 -0.202658 0.269382 0.0111254 0.962969 -0.184156
0 152 82 0.953309 0.199369 0.226834 -0.798029 -0.168804 0.974601 -0.147168 0.0992716 -0.250414 0.102006 0.96275 0.594386
0 153 0 1 0 0 0 0 1 0 0 0 0 1 0
0 154 53 0.950707 0.286866 0.117748 0.256212 -0.279884 0.957298 -0.0724291 -0.302429 -0.133498 0.0359028 0.990399 0.918091
0 155 42 0.766029 0.164936 -0.621286 0.992008 -0.302952 0.945082 -0.122636 0.125541 0.566939 0.282163 0.773928 0.0126428
0 156 37 0.942834 0.33325 0.00305455 0.21253 -0.333187 0.942773 -0.0128869 -0.257761 -0.00717431 0.0111325 0.999912 0.942545
0 157 25 0.953871 0.300168 -0.0053779 0.196698 -0.299587 0.952879 0.0476391 -0.192939 0.0194242 -0.0438304 0.99885 0.961293
0 158 53 0.459254 0.588316 -0.66556 0.716884 -0.153633 0.790561 0.592799 -0.500724 0.874919 -0.169994 0.453453 0.485131
0 159 26 0.962939 0.269709 -0.00240558 0.209124 -0.267173 0.955032 0.128578 -0.111127 0.0369759 -0.12317 0.991697 0.971554
0 160 51 0.670127 0.416757 -0.614202 0.921515 -0.233765 0.903881 0.358265 -0.283069 0.704474 -0.0965035 0.703138 0.265859
0 161 51 0.963817 0.255237 0.0768786 -0.470722 -0.263015 0.957478 0.118568 0.196266 -0.0433466 -0.134499 0.989965 0.860175
0 162 69 0.834437 0.34451 -0.430149 0.970602 -0.258066 0.933922 0.24737 -0.229251 0.486947 -0.0954072 0.868205 0.0733208
0 163 35 0.979062 0.195385 0.057109 -0.323523 -0.201083 0.971943 0.122037 0.106305 -0.0316624 -0.130966 0.990881 -0.94023
0 164 70 0.653774 0.294181 -0.697164 0.997019 -0.287635 0.94879 0.130627 -0.0114662 0.69989 0.115128 0.704911 0.0762971
0 165 129 0.944844 0.232555 -0.230625 0.935217 -0.20101 0.967683 0.152264 -0.111273 0.258581 -0.0975076 0.961056 -0.336136
0 166 120 0.875559 0.259533 -0.40748 0.945662 -0.208989 0.963918 0.164882 -0.014553 0.435569 -0.0592055 0.898206 -0.324825
0 167 128 0.876378 0.269394 -0.399234 0.924755 -0.23 0.9624 0.144523 0.036313 0.423156 -0.0348329 0.905387 -0.378827
0 168 163 0.945881 0.209243 -0.248046 0.769991 -0.169162 0.97022 0.173372 0.00302143 0.276936 -0.122029 0.953108 -0.638048
0 169 208 0.960132 0.169745 -0.222113 0.761197 -0.133021 0.97624 0.171057 -0.0899541 0.245872 -0.134692 0.959899 -0.642251
0 170 162 0.994327 0.074931 -0.0754907 0.364915 -0.0612144 0.983546 0.169968 0.0112331 0.0869845 -0.164383 0.982554 -0.930973
0 171 229 0.988098 0.0502218 -0.145396 0.475979 -0.023652 0.983565 0.179001 0.0210516 0.151996 -0.173431 0.973046 -0.879205
0 172 297 0.94484 0.124642 -0.30289 0.725319 -0.0808154 0.984886 0.153194 0.118361 0.317406 -0.120266 0.940632 -0.678161
1 2 824 0.999294 0.0051531 -0.037227 0.972084 -0.00508429 0.999985 0.00194292 -0.135362 0.0372365 -0.00175227 0.999305 0.191649
1 3 779 0.999725 -0.00782391 -0.0220879 0.959771 0.00782138 0.999969 -0.000201098 -0.0833762 0.0220888 2.82849e-05 0.999756 0.26812
1 4 773 0.993365 0.0299472 -0.111038 0.986537 -0.029747 0.999551 0.00345964 -0.0845862 0.111092 -0.000133647 0.99381 0.139963
1 5 616 0.989992 0.0543049 -0.130259 0.977438 -0.0540364 0.998523 0.00559742 -0.134501 0.13037 0.00149731 0.991464 0.162865
1 6 446 0.9948 0.049332 -0.0891007 0.971126 -0.0482283 0.998731 0.0144981 -0.0782483 0.0897029 -0.0101256 0.995917 0.225371
1 7 306 0.984248 0.0521826 -0.168918 0.982645 -0.0562013 0.998237 -0.0190942 -0.0862216 0.167624 0.0282868 0.985445 0.164242
1 8 185 0.981987 0.0701948 -0.175426 0.994453 -0.0723937 0.997357 -0.00615819 -0.0991633 0.17453 0.018747 0.984473 0.0350729
1 9 123 0.992158 0.0740909 -0.100665 0.995526 -0.0778105 0.996404 -0.0335351 0.010882 0.0978187 0.0411049 0.994355 -0.0938589
1 10 86 0.959677 0.12599 -0.251292 0.991781 -0.126686 0.991851 0.0134719 0.035455 0.250941 0.0189064 0.967818 -0.122934
1 11 21 0.987707 0.125833 0.0927407 -0.290278 -0.130824 0.990152 0.0498357 -0.105846 -0.0855564 -0.0613559 0.994442 0.951071
1 12 83 0.670993 0.265804 -0.692182 0.997738 -0.256156 0.959157 0.120009 -0.0539607 0.69581 0.0967814 0.711675 0.0400956
1 13 46 0.992094 0.125463 0.0030291 -0.14223 -0.125468 0.992097 0.00147602 0.187729 -0.00281998 -0.0018444 0.999994 -0.971869
1 14 31 0.973205 0.229488 -0.0144286 -0.118621 -0.228527 0.972262 0.0498148 0.146313 0.0254602 -0.0451827 0.998654 -0.982101
1 15 11 0.989073 0.14639 0.01748 -0.194351 -0.147044 0.988097 0.0452003 0.161449 -0.010655 -0.0472767 0.998825 -0.967555
1 16 29 0.306992 0.951701 0.00463603 0.174763 0.898209 -0.28812 -0.331974 -0.111872 -0.314604 0.106078 -0.943277 0.978234
1 17 0 1 0 0 0 0 1 0 0 0 0 1 0
1 18 0 1 0 0 0 0 1 0 0 0 0 1 0
1 19 0 1 0 0 0 0 1 0 0 0 0 1 0
1 20 0 1 0 0 0 0 1 0 0 0 0 1 0
1 21 0 1 0 0 0 0 1 0 0 0 0 1 0
1 22 0 1 0 0 0 0 1 0 0 0 0 1 0
1 23 0 1 0 0 0 0 1 0 0 0 0 1 0
1 24 0 1 0 0 0 0 1 0 0 0 0 1 0
1 25 0 1 0 0 0 0 1 0 0 0 0 1 0
1 26 0 1 0 0 0 0 1 0 0 0 0 1 0
1 27 0 1 0 0 0 0 1 0 0 0 0 1 0
1 28 0 1 0 0 0 0 1 0 0 0 0 1 0
1 29 0 1 0 0 0 0 1 0 0 0 0 1 0
1 30 0 1 0 0 0 0 1 0 0 0 0 1 0
1 31 0 1 0 0 0 0 1 0 0 0 0 1 0
1 32 0 1 0 0 0 0 1 0 0 0 0 1 0
1 33 0 1 0 0 0 0 1 0 0 0 0 1 0
1 34 0 1 0 0 0 0 1 0 0 0 0 1 0
1 35 0 1 0 0 0 0 1 0 0 0 0 1 0
1 36 0 1 0 0 0 0 1 0 0 0 0 1 0
1 37 0 1 0 0 0 0 1 0 0 0 0 1 0
1 38 0 1 0 0 0 0 1 0 0 0 0 1 0
1 39 0 1 0 0 0 0 1 0 0 0 0 1 0
1 40 0 1 0 0 0 0 1 0 0 0 0 1 0
1 41 0 1 0 0 0 0 1 0 0 0 0 1 0
1 42 0 1 0 0 0 0 1 0 0 0 0 1 0
1 43 0 1 0 0 0 0 1 0 0 0 0 1 0
1 44 0 1 0 0 0 0 1 0 0 0 0 1 0
1 45 0 1 0 0 0 0 1 0 0 0 0 1 0
1 46 0 1 0 0 0 0 1 0 0 0 0 1 0
1 47 0 1 0 0 0 0 1 0 0 0 0 1 0
1 48 0 1 0 0 0 0 1 0 0 0 0 1 0
1 49 0 1 0 0 0 0 1 0 0 0 0 1 0
1 50 0 1 0 0 0 0 1 0 0 0 0 1 0
1 51 0 1 0 0 0 0 1 0 0 0 0 1 0
1 52 0 1 0 0 0 0 1 0 0 0 0 1 0
1 53 0 1 0 0 0 0 1 0 0 0 0 1 0
1 54 0 1 0 0 0 0 1 0 0 0 0 1 0
1 55 0 1 0 0 0 0 1 0 0 0 0 1 0
1 56 0 1 0 0 0 0 1 0 0 0 0 1 0
1 57 0 1 0 0 0 0 1 0 0 0 0 1 0
1 58 0 1 0 0 0 0 1 0 0 0 0 1 0
1 59 0 1 0 0 0 0 1 0 0 0 0 1 0
1 60 0 1 0 0 0 0 1 0 0 0 0 1 0
1 61 0 1 0 0 0 0 1 0 0 0 0 1 0
1 62 0 1 0 0 0 0 1 0 0 0 0 1 0
1 63 0 1 0 0 0 0 1 0 0 0 0 1 0
1 64 0 1 0 0 0 0 1 0 0 0 0 1 0
1 65 0 1 0 0 0 0 1 0 0 0 0 1 0
1 66 0 1 0 0 0 0 1 0 0 0 0 1 0
1 67 0 1 0 0 0 0 1 0 0 0 0 1 0
1 68 0 1 0 0 0 0 1 0 0 0 0 1 0
1 69 0 1 0 0 0 0 1 0 0 0 0 1 0
1 70 0 1 0 0 0 0 1 0 0 0 0 1 0
1 71 0 1 0 0 0 0 1 0 0 0 0 1 0
1 72 0 1 0 0 0 0 1 0 0 0 0 1 0
1 73 0 1 0 0 0 0 1 0 0 0 0 1 0
1 74 0 1 0 0 0 0 1 0 0 0 0 1 0
1 75 0 1 0 0 0 0 1 0 0 0 0 1 0
1 76 0 1 0 0 0 0 1 0 0 0 0 1 0
1 77 0 1 0 0 0 0 1 0 0 0 0 1 0
1 78 0 1 0 0 0 0 1 0 0 0 0 1 0
1 79 0 1 0 0 0 0 1 0 0 0 0 1 0
1 80 0 1 0 0 0 0 1 0 0 0 0 1 0
1 81 0 1 0 0 0 0 1 0 0 0 0 1 0
1 82 0 1 0 0 0 0 1 0 0 0 0 1 0
1 83 0 1 0 0 0 0 1 0 0 0 0 1 0
1 84 0 1 0 0 0 0 1 0 0 0 0 1 0
1 85 0 1 0 0 0 0 1 0 0 0 0 1 0
1 86 0 1 0 0 0 0 1 0 0 0 0 1 0
1 87 0 1 0 0 0 0 1 0 0 0 0 1 0
1 88 0 1 0 0 0 0 1 0 0 0 0 1 0
1 89 0 1 0 0 0 0 1 0 0 0 0 1 0
1 90 0 1 0 0 0 0 1 0 0 0 0 1 0
1 91 0 1 0 0 0 0 1 0 0 0 0 1 0
1 92 0 1 0 0 0 0 1 0 0 0 0 1 0
1 93 0 1 0 0 0 0 1 0 0 0 0 1 0
1 94 0 1 0 0 0 0 1 0 0 0 0 1 0
1 95 0 1 0 0 0 0 1 0 0 0 0 1 0
1 96 0 1 0 0 0 0 1 0 0 0 0 1 0
1 97 0 1 0 0 0 0 1 0 0 0 0 1 0
1 98 0 1 0 0 0 0 1 0 0 0 0 1 0
1 99 0 1 0 0 0 0 1 0 0 0 0 1 0
1 100 0 1 0 0 0 0 1 0 0 0 0 1 0
1 101 0 1 0 0 0 0 1 0 0 0 0 1 0
1 102 0 1 0 0 0 0 1 0 0 0 0 1 0
1 103 0 1 0 0 0 0 1 0 0 0 0 1 0
1 104 0 1 0 0 0 0 1 0 0 0 0 1 0
1 105 0 1 0 0 0 0 1 0 0 0 0 1 0
1 106 0 1 0 0 0 0 1 0 0 0 0 1 0
1 107 0 1 0 0 0 0 1 0 0 0 0 1 0
1 108 0 1 0 0 0 0 1 0 0 0 0 1 0
1 109 0 1 0 0 0 0 1 0 0 0 0 1 0
1 110 0 1 0 0 0 0 1 0 0 0 0 1 0
1 111 0 1 0 0 0 0 1 0 0 0 0 1 0
1 112 0 1 0 0 0 0 1 0 0 0 0 1 0
1 113 0 1 0 0 0 0 1 0 0 0 0 1 0
1 114 0 1 0 0 0 0 1 0 0 0 0 1 0
1 115 0 1 0 0 0 0 1 0 0 0 0 1 0
1 116 0 1 0 0 0 0 1 0 0 0 0 1 0
1 117 0 1 0 0 0 0 1 0 0 0 0 1 0
1 118 0 1 0 0 0 0 1 0 0 0 0 1 0
1 119 0 1 0 0 0 0 1 0 0 0 0 1 0
1 120 0 1 0 0 0 0 1 0 0 0 0 1 0
1 121 0 1 0 0 0 0 1 0 0 0 0 1 0
1 122 0 1 0 0 0 0 1 0 0 0 0 1 0
1 123 0 1 0 0 0 0 1 0 0 0 0 1 0
1 124 0 1 0 0 0 0 1 0 0 0 0 1 0
1 125 0 1 0 0 0 0 1 0 0 0 0 1 0
1 126 0 1 0 0 0 0 1 0 0 0 0 1 0
1 127 0 1 0 0 0 0 1 0 0 0 0 1 0
1 128 0 1 0 0 0 0 1 0 0 0 0 1 0
1 129 0 1 0 0 0 0 1 0 0 0 0 1 0
1 130 0 1 0 0 0 0 1 0 0 0 0 1 0
1 131 0 1 0 0 0 0 1 0 0 0 0 1 0
1 132 0 1 0 0 0 0 1 0 0 0 0 1 0
1 133 0 1 0 0 0 0 1 0 0 0 0 1 0
1 134 0 1 0 0 0 0 1 0 0 0 0 1 0
1 135 0 1 0 0 0 0 1 0 0 0 0 1 0
1 136 0 1 0 0 0 0 1 0 0 0 0 1 0
1 137 0 1 0 0 0 0 1 0 0 0 0 1 0
1 138 0 1 0 0 0 0 1 0 0 0 0 1 0
1 139 0 1 0 0 0 0 1 0 0 0 0 1 0
1 140 0 1 0 0 0 0 1 0 0 0 0 1 0
1 141 0 1 0 0 0 0 1 0 0 0 0 1 0
1 142 47 0.951903 -0.254916 0.169996 0.164496 0.236784 0.964138 0.119879 0.195649 -0.194459 -0.0738605 0.978126 -0.966779
1 143 0 1 0 0 0 0 1 0 0 0 0 1 0
1 144 30 0.96995 -0.211472 0.120317 -0.159549 0.20914 0.977367 0.0318325 0.306969 -0.124325 -0.00571293 0.992225 -0.938251
1 145 253 0.989827 0.0304587 -0.138977 0.376241 -0.022273 0.997945 0.0600797 0.131915 0.140521 -0.0563731 0.988471 -0.917083
1 146 284 0.985015 0.0859186 -0.149546 0.433813 -0.0772785 0.995038 0.0626683 0.0826212 0.154188 -0.0501726 0.986767 -0.897207
1 147 359 0.944146 0.17334 -0.280253 0.735742 -0.151158 0.983531 0.0990914 0.0615159 0.292814 -0.0511943 0.954798 -0.674462
1 148 364 0.938537 0.202134 -0.279802 0.82624 -0.175754 0.9775 0.116634 -0.0247201 0.297083 -0.060289 0.952947 -0.562776
1 149 308 0.899102 0.274363 -0.341087 0.950288 -0.240302 0.960652 0.139296 -0.144515 0.365883 -0.0432774 0.929654 -0.275804
1 150 142 0.920207 0.316548 -0.230252 0.941276 -0.300923 0.948281 0.101041 -0.252576 0.250328 -0.023691 0.967871 -0.224063
1 151 132 0.932498 0.261826 -0.248786 0.955926 -0.259919 0.964756 0.0410965 -0.141071 0.250778 0.0263418 0.967686 -0.257495
1 152 92 0.937876 0.283718 -0.199729 0.954575 -0.292521 0.956135 -0.0153965 -0.254844 0.1866 0.072865 0.97973 -0.154404
1 153 0 1 0 0 0 0 1 0 0 0 0 1 0
1 154 38 0.953577 0.278879 0.113656 0.255523 -0.271447 0.959398 -0.0766326 -0.300476 -0.130412 0.0422235 0.99056 0.918925
1 155 33 0.949553 0.304715 0.0741507 0.312809 -0.301248 0.951991 -0.0544248 -0.308971 -0.0871749 0.0293415 0.995761 0.898158
1 156 23 0.932941 0.359827 0.0120809 0.152145 -0.359775 0.933018 -0.0062954 -0.270049 -0.0135369 0.00152684 0.999907 0.95075
1 157 30 0.963629 0.266539 -0.0193731 0.240125 -0.265935 0.963554 0.0290072 -0.165882 0.0263986 -0.0228002 0.999391 0.956464
1 158 32 0.968028 0.247616 -0.0400976 0.190057 -0.244112 0.966722 0.0765328 -0.151284 0.057714 -0.0642976 0.99626 0.970047
1 159 44 0.966758 0.255684 0.00219097 0.176222 -0.254035 0.959477 0.121943 -0.0976968 0.0290767 -0.118446 0.992535 0.97949
1 160 35 0.975199 0.157635 0.155364 -0.723216 -0.169551 0.983268 0.066607 0.244048 -0.142265 -0.0912972 0.985609 0.646064
1 161 68 0.749845 0.352708 -0.559759 0.959819 -0.231593 0.932452 0.277306 -0.213761 0.619756 -0.0783002 0.780879 0.181804
1 162 31 0.968101 0.249243 0.0256658 -0.215009 -0.250445 0.959445 0.129396 0.124574 0.00762615 -0.131696 0.991261 -0.968634
1 163 25 0.982182 0.182876 0.043292 0.314432 -0.186671 0.975986 0.112269 0.336691 -0.0217211 -0.11835 0.992734 -0.887565
1 164 18 0.982319 0.18085 0.0484024 0.0548911 -0.184503 0.979024 0.0864392 -0.0958117 -0.0317546 -0.0938412 0.995081 0.993885
1 165 137 0.947933 0.225332 -0.22505 0.919263 -0.193585 0.968821 0.154634 -0.127309 0.252877 -0.103016 0.961998 -0.372489
1 166 134 0.938873 0.223908 -0.2615 0.857064 -0.181473 0.967379 0.176763 -0.0867856 0.292548 -0.118503 0.94888 -0.507849
1 167 144 0.969899 0.225967 -0.0907436 0.435202 -0.209849 0.964674 0.159272 -0.0293381 0.123528 -0.135435 0.983056 -0.899855
1 168 178 0.974717 0.178839 -0.133952 0.500274 -0.154317 0.97235 0.175274 -0.0312677 0.161594 -0.150172 0.975364 -0.865302
1 169 201 0.991236 0.128777 -0.0294541 0.32839 -0.123708 0.983094 0.134993 -0.00566357 0.0463402 -0.130166 0.990409 -0.944525
1 170 186 0.995008 0.0661973 -0.074679 0.34557 -0.0554487 0.988906 0.137803 0.106614 0.0829728 -0.132975 0.98764 -0.932317
1 171 254 0.98434 0.0438676 -0.170732 0.490483 -0.0222433 0.991709 0.126566 0.165312 0.174869 -0.120786 0.977155 -0.855627
1 172 270 0.986829 0.0827453 -0.139002 0.318423 -0.0555866 0.980405 0.188987 0.000652409 0.151916 -0.178771 0.972092 -0.947949
2 3 801 0.999684 -0.00863174 -0.023601 0.992646 0.00862226 0.999963 -0.000503752 0.0198014 0.0236045 0.000300098 0.999721 -0.119422
2 4 757 0.998441 0.0222526 -0.0511934 0.991206 -0.0223073 0.999751 -0.000498515 -0.00603256 0.0511696 0.00163973 0.998689 -0.132193
2 5 649 0.995568 0.0409201 -0.0846714 0.999444 -0.0419734 0.999061 -0.0106968 -0.0195112 0.0841542 0.0142033 0.996352 -0.0270228
2 6 535 0.988749 0.0527495 -0.139977 0.994526 -0.0520445 0.998607 0.0086955 -0.00801997 0.14024 -0.00131266 0.990117 0.104178
2 7 347 0.982795 0.0450527 -0.17912 0.982939 -0.0493676 0.998586 -0.0197032 -0.0733723 0.177979 0.0282069 0.98363 0.168662
2 8 215 0.989125 0.0576228 -0.13532 0.99842 -0.0612481 0.997863 -0.0227785 -0.0415252 0.133718 0.0308189 0.99054 -0.0378492
2 9 163 0.941384 0.122388 -0.314352 0.992856 -0.128475 0.991712 0.00136588 -0.0269252 0.311914 0.0391006 0.949305 -0.116239
2 10 75 0.981369 0.0757965 0.176551 -0.821334 -0.0818208 0.996279 0.027085 -0.0987267 -0.173841 -0.0410259 0.983919 0.561839
2 11 84 0.697218 0.207916 -0.686045 0.999737 -0.209292 0.974359 0.0825937 -0.00280205 0.685627 0.085998 0.722856 0.0227776
2 12 94 0.567004 0.252599 -0.784029 0.993847 -0.258781 0.958254 0.121582 -0.042005 0.78201 0.133954 0.608701 0.102492
2 13 70 0.959911 0.249645 -0.127467 0.454381 -0.259636 0.963262 -0.0686761 0.542612 0.10564 0.099018 0.989462 -0.706478
2 14 27 0.898496 0.436706 0.0446392 -0.263655 -0.438982 0.893736 0.0923654 0.199969 0.000440915 -0.102586 0.994724 -0.943662
2 15 19 0.98712 0.159076 0.0170206 -0.250966 -0.159732 0.985939 0.0490994 0.182089 -0.00897077 -0.0511857 0.998649 -0.950715
2 16 18 0.987949 0.154571 0.00810524 -0.267364 -0.154616 0.98796 0.0053731 0.195165 -0.00717713 -0.00656155 0.999953 -0.943624
2 17 0 1 0 0 0 0 1 0 0 0 0 1 0
2 18 0 1 0 0 0 0 1 0 0 0 0 1 0
2 19 0 1 0 0 0 0 1 0 0 0 0 1 0
2 20 0 1 0 0 0 0 1 0 0 0 0 1 0
2 21 0 1 0 0 0 0 1 0 0 0 0 1 0
2 22 0 1 0 0 0 0 1 0 0 0 0 1 0
2 23 0 1 0 0 0 0 1 0 0 0 0 1 0
2 24 0 1 0 0 0 0 1 0 0 0 0 1 0
2 25 0 1 0 0 0 0 1 0 0 0 0 1 0
2 26 0 1 0 0 0 0 1 0 0 0 0 1 0
2 27 0 1 0 0 0 0 1 0 0 0 0 1 0
2 28 0 1 0 0 0 0 1 0 0 0 0 1 0
2 29 0 1 0 0 0 0 1 0 0 0 0 1 0
2 30 0 1 0 0 0 0 1 0 0 0 0 1 0
2 31 0 1 0 0 0 0 1 0 0 0 0 1 0
2 32 0 1 0 0 0 0 1 0 0 0 0 1 0
2 33 0 1 0 0 0 0 1 0 0 0 0 1 0
2 34 0 1 0 0 0 0 1 0 0 0 0 1 0
2 35 0 1 0 0 0 0 1 0 0 0 0 1 0
2 36 0 1 0 0 0 0 1 0 0 0 0 1 0
2 37 0 1 0 0 0 0 1 0 0 0 0 1 0
2 38 0 1 0 0 0 0 1 0 0 0 0 1 0
2 39 0 1 0 0 0 0 1 0 0 0 0 1 0
2 40 0 1 0 0 0 0 1 0 0 0 0 1 0
2 41 0 1 0 0 0 0 1 0 0 0 0 1 0
2 42 0 1 0 0 0 0 1 0 0 0 0 1 0
2 43 0 1 0 0 0 0 1 0 0 0 0 1 0
2 44 0 1 0 0 0 0 1 0 0 0 0 1 0
2 45 0 1 0 0 0 0 1 0 0 0 0 1 0
2 46 0 1 0 0 0 0 1 0 0 0 0 1 0
2 47 0 1 0 0 0 0 1 0 0 0 0 1 0
2 48 0 1 0 0 0 0 1 0 0 0 0 1 0
2 49 0 1 0 0 0 0 1 0 0 0 0 1 0
2 50 0 1 0 0 0 0 1 0 0 0 0 1 0
2 51 0 1 0 0 0 0 1 0 0 0 0 1 0
2 52 0 1 0 0 0 0 1 0 0 0 0 1 0
2 53 0 1 0 0 0 0 1 0 0 0 0 1 0
2 54 0 1 0 0 0 0 1 0 0 0 0 1 0
2 55 0 1 0 0 0 0 1 0 0 0 0 1 0
2 56 0 1 0 0 0 0 1 0 0 0 0 1 0
2 57 0 1 0 0 0 0 1 0 0 0 0 1 0
2 58 0 1 0 0 0 0 1 0 0 0 0 1 0
2 59 0 1 0 0 0 0 1 0 0 0 0 1 0
2 60 0 1 0 0 0 0 1 0 0 0 0 1 0
2 61 0 1 0 0 0 0 1 0 0 0 0 1 0
2 62 0 1 0 0 0 0 1 0 0 0 0 1 0
2 63 0 1 0 0 0 0 1 0 0 0 0 1 0
2 64 0 1 0 0 0 0 1 0 0 0 0 1 0
2 65 0 1 0 0 0 0 1 0 0 0 0 1 0
2 66 0 1 0 0 0 0 1 0 0 0 0 1 0
2 67 0 1 0 0 0 0 1 0 0 0 0 1 0
2 68 0 1 0 0 0 0 1 0 0 0 0 1 0
2 69 0 1 0 0 0 0 1 0 0 0 0 1 0
2 70 0 1 0 0 0 0 1 0 0 0 0 1 0
2 71 0 1 0 0 0 0 1 0 0 0 0 1 0
2 72 0 1 0 0 0 0 1 0 0 0 0 1 0
2 73 0 1 0 0 0 0 1 0 0 0 0 1 0
2 74 0 1 0 0 0 0 1 0 0 0 0 1 0
2 75 0 1 0 0 0 0 1 0 0 0 0 1 0
2 76 0 1 0 0 0 0 1 0 0 0 0 1 0
2 77 0 1 0 0 0 0 1 0 0 0 0 1 0
2 78 0 1 0 0 0 0 1 0 0 0 0 1 0
2 79 0 1 0 0 0 0 1 0 0 0 0 1 0
2 80 0 1 0 0 0 0 1 0 0 0 0 1 0
2 81 0 1 0 0 0 0 1 0 0 0 0 1 0
2 82 0 1 0 0 0 0 1 0 0 0 0 1 0
2 83 0 1 0 0 0 0 1 0 0 0 0 1 0
2 84 0 1 0 0 0 0 1 0 0 0 0 1 0
2 85 0 1 0 0 0 0 1 0 0 0 0 1 0
2 86 0 1 0 0 0 0 1 0 0 0 0 1 0
2 87 0 1 0 0 0 0 1 0 0 0 0 1 0
2 88 0 1 0 0 0 0 1 0 0 0 0 1 0
2 89 0 1 0 0 0 0 1 0 0 0 0 1 0
2 90 0 1 0 0 0 0 1 0 0 0 0 1 0
2 91 0 1 0 0 0 0 1 0 0 0 0 1 0
2 92 0 1 0 0 0 0 1 0 0 0 0 1 0
2 93 0 1 0 0 0 0 1 0 0 0 0 1 0
2 94 0 1 0 0 0 0 1 0 0 0 0 1 0
2 95 0 1 0 0 0 0 1 0 0 0 0 1 0
2 96 0 1 0 0 0 0 1 0 0 0 0 1 0
2 97 0 1 0 0 0 0 1 0 0 0 0 1 0
2 98 0 1 0 0 0 0 1 0 0 0 0 1 0
2 99 0 1 0 0 0 0 1 0 0 0 0 1 0
2 100 0 1 0 0 0 0 1 0 0 0 0 1 0
2 101 0 1 0 0 0 0 1 0 0 0 0 1 0
2 102 0 1 0 0 0 0 1 0 0 0 0 1 0
2 103 0 1 0 0 0 0 1 0 0 0 0 1 0
2 104 0 1 0 0 0 0 1 0 0 0 0 1 0
2 105 0 1 0 0 0 0 1 0 0 0 0 1 0
2 106 0 1 0 0 0 0 1 0 0 0 0 1 0
2 107 0 1 0 0 0 0 1 0 0 0 0 1 0
2 108 0 1 0 0 0 0 1 0 0 0 0 1 0
2 109 0 1 0 0 0 0 1 0 0 0 0 1 0
2 110 0 1 0 0 0 0 1 0 0 0 0 1 0
2 111 0 1 0 0 0 0 1 0 0 0 0 1 0
2 112 0 1 0 0 0 0 1 0 0 0 0 1 0
2 113 0 1 0 0 0 0 1 0 0 0 0 1 0
2 114 0 1 0 0 0 0 1 0 0 0 0 1 0
2 115 0 1 0 0 0 0 1 0 0 0 0 1 0
2 116 0 1 0 0 0 0 1 0 0 0 0 1 0
2 117 0 1 0 0 0 0 1 0 0 0 0 1 0
2 118 0 1 0 0 0 0 1 0 0 0 0 1 0
2 119 0 1 0 0 0 0 1 0 0 0 0 1 0
2 120 0 1 0 0 0 0 1 0 0 0 0 1 0
2 121 0 1 0 0 0 0 1 0 0 0 0 1 0
2 122 0 1 0 0 0 0 1 0 0 0 0 1 0
2 123 0 1 0 0 0 0 1 0 0 0 0 1 0
2 124 0 1 0 0 0 0 1 0 0 0 0 1 0
2 125 0 1 0 0 0 0 1 0 0 0 0 1 0
2 126 0 1 0 0 0 0 1 0 0 0 0 1 0
2 127 0 1 0 0 0 0 1 0 0 0 0 1 0
2 128 0 1 0 0 0 0 1 0 0 0 0 1 0
2 129 0 1 0 0 0 0 1 0 0 0 0 1 0
2 130 0 1 0 0 0 0 1 0 0 0 0 1 0
2 131 0 1 0 0 0 0 1 0 0 0 0 1 0
2 132 0 1 0 0 0 0 1 0 0 0 0 1 0
2 133 0 1 0 0 0 0 1 0 0 0 0 1 0
2 134 0 1 0 0 0 0 1 0 0 0 0 1 0
2 135 0 1 0 0 0 0 1 0 0 0 0 1 0
2 136 0 1 0 0 0 0 1 0 0 0 0 1 0
2 137 0 1 0 0 0 0 1 0 0 0 0 1 0
2 138 0 1 0 0 0 0 1 0 0 0 0 1 0
2 139 0 1 0 0 0 0 1 0 0 0 0 1 0
2 140 26 0.971049 -0.0721182 0.227735 0.113801 0.044726 0.991369 0.123234 0.124155 -0.234657 -0.10948 0.965893 -0.985715
2 141 42 0.955204 -0.190973 0.226087 0.169702 0.131818 0.958517 0.252724 -0.122607 -0.264971 -0.211601 0.940753 -0.977839
2 142 25 0.933498 -0.33541 0.126813 0.213154 0.315298 0.936212 0.155227 0.140224 -0.170788 -0.10492 0.979706 -0.966904
2 143 0 1 0 0 0 0 1 0 0 0 0 1 0
2 144 0 1 0 0 0 0 1 0 0 0 0 1 0
2 145 225 0.991522 0.0399361 -0.123653 0.321672 -0.030559 0.996576 0.076824 0.0976953 0.126298 -0.0723939 0.989347 -0.941798
2 146 267 0.988846 0.0813662 -0.124754 0.358484 -0.0778128 0.996418 0.0331043 0.194318 0.127001 -0.0230276 0.991635 -0.913088
2 147 361 0.970901 0.170693 -0.167976 0.423834 -0.153568 0.981971 0.11023 0.0516931 0.183763 -0.0812266 0.979609 -0.904264
2 148 374 0.965963 0.1953 -0.169626 0.415047 -0.175708 0.976622 0.123839 -0.0525132 0.189846 -0.0898188 0.977697 -0.908283
2 149 351 0.949847 0.255779 -0.179911 0.494991 -0.237239 0.964219 0.118317 -0.0814397 0.203737 -0.0697007 0.976541 -0.865073
2 150 172 0.923741 0.301007 -0.236848 0.901213 -0.284646 0.953262 0.101329 -0.221943 0.256279 -0.0261844 0.966248 -0.372232
2 151 154 0.926626 0.284086 -0.24629 0.939927 -0.276423 0.958773 0.0659125 -0.196053 0.254861 0.00700389 0.966952 -0.279465
2 152 94 0.962593 0.258012 -0.0827338 0.884058 -0.262785 0.963396 -0.0530282 -0.184143 0.0660235 0.0727858 0.99516 -0.429573
2 153 14 0.932067 0.302306 0.199654 0.138758 -0.280476 0.950948 -0.130501 -0.11082 -0.229312 0.0656377 0.971137 0.984106
2 154 45 0.972046 0.215983 0.0920768 0.363554 -0.207645 0.973845 -0.0922464 -0.25352 -0.109592 0.0705485 0.99147 0.896413
2 155 49 0.816601 0.436986 -0.377102 0.907109 -0.395304 0.899463 0.18628 -0.419821 0.420591 -0.00304599 0.907245 0.0300661
2 156 32 0.940508 0.339728 0.00551985 0.209594 -0.339662 0.940492 -0.0102172 -0.263825 -0.00866243 0.00773446 0.999933 0.941523
2 157 32 0.951916 0.306355 0.00146372 0.150102 -0.306144 0.95106 0.0419681 -0.182763 0.0114651 -0.0403983 0.999118 0.971631
2 158 69 0.863464 0.369962 -0.342869 0.93527 -0.308189 0.925054 0.222023 -0.350045 0.399312 -0.0860403 0.912769 -0.0523262
2 159 40 0.961798 0.273758 0.000999229 0.232428 -0.271542 0.953535 0.130524 -0.130639 0.0347794 -0.125809 0.991445 0.9638
2 160 38 -0.501545 -0.489259 -0.713497 0.480266 -0.774089 0.622063 0.117575 0.0641597 0.386316 0.611279 -0.690723 0.874773
2 161 36 0.964691 0.262801 -0.0174943 0.346326 -0.257094 0.954005 0.154198 -0.111896 0.057213 -0.144255 0.987885 0.931417
2 162 33 0.964257 0.263154 0.0309664 -0.205975 -0.2649 0.954717 0.13544 0.116299 0.00607744 -0.138802 0.990302 -0.971622
2 163 30 0.988564 0.144351 0.043641 -0.319961 -0.148384 0.982712 0.110719 0.0080247 -0.0269042 -0.115928 0.992893 -0.947397
2 164 23 0.977816 0.203536 0.0494961 -0.0763559 -0.207463 0.973644 0.094745 0.0985727 -0.0289076 -0.102912 0.99427 -0.992196
2 165 118 0.986883 0.161167 0.00938645 0.405284 -0.161284 0.981711 0.101145 0.0725902 0.00708645 -0.101332 0.994827 -0.911304
2 166 129 0.950196 0.209421 -0.230804 0.793142 -0.178085 0.972615 0.149349 0.00521385 0.255761 -0.100808 0.96147 -0.609014
2 167 136 0.933267 0.238741 -0.268357 0.826172 -0.192157 0.963084 0.188533 -0.11674 0.303461 -0.124385 0.94469 -0.551192
2 168 166 0.944509 0.212524 -0.250472 0.744232 -0.167085 0.967323 0.190704 -0.0557863 0.282817 -0.138271 0.949155 -0.665587
2 169 225 0.983159 0.135954 -0.122123 0.547178 -0.11913 0.983538 0.135868 0.00624009 0.138584 -0.119031 0.983171 -0.836993
2 170 171 0.996307 0.0647254 -0.0564243 0.267663 -0.0553348 0.986442 0.154497 0.057778 0.0656592 -0.150804 0.986381 -0.961779
2 171 239 0.998669 0.035316 -0.0375812 0.115849 -0.0279872 0.983224 0.18024 0.0229951 0.0433161 -0.178948 0.982905 -0.993001
2 172 267 0.976272 0.0867088 -0.198432 0.460655 -0.0608335 0.989251 0.132976 0.18389 0.207829 -0.11775 0.971052 -0.868321
3 4 774 0.996853 0.0335512 -0.0718212 0.951056 -0.0345825 0.999315 -0.0131628 0.267757 0.0713304 0.0156051 0.997331 0.15427
3 5 682 0.995935 0.0482256 -0.0760722 0.990581 -0.0501261 0.998472 -0.0232731 0.093912 0.0748336 0.0269917 0.996831 0.0996447
3 6 552 0.987988 0.0552134 -0.144328 0.997549 -0.0552476 0.998466 0.00377401 0.0221762 0.144315 0.0042451 0.989523 0.0663674
3 7 347 0.988377 0.0542784 -0.142 0.981694 -0.0579093 0.998089 -0.0215609 -0.078586 0.140558 0.0295334 0.989632 0.173499
3 8 230 0.997036 0.0597586 -0.0484672 0.996003 -0.0608765 0.997904 -0.0219246 -0.0684898 0.0470554 0.0248101 0.998584 -0.0573282
3 9 168 0.998023 0.0626944 -0.00437269 0.99769 -0.0628187 0.997237 -0.0396583 0.0499295 0.00187426 0.0398546 0.999204 -0.0460675
3 10 76 0.980561 0.0616569 0.186274 -0.748986 -0.0684256 0.997201 0.0301233 -0.185537 -0.183896 -0.0422836 0.982036 0.636078
3 11 86 0.993508 0.10975 0.0299549 0.334072 -0.110963 0.99292 0.0423808 0.153338 -0.0250916 -0.0454295 0.998652 -0.929991
3 12 87 0.607283 0.25537 -0.752326 0.998913 -0.272501 0.956443 0.104691 -0.0181954 0.746291 0.141433 0.65042 0.042909
3 13 67 0.969623 0.229951 -0.083385 0.592069 -0.228083 0.973135 0.0314088 0.121687 0.0883673 -0.0114359 0.996022 -0.796647
3 14 24 0.967368 0.252833 -0.016577 -0.27111 -0.251592 0.96625 0.0553406 0.208343 0.0300094 -0.0493641 0.99833 -0.93973
3 15 0 1 0 0 0 0 1 0 0 0 0 1 0
3 16 0 1 0 0 0 0 1 0 0 0 0 1 0
3 17 0 1 0 0 0 0 1 0 0 0 0 1 0
3 18 0 1 0 0 0 0 1 0 0 0 0 1 0
3 19 0 1 0 0 0 0 1 0 0 0 0 1 0
3 20 0 1 0 0 0 0 1 0 0 0 0 1 0
3 21 0 1 0 0 0 0 1 0 0 0 0 1 0
3 22 0 1 0 0 0 0 1 0 0 0 0 1 0
3 23 0 1 0 0 0 0 1 0 0 0 0 1 0
3 24 0 1 0 0 0 0 1 0 0 0 0 1 0
3 25 0 1 0 0 0 0 1 0 0 0 0 1 0
3 26 0 1 0 0 0 0 1 0 0 0 0 1 0
3 27 0 1 0 0 0 0 1 0 0 0 0 1 0
3 28 0 1 0 0 0 0 1 0 0 0 0 1 0
3 29 0 1 0 0 0 0 1 0 0 0 0 1 0
3 30 0 1 0 0 0 0 1 0 0 0 0 1 0
3 31 0 1 0 0 0 0 1 0 0 0 0 1 0
3 32 0 1 0 0 0 0 1 0 0 0 0 1 0
3 33 0 1 0 0 0 0 1 0 0 0 0 1 0
3 34 0 1 0 0 0 0 1 0 0 0 0 1 0
3 35 0 1 0 0 0 0 1 0 0 0 0 1 0
3 36 0 1 0 0 0 0 1 0 0 0 0 1 0
3 37 0 1 0 0 0 0 1 0 0 0 0 1 0
3 38 0 1 0 0 0 0 1 0 0 0 0 1 0
3 39 0 1 0 0 0 0 1 0 0 0 0 1 0
3 40 0 1 0 0 0 0 1 0 0 0 0 1 0
3 41 0 1 0 0 0 0 1 0 0 0 0 1 0
3 42 0 1 0 0 0 0 1 0 0 0 0 1 0
3 43 0 1 0 0 0 0 1 0 0 0 0 1 0
3 44 0 1 0 0 0 0 1 0 0 0 0 1 0
3 45 0 1 0 0 0 0 1 0 0 0 0 1 0
3 46 0 1 0 0 0 0 1 0 0 0 0 1 0
3 47 0 1 0 0 0 0 1 0 0 0 0 1 0
3 48 0 1 0 0 0 0 1 0 0 0 0 1 0
3 49 0 1 0 0 0 0 1 0 0 0 0 1 0
3 50 0 1 0 0 0 0 1 0 0 0 0 1 0
3 51 0 1 0 0 0 0 1 0 0 0 0 1 0
3 52 0 1 0 0 0 0 1 0 0 0 0 1 0
3 53 0 1 0 0 0 0 1 0 0 0 0 1 0
3 54 0 1 0 0 0 0 1 0 0 0 0 1 0
3 55 0 1 0 0 0 0 1 0 0 0 0 1 0
3 56 0 1 0 0 0 0 1 0 0 0 0 1 0
3 57 0 1 0 0 0 0 1 0 0 0 0 1 0
3 58 0 1 0 0 0 0 1 0 0 0 0 1 0
3 59 0 1 0 0 0 0 1 0 0 0 0 1 0
3 60 0 1 0 0 0 0 1 0 0 0 0 1 0
3 61 0 1 0 0 0 0 1 0 0 0 0 1 0
3 62 0 1 0 0 0 0 1 0 0 0 0 1 0
3 63 0 1 0 0 0 0 1 0 0 0 0 1 0
3 64 0 1 0 0 0 0 1 0 0 0 0 1 0
3 65 0 1 0 0 0 0 1 0 0 0 0 1 0
3 66 0 1 0 0 0 0 1 0 0 0 0 1 0
3 67 0 1 0 0 0 0 1 0 0 0 0 1 0
3 68 0 1 0 0 0 0 1 0 0 0 0 1 0
3 69 0 1 0 0 0 0 1 0 0 0 0 1 0
3 70 0 1 0 0 0 0 1 0 0 0 0 1 0
3 71 0 1 0 0 0 0 1 0 0 0 0 1 0
3 72 0 1 0 0 0 0 1 0 0 0 0 1 0
3 73 0 1 0 0 0 0 1 0 0 0 0 1 0
3 74 0 1 0 0 0 0 1 0 0 0 0 1 0
3 75 0 1 0 0 0 0 1 0 0 0 0 1 0
3 76 0 1 0 0 0 0 1 0 0 0 0 1 0
3 77 0 1 0 0 0 0 1 0 0 0 0 1 0
3 78 0 1 0 0 0 0 1 0 0 0 0 1 0
3 79 0 1 0 0 0 0 1 0 0 0 0 1 0
3 80 0 1 0 0 0 0 1 0 0 0 0 1 0
3 81 0 1 0 0 0 0 1 0 0 0 0 1 0
3 82 0 1 0 0 0 0 1 0 0 0 0 1 0
3 83 0 1 0 0 0 0 1 0 0 0 0 1 0
3 84 0 1 0 0 0 0 1 0 0 0 0 1 0
3 85 0 1 0 0 0 0 1 0 0 0 0 1 0
3 86 0 1 0 0 0 0 1 0 0 0 0 1 0
3 87 0 1 0 0 0 0 1 0 0 0 0 1 0
3 88 0 1 0 0 0 0 1 0 0 0 0 1 0
3 89 0 1 0 0 0 0 1 0 0 0 0 1 0
3 90 0 1 0 0 0 0 1 0 0 0 0 1 0
3 91 0 1 0 0 0 0 1 0 0 0 0 1 0
3 92 0 1 0 0 0 0 1 0 0 0 0 1 0
3 93 0 1 0 0 0 0 1 0 0 0 0 1 0
3 94 0 1 0 0 0 0 1 0 0 0 0 1 0
3 95 0 1 0 0 0 0 1 0 0 0 0 1 0
3 96 0 1 0 0 0 0 1 0 0 0 0 1 0
3 97 0 1 0 0 0 0 1 0 0 0 0 1 0
3 98 0 1 0 0 0 0 1 0 0 0 0 1 0
3 99 0 1 0 0 0 0 1 0 0 0 0 1 0
3 100 0 1 0 0 0 0 1 0 0 0 0 1 0
3 101 0 1 0 0 0 0 1 0 0 0 0 1 0
3 102 0 1 0 0 0 0 1 0 0 0 0 1 0
3 103 0 1 0 0 0 0 1 0 0 0 0 1 0
3 104 0 1 0 0 0 0 1 0 0 0 0 1 0
3 105 0 1 0 0 0 0 1 0 0 0 0 1 0
3 106 0 1 0 0 0 0 1 0 0 0 0 1 0
3 107 0 1 0 0 0 0 1 0 0 0 0 1 0
3 108 0 1 0 0 0 0 1 0 0 0 0 1 0
3 109 0 1 0 0 0 0 1 0 0 0 0 1 0
3 110 0 1 0 0 0 0 1 0 0 0 0 1 0
3 111 0 1 0 0 0 0 1 0 0 0 0 1 0
3 112 0 1 0 0 0 0 1 0 0 0 0 1 0
3 113 0 1 0 0 0 0 1 0 0 0 0 1 0
3 114 0 1 0 0 0 0 1 0 0 0 0 1 0
3 115 0 1 0 0 0 0 1 0 0 0 0 1 0
3 116 0 1 0 0 0 0 1 0 0 0 0 1 0
3 117 0 1 0 0 0 0 1 0 0 0 0 1 0
3 118 0 1 0 0 0 0 1 0 0 0 0 1 0
3 119 0 1 0 0 0 0 1 0 0 0 0 1 0
3 120 0 1 0 0 0 0 1 0 0 0 0 1 0
3 121 0 1 0 0 0 0 1 0 0 0 0 1 0
3 122 0 1 0 0 0 0 1 0 0 0 0 1 0
3 123 0 1 0 0 0 0 1 0 0 0 0 1 0
3 124 0 1 0 0 0 0 1 0 0 0 0 1 0
3 125 0 1 0 0 0 0 1 0 0 0 0 1 0
3 126 0 1 0 0 0 0 1 0 0 0 0 1 0
3 127 0 1 0 0 0 0 1 0 0 0 0 1 0
3 128 0 1 0 0 0 0 1 0 0 0 0 1 0
3 129 0 1 0 0 0 0 1 0 0 0 0 1 0
3 130 0 1 0 0 0 0 1 0 0 0 0 1 0
3 131 0 1 0 0 0 0 1 0 0 0 0 1 0
3 132 0 1 0 0 0 0 1 0 0 0 0 1 0
3 133 0 1 0 0 0 0 1 0 0 0 0 1 0
3 134 0 1 0 0 0 0 1 0 0 0 0 1 0
3 135 0 1 0 0 0 0 1 0 0 0 0 1 0
3 136 0 1 0 0 0 0 1 0 0 0 0 1 0
3 137 0 1 0 0 0 0 1 0 0 0 0 1 0
3 138 0 1 0 0 0 0 1 0 0 0 0 1 0
3 139 0 1 0 0 0 0 1 0 0 0 0 1 0
3 140 20 0.960058 -0.127481 0.249073 -0.0250966 0.0563481 0.96003 0.274168 -0.178128 -0.274069 -0.249182 0.928867 -0.983687
3 141 32 0.927453 -0.234125 0.291575 -0.0497569 0.179538 0.962787 0.202007 0.04568 -0.328019 -0.135003 0.934975 -0.997716
3 142 24 0.938341 -0.319031 0.133172 0.152736 0.302824 0.944336 0.128559 0.240074 -0.166773 -0.0803043 0.98272 -0.958664
3 143 0 1 0 0 0 0 1 0 0 0 0 1 0
3 144 30 0.975102 -0.184653 0.1228 -0.233203 0.168421 0.976892 0.13159 0.0238368 -0.144261 -0.107631 0.983669 -0.972136
3 145 216 0.99558 0.0422966 -0.0838493 0.161558 -0.03627 0.996735 0.0721391 0.116433 0.0866268 -0.068779 0.993864 -0.979971
3 146 275 0.991019 0.0981326 -0.0908404 0.214436 -0.0933791 0.9941 0.055186 0.141825 0.09572 -0.0462078 0.994335 -0.966387
3 147 347 0.927704 0.198591 -0.316111 0.742712 -0.179683 0.979763 0.0881968 0.120783 0.327229 -0.0250208 0.944614 -0.658628
3 148 371 0.941642 0.208161 -0.264536 0.712996 -0.184445 0.976462 0.111816 0.0260471 0.281585 -0.056498 0.957872 -0.700684
3 149 363 0.891544 0.281582 -0.354768 0.894878 -0.23911 0.957829 0.159342 -0.190293 0.384675 -0.0572321 0.921276 -0.403711
3 150 188 0.945637 0.31094 -0.0953213 0.611507 -0.305127 0.949673 0.0708383 -0.173023 0.112551 -0.0379022 0.992923 -0.772089
3 151 165 0.893445 0.295675 -0.338131 0.954632 -0.280776 0.955219 0.0933834 -0.216179 0.3506 0.0115062 0.936455 -0.204803
3 152 38 0.970475 0.239447 0.0290515 -0.825773 -0.23589 0.967329 -0.0928998 0.0662784 -0.050347 0.0833039 0.995252 0.560094
3 153 0 1 0 0 0 0 1 0 0 0 0 1 0
3 154 67 0.947854 0.316356 0.038615 0.884275 -0.314711 0.948203 -0.0432292 -0.390518 -0.0502907 0.0288224 0.998319 0.256033
3 155 55 0.901059 0.395642 -0.177652 0.912629 -0.388727 0.918401 0.0736937 -0.408788 0.192312 0.00265591 0.98133 0.00106476
3 156 42 -0.242868 0.655477 0.715098 -0.130071 0.667834 0.647639 -0.366826 -0.0256311 -0.703572 0.388477 -0.59504 0.991173
3 157 30 0.973451 0.22858 -0.0119909 -0.0582162 -0.227703 0.972394 0.0510035 -0.417038 0.0233183 -0.046919 0.998626 0.907023
3 158 26 0.96236 0.266987 -0.0508084 0.252523 -0.262269 0.961335 0.0839683 -0.16642 0.0712623 -0.0674823 0.995172 0.953172
3 159 27 0.959384 0.281646 -0.0160608 0.284152 -0.277288 0.951952 0.129997 -0.130648 0.0519021 -0.120263 0.991384 0.949836
3 160 26 0.963044 0.265274 -0.0466578 0.122627 -0.254737 0.953315 0.162175 -0.0698724 0.0875002 -0.144296 0.985658 0.98999
3 161 72 0.836121 0.33941 -0.430933 0.974476 -0.250791 0.935207 0.249985 -0.219915 0.487858 -0.100943 0.867067 0.0451064
3 162 29 0.944936 0.325654 0.0323202 -0.225211 -0.32665 0.932584 0.153579 0.101146 0.0198724 -0.15568 0.987608 -0.969046
3 163 33 0.96991 0.239244 0.045133 -0.101992 -0.243193 0.960777 0.133284 0.108621 -0.0114754 -0.140249 0.99005 -0.988837
3 164 76 0.979178 0.19329 0.062038 -0.895039 -0.19842 0.975851 0.0913416 0.105296 -0.0428845 -0.101749 0.993885 -0.433379
3 165 103 0.939109 0.25519 -0.230113 0.891976 -0.219844 0.96089 0.168403 -0.138253 0.264088 -0.10756 0.958482 -0.430425
3 166 132 0.885921 0.260962 -0.383462 0.926842 -0.203212 0.961523 0.184872 -0.0677173 0.416952 -0.0858576 0.904864 -0.369294
3 167 127 0.856686 0.304037 -0.416713 0.913016 -0.228977 0.948024 0.22095 -0.126065 0.462231 -0.0938668 0.881777 -0.387955
3 168 161 0.976077 0.178711 -0.123843 0.356589 -0.159852 0.975921 0.148412 0.107396 0.147384 -0.125065 0.981141 -0.928068
3 169 242 0.987421 0.135267 -0.0818753 0.376193 -0.123994 0.983746 0.129883 0.0292672 0.0981133 -0.118097 0.988143 -0.926079
3 170 177 0.994585 0.0815502 -0.0644162 0.235073 -0.0702071 0.984276 0.162085 0.0427611 0.0766214 -0.156685 0.984672 -0.971037
3 171 208 0.997931 0.0377378 -0.0520467 0.0893745 -0.0286194 0.985715 0.165975 0.0693261 0.0575667 -0.164142 0.984756 -0.993582
3 172 257 0.985436 0.0904857 -0.143975 0.252059 -0.0682274 0.985922 0.152652 0.134707 0.155761 -0.140606 0.977736 -0.95829
4 5 745 0.999859 0.0148694 -0.00784629 0.995046 -0.0150015 0.999742 -0.0170546 0.0760527 0.00759068 0.0171699 0.999824 0.0640289
4 6 641 0.997768 0.03127 -0.0589978 0.994745 -0.0300339 0.999313 0.021723 -0.0954751 0.0596365 -0.0199026 0.998022 0.0369644
4 7 421 0.993424 0.0300383 -0.110487 0.98017 -0.0310334 0.999492 -0.00729696 -0.132306 0.110212 0.0106778 0.993851 0.147519
4 8 287 0.990309 0.0462495 -0.130953 0.998252 -0.0489282 0.998652 -0.0173106 -0.0557788 0.129976 0.0235502 0.991237 -0.0195239
4 9 185 0.984602 0.0863234 -0.152013 0.976208 -0.0884142 0.996059 -0.00703581 -0.0239852 0.150806 0.0203676 0.988353 -0.215504
4 10 99 0.936166 0.150349 -0.317786 0.984476 -0.1437 0.988625 0.044405 -0.000497108 0.320848 0.00409543 0.947122 -0.175517
4 11 99 0.99164 0.126116 -0.0272735 0.804779 -0.124758 0.991082 0.0468098 0.0949526 0.0329338 -0.0430159 0.998531 -0.58593
4 12 81 0.989015 0.147785 -0.00302286 0.538057 -0.147574 0.98836 0.0369681 0.157652 0.00845099 -0.0361159 0.999312 -0.828034
4 13 61 0.986178 0.164897 -0.0161782 0.0850909 -0.165251 0.985964 -0.0237982 0.392688 0.0120269 0.0261428 0.999586 -0.915727
4 14 36 0.980307 0.196732 0.0171819 -0.314735 -0.197365 0.978995 0.051151 0.0832699 -0.00675795 -0.0535348 0.998543 -0.94552
4 15 0 1 0 0 0 0 1 0 0 0 0 1 0
4 16 0 1 0 0 0 0 1 0 0 0 0 1 0
4 17 0 1 0 0 0 0 1 0 0 0 0 1 0
4 18 0 1 0 0 0 0 1 0 0 0 0 1 0
4 19 0 1 0 0 0 0 1 0 0 0 0 1 0
4 20 0 1 0 0 0 0 1 0 0 0 0 1 0
4 21 0 1 0 0 0 0 1 0 0 0 0 1 0
4 22 0 1 0 0 0 0 1 0 0 0 0 1 0
4 23 0 1 0 0 0 0 1 0 0 0 0 1 0
4 24 0 1 0 0 0 0 1 0 0 0 0 1 0
4 25 0 1 0 0 0 0 1 0 0 0 0 1 0
4 26 0 1 0 0 0 0 1 0 0 0 0 1 0
4 27 0 1 0 0 0 0 1 0 0 0 0 1 0
4 28 0 1 0 0 0 0 1 0 0 0 0 1 0
4 29 0 1 0 0 0 0 1 0 0 0 0 1 0
4 30 0 1 0 0 0 0 1 0 0 0 0 1 0
4 31 0 1 0 0 0 0 1 0 0 0 0 1 0
4 32 0 1 0 0 0 0 1 0 0 0 0 1 0
4 33 0 1 0 0 0 0 1 0 0 0 0 1 0
4 34 0 1 0 0 0 0 1 0 0 0 0 1 0
4 35 0 1 0 0 0 0 1 0 0 0 0 1 0
4 36 0 1 0 0 0 0 1 0 0 0 0 1 0
4 37 0 1 0 0 0 0 1 0 0 0 0 1 0
4 38 0 1 0 0 0 0 1 0 0 0 0 1 0
4 39 0 1 0 0 0 0 1 0 0 0 0 1 0
4 40 0 1 0 0 0 0 1 0 0 0 0 1 0
4 41 0 1 0 0 0 0 1 0 0 0 0 1 0
4 42 0 1 0 0 0 0 1 0 0 0 0 1 0
4 43 0 1 0 0 0 0 1 0 0 0 0 1 0
4 44 0 1 0 0 0 0 1 0 0 0 0 1 0
4 45 0 1 0 0 0 0 1 0 0 0 0 1 0
4 46 0 1 0 0 0 0 1 0 0 0 0 1 0
4 47 0 1 0 0 0 0 1 0 0 0 0 1 0
4 48 0 1 0 0 0 0 1 0 0 0 0 1 0
