0 1 27 0.999964 0.00830597 0.0014475 0.0439084 -0.00831131 0.999959 0.00372304 -0.0371672 -0.00141651 -0.00373493 0.999992 0.998344
0 2 765 0.999611 0.0118218 -0.0252612 0.885114 -0.0116464 0.999907 0.00707725 -0.201738 0.0253425 -0.0067803 0.999656 0.419375
0 3 715 0.999333 0.00372475 -0.036323 0.946531 -0.00383274 0.999988 -0.00290378 0.0180158 0.0363117 0.00304106 0.999336 0.322108
0 4 656 0.995756 0.0340408 -0.0855082 0.946258 -0.0342364 0.999413 -0.000821168 -0.0261204 0.0854301 0.00374517 0.996337 0.322356
0 5 466 0.99005 0.0564991 -0.128879 0.990463 -0.0577468 0.998313 -0.00596228 -0.0514549 0.128325 0.0133453 0.991642 0.127807
0 6 303 0.993359 0.0540348 -0.101577 0.974921 -0.0529874 0.998511 0.0129836 -0.0460799 0.102127 -0.00751513 0.994743 0.217727
0 7 210 0.984877 0.0566545 -0.163731 0.974109 -0.0597101 0.99812 -0.0137975 -0.10038 0.162642 0.0233652 0.986409 0.202574
0 8 145 0.982187 0.0793715 -0.170317 0.994209 -0.080056 0.996786 0.00285646 -0.107463 0.169997 0.0108294 0.985385 0.000107123
0 9 107 0.972577 0.119742 -0.19939 0.989599 -0.12105 0.99263 0.005664 -0.0624352 0.198598 0.0186274 0.979904 -0.129595
0 10 80 0.918689 0.161624 -0.360399 0.995443 -0.164497 0.986111 0.0229136 0.0342989 0.359097 0.038234 0.932517 -0.0889716
0 11 84 0.900098 0.214798 -0.379058 0.99346 -0.196117 0.976647 0.087738 -0.0365455 0.389052 -0.00463321 0.921204 -0.108174
0 12 58 0.841609 0.253809 -0.476734 0.997512 -0.250868 0.965407 0.0710996 0.000401397 0.478288 0.0597594 0.876167 -0.0704998
0 13 48 0.776565 0.322051 -0.541508 0.991202 -0.302051 0.944577 0.128603 -0.107638 0.552912 0.0636947 0.830801 -0.0770227
0 14 45 -0.136053 0.42335 -0.895692 0.804024 -0.136297 0.887503 0.440183 -0.278559 0.981281 0.181968 -0.0630458 0.52531
0 15 35 -0.738375 0.184294 -0.64872 0.600468 -0.053123 0.943052 0.328375 -0.159871 0.672295 0.276926 -0.686536 0.783504
0 16 29 0.980175 -0.111671 0.163665 -0.0777867 -0.165865 -0.914307 0.369503 -0.339524 0.108377 -0.389324 -0.914703 0.937375
0 17 28 0.00577087 0.846546 -0.532285 0.443454 0.939471 -0.186946 -0.287134 0.0289633 -0.342581 -0.498409 -0.796384 0.895829
0 18 0 1 0 0 0 0 1 0 0 0 0 1 0
0 19 15 -0.543886 -0.729078 -0.41549 0.367738 -0.825699 0.553286 0.109985 0.0943025 0.149697 0.402889 -0.902924 0.925136
0 20 16 0.121769 -0.792316 -0.597836 0.405993 -0.885096 -0.359266 0.295859 0.0714107 -0.449196 0.493116 -0.745023 0.911082
0 21 0 1 0 0 0 0 1 0 0 0 0 1 0
0 22 0 1 0 0 0 0 1 0 0 0 0 1 0
0 23 0 1 0 0 0 0 1 0 0 0 0 1 0
0 24 0 1 0 0 0 0 1 0 0 0 0 1 0
0 25 15 0.0110428 -0.996542 -0.082353 -0.0331134 -0.587987 -0.0730861 0.805562 -0.596546 -0.808795 0.0395269 -0.586761 0.801895
0 26 16 -0.839303 -0.0438713 0.541892 -0.265056 0.0155213 0.994399 0.104546 0.0198885 -0.543443 0.0961567 -0.833921 0.964028
0 27 0 1 0 0 0 0 1 0 0 0 0 1 0
0 28 0 1 0 0 0 0 1 0 0 0 0 1 0
0 29 10 0.06061 0.982094 -0.178374 0.156352 -0.977402 0.0946505 0.189015 -0.0443478 0.202514 0.162887 0.965638 -0.986705
0 30 12 0.72385 0.306818 -0.617984 0.550796 0.18465 -0.949158 -0.254958 0.147936 -0.66479 0.0704408 -0.743701 0.821425
0 31 18 0.925829 -0.357445 0.122773 -0.372811 0.361401 0.932347 -0.0108536 0.0417987 -0.110587 0.0544188 0.992375 -0.926965
0 32 0 1 0 0 0 0 1 0 0 0 0 1 0
0 33 25 0.892477 -0.443614 0.0818008 -0.181379 -0.450641 -0.868682 0.205704 -0.125694 -0.0201943 -0.220449 -0.975189 0.975348
0 34 12 0.978677 0.153634 -0.136341 0.475868 -0.120677 0.967179 0.223612 0.0175256 0.16622 -0.202391 0.965095 -0.879342
0 35 18 0.776995 -0.620961 0.103373 -0.772229 0.627532 0.777041 -0.0491066 -0.187478 -0.0498321 0.103026 0.99343 -0.607054
0 36 28 -0.285992 0.90062 -0.327248 0.211566 0.897972 0.132697 -0.419568 0.146472 -0.334446 -0.413853 -0.846683 0.966326
0 37 11 0.99007 -0.0838015 0.112866 -0.199435 0.0640873 0.98367 0.168182 -0.0177549 -0.125117 -0.159279 0.979273 0.97975
0 38 0 1 0 0 0 0 1 0 0 0 0 1 0
0 39 10 -0.984076 -0.176914 0.0171798 0.243384 0.160543 -0.926153 -0.341272 0.227285 0.0762869 -0.33308 0.939807 -0.942924
0 40 13 0.754353 -0.590856 -0.286079 -0.10599 0.58688 0.802248 -0.109408 0.0704663 0.294151 -0.0853621 0.951939 -0.991867
0 41 20 0.877883 -0.0957795 -0.469199 0.24559 -0.0911709 -0.995302 0.0325919 -0.129193 -0.470116 0.0141654 -0.882491 0.960726
0 42 12 -0.979331 0.198585 0.0383982 0.115323 0.202089 0.968584 0.144933 -0.124402 -0.00841032 0.149697 -0.988696 0.985507
0 43 16 0.211614 0.977143 0.0202922 0.0773559 0.801693 -0.161667 -0.575458 0.350353 -0.559024 0.138043 -0.81758 0.933418
0 44 0 1 0 0 0 0 1 0 0 0 0 1 0
0 45 0 1 0 0 0 0 1 0 0 0 0 1 0
0 46 0 1 0 0 0 0 1 0 0 0 0 1 0
0 47 0 1 0 0 0 0 1 0 0 0 0 1 0
0 48 23 0.265649 -0.934578 0.236631 -0.408809 -0.922477 -0.175094 0.344062 -0.138955 -0.280121 -0.309687 -0.90864 0.901979
0 49 0 1 0 0 0 0 1 0 0 0 0 1 0
0 50 17 -0.629583 -0.7246 -0.280321 0.05231 -0.661024 0.689168 -0.296807 0.0858158 0.408255 -0.00156589 -0.912867 0.994937
0 51 0 1 0 0 0 0 1 0 0 0 0 1 0
0 52 30 -0.68404 -0.467473 0.559963 -0.282017 0.0423208 0.74093 0.670247 -0.354152 -0.728216 0.482174 -0.487042 0.891652
0 53 0 1 0 0 0 0 1 0 0 0 0 1 0
0 54 13 -0.667784 -0.61288 0.422425 -0.0635594 -0.545588 0.789063 0.282336 -0.259522 -0.506358 -0.0419309 -0.861303 0.963643
0 55 23 -0.757591 -0.358269 -0.545618 0.332795 -0.469683 0.879684 0.0745284 0.0383014 0.45327 0.31273 -0.834713 0.942221
0 56 0 1 0 0 0 0 1 0 0 0 0 1 0
0 57 16 0.184678 0.0153478 0.982679 -0.888502 -0.0598685 -0.997845 0.0268359 -0.0980518 0.980974 -0.0637876 -0.183361 0.448275
0 58 16 0.805943 -0.591894 -0.0108334 0.00142126 -0.573978 -0.785766 0.23048 -0.178804 -0.144932 -0.179536 -0.973017 0.983884
0 59 19 -0.412523 -0.816843 -0.403227 0.181762 -0.902847 0.425516 0.0616649 0.0406662 0.121209 0.389491 -0.91302 0.982501
0 60 19 -0.380479 -0.0583951 0.922944 -0.316909 0.376085 0.901981 0.212108 -0.0641142 -0.844865 0.427808 -0.321223 0.946286
0 61 0 1 0 0 0 0 1 0 0 0 0 1 0
0 62 0 1 0 0 0 0 1 0 0 0 0 1 0
0 63 20 -0.798466 0.0497736 0.599979 -0.315539 0.2419 0.939116 0.244019 -0.0770262 -0.551304 0.339976 -0.761893 0.945781
0 64 0 1 0 0 0 0 1 0 0 0 0 1 0
0 65 0 1 0 0 0 0 1 0 0 0 0 1 0
0 66 0 1 0 0 0 0 1 0 0 0 0 1 0
0 67 0 1 0 0 0 0 1 0 0 0 0 1 0
0 68 22 -0.159058 0.762694 0.626896 -0.180137 0.912547 0.355906 -0.201467 -0.0932749 -0.376773 0.540028 -0.752604 0.979209
0 69 12 0.95336 -0.204741 0.22178 -0.0422675 0.274124 0.894856 -0.352263 -0.199681 -0.126338 0.396628 0.909244 0.978949
0 70 19 0.185133 0.937492 -0.294676 0.254773 0.86581 -0.29745 -0.402363 0.0979899 -0.464864 -0.180643 -0.866758 0.962023
0 71 0 1 0 0 0 0 1 0 0 0 0 1 0
0 72 13 0.233822 0.930571 0.281718 -0.114929 0.895362 -0.319038 0.31071 -0.297847 0.379017 0.179589 -0.907796 0.94767
0 73 18 0.582229 0.772738 -0.252756 0.225199 0.789128 -0.462294 0.404427 -0.147537 0.195669 -0.434926 -0.87895 0.963078
0 74 17 -0.445454 0.88829 -0.11186 0.235718 0.759351 0.441039 0.478405 -0.318318 0.474297 0.128166 -0.870986 0.91821
0 75 0 1 0 0 0 0 1 0 0 0 0 1 0
0 76 20 -0.407009 0.902432 0.14128 0.189579 0.907301 0.417295 -0.051674 -0.137974 -0.105588 0.107152 -0.98862 0.972123
0 77 0 1 0 0 0 0 1 0 0 0 0 1 0
0 78 0 1 0 0 0 0 1 0 0 0 0 1 0
0 79 20 0.230744 0.937228 0.261457 -0.16115 -0.925708 0.128686 0.355675 -0.636795 0.299703 -0.324103 0.897293 -0.754004
0 80 0 1 0 0 0 0 1 0 0 0 0 1 0
0 81 0 1 0 0 0 0 1 0 0 0 0 1 0
0 82 0 1 0 0 0 0 1 0 0 0 0 1 0
0 83 0 1 0 0 0 0 1 0 0 0 0 1 0
0 84 0 1 0 0 0 0 1 0 0 0 0 1 0
0 85 10 0.996703 -0.0754522 -0.0298336 0.407234 0.0757631 0.997081 0.0094296 -0.0611285 0.0290351 -0.0116588 0.99951 0.911276
0 86 13 0.0850722 0.995761 0.0349541 0.0305678 -0.750496 0.040964 0.659605 -0.76398 0.655377 -0.0823469 0.7508 -0.644516
0 87 16 0.835091 0.457972 0.30477 -0.242504 0.447877 -0.887703 0.10672 -0.0919499 0.31942 0.0473788 -0.946428 0.965783
0 88 11 0.998965 -0.0454705 -0.000768007 -0.268489 0.0454712 0.998965 0.000978973 0.160879 0.000722698 -0.00101288 0.999999 -0.949753
0 89 0 1 0 0 0 0 1 0 0 0 0 1 0
0 90 10 0.86984 0.385289 0.308107 -0.149231 -0.338941 0.920537 -0.194245 -0.16471 -0.358464 0.0645318 0.93131 0.974988
0 91 13 0.807286 0.528458 -0.262722 0.238338 0.526433 -0.84604 -0.0841752 0.00183388 -0.266756 -0.0703518 -0.961193 0.971181
0 92 0 1 0 0 0 0 1 0 0 0 0 1 0
0 93 19 0.845537 -0.0601069 0.530523 -0.765512 0.193688 0.960487 -0.199875 0.276363 -0.497546 0.271758 0.823769 -0.581047
0 94 23 -0.519055 0.510128 0.685822 -0.368645 0.530576 0.821368 -0.209391 0.0537134 -0.670128 0.255195 -0.696996 0.928017
0 95 16 0.928997 -0.260265 -0.263111 0.46818 0.301277 0.944739 0.129234 -0.055726 0.214936 -0.199327 0.956071 -0.881874
0 96 0 1 0 0 0 0 1 0 0 0 0 1 0
0 97 16 -0.430488 0.833826 0.345565 -0.826611 -0.899495 -0.428035 -0.0877261 0.195552 0.0747656 -0.348599 0.934285 -0.527705
0 98 0 1 0 0 0 0 1 0 0 0 0 1 0
0 99 0 1 0 0 0 0 1 0 0 0 0 1 0
0 100 27 0.324701 -0.88302 0.338888 -0.41164 0.77941 0.0468291 -0.624762 0.359193 0.535807 0.466994 0.70344 0.837576
0 101 17 0.855313 0.395077 0.335194 -0.373175 0.34191 -0.916479 0.20776 -0.205951 0.389279 -0.0630941 -0.918956 0.904613
0 102 0 1 0 0 0 0 1 0 0 0 0 1 0
0 103 13 -0.11064 -0.893617 -0.434979 0.347059 0.987869 -0.0508944 -0.146714 -0.168034 0.108968 -0.445935 0.888408 -0.922667
0 104 12 0.722872 0.621266 0.302464 -0.183916 0.661927 -0.748208 -0.0451376 -0.153323 0.198264 0.232838 -0.952091 0.97091
0 105 0 1 0 0 0 0 1 0 0 0 0 1 0
0 106 12 -0.765558 -0.547449 0.337965 -0.213761 0.353651 -0.796905 -0.489768 0.38306 0.537449 -0.255424 0.803683 -0.89865
0 107 0 1 0 0 0 0 1 0 0 0 0 1 0
0 108 0 1 0 0 0 0 1 0 0 0 0 1 0
0 109 0 1 0 0 0 0 1 0 0 0 0 1 0
0 110 19 -0.174641 0.941778 0.287323 -0.300628 0.948931 0.238849 -0.206111 0.0301074 -0.262738 0.236654 -0.935395 0.953266
0 111 0 1 0 0 0 0 1 0 0 0 0 1 0
0 112 10 0.848845 0.478742 -0.224206 0.296644 -0.4427 0.875548 0.193475 -0.198526 0.288928 -0.0649746 0.955143 -0.934125
0 113 0 1 0 0 0 0 1 0 0 0 0 1 0
0 114 0 1 0 0 0 0 1 0 0 0 0 1 0
0 115 13 -0.976472 -0.11547 -0.182121 0.0782363 0.15357 -0.965262 -0.211389 0.256038 -0.151386 -0.234384 0.960285 -0.963496
0 116 0 1 0 0 0 0 1 0 0 0 0 1 0
0 117 10 -0.050948 0.995977 -0.0737162 -0.0914566 -0.9987 -0.050931 0.00211106 0.115919 -0.00165187 0.0737279 0.997277 -0.989039
0 118 0 1 0 0 0 0 1 0 0 0 0 1 0
0 119 0 1 0 0 0 0 1 0 0 0 0 1 0
0 120 14 0.376298 0.923718 -0.0717317 0.135778 -0.758869 0.351707 0.548106 -0.60182 0.531523 -0.151816 0.833328 -0.787005
0 121 34 -0.135033 -0.42239 0.896299 -0.706735 -0.0565017 0.906395 0.418635 -0.227591 -0.989229 0.00588725 -0.146259 0.669872
0 122 13 -0.907154 0.420282 0.0208525 0.0991186 -0.420793 -0.90628 -0.0398722 -0.0607811 0.00214064 -0.0449448 0.998987 -0.993218
0 123 0 1 0 0 0 0 1 0 0 0 0 1 0
0 124 0 1 0 0 0 0 1 0 0 0 0 1 0
0 125 20 0.817567 0.297437 -0.493067 0.18342 -0.303112 0.95033 0.0706769 0.204869 0.489598 0.0916717 0.867116 -0.96145
0 126 44 0.931133 0.322565 0.170128 -0.594654 -0.0682958 0.612499 -0.787516 0.782028 -0.358229 0.721663 0.592347 0.186597
0 127 20 0.712105 0.457227 -0.532776 0.338678 -0.425777 0.884633 0.1901 0.0674051 0.55823 0.0914725 0.824628 -0.938485
0 128 39 0.561045 0.530245 -0.635664 0.614533 -0.348669 0.847841 0.399495 -0.329057 0.750772 -0.00249825 0.660557 -0.716987
0 129 58 0.850336 0.406389 -0.33433 0.0770155 -0.437469 0.899014 -0.0198784 0.378129 0.292489 0.163162 0.942246 -0.922544
0 130 61 0.936406 0.282959 -0.207554 -0.0904025 -0.304538 0.949134 -0.0800033 0.375236 0.174359 0.138124 0.974947 -0.92251
0 131 76 0.959437 0.243306 -0.142421 -0.134342 -0.252518 0.966281 -0.0503636 0.287301 0.125365 0.0842845 0.988524 -0.948372
0 132 87 0.967152 0.231633 -0.104708 -0.0875308 -0.242528 0.964211 -0.107133 0.361974 0.0761448 0.129008 0.988716 -0.92807
0 133 112 0.972947 0.219666 -0.0715586 -0.0691529 -0.225967 0.969311 -0.0968289 0.340281 0.0480925 0.110379 0.992725 -0.937777
0 134 134 0.96281 0.221921 -0.154103 0.129774 -0.23566 0.968759 -0.0772731 0.340329 0.13214 0.110715 0.985028 -0.931308
0 135 116 0.973953 0.193478 -0.118244 0.13755 -0.191598 0.981097 0.0271735 0.224687 0.121266 -0.00381041 0.992613 -0.964674
0 136 74 0.965803 0.23884 -0.100891 0.207404 -0.229138 0.968355 0.0989147 0.112563 0.121323 -0.0724141 0.989968 -0.971758
0 137 54 0.953161 0.181683 -0.241815 0.562426 -0.200262 0.978231 -0.0543956 0.327606 0.226668 0.100274 0.968797 -0.759178
0 138 44 0.993713 0.108043 0.0293447 0.250662 -0.109023 0.993452 0.0341663 0.16975 -0.0254611 -0.0371507 0.998985 -0.953076
0 139 59 0.997016 0.0406971 0.065601 0.343434 -0.0438447 0.997919 0.0472769 0.175793 -0.0635405 -0.0500121 0.996725 -0.922578
0 140 53 0.984411 -0.0611431 0.164916 0.262643 0.0411409 0.991666 0.122086 0.136123 -0.171007 -0.113398 0.978722 -0.955243
0 141 46 0.95002 -0.20774 0.233037 0.146364 0.168005 0.969357 0.179225 0.0981244 -0.263128 -0.131116 0.95581 -0.984352
0 142 64 0.947435 -0.270543 0.170802 0.155472 0.245407 0.957014 0.154598 0.142832 -0.205285 -0.104555 0.973101 -0.97746
0 143 72 0.958175 -0.274321 0.081541 0.185562 0.259446 0.952903 0.157048 0.0884388 -0.120782 -0.129324 0.984219 -0.978645
0 144 129 0.986865 -0.160759 0.0159701 0.149981 0.158413 0.982349 0.0994779 0.125716 -0.0316801 -0.0956413 0.994912 -0.980664
0 145 225 0.983713 0.05216 -0.17201 0.469356 -0.0430067 0.997475 0.0565204 0.155296 0.174523 -0.0482023 0.983472 -0.869246
0 146 217 0.977463 0.0974234 -0.187284 0.560738 -0.0900499 0.994804 0.047504 0.140204 0.190939 -0.0295684 0.981156 -0.816036
0 147 223 0.937371 0.193544 -0.289613 0.774274 -0.173102 0.980324 0.0948657 0.0918119 0.302275 -0.0387917 0.952431 -0.626156
0 148 252 0.932635 0.214334 -0.290263 0.846069 -0.181709 0.973991 0.135365 -0.0869205 0.311727 -0.0735028 0.947325 -0.52594
0 149 202 0.896505 0.283035 -0.340836 0.911606 -0.238488 0.956657 0.167123 -0.230301 0.373365 -0.0685409 0.925149 -0.340493
0 150 121 0.882037 0.33098 -0.335354 0.942136 -0.297122 0.943093 0.149312 -0.296559 0.36569 -0.0320578 0.930185 -0.15631
0 151 108 0.90088 0.306627 -0.307238 0.951949 -0.288025 0.951808 0.105371 -0.267751 0.324741 -0.00643395 0.945781 -0.148669
0 152 73 0.869581 0.336466 -0.361412 0.947931 -0.334462 0.939792 0.0701878 -0.305598 0.363268 0.0598444 0.929761 -0.0896467
0 153 55 0.853402 0.401612 -0.332284 0.916742 -0.388903 0.915029 0.107125 -0.371809 0.347073 0.0378054 0.937076 -0.146088
0 154 55 0.887722 0.37126 -0.272241 0.944176 -0.363921 0.928077 0.0789612 -0.32393 0.281976 0.0289789 0.958984 -0.060015
0 155 46 0.833294 0.392419 -0.389395 0.944238 -0.379875 0.918185 0.112392 -0.319184 0.401642 0.0542657 0.914188 0.0808433
0 156 55 0.691276 0.501301 -0.520417 0.876555 -0.397682 0.865263 0.305234 -0.455777 0.603312 -0.00404044 0.797495 0.154656
0 157 61 0.825382 0.432306 -0.36312 0.913202 -0.366248 0.899471 0.238358 -0.406324 0.42966 -0.0637448 0.900738 0.031027
0 158 22 0.928956 0.354165 0.107739 -0.311106 -0.360862 0.93127 0.0501435 0.093549 -0.0825748 -0.08546 0.992914 0.94576
0 159 47 0.6801 0.300647 -0.668637 0.924607 -0.242968 0.952933 0.181345 -0.0988925 0.691687 0.0391242 0.721137 0.367861
0 160 48 0.786423 0.38149 -0.485802 0.9469 -0.259759 0.917814 0.300238 -0.261623 0.560413 -0.109923 0.820886 0.186906
0 161 53 0.719359 0.370232 -0.587751 0.952168 -0.222982 0.924421 0.309393 -0.248149 0.657877 -0.0915069 0.747545 0.178321
0 162 54 0.830802 0.363623 -0.421363 0.959438 -0.265779 0.924374 0.273668 -0.276635 0.489009 -0.115375 0.864615 0.0543236
0 163 67 0.88217 0.31276 -0.352077 0.972713 -0.240431 0.941955 0.234338 -0.228525 0.404932 -0.122076 0.906161 -0.0400784
0 164 83 0.91397 0.281114 -0.292633 0.951644 -0.233356 0.954101 0.187713 -0.219512 0.33197 -0.103276 0.937619 -0.214914
0 165 104 0.846335 0.285708 -0.449542 0.985666 -0.213846 0.955223 0.204496 -0.157037 0.487839 -0.0769395 0.869536 -0.0616527
0 166 100 0.928137 0.227685 -0.294486 0.894914 -0.187642 0.969426 0.158127 -0.0183338 0.321485 -0.0915059 0.942483 -0.445861
0 167 121 0.935909 0.272066 -0.22373 0.750666 -0.226817 0.951432 0.208163 -0.157737 0.269498 -0.144076 0.952162 -0.641576
0 168 129 0.949916 0.211585 -0.22998 0.730598 -0.171121 0.967965 0.183742 -0.0306585 0.26149 -0.135185 0.955692 -0.682119
0 169 181 0.965036 0.158611 -0.208679 0.764876 -0.134601 0.983021 0.124706 0.0377107 0.224916 -0.0922575 0.970001 -0.643073
0 170 183 0.984178 0.0893938 -0.152979 0.565016 -0.0659588 0.986186 0.151941 0.067056 0.164448 -0.139446 0.976479 -0.82235
0 171 221 0.993909 0.0383519 -0.103315 0.336002 -0.0220912 0.987799 0.154162 0.110476 0.107967 -0.150941 0.982629 -0.93536
0 172 247 0.980076 0.090292 -0.176911 0.434416 -0.0661583 0.988239 0.137865 0.18335 0.187279 -0.123414 0.974523 -0.881853
1 2 794 0.99963 0.0023513 -0.0270888 0.914423 -0.00240764 0.999995 -0.00204752 -0.0770102 0.0270838 0.00211198 0.999631 0.397366
1 3 733 0.999945 -0.0025883 -0.0101691 0.958473 0.00265238 0.999977 0.00629295 -0.239292 0.0101526 -0.00631958 0.999928 0.155139
1 4 672 0.997081 0.027353 -0.0712804 0.990736 -0.0272544 0.999626 0.00235453 -0.103759 0.0713181 -0.000404952 0.997454 0.0876192
1 5 483 0.995245 0.0399358 -0.0888415 0.97841 -0.0414108 0.999032 -0.014821 -0.0440441 0.0881636 0.0184295 0.995936 0.201928
1 6 310 0.987048 0.0518924 -0.151803 0.983763 -0.0502393 0.998629 0.0147078 -0.0504932 0.152358 -0.00689081 0.988301 0.172221
1 7 199 0.981499 0.0511023 -0.184521 0.970578 -0.0538099 0.998504 -0.00969257 -0.11598 0.18375 0.0194423 0.982781 0.211016
1 8 137 0.98681 0.0752851 -0.143314 0.991025 -0.075534 0.997136 0.00371055 -0.124602 0.143183 0.0071635 0.98967 -0.0484223
1 9 109 0.980604 0.092599 -0.172746 0.992164 -0.0976568 0.994999 -0.0209945 -0.0087127 0.169938 0.0374572 0.984743 -0.12464
1 10 81 0.953391 0.140498 -0.267033 0.988987 -0.138258 0.990021 0.0272703 0.0143126 0.2682 0.0109201 0.963301 -0.14731
1 11 78 0.943399 0.183544 -0.276244 0.982195 -0.174377 0.982992 0.057614 0.0120101 0.28212 -0.00618254 0.959359 -0.187478
1 12 62 0.798882 0.241439 -0.550903 0.999852 -0.253996 0.965647 0.0548762 0.016998 0.545228 0.0960878 0.832763 -0.00283481
1 13 48 0.656476 0.31192 -0.686838 0.993361 -0.297215 0.943806 0.144543 -0.108177 0.693327 0.10925 0.712293 0.0391424
1 14 34 0.951453 0.261335 -0.162607 0.771686 -0.253796 0.96501 0.0658971 0.0359412 0.174139 -0.0214288 0.984488 -0.634988
1 15 15 0.986804 0.16192 -0.00044211 -0.171689 -0.161667 0.985407 0.0532614 0.161007 0.00905977 -0.0524871 0.998581 -0.971905
1 16 21 -0.477198 -0.17804 0.860572 -0.809992 -0.193666 -0.933881 -0.300597 0.268071 0.857191 -0.310108 0.411166 -0.521586
1 17 14 -0.642461 0.755398 0.12891 -0.238504 -0.760386 -0.607511 -0.229661 -0.00864009 -0.0951716 -0.24557 0.964696 -0.971103
1 18 29 -0.673512 -0.112934 0.730498 -0.404718 0.162625 0.941406 0.295479 -0.157684 -0.721065 0.317806 -0.615682 0.900744
1 19 24 -0.0415524 -0.840065 -0.540892 0.450629 -0.76441 0.375336 -0.524214 0.098644 0.64339 0.391681 -0.65775 0.887245
1 20 11 -0.415719 -0.867607 -0.27283 -0.312449 0.857122 -0.474063 0.20151 -0.35514 -0.30417 -0.150077 0.940722 0.881051
1 21 0 1 0 0 0 0 1 0 0 0 0 1 0
1 22 0 1 0 0 0 0 1 0 0 0 0 1 0
1 23 0 1 0 0 0 0 1 0 0 0 0 1 0
1 24 0 1 0 0 0 0 1 0 0 0 0 1 0
1 25 11 -0.854122 0.502887 0.132592 0.196519 -0.516273 -0.850626 -0.0994833 0.0813206 0.0627573 -0.153424 0.986166 -0.977122
1 26 12 0.940862 0.299546 -0.158277 -0.0425075 0.296252 -0.954069 -0.0445729 -0.166028 -0.164359 -0.00495293 -0.986388 0.985204
1 27 0 1 0 0 0 0 1 0 0 0 0 1 0
1 28 0 1 0 0 0 0 1 0 0 0 0 1 0
1 29 14 -0.534342 -0.783074 0.318234 -0.316202 -0.84178 0.458812 -0.284426 0.199269 0.076717 -0.419864 -0.904339 0.927528
1 30 19 0.982114 0.0643165 -0.176963 0.0366474 0.0707583 -0.997032 0.0303292 -0.0619584 -0.174487 -0.0423084 -0.98375 0.997406
1 31 10 -0.896976 0.0544902 0.438707 -0.209003 -0.199206 -0.935733 -0.29107 0.204239 0.394652 -0.348476 0.850185 -0.956349
1 32 0 1 0 0 0 0 1 0 0 0 0 1 0
1 33 17 0.810166 -0.43947 -0.387939 0.0995349 -0.409236 -0.897847 0.162469 -0.191902 -0.41971 0.0271316 -0.907253 0.976354
1 34 15 -0.872545 -0.446438 -0.198392 0.266963 -0.471771 0.875465 0.10485 0.0581808 0.126876 0.185082 -0.974498 0.961949
1 35 14 0.750948 0.296002 -0.590305 0.176365 0.358848 -0.933325 -0.011503 0.0131983 -0.554351 -0.203192 -0.807098 0.984236
1 36 11 0.455893 0.833944 0.310966 -0.314607 -0.889966 0.422796 0.17089 0.205796 0.0110376 -0.354657 0.934931 -0.926645
1 37 14 -0.968494 0.24686 0.0328515 -0.258103 -0.247601 -0.968639 -0.0207648 -0.0334998 0.0266953 -0.0282447 0.999245 -0.965536
1 38 0 1 0 0 0 0 1 0 0 0 0 1 0
1 39 19 0.749872 0.39382 0.531599 -0.488456 0.468328 -0.883534 -0.00608175 -0.172217 0.467291 0.253523 -0.846974 0.855425
1 40 24 0.927465 -0.372299 0.0346707 -0.0132848 0.276803 0.745977 0.605721 -0.241773 -0.251373 -0.552188 0.794921 0.970242
1 41 28 -0.941845 0.240047 0.235173 -0.0423326 0.302941 0.909394 0.285008 -0.165267 -0.145449 0.339677 -0.929228 0.98534
1 42 11 -0.644136 0.745744 -0.170161 0.005083 -0.73523 -0.664995 -0.131221 0.162072 -0.211013 0.0405837 0.97664 0.986766
1 43 0 1 0 0 0 0 1 0 0 0 0 1 0
1 44 0 1 0 0 0 0 1 0 0 0 0 1 0
1 45 0 1 0 0 0 0 1 0 0 0 0 1 0
1 46 0 1 0 0 0 0 1 0 0 0 0 1 0
1 47 0 1 0 0 0 0 1 0 0 0 0 1 0
1 48 0 1 0 0 0 0 1 0 0 0 0 1 0
1 49 0 1 0 0 0 0 1 0 0 0 0 1 0
1 50 0 1 0 0 0 0 1 0 0 0 0 1 0
1 51 13 -0.411303 -0.813444 0.411265 -0.295308 -0.834784 0.517343 0.188394 -0.21893 -0.366013 -0.265831 -0.891834 0.92998
1 52 12 0.697119 -0.716944 -0.00400513 0.185493 0.715653 0.696178 -0.056369 0.679201 0.0432017 0.0364296 0.998402 0.710125
1 53 0 1 0 0 0 0 1 0 0 0 0 1 0
1 54 0 1 0 0 0 0 1 0 0 0 0 1 0
1 55 0 1 0 0 0 0 1 0 0 0 0 1 0
1 56 10 0.163589 0.794183 0.585246 0.0497839 -0.969767 0.0205665 0.243163 -0.0445372 0.181079 -0.607331 0.773537 0.997767
1 57 0 1 0 0 0 0 1 0 0 0 0 1 0
1 58 16 -0.498634 0.754667 0.42643 -0.33719 -0.703225 -0.639819 0.310011 -0.291656 0.506793 -0.145294 0.849735 -0.89512
1 59 0 1 0 0 0 0 1 0 0 0 0 1 0
1 60 16 -0.982983 0.113787 -0.144214 0.33587 -0.0942436 -0.986246 -0.135785 0.0926337 -0.157681 -0.119883 0.980186 -0.937342
1 61 13 -0.504678 -0.863221 0.0122356 -0.176042 0.8612 -0.504386 -0.0626845 0.12375 0.060282 -0.0210981 0.997958 0.976573
1 62 12 0.879184 -0.322879 -0.350407 0.175487 -0.386268 -0.913549 -0.127378 0.0888961 -0.278986 0.247339 -0.927895 0.98046
1 63 0 1 0 0 0 0 1 0 0 0 0 1 0
1 64 13 0.918454 -0.297078 0.261126 -0.167399 -0.322529 -0.944676 0.0596869 -0.175719 0.228948 -0.13904 -0.963458 0.970103
1 65 0 1 0 0 0 0 1 0 0 0 0 1 0
1 66 0 1 0 0 0 0 1 0 0 0 0 1 0
1 67 17 0.855694 -0.108972 -0.505878 0.225538 0.0240766 -0.968134 0.249272 -0.309588 -0.516921 -0.225481 -0.825803 0.923736
1 68 17 -0.388118 -0.889044 0.242828 -0.268262 -0.853205 0.446229 0.27004 -0.100515 -0.348434 -0.102375 -0.931726 0.958088
1 69 0 1 0 0 0 0 1 0 0 0 0 1 0
1 70 17 0.670627 0.264299 -0.693113 0.54108 0.242382 -0.96116 -0.131992 -0.0810323 -0.701078 -0.0794806 -0.708641 0.837058
1 71 10 0.74469 0.590931 0.310222 -0.228274 -0.585588 0.801516 -0.121072 -0.285553 -0.320193 -0.0915009 0.942923 0.93078
1 72 25 -0.477398 -0.827388 0.295838 -0.114929 -0.699218 0.561614 0.442362 -0.297847 -0.532152 0.00432749 -0.846638 0.94767
1 73 23 0.585695 0.7373 -0.336675 0.225264 0.77594 -0.630093 -0.0300088 -0.149043 -0.234262 -0.243664 -0.941142 0.96283
1 74 17 -0.45044 0.0233975 -0.8925 0.236405 -0.734619 0.558394 0.385397 -0.327255 0.507384 0.829246 -0.234334 0.914886
1 75 0 1 0 0 0 0 1 0 0 0 0 1 0
1 76 11 -0.980044 -0.128008 0.152075 0.240437 0.0417205 -0.88047 -0.472262 -0.107507 0.194351 -0.456493 0.868241 0.964693
1 77 0 1 0 0 0 0 1 0 0 0 0 1 0
1 78 0 1 0 0 0 0 1 0 0 0 0 1 0
1 79 24 -0.153323 0.12626 -0.980077 0.448424 -0.0755753 -0.990397 -0.115766 -0.167083 -0.985282 0.0563199 0.161393 0.878066
1 80 0 1 0 0 0 0 1 0 0 0 0 1 0
1 81 10 -0.698756 -0.700394 -0.145563 0.143284 0.714207 -0.694583 -0.0863855 0.158091 -0.0406013 -0.164324 0.98557 0.976973
1 82 0 1 0 0 0 0 1 0 0 0 0 1 0
1 83 0 1 0 0 0 0 1 0 0 0 0 1 0
1 84 21 -0.516413 0.42202 -0.745129 0.338973 0.230156 0.906517 0.353915 -0.198708 0.824831 0.0112709 -0.565268 0.919572
1 85 18 0.89579 -0.207595 0.393019 -0.323233 -0.204165 -0.977605 -0.0510334 -0.0817392 0.394812 -0.0345256 -0.918113 0.942783
1 86 13 0.991033 -0.117173 -0.0642145 -0.211767 0.121335 0.990464 0.0652613 0.0461301 0.0559553 -0.0724675 0.9958 -0.976231
1 87 0 1 0 0 0 0 1 0 0 0 0 1 0
1 88 17 0.883983 -0.0445113 -0.465396 0.157395 0.0116695 -0.993047 0.117142 -0.202754 -0.467374 -0.108983 -0.877316 0.966498
1 89 0 1 0 0 0 0 1 0 0 0 0 1 0
1 90 0 1 0 0 0 0 1 0 0 0 0 1 0
1 91 0 1 0 0 0 0 1 0 0 0 0 1 0
1 92 10 0.830529 -0.535217 -0.154154 0.114366 0.527906 0.844678 -0.0885105 0.0351385 0.177583 -0.00786859 0.984074 -0.992817
1 93 23 -0.383519 0.911692 -0.147416 0.0947631 0.743982 0.399568 0.535571 -0.315271 0.547178 0.0957269 -0.831524 0.944259
1 94 0 1 0 0 0 0 1 0 0 0 0 1 0
1 95 0 1 0 0 0 0 1 0 0 0 0 1 0
1 96 0 1 0 0 0 0 1 0 0 0 0 1 0
1 97 0 1 0 0 0 0 1 0 0 0 0 1 0
1 98 14 -0.322341 0.833098 0.449493 -0.184612 0.850113 0.463642 -0.249688 0.0546636 -0.416419 0.301635 -0.857678 0.98129
1 99 0 1 0 0 0 0 1 0 0 0 0 1 0
1 100 0 1 0 0 0 0 1 0 0 0 0 1 0
1 101 0 1 0 0 0 0 1 0 0 0 0 1 0
1 102 0 1 0 0 0 0 1 0 0 0 0 1 0
1 103 0 1 0 0 0 0 1 0 0 0 0 1 0
1 104 0 1 0 0 0 0 1 0 0 0 0 1 0
1 105 0 1 0 0 0 0 1 0 0 0 0 1 0
1 106 11 0.763482 0.645269 0.0268911 -0.0740531 -0.626335 0.749948 -0.212797 0.193468 -0.157478 0.145624 0.976726 -0.978308
1 107 0 1 0 0 0 0 1 0 0 0 0 1 0
1 108 0 1 0 0 0 0 1 0 0 0 0 1 0
1 109 0 1 0 0 0 0 1 0 0 0 0 1 0
1 110 10 0.901957 -0.431311 0.0210795 -0.169141 0.431819 0.900609 -0.0493592 0.160358 0.0023048 0.0536224 0.998559 -0.972459
1 111 0 1 0 0 0 0 1 0 0 0 0 1 0
1 112 0 1 0 0 0 0 1 0 0 0 0 1 0
1 113 17 0.887162 0.456887 -0.0647952 -0.509879 -0.450421 0.88789 0.0936648 0.231333 0.100325 -0.0539107 0.993493 -0.828558
1 114 18 -0.996486 0.0448382 0.0707501 -0.131283 0.0476684 0.998108 0.0388348 0.0553283 -0.0688749 0.0420709 -0.996738 0.9898
1 115 12 0.925474 0.141881 -0.351239 0.0796414 -0.115271 0.988717 0.0956605 0.0506839 0.360848 -0.0480436 0.931386 0.995534
1 116 19 -0.653434 0.153124 0.741335 -0.524611 0.2019 0.979105 -0.0242751 0.100872 -0.729562 0.133814 -0.670696 0.845345
1 117 18 0.884289 0.0350019 -0.465625 0.549206 -0.010654 0.998439 0.0548211 -0.0457213 0.466818 -0.043517 0.883282 -0.834436
1 118 0 1 0 0 0 0 1 0 0 0 0 1 0
1 119 16 0.694289 0.68788 0.211621 -0.237954 -0.705513 0.708607 0.01131 0.099129 -0.142176 -0.157154 0.977286 0.966205
1 120 12 -0.820768 0.571249 0.00391958 -0.422231 -0.554302 -0.794722 -0.247317 -0.134227 -0.138165 -0.205163 0.968927 0.896496
1 121 22 0.914132 0.378984 -0.143992 -0.81159 -0.37379 0.925397 0.0626176 0.0828921 0.156981 -0.00341784 0.987596 -0.578318
1 122 0 1 0 0 0 0 1 0 0 0 0 1 0
1 123 0 1 0 0 0 0 1 0 0 0 0 1 0
1 124 11 0.46077 -0.733652 -0.499445 -0.426512 0.801752 0.585427 -0.120287 -0.24995 0.380638 -0.345006 0.857954 0.86926
1 125 19 0.83326 0.301551 -0.463405 0.119282 -0.310485 0.94874 0.0590825 0.223904 0.457468 0.0946493 0.884175 -0.967284
1 126 26 0.677757 0.553432 -0.484105 0.30526 -0.482363 0.831573 0.27534 -0.176297 0.554951 0.0469004 0.83056 -0.935808
1 127 38 0.821201 0.31732 0.474275 -0.863587 -0.161481 0.926382 -0.340206 0.483697 -0.547314 0.202791 0.811987 -0.142318
1 128 43 0.793129 0.432156 -0.429171 0.154302 -0.484274 0.874803 -0.0140759 0.412426 0.369357 0.219 0.903114 -0.897828
1 129 63 0.899008 0.359853 -0.249579 -0.0852778 -0.399946 0.906813 -0.133168 0.516392 0.178401 0.219537 0.959154 -0.852096
1 130 65 0.947907 0.288693 -0.134642 -0.19721 -0.314965 0.912618 -0.260626 0.617293 0.0476359 0.289457 0.956005 -0.761615
1 131 79 0.92596 0.289207 -0.24281 0.0572044 -0.355167 0.885414 -0.299831 0.685075 0.128274 0.363869 0.922575 -0.726223
1 132 97 0.968872 0.212482 -0.127038 -0.0522474 -0.231964 0.958455 -0.166 0.449323 0.0864881 0.190301 0.977909 -0.89184
1 133 118 0.976588 0.20959 -0.0484493 -0.116377 -0.214401 0.96669 -0.139798 0.408428 0.0175352 0.146912 0.988994 -0.905342
1 134 127 0.963959 0.217347 -0.153437 0.123982 -0.229251 0.971229 -0.0644883 0.309792 0.135006 0.0973397 0.986052 -0.942686
1 135 108 0.96892 0.197442 -0.149035 0.195245 -0.198832 0.980017 0.00566387 0.261408 0.147175 0.0241451 0.988816 -0.945275
1 136 83 0.974515 0.204244 -0.0927584 0.181518 -0.199765 0.97828 0.0553447 0.188302 0.102047 -0.0354044 0.994149 -0.965191
1 137 54 0.970265 0.178469 -0.163508 0.438245 -0.180915 0.983499 -7.12825e-05 0.238055 0.160798 0.0296503 0.986542 -0.866759
1 138 53 0.994866 0.0961998 -0.0314136 0.357251 -0.0956929 0.995261 0.017264 0.198795 0.0329255 -0.0141693 0.999357 -0.912607
1 139 55 0.994832 0.0199603 0.0995519 0.271305 -0.0267851 0.997346 0.0676969 0.138666 -0.0979364 -0.0700136 0.992727 -0.952452
1 140 48 0.980501 -0.0653641 0.185325 0.216865 0.0504502 0.995181 0.0840824 0.197098 -0.189928 -0.0730932 0.979073 -0.956097
1 141 47 0.946753 -0.227519 0.227802 0.151237 0.189571 0.965825 0.176763 0.098333 -0.260234 -0.124166 0.957529 -0.983594
1 142 59 0.939929 -0.292591 0.175849 0.137071 0.264637 0.94994 0.166075 0.114386 -0.215638 -0.109562 0.970307 -0.983935
1 143 79 0.951113 -0.286588 0.115113 0.104961 0.272765 0.954297 0.122132 0.161064 -0.144854 -0.0847624 0.985816 -0.981347
1 144 130 0.985845 -0.167408 0.00915711 0.163453 0.165935 0.982065 0.089524 0.137924 -0.02398 -0.0867374 0.995943 -0.976862
1 145 234 0.987591 0.0315248 -0.153851 0.411146 -0.0247263 0.99864 0.0459047 0.172448 0.155089 -0.0415309 0.987027 -0.895109
1 146 226 0.982486 0.0878083 -0.164349 0.485569 -0.0789246 0.995083 0.0598375 0.0942341 0.168795 -0.0458184 0.984586 -0.869104
1 147 232 0.96075 0.176199 -0.214274 0.584676 -0.155242 0.981608 0.111114 0.0287038 0.229912 -0.0734888 0.970433 -0.810759
1 148 270 0.923766 0.214994 -0.316913 0.856029 -0.173875 0.972791 0.153116 -0.154911 0.341209 -0.0863399 0.936014 -0.493171
1 149 210 0.907358 0.264933 -0.326362 0.89194 -0.227295 0.962319 0.149259 -0.184385 0.353608 -0.0612507 0.933386 -0.412849
1 150 126 0.914228 0.304629 -0.267186 0.922708 -0.284315 0.952087 0.112673 -0.254686 0.288708 -0.027044 0.957035 -0.289389
1 151 108 0.918328 0.28135 -0.278418 0.960337 -0.273177 0.959516 0.0685793 -0.20325 0.286441 0.0130791 0.958008 -0.1909
1 152 82 0.801913 0.342681 -0.489393 0.953624 -0.333833 0.936351 0.108635 -0.300986 0.495471 0.0762603 0.865271 -0.00309265
1 153 54 0.869043 0.358659 -0.340776 0.946231 -0.36123 0.930653 0.0582882 -0.317982 0.33805 0.0724435 0.938336 -0.0594543
1 154 52 0.86506 0.380483 -0.326963 0.938865 -0.366425 0.924366 0.106208 -0.342212 0.342644 0.0279311 0.93905 -0.0377339
1 155 47 0.799123 0.398761 -0.44988 0.9397 -0.379212 0.915041 0.13747 -0.3256 0.466476 0.0607441 0.882446 0.104635
1 156 53 0.690926 0.463589 -0.554713 0.901832 -0.382207 0.885556 0.264023 -0.398846 0.613628 0.0295952 0.789041 0.166198
1 157 60 0.748769 0.376078 -0.545811 0.936027 -0.325108 0.925976 0.192024 -0.259837 0.577624 0.0336662 0.815609 0.237356
1 158 53 0.676909 0.340347 -0.652655 0.93202 -0.254254 0.940216 0.226602 -0.218231 0.69076 0.0125516 0.722975 0.289335
1 159 53 0.878332 0.355345 -0.319785 0.942445 -0.281746 0.925197 0.254225 -0.329068 0.386202 -0.133196 0.912747 -0.0592687
1 160 49 0.839307 0.389678 -0.379097 0.938327 -0.282716 0.908449 0.307882 -0.340834 0.464365 -0.151231 0.872636 0.0580985
1 161 55 0.921652 0.282804 -0.265669 0.973415 -0.234594 0.951502 0.199024 -0.191095 0.309069 -0.121107 0.943297 -0.126281
1 162 52 0.836379 0.333448 -0.435067 0.973463 -0.25053 0.938484 0.237659 -0.217395 0.48755 -0.0897756 0.868467 0.0714805
1 163 69 0.882243 0.310878 -0.353556 0.97438 -0.241911 0.9436 0.226048 -0.21156 0.403889 -0.1139 0.90769 -0.0763328
1 164 84 0.867869 0.253534 -0.427228 0.994127 -0.210427 0.96662 0.14617 -0.104712 0.450026 -0.036956 0.892251 -0.0273152
1 165 93 0.885712 0.263417 -0.382264 0.970675 -0.205748 0.960879 0.185418 -0.144074 0.416151 -0.0855769 0.905259 -0.192437
1 166 96 0.93223 0.218324 -0.288586 0.873468 -0.180154 0.971647 0.153121 -0.0125881 0.313834 -0.090754 0.945131 -0.486719
1 167 115 0.899727 0.260821 -0.349948 0.910842 -0.206549 0.96078 0.185039 -0.0849569 0.384485 -0.0942032 0.918312 -0.403916
1 168 140 0.932987 0.211803 -0.290989 0.811791 -0.160455 0.96849 0.190476 -0.0597721 0.322164 -0.131021 0.937574 -0.580882
1 169 181 0.975551 0.142331 -0.167457 0.647248 -0.117773 0.981882 0.148446 -0.0488821 0.185551 -0.125095 0.974639 -0.76071
1 170 204 0.992279 0.0723424 -0.10074 0.429067 -0.0568429 0.987199 0.149021 0.0681285 0.110231 -0.142144 0.983689 -0.9007
1 171 242 0.995467 0.0324567 -0.0893982 0.286916 -0.0169811 0.985519 0.168712 0.0464822 0.0935795 -0.166429 0.981603 -0.956827
1 172 252 0.986769 0.0815144 -0.140154 0.325599 -0.0569492 0.983604 0.171113 0.0650446 0.151804 -0.160867 0.975232 -0.943268
2 3 774 0.999902 -0.00977848 -0.0100207 0.99388 0.00974637 0.999947 -0.00324825 0.107294 0.0100519 0.00315027 0.999945 -0.0262819
2 4 713 0.997979 0.0235612 -0.0590143 0.99785 -0.023689 0.999718 -0.00146678 -0.00134268 0.0589631 0.00286181 0.998256 -0.0655289
2 5 559 0.992703 0.0434134 -0.112497 0.999998 -0.0451466 0.998897 -0.0129036 -0.0018523 0.111812 0.0178883 0.993568 0.000796683
2 6 384 0.99292 0.0509147 -0.107318 0.996036 -0.0497795 0.998673 0.0132318 -0.0338155 0.107849 -0.00779593 0.994137 0.0822741
2 7 241 0.991096 0.0415595 -0.1265 0.986242 -0.0444527 0.998809 -0.0201333 -0.085299 0.125513 0.0255773 0.991762 0.141602
2 8 166 0.987725 0.0587836 -0.14472 0.99886 -0.0627171 0.997772 -0.0227653 -0.0456585 0.143059 0.0315623 0.989211 -0.0139355
2 9 127 0.950492 0.111827 -0.28993 0.995726 -0.120103 0.992702 -0.0108517 -0.0143508 0.286601 0.045136 0.956986 -0.091235
2 10 87 0.95542 0.129304 -0.26543 0.980283 -0.130505 0.99136 0.0131841 0.0577906 0.264841 0.0220435 0.96404 -0.188961
2 11 89 0.94479 0.17964 -0.274047 0.972035 -0.170738 0.983712 0.0562055 0.0288741 0.279681 -0.00631213 0.960072 -0.233056
2 12 59 0.865681 0.271973 -0.42027 0.974944 -0.24741 0.962286 0.113113 -0.0650149 0.435184 0.00605976 0.900321 -0.212736
2 13 53 0.971353 0.235178 -0.0341418 0.555127 -0.233913 0.971542 0.0372911 0.0793978 0.0419402 -0.0282366 0.998721 -0.827968
2 14 50 0.908446 0.280584 -0.309836 0.833514 -0.266917 0.959821 0.0865987 0.00568075 0.321685 0.00403004 0.946838 -0.55247
2 15 19 0.50302 0.806858 0.309761 0.104879 -0.861288 0.497749 0.102119 0.304136 -0.0717881 -0.318161 0.945315 0.946838
2 16 29 0.735229 0.621652 0.270162 0.0362355 -0.593728 0.782931 -0.185758 0.385596 -0.326995 -0.0238279 0.944726 0.921956
2 17 16 -0.567632 0.791727 0.225747 0.376396 -0.786045 -0.602719 0.137341 0.0838135 0.244799 -0.0994876 0.964456 -0.92266
2 18 14 0.99125 0.0123332 -0.131424 0.179978 0.0119417 0.983164 0.182332 -0.120584 0.13146 -0.182306 0.974414 -0.976252
2 19 21 -0.209886 0.977374 -0.0262124 0.376622 0.215951 0.0201937 -0.976195 0.261274 -0.953579 -0.210551 -0.215303 0.888758
2 20 18 -0.133044 -0.990796 0.0249384 0.243215 -0.970053 0.135335 0.201695 0.0141719 -0.203214 0.0026427 -0.979131 0.969869
2 21 16 0.923069 -0.255914 -0.287145 0.323846 0.216948 0.962861 -0.160725 0.220666 0.317613 0.0860649 0.944307 -0.920016
2 22 13 -0.281792 -0.920557 -0.270494 0.0483635 -0.935743 0.32599 -0.134597 0.205407 0.212082 0.215185 -0.953266 0.977481
2 23 10 -0.141379 -0.955361 0.259416 -0.301018 0.920959 -0.223046 -0.319507 0.201353 0.363106 0.19374 0.911383 -0.932119
2 24 20 0.788196 0.326484 -0.521685 0.203701 0.441874 -0.890249 0.110471 -0.11789 -0.428363 -0.317591 -0.845955 0.971909
2 25 10 -0.954756 -0.239958 0.175674 -0.222959 0.170435 -0.925584 -0.338003 0.284323 0.243707 -0.292769 0.924604 -0.932443
2 26 0 1 0 0 0 0 1 0 0 0 0 1 0
2 27 24 -0.840842 0.236667 0.486799 -0.0800483 0.316894 0.944346 0.0882546 -0.0945025 -0.438819 0.228472 -0.869045 0.992301
2 28 0 1 0 0 0 0 1 0 0 0 0 1 0
2 29 12 -0.0368972 0.990193 -0.134748 0.261784 -0.95363 -0.0751946 -0.291439 0.532418 -0.298713 0.117747 0.947051 -0.804985
2 30 23 0.645592 -0.598572 -0.474259 0.278746 0.0775858 -0.566395 0.820474 -0.695461 -0.759731 -0.566487 -0.31922 0.662295
2 31 16 -0.893174 0.240062 0.380277 -0.0705827 0.317463 0.935505 0.155074 -0.0794972 -0.318523 0.259232 -0.911779 0.994333
2 32 0 1 0 0 0 0 1 0 0 0 0 1 0
2 33 15 0.632279 0.765692 -0.118062 -0.330783 -0.759777 0.642631 0.0988119 -0.0746116 0.15153 0.0272244 0.988078 -0.940753
2 34 17 0.77929 0.455023 -0.430883 0.377499 0.411617 -0.890129 -0.195554 0.0577483 -0.472523 -0.0249652 -0.880964 0.924208
2 35 18 -0.330539 -0.758994 0.560957 -0.360018 -0.822128 0.523457 0.223824 -0.0332672 -0.463518 -0.387196 -0.797013 0.932352
2 36 25 -0.957169 0.0423265 0.28642 0.0198976 0.079982 0.989416 0.121073 0.0459354 -0.278264 0.138796 -0.950424 0.998746
2 37 0 1 0 0 0 0 1 0 0 0 0 1 0
2 38 0 1 0 0 0 0 1 0 0 0 0 1 0
2 39 0 1 0 0 0 0 1 0 0 0 0 1 0
2 40 17 -0.757775 0.621333 0.199306 0.0978504 0.636435 0.771171 0.0156575 -0.118448 -0.14397 0.13871 -0.979812 0.988127
2 41 17 -0.851448 0.520496 -0.0641812 0.222457 0.498933 0.841651 0.206612 -0.135341 0.161559 0.143897 -0.976316 0.965503
2 42 0 1 0 0 0 0 1 0 0 0 0 1 0
2 43 0 1 0 0 0 0 1 0 0 0 0 1 0
2 44 0 1 0 0 0 0 1 0 0 0 0 1 0
2 45 0 1 0 0 0 0 1 0 0 0 0 1 0
2 46 0 1 0 0 0 0 1 0 0 0 0 1 0
2 47 0 1 0 0 0 0 1 0 0 0 0 1 0
2 48 10 0.126199 0.823612 -0.552936 -0.303226 -0.981859 0.183219 0.0488144 -0.182222 0.141512 0.536745 0.831793 0.935334
2 49 17 0.160555 -0.773998 -0.612494 0.198491 0.719488 0.516584 -0.464196 0.253095 0.675692 -0.366153 0.639822 0.94686
2 50 0 1 0 0 0 0 1 0 0 0 0 1 0
2 51 0 1 0 0 0 0 1 0 0 0 0 1 0
2 52 0 1 0 0 0 0 1 0 0 0 0 1 0
2 53 0 1 0 0 0 0 1 0 0 0 0 1 0
2 54 13 -0.681565 -0.647951 -0.340043 0.212028 -0.583255 0.761659 -0.282292 0.277876 0.441908 0.00593152 -0.897041 0.936925
2 55 21 0.772852 -0.0222848 0.634195 -0.445005 0.381525 -0.782275 -0.492428 0.248512 0.507088 0.622535 -0.596081 0.860356
2 56 0 1 0 0 0 0 1 0 0 0 0 1 0
2 57 23 0.932868 0.318097 0.169032 -0.220945 0.28587 -0.939265 0.189896 -0.159748 0.219171 -0.128826 -0.967144 0.962114
2 58 13 -0.685252 -0.728221 -0.0111351 -0.00222773 -0.725987 0.681771 0.0901682 -0.0523765 -0.0580708 0.0698719 -0.995864 0.998625
2 59 18 0.961033 0.00434487 -0.276401 0.197404 -0.0361393 -0.98932 -0.141206 0.0179162 -0.274062 0.145693 -0.950612 0.980159
2 60 20 -0.644937 0.747542 0.15886 0.00423646 0.702196 0.661678 -0.262875 0.0791732 -0.301625 -0.0579872 -0.951662 0.996852
2 61 17 0.883674 -0.228874 -0.408335 0.10117 -0.310937 -0.939065 -0.146544 0.0898261 -0.349913 0.256463 -0.900992 0.990806
2 62 12 -0.334209 -0.897776 0.286884 0.11061 -0.847903 0.419308 0.324409 -0.0621015 -0.411539 -0.134829 -0.901364 0.991922
2 63 0 1 0 0 0 0 1 0 0 0 0 1 0
2 64 14 -0.917574 0.275537 -0.286596 0.104323 0.359434 0.883004 -0.301845 0.243393 0.169896 -0.379977 -0.909259 0.964301
2 65 0 1 0 0 0 0 1 0 0 0 0 1 0
2 66 0 1 0 0 0 0 1 0 0 0 0 1 0
2 67 11 -0.93962 0.145833 0.309591 -0.0555037 -0.230556 -0.938299 -0.257757 0.346311 0.2529 -0.313572 0.915267 -0.936476
2 68 0 1 0 0 0 0 1 0 0 0 0 1 0
2 69 0 1 0 0 0 0 1 0 0 0 0 1 0
2 70 26 -0.25962 0.70936 0.655291 -0.345895 0.177045 0.702019 -0.6898 0.433279 -0.949343 -0.0630698 -0.307847 0.832242
2 71 12 -0.639729 0.766702 -0.0539857 0.228274 -0.737427 -0.632068 -0.2381 0.285553 -0.216674 -0.112509 0.969739 -0.93078
2 72 17 0.72574 -0.582675 0.365775 -0.114929 -0.573245 -0.218198 0.789798 -0.297847 -0.380384 -0.782867 -0.49237 0.94767
2 73 0 1 0 0 0 0 1 0 0 0 0 1 0
2 74 0 1 0 0 0 0 1 0 0 0 0 1 0
2 75 19 -0.907321 -0.24691 -0.340301 0.365694 0.00166409 0.807279 -0.590168 0.232522 0.420436 -0.536038 -0.73205 0.901222
2 76 16 0.881737 0.108733 -0.459039 0.237234 0.0952219 -0.994067 -0.0525612 -0.102258 -0.462031 0.00263456 -0.88686 0.966056
2 77 0 1 0 0 0 0 1 0 0 0 0 1 0
2 78 0 1 0 0 0 0 1 0 0 0 0 1 0
2 79 13 0.953882 -0.137586 -0.266796 0.331096 0.0704333 0.966548 -0.246624 0.260983 0.291803 0.216459 0.931663 -0.906787
2 80 14 -0.991533 -0.0451372 0.121756 0.247696 -0.0189627 0.977922 0.208108 -0.209817 -0.128462 0.204037 -0.970498 0.945845
2 81 19 -0.840398 0.541527 0.0218933 0.0119972 0.533115 0.81872 0.213274 -0.158273 0.097569 0.190906 -0.976747 0.987323
2 82 0 1 0 0 0 0 1 0 0 0 0 1 0
2 83 0 1 0 0 0 0 1 0 0 0 0 1 0
