0 1 73 0.999964 0.00836108 0.00153632 0.100075 -0.00836569 0.99996 0.00301479 -0.0905942 -0.00151105 -0.00302753 0.999994 0.990847
0 2 739 0.999832 0.00949929 -0.015675 0.813494 -0.00944152 0.999948 0.00375555 -0.143338 0.0157098 -0.00360693 0.99987 0.563633
0 3 680 0.999888 -0.00101317 -0.0149316 0.952953 0.00105835 0.999995 0.00301845 -0.0657443 0.0149284 -0.00303391 0.999884 0.295901
0 4 599 0.991043 0.0429857 -0.126432 0.975725 -0.0411759 0.999009 0.0168941 -0.145829 0.127033 -0.0115368 0.991831 0.163387
0 5 428 0.994072 0.0496171 -0.096743 0.972681 -0.0518413 0.998443 -0.0206136 0.027082 0.0955696 0.0255067 0.995096 0.230562
0 6 249 0.975143 0.0723528 -0.209431 0.974399 -0.0705108 0.997379 0.0162581 -0.0429982 0.210059 -0.00108677 0.977688 0.220675
0 7 168 0.979271 0.0598785 -0.193503 0.973984 -0.0635944 0.997891 -0.0130438 -0.0920847 0.192313 0.0250791 0.981013 0.207065
0 8 132 0.982686 0.0725339 -0.170489 0.998522 -0.076608 0.996909 -0.017432 -0.052124 0.168698 0.030191 0.985205 0.0153798
0 9 89 0.965893 0.120398 -0.22925 0.994435 -0.121925 0.992511 0.00754367 -0.0671894 0.228441 0.0206649 0.973338 -0.0811504
0 10 30 0.98502 0.0625066 0.16071 0.0229932 -0.0626321 0.998027 -0.00428944 -0.00703036 -0.160661 -0.00584044 0.986992 0.999711
0 11 70 0.905034 0.208002 -0.37101 0.991597 -0.192581 0.978128 0.0785982 -0.0162984 0.379244 0.000315173 0.925297 -0.128332
0 12 51 0.875895 0.240985 -0.418011 0.987256 -0.239885 0.96918 0.0560839 0.0306822 0.418643 0.0511509 0.906709 -0.156154
0 13 48 0.792449 0.301795 -0.530042 0.989853 -0.298812 0.949673 0.0939795 -0.0535731 0.531729 0.0839089 0.842748 -0.13161
0 14 18 0.996087 0.0552336 -0.0689909 -0.0746907 -0.0460101 0.990605 0.12878 -0.465905 0.0754558 -0.125102 0.98927 -0.881676
0 15 18 0.949845 0.3059 0.0649662 -0.26586 -0.311256 0.944861 0.101777 0.137485 -0.0302506 -0.116893 0.992684 -0.954157
0 16 37 0.866061 0.0626027 -0.496003 0.41567 0.411556 0.473986 0.778434 -0.89981 0.283831 -0.878304 0.384737 0.132518
0 17 16 0.645035 0.691918 0.324314 -0.381685 -0.762575 0.555589 0.331362 -0.148036 0.0490898 -0.461054 0.886013 -0.912361
0 18 0 1 0 0 0 0 1 0 0 0 0 1 0
0 19 11 0.758421 -0.533293 0.374695 -0.39175 0.496535 0.845165 0.197864 -0.146337 -0.422198 0.0359853 0.905789 -0.90836
0 20 11 -0.367226 0.929926 -0.0195624 0.134347 -0.929178 -0.365816 0.0529724 0.331522 0.0421042 0.0376298 0.998404 -0.933833
0 21 22 0.400878 -0.839581 0.366607 -0.323578 -0.912962 -0.399366 0.0837036 -0.0133283 0.0761347 -0.368254 -0.926603 0.946108
0 22 0 1 0 0 0 0 1 0 0 0 0 1 0
0 23 10 0.964072 0.261313 -0.0477486 -0.275398 -0.265635 0.949458 -0.167236 0.301371 0.00163424 0.173911 0.98476 -0.91287
0 24 21 -0.974938 0.0135412 -0.222065 0.36777 0.158242 0.743821 -0.649376 0.314643 0.156383 -0.668241 -0.727322 0.875068
0 25 19 -0.331799 -0.930878 0.152893 -0.0060897 -0.889456 0.362704 0.278053 -0.122156 -0.314289 -0.0437335 -0.94832 0.992492
0 26 23 -0.633892 -0.295392 0.71479 -0.274885 -0.0747279 0.943259 0.323539 -0.211088 -0.769803 0.151674 -0.619999 0.938019
0 27 0 1 0 0 0 0 1 0 0 0 0 1 0
0 28 20 0.541829 0.0767528 -0.836977 0.577742 -0.025566 -0.993856 -0.10769 0.0287869 -0.8401 0.0797474 -0.536538 0.815712
0 29 15 -0.939316 -0.313376 -0.139578 -0.170058 -0.335599 0.75504 0.563283 -0.421955 -0.0711321 0.575943 -0.814389 0.890525
0 30 0 1 0 0 0 0 1 0 0 0 0 1 0
0 31 0 1 0 0 0 0 1 0 0 0 0 1 0
0 32 16 0.379508 -0.604083 0.700754 -0.248506 0.604217 0.735415 0.306736 -0.1759 -0.700639 0.306999 0.644094 0.952525
0 33 13 -0.173351 0.981563 -0.080515 0.425974 -0.956218 -0.148173 0.252374 0.0531557 0.235791 0.120739 0.964274 -0.903173
0 34 0 1 0 0 0 0 1 0 0 0 0 1 0
0 35 10 -0.728349 0.685206 0.00107161 -0.433126 -0.674321 -0.717054 0.176423 -0.144166 0.121654 0.127775 0.984314 -0.889729
0 36 0 1 0 0 0 0 1 0 0 0 0 1 0
0 37 0 1 0 0 0 0 1 0 0 0 0 1 0
0 38 11 -0.280287 -0.956937 -0.075567 0.159197 0.889593 -0.22937 -0.394986 0.0878745 0.360644 -0.177933 0.915574 -0.983328
0 39 0 1 0 0 0 0 1 0 0 0 0 1 0
0 40 19 0.46228 0.0189607 -0.886531 0.354859 0.247036 -0.962944 0.108221 -0.268325 -0.851628 -0.269034 -0.449834 0.895588
0 41 0 1 0 0 0 0 1 0 0 0 0 1 0
0 42 0 1 0 0 0 0 1 0 0 0 0 1 0
0 43 20 -0.650641 -0.654081 0.385803 -0.247603 -0.586713 0.755532 0.291443 -0.058139 -0.482114 -0.0367306 -0.875338 0.967116
0 44 16 -0.449043 0.774541 0.445474 -0.156984 0.865216 0.501399 0.000373024 0.00575791 -0.223071 0.385598 -0.895295 0.987584
0 45 16 -0.728767 0.679579 0.08409 -0.0471403 0.683683 0.71522 0.145047 -0.0492743 0.0384282 0.163196 -0.985845 0.997672
0 46 0 1 0 0 0 0 1 0 0 0 0 1 0
0 47 14 -0.449909 -0.770367 0.451792 -0.375007 -0.638373 0.631187 0.440547 -0.126826 -0.624548 -0.0902056 -0.775759 0.918305
0 48 0 1 0 0 0 0 1 0 0 0 0 1 0
0 49 0 1 0 0 0 0 1 0 0 0 0 1 0
0 50 0 1 0 0 0 0 1 0 0 0 0 1 0
0 51 0 1 0 0 0 0 1 0 0 0 0 1 0
0 52 0 1 0 0 0 0 1 0 0 0 0 1 0
0 53 0 1 0 0 0 0 1 0 0 0 0 1 0
0 54 0 1 0 0 0 0 1 0 0 0 0 1 0
0 55 14 -0.950827 0.251136 -0.181269 0.356062 -0.216172 -0.957235 -0.192279 0.0760037 -0.221805 -0.143639 0.964453 0.931366
0 56 0 1 0 0 0 0 1 0 0 0 0 1 0
0 57 0 1 0 0 0 0 1 0 0 0 0 1 0
0 58 0 1 0 0 0 0 1 0 0 0 0 1 0
0 59 0 1 0 0 0 0 1 0 0 0 0 1 0
0 60 0 1 0 0 0 0 1 0 0 0 0 1 0
0 61 19 -0.270156 -0.883649 0.382335 -0.310211 -0.961768 0.266197 -0.0643478 0.193733 -0.0449157 -0.385102 -0.92178 0.930718
0 62 16 0.727997 -0.329708 0.601093 -0.340297 -0.105592 -0.920227 -0.376872 0.149399 0.6774 0.210891 -0.704737 0.928374
0 63 0 1 0 0 0 0 1 0 0 0 0 1 0
0 64 18 -0.784256 -0.480226 -0.392843 0.149145 -0.453271 0.875827 -0.165751 0.290491 0.42366 0.0480735 -0.904544 0.945183
0 65 14 -0.0857474 -0.917125 -0.389268 0.322718 -0.872948 0.257476 -0.414328 0.374657 0.480218 0.304283 -0.82268 0.869186
0 66 15 -0.373973 0.923808 -0.0819946 -0.0547663 -0.910624 -0.382514 -0.156358 0.221161 -0.175809 0.0161925 0.984291 0.973698
0 67 24 0.432601 0.614721 -0.659526 0.766479 -0.265349 0.785928 0.558486 -0.567633 0.861653 -0.0665974 0.503109 -0.300503
0 68 15 0.121694 -0.843019 -0.523936 0.315954 -0.911959 -0.303338 0.276255 -0.144516 -0.391818 0.44419 -0.805713 0.937704
0 69 25 0.848927 0.409457 0.334169 -0.00311176 0.305514 -0.896128 0.321893 -0.13654 0.431259 -0.17117 -0.885842 0.99063
0 70 14 -0.518731 -0.797129 -0.309035 0.228318 -0.852559 0.509256 0.117481 0.0245906 0.0637302 0.324412 -0.943767 0.973276
0 71 0 1 0 0 0 0 1 0 0 0 0 1 0
0 72 0 1 0 0 0 0 1 0 0 0 0 1 0
0 73 0 1 0 0 0 0 1 0 0 0 0 1 0
0 74 15 -0.423966 -0.797375 -0.429472 0.20218 -0.904879 0.392859 0.163879 -0.0718421 0.0380486 0.4581 -0.888086 0.97671
0 75 14 -0.779739 -0.469876 -0.413792 0.420025 -0.358587 0.876915 -0.320057 0.37975 0.513247 -0.101181 -0.852256 0.824239
0 76 0 1 0 0 0 0 1 0 0 0 0 1 0
0 77 15 -0.341093 -0.892198 -0.296037 0.0365917 -0.813851 0.437882 -0.381976 0.237879 0.470427 0.110641 -0.875475 0.970605
0 78 15 -0.0729343 0.996745 0.0343583 0.117615 0.984539 0.0664545 0.16207 -0.197863 0.159259 0.0456476 -0.986181 0.973148
0 79 0 1 0 0 0 0 1 0 0 0 0 1 0
0 80 0 1 0 0 0 0 1 0 0 0 0 1 0
0 81 0 1 0 0 0 0 1 0 0 0 0 1 0
0 82 13 0.611478 0.779244 -0.137383 0.0966941 0.571603 -0.555078 -0.604284 0.471659 -0.547142 0.290978 -0.784836 0.876463
0 83 0 1 0 0 0 0 1 0 0 0 0 1 0
0 84 13 -0.735212 -0.677053 0.032595 -0.392061 0.66395 -0.729 -0.166521 0.161851 0.136505 -0.100786 0.985499 -0.905589
0 85 0 1 0 0 0 0 1 0 0 0 0 1 0
0 86 0 1 0 0 0 0 1 0 0 0 0 1 0
0 87 0 1 0 0 0 0 1 0 0 0 0 1 0
0 88 0 1 0 0 0 0 1 0 0 0 0 1 0
0 89 0 1 0 0 0 0 1 0 0 0 0 1 0
0 90 15 -0.822813 0.498155 0.273533 0.130531 0.468185 0.867 -0.170626 0.158568 -0.322152 -0.0123294 -0.946608 0.978682
0 91 11 -0.15372 0.621652 0.768062 0.0772546 -0.985147 -0.156616 -0.0704065 -0.150306 0.0765222 -0.767477 0.636493 0.985616
0 92 0 1 0 0 0 0 1 0 0 0 0 1 0
0 93 16 0.458316 -0.366533 -0.809691 0.168243 -0.329423 -0.916173 0.22827 -0.171348 -0.825486 0.162111 -0.540642 0.970739
0 94 0 1 0 0 0 0 1 0 0 0 0 1 0
0 95 22 0.576209 0.0588032 0.815184 -0.871221 0.537637 0.723953 -0.432248 0.345699 -0.615573 0.687338 0.385534 0.34852
0 96 0 1 0 0 0 0 1 0 0 0 0 1 0
0 97 0 1 0 0 0 0 1 0 0 0 0 1 0
0 98 10 0.619689 0.779974 0.0873281 -0.237675 -0.784348 0.619419 0.0334499 0.292161 -0.0280026 -0.0892241 0.995618 0.926365
0 99 11 -0.934408 -0.345349 -0.0872732 0.214078 0.352101 -0.932577 -0.0795289 -0.198599 -0.0539238 -0.105041 0.993005 -0.956415
0 100 0 1 0 0 0 0 1 0 0 0 0 1 0
0 101 0 1 0 0 0 0 1 0 0 0 0 1 0
0 102 19 0.474461 0.840913 0.26029 -0.157607 0.644797 -0.533298 0.547567 -0.439741 0.599269 -0.0919648 -0.795248 0.884188
0 103 0 1 0 0 0 0 1 0 0 0 0 1 0
0 104 11 0.729792 -0.570564 -0.376643 0.517854 0.530095 0.820151 -0.215296 0.114634 0.431744 -0.0425357 0.900993 -0.847754
0 105 0 1 0 0 0 0 1 0 0 0 0 1 0
0 106 0 1 0 0 0 0 1 0 0 0 0 1 0
0 107 14 -0.581502 -0.0902301 0.808526 -0.145679 0.212416 0.942517 0.257956 -0.0766283 -0.785325 0.321746 -0.528909 0.98636
0 108 0 1 0 0 0 0 1 0 0 0 0 1 0
0 109 15 0.516413 -0.830849 0.207384 -0.28513 -0.80503 -0.38845 0.448368 -0.248001 -0.291968 -0.398494 -0.869458 0.925849
0 110 0 1 0 0 0 0 1 0 0 0 0 1 0
0 111 23 -0.154755 0.896812 -0.414462 0.341788 0.883612 0.31329 0.347966 -0.311776 0.441907 -0.312374 -0.840917 0.886553
0 112 0 1 0 0 0 0 1 0 0 0 0 1 0
0 113 18 0.490151 -0.728438 -0.478675 0.164238 -0.659551 -0.668993 0.342696 -0.137387 -0.569863 0.147738 -0.80835 0.976806
0 114 0 1 0 0 0 0 1 0 0 0 0 1 0
0 115 0 1 0 0 0 0 1 0 0 0 0 1 0
0 116 15 0.812356 0.548199 -0.198888 -0.0215544 -0.554088 0.831922 0.029876 0.285544 0.181838 0.0859318 0.979567 -0.958123
0 117 0 1 0 0 0 0 1 0 0 0 0 1 0
0 118 0 1 0 0 0 0 1 0 0 0 0 1 0
0 119 12 0.980584 -0.181086 0.0752499 -0.246144 0.185905 0.980554 -0.0628697 0.140521 -0.0624018 0.0756383 0.995181 -0.958993
0 120 26 0.773022 0.166585 -0.612116 0.628999 -0.159023 0.984983 0.0672347 0.00800733 0.614124 0.0453664 0.787904 -0.777365
0 121 16 0.787915 0.202807 -0.581429 0.475018 -0.179104 0.978864 0.0987258 0.0295953 0.589162 0.0263487 0.807585 -0.879478
0 122 18 0.818984 0.294416 -0.492529 0.323698 -0.301324 0.951129 0.067504 0.154 0.488333 0.0931265 0.867674 -0.933544
0 123 20 0.594278 0.707718 -0.382059 0.199269 -0.66882 0.698707 0.253946 -0.137445 0.446669 0.104614 0.888562 -0.970258
0 124 20 0.789412 0.346396 -0.506792 0.197493 -0.352523 0.931684 0.0877008 0.207384 0.502549 0.109424 0.857596 -0.958117
0 125 34 0.874358 0.327022 -0.358545 -0.130651 -0.335975 0.941063 0.0390067 0.275034 0.350169 0.0863564 0.932697 -0.952516
0 126 28 0.802703 0.25744 -0.537952 0.241795 -0.234319 0.965632 0.112471 0.0900612 0.548418 0.0357714 0.835439 -0.966139
0 127 43 0.308575 0.578749 -0.754871 0.808141 -0.276942 0.813882 0.510783 -0.497529 0.909991 0.0514403 0.411424 -0.315236
0 128 58 0.903938 0.372492 -0.21011 -0.252861 -0.41724 0.875942 -0.242149 0.670569 0.0938455 0.306554 0.947216 -0.697423
0 129 90 0.924028 0.323978 -0.203006 -0.163166 -0.381042 0.823849 -0.419617 0.830841 0.0312996 0.465092 0.884709 -0.532053
0 130 75 0.952817 0.258139 -0.159699 -0.175794 -0.268266 0.962288 -0.045116 0.302556 0.142031 0.0858293 0.986134 -0.93678
0 131 90 0.940993 0.268896 -0.205491 -0.0149642 -0.289825 0.953808 -0.0790727 0.350113 0.174737 0.133963 0.975459 -0.936588
0 132 101 0.967843 0.213212 -0.133494 -0.0427998 -0.226573 0.969412 -0.0943669 0.330289 0.10929 0.121578 0.986547 -0.942909
0 133 98 0.97136 0.21015 -0.110893 0.000965936 -0.22216 0.968773 -0.110112 0.360146 0.0842904 0.131594 0.987714 -0.932895
0 134 118 0.961342 0.218755 -0.167238 0.150171 -0.235141 0.96822 -0.0851941 0.352115 0.143286 0.121225 0.982229 -0.923831
0 135 110 0.96944 0.213852 -0.120222 0.145626 -0.210623 0.976785 0.0390994 0.209262 0.125793 -0.0125829 0.991977 -0.966955
0 136 85 0.965795 0.210735 -0.151096 0.289061 -0.205758 0.977423 0.0480317 0.201527 0.157807 -0.0152995 0.987351 -0.935858
0 137 73 0.97605 0.200946 -0.0833515 0.314831 -0.195022 0.977999 0.074062 0.112431 0.0964001 -0.0560328 0.993764 -0.942465
0 138 40 0.973832 0.10795 0.199993 -0.0694886 -0.149028 0.967702 0.203333 -0.164539 -0.171584 -0.227817 0.958467 -0.98392
0 139 61 0.995636 0.0272768 0.0892423 0.296503 -0.0324989 0.997811 0.057596 0.16205 -0.0874759 -0.060245 0.994343 -0.941183
0 140 32 0.872308 -0.0510523 0.486285 -0.380995 -0.106533 0.950798 0.29092 -0.290006 -0.477211 -0.305578 0.823949 -0.877917
0 141 38 0.950717 -0.19816 0.238476 0.142518 0.163485 0.973893 0.157495 0.137299 -0.263459 -0.110746 0.958293 -0.980223
0 142 60 0.940211 -0.288237 0.181445 0.125411 0.257417 0.950213 0.17559 0.104015 -0.223022 -0.118384 0.967598 -0.986637
0 143 68 0.95641 -0.277734 0.0902427 0.169403 0.261207 0.951778 0.160901 0.0824112 -0.130579 -0.130315 0.982836 -0.982095
0 144 126 0.987886 -0.148839 -0.0439216 0.290099 0.152421 0.983794 0.0944315 0.129534 0.0291548 -0.0999821 0.994562 -0.94819
0 145 210 0.989312 0.048479 -0.137516 0.383294 -0.0371522 0.995792 0.0837713 0.0818567 0.140998 -0.077767 0.986951 -0.919992
0 146 224 0.983185 0.0952669 -0.15579 0.473149 -0.0886422 0.99486 0.0489468 0.141905 0.159653 -0.0343142 0.986577 -0.869479
0 147 239 0.953908 0.182305 -0.238378 0.653345 -0.158019 0.980425 0.117463 0.0191527 0.255126 -0.0743804 0.964043 -0.756818
0 148 240 0.920473 0.22882 -0.316815 0.870869 -0.188233 0.970022 0.153708 -0.141082 0.342489 -0.0818493 0.93595 -0.470833
0 149 216 0.859722 0.285241 -0.423693 0.954899 -0.228127 0.956634 0.181135 -0.22272 0.456986 -0.0590701 0.88751 -0.196379
0 150 84 0.863904 0.343954 -0.367921 0.924273 -0.293399 0.937433 0.187446 -0.349009 0.409375 -0.0539878 0.910768 -0.154633
0 151 90 0.91062 0.310313 -0.272905 0.932751 -0.290924 0.950409 0.109938 -0.291504 0.293486 -0.0207176 0.955739 -0.212135
0 152 83 0.858251 0.32992 -0.393139 0.953799 -0.329057 0.941576 0.071809 -0.299015 0.393862 0.0677353 0.916671 -0.0292798
0 153 42 0.83064 0.377723 -0.4091 0.946446 -0.37614 0.922382 0.0879204 -0.322753 0.410556 0.0808488 0.908244 0.0083403
0 154 61 0.575046 0.397293 -0.715178 0.954056 -0.382854 0.903226 0.19392 -0.260415 0.723011 0.162296 0.671502 0.148195
0 155 41 0.883863 0.383216 -0.2682 0.947441 -0.376578 0.9231 0.0779405 -0.315608 0.277444 0.0321096 0.960205 -0.0524183
0 156 47 0.914579 0.37965 -0.139323 0.922955 -0.375116 0.92513 0.0585061 -0.318924 0.151103 -0.00124626 0.988517 -0.215504
0 157 46 0.692856 0.396152 -0.602506 0.918642 -0.325927 0.917393 0.228389 -0.27367 0.643212 0.0381321 0.764738 0.284959
0 158 30 0.977335 0.205186 -0.0521127 0.238996 -0.201742 0.977312 0.0645075 -0.115869 0.0641664 -0.0525321 0.996556 0.964083
0 159 20 0.986019 0.149767 0.0730458 -0.426017 -0.156684 0.982516 0.100562 -0.108415 -0.0567079 -0.110601 0.992246 0.898196
0 160 48 0.765131 0.398702 -0.50558 0.943589 -0.266606 0.910919 0.314879 -0.275237 0.586085 -0.106133 0.803268 0.184078
0 161 44 0.785602 0.337643 -0.518485 0.967964 -0.23395 0.937866 0.25627 -0.195103 0.572797 -0.0800268 0.815781 0.158053
0 162 46 0.802878 0.355774 -0.478342 0.968315 -0.258126 0.930746 0.259002 -0.225441 0.537362 -0.084474 0.839111 0.107433
0 163 67 0.857787 0.326478 -0.397005 0.972549 -0.241663 0.937845 0.249091 -0.230404 0.453652 -0.117726 0.883369 -0.0325859
0 164 66 0.840926 0.297663 -0.451929 0.978686 -0.223602 0.951629 0.210723 -0.205338 0.492793 -0.0761502 0.866808 0.00298881
0 165 58 0.918586 0.239475 -0.314408 0.957879 -0.20265 0.968379 0.145515 -0.0650876 0.339313 -0.0699529 0.938069 -0.279699
0 166 87 0.918437 0.255183 -0.30225 0.879052 -0.200558 0.959001 0.200234 -0.121997 0.340954 -0.123284 0.931961 -0.460852
0 167 95 0.897852 0.265642 -0.351136 0.923049 -0.214053 0.960258 0.179124 -0.0612012 0.384764 -0.085665 0.919031 -0.379784
0 168 117 0.941517 0.225267 -0.250599 0.765419 -0.176141 0.963017 0.203894 -0.0902947 0.287262 -0.147829 0.946376 -0.637166
0 169 162 0.977175 0.147755 -0.152636 0.654648 -0.12779 0.982806 0.133272 0.0105705 0.169703 -0.110724 0.979255 -0.75586
0 170 180 0.993451 0.0798086 -0.0817619 0.376301 -0.0647272 0.982816 0.172867 0.00333978 0.0941531 -0.166442 0.981546 -0.926491
0 171 208 0.990267 0.0430094 -0.13237 0.410871 -0.0220436 0.987518 0.155953 0.094492 0.137426 -0.151517 0.978855 -0.906783
0 172 271 0.985919 0.0912719 -0.140117 0.337541 -0.0652042 0.981414 0.180488 0.0461758 0.153987 -0.16881 0.973546 -0.940178
1 2 774 0.999883 0.000651154 -0.0152718 0.837625 -0.000615389 0.999997 0.00234644 -0.237249 0.0152733 -0.00233676 0.999881 0.492034
1 3 688 0.999908 -0.00345357 -0.0131415 0.94072 0.00347264 0.999993 0.0014283 -0.125663 0.0131365 -0.0014738 0.999913 0.315046
1 4 626 0.994203 0.0283209 -0.103726 0.981298 -0.0284251 0.999596 0.000473022 -0.069159 0.103697 0.00247814 0.994606 0.17964
1 5 436 0.996454 0.0419086 -0.0729533 0.989963 -0.0426631 0.999051 -0.00881375 -0.0840787 0.0725147 0.0118949 0.997296 0.113598
1 6 293 0.978402 0.0607732 -0.197576 0.987396 -0.0596253 0.998152 0.0117594 -0.0312682 0.197925 0.000275057 0.980217 0.155151
1 7 200 0.984895 0.0463661 -0.166827 0.981737 -0.0503174 0.998542 -0.0195344 -0.0900863 0.165678 0.0276336 0.985793 0.16756
1 8 139 0.983545 0.0684136 -0.167211 0.997136 -0.0716675 0.997337 -0.0134959 -0.0755476 0.165843 0.0252575 0.985829 0.00349177
1 9 103 0.966069 0.0991088 -0.238514 0.999528 -0.109496 0.993514 -0.0306657 0.00610818 0.233928 0.0557414 0.970655 -0.0301184
1 10 50 0.989352 0.129399 -0.0666243 0.94802 -0.126992 0.991129 0.0391869 -0.0314888 0.071104 -0.0303088 0.997008 -0.316648
1 11 57 0.879837 0.196459 -0.432771 0.996053 -0.18784 0.980173 0.0630692 0.00573874 0.436581 0.0258014 0.899295 -0.0885747
1 12 60 0.844705 0.235053 -0.480856 0.996559 -0.242196 0.969028 0.0482241 0.0326328 0.477298 0.0757264 0.875472 -0.0761987
1 13 45 0.832597 0.305903 -0.461743 0.972783 -0.294001 0.950598 0.0996359 -0.0719655 0.46941 0.0527962 0.8814 -0.220261
1 14 27 -0.191603 0.431551 -0.881505 0.814888 -0.0263813 0.895557 0.444164 -0.295882 0.981118 0.108358 -0.160206 0.498409
1 15 20 0.866727 -0.486675 -0.10923 0.0227699 0.46829 0.869384 -0.157725 0.0724458 0.171724 0.0855527 0.981423 -0.997112
1 16 26 0.745944 0.658577 0.0992133 0.289909 -0.662574 0.718707 0.210847 -0.403262 0.0675535 -0.223016 0.972471 -0.867947
1 17 14 0.982791 0.13927 0.121351 0.0909242 -0.13231 0.989161 -0.0636771 -0.0211631 -0.128904 0.0465253 0.990565 0.995633
1 18 12 0.878485 -0.477094 0.0254167 -0.394915 0.475834 0.87847 0.043258 -0.0975696 -0.0429659 -0.0259074 0.998741 -0.913522
1 19 0 1 0 0 0 0 1 0 0 0 0 1 0
1 20 10 -0.135922 0.953189 0.270103 -0.00464282 -0.875544 -0.243153 0.417491 -0.177356 0.463625 -0.179741 0.867609 -0.984136
1 21 21 0.391548 -0.779679 0.488662 -0.236982 -0.834436 -0.524693 -0.168563 0.0810116 0.387823 -0.341757 -0.856035 0.968131
1 22 0 1 0 0 0 0 1 0 0 0 0 1 0
1 23 0 1 0 0 0 0 1 0 0 0 0 1 0
1 24 11 0.407941 -0.91297 -0.00838325 -0.266556 0.853616 0.384646 -0.351264 0.173558 0.323918 0.136139 0.936239 -0.948064
1 25 14 -0.318871 -0.877878 0.357284 -0.23824 -0.94197 0.251794 -0.222018 -0.0612581 0.104942 -0.407346 -0.907224 0.969272
1 26 11 -0.793384 -0.601355 -0.0944133 0.244866 0.603529 -0.756879 -0.250773 0.167026 0.0793443 -0.25594 0.963431 -0.955062
1 27 11 0.487719 0.814537 -0.314102 0.381797 0.775043 -0.56959 -0.273634 0.209773 -0.401794 -0.109986 -0.909101 0.900126
1 28 14 -0.912829 -0.232938 0.335386 -0.238575 -0.122231 0.939544 0.319869 -0.153865 -0.38962 0.250991 -0.886115 0.958857
1 29 0 1 0 0 0 0 1 0 0 0 0 1 0
1 30 0 1 0 0 0 0 1 0 0 0 0 1 0
1 31 0 1 0 0 0 0 1 0 0 0 0 1 0
1 32 13 -0.407976 -0.640634 0.650495 -0.204859 -0.707852 0.671942 0.217807 -0.0906428 -0.57663 -0.371594 -0.72761 0.974585
1 33 14 -0.13129 0.842234 0.522882 -0.364615 0.983226 0.17799 -0.0398215 -0.124569 -0.126607 0.508883 -0.851475 0.922788
1 34 0 1 0 0 0 0 1 0 0 0 0 1 0
1 35 0 1 0 0 0 0 1 0 0 0 0 1 0
1 36 15 0.587029 -0.484274 -0.648749 0.338454 -0.435151 -0.864497 0.251571 -0.200022 -0.682671 0.134624 -0.718218 0.919478
1 37 13 -0.270852 0.962231 -0.0273895 0.437679 -0.962591 -0.27096 -0.000221739 -0.0143174 -0.00763481 0.0263048 0.999625 0.899017
1 38 10 0.994339 -0.0594512 0.088067 0.409614 0.0759807 0.977214 -0.19819 0.150752 -0.0742777 0.203759 0.976199 -0.899717
1 39 0 1 0 0 0 0 1 0 0 0 0 1 0
1 40 0 1 0 0 0 0 1 0 0 0 0 1 0
1 41 22 -0.283918 -0.958678 0.0181064 0.275239 0.916502 -0.265781 0.298974 -0.945677 -0.281807 0.101479 0.95409 0.173027
1 42 11 -0.562034 0.791334 -0.240641 0.265063 -0.767639 -0.607386 -0.204481 0.134892 -0.307975 0.0697997 0.948831 -0.954749
1 43 17 0.715228 0.65542 -0.24264 0.0623442 0.562735 -0.745954 -0.356206 0.127324 -0.414462 0.118227 -0.902354 0.9899
1 44 17 -0.758144 -0.647714 -0.0753908 0.0351091 -0.63459 0.759457 -0.143249 0.157139 0.150041 -0.0607613 -0.986811 0.986952
1 45 24 0.573814 -0.115391 0.810816 -0.981886 -0.122621 0.96676 0.224363 0.0677451 -0.809754 -0.228166 0.540591 0.17695
1 46 14 -0.887755 0.412257 0.20478 -0.0155754 0.412259 0.909969 -0.0447119 0.109729 -0.204777 0.0447293 -0.977786 0.993839
1 47 14 0.873823 -0.160713 -0.458917 0.330575 -0.239241 -0.96376 -0.118028 0.0903397 -0.423317 0.212927 -0.880605 0.939446
1 48 0 1 0 0 0 0 1 0 0 0 0 1 0
1 49 19 0.23945 0.770551 0.590691 -0.375615 0.708246 -0.554773 0.436593 -0.258619 0.664117 0.313812 -0.67858 0.889961
1 50 13 0.9767 0.0999669 -0.189905 -0.123916 0.123224 -0.985708 0.114873 -0.25082 -0.175707 -0.135597 -0.975059 0.96007
1 51 19 0.900382 0.307435 0.307891 -0.224675 0.232019 -0.937877 0.25798 -0.253176 0.368076 -0.160844 -0.915778 0.940969
1 52 0 1 0 0 0 0 1 0 0 0 0 1 0
1 53 0 1 0 0 0 0 1 0 0 0 0 1 0
1 54 0 1 0 0 0 0 1 0 0 0 0 1 0
1 55 18 0.574986 -0.35534 0.73697 -0.408319 -0.397005 -0.908785 -0.128439 -0.137589 0.715387 -0.21873 -0.66361 0.90241
1 56 0 1 0 0 0 0 1 0 0 0 0 1 0
1 57 16 0.88473 0.25978 0.386998 -0.270301 0.1965 -0.960773 0.195711 -0.213164 0.422659 -0.0971059 -0.901072 0.938882
1 58 12 -0.791022 -0.419772 -0.445058 0.375975 -0.429273 0.899156 -0.0851031 0.0512491 0.4359 0.123733 -0.891449 0.925212
1 59 0 1 0 0 0 0 1 0 0 0 0 1 0
1 60 0 1 0 0 0 0 1 0 0 0 0 1 0
1 61 21 0.906705 0.241406 0.345846 -0.309124 0.37895 -0.82627 -0.416744 0.194187 0.185157 0.508922 -0.840664 0.930985
1 62 0 1 0 0 0 0 1 0 0 0 0 1 0
1 63 0 1 0 0 0 0 1 0 0 0 0 1 0
1 64 17 -0.661824 -0.747557 0.056102 -0.148951 -0.718904 0.654109 0.235199 -0.0510919 -0.212522 0.115329 -0.970327 0.987524
1 65 18 0.183932 -0.908192 0.375975 -0.209569 -0.786275 0.0935976 0.610746 0.0023968 -0.589865 -0.407955 -0.696873 0.977791
1 66 24 -0.824894 0.494218 0.274405 -0.0547663 0.44358 0.866819 -0.227732 0.221161 -0.350409 -0.0661341 -0.934259 0.973698
1 67 0 1 0 0 0 0 1 0 0 0 0 1 0
1 68 18 -0.48367 -0.859053 -0.167602 -0.049509 -0.632899 0.475542 -0.610982 0.225127 0.604568 -0.189439 -0.773699 0.973071
1 69 21 0.783223 0.619025 0.0580568 -0.0486754 0.590599 -0.769923 0.241683 -0.359573 0.194307 -0.155004 -0.968617 0.931847
1 70 25 0.743882 0.419387 0.52034 -0.242609 0.179638 -0.875412 0.448758 -0.333039 0.643715 -0.240351 -0.726541 0.911167
1 71 11 -0.166192 -0.984678 0.0528186 -0.178775 0.955113 -0.147418 0.256957 -0.604595 -0.245234 0.0931519 0.964978 -0.776211
1 72 0 1 0 0 0 0 1 0 0 0 0 1 0
1 73 19 0.858483 0.0259887 -0.512183 0.344558 0.0462771 -0.998566 0.026898 -0.104168 -0.51075 -0.0467938 -0.858455 0.932968
1 74 0 1 0 0 0 0 1 0 0 0 0 1 0
1 75 0 1 0 0 0 0 1 0 0 0 0 1 0
1 76 0 1 0 0 0 0 1 0 0 0 0 1 0
1 77 0 1 0 0 0 0 1 0 0 0 0 1 0
1 78 0 1 0 0 0 0 1 0 0 0 0 1 0
1 79 0 1 0 0 0 0 1 0 0 0 0 1 0
1 80 14 -0.81206 0.444549 -0.378067 0.35316 0.388335 0.89523 0.218539 -0.144297 0.435608 0.0306503 -0.899615 0.924368
1 81 0 1 0 0 0 0 1 0 0 0 0 1 0
1 82 11 -0.66244 -0.132672 0.737273 -0.632314 -0.196537 0.980496 -0.000147856 0.0977708 -0.722874 -0.144999 -0.675595 0.768518
1 83 20 0.767619 -0.221122 -0.601553 0.462197 -0.259028 -0.965562 0.0243904 -0.085059 -0.58623 0.137097 -0.79846 0.882689
1 84 10 -0.964606 0.204508 0.16647 -0.227831 -0.178917 -0.97133 0.156548 -0.183389 0.193713 0.121222 0.97354 0.956275
1 85 13 0.878225 -0.226012 -0.421474 0.339841 0.274901 0.959711 0.0581741 -0.0661004 0.391345 -0.166954 0.904973 -0.938157
1 86 12 0.873827 -0.0600518 -0.482515 0.48146 0.0593786 0.998096 -0.0166852 0.0553978 0.482599 -0.0140711 0.875729 -0.874716
1 87 0 1 0 0 0 0 1 0 0 0 0 1 0
1 88 15 -0.917473 0.319704 -0.236711 0.134094 -0.397614 -0.718972 0.570073 -0.219816 0.0120659 0.617146 0.786756 0.966281
1 89 14 0.898617 -0.426214 0.104064 -0.376394 0.418408 0.903889 0.0889942 -0.0782207 -0.131993 -0.0364303 0.990581 -0.923152
1 90 10 -0.987145 -0.0606403 -0.147876 -0.241646 0.0443506 -0.992822 0.11107 -0.247773 -0.15355 0.103084 0.982749 -0.938198
1 91 0 1 0 0 0 0 1 0 0 0 0 1 0
1 92 0 1 0 0 0 0 1 0 0 0 0 1 0
1 93 0 1 0 0 0 0 1 0 0 0 0 1 0
1 94 0 1 0 0 0 0 1 0 0 0 0 1 0
1 95 0 1 0 0 0 0 1 0 0 0 0 1 0
1 96 0 1 0 0 0 0 1 0 0 0 0 1 0
1 97 0 1 0 0 0 0 1 0 0 0 0 1 0
1 98 0 1 0 0 0 0 1 0 0 0 0 1 0
1 99 17 -0.815631 0.57762 0.033187 0.149173 0.571799 0.796002 0.198563 -0.210786 0.0882771 0.18093 -0.979526 0.966083
1 100 0 1 0 0 0 0 1 0 0 0 0 1 0
1 101 16 0.275757 0.844135 0.459775 -0.295262 0.952239 -0.174642 -0.250482 0.102463 -0.131144 0.506888 -0.851977 0.949906
1 102 0 1 0 0 0 0 1 0 0 0 0 1 0
1 103 0 1 0 0 0 0 1 0 0 0 0 1 0
1 104 0 1 0 0 0 0 1 0 0 0 0 1 0
1 105 0 1 0 0 0 0 1 0 0 0 0 1 0
1 106 16 0.473942 0.858968 0.193784 -0.010585 0.732415 -0.506711 0.454765 -0.222956 0.488822 -0.0736019 -0.869273 0.974771
1 107 0 1 0 0 0 0 1 0 0 0 0 1 0
1 108 13 0.965215 -0.261394 -0.00577806 0.058617 -0.261019 -0.964639 0.0366274 -0.0973631 -0.0151479 -0.0338451 -0.999312 0.993521
1 109 0 1 0 0 0 0 1 0 0 0 0 1 0
1 110 0 1 0 0 0 0 1 0 0 0 0 1 0
1 111 20 -0.723407 -0.505324 0.470457 -0.301755 -0.515404 0.848642 0.119016 -0.0894479 -0.459392 -0.156379 -0.87436 0.94918
1 112 13 0.565119 0.628208 0.534785 -0.440848 0.622159 -0.750214 0.223822 -0.151059 0.54181 0.206236 -0.814806 0.884779
1 113 21 0.700765 -0.582832 0.411382 -0.360777 -0.528327 -0.811488 -0.249714 0.107274 0.479373 -0.0423534 -0.876589 0.926462
1 114 0 1 0 0 0 0 1 0 0 0 0 1 0
1 115 12 0.930572 -0.360275 0.0650955 -0.370467 0.355338 0.931615 0.0763457 -0.0386058 -0.0881494 -0.0479142 0.994954 -0.928043
1 116 10 -0.958957 -0.267769 -0.0932859 0.0729214 0.280287 -0.944936 -0.168922 -0.228327 -0.0429172 -0.188136 0.981205 0.97085
1 117 12 0.982271 0.186869 -0.0149584 -0.365188 -0.187218 0.981948 -0.0269791 0.0365902 0.0096468 0.0293013 0.999524 0.930214
1 118 14 0.831165 0.193506 -0.521267 0.621042 -0.16761 0.981076 0.0969406 -0.0505739 0.530161 0.006796 0.84787 -0.782144
1 119 18 0.992566 0.101898 -0.0665561 -0.396794 -0.103492 0.994409 -0.0209606 0.29959 0.0640481 0.0276929 0.997562 -0.867641
1 120 39 0.933896 -0.296826 0.199329 -0.912232 0.261213 0.947092 0.186503 -0.39454 -0.244142 -0.122108 0.962021 0.110325
1 121 20 -0.820557 -0.470561 0.324436 -0.167755 -0.333593 0.855203 0.396666 -0.18965 -0.464114 0.217258 -0.858718 0.967415
1 122 22 -0.836864 0.274285 0.473736 -0.228431 0.33217 0.942319 0.041199 -0.0163097 -0.435111 0.191839 -0.879702 0.973424
1 123 30 -0.355818 0.933838 -0.036619 -0.273005 0.666833 0.226239 -0.710035 0.0443257 -0.654773 -0.277062 -0.703214 0.960991
1 124 28 0.9433 0.27431 -0.186918 -0.497246 -0.296275 0.949698 -0.101463 0.454556 0.149683 0.151089 0.977122 -0.739003
1 125 32 0.86392 0.323675 -0.385845 -0.0581663 -0.337397 0.940758 0.0337334 0.28278 0.373906 0.10104 0.921947 -0.957419
1 126 25 0.742009 0.411917 -0.528912 0.323633 -0.414075 0.902079 0.121635 0.156777 0.527224 0.128754 0.839915 -0.933104
1 127 39 0.844605 0.417641 -0.33499 -0.111371 -0.435735 0.899777 0.0231632 0.357908 0.31109 0.126403 0.941937 -0.927091
1 128 57 0.815284 0.413302 -0.405578 0.0965006 -0.431248 0.900788 0.051058 0.292166 0.386442 0.133278 0.912633 -0.951487
1 129 67 0.890354 0.356756 -0.282835 -0.033455 -0.37652 0.926254 -0.0169339 0.345023 0.255935 0.12157 0.959019 -0.937998
1 130 89 0.957169 0.26489 -0.116881 -0.232033 -0.283854 0.938087 -0.198543 0.520228 0.0570528 0.223216 0.973098 -0.821903
1 131 104 0.950969 0.241672 -0.193009 -0.0456055 -0.265048 0.958406 -0.105867 0.379027 0.159396 0.151833 0.975469 -0.924261
1 132 106 0.970078 0.218691 -0.105469 -0.0909693 -0.232498 0.961879 -0.143994 0.413843 0.0699579 0.164207 0.983942 -0.905791
1 133 103 0.972802 0.208497 -0.100927 -0.0188299 -0.216305 0.973537 -0.0737401 0.289837 0.0828819 0.0935656 0.992157 -0.956891
1 134 121 0.958889 0.197311 -0.20396 0.204905 -0.225104 0.966502 -0.123298 0.40343 0.172799 0.164141 0.971184 -0.891772
1 135 109 0.970295 0.201563 -0.133791 0.16467 -0.200451 0.97946 0.0218722 0.23103 0.135452 0.00559612 0.990768 -0.95891
1 136 94 0.961636 0.202664 -0.184889 0.342054 -0.194614 0.978988 0.0608879 0.163234 0.193344 -0.02257 0.980871 -0.925394
1 137 71 0.97932 0.184114 -0.0838649 0.305027 -0.180271 0.982275 0.0513624 0.146882 0.091835 -0.0351818 0.995153 -0.940949
1 138 48 0.99478 0.100553 -0.0173773 0.324705 -0.100279 0.994831 0.0159845 0.196169 0.0188948 -0.0141585 0.999721 -0.925248
1 139 58 0.995561 0.0188602 0.0922069 0.289981 -0.0217968 0.999283 0.0309447 0.203074 -0.0915572 -0.0328172 0.995259 -0.935239
1 140 39 0.983527 -0.070967 0.16625 0.254047 0.053342 0.992699 0.108184 0.156358 -0.172714 -0.0975333 0.980131 -0.95447
1 141 41 0.953478 -0.190869 0.233341 0.157794 0.159652 0.976285 0.146216 0.143321 -0.255716 -0.102161 0.961339 -0.977016
1 142 69 0.941604 -0.28529 0.17886 0.133418 0.259478 0.953303 0.154548 0.137082 -0.214599 -0.099113 0.97166 -0.981534
1 143 75 0.954012 -0.284834 0.0934388 0.1557 0.270917 0.952662 0.137984 0.121863 -0.128318 -0.106324 0.986017 -0.980259
1 144 106 0.988111 -0.153732 0.00156748 0.182003 0.1529 0.983726 0.0943688 0.124387 -0.0160494 -0.0930072 0.995536 -0.975399
1 145 235 0.99004 0.041838 -0.134429 0.369717 -0.0316648 0.996532 0.0769441 0.0895445 0.137182 -0.071921 0.987931 -0.92482
1 146 219 0.986864 0.0907281 -0.133668 0.412337 -0.0828852 0.994558 0.0631254 0.0884647 0.138668 -0.0512171 0.989014 -0.906726
1 147 232 0.952282 0.180158 -0.246379 0.670406 -0.157618 0.981521 0.108499 0.0390317 0.261374 -0.0644877 0.963081 -0.740968
1 148 246 0.925226 0.22343 -0.306653 0.844395 -0.180018 0.969967 0.163579 -0.194462 0.333991 -0.096145 0.93766 -0.499181
1 149 230 0.889892 0.278772 -0.361081 0.919928 -0.230553 0.957861 0.171312 -0.243174 0.393622 -0.0692011 0.916664 -0.30757
1 150 95 0.882152 0.312801 -0.352085 0.951146 -0.280904 0.949506 0.139758 -0.277886 0.378023 -0.0243854 0.925475 -0.134539
1 151 105 0.884853 0.293692 -0.361636 0.967638 -0.27663 0.955824 0.0993822 -0.236258 0.374848 0.012101 0.927007 -0.088649
1 152 82 0.879344 0.311366 -0.360284 0.958085 -0.316567 0.947446 0.0461623 -0.278339 0.355724 0.0734616 0.9317 -0.0678298
1 153 28 0.930206 0.348639 0.114745 0.429147 -0.33753 0.935359 -0.105718 -0.0516397 -0.144186 0.0596095 0.987754 -0.901757
1 154 52 0.829453 0.413426 -0.375616 0.918276 -0.377046 0.910537 0.169583 -0.395273 0.412122 0.000963808 0.911128 -0.022999
1 155 46 0.821644 0.445091 -0.356081 0.903408 -0.403503 0.895418 0.188178 -0.425344 0.402598 -0.0109352 0.915311 -0.0541956
1 156 48 0.769331 0.421065 -0.480452 0.929893 -0.382352 0.905968 0.181737 -0.343933 0.511797 0.0438855 0.857984 0.130421
1 157 51 0.793646 0.410655 -0.448875 0.934123 -0.348494 0.911642 0.217856 -0.335028 0.498677 -0.0164702 0.866631 0.123166
1 158 44 0.766967 0.359901 -0.531255 0.942594 -0.27333 0.932275 0.23697 -0.276626 0.580562 -0.03654 0.813396 0.187067
1 159 17 0.841207 0.511171 0.176279 0.0231324 -0.526936 0.848109 0.0552179 0.195199 -0.121278 -0.139338 0.98279 0.980491
1 160 44 0.738952 0.350712 -0.575283 0.949376 -0.240211 0.934869 0.261376 -0.176894 0.629483 -0.0549549 0.775069 0.259601
1 161 50 0.794497 0.354713 -0.492903 0.960736 -0.237999 0.928619 0.284647 -0.254844 0.558687 -0.10884 0.822206 0.10973
1 162 56 0.880484 0.326618 -0.343611 0.972774 -0.262138 0.939343 0.221175 -0.223481 0.395008 -0.104668 0.912695 -0.0613828
1 163 32 0.97385 0.213375 0.0780221 -0.381848 -0.221627 0.967763 0.119647 0.101052 -0.0499772 -0.13381 0.989746 0.918684
1 164 66 0.870755 0.271088 -0.41024 0.983335 -0.214744 0.960185 0.17869 -0.169435 0.442347 -0.0674984 0.8943 -0.0659056
1 165 74 0.923677 0.25681 -0.284376 0.926164 -0.212596 0.960929 0.177252 -0.150154 0.318785 -0.103266 0.942185 -0.345939
1 166 103 0.936416 0.242094 -0.254 0.809676 -0.196545 0.961538 0.19187 -0.120616 0.290682 -0.129748 0.947982 -0.574348
1 167 128 0.913739 0.254666 -0.316587 0.878644 -0.204293 0.961498 0.183807 -0.0877172 0.351207 -0.103276 0.930585 -0.469352
1 168 139 0.943611 0.211171 -0.25496 0.754093 -0.162746 0.966551 0.198224 -0.0859615 0.288291 -0.145553 0.946416 -0.651118
1 169 179 0.988895 0.133373 -0.0655575 0.424778 -0.122915 0.981966 0.143645 -0.0378268 0.0835335 -0.133991 0.987456 -0.904507
1 170 194 0.984414 0.0862717 -0.153251 0.5567 -0.0624057 0.986062 0.154232 0.0502847 0.164421 -0.142264 0.976077 -0.82919
1 171 220 0.994425 0.0394762 -0.0977813 0.316261 -0.0214902 0.98369 0.178581 0.0184812 0.103236 -0.175484 0.979054 -0.948492
1 172 285 0.989381 0.0806083 -0.120947 0.265144 -0.0590047 0.98322 0.172618 0.0613313 0.132832 -0.163648 0.977535 -0.962256
2 3 754 0.999928 -0.0090744 -0.007852 0.998901 0.00907789 0.999959 0.000409116 -0.0118118 0.00784796 -0.000480366 0.999969 -0.0453607
2 4 695 0.995346 0.0278964 -0.0922436 0.991125 -0.0282538 0.999597 -0.00257063 0.00896625 0.0921348 0.0051649 0.995733 0.132627
2 5 458 0.996893 0.0420296 -0.0666147 0.997092 -0.042549 0.999074 -0.00639813 -0.0694087 0.0662841 0.00921264 0.997758 0.0314545
2 6 328 0.990251 0.0576547 -0.126801 0.993685 -0.0547833 0.998159 0.0260198 -0.0912303 0.128068 -0.0188195 0.991587 0.0653237
2 7 216 0.985868 0.0461998 -0.161028 0.987684 -0.0496484 0.998614 -0.0174565 -0.0821614 0.159999 0.0252046 0.986795 0.133151
2 8 140 0.987295 0.0636808 -0.14558 0.996255 -0.0659881 0.997759 -0.0110703 -0.0754795 0.144549 0.0205363 0.989285 -0.042179
2 9 106 0.982074 0.10355 -0.157504 0.969732 -0.105373 0.994427 -0.00324451 -0.0335743 0.156291 0.0197831 0.987513 -0.241853
2 10 69 0.933369 0.139653 -0.330636 0.994916 -0.144219 0.989487 0.0108133 0.0481398 0.32867 0.0375913 0.943697 -0.0884558
2 11 72 0.912945 0.205066 -0.352815 0.976928 -0.183357 0.978514 0.0942847 -0.0475569 0.364569 -0.0213855 0.930931 -0.208206
2 12 53 0.863113 0.246212 -0.440926 0.984885 -0.239663 0.968219 0.0715098 0.00704185 0.44452 0.0439528 0.89469 -0.173068
2 13 42 0.816792 0.285886 -0.501118 0.982507 -0.283517 0.955375 0.0829235 -0.0324222 0.502463 0.0743441 0.861397 -0.18338
2 14 23 0.954397 0.17481 0.24201 -0.987943 -0.198403 0.977121 0.076626 -0.0390252 -0.223078 -0.121147 0.967243 -0.149819
2 15 19 -0.996452 0.0645553 0.0540047 0.315009 -0.0773462 -0.955366 -0.28512 0.0309087 0.0331882 -0.288286 0.956969 -0.948585
2 16 15 0.427594 0.884731 0.185512 0.302128 -0.884116 0.452077 -0.118177 -0.152108 -0.188421 -0.113482 0.97551 0.941053
2 17 15 0.651326 -0.75216 0.100153 -0.211092 0.729713 0.584687 -0.354487 0.338206 0.208072 0.30397 0.929682 -0.917091
2 18 0 1 0 0 0 0 1 0 0 0 0 1 0
2 19 21 -0.347648 0.211532 -0.913452 0.740287 -0.0754297 0.964752 0.252119 -0.0843363 0.934586 0.15655 -0.319439 0.66698
2 20 0 1 0 0 0 0 1 0 0 0 0 1 0
2 21 10 0.862263 0.319347 -0.39309 0.344949 -0.179875 0.91865 0.351748 -0.212033 0.473442 -0.232592 0.849561 -0.914359
2 22 0 1 0 0 0 0 1 0 0 0 0 1 0
2 23 12 0.983111 0.141942 0.115523 -0.400648 -0.12829 0.984678 -0.118111 0.156962 -0.130518 0.101296 0.986258 -0.902687
2 24 12 0.981121 -0.186581 -0.0508794 0.246196 0.172846 0.963997 -0.202075 0.342638 0.0867511 0.189466 0.978047 -0.906635
2 25 14 0.918994 -0.0365907 -0.392569 0.520357 -0.0785412 0.958738 -0.273225 0.316208 0.386369 0.281926 0.878201 -0.793247
2 26 0 1 0 0 0 0 1 0 0 0 0 1 0
2 27 18 -0.651377 0.517978 0.554443 -0.136289 0.537051 0.830935 -0.145342 0.0195502 -0.53599 0.203091 -0.819432 0.990476
2 28 0 1 0 0 0 0 1 0 0 0 0 1 0
2 29 10 0.381674 0.903339 0.195714 -0.155422 -0.899383 0.411796 -0.146744 0.366819 -0.213154 -0.120013 0.96962 -0.917217
2 30 0 1 0 0 0 0 1 0 0 0 0 1 0
2 31 0 1 0 0 0 0 1 0 0 0 0 1 0
2 32 11 0.918732 -0.359254 -0.163917 -0.629955 0.378274 0.919804 0.104258 -0.348011 0.113316 -0.157791 0.980949 0.694295
2 33 0 1 0 0 0 0 1 0 0 0 0 1 0
2 34 0 1 0 0 0 0 1 0 0 0 0 1 0
2 35 16 -0.548666 0.828479 -0.112195 0.164898 0.811025 0.494852 -0.312026 0.169688 -0.202987 -0.262191 -0.943426 0.971604
2 36 0 1 0 0 0 0 1 0 0 0 0 1 0
2 37 0 1 0 0 0 0 1 0 0 0 0 1 0
2 38 15 -0.838953 0.53561 0.0963304 0.200927 0.540441 0.840776 0.0319337 -0.0154487 -0.0638883 0.0788517 -0.994837 0.979484
2 39 0 1 0 0 0 0 1 0 0 0 0 1 0
2 40 0 1 0 0 0 0 1 0 0 0 0 1 0
2 41 14 0.267028 0.876383 0.40081 -0.193535 -0.936244 0.334473 -0.107589 -0.00195378 -0.228349 -0.346527 0.909822 0.981091
2 42 0 1 0 0 0 0 1 0 0 0 0 1 0
2 43 16 -0.993737 -0.0223617 -0.109482 -0.0468247 -0.0437848 0.979347 0.197391 -0.105236 0.102807 0.200948 -0.974192 0.993344
2 44 0 1 0 0 0 0 1 0 0 0 0 1 0
2 45 0 1 0 0 0 0 1 0 0 0 0 1 0
2 46 0 1 0 0 0 0 1 0 0 0 0 1 0
2 47 19 0.236225 -0.958406 -0.160174 -0.172287 -0.92935 -0.270973 0.250764 0.02451 -0.283737 0.0896206 -0.954705 0.984742
2 48 0 1 0 0 0 0 1 0 0 0 0 1 0
2 49 0 1 0 0 0 0 1 0 0 0 0 1 0
2 50 0 1 0 0 0 0 1 0 0 0 0 1 0
2 51 0 1 0 0 0 0 1 0 0 0 0 1 0
2 52 0 1 0 0 0 0 1 0 0 0 0 1 0
2 53 11 -0.794358 -0.49324 -0.354555 0.412964 0.562749 -0.817303 -0.123811 -0.176135 -0.22871 -0.297876 0.926802 -0.893553
2 54 18 0.879392 -0.472219 -0.0606481 0.00842617 -0.401115 -0.803479 0.439918 -0.133407 -0.256467 -0.362534 -0.895988 0.991026
2 55 10 -0.722136 0.690948 0.0333253 0.318101 -0.688277 -0.712853 -0.134595 0.166446 -0.0692419 -0.120133 0.99034 -0.933331
2 56 0 1 0 0 0 0 1 0 0 0 0 1 0
2 57 0 1 0 0 0 0 1 0 0 0 0 1 0
2 58 0 1 0 0 0 0 1 0 0 0 0 1 0
2 59 0 1 0 0 0 0 1 0 0 0 0 1 0
2 60 18 -0.292891 -0.951966 0.0893032 -0.150843 -0.657614 0.268363 0.703935 -0.450039 -0.694088 0.147449 -0.704627 0.880177
2 61 15 0.917149 -0.367479 0.154264 -0.309124 -0.326443 -0.914716 -0.238178 0.194187 0.228633 0.168087 -0.958892 0.930985
2 62 0 1 0 0 0 0 1 0 0 0 0 1 0
2 63 0 1 0 0 0 0 1 0 0 0 0 1 0
2 64 14 -0.726092 0.54269 -0.422231 -0.0189515 0.681113 0.651805 -0.33352 0.141482 0.0942144 -0.529753 -0.842903 0.989759
2 65 0 1 0 0 0 0 1 0 0 0 0 1 0
2 66 0 1 0 0 0 0 1 0 0 0 0 1 0
2 67 0 1 0 0 0 0 1 0 0 0 0 1 0
2 68 0 1 0 0 0 0 1 0 0 0 0 1 0
2 69 18 -0.873705 0.351737 0.336037 -0.0986753 0.442585 0.861454 0.249029 -0.122978 -0.201888 0.366303 -0.90833 0.987492
2 70 0 1 0 0 0 0 1 0 0 0 0 1 0
2 71 15 -0.143072 -0.882103 0.448804 0.218319 -0.978541 0.194017 0.0693875 0.0663981 -0.148283 -0.429246 -0.890932 0.973616
2 72 0 1 0 0 0 0 1 0 0 0 0 1 0
2 73 16 -0.333531 -0.705004 -0.625881 0.341665 -0.850297 -0.0617418 0.522669 -0.0936449 -0.407127 0.706511 -0.57887 0.935145
2 74 0 1 0 0 0 0 1 0 0 0 0 1 0
2 75 0 1 0 0 0 0 1 0 0 0 0 1 0
2 76 15 -0.305402 -0.741534 -0.597375 0.251346 -0.951616 0.260091 0.163647 -0.123577 0.0340225 0.618449 -0.785088 0.959976
2 77 0 1 0 0 0 0 1 0 0 0 0 1 0
2 78 10 0.363515 -0.884885 -0.291264 0.26598 0.918037 0.393402 -0.0494216 0.287417 0.158316 -0.249426 0.955365 -0.920134
2 79 0 1 0 0 0 0 1 0 0 0 0 1 0
2 80 0 1 0 0 0 0 1 0 0 0 0 1 0
2 81 0 1 0 0 0 0 1 0 0 0 0 1 0
2 82 14 0.866342 -0.477344 -0.14695 0.00169235 -0.48077 -0.876741 0.0135781 -0.0653578 -0.135318 0.0588857 -0.989051 0.99786
2 83 0 1 0 0 0 0 1 0 0 0 0 1 0
2 84 0 1 0 0 0 0 1 0 0 0 0 1 0
2 85 0 1 0 0 0 0 1 0 0 0 0 1 0
2 86 18 0.667477 -0.354706 0.65472 -0.46946 -0.417188 -0.906438 -0.0657616 -0.0630811 0.616789 -0.229247 -0.753005 0.880698
2 87 0 1 0 0 0 0 1 0 0 0 0 1 0
2 88 14 0.763277 -0.645102 -0.0353857 -0.0084063 -0.635419 -0.75947 0.139457 -0.080528 -0.116838 -0.0839598 -0.989596 0.996717
2 89 0 1 0 0 0 0 1 0 0 0 0 1 0
2 90 0 1 0 0 0 0 1 0 0 0 0 1 0
2 91 0 1 0 0 0 0 1 0 0 0 0 1 0
2 92 0 1 0 0 0 0 1 0 0 0 0 1 0
2 93 0 1 0 0 0 0 1 0 0 0 0 1 0
2 94 0 1 0 0 0 0 1 0 0 0 0 1 0
2 95 0 1 0 0 0 0 1 0 0 0 0 1 0
2 96 0 1 0 0 0 0 1 0 0 0 0 1 0
2 97 0 1 0 0 0 0 1 0 0 0 0 1 0
2 98 14 -0.91137 0.406932 0.0617376 0.106929 0.39869 0.910078 -0.113155 -0.0535702 -0.102232 -0.0785119 -0.991657 0.992822
