0 1 80 0.999944 0.0100125 0.00339387 0.00646559 -0.0100221 0.999946 0.00281241 0.0224226 -0.00336552 -0.00284626 0.99999 0.999728
0 2 929 0.999438 0.0136823 -0.0305927 0.920455 -0.0135905 0.999903 0.00320625 -0.0992695 0.0306336 -0.00278868 0.999527 0.378032
0 3 879 0.999364 0.00710451 -0.0349501 0.955475 -0.00658747 0.999867 0.0148869 -0.216267 0.0350513 -0.0146472 0.999278 0.200736
0 4 817 0.992446 0.0359833 -0.117284 0.957511 -0.037676 0.999215 -0.0122475 0.0725933 0.116751 0.0165738 0.993023 0.279112
0 5 591 0.984097 0.0663769 -0.164762 0.979564 -0.0656384 0.997794 0.0099288 -0.118203 0.165057 0.00104379 0.986283 0.162733
0 6 434 0.981649 0.0724891 -0.176384 0.984002 -0.0676172 0.997149 0.0334842 -0.103255 0.178308 -0.0209431 0.983752 0.145184
0 7 282 0.989999 0.051757 -0.131235 0.959097 -0.0543423 0.998391 -0.0161924 -0.109514 0.130186 0.0231621 0.991219 0.261035
0 8 206 0.986524 0.0677068 -0.148952 0.995154 -0.070293 0.997452 -0.0121615 -0.0848759 0.147749 0.0224678 0.98877 0.0496469
0 9 49 0.980319 0.0439008 0.192475 -0.10448 -0.0396316 0.998877 -0.0259767 -0.187768 -0.193399 0.0178373 0.980958 0.976641
0 10 0 1 0 0 0 0 1 0 0 0 0 1 0
0 11 20 0.996454 0.0476696 0.0693271 -0.388198 -0.0498244 0.998317 0.0296916 0.19848 -0.067795 -0.0330405 0.997152 -0.899949
0 12 23 0.985635 0.156887 0.0625361 -0.34629 -0.159732 0.986205 0.043415 0.123236 -0.0548622 -0.0527804 0.997098 -0.929998
0 13 0 1 0 0 0 0 1 0 0 0 0 1 0
0 14 0 1 0 0 0 0 1 0 0 0 0 1 0
0 15 0 1 0 0 0 0 1 0 0 0 0 1 0
0 16 0 1 0 0 0 0 1 0 0 0 0 1 0
0 17 0 1 0 0 0 0 1 0 0 0 0 1 0
0 18 0 1 0 0 0 0 1 0 0 0 0 1 0
0 19 0 1 0 0 0 0 1 0 0 0 0 1 0
0 20 0 1 0 0 0 0 1 0 0 0 0 1 0
0 21 0 1 0 0 0 0 1 0 0 0 0 1 0
0 22 0 1 0 0 0 0 1 0 0 0 0 1 0
0 23 0 1 0 0 0 0 1 0 0 0 0 1 0
0 24 0 1 0 0 0 0 1 0 0 0 0 1 0
0 25 0 1 0 0 0 0 1 0 0 0 0 1 0
0 26 0 1 0 0 0 0 1 0 0 0 0 1 0
0 27 0 1 0 0 0 0 1 0 0 0 0 1 0
0 28 0 1 0 0 0 0 1 0 0 0 0 1 0
0 29 0 1 0 0 0 0 1 0 0 0 0 1 0
0 30 0 1 0 0 0 0 1 0 0 0 0 1 0
0 31 0 1 0 0 0 0 1 0 0 0 0 1 0
0 32 0 1 0 0 0 0 1 0 0 0 0 1 0
0 33 0 1 0 0 0 0 1 0 0 0 0 1 0
0 34 0 1 0 0 0 0 1 0 0 0 0 1 0
0 35 0 1 0 0 0 0 1 0 0 0 0 1 0
0 36 0 1 0 0 0 0 1 0 0 0 0 1 0
0 37 0 1 0 0 0 0 1 0 0 0 0 1 0
0 38 0 1 0 0 0 0 1 0 0 0 0 1 0
0 39 0 1 0 0 0 0 1 0 0 0 0 1 0
0 40 0 1 0 0 0 0 1 0 0 0 0 1 0
0 41 0 1 0 0 0 0 1 0 0 0 0 1 0
0 42 0 1 0 0 0 0 1 0 0 0 0 1 0
0 43 0 1 0 0 0 0 1 0 0 0 0 1 0
0 44 0 1 0 0 0 0 1 0 0 0 0 1 0
0 45 0 1 0 0 0 0 1 0 0 0 0 1 0
0 46 0 1 0 0 0 0 1 0 0 0 0 1 0
0 47 0 1 0 0 0 0 1 0 0 0 0 1 0
0 48 0 1 0 0 0 0 1 0 0 0 0 1 0
0 49 0 1 0 0 0 0 1 0 0 0 0 1 0
0 50 0 1 0 0 0 0 1 0 0 0 0 1 0
0 51 0 1 0 0 0 0 1 0 0 0 0 1 0
0 52 0 1 0 0 0 0 1 0 0 0 0 1 0
0 53 0 1 0 0 0 0 1 0 0 0 0 1 0
0 54 0 1 0 0 0 0 1 0 0 0 0 1 0
0 55 0 1 0 0 0 0 1 0 0 0 0 1 0
0 56 0 1 0 0 0 0 1 0 0 0 0 1 0
0 57 0 1 0 0 0 0 1 0 0 0 0 1 0
0 58 0 1 0 0 0 0 1 0 0 0 0 1 0
0 59 0 1 0 0 0 0 1 0 0 0 0 1 0
0 60 0 1 0 0 0 0 1 0 0 0 0 1 0
0 61 0 1 0 0 0 0 1 0 0 0 0 1 0
0 62 0 1 0 0 0 0 1 0 0 0 0 1 0
0 63 0 1 0 0 0 0 1 0 0 0 0 1 0
0 64 0 1 0 0 0 0 1 0 0 0 0 1 0
0 65 0 1 0 0 0 0 1 0 0 0 0 1 0
0 66 0 1 0 0 0 0 1 0 0 0 0 1 0
0 67 0 1 0 0 0 0 1 0 0 0 0 1 0
0 68 0 1 0 0 0 0 1 0 0 0 0 1 0
0 69 0 1 0 0 0 0 1 0 0 0 0 1 0
0 70 0 1 0 0 0 0 1 0 0 0 0 1 0
0 71 0 1 0 0 0 0 1 0 0 0 0 1 0
0 72 0 1 0 0 0 0 1 0 0 0 0 1 0
0 73 0 1 0 0 0 0 1 0 0 0 0 1 0
0 74 0 1 0 0 0 0 1 0 0 0 0 1 0
0 75 0 1 0 0 0 0 1 0 0 0 0 1 0
0 76 0 1 0 0 0 0 1 0 0 0 0 1 0
0 77 0 1 0 0 0 0 1 0 0 0 0 1 0
0 78 0 1 0 0 0 0 1 0 0 0 0 1 0
0 79 0 1 0 0 0 0 1 0 0 0 0 1 0
0 80 0 1 0 0 0 0 1 0 0 0 0 1 0
0 81 0 1 0 0 0 0 1 0 0 0 0 1 0
0 82 0 1 0 0 0 0 1 0 0 0 0 1 0
0 83 0 1 0 0 0 0 1 0 0 0 0 1 0
0 84 0 1 0 0 0 0 1 0 0 0 0 1 0
0 85 0 1 0 0 0 0 1 0 0 0 0 1 0
0 86 0 1 0 0 0 0 1 0 0 0 0 1 0
0 87 0 1 0 0 0 0 1 0 0 0 0 1 0
0 88 0 1 0 0 0 0 1 0 0 0 0 1 0
0 89 0 1 0 0 0 0 1 0 0 0 0 1 0
0 90 0 1 0 0 0 0 1 0 0 0 0 1 0
0 91 0 1 0 0 0 0 1 0 0 0 0 1 0
0 92 0 1 0 0 0 0 1 0 0 0 0 1 0
0 93 0 1 0 0 0 0 1 0 0 0 0 1 0
0 94 0 1 0 0 0 0 1 0 0 0 0 1 0
0 95 0 1 0 0 0 0 1 0 0 0 0 1 0
0 96 0 1 0 0 0 0 1 0 0 0 0 1 0
0 97 0 1 0 0 0 0 1 0 0 0 0 1 0
0 98 0 1 0 0 0 0 1 0 0 0 0 1 0
0 99 0 1 0 0 0 0 1 0 0 0 0 1 0
0 100 0 1 0 0 0 0 1 0 0 0 0 1 0
0 101 0 1 0 0 0 0 1 0 0 0 0 1 0
0 102 0 1 0 0 0 0 1 0 0 0 0 1 0
0 103 0 1 0 0 0 0 1 0 0 0 0 1 0
0 104 0 1 0 0 0 0 1 0 0 0 0 1 0
0 105 0 1 0 0 0 0 1 0 0 0 0 1 0
0 106 0 1 0 0 0 0 1 0 0 0 0 1 0
0 107 0 1 0 0 0 0 1 0 0 0 0 1 0
0 108 0 1 0 0 0 0 1 0 0 0 0 1 0
0 109 0 1 0 0 0 0 1 0 0 0 0 1 0
0 110 0 1 0 0 0 0 1 0 0 0 0 1 0
0 111 0 1 0 0 0 0 1 0 0 0 0 1 0
0 112 0 1 0 0 0 0 1 0 0 0 0 1 0
0 113 0 1 0 0 0 0 1 0 0 0 0 1 0
0 114 0 1 0 0 0 0 1 0 0 0 0 1 0
0 115 0 1 0 0 0 0 1 0 0 0 0 1 0
0 116 0 1 0 0 0 0 1 0 0 0 0 1 0
0 117 0 1 0 0 0 0 1 0 0 0 0 1 0
0 118 0 1 0 0 0 0 1 0 0 0 0 1 0
0 119 0 1 0 0 0 0 1 0 0 0 0 1 0
0 120 0 1 0 0 0 0 1 0 0 0 0 1 0
0 121 0 1 0 0 0 0 1 0 0 0 0 1 0
0 122 14 0.845604 0.0237772 -0.533281 -0.318292 -0.0206653 0.999717 0.0118058 -0.13065 0.533411 0.00103744 0.845856 0.938947
0 123 0 1 0 0 0 0 1 0 0 0 0 1 0
0 124 0 1 0 0 0 0 1 0 0 0 0 1 0
0 125 0 1 0 0 0 0 1 0 0 0 0 1 0
0 126 0 1 0 0 0 0 1 0 0 0 0 1 0
0 127 0 1 0 0 0 0 1 0 0 0 0 1 0
0 128 0 1 0 0 0 0 1 0 0 0 0 1 0
0 129 0 1 0 0 0 0 1 0 0 0 0 1 0
0 130 0 1 0 0 0 0 1 0 0 0 0 1 0
0 131 0 1 0 0 0 0 1 0 0 0 0 1 0
0 132 0 1 0 0 0 0 1 0 0 0 0 1 0
0 133 0 1 0 0 0 0 1 0 0 0 0 1 0
0 134 0 1 0 0 0 0 1 0 0 0 0 1 0
0 135 29 0.996139 0.072645 0.0492989 -0.25304 -0.0737909 0.997035 0.0218353 0.190496 -0.0475665 -0.0253888 0.998545 -0.948516
0 136 0 1 0 0 0 0 1 0 0 0 0 1 0
0 137 0 1 0 0 0 0 1 0 0 0 0 1 0
0 138 0 1 0 0 0 0 1 0 0 0 0 1 0
0 139 0 1 0 0 0 0 1 0 0 0 0 1 0
0 140 0 1 0 0 0 0 1 0 0 0 0 1 0
0 141 24 0.94608 -0.229333 0.228775 0.142448 0.209535 0.971851 0.107707 0.259711 -0.247036 -0.0539626 0.967503 -0.955122
0 142 20 0.960458 -0.233495 0.15166 0.218128 0.177144 0.932704 0.314138 -0.281071 -0.214803 -0.274851 0.937185 -0.934569
0 143 21 0.75988 -0.301921 0.575697 -0.714554 0.0529966 0.911425 0.40804 -0.414966 -0.6479 -0.279551 0.708574 -0.563219
0 144 33 0.982104 -0.180724 -0.0530077 0.280251 0.187412 0.965642 0.180034 -0.0723525 0.01865 -0.186746 0.982231 -0.957196
0 145 276 0.954217 0.0686989 -0.291119 0.69504 -0.0559728 0.997086 0.0518295 0.14761 0.293831 -0.0331619 0.955282 -0.703655
0 146 275 0.963683 0.108884 -0.243845 0.671756 -0.0977621 0.993559 0.0572941 0.100223 0.248512 -0.0313746 0.96812 -0.733961
0 147 382 0.942194 0.196861 -0.27114 0.731217 -0.171151 0.978433 0.115654 0.0293612 0.28806 -0.0625624 0.955567 -0.681513
0 148 371 0.936358 0.226674 -0.268054 0.811265 -0.192675 0.970139 0.147331 -0.139304 0.293446 -0.0863074 0.952072 -0.567841
0 149 358 0.886947 0.28195 -0.365827 0.95504 -0.241473 0.958255 0.153093 -0.169857 0.39372 -0.0474483 0.918005 -0.242998
0 150 126 0.764916 0.358893 -0.534882 0.932188 -0.257768 0.931558 0.256429 -0.360675 0.590304 -0.0582711 0.805075 -0.0306337
0 151 53 0.975729 0.215886 0.0367026 -0.292088 -0.215273 0.97635 -0.0199509 0.229874 -0.0401417 0.0115656 0.999127 -0.928355
0 152 36 0.977253 0.211263 0.0185602 0.212949 -0.208548 0.973203 -0.0968681 -0.264028 -0.0385275 0.0907939 0.995124 0.940713
0 153 16 0.961104 0.269914 0.0585299 0.26066 -0.263909 0.960002 -0.0935298 -0.34292 -0.0814338 0.0744453 0.993895 0.902476
0 154 38 0.954129 0.279624 0.106994 0.359737 -0.272239 0.959013 -0.0786165 -0.251402 -0.124591 0.0458825 0.991147 0.898547
0 155 0 1 0 0 0 0 1 0 0 0 0 1 0
0 156 30 0.29693 0.484623 -0.822784 0.842247 -0.31671 0.862853 0.393929 -0.367399 0.900848 0.143614 0.409692 0.39451
0 157 35 -0.892308 -0.0748452 -0.445179 0.416317 -0.287827 0.854038 0.433331 -0.203923 0.347767 0.514799 -0.783607 0.886056
0 158 0 1 0 0 0 0 1 0 0 0 0 1 0
0 159 16 0.958731 0.284288 -0.00394401 0.410978 -0.281305 0.950502 0.131961 -0.0520778 0.0412637 -0.125406 0.991247 -0.910157
0 160 21 0.50601 -0.585551 0.633312 -0.469861 -0.311813 0.560406 0.767279 -0.458098 -0.804193 -0.585725 0.100989 0.754571
0 161 31 0.993871 0.0946176 -0.0571733 -0.240237 -0.0873822 0.989163 0.117985 0.0650456 0.0677172 -0.112266 0.991368 -0.968533
0 162 32 0.976314 0.212253 0.0419454 -0.438285 -0.215875 0.968596 0.123369 -0.129171 -0.0144428 -0.129501 0.991474 0.889506
0 163 19 0.97776 0.20146 0.0583092 0.26093 -0.207369 0.970229 0.125112 -0.046724 -0.0313684 -0.134421 0.990428 0.964226
0 164 20 0.983484 0.17507 0.0459298 -0.298797 -0.178634 0.979732 0.0906333 0.107587 -0.0291317 -0.097341 0.994825 -0.948233
0 165 75 0.924826 0.246276 -0.289906 0.958387 -0.215295 0.967197 0.134827 -0.0327846 0.313601 -0.0622766 0.94751 -0.283584
0 166 117 0.966795 0.213576 -0.140327 0.660591 -0.189585 0.967633 0.166566 -0.067581 0.17136 -0.134431 0.975994 -0.747698
0 167 96 0.813112 0.28792 -0.505916 0.974074 -0.256086 0.95742 0.133289 0.0561339 0.52275 0.0211791 0.852223 -0.219154
0 168 134 0.839156 0.254702 -0.480566 0.925864 -0.131558 0.952388 0.275046 -0.207172 0.52774 -0.167585 0.83271 -0.315999
0 169 244 0.976297 0.14784 -0.158074 0.644623 -0.125735 0.981884 0.141755 -0.0136219 0.176168 -0.118519 0.977199 -0.764379
0 170 179 0.929747 0.101921 -0.353811 0.801522 -0.0344866 0.980806 0.191912 -0.0561062 0.366579 -0.166228 0.915417 -0.595328
0 171 269 0.9931 0.0421587 -0.109433 0.352345 -0.0240686 0.986555 0.161645 0.0808212 0.114777 -0.157896 0.980763 -0.932374
0 172 349 0.991131 0.0852066 -0.10198 0.219531 -0.0651343 0.980371 0.186091 0.0297987 0.115834 -0.177798 0.977226 -0.97515
1 2 581 0.999976 0.00031353 -0.00685556 0.663232 -0.00032494 0.999999 -0.00166329 -0.13146 0.00685503 0.00166548 0.999975 0.736778
1 3 874 0.999911 -0.0042141 -0.0126626 0.914259 0.00428778 0.999974 0.00579748 -0.235505 0.0126378 -0.00585126 0.999903 0.329648
1 4 885 0.993384 0.031248 -0.110503 0.9679 -0.0320544 0.999471 -0.00552857 -0.0145331 0.110271 0.00903409 0.99386 0.250915
1 5 609 0.991398 0.0481622 -0.121697 0.984885 -0.04853 0.998822 -5.83215e-05 -0.108652 0.12155 0.00596376 0.992567 0.134892
1 6 458 0.974302 0.067069 -0.21503 0.988237 -0.0624398 0.997649 0.0282569 -0.0855707 0.21642 -0.0141043 0.976199 0.126748
1 7 324 0.988965 0.0426599 -0.141875 0.973598 -0.0461234 0.99871 -0.0212131 -0.0950291 0.140787 0.0275228 0.989657 0.207551
1 8 235 0.957173 0.0736865 -0.279982 0.994523 -0.0748825 0.997172 0.0064383 -0.0905862 0.279664 0.0148032 0.959984 -0.0521408
1 9 125 0.958656 0.122184 -0.257002 0.99891 -0.129664 0.991482 -0.0122952 -0.0215108 0.253311 0.0451108 0.966333 -0.0414245
1 10 20 0.992581 0.0560496 0.107898 -0.399694 -0.0577372 0.998253 0.0125784 0.202038 -0.107004 -0.0187148 0.994082 -0.894106
1 11 19 0.989534 -0.141814 0.0266749 -0.318254 0.142562 0.989372 -0.028603 0.119739 -0.0223351 0.0321065 0.999235 -0.940413
1 12 68 0.992134 0.107634 0.0639156 -0.420051 -0.11007 0.993276 0.0358913 0.0802619 -0.0596226 -0.0426442 0.99731 -0.903944
1 13 21 0.997459 0.070602 0.00950292 -0.278785 -0.0704873 0.997442 -0.011912 0.192824 -0.0103196 0.0112119 0.999884 -0.940796
1 14 0 1 0 0 0 0 1 0 0 0 0 1 0
1 15 0 1 0 0 0 0 1 0 0 0 0 1 0
1 16 0 1 0 0 0 0 1 0 0 0 0 1 0
1 17 0 1 0 0 0 0 1 0 0 0 0 1 0
1 18 0 1 0 0 0 0 1 0 0 0 0 1 0
1 19 0 1 0 0 0 0 1 0 0 0 0 1 0
1 20 0 1 0 0 0 0 1 0 0 0 0 1 0
1 21 0 1 0 0 0 0 1 0 0 0 0 1 0
1 22 0 1 0 0 0 0 1 0 0 0 0 1 0
1 23 0 1 0 0 0 0 1 0 0 0 0 1 0
1 24 0 1 0 0 0 0 1 0 0 0 0 1 0
1 25 0 1 0 0 0 0 1 0 0 0 0 1 0
1 26 0 1 0 0 0 0 1 0 0 0 0 1 0
1 27 0 1 0 0 0 0 1 0 0 0 0 1 0
1 28 0 1 0 0 0 0 1 0 0 0 0 1 0
1 29 0 1 0 0 0 0 1 0 0 0 0 1 0
1 30 0 1 0 0 0 0 1 0 0 0 0 1 0
1 31 0 1 0 0 0 0 1 0 0 0 0 1 0
1 32 0 1 0 0 0 0 1 0 0 0 0 1 0
1 33 0 1 0 0 0 0 1 0 0 0 0 1 0
1 34 0 1 0 0 0 0 1 0 0 0 0 1 0
1 35 0 1 0 0 0 0 1 0 0 0 0 1 0
1 36 0 1 0 0 0 0 1 0 0 0 0 1 0
1 37 0 1 0 0 0 0 1 0 0 0 0 1 0
1 38 0 1 0 0 0 0 1 0 0 0 0 1 0
1 39 0 1 0 0 0 0 1 0 0 0 0 1 0
1 40 0 1 0 0 0 0 1 0 0 0 0 1 0
1 41 0 1 0 0 0 0 1 0 0 0 0 1 0
1 42 0 1 0 0 0 0 1 0 0 0 0 1 0
1 43 0 1 0 0 0 0 1 0 0 0 0 1 0
1 44 0 1 0 0 0 0 1 0 0 0 0 1 0
1 45 0 1 0 0 0 0 1 0 0 0 0 1 0
1 46 0 1 0 0 0 0 1 0 0 0 0 1 0
1 47 0 1 0 0 0 0 1 0 0 0 0 1 0
1 48 0 1 0 0 0 0 1 0 0 0 0 1 0
1 49 0 1 0 0 0 0 1 0 0 0 0 1 0
1 50 0 1 0 0 0 0 1 0 0 0 0 1 0
1 51 0 1 0 0 0 0 1 0 0 0 0 1 0
1 52 0 1 0 0 0 0 1 0 0 0 0 1 0
1 53 0 1 0 0 0 0 1 0 0 0 0 1 0
1 54 0 1 0 0 0 0 1 0 0 0 0 1 0
1 55 0 1 0 0 0 0 1 0 0 0 0 1 0
1 56 0 1 0 0 0 0 1 0 0 0 0 1 0
1 57 0 1 0 0 0 0 1 0 0 0 0 1 0
1 58 0 1 0 0 0 0 1 0 0 0 0 1 0
1 59 0 1 0 0 0 0 1 0 0 0 0 1 0
1 60 0 1 0 0 0 0 1 0 0 0 0 1 0
1 61 0 1 0 0 0 0 1 0 0 0 0 1 0
1 62 0 1 0 0 0 0 1 0 0 0 0 1 0
1 63 0 1 0 0 0 0 1 0 0 0 0 1 0
1 64 0 1 0 0 0 0 1 0 0 0 0 1 0
1 65 0 1 0 0 0 0 1 0 0 0 0 1 0
1 66 0 1 0 0 0 0 1 0 0 0 0 1 0
1 67 0 1 0 0 0 0 1 0 0 0 0 1 0
1 68 0 1 0 0 0 0 1 0 0 0 0 1 0
1 69 0 1 0 0 0 0 1 0 0 0 0 1 0
1 70 0 1 0 0 0 0 1 0 0 0 0 1 0
1 71 0 1 0 0 0 0 1 0 0 0 0 1 0
1 72 0 1 0 0 0 0 1 0 0 0 0 1 0
1 73 0 1 0 0 0 0 1 0 0 0 0 1 0
1 74 0 1 0 0 0 0 1 0 0 0 0 1 0
1 75 0 1 0 0 0 0 1 0 0 0 0 1 0
1 76 0 1 0 0 0 0 1 0 0 0 0 1 0
1 77 0 1 0 0 0 0 1 0 0 0 0 1 0
1 78 0 1 0 0 0 0 1 0 0 0 0 1 0
1 79 0 1 0 0 0 0 1 0 0 0 0 1 0
1 80 0 1 0 0 0 0 1 0 0 0 0 1 0
1 81 0 1 0 0 0 0 1 0 0 0 0 1 0
1 82 0 1 0 0 0 0 1 0 0 0 0 1 0
1 83 0 1 0 0 0 0 1 0 0 0 0 1 0
1 84 0 1 0 0 0 0 1 0 0 0 0 1 0
1 85 0 1 0 0 0 0 1 0 0 0 0 1 0
1 86 0 1 0 0 0 0 1 0 0 0 0 1 0
1 87 0 1 0 0 0 0 1 0 0 0 0 1 0
1 88 0 1 0 0 0 0 1 0 0 0 0 1 0
1 89 0 1 0 0 0 0 1 0 0 0 0 1 0
1 90 0 1 0 0 0 0 1 0 0 0 0 1 0
1 91 0 1 0 0 0 0 1 0 0 0 0 1 0
1 92 0 1 0 0 0 0 1 0 0 0 0 1 0
1 93 0 1 0 0 0 0 1 0 0 0 0 1 0
1 94 0 1 0 0 0 0 1 0 0 0 0 1 0
1 95 0 1 0 0 0 0 1 0 0 0 0 1 0
1 96 0 1 0 0 0 0 1 0 0 0 0 1 0
1 97 0 1 0 0 0 0 1 0 0 0 0 1 0
1 98 0 1 0 0 0 0 1 0 0 0 0 1 0
1 99 0 1 0 0 0 0 1 0 0 0 0 1 0
1 100 0 1 0 0 0 0 1 0 0 0 0 1 0
1 101 0 1 0 0 0 0 1 0 0 0 0 1 0
1 102 0 1 0 0 0 0 1 0 0 0 0 1 0
1 103 0 1 0 0 0 0 1 0 0 0 0 1 0
1 104 0 1 0 0 0 0 1 0 0 0 0 1 0
1 105 0 1 0 0 0 0 1 0 0 0 0 1 0
1 106 0 1 0 0 0 0 1 0 0 0 0 1 0
1 107 0 1 0 0 0 0 1 0 0 0 0 1 0
1 108 0 1 0 0 0 0 1 0 0 0 0 1 0
1 109 0 1 0 0 0 0 1 0 0 0 0 1 0
1 110 0 1 0 0 0 0 1 0 0 0 0 1 0
1 111 0 1 0 0 0 0 1 0 0 0 0 1 0
1 112 0 1 0 0 0 0 1 0 0 0 0 1 0
1 113 0 1 0 0 0 0 1 0 0 0 0 1 0
1 114 0 1 0 0 0 0 1 0 0 0 0 1 0
1 115 0 1 0 0 0 0 1 0 0 0 0 1 0
1 116 0 1 0 0 0 0 1 0 0 0 0 1 0
1 117 0 1 0 0 0 0 1 0 0 0 0 1 0
1 118 0 1 0 0 0 0 1 0 0 0 0 1 0
1 119 0 1 0 0 0 0 1 0 0 0 0 1 0
1 120 0 1 0 0 0 0 1 0 0 0 0 1 0
1 121 0 1 0 0 0 0 1 0 0 0 0 1 0
1 122 0 1 0 0 0 0 1 0 0 0 0 1 0
1 123 0 1 0 0 0 0 1 0 0 0 0 1 0
1 124 0 1 0 0 0 0 1 0 0 0 0 1 0
1 125 0 1 0 0 0 0 1 0 0 0 0 1 0
1 126 0 1 0 0 0 0 1 0 0 0 0 1 0
1 127 0 1 0 0 0 0 1 0 0 0 0 1 0
1 128 0 1 0 0 0 0 1 0 0 0 0 1 0
1 129 0 1 0 0 0 0 1 0 0 0 0 1 0
1 130 0 1 0 0 0 0 1 0 0 0 0 1 0
1 131 0 1 0 0 0 0 1 0 0 0 0 1 0
1 132 0 1 0 0 0 0 1 0 0 0 0 1 0
1 133 0 1 0 0 0 0 1 0 0 0 0 1 0
1 134 0 1 0 0 0 0 1 0 0 0 0 1 0
1 135 29 0.982818 0.163727 0.0852222 -0.298705 -0.1711 0.981326 0.0878913 0.0984743 -0.0692405 -0.100963 0.992478 -0.949251
1 136 0 1 0 0 0 0 1 0 0 0 0 1 0
1 137 0 1 0 0 0 0 1 0 0 0 0 1 0
1 138 0 1 0 0 0 0 1 0 0 0 0 1 0
1 139 0 1 0 0 0 0 1 0 0 0 0 1 0
1 140 0 1 0 0 0 0 1 0 0 0 0 1 0
1 141 21 0.939127 -0.232606 0.252854 0.0962863 0.202656 0.969331 0.139025 0.183419 -0.277438 -0.0793199 0.957464 -0.978308
1 142 23 0.76896 -0.375983 0.517047 -0.309848 -0.475031 0.205223 0.855704 -0.905636 -0.42784 -0.903615 -0.0207955 0.289513
1 143 0 1 0 0 0 0 1 0 0 0 0 1 0
1 144 21 0.645297 -0.278364 0.711411 -0.894881 -0.0852579 0.899189 0.429174 -0.423485 -0.759159 -0.337598 0.556511 -0.140885
1 145 243 0.992892 0.0481788 -0.108835 0.320502 -0.0394253 0.995918 0.0811969 0.0883664 0.112303 -0.0763289 0.990738 -0.943117
1 146 279 0.971746 0.101585 -0.213048 0.572324 -0.0821908 0.991785 0.098017 -0.0236964 0.221255 -0.0777371 0.972113 -0.819685
1 147 358 0.956687 0.180999 -0.228011 0.609239 -0.154813 0.979608 0.128068 -0.026913 0.246542 -0.0872224 0.965199 -0.79253
1 148 400 0.90072 0.218092 -0.375685 0.928114 -0.173272 0.973435 0.149671 -0.125569 0.398347 -0.0697157 0.914582 -0.350479
1 149 364 0.90388 0.276033 -0.326813 0.911625 -0.235696 0.958893 0.158026 -0.224028 0.356999 -0.0658076 0.931784 -0.344602
1 150 128 0.952349 0.295277 -0.0764342 0.632867 -0.29137 0.954834 0.0582724 -0.154845 0.0901884 -0.0332251 0.99537 -0.758619
1 151 131 0.886237 0.285585 -0.364725 0.97886 -0.278286 0.957669 0.0736674 -0.183267 0.370325 0.0362112 0.928196 -0.0908123
1 152 93 0.97081 0.23838 -0.0265059 0.958734 -0.239755 0.967581 -0.0794033 -0.284216 0.00671845 0.0834404 0.99649 -0.00706346
1 153 0 1 0 0 0 0 1 0 0 0 0 1 0
1 154 42 0.058201 0.438662 -0.896765 0.839408 -0.270693 0.871569 0.408769 -0.341966 0.960905 0.218958 0.169469 0.422438
1 155 17 -0.571636 0.24445 -0.783247 0.645498 -0.17796 0.894928 0.409186 -0.273781 0.800976 0.373292 -0.468071 0.713005
1 156 14 0.944365 0.328745 0.0100894 0.264125 -0.328539 0.944321 -0.0178868 -0.278335 -0.0154078 0.0135769 0.999789 0.923454
1 157 68 -0.349905 0.19364 -0.916553 0.729208 -0.353895 0.878577 0.320721 -0.168297 0.867367 0.436585 -0.23889 0.663273
1 158 44 0.967321 0.251462 -0.032517 0.151979 -0.248428 0.965592 0.0769103 -0.16071 0.0507382 -0.0663188 0.996508 0.975231
1 159 18 0.966731 0.255788 0.00161287 0.226267 -0.254016 0.959252 0.123738 -0.115038 0.0301036 -0.120031 0.992314 0.967248
1 160 33 0.965078 0.260728 -0.0254132 0.13232 -0.253706 0.954414 0.157248 -0.0770541 0.0652535 -0.145309 0.987232 0.988207
1 161 14 0.964079 0.265253 -0.0138948 0.0585236 -0.260124 0.953433 0.152649 0.041518 0.0537384 -0.143551 0.988183 -0.997422
1 162 29 0.987996 0.154467 0.00194365 0.388423 -0.153895 0.983088 0.0992664 0.0480837 0.0134226 -0.0983739 0.995059 0.920226
1 163 66 0.857863 0.310444 -0.409506 0.99096 -0.257028 0.949266 0.181193 -0.0899387 0.44498 -0.0501842 0.894133 -0.099545
1 164 25 0.981876 0.182516 0.0510637 0.238307 -0.185961 0.97979 0.0736935 -0.0612562 -0.0365814 -0.0818537 0.995973 0.969256
1 165 68 0.97839 0.191312 0.078439 -0.379696 -0.19914 0.97395 0.108467 0.11083 -0.0556446 -0.121744 0.991001 -0.918448
1 166 130 0.982025 0.18611 0.0314527 -0.3023 -0.188704 0.971704 0.142067 0.0624341 -0.00412272 -0.145448 0.989357 -0.951166
1 167 158 0.889786 0.268523 -0.369021 0.918108 -0.205617 0.957742 0.201128 -0.118079 0.407434 -0.103084 0.907398 -0.378333
1 168 155 0.703176 0.281223 -0.653037 0.953915 -0.0491991 0.935499 0.349886 -0.285668 0.709312 -0.213903 0.671657 -0.0918752
1 169 227 0.982006 0.138463 -0.128424 0.632785 -0.125057 0.986342 0.10719 0.094262 0.141512 -0.0892008 0.98591 -0.768568
1 170 232 0.985343 0.0912417 -0.144132 0.543658 -0.0671062 0.984136 0.164236 0.0213745 0.156831 -0.152156 0.975834 -0.839034
1 171 304 0.996662 0.0311641 -0.0754512 0.247003 -0.0177768 0.984937 0.171995 0.037165 0.0796748 -0.17008 0.982204 -0.968302
1 172 331 0.988151 0.0902551 -0.124143 0.284607 -0.064441 0.978054 0.198134 -0.0291901 0.139301 -0.187786 0.972282 -0.9582
2 3 898 0.999913 -0.00774526 -0.0107121 0.979731 0.0077989 0.999957 0.00497428 -0.128785 0.0106731 -0.00505738 0.99993 -0.15343
2 4 879 0.996158 0.0259066 -0.083652 0.998676 -0.0260659 0.99966 -0.000812064 0.00145469 0.0836025 0.00298941 0.996495 -0.0514193
2 5 671 0.997045 0.0384629 -0.0665022 0.981269 -0.0398625 0.999008 -0.0198488 0.0377414 0.0656728 0.022441 0.997589 0.188907
2 6 498 0.992102 0.0474913 -0.116096 0.99934 -0.0463044 0.998844 0.0129008 -0.0249485 0.116574 -0.00742318 0.993154 0.0264056
2 7 341 0.967565 0.0652063 -0.244061 0.986791 -0.0624704 0.997867 0.0189418 -0.151003 0.244776 -0.00308084 0.969575 0.0586602
2 8 278 0.985035 0.0669029 -0.158839 0.997679 -0.0700004 0.997449 -0.01398 -0.0614414 0.157499 0.0248896 0.987205 -0.0293488
2 9 155 0.956679 0.104047 -0.271918 0.987012 -0.107062 0.994245 0.0037685 -0.0458932 0.270745 0.0255067 0.962313 -0.153949
2 10 30 0.993526 0.0376016 0.107199 -0.476226 -0.0404705 0.998875 0.0247128 -0.103093 -0.106149 -0.0288912 0.99393 -0.873258
2 11 86 0.718993 0.2418 -0.651599 0.997977 -0.208532 0.969387 0.129627 -0.0627236 0.662995 0.0426782 0.747406 0.0103596
2 12 62 0.512208 0.817072 0.264644 0.0359301 0.480489 -0.0172099 -0.876832 0.299902 -0.711881 0.576278 -0.401409 0.953293
2 13 25 -0.163684 0.498862 -0.851084 0.76169 0.0778778 0.866562 0.492956 -0.345915 0.983434 0.0144086 -0.180693 0.547879
2 14 29 0.61874 -0.748633 -0.238136 0.0790371 -0.437888 -0.580328 0.68664 -0.418598 -0.652238 -0.320575 -0.68689 0.904726
2 15 0 1 0 0 0 0 1 0 0 0 0 1 0
2 16 0 1 0 0 0 0 1 0 0 0 0 1 0
2 17 0 1 0 0 0 0 1 0 0 0 0 1 0
2 18 0 1 0 0 0 0 1 0 0 0 0 1 0
2 19 0 1 0 0 0 0 1 0 0 0 0 1 0
2 20 0 1 0 0 0 0 1 0 0 0 0 1 0
2 21 0 1 0 0 0 0 1 0 0 0 0 1 0
2 22 0 1 0 0 0 0 1 0 0 0 0 1 0
2 23 0 1 0 0 0 0 1 0 0 0 0 1 0
2 24 0 1 0 0 0 0 1 0 0 0 0 1 0
2 25 0 1 0 0 0 0 1 0 0 0 0 1 0
2 26 0 1 0 0 0 0 1 0 0 0 0 1 0
2 27 0 1 0 0 0 0 1 0 0 0 0 1 0
2 28 0 1 0 0 0 0 1 0 0 0 0 1 0
2 29 0 1 0 0 0 0 1 0 0 0 0 1 0
2 30 0 1 0 0 0 0 1 0 0 0 0 1 0
2 31 0 1 0 0 0 0 1 0 0 0 0 1 0
2 32 0 1 0 0 0 0 1 0 0 0 0 1 0
2 33 0 1 0 0 0 0 1 0 0 0 0 1 0
2 34 0 1 0 0 0 0 1 0 0 0 0 1 0
2 35 0 1 0 0 0 0 1 0 0 0 0 1 0
2 36 0 1 0 0 0 0 1 0 0 0 0 1 0
2 37 0 1 0 0 0 0 1 0 0 0 0 1 0
2 38 0 1 0 0 0 0 1 0 0 0 0 1 0
2 39 0 1 0 0 0 0 1 0 0 0 0 1 0
2 40 0 1 0 0 0 0 1 0 0 0 0 1 0
2 41 0 1 0 0 0 0 1 0 0 0 0 1 0
2 42 0 1 0 0 0 0 1 0 0 0 0 1 0
2 43 0 1 0 0 0 0 1 0 0 0 0 1 0
2 44 0 1 0 0 0 0 1 0 0 0 0 1 0
2 45 0 1 0 0 0 0 1 0 0 0 0 1 0
2 46 0 1 0 0 0 0 1 0 0 0 0 1 0
2 47 0 1 0 0 0 0 1 0 0 0 0 1 0
2 48 0 1 0 0 0 0 1 0 0 0 0 1 0
2 49 0 1 0 0 0 0 1 0 0 0 0 1 0
2 50 0 1 0 0 0 0 1 0 0 0 0 1 0
2 51 0 1 0 0 0 0 1 0 0 0 0 1 0
2 52 0 1 0 0 0 0 1 0 0 0 0 1 0
2 53 0 1 0 0 0 0 1 0 0 0 0 1 0
2 54 0 1 0 0 0 0 1 0 0 0 0 1 0
2 55 0 1 0 0 0 0 1 0 0 0 0 1 0
2 56 0 1 0 0 0 0 1 0 0 0 0 1 0
2 57 0 1 0 0 0 0 1 0 0 0 0 1 0
2 58 0 1 0 0 0 0 1 0 0 0 0 1 0
2 59 0 1 0 0 0 0 1 0 0 0 0 1 0
2 60 0 1 0 0 0 0 1 0 0 0 0 1 0
2 61 0 1 0 0 0 0 1 0 0 0 0 1 0
2 62 0 1 0 0 0 0 1 0 0 0 0 1 0
2 63 0 1 0 0 0 0 1 0 0 0 0 1 0
2 64 0 1 0 0 0 0 1 0 0 0 0 1 0
2 65 0 1 0 0 0 0 1 0 0 0 0 1 0
2 66 0 1 0 0 0 0 1 0 0 0 0 1 0
2 67 0 1 0 0 0 0 1 0 0 0 0 1 0
2 68 0 1 0 0 0 0 1 0 0 0 0 1 0
2 69 0 1 0 0 0 0 1 0 0 0 0 1 0
2 70 0 1 0 0 0 0 1 0 0 0 0 1 0
2 71 0 1 0 0 0 0 1 0 0 0 0 1 0
2 72 0 1 0 0 0 0 1 0 0 0 0 1 0
2 73 0 1 0 0 0 0 1 0 0 0 0 1 0
2 74 0 1 0 0 0 0 1 0 0 0 0 1 0
2 75 0 1 0 0 0 0 1 0 0 0 0 1 0
2 76 0 1 0 0 0 0 1 0 0 0 0 1 0
2 77 0 1 0 0 0 0 1 0 0 0 0 1 0
2 78 0 1 0 0 0 0 1 0 0 0 0 1 0
2 79 0 1 0 0 0 0 1 0 0 0 0 1 0
2 80 0 1 0 0 0 0 1 0 0 0 0 1 0
2 81 0 1 0 0 0 0 1 0 0 0 0 1 0
2 82 0 1 0 0 0 0 1 0 0 0 0 1 0
2 83 0 1 0 0 0 0 1 0 0 0 0 1 0
2 84 0 1 0 0 0 0 1 0 0 0 0 1 0
2 85 0 1 0 0 0 0 1 0 0 0 0 1 0
2 86 0 1 0 0 0 0 1 0 0 0 0 1 0
2 87 0 1 0 0 0 0 1 0 0 0 0 1 0
2 88 0 1 0 0 0 0 1 0 0 0 0 1 0
2 89 0 1 0 0 0 0 1 0 0 0 0 1 0
2 90 0 1 0 0 0 0 1 0 0 0 0 1 0
2 91 0 1 0 0 0 0 1 0 0 0 0 1 0
2 92 0 1 0 0 0 0 1 0 0 0 0 1 0
2 93 0 1 0 0 0 0 1 0 0 0 0 1 0
2 94 0 1 0 0 0 0 1 0 0 0 0 1 0
2 95 0 1 0 0 0 0 1 0 0 0 0 1 0
2 96 0 1 0 0 0 0 1 0 0 0 0 1 0
2 97 0 1 0 0 0 0 1 0 0 0 0 1 0
2 98 0 1 0 0 0 0 1 0 0 0 0 1 0
2 99 0 1 0 0 0 0 1 0 0 0 0 1 0
2 100 0 1 0 0 0 0 1 0 0 0 0 1 0
2 101 0 1 0 0 0 0 1 0 0 0 0 1 0
2 102 0 1 0 0 0 0 1 0 0 0 0 1 0
2 103 0 1 0 0 0 0 1 0 0 0 0 1 0
2 104 0 1 0 0 0 0 1 0 0 0 0 1 0
2 105 0 1 0 0 0 0 1 0 0 0 0 1 0
2 106 0 1 0 0 0 0 1 0 0 0 0 1 0
2 107 0 1 0 0 0 0 1 0 0 0 0 1 0
2 108 0 1 0 0 0 0 1 0 0 0 0 1 0
2 109 0 1 0 0 0 0 1 0 0 0 0 1 0
2 110 0 1 0 0 0 0 1 0 0 0 0 1 0
2 111 0 1 0 0 0 0 1 0 0 0 0 1 0
2 112 0 1 0 0 0 0 1 0 0 0 0 1 0
2 113 0 1 0 0 0 0 1 0 0 0 0 1 0
2 114 0 1 0 0 0 0 1 0 0 0 0 1 0
2 115 0 1 0 0 0 0 1 0 0 0 0 1 0
2 116 0 1 0 0 0 0 1 0 0 0 0 1 0
2 117 0 1 0 0 0 0 1 0 0 0 0 1 0
2 118 0 1 0 0 0 0 1 0 0 0 0 1 0
2 119 0 1 0 0 0 0 1 0 0 0 0 1 0
2 120 0 1 0 0 0 0 1 0 0 0 0 1 0
2 121 0 1 0 0 0 0 1 0 0 0 0 1 0
2 122 0 1 0 0 0 0 1 0 0 0 0 1 0
2 123 0 1 0 0 0 0 1 0 0 0 0 1 0
2 124 0 1 0 0 0 0 1 0 0 0 0 1 0
2 125 0 1 0 0 0 0 1 0 0 0 0 1 0
2 126 0 1 0 0 0 0 1 0 0 0 0 1 0
2 127 0 1 0 0 0 0 1 0 0 0 0 1 0
2 128 0 1 0 0 0 0 1 0 0 0 0 1 0
2 129 0 1 0 0 0 0 1 0 0 0 0 1 0
2 130 0 1 0 0 0 0 1 0 0 0 0 1 0
2 131 0 1 0 0 0 0 1 0 0 0 0 1 0
2 132 0 1 0 0 0 0 1 0 0 0 0 1 0
2 133 0 1 0 0 0 0 1 0 0 0 0 1 0
2 134 0 1 0 0 0 0 1 0 0 0 0 1 0
2 135 28 0.974047 0.208895 0.0871471 -0.279351 -0.218296 0.96875 0.117775 0.0543854 -0.0598211 -0.133742 0.989209 -0.958648
2 136 0 1 0 0 0 0 1 0 0 0 0 1 0
2 137 0 1 0 0 0 0 1 0 0 0 0 1 0
2 138 0 1 0 0 0 0 1 0 0 0 0 1 0
2 139 0 1 0 0 0 0 1 0 0 0 0 1 0
2 140 28 0.973547 -0.180953 0.13951 0.276338 0.163838 0.978436 0.125779 0.297048 -0.159262 -0.099595 0.9822 -0.914002
2 141 18 0.944936 -0.200594 0.258571 0.0870066 0.173308 0.976959 0.124558 0.193664 -0.277599 -0.0728869 0.957928 -0.977202
2 142 20 0.993108 0.10493 0.0522165 0.241844 -0.0915282 0.416047 0.904725 -0.94532 0.0732083 -0.903269 0.422783 0.218817
2 143 0 1 0 0 0 0 1 0 0 0 0 1 0
2 144 65 0.614414 0.0631144 -0.786455 0.98513 0.27331 0.918052 0.287198 -0.171789 0.740133 -0.391405 0.546814 -0.00271223
2 145 268 0.986468 0.0439329 -0.15796 0.40971 -0.0353591 0.997766 0.0566856 0.154434 0.160098 -0.0503332 0.985817 -0.899048
2 146 348 0.99443 0.0786183 -0.0702036 0.197711 -0.0744196 0.995387 0.0605476 0.111478 0.0746399 -0.0549858 0.995693 -0.973901
2 147 418 0.962788 0.178039 -0.203325 0.536445 -0.159718 0.981738 0.103347 0.0783829 0.218011 -0.0670264 0.973642 -0.840288
2 148 405 0.914786 0.214588 -0.342225 0.876669 -0.176253 0.974363 0.139828 -0.0874591 0.363457 -0.067595 0.929156 -0.473077
2 149 383 0.898704 0.272876 -0.343323 0.900143 -0.231094 0.960002 0.15809 -0.19531 0.37273 -0.0627362 0.925817 -0.389353
2 150 147 0.95054 0.283557 -0.126762 0.780993 -0.277776 0.958672 0.0615455 -0.128649 0.138975 -0.0232901 0.990022 -0.611145
2 151 59 0.976108 0.213905 0.0381889 -0.335535 -0.21322 0.976773 -0.0212463 0.254618 -0.0418466 0.0125961 0.999045 -0.906965
2 152 77 0.763229 0.317373 -0.56281 0.978538 -0.336403 0.938866 0.073237 -0.205492 0.551647 0.133435 0.823335 0.0153522
2 153 0 1 0 0 0 0 1 0 0 0 0 1 0
2 154 33 0.948004 0.298662 0.109955 0.38254 -0.292144 0.953688 -0.0716364 -0.271934 -0.126258 0.0357888 0.991352 0.883014
2 155 19 0.894399 0.434462 0.106265 0.271239 -0.434613 0.900325 -0.0229511 -0.300846 -0.105645 -0.0256568 0.994073 0.914287
2 156 26 0.610866 0.331984 -0.71877 0.953698 -0.368253 0.922802 0.113252 -0.16111 0.70088 0.195508 0.685962 0.253975
2 157 41 0.985942 0.104006 -0.130773 0.461906 -0.115413 0.989853 -0.0828892 0.116909 0.120826 0.0968168 0.987941 0.87919
2 158 19 0.95696 0.288474 -0.0317791 0.224343 -0.285019 0.954799 0.084397 -0.148966 0.054689 -0.071707 0.995925 0.963057
2 159 19 0.958605 0.28472 0.00341404 0.232992 -0.282893 0.950951 0.125154 -0.130921 0.0323872 -0.120939 0.992131 0.963626
2 160 18 0.950066 0.311528 -0.0180164 -0.217715 -0.304169 0.937425 0.169459 0.0869053 0.0696801 -0.155517 0.985373 -0.972136
2 161 38 0.970035 0.242186 -0.0194545 0.17086 -0.236637 0.959892 0.150369 -0.096667 0.0550914 -0.141259 0.988439 0.980542
2 162 20 0.961515 0.272418 0.035733 0.261796 -0.274741 0.952181 0.133674 -0.104031 0.00239107 -0.138347 0.990381 0.9595
2 163 38 0.982176 0.180535 0.0523233 -0.328182 -0.185693 0.9751 0.121236 0.0447883 -0.0291331 -0.128791 0.991244 -0.943552
2 164 0 1 0 0 0 0 1 0 0 0 0 1 0
2 165 80 0.980296 0.17991 0.08156 -0.474965 -0.188236 0.975994 0.109557 0.108489 -0.0598917 -0.12275 0.990629 -0.873292
2 166 134 0.982034 0.188672 -0.00358201 -0.0417838 -0.186181 0.97181 0.144643 0.0595372 0.0307711 -0.141377 0.989477 -0.997351
2 167 145 0.732357 0.303248 -0.609667 0.975965 -0.175176 0.949128 0.261667 -0.169303 0.658002 -0.0848345 0.748222 -0.137221
2 168 189 0.961056 0.196967 -0.193843 0.616202 -0.162084 0.969866 0.181902 -0.0289438 0.223831 -0.143399 0.964021 -0.787056
2 169 252 0.98085 0.137839 -0.137602 0.578974 -0.120728 0.984681 0.125807 0.0356824 0.152835 -0.106785 0.982465 -0.814565
2 170 215 0.996268 0.069426 -0.0512817 0.251757 -0.0597012 0.983378 0.171475 0.00426439 0.0623341 -0.167773 0.983853 -0.967781
2 171 282 0.996232 0.0346305 -0.0795127 0.231661 -0.0217116 0.987211 0.157935 0.0895367 0.0839651 -0.155614 0.984243 -0.968667
2 172 369 0.992994 0.0704526 -0.0948668 0.1515 -0.0534477 0.983792 0.171161 0.0713267 0.105388 -0.164892 0.980665 -0.98588
3 4 10 0.998832 0.0315971 -0.0365616 0.957665 -0.0316511 0.999499 -0.000900276 -0.015366 0.0365148 0.00205644 0.999331 0.287473
3 5 693 0.997807 0.0440014 -0.0494537 0.988777 -0.0446691 0.998924 -0.0124767 -0.0410851 0.0488515 0.0146583 0.998698 0.143639
3 6 512 0.985364 0.0600263 -0.159543 0.99805 -0.060251 0.998177 0.00343335 0.0265013 0.159458 0.00622952 0.987185 0.0565093
3 7 353 0.975637 0.0523241 -0.213061 0.992581 -0.0595989 0.997834 -0.0278612 -0.0411674 0.211142 0.0398806 0.976642 0.114404
3 8 268 0.996146 0.0604541 -0.0635463 0.996561 -0.0619893 0.997824 -0.0224689 -0.0596139 0.0620496 0.0263215 0.997726 -0.0575554
3 9 159 0.979823 0.0966313 -0.174955 0.980761 -0.103477 0.994167 -0.0304156 0.0385701 0.170996 0.0479057 0.984106 -0.191366
3 10 29 -0.19089 -0.976842 -0.0966444 0.17771 -0.662813 0.0556474 0.746714 -0.349273 -0.724044 0.206598 -0.658087 0.920015
3 11 48 0.990096 0.131456 0.0492965 0.0322725 -0.133772 0.989894 0.0470542 0.227476 -0.0426127 -0.0531827 0.997675 -0.973249
3 12 50 0.150046 0.28218 -0.947555 0.923373 -0.222694 0.943422 0.245686 -0.135243 0.963272 0.174151 0.204396 0.359292
3 13 41 0.646572 0.22018 -0.730387 0.985669 -0.366393 0.929411 -0.0441703 0.165691 0.669104 0.296168 0.681604 0.0316662
3 14 21 0.987625 0.15372 -0.0310874 -0.286529 -0.152668 0.987699 0.0338015 0.170189 0.035901 -0.0286372 0.998945 -0.942834
3 15 0 1 0 0 0 0 1 0 0 0 0 1 0
3 16 0 1 0 0 0 0 1 0 0 0 0 1 0
3 17 0 1 0 0 0 0 1 0 0 0 0 1 0
3 18 0 1 0 0 0 0 1 0 0 0 0 1 0
3 19 0 1 0 0 0 0 1 0 0 0 0 1 0
3 20 0 1 0 0 0 0 1 0 0 0 0 1 0
3 21 0 1 0 0 0 0 1 0 0 0 0 1 0
3 22 0 1 0 0 0 0 1 0 0 0 0 1 0
3 23 0 1 0 0 0 0 1 0 0 0 0 1 0
3 24 0 1 0 0 0 0 1 0 0 0 0 1 0
3 25 0 1 0 0 0 0 1 0 0 0 0 1 0
3 26 0 1 0 0 0 0 1 0 0 0 0 1 0
3 27 0 1 0 0 0 0 1 0 0 0 0 1 0
3 28 0 1 0 0 0 0 1 0 0 0 0 1 0
3 29 0 1 0 0 0 0 1 0 0 0 0 1 0
3 30 0 1 0 0 0 0 1 0 0 0 0 1 0
3 31 0 1 0 0 0 0 1 0 0 0 0 1 0
3 32 0 1 0 0 0 0 1 0 0 0 0 1 0
3 33 0 1 0 0 0 0 1 0 0 0 0 1 0
3 34 0 1 0 0 0 0 1 0 0 0 0 1 0
3 35 0 1 0 0 0 0 1 0 0 0 0 1 0
3 36 0 1 0 0 0 0 1 0 0 0 0 1 0
3 37 0 1 0 0 0 0 1 0 0 0 0 1 0
3 38 0 1 0 0 0 0 1 0 0 0 0 1 0
3 39 0 1 0 0 0 0 1 0 0 0 0 1 0
3 40 0 1 0 0 0 0 1 0 0 0 0 1 0
3 41 0 1 0 0 0 0 1 0 0 0 0 1 0
3 42 0 1 0 0 0 0 1 0 0 0 0 1 0
3 43 0 1 0 0 0 0 1 0 0 0 0 1 0
3 44 0 1 0 0 0 0 1 0 0 0 0 1 0
3 45 0 1 0 0 0 0 1 0 0 0 0 1 0
3 46 0 1 0 0 0 0 1 0 0 0 0 1 0
3 47 0 1 0 0 0 0 1 0 0 0 0 1 0
3 48 0 1 0 0 0 0 1 0 0 0 0 1 0
3 49 0 1 0 0 0 0 1 0 0 0 0 1 0
3 50 0 1 0 0 0 0 1 0 0 0 0 1 0
3 51 0 1 0 0 0 0 1 0 0 0 0 1 0
3 52 0 1 0 0 0 0 1 0 0 0 0 1 0
3 53 0 1 0 0 0 0 1 0 0 0 0 1 0
3 54 0 1 0 0 0 0 1 0 0 0 0 1 0
3 55 0 1 0 0 0 0 1 0 0 0 0 1 0
3 56 0 1 0 0 0 0 1 0 0 0 0 1 0
3 57 0 1 0 0 0 0 1 0 0 0 0 1 0
3 58 0 1 0 0 0 0 1 0 0 0 0 1 0
3 59 0 1 0 0 0 0 1 0 0 0 0 1 0
3 60 0 1 0 0 0 0 1 0 0 0 0 1 0
3 61 0 1 0 0 0 0 1 0 0 0 0 1 0
3 62 0 1 0 0 0 0 1 0 0 0 0 1 0
3 63 0 1 0 0 0 0 1 0 0 0 0 1 0
3 64 0 1 0 0 0 0 1 0 0 0 0 1 0
3 65 0 1 0 0 0 0 1 0 0 0 0 1 0
3 66 0 1 0 0 0 0 1 0 0 0 0 1 0
3 67 0 1 0 0 0 0 1 0 0 0 0 1 0
3 68 0 1 0 0 0 0 1 0 0 0 0 1 0
3 69 0 1 0 0 0 0 1 0 0 0 0 1 0
3 70 0 1 0 0 0 0 1 0 0 0 0 1 0
3 71 0 1 0 0 0 0 1 0 0 0 0 1 0
3 72 0 1 0 0 0 0 1 0 0 0 0 1 0
3 73 0 1 0 0 0 0 1 0 0 0 0 1 0
3 74 0 1 0 0 0 0 1 0 0 0 0 1 0
3 75 0 1 0 0 0 0 1 0 0 0 0 1 0
3 76 0 1 0 0 0 0 1 0 0 0 0 1 0
3 77 0 1 0 0 0 0 1 0 0 0 0 1 0
3 78 0 1 0 0 0 0 1 0 0 0 0 1 0
3 79 0 1 0 0 0 0 1 0 0 0 0 1 0
3 80 0 1 0 0 0 0 1 0 0 0 0 1 0
3 81 0 1 0 0 0 0 1 0 0 0 0 1 0
3 82 0 1 0 0 0 0 1 0 0 0 0 1 0
3 83 0 1 0 0 0 0 1 0 0 0 0 1 0
3 84 0 1 0 0 0 0 1 0 0 0 0 1 0
3 85 0 1 0 0 0 0 1 0 0 0 0 1 0
3 86 0 1 0 0 0 0 1 0 0 0 0 1 0
3 87 0 1 0 0 0 0 1 0 0 0 0 1 0
3 88 0 1 0 0 0 0 1 0 0 0 0 1 0
3 89 0 1 0 0 0 0 1 0 0 0 0 1 0
3 90 0 1 0 0 0 0 1 0 0 0 0 1 0
3 91 0 1 0 0 0 0 1 0 0 0 0 1 0
3 92 0 1 0 0 0 0 1 0 0 0 0 1 0
3 93 0 1 0 0 0 0 1 0 0 0 0 1 0
3 94 0 1 0 0 0 0 1 0 0 0 0 1 0
3 95 0 1 0 0 0 0 1 0 0 0 0 1 0
3 96 0 1 0 0 0 0 1 0 0 0 0 1 0
3 97 0 1 0 0 0 0 1 0 0 0 0 1 0
3 98 0 1 0 0 0 0 1 0 0 0 0 1 0
3 99 0 1 0 0 0 0 1 0 0 0 0 1 0
3 100 0 1 0 0 0 0 1 0 0 0 0 1 0
3 101 0 1 0 0 0 0 1 0 0 0 0 1 0
3 102 0 1 0 0 0 0 1 0 0 0 0 1 0
3 103 0 1 0 0 0 0 1 0 0 0 0 1 0
3 104 0 1 0 0 0 0 1 0 0 0 0 1 0
3 105 0 1 0 0 0 0 1 0 0 0 0 1 0
3 106 0 1 0 0 0 0 1 0 0 0 0 1 0
3 107 0 1 0 0 0 0 1 0 0 0 0 1 0
3 108 0 1 0 0 0 0 1 0 0 0 0 1 0
3 109 0 1 0 0 0 0 1 0 0 0 0 1 0
3 110 0 1 0 0 0 0 1 0 0 0 0 1 0
3 111 0 1 0 0 0 0 1 0 0 0 0 1 0
3 112 0 1 0 0 0 0 1 0 0 0 0 1 0
3 113 0 1 0 0 0 0 1 0 0 0 0 1 0
3 114 0 1 0 0 0 0 1 0 0 0 0 1 0
3 115 0 1 0 0 0 0 1 0 0 0 0 1 0
3 116 0 1 0 0 0 0 1 0 0 0 0 1 0
3 117 0 1 0 0 0 0 1 0 0 0 0 1 0
3 118 0 1 0 0 0 0 1 0 0 0 0 1 0
3 119 0 1 0 0 0 0 1 0 0 0 0 1 0
3 120 0 1 0 0 0 0 1 0 0 0 0 1 0
3 121 0 1 0 0 0 0 1 0 0 0 0 1 0
3 122 0 1 0 0 0 0 1 0 0 0 0 1 0
3 123 0 1 0 0 0 0 1 0 0 0 0 1 0
3 124 0 1 0 0 0 0 1 0 0 0 0 1 0
3 125 0 1 0 0 0 0 1 0 0 0 0 1 0
3 126 0 1 0 0 0 0 1 0 0 0 0 1 0
3 127 0 1 0 0 0 0 1 0 0 0 0 1 0
3 128 0 1 0 0 0 0 1 0 0 0 0 1 0
3 129 0 1 0 0 0 0 1 0 0 0 0 1 0
3 130 0 1 0 0 0 0 1 0 0 0 0 1 0
3 131 0 1 0 0 0 0 1 0 0 0 0 1 0
3 132 0 1 0 0 0 0 1 0 0 0 0 1 0
3 133 0 1 0 0 0 0 1 0 0 0 0 1 0
3 134 0 1 0 0 0 0 1 0 0 0 0 1 0
3 135 0 1 0 0 0 0 1 0 0 0 0 1 0
3 136 0 1 0 0 0 0 1 0 0 0 0 1 0
3 137 0 1 0 0 0 0 1 0 0 0 0 1 0
3 138 0 1 0 0 0 0 1 0 0 0 0 1 0
3 139 0 1 0 0 0 0 1 0 0 0 0 1 0
3 140 0 1 0 0 0 0 1 0 0 0 0 1 0
3 141 0 1 0 0 0 0 1 0 0 0 0 1 0
3 142 0 1 0 0 0 0 1 0 0 0 0 1 0
3 143 0 1 0 0 0 0 1 0 0 0 0 1 0
3 144 0 1 0 0 0 0 1 0 0 0 0 1 0
3 145 313 0.985409 0.0566501 -0.160501 0.36566 -0.0463904 0.996676 0.0669673 0.129051 0.163761 -0.0585444 0.984761 -0.921758
3 146 333 0.984636 0.0932254 -0.14765 0.357921 -0.0880366 0.99526 0.0413111 0.167897 0.150802 -0.0276777 0.988177 -0.918533
3 147 360 0.957815 0.180808 -0.223382 0.523174 -0.161856 0.981676 0.100577 0.0904582 0.237474 -0.060178 0.969528 -0.847412
3 148 398 0.92686 0.221625 -0.303008 0.782241 -0.183949 0.971721 0.148056 -0.117012 0.327252 -0.0814894 0.941417 -0.611889
3 149 376 0.917336 0.262599 -0.299227 0.812351 -0.233374 0.963628 0.130221 -0.0943803 0.32254 -0.0496245 0.945254 -0.57548
3 150 164 0.755619 0.349273 -0.554119 0.947251 -0.263513 0.936586 0.231013 -0.320063 0.599667 -0.0285402 0.799741 -0.0165976
3 151 125 0.972466 0.232793 -0.0108592 0.543462 -0.232901 0.972449 -0.010036 0.0600099 0.0082237 0.0122888 0.999891 -0.837286
3 152 53 0.409847 0.390413 -0.824381 0.934525 -0.355603 0.900652 0.249743 -0.284417 0.839983 0.190796 0.507962 0.213941
3 153 0 1 0 0 0 0 1 0 0 0 0 1 0
3 154 49 0.666685 0.352423 -0.656756 0.965751 -0.384222 0.917551 0.102339 -0.199824 0.638674 0.184112 0.747126 0.165518
3 155 48 0.683272 0.451631 -0.573732 0.935769 -0.396029 0.889366 0.22845 -0.346339 0.613433 0.0711211 0.786538 0.0662232
3 156 44 0.821435 0.330025 0.465112 -0.732046 -0.243094 0.940372 -0.237921 0.32161 -0.515897 0.0823703 0.852681 0.600563
3 157 23 0.948018 0.317452 -0.0220422 0.273858 -0.316108 0.947436 0.049416 -0.222869 0.0365707 -0.0398796 0.998535 0.935591
3 158 32 0.971723 0.23219 -0.0429114 0.0299861 -0.228606 0.970614 0.0751476 -0.151731 0.0590989 -0.0632129 0.996249 0.987967
3 159 0 1 0 0 0 0 1 0 0 0 0 1 0
3 160 40 0.0460535 0.0549879 -0.997424 0.805407 -0.476537 0.878757 0.0264429 0.124895 0.877947 0.474092 0.0666736 0.579414
3 161 23 0.973355 0.225497 -0.0415972 -0.221507 -0.217352 0.96512 0.145949 0.0875367 0.0730575 -0.133019 0.988417 -0.971222
3 162 24 0.972022 0.234764 0.00772717 0.255455 -0.233864 0.964173 0.125214 -0.100154 0.0219455 -0.123518 0.9921 0.961619
3 163 55 0.969086 0.243492 -0.0398061 0.893062 -0.233853 0.957927 0.166402 -0.354759 0.0786489 -0.15195 0.985254 -0.276743
3 164 58 0.984736 0.172547 -0.0228536 0.383102 -0.170039 0.981732 0.0853738 0.0792339 0.0371671 -0.0801847 0.996087 -0.920301
3 165 88 0.973846 0.191012 0.123038 -0.831122 -0.203113 0.974569 0.0946578 0.234624 -0.101828 -0.117173 0.987877 -0.504171
3 166 129 0.847661 0.26439 -0.459966 0.950292 -0.200633 0.962344 0.183415 -0.0534324 0.491138 -0.0631889 0.868787 -0.30674
3 167 159 0.909489 0.27427 -0.312418 0.83963 -0.224387 0.956492 0.186479 -0.0727781 0.349971 -0.0994979 0.931461 -0.538261
3 168 130 0.969805 0.204803 -0.132418 0.411984 -0.179044 0.966553 0.183627 -0.030081 0.165596 -0.154374 0.974036 -0.910695
3 169 257 0.990065 0.134472 -0.0410952 0.246621 -0.127433 0.981631 0.141991 -0.0194039 0.0594341 -0.135343 0.989015 -0.968918
3 170 220 0.988835 0.0882793 -0.120048 0.385753 -0.069633 0.986001 0.151505 0.0700706 0.131743 -0.141454 0.98114 -0.919937
3 171 253 0.997997 0.0404303 -0.0486632 0.0742408 -0.0312919 0.98394 0.175734 0.0357592 0.0549867 -0.173859 0.983234 -0.996599
3 172 334 0.9893 0.0857726 -0.118019 0.164516 -0.0672841 0.985998 0.15258 0.137878 0.129454 -0.143007 0.981219 -0.97669
4 5 834 0.99977 0.0203077 -0.0068587 0.988085 -0.0204101 0.999676 -0.0152075 0.027608 0.00654765 0.015344 0.999861 0.151415
4 6 626 0.998698 0.0254719 -0.0441883 0.98889 -0.0249971 0.999624 0.0112634 -0.0317824 0.0444586 -0.0101442 0.99896 0.145212
4 7 410 0.995345 0.019261 -0.0944332 0.962154 -0.0230906 0.998948 -0.0396296 -0.023806 0.0935705 0.0416256 0.994742 0.271463
4 8 351 0.999188 0.0376915 0.0142493 0.980421 -0.0374554 0.999162 -0.0164863 -0.0945004 -0.0148588 0.0159392 0.999763 -0.172752
4 9 229 0.966992 0.0980285 -0.235194 0.983831 -0.0973825 0.995143 0.0143892 -0.0729858 0.235462 0.00898956 0.971842 -0.163552
4 10 72 0.862358 0.0146593 0.506087 -0.830308 -0.0574926 0.995951 0.0691171 -0.120201 -0.503024 -0.0887 0.859709 0.544187
4 11 44 0.985662 0.133336 0.103404 -0.308341 -0.139516 0.988691 0.0550068 0.188468 -0.0949005 -0.0686447 0.993117 -0.932419
4 12 120 0.986791 0.160767 -0.0199397 0.497079 -0.159847 0.986275 0.0413511 0.131324 0.0263139 -0.0376176 0.998946 -0.85771
4 13 32 0.996494 0.074316 0.0384356 -0.331461 -0.0743394 0.997233 -0.000822712 0.152788 -0.0383903 -0.00203745 0.999261 -0.931015
4 14 43 0.97914 0.203128 0.00491855 -0.175806 -0.203154 0.978254 0.0417906 0.203068 0.00367727 -0.0419181 0.999114 -0.963253
4 15 0 1 0 0 0 0 1 0 0 0 0 1 0
4 16 27 0.977287 0.197964 0.075635 -0.403462 -0.202944 0.97703 0.0650147 -0.0171601 -0.0610271 -0.0788877 0.995014 -0.914836
4 17 0 1 0 0 0 0 1 0 0 0 0 1 0
4 18 0 1 0 0 0 0 1 0 0 0 0 1 0
4 19 0 1 0 0 0 0 1 0 0 0 0 1 0
4 20 0 1 0 0 0 0 1 0 0 0 0 1 0
4 21 0 1 0 0 0 0 1 0 0 0 0 1 0
4 22 0 1 0 0 0 0 1 0 0 0 0 1 0
4 23 0 1 0 0 0 0 1 0 0 0 0 1 0
4 24 0 1 0 0 0 0 1 0 0 0 0 1 0
4 25 0 1 0 0 0 0 1 0 0 0 0 1 0
4 26 0 1 0 0 0 0 1 0 0 0 0 1 0
4 27 0 1 0 0 0 0 1 0 0 0 0 1 0
4 28 0 1 0 0 0 0 1 0 0 0 0 1 0
4 29 0 1 0 0 0 0 1 0 0 0 0 1 0
4 30 0 1 0 0 0 0 1 0 0 0 0 1 0
4 31 0 1 0 0 0 0 1 0 0 0 0 1 0
4 32 0 1 0 0 0 0 1 0 0 0 0 1 0
4 33 0 1 0 0 0 0 1 0 0 0 0 1 0
4 34 0 1 0 0 0 0 1 0 0 0 0 1 0
4 35 0 1 0 0 0 0 1 0 0 0 0 1 0
4 36 0 1 0 0 0 0 1 0 0 0 0 1 0
4 37 0 1 0 0 0 0 1 0 0 0 0 1 0
4 38 0 1 0 0 0 0 1 0 0 0 0 1 0
4 39 0 1 0 0 0 0 1 0 0 0 0 1 0
4 40 0 1 0 0 0 0 1 0 0 0 0 1 0
4 41 0 1 0 0 0 0 1 0 0 0 0 1 0
4 42 0 1 0 0 0 0 1 0 0 0 0 1 0
4 43 0 1 0 0 0 0 1 0 0 0 0 1 0
4 44 0 1 0 0 0 0 1 0 0 0 0 1 0
4 45 0 1 0 0 0 0 1 0 0 0 0 1 0
4 46 0 1 0 0 0 0 1 0 0 0 0 1 0
4 47 0 1 0 0 0 0 1 0 0 0 0 1 0
4 48 0 1 0 0 0 0 1 0 0 0 0 1 0
4 49 0 1 0 0 0 0 1 0 0 0 0 1 0
4 50 0 1 0 0 0 0 1 0 0 0 0 1 0
4 51 0 1 0 0 0 0 1 0 0 0 0 1 0
4 52 0 1 0 0 0 0 1 0 0 0 0 1 0
4 53 0 1 0 0 0 0 1 0 0 0 0 1 0
4 54 0 1 0 0 0 0 1 0 0 0 0 1 0
4 55 0 1 0 0 0 0 1 0 0 0 0 1 0
4 56 0 1 0 0 0 0 1 0 0 0 0 1 0
4 57 0 1 0 0 0 0 1 0 0 0 0 1 0
4 58 0 1 0 0 0 0 1 0 0 0 0 1 0
4 59 0 1 0 0 0 0 1 0 0 0 0 1 0
4 60 0 1 0 0 0 0 1 0 0 0 0 1 0
4 61 0 1 0 0 0 0 1 0 0 0 0 1 0
4 62 0 1 0 0 0 0 1 0 0 0 0 1 0
4 63 0 1 0 0 0 0 1 0 0 0 0 1 0
4 64 0 1 0 0 0 0 1 0 0 0 0 1 0
4 65 0 1 0 0 0 0 1 0 0 0 0 1 0
4 66 0 1 0 0 0 0 1 0 0 0 0 1 0
4 67 0 1 0 0 0 0 1 0 0 0 0 1 0
4 68 0 1 0 0 0 0 1 0 0 0 0 1 0
4 69 0 1 0 0 0 0 1 0 0 0 0 1 0
4 70 0 1 0 0 0 0 1 0 0 0 0 1 0
4 71 0 1 0 0 0 0 1 0 0 0 0 1 0
4 72 0 1 0 0 0 0 1 0 0 0 0 1 0
4 73 0 1 0 0 0 0 1 0 0 0 0 1 0
4 74 0 1 0 0 0 0 1 0 0 0 0 1 0
4 75 0 1 0 0 0 0 1 0 0 0 0 1 0
4 76 0 1 0 0 0 0 1 0 0 0 0 1 0
4 77 0 1 0 0 0 0 1 0 0 0 0 1 0
