0 1 26 0.999943 0.0100847 0.00343875 0.340456 -0.0100983 0.999941 0.00397937 0.00227553 -0.00339842 -0.00401387 0.999986 -0.940258
0 2 831 0.999371 0.010321 -0.0339342 0.913605 -0.0101222 0.999931 0.0060241 -0.147434 0.033994 -0.00567682 0.999406 0.378932
0 3 782 0.998757 0.0052592 -0.0495706 0.97784 -0.00493053 0.999965 0.00675036 -0.0864065 0.0496043 -0.00649756 0.998748 0.190692
0 4 730 0.99071 0.0371991 -0.130803 0.98411 -0.0376313 0.999291 -0.000833308 -0.0133187 0.130679 0.00574784 0.991408 0.177058
0 5 614 0.991354 0.0544425 -0.119387 0.977366 -0.0557525 0.998415 -0.00765755 -0.0527783 0.118781 0.0142475 0.992818 0.204867
0 6 477 0.98816 0.0571004 -0.142409 0.979868 -0.056134 0.998365 0.0107979 -0.0239897 0.142793 -0.00267607 0.989749 0.1982
0 7 334 0.977687 0.0541513 -0.202966 0.980597 -0.0587179 0.998138 -0.0165414 -0.0823101 0.201692 0.0280901 0.979046 0.177915
0 8 260 0.985536 0.07966 -0.149576 0.995425 -0.0811302 0.996696 -0.00374329 -0.0955216 0.148784 0.0158243 0.988743 0.00205691
0 9 187 0.971589 0.127522 -0.199381 0.994169 -0.127619 0.991746 0.0124193 -0.0819694 0.199319 0.0133784 0.979843 -0.0700666
0 10 125 0.946367 0.147165 -0.287632 0.993645 -0.152569 0.988286 0.00366806 0.0708322 0.284802 0.0404124 0.957734 -0.0874735
0 11 114 0.887755 0.199603 -0.414789 0.996683 -0.191541 0.97956 0.0614314 0.0106314 0.418572 0.0249131 0.907842 -0.0806844
0 12 85 0.773325 0.212212 -0.597439 0.966495 -0.327794 0.940428 -0.0902533 0.256685 0.542696 0.265632 0.796819 0.000195692
0 13 31 0.999903 0.0133313 -0.00411309 -0.294746 -0.0134861 0.999099 -0.0402314 0.267426 0.00357305 0.0402829 0.999182 -0.917392
0 14 57 0.587932 0.352026 -0.728295 0.993019 -0.337782 0.924928 0.174388 -0.0967593 0.73501 0.143477 0.662703 0.0674621
0 15 13 0.988301 0.150425 0.0251734 0.257626 -0.151736 0.986435 0.0626224 -0.185314 -0.015412 -0.0657095 0.99772 0.948308
0 16 23 0.984986 0.172021 0.0145189 -0.301858 -0.17226 0.984901 0.0172066 0.14143 -0.0113398 -0.0194493 0.999747 -0.942804
0 17 0 1 0 0 0 0 1 0 0 0 0 1 0
0 18 0 1 0 0 0 0 1 0 0 0 0 1 0
0 19 0 1 0 0 0 0 1 0 0 0 0 1 0
0 20 0 1 0 0 0 0 1 0 0 0 0 1 0
0 21 0 1 0 0 0 0 1 0 0 0 0 1 0
0 22 0 1 0 0 0 0 1 0 0 0 0 1 0
0 23 0 1 0 0 0 0 1 0 0 0 0 1 0
0 24 0 1 0 0 0 0 1 0 0 0 0 1 0
0 25 0 1 0 0 0 0 1 0 0 0 0 1 0
0 26 0 1 0 0 0 0 1 0 0 0 0 1 0
0 27 0 1 0 0 0 0 1 0 0 0 0 1 0
0 28 0 1 0 0 0 0 1 0 0 0 0 1 0
0 29 0 1 0 0 0 0 1 0 0 0 0 1 0
0 30 0 1 0 0 0 0 1 0 0 0 0 1 0
0 31 0 1 0 0 0 0 1 0 0 0 0 1 0
0 32 0 1 0 0 0 0 1 0 0 0 0 1 0
0 33 0 1 0 0 0 0 1 0 0 0 0 1 0
0 34 0 1 0 0 0 0 1 0 0 0 0 1 0
0 35 0 1 0 0 0 0 1 0 0 0 0 1 0
0 36 0 1 0 0 0 0 1 0 0 0 0 1 0
0 37 0 1 0 0 0 0 1 0 0 0 0 1 0
0 38 0 1 0 0 0 0 1 0 0 0 0 1 0
0 39 0 1 0 0 0 0 1 0 0 0 0 1 0
0 40 0 1 0 0 0 0 1 0 0 0 0 1 0
0 41 0 1 0 0 0 0 1 0 0 0 0 1 0
0 42 0 1 0 0 0 0 1 0 0 0 0 1 0
0 43 0 1 0 0 0 0 1 0 0 0 0 1 0
0 44 0 1 0 0 0 0 1 0 0 0 0 1 0
0 45 0 1 0 0 0 0 1 0 0 0 0 1 0
0 46 0 1 0 0 0 0 1 0 0 0 0 1 0
0 47 0 1 0 0 0 0 1 0 0 0 0 1 0
0 48 0 1 0 0 0 0 1 0 0 0 0 1 0
0 49 0 1 0 0 0 0 1 0 0 0 0 1 0
0 50 0 1 0 0 0 0 1 0 0 0 0 1 0
0 51 0 1 0 0 0 0 1 0 0 0 0 1 0
0 52 0 1 0 0 0 0 1 0 0 0 0 1 0
0 53 0 1 0 0 0 0 1 0 0 0 0 1 0
0 54 0 1 0 0 0 0 1 0 0 0 0 1 0
0 55 0 1 0 0 0 0 1 0 0 0 0 1 0
0 56 0 1 0 0 0 0 1 0 0 0 0 1 0
0 57 0 1 0 0 0 0 1 0 0 0 0 1 0
0 58 0 1 0 0 0 0 1 0 0 0 0 1 0
0 59 0 1 0 0 0 0 1 0 0 0 0 1 0
0 60 0 1 0 0 0 0 1 0 0 0 0 1 0
0 61 0 1 0 0 0 0 1 0 0 0 0 1 0
0 62 0 1 0 0 0 0 1 0 0 0 0 1 0
0 63 0 1 0 0 0 0 1 0 0 0 0 1 0
0 64 0 1 0 0 0 0 1 0 0 0 0 1 0
0 65 0 1 0 0 0 0 1 0 0 0 0 1 0
0 66 0 1 0 0 0 0 1 0 0 0 0 1 0
0 67 0 1 0 0 0 0 1 0 0 0 0 1 0
0 68 0 1 0 0 0 0 1 0 0 0 0 1 0
0 69 0 1 0 0 0 0 1 0 0 0 0 1 0
0 70 0 1 0 0 0 0 1 0 0 0 0 1 0
0 71 0 1 0 0 0 0 1 0 0 0 0 1 0
0 72 0 1 0 0 0 0 1 0 0 0 0 1 0
0 73 0 1 0 0 0 0 1 0 0 0 0 1 0
0 74 0 1 0 0 0 0 1 0 0 0 0 1 0
0 75 0 1 0 0 0 0 1 0 0 0 0 1 0
0 76 0 1 0 0 0 0 1 0 0 0 0 1 0
0 77 0 1 0 0 0 0 1 0 0 0 0 1 0
0 78 0 1 0 0 0 0 1 0 0 0 0 1 0
0 79 0 1 0 0 0 0 1 0 0 0 0 1 0
0 80 0 1 0 0 0 0 1 0 0 0 0 1 0
0 81 0 1 0 0 0 0 1 0 0 0 0 1 0
0 82 0 1 0 0 0 0 1 0 0 0 0 1 0
0 83 0 1 0 0 0 0 1 0 0 0 0 1 0
0 84 0 1 0 0 0 0 1 0 0 0 0 1 0
0 85 0 1 0 0 0 0 1 0 0 0 0 1 0
0 86 0 1 0 0 0 0 1 0 0 0 0 1 0
0 87 0 1 0 0 0 0 1 0 0 0 0 1 0
0 88 0 1 0 0 0 0 1 0 0 0 0 1 0
0 89 0 1 0 0 0 0 1 0 0 0 0 1 0
0 90 0 1 0 0 0 0 1 0 0 0 0 1 0
0 91 0 1 0 0 0 0 1 0 0 0 0 1 0
0 92 0 1 0 0 0 0 1 0 0 0 0 1 0
0 93 0 1 0 0 0 0 1 0 0 0 0 1 0
0 94 0 1 0 0 0 0 1 0 0 0 0 1 0
0 95 0 1 0 0 0 0 1 0 0 0 0 1 0
0 96 0 1 0 0 0 0 1 0 0 0 0 1 0
0 97 0 1 0 0 0 0 1 0 0 0 0 1 0
0 98 0 1 0 0 0 0 1 0 0 0 0 1 0
0 99 0 1 0 0 0 0 1 0 0 0 0 1 0
0 100 0 1 0 0 0 0 1 0 0 0 0 1 0
0 101 0 1 0 0 0 0 1 0 0 0 0 1 0
0 102 0 1 0 0 0 0 1 0 0 0 0 1 0
0 103 0 1 0 0 0 0 1 0 0 0 0 1 0
0 104 0 1 0 0 0 0 1 0 0 0 0 1 0
0 105 0 1 0 0 0 0 1 0 0 0 0 1 0
0 106 0 1 0 0 0 0 1 0 0 0 0 1 0
0 107 0 1 0 0 0 0 1 0 0 0 0 1 0
0 108 0 1 0 0 0 0 1 0 0 0 0 1 0
0 109 0 1 0 0 0 0 1 0 0 0 0 1 0
0 110 0 1 0 0 0 0 1 0 0 0 0 1 0
0 111 0 1 0 0 0 0 1 0 0 0 0 1 0
0 112 0 1 0 0 0 0 1 0 0 0 0 1 0
0 113 0 1 0 0 0 0 1 0 0 0 0 1 0
0 114 0 1 0 0 0 0 1 0 0 0 0 1 0
0 115 0 1 0 0 0 0 1 0 0 0 0 1 0
0 116 0 1 0 0 0 0 1 0 0 0 0 1 0
0 117 0 1 0 0 0 0 1 0 0 0 0 1 0
0 118 0 1 0 0 0 0 1 0 0 0 0 1 0
0 119 0 1 0 0 0 0 1 0 0 0 0 1 0
0 120 0 1 0 0 0 0 1 0 0 0 0 1 0
0 121 0 1 0 0 0 0 1 0 0 0 0 1 0
0 122 60 0.773386 0.089081 -0.627645 0.484975 -0.106278 0.994285 0.0101616 0.166888 0.624963 0.0588461 0.778433 -0.858457
0 123 30 0.780438 0.254418 -0.571129 0.329223 -0.252362 0.963932 0.0845491 0.122418 0.57204 0.078146 0.816495 -0.936283
0 124 20 0.783049 0.245702 -0.571371 0.292091 -0.235484 0.967392 0.0932752 0.104064 0.575657 0.0615097 0.815374 -0.950712
0 125 49 0.71102 0.481217 -0.51272 0.337694 -0.520191 0.850578 0.0769341 0.324513 0.47313 0.212011 0.855102 -0.883546
0 126 24 0.754513 0.329125 -0.567791 0.360148 -0.327386 0.938582 0.109007 0.143489 0.568795 0.103639 0.815923 -0.921794
0 127 0 1 0 0 0 0 1 0 0 0 0 1 0
0 128 0 1 0 0 0 0 1 0 0 0 0 1 0
0 129 0 1 0 0 0 0 1 0 0 0 0 1 0
0 130 0 1 0 0 0 0 1 0 0 0 0 1 0
0 131 0 1 0 0 0 0 1 0 0 0 0 1 0
0 132 0 1 0 0 0 0 1 0 0 0 0 1 0
0 133 0 1 0 0 0 0 1 0 0 0 0 1 0
0 134 0 1 0 0 0 0 1 0 0 0 0 1 0
0 135 0 1 0 0 0 0 1 0 0 0 0 1 0
0 136 0 1 0 0 0 0 1 0 0 0 0 1 0
0 137 0 1 0 0 0 0 1 0 0 0 0 1 0
0 138 0 1 0 0 0 0 1 0 0 0 0 1 0
0 139 0 1 0 0 0 0 1 0 0 0 0 1 0
0 140 25 0.978029 -0.084507 0.190573 0.196187 0.0874496 0.996144 -0.00706872 0.376583 -0.189241 0.0235789 0.981648 -0.905371
0 141 21 0.947098 -0.224676 0.229184 0.145868 0.194268 0.969741 0.14786 0.17211 -0.25547 -0.0955146 0.962087 -0.974218
0 142 46 0.943815 -0.282175 0.172021 0.147648 0.252649 0.951633 0.174824 0.100784 -0.213032 -0.12154 0.969456 -0.983892
0 143 0 1 0 0 0 0 1 0 0 0 0 1 0
0 144 43 0.991786 -0.111358 -0.062925 0.421625 0.115293 0.991344 0.0628031 0.254768 0.0553867 -0.0695421 0.99604 -0.870245
0 145 233 0.99107 0.0471145 -0.12474 0.357831 -0.0374316 0.996183 0.0788622 0.0999054 0.127979 -0.0734888 0.98905 -0.928426
0 146 276 0.987587 0.0922216 -0.127151 0.409278 -0.084607 0.994354 0.0640505 0.0961463 0.132339 -0.0524976 0.989813 -0.90733
0 147 348 0.965447 0.179162 -0.189242 0.534556 -0.160065 0.980742 0.11191 0.044658 0.205647 -0.0777519 0.975533 -0.843953
0 148 335 0.933277 0.209686 -0.291592 0.844983 -0.179029 0.975425 0.128432 -0.0584181 0.311357 -0.0676592 0.947881 -0.531594
0 149 354 0.885753 0.285578 -0.365904 0.932769 -0.238078 0.956251 0.170007 -0.220385 0.398447 -0.0634709 0.914993 -0.285258
0 150 108 0.960622 0.277328 -0.0171475 0.0299264 -0.276533 0.960239 0.0383476 -0.0148191 0.0271006 -0.0320957 0.999117 -0.999442
0 151 182 0.850246 0.319405 -0.418404 0.971251 -0.297254 0.947337 0.119131 -0.227804 0.434421 0.0230815 0.900414 -0.0691147
0 152 151 0.599818 0.415482 -0.683808 0.900254 -0.27394 0.909602 0.312381 -0.42395 0.751782 -4.94476e-05 0.659412 0.0990433
0 153 49 0.953675 0.295189 0.0580267 0.370802 -0.288757 0.9523 -0.0987179 -0.21435 -0.0843992 0.0773892 0.993422 0.903637
0 154 103 0.934375 0.354746 0.0331609 0.863831 -0.353366 0.934582 -0.041083 -0.300443 -0.0455656 0.0266689 0.998605 0.404387
0 155 43 0.95476 0.289002 0.0700783 0.306694 -0.285515 0.956753 -0.0557232 -0.275153 -0.0831517 0.0331938 0.995984 0.911169
0 156 112 0.597273 0.485687 -0.638257 0.894707 -0.373473 0.872674 0.314577 -0.396837 0.709776 0.050484 0.702616 0.204986
0 157 76 0.651902 0.152863 0.742736 -0.702717 -0.114055 0.988094 -0.103254 0.0788738 -0.749677 -0.0174011 0.661575 0.707084
0 158 68 0.952206 0.299848 -0.0582668 0.492747 -0.292586 0.950124 0.107971 -0.295823 0.0877356 -0.0857623 0.992445 0.818346
0 159 118 0.533078 0.109052 0.839009 -0.714024 -0.106773 0.992401 -0.061149 0.144452 -0.839302 -0.0569864 0.540671 0.685058
0 160 90 0.924828 0.356951 -0.131453 0.855526 -0.327524 0.922989 0.202039 -0.188268 0.193448 -0.143797 0.970516 0.482318
0 161 105 0.954634 0.281942 -0.0958285 0.883367 -0.264477 0.950645 0.162252 -0.113862 0.136845 -0.129547 0.982085 0.454641
0 162 33 0.963568 0.265232 0.0344697 0.270189 -0.267443 0.953925 0.13602 -0.111543 0.00319537 -0.140283 0.990106 0.956324
0 163 120 0.871351 0.315424 -0.37584 0.972855 -0.237619 0.941443 0.23921 -0.224259 0.429284 -0.119129 0.895278 -0.0571089
0 164 76 0.975691 0.206586 0.0731446 -0.327854 -0.212791 0.972878 0.0907117 0.0755244 -0.052421 -0.104071 0.993187 0.941705
0 165 148 0.965496 0.22005 -0.139267 0.860143 -0.196922 0.966859 0.162497 -0.190753 0.170409 -0.129465 0.976831 -0.47304
0 166 149 0.978526 0.187637 -0.0853142 0.578928 -0.167908 0.965698 0.198076 -0.349465 0.119554 -0.179498 0.976467 -0.736693
0 167 171 0.903532 0.276763 -0.327157 0.913129 -0.224956 0.956142 0.187584 -0.0804912 0.364725 -0.0958922 0.926164 -0.399646
0 168 188 0.979475 0.175219 -0.0996372 0.387439 -0.154872 0.970578 0.184374 -0.0702281 0.129011 -0.165159 0.977793 -0.919216
0 169 207 0.993819 0.110829 0.00634532 0.170877 -0.110588 0.983439 0.143591 -0.0605087 0.00967385 -0.143406 0.989617 -0.983433
0 170 260 0.995713 0.0764327 -0.0521022 0.307757 -0.0666945 0.983497 0.168184 0.0239875 0.0640971 -0.163988 0.984378 -0.951163
0 171 282 0.996794 0.0388445 -0.0699511 0.2376 -0.0261285 0.984348 0.17429 0.0429864 0.0756264 -0.171903 0.982207 -0.970412
0 172 289 0.982436 0.101868 -0.15634 0.392479 -0.0745874 0.982375 0.171393 0.0851189 0.171044 -0.156722 0.972719 -0.915814
1 2 815 0.999767 0.00287753 -0.0213707 0.914586 -0.00291498 0.999994 -0.00172141 -0.0992391 0.0213656 0.0017833 0.99977 0.392025
1 3 777 0.999765 -0.00450055 -0.0212166 0.960672 0.00460012 0.999979 0.00464671 -0.165253 0.0211952 -0.00474321 0.999764 0.22316
1 4 797 0.995502 0.0277741 -0.0905736 0.979501 -0.0280007 0.999607 -0.00123215 -0.0544836 0.0905038 0.00376273 0.995889 0.19393
1 5 632 0.996177 0.0435501 -0.075724 0.989762 -0.0438667 0.999034 -0.00252136 -0.121658 0.075541 0.00583348 0.997126 0.0746342
1 6 520 0.990195 0.051155 -0.129988 0.985343 -0.050093 0.998679 0.0114291 -0.0420969 0.130401 -0.00480553 0.99145 0.165311
1 7 324 0.986355 0.0469983 -0.15778 0.976175 -0.0506316 0.998535 -0.0190854 -0.0956368 0.156652 0.0268136 0.98729 0.194772
1 8 289 0.976373 0.0685846 -0.20492 0.995478 -0.0706858 0.997494 -0.00294233 -0.0911078 0.204205 0.0173577 0.978774 -0.0269039
1 9 204 0.920567 0.129819 -0.368379 0.995537 -0.130628 0.991168 0.0228569 -0.0749878 0.368093 0.0270794 0.929395 -0.0572975
1 10 123 0.937339 0.145104 -0.316766 0.988355 -0.140112 0.989382 0.038613 -0.00882474 0.319006 0.00818931 0.947717 -0.151908
1 11 92 0.673533 0.236674 -0.700242 0.995312 -0.198531 0.970465 0.137048 -0.0759841 0.711996 0.046713 0.700628 0.0598434
1 12 79 0.860139 0.241726 -0.449142 0.992197 -0.236614 0.969187 0.0684787 0.000602099 0.451856 0.0473722 0.890832 -0.124676
1 13 34 0.987043 0.158109 0.0273357 -0.284783 -0.158413 0.987329 0.00931666 0.206094 -0.0255163 -0.0135263 0.999583 -0.936175
1 14 53 0.991333 0.130089 -0.0183474 -0.290799 -0.129285 0.990811 0.0397226 0.0676287 0.0233462 -0.0370063 0.999042 -0.954391
1 15 30 0.999448 -0.0297741 -0.014729 -0.243641 0.0296339 0.999514 -0.00964537 0.174594 0.015009 0.00920357 0.999845 -0.954021
1 16 46 0.756295 0.00188124 -0.654229 0.363561 -0.456995 -0.714067 -0.530344 0.178757 -0.468161 0.700075 -0.539185 0.914259
1 17 26 0.873827 -0.485302 -0.0301401 0.0360777 -0.00935489 -0.0787545 0.99685 -0.708421 -0.486147 -0.870792 -0.0733577 0.704867
1 18 0 1 0 0 0 0 1 0 0 0 0 1 0
1 19 0 1 0 0 0 0 1 0 0 0 0 1 0
1 20 0 1 0 0 0 0 1 0 0 0 0 1 0
1 21 0 1 0 0 0 0 1 0 0 0 0 1 0
1 22 0 1 0 0 0 0 1 0 0 0 0 1 0
1 23 0 1 0 0 0 0 1 0 0 0 0 1 0
1 24 0 1 0 0 0 0 1 0 0 0 0 1 0
1 25 0 1 0 0 0 0 1 0 0 0 0 1 0
1 26 0 1 0 0 0 0 1 0 0 0 0 1 0
1 27 0 1 0 0 0 0 1 0 0 0 0 1 0
1 28 0 1 0 0 0 0 1 0 0 0 0 1 0
1 29 0 1 0 0 0 0 1 0 0 0 0 1 0
1 30 0 1 0 0 0 0 1 0 0 0 0 1 0
1 31 0 1 0 0 0 0 1 0 0 0 0 1 0
1 32 0 1 0 0 0 0 1 0 0 0 0 1 0
1 33 0 1 0 0 0 0 1 0 0 0 0 1 0
1 34 0 1 0 0 0 0 1 0 0 0 0 1 0
1 35 0 1 0 0 0 0 1 0 0 0 0 1 0
1 36 0 1 0 0 0 0 1 0 0 0 0 1 0
1 37 0 1 0 0 0 0 1 0 0 0 0 1 0
1 38 0 1 0 0 0 0 1 0 0 0 0 1 0
1 39 0 1 0 0 0 0 1 0 0 0 0 1 0
1 40 0 1 0 0 0 0 1 0 0 0 0 1 0
1 41 0 1 0 0 0 0 1 0 0 0 0 1 0
1 42 0 1 0 0 0 0 1 0 0 0 0 1 0
1 43 0 1 0 0 0 0 1 0 0 0 0 1 0
1 44 0 1 0 0 0 0 1 0 0 0 0 1 0
1 45 0 1 0 0 0 0 1 0 0 0 0 1 0
1 46 0 1 0 0 0 0 1 0 0 0 0 1 0
1 47 0 1 0 0 0 0 1 0 0 0 0 1 0
1 48 0 1 0 0 0 0 1 0 0 0 0 1 0
1 49 0 1 0 0 0 0 1 0 0 0 0 1 0
1 50 0 1 0 0 0 0 1 0 0 0 0 1 0
1 51 0 1 0 0 0 0 1 0 0 0 0 1 0
1 52 0 1 0 0 0 0 1 0 0 0 0 1 0
1 53 0 1 0 0 0 0 1 0 0 0 0 1 0
1 54 0 1 0 0 0 0 1 0 0 0 0 1 0
1 55 0 1 0 0 0 0 1 0 0 0 0 1 0
1 56 0 1 0 0 0 0 1 0 0 0 0 1 0
1 57 0 1 0 0 0 0 1 0 0 0 0 1 0
1 58 0 1 0 0 0 0 1 0 0 0 0 1 0
1 59 0 1 0 0 0 0 1 0 0 0 0 1 0
1 60 0 1 0 0 0 0 1 0 0 0 0 1 0
1 61 0 1 0 0 0 0 1 0 0 0 0 1 0
1 62 0 1 0 0 0 0 1 0 0 0 0 1 0
1 63 0 1 0 0 0 0 1 0 0 0 0 1 0
1 64 0 1 0 0 0 0 1 0 0 0 0 1 0
1 65 0 1 0 0 0 0 1 0 0 0 0 1 0
1 66 0 1 0 0 0 0 1 0 0 0 0 1 0
1 67 0 1 0 0 0 0 1 0 0 0 0 1 0
1 68 0 1 0 0 0 0 1 0 0 0 0 1 0
1 69 0 1 0 0 0 0 1 0 0 0 0 1 0
1 70 0 1 0 0 0 0 1 0 0 0 0 1 0
1 71 0 1 0 0 0 0 1 0 0 0 0 1 0
1 72 0 1 0 0 0 0 1 0 0 0 0 1 0
1 73 0 1 0 0 0 0 1 0 0 0 0 1 0
1 74 0 1 0 0 0 0 1 0 0 0 0 1 0
1 75 0 1 0 0 0 0 1 0 0 0 0 1 0
1 76 0 1 0 0 0 0 1 0 0 0 0 1 0
1 77 0 1 0 0 0 0 1 0 0 0 0 1 0
1 78 0 1 0 0 0 0 1 0 0 0 0 1 0
1 79 0 1 0 0 0 0 1 0 0 0 0 1 0
1 80 0 1 0 0 0 0 1 0 0 0 0 1 0
1 81 0 1 0 0 0 0 1 0 0 0 0 1 0
1 82 0 1 0 0 0 0 1 0 0 0 0 1 0
1 83 0 1 0 0 0 0 1 0 0 0 0 1 0
1 84 0 1 0 0 0 0 1 0 0 0 0 1 0
1 85 0 1 0 0 0 0 1 0 0 0 0 1 0
1 86 0 1 0 0 0 0 1 0 0 0 0 1 0
1 87 0 1 0 0 0 0 1 0 0 0 0 1 0
1 88 0 1 0 0 0 0 1 0 0 0 0 1 0
1 89 0 1 0 0 0 0 1 0 0 0 0 1 0
1 90 0 1 0 0 0 0 1 0 0 0 0 1 0
1 91 0 1 0 0 0 0 1 0 0 0 0 1 0
1 92 0 1 0 0 0 0 1 0 0 0 0 1 0
1 93 0 1 0 0 0 0 1 0 0 0 0 1 0
1 94 0 1 0 0 0 0 1 0 0 0 0 1 0
1 95 0 1 0 0 0 0 1 0 0 0 0 1 0
1 96 0 1 0 0 0 0 1 0 0 0 0 1 0
1 97 0 1 0 0 0 0 1 0 0 0 0 1 0
1 98 0 1 0 0 0 0 1 0 0 0 0 1 0
1 99 0 1 0 0 0 0 1 0 0 0 0 1 0
1 100 0 1 0 0 0 0 1 0 0 0 0 1 0
1 101 0 1 0 0 0 0 1 0 0 0 0 1 0
1 102 0 1 0 0 0 0 1 0 0 0 0 1 0
1 103 0 1 0 0 0 0 1 0 0 0 0 1 0
1 104 0 1 0 0 0 0 1 0 0 0 0 1 0
1 105 0 1 0 0 0 0 1 0 0 0 0 1 0
1 106 0 1 0 0 0 0 1 0 0 0 0 1 0
1 107 0 1 0 0 0 0 1 0 0 0 0 1 0
1 108 0 1 0 0 0 0 1 0 0 0 0 1 0
1 109 0 1 0 0 0 0 1 0 0 0 0 1 0
1 110 0 1 0 0 0 0 1 0 0 0 0 1 0
1 111 0 1 0 0 0 0 1 0 0 0 0 1 0
1 112 0 1 0 0 0 0 1 0 0 0 0 1 0
1 113 0 1 0 0 0 0 1 0 0 0 0 1 0
1 114 0 1 0 0 0 0 1 0 0 0 0 1 0
1 115 0 1 0 0 0 0 1 0 0 0 0 1 0
1 116 0 1 0 0 0 0 1 0 0 0 0 1 0
1 117 0 1 0 0 0 0 1 0 0 0 0 1 0
1 118 0 1 0 0 0 0 1 0 0 0 0 1 0
1 119 0 1 0 0 0 0 1 0 0 0 0 1 0
1 120 0 1 0 0 0 0 1 0 0 0 0 1 0
1 121 22 0.932678 0.32797 -0.150159 -0.182271 0.332384 -0.619724 0.710959 -0.484846 0.140116 -0.713007 -0.687015 0.855396
1 122 61 0.71968 -0.281951 0.63448 -0.910873 -0.0575176 0.886481 0.459176 -0.352167 -0.69192 -0.366954 0.621765 0.215148
1 123 35 0.764279 0.318207 -0.560911 0.338232 -0.320244 0.942234 0.0981793 0.142577 0.559751 0.104592 0.822034 -0.930199
1 124 25 0.725955 0.454615 -0.516057 0.286041 -0.44416 0.882807 0.152885 0.0809642 0.525083 0.118224 0.8428 -0.954791
1 125 24 0.771049 -0.628378 0.103074 -0.366946 -0.594026 -0.651489 0.471906 -0.22452 -0.229384 -0.425091 -0.875603 0.902741
1 126 17 0.93274 0.343407 0.109852 -0.341811 0.35862 -0.915117 -0.184264 -0.113996 0.0372503 0.211265 -0.976719 0.932829
1 127 0 1 0 0 0 0 1 0 0 0 0 1 0
1 128 0 1 0 0 0 0 1 0 0 0 0 1 0
1 129 0 1 0 0 0 0 1 0 0 0 0 1 0
1 130 0 1 0 0 0 0 1 0 0 0 0 1 0
1 131 0 1 0 0 0 0 1 0 0 0 0 1 0
1 132 0 1 0 0 0 0 1 0 0 0 0 1 0
1 133 0 1 0 0 0 0 1 0 0 0 0 1 0
1 134 0 1 0 0 0 0 1 0 0 0 0 1 0
1 135 0 1 0 0 0 0 1 0 0 0 0 1 0
1 136 0 1 0 0 0 0 1 0 0 0 0 1 0
1 137 0 1 0 0 0 0 1 0 0 0 0 1 0
1 138 0 1 0 0 0 0 1 0 0 0 0 1 0
1 139 0 1 0 0 0 0 1 0 0 0 0 1 0
1 140 0 1 0 0 0 0 1 0 0 0 0 1 0
1 141 23 0.938164 -0.242224 0.247337 0.0961975 0.208509 0.965687 0.154833 0.162521 -0.276354 -0.0936869 0.956478 -0.982005
1 142 27 0.942992 -0.301259 0.141451 0.218456 0.280327 0.948059 0.150335 0.146909 -0.179393 -0.102112 0.978464 -0.964725
1 143 18 0.974223 -0.216882 0.062062 0.322012 0.212089 0.974323 0.0755777 0.19063 -0.0768599 -0.0604668 0.995207 -0.927345
1 144 60 0.982511 -0.181223 0.0427786 0.0718739 0.178539 0.982106 0.0599282 0.227389 -0.0528735 -0.0512424 0.997286 -0.971148
1 145 264 0.99269 0.0368586 -0.114927 0.303157 -0.0252595 0.994586 0.100796 0.0213758 0.11802 -0.0971566 0.988247 -0.952701
1 146 288 0.993605 0.0646787 -0.0925561 0.280419 -0.0600607 0.996848 0.0518409 0.113549 0.0956174 -0.0459504 0.994357 -0.953138
1 147 351 0.948332 0.178812 -0.262092 0.70798 -0.159222 0.982724 0.0943491 0.0888502 0.274435 -0.0477436 0.96042 -0.700621
1 148 381 0.934632 0.211838 -0.285636 0.80845 -0.176015 0.973494 0.146041 -0.14079 0.309002 -0.0862181 0.947145 -0.571478
1 149 348 0.871756 0.275166 -0.405371 0.931283 -0.218497 0.9589 0.181022 -0.242187 0.438522 -0.0692345 0.89605 -0.272137
1 150 195 0.955852 0.28425 -0.0744956 0.678979 -0.280874 0.958299 0.0526543 -0.16399 0.086356 -0.0294059 0.99583 -0.715608
1 151 200 0.906047 0.2912 -0.307052 0.957802 -0.27764 0.956646 0.0879988 -0.235547 0.319365 0.00551881 0.947616 -0.164722
1 152 158 0.766171 0.347441 -0.540617 0.945124 -0.32172 0.935612 0.145348 -0.326175 0.556308 0.0625663 0.828618 0.0186946
1 153 76 0.894028 0.374271 -0.246243 0.93616 -0.376459 0.92557 0.0399976 -0.333893 0.242885 0.0569415 0.968382 -0.110087
1 154 111 0.88825 0.342288 -0.306352 0.957074 -0.341194 0.938145 0.0589206 -0.285354 0.307571 0.0521893 0.950093 -0.0508145
1 155 60 0.744541 0.437331 -0.504381 0.923732 -0.383648 0.898618 0.212839 -0.376291 0.546326 0.0350373 0.836839 0.0715905
1 156 111 0.520613 0.502117 -0.690537 0.876787 -0.349564 0.863247 0.364157 -0.415529 0.778953 0.0518016 0.624939 0.242035
1 157 100 0.623084 0.136283 0.77019 -0.669762 -0.107377 0.990284 -0.0883602 0.0475293 -0.774749 -0.0276452 0.631664 0.741054
1 158 100 0.655208 0.387575 -0.648451 0.916116 -0.254035 0.921415 0.294042 -0.294138 0.711456 -0.0279298 0.702176 0.272424
1 159 106 0.870459 0.318911 -0.374962 0.965352 -0.259162 0.944536 0.201708 -0.208729 0.418492 -0.0784029 0.90483 0.156612
1 160 100 0.563962 0.420079 -0.710972 0.914915 -0.165624 0.900993 0.400975 -0.308329 0.809021 -0.108381 0.577701 0.260507
1 161 126 0.955565 0.283539 -0.0806311 0.873539 -0.268349 0.949915 0.160156 -0.1143 0.122003 -0.131402 0.983793 0.473144
1 162 94 0.948187 0.294639 -0.118868 0.97425 -0.275785 0.949043 0.152515 -0.145833 0.157747 -0.111831 0.981127 0.171956
1 163 144 0.862589 0.325521 -0.387268 0.963778 -0.237718 0.936522 0.257713 -0.254857 0.446576 -0.13024 0.885216 -0.0786088
1 164 123 0.783605 0.287217 -0.550881 0.978915 -0.191977 0.955265 0.224974 -0.204097 0.590853 -0.0705343 0.80369 -0.00836648
1 165 115 0.984062 0.171181 0.0481584 0.331016 -0.175498 0.978565 0.107753 -0.0457087 -0.0286808 -0.114487 0.993011 -0.942518
1 166 167 0.981077 0.191272 -0.030043 0.173793 -0.183992 0.969326 0.162952 -0.0932433 0.0602897 -0.154341 0.986176 -0.980358
1 167 185 0.968414 0.230614 -0.0948229 0.522638 -0.21287 0.962662 0.167235 -0.0801636 0.129849 -0.141767 0.981347 -0.848777
1 168 209 0.965391 0.212048 -0.151843 0.57402 -0.18066 0.963602 0.197062 -0.0927094 0.188103 -0.16281 0.968561 -0.813576
1 169 235 0.965919 0.144651 -0.214653 0.726127 -0.118701 0.984478 0.12928 0.00911803 0.230022 -0.0993947 0.968096 -0.6875
1 170 259 0.991328 0.0755594 -0.107515 0.443507 -0.0578904 0.985598 0.158888 0.0382349 0.117972 -0.151286 0.981425 -0.895455
1 171 271 0.99225 0.0361675 -0.118878 0.358737 -0.0159192 0.98582 0.167051 0.0455446 0.123234 -0.163864 0.978755 -0.932327
1 172 311 0.99166 0.0835892 -0.0980993 0.205686 -0.0640717 0.980171 0.187508 0.0104789 0.111828 -0.179659 0.977352 -0.978562
2 3 106 0.999936 -0.0106619 0.0038328 0.999933 0.0106609 0.999943 0.000267505 0.00781853 -0.00383544 -0.000226626 0.999993 -0.00852186
2 4 826 0.996555 0.0224838 -0.0798284 0.996661 -0.0229644 0.999723 -0.00510665 0.0489984 0.0796915 0.00692227 0.996796 0.0653081
2 5 636 0.996284 0.0391378 -0.0767232 0.998097 -0.0402362 0.999108 -0.0128223 -0.0131224 0.0761529 0.0158617 0.99697 0.0602555
2 6 540 0.989605 0.051354 -0.134328 0.989342 -0.0506182 0.998679 0.00888982 -0.0147276 0.134607 -0.00199798 0.990897 0.144866
2 7 377 0.980661 0.0497968 -0.189272 0.990408 -0.0533589 0.99848 -0.0137677 -0.0850699 0.188299 0.0236008 0.981828 0.108885
2 8 319 0.981457 0.0666105 -0.179737 0.998664 -0.0709879 0.997314 -0.0180257 -0.051062 0.178053 0.0304505 0.98355 -0.00791905
2 9 217 0.981597 0.101854 -0.161537 0.981991 -0.104496 0.994494 -0.00792525 -0.0241872 0.15984 0.0246593 0.986835 -0.187376
2 10 85 0.987527 0.0955103 0.125171 0.043815 -0.0992132 0.994784 0.0236763 -0.0704154 -0.122257 -0.0357996 0.991853 0.996555
2 11 106 0.893121 0.184173 -0.410385 0.987125 -0.173088 0.982801 0.0643698 0.00865919 0.415182 0.0135427 0.909638 -0.159717
2 12 99 0.830675 0.228643 -0.507643 0.993194 -0.23579 0.970451 0.0512588 0.0369839 0.504363 0.0771179 0.860041 -0.110441
2 13 58 0.766236 0.51149 -0.388921 0.267322 0.229921 -0.783444 -0.577366 0.0812677 -0.600015 0.352977 -0.717906 0.960174
2 14 43 0.994604 0.0987107 -0.0319218 -0.247199 -0.0985666 0.995112 0.00605789 0.237704 0.0323637 -0.00287878 0.999472 -0.939356
2 15 43 0.760955 -0.0491705 -0.646939 0.349014 -0.432845 -0.781263 -0.449749 0.14615 -0.483315 0.622263 -0.615789 0.925651
2 16 41 -0.632222 0.756367 -0.167944 0.373669 0.729106 0.65413 0.201291 -0.249014 0.262108 0.00481149 -0.965027 0.893512
2 17 13 0.956675 0.27882 0.0838568 0.322124 -0.283312 0.957861 0.0472998 -0.148966 -0.067135 -0.0690082 0.995355 0.934904
2 18 0 1 0 0 0 0 1 0 0 0 0 1 0
2 19 0 1 0 0 0 0 1 0 0 0 0 1 0
2 20 0 1 0 0 0 0 1 0 0 0 0 1 0
2 21 0 1 0 0 0 0 1 0 0 0 0 1 0
2 22 0 1 0 0 0 0 1 0 0 0 0 1 0
2 23 0 1 0 0 0 0 1 0 0 0 0 1 0
2 24 0 1 0 0 0 0 1 0 0 0 0 1 0
2 25 0 1 0 0 0 0 1 0 0 0 0 1 0
2 26 0 1 0 0 0 0 1 0 0 0 0 1 0
2 27 0 1 0 0 0 0 1 0 0 0 0 1 0
2 28 0 1 0 0 0 0 1 0 0 0 0 1 0
2 29 0 1 0 0 0 0 1 0 0 0 0 1 0
2 30 0 1 0 0 0 0 1 0 0 0 0 1 0
2 31 0 1 0 0 0 0 1 0 0 0 0 1 0
2 32 0 1 0 0 0 0 1 0 0 0 0 1 0
2 33 0 1 0 0 0 0 1 0 0 0 0 1 0
2 34 0 1 0 0 0 0 1 0 0 0 0 1 0
2 35 0 1 0 0 0 0 1 0 0 0 0 1 0
2 36 0 1 0 0 0 0 1 0 0 0 0 1 0
2 37 0 1 0 0 0 0 1 0 0 0 0 1 0
2 38 0 1 0 0 0 0 1 0 0 0 0 1 0
2 39 0 1 0 0 0 0 1 0 0 0 0 1 0
2 40 0 1 0 0 0 0 1 0 0 0 0 1 0
2 41 0 1 0 0 0 0 1 0 0 0 0 1 0
2 42 0 1 0 0 0 0 1 0 0 0 0 1 0
2 43 0 1 0 0 0 0 1 0 0 0 0 1 0
2 44 0 1 0 0 0 0 1 0 0 0 0 1 0
2 45 0 1 0 0 0 0 1 0 0 0 0 1 0
2 46 0 1 0 0 0 0 1 0 0 0 0 1 0
2 47 0 1 0 0 0 0 1 0 0 0 0 1 0
2 48 0 1 0 0 0 0 1 0 0 0 0 1 0
2 49 0 1 0 0 0 0 1 0 0 0 0 1 0
2 50 0 1 0 0 0 0 1 0 0 0 0 1 0
2 51 0 1 0 0 0 0 1 0 0 0 0 1 0
2 52 0 1 0 0 0 0 1 0 0 0 0 1 0
2 53 0 1 0 0 0 0 1 0 0 0 0 1 0
2 54 0 1 0 0 0 0 1 0 0 0 0 1 0
2 55 0 1 0 0 0 0 1 0 0 0 0 1 0
2 56 0 1 0 0 0 0 1 0 0 0 0 1 0
2 57 0 1 0 0 0 0 1 0 0 0 0 1 0
2 58 0 1 0 0 0 0 1 0 0 0 0 1 0
2 59 0 1 0 0 0 0 1 0 0 0 0 1 0
2 60 0 1 0 0 0 0 1 0 0 0 0 1 0
2 61 0 1 0 0 0 0 1 0 0 0 0 1 0
2 62 0 1 0 0 0 0 1 0 0 0 0 1 0
2 63 0 1 0 0 0 0 1 0 0 0 0 1 0
2 64 0 1 0 0 0 0 1 0 0 0 0 1 0
2 65 0 1 0 0 0 0 1 0 0 0 0 1 0
2 66 0 1 0 0 0 0 1 0 0 0 0 1 0
2 67 0 1 0 0 0 0 1 0 0 0 0 1 0
2 68 0 1 0 0 0 0 1 0 0 0 0 1 0
2 69 0 1 0 0 0 0 1 0 0 0 0 1 0
2 70 0 1 0 0 0 0 1 0 0 0 0 1 0
2 71 0 1 0 0 0 0 1 0 0 0 0 1 0
2 72 0 1 0 0 0 0 1 0 0 0 0 1 0
2 73 0 1 0 0 0 0 1 0 0 0 0 1 0
2 74 0 1 0 0 0 0 1 0 0 0 0 1 0
2 75 0 1 0 0 0 0 1 0 0 0 0 1 0
2 76 0 1 0 0 0 0 1 0 0 0 0 1 0
2 77 0 1 0 0 0 0 1 0 0 0 0 1 0
2 78 0 1 0 0 0 0 1 0 0 0 0 1 0
2 79 0 1 0 0 0 0 1 0 0 0 0 1 0
2 80 0 1 0 0 0 0 1 0 0 0 0 1 0
2 81 0 1 0 0 0 0 1 0 0 0 0 1 0
2 82 0 1 0 0 0 0 1 0 0 0 0 1 0
2 83 0 1 0 0 0 0 1 0 0 0 0 1 0
2 84 0 1 0 0 0 0 1 0 0 0 0 1 0
2 85 0 1 0 0 0 0 1 0 0 0 0 1 0
2 86 0 1 0 0 0 0 1 0 0 0 0 1 0
2 87 0 1 0 0 0 0 1 0 0 0 0 1 0
2 88 0 1 0 0 0 0 1 0 0 0 0 1 0
2 89 0 1 0 0 0 0 1 0 0 0 0 1 0
2 90 0 1 0 0 0 0 1 0 0 0 0 1 0
2 91 0 1 0 0 0 0 1 0 0 0 0 1 0
2 92 0 1 0 0 0 0 1 0 0 0 0 1 0
2 93 0 1 0 0 0 0 1 0 0 0 0 1 0
2 94 0 1 0 0 0 0 1 0 0 0 0 1 0
2 95 0 1 0 0 0 0 1 0 0 0 0 1 0
2 96 0 1 0 0 0 0 1 0 0 0 0 1 0
2 97 0 1 0 0 0 0 1 0 0 0 0 1 0
2 98 0 1 0 0 0 0 1 0 0 0 0 1 0
2 99 0 1 0 0 0 0 1 0 0 0 0 1 0
2 100 0 1 0 0 0 0 1 0 0 0 0 1 0
2 101 0 1 0 0 0 0 1 0 0 0 0 1 0
2 102 0 1 0 0 0 0 1 0 0 0 0 1 0
2 103 0 1 0 0 0 0 1 0 0 0 0 1 0
2 104 0 1 0 0 0 0 1 0 0 0 0 1 0
2 105 0 1 0 0 0 0 1 0 0 0 0 1 0
2 106 0 1 0 0 0 0 1 0 0 0 0 1 0
2 107 0 1 0 0 0 0 1 0 0 0 0 1 0
2 108 0 1 0 0 0 0 1 0 0 0 0 1 0
2 109 0 1 0 0 0 0 1 0 0 0 0 1 0
2 110 0 1 0 0 0 0 1 0 0 0 0 1 0
2 111 0 1 0 0 0 0 1 0 0 0 0 1 0
2 112 0 1 0 0 0 0 1 0 0 0 0 1 0
2 113 0 1 0 0 0 0 1 0 0 0 0 1 0
2 114 0 1 0 0 0 0 1 0 0 0 0 1 0
2 115 0 1 0 0 0 0 1 0 0 0 0 1 0
2 116 0 1 0 0 0 0 1 0 0 0 0 1 0
2 117 0 1 0 0 0 0 1 0 0 0 0 1 0
2 118 0 1 0 0 0 0 1 0 0 0 0 1 0
2 119 0 1 0 0 0 0 1 0 0 0 0 1 0
2 120 0 1 0 0 0 0 1 0 0 0 0 1 0
2 121 15 0.861473 0.13875 -0.48848 -0.219422 -0.127983 0.990219 0.0555592 -0.162763 0.491411 0.0146542 0.870804 0.961957
2 122 56 0.716474 0.232261 -0.657814 0.624906 -0.225059 0.969487 0.097177 0.0639056 0.660313 0.0784224 0.746885 -0.77808
2 123 16 0.738955 0.412722 -0.532547 0.329715 -0.415142 0.90146 0.122584 0.14659 0.530663 0.130499 0.837477 -0.93263
2 124 18 0.766869 0.322799 -0.554719 0.302232 -0.316668 0.942085 0.110437 0.126689 0.558241 0.0909712 0.824676 -0.944778
2 125 33 0.782315 0.296394 -0.547844 0.304621 -0.279459 0.953057 0.116557 0.0926345 0.556673 0.0619153 0.828421 -0.947958
2 126 29 0.743807 0.417711 -0.521794 0.301325 -0.418356 0.899786 0.123947 0.164011 0.521277 0.126103 0.844019 -0.93931
2 127 19 0.615372 0.596326 -0.515473 0.416794 -0.601992 0.777709 0.181035 0.16799 0.508844 0.198907 0.837564 -0.893343
2 128 0 1 0 0 0 0 1 0 0 0 0 1 0
2 129 0 1 0 0 0 0 1 0 0 0 0 1 0
2 130 0 1 0 0 0 0 1 0 0 0 0 1 0
2 131 0 1 0 0 0 0 1 0 0 0 0 1 0
2 132 0 1 0 0 0 0 1 0 0 0 0 1 0
2 133 0 1 0 0 0 0 1 0 0 0 0 1 0
2 134 0 1 0 0 0 0 1 0 0 0 0 1 0
2 135 17 0.988456 0.151507 0.000754436 -0.117656 -0.151002 0.984731 0.0866194 0.0935471 0.0123805 -0.0857334 0.996241 -0.988638
2 136 22 0.975402 0.199303 -0.0941778 0.168544 -0.197888 0.979925 0.0242309 0.255366 0.0971165 -0.00499817 0.99526 -0.95204
2 137 0 1 0 0 0 0 1 0 0 0 0 1 0
2 138 0 1 0 0 0 0 1 0 0 0 0 1 0
2 139 0 1 0 0 0 0 1 0 0 0 0 1 0
2 140 0 1 0 0 0 0 1 0 0 0 0 1 0
2 141 26 0.948128 -0.203007 0.244626 0.116564 0.170006 0.974049 0.149418 0.140912 -0.268611 -0.100079 0.958036 -0.983136
2 142 20 0.947822 -0.283844 0.14514 0.217765 0.264585 0.954358 0.138551 0.151565 -0.177842 -0.09292 0.979662 -0.964161
2 143 25 0.943706 -0.305688 0.126391 0.0458159 0.289531 0.948119 0.131308 0.150081 -0.159973 -0.087322 0.983251 -0.987612
2 144 54 0.981609 -0.190845 0.00468175 0.141952 0.189022 0.975083 0.116122 0.0578523 -0.0267264 -0.113102 0.993224 -0.988182
2 145 248 0.99331 0.0297181 -0.11159 0.276848 -0.0212812 0.996877 0.0760506 0.0961368 0.113501 -0.073167 0.99084 -0.956093
2 146 286 0.902187 0.120351 -0.414215 0.820273 -0.0752034 0.989467 0.123695 -0.0640133 0.424739 -0.0804453 0.901735 -0.568379
2 147 340 0.973238 0.162184 -0.1628 0.40454 -0.144589 0.982818 0.114727 0.021841 0.178609 -0.0881174 0.979966 -0.91426
2 148 380 0.949625 0.204691 -0.237306 0.6915 -0.179999 0.976114 0.121659 -0.0301622 0.256541 -0.0728152 0.963787 -0.721746
2 149 402 0.928415 0.255514 -0.269739 0.780108 -0.226249 0.964661 0.13506 -0.13981 0.294716 -0.0643632 0.953415 -0.609824
2 150 185 0.930691 0.302722 -0.20536 0.813749 -0.284225 0.951836 0.114998 -0.281213 0.230281 -0.0486597 0.971907 -0.508657
2 151 205 0.973616 0.22792 0.0111896 0.656148 -0.227808 0.97365 -0.0104185 -0.0476673 -0.0132693 0.00759449 0.999883 -0.753126
2 152 145 0.944367 0.286479 -0.161557 0.947921 -0.29434 0.955333 -0.0265053 -0.222834 0.146747 0.0725834 0.986507 -0.227575
2 153 73 0.952924 0.302827 0.0152306 0.951816 -0.300545 0.950001 -0.0846787 -0.261842 -0.0401121 0.0761148 0.996292 0.159641
2 154 116 0.826464 0.372437 -0.422195 0.948771 -0.352708 0.927029 0.127335 -0.310094 0.438811 0.0436734 0.897517 -0.0606301
2 155 43 0.96035 0.270745 0.0665233 0.324165 -0.267074 0.96186 -0.0591416 -0.268878 -0.0799984 0.03903 0.996031 0.906985
2 156 103 0.578733 0.42432 -0.696434 0.92776 -0.369803 0.897677 0.239628 -0.301099 0.726852 0.118863 0.67643 0.220457
2 157 47 0.973516 0.227069 -0.0265954 0.26188 -0.226519 0.973754 0.0221787 -0.121754 0.0309335 -0.015567 0.9994 0.95739
2 158 32 0.974838 0.217843 -0.0472784 0.216006 -0.214254 0.974193 0.0710216 -0.119423 0.0615299 -0.059105 0.996354 0.969061
2 159 118 0.934614 0.227517 0.273373 -0.922698 -0.250863 0.966558 0.0532302 0.240833 -0.25212 -0.118329 0.960434 0.301046
2 160 50 0.961594 0.272792 -0.0303491 0.216972 -0.264339 0.950177 0.165195 -0.0563637 0.0739009 -0.150828 0.985794 0.974549
2 161 107 0.667317 0.394846 -0.631493 0.947497 -0.207667 0.912918 0.351362 -0.284592 0.715236 -0.10333 0.691202 0.145794
2 162 99 0.864622 0.348654 -0.361758 0.931258 -0.255693 0.925162 0.280528 -0.323155 0.432492 -0.150052 0.889064 -0.168315
2 163 114 0.842512 0.311581 -0.439421 0.965512 -0.213282 0.942026 0.259032 -0.23991 0.494656 -0.124517 0.860123 -0.101138
2 164 132 0.587361 0.342348 -0.733352 0.958785 -0.136743 0.935079 0.326998 -0.267292 0.797689 -0.0917851 0.596043 0.0963695
2 165 152 0.934877 0.252122 -0.249879 0.891184 -0.207228 0.959171 0.192476 -0.197665 0.288204 -0.128159 0.948954 -0.408314
2 166 160 0.957757 0.211766 -0.194569 0.742106 -0.179958 0.969068 0.168883 -0.0687626 0.224315 -0.126735 0.966241 -0.666746
2 167 221 0.931451 0.251977 -0.262501 0.803993 -0.211 0.961781 0.174517 -0.0558387 0.296443 -0.107166 0.949019 -0.592012
2 168 194 0.980583 0.17868 -0.08081 0.278386 -0.161321 0.969283 0.185652 -0.0640779 0.1115 -0.169011 0.979287 -0.958329
2 169 281 0.983955 0.13538 -0.116208 0.531132 -0.11941 0.983644 0.134857 0.00605324 0.132565 -0.118817 0.984027 -0.847268
2 170 240 0.942639 0.101325 -0.318064 0.754846 -0.0561303 0.987365 0.148191 0.0513924 0.329061 -0.121838 0.936416 -0.653886
2 171 279 0.998767 0.0381833 -0.0317274 0.0930437 -0.031696 0.982333 0.184439 0.0141008 0.0382094 -0.183206 0.982332 -0.995562
2 172 264 0.984587 0.0839167 -0.153446 0.348153 -0.0614261 0.987398 0.145849 0.154697 0.163751 -0.134175 0.977334 -0.924586
3 4 540 0.998054 0.0323747 -0.0532858 0.997585 -0.0324985 0.999471 -0.00145742 0.0336605 0.0532104 0.00318629 0.998578 -0.0607475
3 5 671 0.994011 0.0545404 -0.0946928 0.999763 -0.0560447 0.99834 -0.0132985 0.0038757 0.0938103 0.0185259 0.995418 0.0214407
3 6 571 0.989503 0.0606749 -0.131156 0.991781 -0.0602323 0.998157 0.00734277 0.00511847 0.13136 0.000634133 0.991335 0.127844
3 7 418 0.987293 0.0562325 -0.148627 0.983617 -0.0600219 0.997973 -0.021131 -0.0765522 0.147138 0.0297834 0.988668 0.163211
3 8 308 0.9606 0.0926126 -0.26205 0.990319 -0.0907904 0.995687 0.01908 -0.113508 0.262687 0.00546336 0.964866 -0.0798951
3 9 241 0.966068 0.111427 -0.233016 0.97301 -0.113956 0.993482 0.00262403 -0.0369151 0.231789 0.0240186 0.972469 -0.227791
3 10 143 0.866574 0.200585 -0.456962 0.991258 -0.185793 0.979518 0.077628 -0.0407219 0.463174 0.0176298 0.886092 -0.125499
3 11 108 0.809176 0.22435 -0.543048 0.990745 -0.211814 0.97347 0.0865541 -0.003545 0.548059 0.0449878 0.835229 -0.135688
3 12 97 0.751956 0.249316 -0.61025 0.988312 -0.319334 0.947621 -0.00633942 0.146871 0.576705 0.199641 0.792184 -0.0408486
3 13 47 0.987645 0.156437 0.00920157 -0.29086 -0.156542 0.987597 0.0121397 0.179022 -0.00718835 -0.0134301 0.999884 -0.939868
3 14 44 0.975981 0.216096 -0.0276466 -0.190172 -0.214715 0.975601 0.045821 0.183047 0.0368739 -0.0387843 0.998567 -0.964535
3 15 29 0.988049 0.153952 0.00768685 -0.312269 -0.154139 0.986433 0.0564909 0.133696 0.0011143 -0.0570006 0.998374 -0.940539
3 16 28 0.723192 -0.104171 -0.682746 0.346936 -0.392914 -0.87505 -0.282678 0.0170942 -0.56799 0.472691 -0.673759 0.937733
3 17 0 1 0 0 0 0 1 0 0 0 0 1 0
3 18 0 1 0 0 0 0 1 0 0 0 0 1 0
3 19 0 1 0 0 0 0 1 0 0 0 0 1 0
3 20 0 1 0 0 0 0 1 0 0 0 0 1 0
3 21 0 1 0 0 0 0 1 0 0 0 0 1 0
3 22 0 1 0 0 0 0 1 0 0 0 0 1 0
3 23 0 1 0 0 0 0 1 0 0 0 0 1 0
3 24 0 1 0 0 0 0 1 0 0 0 0 1 0
3 25 0 1 0 0 0 0 1 0 0 0 0 1 0
3 26 0 1 0 0 0 0 1 0 0 0 0 1 0
3 27 0 1 0 0 0 0 1 0 0 0 0 1 0
3 28 0 1 0 0 0 0 1 0 0 0 0 1 0
3 29 0 1 0 0 0 0 1 0 0 0 0 1 0
3 30 0 1 0 0 0 0 1 0 0 0 0 1 0
3 31 0 1 0 0 0 0 1 0 0 0 0 1 0
3 32 0 1 0 0 0 0 1 0 0 0 0 1 0
3 33 0 1 0 0 0 0 1 0 0 0 0 1 0
3 34 0 1 0 0 0 0 1 0 0 0 0 1 0
3 35 0 1 0 0 0 0 1 0 0 0 0 1 0
3 36 0 1 0 0 0 0 1 0 0 0 0 1 0
3 37 0 1 0 0 0 0 1 0 0 0 0 1 0
3 38 0 1 0 0 0 0 1 0 0 0 0 1 0
3 39 0 1 0 0 0 0 1 0 0 0 0 1 0
3 40 0 1 0 0 0 0 1 0 0 0 0 1 0
3 41 0 1 0 0 0 0 1 0 0 0 0 1 0
3 42 0 1 0 0 0 0 1 0 0 0 0 1 0
3 43 0 1 0 0 0 0 1 0 0 0 0 1 0
3 44 0 1 0 0 0 0 1 0 0 0 0 1 0
3 45 0 1 0 0 0 0 1 0 0 0 0 1 0
3 46 0 1 0 0 0 0 1 0 0 0 0 1 0
3 47 0 1 0 0 0 0 1 0 0 0 0 1 0
3 48 0 1 0 0 0 0 1 0 0 0 0 1 0
3 49 0 1 0 0 0 0 1 0 0 0 0 1 0
3 50 0 1 0 0 0 0 1 0 0 0 0 1 0
3 51 0 1 0 0 0 0 1 0 0 0 0 1 0
3 52 0 1 0 0 0 0 1 0 0 0 0 1 0
3 53 0 1 0 0 0 0 1 0 0 0 0 1 0
3 54 0 1 0 0 0 0 1 0 0 0 0 1 0
3 55 0 1 0 0 0 0 1 0 0 0 0 1 0
3 56 0 1 0 0 0 0 1 0 0 0 0 1 0
3 57 0 1 0 0 0 0 1 0 0 0 0 1 0
3 58 0 1 0 0 0 0 1 0 0 0 0 1 0
3 59 0 1 0 0 0 0 1 0 0 0 0 1 0
3 60 0 1 0 0 0 0 1 0 0 0 0 1 0
3 61 0 1 0 0 0 0 1 0 0 0 0 1 0
3 62 0 1 0 0 0 0 1 0 0 0 0 1 0
3 63 0 1 0 0 0 0 1 0 0 0 0 1 0
3 64 0 1 0 0 0 0 1 0 0 0 0 1 0
3 65 0 1 0 0 0 0 1 0 0 0 0 1 0
3 66 0 1 0 0 0 0 1 0 0 0 0 1 0
3 67 0 1 0 0 0 0 1 0 0 0 0 1 0
3 68 0 1 0 0 0 0 1 0 0 0 0 1 0
3 69 0 1 0 0 0 0 1 0 0 0 0 1 0
3 70 0 1 0 0 0 0 1 0 0 0 0 1 0
3 71 0 1 0 0 0 0 1 0 0 0 0 1 0
3 72 0 1 0 0 0 0 1 0 0 0 0 1 0
3 73 0 1 0 0 0 0 1 0 0 0 0 1 0
3 74 0 1 0 0 0 0 1 0 0 0 0 1 0
3 75 0 1 0 0 0 0 1 0 0 0 0 1 0
3 76 0 1 0 0 0 0 1 0 0 0 0 1 0
3 77 0 1 0 0 0 0 1 0 0 0 0 1 0
3 78 0 1 0 0 0 0 1 0 0 0 0 1 0
3 79 0 1 0 0 0 0 1 0 0 0 0 1 0
3 80 0 1 0 0 0 0 1 0 0 0 0 1 0
3 81 0 1 0 0 0 0 1 0 0 0 0 1 0
3 82 0 1 0 0 0 0 1 0 0 0 0 1 0
3 83 0 1 0 0 0 0 1 0 0 0 0 1 0
3 84 0 1 0 0 0 0 1 0 0 0 0 1 0
3 85 0 1 0 0 0 0 1 0 0 0 0 1 0
3 86 0 1 0 0 0 0 1 0 0 0 0 1 0
3 87 0 1 0 0 0 0 1 0 0 0 0 1 0
3 88 0 1 0 0 0 0 1 0 0 0 0 1 0
3 89 0 1 0 0 0 0 1 0 0 0 0 1 0
3 90 0 1 0 0 0 0 1 0 0 0 0 1 0
3 91 0 1 0 0 0 0 1 0 0 0 0 1 0
3 92 0 1 0 0 0 0 1 0 0 0 0 1 0
3 93 0 1 0 0 0 0 1 0 0 0 0 1 0
3 94 0 1 0 0 0 0 1 0 0 0 0 1 0
3 95 0 1 0 0 0 0 1 0 0 0 0 1 0
3 96 0 1 0 0 0 0 1 0 0 0 0 1 0
3 97 0 1 0 0 0 0 1 0 0 0 0 1 0
3 98 0 1 0 0 0 0 1 0 0 0 0 1 0
3 99 0 1 0 0 0 0 1 0 0 0 0 1 0
3 100 0 1 0 0 0 0 1 0 0 0 0 1 0
3 101 0 1 0 0 0 0 1 0 0 0 0 1 0
3 102 0 1 0 0 0 0 1 0 0 0 0 1 0
3 103 0 1 0 0 0 0 1 0 0 0 0 1 0
3 104 0 1 0 0 0 0 1 0 0 0 0 1 0
3 105 0 1 0 0 0 0 1 0 0 0 0 1 0
3 106 0 1 0 0 0 0 1 0 0 0 0 1 0
3 107 0 1 0 0 0 0 1 0 0 0 0 1 0
3 108 0 1 0 0 0 0 1 0 0 0 0 1 0
3 109 0 1 0 0 0 0 1 0 0 0 0 1 0
3 110 0 1 0 0 0 0 1 0 0 0 0 1 0
3 111 0 1 0 0 0 0 1 0 0 0 0 1 0
3 112 0 1 0 0 0 0 1 0 0 0 0 1 0
3 113 0 1 0 0 0 0 1 0 0 0 0 1 0
3 114 0 1 0 0 0 0 1 0 0 0 0 1 0
3 115 0 1 0 0 0 0 1 0 0 0 0 1 0
3 116 0 1 0 0 0 0 1 0 0 0 0 1 0
3 117 0 1 0 0 0 0 1 0 0 0 0 1 0
3 118 0 1 0 0 0 0 1 0 0 0 0 1 0
3 119 0 1 0 0 0 0 1 0 0 0 0 1 0
3 120 0 1 0 0 0 0 1 0 0 0 0 1 0
3 121 0 1 0 0 0 0 1 0 0 0 0 1 0
3 122 22 0.82395 0.189163 -0.534157 0.25731 -0.19349 0.9799 0.048554 0.146973 0.532606 0.0633479 0.84399 -0.955087
3 123 23 0.741599 0.369067 -0.560196 -0.241493 -0.378065 0.919753 0.105459 0.0716303 0.554164 0.133582 0.821619 0.967755
3 124 14 0.678516 0.512375 -0.526392 0.358736 -0.510575 0.844139 0.163533 0.129386 0.528138 0.157803 0.834367 -0.924428
3 125 0 1 0 0 0 0 1 0 0 0 0 1 0
3 126 0 1 0 0 0 0 1 0 0 0 0 1 0
3 127 0 1 0 0 0 0 1 0 0 0 0 1 0
3 128 0 1 0 0 0 0 1 0 0 0 0 1 0
3 129 0 1 0 0 0 0 1 0 0 0 0 1 0
3 130 0 1 0 0 0 0 1 0 0 0 0 1 0
3 131 0 1 0 0 0 0 1 0 0 0 0 1 0
3 132 0 1 0 0 0 0 1 0 0 0 0 1 0
3 133 0 1 0 0 0 0 1 0 0 0 0 1 0
3 134 0 1 0 0 0 0 1 0 0 0 0 1 0
3 135 0 1 0 0 0 0 1 0 0 0 0 1 0
3 136 0 1 0 0 0 0 1 0 0 0 0 1 0
3 137 0 1 0 0 0 0 1 0 0 0 0 1 0
3 138 0 1 0 0 0 0 1 0 0 0 0 1 0
3 139 0 1 0 0 0 0 1 0 0 0 0 1 0
3 140 35 0.933575 -0.105549 0.342487 -0.182766 0.0762153 0.992259 0.0980467 0.1983 -0.350185 -0.0654311 0.934392 -0.962951
3 141 0 1 0 0 0 0 1 0 0 0 0 1 0
3 142 35 0.931421 -0.280483 0.231915 -0.0379572 0.254332 0.957437 0.136491 0.170869 -0.260327 -0.0681475 0.963113 -0.984562
3 143 26 0.956286 -0.274922 0.0996786 0.0769776 0.262844 0.957458 0.11911 0.155279 -0.128184 -0.0877037 0.987865 -0.984867
3 144 40 0.989763 -0.138371 -0.0349514 0.195287 0.14108 0.985605 0.093166 0.121833 0.0215568 -0.0971432 0.995037 -0.973149
3 145 263 0.997292 0.0502892 -0.0536639 0.0781398 -0.0453191 0.994899 0.0901216 0.0718271 0.0579223 -0.0874455 0.994484 -0.994352
3 146 271 0.98974 0.0849239 -0.114905 0.263486 -0.0804826 0.995838 0.0427624 0.166001 0.118058 -0.0330758 0.992456 -0.950273
3 147 335 0.947478 0.193386 -0.254729 0.597193 -0.166021 0.978158 0.125076 0.00684868 0.273353 -0.076217 0.95889 -0.802068
3 148 380 0.946987 0.209693 -0.243403 0.636096 -0.184832 0.97528 0.121101 -0.0151551 0.26278 -0.0696923 0.962335 -0.771461
3 149 366 0.859673 0.307658 -0.407809 0.877048 -0.232924 0.94656 0.223092 -0.335314 0.454652 -0.0967979 0.885393 -0.344022
3 150 233 0.946968 0.295081 -0.127194 0.707928 -0.288038 0.954981 0.0710269 -0.168971 0.142426 -0.0306235 0.989332 -0.685775
3 151 151 0.973389 0.219041 0.0673422 -0.89213 -0.218179 0.975704 -0.0199801 0.170482 -0.0700825 0.0047557 0.99753 -0.418378
3 152 171 0.735374 0.372729 -0.565948 0.947625 -0.344297 0.924828 0.161717 -0.319371 0.583681 0.075932 0.808425 0.00303322
3 153 61 0.938759 0.320229 0.127222 -0.749588 -0.308198 0.945443 -0.105602 0.13975 -0.154098 0.0599256 0.986237 0.646984
3 154 75 0.942048 0.323815 0.0876892 0.946004 -0.319721 0.945755 -0.0576697 -0.314404 -0.101607 0.0262915 0.994477 0.078905
3 155 68 0.569057 0.21237 0.794401 -0.694984 -0.0121979 0.968148 -0.25008 0.133318 -0.822208 0.13262 0.553522 0.706557
3 156 105 0.786686 0.445484 -0.427398 0.929997 -0.404684 0.894937 0.187931 -0.367311 0.466215 0.0251183 0.884315 0.01374
3 157 103 0.922851 0.366484 -0.118467 0.892437 -0.355167 0.928733 0.106357 -0.357179 0.149002 -0.0560765 0.987246 -0.275643
3 158 99 0.535336 0.406659 -0.7403 0.916521 -0.24614 0.913537 0.323829 -0.282717 0.807979 0.00886025 0.589144 0.282948
3 159 89 0.951372 0.297912 0.0783512 -0.435489 -0.305195 0.946084 0.108544 0.11529 -0.0417902 -0.127178 0.990999 0.892781
3 160 94 0.949192 0.307515 -0.066846 0.838821 -0.291458 0.939149 0.181801 -0.275916 0.118685 -0.153081 0.981061 -0.469307
3 161 88 0.963116 0.246129 0.108758 -0.974972 -0.259036 0.957472 0.127077 0.215058 -0.0728553 -0.150562 0.985912 -0.056391
3 162 100 0.971145 0.23537 -0.0384529 0.826349 -0.228459 0.964395 0.133224 -0.151466 0.0684407 -0.120595 0.99034 -0.542406
3 163 134 0.845408 0.337397 -0.414064 0.97161 -0.251313 0.935322 0.249027 -0.22141 0.471304 -0.10647 0.875521 -0.0833707
3 164 134 0.901181 0.283964 -0.327472 0.970855 -0.240358 0.956102 0.167623 -0.154251 0.360695 -0.0723484 0.929873 -0.183431
3 165 135 0.97836 0.206149 0.0177097 0.288922 -0.20671 0.970086 0.127296 -0.0801138 0.00906197 -0.128202 0.991707 -0.953995
