0 1 21 0.999925 0.00896784 -0.00833183 0.933943 -0.00890863 0.999935 0.00711628 -0.261227 0.00839511 -0.00704152 0.99994 0.243949
0 2 772 0.999698 0.0106909 -0.022135 0.837411 -0.010564 0.999927 0.00584137 -0.185778 0.0221958 -0.00560577 0.999738 0.514033
0 3 787 0.998584 0.00401417 -0.0530466 0.958023 -0.00383222 0.999986 0.00353135 -0.0572116 0.0530601 -0.00332306 0.998586 0.280924
0 4 688 0.994894 0.0344604 -0.0948613 0.963497 -0.0342757 0.999406 0.0035762 -0.0675246 0.0949282 -0.000306503 0.995484 0.259065
0 5 553 0.997282 0.046742 -0.0569609 0.979817 -0.0470021 0.99889 -0.00323349 -0.108085 0.0567465 0.00590197 0.998371 0.168158
0 6 412 0.989741 0.0598247 -0.129747 0.975607 -0.0580915 0.998165 0.0171049 -0.0546821 0.130532 -0.0093922 0.9914 0.212604
0 7 267 0.977546 0.0623318 -0.201291 0.968726 -0.0651758 0.997845 -0.00752582 -0.106577 0.200388 0.0204761 0.979503 0.22408
0 8 215 0.976361 0.0796489 -0.200934 0.997289 -0.0837118 0.99642 -0.0117911 -0.0650222 0.199276 0.028333 0.979534 0.0344398
0 9 170 0.960948 0.117401 -0.250591 0.997631 -0.122761 0.992419 -0.00580719 -0.0338135 0.248009 0.0363431 0.968076 -0.0599005
0 10 124 0.929394 0.17364 -0.325694 0.986527 -0.160751 0.984766 0.0662997 -0.0459194 0.332244 -0.00926293 0.943148 -0.15702
0 11 100 0.879932 0.207215 -0.427529 0.996084 -0.192177 0.978209 0.0785827 -0.0159012 0.434496 0.0130139 0.90058 -0.0869685
0 12 110 0.858762 0.248343 -0.448167 0.994431 -0.249314 0.966688 0.0579447 0.0263317 0.447628 0.0619734 0.89207 -0.102046
0 13 72 0.822066 0.275757 -0.498163 0.993456 -0.285479 0.956602 0.0584287 -0.00315947 0.492656 0.094183 0.865113 -0.11417
0 14 58 0.596922 0.292274 -0.747168 0.994132 -0.305509 0.943927 0.125167 -0.0500327 0.741855 0.153552 0.652743 0.0959071
0 15 18 0.789262 0.566404 0.237177 -0.48589 -0.609342 0.770193 0.188426 0.0541781 -0.075947 -0.293239 0.953018 -0.872339
0 16 29 0.998859 -0.0388329 -0.0277824 0.361804 0.0362796 0.995534 -0.0871517 0.230664 0.0310427 0.0860444 0.995808 0.903267
0 17 35 0.737173 0.639633 -0.217821 0.368771 0.239984 0.053506 0.969301 -0.611603 0.631651 -0.766816 -0.114058 0.699964
0 18 21 0.733942 -0.587198 0.341362 0.256331 0.520704 0.809141 0.27232 -0.193057 -0.436116 -0.0221188 0.899619 0.947113
0 19 41 0.763425 0.225314 -0.605323 0.894362 0.00624067 0.934566 0.355736 -0.425163 0.645867 -0.275355 0.712064 0.139114
0 20 33 0.590655 0.31891 -0.741231 0.483543 0.560996 -0.822563 0.0931316 0.0288261 -0.580009 -0.470836 -0.664758 0.874846
0 21 12 0.938705 -0.218756 -0.266417 -0.141518 0.272362 0.944398 0.184206 -0.214715 0.211308 -0.245477 0.946092 -0.96637
0 22 12 0.506564 0.86218 0.00624793 -0.100797 -0.860294 0.504947 0.0701639 0.258472 0.057339 -0.0409175 0.997516 -0.960746
0 23 0 1 0 0 0 0 1 0 0 0 0 1 0
0 24 17 0.0775482 -0.941179 -0.328889 0.483176 0.884706 0.217052 -0.412534 0.0975855 0.459654 -0.258979 0.849499 0.870068
0 25 15 -0.895794 0.395027 -0.203732 0.298975 0.30408 0.87899 0.367303 -0.143201 0.324173 0.267077 -0.907514 0.943455
0 26 10 0.905287 -0.344684 -0.248291 0.41958 0.4006 0.887167 0.22903 0.0120574 0.141332 -0.306803 0.941221 0.907638
0 27 29 0.50376 0.798853 0.328725 -0.178416 0.655769 -0.601355 0.456443 -0.244591 0.562311 -0.0143701 -0.826801 0.95307
0 28 25 0.109574 -0.79072 -0.602292 0.42801 -0.95018 -0.261215 0.170071 -0.0191909 -0.291806 0.553651 -0.779949 0.90357
0 29 0 1 0 0 0 0 1 0 0 0 0 1 0
0 30 31 -0.462606 -0.42106 -0.780195 0.408416 -0.425865 0.877381 -0.220999 -0.0550433 0.777583 0.230023 -0.585196 0.911135
0 31 26 0.877137 -0.0661327 -0.475665 -0.160233 0.0615561 -0.96682 0.24793 -0.169364 -0.476279 -0.246748 -0.843963 0.972441
0 32 20 -0.465501 -0.562387 -0.683395 -0.0868545 0.702659 -0.704324 0.100987 -0.226691 -0.538125 -0.433184 0.72303 0.970086
0 33 29 -0.0590168 0.993409 0.098265 -0.0460063 0.776491 0.107546 -0.620883 0.222038 -0.627359 0.0396594 -0.77772 0.973952
0 34 0 1 0 0 0 0 1 0 0 0 0 1 0
0 35 23 -0.66125 0.258654 -0.704164 0.326223 -0.050078 0.921364 0.385462 -0.160509 0.748493 0.29015 -0.596298 0.931566
0 36 11 0.660908 -0.743814 -0.0997097 -0.31434 0.70414 0.66057 -0.260452 0.0455044 0.259593 0.101925 0.960324 -0.948219
0 37 11 -0.981855 0.142073 -0.125605 0.130932 -0.0938874 -0.939669 -0.328949 -0.0238795 -0.164762 -0.311187 0.935957 0.991104
0 38 18 0.809555 -0.31479 -0.495508 0.215484 0.387774 0.920463 0.0487821 0.164548 0.44074 -0.231637 0.867233 0.962544
0 39 29 -0.227711 0.868391 -0.440506 0.288223 0.830066 0.409621 0.378419 -0.3241 0.509056 -0.279479 -0.814097 0.901047
0 40 14 0.19377 -0.958001 -0.211393 0.2628 0.867541 0.267936 -0.419026 -0.0107761 0.458067 -0.102198 0.883023 0.96479
0 41 12 0.48637 0.849769 0.203313 0.14291 0.827433 -0.5227 0.205279 0.0766542 0.280711 0.0683865 -0.957353 0.986763
0 42 20 0.509019 0.220523 0.832027 -0.397762 0.613724 0.584772 -0.530456 0.162868 -0.603524 0.780648 0.16232 0.902917
0 43 27 -0.0764852 0.397488 0.914414 -0.450804 -0.951929 0.243717 -0.185565 0.196077 -0.296618 -0.88465 0.35974 0.870821
0 44 0 1 0 0 0 0 1 0 0 0 0 1 0
0 45 0 1 0 0 0 0 1 0 0 0 0 1 0
0 46 0 1 0 0 0 0 1 0 0 0 0 1 0
0 47 17 0.829927 0.54145 -0.134365 -0.0709213 0.380555 -0.725585 -0.573327 0.308666 -0.407921 0.424686 -0.808234 0.948523
0 48 18 -0.498319 -0.74079 -0.450453 -0.150812 0.759446 -0.623597 0.185388 -0.274312 -0.418235 -0.249712 0.87334 0.949741
0 49 20 0.621447 0.767772 -0.155982 -0.0151918 0.772206 -0.56664 0.287432 -0.284217 0.132297 -0.299074 -0.945014 0.95864
0 50 12 -0.333984 -0.929225 -0.158099 -0.012905 0.932348 -0.301034 -0.200262 0.131096 0.138495 -0.214288 0.966902 0.991286
0 51 14 -0.919033 0.0275055 -0.393219 0.292632 -0.0368767 0.987188 0.155242 -0.174233 0.392451 0.157173 -0.906244 0.940218
0 52 25 -0.33334 -0.914861 -0.227848 0.273373 0.852661 -0.395656 0.341212 -0.953322 -0.40231 -0.0805372 0.911954 0.128238
0 53 20 -0.687069 -0.485842 -0.540272 0.372163 -0.554102 0.831341 -0.0429297 -0.00352504 0.470007 0.26987 -0.840395 0.928161
0 54 27 -0.643024 -0.763142 -0.0643037 0.0653007 -0.411511 0.273482 0.869406 -0.425821 -0.645894 0.58551 -0.489897 0.902448
0 55 27 0.673169 0.66769 0.317858 -0.393735 0.607819 -0.744405 0.276437 -0.365648 0.421189 0.00711168 -0.906945 0.843371
0 56 17 0.0492845 -0.975663 -0.213664 0.0497112 -0.993957 -0.0269029 -0.106422 0.0299057 0.0980835 0.217618 -0.971093 0.998316
0 57 21 -0.612672 -0.602996 0.51091 -0.413139 -0.789775 0.44275 -0.424532 0.0775743 0.0297856 -0.663603 -0.747492 0.907358
0 58 18 0.682333 -0.582541 -0.441664 0.113046 -0.696458 -0.70163 -0.150539 0.168055 -0.222189 0.410318 -0.884461 0.979274
0 59 26 0.619565 0.744015 0.250163 -0.262538 -0.446179 0.596017 -0.667598 0.959778 -0.645804 0.302003 0.701235 -0.099501
0 60 32 0.679024 0.286711 -0.675813 0.299627 0.217637 -0.957816 -0.187679 0.0849041 -0.701114 -0.0196439 -0.712779 0.950271
0 61 17 -0.991136 -0.084313 -0.102672 0.0353438 -0.0800614 0.99578 -0.0448568 0.0475614 0.106021 -0.036239 -0.993703 0.998243
0 62 0 1 0 0 0 0 1 0 0 0 0 1 0
0 63 14 0.86886 -0.455896 -0.192982 -0.214639 -0.476496 -0.875869 -0.0761883 -0.11241 -0.134293 0.158152 -0.97824 0.970203
0 64 15 0.548893 0.732243 0.403158 -0.331141 -0.820219 0.564777 0.0909275 0.17442 -0.161114 -0.380588 0.910602 0.927321
0 65 0 1 0 0 0 0 1 0 0 0 0 1 0
0 66 0 1 0 0 0 0 1 0 0 0 0 1 0
0 67 29 -0.169131 0.958164 -0.230902 0.262618 0.899657 0.0544113 -0.433194 -0.0561978 -0.402507 -0.280999 -0.871222 0.963262
0 68 0 1 0 0 0 0 1 0 0 0 0 1 0
0 69 18 0.867848 0.410409 -0.28001 -0.0519129 0.091696 -0.68622 -0.721591 0.268501 -0.488295 0.600555 -0.633167 0.96188
0 70 12 -0.080587 -0.985862 0.14691 -0.024844 0.996743 -0.0792744 0.0147774 -0.385293 -0.00292228 0.147622 0.98904 -0.92246
0 71 26 -0.0232349 0.999258 0.030728 0.0775633 0.160201 0.0340606 -0.986497 0.384466 -0.986811 -0.0179985 -0.160874 0.919875
0 72 26 0.771838 0.3651 0.520547 0.149451 0.299104 0.513963 -0.803977 0.235247 -0.561073 0.776237 0.287493 0.960377
0 73 18 -0.701122 -0.595637 -0.391976 0.242814 -0.679724 0.392236 0.61978 -0.333037 -0.215417 0.700976 -0.679873 0.911114
0 74 15 0.846745 0.531952 -0.00708573 0.0223387 0.474987 -0.761934 -0.440278 0.296796 -0.239606 0.369437 -0.897834 0.95468
0 75 22 -0.340169 0.935969 0.0908109 0.358104 0.4582 0.249306 -0.85317 0.283029 -0.821181 -0.248613 -0.513667 0.889751
0 76 21 -0.486829 -0.715055 -0.501691 0.31844 -0.634243 0.684284 -0.359849 0.079506 0.600611 0.143009 -0.786648 0.944603
0 77 13 -0.800658 0.578111 -0.157272 0.409196 -0.354506 -0.668761 -0.653517 0.371919 -0.482983 -0.46749 0.740392 -0.833207
0 78 0 1 0 0 0 0 1 0 0 0 0 1 0
0 79 24 -0.999234 0.0391158 0.00115314 0.205223 0.0363692 0.917386 0.396334 -0.259261 0.014445 0.396072 -0.918106 0.943752
0 80 19 0.177716 0.973495 -0.143962 0.113439 0.964702 -0.201232 -0.169872 0.0586064 -0.194339 -0.108692 -0.974894 0.991815
0 81 18 -0.816503 -0.576426 -0.0325029 -0.0560365 -0.572343 0.815542 -0.0855217 -0.137625 0.0758044 -0.0512259 -0.995806 0.988898
0 82 0 1 0 0 0 0 1 0 0 0 0 1 0
0 83 12 0.555036 0.805106 0.209141 -0.0457898 -0.831139 0.52654 0.178785 -0.272059 0.03382 -0.273057 0.961403 -0.96119
0 84 36 0.801699 0.565218 0.194444 -0.303881 -0.289615 0.651885 -0.700834 0.950232 -0.522879 0.505544 0.686311 -0.0686672
0 85 17 -0.894116 0.229099 0.384799 -0.150448 0.328438 0.919575 0.215664 -0.144559 -0.304443 0.319212 -0.897451 0.977992
0 86 0 1 0 0 0 0 1 0 0 0 0 1 0
0 87 15 0.344465 -0.930317 -0.125917 -0.0639112 -0.9379 -0.335155 -0.0895269 0.206181 0.0410867 0.148936 -0.987993 0.976424
0 88 21 0.108494 -0.943878 0.311968 0.00198708 -0.979962 -0.15428 -0.12598 -0.0937317 0.167041 -0.292049 -0.941703 0.995596
0 89 22 0.64029 -0.694038 -0.329152 0.0263161 -0.76243 -0.626352 -0.16243 -0.0882213 -0.0934328 0.354957 -0.930202 0.995753
0 90 15 0.209446 -0.972602 -0.100883 -0.0254338 -0.977817 -0.208047 -0.0243118 -0.233005 0.00265724 0.103737 -0.994601 0.972143
0 91 23 0.915054 -0.240343 -0.3239 0.445238 0.21766 0.970348 -0.105112 -0.0998573 0.339559 0.025683 0.940234 0.889827
0 92 20 0.707426 -0.636484 -0.307303 0.200238 -0.486169 -0.753797 0.442075 -0.358369 -0.513018 -0.163334 -0.842695 0.911853
0 93 12 0.667745 0.0411379 0.743252 0.121618 0.0780122 0.989106 -0.124832 -0.159307 -0.740291 0.141339 0.657262 0.979709
0 94 14 0.823355 0.550041 0.139793 -0.465915 -0.550278 0.833999 -0.0404889 -0.096802 -0.138858 -0.0435883 0.989353 0.879519
0 95 10 0.915042 -0.401604 0.0375752 -0.321471 0.381636 0.831841 -0.402982 0.408524 0.130583 0.383086 0.914436 -0.854262
0 96 13 0.636005 -0.638499 0.433379 0.029544 -0.744657 -0.655136 0.127606 -0.185312 0.202445 -0.403877 -0.892132 0.982235
0 97 10 -0.142702 -0.970297 -0.195346 0.386714 0.966732 -0.0943083 -0.237773 0.126265 0.212288 -0.222778 0.951475 -0.913515
0 98 15 -0.862979 -0.498746 0.080741 0.142949 -0.503959 0.8611 -0.0673286 0.146461 -0.0359462 -0.0987933 -0.994459 0.978833
0 99 17 0.506767 0.129179 -0.85235 0.196894 0.398595 -0.91179 0.0987978 -0.317395 -0.764402 -0.38981 -0.513555 0.927628
0 100 37 0.867902 0.405976 -0.286234 -0.0334762 0.492401 -0.627177 0.603482 -0.34715 0.06548 -0.664705 -0.744231 0.937212
0 101 21 -0.988942 -0.0695274 0.130993 0.12902 -0.00417874 0.896004 0.444027 -0.308785 -0.148242 0.43857 -0.886386 0.94234
0 102 0 1 0 0 0 0 1 0 0 0 0 1 0
0 103 12 0.681733 0.72896 0.06211 -0.247029 -0.709399 0.679413 -0.187484 -0.167332 -0.178867 0.0837533 0.980302 0.954451
0 104 16 -0.100276 -0.902388 0.419095 -0.352309 -0.844523 0.299898 0.443669 -0.206036 -0.526048 -0.309446 -0.79216 0.912922
0 105 10 0.161148 0.966659 -0.199 0.397964 -0.978716 0.182485 0.0938803 0.00516504 0.127065 0.179636 0.975492 -0.917387
0 106 13 0.944058 0.169612 0.282819 -0.0260841 -0.102688 0.966154 -0.236647 -0.220261 -0.313385 0.194366 0.929522 0.975092
0 107 27 -0.854963 0.359329 -0.374059 0.390932 0.318883 0.932908 0.16732 -0.191641 0.409086 0.0237713 -0.912186 0.900248
0 108 22 0.901433 -0.416019 -0.119778 -0.559619 0.376258 0.889714 -0.258531 0.0377535 0.214122 0.187981 0.958548 0.827889
0 109 14 0.0972228 -0.888885 -0.447695 0.447845 0.97867 0.16718 -0.1194 0.088467 0.180979 -0.426537 0.886179 -0.889724
0 110 13 0.931425 0.350721 -0.0971688 0.271388 -0.329943 0.926446 0.181203 -0.340012 0.153574 -0.136717 0.978634 0.900411
0 111 10 0.97164 0.233919 -0.0346042 -0.126457 -0.228917 0.967178 0.110291 0.0858638 0.0592676 -0.099242 0.993297 0.988249
0 112 22 -0.27302 -0.93694 0.218184 -0.308521 -0.955935 0.238783 -0.170795 0.22559 0.107926 -0.2552 -0.960846 0.92408
0 113 35 -0.726711 -0.0999551 0.679633 -0.413388 -0.121973 0.992412 0.0155346 0.0675534 -0.676028 -0.0716073 -0.733388 0.908046
0 114 38 -0.52071 -0.41527 0.74593 -0.348482 0.270636 0.748374 0.605552 -0.376637 -0.809702 0.517192 -0.277299 0.858315
0 115 25 0.132199 0.990737 -0.0310449 0.0447884 0.91003 -0.133726 -0.39238 0.0245925 -0.392897 0.0236206 -0.919279 0.998694
0 116 27 0.997576 -0.0119172 -0.0685559 -0.905297 0.00928397 0.999212 -0.0386011 0.00317014 0.0689619 0.037871 0.9969 0.424767
0 117 21 0.915458 0.372922 -0.151216 -0.300557 -0.379726 0.924927 -0.0178378 -0.0697993 0.133212 0.0737504 0.98834 0.951206
0 118 26 0.340125 0.923713 -0.176264 -0.109302 0.786271 -0.176526 0.592129 -0.0585705 0.515842 -0.339989 -0.78633 0.992282
0 119 13 0.451736 -0.695039 -0.559334 -0.202185 0.81229 0.579698 -0.0643119 0.0449518 0.368944 -0.425289 0.826444 0.978315
0 120 17 0.672402 0.65917 -0.336704 -0.248641 -0.640479 0.746164 0.181732 -0.0156454 0.371029 0.0934544 0.923907 0.968469
0 121 38 0.866985 0.406588 -0.288137 -0.172792 -0.388167 0.913586 0.121186 0.0528674 0.312511 0.00677936 0.94989 -0.983538
0 122 35 0.67043 0.501956 -0.54641 0.573573 -0.425454 0.863406 0.271142 -0.280916 0.607876 0.0506908 0.792413 -0.76948
0 123 53 0.958945 0.204395 0.196589 -0.872073 -0.163934 0.96518 -0.203847 0.388102 -0.231409 0.16325 0.959062 -0.298102
0 124 57 0.916217 0.335608 0.218893 -0.515495 0.171727 0.164681 -0.971283 0.619795 -0.362018 0.927495 0.0932506 0.591709
0 125 71 0.357781 0.439457 -0.823936 0.885822 -0.26493 0.893856 0.361709 -0.288418 0.895436 0.0888726 0.43623 -0.363502
0 126 78 0.855382 0.124646 0.502777 -0.976414 -0.182615 0.980864 0.0675139 0.0730684 -0.48474 -0.149565 0.861776 -0.203165
0 127 78 0.860563 0.376956 -0.342541 -0.107096 -0.452503 0.87454 -0.174414 0.652348 0.233819 0.305096 0.923171 -0.750315
0 128 86 0.861856 0.390289 -0.323851 -0.070267 -0.43561 0.896695 -0.0786256 0.490442 0.259709 0.208837 0.942835 -0.868636
0 129 76 0.887123 0.358392 -0.290806 -0.0228637 -0.374899 0.927065 -0.00112983 0.326502 0.269191 0.110025 0.956782 -0.94492
0 130 77 0.939523 0.27549 -0.203474 -0.0982679 -0.302501 0.946083 -0.115843 0.423816 0.16059 0.170388 0.972203 -0.900402
0 131 84 0.942228 0.269241 -0.199286 -0.0271728 -0.281793 0.958761 -0.0370126 0.2803 0.181103 0.0910319 0.979242 -0.959528
0 132 120 0.968929 0.235394 -0.0759314 -0.140895 -0.242269 0.965076 -0.0996671 0.350735 0.0498186 0.114966 0.992119 -0.925815
0 133 123 0.969048 0.219354 -0.113266 0.00918628 -0.230242 0.968577 -0.0940605 0.336456 0.0890741 0.117228 0.989102 -0.941654
0 134 120 0.963194 0.219738 -0.15483 0.12944 -0.233822 0.969038 -0.0793211 0.342497 0.132606 0.112604 0.984752 -0.93056
0 135 133 0.970727 0.204858 -0.125387 0.156776 -0.199935 0.978492 0.0507971 0.183537 0.133096 -0.0242409 0.990807 -0.970431
0 136 118 0.967602 0.205598 -0.146549 0.280395 -0.201599 0.978576 0.0418034 0.214025 0.152004 -0.010905 0.98832 -0.93572
0 137 84 0.969014 0.197994 -0.147684 0.426811 -0.1937 0.980115 0.043062 0.16778 0.153273 -0.0131213 0.988097 -0.888641
0 138 53 0.958078 -0.0152524 0.286102 -0.284424 -0.0354856 0.984576 0.171321 -0.0493234 -0.284302 -0.174291 0.942759 -0.957429
0 139 63 0.995565 0.041601 0.0843814 0.309954 -0.0463665 0.997391 0.0553254 0.159837 -0.0818597 -0.0589925 0.994896 -0.93722
0 140 70 0.984311 -0.0524065 0.168478 0.256131 0.0403356 0.996421 0.0742896 0.221279 -0.171768 -0.0663285 0.982902 -0.940974
0 141 61 0.959244 -0.188239 0.210753 0.203792 0.169437 0.980023 0.10414 0.235755 -0.226146 -0.0641867 0.971976 -0.950204
0 142 80 0.944445 -0.271783 0.184821 0.127431 0.251637 0.959671 0.12534 0.206419 -0.211432 -0.0718691 0.974747 -0.97013
0 143 99 0.952485 -0.282082 0.114898 0.111577 0.264822 0.953315 0.145117 0.118923 -0.150469 -0.107795 0.98272 -0.986614
0 144 177 0.973565 -0.117969 -0.195585 0.588415 0.124477 0.991994 0.0212785 0.277202 0.191509 -0.0450618 0.980456 -0.759557
0 145 262 0.989129 0.0503554 -0.138159 0.382935 -0.0377258 0.994992 0.092557 0.0567852 0.142128 -0.0863387 0.986076 -0.922028
0 146 273 0.98164 0.0931616 -0.166446 0.50009 -0.0836153 0.994474 0.0634842 0.0921288 0.17144 -0.0484012 0.984005 -0.861059
0 147 320 0.956116 0.184233 -0.227817 0.633816 -0.162177 0.980365 0.112175 0.0432465 0.24401 -0.0703059 0.967221 -0.772274
0 148 317 0.930733 0.22093 -0.29142 0.847786 -0.184893 0.971817 0.146239 -0.125027 0.315515 -0.0822281 0.945351 -0.51539
0 149 295 0.893628 0.274915 -0.354753 0.945007 -0.235645 0.960123 0.150451 -0.167673 0.381968 -0.050852 0.922775 -0.280797
0 150 191 0.90755 0.326676 -0.263885 0.901171 -0.299389 0.943963 0.138921 -0.312655 0.29448 -0.0470736 0.954498 -0.300229
0 151 173 0.897059 0.299957 -0.324516 0.964229 -0.286175 0.953883 0.0906182 -0.220374 0.336732 0.0115785 0.941529 -0.1473
0 152 151 0.884678 0.317993 -0.340918 0.957647 -0.323091 0.945373 0.0433863 -0.278884 0.336091 0.0717645 0.939091 -0.0716604
0 153 88 0.823657 0.374948 -0.425444 0.945875 -0.37055 0.923761 0.0967366 -0.324433 0.42928 0.0779704 0.8998 0.00795606
0 154 75 0.948089 0.313826 -0.0513832 0.95505 -0.315435 0.94857 -0.0267486 -0.293795 0.0403461 0.0415681 0.998321 0.039561
0 155 71 0.940228 0.332795 0.0722392 0.388647 -0.330545 0.942878 -0.0414833 -0.356686 -0.0819181 0.0151255 0.996524 0.849546
0 156 85 0.42194 0.500583 -0.755899 0.875065 -0.334062 0.860931 0.383667 -0.393045 0.842834 0.0906322 0.530487 0.282448
0 157 74 0.747607 0.464447 -0.474734 0.893817 -0.35422 0.883498 0.306529 -0.424876 0.561793 -0.0610033 0.825026 0.143429
0 158 81 0.779834 0.417914 -0.466054 0.912927 -0.301455 0.903213 0.3055 -0.395152 0.548619 -0.0977453 0.830339 0.10208
0 159 82 0.84209 0.409903 -0.35052 0.916515 -0.308558 0.899189 0.310246 -0.399869 0.442354 -0.153099 0.883676 0.0102663
0 160 105 0.799486 0.390656 -0.4563 0.948218 -0.269412 0.912145 0.308885 -0.291032 0.536879 -0.124017 0.834495 0.127216
0 161 93 0.796331 0.348349 -0.49448 0.9646 -0.238434 0.932098 0.272656 -0.230356 0.555883 -0.0992238 0.825317 0.128386
0 162 98 0.817853 0.377645 -0.434166 0.955414 -0.268721 0.917842 0.292155 -0.293679 0.508827 -0.122271 0.852141 0.03061
0 163 118 0.902269 0.295595 -0.3139 0.975038 -0.23778 0.948425 0.209646 -0.191231 0.359681 -0.114518 0.926021 -0.112839
0 164 119 0.908319 0.270809 -0.318779 0.969233 -0.224221 0.958611 0.175472 -0.186841 0.353104 -0.087908 0.931445 -0.160242
0 165 122 0.887661 0.274818 -0.369504 0.971693 -0.218 0.957574 0.188491 -0.143261 0.405628 -0.0867641 0.909911 -0.187853
0 166 162 0.934291 0.24175 -0.262024 0.826065 -0.198431 0.963227 0.181159 -0.0774587 0.296184 -0.117261 0.947906 -0.558226
0 167 171 0.917305 0.278924 -0.28417 0.835038 -0.221749 0.950597 0.21724 -0.163741 0.330724 -0.136261 0.933838 -0.525263
0 168 212 0.948611 0.222211 -0.225297 0.721055 -0.177931 0.963309 0.200938 -0.0840088 0.261681 -0.150525 0.953344 -0.687766
0 169 228 0.970155 0.156465 -0.18525 0.715983 -0.128971 0.979897 0.152212 -0.0412944 0.205342 -0.123777 0.970832 -0.696895
0 170 258 0.990933 0.0842396 -0.104672 0.446546 -0.0670576 0.985157 0.158014 0.0517388 0.11643 -0.149562 0.981873 -0.893263
0 171 285 0.994051 0.0523545 -0.0955043 0.321886 -0.034454 0.983014 0.180266 0.0297729 0.10332 -0.175904 0.97897 -0.94631
0 172 326 0.98355 0.092304 -0.155272 0.379056 -0.0637567 0.981653 0.179702 0.050083 0.16901 -0.166846 0.97139 -0.924018
1 2 356 0.999967 0.00322694 -0.00751251 0.820687 -0.00321743 0.999994 0.00127823 -0.281162 0.00751659 -0.00125402 0.999971 0.497414
1 3 855 0.999588 -0.00410755 -0.0283994 0.949176 0.00407578 0.999991 -0.00117645 -0.0508559 0.0284039 0.00106021 0.999596 0.31061
1 4 693 0.997089 0.0270385 -0.0712961 0.986585 -0.027084 0.999633 0.000328795 -0.0920656 0.0712788 0.00160315 0.997455 0.134809
1 5 578 0.994241 0.0444622 -0.0975106 0.98335 -0.0455441 0.998923 -0.00889642 -0.0718859 0.09701 0.0132862 0.995195 0.166901
1 6 454 0.980754 0.0587352 -0.186202 0.982501 -0.0584939 0.998265 0.0067946 -0.0171899 0.186278 0.00422782 0.982488 0.185464
1 7 273 0.989506 0.0461034 -0.136939 0.969494 -0.049561 0.99853 -0.0219459 -0.0935587 0.135726 0.0285024 0.990336 0.226559
1 8 218 0.979604 0.0715864 -0.187756 0.996341 -0.0754158 0.997063 -0.0133228 -0.0753391 0.186251 0.0272109 0.982125 0.0403589
1 9 196 0.975307 0.0981392 -0.197852 0.996057 -0.1047 0.994239 -0.0229503 -0.00904488 0.19446 0.0430986 0.979963 -0.0882511
1 10 127 0.948765 0.147136 -0.279636 0.989428 -0.141947 0.989112 0.0388345 -0.0115764 0.282306 0.0028487 0.95932 -0.144564
1 11 103 0.945005 0.157854 -0.286439 0.97755 -0.156495 0.987288 0.0277866 0.0779469 0.287184 0.0185676 0.957696 -0.195756
1 12 112 0.875619 0.227388 -0.42613 0.99308 -0.231248 0.971924 0.0434562 0.0416887 0.424047 0.0604908 0.903618 -0.109792
1 13 70 0.816902 0.268081 -0.510689 0.985883 -0.272147 0.959813 0.0685151 -0.0176989 0.508534 0.0830125 0.857031 -0.166496
1 14 73 0.896979 0.292611 -0.331371 0.968694 -0.280434 0.956088 0.0851575 -0.0343501 0.341738 0.0165432 0.939649 -0.245868
1 15 39 0.849618 0.527328 -0.00865171 0.458258 -0.511121 0.827328 0.232989 -0.362185 0.130019 -0.193529 0.972441 -0.811678
1 16 16 0.796942 0.53507 0.280327 0.465037 -0.579845 0.807702 0.106753 -0.209945 -0.1693 -0.247623 0.95395 0.860037
1 17 40 0.743286 0.633364 0.21535 0.232292 -0.668413 0.689954 0.277825 -0.670749 0.0273824 -0.350446 0.936182 -0.70437
1 18 14 0.422515 0.848733 0.318015 0.309612 -0.899642 0.435349 0.0333858 -0.132177 -0.110112 -0.300206 0.947498 0.941631
1 19 16 0.9777 0.190212 0.0890076 -0.331832 -0.193739 0.980506 0.0327524 0.111345 -0.0810426 -0.0492663 0.995492 -0.936744
1 20 26 -0.207968 0.966906 -0.147789 0.340127 0.837084 0.097772 -0.538266 0.171898 -0.506003 -0.235654 -0.829716 0.924535
1 21 13 -0.0875438 0.827372 0.55479 -0.317786 -0.991032 -0.128775 0.0356645 -0.276022 0.100951 -0.546693 0.831225 -0.907096
1 22 0 1 0 0 0 0 1 0 0 0 0 1 0
1 23 0 1 0 0 0 0 1 0 0 0 0 1 0
1 24 17 -0.667685 -0.0137494 -0.744317 0.101335 -0.184642 0.971647 0.147683 -0.12892 0.721183 0.236038 -0.651292 0.986464
1 25 0 1 0 0 0 0 1 0 0 0 0 1 0
1 26 0 1 0 0 0 0 1 0 0 0 0 1 0
1 27 15 -0.0883756 -0.960764 -0.262911 -0.0880862 0.993164 -0.105199 0.0505866 -0.333909 -0.0762598 -0.256643 0.963493 0.938481
1 28 10 0.40887 -0.808373 0.423508 0.322216 0.736448 0.566338 0.370007 -0.0614219 -0.538953 0.160607 0.826883 0.944671
1 29 10 0.915444 0.288934 0.28014 -0.342903 -0.209044 0.936216 -0.28249 0.278534 -0.343893 0.200042 0.917454 -0.897127
1 30 22 -0.94345 0.107706 -0.313531 0.408416 0.085286 0.992775 0.0844081 -0.0550433 0.320357 0.052895 -0.945819 0.911135
1 31 39 0.509683 0.214353 0.833232 -0.548149 -0.141097 -0.934529 0.326721 -0.30162 0.848714 -0.284091 -0.446069 0.780101
1 32 16 -0.961807 -0.2409 0.129978 -0.235115 0.195981 -0.937542 -0.287414 -0.179055 0.191098 -0.250964 0.948946 0.955333
1 33 20 -0.430897 0.874656 0.222046 -0.437176 -0.87345 -0.466077 0.140919 -0.598188 0.226746 -0.133224 0.964799 -0.671602
1 34 20 0.281114 -0.700025 -0.65646 0.407564 -0.564109 -0.673924 0.477082 -0.224942 -0.776374 0.2362 -0.58434 0.885038
1 35 21 -0.226265 0.148013 0.962755 -0.4135 -0.818454 -0.564799 -0.10552 0.0730131 0.528145 -0.811846 0.248936 0.907572
1 36 11 -0.364805 -0.916799 -0.16247 0.274529 0.913103 -0.318145 -0.255002 0.0083397 0.182096 -0.241378 0.953193 -0.961543
1 37 16 0.317318 -0.693816 -0.646474 0.0854912 -0.756018 -0.59662 0.269224 0.0814144 -0.572491 0.403317 -0.713855 0.993007
1 38 19 0.985862 0.153838 0.0664088 0.384882 -0.148675 0.985904 -0.0767433 -0.242388 -0.0772787 0.0657849 0.994837 0.890569
1 39 16 -0.452694 -0.852773 0.260472 -0.288223 0.775889 -0.520682 -0.356211 0.3241 0.43939 0.0408429 0.897367 -0.901047
1 40 26 -0.902583 0.401002 -0.156653 0.233599 0.151282 0.636091 0.756638 -0.299463 0.40306 0.65923 -0.63479 0.92507
1 41 19 -0.199737 -0.977588 -0.066534 0.0520143 -0.768467 0.198414 -0.608351 0.357387 0.607918 -0.0703809 -0.790874 0.932507
1 42 11 0.529988 -0.664149 -0.527275 0.397762 0.800591 0.596872 0.0528969 -0.162868 0.279584 -0.450166 0.848046 -0.902917
1 43 14 -0.693133 0.476669 0.540697 -0.292449 -0.688524 -0.659822 -0.300948 0.166859 0.213311 -0.580879 0.785543 0.941611
1 44 22 0.22526 -0.892302 0.391224 -0.401851 -0.344681 -0.448561 -0.824614 0.192284 0.911292 0.0509051 -0.408603 0.895289
1 45 13 0.562868 -0.391689 0.727845 0.0358176 -0.167548 -0.916374 -0.363575 -0.0528708 0.809387 0.0826955 -0.581425 0.997959
1 46 0 1 0 0 0 0 1 0 0 0 0 1 0
1 47 0 1 0 0 0 0 1 0 0 0 0 1 0
1 48 21 -0.290463 -0.76263 -0.577951 0.044029 0.928199 -0.0777714 -0.363867 0.287685 0.232547 -0.642143 0.730462 0.956713
1 49 11 0.988405 -0.0939866 -0.119257 0.00990667 0.061815 0.966443 -0.249332 0.288154 0.138689 0.239069 0.961047 -0.957533
1 50 19 -0.177764 -0.983804 0.0230163 -0.137184 -0.844554 0.164525 0.509568 -0.369247 -0.505102 0.0711446 -0.860122 0.91915
1 51 21 -0.944998 -0.038527 -0.3248 0.29199 -0.108703 0.973586 0.200786 -0.169908 0.308485 0.225049 -0.924224 0.941208
1 52 0 1 0 0 0 0 1 0 0 0 0 1 0
1 53 0 1 0 0 0 0 1 0 0 0 0 1 0
1 54 0 1 0 0 0 0 1 0 0 0 0 1 0
1 55 21 -0.0566058 0.694559 0.717206 -0.417617 0.948998 -0.185733 0.254768 -0.306609 0.31016 0.695048 -0.648621 0.855329
1 56 17 -0.703664 -0.696393 0.141046 -0.0860682 -0.710158 0.682852 -0.171428 0.152719 0.023068 -0.220793 -0.975048 0.984515
1 57 18 -0.35624 -0.159803 -0.920628 0.919589 0.15316 -0.981927 0.111178 -0.173052 -0.921756 -0.101398 0.374277 -0.352717
1 58 11 0.829343 -0.510164 -0.227866 0.387196 0.516525 0.855536 -0.0354877 0.123221 0.213052 -0.088267 0.973046 -0.913726
1 59 0 1 0 0 0 0 1 0 0 0 0 1 0
1 60 10 -0.683493 0.649594 0.332964 -0.269628 -0.630598 -0.755208 0.178905 0.128379 0.367673 -0.087686 0.925812 0.954369
1 61 27 0.783861 -0.00137008 0.620935 -0.45859 0.2066 -0.942447 -0.262889 -0.0737815 0.585558 0.334353 -0.738465 0.88558
1 62 0 1 0 0 0 0 1 0 0 0 0 1 0
1 63 12 -0.608429 0.777921 -0.157012 0.460434 -0.792961 -0.603902 0.0807162 -0.0746714 -0.0320287 0.173614 0.984293 -0.884548
1 64 0 1 0 0 0 0 1 0 0 0 0 1 0
1 65 0 1 0 0 0 0 1 0 0 0 0 1 0
1 66 22 -0.26437 0.897031 -0.354182 0.198046 0.873803 0.0673744 -0.481591 0.200931 -0.408139 -0.436803 -0.801639 0.959377
1 67 10 -0.445151 0.856199 0.262228 -0.274015 -0.891697 -0.450652 -0.0423002 0.0536695 0.0819562 -0.252658 0.964078 -0.960227
1 68 0 1 0 0 0 0 1 0 0 0 0 1 0
1 69 0 1 0 0 0 0 1 0 0 0 0 1 0
1 70 27 0.0651902 0.992737 0.10111 0.024844 0.182176 0.0877824 -0.97934 0.385293 -0.981102 0.0822631 -0.17513 0.92246
1 71 28 0.197337 0.976911 0.0818704 0.0775633 0.406323 -0.00550338 -0.913713 0.384466 -0.892166 0.213575 -0.398027 0.919875
1 72 25 -0.249573 -0.944749 -0.212516 0.546027 0.960796 -0.214219 -0.176015 0.114398 0.120765 -0.248113 0.961174 0.82992
1 73 0 1 0 0 0 0 1 0 0 0 0 1 0
1 74 10 -0.652022 -0.717073 -0.246319 0.226496 0.716221 -0.689113 0.110231 -0.0546482 -0.248785 -0.104546 0.9629 0.972478
1 75 16 0.498617 -0.416386 -0.760265 0.24678 -0.122061 0.834605 -0.537154 0.252654 0.858185 0.360634 0.365324 0.935556
1 76 14 -0.0503884 0.647217 0.760638 0.372552 -0.747902 0.48029 -0.458217 -0.0649129 -0.661894 -0.591972 0.459854 0.925738
1 77 18 -0.473016 -0.682957 -0.55662 0.469484 -0.851767 0.516009 0.0907033 -0.165958 0.225275 0.517014 -0.825801 0.867204
1 78 32 0.527018 0.180949 0.830367 -0.264815 -0.187146 -0.928376 0.321084 -0.29452 0.828993 -0.324616 -0.455407 0.918221
1 79 22 -0.623609 0.776937 0.0864882 0.136564 0.755426 0.627383 -0.189006 -0.0340971 -0.201107 -0.0525308 -0.97816 0.990044
1 80 0 1 0 0 0 0 1 0 0 0 0 1 0
1 81 17 0.395859 -0.905538 0.152634 -0.0934176 -0.87163 -0.318191 0.372847 -0.277677 -0.28906 -0.280635 -0.915253 0.956122
1 82 11 0.752483 0.657056 -0.0452411 -0.0960674 -0.641322 0.746634 0.176759 0.20716 0.149919 -0.103994 0.983214 0.973579
1 83 16 -0.990749 -0.113596 0.0742424 0.0754767 -0.0718271 0.903126 0.423326 -0.0292364 -0.115138 0.414077 -0.90293 0.996719
1 84 23 -0.280006 0.75044 0.598696 -0.50277 0.813808 0.516361 -0.266625 0.210518 -0.509229 0.412567 -0.755297 0.838394
1 85 35 0.948518 -0.306008 -0.0816826 0.209717 -0.307194 -0.826079 -0.472468 -0.0153557 0.0771029 0.473237 -0.877555 0.977641
1 86 11 0.95991 -0.271482 0.0697938 -0.0364285 0.274626 0.960714 -0.0401235 0.0690503 -0.056159 0.0576822 0.996754 -0.996948
1 87 0 1 0 0 0 0 1 0 0 0 0 1 0
1 88 23 -0.904245 -0.164907 -0.393887 0.217502 -0.248799 0.953139 0.17212 -0.11249 0.347045 0.253637 -0.9029 0.969556
1 89 28 0.0385379 0.299228 -0.953403 0.513017 0.694735 -0.693807 -0.189671 -0.0217687 -0.718233 -0.655053 -0.234622 0.858102
1 90 11 -0.216897 0.951289 0.2191 -0.148304 -0.968153 -0.180873 -0.1731 -0.198776 -0.125039 -0.249667 0.960225 0.968759
1 91 0 1 0 0 0 0 1 0 0 0 0 1 0
1 92 15 0.687572 0.7164 -0.118389 0.20744 -0.723176 0.690282 -0.0229622 -0.271708 0.0652714 0.101404 0.992702 0.939757
1 93 0 1 0 0 0 0 1 0 0 0 0 1 0
1 94 16 0.728799 0.639676 -0.244268 0.233888 0.667768 -0.74289 0.0469121 -0.15379 -0.151455 -0.197303 -0.968572 0.960023
1 95 21 -0.433742 0.57472 0.693948 -0.43877 0.797559 0.60324 -0.00109445 -0.0864023 -0.419247 0.55299 -0.720024 0.894436
1 96 19 0.738015 -0.56789 0.364465 -0.117612 -0.627262 -0.77647 0.0603038 -0.204021 0.24875 -0.27312 -0.929262 0.971876
1 97 18 -0.672349 -0.606571 -0.424286 0.491662 -0.721113 0.666148 0.190375 0.091705 0.167161 0.433956 -0.88529 0.865944
1 98 0 1 0 0 0 0 1 0 0 0 0 1 0
1 99 11 0.939828 -0.337971 -0.0499877 -0.398703 0.316772 0.916828 -0.243067 0.0434038 0.12798 0.212607 0.968721 0.916053
1 100 22 0.948483 -0.297871 -0.107953 0.150883 -0.275393 -0.943571 0.183934 -0.191339 -0.156649 -0.144729 -0.976993 0.969858
1 101 0 1 0 0 0 0 1 0 0 0 0 1 0
1 102 16 0.251215 -0.926889 -0.278868 -0.00451366 0.967724 0.246474 0.0525434 -0.40625 0.0200316 -0.283067 0.958891 0.913751
1 103 0 1 0 0 0 0 1 0 0 0 0 1 0
1 104 13 0.958319 -0.236479 0.160321 -0.319948 0.246293 0.968192 -0.0440993 0.128719 -0.144793 0.0817469 0.986079 -0.938651
1 105 21 0.901291 -0.22268 -0.371602 0.328876 0.197877 0.97468 -0.104134 -0.107742 0.385381 0.0203234 0.922534 0.938207
1 106 17 -0.747127 0.432525 0.504701 -0.0426446 0.537621 0.839735 0.0762138 -0.200867 -0.39085 0.328279 -0.859924 0.97869
1 107 33 0.478999 0.756134 0.445893 -0.379086 0.872676 -0.46507 -0.148816 -0.192867 0.0948469 0.460403 -0.882628 0.905039
1 108 36 -0.181216 0.429445 0.884724 -0.485153 0.814587 0.569587 -0.109628 -0.100714 -0.551007 0.700819 -0.453039 0.86861
1 109 13 0.727397 0.142441 -0.671271 0.515918 -0.0934673 0.989668 0.108722 0.0901173 0.679822 -0.016342 0.733195 -0.851884
1 110 22 0.660612 0.433947 -0.612603 0.362383 0.676735 -0.697478 0.235699 -0.353861 -0.324996 -0.570275 -0.754429 0.862242
1 111 20 -0.934471 -0.163643 0.316205 -0.290454 0.104069 -0.974872 -0.196965 0.216441 0.340491 -0.15115 0.928019 -0.932089
1 112 36 0.00945799 0.646391 0.762947 -0.493553 0.996901 0.0534956 -0.0576813 -0.148978 -0.078099 0.761128 -0.643882 0.856861
1 113 12 0.664313 0.608346 -0.434285 -0.413388 -0.645151 0.760079 0.0778507 0.0675534 0.377451 0.228462 0.897405 0.908046
1 114 47 -0.701085 0.0732104 -0.70931 0.464504 -0.0420426 0.988741 0.143607 -0.0776652 0.711838 0.130502 -0.690113 0.882159
1 115 44 -0.457727 0.507053 0.730331 -0.368995 -0.003386 0.820434 -0.571731 0.342607 -0.889086 -0.26417 -0.373818 0.863981
1 116 28 0.930031 -0.360869 -0.069392 -0.175861 -0.363489 -0.875622 -0.318059 -0.0195758 0.0540164 0.321028 -0.945528 0.98422
1 117 24 0.786303 0.439516 -0.434228 -0.155773 -0.244906 0.866964 0.434045 -0.0352629 0.567229 -0.234946 0.789336 0.987163
1 118 48 -0.072364 -0.146196 -0.986605 0.530897 -0.301768 0.946044 -0.118052 0.157019 0.950631 0.289183 -0.112577 0.832762
1 119 41 0.84736 -0.0346929 -0.529884 0.217503 -0.0415595 0.99047 -0.131308 0.47218 0.52939 0.133287 0.837843 0.854248
1 120 34 0.737464 0.257609 -0.624328 0.814506 -0.245698 0.96339 0.107291 -0.141356 0.629111 0.074273 0.773759 -0.56267
1 121 43 0.987291 -0.000750707 -0.158922 -0.681534 0.0238738 0.989342 0.143641 -0.236628 0.157121 -0.145609 0.976786 -0.692473
1 122 49 0.591052 0.383662 -0.70955 0.816409 -0.313458 0.919754 0.236213 -0.187532 0.743238 0.0827999 0.663884 -0.546175
1 123 52 0.925102 0.0532711 0.375963 -0.976055 -0.151217 0.959896 0.236078 -0.155666 -0.348309 -0.275249 0.896057 -0.151937
1 124 47 0.729188 0.447753 -0.517496 0.293097 -0.504905 0.862473 0.0347896 0.42652 0.461904 0.235918 0.854978 -0.855672
1 125 80 0.967295 0.251891 -0.0298717 -0.64515 -0.253532 0.956413 -0.144897 0.441707 -0.00792851 0.147731 0.988996 -0.623438
1 126 54 0.852955 0.354634 -0.383017 -0.0426223 -0.400049 0.915472 -0.0432535 0.441226 0.335303 0.190119 0.922728 -0.896383
1 127 87 0.818197 0.187949 0.54335 -0.969294 -0.256469 0.965133 0.0523544 0.129258 -0.514565 -0.182189 0.837872 -0.209192
1 128 76 0.778638 0.488056 -0.394366 0.0995903 -0.34292 0.857322 0.383934 -0.343887 0.525479 -0.16371 0.834907 -0.933715
1 129 85 0.875898 0.367004 -0.313225 0.0238549 -0.435398 0.880955 -0.185331 0.600643 0.20792 0.298709 0.931419 -0.799161
1 130 91 0.909198 0.306531 -0.281776 0.0422464 -0.396921 0.842494 -0.364223 0.770902 0.125749 0.442994 0.887662 -0.635551
1 131 92 0.957142 0.252481 -0.141889 -0.131039 -0.266969 0.959083 -0.0942731 0.360264 0.112281 0.128113 0.985383 -0.923601
1 132 122 0.971034 0.214307 -0.105669 -0.0912341 -0.225724 0.96779 -0.111494 0.358567 0.0783716 0.132116 0.988131 -0.929035
1 133 121 0.968702 0.206513 -0.13773 0.0443682 -0.223842 0.966566 -0.125084 0.378696 0.107294 0.151999 0.98254 -0.924457
1 134 125 0.963401 0.212436 -0.163494 0.139232 -0.22299 0.973591 -0.0489498 0.27836 0.148777 0.0836158 0.985329 -0.950332
1 135 127 0.9653 0.195153 -0.173529 0.230623 -0.202389 0.97899 -0.0248548 0.311919 0.165032 0.0591126 0.984515 -0.921694
1 136 129 0.975942 0.206445 -0.0701263 0.137063 -0.201026 0.97654 0.0771857 0.147379 0.0844157 -0.0612316 0.994547 -0.979537
1 137 77 0.977046 0.185198 -0.105274 0.345143 -0.181435 0.982402 0.0443529 0.160407 0.111636 -0.0242343 0.993454 -0.924741
1 138 63 0.99532 0.0962115 -0.00898032 0.313905 -0.0960953 0.995293 0.0125777 0.204394 0.0101482 -0.0116558 0.999881 -0.927193
1 139 69 0.995258 0.0309103 0.0922263 0.291874 -0.0363244 0.997678 0.0576152 0.148649 -0.0902312 -0.0606921 0.99407 -0.944835
1 140 76 0.983229 -0.074712 0.166368 0.251913 0.0554753 0.991532 0.117417 0.13745 -0.173731 -0.106219 0.979048 -0.957939
1 141 59 0.947705 -0.211317 0.239165 0.134906 0.180677 0.972982 0.143746 0.160115 -0.263079 -0.0930169 0.96028 -0.977836
1 142 82 0.939141 -0.284389 0.192712 0.106614 0.261183 0.955488 0.137212 0.173118 -0.223155 -0.0785279 0.971615 -0.979114
1 143 96 0.950943 -0.29011 0.107438 0.122106 0.277412 0.953363 0.118921 0.168681 -0.136928 -0.0832825 0.987074 -0.978078
1 144 187 0.985596 -0.168987 0.00669789 0.16746 0.167789 0.982034 0.0863449 0.147099 -0.0211687 -0.0839773 0.996243 -0.974843
1 145 294 0.993702 0.0420535 -0.103868 0.29018 -0.0322163 0.994991 0.0946336 0.0434159 0.107327 -0.0906913 0.990079 -0.955987
1 146 299 0.974032 0.090801 -0.207407 0.597162 -0.0851148 0.995713 0.0361961 0.158076 0.209805 -0.0176028 0.977585 -0.78639
1 147 344 0.960626 0.175191 -0.215652 0.591762 -0.15325 0.981508 0.114702 0.0171791 0.231759 -0.0771371 0.96971 -0.80593
1 148 324 0.930943 0.204735 -0.302372 0.858069 -0.174964 0.97689 0.122773 -0.0495511 0.320521 -0.0613902 0.94525 -0.511139
1 149 303 0.908587 0.269487 -0.319134 0.885372 -0.23065 0.960683 0.154563 -0.218319 0.348239 -0.0668262 0.935021 -0.41043
1 150 198 0.921614 0.308805 -0.23509 0.926255 -0.291837 0.950715 0.104743 -0.261887 0.255848 -0.0279248 0.966313 -0.271047
1 151 198 0.922005 0.27177 -0.275766 0.967782 -0.266226 0.962158 0.0581092 -0.192356 0.281122 0.0198389 0.959467 -0.162471
1 152 146 0.859727 0.314528 -0.402421 0.960582 -0.318934 0.946 0.0580166 -0.27327 0.398938 0.0784673 0.913615 -0.0510425
1 153 84 0.909216 0.309744 -0.27818 0.969591 -0.328924 0.944054 -0.0238971 -0.234826 0.255215 0.113228 0.960232 0.0689148
1 154 90 0.915674 0.343556 -0.20859 0.951516 -0.344796 0.938147 0.0315707 -0.275283 0.206534 0.0430126 0.977493 -0.137244
1 155 89 0.789916 0.417643 -0.449007 0.936901 -0.387364 0.907472 0.162613 -0.346816 0.475375 0.0454782 0.878607 0.0439963
1 156 86 0.731495 0.423849 -0.534104 0.930551 -0.381288 0.903672 0.194925 -0.332827 0.565274 0.061061 0.82264 0.152645
1 157 68 0.809111 0.367933 -0.45822 0.941034 -0.32868 0.929712 0.166148 -0.262826 0.487144 0.0161755 0.873172 0.213021
1 158 73 0.925463 0.287754 -0.246407 0.940513 -0.26326 0.956209 0.127902 -0.24109 0.272421 -0.0534997 0.96069 0.239397
1 159 98 0.792638 0.379992 -0.476792 0.943855 -0.265172 0.919043 0.291622 -0.303931 0.549007 -0.104719 0.829232 0.129475
1 160 91 0.824354 0.358783 -0.437852 0.957473 -0.258357 0.926693 0.272933 -0.246257 0.503678 -0.111871 0.856617 0.150345
1 161 110 0.832171 0.342561 -0.436053 0.965956 -0.243651 0.932272 0.2674 -0.253217 0.498121 -0.116277 0.859276 0.0530127
1 162 117 0.825855 0.343537 -0.447154 0.969802 -0.250616 0.933984 0.254688 -0.238185 0.505129 -0.0982714 0.857431 0.0524695
1 163 120 0.861142 0.311553 -0.401709 0.975787 -0.231151 0.943753 0.23643 -0.216411 0.452774 -0.110745 0.884721 -0.0317239
1 164 136 0.871263 0.282512 -0.401357 0.97501 -0.218933 0.955572 0.197361 -0.203373 0.439282 -0.0840833 0.894406 -0.0894122
1 165 136 0.899942 0.256026 -0.352924 0.959641 -0.203669 0.962551 0.178926 -0.136128 0.385517 -0.0891437 0.918385 -0.246085
1 166 179 0.90604 0.247534 -0.343248 0.91186 -0.189603 0.962569 0.19368 -0.107737 0.378342 -0.110401 0.919059 -0.396111
1 167 205 0.942922 0.248021 -0.222223 0.759494 -0.211032 0.961246 0.177402 -0.0793272 0.257611 -0.12038 0.958721 -0.64566
1 168 248 0.932181 0.221164 -0.286575 0.810881 -0.166577 0.964939 0.202842 -0.0895835 0.321389 -0.141348 0.936338 -0.578314
1 169 252 0.984432 0.136493 -0.110736 0.544493 -0.120033 0.982313 0.14371 -0.0331475 0.128393 -0.12818 0.983405 -0.83811
1 170 275 0.993117 0.0699677 -0.093936 0.411549 -0.0548564 0.986425 0.154777 0.04849 0.10349 -0.148559 0.983473 -0.910097
1 171 304 0.99239 0.0384926 -0.116965 0.365465 -0.0202231 0.987935 0.153541 0.095437 0.121464 -0.150007 0.981195 -0.92592
1 172 346 0.989922 0.083952 -0.114047 0.249279 -0.0611896 0.979845 0.190159 0.00145777 0.127713 -0.181264 0.975107 -0.968431
2 3 399 0.999952 -0.00977501 -0.00014359 0.988058 0.00977499 0.999952 -0.000146784 0.0339632 0.000145018 0.000145373 1 -0.15029
2 4 789 0.997005 0.0238542 -0.07357 0.998769 -0.0238305 0.999715 0.00119953 -0.0383001 0.0735777 0.000557274 0.997289 -0.0315144
2 5 618 0.99545 0.0439627 -0.0845424 0.99539 -0.0448197 0.998961 -0.0082644 -0.0483206 0.0840913 0.012016 0.996386 0.0828427
2 6 501 0.991738 0.0512238 -0.117611 0.994324 -0.0506494 0.998685 0.00786946 -0.00565537 0.117859 -0.00184751 0.993029 0.106239
2 7 316 0.988352 0.0463574 -0.144954 0.981987 -0.048714 0.998731 -0.0127487 -0.106598 0.144179 0.0196615 0.989356 0.156008
2 8 258 0.98392 0.0619439 -0.167527 0.999745 -0.0676639 0.997297 -0.0286486 -0.0214672 0.165299 0.0395235 0.985451 -0.00701403
2 9 191 0.965344 0.110832 -0.23628 0.991059 -0.11649 0.993141 -0.0100788 -0.0159506 0.233542 0.0372537 0.971633 -0.132466
2 10 124 0.96287 0.127707 -0.237848 0.974637 -0.131093 0.991369 0.00159238 0.0898008 0.235998 0.029647 0.971301 -0.204986
2 11 126 0.922403 0.168231 -0.347665 0.962405 -0.165555 0.985483 0.037621 0.0734642 0.348947 0.0228561 0.936864 -0.261495
2 12 116 0.887779 0.219022 -0.404818 0.979495 -0.221537 0.974278 0.0412852 0.0600662 0.403447 0.0530298 0.913465 -0.192304
2 13 82 0.850317 0.262158 -0.456326 0.972077 -0.272768 0.961079 0.0438613 0.0356949 0.450064 0.0871753 0.888731 -0.23193
