0 1 193 0.999951 0.00961555 0.00245333 0.108575 -0.00962233 0.99995 0.00276664 0.109592 -0.0024266 -0.00279012 0.999993 0.988029
0 2 1444 0.999765 0.0145398 0.0160547 -0.316896 -0.0144993 0.999891 -0.00263664 0.127225 -0.0160913 0.00240324 0.999868 0.939889
0 3 3063 0.999972 0.00079423 -0.00737483 0.901307 -0.000772829 0.999995 0.00290417 -0.0936183 0.0073771 -0.00289839 0.999969 0.422944
0 4 2910 0.997164 0.0272426 -0.0701571 0.9266 -0.0275799 0.999612 -0.00384458 -0.00823296 0.0700252 0.0057686 0.997529 0.375958
0 5 2312 0.98804 0.0554281 -0.143892 0.980129 -0.0553808 0.998456 0.00433735 -0.106108 0.14391 0.00368336 0.989584 0.167594
0 6 1730 0.987785 0.0632262 -0.142419 0.979424 -0.0620525 0.997992 0.0126719 -0.0330189 0.142934 -0.00367966 0.989725 0.199094
0 7 1220 0.988821 0.0500863 -0.140445 0.967839 -0.0531355 0.998424 -0.0180434 -0.0947364 0.13932 0.0253042 0.989924 0.233051
0 8 861 0.969077 0.0891481 -0.230094 0.99393 -0.0919321 0.995764 -0.00138511 -0.0868697 0.228996 0.0224953 0.973167 0.0674991
0 9 647 0.969785 0.113844 -0.21577 0.998141 -0.118952 0.992841 -0.0107948 -0.027875 0.212997 0.0361349 0.976385 -0.0541958
0 10 445 0.897604 0.159897 -0.410779 0.999807 -0.164468 0.986079 0.0244517 0.0187363 0.40897 0.0456121 0.911407 -0.00592093
0 11 360 0.865009 0.213759 -0.453947 0.997222 -0.197706 0.976725 0.0831953 -0.0238693 0.461165 0.0177831 0.887136 -0.0705579
0 12 307 0.741605 0.285146 -0.607218 0.997353 -0.261302 0.956461 0.130016 -0.071555 0.617853 0.0622463 0.783826 -0.0128806
0 13 234 0.823254 0.259548 -0.504864 0.987894 -0.279157 0.959491 0.038064 0.0376581 0.494292 0.1096 0.862359 -0.150491
0 14 156 0.993991 0.105034 -0.030826 -0.258476 -0.104182 0.994163 0.0280411 0.105068 0.0335913 -0.024661 0.999131 -0.960287
0 15 130 0.991147 0.132121 0.0130978 -0.273763 -0.132392 0.99094 0.0225817 0.295429 -0.00999562 -0.0241159 0.999659 -0.915301
0 16 88 0.195889 -0.368993 -0.908555 0.577421 -0.980496 -0.0888085 -0.175332 0.148318 -0.015991 0.92518 -0.379192 0.802862
0 17 22 0.999395 -0.0284023 0.020061 -0.328924 0.029136 0.99888 -0.0372795 0.213506 -0.0189797 0.0378414 0.999103 -0.919904
0 18 30 0.999168 0.0357364 0.0196686 -0.321995 -0.0358143 0.999352 0.00362295 0.178286 -0.0195264 -0.00432435 0.9998 -0.929803
0 19 0 1 0 0 0 0 1 0 0 0 0 1 0
0 20 0 1 0 0 0 0 1 0 0 0 0 1 0
0 21 0 1 0 0 0 0 1 0 0 0 0 1 0
0 22 0 1 0 0 0 0 1 0 0 0 0 1 0
0 23 0 1 0 0 0 0 1 0 0 0 0 1 0
0 24 0 1 0 0 0 0 1 0 0 0 0 1 0
0 25 0 1 0 0 0 0 1 0 0 0 0 1 0
0 26 0 1 0 0 0 0 1 0 0 0 0 1 0
0 27 0 1 0 0 0 0 1 0 0 0 0 1 0
0 28 0 1 0 0 0 0 1 0 0 0 0 1 0
0 29 0 1 0 0 0 0 1 0 0 0 0 1 0
0 30 0 1 0 0 0 0 1 0 0 0 0 1 0
0 31 0 1 0 0 0 0 1 0 0 0 0 1 0
0 32 0 1 0 0 0 0 1 0 0 0 0 1 0
0 33 0 1 0 0 0 0 1 0 0 0 0 1 0
0 34 0 1 0 0 0 0 1 0 0 0 0 1 0
0 35 0 1 0 0 0 0 1 0 0 0 0 1 0
0 36 0 1 0 0 0 0 1 0 0 0 0 1 0
0 37 0 1 0 0 0 0 1 0 0 0 0 1 0
0 38 0 1 0 0 0 0 1 0 0 0 0 1 0
0 39 0 1 0 0 0 0 1 0 0 0 0 1 0
0 40 0 1 0 0 0 0 1 0 0 0 0 1 0
0 41 0 1 0 0 0 0 1 0 0 0 0 1 0
0 42 0 1 0 0 0 0 1 0 0 0 0 1 0
0 43 0 1 0 0 0 0 1 0 0 0 0 1 0
0 44 0 1 0 0 0 0 1 0 0 0 0 1 0
0 45 0 1 0 0 0 0 1 0 0 0 0 1 0
0 46 15 -0.801709 -0.597639 -0.00948709 0.0245275 0.597709 -0.801668 -0.00846045 -0.295327 -0.0025492 -0.0124533 0.999919 0.955081
0 47 0 1 0 0 0 0 1 0 0 0 0 1 0
0 48 0 1 0 0 0 0 1 0 0 0 0 1 0
0 49 0 1 0 0 0 0 1 0 0 0 0 1 0
0 50 0 1 0 0 0 0 1 0 0 0 0 1 0
0 51 0 1 0 0 0 0 1 0 0 0 0 1 0
0 52 0 1 0 0 0 0 1 0 0 0 0 1 0
0 53 0 1 0 0 0 0 1 0 0 0 0 1 0
0 54 0 1 0 0 0 0 1 0 0 0 0 1 0
0 55 0 1 0 0 0 0 1 0 0 0 0 1 0
0 56 0 1 0 0 0 0 1 0 0 0 0 1 0
0 57 0 1 0 0 0 0 1 0 0 0 0 1 0
0 58 0 1 0 0 0 0 1 0 0 0 0 1 0
0 59 0 1 0 0 0 0 1 0 0 0 0 1 0
0 60 0 1 0 0 0 0 1 0 0 0 0 1 0
0 61 0 1 0 0 0 0 1 0 0 0 0 1 0
0 62 0 1 0 0 0 0 1 0 0 0 0 1 0
0 63 0 1 0 0 0 0 1 0 0 0 0 1 0
0 64 0 1 0 0 0 0 1 0 0 0 0 1 0
0 65 0 1 0 0 0 0 1 0 0 0 0 1 0
0 66 0 1 0 0 0 0 1 0 0 0 0 1 0
0 67 0 1 0 0 0 0 1 0 0 0 0 1 0
0 68 12 0.883727 0.440442 0.15823 -0.0499491 -0.430642 0.897664 -0.093528 -0.230463 -0.183231 0.0145127 0.982963 0.971798
0 69 0 1 0 0 0 0 1 0 0 0 0 1 0
0 70 17 -0.00265257 0.903692 -0.428175 0.21488 0.99893 -0.0173785 -0.0428669 0.0405376 -0.0461794 -0.42783 -0.902679 0.975799
0 71 16 0.446009 -0.79614 0.408948 0.238722 0.883261 0.465364 -0.0573359 0.0655344 -0.144662 0.38678 0.910755 0.968874
0 72 19 0.731494 -0.664702 -0.151947 0.294138 -0.655644 -0.74688 0.110915 0.0379029 -0.187211 0.0184895 -0.982146 0.955011
0 73 0 1 0 0 0 0 1 0 0 0 0 1 0
0 74 0 1 0 0 0 0 1 0 0 0 0 1 0
0 75 0 1 0 0 0 0 1 0 0 0 0 1 0
0 76 0 1 0 0 0 0 1 0 0 0 0 1 0
0 77 0 1 0 0 0 0 1 0 0 0 0 1 0
0 78 0 1 0 0 0 0 1 0 0 0 0 1 0
0 79 0 1 0 0 0 0 1 0 0 0 0 1 0
0 80 0 1 0 0 0 0 1 0 0 0 0 1 0
0 81 28 -0.560341 -0.826228 0.0580101 0.373357 -0.827707 0.556026 -0.0757344 -0.0253576 0.0303187 -0.0904524 -0.995439 0.927341
0 82 13 -0.0348525 -0.818933 0.57283 0.336831 0.998401 -0.0540597 -0.0165397 0.011715 0.044512 0.571337 0.819507 0.941492
0 83 17 0.669947 -0.741448 -0.0377631 0.269408 -0.725028 -0.664357 0.181559 0.0185888 -0.159705 -0.0942553 -0.982655 0.962847
0 84 20 -0.666412 0.738336 0.103708 -0.149924 0.608967 0.619266 -0.49565 0.240464 -0.430179 -0.267152 -0.862308 0.95901
0 85 27 0.6324 -0.770119 0.083589 0.0939106 -0.768709 -0.610564 0.190522 -0.0550869 -0.0956879 -0.184742 -0.978118 0.994055
0 86 17 0.908717 -0.412697 0.062565 0.0382755 -0.415045 -0.877413 0.240589 -0.0409752 -0.0443951 -0.244595 -0.968609 0.998427
0 87 26 0.723912 -0.586132 -0.36387 0.0157388 -0.483707 -0.807294 0.338089 -0.0827332 -0.491915 -0.0687405 -0.867926 0.996447
0 88 13 -0.995839 -0.0639491 0.0649274 -0.029803 -0.0703876 0.992263 -0.102275 -0.124039 -0.0578847 -0.106419 -0.992635 0.99183
0 89 22 -0.980151 0.197138 -0.0209978 0.0202198 -0.198189 -0.977008 0.0785914 -0.126551 -0.00502173 0.081193 0.996686 0.991754
0 90 20 -0.990888 0.088924 0.101159 0.0670789 0.0777458 0.990937 -0.109538 -0.160187 -0.109983 -0.100675 -0.988822 0.984805
0 91 0 1 0 0 0 0 1 0 0 0 0 1 0
0 92 0 1 0 0 0 0 1 0 0 0 0 1 0
0 93 0 1 0 0 0 0 1 0 0 0 0 1 0
0 94 0 1 0 0 0 0 1 0 0 0 0 1 0
0 95 0 1 0 0 0 0 1 0 0 0 0 1 0
0 96 0 1 0 0 0 0 1 0 0 0 0 1 0
0 97 0 1 0 0 0 0 1 0 0 0 0 1 0
0 98 0 1 0 0 0 0 1 0 0 0 0 1 0
0 99 0 1 0 0 0 0 1 0 0 0 0 1 0
0 100 0 1 0 0 0 0 1 0 0 0 0 1 0
0 101 0 1 0 0 0 0 1 0 0 0 0 1 0
0 102 0 1 0 0 0 0 1 0 0 0 0 1 0
0 103 12 0.452286 -0.852885 -0.260813 0.0307269 -0.885795 -0.463648 -0.0199157 -0.136087 -0.10394 0.240035 -0.965184 0.99022
0 104 0 1 0 0 0 0 1 0 0 0 0 1 0
0 105 0 1 0 0 0 0 1 0 0 0 0 1 0
0 106 0 1 0 0 0 0 1 0 0 0 0 1 0
0 107 0 1 0 0 0 0 1 0 0 0 0 1 0
0 108 0 1 0 0 0 0 1 0 0 0 0 1 0
0 109 0 1 0 0 0 0 1 0 0 0 0 1 0
0 110 0 1 0 0 0 0 1 0 0 0 0 1 0
0 111 0 1 0 0 0 0 1 0 0 0 0 1 0
0 112 0 1 0 0 0 0 1 0 0 0 0 1 0
0 113 0 1 0 0 0 0 1 0 0 0 0 1 0
0 114 0 1 0 0 0 0 1 0 0 0 0 1 0
0 115 0 1 0 0 0 0 1 0 0 0 0 1 0
0 116 0 1 0 0 0 0 1 0 0 0 0 1 0
0 117 0 1 0 0 0 0 1 0 0 0 0 1 0
0 118 0 1 0 0 0 0 1 0 0 0 0 1 0
0 119 0 1 0 0 0 0 1 0 0 0 0 1 0
0 120 29 0.866691 0.163509 -0.471288 0.269122 -0.176099 0.984215 0.0176206 0.170587 0.46673 0.0677217 0.881803 -0.947878
0 121 62 0.0765108 -0.901977 -0.424952 -0.00510166 -0.993924 -0.0351732 -0.104296 0.112145 0.0791252 0.43035 -0.899187 0.993679
0 122 106 0.895806 0.225162 -0.383189 -0.0924239 -0.23833 0.971091 0.0134531 0.25276 0.375141 0.0792741 0.923572 -0.963104
0 123 135 0.786454 0.549958 0.281132 -0.392945 0.562125 -0.448704 -0.694752 0.150857 -0.255939 0.704422 -0.662031 0.907103
0 124 68 0.811257 0.057639 -0.581842 0.258984 -0.00734695 0.996055 0.0884284 -0.0608983 0.584643 -0.0674634 0.80848 -0.96396
0 125 83 0.719725 0.506681 -0.474627 0.210975 -0.475181 0.857937 0.195312 -0.0689933 0.506161 0.0849628 0.858244 -0.975054
0 126 77 0.507239 0.754011 0.417343 -0.414874 0.794956 -0.222364 -0.564446 0.135341 -0.332797 0.618079 -0.712197 0.899757
0 127 82 0.885842 0.444571 0.132815 -0.355303 0.379965 -0.530792 -0.757553 0.332162 -0.266289 0.721538 -0.639119 0.873744
0 128 25 -0.572485 -0.722203 -0.38818 0.147696 -0.796876 0.601535 0.056079 0.137008 0.193004 0.341436 -0.919876 0.979497
0 129 0 1 0 0 0 0 1 0 0 0 0 1 0
0 130 60 0.928722 0.245977 -0.277434 0.0167527 -0.238533 0.969227 0.0608336 0.124886 0.283861 0.00967965 0.958817 -0.99203
0 131 155 0.962185 0.23708 -0.134136 -0.151719 -0.237672 0.971274 0.0118178 0.17633 0.133085 0.0205095 0.990892 -0.972568
0 132 81 0.981234 0.182953 -0.0608966 -0.190742 -0.186507 0.980686 -0.0589081 0.256532 0.048943 0.0691603 0.996404 -0.947528
0 133 83 0.968685 0.23784 -0.0712858 -0.0621422 -0.239439 0.970801 -0.014669 0.19037 0.0657155 0.0312783 0.997348 -0.979744
0 134 110 0.985779 0.162102 -0.0442989 -0.104193 -0.151515 0.971384 0.182913 -0.197996 0.0726817 -0.173599 0.982131 -0.974649
0 135 163 0.612101 0.308504 -0.728119 0.925963 -0.126538 0.947108 0.294915 -0.208629 0.78059 -0.0883832 0.618764 -0.314747
0 136 220 0.97555 0.20521 -0.0786897 0.148104 -0.200281 0.9775 0.0661941 0.170989 0.0905028 -0.0488155 0.994699 -0.974078
0 137 54 0.95845 0.254915 0.128033 -0.119098 -0.272969 0.949917 0.152137 -0.0377081 -0.0828391 -0.180765 0.980032 -0.992166
0 138 16 0.672339 0.707999 0.216096 -0.0746723 -0.725116 0.688627 -0.000109446 -0.214455 -0.148887 -0.156621 0.976372 -0.973875
0 139 45 0.996882 0.0343488 0.0710418 0.334316 -0.0379985 0.997992 0.0506773 0.17215 -0.0691584 -0.0532187 0.996185 -0.926605
0 140 32 0.975439 -0.0202783 0.219334 0.164762 -0.0180775 0.985024 0.171465 -0.0227515 -0.219526 -0.171219 0.960465 -0.986071
0 141 80 0.950509 -0.213355 0.225858 0.15807 0.191663 0.974791 0.114224 0.231948 -0.244535 -0.0652826 0.96744 -0.959799
0 142 144 0.941712 -0.275562 0.192987 0.103171 0.250327 0.957203 0.145257 0.163222 -0.224755 -0.0884803 0.97039 -0.98118
0 143 189 0.954741 -0.266474 0.132141 0.0822768 0.244055 0.95578 0.164079 0.0732425 -0.170021 -0.124403 0.977557 -0.993915
0 144 457 0.98673 -0.158375 0.0357839 0.11444 0.152952 0.980615 0.122474 0.0714088 -0.0544871 -0.115376 0.991826 -0.99086
0 145 1283 0.989557 0.0464627 -0.136451 0.384027 -0.037449 0.996989 0.0678997 0.125385 0.139195 -0.0620806 0.988317 -0.914769
0 146 1352 0.960775 0.103356 -0.25735 0.691941 -0.0974932 0.994604 0.035474 0.158904 0.259627 -0.00899268 0.965667 -0.704249
0 147 1517 0.967644 0.172383 -0.184254 0.500741 -0.151606 0.980939 0.121553 -0.0032481 0.201696 -0.0896859 0.975333 -0.865591
0 148 1508 0.896657 0.22231 -0.382864 0.947891 -0.186988 0.974033 0.127654 -0.0441989 0.401301 -0.0428707 0.914943 -0.315513
0 149 1332 0.893983 0.278738 -0.350854 0.922969 -0.235339 0.958363 0.161731 -0.206259 0.381326 -0.0620149 0.922358 -0.324938
0 150 728 0.907136 0.309961 -0.284654 0.956034 -0.291725 0.950665 0.105514 -0.22071 0.303316 -0.0126752 0.952806 -0.193098
0 151 566 0.873863 0.30227 -0.380784 0.971443 -0.284916 0.953038 0.102675 -0.225378 0.393937 0.0187679 0.918946 -0.0741839
0 152 314 0.856017 0.308634 -0.414704 0.973223 -0.323235 0.945613 0.036542 -0.229852 0.403428 0.102766 0.909222 -0.00229501
0 153 147 0.887404 0.348552 -0.301703 0.959244 -0.358359 0.933272 0.0241451 -0.274659 0.289987 0.0866916 0.953096 -0.0664388
0 154 101 0.971968 0.217401 0.0895282 0.360515 -0.209467 0.973646 -0.0902083 -0.256142 -0.10678 0.0689264 0.991891 0.896895
0 155 177 0.92317 0.323281 0.207957 -0.511558 -0.310106 0.94604 -0.094039 0.0542844 -0.227137 0.0223251 0.973607 0.857532
0 156 230 0.611028 0.440269 -0.657882 0.926466 -0.379667 0.892236 0.244477 -0.318096 0.694621 0.100393 0.712336 0.201186
0 157 270 0.739973 0.428284 -0.518664 0.923278 -0.343578 0.903575 0.255942 -0.342493 0.578268 -0.0111889 0.81577 0.173941
0 158 209 0.669112 0.390061 -0.632567 0.916533 -0.262527 0.920367 0.289834 -0.291675 0.695247 -0.0278654 0.71823 0.273666
0 159 159 0.982431 0.185097 -0.0238489 0.247587 -0.181833 0.978123 0.101057 -0.0316615 0.0420326 -0.0949452 0.994595 0.968348
0 160 200 0.958428 0.283761 -0.0299221 0.233761 -0.275122 0.946833 0.166779 -0.0784047 0.0756566 -0.151613 0.98554 0.969128
0 161 309 0.790523 0.371403 -0.486963 0.939931 -0.24075 0.919573 0.310525 -0.291482 0.563128 -0.128241 0.816358 0.177676
0 162 243 0.937594 0.225529 0.264678 -0.785852 -0.253789 0.964152 0.077476 0.182005 -0.237716 -0.139813 0.96122 0.591026
0 163 301 0.970116 0.236891 0.0525041 0.596565 -0.241934 0.960867 0.134918 -0.171584 -0.0184886 -0.143589 0.989465 0.784008
0 164 376 0.890053 0.285012 -0.355773 0.9771 -0.231769 0.954976 0.185211 -0.190974 0.392542 -0.0823908 0.916036 -0.0938283
0 165 79 0.977779 0.194794 0.0774803 0.738195 -0.202649 0.972894 0.111408 -0.297692 -0.0536785 -0.124634 0.99075 0.605349
0 166 566 0.863547 0.276008 -0.422026 0.957251 -0.201766 0.956114 0.212453 -0.124332 0.462144 -0.0983132 0.881339 -0.261174
0 167 691 0.905058 0.272309 -0.326677 0.884156 -0.214797 0.955645 0.201505 -0.120254 0.367059 -0.112204 0.923405 -0.451451
0 168 865 0.965797 0.214495 -0.145701 0.5602 -0.183089 0.961997 0.202585 -0.107746 0.183617 -0.168979 0.968365 -0.82132
0 169 1174 0.971757 0.152469 -0.180114 0.706748 -0.128771 0.982207 0.136702 -0.000760779 0.197752 -0.109647 0.9741 -0.707465
0 170 1090 0.995382 0.076626 -0.05782 0.315685 -0.0649442 0.981115 0.182196 -0.0320005 0.070689 -0.1776 0.981561 -0.948324
0 171 1289 0.994579 0.0388101 -0.0964693 0.317271 -0.0238699 0.988176 0.151454 0.121462 0.101207 -0.14833 0.983746 -0.940524
0 172 1485 0.984564 0.108001 -0.137733 0.347545 -0.0783199 0.975595 0.205137 -0.0329933 0.156527 -0.191184 0.968993 -0.937083
1 2 3322 0.999872 0.00344383 -0.0156445 0.807287 -0.00330305 0.999954 0.00901566 -0.480035 0.0156748 -0.00896283 0.999837 0.3433
1 3 3151 0.999636 -0.00506584 -0.0264959 0.968673 0.00499415 0.999984 -0.00277139 -0.0306189 0.0265095 0.00263806 0.999645 0.246444
1 4 3010 0.996672 0.0220126 -0.0784845 0.94982 -0.0226504 0.999717 -0.00724444 -0.00612305 0.0783028 0.00899804 0.996889 0.312736
1 5 2305 0.99421 0.0355292 -0.101409 0.98634 -0.0379188 0.999044 -0.0217342 0.00807824 0.100539 0.0254537 0.994607 0.164526
1 6 1829 0.99151 0.0471086 -0.121196 0.983652 -0.0461504 0.998877 0.0107028 -0.0480924 0.121564 -0.00501869 0.992571 0.173538
1 7 1286 0.982761 0.0489516 -0.178285 0.970112 -0.0521951 0.998545 -0.0135448 -0.106036 0.177362 0.0226168 0.983886 0.218265
1 8 929 0.97898 0.0700911 -0.191537 0.99621 -0.0746636 0.997068 -0.0167513 -0.0672949 0.189801 0.0307 0.981343 0.0551093
1 9 656 0.975427 0.100475 -0.196078 0.994153 -0.105086 0.994375 -0.0132318 -0.0309897 0.193646 0.0335118 0.980499 -0.103442
1 10 416 0.980246 0.12229 -0.155446 0.976542 -0.120567 0.992493 0.020501 0.0320465 0.156786 -0.00135435 0.987632 -0.212928
1 11 358 0.918809 0.196856 -0.342107 0.986043 -0.182886 0.980422 0.0729734 -0.0157657 0.349775 -0.00448205 0.936823 -0.165744
1 12 333 0.829411 0.227594 -0.510175 0.994761 -0.236941 0.970353 0.0476786 0.0388759 0.505901 0.0813363 0.858748 -0.0945506
1 13 235 0.802367 0.247252 -0.543207 0.993657 -0.273033 0.961393 0.0343027 0.033896 0.530717 0.12079 0.838898 -0.107221
1 14 142 0.990022 0.139235 -0.0216688 -0.261685 -0.1388 0.99011 0.0204247 0.220281 0.0242984 -0.0172133 0.999557 -0.939679
1 15 173 0.849405 -0.515193 0.114402 -0.158534 -0.0395469 0.154029 0.987275 -0.813849 -0.526258 -0.84312 0.110459 0.559032
1 16 52 0.998597 0.0523607 -0.00784919 -0.276734 -0.0526011 0.998022 -0.0344255 0.251842 0.00603112 0.0347901 0.999376 -0.927358
1 17 55 0.689926 0.528658 0.494492 -0.185793 0.352436 0.351367 -0.86737 0.406087 -0.63229 0.772698 0.0560989 0.894748
1 18 0 1 0 0 0 0 1 0 0 0 0 1 0
1 19 29 -0.451022 0.334921 -0.827289 0.567435 0.580201 0.814363 0.0133737 -0.153186 0.678193 -0.473962 -0.561617 0.809044
1 20 0 1 0 0 0 0 1 0 0 0 0 1 0
1 21 0 1 0 0 0 0 1 0 0 0 0 1 0
1 22 0 1 0 0 0 0 1 0 0 0 0 1 0
1 23 0 1 0 0 0 0 1 0 0 0 0 1 0
1 24 0 1 0 0 0 0 1 0 0 0 0 1 0
1 25 0 1 0 0 0 0 1 0 0 0 0 1 0
1 26 0 1 0 0 0 0 1 0 0 0 0 1 0
1 27 0 1 0 0 0 0 1 0 0 0 0 1 0
1 28 0 1 0 0 0 0 1 0 0 0 0 1 0
1 29 0 1 0 0 0 0 1 0 0 0 0 1 0
1 30 0 1 0 0 0 0 1 0 0 0 0 1 0
1 31 0 1 0 0 0 0 1 0 0 0 0 1 0
1 32 0 1 0 0 0 0 1 0 0 0 0 1 0
1 33 0 1 0 0 0 0 1 0 0 0 0 1 0
1 34 0 1 0 0 0 0 1 0 0 0 0 1 0
1 35 13 -0.703146 -0.35644 0.615253 0.382839 -0.38352 -0.538503 -0.750285 0.193337 0.598747 -0.763522 0.241945 0.903358
1 36 0 1 0 0 0 0 1 0 0 0 0 1 0
1 37 0 1 0 0 0 0 1 0 0 0 0 1 0
1 38 0 1 0 0 0 0 1 0 0 0 0 1 0
1 39 0 1 0 0 0 0 1 0 0 0 0 1 0
1 40 0 1 0 0 0 0 1 0 0 0 0 1 0
1 41 0 1 0 0 0 0 1 0 0 0 0 1 0
1 42 0 1 0 0 0 0 1 0 0 0 0 1 0
1 43 0 1 0 0 0 0 1 0 0 0 0 1 0
1 44 0 1 0 0 0 0 1 0 0 0 0 1 0
1 45 0 1 0 0 0 0 1 0 0 0 0 1 0
1 46 0 1 0 0 0 0 1 0 0 0 0 1 0
1 47 0 1 0 0 0 0 1 0 0 0 0 1 0
1 48 0 1 0 0 0 0 1 0 0 0 0 1 0
1 49 0 1 0 0 0 0 1 0 0 0 0 1 0
1 50 0 1 0 0 0 0 1 0 0 0 0 1 0
1 51 0 1 0 0 0 0 1 0 0 0 0 1 0
1 52 0 1 0 0 0 0 1 0 0 0 0 1 0
1 53 0 1 0 0 0 0 1 0 0 0 0 1 0
1 54 0 1 0 0 0 0 1 0 0 0 0 1 0
1 55 0 1 0 0 0 0 1 0 0 0 0 1 0
1 56 26 0.423939 -0.902482 0.0761689 -0.0974202 -0.76281 -0.310455 0.56722 -0.0782515 -0.488259 -0.298569 -0.820036 0.992162
1 57 0 1 0 0 0 0 1 0 0 0 0 1 0
1 58 0 1 0 0 0 0 1 0 0 0 0 1 0
1 59 0 1 0 0 0 0 1 0 0 0 0 1 0
1 60 0 1 0 0 0 0 1 0 0 0 0 1 0
1 61 16 -0.532606 -0.843588 -0.0684832 0.211711 0.846363 -0.530863 -0.0430477 0.0824693 -4.06656e-05 -0.0808891 0.996723 0.973847
1 62 0 1 0 0 0 0 1 0 0 0 0 1 0
1 63 0 1 0 0 0 0 1 0 0 0 0 1 0
1 64 0 1 0 0 0 0 1 0 0 0 0 1 0
1 65 0 1 0 0 0 0 1 0 0 0 0 1 0
1 66 0 1 0 0 0 0 1 0 0 0 0 1 0
1 67 0 1 0 0 0 0 1 0 0 0 0 1 0
1 68 27 0.842418 0.381158 -0.380855 -0.0109362 0.0510195 -0.760076 -0.647829 0.280202 -0.536404 0.526312 -0.659748 0.959879
1 69 0 1 0 0 0 0 1 0 0 0 0 1 0
1 70 0 1 0 0 0 0 1 0 0 0 0 1 0
1 71 23 -0.695013 0.587042 -0.415137 0.242631 0.707279 0.662027 -0.247944 0.0682938 0.129278 -0.465942 -0.87532 0.967712
1 72 19 -0.754667 0.532244 -0.383658 0.293214 0.63108 0.748809 -0.202541 0.0310186 0.179485 -0.39497 -0.900991 0.955543
1 73 22 -0.836022 0.42321 0.349228 0.354738 0.45772 0.888903 0.0185309 -0.0760797 -0.302587 0.175341 -0.936855 0.931865
1 74 16 -0.928745 0.268098 0.256039 0.289728 -0.235204 -0.959983 0.152027 -0.0753617 0.286551 0.080973 0.954637 0.954137
1 75 19 -0.953033 0.182559 0.241661 0.280079 -0.155257 -0.979582 0.127728 -0.0972933 0.260045 0.0842091 0.961918 0.955034
1 76 0 1 0 0 0 0 1 0 0 0 0 1 0
1 77 18 -0.238141 0.962839 -0.127398 -0.0108949 -0.707438 -0.082088 0.701993 0.155857 0.665448 0.2573 0.700697 0.98772
1 78 0 1 0 0 0 0 1 0 0 0 0 1 0
1 79 0 1 0 0 0 0 1 0 0 0 0 1 0
1 80 0 1 0 0 0 0 1 0 0 0 0 1 0
1 81 0 1 0 0 0 0 1 0 0 0 0 1 0
1 82 35 -0.998849 0.0457726 0.0143222 0.343613 0.0391818 0.950995 -0.306714 0.00348334 -0.0276595 -0.3058 -0.951694 0.939105
1 83 13 0.836384 0.517432 0.180905 0.297224 -0.495974 0.8549 -0.152168 0.0521072 -0.233392 0.0375468 0.971658 0.953385
1 84 28 0.109832 0.809827 -0.576296 0.1628 0.941618 -0.27043 -0.200559 -0.0356661 -0.318265 -0.520623 -0.792249 0.986014
1 85 37 -0.528896 -0.809666 0.254382 0.155171 0.846935 -0.522784 0.096942 -0.245473 0.0544965 0.266718 0.962233 -0.956904
1 86 14 0.927626 -0.279407 -0.247874 0.110144 0.180357 0.91621 -0.357813 -0.0486512 0.32708 0.287211 0.900294 0.992724
1 87 0 1 0 0 0 0 1 0 0 0 0 1 0
1 88 0 1 0 0 0 0 1 0 0 0 0 1 0
1 89 22 -0.872103 -0.0744974 0.483618 -0.0393634 -0.0937716 0.995469 -0.0157534 -0.139462 -0.480253 -0.0590883 -0.875137 0.989445
1 90 17 0.996569 -0.0653002 -0.050861 -0.0444574 0.0404184 0.920165 -0.389439 -0.167429 0.072231 0.386047 0.919647 0.984881
1 91 0 1 0 0 0 0 1 0 0 0 0 1 0
1 92 0 1 0 0 0 0 1 0 0 0 0 1 0
1 93 0 1 0 0 0 0 1 0 0 0 0 1 0
1 94 0 1 0 0 0 0 1 0 0 0 0 1 0
1 95 0 1 0 0 0 0 1 0 0 0 0 1 0
1 96 0 1 0 0 0 0 1 0 0 0 0 1 0
1 97 0 1 0 0 0 0 1 0 0 0 0 1 0
1 98 0 1 0 0 0 0 1 0 0 0 0 1 0
1 99 0 1 0 0 0 0 1 0 0 0 0 1 0
1 100 0 1 0 0 0 0 1 0 0 0 0 1 0
1 101 0 1 0 0 0 0 1 0 0 0 0 1 0
1 102 0 1 0 0 0 0 1 0 0 0 0 1 0
1 103 0 1 0 0 0 0 1 0 0 0 0 1 0
1 104 0 1 0 0 0 0 1 0 0 0 0 1 0
1 105 0 1 0 0 0 0 1 0 0 0 0 1 0
1 106 0 1 0 0 0 0 1 0 0 0 0 1 0
1 107 0 1 0 0 0 0 1 0 0 0 0 1 0
1 108 0 1 0 0 0 0 1 0 0 0 0 1 0
1 109 0 1 0 0 0 0 1 0 0 0 0 1 0
1 110 0 1 0 0 0 0 1 0 0 0 0 1 0
1 111 0 1 0 0 0 0 1 0 0 0 0 1 0
1 112 0 1 0 0 0 0 1 0 0 0 0 1 0
1 113 0 1 0 0 0 0 1 0 0 0 0 1 0
1 114 0 1 0 0 0 0 1 0 0 0 0 1 0
1 115 0 1 0 0 0 0 1 0 0 0 0 1 0
1 116 0 1 0 0 0 0 1 0 0 0 0 1 0
1 117 15 -0.0490616 0.41209 -0.909821 -0.0403543 0.976762 0.210073 0.0424782 0.144561 0.208634 -0.886595 -0.412821 0.988673
1 118 0 1 0 0 0 0 1 0 0 0 0 1 0
1 119 0 1 0 0 0 0 1 0 0 0 0 1 0
1 120 0 1 0 0 0 0 1 0 0 0 0 1 0
1 121 37 0.854889 0.203423 -0.477267 0.308496 -0.200106 0.978031 0.0584274 0.104238 0.478667 0.0455552 0.876814 -0.945497
1 122 68 0.85062 0.147516 -0.504662 0.26922 -0.146792 0.988298 0.0414658 0.119778 0.504874 0.0388085 0.86232 -0.955601
1 123 48 0.791481 -0.0877727 -0.604859 0.269769 0.102436 0.994686 -0.0103003 -0.0594329 0.602549 -0.0538069 0.796266 -0.961089
1 124 88 0.805671 0.185339 -0.562623 0.263204 -0.159696 0.982584 0.0950004 0.0558184 0.570432 0.0133095 0.821237 -0.963124
1 125 67 0.709092 0.527104 -0.468348 0.223562 -0.496915 0.844805 0.198445 -0.0530389 0.500264 0.0920131 0.86097 -0.973246
1 126 116 0.913962 0.383553 0.13252 -0.362517 0.351372 -0.584619 -0.731272 0.301637 -0.203007 0.714918 -0.669089 0.881814
1 127 98 0.975735 0.21811 -0.019204 -0.303919 0.114478 -0.582954 -0.8044 0.421414 -0.186643 0.782683 -0.593778 0.854426
1 128 27 -0.317966 0.947897 0.0197191 -0.0819552 0.786649 0.275372 -0.552588 0.1127 -0.529227 -0.160192 -0.833221 0.990243
1 129 29 0.795486 0.574262 -0.193458 -0.0980593 -0.519221 0.810536 0.271 -0.120782 0.312429 -0.115129 0.942939 -0.987824
1 130 83 0.938 0.262281 -0.226636 -0.0657025 -0.268863 0.963176 0.00189374 0.228563 0.218787 0.0591577 0.973978 -0.971309
1 131 163 0.939707 0.224441 -0.258023 0.0651347 -0.220561 0.974367 0.0442803 0.1116 0.261348 0.0152994 0.965123 -0.991616
1 132 105 0.972621 0.231183 0.0237409 -0.309718 -0.222038 0.95456 -0.19878 0.491001 -0.0686168 0.188067 0.979756 -0.814244
1 133 96 0.9848 0.167552 -0.0457755 -0.138976 -0.168493 0.985547 -0.0175094 0.162311 0.0421802 0.0249561 0.998798 -0.976904
1 134 92 0.970661 0.165399 -0.174528 0.130361 -0.223332 0.889124 -0.399475 0.804563 0.0891046 0.426733 0.899977 -0.579383
1 135 206 0.982212 0.170492 -0.0786893 0.0527065 -0.168883 0.985274 0.026718 0.216572 0.0820858 -0.0129535 0.996541 -0.974843
1 136 146 0.973214 0.184505 -0.137159 0.252163 -0.188022 0.982078 -0.0130286 0.314259 0.132297 0.0384685 0.990463 -0.915235
1 137 104 0.830321 -0.152535 0.536003 -0.824127 -0.102006 0.903963 0.415266 -0.549364 -0.54787 -0.399479 0.73502 -0.137887
1 138 26 -0.789992 0.585027 -0.183454 0.35193 0.545528 0.534134 -0.645833 0.164651 -0.279841 -0.610282 -0.74111 0.921431
1 139 31 0.713828 0.182058 0.676242 -0.326832 -0.284798 -0.806701 0.517807 -0.54905 0.639796 -0.562218 -0.523996 0.769236
1 140 53 0.977194 -0.073673 0.199159 0.186943 0.0551343 0.993748 0.0970857 0.178195 -0.205066 -0.0838911 0.975146 -0.966074
1 141 75 0.948654 -0.221348 0.225965 0.158907 0.177638 0.963884 0.198423 0.0456498 -0.261725 -0.148094 0.953713 -0.986238
1 142 138 0.944819 -0.284306 0.162751 0.16716 0.251959 0.948168 0.193635 0.0504939 -0.209367 -0.141943 0.96748 -0.984636
1 143 184 0.948586 -0.281124 0.145441 0.0412863 0.264519 0.956442 0.123486 0.162061 -0.173821 -0.0786654 0.98163 -0.985917
1 144 481 0.988186 -0.149372 0.0343078 0.112132 0.143628 0.980683 0.132786 0.0319329 -0.0534796 -0.126289 0.990551 -0.99318
1 145 1295 0.994111 0.045452 -0.0983773 0.28379 -0.0363068 0.99502 0.0928327 0.0479914 0.102107 -0.0887142 0.99081 -0.957685
1 146 1430 0.978256 0.0862578 -0.188615 0.554475 -0.0834749 0.996252 0.0226635 0.201425 0.189863 -0.00642602 0.98179 -0.807456
1 147 1579 0.959309 0.179706 -0.217788 0.604502 -0.15578 0.980155 0.122592 -0.00931933 0.235496 -0.0836769 0.968266 -0.796549
1 148 1579 0.905624 0.219403 -0.362914 0.909982 -0.174108 0.972678 0.153568 -0.138043 0.386692 -0.0758886 0.919081 -0.390995
1 149 1429 0.923102 0.265996 -0.277719 0.819856 -0.23466 0.961769 0.14119 -0.175974 0.304658 -0.0651631 0.95023 -0.544858
1 150 827 0.929081 0.292096 -0.226911 0.901463 -0.278085 0.956124 0.0921773 -0.220499 0.24388 -0.0225397 0.969544 -0.372483
1 151 623 0.892413 0.303295 -0.334082 0.959586 -0.286167 0.952879 0.100646 -0.249951 0.348865 0.0057857 0.937155 -0.129299
1 152 395 0.904934 0.293867 -0.307794 0.967041 -0.306323 0.951892 0.00821071 -0.227207 0.2954 0.0868544 0.951417 -0.11493
1 153 154 -0.192053 0.314385 -0.929666 0.796112 -0.3054 0.881118 0.361057 -0.28772 0.932656 0.353262 -0.0732084 0.532374
1 154 203 0.747926 0.398779 -0.530643 0.947863 -0.372037 0.913897 0.16242 -0.310635 0.549723 0.0759408 0.831888 0.0711408
1 155 256 0.884639 0.358596 -0.298032 0.949982 -0.358119 0.931858 0.0582321 -0.296285 0.298606 0.0552165 0.952778 0.0987383
1 156 233 0.945365 0.32572 0.0138165 0.0971271 -0.325472 0.945389 -0.0175521 -0.232824 -0.018779 0.0120962 0.99975 0.967657
1 157 225 0.961213 0.271076 0.0508717 -0.448602 -0.272442 0.96192 0.0220415 -0.0407067 -0.0429595 -0.0350461 0.998462 0.892804
1 158 296 0.834543 0.324628 -0.445145 0.958644 -0.270464 0.945308 0.182321 -0.232684 0.479986 -0.0317591 0.876701 0.163891
1 159 136 0.979341 0.201488 -0.0171127 0.255388 -0.198495 0.974039 0.108848 -0.0622637 0.0386 -0.103203 0.993911 0.964832
1 160 306 0.629029 0.371295 -0.682981 0.939478 -0.185857 0.924916 0.331645 -0.244007 0.754837 -0.0816774 0.650807 0.240502
1 161 328 0.830711 0.321402 -0.454554 0.979779 -0.233108 0.942303 0.240263 -0.194578 0.505549 -0.0936289 0.857703 0.0466163
1 162 327 0.892939 0.321455 -0.31516 0.975809 -0.263565 0.940856 0.212893 -0.217604 0.364956 -0.107035 0.924852 -0.0211068
1 163 287 0.967077 0.230563 0.107713 -0.551276 -0.242859 0.962618 0.119941 0.112934 -0.0760329 -0.142151 0.98692 0.826644
1 164 429 0.978132 0.207965 0.00283402 0.763568 -0.207161 0.972959 0.102149 -0.119944 0.0184859 -0.100502 0.994765 -0.634489
1 165 469 0.868491 0.286204 -0.404735 0.962929 -0.209433 0.951888 0.22371 -0.206933 0.449289 -0.109525 0.886647 -0.173051
1 166 612 0.891238 0.251322 -0.377533 0.940598 -0.190296 0.962825 0.19172 -0.0989747 0.411682 -0.0990249 0.905932 -0.324775
1 167 786 0.902302 0.266841 -0.338594 0.901086 -0.207732 0.957336 0.200887 -0.125292 0.377753 -0.110924 0.919238 -0.415146
1 168 898 0.908392 0.220529 -0.355232 0.889128 -0.162955 0.969145 0.184943 -0.0368528 0.385057 -0.110114 0.9163 -0.456173
1 169 1266 0.983834 0.139502 -0.112294 0.547193 -0.122675 0.98181 0.144913 -0.0375022 0.130467 -0.128795 0.983052 -0.836166
1 170 1194 0.985463 0.0834514 -0.147984 0.54815 -0.0611755 0.986918 0.149162 0.0635763 0.158496 -0.137941 0.977677 -0.83396
1 171 1364 0.995636 0.0301754 -0.0883051 0.285497 -0.0149856 0.985696 0.167867 0.0473073 0.0921074 -0.165811 0.981847 -0.957211
1 172 1541 0.991935 0.0798806 -0.098407 0.191491 -0.0603559 0.980417 0.187458 0.00992111 0.111454 -0.180006 0.977331 -0.981444
2 3 56 0.999902 -0.010592 0.00914587 0.981651 0.0105992 0.999944 -0.000741317 0.134061 -0.0091375 0.000838183 0.999958 -0.135604
2 4 3073 0.997752 0.0174836 -0.0646979 0.974176 -0.0183182 0.999756 -0.0123296 0.201477 0.0644665 0.013487 0.997829 0.101927
2 5 2485 0.997118 0.0370036 -0.066225 0.9981 -0.0381277 0.999148 -0.0157909 0.0115511 0.0655843 0.0182704 0.99768 0.0605222
2 6 1881 0.987373 0.0426529 -0.152562 0.983409 -0.0450696 0.998907 -0.0124161 0.0720187 0.151866 0.0191353 0.988216 0.166496
2 7 1356 0.984194 0.050605 -0.169709 0.98842 -0.0546497 0.99832 -0.0192445 -0.0763057 0.16845 0.0282149 0.985306 0.13116
2 8 981 0.99685 0.0443945 -0.0657219 0.997188 -0.0462137 0.998582 -0.0264236 -0.0469247 0.0644557 0.0293776 0.997488 -0.0584227
2 9 657 0.971143 0.0978771 -0.217489 0.9965 -0.108879 0.993283 -0.0391621 0.0452035 0.212195 0.061712 0.975277 -0.0703205
2 10 432 0.975839 0.133595 -0.172889 0.952816 -0.130593 0.991021 0.0286733 0.032046 0.175167 -0.00540247 0.984524 -0.301852
2 11 374 0.908295 0.202442 -0.366082 0.980741 -0.185439 0.979275 0.0814397 -0.0223242 0.374982 -0.00608541 0.927012 -0.194032
2 12 316 0.920638 0.219366 -0.322963 0.947441 -0.216382 0.975243 0.0455968 0.0640841 0.32497 0.0279052 0.945313 -0.313446
2 13 208 0.700698 0.246237 -0.669619 0.996064 -0.32486 0.94573 0.00783302 0.0881799 0.635207 0.212043 0.742664 -0.00903359
2 14 142 0.992198 0.121997 -0.0256935 -0.257273 -0.121581 0.992433 0.0171932 0.214014 0.0275966 -0.0139352 0.999522 -0.942342
2 15 124 0.992547 0.121506 0.00932718 -0.2591 -0.121649 0.992433 0.0166796 0.330594 -0.00722993 -0.0176899 0.999817 -0.90751
2 16 71 0.840504 0.0868393 -0.5348 0.290232 -0.281162 -0.773854 -0.567537 0.199853 -0.463142 0.627383 -0.626012 0.935855
2 17 23 0.990191 0.130458 0.0500186 -0.326055 -0.131214 0.99128 0.012126 0.206664 -0.0480005 -0.0185701 0.998675 -0.922485
2 18 33 0.99261 0.116048 0.0354685 -0.292091 -0.116825 0.992938 0.020653 0.233138 -0.0328213 -0.0246439 0.999157 -0.927539
2 19 30 0.991455 0.129907 0.0118432 0.389231 -0.12451 0.969508 -0.211072 0.299309 -0.0389019 0.207794 0.977399 0.871156
2 20 0 1 0 0 0 0 1 0 0 0 0 1 0
2 21 0 1 0 0 0 0 1 0 0 0 0 1 0
2 22 0 1 0 0 0 0 1 0 0 0 0 1 0
2 23 0 1 0 0 0 0 1 0 0 0 0 1 0
2 24 0 1 0 0 0 0 1 0 0 0 0 1 0
2 25 0 1 0 0 0 0 1 0 0 0 0 1 0
2 26 0 1 0 0 0 0 1 0 0 0 0 1 0
2 27 0 1 0 0 0 0 1 0 0 0 0 1 0
2 28 0 1 0 0 0 0 1 0 0 0 0 1 0
2 29 0 1 0 0 0 0 1 0 0 0 0 1 0
2 30 0 1 0 0 0 0 1 0 0 0 0 1 0
2 31 0 1 0 0 0 0 1 0 0 0 0 1 0
2 32 0 1 0 0 0 0 1 0 0 0 0 1 0
2 33 0 1 0 0 0 0 1 0 0 0 0 1 0
2 34 0 1 0 0 0 0 1 0 0 0 0 1 0
2 35 0 1 0 0 0 0 1 0 0 0 0 1 0
2 36 0 1 0 0 0 0 1 0 0 0 0 1 0
2 37 0 1 0 0 0 0 1 0 0 0 0 1 0
2 38 0 1 0 0 0 0 1 0 0 0 0 1 0
2 39 0 1 0 0 0 0 1 0 0 0 0 1 0
2 40 0 1 0 0 0 0 1 0 0 0 0 1 0
2 41 0 1 0 0 0 0 1 0 0 0 0 1 0
2 42 0 1 0 0 0 0 1 0 0 0 0 1 0
2 43 0 1 0 0 0 0 1 0 0 0 0 1 0
2 44 0 1 0 0 0 0 1 0 0 0 0 1 0
2 45 0 1 0 0 0 0 1 0 0 0 0 1 0
2 46 0 1 0 0 0 0 1 0 0 0 0 1 0
2 47 0 1 0 0 0 0 1 0 0 0 0 1 0
2 48 0 1 0 0 0 0 1 0 0 0 0 1 0
2 49 0 1 0 0 0 0 1 0 0 0 0 1 0
2 50 0 1 0 0 0 0 1 0 0 0 0 1 0
2 51 0 1 0 0 0 0 1 0 0 0 0 1 0
2 52 0 1 0 0 0 0 1 0 0 0 0 1 0
2 53 0 1 0 0 0 0 1 0 0 0 0 1 0
2 54 0 1 0 0 0 0 1 0 0 0 0 1 0
2 55 15 0.392135 -0.630622 -0.669735 -0.395059 0.522789 0.751821 -0.401817 0.00209905 0.756916 -0.192564 0.624498 0.918653
2 56 18 0.744947 -0.667036 0.0108433 0.16193 0.667031 0.745016 0.00458529 0.00154016 -0.0111369 0.00381699 0.999931 -0.986801
2 57 0 1 0 0 0 0 1 0 0 0 0 1 0
2 58 0 1 0 0 0 0 1 0 0 0 0 1 0
2 59 0 1 0 0 0 0 1 0 0 0 0 1 0
2 60 0 1 0 0 0 0 1 0 0 0 0 1 0
2 61 0 1 0 0 0 0 1 0 0 0 0 1 0
2 62 0 1 0 0 0 0 1 0 0 0 0 1 0
2 63 0 1 0 0 0 0 1 0 0 0 0 1 0
2 64 0 1 0 0 0 0 1 0 0 0 0 1 0
2 65 0 1 0 0 0 0 1 0 0 0 0 1 0
2 66 0 1 0 0 0 0 1 0 0 0 0 1 0
2 67 19 -0.684628 0.646964 0.335742 -0.252232 0.637767 0.754716 -0.15381 -0.237734 -0.352899 0.108823 -0.929312 0.938009
2 68 20 -0.897303 -0.0847555 0.433201 -0.0414583 -0.181424 -0.823858 -0.536976 0.321047 0.402408 -0.560424 0.723874 0.946155
2 69 0 1 0 0 0 0 1 0 0 0 0 1 0
2 70 25 0.946184 -0.309421 0.0948365 -0.15396 0.321733 0.931016 -0.172328 0.0303438 -0.0349724 0.193566 0.980464 0.987611
2 71 0 1 0 0 0 0 1 0 0 0 0 1 0
2 72 0 1 0 0 0 0 1 0 0 0 0 1 0
2 73 0 1 0 0 0 0 1 0 0 0 0 1 0
2 74 19 -0.495457 0.781519 0.379145 0.28097 -0.698683 -0.617894 0.360623 -0.0788745 0.516104 -0.0862288 0.852174 0.95647
2 75 0 1 0 0 0 0 1 0 0 0 0 1 0
2 76 0 1 0 0 0 0 1 0 0 0 0 1 0
2 77 0 1 0 0 0 0 1 0 0 0 0 1 0
2 78 0 1 0 0 0 0 1 0 0 0 0 1 0
2 79 0 1 0 0 0 0 1 0 0 0 0 1 0
2 80 0 1 0 0 0 0 1 0 0 0 0 1 0
2 81 0 1 0 0 0 0 1 0 0 0 0 1 0
2 82 0 1 0 0 0 0 1 0 0 0 0 1 0
2 83 15 0.916141 0.343376 0.206827 0.324276 -0.309991 0.934013 -0.177552 0.0760568 -0.254146 0.0985479 0.962132 0.9429
2 84 24 0.969344 -0.17819 -0.169179 0.176318 0.113464 0.935344 -0.335048 -0.0279309 0.217943 0.30558 0.926888 0.983937
2 85 16 -0.649404 -0.711824 0.267547 0.0959838 0.752013 -0.653389 0.0869463 -0.0585921 0.112922 0.257662 0.959614 0.993657
2 86 16 0.962084 -0.0979069 -0.254577 0.0482309 0.0159972 0.952003 -0.305671 -0.0432363 0.272285 0.290009 0.917472 0.9979
2 87 13 0.722833 -0.687559 -0.0691004 -0.00824845 0.585484 0.662481 -0.467255 -0.0780623 0.367043 0.29729 0.881418 0.996914
2 88 0 1 0 0 0 0 1 0 0 0 0 1 0
2 89 21 0.644197 0.752176 0.138711 -0.0389884 0.68963 -0.649637 0.319972 -0.140543 0.330787 -0.110466 -0.937218 0.989307
2 90 0 1 0 0 0 0 1 0 0 0 0 1 0
2 91 11 -0.744214 -0.415575 0.522917 -0.0193972 -0.399627 0.904331 0.149947 -0.179153 -0.535205 -0.0973793 -0.839091 0.98363
2 92 0 1 0 0 0 0 1 0 0 0 0 1 0
2 93 0 1 0 0 0 0 1 0 0 0 0 1 0
2 94 0 1 0 0 0 0 1 0 0 0 0 1 0
2 95 0 1 0 0 0 0 1 0 0 0 0 1 0
2 96 0 1 0 0 0 0 1 0 0 0 0 1 0
2 97 0 1 0 0 0 0 1 0 0 0 0 1 0
2 98 0 1 0 0 0 0 1 0 0 0 0 1 0
2 99 0 1 0 0 0 0 1 0 0 0 0 1 0
2 100 0 1 0 0 0 0 1 0 0 0 0 1 0
2 101 0 1 0 0 0 0 1 0 0 0 0 1 0
2 102 0 1 0 0 0 0 1 0 0 0 0 1 0
2 103 0 1 0 0 0 0 1 0 0 0 0 1 0
2 104 0 1 0 0 0 0 1 0 0 0 0 1 0
2 105 0 1 0 0 0 0 1 0 0 0 0 1 0
2 106 0 1 0 0 0 0 1 0 0 0 0 1 0
2 107 0 1 0 0 0 0 1 0 0 0 0 1 0
2 108 0 1 0 0 0 0 1 0 0 0 0 1 0
2 109 0 1 0 0 0 0 1 0 0 0 0 1 0
2 110 0 1 0 0 0 0 1 0 0 0 0 1 0
2 111 0 1 0 0 0 0 1 0 0 0 0 1 0
2 112 0 1 0 0 0 0 1 0 0 0 0 1 0
2 113 0 1 0 0 0 0 1 0 0 0 0 1 0
2 114 0 1 0 0 0 0 1 0 0 0 0 1 0
2 115 22 0.478218 -0.844111 0.242455 -0.177667 -0.83592 -0.352817 0.420426 0.0341628 -0.269344 -0.403728 -0.874332 0.983498
2 116 25 0.352656 -0.771535 0.529497 -0.193376 -0.913582 -0.161433 0.373239 0.0241831 -0.202489 -0.615364 -0.761791 0.980827
2 117 14 -0.380928 0.901188 -0.206773 -0.110566 0.868799 0.272353 -0.413536 0.0248808 -0.316359 -0.337171 -0.886698 0.993557
2 118 0 1 0 0 0 0 1 0 0 0 0 1 0
2 119 0 1 0 0 0 0 1 0 0 0 0 1 0
2 120 0 1 0 0 0 0 1 0 0 0 0 1 0
2 121 0 1 0 0 0 0 1 0 0 0 0 1 0
2 122 71 0.836868 0.181773 -0.516344 0.326898 -0.176863 0.982453 0.0592084 0.0908249 0.518046 0.0417727 0.854332 -0.940685
2 123 66 0.809126 0.0796242 -0.582215 0.263476 -0.0581384 0.996763 0.0555211 -0.0266646 0.584752 -0.0110746 0.811137 -0.964297
2 124 120 0.877967 0.0556886 0.475471 -0.710216 0.191402 0.869536 -0.455272 0.152136 -0.438792 0.49072 0.752765 0.687349
2 125 53 0.828632 0.186779 -0.527715 0.189056 -0.13125 0.981241 0.141208 -0.101528 0.54419 -0.0477465 0.837602 -0.976704
2 126 36 0.781153 0.262494 -0.566477 0.326556 -0.246759 0.963253 0.10608 0.104698 0.573507 0.0569182 0.817221 -0.939361
2 127 76 0.874602 0.467216 0.129537 -0.346534 0.404993 -0.557121 -0.724981 0.309007 -0.266555 0.686532 -0.676478 0.88568
2 128 0 1 0 0 0 0 1 0 0 0 0 1 0
2 129 0 1 0 0 0 0 1 0 0 0 0 1 0
2 130 69 0.948612 0.212347 -0.234614 -0.0667534 -0.229255 0.972232 -0.0469874 0.288934 0.218122 0.0983592 0.970952 -0.955019
2 131 133 0.95836 0.235947 -0.160854 -0.102036 -0.235065 0.971664 0.0247693 0.154353 0.162141 0.0140733 0.986667 -0.982733
2 132 53 0.901218 0.238906 -0.361566 0.225173 -0.415311 0.237811 -0.878045 0.925248 -0.123786 0.941472 0.313539 0.305307
2 133 68 0.975008 0.20278 -0.0907728 -0.0415993 -0.205861 0.978239 -0.0258807 0.199717 0.0835494 0.0439205 0.995535 -0.97897
2 134 71 0.971517 0.20971 -0.110348 0.0580274 -0.212169 0.977172 -0.0109025 0.212669 0.105543 0.0340045 0.993833 -0.9754
2 135 107 0.953235 0.145774 0.264752 -0.628208 -0.174492 0.980693 0.0882814 0.0954188 -0.246772 -0.13035 0.960267 -0.772172
2 136 122 0.967621 0.198954 -0.155327 0.269119 -0.199363 0.979838 0.0131019 0.26353 0.154802 0.0182887 0.987776 -0.926351
2 137 51 0.977354 0.105401 0.183491 -0.28487 -0.136575 0.976534 0.16652 -0.0970877 -0.161634 -0.187809 0.968815 -0.953637
2 138 21 -0.906932 0.157028 0.390917 -0.362035 -0.000664433 0.9274 -0.37407 0.160813 -0.421276 -0.339516 -0.840985 0.918188
2 139 49 0.97383 0.00175237 0.227269 0.016196 -0.0568165 0.970097 0.235974 -0.187492 -0.22006 -0.242711 0.944809 -0.982133
2 140 70 0.984577 -0.0347799 0.17146 0.246524 0.0162261 0.99397 0.108448 0.130646 -0.174198 -0.103993 0.979204 -0.96029
2 141 118 0.948158 -0.191106 0.253918 0.097588 0.161291 0.977815 0.133655 0.168067 -0.273827 -0.0857714 0.957947 -0.980933
2 142 175 0.936797 -0.284143 0.204143 0.0591457 0.25401 0.953596 0.161659 0.116576 -0.240605 -0.0995868 0.965501 -0.991419
2 143 160 0.948615 -0.289364 0.128056 0.0529687 0.273674 0.953396 0.127037 0.145817 -0.158848 -0.0854634 0.983597 -0.987893
2 144 402 0.985105 -0.171275 0.0152431 0.122304 0.168842 0.980267 0.102808 0.108168 -0.0325507 -0.0987033 0.994584 -0.986581
2 145 1287 0.991943 0.0311764 -0.12279 0.306481 -0.0227968 0.997352 0.0690663 0.114448 0.124618 -0.0657106 0.990026 -0.944971
2 146 1415 0.988385 0.0846448 -0.126215 0.355921 -0.0764912 0.994741 0.0681127 0.0778788 0.131317 -0.0576672 0.989662 -0.931265
2 147 1496 0.970954 0.161819 -0.176249 0.434055 -0.14514 0.98395 0.103815 0.0683039 0.190219 -0.0752184 0.978856 -0.898293
2 148 1583 0.923886 0.213909 -0.317298 0.860483 -0.179227 0.974488 0.135098 -0.0771795 0.338102 -0.0679463 0.938654 -0.5036
2 149 1467 0.947253 0.248529 -0.20235 0.552427 -0.227809 0.966243 0.12032 -0.0912594 0.225422 -0.0678766 0.971894 -0.828551
2 150 807 0.908262 0.316009 -0.274222 0.891391 -0.289184 0.947791 0.134403 -0.292909 0.302378 -0.0427724 0.952228 -0.345869
2 151 659 0.926463 0.278414 -0.253283 0.956801 -0.274207 0.960236 0.0525127 -0.164947 0.257832 0.0208009 0.965966 -0.239425
2 152 358 0.87747 0.299408 -0.374701 0.972886 -0.313367 0.94931 0.0247151 -0.217164 0.363107 0.095732 0.926816 -0.0795777
2 153 186 0.956595 0.291296 -0.00853874 0.893076 -0.291059 0.953537 -0.0777932 -0.181477 -0.0145188 0.0769018 0.996933 -0.41168
2 154 204 0.574315 0.451822 -0.682656 0.922999 -0.362709 0.88802 0.282599 -0.355066 0.733897 0.0853042 0.673883 0.148328
2 155 300 0.57819 0.415023 -0.702462 0.932486 -0.375068 0.8998 0.222898 -0.29812 0.724583 0.134593 0.675917 0.203946
2 156 259 0.810183 0.404818 -0.423941 0.948842 -0.382467 0.913143 0.141029 -0.309517 0.444209 0.0478846 0.894642 0.0624328
2 157 254 0.944448 0.328626 -0.00489529 0.290948 -0.327923 0.943218 0.0529636 -0.25831 0.0220225 -0.0484161 0.998584 0.921208
2 158 296 0.748369 0.355029 -0.560266 0.945415 -0.263869 0.934325 0.239603 -0.262727 0.608537 -0.0314743 0.792901 0.19278
2 159 268 0.0143362 0.401909 -0.915567 0.821152 -0.105615 0.911148 0.398315 -0.225279 0.994304 0.0909874 0.0555101 0.524364
2 160 297 -0.0236357 0.425608 -0.904599 0.807092 -0.0565071 0.902836 0.426256 -0.226552 0.998122 0.0611911 0.00271074 0.54523
2 161 307 0.894287 0.294227 -0.337167 0.984982 -0.23511 0.950012 0.205427 -0.166849 0.380755 -0.10444 0.918759 -0.0443981
2 162 399 0.857771 0.321108 -0.401396 0.984497 -0.254689 0.943781 0.210741 -0.174558 0.446501 -0.078536 0.89133 -0.0171878
2 163 383 0.883033 0.311226 -0.35127 0.966415 -0.243096 0.943569 0.224903 -0.203171 0.401444 -0.113205 0.908861 -0.157362
2 164 409 0.839848 0.285218 -0.46185 0.981065 -0.219759 0.956642 0.191159 -0.163088 0.496347 -0.0590488 0.866114 -0.104466
2 165 476 0.893026 0.240556 -0.380313 0.975741 -0.199577 0.969185 0.144396 -0.0568802 0.403329 -0.0530473 0.913516 -0.211408
2 166 625 0.867949 0.258189 -0.424268 0.950274 -0.192529 0.962368 0.191783 -0.0820437 0.457819 -0.0847742 0.884995 -0.300412
2 167 792 0.933432 0.259507 -0.247712 0.758348 -0.213785 0.956848 0.196822 -0.124765 0.288099 -0.130762 0.948631 -0.639798
2 168 913 0.919967 0.223459 -0.322066 0.836534 -0.162365 0.965034 0.205783 -0.0896495 0.356789 -0.137022 0.924081 -0.540531
2 169 1250 0.984336 0.136559 -0.111514 0.523614 -0.122068 0.984257 0.127815 0.0284502 0.127212 -0.112201 0.985509 -0.851481
2 170 1123 0.995558 0.0614756 -0.0713024 0.311126 -0.0513083 0.989301 0.136566 0.114723 0.078935 -0.132301 0.988062 -0.943419
2 171 1322 0.997967 0.0211984 -0.060106 0.166994 -0.0112396 0.986822 0.161419 0.0725013 0.0627358 -0.160415 0.985054 -0.983289
2 172 1476 0.989611 0.0804897 -0.119125 0.234877 -0.0608927 0.98526 0.159859 0.108064 0.130236 -0.150944 0.979926 -0.966
3 4 3134 0.99446 0.0380041 -0.0980021 0.991289 -0.0390684 0.999196 -0.00896307 0.107385 0.0975827 0.0127422 0.995146 0.0762515
3 5 2592 0.99348 0.0552102 -0.0997423 0.996475 -0.0559911 0.998419 -0.00504462 -0.0708102 0.099306 0.0105964 0.995001 0.0449938
3 6 2128 0.991193 0.0524257 -0.121606 0.998292 -0.0521848 0.998624 0.00516751 0.0147232 0.12171 0.001224 0.992565 0.0565383
