0 1 358 0.999945 0.0101664 0.00252642 0.167604 -0.0101756 0.999942 0.00363031 -0.108149 -0.00248937 -0.00365582 0.99999 0.979905
0 2 1436 0.999916 0.00966579 0.00865846 0.0752278 -0.00966464 0.999953 -0.000174108 -0.0895658 -0.00865974 9.04122e-05 0.999962 0.993136
0 3 2088 0.998895 0.00833956 -0.0462497 0.961851 -0.00803259 0.999944 0.00681903 -0.0963245 0.046304 -0.00643999 0.998907 0.256056
0 4 1635 0.997293 0.0239345 -0.0695239 0.936202 -0.0241602 0.999705 -0.00240736 -0.0257347 0.0694458 0.00408055 0.997577 0.350519
0 5 1109 0.993046 0.0484548 -0.107289 0.973312 -0.0507166 0.998543 -0.0184526 0.00581552 0.106238 0.0237656 0.994057 0.229413
0 6 738 0.989007 0.0576039 -0.13619 0.978509 -0.0565019 0.998331 0.0119468 -0.0330809 0.136651 -0.00412053 0.990611 0.203532
0 7 463 0.976383 0.0577399 -0.208189 0.980664 -0.0616421 0.998023 -0.0122993 -0.0889267 0.207068 0.024842 0.978011 0.174326
0 8 337 0.984416 0.0665135 -0.162793 0.997833 -0.0702742 0.997375 -0.0174464 -0.0595192 0.161205 0.0286147 0.986506 0.0280634
0 9 237 0.97536 0.107437 -0.19269 0.99722 -0.111944 0.993634 -0.012622 -0.0299824 0.190108 0.0338814 0.981178 -0.0682106
0 10 111 0.983803 0.0964904 0.151065 -0.514215 -0.101607 0.994471 0.0265081 -0.0837335 -0.147672 -0.0414281 0.988168 0.853564
0 11 156 0.880058 0.190344 -0.435047 0.997514 -0.193877 0.980338 0.0367293 0.0531165 0.433485 0.0520217 0.899658 -0.0463051
0 12 80 0.981326 0.172209 0.0856937 -0.76152 -0.177266 0.982606 0.0553405 0.00847822 -0.074673 -0.0694976 0.994783 -0.648086
0 13 100 0.987705 0.150682 -0.0416344 0.535738 -0.150988 0.988526 -0.00428814 0.244888 0.0405106 0.0105217 0.999124 -0.808093
0 14 47 0.994641 0.0948983 -0.0410223 -0.222153 -0.0936865 0.995134 0.0305216 0.101129 0.0437191 -0.0265148 0.998692 -0.969753
0 15 37 0.991324 -0.121745 -0.0495491 -0.27161 0.121438 0.992557 -0.00917162 -0.0206989 0.0502969 0.00307489 0.99873 -0.962185
0 16 63 0.940974 0.32444 0.0964662 -0.464706 -0.330206 0.94253 0.0510089 0.212399 -0.0743729 -0.0798517 0.994028 -0.859613
0 17 54 -0.632072 -0.675054 -0.380508 0.299823 -0.770719 0.496645 0.39917 -0.230945 -0.0804838 0.545569 -0.834192 0.925619
0 18 27 0.635685 0.741891 0.213313 -0.227623 -0.760202 0.553616 0.340003 -0.116839 0.134152 -0.378295 0.915913 -0.966714
0 19 59 -0.594568 -0.795984 -0.11357 0.244295 -0.778055 0.533958 0.330937 -0.102873 -0.202779 0.285129 -0.936794 0.964229
0 20 65 0.738864 0.265856 -0.619194 0.34708 0.42881 -0.894324 0.1277 -0.197052 -0.51981 -0.35987 -0.774785 0.9169
0 21 27 -0.944616 -0.264882 0.193749 -0.2743 0.205934 -0.938101 -0.278491 0.162728 0.255524 -0.223167 0.940693 -0.947776
0 22 78 -0.932616 -0.200407 -0.300109 0.263248 -0.335739 0.786772 0.517948 -0.260164 0.132317 0.583804 -0.80104 0.928986
0 23 49 0.593882 0.653094 -0.469865 0.533364 -0.685753 0.716327 0.128914 -0.156724 0.420769 0.245652 0.873274 -0.83124
0 24 32 0.884799 0.462223 -0.0589925 -0.270056 -0.396628 0.813515 0.4253 -0.258693 0.244575 -0.352907 0.903128 -0.927441
0 25 30 0.714078 0.679992 -0.166444 -0.141235 -0.699818 0.699684 -0.143866 0.302325 0.0186308 0.219212 0.975499 -0.942683
0 26 55 0.818552 -0.45148 -0.355159 0.274659 -0.377935 -0.888891 0.258917 -0.282784 -0.432593 -0.07771 -0.898234 0.919019
0 27 58 -0.0450904 0.955336 0.29206 -0.167711 0.95261 0.129159 -0.275413 -0.104388 -0.300834 0.265801 -0.915887 0.980294
0 28 46 0.18383 -0.982933 -0.00699264 -0.0777004 -0.870857 -0.166161 0.4626 -0.197865 -0.455867 -0.0789503 -0.88654 0.977145
0 29 66 0.0929048 -0.888831 0.448719 -0.358187 -0.926349 0.0880608 0.366228 -0.0559885 -0.36503 -0.449694 -0.815186 0.93197
0 30 25 0.567661 -0.803157 -0.180832 -0.26809 0.734714 0.593331 -0.328868 -0.0721634 0.371426 0.0538255 0.926901 0.960687
0 31 52 0.532867 -0.825397 -0.186472 -0.0428243 -0.808066 -0.561752 0.177381 -0.0353791 -0.251161 0.0561609 -0.966315 0.998456
0 32 30 0.858884 -0.328071 -0.393304 -0.108775 0.317895 0.943568 -0.0928606 -0.130853 0.401574 -0.0452727 0.914707 0.985416
0 33 45 0.724398 -0.560864 0.400847 -0.49872 -0.592805 -0.803594 -0.0530881 0.118903 0.351894 -0.199167 -0.914606 0.858569
0 34 19 0.958398 -0.161923 -0.23506 0.00123319 0.243566 0.893315 0.377708 -0.239171 0.148823 -0.419248 0.895591 -0.970977
0 35 95 -0.406884 -0.59244 -0.695313 0.382321 -0.912175 0.304174 0.274616 -0.210735 0.0488025 0.745984 -0.664173 0.899678
0 36 82 0.674704 0.356672 0.646188 -0.49944 0.234665 -0.933723 0.270359 -0.24392 0.69979 -0.0307748 -0.713685 0.831301
0 37 50 -0.140901 0.854817 0.499434 -0.372587 0.639787 0.463598 -0.612984 0.622211 -0.755526 0.233161 -0.612222 0.6885
0 38 36 0.943607 -0.111065 -0.311881 0.428805 0.113044 0.99352 -0.0117895 0.0387715 0.311169 -0.0241315 0.950048 -0.902564
0 39 34 -0.594744 0.801308 0.0646965 0.0395138 0.786257 0.563018 0.254578 -0.186911 0.16757 0.202277 -0.964886 0.981582
0 40 54 0.739875 0.519248 -0.427746 0.172883 0.340839 -0.837502 -0.427106 0.121292 -0.580012 0.170212 -0.796626 0.977446
0 41 22 -0.99962 -0.0100598 0.0256556 -0.0855841 0.00636629 -0.990106 -0.140179 0.102545 0.0268119 -0.139962 0.989794 -0.99104
0 42 37 -0.529417 -0.837167 -0.137364 -0.269301 0.842823 -0.500547 -0.197745 0.255792 0.0967881 -0.220463 0.970581 -0.928465
0 43 57 0.221639 -0.959604 0.173309 -0.147036 -0.74939 -0.0538993 0.659932 -0.194165 -0.623932 -0.276143 -0.731064 0.969887
0 44 66 0.287507 -0.869359 -0.401938 0.19216 -0.76728 -0.460235 0.446615 -0.294456 -0.573255 0.179994 -0.799363 0.936147
0 45 26 0.766433 0.518189 -0.379554 0.371722 -0.418124 0.85106 0.317598 -0.239608 0.487599 -0.0847168 0.868948 -0.89689
0 46 24 0.824909 -0.563754 -0.0413033 -0.298935 0.563906 0.82579 -0.00900175 0.031711 0.0391827 -0.0158655 0.999106 -0.953747
0 47 61 0.922747 -0.228153 0.31062 -0.409928 -0.280365 -0.95038 0.134808 -0.121112 0.264451 -0.211481 -0.940926 0.904042
0 48 38 -0.921498 -0.350281 0.167765 0.0699377 -0.269424 0.887656 0.373468 -0.0355156 -0.279736 0.29895 -0.912347 0.996919
0 49 28 0.945074 -0.182768 -0.270982 -0.372017 0.137506 0.974438 -0.177661 -0.104094 0.296526 0.130641 0.946047 0.922371
0 50 24 0.174385 -0.933709 -0.312693 0.285279 0.924859 0.26431 -0.273454 0.316348 0.337974 -0.24151 0.909641 -0.904732
0 51 43 0.879198 -0.312616 -0.359558 0.0580589 -0.268636 -0.948512 0.167806 -0.166932 -0.393505 -0.0509447 -0.91791 0.984257
0 52 21 -0.0777074 -0.979228 -0.187282 0.224637 0.976573 -0.0369529 -0.211988 0.0839572 0.200664 -0.199368 0.959159 -0.970819
0 53 48 0.760962 -0.388615 -0.519534 0.122614 -0.327431 -0.921339 0.209579 -0.175448 -0.560112 0.0106298 -0.828349 0.976823
0 54 42 -0.47298 0.110986 0.874055 -0.782388 0.39724 0.912347 0.0991117 -0.0319595 -0.786442 0.394087 -0.47561 0.621971
0 55 25 0.886389 -0.356454 -0.295391 0.0025992 0.360291 0.931833 -0.0433249 -0.143089 0.290698 -0.068024 0.954394 0.989706
0 56 40 0.860151 -0.259496 0.439093 -0.139392 0.129084 0.943628 0.304801 -0.139319 -0.493435 -0.205495 0.845159 0.980388
0 57 42 0.274134 0.933707 0.230308 -0.204657 -0.951792 0.297691 -0.0739761 -0.0463479 -0.137632 -0.198926 0.970302 0.977736
0 58 60 -0.389377 0.91243 0.125924 -0.0992413 0.896729 0.344297 0.278093 -0.218927 0.210386 0.221203 -0.952264 0.970681
0 59 64 -0.258687 -0.413225 -0.873113 0.259253 -0.80215 0.595487 -0.0441688 -0.00550761 0.538179 0.688942 -0.485513 0.965794
0 60 32 -0.925987 -0.348355 0.145591 -0.122246 0.327397 -0.932922 -0.14989 -0.332422 0.18804 -0.0911302 0.977924 0.935175
0 61 39 0.644169 0.758744 0.0967185 -0.0873039 -0.733295 0.648572 -0.204039 0.195618 -0.217542 0.0605122 0.974173 0.976786
0 62 58 -0.476794 -0.857978 0.19116 -0.147216 -0.751811 0.510719 0.417069 -0.0826399 -0.455465 0.0551399 -0.888545 0.985646
0 63 56 0.722878 -0.541904 0.428705 -0.244671 -0.501149 -0.838318 -0.214643 0.130598 0.475707 -0.0596846 -0.877577 0.960771
0 64 20 -0.532804 -0.845952 -0.022012 -0.194773 0.823685 -0.524394 0.215767 0.089843 -0.194071 0.0968304 0.976197 0.976725
0 65 32 -0.445802 -0.893357 -0.0563312 -0.0858111 0.865467 -0.414108 -0.281924 0.274087 0.228531 -0.174435 0.957782 -0.957869
0 66 20 0.810822 -0.574422 0.112279 -0.234377 0.585103 0.800385 -0.130532 0.0659789 -0.0148862 0.171533 0.985066 -0.969904
0 67 64 0.374294 0.662655 0.648685 -0.39676 0.927307 -0.269197 -0.260066 -0.078026 0.00229025 0.698871 -0.715244 0.9146
0 68 46 0.925541 -0.228463 -0.301957 0.201275 -0.238619 -0.971108 0.00334803 -0.0825305 -0.293998 0.0689539 -0.953316 0.976052
0 69 61 -0.652274 0.724607 0.222447 0.0621762 0.712752 0.686204 -0.145285 -0.0675057 -0.257919 0.0637843 -0.964059 0.99578
0 70 56 -0.945472 0.189822 -0.26467 0.260093 0.282351 0.88276 -0.375517 0.0491011 0.162359 -0.42977 -0.888221 0.964334
0 71 55 -0.59038 -0.718569 -0.367573 0.27773 -0.698969 0.682899 -0.212347 0.0577593 0.403601 0.131557 -0.905427 0.958921
0 72 59 0.899685 0.298638 -0.318406 0.300276 0.185445 -0.92176 -0.340541 -0.0229646 -0.395192 0.247332 -0.884675 0.953576
0 73 24 0.260457 0.919925 0.293088 0.153384 -0.91999 0.32856 -0.213699 -0.0502263 -0.292884 -0.213978 0.931897 0.986889
0 74 16 0.397787 -0.916191 -0.0485763 0.146409 0.896235 0.399359 -0.193067 -0.0528456 0.196286 0.033264 0.979982 0.987812
0 75 47 -0.529956 -0.634478 -0.562657 0.243877 -0.840192 0.482812 0.24692 -0.127929 0.114992 0.603597 -0.788953 0.961332
0 76 21 -0.0496796 0.960797 0.272767 -0.0987861 -0.982333 -0.0963416 0.16044 0.0599737 0.180429 -0.259978 0.948608 -0.9933
0 77 15 -0.646854 -0.650561 0.397932 -0.429344 0.640051 -0.746824 -0.180522 0.0974383 0.414626 0.137925 0.899479 -0.89787
0 78 33 0.889271 0.279506 0.362041 -0.172172 -0.293915 0.9557 -0.0158949 -0.296297 -0.350445 -0.0922741 0.932027 0.939449
0 79 45 0.841526 -0.224973 -0.491142 0.37352 -0.23472 -0.971126 0.0426643 -0.0663548 -0.486559 0.0793778 -0.870034 0.925246
0 80 46 0.911275 -0.170146 -0.375005 0.2637 -0.148398 -0.985149 0.0863659 -0.175557 -0.38413 -0.023053 -0.922991 0.948495
0 81 52 0.127526 0.98983 0.0630334 0.119705 0.97427 -0.113106 -0.19495 -0.108125 -0.185838 0.0862727 -0.978786 0.986904
0 82 28 -0.271521 0.956842 0.103589 0.108179 -0.962422 -0.269445 -0.0338023 0.221517 -0.00443201 -0.108874 0.994046 -0.969138
0 83 38 -0.0832173 -0.991092 0.10398 -0.210949 -0.894293 0.0282357 -0.446591 0.0967529 0.439677 -0.130152 -0.888676 0.972697
0 84 18 -0.916931 0.35466 0.182903 -0.1653 -0.38666 -0.902957 -0.187517 -0.0885347 0.0986491 -0.242662 0.965082 0.982261
0 85 29 -0.96487 0.102741 -0.241805 0.422189 -0.0619323 -0.983375 -0.170701 0.126005 -0.255323 -0.149729 0.955192 -0.897708
0 86 39 0.4181 0.901362 0.112871 0.117088 -0.866914 0.358792 0.346019 -0.344818 0.271391 -0.24252 0.931414 -0.931338
0 87 50 -0.617045 -0.130496 -0.776032 0.381481 -0.374107 0.916233 0.143391 -0.155538 0.692315 0.378798 -0.614177 0.911197
0 88 34 0.260616 -0.912316 -0.315845 0.316161 0.90922 0.341945 -0.237472 -0.189636 0.324651 -0.225283 0.918613 -0.929559
0 89 50 -0.952195 0.271202 -0.140621 0.231074 0.232349 0.941785 0.243013 -0.214247 0.198341 0.198723 -0.959776 0.949054
0 90 70 0.729606 0.632913 0.25903 -0.286518 0.663414 -0.563103 -0.492745 -0.0117934 -0.166004 0.531353 -0.830726 0.958002
0 91 28 -0.974068 0.116207 0.194134 0.0275149 -0.139299 -0.98414 -0.109835 0.030633 0.178292 -0.134029 0.974807 -0.999152
0 92 37 0.129619 -0.972367 -0.194169 0.08741 -0.949255 -0.178277 0.2591 -0.197731 -0.286556 0.150732 -0.946132 0.976351
0 93 24 0.931106 -0.352105 -0.095202 -0.371184 0.344091 0.934517 -0.0909932 0.181211 0.121007 0.0519662 0.99129 -0.910706
0 94 37 0.664675 0.62498 -0.409399 0.310438 0.536609 -0.780612 -0.320461 0.0218993 -0.519863 -0.00668499 -0.854223 0.950341
0 95 38 -0.519089 -0.491597 -0.699199 0.674326 -0.490091 0.841398 -0.227728 0.441855 0.700255 0.22446 -0.677687 0.591648
0 96 43 0.160293 -0.968539 -0.190361 0.158275 -0.903526 -0.221622 0.366777 -0.180706 -0.397426 0.113204 -0.910625 0.970718
0 97 39 0.810423 0.50498 0.297001 -0.265915 -0.522689 0.85222 -0.0227433 -0.0549166 -0.264595 -0.136808 0.954606 0.962431
0 98 20 0.77567 0.62906 -0.0511766 -0.13372 -0.61955 0.774388 0.128376 0.207751 0.120387 -0.0678709 0.990404 -0.968999
0 99 56 -0.911899 0.360457 0.196242 -0.0909798 0.396288 0.897703 0.192576 -0.0642119 -0.106751 0.253378 -0.961459 0.99378
0 100 25 -0.706779 0.678296 0.200942 -0.113141 -0.630342 -0.732762 0.256378 -0.133205 0.321143 0.0545401 0.945459 -0.984609
0 101 37 0.672614 0.61236 0.415458 -0.3527 0.617624 -0.7738 0.140622 -0.348449 0.407593 0.162013 -0.898677 0.868439
0 102 36 0.788445 -0.602845 0.1222 -0.487629 0.613025 0.753789 -0.236647 -0.233634 0.0505482 0.261495 0.96388 0.841209
0 103 67 -0.569326 -0.563763 0.598364 -0.413068 -0.636271 0.763064 0.113546 0.141904 -0.520603 -0.316077 -0.793138 0.899577
0 104 62 0.0513666 -0.984102 0.170012 -0.0841907 -0.87028 0.0393952 0.490979 -0.175425 -0.489872 -0.173178 -0.854421 0.980886
0 105 50 0.0528333 -0.997408 0.0488408 -0.0517996 -0.878757 -0.0696687 -0.472156 0.412116 0.474335 -0.0179737 -0.880161 0.909658
0 106 34 -0.975402 0.164575 -0.146647 0.47319 -0.169752 -0.985208 0.0234354 -0.157557 -0.140621 0.0477526 0.988911 -0.866757
0 107 65 0.710422 0.358608 0.605558 -0.291106 0.534944 -0.834268 -0.133532 0.0864468 0.457312 0.418804 -0.784518 0.952777
0 108 30 -0.884552 -0.457313 0.0918283 0.0706886 0.433778 -0.878886 -0.198485 -0.055076 0.171477 -0.135738 0.975793 -0.995977
0 109 44 -0.858511 0.208175 0.468638 -0.429319 0.274373 0.958549 0.0768327 -0.0244743 -0.433217 0.194543 -0.880043 0.902821
0 110 22 0.736259 -0.437089 -0.5166 -0.202484 0.420317 0.893675 -0.157093 -0.149814 0.530336 -0.101474 0.841693 0.967758
0 111 19 -0.364521 0.929185 -0.0611528 0.339423 -0.87634 -0.3201 0.359949 -0.0353679 0.314884 0.1848 0.930966 -0.939969
0 112 61 -0.979901 -0.00834066 -0.199312 0.0891127 -0.0202274 0.99813 0.0576775 -0.024724 0.198458 0.0605498 -0.978237 0.995715
0 113 42 0.842445 0.487754 -0.228872 0.323803 -0.494962 0.868435 0.0288569 -0.0622911 0.212836 0.0889727 0.973029 -0.944072
0 114 47 0.966717 0.0254268 0.25458 -0.274044 0.0439925 -0.996749 -0.0675003 -0.0954474 0.252036 0.0764533 -0.964693 0.956969
0 115 65 0.795593 0.332745 0.506274 -0.368653 0.529035 -0.788794 -0.312932 0.102638 0.295219 0.516803 -0.803592 0.923883
0 116 28 -0.808277 -0.55214 0.204524 -0.199352 0.443599 -0.799443 -0.405106 0.232623 0.387181 -0.236711 0.8911 -0.951917
0 117 23 0.847478 0.33448 -0.412194 0.383383 -0.327345 0.940587 0.0902251 0.029565 0.417883 0.0584657 0.906618 -0.923116
0 118 58 -0.925008 0.346541 -0.155787 0.219228 0.295002 0.913453 0.280316 -0.195667 0.239445 0.213337 -0.947182 0.955852
0 119 45 0.606237 0.652834 -0.454186 0.623137 -0.603822 0.74951 0.271358 -0.0305789 0.517568 0.10974 0.848575 -0.781514
0 120 17 -0.523053 -0.771027 -0.363224 -0.337184 0.812851 -0.323122 -0.484629 -0.0793729 0.256297 -0.548734 0.79574 0.938087
0 121 21 -0.278369 0.960177 -0.0238753 -0.257275 -0.955268 -0.27419 0.110824 -0.0569385 0.0998646 0.0536574 0.993553 0.964659
0 122 85 0.889199 0.456292 0.0335107 -0.273808 0.41512 -0.83542 0.360205 -0.30012 0.192354 -0.306383 -0.932271 0.91376
0 123 30 0.723221 0.332357 -0.605384 0.463495 -0.315143 0.93882 0.138929 0.050482 0.614521 0.0903059 0.783715 -0.88466
0 124 35 0.791501 0.263578 -0.55141 0.261785 -0.251159 0.962797 0.0997079 0.123718 0.557177 0.0595728 0.828254 -0.957164
0 125 114 0.972373 0.160785 0.169232 -0.848414 -0.159194 0.986979 -0.023016 0.19563 -0.170729 -0.00456055 0.985308 -0.491856
0 126 126 0.937111 0.281545 0.206289 -0.765045 -0.201034 0.918541 -0.340393 0.559943 -0.285321 0.277515 0.917375 -0.318072
0 127 133 0.923631 0.380844 -0.0431594 -0.490279 -0.361354 0.82771 -0.429324 0.784833 -0.127782 0.412133 0.902119 -0.37903
0 128 122 0.921796 0.366447 -0.126528 -0.367307 -0.387043 0.88854 -0.246364 0.640234 0.0221463 0.276069 0.960883 -0.674675
0 129 160 0.893328 0.357683 -0.27208 -0.0537322 -0.378643 0.925149 -0.0269868 0.362927 0.242062 0.127129 0.961896 -0.930267
0 130 151 0.922155 0.302403 -0.241211 -0.0263714 -0.322362 0.945444 -0.047108 0.328296 0.213806 0.121198 0.969329 -0.944207
0 131 190 0.963324 0.241741 -0.116483 -0.17839 -0.253543 0.962133 -0.100077 0.364739 0.0878797 0.12594 0.988138 -0.913861
0 132 170 0.965498 0.232346 -0.1176 -0.0651726 -0.241737 0.967595 -0.0729563 0.300441 0.0968377 0.0988673 0.990378 -0.951571
0 133 203 0.972163 0.206731 -0.110283 0.000626565 -0.218731 0.969471 -0.11083 0.36095 0.0840042 0.131868 0.987702 -0.932585
0 134 207 0.969208 0.215229 -0.119637 0.0603027 -0.222032 0.973924 -0.0466299 0.28273 0.106481 0.0717574 0.991722 -0.957302
0 135 244 0.950022 0.237802 -0.202256 0.305952 -0.246358 0.969014 -0.0178556 0.315087 0.191743 0.0667905 0.97917 -0.898395
0 136 172 0.969675 0.222113 -0.101959 0.199982 -0.21505 0.973654 0.0758441 0.15343 0.116119 -0.0516179 0.991893 -0.967712
0 137 164 0.963141 0.193638 -0.186718 0.488334 -0.194509 0.980803 0.0138246 0.216838 0.18581 0.0230032 0.982316 -0.845288
0 138 121 0.977875 0.123433 -0.168891 0.580392 -0.124854 0.992173 0.00222361 0.212533 0.167843 0.0189123 0.985632 -0.786113
0 139 129 0.995166 0.0564705 0.0803454 0.319756 -0.0618037 0.995936 0.0655175 0.133261 -0.0763191 -0.0701664 0.994612 -0.938082
0 140 70 0.984163 -0.0614733 0.166264 0.258558 0.0408509 0.99135 0.124727 0.129601 -0.172493 -0.115959 0.978161 -0.957262
0 141 81 0.956383 -0.18831 0.223317 0.173651 0.171405 0.980802 0.0929918 0.255169 -0.236541 -0.0506582 0.9703 -0.951175
0 142 135 0.948038 -0.269745 0.168706 0.160747 0.245508 0.957508 0.151341 0.148963 -0.202361 -0.102058 0.973979 -0.97569
0 143 157 0.959653 -0.269317 0.0808417 0.190622 0.251739 0.950963 0.179711 0.0384515 -0.125277 -0.152109 0.980392 -0.98091
0 144 293 0.987793 -0.155146 -0.0139687 0.225771 0.155768 0.982972 0.0974837 0.127857 -0.00139341 -0.0984696 0.995139 -0.965754
0 145 597 0.98571 0.0539866 -0.159569 0.439927 -0.0414103 0.995844 0.0811169 0.0908064 0.163285 -0.0733499 0.983848 -0.893431
0 146 657 0.968572 0.104792 -0.225583 0.646906 -0.100984 0.994483 0.0283873 0.19088 0.227313 -0.0047148 0.97381 -0.738294
0 147 646 0.96824 0.19084 -0.161526 0.44159 -0.169668 0.976053 0.136139 -0.0513309 0.183639 -0.104409 0.977433 -0.895748
0 148 643 0.928123 0.221628 -0.299112 0.836593 -0.181713 0.970964 0.155596 -0.159506 0.324912 -0.0900591 0.941447 -0.52409
0 149 488 0.903668 0.27417 -0.32896 0.914756 -0.234596 0.959603 0.15533 -0.206722 0.358258 -0.0631945 0.931482 -0.347112
0 150 282 0.899617 0.310196 -0.307355 0.953459 -0.288276 0.950548 0.115563 -0.234582 0.328003 -0.0153598 0.944552 -0.189441
0 151 249 0.872262 0.298844 -0.387106 0.980785 -0.289199 0.953534 0.0844761 -0.192567 0.394364 0.0382651 0.918157 -0.0312959
0 152 181 0.882806 0.313838 -0.349513 0.965682 -0.323358 0.94572 0.0324451 -0.247449 0.340724 0.0843753 0.936369 -0.0789091
0 153 125 0.885899 0.353235 -0.30068 0.950237 -0.359112 0.932542 0.0374814 -0.307699 0.293637 0.0747731 0.952988 -0.0486913
0 154 130 0.846411 0.377456 -0.375654 0.949145 -0.367403 0.924544 0.101159 -0.311951 0.385491 0.0523941 0.921223 0.0425415
0 155 106 0.824911 0.407938 -0.39129 0.944125 -0.390495 0.911759 0.127316 -0.327143 0.408699 0.0477725 0.911418 0.040072
0 156 142 0.730886 0.460131 -0.504068 0.908686 -0.396397 0.887415 0.235296 -0.389415 0.555585 0.0278361 0.830994 0.150485
0 157 127 0.792595 0.419969 -0.442063 0.932896 -0.353652 0.907216 0.227794 -0.344853 0.496713 -0.0242114 0.867577 0.103835
0 158 140 0.730982 0.35095 -0.585235 0.939134 -0.265639 0.936312 0.229688 -0.239494 0.628571 -0.0124362 0.777652 0.246313
0 159 130 0.770135 0.400562 -0.49643 0.930165 -0.26982 0.909761 0.315489 -0.320683 0.578005 -0.109022 0.808718 0.178764
0 160 134 0.790353 0.371208 -0.487388 0.961801 -0.258422 0.923297 0.284148 -0.235898 0.555482 -0.0986256 0.825659 0.138893
0 161 136 0.840645 0.35733 -0.406977 0.959973 -0.259755 0.925402 0.275968 -0.275299 0.475229 -0.126277 0.870753 0.0515926
0 162 155 0.824074 0.355001 -0.441447 0.967668 -0.259265 0.929229 0.263278 -0.246869 0.503669 -0.102508 0.857793 0.0517204
0 163 183 0.853048 0.327839 -0.405994 0.971261 -0.23919 0.937121 0.254151 -0.237701 0.463786 -0.119694 0.877825 -0.0122574
0 164 200 0.851047 0.293024 -0.435726 0.982876 -0.227848 0.953698 0.196332 -0.184184 0.47308 -0.0678084 0.878406 -0.00561268
0 165 219 0.883865 0.264133 -0.386027 0.97653 -0.211162 0.961736 0.174567 -0.112941 0.417366 -0.0727789 0.90582 -0.183394
0 166 261 0.876182 0.254486 -0.409318 0.950428 -0.192854 0.963407 0.186159 -0.0739871 0.441715 -0.084171 0.893198 -0.302013
0 167 259 0.920656 0.27059 -0.281376 0.847651 -0.219164 0.954749 0.201051 -0.12945 0.323046 -0.123432 0.938299 -0.51452
0 168 369 0.938546 0.216171 -0.269076 0.811147 -0.167463 0.966872 0.192651 -0.0607868 0.301808 -0.135751 0.943654 -0.581675
0 169 445 0.97668 0.153749 -0.149859 0.648428 -0.132929 0.981149 0.140275 -0.0110787 0.168601 -0.117084 0.978706 -0.761196
0 170 509 0.988506 0.0870765 -0.123584 0.499164 -0.0670679 0.985204 0.157716 0.0546469 0.135489 -0.147615 0.979721 -0.864783
0 171 629 0.991785 0.048334 -0.118429 0.382613 -0.0266397 0.983608 0.178341 0.0287678 0.125107 -0.173721 0.976816 -0.923461
0 172 752 0.981899 0.0983753 -0.161851 0.409897 -0.067701 0.980373 0.185164 0.0296436 0.17689 -0.170855 0.969288 -0.91165
1 2 1111 0.999999 -0.0001451 -0.00102142 0.444083 0.00014288 0.999998 -0.0021734 -0.113534 0.00102174 0.00217325 0.999997 0.888763
1 3 2283 0.999544 -0.00398729 -0.029927 0.967157 0.00412591 0.999981 0.00457165 -0.153021 0.0299082 -0.00469304 0.999542 0.202959
1 4 1829 0.998095 0.0198633 -0.0584193 0.968406 -0.0201105 0.999791 -0.00364607 -0.0437697 0.0583346 0.00481396 0.998285 0.245509
1 5 1164 0.994831 0.0437578 -0.0916291 0.977484 -0.0442291 0.999017 -0.00311861 -0.119953 0.0914025 0.00715516 0.995788 0.173597
1 6 767 0.985808 0.0544372 -0.158808 0.98225 -0.0538412 0.998517 0.00805624 -0.0263402 0.159011 0.000608519 0.987277 0.185717
1 7 539 0.986907 0.0526112 -0.152465 0.974027 -0.0544389 0.998486 -0.00783534 -0.131833 0.151822 0.0160328 0.988278 0.184097
1 8 369 0.981663 0.0603711 -0.180813 0.998858 -0.0656965 0.99756 -0.0236049 -0.0459087 0.178947 0.0350509 0.983234 0.0132227
1 9 259 0.975848 0.106863 -0.190529 0.990867 -0.109934 0.993923 -0.00558861 -0.0469406 0.188774 0.0263992 0.981666 -0.126408
1 10 85 0.992756 0.0517768 0.108422 0.413638 -0.0538166 0.998423 0.0159709 -0.0910696 -0.107424 -0.0216901 0.993977 0.905875
1 11 157 0.884948 0.201889 -0.419653 0.996015 -0.189655 0.979268 0.071176 -0.00987551 0.425322 0.0166019 0.90489 -0.0886329
1 12 146 0.852609 0.243555 -0.462319 0.990782 -0.242088 0.968169 0.0635836 0.0132234 0.463089 0.0577099 0.884431 -0.134816
1 13 100 0.974225 0.225135 -0.0141506 0.270163 -0.224915 0.974253 0.0156089 0.275707 0.0173004 -0.0120239 0.999778 -0.922495
1 14 102 0.880215 0.000941077 0.474574 -0.925425 -0.0184608 0.999309 0.0322586 -0.061423 -0.474216 -0.0371555 0.879624 0.37392
1 15 67 0.531097 0.806753 0.25901 0.0046315 -0.843711 0.475377 0.249338 -0.505076 0.0780268 -0.350952 0.933137 -0.863062
1 16 68 0.932692 0.29654 0.205305 -0.944326 -0.307033 0.951477 0.0205371 0.233292 -0.189253 -0.0821904 0.978482 -0.232
1 17 46 0.567678 -0.783991 0.251198 -0.462191 0.780429 0.609613 0.13893 -0.180123 -0.262053 0.117175 0.957913 -0.868294
1 18 84 -0.0244105 -0.957118 -0.288667 0.272695 -0.724602 0.215873 -0.654485 0.29734 0.688735 0.193192 -0.698799 0.915001
1 19 42 0.935688 0.254014 0.244878 0.0103761 -0.279098 0.957464 0.0732601 -0.165047 -0.215853 -0.136894 0.966782 0.986231
1 20 38 0.97923 0.194217 0.0582009 -0.358862 -0.189894 0.979131 -0.0724043 0.0462787 -0.0710485 0.0598485 0.995676 -0.932243
1 21 59 -0.735216 0.119773 0.667167 -0.34121 0.354112 0.907141 0.227376 -0.17631 -0.577981 0.403423 -0.709357 0.923304
1 22 32 0.684822 0.676503 0.270855 -0.252784 -0.675783 0.728651 -0.11129 0.261494 -0.272647 -0.106825 0.956165 -0.931515
1 23 61 0.206415 -0.887762 0.411427 -0.354585 -0.97649 -0.160201 0.144233 -0.0753605 -0.0621333 -0.431526 -0.899958 0.931982
1 24 79 -0.1407 0.703957 -0.696166 0.429023 0.886319 0.402899 0.228277 -0.108527 0.441182 -0.584907 -0.680619 0.89675
1 25 72 -0.646793 -0.404087 0.646817 -0.294683 -0.475256 0.876851 0.0725574 -0.032893 -0.596482 -0.260474 -0.759186 0.955029
1 26 76 -0.914743 -0.189773 -0.356694 0.278084 -0.375705 0.724283 0.578153 -0.278738 0.14863 0.662873 -0.733832 0.919225
1 27 30 0.294896 0.933602 -0.203528 0.246191 -0.877464 0.348912 0.329115 -0.100754 0.378276 0.0815335 0.922095 -0.96397
1 28 35 0.852587 -0.408575 -0.325826 -0.345838 0.461044 0.881623 0.100887 -0.280781 0.246036 -0.236235 0.940032 0.895298
1 29 85 -0.408706 0.328546 0.851479 -0.478276 0.537693 0.840535 -0.0662333 -0.152183 -0.737459 0.430765 -0.520189 0.864923
1 30 51 -0.49041 0.792501 0.362546 -0.132071 0.735309 0.599567 -0.315974 0.18145 -0.467781 0.111627 -0.876767 0.974491
1 31 35 -0.0688496 0.966874 -0.245794 0.228124 -0.997432 -0.0618433 0.0361204 0.293005 0.0197231 0.24765 0.968649 -0.928497
1 32 57 0.91321 0.325816 -0.244726 -0.202792 -0.227516 0.905927 0.357117 -0.360492 0.338058 -0.270444 0.90143 0.910451
1 33 23 -0.979813 0.117615 0.161656 0.0805611 -0.140361 -0.980528 -0.137346 0.0547675 0.142355 -0.157263 0.977243 -0.995244
1 34 48 -0.497983 0.866749 -0.0275625 0.419695 -0.866485 -0.498607 -0.0243754 0.199856 -0.0348702 0.0117439 0.999323 -0.885389
1 35 87 -0.769736 0.61607 -0.167225 0.176256 0.628608 0.685884 -0.366627 0.169434 -0.111171 -0.387325 -0.915216 0.969653
1 36 53 -0.097179 0.962425 -0.253565 0.408366 -0.993177 -0.0772727 0.0873416 0.237965 0.0644661 0.260323 0.963367 -0.881255
1 37 66 0.69991 -0.344667 -0.625565 0.442009 -0.383899 -0.920122 0.0774348 -0.114965 -0.602285 0.185957 -0.77632 0.889613
1 38 49 0.926805 -0.0602274 0.370681 -0.290755 -0.0554711 -0.998184 -0.0234895 -0.0318161 0.371423 0.00120811 -0.928463 0.956268
1 39 19 -0.67463 -0.736778 -0.0450734 -0.00988232 0.721194 -0.644883 -0.252992 0.134805 0.157332 -0.203183 0.966418 -0.990823
1 40 60 -0.732026 0.121774 0.670305 -0.362262 0.139489 0.989842 -0.0274906 0.042914 -0.666844 0.0733767 -0.741576 0.931088
1 41 56 -0.857079 -0.496881 -0.136102 0.142348 -0.491088 0.867816 -0.0756816 0.140519 0.155717 0.00197304 -0.9878 0.979792
1 42 52 -0.207413 -0.927241 -0.311775 0.395405 0.977523 -0.184132 -0.102689 -0.10635 0.0378103 -0.326066 0.944591 -0.912329
1 43 32 -0.276285 0.953508 -0.120374 -0.0882384 -0.920992 -0.298471 -0.250377 0.0235407 -0.274664 0.0416879 0.960636 0.995821
1 44 82 -0.434577 -0.889518 -0.141069 0.028138 -0.888115 0.449272 -0.0969852 -0.00416462 0.149649 0.0831384 -0.985238 0.999595
1 45 48 -0.789195 0.605672 0.101651 -0.137758 0.608667 0.793424 -0.00194131 0.122532 -0.081828 0.0603395 -0.994818 0.982857
1 46 50 -0.8602 0.499037 -0.104968 0.309492 0.503969 0.863346 -0.0254652 -0.015537 0.0779153 -0.0748057 -0.99415 0.950775
1 47 54 -0.783141 0.205963 0.586744 -0.369454 0.0680431 0.966273 -0.24837 0.0456698 -0.61811 -0.154585 -0.770742 0.928126
1 48 38 0.245355 0.859371 -0.448646 0.431049 -0.942346 0.320056 0.0977108 0.245423 0.227562 0.398806 0.888352 -0.868311
1 49 70 -0.34825 0.929421 0.122055 -0.0168815 0.925063 0.319685 0.205086 -0.122848 0.151592 0.184329 -0.971104 0.992282
1 50 20 0.951922 0.261472 -0.159615 0.0417276 -0.256443 0.965175 0.0517048 0.185701 0.167576 -0.00828671 0.985824 -0.98172
1 51 17 0.752077 -0.657937 -0.0387268 -0.0689942 0.600761 0.708514 -0.370261 -0.144549 0.271047 0.255199 0.92812 0.987089
1 52 24 0.704793 -0.540237 -0.459794 0.118632 0.53604 0.830091 -0.153654 0.0845846 0.464681 -0.138174 0.874631 -0.989329
1 53 37 0.785357 -0.460564 0.413637 -0.171455 -0.585513 -0.769576 0.254808 -0.302868 0.20097 -0.442305 -0.874058 0.937483
1 54 36 0.382283 0.853742 -0.35353 0.403053 -0.759491 0.508225 0.406054 -0.271837 0.526339 0.113275 0.842696 -0.873872
1 55 62 0.0819251 -0.905193 0.41703 -0.395858 -0.819912 -0.299099 -0.488144 0.333127 0.566598 -0.301937 -0.766682 0.855759
1 56 52 0.613819 0.789061 -0.0246647 -0.13515 0.788871 -0.614265 -0.0189882 -0.139646 -0.0301335 -0.00780201 -0.999515 0.980935
1 57 20 -0.261937 -0.963269 0.0591782 -0.0642793 0.945336 -0.268435 -0.185156 0.0819409 0.19424 0.00744422 0.980926 -0.994562
1 58 55 0.822098 -0.454067 -0.34348 0.0213331 -0.484266 -0.874917 -0.00245505 -0.0362505 -0.299402 0.168354 -0.939157 0.999115
1 59 23 -0.278446 0.860418 0.426788 -0.373248 -0.87955 -0.406939 0.246563 -0.0745224 0.385824 -0.306727 0.870091 -0.924733
1 60 20 0.963453 0.0493278 -0.263297 0.237408 -0.0798104 0.99112 -0.106358 0.0519367 0.255713 0.123485 0.958834 -0.970021
1 61 31 -0.925814 -0.201256 0.319943 -0.302957 0.218671 -0.975612 0.019069 -0.0792017 0.308303 0.0876167 0.947245 -0.949707
1 62 36 0.581906 -0.81316 -0.0125096 -0.218971 0.808489 0.576764 0.116996 0.0477746 -0.0879214 -0.0781946 0.993054 0.974561
1 63 35 -0.975207 -0.210175 0.0692684 -0.103974 -0.20255 0.973823 0.103157 0.0817037 -0.0891363 0.0865696 -0.99225 0.991218
1 64 74 -0.123642 -0.125634 -0.984342 0.347067 0.415129 0.894433 -0.166303 0.216827 0.901322 -0.429191 -0.0584347 0.912431
1 65 65 -0.881226 -0.38144 -0.279183 0.197868 -0.353685 0.923911 -0.145929 0.151996 0.313604 -0.0298533 -0.949085 0.968373
1 66 54 0.163295 -0.779114 -0.605241 0.286117 -0.959738 -0.267569 0.0854979 -0.0341827 -0.228556 0.566911 -0.791438 0.957585
1 67 34 -0.848533 0.422785 0.31819 0.0595188 -0.492651 -0.850663 -0.183484 0.228477 0.193098 -0.312449 0.930101 -0.971728
1 68 59 0.963363 -0.268163 0.00456725 -0.0287707 -0.214235 -0.779651 -0.588429 0.308444 0.161356 0.565892 -0.808536 0.950807
1 69 23 0.803887 0.58044 -0.129827 -0.0630539 -0.557031 0.811235 0.177802 0.0657492 0.208523 -0.0706151 0.975465 -0.995842
1 70 18 0.357192 -0.928734 0.0993284 0.269224 0.934014 0.355799 -0.0320093 0.053446 -0.00561282 0.104208 0.99454 0.961593
1 71 51 -0.280623 0.717605 -0.637412 0.220227 0.833098 -0.147689 -0.533044 0.0360528 -0.476654 -0.680611 -0.55639 0.974782
1 72 30 0.161502 -0.96535 0.20498 -0.378617 0.98687 0.158455 -0.0313046 -0.250145 -0.00226036 0.207345 0.978265 -0.89111
1 73 70 0.733689 0.117106 -0.669318 0.386364 0.0817045 -0.993094 -0.0841931 -0.0921977 -0.674555 0.00708532 -0.73819 0.917727
1 74 28 0.924389 -0.293325 0.243854 0.00737251 0.32788 0.937696 -0.11498 -0.211694 -0.194935 0.186241 0.962972 0.977308
1 75 19 -0.488825 0.844533 0.218665 0.0397122 -0.872221 -0.47795 -0.1039 -0.205703 0.0167638 -0.241514 0.970253 0.977808
1 76 20 0.882623 0.452654 -0.126811 0.171336 -0.469918 0.856724 -0.212606 -0.267017 0.0124049 0.247241 0.968875 0.948338
1 77 22 0.82135 -0.568572 0.0459432 -0.142245 0.558424 0.817892 0.13862 -0.204924 -0.116392 -0.0881999 0.989279 -0.968387
1 78 52 0.396397 0.898585 -0.188188 0.0240255 0.721576 -0.431671 -0.541283 0.0839193 -0.567624 0.0787715 -0.819511 0.996183
1 79 22 0.849267 0.502517 0.161932 -0.221324 -0.522509 0.843959 0.121317 0.00311746 -0.0756998 -0.187641 0.979316 -0.975195
1 80 64 -0.86451 -0.227277 -0.448294 0.448878 -0.377578 0.882379 0.280788 -0.136625 0.331749 0.412011 -0.84864 0.883087
1 81 37 0.871931 0.0517311 0.486888 0.0693412 -0.109985 0.989684 0.0918117 -0.174092 -0.477116 -0.133604 0.868626 0.982285
1 82 27 -0.638465 0.713612 0.288306 -0.115339 -0.762796 -0.636588 -0.113568 -0.224489 0.102489 -0.292428 0.95078 0.967627
1 83 69 0.541005 -0.76863 0.341352 -0.280845 -0.595105 -0.636665 -0.490417 0.323564 0.594276 0.0621775 -0.801854 0.903567
1 84 22 -0.853309 0.389759 0.346342 -0.0715937 -0.477546 -0.850865 -0.219038 -0.135945 0.209318 -0.352301 0.912178 0.988126
1 85 61 -0.832367 0.553094 0.0353853 0.0662375 0.553125 0.83304 -0.00980582 0.0965325 -0.0349009 0.0114104 -0.999326 0.993123
1 86 32 0.757385 0.4495 -0.473621 0.208192 -0.362878 0.892764 0.267005 0.0875957 0.542851 -0.0303594 0.83928 0.974158
1 87 48 -0.77252 0.352852 0.527929 -0.282519 0.473157 0.874334 0.107994 -0.0831913 -0.42348 0.333221 -0.842395 0.955648
1 88 34 0.769578 0.0726108 -0.634411 0.435048 0.0875409 -0.99613 -0.00781877 -0.154065 -0.632524 -0.0495197 -0.772956 0.887128
1 89 36 0.152119 0.98442 0.0881934 -0.00627243 -0.901011 0.101444 0.421769 -0.332736 0.40625 -0.143622 0.902404 -0.942999
1 90 54 -0.940187 -0.21337 -0.265558 0.103518 -0.247069 0.963788 0.100347 -0.0961662 0.234531 0.159956 -0.958858 0.989968
1 91 16 0.34241 -0.937346 -0.0643283 0.00876272 0.898207 0.346662 -0.270277 0.254451 0.275643 0.0347656 0.960631 -0.967046
1 92 55 -0.906493 0.14677 -0.395891 0.240429 -0.0547559 0.888855 0.454904 -0.280695 0.418656 0.434045 -0.797704 0.929195
1 93 48 -0.97578 -0.198067 0.0928578 0.409682 0.185927 -0.974579 -0.12501 -0.0703972 0.115258 -0.104717 0.987801 -0.909508
1 94 67 -0.462544 -0.0814725 0.882845 -0.684414 0.200443 0.960377 0.193645 -0.168417 -0.863641 0.266529 -0.427886 0.709376
1 95 58 -0.24821 -0.920289 -0.302425 0.243313 -0.733655 -0.0252761 0.679051 -0.519353 -0.632567 0.390423 -0.668901 0.81919
1 96 18 -0.970506 0.0112507 0.240815 -0.109642 -0.0637811 -0.9753 -0.211478 0.115429 0.232488 -0.2206 0.947251 -0.987246
1 97 38 -0.814444 -0.578928 -0.0390397 0.177677 0.569803 -0.785272 -0.242223 0.104814 0.109573 -0.219522 0.969435 -0.978491
1 98 19 0.490597 0.862309 0.125454 -0.185903 -0.870817 0.479962 0.106366 0.208372 0.0315072 -0.161431 0.986381 -0.960219
1 99 60 0.451196 -0.877198 0.164152 0.0251762 -0.814101 -0.479928 -0.326968 -0.0138168 0.365597 0.0138903 -0.930669 0.999588
1 100 21 -0.279993 0.864724 0.416962 -0.277096 -0.957756 -0.221924 -0.182899 0.280441 -0.0656236 -0.450558 0.890332 -0.919005
1 101 53 -0.341891 0.306387 0.88839 -0.279808 0.345886 0.920021 -0.184184 -0.0316279 -0.87377 0.244311 -0.420522 0.959535
1 102 21 0.801852 -0.590302 -0.092614 0.0175935 0.541411 0.783347 -0.305355 0.27431 0.2528 0.194707 0.947724 -0.96148
1 103 28 -0.794439 0.479445 0.372826 -0.384979 -0.576528 -0.788373 -0.21467 0.123648 0.191003 -0.385487 0.902728 -0.914605
1 104 53 0.170368 0.435863 0.883741 -0.183128 -0.40882 0.847288 -0.339071 0.0527346 -0.896572 -0.303524 0.32254 0.981674
1 105 82 0.328319 -0.475163 -0.81635 0.404912 -0.555342 -0.79621 0.240093 -0.154682 -0.76407 0.374526 -0.525288 0.901177
1 106 47 0.661955 -0.620594 -0.420332 0.133588 -0.66904 -0.742041 0.0419483 -0.0122173 -0.337937 0.253451 -0.9064 0.990962
1 107 23 -0.870573 0.369299 0.325148 -0.107003 -0.418707 -0.903103 -0.0953389 0.057392 0.258434 -0.219141 0.940845 -0.992601
1 108 53 0.249994 0.952721 -0.172704 0.00718234 0.968052 -0.249516 0.0248262 -0.133916 -0.01944 -0.173393 -0.984661 0.990967
1 109 22 0.922073 0.274345 -0.272976 0.0124999 -0.241148 0.958951 0.149199 0.0347788 0.302703 -0.0717451 0.950381 -0.999317
1 110 25 0.74172 -0.364191 -0.56322 -0.0952858 0.398347 0.91479 -0.0669303 -0.080317 0.539603 -0.174713 0.823592 0.992205
1 111 73 -0.470943 -0.258789 0.843351 -0.615209 0.0455359 0.947597 0.316206 -0.18853 -0.880988 0.187317 -0.43448 0.76549
1 112 26 -0.834405 0.547064 0.0670006 -0.274633 -0.545971 -0.837061 0.0352928 -0.0295892 0.075391 -0.00713182 0.997129 -0.961094
1 113 48 -0.625886 -0.413066 -0.661546 0.126597 0.696786 -0.677212 -0.236378 -0.0112916 -0.350367 -0.608901 0.711675 0.99189
1 114 35 0.979749 -0.1835 -0.0801285 -0.473328 0.182115 0.982976 -0.024325 0.22683 0.083228 0.00923985 0.996488 -0.851181
1 115 68 0.809965 0.339751 -0.478044 0.125463 0.334718 -0.937115 -0.0988937 -0.101669 -0.481581 -0.0799092 -0.872751 0.986875
1 116 60 -0.902158 0.170252 0.39639 -0.149621 0.283001 0.927058 0.245916 -0.18532 -0.325609 0.334034 -0.884534 0.971221
1 117 42 0.966956 0.177622 -0.182882 -0.196846 -0.166798 0.983279 0.0730813 0.00456591 0.192805 -0.0401621 0.980415 -0.980424
1 118 56 0.276809 -0.288253 0.916672 -0.840488 -0.369079 -0.912669 -0.175543 0.109891 0.887219 -0.289732 -0.359023 0.530569
1 119 35 0.811418 0.247208 -0.529611 0.484463 -0.196686 0.968791 0.150862 -0.0406469 0.550377 -0.0182448 0.834717 -0.873867
1 120 45 0.766051 -0.551138 -0.330778 0.0509604 -0.477563 -0.832444 0.281015 -0.237275 -0.430232 -0.0573049 -0.900898 0.970105
1 121 22 -0.122637 0.98251 -0.140124 -0.317479 -0.990929 -0.129041 -0.037534 -0.0910796 -0.0549592 0.13425 0.989422 0.943881
1 122 45 0.7836 0.295275 -0.54661 0.519858 -0.277613 0.953528 0.117113 -0.0458984 0.555789 0.0599764 0.829157 -0.853019
1 123 43 0.815914 0.299085 -0.494806 -0.108737 -0.306553 0.949395 0.0683687 -0.207645 0.490215 0.0959012 0.86631 0.972142
1 124 96 0.724093 0.338358 0.601002 -0.812719 0.154481 0.769689 -0.619447 0.493309 -0.672179 0.541381 0.505057 0.310054
1 125 62 0.70209 0.377757 -0.60363 0.506053 -0.338559 0.922832 0.183735 -0.0197147 0.626456 0.0753657 0.775804 -0.862277
1 126 125 0.955578 0.269575 0.119165 -0.745582 -0.246682 0.952759 -0.177198 0.431975 -0.161303 0.139931 0.976934 -0.507449
1 127 139 0.348925 0.60645 -0.714471 0.754981 -0.298139 0.794611 0.528873 -0.532452 0.888462 0.0284745 0.458066 -0.382751
1 128 105 0.872803 0.374399 -0.313113 -0.0995047 -0.402829 0.914815 -0.029014 0.398537 0.275578 0.151455 0.949273 -0.911738
1 129 135 0.904797 0.324752 -0.275461 -0.0595233 -0.343854 0.938748 -0.0227199 0.341163 0.25121 0.115275 0.961044 -0.938118
1 130 160 0.927118 0.306467 -0.215709 -0.0658539 -0.335798 0.934883 -0.115037 0.431685 0.166407 0.179087 0.969658 -0.899617
1 131 177 0.94598 0.25489 -0.200383 -0.0270414 -0.232526 0.964055 0.12857 -0.0236187 0.225952 -0.0750299 0.971245 -0.999355
1 132 190 0.969145 0.209445 -0.129961 -0.0486141 -0.221707 0.97111 -0.0882739 0.314348 0.107718 0.114363 0.987582 -0.948062
1 133 222 0.978615 0.200254 -0.0470141 -0.123928 -0.204172 0.973438 -0.1036 0.340863 0.025019 0.110983 0.993507 -0.931909
1 134 212 0.96229 0.216333 -0.164916 0.142789 -0.230511 0.970395 -0.0720936 0.320151 0.144438 0.10739 0.983669 -0.936544
1 135 236 0.964785 0.204951 -0.16488 0.227825 -0.212701 0.976638 -0.0306174 0.33007 0.154753 0.0646093 0.985838 -0.916051
1 136 185 0.970647 0.219342 -0.0986587 0.193679 -0.211933 0.973979 0.0803036 0.138494 0.113706 -0.0570374 0.991876 -0.97124
1 137 159 0.974859 0.172105 -0.141523 0.402607 -0.17387 0.984769 -0.000101997 0.239956 0.13935 0.024706 0.989935 -0.883362
1 138 120 0.990026 0.111613 -0.0859673 0.448432 -0.109176 0.993489 0.0325575 0.159864 0.0890414 -0.0228473 0.995766 -0.879404
1 139 125 0.995861 0.0194893 0.0887757 0.294758 -0.0228557 0.999052 0.0370634 0.19355 -0.0879692 -0.0389391 0.995362 -0.935765
1 140 81 0.981021 -0.0614881 0.183897 0.222687 0.0517172 0.997007 0.0574696 0.241949 -0.18688 -0.0468683 0.981264 -0.944389
1 141 93 0.955401 -0.190435 0.225706 0.173268 0.161064 0.97664 0.142243 0.150436 -0.247522 -0.0995459 0.963755 -0.973318
1 142 109 0.941739 -0.28779 0.17408 0.14178 0.255427 0.948665 0.186527 0.0660084 -0.218824 -0.131195 0.966904 -0.987695
1 143 168 0.938103 -0.30527 0.163626 -0.0126935 0.301823 0.952246 0.0461484 0.340851 -0.1699 0.00609408 0.985443 -0.940032
1 144 308 0.984977 -0.170529 -0.0271898 0.247658 0.17245 0.979547 0.103671 0.100601 0.0089547 -0.106803 0.99424 -0.96361
1 145 617 0.990486 0.0303064 -0.134237 0.371353 -0.0227004 0.998068 0.0578339 0.140845 0.13573 -0.0542365 0.98926 -0.917747
1 146 678 0.982282 0.0831867 -0.167933 0.490666 -0.0743368 0.995526 0.0583259 0.0915812 0.172034 -0.0448089 0.984071 -0.866521
1 147 723 0.938585 0.178249 -0.295442 0.773853 -0.161784 0.98362 0.0794786 0.125733 0.30477 -0.0267994 0.952049 -0.62076
1 148 697 0.934714 0.212415 -0.284939 0.824767 -0.176414 0.973298 0.146861 -0.14844 0.308527 -0.0870059 0.947228 -0.545642
1 149 562 0.919779 0.265954 -0.288573 0.874092 -0.233916 0.961978 0.141005 -0.182324 0.315102 -0.0621912 0.947018 -0.450245
1 150 288 0.908678 0.299245 -0.291131 0.946008 -0.280786 0.954087 0.104291 -0.223854 0.308973 -0.0130217 0.950982 -0.234433
1 151 290 0.918123 0.28403 -0.276363 0.956464 -0.273772 0.958797 0.0758783 -0.224821 0.286527 0.00599482 0.958053 -0.186098
1 152 179 0.892466 0.288801 -0.346553 0.97255 -0.303294 0.952809 0.0129643 -0.218597 0.333943 0.093537 0.937941 -0.079756
1 153 132 0.882488 0.346258 -0.318308 0.955519 -0.355609 0.934145 0.0302688 -0.276004 0.307826 0.086481 0.947504 -0.10395
1 154 143 0.822765 0.357354 -0.44199 0.964619 -0.360423 0.929315 0.080434 -0.256832 0.439491 0.093125 0.893407 0.0595568
