0 1 32 0.999892 0.0101291 -0.0106744 0.910918 -0.0100784 0.999938 0.00478708 -0.0699719 0.0107222 -0.00467898 0.999932 0.406611
0 2 589 0.999842 0.0105096 -0.0143543 0.779645 -0.010448 0.999936 0.00435932 -0.17963 0.0143992 -0.00420865 0.999887 0.599906
0 3 565 0.99964 0.00227329 -0.0267306 0.951637 -0.00210719 0.999978 0.0062404 -0.117256 0.0267442 -0.00618183 0.999623 0.283967
0 4 521 0.995086 0.0371303 -0.0917932 0.974746 -0.0365353 0.999299 0.00815425 -0.11014 0.0920316 -0.00476049 0.995745 0.194269
0 5 422 0.99445 0.0515587 -0.0917157 0.981454 -0.0516711 0.998663 0.00115055 -0.117108 0.0916525 0.00359488 0.995785 0.151768
0 6 278 0.985746 0.063163 -0.155935 0.980727 -0.0620006 0.998 0.0123117 -0.0279449 0.156401 -0.00246816 0.987691 0.193375
0 7 202 0.976847 0.0650424 -0.203811 0.973429 -0.070079 0.997386 -0.0175853 -0.0750346 0.202134 0.031461 0.978852 0.216345
0 8 159 0.973489 0.0795362 -0.214459 0.99538 -0.0852602 0.996204 -0.0175587 -0.0554488 0.212249 0.035378 0.976575 0.0783857
0 9 148 0.963326 0.118863 -0.240573 0.996136 -0.120945 0.99264 0.00614533 -0.0635124 0.239533 0.0231762 0.970612 -0.0606622
0 10 99 0.947431 0.158435 -0.277981 0.995143 -0.15286 0.987365 0.0417604 -0.0145995 0.281085 0.00292707 0.959678 -0.0973531
0 11 128 0.931624 0.174778 -0.318636 0.985303 -0.171708 0.984417 0.0379339 0.060353 0.3203 0.0193722 0.947118 -0.159797
0 12 104 0.90555 0.258026 -0.33675 0.956896 -0.24048 0.96613 0.0936012 -0.0354025 0.349496 -0.00377881 0.93693 -0.288265
0 13 79 0.801044 0.263455 -0.537513 0.996149 -0.286492 0.957154 0.0421842 0.023249 0.525596 0.120202 0.8422 -0.0845402
0 14 90 0.787079 0.335216 -0.517819 0.98386 -0.303203 0.941286 0.148487 -0.107803 0.537191 0.0401335 0.842505 -0.142825
0 15 82 -0.979344 0.166251 -0.115088 0.415052 -0.0318743 -0.688999 -0.724061 0.212689 -0.199671 -0.705437 0.680067 0.884587
0 16 65 0.857074 0.499194 -0.127393 0.49474 -0.479162 0.863227 0.158882 -0.0571015 0.189281 -0.0751316 0.979044 -0.867163
0 17 48 0.542768 -0.765641 -0.34525 0.348505 -0.755915 -0.266162 -0.598122 0.066737 0.366054 0.585621 -0.723224 0.934928
0 18 28 -0.975876 0.0204258 -0.217366 0.252889 -0.0880981 -0.947799 0.306457 0.00993292 -0.199759 0.318214 0.926734 0.967444
0 19 22 0.530127 -0.527447 0.663902 0.2731 0.594219 0.789644 0.152859 0.169989 -0.604871 0.313469 0.73203 0.946847
0 20 28 0.973729 -0.0673564 -0.217522 0.162733 0.107451 0.978125 0.178119 -0.0608635 0.200766 -0.196812 0.959666 -0.984791
0 21 48 0.817729 -0.508424 0.269861 -0.246257 -0.366103 -0.821179 -0.43776 0.368055 0.444172 0.259172 -0.857637 0.896601
0 22 47 0.601778 0.389249 -0.697387 0.45486 0.431209 -0.893336 -0.126527 0.0462593 -0.672252 -0.224578 -0.705437 0.889361
0 23 42 0.627202 0.607937 -0.486857 0.404678 0.610732 -0.771809 -0.176969 0.0937546 -0.483347 -0.186343 -0.855367 0.90964
0 24 72 0.354984 0.0641033 -0.932672 0.52801 -0.643484 -0.706953 -0.293506 0.0269724 -0.67817 0.70435 -0.209707 0.84881
0 25 69 0.0850814 0.698363 -0.710669 0.489838 0.840881 -0.432943 -0.324776 0.0934082 -0.53449 -0.569956 -0.624076 0.866795
0 26 68 -0.758507 0.436859 -0.48355 0.34765 0.649805 0.451013 -0.611834 0.217771 -0.0491977 -0.778294 -0.62597 0.911984
0 27 50 -0.0758819 -0.845734 -0.528183 0.325679 -0.884388 0.301744 -0.3561 0.247705 0.460542 0.440097 -0.770854 0.912456
0 28 63 -0.843075 0.48536 0.231625 -0.322483 0.476622 0.873825 -0.0962366 0.189584 -0.249109 0.0292627 -0.968033 0.927396
0 29 48 -0.945537 0.0768317 0.316319 -0.0312009 0.175686 0.938513 0.297199 -0.139403 -0.274035 0.336586 -0.900897 0.989744
0 30 43 0.251558 -0.391597 -0.885082 0.841964 0.43222 -0.77278 0.464755 -0.517163 -0.86597 -0.499463 -0.0251427 0.153747
0 31 17 -0.736475 0.504525 0.450622 0.254832 -0.628368 -0.756921 -0.179511 0.122043 0.250517 -0.415361 0.87448 0.959253
0 32 69 -0.177865 0.320669 -0.930342 0.771882 0.0598616 -0.94014 -0.335491 0.171002 -0.982233 -0.115364 0.148022 0.612337
0 33 45 -0.847504 -0.0597226 -0.527418 0.379296 0.022387 0.988744 -0.147935 0.0439551 0.530316 -0.137182 -0.836627 0.924231
0 34 27 0.950145 -0.0569831 0.306556 -0.254328 0.0724589 0.996596 -0.0393315 0.328972 -0.303271 0.0595833 0.95104 0.909447
0 35 96 0.361858 -0.768438 0.52779 -0.452474 -0.794956 0.0413653 0.605255 -0.150988 -0.486933 -0.638586 -0.595906 0.878903
0 36 28 0.768873 0.638261 0.0381667 -0.381887 -0.629844 0.745749 0.217152 -0.0314412 0.110137 -0.191001 0.975391 -0.923674
0 37 40 -0.471618 -0.278285 -0.83674 0.19124 -0.814323 -0.226606 0.534348 0.180734 -0.338311 0.933385 -0.119743 0.96476
0 38 28 -0.855234 0.261177 -0.447618 -0.112635 -0.356979 -0.923026 0.143487 -0.0908352 -0.375688 0.282505 0.882638 0.989476
0 39 61 0.730075 -0.306705 -0.610674 0.265342 -0.201008 -0.950473 0.237057 -0.08601 -0.653136 -0.0503196 -0.755567 0.96031
0 40 35 -0.243879 -0.964085 0.10518 -0.330051 0.969747 -0.243621 0.0154851 -0.199377 0.010695 0.105774 0.994333 -0.922667
0 41 74 0.529475 -0.557435 0.639471 -0.47289 -0.493543 -0.815514 -0.302246 0.08714 0.689979 -0.155575 -0.706912 0.876802
0 42 68 -0.807971 -0.563904 0.170867 -0.246332 -0.547061 0.6102 -0.573045 0.256687 0.218879 -0.556478 -0.801514 0.934576
0 43 29 -0.898143 -0.439697 -0.00257417 0.267477 0.437098 -0.892168 -0.113937 -0.29172 0.0478009 -0.103456 0.993485 -0.918344
0 44 53 0.99151 -0.0820508 0.100872 -0.438616 0.112604 0.929747 -0.350557 0.205918 -0.0650216 0.35894 0.931093 0.874765
0 45 33 0.966062 -0.251234 -0.0600401 0.214271 0.258304 0.938117 0.230687 -0.124327 -0.00163175 -0.238366 0.971174 0.968829
0 46 26 0.163557 0.967402 -0.193344 0.279775 -0.826683 0.241349 0.508277 -0.460411 0.538372 0.0767018 0.839209 -0.842465
0 47 49 -0.839912 -0.0456642 0.540798 -0.504868 -0.0738481 0.996802 -0.0305247 0.0698026 -0.537675 -0.065575 -0.840598 0.86037
0 48 20 0.192551 -0.971979 0.134835 -0.0754621 0.977335 0.202276 0.0624587 0.122347 -0.0879825 0.119753 0.988898 0.989614
0 49 21 -0.601093 -0.793565 -0.0945667 -0.13277 0.752646 -0.522328 -0.400872 -0.0235425 0.268723 -0.312136 0.91124 0.990867
0 50 58 0.534541 0.375889 -0.75695 0.496423 0.494787 -0.865298 -0.0802863 0.170124 -0.685166 -0.331612 -0.648522 0.851247
0 51 70 -0.495247 -0.770613 0.401106 -0.33404 -0.706126 0.626025 0.330876 -0.00342848 -0.50608 -0.119366 -0.854187 0.942553
0 52 21 -0.962245 -0.237442 -0.133064 0.174101 0.262966 -0.937146 -0.229359 0.169918 -0.0702406 -0.25569 0.964204 -0.969957
0 53 22 -0.502605 -0.827625 0.249852 -0.143481 0.853116 -0.521592 -0.0116153 0.128095 0.139934 0.207315 0.968214 0.981328
0 54 48 -0.751569 0.63253 -0.187213 -0.0712259 0.636241 0.770029 0.047472 -0.045963 0.174187 -0.083434 -0.981172 0.996401
0 55 23 0.992046 0.00111316 -0.125871 -0.361188 0.0126886 0.993983 0.108795 0.258188 0.125235 -0.109526 0.986063 0.896037
0 56 44 0.166364 0.95636 0.240207 -0.379303 -0.963253 0.209714 -0.167818 0.276979 -0.21087 -0.203461 0.956105 0.882843
0 57 55 -0.0535095 -0.711113 -0.701038 0.0229798 -0.391319 -0.630959 0.669896 -0.0326805 -0.918698 0.310175 -0.24451 0.999202
0 58 50 -0.78476 -0.0349777 -0.618811 0.198252 0.208714 0.925182 -0.316981 0.0441445 0.5836 -0.377909 -0.718746 0.979157
0 59 20 -0.898839 -0.268554 0.346363 0.396199 0.115828 -0.907736 -0.403235 -0.0470427 0.422696 -0.322325 0.847015 0.916959
0 60 19 0.129325 -0.978099 0.163088 0.315542 0.99032 0.135762 0.0289135 -0.085922 -0.0504214 0.15777 0.986188 0.945013
0 61 42 -0.824402 -0.0993929 -0.557209 0.283973 0.438384 -0.734843 -0.517519 -0.0205772 -0.358023 -0.670915 0.649378 0.958611
0 62 54 -0.388908 0.886246 -0.25163 0.168883 0.873628 0.268069 -0.406096 0.0517377 -0.292447 -0.377765 -0.878503 0.984277
0 63 55 -0.701182 -0.289434 0.651591 -0.311605 0.0121873 0.908897 0.416843 -0.132617 -0.712878 0.300224 -0.633775 0.940912
0 64 28 0.762873 0.618611 0.188005 -0.176458 -0.645943 0.716641 0.263027 0.0902453 0.0279792 -0.322096 0.946293 0.980162
0 65 48 -0.811954 0.118661 -0.571533 0.312711 0.242617 0.959143 -0.14554 -0.0410214 0.530912 -0.256836 -0.807569 0.948962
0 66 37 0.834934 0.123428 -0.536331 0.232244 -0.158532 0.987159 -0.0196149 0.0976491 0.527023 0.101403 0.84378 0.967743
0 67 71 -0.100826 0.990578 0.0926833 0.164985 0.993313 0.105494 -0.046915 -0.00142826 -0.0562505 0.0873332 -0.99459 0.986295
0 68 24 -0.780913 0.0142587 0.624477 0.282714 -0.189326 -0.958115 -0.214876 0.000656623 0.595257 -0.286029 0.750904 0.959204
0 69 49 -0.815671 0.480408 0.322317 -0.367462 -0.317766 -0.837623 0.44431 0.00733779 0.483431 0.25999 0.835883 0.93001
0 70 48 -0.91427 0.188644 0.358502 -0.140258 0.0669599 0.943159 -0.325526 0.325043 -0.399533 -0.273614 -0.874934 0.935241
0 71 51 -0.765963 -0.584599 0.26748 0.0434711 -0.592107 0.80357 0.0606951 -0.00345178 -0.250421 -0.111886 -0.96165 0.999049
0 72 46 0.280051 0.855192 -0.436141 0.445201 0.699984 -0.492821 -0.516864 0.260473 -0.656958 -0.160544 -0.736636 0.856709
0 73 68 -0.776424 0.599673 0.1938 -0.0272407 0.621423 0.677321 0.39379 -0.319745 0.10488 0.42618 -0.898538 0.947112
0 74 49 0.880586 0.148661 -0.449965 0.241877 0.240969 -0.958068 0.155049 -0.120154 -0.408047 -0.244962 -0.879483 0.962839
0 75 66 0.413912 0.891164 0.185751 0.00427914 0.673227 -0.162323 -0.721399 0.352803 -0.612733 0.423648 -0.667143 0.935688
0 76 18 0.917876 0.0708766 0.390488 -0.458052 -0.0869339 0.995935 0.0235757 0.0513578 -0.38723 -0.0555862 0.920306 -0.887441
0 77 55 0.529348 -0.835832 -0.14552 0.0233397 -0.757888 -0.388774 -0.52389 0.213204 0.38131 0.387608 -0.839263 0.976729
0 78 30 -0.657893 -0.743292 0.121217 0.00425013 -0.747129 0.664405 0.0191104 0.219627 -0.0947418 -0.0779921 -0.992442 0.975575
0 79 23 0.797087 -0.542108 -0.266028 0.0385883 0.544849 0.835587 -0.0702385 -0.223871 0.260367 -0.0889593 0.961403 -0.973855
0 80 54 0.347794 0.937207 0.0261316 0.0215018 0.764633 -0.267403 -0.586371 0.302628 -0.542564 0.223918 -0.809621 0.952866
0 81 25 0.931898 0.00254122 0.36271 -0.504725 -0.0250502 0.998039 0.057368 -0.0971016 -0.361853 -0.0625471 0.930134 -0.857802
0 82 56 -0.820563 0.569357 0.0500895 0.471544 -0.571281 -0.81973 -0.0410005 0.238882 0.017716 -0.0622587 0.997903 0.848871
0 83 17 0.713945 0.566018 0.412195 -0.301885 -0.595835 0.800311 -0.0669518 -0.00133744 -0.367781 -0.197801 0.908632 -0.953344
0 84 20 0.276066 0.932149 -0.234278 0.251691 -0.890694 0.339713 0.302091 -0.240504 0.361182 0.125273 0.924043 -0.937448
0 85 19 -0.756232 0.544229 0.36322 -0.292095 -0.530892 -0.834845 0.145558 -0.0157303 0.382449 -0.0827549 0.920263 -0.95626
0 86 24 0.751431 0.436798 0.494529 -0.143911 -0.538372 0.839199 0.0768185 -0.0971123 -0.381454 -0.323964 0.86576 0.984814
0 87 16 -0.953653 0.193073 0.230799 0.117967 -0.183945 -0.981064 0.0606494 -0.105801 0.238139 0.0153842 0.971109 0.987365
0 88 58 -0.819088 -0.277652 -0.502 0.468361 0.516419 -0.737935 -0.43447 -0.128575 -0.249812 -0.615111 0.747818 0.874132
0 89 23 0.509854 -0.85502 0.0948167 -0.326386 0.858622 0.498981 -0.117417 -0.174681 0.0530823 0.141277 0.988546 0.928956
0 90 54 0.870508 -0.377106 0.316238 -0.584298 0.366102 0.92561 0.0959988 -0.397355 -0.328914 0.0322073 0.94381 0.707605
0 91 30 0.861476 0.499848 -0.0895065 0.298221 -0.505444 0.861011 -0.056456 -0.148384 0.0488466 0.093876 0.994385 0.942893
0 92 47 -0.575554 -0.738991 -0.350186 0.332855 0.815443 -0.486397 -0.313799 -0.238979 0.0615648 -0.466165 0.882553 0.912193
0 93 32 0.0984399 -0.975611 0.196198 -0.329085 0.991313 0.113418 0.0666 -0.318308 -0.087228 0.187937 0.9783 -0.889035
0 94 42 0.376196 -0.754694 -0.537507 0.266118 -0.70046 -0.611388 0.368184 -0.204255 -0.606492 0.237993 -0.758635 0.942052
0 95 21 0.982851 0.182585 0.0258257 -0.16959 -0.184388 0.97484 0.125254 0.0134064 -0.00230642 -0.127868 0.991789 -0.985424
0 96 40 0.540576 0.829313 0.14148 0.192886 0.713685 -0.363005 -0.599067 -0.0123834 -0.445456 0.424813 -0.788101 0.981143
0 97 18 0.699727 -0.681451 -0.214491 -0.0952547 0.643293 0.731592 -0.225716 -0.0312646 0.310734 0.0199593 0.950287 0.994962
0 98 85 -0.825715 -0.500155 0.260846 -0.359799 -0.536372 0.552989 -0.637579 0.18231 0.174643 -0.666369 -0.724881 0.915045
0 99 52 -0.583475 -0.584573 0.563765 -0.427144 -0.552492 0.794505 0.252022 -0.185697 -0.595239 -0.164428 -0.786546 0.88491
0 100 17 -0.970519 -0.229158 -0.0746926 -0.00581398 0.227298 -0.973278 0.0326341 -0.112382 -0.080175 0.0146946 0.996672 0.993648
0 101 22 0.634118 0.537322 -0.556038 0.357511 -0.627288 0.777937 0.0363799 0.235836 0.452111 0.325727 0.83036 -0.903641
0 102 70 0.389846 -0.727347 -0.56479 0.334486 0.581623 0.66998 -0.461348 0.0693376 0.713958 -0.14864 0.68423 0.939846
0 103 55 -0.572044 0.776202 0.265096 -0.284346 0.675067 0.629118 -0.385352 0.308436 -0.465887 -0.0414809 -0.883871 0.907752
0 104 55 -0.0233703 -0.999513 -0.0206715 0.111061 -0.915081 0.0130603 0.403058 -0.147521 -0.402591 0.0283356 -0.914941 0.982804
0 105 25 0.325129 -0.758064 -0.565359 -0.284747 0.939929 0.193271 0.28139 -0.0585864 -0.104045 -0.622885 0.775364 0.956811
0 106 70 -0.804819 0.579067 -0.130187 0.0215148 0.430576 0.720613 0.543434 -0.210591 0.408499 0.381311 -0.829295 0.977338
0 107 60 -0.403476 0.819332 0.40731 -0.21604 0.685615 0.56551 -0.458401 0.231708 -0.60592 0.0943045 -0.789916 0.948493
0 108 68 -0.629066 0.438292 0.642009 -0.188516 0.595019 0.802955 0.0348547 -0.0898811 -0.500228 0.403933 -0.765904 0.977948
0 109 22 -0.952574 -0.304176 -0.00894606 -0.396186 0.292678 -0.907724 -0.300627 -0.277202 0.083323 -0.288987 0.9537 0.875326
0 110 32 0.986381 0.132757 -0.0971012 0.1642 -0.150539 0.966521 -0.207785 0.261468 0.0662655 0.219573 0.973343 -0.951143
0 111 60 -0.444427 0.690786 0.570351 -0.300731 0.502277 0.719344 -0.479857 0.21172 -0.741757 0.0732127 -0.666661 0.929911
0 112 64 -0.374941 -0.84466 0.382058 -0.312002 -0.638259 0.534092 0.554411 -0.307412 -0.672343 -0.0359806 -0.739365 0.898973
0 113 25 0.408084 -0.813392 -0.414562 0.403659 0.883212 0.466688 -0.0462557 0.106295 0.231095 -0.34727 0.908845 -0.908714
0 114 58 -0.167364 0.953511 0.250611 -0.261046 0.776321 0.284147 -0.562659 0.167159 -0.607712 0.100386 -0.787787 0.950743
0 115 32 0.5166 -0.840742 -0.162102 0.236917 0.856172 0.509367 0.0866883 -0.358743 0.00968693 -0.18357 0.982959 -0.90287
0 116 24 0.894583 -0.446819 0.00855514 -0.270767 0.418636 0.844551 0.333883 0.0084891 -0.15641 -0.295104 0.942576 -0.962607
0 117 72 -0.688491 -0.494182 0.530815 -0.474451 -0.671965 0.710023 -0.210548 0.0316343 -0.272841 -0.501649 -0.820918 0.879713
0 118 20 -0.872402 0.486668 0.0454907 -0.00946957 -0.483403 -0.845266 -0.227697 -0.221454 -0.072361 -0.220633 0.972669 0.975125
0 119 29 -0.191569 -0.973147 -0.127616 -0.0297826 0.972316 -0.170444 -0.159842 0.371954 0.133798 -0.154704 0.978859 0.927773
0 120 58 -0.692639 0.482661 -0.535995 0.533409 0.217434 0.848264 0.482878 -0.382244 0.687731 0.217917 -0.692487 0.754562
0 121 28 -0.953866 0.108587 0.279908 0.110568 -0.1193 -0.992626 -0.021473 -0.124109 0.275512 -0.0538755 0.959787 -0.986089
0 122 38 0.844946 0.227579 -0.484019 -0.15323 -0.2519 0.967633 0.0152287 -0.279874 0.471818 0.109057 0.874925 0.94773
0 123 99 0.826874 0.0635773 -0.558782 0.000532361 -0.346216 -0.725447 -0.594863 0.256942 -0.443186 0.685336 -0.577842 0.966427
0 124 39 0.878511 0.299818 -0.371925 -0.185664 -0.306321 0.950955 0.0430376 0.261004 0.366588 0.0761197 0.927264 -0.947315
0 125 55 0.829217 0.342961 -0.441335 0.0692714 -0.35662 0.932646 0.0547109 0.267046 0.430373 0.112022 0.895673 -0.961191
0 126 65 0.809171 0.365606 -0.459972 0.119615 -0.387414 0.92054 0.0501587 0.286338 0.441761 0.137612 0.886516 -0.950633
0 127 91 0.900245 0.397913 -0.176704 -0.358767 -0.432078 0.866436 -0.250195 0.694381 0.0535474 0.301587 0.951934 -0.623796
0 128 99 0.833592 0.419623 -0.359221 0.00493086 -0.440354 0.897434 0.0264688 0.337429 0.333484 0.136121 0.932877 -0.941338
0 129 103 0.901918 0.364616 -0.231515 -0.11283 -0.404436 0.901087 -0.156439 0.549745 0.151575 0.234729 0.960171 -0.827677
0 130 100 0.937349 0.282088 -0.204459 -0.0953503 -0.304235 0.948721 -0.0858426 0.380003 0.169759 0.142668 0.975104 -0.920058
0 131 119 0.951852 0.26162 -0.159788 -0.09833 -0.278927 0.955366 -0.0973473 0.374972 0.127188 0.13723 0.98234 -0.921806
0 132 147 0.967143 0.224397 -0.119501 -0.0641049 -0.238145 0.964176 -0.116839 0.376917 0.0890021 0.141459 0.985935 -0.924026
0 133 115 0.970921 0.215767 -0.103716 -0.0126222 -0.225465 0.969788 -0.0931455 0.332733 0.0804849 0.113821 0.990236 -0.942936
0 134 149 0.963838 0.219645 -0.150906 0.12367 -0.231774 0.970396 -0.0679207 0.322233 0.13152 0.10044 0.986212 -0.938547
0 135 148 0.969289 0.20319 -0.138538 0.177962 -0.204233 0.978899 0.00679619 0.265534 0.136995 0.0217066 0.990334 -0.947534
0 136 124 0.959123 0.217889 -0.180575 0.338697 -0.213578 0.975969 0.0432247 0.211435 0.185654 -0.00289082 0.982611 -0.916831
0 137 100 0.972487 0.207752 -0.105391 0.356014 -0.199362 0.976247 0.0848336 0.0890857 0.120512 -0.0614887 0.990806 -0.930225
0 138 92 0.993092 0.110976 -0.0381212 0.370249 -0.108827 0.992568 0.0544498 0.128583 0.0438805 -0.049925 0.997789 -0.91999
0 139 94 0.995764 0.0530052 0.075128 0.325593 -0.0548219 0.998246 0.022328 0.215452 -0.0738128 -0.0263521 0.996924 -0.920635
0 140 72 0.988945 -0.0622825 0.134568 0.302656 0.0646807 0.997814 -0.0135192 0.367297 -0.133432 0.0220737 0.990812 -0.879484
0 141 100 0.964475 -0.232088 0.12619 0.327803 0.173528 0.916751 0.3598 -0.242055 -0.19919 -0.32512 0.924457 -0.913211
0 142 95 0.94633 -0.273339 0.172469 0.154013 0.24968 0.957119 0.146914 0.160878 -0.205231 -0.095967 0.973997 -0.974884
0 143 71 0.959359 -0.26976 0.082829 0.183796 0.253457 0.952763 0.16734 0.0655743 -0.124058 -0.139545 0.982414 -0.980775
0 144 127 0.988167 -0.151134 -0.0261758 0.256164 0.15318 0.981183 0.117545 0.0780404 0.00791825 -0.120163 0.992723 -0.963478
0 145 248 0.986306 0.0461584 -0.158336 0.434196 -0.0350429 0.996768 0.07229 0.111563 0.161161 -0.0657515 0.984735 -0.893883
0 146 254 0.980739 0.095444 -0.170415 0.511054 -0.0865565 0.994507 0.0588583 0.105857 0.175096 -0.0429741 0.983613 -0.853005
0 147 293 0.942312 0.194157 -0.272673 0.74393 -0.166796 0.978612 0.120403 0.0134216 0.290218 -0.0679764 0.954543 -0.668123
0 148 301 0.934706 0.212963 -0.284556 0.84416 -0.18251 0.974588 0.129879 -0.0690393 0.304985 -0.0694645 0.949821 -0.531627
0 149 230 0.87805 0.283433 -0.385609 0.954278 -0.237051 0.957547 0.164047 -0.192319 0.415735 -0.0526327 0.907961 -0.22884
0 150 123 0.896457 0.322748 -0.303643 0.937647 -0.295683 0.946038 0.132607 -0.279243 0.330056 -0.0290943 0.943513 -0.206981
0 151 131 0.905752 0.302546 -0.296783 0.951609 -0.286672 0.953131 0.0967468 -0.248804 0.312143 -0.00254929 0.950032 -0.180379
0 152 122 0.873582 0.32479 -0.362445 0.953913 -0.326351 0.943417 0.0588183 -0.292217 0.36104 0.0669015 0.930147 -0.0682557
0 153 75 0.962102 0.268485 0.0477057 0.413084 -0.263111 0.959951 -0.0962665 -0.363955 -0.0716412 0.0800662 0.994212 0.834804
0 154 113 0.866464 0.382076 -0.321339 0.946488 -0.371792 0.923399 0.0954264 -0.317548 0.333184 0.0367875 0.942144 -0.0576542
0 155 96 0.81218 0.431817 -0.392298 0.926852 -0.398889 0.901715 0.166726 -0.375321 0.425736 0.0210713 0.904602 0.00895799
0 156 98 0.76979 0.428732 -0.472876 0.927318 -0.388696 0.9025 0.185496 -0.348402 0.506299 0.0410124 0.861382 0.136738
0 157 102 0.761435 0.393189 -0.515383 0.940519 -0.338458 0.919213 0.201231 -0.275613 0.552868 0.021211 0.832999 0.198648
0 158 103 0.761213 0.358203 -0.540597 0.9465 -0.280739 0.933467 0.223214 -0.247222 0.584586 -0.018147 0.811129 0.20741
0 159 102 0.865411 0.372943 -0.334629 0.928519 -0.291557 0.917943 0.269027 -0.34634 0.407502 -0.135255 0.903133 0.133793
0 160 115 0.796265 0.404808 -0.449546 0.937613 -0.27396 0.903847 0.328643 -0.322946 0.539358 -0.138529 0.830604 0.128795
0 161 94 0.795083 0.371822 -0.479156 0.945925 -0.242925 0.919129 0.310144 -0.291495 0.555725 -0.130191 0.821109 0.142328
0 162 109 0.827129 0.354182 -0.436364 0.970058 -0.262441 0.929989 0.257383 -0.239731 0.496973 -0.0983686 0.862172 0.0389302
0 163 107 0.855828 0.311658 -0.412828 0.983108 -0.236301 0.945523 0.223937 -0.182651 0.460131 -0.0940995 0.882851 -0.011742
0 164 103 0.852173 0.296987 -0.430814 0.974163 -0.2208 0.950528 0.218504 -0.225638 0.474394 -0.0910791 0.875589 -0.00968912
0 165 103 0.889846 0.270421 -0.367487 0.966621 -0.214796 0.958882 0.185495 -0.139452 0.402538 -0.086127 0.911342 -0.214936
0 166 138 0.88789 0.24995 -0.386233 0.952768 -0.196622 0.965168 0.172602 -0.0456153 0.415921 -0.0773092 0.906109 -0.300255
0 167 164 0.910837 0.267759 -0.314135 0.885312 -0.216062 0.957739 0.189876 -0.0925327 0.3517 -0.105073 0.930197 -0.455698
0 168 177 0.924669 0.224995 -0.307187 0.852574 -0.170262 0.965919 0.194966 -0.0583959 0.340584 -0.127976 0.931464 -0.519334
0 169 219 0.967635 0.156717 -0.197794 0.739151 -0.131708 0.982204 0.133894 0.00868703 0.215257 -0.103509 0.971056 -0.673483
0 170 224 0.992898 0.0805827 -0.0875178 0.392923 -0.064413 0.982637 0.173999 -0.00185603 0.10002 -0.167126 0.980849 -0.91957
0 171 264 0.99404 0.0465807 -0.0985671 0.327876 -0.0294491 0.985242 0.168613 0.0659482 0.104967 -0.164706 0.980742 -0.942416
0 172 276 0.985026 0.0945535 -0.144165 0.351607 -0.0665904 0.979959 0.187738 0.0239503 0.159027 -0.175327 0.971582 -0.935841
1 2 579 0.99983 0.00229408 -0.018273 0.850215 -0.0022578 0.999995 0.00200602 -0.219471 0.0182776 -0.00196442 0.999831 0.478506
1 3 568 0.999896 -0.00941549 -0.0108854 0.936291 0.00941147 0.999956 -0.00042015 -0.10455 0.0108888 0.00031766 0.999941 0.335303
1 4 565 0.994945 0.027275 -0.0966431 0.982462 -0.0273637 0.999625 0.000407602 -0.0677714 0.096618 0.00223897 0.995319 0.173711
1 5 434 0.994609 0.0401374 -0.0956134 0.985923 -0.0420682 0.998948 -0.0182634 -0.0123128 0.0947798 0.0221872 0.995251 0.166748
1 6 318 0.99134 0.0485967 -0.121998 0.982849 -0.0476545 0.998807 0.010631 -0.0438237 0.122369 -0.00472519 0.992473 0.17913
1 7 224 0.984041 0.048125 -0.171311 0.978977 -0.0522109 0.998447 -0.0194227 -0.0897558 0.170111 0.0280571 0.985025 0.183162
1 8 174 0.98228 0.0774029 -0.170687 0.994103 -0.078448 0.996918 0.000623451 -0.106768 0.170209 0.0127776 0.985325 -0.0189719
1 9 171 0.961142 0.102912 -0.256156 0.999486 -0.113234 0.993232 -0.025839 -0.0016086 0.251763 0.0538405 0.96629 -0.0320147
1 10 38 0.984071 0.0682602 0.164148 -0.0354265 -0.0713269 0.99737 0.0128549 -0.106097 -0.162839 -0.0243583 0.986352 0.993725
1 11 134 0.911725 0.178541 -0.369975 0.991469 -0.175792 0.983555 0.0414378 0.0441216 0.371289 0.0272588 0.928117 -0.122652
1 12 88 0.913498 0.398116 0.0838176 0.360466 -0.406437 0.902224 0.144224 -0.313456 -0.0182043 -0.165815 0.985989 -0.878527
1 13 86 0.939182 0.211998 -0.270175 0.852167 -0.219154 0.975683 0.0037677 0.133866 0.264404 0.0556715 0.962804 -0.505857
1 14 82 0.0341417 0.688178 -0.724738 0.628329 0.624016 0.551759 0.553322 -0.487939 0.780665 -0.47114 -0.410596 0.605903
1 15 85 -0.211533 -0.560722 -0.800527 0.40875 -0.910024 0.411773 -0.0479561 0.202788 0.356526 0.718354 -0.597374 0.889832
1 16 69 0.581893 0.555171 0.594294 -0.49474 0.702711 -0.711078 -0.0237813 0.0571015 0.409387 0.431455 -0.803896 0.867163
1 17 24 -0.984105 -0.148908 0.0967657 0.36371 0.126754 -0.970614 -0.204552 0.0738566 0.124382 -0.189035 0.974061 0.92858
1 18 88 -0.255604 0.109195 0.960595 -0.355925 -0.460384 0.859961 -0.220259 0.198233 -0.850125 -0.498541 -0.169538 0.913247
1 19 69 -0.85999 -0.0654138 -0.506102 0.354455 0.0335756 0.982348 -0.184022 0.225142 0.509206 -0.17525 -0.842613 0.907564
1 20 49 -0.48964 -0.672616 -0.554833 0.320223 -0.85626 0.491006 0.16041 -0.03167 0.164532 0.553625 -0.816351 0.946813
1 21 26 0.594548 0.73091 -0.335086 0.246257 -0.560546 0.675554 0.478973 -0.368055 0.576455 -0.0969411 0.811358 -0.896601
1 22 25 -0.925606 0.276489 0.25847 0.204567 -0.319701 -0.936681 -0.142899 0.0418833 0.202594 -0.214901 0.955392 -0.977956
1 23 53 -0.968421 0.201764 -0.146463 0.176803 0.208758 0.97738 -0.0339036 -0.0623902 0.13631 -0.0634083 -0.988635 0.982267
1 24 60 0.632702 -0.65102 0.419358 -0.193647 -0.52888 -0.75883 -0.380082 -0.0190111 0.565663 0.0186888 -0.824425 0.980887
1 25 65 0.135666 -0.632305 0.762749 -0.357008 -0.937876 0.166189 0.304583 -0.0616402 -0.319349 -0.756685 -0.570477 0.932065
1 26 56 -0.680588 -0.671049 -0.294097 -0.0394646 -0.729817 0.656293 0.191435 -0.178136 0.0645515 0.344925 -0.936408 0.983214
1 27 74 0.559413 -0.586513 -0.585713 0.328027 -0.827688 -0.433276 -0.356656 0.246438 -0.044592 0.684306 -0.727831 0.911957
1 28 63 -0.830063 0.453613 0.324393 -0.322483 0.432865 0.890824 -0.138058 0.189584 -0.351602 0.0258216 -0.935794 0.927396
1 29 55 -0.79862 -0.0241501 -0.601351 0.0928808 0.235912 0.906667 -0.349714 0.244394 0.553671 -0.421155 -0.718385 0.965218
1 30 17 0.455599 -0.88197 -0.120655 -0.148008 0.879239 0.424655 0.215885 -0.200381 -0.139168 -0.204442 0.968935 0.968474
1 31 21 -0.860821 -0.356979 -0.362702 -0.297825 0.429466 -0.891943 -0.141408 -0.167656 -0.27303 -0.277495 0.921114 0.939783
1 32 27 -0.65379 -0.512198 -0.556967 0.0482065 0.654375 -0.752311 -0.0762906 -0.0472892 -0.379937 -0.414343 0.827024 0.997717
1 33 26 0.989786 0.0762222 -0.120474 0.442691 -0.022565 0.918176 0.395529 -0.156314 0.140764 -0.38877 0.910518 -0.882945
1 34 22 0.980248 0.0956596 0.1731 0.177638 -0.0934501 0.995405 -0.0208885 0.312478 -0.174303 0.00429971 0.984683 -0.933168
1 35 45 0.992737 0.114477 0.037003 -0.453612 -0.115654 0.992792 0.0314236 -0.150315 -0.033139 -0.0354749 0.998821 0.878431
1 36 65 -0.88619 0.115528 -0.448687 0.191336 -0.118624 0.879561 0.460761 -0.157371 0.447879 0.461547 -0.765754 0.968827
1 37 68 0.0749137 0.725658 0.683965 -0.454979 0.91404 -0.324168 0.243815 -0.148887 0.398646 0.606906 -0.687565 0.877968
1 38 49 0.719354 0.694085 0.0278541 -0.0894594 0.694385 -0.719602 -0.00154884 -0.0932065 0.0189688 0.0204556 -0.999611 0.99162
1 39 35 -0.956162 0.232353 0.17823 0.244507 -0.202835 -0.964483 0.169204 -0.287176 0.211215 0.125635 0.969332 -0.926146
1 40 31 0.873727 -0.317775 0.368266 -0.166101 0.371287 0.924812 -0.0828794 -0.0839585 -0.31424 0.209147 0.926019 0.982528
1 41 55 0.460366 0.71378 -0.527808 0.159129 -0.846745 0.531638 -0.0195911 -0.11702 0.266619 0.455938 0.849138 0.980298
1 42 44 0.968698 0.248216 -0.00373214 -0.246332 -0.248114 0.968568 0.0177399 0.256687 0.00801816 -0.0162586 0.999836 0.934576
1 43 39 0.764004 0.60893 0.213314 -0.301814 -0.640773 0.754795 0.140335 0.26205 -0.0755537 -0.243902 0.966852 0.916645
1 44 65 -0.977727 -0.118065 -0.173526 0.232461 -0.0443868 0.924393 -0.378849 0.240917 0.205135 -0.362709 -0.909045 0.942295
1 45 59 0.640638 0.693358 -0.329905 0.214271 0.766484 -0.603021 0.221061 -0.124327 -0.0456651 -0.394487 -0.917766 0.968829
1 46 42 0.160246 0.844915 0.510333 -0.425537 0.874418 0.118352 -0.470516 0.0966538 -0.457945 0.521643 -0.719844 0.899765
1 47 56 0.0921538 -0.821587 0.562586 -0.504792 -0.941201 -0.256298 -0.220119 0.0697598 0.325037 -0.509222 -0.796897 0.860418
1 48 52 -0.763854 0.642181 -0.0642691 -0.0739831 0.642088 0.74611 -0.176192 0.231999 -0.0651956 -0.175852 -0.982255 0.969899
1 49 60 0.589287 0.548379 -0.593314 0.39667 0.540204 -0.813511 -0.21536 0.126682 -0.600766 -0.193601 -0.775628 0.909178
1 50 69 -0.373801 -0.0987758 -0.922234 0.496423 0.727241 0.585918 -0.357521 0.170124 0.575668 -0.804328 -0.147183 0.851247
1 51 67 -0.641977 0.761951 -0.0854196 -0.104276 0.76103 0.619691 -0.191878 0.00426617 -0.093268 -0.188188 -0.977694 0.994539
1 52 52 0.65875 -0.729101 0.185634 -0.152522 -0.739137 -0.581103 0.340581 -0.070402 -0.140446 -0.361567 -0.921707 0.985789
1 53 62 -0.746425 0.522977 0.411515 -0.200994 0.316467 0.822942 -0.471821 0.297465 -0.585405 -0.221948 -0.779769 0.933336
1 54 53 -0.842611 0.312607 0.438502 -0.33896 0.25277 0.948582 -0.190527 0.223326 -0.475515 -0.0497001 -0.878303 0.91391
1 55 18 0.663387 -0.352255 -0.660177 -0.271184 0.510619 0.858028 0.0552782 0.0555354 0.546979 -0.37377 0.749073 0.960924
1 56 55 0.696096 0.389366 0.603195 -0.379879 -0.373537 0.91391 -0.158867 0.277742 -0.613123 -0.114729 0.781612 0.882355
1 57 67 -0.493571 -0.822823 -0.281692 0.0229798 -0.865465 0.496632 0.0657739 -0.0326805 0.0857772 0.276259 -0.957248 0.999202
1 58 18 0.822806 0.556096 -0.11725 0.0405806 -0.554977 0.830646 0.0450378 0.016116 0.122439 0.0280137 0.992081 0.999046
1 59 53 -0.85955 0.186649 -0.475748 0.396199 0.108421 0.976329 0.187154 -0.0470427 0.499418 0.109287 -0.85944 0.916959
1 60 47 0.0535622 0.966409 -0.251366 0.234317 0.896032 -0.157622 -0.415069 0.0194366 -0.440748 -0.203 -0.874375 0.971966
1 61 47 -0.44541 0.768341 -0.459632 0.246856 -0.677611 -0.624831 -0.387852 -0.0847266 -0.585195 0.138699 0.798943 0.965341
1 62 22 -0.824102 0.54719 0.146423 0.246656 -0.566442 -0.796293 -0.212275 -0.0300006 0.000441275 -0.257876 0.966178 0.968639
1 63 18 0.938291 -0.0198117 -0.345278 0.121492 0.013636 0.999701 -0.0203059 0.0270583 0.345577 0.0143446 0.938281 -0.992224
1 64 47 -0.798617 -0.489916 0.349562 -0.226832 0.565163 -0.810142 0.155759 -0.134773 0.206886 0.321951 0.923875 0.964564
1 65 18 -0.494904 0.864006 0.0925422 0.187202 -0.832556 -0.501978 0.23424 -0.0828104 0.248839 0.0388799 0.967764 -0.978825
1 66 40 -0.44953 -0.650149 -0.612559 0.232244 -0.733391 0.660119 -0.162423 0.0976491 0.509961 0.376231 -0.773556 0.967743
1 67 60 0.184667 -0.19099 0.964065 0.164985 0.162697 0.973342 0.161663 -0.00142826 -0.969241 0.126996 0.210817 0.986295
1 68 25 0.970501 0.147542 -0.190679 -0.279805 -0.0990246 0.965032 0.242708 0.0132623 0.219821 -0.216666 0.951175 -0.959965
1 69 28 0.800347 -0.507064 -0.319892 0.0287443 0.591525 0.754796 0.283517 0.339589 0.0976919 -0.416136 0.904039 0.940135
1 70 15 -0.529868 0.807478 0.259266 0.244738 -0.728601 -0.58988 0.348112 -0.0307571 0.434029 -0.00444772 0.900888 0.969101
1 71 45 0.66942 0.500704 0.548792 0.0434711 0.741731 -0.409344 -0.531293 -0.00345178 -0.0413758 0.762714 -0.645411 0.999049
1 72 41 0.511376 0.684028 -0.520192 0.445201 0.527772 -0.727703 -0.438069 0.260473 -0.678197 -0.050524 -0.733141 0.856709
1 73 53 0.976327 0.0175311 -0.215587 0.230953 -0.00485798 -0.994681 -0.102886 0.0179808 -0.216244 0.101498 -0.971049 0.972799
1 74 53 -0.969133 -0.239585 0.0581392 0.242994 -0.188152 0.871144 0.45355 -0.122777 -0.159311 0.428611 -0.889333 0.962227
1 75 25 0.169972 -0.918427 0.357214 -0.430824 0.980615 0.121776 -0.153508 0.180657 0.0974857 0.376382 0.921322 -0.884168
1 76 58 0.0705453 0.814499 -0.57586 0.456504 0.997407 -0.0493531 0.0523813 -0.0511623 0.014244 -0.578062 -0.815869 0.888249
1 77 63 -0.0678373 0.987064 0.145267 0.0238304 0.861004 0.13148 -0.491309 0.213835 -0.504054 0.0917467 -0.858785 0.976579
1 78 50 0.531656 0.462183 -0.709738 0.256528 0.79145 0.027272 0.610625 -0.0211958 0.301577 -0.886365 -0.351296 0.966304
1 79 20 0.688013 -0.724491 -0.0418479 0.017923 0.70654 0.655572 0.26651 0.238268 -0.16565 -0.21293 0.962923 0.971034
1 80 62 0.974417 -0.217698 -0.0558542 0.0205752 -0.208265 -0.781201 -0.588515 0.303863 0.084485 0.585092 -0.806554 0.952494
1 81 44 0.237314 -0.968944 -0.0694952 0.0196888 -0.895165 -0.190336 -0.403052 0.327062 0.377307 0.15786 -0.912535 0.944798
1 82 21 0.632225 -0.765139 0.121875 -0.471544 0.770498 0.637424 0.00484028 -0.238882 -0.0813897 0.0908445 0.992534 -0.848871
1 83 43 0.311975 0.766632 -0.561202 0.393383 0.920077 -0.391075 -0.0227543 -0.17721 -0.236916 -0.50925 -0.827366 0.902134
1 84 25 0.85203 0.0312007 -0.522563 -0.245041 0.00637374 0.99753 0.069952 0.261131 0.523455 -0.0629318 0.849726 0.933684
1 85 45 -0.938306 0.129881 -0.320487 0.292095 0.0996507 0.989027 0.109061 0.0157303 0.331136 0.0703961 -0.940953 0.95626
1 86 53 0.191804 -0.397874 -0.897167 0.469284 0.981335 0.0648368 0.181045 0.101111 -0.0138636 -0.915146 0.402883 0.877239
1 87 60 -0.445155 -0.840258 -0.309522 0.277593 -0.708606 0.119225 0.695459 -0.348097 -0.547462 0.528916 -0.648485 0.895416
1 88 63 -0.693223 0.372596 0.61694 -0.283319 0.402907 0.910095 -0.0969187 -0.000872615 -0.597585 0.181383 -0.78102 0.959025
1 89 17 0.613166 -0.594689 -0.519973 0.474467 0.518886 0.799523 -0.302524 0.238693 0.595638 -0.0843092 0.798816 -0.847294
1 90 48 -0.318992 -0.839946 -0.439016 0.17262 -0.84353 0.462798 -0.272533 0.318392 0.432089 0.283388 -0.856148 0.93211
1 91 53 0.722563 0.47872 -0.498729 0.247696 0.651872 -0.711997 0.261005 -0.361143 -0.230145 -0.513699 -0.826527 0.899012
1 92 20 -0.154683 -0.986792 0.0481109 -0.239761 0.949462 -0.16194 -0.268881 0.289323 0.27312 0.00408834 0.961971 -0.926719
1 93 71 0.64187 0.410191 0.647879 -0.312309 0.756377 -0.477603 -0.446978 0.110337 0.126082 0.776942 -0.616817 0.943551
1 94 22 -0.611274 0.573499 0.545383 -0.335511 -0.671924 -0.74019 0.0252446 0.285627 0.418164 -0.351024 0.837807 -0.897691
1 95 70 -0.855044 -0.413811 -0.312508 0.169824 -0.407998 0.908818 -0.0871112 -0.0143175 0.32006 0.0530185 -0.945913 0.98537
1 96 17 0.378714 -0.907717 -0.180626 0.0065019 0.911125 0.331379 0.245028 -0.141597 -0.16256 -0.257368 0.952542 -0.989903
1 97 34 -0.947559 -0.0763678 0.310321 -0.364698 -0.00629268 -0.966382 -0.257034 0.177023 0.319518 -0.245508 0.915224 -0.914143
1 98 63 -0.596376 -0.784805 0.168571 -0.35795 -0.785816 0.527956 -0.322113 0.181639 0.163797 -0.324566 -0.931572 0.915904
1 99 26 -0.937624 0.347623 -0.00439259 0.359369 -0.344485 -0.930712 -0.122901 0.301785 -0.0468113 -0.113722 0.992409 -0.883051
1 100 45 -0.451621 0.492753 0.743796 -0.372489 0.592389 0.78899 -0.163004 0.036561 -0.667168 0.367001 -0.648226 0.927316
1 101 21 0.856274 0.396999 0.330432 -0.0652086 -0.349459 0.916355 -0.195378 -0.149642 -0.380358 0.0518248 0.923386 0.986588
1 102 87 0.391888 0.401279 -0.827888 0.269363 0.654114 -0.754321 -0.0559899 0.124609 -0.646961 -0.519591 -0.558092 0.954943
1 103 76 -0.60794 -0.298843 0.735596 -0.483332 -0.209482 0.954007 0.214446 -0.0248282 -0.76585 -0.0237242 -0.642582 0.875085
1 104 23 -0.138795 0.990293 -0.00741536 0.168419 -0.955467 -0.131937 0.263963 -0.117642 0.260422 0.0437217 0.964504 -0.97867
1 105 30 -0.988895 -0.143905 0.0371334 0.362118 0.125688 -0.943124 -0.307766 0.192882 0.0793105 -0.299681 0.950737 -0.911958
1 106 84 -0.124036 0.408837 0.904139 -0.416839 0.642164 0.72771 -0.240962 0.0815474 -0.756466 0.550717 -0.352803 0.905315
1 107 53 0.515268 0.792991 -0.325061 0.0574323 0.797482 -0.582552 -0.157022 -0.152114 -0.313882 -0.178322 -0.932566 0.986693
1 108 49 0.141606 -0.912291 0.384283 -0.461586 0.989715 0.122516 -0.073851 -0.346088 0.020293 0.390788 0.920257 -0.8168
1 109 29 -0.940064 0.301777 -0.158774 0.243632 -0.295546 -0.95331 -0.0620714 -0.208042 -0.170092 -0.0114262 0.985362 0.947292
1 110 70 0.638542 0.640165 -0.427145 0.0635059 0.727871 -0.682622 0.0650496 -0.229597 -0.249936 -0.352443 -0.90184 0.971212
1 111 32 0.501489 0.847472 0.174068 -0.354884 -0.852402 0.518418 -0.0682148 0.280597 -0.14805 -0.114167 0.982368 0.891809
1 112 46 0.129792 -0.98449 0.118038 -0.0823871 -0.984424 -0.113706 0.134092 -0.179992 -0.118591 -0.133603 -0.983914 0.980212
1 113 19 0.187756 0.927509 -0.323225 0.408687 -0.978134 0.206532 0.0244732 0.00171382 0.0894555 0.311562 0.946006 -0.912673
1 114 22 -0.635019 -0.769027 -0.0731318 -0.330218 0.753851 -0.596234 -0.27607 0.0537545 0.168701 -0.23044 0.958351 0.942373
1 115 37 -0.332685 0.936542 -0.110499 -0.500126 -0.933267 -0.310147 0.181165 -0.0993704 0.135398 0.163397 0.977225 0.860232
1 116 54 0.557139 0.805721 -0.201021 0.613196 -0.822057 0.569393 0.00384156 -0.516982 0.117555 0.16311 0.979579 0.59726
1 117 40 -0.97831 0.204321 0.0340861 -0.499003 -0.206897 -0.971872 -0.112511 0.0930608 0.0101389 -0.117123 0.993066 0.861589
1 118 20 0.769874 0.635048 -0.0633085 -0.108315 -0.634844 0.772207 0.0258697 -0.0745281 0.0653157 0.0202746 0.997659 0.991319
1 119 35 0.878774 0.282383 -0.384729 0.0297826 -0.276967 0.958273 0.0707213 -0.371954 0.388646 0.0444092 0.920316 -0.927773
1 120 70 0.796761 -0.603261 0.0353198 -0.146387 -0.483862 -0.601867 0.635322 -0.231913 -0.362007 -0.52329 -0.771439 0.961659
1 121 95 -0.397041 -0.786345 0.473308 -0.329816 -0.854019 0.127644 -0.504339 0.0369361 0.33617 -0.604457 -0.722234 0.943323
1 122 48 0.828468 0.329676 -0.45272 -0.15323 -0.352784 0.935038 0.0353167 -0.279874 0.434953 0.130454 0.890953 0.94773
1 123 37 -0.260085 0.923154 0.283095 -0.000532361 -0.817316 -0.366587 0.444531 -0.256942 0.51415 -0.115763 0.849852 -0.966427
1 124 72 0.98083 0.189795 -0.0441717 -0.721461 -0.180947 0.971191 0.155067 -0.0443436 0.0723302 -0.144102 0.986916 -0.691034
1 125 85 0.923695 0.291571 -0.248543 -0.347541 -0.302206 0.95323 -0.00487786 0.311638 0.235496 0.0796168 0.968609 -0.884363
1 126 76 0.923583 0.301835 -0.23641 -0.33466 -0.33758 0.932521 -0.128234 0.509298 0.181752 0.198242 0.963154 -0.792855
1 127 59 0.859447 0.404002 -0.313263 -0.152879 -0.422986 0.9061 0.00808684 0.371103 0.287115 0.125555 0.949632 -0.91592
1 128 87 0.849469 0.393979 -0.350974 -0.0195446 -0.435173 0.899282 -0.0437839 0.439585 0.298375 0.189927 0.935361 -0.897988
1 129 96 0.900589 0.354151 -0.252026 -0.0845516 -0.394863 0.908956 -0.133723 0.516995 0.181723 0.219945 0.958437 -0.851802
1 130 81 0.929357 0.276678 -0.244427 -0.0306659 -0.292184 0.955926 -0.0288832 0.288507 0.225663 0.0982606 0.969237 -0.956986
1 131 124 0.954264 0.24569 -0.170344 -0.083215 -0.264212 0.95968 -0.0959474 0.364336 0.139902 0.136566 0.980702 -0.927542
1 132 142 0.968405 0.229283 -0.098086 -0.101634 -0.239146 0.96534 -0.104537 0.352928 0.0707178 0.124691 0.989672 -0.930114
1 133 122 0.973081 0.204023 -0.107182 -0.00968259 -0.217069 0.967614 -0.128853 0.385628 0.077422 0.148651 0.985854 -0.922604
1 134 139 0.962979 0.212683 -0.165644 0.144177 -0.227337 0.970925 -0.0749864 0.326097 0.14488 0.109867 0.983331 -0.934277
1 135 160 0.972498 0.197554 -0.12337 0.146126 -0.194942 0.980259 0.0330228 0.2093 0.127458 -0.00806473 0.991811 -0.966872
1 136 141 0.960395 0.206515 -0.187066 0.342716 -0.206347 0.978262 0.0205904 0.243506 0.187252 0.0188255 0.982132 -0.907332
1 137 101 0.976031 0.187317 -0.110798 0.353471 -0.182449 0.981805 0.0526436 0.142473 0.118643 -0.0311667 0.992448 -0.924532
1 138 57 0.940867 0.0395997 0.336454 -0.340587 -0.139602 0.950223 0.278546 -0.295831 -0.308676 -0.309044 0.899561 -0.89246
1 139 90 0.996604 0.0284391 0.0772776 0.311545 -0.0327697 0.997928 0.0553616 0.154098 -0.0755431 -0.057706 0.995471 -0.937653
1 140 62 0.984322 -0.0634211 0.164583 0.254826 0.0561484 0.997245 0.0484756 0.258367 -0.167204 -0.0384745 0.985171 -0.931832
1 141 87 0.948606 -0.205124 0.240978 0.131846 0.174367 0.974255 0.14291 0.157528 -0.264088 -0.0935472 0.959951 -0.978673
1 142 92 0.942394 -0.28123 0.181115 0.132205 0.25802 0.955726 0.141469 0.161738 -0.212881 -0.0865887 0.973234 -0.977938
1 143 80 0.967059 -0.247473 0.0596148 0.23164 0.240402 0.964897 0.105734 0.192823 -0.0836885 -0.0879194 0.992606 -0.9535
1 144 123 0.987382 -0.158335 0.00243304 0.186688 0.156966 0.980642 0.117062 0.0712611 -0.0209209 -0.115203 0.993122 -0.979831
1 145 239 0.988236 0.0434206 -0.146643 0.398422 -0.0323953 0.996524 0.0767539 0.0885967 0.149466 -0.0711004 0.986207 -0.912913
1 146 254 0.979071 0.0927292 -0.181169 0.525659 -0.082068 0.994472 0.0654986 0.074201 0.186241 -0.0492596 0.981268 -0.847453
1 147 299 0.952728 0.180243 -0.244584 0.664443 -0.156043 0.98102 0.115114 0.0160983 0.26069 -0.0715069 0.962771 -0.747166
1 148 306 0.919236 0.209057 -0.333618 0.906584 -0.17799 0.976504 0.121488 -0.0415368 0.351177 -0.0522954 0.934848 -0.419975
1 149 240 0.892235 0.275343 -0.357913 0.91851 -0.228321 0.958894 0.168501 -0.236118 0.389596 -0.0686235 0.918426 -0.317155
1 150 134 0.894626 0.318842 -0.313025 0.930477 -0.288516 0.947158 0.140181 -0.297855 0.341179 -0.0350969 0.939343 -0.213297
1 151 141 0.909649 0.2919 -0.295521 0.952 -0.278451 0.956445 0.08762 -0.234881 0.308226 0.00258466 0.95131 -0.19628
1 152 129 0.882033 0.311403 -0.353619 0.958277 -0.317229 0.947373 0.0430083 -0.276384 0.348402 0.0742433 0.9344 -0.0729119
1 153 87 -0.694011 0.623201 -0.360513 0.413084 0.4614 0.769383 0.441769 -0.363955 0.552683 0.140252 -0.821505 0.834804
1 154 107 0.727185 0.436935 -0.529424 0.892583 -0.332521 0.898948 0.285172 -0.446278 0.600526 -0.0313287 0.798991 0.0642831
