0 1 46 0.999954 0.00901485 0.00316071 0.345454 -0.00902677 0.999952 0.00377754 -0.0223351 -0.0031265 -0.0038059 0.999988 -0.93817
0 2 820 0.999605 0.010766 -0.0259648 0.916895 -0.0106941 0.999939 0.00290805 -0.104951 0.0259945 -0.00262923 0.999659 0.385083
0 3 708 0.999623 0.00129427 -0.0274259 0.949362 -0.00121795 0.999995 0.00279955 -0.0613666 0.0274294 -0.00276509 0.99962 0.308133
0 4 650 0.995318 0.0334736 -0.0906681 0.971641 -0.0339091 0.99942 -0.00326658 0.00378142 0.0905062 0.00632577 0.995876 0.236432
0 5 481 0.992847 0.0499657 -0.108435 0.986299 -0.0508031 0.998696 -0.00497219 -0.0720303 0.108045 0.0104454 0.994091 0.148409
0 6 335 0.991308 0.0630234 -0.115482 0.977654 -0.0606965 0.997878 0.0235591 -0.0853943 0.116722 -0.0163449 0.99303 0.192093
0 7 242 0.982699 0.0561145 -0.176506 0.974617 -0.05954 0.998125 -0.0141669 -0.0943701 0.17538 0.024431 0.984198 0.203018
0 8 201 0.975843 0.0842965 -0.201556 0.994024 -0.086048 0.996291 7.1999e-05 -0.0969432 0.200814 0.0172732 0.979477 0.0501743
0 9 178 0.987236 0.0815345 -0.136808 0.986037 -0.0874816 0.99544 -0.0380255 0.0584971 0.133084 0.0495084 0.989867 -0.155912
0 10 139 0.951211 0.160184 -0.263702 0.9911 -0.152546 0.987064 0.0493316 -0.0303249 0.268193 -0.00669808 0.963342 -0.129617
0 11 176 0.906598 0.210088 -0.365983 0.991383 -0.194004 0.97768 0.0806486 -0.0242834 0.374757 -0.00211387 0.92712 -0.128723
0 12 111 0.907808 0.179037 -0.379251 0.965719 -0.203325 0.978802 -0.0246228 0.19264 0.366803 0.0994638 0.924966 -0.174004
0 13 76 -0.00510852 -0.901589 -0.432564 0.329113 -0.858152 -0.218119 0.464757 -0.359974 -0.513371 0.37358 -0.772586 0.872985
0 14 37 0.375366 -0.916785 0.136404 0.16727 0.926544 0.375086 -0.0287401 -0.131922 -0.0248146 0.137172 0.990236 -0.977045
0 15 29 0.898694 -0.289909 -0.329092 -0.103237 0.200262 0.93883 -0.280168 0.00626452 0.390184 0.185881 0.901779 0.994637
0 16 22 0.0984153 0.995123 -0.00666945 0.0450416 -0.972644 0.0947707 -0.212091 -0.1235 -0.210424 0.02736 0.977227 -0.991322
0 17 29 -0.215439 0.956774 0.19537 -0.200781 -0.964958 -0.177892 -0.192898 0.0947173 -0.149805 -0.230082 0.961572 -0.975046
0 18 88 -0.630207 0.654528 -0.417651 0.280724 0.147899 0.629264 0.762989 -0.445787 0.76221 0.419071 -0.493371 0.849981
0 19 34 0.271668 -0.777017 0.567839 0.322132 0.880497 0.438851 0.179263 -0.166301 -0.388487 0.45128 0.803383 0.931974
0 20 26 -0.703865 -0.628674 0.330671 0.23848 0.493717 -0.767668 -0.40857 -0.0397275 0.510703 -0.12432 0.850722 0.970335
0 21 58 0.487302 -0.689891 0.535338 -0.413322 -0.733858 -0.655803 -0.177126 0.087761 0.473274 -0.306549 -0.825857 0.906346
0 22 38 -0.280049 0.908185 0.311083 -0.374504 -0.952161 -0.221488 -0.210554 -0.175658 -0.12232 -0.355167 0.926765 -0.910435
0 23 55 0.429549 0.688108 -0.584804 0.491085 0.748395 -0.633666 -0.195891 0.14316 -0.505364 -0.353519 -0.787167 0.859267
0 24 108 -0.479437 0.0818452 -0.873751 0.538136 0.645717 0.707151 -0.288073 0.253541 0.594297 -0.702309 -0.391884 0.80382
0 25 43 -0.551956 -0.528893 0.644683 -0.0995959 -0.683374 0.729939 0.0137551 0.1029 -0.477854 -0.432968 -0.764326 0.989693
0 26 20 0.929155 0.147192 -0.339124 0.190266 -0.0950183 0.981587 0.165707 -0.140761 0.35727 -0.121744 0.926032 -0.971589
0 27 43 -0.942355 0.0773873 0.325544 0.0518102 0.0383853 0.991468 -0.124574 0.108999 -0.332407 -0.104897 -0.937285 0.992691
0 28 69 0.76751 0.495852 -0.406274 0.0265814 0.5945 -0.787654 0.161774 -0.00766575 -0.239787 -0.365693 -0.899317 0.999617
0 29 73 -0.0562411 0.996612 -0.0600089 -0.0593516 0.996309 0.0599246 0.0614574 -0.122125 0.0648452 -0.056331 -0.996304 0.990739
0 30 24 0.985419 0.109714 -0.130047 0.0962616 -0.0545177 0.927632 0.369494 -0.246827 0.161175 -0.357017 0.920088 -0.964267
0 31 58 -0.305124 0.816273 0.490507 -0.315219 0.884409 0.433897 -0.171912 0.0285445 -0.353157 0.381354 -0.854312 0.94859
0 32 31 0.968093 0.242736 -0.0622432 -0.245024 -0.246842 0.966526 -0.0699737 0.184394 0.0431745 0.0831053 0.995605 0.95182
0 33 83 0.00113309 -0.98669 0.162606 -0.188161 -0.843171 0.0864818 0.530645 -0.121652 -0.537645 -0.137706 -0.83185 0.974575
0 34 74 -0.955602 -0.0420912 0.291637 -0.128352 -0.126754 0.952209 -0.277904 0.0822076 -0.266003 -0.302532 -0.915269 0.988316
0 35 57 -0.953369 -0.214944 0.211864 -0.280856 -0.180277 0.968565 0.171414 -0.0664099 -0.242048 0.125227 -0.962149 0.957449
0 36 72 -0.973179 -0.169809 0.155199 -0.178867 -0.207534 0.939125 -0.273815 0.134308 -0.0992549 -0.29868 -0.949178 0.974663
0 37 78 0.589465 -0.576603 -0.565739 0.222901 -0.720605 -0.0588532 -0.690843 0.190273 0.365047 0.814902 -0.450195 0.956092
0 38 33 -0.650631 0.664007 -0.368475 0.401724 -0.620732 -0.744545 -0.245651 0.300688 -0.43746 0.0688956 0.896595 -0.864988
0 39 55 -0.524815 0.777018 -0.34758 0.261627 0.783567 0.600523 0.159358 0.096693 0.332554 -0.188718 -0.924009 0.960313
0 40 55 0.802155 -0.169964 0.572415 -0.226177 -0.0108019 -0.962608 -0.270684 0.017093 0.597018 0.210947 -0.773997 0.973936
0 41 62 0.804604 0.400721 0.438218 -0.187533 0.342589 -0.916028 0.208627 -0.178137 0.485021 -0.0177333 -0.874323 0.96597
0 42 61 -0.723806 0.668221 0.172005 -0.239149 0.464907 0.656489 -0.59404 0.296091 -0.50987 -0.350004 -0.785831 0.924737
0 43 66 0.531647 0.824858 0.192251 -0.448162 -0.811362 0.561125 -0.163801 0.198225 -0.242989 -0.0689004 0.967579 0.871698
0 44 64 0.416797 -0.84701 0.329931 -0.403299 0.895524 0.444881 0.0108112 0.194888 -0.155937 0.290955 0.943943 0.894074
0 45 49 -0.92723 0.105066 0.359453 -0.0889094 0.0239124 0.97449 -0.223154 0.0467118 -0.373729 -0.19832 -0.906088 0.994944
0 46 40 -0.930094 0.367111 0.0124389 0.397271 -0.366893 -0.926839 -0.0797455 -0.0840625 -0.0177466 -0.0787346 0.996738 0.913843
0 47 28 0.900558 -0.325892 0.287732 -0.260881 0.247897 0.928658 0.275938 -0.293911 -0.357131 -0.17717 0.917098 -0.919542
0 48 55 -0.894022 -0.00683029 0.44797 -0.308737 0.0828509 0.980118 0.180291 -0.0257746 -0.440295 0.198299 -0.875681 0.950798
0 49 37 -0.412115 0.905578 -0.10045 -0.154393 0.910756 0.406266 -0.0739727 -0.0846259 -0.0261789 -0.12197 -0.992188 0.984379
0 50 34 0.0150139 -0.994453 0.104109 -0.414209 0.921474 0.0541803 0.384644 -0.185214 -0.388151 0.0901584 0.917175 -0.891138
0 51 48 0.864831 0.345912 -0.363886 0.420642 0.191261 -0.897118 -0.398245 0.252639 -0.464206 0.274817 -0.842014 0.87134
0 52 69 -0.865508 -0.348175 -0.360096 0.162023 -0.225959 0.912999 -0.33967 0.181883 0.447032 -0.21262 -0.868882 0.96988
0 53 93 -0.0429582 -0.641022 -0.766319 0.455756 -0.955419 0.250623 -0.156087 0.0472255 0.292112 0.725451 -0.623211 0.888851
0 54 45 0.939778 -0.329831 -0.0896082 -0.473642 0.338827 0.933478 0.117539 -0.160994 0.0448791 -0.140823 0.989017 -0.865878
0 55 58 0.934597 0.285917 0.211614 -0.258164 0.350739 -0.839825 -0.414337 0.0811201 0.0592534 0.46146 -0.88518 0.96269
0 56 19 -0.13544 -0.985793 0.099343 -0.099588 0.97631 -0.149865 -0.156072 -0.063067 0.168743 0.0758512 0.982737 0.993028
0 57 20 -0.89767 0.339317 -0.281163 0.313973 -0.270119 -0.92781 -0.257304 0.20185 -0.348174 -0.155026 0.924523 -0.927727
0 58 24 0.904763 0.410259 -0.114418 0.130549 -0.395203 0.908824 0.133614 -0.15803 0.158802 -0.0756708 0.984406 -0.978766
0 59 32 0.736072 -0.652149 -0.181381 0.241126 0.641086 0.757639 -0.122439 -0.0469503 0.21727 -0.0261566 0.975761 0.969358
0 60 73 -0.809005 0.218034 0.545868 -0.243889 0.365564 0.913846 0.17677 -0.0507629 -0.460298 0.342557 -0.819012 0.968474
0 61 20 0.924816 0.358779 -0.126467 0.00127644 -0.335334 0.925831 0.174322 -0.115141 0.17963 -0.118808 0.976534 -0.993348
0 62 60 -0.70816 0.705968 0.0109161 0.227749 0.596703 0.606678 -0.525249 0.330401 -0.377432 -0.365447 -0.850878 0.915951
0 63 22 0.958133 0.28593 -0.0150214 -0.079964 -0.286221 0.957879 -0.0233622 0.0350512 0.00770871 0.0266835 0.999614 -0.996181
0 64 86 -0.175134 -0.807688 -0.563 0.375906 -0.597668 0.541636 -0.591121 0.266125 0.782382 0.232961 -0.577588 0.887622
0 65 51 0.987378 -0.152531 0.0426448 -0.108755 -0.151016 -0.987848 -0.036757 0.055653 0.0477332 0.029853 -0.998414 0.99251
0 66 91 0.0806817 -0.758564 0.646585 -0.270044 -0.44875 -0.60688 -0.655988 0.346881 0.890008 -0.237228 -0.389369 0.898193
0 67 55 0.772594 -0.606417 0.188034 -0.340269 -0.606356 -0.616952 0.5017 -0.267413 -0.188231 -0.501626 -0.844358 0.901503
0 68 68 -0.460617 -0.801212 0.381957 -0.314232 -0.69807 0.592785 0.401627 -0.289985 -0.548207 -0.0816368 -0.832349 0.903973
0 69 31 0.604894 -0.795643 -0.0324831 -0.207938 0.795756 0.605489 -0.0124815 -0.266095 0.029599 -0.0182986 0.999394 -0.941252
0 70 85 0.222861 0.756351 -0.615033 0.295489 -0.819721 0.486863 0.301699 -0.0556382 0.527627 0.436918 0.7285 0.953725
0 71 68 -0.187453 0.956817 0.222179 0.0100281 0.981757 0.175165 0.0739629 -0.110699 0.0318511 0.23199 -0.972197 0.993803
0 72 51 0.340571 0.939943 -0.0227933 0.398992 -0.939535 0.339299 -0.0463683 -0.169999 -0.0358499 0.0372068 0.998664 0.901058
0 73 56 -0.752368 0.629691 -0.19347 0.390325 -0.600953 -0.776389 -0.189936 0.248389 -0.269809 -0.026636 0.962545 0.886538
0 74 56 0.896855 0.435946 -0.0748483 0.432066 -0.441627 0.87303 -0.206841 0.125922 -0.0248266 0.218561 0.975507 -0.893007
0 75 30 0.152054 -0.940422 0.304116 -0.36827 0.817263 0.292672 0.496412 -0.275774 -0.555842 0.173061 0.813074 -0.887877
0 76 36 0.960859 -0.196192 0.1956 -0.354108 0.216704 0.97213 -0.0894588 -0.100973 -0.172598 0.128345 0.976595 -0.929737
0 77 72 -0.221998 0.935673 -0.274286 0.214492 0.969142 0.18083 -0.167526 -0.0235897 -0.10715 -0.303012 -0.946944 0.976441
0 78 66 0.633043 -0.415184 0.653359 -0.0660026 -0.773945 -0.357203 0.522891 -0.216932 0.016286 -0.836677 -0.547455 0.973953
0 79 15 -0.410232 -0.91048 0.0522944 -0.0484077 0.816345 -0.392171 -0.424009 0.0694096 0.40656 -0.131252 0.904147 -0.996413
0 80 66 -0.251269 0.846684 0.469031 -0.149551 0.939084 0.0958558 0.330049 0.105343 0.234488 0.523391 -0.819193 0.983126
0 81 26 0.386868 0.922131 0.00282328 -0.0860334 -0.919613 0.386034 -0.0727262 -0.253549 -0.068153 0.0255391 0.997348 -0.963489
0 82 63 0.894326 0.247214 -0.372915 0.390274 0.165926 -0.95731 -0.236699 0.0790823 -0.415511 0.14981 -0.897167 0.917296
0 83 60 0.566069 0.748609 0.345181 -0.117678 0.673216 -0.661463 0.330525 -0.106574 0.475759 0.045281 -0.87841 0.987316
0 84 35 0.914081 0.328776 0.237407 -0.286135 -0.358702 0.928592 0.0951314 -0.0695152 -0.189177 -0.172116 0.966741 -0.955664
0 85 25 -0.984159 0.0834613 0.156416 0.0141613 -0.0853009 -0.996342 -0.00507339 -0.16018 0.15542 -0.0183354 0.987678 -0.986986
0 86 37 -0.969352 0.0152734 -0.245201 0.208545 0.0016432 -0.99764 -0.0686384 -0.0890575 -0.24567 -0.0669377 0.96704 0.97395
0 87 25 0.358622 0.856716 0.370713 0.0219994 -0.913826 0.403267 -0.0479271 -0.265615 -0.190556 -0.321579 0.92751 -0.963828
0 88 29 0.917843 0.388028 -0.0836573 0.329869 -0.389644 0.92096 -0.00327061 -0.00770919 0.0757759 0.0355985 0.996489 -0.943995
0 89 61 -0.276904 0.826434 0.490235 -0.175174 0.96044 0.25379 0.114658 0.106598 -0.0296597 0.50259 -0.864016 0.97875
0 90 20 0.0664814 0.941484 0.330435 0.34876 -0.850987 0.226409 -0.473877 -0.127024 -0.520961 -0.249692 0.816243 0.928564
0 91 47 0.340624 0.939735 0.0295562 0.320105 -0.940199 0.340488 0.00969209 -0.302146 -0.000955506 -0.03109 0.999516 0.897909
0 92 36 -0.889942 0.0828165 0.448491 -0.493943 -0.0769747 -0.996542 0.0312763 -0.116457 0.44953 -0.0066883 0.89324 -0.86166
0 93 26 0.616629 0.533723 0.578712 0.214714 -0.467373 0.839725 -0.276449 -0.257304 -0.633506 -0.100008 0.767247 0.942174
0 94 49 0.673821 -0.609518 -0.417676 0.44827 -0.508869 -0.792654 0.335787 -0.186377 -0.535741 -0.0137178 -0.844271 0.874253
0 95 58 -0.67767 0.600819 -0.424005 0.480786 0.730352 0.48268 -0.483328 0.101447 -0.0857337 -0.63721 -0.765907 0.87095
0 96 52 -0.73001 -0.672383 0.122418 -0.408561 0.642059 -0.7361 -0.214283 -0.140549 0.234192 -0.077829 0.96907 0.901845
0 97 78 -0.920941 -0.330977 0.205725 -0.0355677 -0.18212 0.832235 0.523657 -0.34626 -0.34453 0.444791 -0.826717 0.937464
0 98 25 0.33845 -0.918262 -0.205541 0.274491 0.903323 0.378237 -0.202347 0.0485082 0.263551 -0.117185 0.957501 -0.960365
0 99 26 0.921831 -0.361385 0.140104 -0.221774 0.383162 0.904175 -0.188824 -0.0262101 -0.0584403 0.227746 0.971965 -0.974746
0 100 25 0.980439 -0.127183 -0.150211 0.422173 0.139859 0.98717 0.0770363 0.0839001 0.138486 -0.0965378 0.985648 -0.902624
0 101 64 -0.812182 0.574967 0.0988543 -0.0930112 0.555422 0.813894 -0.170537 -0.0367555 -0.17851 -0.0836011 -0.98038 0.994986
0 102 82 -0.215502 0.786824 0.578331 -0.341101 0.811664 0.473609 -0.341901 -0.017004 -0.542919 0.395731 -0.7407 0.939873
0 103 29 0.624049 0.738798 -0.25444 0.0283803 -0.758905 0.650607 0.0278007 0.117981 0.18608 0.175747 0.966689 0.99261
0 104 23 -0.337926 0.87231 0.353387 -0.196631 -0.914612 -0.392934 0.0953321 0.241333 0.222017 -0.290996 0.930607 -0.950313
0 105 39 0.50711 0.857767 -0.0841118 -0.182996 -0.860976 0.499686 -0.0950515 0.248498 -0.0395026 0.12062 0.991913 -0.951189
0 106 56 -0.858261 0.484339 -0.169716 -0.0999984 0.328513 0.772538 0.543382 -0.340951 0.394293 0.41061 -0.822151 0.934747
0 107 30 -0.852593 -0.506759 -0.127594 0.38704 0.522214 -0.835302 -0.171939 0.21572 -0.019448 -0.213226 0.976809 -0.896474
0 108 31 0.367853 -0.870949 -0.325778 0.352251 0.926066 0.374839 0.0435598 -0.171305 0.0841758 -0.317716 0.944442 -0.920095
0 109 34 0.915012 0.238038 -0.325716 0.409019 -0.294017 0.946305 -0.13439 0.207375 0.276237 0.218735 0.935868 -0.88865
0 110 30 0.8979 0.299642 0.322474 0.0906527 -0.246657 0.949234 -0.195232 -0.103292 -0.364603 0.0957581 0.926226 -0.990511
0 111 32 0.92376 0.381147 0.0373334 0.229471 -0.381945 0.909765 0.162619 -0.145964 0.0280174 -0.164481 0.985982 0.962309
0 112 82 -0.365351 -0.0688074 -0.928323 0.564002 0.0612395 0.993327 -0.0977269 0.125173 0.928853 -0.0925547 -0.358699 0.816231
0 113 27 -0.849697 0.453311 -0.269303 0.449711 -0.422462 -0.890916 -0.166717 0.111987 -0.315501 -0.0278884 0.948515 -0.886126
0 114 64 0.71734 -0.158615 0.678428 -0.486713 -0.192937 -0.980884 -0.0253255 -0.134991 0.669476 -0.112727 -0.734231 0.863069
0 115 80 -0.0318073 -0.943048 0.331134 -0.31358 -0.780787 -0.183389 -0.597277 0.296959 0.623987 -0.277543 -0.730486 0.901933
0 116 57 0.948791 0.0319292 -0.314286 0.340544 -0.00693117 0.996744 0.0803377 -0.150776 0.315827 -0.0740454 0.945923 0.928061
0 117 37 -0.935161 -0.0477738 -0.350987 0.488641 0.125555 -0.971236 -0.202329 -0.0224611 -0.331225 -0.233278 0.91426 -0.872196
0 118 46 0.72723 0.671884 -0.140384 -0.489276 -0.686035 0.718099 -0.117007 0.175502 0.0221949 0.181399 0.983159 0.854288
0 119 72 -0.614894 -0.749948 -0.24389 0.0519273 -0.68678 0.661249 -0.3018 0.189689 0.387606 -0.0180764 -0.921648 0.98047
0 120 34 0.497858 -0.847408 -0.184493 -0.167043 0.850001 0.434554 0.297762 -0.180187 -0.172154 -0.305062 0.936643 0.969345
0 121 94 -0.418962 -0.819978 -0.390009 0.0880526 -0.842847 0.191423 0.502958 -0.212798 -0.337758 0.539438 -0.771314 0.973121
0 122 79 0.490672 0.816057 0.305437 -0.23681 0.646427 -0.575968 0.500393 -0.297785 0.584271 -0.0480859 -0.810133 0.924795
0 123 50 -0.297679 -0.863293 -0.407568 -0.363105 0.905398 -0.390672 0.166222 -0.220754 -0.302724 -0.319531 0.897919 0.905219
0 124 42 0.686901 0.515651 -0.512125 0.379214 -0.485051 0.850043 0.205309 -0.0693168 0.541196 0.10738 0.834013 -0.922709
0 125 38 0.774427 0.313996 -0.549245 0.331927 -0.251401 0.949393 0.188285 -0.0809031 0.58057 -0.00773209 0.814174 -0.939829
0 126 53 0.767875 0.410634 -0.491678 -0.210809 -0.45154 0.891387 0.0392686 -0.348546 0.454401 0.191859 0.869891 0.913277
0 127 67 0.834448 0.43196 -0.34221 -0.0845359 -0.451365 0.891981 0.0253045 0.36577 0.316175 0.133346 0.939283 -0.926858
0 128 53 0.774657 0.437619 -0.456504 0.213436 -0.449092 0.888933 0.0900791 0.230715 0.445222 0.135232 0.885149 -0.949324
0 129 50 0.788024 0.468278 -0.399668 0.228818 -0.413137 0.883538 0.220634 -0.0102571 0.456439 -0.00874701 0.889712 -0.973415
0 130 72 0.960847 0.254209 -0.110228 -0.258504 -0.257257 0.96624 -0.014137 0.250839 0.102912 0.0419403 0.993806 -0.932875
0 131 73 0.873926 0.370117 -0.315065 0.215776 -0.297419 0.919886 0.25564 -0.191545 0.38444 -0.129704 0.913993 -0.957471
0 132 80 0.970586 0.226614 -0.0812983 -0.133631 -0.232602 0.969771 -0.0737622 0.300097 0.0621252 0.0905027 0.993957 -0.944502
0 133 121 0.97134 0.216924 0.0971737 -0.366524 -0.183265 0.943814 -0.275006 0.608553 -0.151369 0.249316 0.956519 -0.703792
0 134 107 0.962284 0.223174 -0.155573 0.129383 -0.227505 0.973721 -0.010383 0.215495 0.149168 0.0453851 0.98777 -0.967896
0 135 97 0.952225 0.211314 -0.220485 0.32572 -0.203519 0.977366 0.0577557 0.162537 0.2277 -0.0101233 0.973679 -0.93139
0 136 96 0.975094 0.201223 -0.0932827 0.173316 -0.19814 0.979303 0.0413126 0.220253 0.0996651 -0.0218007 0.994782 -0.959922
0 137 106 0.979613 0.181149 -0.0868573 0.313802 -0.179976 0.983442 0.0212166 0.216628 0.0892625 -0.00515182 0.995995 -0.924446
0 138 107 0.99138 0.124155 -0.0418423 0.382939 -0.121035 0.990156 0.0703021 0.096145 0.0501588 -0.0646317 0.996648 -0.918757
0 139 139 0.995092 0.0417669 0.0897039 0.300124 -0.0477378 0.996711 0.0654818 0.141407 -0.086674 -0.0694427 0.993814 -0.943361
0 140 120 0.985899 -0.0560899 0.157662 0.272821 0.039261 0.993386 0.107898 0.158335 -0.162672 -0.100187 0.981581 -0.948946
0 141 134 0.960071 -0.18886 0.206385 0.190881 0.214207 0.970787 -0.108107 0.576056 -0.179939 0.148 0.97248 -0.794811
0 142 112 0.940442 -0.28235 0.189335 0.118922 0.269549 0.958696 0.0908091 0.280671 -0.207155 -0.0343655 0.977704 -0.952408
0 143 100 0.950008 -0.288659 0.119001 0.100757 0.267429 0.948992 0.167022 0.0717491 -0.161143 -0.126848 0.978745 -0.992321
0 144 149 0.985196 -0.171174 -0.00934874 0.203513 0.171419 0.983088 0.0644446 0.214915 -0.00184061 -0.0650931 0.997877 -0.955193
0 145 208 0.987313 0.0518099 -0.150093 0.417773 -0.0409101 0.996357 0.0748208 0.107105 0.153422 -0.0677313 0.985837 -0.902216
0 146 242 0.982235 0.0955112 -0.161531 0.491703 -0.0875648 0.994604 0.0556341 0.119774 0.165973 -0.0405014 0.985298 -0.862486
0 147 222 0.957951 0.192098 -0.21314 0.594978 -0.166778 0.97723 0.131176 -0.0258342 0.233486 -0.0901131 0.968176 -0.803326
0 148 246 0.918193 0.216334 -0.331844 0.908399 -0.181971 0.974438 0.131747 -0.065829 0.351863 -0.0605833 0.934089 -0.41289
0 149 225 0.890943 0.282947 -0.355193 0.927031 -0.23665 0.956849 0.168629 -0.228347 0.387579 -0.0661828 0.919458 -0.297442
0 150 141 0.899382 0.323205 -0.294366 0.924127 -0.294968 0.945627 0.137051 -0.294346 0.322656 -0.0364326 0.945815 -0.243618
0 151 164 0.876761 0.30647 -0.37063 0.968386 -0.289457 0.951717 0.102227 -0.224963 0.384064 0.0176521 0.923138 -0.107795
0 152 120 0.851298 0.319947 -0.415843 0.966277 -0.329384 0.942813 0.0510913 -0.257502 0.408409 0.0934783 0.908 0.000964109
0 153 133 0.83245 0.371476 -0.411136 0.950123 -0.370768 0.924836 0.084908 -0.311683 0.411774 0.0817542 0.907611 -0.0109579
0 154 72 0.911665 0.384751 0.144339 0.214444 -0.382288 0.922919 -0.0455554 -0.0468962 -0.15074 -0.0136477 0.988479 -0.97561
0 155 100 0.974981 0.215606 0.0540991 0.656411 -0.211177 0.974378 -0.0774011 0.172313 -0.0694011 0.0640401 0.995531 -0.734461
0 156 124 0.824441 0.453489 -0.338593 0.908456 -0.415344 0.891209 0.182306 -0.414141 0.384431 -0.00966844 0.923103 -0.0565246
0 157 135 0.77378 0.418732 -0.47532 0.939422 -0.350208 0.908039 0.229827 -0.325583 0.527844 -0.0113746 0.849265 0.107149
0 158 128 0.793332 0.3547 -0.494785 0.939123 -0.276763 0.934027 0.225824 -0.27731 0.542242 -0.0422146 0.839161 0.202847
0 159 115 0.788537 0.375331 -0.487172 0.944507 -0.264576 0.922149 0.282206 -0.281552 0.555166 -0.0936354 0.826452 0.169217
0 160 126 0.717379 0.432326 -0.546316 0.915425 -0.252224 0.89214 0.374792 -0.335473 0.649423 -0.131074 0.749046 0.222386
0 161 108 0.720447 0.299457 -0.625525 0.954062 -0.222649 0.954097 0.200318 -0.0923106 0.656798 -0.00504636 0.75405 0.285033
0 162 103 0.864179 0.410895 -0.290447 0.887296 -0.314661 0.891724 0.325295 -0.436384 0.392661 -0.189721 0.899902 -0.149247
0 163 133 0.868723 0.326208 -0.372704 0.961758 -0.238935 0.935145 0.261559 -0.266061 0.433855 -0.138171 0.890325 -0.0650668
0 164 134 0.839843 0.324256 -0.435341 0.955943 -0.226042 0.93805 0.262617 -0.29353 0.493527 -0.122152 0.86111 -0.003521
0 165 183 0.846873 0.305918 -0.434994 0.965606 -0.210401 0.943975 0.254248 -0.245476 0.488402 -0.123793 0.863793 -0.0857071
0 166 152 0.933109 0.247114 -0.261231 0.829542 -0.198591 0.959763 0.198537 -0.126583 0.299781 -0.133378 0.944638 -0.543908
0 167 172 0.887408 0.297779 -0.351902 0.905238 -0.221075 0.944764 0.241964 -0.209268 0.404516 -0.136924 0.904223 -0.369798
0 168 204 0.934583 0.216216 -0.282498 0.836511 -0.167588 0.968057 0.186495 -0.0403988 0.313798 -0.126952 0.940965 -0.546459
0 169 235 0.975648 0.15311 -0.15706 0.662652 -0.131683 0.981523 0.138826 -0.00356316 0.175414 -0.114764 0.977783 -0.748919
0 170 257 0.989521 0.0849428 -0.116759 0.481485 -0.0660544 0.985377 0.157063 0.0539954 0.128393 -0.147705 0.980662 -0.87479
0 171 241 0.991036 0.0481701 -0.124607 0.404611 -0.0278713 0.986758 0.159788 0.0906906 0.130654 -0.154883 0.979255 -0.909981
0 172 260 0.986387 0.0962628 -0.133316 0.325002 -0.0712561 0.980889 0.18105 0.050596 0.148197 -0.169086 0.974396 -0.944359
1 2 849 0.999868 -2.21018e-05 -0.0162415 0.864871 3.02216e-05 1 0.000499692 -0.188445 0.0162415 -0.000500117 0.999868 0.46528
1 3 762 0.999891 -0.00635546 -0.013335 0.954581 0.00638208 0.999978 0.00195463 -0.132975 0.0133223 -0.00203952 0.999909 0.266631
1 4 674 0.995259 0.0252591 -0.0939207 0.982561 -0.0257338 0.999661 -0.00384534 -0.0231288 0.0937918 0.00624405 0.995572 0.184499
1 5 521 0.995316 0.0430493 -0.0865578 0.980029 -0.0438484 0.999011 -0.00735109 -0.088606 0.0861557 0.0111121 0.99622 0.178024
1 6 357 0.987744 0.0512959 -0.147413 0.981157 -0.0504755 0.998682 0.00930363 -0.0295928 0.147695 -0.00174889 0.989031 0.190933
1 7 268 0.983833 0.0514076 -0.171552 0.973354 -0.0543365 0.998445 -0.0124179 -0.113526 0.170647 0.0215387 0.985097 0.199232
1 8 226 0.984441 0.0691978 -0.161515 0.996956 -0.0721809 0.997311 -0.0126687 -0.0779395 0.160204 0.0241299 0.986789 -0.00200157
1 9 202 0.956298 0.114152 -0.269189 0.99678 -0.119627 0.992811 -0.00396701 -0.0431945 0.266801 0.0359958 0.963079 -0.067557
1 10 63 0.951919 0.208337 0.224601 -0.00482386 -0.219011 0.975441 0.0234206 -0.0504275 -0.214206 -0.0714848 0.974169 -0.998716
1 11 158 0.973718 0.142384 -0.177765 0.969473 -0.140566 0.989808 0.0228492 0.109234 0.179206 0.00273901 0.983808 -0.219521
1 12 116 0.873698 0.262901 -0.40931 0.983676 -0.247607 0.964576 0.0910168 -0.0394048 0.418739 0.021827 0.907844 -0.175581
1 13 98 0.973024 0.230638 0.00545285 0.329113 -0.225421 0.945455 0.235162 -0.359974 0.0490818 -0.230047 0.971941 0.872985
1 14 41 -0.783074 0.446346 0.433094 -0.147787 -0.472929 -0.879599 0.0514143 0.104062 0.403898 -0.164561 0.899881 0.983529
1 15 78 -0.753114 0.563553 0.339451 0.010012 0.536019 0.824779 -0.180065 0.0493005 -0.381449 0.0463426 -0.923228 0.998734
1 16 21 -0.0184565 -0.983363 0.180712 0.0386156 0.98975 0.00763032 0.142606 -0.206532 -0.141613 0.181492 0.973143 0.977678
1 17 50 0.790869 0.58488 0.180117 -0.106466 0.582494 -0.809679 0.07156 -0.12959 0.187691 0.0483223 -0.981039 0.985835
1 18 71 0.694301 0.405074 -0.594862 0.325537 0.224386 -0.907199 -0.355866 0.117358 -0.68381 0.1136 -0.720762 0.938218
1 19 80 0.193072 0.813589 -0.548449 0.587065 0.472565 -0.56697 -0.674705 0.491699 -0.859887 -0.128911 -0.49394 0.643107
1 20 21 -0.671885 0.729107 0.130284 -0.296546 -0.733141 -0.629704 -0.256859 0.207381 -0.105238 -0.268096 0.957627 -0.932231
1 21 62 -0.694094 0.517015 0.500929 -0.224549 0.502679 0.846191 -0.176845 0.264863 -0.515313 0.129059 -0.847229 0.937777
1 22 87 -0.816463 0.392685 -0.423305 0.323585 0.0843852 0.806405 0.585312 -0.257229 0.571198 0.442165 -0.691536 0.910563
1 23 32 -0.925006 -0.053744 0.376132 -0.408493 0.0168099 -0.994765 -0.100798 -0.094705 0.37958 -0.0869161 0.921067 -0.907835
1 24 38 0.92854 0.313815 0.198327 -0.126199 -0.348006 0.921819 0.170709 -0.0148856 -0.129251 -0.227529 0.965155 -0.991893
1 25 49 0.89056 -0.356566 0.282424 -0.131014 -0.375 -0.926945 0.0121923 -0.0876083 0.257444 -0.116767 -0.959212 0.987502
1 26 55 -0.285431 -0.80291 -0.523321 0.331273 -0.834002 0.477113 -0.277133 -0.0538461 0.472196 0.357348 -0.805812 0.941997
1 27 55 0.528191 -0.628041 -0.571471 0.454804 -0.60132 -0.751834 0.270479 -0.0121356 -0.599523 0.200772 -0.774766 0.890509
1 28 71 0.931252 0.0943197 -0.351957 0.119278 0.00649879 -0.970063 -0.242768 0.0785311 -0.364318 0.223791 -0.903986 0.98975
1 29 34 -0.0452433 -0.987508 0.150932 -0.136955 0.977286 -0.0124402 0.211558 -0.0678981 -0.207038 0.157075 0.965641 0.988248
1 30 31 0.987411 -0.0265412 0.15593 -0.00577755 0.00468416 0.990295 0.138899 0.248016 -0.158103 -0.13642 0.977953 0.968739
1 31 71 0.568495 0.72004 0.397939 -0.357067 0.81592 -0.431559 -0.384749 -0.0312737 -0.105301 0.543414 -0.832834 0.933555
1 32 50 0.893955 0.447106 0.0306608 0.0167702 -0.439477 0.887988 -0.135416 0.491658 -0.0877717 0.107581 0.990314 0.870627
1 33 29 0.941538 0.314001 0.122106 -0.0587086 -0.335747 0.904552 0.262793 0.219864 -0.0279335 -0.288426 0.957095 0.973762
1 34 30 0.922289 0.094064 -0.374881 -0.0318312 -0.0544552 0.991882 0.114908 0.0133184 0.382646 -0.0855646 0.919924 0.999405
1 35 59 0.674001 0.569934 -0.469998 0.130606 0.588801 -0.798688 -0.124142 0.162338 -0.446134 -0.193064 -0.873894 0.978053
1 36 72 0.488027 -0.74935 0.447553 -0.178867 -0.742196 -0.626116 -0.239007 0.134308 0.45932 -0.215531 -0.861726 0.974663
1 37 28 -0.405899 -0.911537 -0.0659285 -0.263793 0.903138 -0.411113 0.123802 -0.133095 -0.139954 -0.00929138 0.990114 -0.955353
1 38 27 0.611893 0.650403 0.450069 -0.307031 -0.672859 0.727155 -0.136037 0.0296293 -0.415749 -0.219592 0.882571 -0.951238
1 39 55 0.671874 -0.550742 -0.495247 0.44953 -0.580592 -0.806792 0.109542 -0.255827 -0.459891 0.213938 -0.861819 0.855848
1 40 55 -0.930328 -0.0237249 0.365961 -0.113112 0.0204861 0.992985 0.116453 -0.0567126 -0.366156 0.115837 -0.923315 0.991962
1 41 83 0.445064 -0.613393 0.652432 -0.211905 -0.759769 -0.644286 -0.0874494 -0.0574451 0.473994 -0.456777 -0.752785 0.9756
1 42 105 -0.0029765 0.911586 0.411098 -0.239149 0.136302 0.407633 -0.902916 0.296091 -0.990663 0.0533461 -0.125465 0.924737
1 43 101 -0.0783448 0.551527 0.83047 -0.446193 0.177375 0.827451 -0.532789 0.197504 -0.98102 0.105563 -0.162654 0.872871
1 44 36 0.902488 -0.199224 -0.38187 0.136868 0.166302 0.979021 -0.117733 -0.302917 0.397314 0.0427472 0.916686 0.943138
1 45 23 -0.785235 0.3742 -0.493336 -0.0791885 -0.558073 -0.772866 0.302049 0.197052 -0.268256 0.512497 0.815712 0.97719
1 46 77 -0.622751 0.379043 -0.684477 0.397271 0.176897 0.920377 0.348732 -0.0840625 0.762161 0.0960912 -0.640217 0.913843
1 47 72 0.702612 -0.318128 -0.636499 0.260881 0.449826 0.891665 0.0508878 0.293911 0.551355 -0.322068 0.769597 0.919542
1 48 65 0.33075 0.940291 0.0803561 -0.326378 0.916915 -0.30004 -0.263142 0.0767223 -0.22332 0.160714 -0.961405 0.942121
1 49 68 0.971401 -0.146003 -0.18725 -0.171148 -0.133672 -0.988035 0.0769353 -0.0297904 -0.196243 -0.0497049 -0.979295 0.984795
1 50 40 0.862713 -0.488242 -0.131705 -0.414209 0.503824 0.807479 0.306821 -0.185214 -0.0434539 -0.331055 0.942611 -0.891138
1 51 71 -0.314721 -0.943432 -0.104337 -0.0221703 -0.884194 0.331371 -0.329233 0.109305 0.345183 -0.0113623 -0.938467 0.993761
1 52 73 0.789993 -0.612061 -0.0359434 0.0449284 -0.506359 -0.61826 -0.601128 0.136763 0.345705 0.493087 -0.798344 0.989584
1 53 32 0.972483 -0.225732 -0.0576452 -0.347207 0.216078 0.966417 -0.139099 0.0870746 0.0871085 0.122816 0.988599 0.933737
1 54 74 -0.692625 -0.295196 0.658126 -0.476711 -0.434883 0.898835 -0.0545165 0.177176 -0.575454 -0.323967 -0.750931 0.86102
1 55 63 0.740215 -0.275416 -0.613375 0.256522 0.442145 0.886657 0.135452 -0.32918 0.506547 -0.371464 0.77809 0.908756
1 56 54 -0.882667 -0.348699 0.31513 -0.0544959 -0.224903 0.90211 0.368262 -0.134694 -0.412695 0.254179 -0.874686 0.989388
1 57 70 -0.620302 -0.234298 -0.748552 0.25151 -0.261108 0.961594 -0.0846081 -0.0933516 0.739627 0.14297 -0.657656 0.963342
1 58 25 -0.953147 -0.244516 -0.178107 -0.0289834 0.221105 -0.964935 0.141467 -0.142998 -0.206453 0.0954582 0.973789 -0.989299
1 59 34 0.698626 -0.715469 -0.00497271 -0.299325 0.705261 0.689796 -0.163671 -0.137991 0.120532 0.110838 0.986502 0.94412
1 60 23 0.979251 0.00180276 0.202645 -0.0714112 -0.0740956 0.933909 0.349747 0.354915 -0.188622 -0.357505 0.914665 0.932167
1 61 67 -0.550411 -0.829628 0.093622 -0.0695809 -0.82682 0.526092 -0.198988 0.101275 0.115832 -0.186933 -0.97552 0.992422
1 62 33 0.961724 -0.11183 0.250161 -0.147563 0.106468 0.993703 0.0349082 0.25089 -0.252489 -0.00693797 0.967575 0.956702
1 63 84 0.218 -0.932581 0.287695 -0.200885 -0.893228 -0.0718861 0.443819 -0.275588 -0.393216 -0.35373 -0.848679 0.940051
1 64 94 0.507493 -0.325944 -0.797629 0.372867 -0.79166 -0.541844 -0.282276 0.295726 -0.340184 0.774704 -0.533018 0.879498
1 65 27 -0.611107 -0.605144 0.510244 0.0499591 0.559591 -0.786196 -0.26221 -0.192551 0.559827 0.12529 0.819083 0.980014
1 66 67 0.267808 -0.914559 0.303085 -0.270044 -0.796395 -0.387174 -0.464598 0.346881 0.542249 -0.116953 -0.832038 0.898193
1 67 28 -0.325507 0.869648 -0.371156 -0.340269 -0.859253 -0.108234 0.49997 -0.267413 0.394626 0.481661 0.782478 0.901503
1 68 65 0.176296 -0.953913 0.242838 -0.222952 -0.953441 -0.10416 0.28302 -0.0958099 -0.244683 -0.281427 -0.927863 0.97011
1 69 24 0.75475 0.519453 -0.400649 -0.235106 -0.527742 0.843554 0.0995226 -0.0815306 0.389667 0.136325 0.91081 0.968544
1 70 30 -0.251627 0.933059 0.25707 -0.275321 -0.967389 -0.250443 -0.0379014 0.0559857 0.029017 -0.258223 0.965649 -0.959721
1 71 54 -0.946889 0.284904 0.149099 -0.370875 -0.293966 -0.95488 -0.0422777 -0.348034 0.130326 -0.0838622 0.987918 -0.861002
1 72 27 0.518714 -0.849631 -0.0951988 0.398992 0.663059 0.470083 -0.582558 -0.169999 0.539711 0.239059 0.807194 0.901058
1 73 57 0.0618887 0.987692 0.143644 0.390325 -0.990188 0.0788263 -0.115387 0.248389 -0.12529 -0.135093 0.98288 0.886538
1 74 51 0.975699 0.00389489 -0.21908 0.432066 -0.0295844 0.993028 -0.114103 0.125922 0.217108 0.117812 0.969012 -0.893007
1 75 96 0.582969 0.737178 -0.341637 0.36827 -0.809144 0.488599 -0.326432 0.275774 -0.0737152 0.466733 0.881321 0.887877
1 76 76 -0.0397736 -0.997556 -0.0574463 0.354108 -0.875386 0.0625078 -0.479366 0.100973 0.481786 0.0312216 -0.875733 0.929737
1 77 31 0.0197763 0.995637 0.0911931 0.214492 -0.999301 0.022579 -0.0298058 -0.0235897 -0.0317348 -0.0905398 0.995387 0.976441
1 78 31 0.848954 -0.521254 0.0870115 0.0194845 0.526609 0.820631 -0.221917 0.389622 0.0442709 0.234219 0.971175 -0.920769
1 79 83 -0.572354 -0.114956 -0.811909 0.435269 -0.197661 0.98027 0.000547492 -0.117091 0.795827 0.160796 -0.583784 0.892654
1 80 110 -0.482597 0.0930872 -0.870881 0.411276 -0.460076 0.819157 0.342509 -0.211479 0.745272 0.565965 -0.352496 0.886639
1 81 29 -0.143542 -0.989382 0.0227836 0.125142 0.986604 -0.144866 -0.0750057 0.259439 0.0775099 0.0117119 0.996923 0.957617
1 82 95 0.18911 -0.848638 -0.494016 0.390274 -0.890197 0.0641868 -0.451031 0.0790823 0.414472 0.525066 -0.743316 0.917296
1 83 80 -0.537285 -0.737496 0.409176 -0.243648 -0.673383 0.667223 0.318386 -0.178388 -0.507819 -0.104468 -0.855106 0.953317
1 84 85 -0.399284 0.642227 0.654306 -0.429938 0.903281 0.153334 0.400715 -0.228277 0.157023 0.751021 -0.641335 0.873523
1 85 71 -0.0141557 0.991674 -0.12799 -0.0971617 0.981641 -0.010567 -0.190443 0.0506381 -0.19021 -0.128337 -0.973319 0.99398
1 86 60 0.901293 0.0783367 -0.426069 0.208545 0.151274 -0.978514 0.140092 -0.0890575 -0.40594 -0.190717 -0.893778 0.97395
1 87 76 0.402603 -0.912352 0.0743288 -0.0463287 -0.77517 -0.382999 -0.502418 0.260427 0.48685 0.144658 -0.861424 0.964381
1 88 48 -0.546455 -0.836283 -0.0449172 -0.46894 0.807497 -0.540352 0.236576 -0.0727453 -0.222115 0.0930074 0.970574 -0.880229
1 89 29 0.717631 -0.657618 0.229226 0.00327198 0.692605 0.639507 -0.33366 0.060752 0.0728289 0.398208 0.9144 0.998148
1 90 73 0.119161 0.491299 -0.862801 0.348561 0.782088 -0.581796 -0.223275 -0.126943 -0.611669 -0.648181 -0.453567 0.92865
1 91 39 -0.372351 0.924964 -0.0761329 -0.00533958 -0.918237 -0.379078 -0.114634 -0.260522 -0.134893 0.0272238 0.990486 -0.965453
1 92 91 -0.899518 -0.338407 0.27631 0.0511476 -0.412465 0.449339 -0.792444 0.346333 0.144012 -0.826786 -0.543769 0.936716
1 93 70 -0.763455 0.0551849 -0.643499 0.384786 -0.138948 0.958979 0.247089 -0.226949 0.630737 0.278055 -0.724469 0.89467
1 94 63 -0.104939 -0.949578 -0.295447 0.448117 -0.786536 -0.102551 0.60897 -0.185822 -0.608563 0.296285 -0.736116 0.874449
1 95 67 -0.659338 -0.694305 -0.288468 0.109739 -0.737936 0.671075 0.0714761 -0.172012 0.143957 0.259998 -0.954818 0.978963
1 96 31 0.0946688 -0.985297 -0.142221 0.407754 0.911296 0.143278 -0.386019 0.141074 0.400721 -0.0930612 0.911462 -0.902128
1 97 64 -0.734895 0.594767 -0.325854 0.0444149 0.499576 0.799713 0.332993 -0.317106 0.458643 0.0819258 -0.884836 0.947349
1 98 35 0.909128 0.323624 -0.262212 0.267767 -0.381084 0.900365 -0.21004 -0.11285 0.168113 0.290878 0.941875 0.956852
1 99 31 0.910686 -0.196808 0.363205 -0.352141 0.158852 0.978454 0.131889 -0.15144 -0.381336 -0.0624135 0.922327 -0.923614
1 100 71 0.760313 0.62629 0.172294 -0.114488 0.45961 -0.706142 0.53863 -0.156976 0.459003 -0.330339 -0.824738 0.980944
1 101 65 0.276265 0.879452 0.38761 -0.367988 0.844507 -0.414661 0.338916 -0.316763 0.458788 0.233709 -0.85726 0.874212
1 102 49 -0.962354 -0.265101 0.0599685 -0.347754 0.224571 -0.899827 -0.374005 0.000474031 0.15311 -0.346458 0.925486 0.937586
1 103 114 0.203324 -0.425406 -0.881867 0.663117 -0.0615534 -0.904453 0.42211 -0.335456 -0.977175 -0.0315433 -0.210082 0.669137
1 104 31 -0.902241 0.43065 -0.0224009 -0.194858 -0.418933 -0.887644 -0.191266 0.241252 -0.102252 -0.163183 0.981283 -0.950699
1 105 79 0.412224 0.568983 -0.711569 0.179824 0.908879 -0.3111 0.277769 -0.247456 -0.0633237 -0.761233 -0.64538 0.952066
1 106 30 -0.855455 -0.4402 -0.272803 -0.468894 0.513107 -0.791781 -0.331366 0.0613052 -0.0701333 -0.423446 0.903202 0.881125
1 107 55 -0.642648 0.765886 0.0205596 -0.199997 0.72458 0.598831 0.341151 -0.12543 0.248971 0.234137 -0.939784 0.971735
1 108 66 -0.518321 0.639621 0.567651 -0.330371 0.680047 0.710751 -0.179914 0.136515 -0.518535 0.292776 -0.80337 0.933926
1 109 39 -0.741772 0.65047 -0.163292 0.222516 -0.651861 -0.756523 -0.0524406 -0.256074 -0.157645 0.0675446 0.985183 0.940698
1 110 33 0.863785 0.403917 0.301209 -0.0543148 -0.404577 0.912318 -0.0631879 -0.030141 -0.300321 -0.0672815 0.951462 -0.998069
1 111 50 -0.701246 0.660737 -0.267732 0.222302 -0.703028 -0.578561 0.413544 -0.141815 0.118345 0.478219 0.87023 0.964609
1 112 85 0.430793 -0.860744 -0.271176 0.181709 -0.782603 -0.206685 -0.587208 0.268888 0.449388 0.465189 -0.76266 0.945876
1 113 67 -0.136427 -0.930702 0.339384 -0.449711 -0.803411 0.304378 0.511747 -0.111987 -0.579585 -0.202849 -0.789261 0.886126
1 114 39 0.902918 0.056729 -0.426053 0.486713 -0.114907 0.987031 -0.112095 0.134991 0.414169 0.150169 0.897727 -0.863069
1 115 114 -0.258435 0.965959 0.0115686 -0.278316 0.428792 0.125435 -0.894653 0.361065 -0.865649 -0.226249 -0.446612 0.890041
1 116 27 0.816928 0.507752 0.273525 0.341094 -0.570554 0.780767 0.254696 -0.150924 -0.0842369 -0.364129 0.927531 0.927834
1 117 46 -0.654078 -0.436372 -0.617869 0.488641 0.601903 -0.794971 -0.0757254 -0.0224611 -0.458143 -0.421427 0.782626 -0.872196
1 118 120 -0.554179 -0.194712 0.809304 -0.453686 -0.378791 0.924747 -0.0368943 0.00934031 -0.741218 -0.327003 -0.58623 0.891113
1 119 74 -0.959633 0.0364296 0.278888 -0.379274 0.0399109 0.99918 0.00681308 0.0715308 -0.278411 0.0176687 -0.9603 0.922515
1 120 81 0.155603 0.986063 -0.0588805 0.0531299 0.839069 -0.10048 0.534665 -0.167565 0.521297 -0.1326 -0.84301 0.984428
1 121 57 -0.00423343 -0.83483 0.550491 -0.170753 0.999736 0.00889931 0.0211842 0.105906 -0.0225842 0.550435 0.834572 0.979606
1 122 27 -0.855758 0.13053 -0.50064 -0.229975 0.0735666 -0.92712 -0.367473 -0.302478 -0.512119 -0.351299 0.783788 0.924996
1 123 85 -0.466253 -0.805952 0.364759 -0.364625 -0.695965 0.588709 0.411163 -0.196933 -0.546114 -0.0621533 -0.835402 0.910091
1 124 111 0.940318 0.287938 0.181366 -0.402649 0.336305 -0.704907 -0.624504 0.147406 -0.0519724 0.648227 -0.759672 0.903408
1 125 85 -0.658752 -0.217926 -0.720107 -0.21143 0.351114 -0.935558 -0.0380702 -0.170439 -0.665406 -0.277919 0.692817 0.962418
1 126 70 0.845441 0.424451 -0.324146 -0.0848578 -0.361169 0.901497 0.238455 -0.067937 0.393429 -0.0845283 0.915461 -0.994074
1 127 62 0.696817 0.693391 -0.183452 -0.33416 -0.678232 0.553785 -0.483035 0.0175407 -0.233339 0.46101 0.856167 0.942353
1 128 62 0.794494 0.520911 -0.312137 -0.00416239 -0.4991 0.852925 0.153029 0.14831 0.345945 0.0342067 0.937631 -0.988932
1 129 100 0.904104 0.358131 -0.233106 -0.111276 -0.401238 0.899136 -0.174821 0.573534 0.146985 0.251587 0.956608 -0.811589
1 130 83 0.942742 0.276206 -0.186946 -0.12326 -0.29921 0.948034 -0.108189 0.408644 0.147349 0.157931 0.976395 -0.904333
1 131 98 0.942904 0.274948 -0.187978 -0.0425684 -0.297601 0.948917 -0.104833 0.39286 0.149553 0.15479 0.976562 -0.918612
1 132 69 0.975894 0.206388 -0.0709623 -0.159233 -0.212026 0.97364 -0.0840853 0.304488 0.0517375 0.0971042 0.993929 -0.939112
1 133 104 0.974666 0.210148 -0.0765735 -0.065468 -0.2176 0.970117 -0.107349 0.350799 0.0517262 0.121292 0.991268 -0.934159
1 134 111 0.971804 0.218802 -0.0878761 0.00810439 -0.221457 0.974931 -0.0215749 0.23247 0.0809525 0.0404274 0.995898 -0.97257
1 135 107 0.970467 0.198193 -0.137527 0.173396 -0.196396 0.980162 0.0266556 0.219586 0.140082 0.00114131 0.990139 -0.96006
1 136 95 0.966721 0.203534 -0.155 0.287453 -0.196075 0.978618 0.0621465 0.165379 0.164334 -0.0296868 0.985958 -0.943409
1 137 111 0.978809 0.172842 -0.109809 0.347271 -0.174725 0.984587 -0.00768766 0.258145 0.106788 0.0267111 0.993923 -0.901534
1 138 123 0.992535 0.110987 -0.0505528 0.389345 -0.109945 0.993672 0.0229724 0.178689 0.0527826 -0.0172429 0.998457 -0.903593
1 139 128 0.99257 0.0324636 0.117266 0.243032 -0.0414542 0.996317 0.0750611 0.115254 -0.114397 -0.0793645 0.99026 -0.963147
1 140 116 0.903278 -0.111344 0.414357 -0.230847 0.0904042 0.993451 0.0698783 0.238898 -0.419424 -0.0256598 0.907428 -0.943206
1 141 138 0.956272 -0.204244 0.209352 0.190711 0.22071 0.973595 -0.0583123 0.52423 -0.191914 0.101969 0.9761 -0.829947
1 142 110 0.936883 -0.284097 0.20381 0.0848135 0.258244 0.955225 0.144412 0.157119 -0.235711 -0.0826646 0.968301 -0.983931
1 143 116 0.953936 -0.289664 0.0781029 0.186284 0.275634 0.948999 0.153056 0.0987472 -0.118455 -0.124478 0.985126 -0.977521
1 144 186 0.987355 -0.155519 -0.0307214 0.257646 0.158134 0.979839 0.122101 0.0542445 0.011113 -0.125415 0.992042 -0.964715
1 145 235 0.987359 0.0484802 -0.150903 0.411396 -0.0367013 0.996128 0.0798868 0.0812659 0.154192 -0.0733386 0.985315 -0.907826
1 146 273 0.977952 0.0867915 -0.189942 0.546382 -0.0794554 0.99578 0.0459183 0.132367 0.193125 -0.029814 0.980721 -0.82701
1 147 262 0.952948 0.1797 -0.244128 0.66747 -0.156444 0.981352 0.111685 0.0300554 0.259645 -0.0682373 0.96329 -0.744029
1 148 263 0.932844 0.198672 -0.300552 0.871059 -0.172998 0.978756 0.110037 -0.000804415 0.316028 -0.0506526 0.947397 -0.491178
1 149 245 0.919286 0.268138 -0.288124 0.82406 -0.231646 0.960419 0.154711 -0.233171 0.318204 -0.0754807 0.945013 -0.516292
1 150 153 0.897503 0.31135 -0.312329 0.92224 -0.279254 0.949369 0.143931 -0.304112 0.341328 -0.0419597 0.939007 -0.238725
1 151 181 0.873889 0.311295 -0.373382 0.952649 -0.282542 0.950271 0.130977 -0.288181 0.395586 -0.00896298 0.918385 -0.0970122
1 152 158 0.875809 0.299978 -0.378117 0.971748 -0.314629 0.94891 0.0240587 -0.22728 0.366016 0.0978956 0.925445 -0.0636427
1 153 63 0.928067 0.149398 0.341134 -0.359348 -0.138521 0.988765 -0.0561732 0.108195 -0.345694 0.00487818 0.938335 -0.92691
1 154 60 0.931529 0.304106 0.199431 -0.214444 -0.284698 0.951028 -0.120389 0.0468962 -0.226276 0.055368 0.972488 0.97561
