0 1 0 1 0 0 0 0 1 0 0 0 0 1 0
0 2 869 0.999838 0.0103602 -0.014743 0.844111 -0.0103289 0.999944 0.00220229 -0.0993513 0.014765 -0.00204966 0.999889 0.526884
0 3 835 0.998826 0.00510586 -0.0481743 0.960957 -0.00461987 0.999937 0.0101941 -0.141668 0.0482234 -0.00995954 0.998787 0.23768
0 4 735 0.99621 0.0336095 -0.0802269 0.96453 -0.033781 0.999429 -0.000780388 -0.0271849 0.0801549 0.00348757 0.996776 0.26257
0 5 516 0.989043 0.0544782 -0.137207 0.981177 -0.0560728 0.998396 -0.00778089 -0.0447362 0.136563 0.0153892 0.990512 0.187855
0 6 359 0.986318 0.0648447 -0.151564 0.977677 -0.0622892 0.997825 0.0215535 -0.0680425 0.152632 -0.0118178 0.988212 0.198793
0 7 195 0.97794 0.0592159 -0.200314 0.969113 -0.0639578 0.997803 -0.0172784 -0.0830301 0.198851 0.0297089 0.979579 0.232221
0 8 133 0.971231 0.074547 -0.22617 0.994373 -0.0842149 0.995888 -0.0333888 -0.0201483 0.222751 0.0514752 0.973515 0.104003
0 9 97 0.940464 0.146378 -0.306759 0.990601 -0.138951 0.989228 0.0460414 -0.128402 0.310194 -0.000675912 0.950673 -0.04715
0 10 41 0.980026 0.0628321 0.188685 -0.080798 -0.0679708 0.997469 0.020882 -0.177054 -0.186895 -0.0332899 0.981816 0.980879
0 11 34 0.985537 0.0488236 0.162277 0.0763922 -0.0576298 0.997085 0.0500072 0.255657 -0.159362 -0.0586359 0.985477 -0.963745
0 12 0 1 0 0 0 0 1 0 0 0 0 1 0
0 13 0 1 0 0 0 0 1 0 0 0 0 1 0
0 14 0 1 0 0 0 0 1 0 0 0 0 1 0
0 15 0 1 0 0 0 0 1 0 0 0 0 1 0
0 16 0 1 0 0 0 0 1 0 0 0 0 1 0
0 17 0 1 0 0 0 0 1 0 0 0 0 1 0
0 18 0 1 0 0 0 0 1 0 0 0 0 1 0
0 19 0 1 0 0 0 0 1 0 0 0 0 1 0
0 20 0 1 0 0 0 0 1 0 0 0 0 1 0
0 21 0 1 0 0 0 0 1 0 0 0 0 1 0
0 22 0 1 0 0 0 0 1 0 0 0 0 1 0
0 23 0 1 0 0 0 0 1 0 0 0 0 1 0
0 24 0 1 0 0 0 0 1 0 0 0 0 1 0
0 25 0 1 0 0 0 0 1 0 0 0 0 1 0
0 26 0 1 0 0 0 0 1 0 0 0 0 1 0
0 27 0 1 0 0 0 0 1 0 0 0 0 1 0
0 28 0 1 0 0 0 0 1 0 0 0 0 1 0
0 29 0 1 0 0 0 0 1 0 0 0 0 1 0
0 30 0 1 0 0 0 0 1 0 0 0 0 1 0
0 31 0 1 0 0 0 0 1 0 0 0 0 1 0
0 32 0 1 0 0 0 0 1 0 0 0 0 1 0
0 33 0 1 0 0 0 0 1 0 0 0 0 1 0
0 34 0 1 0 0 0 0 1 0 0 0 0 1 0
0 35 0 1 0 0 0 0 1 0 0 0 0 1 0
0 36 0 1 0 0 0 0 1 0 0 0 0 1 0
0 37 0 1 0 0 0 0 1 0 0 0 0 1 0
0 38 0 1 0 0 0 0 1 0 0 0 0 1 0
0 39 0 1 0 0 0 0 1 0 0 0 0 1 0
0 40 0 1 0 0 0 0 1 0 0 0 0 1 0
0 41 0 1 0 0 0 0 1 0 0 0 0 1 0
0 42 0 1 0 0 0 0 1 0 0 0 0 1 0
0 43 0 1 0 0 0 0 1 0 0 0 0 1 0
0 44 0 1 0 0 0 0 1 0 0 0 0 1 0
0 45 0 1 0 0 0 0 1 0 0 0 0 1 0
0 46 0 1 0 0 0 0 1 0 0 0 0 1 0
0 47 0 1 0 0 0 0 1 0 0 0 0 1 0
0 48 0 1 0 0 0 0 1 0 0 0 0 1 0
0 49 0 1 0 0 0 0 1 0 0 0 0 1 0
0 50 0 1 0 0 0 0 1 0 0 0 0 1 0
0 51 0 1 0 0 0 0 1 0 0 0 0 1 0
0 52 0 1 0 0 0 0 1 0 0 0 0 1 0
0 53 0 1 0 0 0 0 1 0 0 0 0 1 0
0 54 0 1 0 0 0 0 1 0 0 0 0 1 0
0 55 0 1 0 0 0 0 1 0 0 0 0 1 0
0 56 0 1 0 0 0 0 1 0 0 0 0 1 0
0 57 0 1 0 0 0 0 1 0 0 0 0 1 0
0 58 0 1 0 0 0 0 1 0 0 0 0 1 0
0 59 0 1 0 0 0 0 1 0 0 0 0 1 0
0 60 0 1 0 0 0 0 1 0 0 0 0 1 0
0 61 0 1 0 0 0 0 1 0 0 0 0 1 0
0 62 0 1 0 0 0 0 1 0 0 0 0 1 0
0 63 0 1 0 0 0 0 1 0 0 0 0 1 0
0 64 0 1 0 0 0 0 1 0 0 0 0 1 0
0 65 0 1 0 0 0 0 1 0 0 0 0 1 0
0 66 0 1 0 0 0 0 1 0 0 0 0 1 0
0 67 0 1 0 0 0 0 1 0 0 0 0 1 0
0 68 0 1 0 0 0 0 1 0 0 0 0 1 0
0 69 0 1 0 0 0 0 1 0 0 0 0 1 0
0 70 0 1 0 0 0 0 1 0 0 0 0 1 0
0 71 0 1 0 0 0 0 1 0 0 0 0 1 0
0 72 0 1 0 0 0 0 1 0 0 0 0 1 0
0 73 0 1 0 0 0 0 1 0 0 0 0 1 0
0 74 0 1 0 0 0 0 1 0 0 0 0 1 0
0 75 0 1 0 0 0 0 1 0 0 0 0 1 0
0 76 0 1 0 0 0 0 1 0 0 0 0 1 0
0 77 0 1 0 0 0 0 1 0 0 0 0 1 0
0 78 0 1 0 0 0 0 1 0 0 0 0 1 0
0 79 0 1 0 0 0 0 1 0 0 0 0 1 0
0 80 0 1 0 0 0 0 1 0 0 0 0 1 0
0 81 0 1 0 0 0 0 1 0 0 0 0 1 0
0 82 0 1 0 0 0 0 1 0 0 0 0 1 0
0 83 0 1 0 0 0 0 1 0 0 0 0 1 0
0 84 0 1 0 0 0 0 1 0 0 0 0 1 0
0 85 0 1 0 0 0 0 1 0 0 0 0 1 0
0 86 0 1 0 0 0 0 1 0 0 0 0 1 0
0 87 0 1 0 0 0 0 1 0 0 0 0 1 0
0 88 0 1 0 0 0 0 1 0 0 0 0 1 0
0 89 0 1 0 0 0 0 1 0 0 0 0 1 0
0 90 0 1 0 0 0 0 1 0 0 0 0 1 0
0 91 0 1 0 0 0 0 1 0 0 0 0 1 0
0 92 0 1 0 0 0 0 1 0 0 0 0 1 0
0 93 0 1 0 0 0 0 1 0 0 0 0 1 0
0 94 0 1 0 0 0 0 1 0 0 0 0 1 0
0 95 0 1 0 0 0 0 1 0 0 0 0 1 0
0 96 0 1 0 0 0 0 1 0 0 0 0 1 0
0 97 0 1 0 0 0 0 1 0 0 0 0 1 0
0 98 0 1 0 0 0 0 1 0 0 0 0 1 0
0 99 0 1 0 0 0 0 1 0 0 0 0 1 0
0 100 0 1 0 0 0 0 1 0 0 0 0 1 0
0 101 0 1 0 0 0 0 1 0 0 0 0 1 0
0 102 0 1 0 0 0 0 1 0 0 0 0 1 0
0 103 0 1 0 0 0 0 1 0 0 0 0 1 0
0 104 0 1 0 0 0 0 1 0 0 0 0 1 0
0 105 0 1 0 0 0 0 1 0 0 0 0 1 0
0 106 0 1 0 0 0 0 1 0 0 0 0 1 0
0 107 0 1 0 0 0 0 1 0 0 0 0 1 0
0 108 0 1 0 0 0 0 1 0 0 0 0 1 0
0 109 0 1 0 0 0 0 1 0 0 0 0 1 0
0 110 0 1 0 0 0 0 1 0 0 0 0 1 0
0 111 0 1 0 0 0 0 1 0 0 0 0 1 0
0 112 0 1 0 0 0 0 1 0 0 0 0 1 0
0 113 0 1 0 0 0 0 1 0 0 0 0 1 0
0 114 0 1 0 0 0 0 1 0 0 0 0 1 0
0 115 0 1 0 0 0 0 1 0 0 0 0 1 0
0 116 0 1 0 0 0 0 1 0 0 0 0 1 0
0 117 0 1 0 0 0 0 1 0 0 0 0 1 0
0 118 0 1 0 0 0 0 1 0 0 0 0 1 0
0 119 0 1 0 0 0 0 1 0 0 0 0 1 0
0 120 0 1 0 0 0 0 1 0 0 0 0 1 0
0 121 0 1 0 0 0 0 1 0 0 0 0 1 0
0 122 0 1 0 0 0 0 1 0 0 0 0 1 0
0 123 0 1 0 0 0 0 1 0 0 0 0 1 0
0 124 0 1 0 0 0 0 1 0 0 0 0 1 0
0 125 0 1 0 0 0 0 1 0 0 0 0 1 0
0 126 0 1 0 0 0 0 1 0 0 0 0 1 0
0 127 0 1 0 0 0 0 1 0 0 0 0 1 0
0 128 0 1 0 0 0 0 1 0 0 0 0 1 0
0 129 0 1 0 0 0 0 1 0 0 0 0 1 0
0 130 0 1 0 0 0 0 1 0 0 0 0 1 0
0 131 0 1 0 0 0 0 1 0 0 0 0 1 0
0 132 0 1 0 0 0 0 1 0 0 0 0 1 0
0 133 0 1 0 0 0 0 1 0 0 0 0 1 0
0 134 0 1 0 0 0 0 1 0 0 0 0 1 0
0 135 0 1 0 0 0 0 1 0 0 0 0 1 0
0 136 0 1 0 0 0 0 1 0 0 0 0 1 0
0 137 0 1 0 0 0 0 1 0 0 0 0 1 0
0 138 0 1 0 0 0 0 1 0 0 0 0 1 0
0 139 0 1 0 0 0 0 1 0 0 0 0 1 0
0 140 0 1 0 0 0 0 1 0 0 0 0 1 0
0 141 31 0.910664 -0.320408 0.260827 0.00994149 0.251001 0.930516 0.266718 -0.0125554 -0.328162 -0.177423 0.92781 -0.999872
0 142 35 0.953725 -0.241025 0.179764 0.162775 0.225736 0.968892 0.101446 0.232024 -0.198623 -0.0561722 0.978465 -0.958994
0 143 0 1 0 0 0 0 1 0 0 0 0 1 0
0 144 0 1 0 0 0 0 1 0 0 0 0 1 0
0 145 99 0.997243 0.0461066 -0.0581484 0.16767 -0.039868 0.993754 0.104226 0.0232435 0.0625907 -0.10162 0.992852 -0.985569
0 146 140 0.989275 0.081771 -0.121034 0.363032 -0.0783987 0.996396 0.0323752 0.202795 0.123246 -0.022539 0.99212 -0.90944
0 147 112 0.954074 0.19638 -0.226226 0.644569 -0.170393 0.976848 0.129364 -0.0164941 0.246393 -0.0848755 0.965446 -0.764368
0 148 143 0.969138 0.205957 -0.135477 0.332303 -0.189706 0.97402 0.12368 -0.0655955 0.15743 -0.0941621 0.983031 -0.940889
0 149 97 0.956723 0.251907 -0.145684 0.258957 -0.237862 0.965367 0.107184 -0.00446655 0.167639 -0.0678929 0.983508 -0.965878
0 150 28 0.983535 0.17318 -0.051655 -0.0485119 -0.17337 0.984856 0.000823562 0.245798 0.0510154 0.00814542 0.998665 -0.968106
0 151 17 0.979512 0.19986 0.0247489 0.489384 -0.199644 0.979808 -0.0109306 -0.597191 -0.0264337 0.00576568 0.999634 -0.635504
0 152 0 1 0 0 0 0 1 0 0 0 0 1 0
0 153 0 1 0 0 0 0 1 0 0 0 0 1 0
0 154 0 1 0 0 0 0 1 0 0 0 0 1 0
0 155 0 1 0 0 0 0 1 0 0 0 0 1 0
0 156 0 1 0 0 0 0 1 0 0 0 0 1 0
0 157 0 1 0 0 0 0 1 0 0 0 0 1 0
0 158 0 1 0 0 0 0 1 0 0 0 0 1 0
0 159 0 1 0 0 0 0 1 0 0 0 0 1 0
0 160 0 1 0 0 0 0 1 0 0 0 0 1 0
0 161 0 1 0 0 0 0 1 0 0 0 0 1 0
0 162 0 1 0 0 0 0 1 0 0 0 0 1 0
0 163 0 1 0 0 0 0 1 0 0 0 0 1 0
0 164 25 0.97014 0.218223 0.105863 0.172878 -0.227345 0.970237 0.0833969 0.0159623 -0.084513 -0.104974 0.990877 -0.984814
0 165 24 0.940418 0.262987 -0.215528 0.726994 -0.163862 0.905932 0.390432 -0.686619 0.297932 -0.331852 0.895048 -0.0058654
0 166 0 1 0 0 0 0 1 0 0 0 0 1 0
0 167 26 0.98242 0.183023 0.0367929 -0.310246 -0.186263 0.974213 0.127335 0.145017 -0.0125388 -0.13195 0.991177 -0.939531
0 168 68 0.839841 0.274622 -0.468241 0.958652 -0.178341 0.954297 0.239817 -0.127234 0.5127 -0.117901 0.850434 -0.254554
0 169 161 0.991391 0.130186 -0.0140101 0.272051 -0.127055 0.982335 0.137387 -0.00632373 0.0316484 -0.134424 0.990418 -0.962262
0 170 133 0.993364 0.0863703 -0.0759479 0.370142 -0.0714897 0.980967 0.180534 -0.0173584 0.0900952 -0.173907 0.980632 -0.928813
0 171 161 0.993306 0.0435245 -0.106995 0.341814 -0.028302 0.989764 0.139879 0.161182 0.111988 -0.135915 0.984371 -0.925842
0 172 210 0.992895 0.0909 -0.0767848 0.137112 -0.0739531 0.976948 0.20026 -0.0157136 0.0932184 -0.193159 0.976729 -0.990431
1 2 945 0.999859 -3.86906e-06 -0.0167747 0.817636 2.43746e-06 1 -8.53635e-05 -0.166467 0.0167747 8.53106e-05 0.999859 0.551145
1 3 863 0.999647 -0.00702101 -0.0256389 0.971146 0.00700975 0.999975 -0.000529138 -0.060564 0.025642 0.000349229 0.999671 0.230666
1 4 790 0.9955 0.0250591 -0.0913898 0.963352 -0.0257032 0.999652 -0.00587776 -0.0117448 0.0912108 0.00820032 0.995798 0.267984
1 5 553 0.997138 0.035235 -0.0668914 0.972033 -0.0368249 0.999064 -0.0226857 0.0170688 0.0660295 0.0250841 0.997502 0.234224
1 6 374 0.985955 0.0610002 -0.155473 0.977678 -0.0576427 0.997998 0.0260171 -0.102293 0.156749 -0.0166898 0.987497 0.183526
1 7 236 0.984188 0.0519772 -0.169329 0.975348 -0.0541922 0.998494 -0.00848228 -0.124042 0.168633 0.0175245 0.985523 0.182509
1 8 65 0.980957 0.0287667 0.192082 0.209012 -0.0216239 0.998998 -0.0391798 0.124754 -0.193016 0.0342802 0.980597 -0.969923
1 9 54 0.981294 -0.0221128 0.191243 -0.0569981 0.0289852 0.999028 -0.0332127 -0.297883 -0.190323 0.0381346 0.980981 0.952899
1 10 38 0.983715 -0.0232427 0.178226 0.0595981 0.0206693 0.999654 0.0162825 0.301812 -0.178543 -0.0123335 0.983855 -0.951503
1 11 55 0.988229 -0.0137836 0.15236 0.0708958 0.00923385 0.999491 0.0305289 0.263707 -0.152704 -0.0287627 0.987853 -0.961994
1 12 32 0.98377 0.112365 0.139894 0.126328 -0.114512 0.993395 0.00736161 0.355444 -0.138143 -0.0232616 0.990139 -0.926121
1 13 0 1 0 0 0 0 1 0 0 0 0 1 0
1 14 0 1 0 0 0 0 1 0 0 0 0 1 0
1 15 0 1 0 0 0 0 1 0 0 0 0 1 0
1 16 0 1 0 0 0 0 1 0 0 0 0 1 0
1 17 0 1 0 0 0 0 1 0 0 0 0 1 0
1 18 0 1 0 0 0 0 1 0 0 0 0 1 0
1 19 0 1 0 0 0 0 1 0 0 0 0 1 0
1 20 0 1 0 0 0 0 1 0 0 0 0 1 0
1 21 0 1 0 0 0 0 1 0 0 0 0 1 0
1 22 0 1 0 0 0 0 1 0 0 0 0 1 0
1 23 0 1 0 0 0 0 1 0 0 0 0 1 0
1 24 0 1 0 0 0 0 1 0 0 0 0 1 0
1 25 0 1 0 0 0 0 1 0 0 0 0 1 0
1 26 0 1 0 0 0 0 1 0 0 0 0 1 0
1 27 0 1 0 0 0 0 1 0 0 0 0 1 0
1 28 0 1 0 0 0 0 1 0 0 0 0 1 0
1 29 0 1 0 0 0 0 1 0 0 0 0 1 0
1 30 0 1 0 0 0 0 1 0 0 0 0 1 0
1 31 0 1 0 0 0 0 1 0 0 0 0 1 0
1 32 0 1 0 0 0 0 1 0 0 0 0 1 0
1 33 0 1 0 0 0 0 1 0 0 0 0 1 0
1 34 0 1 0 0 0 0 1 0 0 0 0 1 0
1 35 0 1 0 0 0 0 1 0 0 0 0 1 0
1 36 0 1 0 0 0 0 1 0 0 0 0 1 0
1 37 0 1 0 0 0 0 1 0 0 0 0 1 0
1 38 0 1 0 0 0 0 1 0 0 0 0 1 0
1 39 0 1 0 0 0 0 1 0 0 0 0 1 0
1 40 0 1 0 0 0 0 1 0 0 0 0 1 0
1 41 0 1 0 0 0 0 1 0 0 0 0 1 0
1 42 0 1 0 0 0 0 1 0 0 0 0 1 0
1 43 0 1 0 0 0 0 1 0 0 0 0 1 0
1 44 0 1 0 0 0 0 1 0 0 0 0 1 0
1 45 0 1 0 0 0 0 1 0 0 0 0 1 0
1 46 0 1 0 0 0 0 1 0 0 0 0 1 0
1 47 0 1 0 0 0 0 1 0 0 0 0 1 0
1 48 0 1 0 0 0 0 1 0 0 0 0 1 0
1 49 0 1 0 0 0 0 1 0 0 0 0 1 0
1 50 0 1 0 0 0 0 1 0 0 0 0 1 0
1 51 0 1 0 0 0 0 1 0 0 0 0 1 0
1 52 0 1 0 0 0 0 1 0 0 0 0 1 0
1 53 0 1 0 0 0 0 1 0 0 0 0 1 0
1 54 0 1 0 0 0 0 1 0 0 0 0 1 0
1 55 0 1 0 0 0 0 1 0 0 0 0 1 0
1 56 0 1 0 0 0 0 1 0 0 0 0 1 0
1 57 0 1 0 0 0 0 1 0 0 0 0 1 0
1 58 0 1 0 0 0 0 1 0 0 0 0 1 0
1 59 0 1 0 0 0 0 1 0 0 0 0 1 0
1 60 0 1 0 0 0 0 1 0 0 0 0 1 0
1 61 0 1 0 0 0 0 1 0 0 0 0 1 0
1 62 0 1 0 0 0 0 1 0 0 0 0 1 0
1 63 0 1 0 0 0 0 1 0 0 0 0 1 0
1 64 0 1 0 0 0 0 1 0 0 0 0 1 0
1 65 0 1 0 0 0 0 1 0 0 0 0 1 0
1 66 0 1 0 0 0 0 1 0 0 0 0 1 0
1 67 0 1 0 0 0 0 1 0 0 0 0 1 0
1 68 0 1 0 0 0 0 1 0 0 0 0 1 0
1 69 0 1 0 0 0 0 1 0 0 0 0 1 0
1 70 0 1 0 0 0 0 1 0 0 0 0 1 0
1 71 0 1 0 0 0 0 1 0 0 0 0 1 0
1 72 0 1 0 0 0 0 1 0 0 0 0 1 0
1 73 0 1 0 0 0 0 1 0 0 0 0 1 0
1 74 0 1 0 0 0 0 1 0 0 0 0 1 0
1 75 0 1 0 0 0 0 1 0 0 0 0 1 0
1 76 0 1 0 0 0 0 1 0 0 0 0 1 0
1 77 0 1 0 0 0 0 1 0 0 0 0 1 0
1 78 0 1 0 0 0 0 1 0 0 0 0 1 0
1 79 0 1 0 0 0 0 1 0 0 0 0 1 0
1 80 0 1 0 0 0 0 1 0 0 0 0 1 0
1 81 0 1 0 0 0 0 1 0 0 0 0 1 0
1 82 0 1 0 0 0 0 1 0 0 0 0 1 0
1 83 0 1 0 0 0 0 1 0 0 0 0 1 0
1 84 0 1 0 0 0 0 1 0 0 0 0 1 0
1 85 0 1 0 0 0 0 1 0 0 0 0 1 0
1 86 0 1 0 0 0 0 1 0 0 0 0 1 0
1 87 0 1 0 0 0 0 1 0 0 0 0 1 0
1 88 0 1 0 0 0 0 1 0 0 0 0 1 0
1 89 0 1 0 0 0 0 1 0 0 0 0 1 0
1 90 0 1 0 0 0 0 1 0 0 0 0 1 0
1 91 0 1 0 0 0 0 1 0 0 0 0 1 0
1 92 0 1 0 0 0 0 1 0 0 0 0 1 0
1 93 0 1 0 0 0 0 1 0 0 0 0 1 0
1 94 0 1 0 0 0 0 1 0 0 0 0 1 0
1 95 0 1 0 0 0 0 1 0 0 0 0 1 0
1 96 0 1 0 0 0 0 1 0 0 0 0 1 0
1 97 0 1 0 0 0 0 1 0 0 0 0 1 0
1 98 0 1 0 0 0 0 1 0 0 0 0 1 0
1 99 0 1 0 0 0 0 1 0 0 0 0 1 0
1 100 0 1 0 0 0 0 1 0 0 0 0 1 0
1 101 0 1 0 0 0 0 1 0 0 0 0 1 0
1 102 0 1 0 0 0 0 1 0 0 0 0 1 0
1 103 0 1 0 0 0 0 1 0 0 0 0 1 0
1 104 0 1 0 0 0 0 1 0 0 0 0 1 0
1 105 0 1 0 0 0 0 1 0 0 0 0 1 0
1 106 0 1 0 0 0 0 1 0 0 0 0 1 0
1 107 0 1 0 0 0 0 1 0 0 0 0 1 0
1 108 0 1 0 0 0 0 1 0 0 0 0 1 0
1 109 0 1 0 0 0 0 1 0 0 0 0 1 0
1 110 0 1 0 0 0 0 1 0 0 0 0 1 0
1 111 0 1 0 0 0 0 1 0 0 0 0 1 0
1 112 0 1 0 0 0 0 1 0 0 0 0 1 0
1 113 0 1 0 0 0 0 1 0 0 0 0 1 0
1 114 0 1 0 0 0 0 1 0 0 0 0 1 0
1 115 0 1 0 0 0 0 1 0 0 0 0 1 0
1 116 0 1 0 0 0 0 1 0 0 0 0 1 0
1 117 0 1 0 0 0 0 1 0 0 0 0 1 0
1 118 0 1 0 0 0 0 1 0 0 0 0 1 0
1 119 0 1 0 0 0 0 1 0 0 0 0 1 0
1 120 0 1 0 0 0 0 1 0 0 0 0 1 0
1 121 0 1 0 0 0 0 1 0 0 0 0 1 0
1 122 0 1 0 0 0 0 1 0 0 0 0 1 0
1 123 0 1 0 0 0 0 1 0 0 0 0 1 0
1 124 0 1 0 0 0 0 1 0 0 0 0 1 0
1 125 0 1 0 0 0 0 1 0 0 0 0 1 0
1 126 0 1 0 0 0 0 1 0 0 0 0 1 0
1 127 0 1 0 0 0 0 1 0 0 0 0 1 0
1 128 0 1 0 0 0 0 1 0 0 0 0 1 0
1 129 0 1 0 0 0 0 1 0 0 0 0 1 0
1 130 0 1 0 0 0 0 1 0 0 0 0 1 0
1 131 0 1 0 0 0 0 1 0 0 0 0 1 0
1 132 0 1 0 0 0 0 1 0 0 0 0 1 0
1 133 0 1 0 0 0 0 1 0 0 0 0 1 0
1 134 0 1 0 0 0 0 1 0 0 0 0 1 0
1 135 0 1 0 0 0 0 1 0 0 0 0 1 0
1 136 0 1 0 0 0 0 1 0 0 0 0 1 0
1 137 0 1 0 0 0 0 1 0 0 0 0 1 0
1 138 0 1 0 0 0 0 1 0 0 0 0 1 0
1 139 22 0.891035 0.000651084 0.453934 -0.428836 -0.0984282 0.976485 0.191806 -0.143335 -0.443134 -0.215586 0.870146 -0.891939
1 140 31 0.931047 -0.068761 0.358363 -0.123523 -0.0105641 0.976594 0.21483 -0.0830911 -0.364747 -0.203803 0.908528 -0.988857
1 141 23 0.942828 -0.151429 0.296892 0.0392722 0.11913 0.985089 0.124124 0.14171 -0.311261 -0.0816583 0.94681 -0.989129
1 142 32 0.867855 -0.107823 0.484975 -0.145047 -0.17236 -0.980881 0.090359 -0.196467 0.46596 -0.162009 -0.869847 0.969723
1 143 0 1 0 0 0 0 1 0 0 0 0 1 0
1 144 0 1 0 0 0 0 1 0 0 0 0 1 0
1 145 51 0.988486 0.051843 -0.142156 0.389903 -0.0374813 0.994088 0.101907 0.0282814 0.146599 -0.0954054 0.984584 -0.920422
1 146 112 0.98438 0.0747837 -0.159384 0.465971 -0.0735099 0.997198 0.0138812 0.235798 0.159975 -0.00194808 0.987119 -0.852801
1 147 141 0.972761 0.1658 -0.16201 0.413813 -0.146455 0.981302 0.124891 -0.0282426 0.179688 -0.097762 0.978854 -0.909924
1 148 137 0.949229 0.213581 -0.230971 0.744148 -0.185055 0.972838 0.139068 -0.143523 0.254399 -0.0892653 0.962971 -0.652415
1 149 99 0.938616 0.240986 -0.24683 0.718579 -0.219602 0.969231 0.111206 -0.0306814 0.266035 -0.0501754 0.962657 -0.694768
1 150 21 0.935496 0.295398 -0.193876 0.718812 -0.287448 0.955337 0.0685883 -0.0421151 0.205478 -0.00843476 0.978625 -0.693927
1 151 37 0.978223 0.196467 0.0669419 -0.126414 -0.194301 0.980224 -0.0375238 -0.139353 -0.0729902 0.0236998 0.997051 0.982141
1 152 23 0.980157 0.169421 0.102906 0.113002 -0.160016 0.982657 -0.0937007 0.230619 -0.116996 0.0753748 0.990268 -0.96646
1 153 0 1 0 0 0 0 1 0 0 0 0 1 0
1 154 0 1 0 0 0 0 1 0 0 0 0 1 0
1 155 0 1 0 0 0 0 1 0 0 0 0 1 0
1 156 0 1 0 0 0 0 1 0 0 0 0 1 0
1 157 0 1 0 0 0 0 1 0 0 0 0 1 0
1 158 0 1 0 0 0 0 1 0 0 0 0 1 0
1 159 0 1 0 0 0 0 1 0 0 0 0 1 0
1 160 0 1 0 0 0 0 1 0 0 0 0 1 0
1 161 0 1 0 0 0 0 1 0 0 0 0 1 0
1 162 0 1 0 0 0 0 1 0 0 0 0 1 0
1 163 13 0.0735991 0.99343 0.0876373 -0.0241381 -0.972948 0.090821 -0.212423 -0.132628 -0.218987 -0.0696324 0.97324 0.990872
1 164 35 0.983982 -0.151052 0.0946752 0.0556191 0.156783 0.986027 -0.0563074 0.581812 -0.0848469 0.0702489 0.993915 -0.811419
1 165 54 0.937672 0.243351 -0.248096 0.907524 -0.204049 0.963411 0.173789 -0.155943 0.281311 -0.112334 0.953019 -0.389976
1 166 0 1 0 0 0 0 1 0 0 0 0 1 0
1 167 42 0.978967 0.198905 -0.045403 0.304902 -0.190549 0.970922 0.144917 0.0069003 0.0729076 -0.133218 0.988401 -0.952359
1 168 39 0.985552 0.164604 0.0399195 -0.436363 -0.168771 0.974264 0.149419 0.168675 -0.014297 -0.153998 0.987968 -0.883819
1 169 149 0.993631 0.111555 -0.0159146 0.266657 -0.108802 0.986535 0.122112 0.0330718 0.0293225 -0.119603 0.992389 -0.963224
1 170 144 0.980058 0.0910598 -0.176618 0.626289 -0.0634881 0.985727 0.155919 0.045083 0.188296 -0.141596 0.971851 -0.778286
1 171 159 0.996077 0.0253831 -0.0847679 0.265458 -0.0136376 0.990565 0.136367 0.156473 0.0874295 -0.134676 0.987025 -0.95134
1 172 194 0.982473 0.0911205 -0.162613 0.399882 -0.0628696 0.983243 0.171117 0.0683882 0.17548 -0.157895 0.971739 -0.914012
2 3 902 0.999927 -0.00954738 -0.00743683 0.981038 0.00958274 0.999943 0.00473294 -0.175021 0.00739122 -0.00480386 0.999961 -0.0832576
2 4 875 0.996891 0.0275624 -0.0738152 0.978066 -0.0267326 0.999568 0.0122056 -0.206537 0.0741197 -0.0101944 0.997197 0.0270183
2 5 598 0.994769 0.0453361 -0.0915392 0.99522 -0.0461353 0.998913 -0.00663181 -0.0601525 0.0911391 0.0108203 0.995779 0.0769285
2 6 449 0.993482 0.0455938 -0.104478 0.993065 -0.044611 0.998936 0.0117254 -0.0276497 0.104901 -0.00698811 0.994458 0.114268
2 7 259 0.991493 0.0418738 -0.123237 0.979946 -0.04509 0.998708 -0.0234247 -0.07891 0.122097 0.0287823 0.992101 0.182974
2 8 144 0.991116 0.0574461 -0.119952 0.99769 -0.0600227 0.998035 -0.0179762 -0.0634069 0.118684 0.0250163 0.992617 -0.0243804
2 9 110 0.97016 0.112508 -0.214781 0.98934 -0.113843 0.99348 0.00618446 -0.0638002 0.214076 0.0184513 0.976643 -0.130906
2 10 46 0.988899 0.0830929 0.123185 0.842319 -0.0867598 0.995923 0.024699 0.051514 -0.12063 -0.0351123 0.992076 -0.536511
2 11 25 0.987439 0.022815 0.156342 0.0298464 -0.037223 0.995259 0.0898586 0.0177758 -0.15355 -0.0945495 0.983607 -0.999396
2 12 0 1 0 0 0 0 1 0 0 0 0 1 0
2 13 24 0.995149 0.0971737 0.0153664 -0.300657 -0.0969671 0.995194 -0.0136632 0.250841 -0.0166202 0.0121069 0.999789 -0.920154
2 14 0 1 0 0 0 0 1 0 0 0 0 1 0
2 15 0 1 0 0 0 0 1 0 0 0 0 1 0
2 16 0 1 0 0 0 0 1 0 0 0 0 1 0
2 17 0 1 0 0 0 0 1 0 0 0 0 1 0
2 18 0 1 0 0 0 0 1 0 0 0 0 1 0
2 19 0 1 0 0 0 0 1 0 0 0 0 1 0
2 20 0 1 0 0 0 0 1 0 0 0 0 1 0
2 21 0 1 0 0 0 0 1 0 0 0 0 1 0
2 22 0 1 0 0 0 0 1 0 0 0 0 1 0
2 23 0 1 0 0 0 0 1 0 0 0 0 1 0
2 24 0 1 0 0 0 0 1 0 0 0 0 1 0
2 25 0 1 0 0 0 0 1 0 0 0 0 1 0
2 26 0 1 0 0 0 0 1 0 0 0 0 1 0
2 27 0 1 0 0 0 0 1 0 0 0 0 1 0
2 28 0 1 0 0 0 0 1 0 0 0 0 1 0
2 29 0 1 0 0 0 0 1 0 0 0 0 1 0
2 30 0 1 0 0 0 0 1 0 0 0 0 1 0
2 31 0 1 0 0 0 0 1 0 0 0 0 1 0
2 32 0 1 0 0 0 0 1 0 0 0 0 1 0
2 33 0 1 0 0 0 0 1 0 0 0 0 1 0
2 34 0 1 0 0 0 0 1 0 0 0 0 1 0
2 35 0 1 0 0 0 0 1 0 0 0 0 1 0
2 36 0 1 0 0 0 0 1 0 0 0 0 1 0
2 37 0 1 0 0 0 0 1 0 0 0 0 1 0
2 38 0 1 0 0 0 0 1 0 0 0 0 1 0
2 39 0 1 0 0 0 0 1 0 0 0 0 1 0
2 40 0 1 0 0 0 0 1 0 0 0 0 1 0
2 41 0 1 0 0 0 0 1 0 0 0 0 1 0
2 42 0 1 0 0 0 0 1 0 0 0 0 1 0
2 43 0 1 0 0 0 0 1 0 0 0 0 1 0
2 44 0 1 0 0 0 0 1 0 0 0 0 1 0
2 45 0 1 0 0 0 0 1 0 0 0 0 1 0
2 46 0 1 0 0 0 0 1 0 0 0 0 1 0
2 47 0 1 0 0 0 0 1 0 0 0 0 1 0
2 48 0 1 0 0 0 0 1 0 0 0 0 1 0
2 49 0 1 0 0 0 0 1 0 0 0 0 1 0
2 50 0 1 0 0 0 0 1 0 0 0 0 1 0
2 51 0 1 0 0 0 0 1 0 0 0 0 1 0
2 52 0 1 0 0 0 0 1 0 0 0 0 1 0
2 53 0 1 0 0 0 0 1 0 0 0 0 1 0
2 54 0 1 0 0 0 0 1 0 0 0 0 1 0
2 55 0 1 0 0 0 0 1 0 0 0 0 1 0
2 56 0 1 0 0 0 0 1 0 0 0 0 1 0
2 57 0 1 0 0 0 0 1 0 0 0 0 1 0
2 58 0 1 0 0 0 0 1 0 0 0 0 1 0
2 59 0 1 0 0 0 0 1 0 0 0 0 1 0
2 60 0 1 0 0 0 0 1 0 0 0 0 1 0
2 61 0 1 0 0 0 0 1 0 0 0 0 1 0
2 62 0 1 0 0 0 0 1 0 0 0 0 1 0
2 63 0 1 0 0 0 0 1 0 0 0 0 1 0
2 64 0 1 0 0 0 0 1 0 0 0 0 1 0
2 65 0 1 0 0 0 0 1 0 0 0 0 1 0
2 66 0 1 0 0 0 0 1 0 0 0 0 1 0
2 67 0 1 0 0 0 0 1 0 0 0 0 1 0
2 68 0 1 0 0 0 0 1 0 0 0 0 1 0
2 69 0 1 0 0 0 0 1 0 0 0 0 1 0
2 70 0 1 0 0 0 0 1 0 0 0 0 1 0
2 71 0 1 0 0 0 0 1 0 0 0 0 1 0
2 72 0 1 0 0 0 0 1 0 0 0 0 1 0
2 73 0 1 0 0 0 0 1 0 0 0 0 1 0
2 74 0 1 0 0 0 0 1 0 0 0 0 1 0
2 75 0 1 0 0 0 0 1 0 0 0 0 1 0
2 76 0 1 0 0 0 0 1 0 0 0 0 1 0
2 77 0 1 0 0 0 0 1 0 0 0 0 1 0
2 78 0 1 0 0 0 0 1 0 0 0 0 1 0
2 79 0 1 0 0 0 0 1 0 0 0 0 1 0
2 80 0 1 0 0 0 0 1 0 0 0 0 1 0
2 81 0 1 0 0 0 0 1 0 0 0 0 1 0
2 82 0 1 0 0 0 0 1 0 0 0 0 1 0
2 83 0 1 0 0 0 0 1 0 0 0 0 1 0
2 84 0 1 0 0 0 0 1 0 0 0 0 1 0
2 85 0 1 0 0 0 0 1 0 0 0 0 1 0
2 86 0 1 0 0 0 0 1 0 0 0 0 1 0
2 87 0 1 0 0 0 0 1 0 0 0 0 1 0
2 88 0 1 0 0 0 0 1 0 0 0 0 1 0
2 89 0 1 0 0 0 0 1 0 0 0 0 1 0
2 90 0 1 0 0 0 0 1 0 0 0 0 1 0
2 91 0 1 0 0 0 0 1 0 0 0 0 1 0
2 92 0 1 0 0 0 0 1 0 0 0 0 1 0
2 93 0 1 0 0 0 0 1 0 0 0 0 1 0
2 94 0 1 0 0 0 0 1 0 0 0 0 1 0
2 95 0 1 0 0 0 0 1 0 0 0 0 1 0
2 96 0 1 0 0 0 0 1 0 0 0 0 1 0
2 97 0 1 0 0 0 0 1 0 0 0 0 1 0
2 98 0 1 0 0 0 0 1 0 0 0 0 1 0
2 99 0 1 0 0 0 0 1 0 0 0 0 1 0
2 100 0 1 0 0 0 0 1 0 0 0 0 1 0
2 101 0 1 0 0 0 0 1 0 0 0 0 1 0
2 102 0 1 0 0 0 0 1 0 0 0 0 1 0
2 103 0 1 0 0 0 0 1 0 0 0 0 1 0
2 104 0 1 0 0 0 0 1 0 0 0 0 1 0
2 105 0 1 0 0 0 0 1 0 0 0 0 1 0
2 106 0 1 0 0 0 0 1 0 0 0 0 1 0
2 107 0 1 0 0 0 0 1 0 0 0 0 1 0
2 108 0 1 0 0 0 0 1 0 0 0 0 1 0
2 109 0 1 0 0 0 0 1 0 0 0 0 1 0
2 110 0 1 0 0 0 0 1 0 0 0 0 1 0
2 111 0 1 0 0 0 0 1 0 0 0 0 1 0
2 112 0 1 0 0 0 0 1 0 0 0 0 1 0
2 113 0 1 0 0 0 0 1 0 0 0 0 1 0
2 114 0 1 0 0 0 0 1 0 0 0 0 1 0
2 115 0 1 0 0 0 0 1 0 0 0 0 1 0
2 116 0 1 0 0 0 0 1 0 0 0 0 1 0
2 117 0 1 0 0 0 0 1 0 0 0 0 1 0
2 118 0 1 0 0 0 0 1 0 0 0 0 1 0
2 119 0 1 0 0 0 0 1 0 0 0 0 1 0
2 120 0 1 0 0 0 0 1 0 0 0 0 1 0
2 121 0 1 0 0 0 0 1 0 0 0 0 1 0
2 122 0 1 0 0 0 0 1 0 0 0 0 1 0
2 123 0 1 0 0 0 0 1 0 0 0 0 1 0
2 124 0 1 0 0 0 0 1 0 0 0 0 1 0
2 125 0 1 0 0 0 0 1 0 0 0 0 1 0
2 126 0 1 0 0 0 0 1 0 0 0 0 1 0
2 127 0 1 0 0 0 0 1 0 0 0 0 1 0
2 128 0 1 0 0 0 0 1 0 0 0 0 1 0
2 129 0 1 0 0 0 0 1 0 0 0 0 1 0
2 130 0 1 0 0 0 0 1 0 0 0 0 1 0
2 131 0 1 0 0 0 0 1 0 0 0 0 1 0
2 132 0 1 0 0 0 0 1 0 0 0 0 1 0
2 133 0 1 0 0 0 0 1 0 0 0 0 1 0
2 134 0 1 0 0 0 0 1 0 0 0 0 1 0
2 135 0 1 0 0 0 0 1 0 0 0 0 1 0
2 136 0 1 0 0 0 0 1 0 0 0 0 1 0
2 137 0 1 0 0 0 0 1 0 0 0 0 1 0
2 138 0 1 0 0 0 0 1 0 0 0 0 1 0
2 139 0 1 0 0 0 0 1 0 0 0 0 1 0
2 140 0 1 0 0 0 0 1 0 0 0 0 1 0
2 141 0 1 0 0 0 0 1 0 0 0 0 1 0
2 142 26 0.756602 -0.30856 0.576493 -0.274999 0.415942 -0.453162 -0.788439 0.450907 0.504525 0.836322 -0.214521 0.849152
2 143 0 1 0 0 0 0 1 0 0 0 0 1 0
2 144 0 1 0 0 0 0 1 0 0 0 0 1 0
2 145 87 0.993449 0.0329293 -0.109431 0.27521 -0.0271528 0.998179 0.0538642 0.164594 0.111005 -0.05054 0.992534 -0.94719
2 146 133 0.990434 0.0730874 -0.117045 0.322331 -0.0664831 0.996019 0.0593741 0.0984043 0.120919 -0.0510246 0.99135 -0.941499
2 147 140 0.975263 0.155952 -0.156659 0.370988 -0.140259 0.984345 0.106737 0.051616 0.170852 -0.0821234 0.981868 -0.927202
2 148 167 0.928672 0.217435 -0.300483 0.822883 -0.175338 0.971267 0.160926 -0.182162 0.32684 -0.0967617 0.940113 -0.538219
2 149 126 0.955758 0.217134 -0.198441 0.5001 -0.201376 0.974733 0.0966557 0.0500487 0.214415 -0.0524182 0.975335 -0.86452
2 150 0 1 0 0 0 0 1 0 0 0 0 1 0
2 151 16 0.967642 0.247966 0.0467039 -0.318436 -0.247604 0.968768 -0.0134586 0.264199 -0.0485825 0.00145901 0.998818 -0.910383
2 152 21 0.99991 0.00351649 -0.0129549 -0.125142 -0.00553266 0.987255 -0.15905 -0.166294 0.0122305 0.159108 0.987185 0.978103
2 153 0 1 0 0 0 0 1 0 0 0 0 1 0
2 154 0 1 0 0 0 0 1 0 0 0 0 1 0
2 155 0 1 0 0 0 0 1 0 0 0 0 1 0
2 156 0 1 0 0 0 0 1 0 0 0 0 1 0
2 157 0 1 0 0 0 0 1 0 0 0 0 1 0
2 158 0 1 0 0 0 0 1 0 0 0 0 1 0
2 159 0 1 0 0 0 0 1 0 0 0 0 1 0
2 160 0 1 0 0 0 0 1 0 0 0 0 1 0
2 161 0 1 0 0 0 0 1 0 0 0 0 1 0
2 162 14 0.963629 0.267212 0.00420657 0.080122 -0.264802 0.952578 0.149916 -0.0628677 0.0360521 -0.145577 0.98869 -0.994801
2 163 0 1 0 0 0 0 1 0 0 0 0 1 0
2 164 25 0.978333 0.18722 0.0883964 -0.183677 -0.194436 0.977516 0.0815931 -0.0459106 -0.071133 -0.0970126 0.992738 0.981914
2 165 26 0.98512 0.1593 0.0645139 -0.273684 -0.16525 0.981084 0.100827 0.109628 -0.0472319 -0.109987 0.99281 -0.955552
2 166 0 1 0 0 0 0 1 0 0 0 0 1 0
2 167 31 0.977439 0.210579 0.0163908 -0.0387702 -0.210631 0.966021 0.149795 -0.0271447 0.0157098 -0.149868 0.988581 -0.998879
2 168 78 0.875564 0.24687 -0.415261 0.923581 -0.180143 0.964417 0.193515 -0.0408728 0.448258 -0.0946286 0.888881 -0.381218
2 169 113 0.963204 0.158035 -0.217399 0.743118 -0.130702 0.982199 0.134912 0.00635924 0.23485 -0.101534 0.966714 -0.669131
2 170 119 0.995433 0.0759033 -0.057897 0.282512 -0.0644603 0.981767 0.178825 -0.0195309 0.0704148 -0.174276 0.982176 -0.959065
2 171 157 0.99045 0.0516627 -0.127827 0.373374 -0.0305944 0.986382 0.161601 0.0814283 0.134435 -0.156147 0.978542 -0.9241
2 172 179 0.992444 0.0735786 -0.0981868 0.169496 -0.0554166 0.98277 0.176328 0.0537751 0.109469 -0.169554 0.979422 -0.984063
3 4 944 0.997432 0.0318595 -0.0641451 0.936972 -0.032811 0.999366 -0.0138349 0.339539 0.0636636 0.0159041 0.997845 0.082441
3 5 635 0.994316 0.0504824 -0.0937396 0.995497 -0.0523831 0.998466 -0.0179266 0.0364735 0.0926909 0.022735 0.995435 0.0874948
3 6 463 0.99184 0.0619698 -0.111418 0.992678 -0.0607284 0.998049 0.0145047 -0.0447646 0.112099 -0.00762008 0.993668 0.112192
3 7 274 0.993232 0.0566821 -0.101378 0.979876 -0.0583811 0.998198 -0.0138685 -0.131242 0.100409 0.0196932 0.994751 0.150396
3 8 183 0.976907 0.0809777 -0.197726 0.994669 -0.0824764 0.996593 0.000657868 -0.0953232 0.197106 0.015665 0.980257 -0.0393241
3 9 107 0.982636 0.102616 -0.154586 0.984229 -0.104541 0.994511 -0.00435489 -0.0591638 0.153291 0.0204399 0.98797 -0.166713
3 10 33 0.985273 0.0829054 0.149542 -0.326342 -0.0875422 0.995855 0.0246836 -0.156727 -0.146876 -0.0374114 0.988447 0.932168
3 11 17 0.989852 0.103643 -0.0972199 0.0284546 -0.0929775 0.989741 0.108477 -0.0199279 0.107465 -0.098337 0.989334 0.999396
3 12 0 1 0 0 0 0 1 0 0 0 0 1 0
3 13 17 0.993052 0.117674 -0.000366285 -0.287107 -0.117675 0.993048 -0.00289182 0.215521 2.34464e-05 0.00291483 0.999996 -0.933338
3 14 0 1 0 0 0 0 1 0 0 0 0 1 0
3 15 0 1 0 0 0 0 1 0 0 0 0 1 0
3 16 0 1 0 0 0 0 1 0 0 0 0 1 0
3 17 0 1 0 0 0 0 1 0 0 0 0 1 0
3 18 0 1 0 0 0 0 1 0 0 0 0 1 0
3 19 0 1 0 0 0 0 1 0 0 0 0 1 0
3 20 0 1 0 0 0 0 1 0 0 0 0 1 0
3 21 0 1 0 0 0 0 1 0 0 0 0 1 0
3 22 0 1 0 0 0 0 1 0 0 0 0 1 0
3 23 0 1 0 0 0 0 1 0 0 0 0 1 0
3 24 0 1 0 0 0 0 1 0 0 0 0 1 0
3 25 0 1 0 0 0 0 1 0 0 0 0 1 0
3 26 0 1 0 0 0 0 1 0 0 0 0 1 0
3 27 0 1 0 0 0 0 1 0 0 0 0 1 0
3 28 0 1 0 0 0 0 1 0 0 0 0 1 0
3 29 0 1 0 0 0 0 1 0 0 0 0 1 0
3 30 0 1 0 0 0 0 1 0 0 0 0 1 0
3 31 0 1 0 0 0 0 1 0 0 0 0 1 0
3 32 0 1 0 0 0 0 1 0 0 0 0 1 0
3 33 0 1 0 0 0 0 1 0 0 0 0 1 0
3 34 0 1 0 0 0 0 1 0 0 0 0 1 0
3 35 0 1 0 0 0 0 1 0 0 0 0 1 0
3 36 0 1 0 0 0 0 1 0 0 0 0 1 0
3 37 0 1 0 0 0 0 1 0 0 0 0 1 0
3 38 0 1 0 0 0 0 1 0 0 0 0 1 0
3 39 0 1 0 0 0 0 1 0 0 0 0 1 0
3 40 0 1 0 0 0 0 1 0 0 0 0 1 0
3 41 0 1 0 0 0 0 1 0 0 0 0 1 0
3 42 0 1 0 0 0 0 1 0 0 0 0 1 0
3 43 0 1 0 0 0 0 1 0 0 0 0 1 0
3 44 0 1 0 0 0 0 1 0 0 0 0 1 0
3 45 0 1 0 0 0 0 1 0 0 0 0 1 0
3 46 0 1 0 0 0 0 1 0 0 0 0 1 0
3 47 0 1 0 0 0 0 1 0 0 0 0 1 0
3 48 0 1 0 0 0 0 1 0 0 0 0 1 0
3 49 0 1 0 0 0 0 1 0 0 0 0 1 0
3 50 0 1 0 0 0 0 1 0 0 0 0 1 0
3 51 0 1 0 0 0 0 1 0 0 0 0 1 0
3 52 0 1 0 0 0 0 1 0 0 0 0 1 0
3 53 0 1 0 0 0 0 1 0 0 0 0 1 0
3 54 0 1 0 0 0 0 1 0 0 0 0 1 0
3 55 0 1 0 0 0 0 1 0 0 0 0 1 0
3 56 0 1 0 0 0 0 1 0 0 0 0 1 0
3 57 0 1 0 0 0 0 1 0 0 0 0 1 0
3 58 0 1 0 0 0 0 1 0 0 0 0 1 0
3 59 0 1 0 0 0 0 1 0 0 0 0 1 0
3 60 0 1 0 0 0 0 1 0 0 0 0 1 0
3 61 0 1 0 0 0 0 1 0 0 0 0 1 0
3 62 0 1 0 0 0 0 1 0 0 0 0 1 0
3 63 0 1 0 0 0 0 1 0 0 0 0 1 0
3 64 0 1 0 0 0 0 1 0 0 0 0 1 0
3 65 0 1 0 0 0 0 1 0 0 0 0 1 0
3 66 0 1 0 0 0 0 1 0 0 0 0 1 0
3 67 0 1 0 0 0 0 1 0 0 0 0 1 0
3 68 0 1 0 0 0 0 1 0 0 0 0 1 0
3 69 0 1 0 0 0 0 1 0 0 0 0 1 0
3 70 0 1 0 0 0 0 1 0 0 0 0 1 0
3 71 0 1 0 0 0 0 1 0 0 0 0 1 0
3 72 0 1 0 0 0 0 1 0 0 0 0 1 0
3 73 0 1 0 0 0 0 1 0 0 0 0 1 0
3 74 0 1 0 0 0 0 1 0 0 0 0 1 0
3 75 0 1 0 0 0 0 1 0 0 0 0 1 0
3 76 0 1 0 0 0 0 1 0 0 0 0 1 0
3 77 0 1 0 0 0 0 1 0 0 0 0 1 0
3 78 0 1 0 0 0 0 1 0 0 0 0 1 0
3 79 0 1 0 0 0 0 1 0 0 0 0 1 0
3 80 0 1 0 0 0 0 1 0 0 0 0 1 0
3 81 0 1 0 0 0 0 1 0 0 0 0 1 0
3 82 0 1 0 0 0 0 1 0 0 0 0 1 0
3 83 0 1 0 0 0 0 1 0 0 0 0 1 0
3 84 0 1 0 0 0 0 1 0 0 0 0 1 0
3 85 0 1 0 0 0 0 1 0 0 0 0 1 0
3 86 0 1 0 0 0 0 1 0 0 0 0 1 0
3 87 0 1 0 0 0 0 1 0 0 0 0 1 0
3 88 0 1 0 0 0 0 1 0 0 0 0 1 0
3 89 0 1 0 0 0 0 1 0 0 0 0 1 0
3 90 0 1 0 0 0 0 1 0 0 0 0 1 0
3 91 0 1 0 0 0 0 1 0 0 0 0 1 0
3 92 0 1 0 0 0 0 1 0 0 0 0 1 0
3 93 0 1 0 0 0 0 1 0 0 0 0 1 0
3 94 0 1 0 0 0 0 1 0 0 0 0 1 0
3 95 0 1 0 0 0 0 1 0 0 0 0 1 0
3 96 0 1 0 0 0 0 1 0 0 0 0 1 0
3 97 0 1 0 0 0 0 1 0 0 0 0 1 0
3 98 0 1 0 0 0 0 1 0 0 0 0 1 0
3 99 0 1 0 0 0 0 1 0 0 0 0 1 0
3 100 0 1 0 0 0 0 1 0 0 0 0 1 0
3 101 0 1 0 0 0 0 1 0 0 0 0 1 0
3 102 0 1 0 0 0 0 1 0 0 0 0 1 0
3 103 0 1 0 0 0 0 1 0 0 0 0 1 0
3 104 0 1 0 0 0 0 1 0 0 0 0 1 0
3 105 0 1 0 0 0 0 1 0 0 0 0 1 0
3 106 0 1 0 0 0 0 1 0 0 0 0 1 0
3 107 0 1 0 0 0 0 1 0 0 0 0 1 0
3 108 0 1 0 0 0 0 1 0 0 0 0 1 0
3 109 0 1 0 0 0 0 1 0 0 0 0 1 0
3 110 0 1 0 0 0 0 1 0 0 0 0 1 0
3 111 0 1 0 0 0 0 1 0 0 0 0 1 0
3 112 0 1 0 0 0 0 1 0 0 0 0 1 0
3 113 0 1 0 0 0 0 1 0 0 0 0 1 0
3 114 0 1 0 0 0 0 1 0 0 0 0 1 0
3 115 0 1 0 0 0 0 1 0 0 0 0 1 0
3 116 0 1 0 0 0 0 1 0 0 0 0 1 0
3 117 0 1 0 0 0 0 1 0 0 0 0 1 0
3 118 0 1 0 0 0 0 1 0 0 0 0 1 0
3 119 0 1 0 0 0 0 1 0 0 0 0 1 0
3 120 0 1 0 0 0 0 1 0 0 0 0 1 0
3 121 0 1 0 0 0 0 1 0 0 0 0 1 0
3 122 0 1 0 0 0 0 1 0 0 0 0 1 0
3 123 0 1 0 0 0 0 1 0 0 0 0 1 0
3 124 0 1 0 0 0 0 1 0 0 0 0 1 0
3 125 0 1 0 0 0 0 1 0 0 0 0 1 0
3 126 0 1 0 0 0 0 1 0 0 0 0 1 0
3 127 0 1 0 0 0 0 1 0 0 0 0 1 0
3 128 0 1 0 0 0 0 1 0 0 0 0 1 0
3 129 0 1 0 0 0 0 1 0 0 0 0 1 0
3 130 0 1 0 0 0 0 1 0 0 0 0 1 0
3 131 0 1 0 0 0 0 1 0 0 0 0 1 0
3 132 0 1 0 0 0 0 1 0 0 0 0 1 0
3 133 0 1 0 0 0 0 1 0 0 0 0 1 0
3 134 0 1 0 0 0 0 1 0 0 0 0 1 0
3 135 0 1 0 0 0 0 1 0 0 0 0 1 0
3 136 0 1 0 0 0 0 1 0 0 0 0 1 0
3 137 0 1 0 0 0 0 1 0 0 0 0 1 0
3 138 0 1 0 0 0 0 1 0 0 0 0 1 0
3 139 11 0.841406 -0.371979 0.392005 -0.359876 0.192414 0.884071 0.425906 -0.317526 -0.504988 -0.282932 0.815436 -0.877306
3 140 20 0.946968 0.193995 0.256159 0.0727789 -0.188321 0.980995 -0.0467424 0.302419 -0.260358 -0.00397658 0.965504 -0.950393
3 141 0 1 0 0 0 0 1 0 0 0 0 1 0
3 142 0 1 0 0 0 0 1 0 0 0 0 1 0
3 143 0 1 0 0 0 0 1 0 0 0 0 1 0
3 144 0 1 0 0 0 0 1 0 0 0 0 1 0
3 145 71 0.996983 0.0550081 -0.0547627 0.0860131 -0.0517147 0.996867 0.059841 0.176416 0.0578829 -0.0568284 0.996705 -0.98055
3 146 111 0.99014 0.0990619 -0.099044 0.228756 -0.093871 0.994021 0.055775 0.132769 0.103977 -0.0459277 0.993519 -0.964387
3 147 149 0.960728 0.185987 -0.205941 0.472212 -0.168989 0.980792 0.097414 0.109343 0.220103 -0.0587865 0.973704 -0.874677
3 148 189 0.932705 0.216937 -0.288096 0.761163 -0.184998 0.97354 0.13415 -0.0664595 0.309575 -0.0718258 0.948158 -0.645146
3 149 101 0.934506 0.259948 -0.243158 0.621633 -0.233986 0.963417 0.130687 -0.107473 0.268234 -0.0652319 0.961143 -0.775901
3 150 45 0.965184 0.255721 -0.0550214 0.0280403 -0.253944 0.9665 0.0372851 0.0836579 0.0627127 -0.0220146 0.997789 -0.9961
3 151 30 0.965135 0.258374 0.0419226 -0.151188 -0.258123 0.966045 -0.011396 -0.0584089 -0.0434436 0.000177448 0.999056 0.986778
3 152 0 1 0 0 0 0 1 0 0 0 0 1 0
3 153 0 1 0 0 0 0 1 0 0 0 0 1 0
3 154 0 1 0 0 0 0 1 0 0 0 0 1 0
3 155 0 1 0 0 0 0 1 0 0 0 0 1 0
3 156 0 1 0 0 0 0 1 0 0 0 0 1 0
3 157 0 1 0 0 0 0 1 0 0 0 0 1 0
3 158 26 0.976191 0.206275 -0.0670965 0.14718 -0.202093 0.977264 0.0641413 0.00725166 0.0788017 -0.0490544 0.995683 0.989083
3 159 0 1 0 0 0 0 1 0 0 0 0 1 0
3 160 23 0.765989 0.624963 -0.150605 0.118307 0.229611 -0.484801 -0.843947 0.290415 -0.600449 0.611874 -0.514851 0.949559
3 161 0 1 0 0 0 0 1 0 0 0 0 1 0
3 162 0 1 0 0 0 0 1 0 0 0 0 1 0
3 163 0 1 0 0 0 0 1 0 0 0 0 1 0
3 164 0 1 0 0 0 0 1 0 0 0 0 1 0
3 165 17 0.953396 0.289506 0.0849841 0.10689 -0.298862 0.944816 0.134183 -0.111735 -0.0414476 -0.153328 0.987306 -0.987973
3 166 0 1 0 0 0 0 1 0 0 0 0 1 0
3 167 38 0.981551 0.120007 0.14885 -0.539825 -0.173242 0.887603 0.426789 -0.769662 -0.0809023 -0.444702 0.892017 -0.340894
3 168 83 0.921423 0.249799 -0.297625 0.797058 -0.164199 0.944536 0.284411 -0.320455 0.352163 -0.213193 0.911334 -0.511866
3 169 107 0.974444 0.153336 -0.164158 0.61058 -0.131096 0.981617 0.138714 -0.00381002 0.18241 -0.113649 0.976632 -0.791945
3 170 145 0.985506 0.093018 -0.141864 0.460967 -0.0702474 0.984965 0.157828 0.0505934 0.154412 -0.145575 0.977223 -0.885974
3 171 160 0.998109 0.0431148 -0.0438123 0.068514 -0.0343101 0.98216 0.184888 0.00515721 0.0510021 -0.183035 0.981783 -0.997637
3 172 142 0.9916 0.0806578 -0.101114 0.114029 -0.0656519 0.987423 0.143827 0.171131 0.111443 -0.135981 0.984424 -0.978627
4 5 767 0.999734 0.0163955 -0.016215 0.99163 -0.0166241 0.999763 -0.014065 0.00455164 0.0159806 0.0143309 0.99977 0.129035
4 6 581 0.998607 0.0262664 -0.0457638 0.994748 -0.025904 0.999628 0.008495 0.00138225 0.04597 -0.0072977 0.998916 0.10234
4 7 349 0.996828 0.0248272 -0.0756136 0.976344 -0.0256517 0.999621 -0.00995222 -0.141233 0.0753379 0.0118603 0.997088 0.163723
4 8 219 0.99802 0.0430436 -0.045853 0.981385 -0.0433311 0.999047 -0.00529347 -0.112012 0.0455815 0.00726985 0.998934 -0.156001
4 9 182 0.98281 0.0782604 -0.16721 0.985044 -0.0850823 0.995793 -0.0340205 0.050773 0.163844 0.0476623 0.985334 -0.164654
4 10 48 0.989882 0.0429856 0.135223 0.0600614 -0.0455044 0.998842 0.0155904 -0.119842 -0.134397 -0.0215859 0.990692 0.990975
4 11 72 0.805003 0.226323 -0.548405 0.985516 -0.15317 0.972322 0.176432 -0.15753 0.573157 -0.0580286 0.817388 -0.0627952
4 12 16 0.96915 0.222311 0.106422 0.16473 -0.229347 0.971551 0.0590595 0.00354158 -0.0902653 -0.0816452 0.992565 -0.986332
4 13 31 0.986528 0.158883 0.0389602 -0.213526 -0.159055 0.987269 0.00133413 0.277375 -0.0382522 -0.00751296 0.99924 -0.936733
4 14 0 1 0 0 0 0 1 0 0 0 0 1 0
4 15 0 1 0 0 0 0 1 0 0 0 0 1 0
4 16 0 1 0 0 0 0 1 0 0 0 0 1 0
4 17 0 1 0 0 0 0 1 0 0 0 0 1 0
4 18 0 1 0 0 0 0 1 0 0 0 0 1 0
4 19 0 1 0 0 0 0 1 0 0 0 0 1 0
4 20 0 1 0 0 0 0 1 0 0 0 0 1 0
4 21 0 1 0 0 0 0 1 0 0 0 0 1 0
4 22 0 1 0 0 0 0 1 0 0 0 0 1 0
4 23 0 1 0 0 0 0 1 0 0 0 0 1 0
4 24 0 1 0 0 0 0 1 0 0 0 0 1 0
4 25 0 1 0 0 0 0 1 0 0 0 0 1 0
4 26 0 1 0 0 0 0 1 0 0 0 0 1 0
4 27 0 1 0 0 0 0 1 0 0 0 0 1 0
4 28 0 1 0 0 0 0 1 0 0 0 0 1 0
4 29 0 1 0 0 0 0 1 0 0 0 0 1 0
4 30 0 1 0 0 0 0 1 0 0 0 0 1 0
4 31 0 1 0 0 0 0 1 0 0 0 0 1 0
4 32 0 1 0 0 0 0 1 0 0 0 0 1 0
4 33 0 1 0 0 0 0 1 0 0 0 0 1 0
4 34 0 1 0 0 0 0 1 0 0 0 0 1 0
4 35 0 1 0 0 0 0 1 0 0 0 0 1 0
4 36 0 1 0 0 0 0 1 0 0 0 0 1 0
4 37 0 1 0 0 0 0 1 0 0 0 0 1 0
4 38 0 1 0 0 0 0 1 0 0 0 0 1 0
4 39 0 1 0 0 0 0 1 0 0 0 0 1 0
4 40 0 1 0 0 0 0 1 0 0 0 0 1 0
4 41 0 1 0 0 0 0 1 0 0 0 0 1 0
4 42 0 1 0 0 0 0 1 0 0 0 0 1 0
4 43 0 1 0 0 0 0 1 0 0 0 0 1 0
4 44 0 1 0 0 0 0 1 0 0 0 0 1 0
4 45 0 1 0 0 0 0 1 0 0 0 0 1 0
4 46 0 1 0 0 0 0 1 0 0 0 0 1 0
4 47 0 1 0 0 0 0 1 0 0 0 0 1 0
4 48 0 1 0 0 0 0 1 0 0 0 0 1 0
4 49 0 1 0 0 0 0 1 0 0 0 0 1 0
4 50 0 1 0 0 0 0 1 0 0 0 0 1 0
4 51 0 1 0 0 0 0 1 0 0 0 0 1 0
4 52 0 1 0 0 0 0 1 0 0 0 0 1 0
4 53 0 1 0 0 0 0 1 0 0 0 0 1 0
4 54 0 1 0 0 0 0 1 0 0 0 0 1 0
4 55 0 1 0 0 0 0 1 0 0 0 0 1 0
4 56 0 1 0 0 0 0 1 0 0 0 0 1 0
4 57 0 1 0 0 0 0 1 0 0 0 0 1 0
4 58 0 1 0 0 0 0 1 0 0 0 0 1 0
4 59 0 1 0 0 0 0 1 0 0 0 0 1 0
4 60 0 1 0 0 0 0 1 0 0 0 0 1 0
4 61 0 1 0 0 0 0 1 0 0 0 0 1 0
4 62 0 1 0 0 0 0 1 0 0 0 0 1 0
4 63 0 1 0 0 0 0 1 0 0 0 0 1 0
4 64 0 1 0 0 0 0 1 0 0 0 0 1 0
4 65 0 1 0 0 0 0 1 0 0 0 0 1 0
4 66 0 1 0 0 0 0 1 0 0 0 0 1 0
4 67 0 1 0 0 0 0 1 0 0 0 0 1 0
4 68 0 1 0 0 0 0 1 0 0 0 0 1 0
4 69 0 1 0 0 0 0 1 0 0 0 0 1 0
4 70 0 1 0 0 0 0 1 0 0 0 0 1 0
4 71 0 1 0 0 0 0 1 0 0 0 0 1 0
4 72 0 1 0 0 0 0 1 0 0 0 0 1 0
4 73 0 1 0 0 0 0 1 0 0 0 0 1 0
4 74 0 1 0 0 0 0 1 0 0 0 0 1 0
4 75 0 1 0 0 0 0 1 0 0 0 0 1 0
4 76 0 1 0 0 0 0 1 0 0 0 0 1 0
4 77 0 1 0 0 0 0 1 0 0 0 0 1 0
4 78 0 1 0 0 0 0 1 0 0 0 0 1 0
4 79 0 1 0 0 0 0 1 0 0 0 0 1 0
4 80 0 1 0 0 0 0 1 0 0 0 0 1 0
4 81 0 1 0 0 0 0 1 0 0 0 0 1 0
4 82 0 1 0 0 0 0 1 0 0 0 0 1 0
4 83 0 1 0 0 0 0 1 0 0 0 0 1 0
4 84 0 1 0 0 0 0 1 0 0 0 0 1 0
4 85 0 1 0 0 0 0 1 0 0 0 0 1 0
4 86 0 1 0 0 0 0 1 0 0 0 0 1 0
4 87 0 1 0 0 0 0 1 0 0 0 0 1 0
4 88 0 1 0 0 0 0 1 0 0 0 0 1 0
4 89 0 1 0 0 0 0 1 0 0 0 0 1 0
4 90 0 1 0 0 0 0 1 0 0 0 0 1 0
4 91 0 1 0 0 0 0 1 0 0 0 0 1 0
4 92 0 1 0 0 0 0 1 0 0 0 0 1 0
4 93 0 1 0 0 0 0 1 0 0 0 0 1 0
4 94 0 1 0 0 0 0 1 0 0 0 0 1 0
4 95 0 1 0 0 0 0 1 0 0 0 0 1 0
4 96 0 1 0 0 0 0 1 0 0 0 0 1 0
4 97 0 1 0 0 0 0 1 0 0 0 0 1 0
4 98 0 1 0 0 0 0 1 0 0 0 0 1 0
4 99 0 1 0 0 0 0 1 0 0 0 0 1 0
4 100 0 1 0 0 0 0 1 0 0 0 0 1 0
4 101 0 1 0 0 0 0 1 0 0 0 0 1 0
4 102 0 1 0 0 0 0 1 0 0 0 0 1 0
4 103 0 1 0 0 0 0 1 0 0 0 0 1 0
4 104 0 1 0 0 0 0 1 0 0 0 0 1 0
4 105 0 1 0 0 0 0 1 0 0 0 0 1 0
4 106 0 1 0 0 0 0 1 0 0 0 0 1 0
4 107 0 1 0 0 0 0 1 0 0 0 0 1 0
4 108 0 1 0 0 0 0 1 0 0 0 0 1 0
4 109 0 1 0 0 0 0 1 0 0 0 0 1 0
4 110 0 1 0 0 0 0 1 0 0 0 0 1 0
4 111 0 1 0 0 0 0 1 0 0 0 0 1 0
4 112 0 1 0 0 0 0 1 0 0 0 0 1 0
4 113 0 1 0 0 0 0 1 0 0 0 0 1 0
4 114 0 1 0 0 0 0 1 0 0 0 0 1 0
4 115 0 1 0 0 0 0 1 0 0 0 0 1 0
4 116 0 1 0 0 0 0 1 0 0 0 0 1 0
4 117 0 1 0 0 0 0 1 0 0 0 0 1 0
4 118 0 1 0 0 0 0 1 0 0 0 0 1 0
4 119 0 1 0 0 0 0 1 0 0 0 0 1 0
4 120 0 1 0 0 0 0 1 0 0 0 0 1 0
4 121 0 1 0 0 0 0 1 0 0 0 0 1 0
4 122 0 1 0 0 0 0 1 0 0 0 0 1 0
4 123 0 1 0 0 0 0 1 0 0 0 0 1 0
4 124 0 1 0 0 0 0 1 0 0 0 0 1 0
4 125 0 1 0 0 0 0 1 0 0 0 0 1 0
4 126 0 1 0 0 0 0 1 0 0 0 0 1 0
4 127 0 1 0 0 0 0 1 0 0 0 0 1 0
4 128 0 1 0 0 0 0 1 0 0 0 0 1 0
4 129 0 1 0 0 0 0 1 0 0 0 0 1 0
4 130 0 1 0 0 0 0 1 0 0 0 0 1 0
4 131 0 1 0 0 0 0 1 0 0 0 0 1 0
4 132 0 1 0 0 0 0 1 0 0 0 0 1 0
4 133 0 1 0 0 0 0 1 0 0 0 0 1 0
4 134 0 1 0 0 0 0 1 0 0 0 0 1 0
4 135 0 1 0 0 0 0 1 0 0 0 0 1 0
4 136 0 1 0 0 0 0 1 0 0 0 0 1 0
4 137 0 1 0 0 0 0 1 0 0 0 0 1 0
4 138 0 1 0 0 0 0 1 0 0 0 0 1 0
4 139 0 1 0 0 0 0 1 0 0 0 0 1 0
4 140 0 1 0 0 0 0 1 0 0 0 0 1 0
4 141 0 1 0 0 0 0 1 0 0 0 0 1 0
4 142 0 1 0 0 0 0 1 0 0 0 0 1 0
4 143 0 1 0 0 0 0 1 0 0 0 0 1 0
4 144 0 1 0 0 0 0 1 0 0 0 0 1 0
4 145 89 0.998986 0.00704972 -0.0444728 0.132191 -0.00507754 0.999005 0.044304 0.198997 0.0447408 -0.0440332 0.998028 -0.971044
4 146 176 0.992809 0.0672751 -0.0990141 0.312665 -0.0618832 0.99648 0.0565582 0.117717 0.102471 -0.0500242 0.993477 -0.942541
4 147 196 0.980487 0.159437 -0.115003 0.276645 -0.144297 0.980988 0.129771 -0.0259938 0.133507 -0.110644 0.984852 -0.960621
4 148 246 0.973631 0.181062 -0.13878 0.351856 -0.165879 0.979512 0.114194 -0.0030661 0.156613 -0.0881619 0.983717 -0.936049
4 149 162 0.945466 0.235501 -0.225019 0.708367 -0.21277 0.969609 0.120777 -0.0863307 0.246623 -0.0663129 0.96684 -0.700545
4 150 51 0.965563 0.260033 -0.00844479 0.320828 -0.259647 0.965171 0.0320532 0.0157912 0.0164856 -0.0287567 0.99945 -0.947006
4 151 97 0.974836 0.222635 0.0113388 0.386418 -0.222615 0.974902 -0.00302501 0.0328096 -0.0117277 0.000424696 0.999931 -0.92174
4 152 45 0.962402 0.253127 0.0985336 0.137592 -0.243171 0.964531 -0.102704 0.14693 -0.121036 0.0748823 0.98982 -0.979531
4 153 0 1 0 0 0 0 1 0 0 0 0 1 0
4 154 0 1 0 0 0 0 1 0 0 0 0 1 0
4 155 0 1 0 0 0 0 1 0 0 0 0 1 0
4 156 0 1 0 0 0 0 1 0 0 0 0 1 0
4 157 0 1 0 0 0 0 1 0 0 0 0 1 0
4 158 23 0.925188 0.351477 0.143145 -0.0443986 -0.358065 0.933429 0.0223445 -0.0128605 -0.125763 -0.0719282 0.989449 0.998931
4 159 37 0.993466 0.114034 -0.00472742 0.128776 -0.11348 0.991366 0.0656993 0.0471156 0.0121786 -0.0647335 0.997828 0.990554
4 160 0 1 0 0 0 0 1 0 0 0 0 1 0
4 161 0 1 0 0 0 0 1 0 0 0 0 1 0
4 162 25 0.799371 -0.00936028 -0.600765 0.327599 -0.392215 -0.765586 -0.509947 0.198075 -0.455164 0.643266 -0.615658 0.923821
4 163 42 0.96407 0.247509 0.0964792 0.297085 -0.259068 0.956326 0.135369 -0.12218 -0.0587606 -0.155499 0.986087 -0.947002
4 164 44 0.979957 0.167032 0.108555 0.183975 -0.176018 0.981194 0.0792175 0.0403173 -0.0932821 -0.0967375 0.990929 -0.982104
4 165 48 0.973441 0.228915 -0.00313829 0.481537 -0.225687 0.961835 0.15472 -0.155705 0.0384361 -0.149902 0.987953 -0.862484
4 166 39 0.982738 0.178298 -0.049359 0.356768 -0.168635 0.973037 0.157358 -0.0448473 0.0760848 -0.146318 0.986307 -0.933116
4 167 73 0.91616 0.253223 -0.310692 0.875172 -0.201777 0.961147 0.188369 -0.0897607 0.34632 -0.109886 0.931658 -0.475412
4 168 95 0.954098 0.207539 -0.215928 0.705207 -0.153989 0.958314 0.240669 -0.218282 0.256875 -0.196372 0.946284 -0.674564
4 169 166 0.988975 0.121726 -0.0843266 0.481637 -0.111057 0.986375 0.121367 0.054274 0.0979512 -0.110664 0.989019 -0.874689
4 170 165 0.997441 0.0504282 -0.0506783 0.287892 -0.0432667 0.990086 0.133634 0.131847 0.0569148 -0.131099 0.989734 -0.948543
4 171 160 0.999805 0.0136745 -0.0142608 0.0668167 -0.0109971 0.984803 0.173327 0.0468377 0.0164143 -0.173136 0.984761 -0.996665
4 172 184 0.997127 0.061055 -0.0448257 0.0381355 -0.0517914 0.981432 0.184687 0.0324048 0.0552694 -0.181835 0.981775 -0.998747
