0 1 0 1 0 0 0 0 1 0 0 0 0 1 0
0 2 484 0.999557 0.0138641 -0.026333 0.777886 -0.0139469 0.999898 -0.00296297 0.276168 0.0262893 0.00332892 0.999649 -0.564469
0 3 451 0.999035 0.0171448 -0.0404395 0.759914 -0.0172677 0.999847 -0.00269083 0.294969 0.0403872 0.00338653 0.999178 -0.579244
0 4 520 0.994217 0.0156748 -0.106241 0.896386 -0.0181187 0.999592 -0.022077 0.354739 0.105851 0.0238743 0.994095 -0.265806
0 5 405 0.997272 0.0255738 -0.0692421 0.862782 -0.0255325 0.999673 0.00148166 0.292088 0.0692573 0.000290305 0.997599 -0.412665
0 6 389 0.995923 0.0354025 -0.0829701 0.862285 -0.0356368 0.999364 -0.00134463 0.290218 0.0828697 0.00429594 0.996551 -0.415017
0 7 392 0.99362 0.028475 -0.109128 0.849471 -0.0280436 0.999592 0.00548578 0.205627 0.10924 -0.00239044 0.994013 -0.485918
0 8 308 0.993384 0.0250788 -0.112069 0.878989 -0.023921 0.999646 0.0116643 0.195196 0.112322 -0.00890634 0.993632 -0.43506
0 9 283 0.991382 0.0307634 -0.127343 0.881344 -0.0293084 0.999482 0.0132843 0.203001 0.127686 -0.00943759 0.99177 -0.426643
0 10 304 0.985526 0.0390858 -0.164958 0.919808 -0.0378508 0.999227 0.0106249 0.211081 0.165246 -0.00422733 0.986243 -0.330754
0 11 243 0.987995 0.0445337 -0.147926 0.879752 -0.043385 0.998998 0.010984 0.220247 0.148267 -0.00443438 0.988937 -0.42134
0 12 250 0.983547 0.0528549 -0.172745 0.894211 -0.0523639 0.998601 0.00740158 0.217614 0.172894 0.00176579 0.984939 -0.391192
0 13 209 0.980536 0.0640878 -0.185585 0.897594 -0.0633873 0.997942 0.00971151 0.214727 0.185825 0.00224123 0.98258 -0.384991
0 14 180 0.975689 0.0674616 -0.208517 0.911558 -0.0655894 0.99772 0.0158882 0.19471 0.209114 -0.00182545 0.97789 -0.362146
15 16 15 1 0.000756254 -0.00054123 -0.483099 -0.000759015 0.999987 -0.00512084 -0.129682 0.000537351 0.00512125 0.999987 0.865909
15 17 425 0.999107 -0.000140893 -0.0422481 0.863975 -0.000349716 0.999933 -0.011605 0.226779 0.0422468 0.0116094 0.99904 -0.449577
15 18 428 0.999514 -0.00088777 -0.0311726 0.792334 0.000801416 0.999996 -0.00278257 0.238217 0.0311749 0.00275624 0.99951 -0.561658
15 19 400 0.998742 0.00744186 -0.0495903 0.872574 -0.00719882 0.999961 0.0050778 0.128147 0.0496262 -0.00471442 0.998757 -0.471373
15 20 344 0.997776 0.00407554 -0.0665293 0.862209 -0.00352186 0.999958 0.00843747 0.112006 0.0665609 -0.00818439 0.997749 -0.494014
15 21 326 0.996351 0.00694627 -0.085063 0.880486 -0.00702196 0.999975 -0.000590694 0.212454 0.0850568 0.00118585 0.996375 -0.423801
15 22 304 0.997959 0.022594 -0.0597228 0.837052 -0.0220775 0.999713 0.00929472 0.17426 0.0599156 -0.00795723 0.998172 -0.518631
15 23 294 0.983365 0.0153936 -0.180986 0.945163 -0.0203316 0.999469 -0.0254608 0.223929 0.180498 0.028717 0.983156 -0.237745
15 24 271 0.98687 0.0264897 -0.15933 0.926633 -0.0285372 0.999537 -0.010576 0.150179 0.158976 0.014984 0.987169 -0.344671
15 25 262 0.983331 0.031226 -0.179125 0.92882 -0.0376464 0.998761 -0.0325556 0.22198 0.177887 0.0387563 0.983287 -0.296678
15 26 240 0.977081 0.0352592 -0.209927 0.963028 -0.0404107 0.998977 -0.0202992 0.12266 0.208997 0.0283173 0.977506 -0.239859
15 27 206 0.967864 0.0354699 -0.248962 0.979555 -0.0428244 0.99879 -0.0241852 0.0829134 0.247803 0.0340696 0.968211 -0.183295
15 28 184 0.970549 0.0502547 -0.235605 0.969228 -0.0599645 0.997614 -0.0342253 0.0991696 0.233323 0.0473453 0.971246 -0.225305
15 29 163 0.954535 0.0579591 -0.292409 0.98584 -0.0684923 0.997315 -0.0259051 0.0288231 0.290123 0.0447552 0.955942 -0.165195
30 31 0 1 0 0 0 0 1 0 0 0 0 1 0
30 32 492 0.998629 0.00259479 -0.0522766 0.98984 -0.0024015 0.99999 0.00376001 0.117159 0.0522859 -0.00362931 0.998626 0.0805685
30 33 394 0.998325 0.0100199 -0.0569858 0.993041 -0.00946679 0.999906 0.00996796 -0.0185359 0.0570803 -0.00941179 0.998325 0.116301
30 34 289 0.995694 0.0297569 -0.0877975 0.995667 -0.0286869 0.999498 0.0134233 -0.0354069 0.0881529 -0.0108469 0.996048 0.0859887
30 35 196 0.988913 0.0418987 -0.142465 0.993781 -0.0422178 0.999108 0.000783716 0.0798477 0.142371 0.00523954 0.989799 0.0776157
30 36 154 0.999026 0.0415149 0.0149561 0.963459 -0.0418881 0.998795 0.0255699 0.100033 -0.0138766 -0.0261715 0.999561 0.248475
30 37 190 0.992776 0.0592945 -0.10431 0.989785 -0.0566115 0.997989 0.0284991 0.070996 0.10579 -0.0223881 0.994136 0.123637
30 38 238 0.991307 0.0668446 -0.113319 0.988691 -0.0626487 0.997226 0.0401972 0.0421971 0.115692 -0.0327485 0.992745 0.143908
30 39 214 0.995074 0.0674808 -0.0726264 0.985888 -0.0642937 0.996899 0.0453638 0.0328814 0.0754624 -0.0404709 0.996327 0.164144
30 40 165 0.991686 0.0436401 -0.121055 0.954701 -0.0425547 0.999028 0.0115387 0.163572 0.121441 -0.00629131 0.992579 0.248578
30 41 160 0.989775 0.0696491 -0.124478 0.98375 -0.0639876 0.996751 0.0489206 -0.0184106 0.127481 -0.0404554 0.991016 0.178596
30 42 149 0.988301 0.0694692 -0.135776 0.982426 -0.0646948 0.997132 0.039271 1.79e-05 0.138115 -0.0300276 0.989961 0.186651
30 43 137 0.989583 0.0593903 -0.131141 0.987175 -0.0563308 0.998049 0.0269204 0.0363991 0.132484 -0.0192526 0.990998 0.155437
30 44 118 0.979424 0.0682718 -0.189916 0.988107 -0.0638653 0.99753 0.0292337 0.0152897 0.191443 -0.0165031 0.981365 0.153009
45 46 112 0.99969 0.00550638 -0.0242964 0.968596 -0.00543396 0.999981 0.00304595 -0.00237352 0.0243127 -0.00291298 0.9997 -0.248628
45 47 431 0.997398 0.0131285 -0.0708804 0.995583 -0.0128257 0.999907 0.00472627 0.0128964 0.0709358 -0.00380489 0.997474 -0.092993
45 48 62 0.999591 0.0280273 -0.00571241 0.431142 -0.0279852 0.999582 0.00731031 -0.179313 0.00591491 -0.00714746 0.999957 -0.884287
45 49 391 0.998262 0.0257839 -0.0529852 0.994555 -0.0256723 0.999667 0.00278644 0.0862894 0.0530394 -0.00142135 0.998591 -0.0584383
45 50 332 0.99038 0.0325575 -0.134491 0.990689 -0.0321895 0.99947 0.00490999 0.0643632 0.134579 -0.000533555 0.990903 -0.11997
45 51 285 0.995314 0.037685 -0.0890466 0.965866 -0.0360722 0.999156 0.0196525 0.0426392 0.089712 -0.0163484 0.995834 -0.255509
45 52 237 0.996754 0.0410851 -0.0692402 0.983333 -0.038697 0.998621 0.0354861 -0.00918659 0.0706026 -0.0326915 0.996969 -0.18158
45 53 192 0.984841 0.0499674 -0.166108 0.986154 -0.042101 0.997834 0.0505475 -0.0234773 0.168274 -0.0427879 0.984811 -0.164161
45 54 202 0.982885 0.0631443 -0.173059 0.997422 -0.0555481 0.997282 0.0483955 0.0625144 0.175645 -0.0379541 0.983722 -0.0352443
45 55 123 0.992032 0.0726954 -0.102896 0.992437 -0.0689791 0.996846 0.0392314 0.118122 0.105423 -0.0318212 0.993918 0.0334155
45 56 168 0.973312 0.101218 -0.205959 0.988803 -0.0994373 0.994862 0.0190073 0.106548 0.206824 0.00197989 0.978376 0.104485
45 57 167 0.977712 0.128858 -0.165753 0.999627 -0.12444 0.991544 0.0368104 0.0233591 0.169095 -0.0153637 0.98548 -0.0141311
45 58 148 0.956359 0.122505 -0.265273 0.992736 -0.119122 0.99246 0.0288699 0.0680647 0.266809 0.0039897 0.963741 0.0992124
45 59 130 0.963303 0.169349 -0.208252 0.994825 -0.154096 0.984172 0.0875238 -0.0903542 0.219777 -0.0522211 0.974151 0.0464742
60 61 361 0.999625 0.0126308 -0.0243069 0.892557 -0.0128314 0.999885 -0.00811424 0.284919 0.0242016 0.00842309 0.999672 0.349518
60 62 279 0.999541 0.0199188 -0.0228052 0.883069 -0.0200984 0.999769 -0.00767528 0.163084 0.022647 0.0081301 0.99971 0.439991
60 63 254 0.999329 0.0303593 -0.0204882 0.802001 -0.0304353 0.999531 -0.00340704 0.0725872 0.0203752 0.00402832 0.999784 0.592895
60 64 272 0.998133 0.0281966 -0.0541783 0.902756 -0.0291183 0.999443 -0.0162993 0.212685 0.0536885 0.0178464 0.998398 0.373895
60 65 219 0.998091 0.0339247 -0.0516041 0.872664 -0.0343392 0.999385 -0.00716704 0.0640106 0.0513292 0.00892541 0.998642 0.484107
60 66 217 0.997958 0.0267653 -0.0580017 0.838487 -0.0272348 0.999602 -0.00731786 0.00600014 0.0577828 0.00888258 0.99829 0.544888
60 67 189 0.99779 0.0192179 -0.0636088 0.874925 -0.0199151 0.999748 -0.0103438 -0.0315216 0.063394 0.0115877 0.997921 0.483232
60 68 204 0.994295 0.0230507 -0.104148 0.897338 -0.0252369 0.999487 -0.0197222 0.0387625 0.10364 0.0222381 0.994366 0.439639
60 69 171 0.996373 0.0266029 -0.0808236 0.81393 -0.0283671 0.999382 -0.0207588 0.0443862 0.0802214 0.0229762 0.996512 0.579264
60 70 184 0.991505 0.0171845 -0.128928 0.887335 -0.0199189 0.999603 -0.0199496 0.0193164 0.128534 0.0223483 0.991453 0.460721
60 71 175 0.991824 0.0274042 -0.124636 0.888819 -0.029222 0.999491 -0.0127796 -0.0257667 0.124223 0.0163172 0.99212 0.457534
60 72 125 0.997447 0.0541325 -0.0465828 0.553885 -0.0548862 0.998379 -0.0150542 -0.0373791 0.0456924 0.0175725 0.998801 0.831754
60 73 153 0.98743 0.0279545 -0.155564 0.832479 -0.0309219 0.999382 -0.0166875 -0.0283977 0.155001 0.0212881 0.987685 0.553329
60 74 150 0.988352 0.0450652 -0.145362 0.816045 -0.0462395 0.998919 -0.00470811 -0.111446 0.144992 0.0113747 0.989367 0.567142
75 76 0 1 0 0 0 0 1 0 0 0 0 1 0
75 77 355 0.996772 0.0102395 -0.0796244 0.944527 -0.00960825 0.999919 0.00830691 -0.276589 0.079703 -0.00751505 0.99679 0.177111
75 78 307 0.999449 0.0117325 -0.031041 0.858753 -0.012173 0.999827 -0.0140402 -0.315476 0.0308709 0.0144104 0.999419 0.403755
75 79 329 0.998955 0.0184797 -0.0418122 0.88839 -0.0191303 0.999701 -0.0152133 -0.333639 0.0415186 0.0159973 0.99901 0.315354
75 80 268 0.999114 0.0285892 -0.0308962 0.748286 -0.0292233 0.999367 -0.0202718 -0.366183 0.0302971 0.0211567 0.999317 0.553153
75 81 319 0.995825 0.0164701 -0.0897833 0.880462 -0.0170563 0.999838 -0.00576583 -0.388471 0.0896738 0.00727313 0.995945 0.271802
75 82 253 0.99911 0.0244626 -0.0343698 0.735332 -0.0256484 0.999076 -0.0344955 -0.344392 0.0334941 0.0353463 0.998814 0.583679
75 83 251 0.998854 0.0273075 -0.0393001 0.773552 -0.0287522 0.998913 -0.0366778 -0.33979 0.0382558 0.0377658 0.998554 0.53494
75 84 220 0.998827 0.0282805 -0.0393094 0.745343 -0.0299147 0.998685 -0.0416252 -0.366659 0.0380805 0.0427523 0.99836 0.5568
75 85 213 0.99782 0.0264088 -0.0604772 0.787629 -0.0290102 0.998673 -0.0425489 -0.353078 0.0592732 0.0442106 0.997262 0.504952
75 86 216 0.997423 0.0429684 -0.0574505 0.820938 -0.0462033 0.997349 -0.0562181 -0.285411 0.0548826 0.0587277 0.996764 0.494572
75 87 198 0.996191 0.0381453 -0.0784092 0.820706 -0.0419222 0.99801 -0.0471013 -0.339344 0.0764565 0.050209 0.995808 0.459661
75 88 180 0.996251 0.0385565 -0.0774421 0.792247 -0.0430636 0.997422 -0.0573983 -0.317033 0.0750294 0.0605181 0.995343 0.521379
75 89 198 0.992238 0.0450696 -0.115902 0.87983 -0.0506593 0.997668 -0.0457423 -0.316316 0.11357 0.0512587 0.992207 0.354744
90 91 52 0.999993 0.00372458 -0.00101212 0.0136593 -0.00372087 0.999986 0.00363696 -0.241194 0.00102565 -0.00363317 0.999993 0.970381
90 92 325 0.999586 0.00684312 -0.0279527 0.968639 -0.00679554 0.999975 0.00179683 0.169187 0.0279643 -0.00160613 0.999608 0.181975
90 93 234 0.999636 0.0213905 -0.0164205 0.875671 -0.0212456 0.999734 0.00894818 0.169799 0.0166076 -0.00859606 0.999825 0.452071
90 94 323 0.997646 0.0232853 -0.0645031 0.998766 -0.0222854 0.999621 0.016178 0.0163747 0.0648553 -0.0147024 0.997786 0.0468891
90 95 262 0.998214 0.0415438 -0.0429336 0.997387 -0.0403721 0.998798 0.0278063 0.0708085 0.0440371 -0.0260233 0.998691 -0.0143291
90 96 275 0.996886 0.0508737 -0.0602465 0.994137 -0.0488139 0.998188 0.0351825 0.107004 0.0619272 -0.0321321 0.997563 0.0155773
90 97 19 0.997673 0.0680958 0.00346326 -0.729365 -0.0681828 0.996096 0.0560738 0.0110415 0.000368654 -0.0561795 0.998421 0.684035
90 98 184 0.996032 0.0755518 -0.0470285 0.988054 -0.0723915 0.995215 0.06562 0.122563 0.0517612 -0.0619552 0.996736 -0.093424
90 99 197 0.988917 0.0853289 -0.121502 0.968275 -0.0780846 0.994942 0.0631937 0.245712 0.12628 -0.0530058 0.990577 -0.0454914
90 100 31 0.995222 0.0971502 0.00970208 -0.920776 -0.0976285 0.989244 0.108929 -0.211625 0.000984732 -0.109356 0.994002 -0.327698
90 101 170 0.975559 0.0990894 -0.196127 0.981222 -0.0853089 0.993334 0.0775262 0.190471 0.202502 -0.0589 0.977509 -0.030409
90 102 178 0.989483 0.123698 -0.0749856 0.993591 -0.113606 0.985439 0.126504 0.112898 0.089542 -0.116655 0.989128 0.00560013
90 103 99 0.991317 0.131491 -0.000859734 0.759983 -0.130071 0.981531 0.140279 0.211598 0.0192893 -0.138949 0.990112 0.614534
90 104 167 0.984765 0.147632 -0.091889 0.959663 -0.136655 0.983794 0.116078 0.28014 0.107537 -0.101752 0.98898 -0.0238548
105 106 252 0.999629 0.0153654 -0.0225033 0.929435 -0.0154209 0.999878 -0.00229572 0.343625 0.0224653 0.00264189 0.999744 -0.134433
105 107 67 0.999263 0.0302513 -0.0236173 0.78361 -0.0301381 0.999533 0.00513326 0.32567 0.0237615 -0.0044177 0.999708 -0.52905
105 108 268 0.99819 0.0288325 -0.0527811 0.898596 -0.0286386 0.99958 0.00442656 0.273584 0.0528866 -0.00290697 0.998596 -0.343042
105 109 233 0.998315 0.0325791 -0.0480224 0.712764 -0.0321883 0.999442 0.00888833 0.267109 0.0482852 -0.00732759 0.998807 -0.648553
105 110 188 0.996517 0.0326013 -0.0767556 0.859826 -0.0316002 0.999399 0.0142217 0.300835 0.0771731 -0.0117466 0.996949 -0.41255
105 111 221 0.997093 0.0265509 -0.0714119 0.875257 -0.0244236 0.999236 0.0304992 0.296069 0.0721672 -0.0286665 0.996981 -0.382449
105 112 40 0.999124 0.0288544 -0.030321 -0.947378 -0.0274868 0.998627 0.0445905 -0.236669 0.031566 -0.043718 0.998545 -0.215552
105 113 231 0.992382 0.0330848 -0.118677 0.977072 -0.0307469 0.999296 0.0214775 0.20575 0.119304 -0.0176649 0.992701 -0.0547539
105 114 224 0.985922 0.0347759 -0.163552 0.974508 -0.0327771 0.999352 0.0149047 0.153421 0.163964 -0.00933411 0.986422 -0.163698
105 115 191 0.995644 0.0333873 -0.0870562 0.961484 -0.0316951 0.999282 0.0207495 0.201039 0.0876865 -0.0178999 0.995987 -0.187437
105 116 179 0.997249 0.0303001 -0.0676492 0.991063 -0.0285099 0.999221 0.0272733 0.0972008 0.0684229 -0.0252696 0.997336 -0.091356
105 117 150 0.993115 0.0248502 -0.114477 0.984441 -0.0234611 0.999634 0.0134662 0.17437 0.11477 -0.0106877 0.993335 -0.0217204
105 118 106 0.990929 0.0234463 -0.132326 0.992102 -0.0212445 0.999612 0.0180268 0.104497 0.132698 -0.0150521 0.991042 -0.0693778
105 119 75 0.997988 0.0161125 -0.0613261 0.952726 -0.0149401 0.999698 0.0195276 0.050772 0.0616222 -0.0185721 0.997927 0.299558
120 121 18 0.999855 0.00248716 0.0168331 -0.945091 -0.00245509 0.999995 -0.00192569 0.165994 -0.0168378 0.00188408 0.999856 -0.281513
120 122 123 0.99974 -0.0019759 0.0226959 -0.688863 0.00195029 0.999997 0.00115034 0.221296 -0.0226981 -0.00110578 0.999742 -0.690287
120 123 166 0.999602 -0.0086952 0.0268427 -0.831181 0.0087007 0.999962 -8.83393e-05 0.272498 -0.0268409 0.000321854 0.99964 -0.484647
120 124 303 0.999781 -0.0124029 -0.0168692 0.948313 0.0126189 0.999839 0.012756 -0.312329 0.0167083 -0.0129661 0.999776 0.0561577
120 125 125 0.999984 -0.00252201 -0.00512281 0.949796 0.00255935 0.99997 0.00729687 -0.281481 0.00510425 -0.00730986 0.99996 0.136591
120 126 148 0.999953 0.00618419 -0.00744614 0.933885 -0.00615732 0.999974 0.00362697 -0.316328 0.00746838 -0.00358095 0.999966 0.166719
120 127 120 0.999946 0.00840963 -0.00603784 0.934494 -0.00842643 0.999961 -0.00276325 -0.315359 0.00601436 0.00281398 0.999978 0.165134
120 128 86 0.999969 0.00766682 -0.00182881 0.946101 -0.00767447 0.999962 -0.00421606 -0.32287 0.00179642 0.00422996 0.999989 -0.0254556
120 129 115 0.999828 0.00465001 -0.0179416 0.945177 -0.00452778 0.999966 0.00684714 -0.28996 0.0179729 -0.00676472 0.999816 0.150213
120 130 81 0.999998 0.000199334 0.00182192 0.909768 -0.000201522 0.999999 0.00120089 -0.311075 -0.00182168 -0.00120125 0.999998 0.274871
120 131 216 0.999002 0.00363348 -0.0445203 0.946371 -0.00335505 0.999974 0.00632727 -0.284137 0.0445422 -0.00617159 0.998988 0.153781
120 132 198 0.998537 0.00906804 -0.0533128 0.954848 -0.00875648 0.999943 0.00607479 -0.252255 0.0533648 -0.00559907 0.998559 0.156949
120 133 167 0.99784 -0.00109726 -0.0656807 0.957062 0.00182943 0.999937 0.0110883 -0.249623 0.0656644 -0.0111845 0.997779 0.147379
120 134 65 0.999467 -0.00914699 -0.0313453 0.83413 0.0093077 0.999944 0.00498493 -0.225268 0.0312979 -0.00527403 0.999496 0.50347
135 136 10 0.999781 0.0049746 -0.0203399 0.899093 -0.00491535 0.999984 0.00296194 0.26857 0.0203543 -0.00286132 0.999789 -0.345691
135 137 0 1 0 0 0 0 1 0 0 0 0 1 0
135 138 206 0.99823 0.0131552 -0.0580028 0.914805 -0.0118086 0.999654 0.0234985 0.16778 0.0582919 -0.022772 0.99804 -0.367399
135 139 217 0.997108 0.0197371 -0.0733834 0.924478 -0.0176022 0.999406 0.0296269 0.169935 0.0739246 -0.0282495 0.996864 -0.341267
135 140 171 0.99735 0.0173933 -0.0706438 0.974829 -0.0148561 0.999231 0.0362836 0.114201 0.0712205 -0.035138 0.996841 -0.191487
135 141 179 0.994581 0.026616 -0.100499 0.94983 -0.0227597 0.998967 0.0393247 0.133303 0.101442 -0.0368243 0.99416 -0.282936
135 142 223 0.991612 0.0348317 -0.124472 0.95724 -0.0293103 0.998515 0.0459179 0.152739 0.125887 -0.0418844 0.99116 -0.245687
135 143 222 0.990206 0.0401191 -0.133725 0.956204 -0.0330757 0.997967 0.0544833 0.136724 0.135639 -0.0495267 0.98952 -0.258807
135 144 113 0.990367 0.048416 -0.129728 0.956169 -0.0410001 0.997401 0.0592401 0.160694 0.132259 -0.0533506 0.989778 -0.244783
135 145 86 0.993031 0.0546597 -0.104413 0.956801 -0.0479195 0.996668 0.0660067 0.168662 0.107673 -0.0605432 0.992341 -0.236824
135 146 74 0.990465 0.0698663 -0.118733 0.970797 -0.061982 0.9957 0.0688506 0.167849 0.123033 -0.0608348 0.990536 0.171408
135 147 69 0.986279 0.0821878 -0.143173 0.96786 -0.0732844 0.995098 0.0663957 0.160285 0.147928 -0.0549923 0.987468 -0.193795
135 148 109 0.982268 0.0901597 -0.164382 0.948743 -0.0809607 0.994797 0.0618409 0.151444 0.169102 -0.0474358 0.984456 -0.2774
135 149 68 0.982247 0.0934247 -0.162672 0.945592 -0.0843558 0.994517 0.0618067 0.164706 0.167554 -0.0469871 0.984742 -0.280584
150 151 127 0.999638 -0.00175346 -0.0268602 0.94373 0.00190838 0.999982 0.0057431 0.104653 0.0268496 -0.00579228 0.999623 -0.313721
150 152 0 1 0 0 0 0 1 0 0 0 0 1 0
150 153 145 0.999956 -0.00548206 -0.00767672 -0.941778 0.00553958 0.999957 0.00749205 -0.236682 0.00763532 -0.00753424 0.999942 0.238822
150 154 94 0.999714 0.000771847 -0.0238979 -0.954247 -0.00083846 0.999996 -0.00277753 -0.234363 0.0238956 0.00279677 0.999711 0.185708
150 155 122 0.997406 -0.0123359 -0.0709173 0.974332 0.0112252 0.999808 -0.0160379 0.060912 0.0711015 0.0152002 0.997353 -0.216718
150 156 166 0.994157 -0.0119464 -0.107283 0.930053 0.0101672 0.999802 -0.0171156 0.053177 0.107466 0.0159249 0.994081 -0.363558
150 157 163 0.992227 -0.0155593 -0.123462 0.93341 0.0136477 0.999774 -0.0163135 0.0745132 0.123688 0.0145017 0.992215 -0.350989
150 158 111 0.991164 -0.0217129 -0.130852 0.947417 0.0200563 0.999701 -0.0139649 0.104414 0.131116 0.0112171 0.991304 -0.302488
150 159 105 0.989871 -0.00726398 -0.141783 0.938805 0.00609977 0.999944 -0.00864416 0.102763 0.141838 0.00769176 0.98986 -0.328763
150 160 101 0.989522 -0.00371256 -0.144337 0.951176 0.00252077 0.999961 -0.00843901 0.112931 0.144362 0.00798675 0.989493 -0.287248
150 161 152 0.984926 0.000348733 -0.172974 0.963259 -0.0018812 0.99996 -0.00869567 0.115884 0.172964 0.00888999 0.984888 -0.242288
150 162 92 0.983258 -0.000783299 -0.182215 0.961519 -9.64712e-05 0.999988 -0.00481928 0.0991033 0.182217 0.00475618 0.983247 -0.256241
150 163 130 0.977028 0.00180923 -0.213105 0.97538 -0.00183857 0.999998 6.04848e-05 0.101081 0.213104 0.000332713 0.977029 -0.196
150 164 116 0.975573 0.00652568 -0.219579 0.96585 -0.00447395 0.999942 0.00983988 0.0899129 0.219631 -0.00861713 0.975545 -0.243
165 166 0 1 0 0 0 0 1 0 0 0 0 1 0
165 167 187 0.999475 0.0129362 -0.0297113 0.993854 -0.0126196 0.999862 0.0108175 -0.000800232 0.0298471 -0.0104369 0.9995 0.110698
165 168 155 0.999067 0.0205631 -0.0379662 0.835775 -0.0200056 0.999687 0.0150055 0.0296279 0.0382629 -0.014232 0.999166 0.548272
165 169 154 0.998467 0.0277012 -0.0479238 0.912899 -0.0270704 0.999539 0.0137614 -0.0889792 0.0482829 -0.0124429 0.998756 0.398369
165 170 127 0.998231 0.0360697 -0.0472547 0.971112 -0.0353819 0.999257 0.0153117 -0.087347 0.0477718 -0.0136126 0.998766 0.222064
165 171 115 0.997035 0.0379875 -0.0669214 0.972586 -0.03655 0.999077 0.0225758 -0.102012 0.0677172 -0.0200629 0.997503 0.208972
165 172 107 0.994884 0.0430244 -0.0914021 0.901437 -0.0403475 0.998707 0.0309367 -0.111043 0.0926149 -0.0270906 0.995333 0.418428
165 173 165 0.990329 0.0588365 -0.125647 0.934849 -0.0552189 0.997959 0.0320859 -0.133293 0.127278 -0.0248375 0.991556 0.329074
165 174 168 0.986054 0.0688385 -0.151524 0.956193 -0.0646879 0.997387 0.0321598 -0.209586 0.153342 -0.0219095 0.98793 0.204374
165 175 163 0.986819 0.0638884 -0.148682 0.937326 -0.0617401 0.997911 0.0190246 -0.16826 0.149586 -0.00959425 0.988702 0.305138
165 176 146 0.974594 0.0794508 -0.209413 0.967498 -0.0748999 0.996752 0.0295863 -0.224472 0.211084 -0.0131496 0.97738 0.116443
165 177 116 0.985763 0.0728182 -0.151558 0.934576 -0.0728541 0.997328 0.00532382 -0.18103 0.15154 0.00579357 0.988434 0.306262
165 178 40 0.984619 0.0934052 -0.147649 0.92203 -0.0922144 0.995628 0.0149051 -0.206795 0.148395 -0.00106047 0.988928 0.327255
165 179 118 0.972125 0.0944781 -0.214585 0.959637 -0.0894246 0.995441 0.0331596 -0.221987 0.21674 -0.0130461 0.976142 0.17268
180 181 177 0.999919 0.00968978 0.00828132 -0.455685 -0.00971556 0.999948 0.00307734 -0.00924025 -0.00825108 -0.00315755 0.999961 0.890093
180 182 142 0.999872 0.00497331 -0.0152338 0.941875 -0.00487593 0.999967 0.00642282 -0.0728495 0.0152653 -0.00634772 0.999863 0.327971
180 183 148 0.999434 0.000366157 -0.0336524 0.965428 -7.72078e-05 0.999963 0.00858718 -0.0867341 0.0336543 -0.00857972 0.999397 0.245818
180 184 105 0.999486 0.00900765 -0.0307773 0.886444 -0.00877895 0.999933 0.00755809 -0.182818 0.0308433 -0.00728401 0.999498 0.425199
180 185 101 0.999416 0.00791762 -0.0332417 0.944472 -0.00787103 0.999968 0.0015321 -0.133361 0.0332528 -0.00126956 0.999446 0.300312
180 186 93 0.998717 0.00314951 -0.0505438 0.958086 -0.00295281 0.999988 0.0039657 -0.109033 0.0505556 -0.00381137 0.998714 0.264921
180 187 85 0.997512 0.00576511 -0.0702656 0.968896 -0.00529754 0.999963 0.00683885 -0.109064 0.0703024 -0.0064496 0.997505 0.222139
180 188 161 0.99501 0.014879 -0.0986566 0.987639 -0.0138499 0.999842 0.0111076 -0.116574 0.0988063 -0.00968576 0.99506 0.104782
180 189 128 0.995583 0.0176352 -0.0922149 0.992754 -0.0164001 0.999766 0.0141343 -0.11789 0.0924425 -0.0125596 0.995639 0.0232574
180 190 90 0.99442 0.017416 -0.104045 0.979714 -0.0152688 0.999654 0.0213982 -0.0887376 0.104382 -0.0196902 0.994342 0.179682
180 191 103 0.99315 0.0225496 -0.114649 0.96263 -0.0199177 0.999512 0.0240502 -0.0785311 0.115136 -0.0216019 0.993115 0.259185
180 192 59 0.993794 0.0264663 -0.10804 0.978128 -0.0240219 0.999427 0.0238637 -0.127208 0.10861 -0.0211202 0.99386 0.16457
180 193 53 0.99672 0.0286598 -0.0756891 0.948095 -0.0274034 0.99947 0.0175863 -0.120049 0.0761529 -0.0154544 0.996976 0.294456
180 194 47 0.993082 0.0366472 -0.111558 0.983233 -0.0347229 0.999214 0.0191438 -0.122819 0.112172 -0.0151377 0.993573 0.134791
195 196 0 1 0 0 0 0 1 0 0 0 0 1 0
195 197 0 1 0 0 0 0 1 0 0 0 0 1 0
195 198 117 0.999609 0.016227 -0.0227901 0.981095 -0.0161061 0.999855 0.00547763 -0.0793385 0.0228757 -0.00510842 0.999725 -0.176516
195 199 106 0.999253 0.0237386 -0.0305108 0.988069 -0.0234641 0.999681 0.00932526 -0.150494 0.0307225 -0.00860238 0.999491 -0.0327233
195 200 108 0.998169 0.0433393 -0.0421992 0.989776 -0.0432915 0.99906 0.00204519 -0.0853841 0.0422482 -0.000214574 0.999107 -0.114248
195 201 81 0.997709 0.0604772 -0.0303067 0.96681 -0.0607313 0.998126 -0.00753614 -0.0452717 0.0297942 0.00935944 0.999512 -0.251452
195 202 73 0.997226 0.0536369 -0.0516103 0.996794 -0.0541298 0.9985 -0.00819926 -0.0784496 0.0510931 0.0109702 0.998634 -0.0157001
195 203 169 0.995314 0.0665723 -0.0701357 0.981738 -0.0673157 0.997697 -0.00828657 -0.0759834 0.0694225 0.012969 0.997503 -0.174404
195 204 133 0.992931 0.0666721 -0.0982012 0.988576 -0.067589 0.997695 -0.00603662 -0.0509056 0.0975723 0.0126313 0.995148 -0.141868
195 205 126 0.992979 0.0641505 -0.0993871 0.988404 -0.0649483 0.997877 -0.00480999 -0.0403538 0.0988675 0.0112312 0.995037 -0.146389
195 206 146 0.9909 0.0706525 -0.114566 0.994581 -0.0715159 0.997434 -0.00343772 -0.016621 0.114029 0.0115997 0.99341 -0.10263
195 207 62 0.993114 0.0638044 -0.0982561 0.998497 -0.0645435 0.997905 -0.00435824 -0.0343849 0.0977722 0.01067 0.995152 -0.0426885
195 208 107 0.988488 0.0609469 -0.138478 0.997228 -0.0622892 0.998044 -0.00537612 -0.0324942 0.13788 0.0139399 0.990351 -0.0669368
195 209 97 0.983281 0.0760652 -0.165448 0.992829 -0.0780341 0.996936 -0.00542368 0.0156424 0.164529 0.0182436 0.986204 -0.118519
210 211 243 0.999438 -0.00125057 0.0334896 -0.962356 0.000871186 0.999935 0.0113405 -0.242553 -0.0335016 -0.0113049 0.999375 0.122638
210 212 76 0.999834 -0.00940835 -0.0156053 -0.707655 0.00944215 0.999953 0.00209331 -0.0430049 0.0155849 -0.00224031 0.999876 0.705248
210 213 33 0.999257 -0.0120969 -0.0366009 0.979958 0.0121322 0.999926 0.000742977 -0.151703 0.0365892 -0.00118647 0.99933 0.129103
210 214 129 0.997944 -0.0133539 -0.0626912 0.958331 0.0131616 0.999907 -0.00347939 -0.130616 0.0627318 0.00264711 0.998027 0.254048
210 215 110 0.99722 -0.00276145 -0.0744606 0.994348 0.00203724 0.99995 -0.00980035 -0.0402641 0.0744839 0.00962141 0.997176 0.0982357
210 216 104 0.997726 -0.00618122 -0.0671101 0.960733 0.00556579 0.999941 -0.00935364 -0.122082 0.0671639 0.00895885 0.997702 0.249176
210 217 101 0.993675 -0.00402999 -0.112225 0.983894 0.00337253 0.999976 -0.00604764 -0.125637 0.112247 0.00563091 0.993664 0.127156
210 218 141 0.988357 0.00563133 -0.152047 0.986037 -0.00604701 0.999979 -0.00227165 -0.133893 0.152031 0.00316463 0.988371 0.0990113
210 219 142 0.987337 0.00560929 -0.158539 0.977526 -0.00540658 0.999984 0.00170988 -0.166427 0.158546 -0.000831075 0.987351 0.129406
210 220 143 0.984162 0.0103763 -0.176965 0.973326 -0.00936354 0.999935 0.00655715 -0.182844 0.177022 -0.00479628 0.984195 0.138578
210 221 64 0.989283 0.0133556 -0.145399 0.939569 -0.013198 0.999911 0.00204839 -0.174152 0.145413 -0.000107466 0.989371 0.294756
210 222 118 0.976798 0.0283807 -0.212273 0.963908 -0.0253195 0.999533 0.0171262 -0.21753 0.212659 -0.0113542 0.97706 0.153498
210 223 94 0.968232 0.037145 -0.24728 0.936797 -0.0330059 0.999237 0.0208645 -0.232857 0.247866 -0.01204 0.968719 0.26113
210 224 54 0.985316 0.0483853 -0.16374 0.889095 -0.0497577 0.998752 -0.00428764 -0.227606 0.163328 0.012372 0.986494 0.39712
225 226 245 0.99975 0.00367492 -0.0220483 0.91039 -0.00357736 0.999984 0.00446252 -0.261975 0.0220643 -0.00438253 0.999747 0.320248
225 227 127 0.999777 0.00680617 -0.019999 0.773305 -0.00684216 0.999975 -0.00173151 -0.199071 0.0199867 0.00186796 0.999799 0.601971
225 228 321 0.999955 0.00925265 0.00193925 -0.938359 -0.00923862 0.999932 -0.00712691 0.135696 -0.00200506 0.00710868 0.999973 0.317914
225 229 93 0.999563 0.0140691 -0.0259891 0.855461 -0.0139504 0.999891 0.00474143 -0.157193 0.026053 -0.0043768 0.999651 0.493433
225 230 90 0.998946 0.00587951 -0.0455223 0.852702 -0.00562628 0.999968 0.00568891 -0.151783 0.0455543 -0.00542679 0.998947 0.499862
225 231 95 0.998101 0.00809341 -0.0610654 0.812031 -0.00793267 0.999964 0.0028742 -0.116865 0.0610865 -0.00238433 0.99813 0.571793
225 232 137 0.997883 0.00882392 -0.0644339 0.947856 -0.00853216 0.999952 0.0048018 -0.11764 0.0644732 -0.00424188 0.99791 0.296191
225 233 80 0.997499 0.00575902 -0.0704409 0.836012 -0.00532952 0.999966 0.00628375 -0.0750859 0.0704747 -0.00589262 0.997496 0.54355
225 234 205 0.996136 0.00502077 -0.0876829 0.952109 -0.00420039 0.999946 0.0095382 -0.0929794 0.0877261 -0.00913304 0.996103 0.291277
225 235 216 0.995476 0.00680674 -0.0947715 0.932917 -0.00557076 0.999896 0.0133001 -0.0912289 0.0948522 -0.012712 0.99541 0.348344
225 236 197 0.994446 0.0120232 -0.10456 0.915818 -0.0104339 0.999822 0.0157333 -0.0926161 0.104731 -0.0145549 0.994394 0.390767
225 237 195 0.989946 0.0203313 -0.139979 0.933864 -0.0182277 0.999701 0.0162942 -0.0757378 0.140268 -0.0135789 0.99002 0.349517
225 238 239 0.989988 0.0189888 -0.13987 0.954796 -0.0160402 0.999625 0.0221784 -0.0804145 0.140239 -0.0197128 0.989921 0.28618
225 239 179 0.989895 0.0204081 -0.140327 0.869547 -0.0173113 0.99958 0.0232541 -0.0782623 0.140743 -0.0205899 0.989832 0.487609
240 241 0 1 0 0 0 0 1 0 0 0 0 1 0
240 242 349 0.998318 0.013564 -0.0563691 0.977899 -0.0129642 0.999856 0.0109916 -0.170552 0.05651 -0.0102423 0.998349 -0.120935
240 243 139 0.998425 0.013461 -0.0544597 0.992725 -0.0131363 0.999894 0.0063171 -0.0785667 0.054539 -0.00559175 0.998496 0.0912426
240 244 120 0.997912 0.0169577 -0.0623281 0.987853 -0.0166789 0.999848 0.0049915 -0.0780269 0.0624033 -0.00394152 0.998043 0.134383
240 245 115 0.9969 0.0253265 -0.0744909 0.996085 -0.0250131 0.999674 0.00513748 -0.0800172 0.0745967 -0.00325831 0.997208 0.0375703
240 246 196 0.994968 0.0276201 -0.0963076 0.972248 -0.0269582 0.999603 0.00816802 -0.0926943 0.096495 -0.00553065 0.995318 0.214805
240 247 168 0.993871 0.0282815 -0.106871 0.988876 -0.0274586 0.999581 0.00916407 -0.109649 0.107085 -0.00617337 0.994231 0.100511
240 248 104 0.993268 0.0345202 -0.110577 0.990072 -0.0336415 0.999386 0.00980314 -0.0953363 0.110848 -0.00601716 0.993819 0.103283
240 249 125 0.991683 0.041727 -0.121756 0.983543 -0.0407696 0.999115 0.010345 -0.13024 0.12208 -0.005295 0.992506 0.125224
240 250 140 0.986591 0.0469165 -0.156325 0.976212 -0.0458586 0.998894 0.0103692 -0.145206 0.156638 -0.00306134 0.987651 0.161016
240 251 117 0.981 0.0667033 -0.182178 0.959373 -0.0680891 0.997678 -0.00135556 -0.144118 0.181665 0.0137341 0.983265 0.242555
240 252 117 0.987141 0.0645945 -0.146221 0.971057 -0.0672677 0.997645 -0.0134068 -0.148763 0.14501 0.0230703 0.989161 0.186863
240 253 129 0.9808 0.0697918 -0.182099 0.977574 -0.0718436 0.997405 -0.00468684 -0.156026 0.181299 0.0176795 0.983269 0.141438
240 254 114 0.985651 0.0712459 -0.153024 0.979022 -0.0743405 0.997126 -0.0145902 -0.127616 0.151545 0.0257568 0.988115 0.158841
255 256 239 0.999629 0.00323225 -0.0270289 0.918934 -0.00319997 0.999994 0.00123732 0.199304 0.0270328 -0.00115037 0.999634 -0.340349
255 257 17 0.999966 0.00374739 -0.00730382 -0.674803 -0.00363433 0.999874 0.0154322 -0.0307183 0.00736074 -0.0154051 0.999854 -0.737358
255 258 176 0.998865 0.0075767 -0.047033 0.981216 -0.00693984 0.999882 0.0136891 0.178925 0.0471312 -0.0133471 0.9988 0.0721209
255 259 110 0.999038 0.0100631 -0.042685 0.972454 -0.00924385 0.99977 0.0193474 0.158804 0.0428699 -0.0189342 0.998901 0.170629
255 260 98 0.998053 0.0101638 -0.0615331 0.961594 -0.00848698 0.999587 0.0274517 0.127931 0.0617868 -0.0268761 0.997727 0.24284
255 261 97 0.998117 0.00941502 -0.0606058 0.764399 -0.00744214 0.999438 0.0326965 0.0429077 0.0608796 -0.0321839 0.997626 0.643314
255 262 105 0.997287 0.0101767 -0.0729054 0.917818 -0.00816221 0.999578 0.0278762 0.0274503 0.0731584 -0.0272055 0.996949 0.396052
255 263 102 0.995038 0.0136168 -0.0985589 0.896591 -0.0112592 0.999638 0.0244373 0.0232351 0.098856 -0.0232064 0.994831 0.442249
255 264 90 0.994238 0.00485637 -0.107082 0.90147 -0.00229562 0.999709 0.0240241 -0.00940684 0.107168 -0.0236399 0.99396 0.432739
255 265 92 0.995287 0.0185684 -0.0951756 0.753433 -0.0164654 0.999604 0.0228336 -0.0680201 0.0955619 -0.0211589 0.995199 0.653997
255 266 130 0.986507 0.00959615 -0.16344 0.923269 -0.00678685 0.99982 0.0177383 -0.0326038 0.163581 -0.0163897 0.986394 0.382768
255 267 89 0.990731 0.0222617 -0.134005 0.856658 -0.0197597 0.999605 0.0199717 -0.0821762 0.134397 -0.0171387 0.990779 0.509298
255 268 110 0.975413 0.030343 -0.218286 0.928368 -0.0261595 0.999415 0.0220305 -0.0880715 0.218826 -0.0157786 0.975636 0.361077
255 269 109 0.960006 0.0585812 -0.273783 0.919311 -0.0543275 0.998256 0.0230998 -0.0802433 0.274659 -0.00730197 0.961514 0.385263
270 271 127 0.99978 0.00648796 -0.0199578 0.712914 -0.00635918 0.999959 0.00650946 -0.301679 0.0199992 -0.00638111 0.99978 0.633043
270 272 130 0.999383 0.00862231 -0.0340534 0.768872 -0.00840734 0.999944 0.00645087 -0.367087 0.0341071 -0.00616059 0.999399 0.523529
270 273 177 0.997198 0.0264004 -0.0699906 0.92825 -0.0258724 0.99963 0.00843982 -0.2998 0.0701875 -0.00660536 0.997512 0.220164
270 274 105 0.998859 0.0274382 -0.0390875 0.902472 -0.0274063 0.999623 0.00135288 -0.32223 0.0391099 -0.000280091 0.999235 0.285854
270 275 99 0.999122 0.0276664 -0.0314483 0.719529 -0.0276445 0.999617 0.00112989 -0.294423 0.0314675 -0.000259523 0.999505 0.628963
270 276 118 0.998059 0.0302143 -0.0544504 0.844494 -0.0300962 0.999543 0.00298722 -0.284998 0.0545157 -0.00134267 0.998512 0.453437
270 277 134 0.997436 0.0358803 -0.0619132 0.874604 -0.0358316 0.999356 0.0018974 -0.242829 0.0619414 0.000325911 0.99808 0.419644
270 278 139 0.997309 0.0279224 -0.0677834 0.861236 -0.0277828 0.999609 0.00300205 -0.256146 0.0678407 -0.00111076 0.997696 0.438932
270 279 129 0.994094 0.0400232 -0.100872 0.858485 -0.0402363 0.99919 -7.83915e-05 -0.199425 0.100787 0.00413664 0.994899 0.472475
270 280 86 0.997651 0.0311381 -0.0610191 0.856345 -0.0313263 0.999507 -0.00212879 -0.220686 0.0609227 0.00403529 0.998134 0.466874
270 281 134 0.996249 0.0314045 -0.0806331 0.867572 -0.0310063 0.9995 0.00618681 -0.211011 0.0807871 -0.00366348 0.996725 0.450325
270 282 129 0.995269 0.0335802 -0.0911695 0.814385 -0.0329808 0.999423 0.00807278 -0.196304 0.091388 -0.00502775 0.995803 0.546115
270 283 120 0.994596 0.0311822 -0.0990287 0.812932 -0.0303808 0.999492 0.00959108 -0.196422 0.0992775 -0.00653068 0.995038 0.548233
270 284 109 0.993648 0.0280491 -0.108981 0.866179 -0.0269917 0.999573 0.0111662 -0.20642 0.109248 -0.00815374 0.993981 0.45511
285 286 0 1 0 0 0 0 1 0 0 0 0 1 0
285 287 174 0.999941 4.3595e-05 0.0108197 -0.940556 -7.3865e-05 0.999996 0.00279729 0.146214 -0.0108195 -0.00279792 0.999938 -0.306556
285 288 132 0.999661 -0.00230776 -0.0259261 0.975515 0.0025092 0.999967 0.00773974 -0.164354 0.0259074 -0.00780218 0.999634 -0.146146
285 289 139 0.999137 0.00839912 -0.0406686 0.991611 -0.0082318 0.999957 0.00427991 -0.111403 0.0407028 -0.00394144 0.999164 0.0655483
285 290 118 0.999588 0.00964897 -0.0270184 0.984818 -0.00960384 0.999952 0.00179964 -0.120384 0.0270344 -0.00153942 0.999633 0.125063
285 291 115 0.999125 0.0155406 -0.03882 0.988544 -0.0154248 0.999876 0.00328174 -0.10764 0.0388662 -0.00268008 0.999241 -0.105806
285 292 245 0.998432 0.0200356 -0.0522742 0.979082 -0.0196826 0.99978 0.00726011 -0.120025 0.0524082 -0.00621983 0.998606 -0.164294
285 293 91 0.998508 0.0325115 -0.0438822 0.95111 -0.0322327 0.999456 0.00704486 -0.04798 0.0440873 -0.0056199 0.999012 -0.305104
285 294 73 0.999433 0.0262839 -0.0210629 0.980892 -0.0261799 0.999644 0.00519868 -0.0999883 0.021192 -0.0046443 0.999765 -0.166894
285 295 207 0.997495 0.0553777 -0.0440205 0.956611 -0.0550212 0.998442 0.00927061 -0.104279 0.0444653 -0.00682532 0.998988 -0.27207
285 296 166 0.996411 0.0668691 -0.0519073 0.975827 -0.0658245 0.997598 0.0215821 -0.11153 0.0532258 -0.0180878 0.998419 -0.187946
285 297 174 0.991021 0.0829729 -0.104847 0.992106 -0.0792894 0.996095 0.0388321 -0.11225 0.10766 -0.0301702 0.99373 -0.0559048
285 298 198 0.995712 0.0902794 -0.0202015 0.994408 -0.089667 0.995538 0.0294058 -0.0839809 0.0227661 -0.0274682 0.999363 -0.0640313
285 299 81 0.995081 0.0990139 -0.0033169 0.983656 -0.0988748 0.994667 0.0293645 -0.0929326 0.0062067 -0.0288921 0.999563 -0.15422
300 301 0 1 0 0 0 0 1 0 0 0 0 1 0
300 302 24 0.999894 0.0133847 -0.0057682 0.987939 -0.0134033 0.999905 -0.00319856 -0.0472254 0.00572484 0.00327554 0.999978 -0.147463
300 303 13 0.999887 0.0120903 0.00890755 -0.99708 -0.0120398 0.999911 -0.00569684 0.0680126 -0.00897564 0.00558895 0.999944 -0.0347292
300 304 93 0.999856 0.0151898 -0.00762011 0.975912 -0.0152521 0.99985 -0.00818973 -0.171949 0.00749457 0.00830477 0.999937 -0.134273
300 305 102 0.999852 0.017106 -0.00181127 0.609038 -0.0171359 0.999691 -0.018001 -0.0481875 0.00150278 0.0180294 0.999836 -0.791676
300 306 110 0.999634 0.0251156 -0.0100298 0.993072 -0.0253581 0.99937 -0.0248332 -0.109167 0.00939973 0.0250785 0.999641 -0.0434732
300 307 156 0.999806 0.00777553 0.018122 -0.97325 -0.00716593 0.999414 -0.0334643 0.173268 -0.0183716 0.0333279 0.999276 -0.150875
300 308 104 0.99972 0.00931387 -0.0217575 0.929594 -0.00996097 0.999506 -0.0298249 -0.106258 0.0214689 0.0300333 0.999318 -0.352936
300 309 105 0.999623 0.00214929 -0.027366 0.95749 -0.00293407 0.999585 -0.0286695 -0.123012 0.027293 0.028739 0.999214 -0.260924
300 310 142 0.99995 -0.00142735 0.00994554 -0.935721 0.00179929 0.999295 -0.0374894 0.162417 -0.00988502 0.0375054 0.999248 -0.313125
300 311 106 0.997788 -0.000436489 -0.0664793 0.946465 -0.00140644 0.999616 -0.0276725 -0.0802083 0.0664659 0.0277048 0.997404 -0.312682
300 312 98 0.998007 -0.0044717 -0.0629506 0.983301 0.00264058 0.999572 -0.0291415 -0.120884 0.063054 0.0289172 0.997591 -0.136039
300 313 107 0.998744 -0.0115536 -0.0487547 -0.987523 0.00964316 0.999183 -0.0392402 0.104331 0.0491683 0.0387207 0.99804 0.117955
300 314 216 0.993627 -0.00841666 -0.112402 0.956521 0.00471642 0.999439 -0.0331451 -0.124715 0.112618 0.0324038 0.99311 -0.263653
315 316 31 0.999981 0.000808617 -0.00618425 -0.430325 -0.00082098 0.999998 -0.00199696 -0.083835 0.00618262 0.002002 0.999979 0.898773
315 317 127 0.999942 -0.00998739 -0.00413405 -0.769868 0.0099424 0.999893 -0.0107627 0.00694011 0.0042411 0.0107209 0.999934 0.638165
315 318 0 1 0 0 0 0 1 0 0 0 0 1 0
315 319 217 0.999403 0.00104659 -0.03454 0.973345 -0.00142814 0.999938 -0.0110238 -0.124534 0.0345264 0.0110666 0.999343 -0.19259
315 320 205 0.999272 -0.005046 -0.0378184 0.948595 0.00449836 0.999884 -0.0145518 -0.0908475 0.0378874 0.0143711 0.999179 -0.303174
315 321 210 0.998886 6.46406e-06 -0.0471843 0.915602 -0.00079837 0.999859 -0.0167644 -0.0395287 0.0471776 0.0167834 0.998746 -0.400139
315 322 191 0.998784 -0.00857242 -0.0485499 0.988164 0.00772332 0.999814 -0.01765 -0.0731438 0.0486922 0.0172535 0.998665 -0.134838
315 323 187 0.998565 -0.00470894 -0.0533509 0.928243 0.00358797 0.999771 -0.0210876 -0.0490727 0.053438 0.0208659 0.998353 -0.368723
315 324 305 0.996529 -0.0137939 -0.0820928 0.940447 0.0130009 0.999864 -0.010186 -0.163381 0.0822221 0.00908338 0.996573 -0.298104
315 325 176 0.996976 -0.0129205 -0.0766325 0.949546 0.0115561 0.999767 -0.0182213 -0.0519868 0.0768501 0.0172806 0.996893 -0.30929
315 326 181 0.996272 -0.0142556 -0.0850783 0.852903 0.0132992 0.999842 -0.0117973 -0.0709831 0.085233 0.0106218 0.996304 -0.517221
315 327 170 0.996255 -0.00840044 -0.0860583 0.949562 0.00729678 0.999887 -0.0131312 -0.074586 0.0861589 0.012454 0.996204 -0.304579
315 328 244 0.994144 0.0151697 -0.10699 0.972549 -0.0170731 0.999711 -0.0168972 -0.0286623 0.106703 0.0186249 0.994117 -0.230928
315 329 221 0.992505 0.0144202 -0.12135 0.973714 -0.0161902 0.999776 -0.0136128 -0.083463 0.121126 0.0154754 0.992516 -0.21193
330 331 70 0.999903 -0.0067665 0.012201 -0.871804 0.00675777 0.999977 0.000756614 0.13438 -0.0122058 -0.000674088 0.999925 -0.471062
330 332 205 0.999904 -0.00699545 -0.0119673 0.952844 0.00702443 0.999972 0.0023814 -0.00621503 0.0119503 -0.00246523 0.999926 0.303397
330 333 202 0.999833 -0.00465126 -0.0176612 0.99569 0.00460612 0.999986 -0.00259562 -0.0601986 0.017673 0.00251384 0.999841 -0.0705565
330 334 213 0.999117 -0.00668959 0.0414855 -0.843369 0.00722033 0.999894 -0.0126567 0.147497 -0.0413964 0.012945 0.999059 -0.516694
330 335 177 0.998702 -0.00939443 0.050053 -0.89607 0.0101864 0.999827 -0.0155918 0.136058 -0.0498978 0.0160815 0.998625 -0.422548
330 336 184 0.999793 -0.0128864 -0.0157677 0.958424 0.0127533 0.999882 -0.00851576 -0.0974941 0.0158756 0.0083129 0.999839 -0.268176
330 337 187 0.999855 -0.0103077 -0.0135282 0.979108 0.0101118 0.999844 -0.0144656 -0.0632184 0.0136752 0.0143267 0.999804 -0.193262
330 338 270 0.995378 -0.0169135 0.0945319 -0.92475 0.0199539 0.999311 -0.0313106 0.13525 -0.0939372 0.0330522 0.995029 -0.355732
330 339 157 0.999602 -0.0038083 -0.0279584 0.936565 0.00305508 0.999633 -0.0269343 -0.0662819 0.0280507 0.0268381 0.999246 -0.34417
