0 1 108 0.999952 0.00975047 0.0010043 -0.427353 -0.00975247 0.99995 0.00200963 0.0493991 -0.000984658 -0.00201933 0.999997 -0.902734
0 2 489 0.999569 0.0135991 -0.0260287 0.719016 -0.0136745 0.999903 -0.00271786 0.23995 0.0259892 0.00307262 0.999658 -0.652257
0 3 468 0.998787 0.0147097 -0.046987 0.762942 -0.0148007 0.999889 -0.00159112 0.211063 0.0469584 0.00228463 0.998894 -0.611042
0 4 534 0.996996 0.0203472 -0.0747284 0.869059 -0.0205081 0.999789 -0.00138611 0.244325 0.0746844 0.00291448 0.997203 -0.430166
0 5 440 0.998226 0.0214194 -0.0555516 0.788276 -0.021163 0.999763 0.00520116 0.258318 0.0556498 -0.00401629 0.998442 -0.558474
0 6 445 0.997338 0.0297591 -0.0665688 0.809649 -0.029641 0.999557 0.00276068 0.269801 0.0666214 -0.000780164 0.997778 -0.521226
0 7 434 0.994679 0.0260312 -0.0996775 0.876329 -0.0256625 0.999658 0.00498004 0.228219 0.0997731 -0.00239557 0.995007 -0.424222
0 8 421 0.994325 0.0303907 -0.10195 0.830004 -0.0296804 0.999523 0.00847727 0.238043 0.102159 -0.00540325 0.994753 -0.50441
0 9 375 0.994947 0.0319176 -0.0951929 0.79854 -0.0306024 0.999415 0.0152442 0.236076 0.0956239 -0.0122541 0.995342 -0.553717
0 10 417 0.984766 0.0377298 -0.16974 0.917251 -0.0350361 0.999208 0.0188378 0.156644 0.170317 -0.0126038 0.985309 -0.366214
0 11 366 0.988168 0.0464325 -0.14618 0.886304 -0.0436236 0.998798 0.0223648 0.158348 0.147043 -0.0157233 0.989005 -0.435192
0 12 305 0.984362 0.0536783 -0.167781 0.880179 -0.0531926 0.998557 0.00739107 0.21621 0.167935 0.00164921 0.985797 -0.422538
0 13 291 0.979861 0.0590439 -0.190751 0.907361 -0.0580236 0.998255 0.0109348 0.204484 0.191063 0.000353411 0.981578 -0.367263
0 14 243 0.979577 0.0732855 -0.187236 0.895671 -0.0692251 0.997204 0.0281422 0.155615 0.188775 -0.0146061 0.981912 -0.416602
15 16 458 0.999814 0.000801039 -0.0192924 0.875404 -0.00106449 0.999906 -0.0136493 0.36607 0.0192796 0.0136673 0.999721 -0.315692
15 17 423 0.998248 0.00218989 -0.0591344 0.924866 -0.00218614 0.999998 0.000128201 0.0232367 0.0591345 1.29971e-06 0.99825 -0.379582
15 18 435 0.99879 0.00555112 -0.0488727 0.869613 -0.00575184 0.999976 -0.0039673 0.200808 0.0488495 0.00424361 0.998797 -0.451053
15 19 432 0.999573 0.00534236 -0.0287282 0.76131 -0.00535015 0.999986 -0.000194075 0.277698 0.0287268 0.000347692 0.999587 -0.585911
15 20 397 0.996921 -0.00371513 -0.0783266 0.866873 0.00249865 0.999875 -0.0156231 0.319795 0.0783748 0.0153793 0.996805 -0.382441
15 21 402 0.998059 0.00934015 -0.0615719 0.845027 -0.00858784 0.999885 0.0124717 0.129334 0.0616813 -0.0119187 0.998025 -0.518848
15 22 406 0.995678 0.0168958 -0.0913202 0.910521 -0.0166577 0.999856 0.00336941 0.181277 0.091364 -0.00183367 0.995816 -0.371606
15 23 389 0.99688 0.0291494 -0.0733485 0.844327 -0.0286428 0.999558 0.00794973 0.128926 0.0735478 -0.00582403 0.997275 -0.520087
15 24 386 0.981047 0.0249303 -0.192159 0.956035 -0.0277246 0.999545 -0.0118656 0.1412 0.191776 0.0169683 0.981292 -0.257021
15 25 344 0.986833 0.0304798 -0.158845 0.926709 -0.0334099 0.999317 -0.0158076 0.161759 0.158254 0.0209064 0.987177 -0.339183
15 26 345 0.97974 0.0324235 -0.197632 0.949106 -0.0389363 0.998816 -0.0291569 0.166803 0.196453 0.0362613 0.979843 -0.26716
15 27 311 0.974776 0.0411028 -0.219368 0.959471 -0.0492508 0.99828 -0.0318023 0.125169 0.217684 0.0418042 0.975124 -0.252484
15 28 279 0.978231 0.0479178 -0.20191 0.948065 -0.0549011 0.998067 -0.0291258 0.0873603 0.200124 0.0395769 0.978971 -0.305844
15 29 246 0.975925 0.0584316 -0.210134 0.950293 -0.0682475 0.996876 -0.0397625 0.10317 0.207154 0.0531464 0.976864 -0.293769
30 31 501 0.99888 0.000455599 -0.0473227 0.979447 8.43606e-05 0.999935 0.0114075 -0.124687 0.0473248 -0.0113987 0.998815 -0.158549
30 32 501 0.997646 0.00259416 -0.0685191 0.983134 -0.000940042 0.999708 0.0241622 -0.16984 0.0685618 -0.0240409 0.997357 0.0678391
30 33 448 0.996978 0.0158259 -0.0760498 0.946554 -0.0130715 0.999245 0.0365806 -0.295062 0.0765714 -0.035476 0.996433 0.130282
30 34 313 0.991726 0.0328338 -0.124103 0.997127 -0.031916 0.999447 0.00937685 0.000580429 0.124343 -0.00533839 0.992225 0.0757461
30 35 127 0.997502 0.0648016 0.0280997 0.519734 -0.0653179 0.997705 0.0178604 -0.150841 -0.0268778 -0.0196512 0.999446 -0.840906
30 36 222 0.981368 0.0602 -0.182462 0.991519 -0.0562848 0.998061 0.0265652 0.0166038 0.183707 -0.0158004 0.982854 0.128899
30 37 237 0.994242 0.105232 -0.0202421 0.958639 -0.103578 0.992136 0.0702705 -0.281095 0.0274776 -0.0677693 0.997323 0.0446886
30 38 326 0.996602 0.0753985 -0.0331489 0.990025 -0.07351 0.995782 0.0549086 -0.0468062 0.0371491 -0.0522853 0.997941 0.13289
30 39 334 0.997014 0.0742984 -0.0210386 0.991381 -0.0730091 0.995727 0.0565539 -0.0496456 0.0251505 -0.054849 0.998178 0.121241
30 40 262 0.994301 0.0616042 -0.0870092 0.978372 -0.0577133 0.997247 0.046549 0.0166783 0.0896373 -0.0412621 0.995119 0.206181
30 41 240 0.992622 0.0466189 -0.111934 0.971831 -0.0445953 0.998794 0.0205165 0.103084 0.112755 -0.0153734 0.993504 0.211938
30 42 267 0.982041 0.052591 -0.181192 0.969545 -0.0531855 0.998583 0.00157933 0.120857 0.181018 0.00808582 0.983447 0.213016
30 43 236 0.987327 0.0539609 -0.149241 0.980798 -0.0515953 0.998474 0.0196801 0.0611654 0.150076 -0.0117306 0.988605 0.185187
30 44 227 0.981577 0.0412417 -0.186561 0.971842 -0.044381 0.998934 -0.0126806 0.140969 0.185839 0.0207267 0.982362 0.188812
45 46 39 0.999983 0.00171671 -0.00553865 0.108503 -0.00170367 0.999996 0.0023595 0.0121968 0.00554267 -0.00235002 0.999982 -0.994021
45 47 0 1 0 0 0 0 1 0 0 0 0 1 0
45 48 396 0.997544 0.0207098 -0.0669177 0.99087 -0.0209393 0.999777 -0.00272924 0.133561 0.0668462 0.00412375 0.997755 0.0183678
45 49 435 0.994547 0.0274771 -0.100609 0.985019 -0.0256429 0.999481 0.0194801 -0.115791 0.101092 -0.0167939 0.994735 -0.127791
45 50 384 0.995687 0.0342506 -0.0862261 0.974352 -0.0337207 0.999402 0.00759507 0.0766271 0.0864347 -0.00465471 0.996247 -0.21158
45 51 337 0.996533 0.0318968 -0.0768455 0.963544 -0.0314078 0.999478 0.00756405 0.180788 0.0770467 -0.00512427 0.997014 -0.197227
45 52 294 0.984214 0.054802 -0.168284 0.991669 -0.0473879 0.997734 0.0477641 -0.0720836 0.170521 -0.0390355 0.984581 -0.106754
45 53 280 0.987591 0.0464453 -0.150022 0.9878 -0.0395408 0.998031 0.048684 -0.00897 0.151988 -0.0421479 0.987483 -0.155468
45 54 299 0.982415 0.0733184 -0.171711 0.998625 -0.0649464 0.996433 0.0538841 0.0333735 0.17505 -0.0417845 0.983673 -0.0404335
45 55 146 0.964925 0.11673 -0.235145 0.987785 -0.0957234 0.990484 0.0988876 -0.142999 0.244451 -0.0729102 0.966917 0.0619084
45 56 236 0.978947 0.131629 -0.156001 0.997696 -0.123501 0.990484 0.0607418 -0.0606523 0.162512 -0.0401967 0.985887 0.0304014
45 57 279 0.982429 0.13238 -0.131565 0.998211 -0.129076 0.991073 0.0333665 0.0549164 0.134807 -0.0157984 0.990746 0.0236541
45 58 245 0.978925 0.140295 -0.148404 0.999776 -0.134987 0.989811 0.0453033 0.0211865 0.153248 -0.0243158 0.987889 0.00024028
45 59 234 0.979919 0.142592 -0.13938 0.998112 -0.136933 0.989346 0.0494311 0.0610427 0.144943 -0.0293528 0.989004 0.00687115
60 61 283 0.999852 0.00989618 0.0140433 -0.162462 -0.010042 0.999896 0.0103518 -0.435758 -0.0139394 -0.0104913 0.999848 0.88528
60 62 331 0.999233 0.0175301 -0.0350041 0.86903 -0.0182583 0.999621 -0.0205917 0.363051 0.0346299 0.0212151 0.999175 0.336125
60 63 344 0.998475 0.0278164 -0.0476897 0.940831 -0.0284084 0.999527 -0.0117812 0.162228 0.0473394 0.013118 0.998793 0.297522
60 64 290 0.998216 0.0349898 -0.0483809 0.888765 -0.0354137 0.999341 -0.00793279 0.114772 0.0480714 0.00963198 0.998797 0.443762
60 65 245 0.998414 0.0277041 -0.0490084 0.827762 -0.028164 0.999565 -0.00871957 0.0855272 0.0487456 0.010086 0.99876 0.554522
60 66 294 0.995865 0.0201135 -0.0885918 0.9257 -0.0221181 0.99952 -0.0217042 0.139489 0.0881127 0.023574 0.995832 0.3516
60 67 277 0.993872 0.014019 -0.109645 0.932098 -0.0172275 0.999449 -0.0283699 0.117496 0.109187 0.030085 0.993566 0.34262
60 68 220 0.996777 0.0318178 -0.073636 0.835224 -0.0324481 0.999446 -0.00737861 -0.0630767 0.0733605 0.00974418 0.997258 0.54628
60 69 260 0.990716 0.0226345 -0.134052 0.926998 -0.0256843 0.999448 -0.0210652 0.0392705 0.133501 0.0243126 0.99075 0.373004
60 70 208 0.99461 0.0394621 -0.0958881 0.854998 -0.0400089 0.999192 -0.00378568 -0.0889499 0.0956613 0.00760165 0.995385 0.510946
60 71 212 0.994069 0.0290466 -0.104802 0.831442 -0.0299872 0.999523 -0.00741059 -0.0671461 0.104537 0.0105094 0.994465 0.551539
60 72 181 0.986179 0.0487846 -0.158341 0.851963 -0.0460343 0.998719 0.0209931 -0.194859 0.159163 -0.0134139 0.987161 0.485993
60 73 199 0.995731 0.0421679 -0.0821127 0.675939 -0.0435896 0.998928 -0.0155982 -0.0447075 0.0813669 0.0191109 0.996501 0.7356
60 74 219 0.980903 0.0206222 -0.1934 0.878688 -0.0269901 0.999175 -0.0303492 0.00798532 0.192614 0.0349896 0.980651 0.477329
75 76 24 0.999935 0.00959812 -0.00621551 -0.53742 -0.00961532 0.99995 -0.00274416 0.307609 0.00618886 0.00280375 0.999977 -0.785211
75 77 182 0.999839 0.0160751 -0.00800558 0.406283 -0.0161523 0.999823 -0.00968375 -0.221737 0.0078485 0.00981149 0.999921 0.886435
75 78 302 0.999657 0.0178005 -0.0191958 0.739942 -0.0180777 0.999733 -0.0143624 -0.391393 0.018935 0.0147044 0.999713 0.547082
75 79 307 0.999685 0.0153061 -0.0198913 0.783205 -0.015736 0.999642 -0.0216382 -0.353218 0.0195529 0.0219444 0.999568 0.51169
75 80 282 0.9991 0.0308875 -0.0290813 0.739143 -0.0315147 0.999275 -0.0213608 -0.351214 0.0284004 0.0222581 0.999349 0.574732
75 81 292 0.999243 0.0257769 -0.0291335 0.691754 -0.0265671 0.99928 -0.0270691 -0.352243 0.0284148 0.0278226 0.999209 0.630398
75 82 300 0.998021 0.0203281 -0.0595096 0.844861 -0.0221252 0.999314 -0.029697 -0.330456 0.0588651 0.0309548 0.997786 0.420724
75 83 300 0.998685 0.0210183 -0.0467512 0.819541 -0.0225792 0.999197 -0.0331136 -0.371785 0.0460176 0.0341257 0.998358 0.436038
75 84 278 0.997971 0.036311 -0.0522957 0.792597 -0.0384127 0.998471 -0.0397609 -0.333492 0.0507719 0.0416891 0.99784 0.510464
75 85 288 0.994799 0.0241501 -0.0989485 0.874406 -0.0274192 0.999118 -0.0318124 -0.358362 0.0980929 0.03436 0.994584 0.327094
75 86 310 0.997717 0.0361853 -0.0570244 0.79039 -0.0391764 0.997866 -0.0522389 -0.313466 0.0550125 0.0543537 0.997005 0.526329
75 87 256 0.998868 0.0474715 -0.00290658 0.500214 -0.0475462 0.995212 -0.0853984 -0.14278 -0.00116132 0.0854399 0.996343 0.854049
75 88 279 0.996744 0.0381665 -0.0710265 0.804171 -0.0422585 0.997478 -0.0570305 -0.341422 0.0686707 0.0598463 0.995843 0.486559
75 89 290 0.99629 0.0523087 -0.0683366 0.797376 -0.0565178 0.996525 -0.061184 -0.30752 0.0648987 0.0648192 0.995784 0.519252
90 91 90 0.999996 0.00285809 -0.000511216 -0.0269542 -0.0028564 0.999991 0.00327098 -0.179918 0.00052056 -0.00326951 0.999995 0.983312
90 92 10 0.99971 0.0240988 0.000386445 -0.742354 -0.0241013 0.999669 0.00905121 0.11512 -0.000168194 -0.00905789 0.999959 0.660044
90 93 386 0.996617 0.0217165 -0.0792659 0.967999 -0.0224761 0.99971 -0.00870264 0.250649 0.0790538 0.0104548 0.996816 0.0123888
90 94 330 0.996215 0.0219369 -0.084111 0.988129 -0.0215918 0.999754 0.00501105 0.137673 0.0842003 -0.00317598 0.996444 -0.0681665
90 95 17 0.999289 0.03625 -0.0103589 0.81363 -0.0359153 0.998879 0.0308493 -0.00363033 0.0114655 -0.0304554 0.99947 -0.581371
90 96 307 0.99166 0.0524727 -0.117713 0.987807 -0.049979 0.998461 0.0240393 0.155569 0.118793 -0.0179556 0.992757 0.00604373
90 97 287 0.993316 0.0659999 -0.0946988 0.970095 -0.0631908 0.997477 0.0323643 0.234317 0.0965959 -0.0261639 0.99498 0.0633294
90 98 75 0.998101 0.0595884 0.015633 -0.551329 -0.0605604 0.995592 0.0716205 -0.105031 -0.0112964 -0.0724312 0.997309 0.82765
90 99 231 0.989362 0.0877427 -0.116034 0.971393 -0.0800295 0.994363 0.0695486 0.19552 0.121482 -0.0595226 0.990807 -0.134789
90 100 222 0.994522 0.102157 -0.0221185 0.970839 -0.099427 0.989877 0.10128 0.236406 0.032241 -0.0985262 0.994612 0.039788
90 101 225 0.993868 0.107078 -0.0275694 0.985143 -0.103165 0.987733 0.117218 0.0776288 0.0397826 -0.113655 0.992724 -0.153189
90 102 84 0.993918 0.108084 0.0210889 -0.64029 -0.109952 0.984661 0.135473 -0.110567 -0.00612289 -0.136968 0.990557 0.760134
90 103 237 0.97071 0.134322 -0.199198 0.979245 -0.116045 0.988115 0.100806 0.197594 0.210371 -0.0747371 0.974761 0.0451268
90 104 103 0.990554 0.135509 0.0209638 -0.617786 -0.13712 0.979362 0.148484 -0.121109 -0.000410191 -0.149956 0.988693 0.776964
105 106 11 0.99973 0.0195464 -0.0125513 0.599519 -0.0195317 0.999808 0.00128919 0.254641 0.0125741 -0.0010437 0.99992 -0.758772
105 107 86 0.999726 0.0233703 -0.00107501 -0.818261 -0.0233512 0.999612 0.0151908 -0.519538 0.00142961 -0.0151615 0.999884 0.246024
105 108 249 0.998916 0.0316347 -0.0341435 0.739266 -0.0314053 0.999481 0.00723513 0.321181 0.0343547 -0.006155 0.999391 -0.591886
105 109 178 0.999174 0.0268101 -0.0305289 0.662405 -0.0263424 0.999531 0.0156201 0.24718 0.0309334 -0.014803 0.999412 -0.707193
105 110 226 0.996783 0.0356793 -0.0717669 0.811171 -0.0346799 0.999284 0.0151244 0.323491 0.0722552 -0.0125868 0.997307 -0.487191
105 111 235 0.996066 0.0237097 -0.085384 0.947458 -0.0214526 0.999398 0.0272561 0.287115 0.0859788 -0.0253171 0.995975 -0.141023
105 112 211 0.998244 0.0282352 -0.0520732 0.959049 -0.026259 0.998923 0.0382528 0.253613 0.0530972 -0.0368182 0.99791 -0.126116
105 113 54 0.999406 0.0311631 -0.0147175 -0.950911 -0.030504 0.998607 0.043063 -0.235701 0.0160389 -0.0425885 0.998964 -0.200531
105 114 232 0.997717 0.0258318 -0.0623987 0.97397 -0.0241498 0.999328 0.0275614 0.203896 0.0630688 -0.0259916 0.997671 -0.0990416
105 115 264 0.985968 0.0272547 -0.164695 0.984244 -0.0250286 0.999565 0.0155772 0.120478 0.165048 -0.0112365 0.986221 -0.129414
105 116 241 0.982914 0.0294993 -0.181686 0.991222 -0.0270057 0.999504 0.0161841 0.0908805 0.182074 -0.011001 0.983223 -0.096017
105 117 196 0.996202 0.0163572 -0.0855204 0.982971 -0.0148001 0.999714 0.0188092 0.146798 0.0858035 -0.0174721 0.996159 0.110535
105 118 158 0.992564 0.0192367 -0.120194 0.991646 -0.0171084 0.999678 0.018714 0.107508 0.120516 -0.0165186 0.992574 -0.0712765
105 119 139 0.97494 0.0204798 -0.221524 0.998632 -0.017849 0.999744 0.0138717 0.0426045 0.221751 -0.00957011 0.975056 0.0303309
120 121 13 0.999946 -0.00255634 0.0100327 -0.777643 0.00255338 0.999997 0.000308166 0.14079 -0.0100335 -0.000282532 0.99995 -0.612739
120 122 193 0.999987 -0.0032412 -0.00399274 0.964279 0.00326793 0.999972 0.00670638 -0.264478 0.00397089 -0.00671934 0.99997 0.0147849
120 123 340 0.999908 -0.00375255 -0.0130306 0.94919 0.00389819 0.99993 0.0111696 -0.291243 0.0129878 -0.0112194 0.999853 -0.119231
120 124 338 0.999761 -0.00241886 -0.0217475 0.967243 0.00264985 0.99994 0.0105988 -0.222731 0.0217206 -0.0106539 0.999707 0.121786
120 125 140 0.999933 -0.00827006 0.0080612 0.923874 0.00823682 0.999957 0.00414835 -0.322347 -0.00809516 -0.00408168 0.999959 0.206276
120 126 155 0.999959 -0.00749196 -0.0050023 0.903161 0.00750423 0.999969 0.00243842 -0.301018 0.00498388 -0.00247586 0.999985 0.306087
120 127 141 0.999917 0.00104648 0.0128339 0.92546 -0.000940786 0.999966 -0.00823875 -0.330491 -0.0128421 0.00822599 0.999884 0.1852
120 128 163 0.999775 -0.00190073 0.0211076 -0.883609 0.00208139 0.999961 -0.00854011 0.302803 -0.0210906 0.00858213 0.999741 -0.357135
120 129 137 0.998238 -0.0147276 0.057484 -0.849755 0.0155331 0.999787 -0.0135911 0.357151 -0.0572716 0.0144601 0.998254 -0.387761
120 130 100 0.999682 -0.00176619 -0.0251678 0.927081 0.00198675 0.99996 0.00874125 -0.303896 0.0251513 -0.00878847 0.999645 0.219475
120 131 245 0.998532 0.00920616 -0.0533784 0.945229 -0.00884961 0.999937 0.00691227 -0.256226 0.0534386 -0.00642975 0.99855 0.202214
120 132 142 0.999473 -0.0186723 0.0265358 -0.895419 0.0189887 0.999751 -0.0117221 0.295869 -0.0263104 0.0122198 0.999579 -0.332695
120 133 77 0.999424 0.0112852 -0.0319902 0.950228 -0.0112344 0.999935 0.00176597 -0.228568 0.0320081 -0.00140556 0.999487 0.211715
120 134 165 0.997091 0.00714244 -0.0758789 0.96316 -0.00605119 0.999875 0.0146017 -0.240478 0.0759737 -0.0141001 0.99701 0.120384
135 136 255 0.999642 0.00349409 -0.0265183 0.937558 -0.00341277 0.999989 0.00311115 0.181787 0.0265289 -0.00301954 0.999643 -0.296546
135 137 111 0.999597 0.00721196 -0.0274658 0.956735 -0.00688346 0.999904 0.012036 0.152136 0.0275499 -0.011842 0.99955 -0.248016
135 138 146 0.999761 0.00457239 -0.0213889 -0.987378 -0.0039568 0.999579 0.028735 -0.121808 0.0215112 -0.0286434 0.999358 -0.101229
135 139 220 0.9977 0.0169585 -0.0656275 0.944515 -0.0149818 0.999423 0.030495 0.155138 0.0661068 -0.0294416 0.997378 -0.289522
135 140 218 0.996657 0.0249247 -0.0777998 0.898469 -0.0222292 0.999129 0.0353228 0.148131 0.0786124 -0.0334753 0.996343 -0.413292
135 141 201 0.995616 0.0288153 -0.0889873 0.933701 -0.0254009 0.998906 0.0392677 0.163349 0.0900215 -0.0368351 0.995258 -0.318622
135 142 179 0.99383 0.0335255 -0.105727 0.907532 -0.0286077 0.998452 0.047693 0.158258 0.107162 -0.0443742 0.993251 -0.389023
135 143 274 0.990086 0.0349271 -0.136051 0.969058 -0.0276452 0.998101 0.0550501 0.129181 0.137715 -0.0507432 0.989171 -0.21033
135 144 257 0.98955 0.0473601 -0.136193 0.960618 -0.0395674 0.997452 0.059368 0.141988 0.138658 -0.0533588 0.988902 -0.238859
135 145 251 0.98579 0.0636517 -0.155457 0.940029 -0.0548937 0.996688 0.0599985 0.151043 0.158761 -0.0506123 0.986019 -0.30583
135 146 98 0.986922 0.0739161 -0.143252 0.951814 -0.0649835 0.995697 0.0660678 0.141404 0.147519 -0.0558947 0.987479 -0.272132
135 147 178 0.983879 0.0811375 -0.159371 0.951357 -0.0714511 0.995284 0.0656056 0.139534 0.163943 -0.0531607 0.985036 -0.274681
135 148 110 0.983118 0.0901138 -0.159243 0.798208 -0.0810133 0.994735 0.0627579 0.119763 0.16406 -0.0487976 0.985243 -0.590357
135 149 164 0.975832 0.0933891 -0.197561 0.970691 -0.082995 0.994726 0.0602716 0.142527 0.202148 -0.0424184 0.978436 -0.193506
150 151 0 1 0 0 0 0 1 0 0 0 0 1 0
150 152 291 0.999747 -0.0179999 0.0134796 -0.988032 0.0178929 0.999808 0.00801012 -0.065617 -0.0136212 -0.0077669 0.999877 0.139598
150 153 158 0.999944 -0.00872739 -0.00591902 -0.993844 0.00874465 0.999958 0.00289774 -0.109881 0.00589348 -0.00294934 0.999978 -0.0141611
150 154 161 0.997713 -0.00380235 -0.0674818 0.994026 0.00327976 0.999964 -0.00785326 0.0844579 0.0675092 0.00761398 0.99769 -0.0691368
150 155 67 0.998314 -0.0226797 -0.0534269 -0.955728 0.0218328 0.999627 -0.0163831 -0.0462126 0.0537786 0.015189 0.998437 0.290601
150 156 157 0.995322 -0.00966872 -0.0961287 0.871055 0.00799388 0.99981 -0.0177927 0.101924 0.0962825 0.016941 0.99521 -0.480494
150 157 166 0.994061 -0.0191604 -0.10712 0.925396 0.0174676 0.999708 -0.0167193 0.0883895 0.107409 0.0147489 0.994106 -0.36855
150 158 141 0.991674 -0.0102446 -0.128368 0.890884 0.00836094 0.999849 -0.015204 0.133696 0.128505 0.0140041 0.99161 -0.434109
150 159 146 0.992493 -0.0167669 -0.121149 0.924625 0.0158838 0.99984 -0.00825194 0.104811 0.121268 0.00626569 0.9926 -0.366173
150 160 123 0.98989 -0.00784295 -0.14162 0.911719 0.00679313 0.999946 -0.00789492 0.078035 0.141674 0.00685306 0.98989 -0.403335
150 161 147 0.986897 -0.00428639 -0.161295 0.931757 0.00312543 0.999967 -0.00745079 0.0914131 0.161321 0.00684905 0.986878 -0.351387
150 162 130 0.986998 2.15812e-05 -0.160732 0.940987 -0.000500785 0.999996 -0.00294087 0.100008 0.160732 0.00298312 0.986994 -0.323328
150 163 101 0.983111 0.00412667 -0.182961 0.954548 -0.00421083 0.999991 -7.14789e-05 0.118158 0.182959 0.000840689 0.98312 -0.273635
150 164 100 0.997151 0.0214765 -0.0723151 -0.826976 -0.0194677 0.999408 0.02837 -0.12878 0.0728816 -0.0268814 0.996978 -0.54729
165 166 0 1 0 0 0 0 1 0 0 0 0 1 0
165 167 140 0.999915 0.0110669 -0.00694083 -0.739892 -0.0110041 0.999899 0.00901847 0.0814675 0.00703993 -0.00894132 0.999935 -0.667775
165 168 176 0.998569 0.0257245 -0.0468805 0.987307 -0.0249558 0.999546 0.0169097 -0.0430651 0.0472942 -0.0157155 0.998757 0.152873
165 169 163 0.998203 0.0329534 -0.0500504 0.929934 -0.0322448 0.999369 0.0149001 -0.060049 0.0505098 -0.0132594 0.998636 0.362791
165 170 141 0.998185 0.035636 -0.0485484 0.924363 -0.0349422 0.999276 0.0150662 -0.0964757 0.0490501 -0.0133425 0.998707 0.369116
165 171 167 0.995668 0.0411173 -0.0833936 0.97672 -0.0391363 0.998915 0.0252524 -0.100587 0.0843414 -0.0218793 0.996197 0.189471
165 172 235 0.993028 0.0450169 -0.108948 0.964846 -0.0415482 0.998561 0.0339026 -0.13199 0.110317 -0.0291397 0.993469 0.22727
165 173 171 0.989727 0.0587647 -0.130336 0.932612 -0.0550145 0.997966 0.0321924 -0.132337 0.131963 -0.0246913 0.990947 0.335741
165 174 177 0.973218 0.0947086 -0.209469 0.94342 -0.0820894 0.994292 0.0681585 -0.322935 0.214729 -0.0491378 0.975437 -0.0753104
165 175 167 0.978259 0.0585448 -0.19895 0.971376 -0.0557654 0.998252 0.0195503 -0.137964 0.199747 -0.00803072 0.979815 0.193376
165 176 142 0.978333 0.0690052 -0.195202 0.965885 -0.0659308 0.997577 0.0222116 -0.221701 0.196261 -0.00886057 0.980512 0.133844
165 177 140 0.981887 0.0769381 -0.173145 0.945582 -0.0761734 0.997033 0.011067 -0.199003 0.173483 0.00232258 0.984834 0.257435
165 178 152 0.980948 0.0792793 -0.177356 0.952887 -0.0781007 0.996852 0.0136281 -0.195501 0.177878 0.000483115 0.984052 0.231918
165 179 145 0.977572 0.0738977 -0.197212 0.951386 -0.0715116 0.997255 0.0192032 -0.173755 0.198089 -0.00466958 0.980173 0.254311
180 181 60 0.99996 0.00897192 -6.71972e-06 -0.518035 -0.00897182 0.999952 0.00404396 0.154841 4.30015e-05 -0.00404374 0.999992 -0.841227
180 182 31 0.999971 0.00656765 -0.00389842 0.707493 -0.00653954 0.999953 0.00718024 -0.145399 0.00394539 -0.00715453 0.999967 0.691601
180 183 192 0.999388 -0.000206022 -0.0349915 0.954233 0.00049814 0.999965 0.00833976 -0.0873336 0.0349886 -0.00835208 0.999353 0.286029
180 184 282 0.998112 0.00912136 -0.0607469 0.970021 -0.00867354 0.999933 0.00763149 -0.0853164 0.0608124 -0.00709019 0.998124 0.227555
180 185 152 0.999206 0.0097008 -0.0386345 0.941176 -0.0096166 0.999951 0.00236473 -0.107486 0.0386555 -0.00199132 0.999251 0.320367
180 186 128 0.998662 0.00416875 -0.0515507 0.944523 -0.00392354 0.999981 0.00485697 -0.0984609 0.0515699 -0.0046482 0.998659 0.31334
180 187 112 0.998209 -0.0052541 -0.0595955 0.93596 0.00540683 0.999982 0.00240182 -0.0810718 0.0595818 -0.00271974 0.99822 0.342645
180 188 196 0.996523 0.00610405 -0.0830991 0.972509 -0.00563018 0.999967 0.00593562 -0.080014 0.0831325 -0.00544712 0.996524 0.218687
180 189 112 0.996485 0.0126764 -0.0828035 0.990933 -0.011865 0.999877 0.0102843 -0.082278 0.0829237 -0.0092657 0.996513 0.10622
180 190 180 0.994341 0.0143815 -0.10526 0.984463 -0.0119551 0.999649 0.0236463 -0.118495 0.105563 -0.0222541 0.994164 0.129578
180 191 96 0.993746 0.022576 -0.109356 0.9831 -0.0200163 0.999501 0.0244488 -0.115634 0.109854 -0.022107 0.993702 0.141924
180 192 86 0.993638 0.0405791 -0.105055 0.966865 -0.0378914 0.998905 0.0274551 -0.142505 0.106054 -0.0232998 0.994087 0.211813
180 193 78 0.99325 0.0336833 -0.110996 0.964744 -0.031724 0.999309 0.0193713 -0.105538 0.111572 -0.0157193 0.993632 0.241103
180 194 99 0.990335 0.0385368 -0.133236 0.979187 -0.0359738 0.999119 0.021591 -0.117662 0.133951 -0.0165893 0.990849 0.165373
195 196 53 0.999969 0.00662531 0.00419239 -0.67729 -0.00662856 0.999978 0.000760843 -0.0240158 -0.00418726 -0.000788609 0.999991 0.735324
195 197 126 0.99995 0.00956651 0.00293977 -0.558594 -0.00956689 0.999954 0.000114608 0.0287943 -0.00293854 -0.000142727 0.999996 0.828941
195 198 115 0.999774 0.0163343 -0.013593 0.930412 -0.0162794 0.999859 0.00413874 -0.103608 0.0136587 -0.00391652 0.999899 -0.351567
195 199 228 0.998683 0.0235106 -0.0456032 0.985075 -0.0229283 0.999649 0.0132507 -0.169419 0.0458987 -0.0121877 0.998872 -0.030419
195 200 74 0.998773 0.0484131 0.0104539 -0.993971 -0.0483896 0.998825 -0.00249122 0.0564789 -0.0105623 0.0019823 0.999942 -0.0939782
195 201 102 0.997429 0.0502071 -0.0511408 0.992994 -0.0504741 0.998718 -0.00394157 -0.0615843 0.0508773 0.00651272 0.998684 -0.100849
195 202 71 0.996835 0.0591181 -0.0531417 0.992545 -0.0596938 0.998173 -0.00931074 -0.0459398 0.0524942 0.0124535 0.998544 -0.112886
195 203 90 0.996384 0.0640748 -0.0557963 0.973597 -0.0647098 0.997857 -0.00964691 -0.0532948 0.0550587 0.0132226 0.998396 -0.221966
195 204 134 0.988561 0.0607449 -0.138051 0.988826 -0.060313 0.998153 0.00731374 -0.129735 0.138241 0.00109622 0.990398 -0.0734321
195 205 123 0.99537 0.0544588 0.0791956 -0.967659 -0.0534452 0.99846 -0.0148638 0.0669795 -0.0798831 0.0105623 0.996748 -0.243207
195 206 153 0.985807 0.0703702 -0.152421 0.994568 -0.0715062 0.997438 -0.00197765 -0.0236112 0.151891 0.0128486 0.988314 0.101375
195 207 126 0.982507 0.077943 -0.169131 0.998733 -0.0798118 0.996801 -0.00426909 -0.019622 0.168258 0.0176931 0.985584 0.0463454
195 208 130 0.989294 0.0626034 -0.131829 0.994336 -0.0638563 0.997945 -0.00529335 -0.035458 0.131226 0.0136548 0.991258 -0.100191
195 209 105 0.978453 0.0683066 -0.194843 0.992406 -0.0702616 0.997524 -0.00313168 -0.00284387 0.194147 0.0167542 0.980829 0.122969
210 211 95 0.999984 -0.00569607 0.000624232 -0.607179 0.00569449 0.999981 0.00250666 -0.0833338 -0.000638498 -0.00250306 0.999997 0.790183
210 212 17 0.99971 -0.0113725 -0.0212343 -0.709161 0.0114378 0.99993 0.00295383 0.062415 0.0211992 -0.00319585 0.99977 -0.702278
210 213 123 0.99957 -0.0154879 -0.0248979 -0.983778 0.0154805 0.99988 -0.000490651 0.112916 0.0249025 0.000105007 0.99969 0.139397
210 214 113 0.998783 -0.0137342 -0.0473742 0.913913 0.013528 0.999898 -0.00467083 -0.166217 0.0474335 0.00402427 0.998866 0.370317
210 215 45 0.998733 -0.0129133 -0.0486459 -0.97742 0.0123971 0.999864 -0.0108964 0.07497 0.04878 0.0102795 0.998757 -0.19756
210 216 128 0.996348 -0.00577226 -0.0851936 0.940764 0.005147 0.999958 -0.0075571 -0.118181 0.0852337 0.00709101 0.996336 0.3178
210 217 110 0.993218 -0.00607382 -0.116106 0.98652 0.00560033 0.999975 -0.00440384 -0.139981 0.116129 0.00372375 0.993227 0.0847538
210 218 35 0.998203 -0.000356097 -0.0599224 0.826426 -0.000483488 0.999902 -0.0139961 -0.140875 0.0599215 0.0139999 0.998105 0.545138
210 219 136 0.985736 0.00496739 -0.168224 0.947656 -0.0046359 0.999986 0.00236325 -0.152768 0.168234 -0.00154967 0.985746 0.280374
210 220 137 0.98068 0.0201612 -0.194578 0.983231 -0.0186038 0.999779 0.00982857 -0.182281 0.194733 -0.00601879 0.980838 0.00548649
210 221 126 0.981698 0.0168856 -0.189692 0.978527 -0.0148775 0.999817 0.012005 -0.196053 0.18986 -0.00896314 0.98177 0.0636311
210 222 141 0.979512 0.0266312 -0.199618 0.940813 -0.0245856 0.999617 0.0127197 -0.206508 0.199881 -0.00755134 0.979791 0.268746
210 223 43 0.996684 0.0313462 -0.0750837 0.84665 -0.0333019 0.999134 -0.0249377 -0.078146 0.074237 0.0273555 0.996865 -0.526381
210 224 70 0.988081 0.0552132 -0.143695 0.900635 -0.0572247 0.998312 -0.00990003 -0.228675 0.142906 0.0180049 0.989573 0.369546
225 226 461 0.999257 0.00648956 -0.0379882 0.939331 -0.00612106 0.999933 0.00980862 -0.298176 0.0380493 -0.0095688 0.99923 0.169554
225 227 157 0.999467 0.0132234 -0.0298527 0.955285 -0.013181 0.999912 0.00161711 -0.293376 0.0298714 -0.00122276 0.999553 0.0368813
225 228 100 0.999792 0.0133089 -0.0154684 0.785357 -0.0133638 0.999905 -0.0034514 -0.119928 0.015421 0.0036574 0.999874 -0.607315
225 229 96 0.999668 0.0116792 -0.0229739 0.924627 -0.0116078 0.999927 0.00323972 -0.166814 0.02301 -0.00297197 0.999731 0.342399
225 230 343 0.998006 0.0084055 -0.0625524 0.867884 -0.00807165 0.999952 0.00558782 -0.122125 0.0625963 -0.00507178 0.998026 0.481522
225 231 94 0.998138 0.0080214 -0.0604617 0.864866 -0.00784438 0.999964 0.00316468 -0.119332 0.060485 -0.0026845 0.998165 0.487613
225 232 91 0.998492 0.00481066 -0.0546781 0.783384 -0.00456589 0.999979 0.00460073 -0.110759 0.0546991 -0.00434414 0.998493 0.61159
225 233 87 0.998858 -0.00140929 -0.0477499 0.909975 0.00173561 0.999975 0.00679315 -0.120132 0.0477391 -0.00686827 0.998836 0.396881
225 234 95 0.997354 0.00180997 -0.0726767 0.906994 -0.00113671 0.999956 0.00930412 -0.100709 0.0726904 -0.00919689 0.997312 0.408926
225 235 265 0.994844 0.00869103 -0.101047 0.966923 -0.00725718 0.999868 0.014549 -0.109731 0.10116 -0.0137406 0.994775 0.23026
225 236 84 0.995668 0.00733037 -0.0926926 0.863955 -0.0059873 0.999873 0.0147592 -0.0932889 0.092789 -0.0141403 0.995585 0.494853
225 237 206 0.991011 0.018 -0.132563 0.895775 -0.0161703 0.999759 0.0148665 -0.0757737 0.132798 -0.0125893 0.991063 0.438003
225 238 281 0.989951 0.0230781 -0.139516 0.875909 -0.0205396 0.999597 0.0196074 -0.0668875 0.139913 -0.0165447 0.990026 0.477818
225 239 155 0.990492 0.0192561 -0.136215 0.967674 -0.0159176 0.999547 0.0255562 -0.102273 0.136646 -0.023145 0.99035 0.230537
240 241 0 1 0 0 0 0 1 0 0 0 0 1 0
240 242 157 0.999263 0.00944358 -0.0372088 0.99416 -0.0092594 0.999944 0.00511935 -0.0933884 0.037255 -0.00477104 0.999294 0.0540838
240 243 328 0.997272 0.0157552 -0.0721186 0.995613 -0.0152293 0.999853 0.00783569 -0.0735597 0.0722314 -0.00671599 0.997365 0.0578283
240 244 116 0.998803 0.0129643 -0.0471626 0.995446 -0.012767 0.999908 0.00448174 -0.089781 0.0472163 -0.00387425 0.998877 0.0320419
240 245 286 0.994787 0.0261291 -0.098567 0.981666 -0.0256564 0.999652 0.00606115 -0.0563533 0.0986912 -0.00350069 0.995112 0.182091
240 246 268 0.993972 0.0296898 -0.105542 0.963642 -0.0292089 0.999555 0.00610011 -0.0459193 0.105676 -0.00298059 0.994396 0.263222
240 247 116 0.997637 0.0219646 -0.0651048 -0.993644 -0.0216737 0.999752 0.00517139 0.0932563 0.0652022 -0.00374811 0.997865 0.0630424
240 248 215 0.992653 0.0360058 -0.115513 0.983102 -0.0350294 0.999331 0.0104718 -0.120911 0.115812 -0.00634852 0.993251 0.137444
240 249 229 0.982257 0.0423439 -0.182699 0.971143 -0.039394 0.999029 0.0197469 -0.130136 0.183358 -0.0121992 0.982971 0.199867
240 250 83 0.994693 0.0407716 -0.0944664 0.983842 -0.0408162 0.999166 0.00146047 -0.147006 0.0944471 0.00240304 0.995527 0.102193
240 251 123 0.997692 0.0541492 0.0409713 -0.927992 -0.0527046 0.997977 -0.0355547 0.169252 -0.0428137 0.0333132 0.998528 -0.331941
240 252 153 0.985444 0.065347 -0.156938 0.985895 -0.0679044 0.997631 -0.0109838 -0.152158 0.155848 0.0214807 0.987547 0.0697068
240 253 119 0.987199 0.0702133 -0.143204 0.975048 -0.0729149 0.997244 -0.013699 -0.139012 0.141847 0.0239653 0.989598 0.17308
240 254 161 0.982485 0.0734762 -0.171246 0.978841 -0.0764399 0.997016 -0.0107685 -0.140261 0.169944 0.0236699 0.985169 0.148986
255 256 134 0.999774 0.00607028 -0.0203906 0.972685 -0.00599369 0.999975 0.00381509 0.146251 0.0204133 -0.00369201 0.999785 -0.180263
255 257 10 0.999977 0.00425585 -0.0053462 -0.844767 -0.00416921 0.999861 0.0161131 -0.0796563 0.00541404 -0.0160904 0.999856 -0.529172
255 258 52 0.999766 0.00464889 -0.0211389 0.892213 -0.00424148 0.999805 0.0192773 0.118469 0.0212244 -0.0191831 0.999591 0.435799
255 259 208 0.997107 0.011982 -0.0750624 0.961059 -0.010865 0.999824 0.0152719 0.143553 0.0752322 -0.0144121 0.997062 0.236131
255 260 87 0.999454 0.0109611 -0.0311739 0.876237 -0.00994943 0.999425 0.0324253 0.0937911 0.0315114 -0.0320974 0.998988 0.472666
255 261 99 0.996646 0.00986562 -0.0812429 0.983639 -0.00744628 0.999521 0.0300284 0.0777843 0.0815003 -0.0293227 0.996242 0.162491
255 262 126 0.99599 0.000204785 -0.0894696 0.905053 0.00235428 0.999591 0.0284962 0.0195272 0.0894388 -0.0285926 0.995582 0.424851
255 263 160 0.987841 0.00636902 -0.155338 0.932631 -0.0032952 0.999794 0.0200375 0.0448848 0.155433 -0.019282 0.987658 0.358028
255 264 93 0.99495 0.00839924 -0.100025 0.866565 -0.00587638 0.999658 0.0254904 -0.0288324 0.100205 -0.0247739 0.994658 0.498231
255 265 101 0.992158 0.00475069 -0.124897 0.916907 -0.00217559 0.999782 0.0207461 -0.0398433 0.124968 -0.0203117 0.991953 0.397106
255 266 100 0.99515 0.0072541 -0.0981054 0.811575 -0.00529893 0.999782 0.0201752 -0.0952071 0.0982304 -0.0195575 0.994972 0.576439
255 267 101 0.975335 0.0306551 -0.218591 0.918538 -0.0279003 0.999488 0.0156785 -0.0228155 0.21896 -0.00919304 0.975691 0.394673
255 268 91 0.986236 0.0247904 -0.163473 0.906948 -0.0219555 0.999576 0.0191263 -0.0922901 0.163878 -0.0152739 0.986362 0.411009
255 269 109 0.985317 0.0303071 -0.168024 0.927217 -0.0272722 0.999421 0.0203409 -0.110031 0.168543 -0.0154598 0.985573 0.357998
270 271 161 0.999701 0.00564823 -0.0238073 0.613226 -0.00546106 0.999954 0.00791956 -0.282064 0.0238509 -0.00778718 0.999685 0.737831
270 272 121 0.999507 0.00348447 -0.0311869 0.834852 -0.00329742 0.999976 0.00604712 -0.401801 0.0312072 -0.0059413 0.999495 0.376268
270 273 209 0.997703 0.0236128 -0.0634964 0.882448 -0.0230661 0.99969 0.0093301 -0.324739 0.0636971 -0.00784405 0.997938 0.340337
270 274 176 0.998197 0.0263147 -0.0539467 0.891806 -0.0260968 0.999648 0.00473904 -0.300556 0.0540525 -0.00332266 0.998533 0.338153
270 275 164 0.997137 0.027831 -0.070313 0.895173 -0.0273072 0.999592 0.00840037 -0.268102 0.070518 -0.00645627 0.99749 0.356071
270 276 150 0.997879 0.0290135 -0.0582782 0.832476 -0.0288916 0.999578 0.00293231 -0.262484 0.0583387 -0.00124234 0.998296 0.48794
270 277 147 0.997174 0.0311572 -0.0683592 0.886626 -0.0308936 0.999511 0.00491024 -0.270246 0.0684788 -0.0027845 0.997649 0.375315
270 278 124 0.994167 0.0224195 -0.105491 0.901587 -0.0209189 0.999664 0.01531 -0.272831 0.105799 -0.013014 0.994302 0.335714
270 279 146 0.996776 0.0368916 -0.0712459 0.826199 -0.0372483 0.999299 -0.00368457 -0.226923 0.0710601 0.00632648 0.997452 0.515656
270 280 136 0.991795 0.0355314 -0.122799 0.902038 -0.0348232 0.999362 0.00790945 -0.207929 0.123001 -0.00356831 0.9924 0.378276
270 281 134 0.993201 0.0430364 -0.108164 0.867565 -0.0423319 0.999065 0.008802 -0.199366 0.108441 -0.00416337 0.994094 0.455613
270 282 135 0.991683 0.0526591 -0.11744 0.780608 -0.0524159 0.998612 0.00516055 -0.160036 0.117549 0.00103812 0.993067 0.604184
270 283 134 0.992585 0.032796 -0.117042 0.876815 -0.0314515 0.999417 0.0133158 -0.206274 0.11741 -0.0095359 0.993038 0.434335
270 284 137 0.980231 0.0603406 -0.188431 0.882872 -0.0584848 0.99817 0.0153986 -0.162906 0.189015 -0.00407388 0.981966 0.440452
285 286 0 1 0 0 0 0 1 0 0 0 0 1 0
285 287 139 0.999832 0.00411508 -0.0178434 0.96904 -0.00402705 0.99998 0.00496656 -0.0418386 0.0178635 -0.00489387 0.999828 -0.243334
285 288 145 0.999768 0.00357188 -0.0212304 0.987141 -0.00345965 0.99998 0.00532043 -0.123638 0.0212489 -0.00524575 0.99976 0.101322
285 289 142 0.999287 0.00224873 -0.0377002 0.98851 -0.00201428 0.999978 0.00625565 -0.151134 0.0377135 -0.00617525 0.99927 -0.00236151
285 290 120 0.999842 0.0110433 -0.0139616 0.831884 -0.011033 0.999939 0.000813643 -0.0891867 0.0139697 -0.000659476 0.999902 0.547736
285 291 289 0.997576 0.0192746 -0.0668689 0.987954 -0.0186966 0.999782 0.00925793 -0.153986 0.0670328 -0.00798526 0.997719 -0.0153021
285 292 273 0.997227 0.02091 -0.0714177 0.988392 -0.020166 0.999735 0.0111222 -0.128326 0.0716313 -0.00965116 0.997384 -0.0813279
285 293 246 0.995799 0.0310869 -0.0861241 0.989464 -0.0298263 0.999429 0.0158856 -0.137164 0.0865687 -0.0132501 0.996158 0.0463268
285 294 190 0.998577 0.0329222 -0.0419521 0.987072 -0.0326035 0.999434 0.00825822 -0.12977 0.0422002 -0.00687868 0.999085 -0.0940658
285 295 207 0.995277 0.0490222 -0.0837924 0.972773 -0.0472384 0.998616 0.0231421 -0.173176 0.0848109 -0.0190746 0.996214 -0.154021
285 296 187 0.99694 0.0635384 -0.0455257 0.94707 -0.0626241 0.997811 0.0212388 -0.106655 0.0467755 -0.0183228 0.998737 -0.302791
285 297 117 0.99724 0.0643422 0.0370349 -0.749514 -0.0651906 0.997626 0.0221729 0.144715 -0.0355203 -0.024526 0.999068 -0.645977
285 298 227 0.994799 0.0951722 -0.0363006 0.976411 -0.094015 0.995045 0.0323573 -0.0861917 0.0392002 -0.0287762 0.998817 -0.197971
285 299 137 0.993865 0.0902508 0.0639241 -0.918711 -0.0918638 0.995512 0.0227539 0.151526 -0.0615837 -0.0284866 0.997695 -0.364705
300 301 0 1 0 0 0 0 1 0 0 0 0 1 0
300 302 0 1 0 0 0 0 1 0 0 0 0 1 0
300 303 0 1 0 0 0 0 1 0 0 0 0 1 0
300 304 61 0.999841 0.0169816 -0.00540347 0.902394 -0.0170315 0.999811 -0.00933638 -0.0671183 0.0052439 0.00942693 0.999942 -0.425653
300 305 142 0.999892 0.0120181 0.00847506 -0.887545 -0.011852 0.999742 -0.0193848 0.121292 -0.00870584 0.0192822 0.999776 0.444469
300 306 260 0.996022 0.0106078 0.0884771 -0.989857 -0.00709212 0.999176 -0.0399553 0.141244 -0.088828 0.0391689 0.995277 0.0152455
300 307 106 0.999867 0.0114295 -0.0116026 0.91705 -0.0117718 0.999484 -0.0298797 -0.116807 0.0112551 0.0300123 0.999486 -0.381282
300 308 113 0.999525 0.0096262 -0.0292895 0.963708 -0.0104535 0.999547 -0.0282241 -0.138509 0.0290046 0.0285168 0.999172 -0.228216
300 309 122 0.999747 0.00568346 -0.0217807 0.951666 -0.00635466 0.999503 -0.030872 -0.0598111 0.0215944 0.0310026 0.999286 -0.301254
300 310 122 0.998821 0.000247516 -0.0485386 0.968788 -0.00169573 0.999555 -0.0297975 -0.0943868 0.0485096 0.0298447 0.998377 -0.229219
300 311 148 0.996988 -0.00352671 -0.07747 0.987939 0.00158358 0.999683 -0.0251296 -0.109245 0.077534 0.0249312 0.996678 -0.109736
300 312 125 0.998004 -0.00120804 -0.0631461 0.967329 -0.000652005 0.999567 -0.0294273 -0.0874604 0.0631543 0.0294097 0.99757 -0.23796
300 313 263 0.998903 -0.0217238 0.041491 -0.96621 0.0240453 0.998124 -0.0562991 0.200461 -0.0401901 0.057235 0.997551 -0.162027
300 314 124 0.995762 -0.00292296 -0.0919239 0.913591 -0.000744107 0.999206 -0.0398329 -0.0603313 0.0919673 0.0397325 0.994969 -0.402135
315 316 11 0.999985 -0.00178966 -0.00525093 0.519358 0.00178006 0.999997 -0.00183127 -0.177605 0.00525419 0.00182189 0.999985 0.835897
315 317 11 0.999721 -0.012694 -0.0198998 0.870871 0.0126282 0.999914 -0.00342864 -0.472575 0.0199416 0.00317639 0.999796 -0.135115
315 318 367 0.999884 -0.00588874 0.0140265 -0.959223 0.00615306 0.999803 -0.0188762 0.193742 -0.0139126 0.0189604 0.999723 -0.205804
315 319 176 0.999988 -0.00464634 -0.00158822 -0.942557 0.00462031 0.999861 -0.0160179 0.15261 0.00166242 0.0160104 0.99987 -0.297147
315 320 187 0.999448 -0.0022165 -0.0331539 0.926516 0.00168185 0.999868 -0.0161456 -0.0530852 0.0331853 0.0160809 0.99932 -0.372491
315 321 242 0.998257 -0.00703747 -0.0585962 0.980314 0.00633393 0.999906 -0.0121837 -0.0928299 0.0586764 0.0117913 0.998207 -0.174259
315 322 225 0.998554 -0.00464522 -0.0535627 0.962826 0.00370288 0.999837 -0.0176791 -0.0860895 0.0536361 0.0174552 0.998408 -0.256036
315 323 384 0.995999 -0.0104569 -0.0887517 0.969262 0.00996799 0.999933 -0.00595058 -0.199749 0.088808 0.0050421 0.996036 -0.14364
315 324 221 0.998283 -0.00641901 -0.0582252 0.923411 0.00516346 0.999751 -0.0216885 -0.0227 0.0583499 0.0213506 0.998068 -0.38314
315 325 248 0.996304 -0.014028 -0.0847401 0.957843 0.012908 0.999822 -0.0137503 -0.0995997 0.0849179 0.0126056 0.996308 -0.269474
315 326 332 0.995541 0.000811836 -0.0943214 0.961539 -0.00220314 0.99989 -0.0146475 -0.0528446 0.0942992 0.01479 0.995434 -0.269537
315 327 292 0.992259 0.00664794 -0.124006 0.980813 -0.00762984 0.999943 -0.00744491 -0.0906968 0.12395 0.00833343 0.992253 -0.17257
315 328 190 0.996445 -0.0062661 -0.0840109 0.960673 0.00491547 0.999855 -0.0162741 -0.0541547 0.0841007 0.0158033 0.996332 -0.272352
315 329 220 0.99365 0.00274071 -0.112485 0.956864 -0.00388074 0.999943 -0.00991721 -0.115291 0.112452 0.0102908 0.993604 -0.266683
330 331 0 1 0 0 0 0 1 0 0 0 0 1 0
330 332 0 1 0 0 0 0 1 0 0 0 0 1 0
330 333 129 0.999847 -0.00820047 0.015422 -0.844567 0.00827366 0.999955 -0.00468766 0.133681 -0.0153829 0.00481454 0.99987 -0.518494
330 334 216 0.999859 -0.00572161 -0.0157911 0.951754 0.00561374 0.999961 -0.00686723 -0.078984 0.0158298 0.00677761 0.999852 -0.296525
330 335 239 0.999622 -0.00231247 -0.027407 0.950325 0.00211122 0.999971 -0.00736959 -0.0729734 0.0274232 0.00730894 0.999597 -0.302583
330 336 202 0.9998 -0.00322401 -0.0197546 0.970359 0.00300324 0.999933 -0.0111953 -0.049456 0.0197893 0.0111338 0.999742 -0.236555
330 337 200 0.99974 -0.00598155 -0.0219946 0.970594 0.00567336 0.999885 -0.0140476 -0.0621378 0.0220761 0.0139191 0.999659 -0.232563
330 338 283 0.996214 -0.0109754 0.0862352 -0.945844 0.0134038 0.999528 -0.0276316 0.0824229 -0.0858913 0.0286829 0.995892 -0.313983
