0 1 99 0.99998 0.00627017 -0.000168452 -0.381956 -0.00626969 0.999977 0.00270289 -0.0118709 0.000185396 -0.00270178 0.999996 -0.924104
0 2 545 0.999776 0.0140204 0.0158307 -0.849563 -0.0142053 0.999831 0.011631 -0.281965 -0.0156649 -0.0118533 0.999807 -0.445801
0 3 386 0.998661 0.0248396 -0.0453717 0.84187 -0.0251288 0.999667 -0.00581491 0.337967 0.0452122 0.00694727 0.998953 -0.420753
0 4 394 0.997999 0.00878112 -0.0626105 0.851379 -0.00853718 0.999955 0.0041626 0.193578 0.0626443 -0.00361975 0.998029 -0.487525
0 5 339 0.996845 0.0229357 -0.0759904 0.853707 -0.0229442 0.999736 0.000760664 0.271821 0.0759879 0.000985277 0.997108 -0.444182
0 6 418 0.995381 0.0269249 -0.0921513 0.868493 -0.0268371 0.999637 0.00219206 0.215095 0.0921769 0.000291147 0.995743 -0.446604
0 7 288 0.994522 0.0277809 -0.100771 0.839051 -0.0273348 0.999609 0.00580478 0.220779 0.100893 -0.00301842 0.994893 -0.497243
0 8 298 0.993042 0.0331773 -0.112993 0.887806 -0.0322721 0.999431 0.00983164 0.222645 0.113255 -0.00611672 0.993547 -0.402777
0 9 226 0.993169 0.037878 -0.110369 0.872092 -0.0367722 0.999251 0.0120377 0.242386 0.110742 -0.00789694 0.993818 -0.425095
0 10 343 0.989626 0.0430113 -0.137075 0.88384 -0.0418212 0.999058 0.0115516 0.23694 0.137442 -0.00569916 0.990493 -0.403344
0 11 244 0.989625 0.0446556 -0.13656 0.889078 -0.0434889 0.998988 0.0115166 0.233292 0.136936 -0.00545822 0.990565 -0.393847
0 12 247 0.980749 0.0453748 -0.18993 0.905716 -0.0435949 0.998958 0.0135413 0.166484 0.190346 -0.00500068 0.981704 -0.389822
0 13 187 0.968845 0.0792813 -0.234636 0.944479 -0.0697165 0.996373 0.0487958 0.0167193 0.237654 -0.0309176 0.970858 -0.328147
0 14 187 0.975587 0.0763755 -0.205907 0.912111 -0.0752662 0.997076 0.0132268 0.209661 0.206315 0.00259395 0.978482 -0.352273
15 16 89 0.999979 -0.00364186 -0.00537817 0.51437 0.003603 0.999967 -0.00721671 0.129599 0.00540428 0.00719718 0.999959 -0.847719
15 17 126 0.999981 -0.00607807 -0.00143142 0.383137 0.00607041 0.999968 -0.00530271 0.258877 0.0014636 0.00529391 0.999985 -0.886673
15 18 307 0.997494 0.00337399 -0.0706772 0.921029 -0.00344143 0.999994 -0.000832583 0.121474 0.070674 0.00107373 0.997499 -0.370068
15 19 290 0.999512 0.0044204 -0.0309152 0.76837 -0.00424264 0.999974 0.00581324 0.15635 0.0309401 -0.00567924 0.999505 -0.620614
15 20 228 0.99483 0.00918243 -0.101143 0.933904 -0.0100185 0.99992 -0.00776167 0.208072 0.101064 0.00873484 0.994842 -0.290741
15 21 245 0.993493 0.0089913 -0.11354 0.932635 -0.00923693 0.999956 -0.00163745 0.191276 0.11352 0.00267555 0.993532 -0.305951
15 22 210 0.99382 0.00823383 -0.1107 0.899566 -0.0111982 0.999594 -0.0261831 0.36113 0.110439 0.027261 0.993509 -0.245695
15 23 177 0.999039 0.0420538 -0.0123853 0.355931 -0.0417463 0.998837 0.0241194 -0.0750559 0.0133852 -0.0235792 0.999632 -0.931493
15 24 168 0.999483 0.028322 -0.0152319 0.290364 -0.0281276 0.999522 0.0128299 0.0290991 0.0155879 -0.0123948 0.999802 -0.956474
15 25 175 0.980005 0.0359805 -0.195694 0.963784 -0.0380576 0.999252 -0.00686289 0.0890085 0.1953 0.0141733 0.980641 -0.251391
15 26 82 0.996408 0.0839545 -0.0110616 0.204321 -0.0838134 0.996401 0.0126532 -0.121921 0.0120841 -0.0116806 0.999859 -0.971282
15 27 121 0.973694 0.0359161 -0.225011 0.964471 -0.0477597 0.997733 -0.0474138 0.194881 0.222797 0.056913 0.973202 -0.178374
15 28 116 0.965075 0.0651393 -0.253748 0.984677 -0.0694446 0.997553 -0.00803687 -0.0195138 0.252604 0.0253776 0.967237 -0.173295
15 29 125 0.954346 0.039017 -0.296143 0.976279 -0.0611938 0.995942 -0.0659863 0.155913 0.292367 0.0810959 0.952862 -0.150234
30 31 48 0.999995 0.00305873 0.0004088 0.371577 -0.0030614 0.999973 0.00670526 -0.147302 -0.000388279 -0.00670648 0.999977 -0.916642
30 32 342 0.999515 -0.00354258 -0.0309365 0.981393 0.00389078 0.99993 0.0112021 -0.0388436 0.0308946 -0.0113171 0.999459 0.188041
30 33 214 0.995898 0.0123166 -0.0896457 0.989739 -0.0110106 0.999826 0.0150486 -0.0630445 0.0898155 -0.0139998 0.99586 0.128224
30 34 37 0.999596 0.0208531 0.0193162 -0.457456 -0.0210251 0.999741 0.00874016 0.0125652 -0.0191289 -0.00914275 0.999775 0.889143
30 35 63 0.988578 0.0258481 -0.148474 0.655853 -0.0514553 0.983871 -0.171319 0.657 0.141651 0.177002 0.973964 0.371762
30 36 73 0.979894 -0.0701313 -0.186787 0.870856 0.0503196 0.992792 -0.108776 0.489431 0.193069 0.0971899 0.97636 0.0454616
30 37 34 0.994935 0.0609587 0.0799315 -0.323432 -0.0640471 0.997273 0.0366583 0.10837 -0.0774789 -0.041592 0.996126 0.940025
30 38 55 0.990345 0.0944979 0.101424 -0.370353 -0.0992632 0.994132 0.0430023 0.134916 -0.0967648 -0.0526548 0.993914 0.919041
30 39 134 0.977692 0.0622811 -0.200596 0.962992 -0.0628513 0.998017 0.00353136 0.150367 0.200418 0.00915514 0.979668 0.223689
30 40 109 0.997652 0.0139148 -0.0670653 0.768655 -0.01779 0.998185 -0.0575366 0.486531 0.066143 0.0585946 0.996088 0.415279
30 41 51 0.984891 0.0990489 0.142053 0.00535803 -0.108836 0.992071 0.0628485 -0.0533971 -0.134702 -0.0773594 0.987862 0.998559
30 42 154 0.987187 0.0607031 -0.147567 0.974712 -0.0584134 0.998096 0.0198043 0.0665332 0.148488 -0.0109307 0.988854 0.213332
30 43 141 0.990993 0.0565016 -0.121408 0.980834 -0.0551422 0.998373 0.01453 0.0866066 0.122032 -0.00770439 0.992496 0.174541
30 44 123 0.986497 0.0463447 -0.157085 0.970358 -0.0481826 0.998807 -0.00791027 0.142258 0.156531 0.0153722 0.987553 0.195369
45 46 36 0.999967 0.00540059 -0.00608977 -0.268877 -0.00537881 0.999979 0.00358664 0.284111 0.00610902 -0.00355377 0.999975 0.920319
45 47 66 0.99988 0.0125761 -0.00900009 0.160803 -0.0125374 0.999912 0.00434235 -0.0886401 0.00905391 -0.00422899 0.99995 -0.982998
45 48 79 0.999763 0.0215246 -0.00320339 0.152626 -0.0215065 0.999753 0.00557572 -0.0892618 0.00332261 -0.0055055 0.999979 -0.984245
45 49 327 0.997783 0.0272807 -0.0606951 0.979931 -0.0270796 0.999625 0.00413274 0.0632137 0.060785 -0.00247997 0.998148 -0.189046
45 50 116 0.998041 0.0623786 0.00482912 0.160935 -0.0624564 0.997884 0.0181022 -0.163245 -0.00368971 -0.0183684 0.999824 -0.973371
45 51 113 0.995595 0.0932869 0.00937441 0.173147 -0.0935251 0.995182 0.0294113 -0.200957 -0.00658556 -0.0301585 0.999523 -0.964177
45 52 190 0.998302 0.0463944 -0.0352259 0.854195 -0.0450874 0.998296 0.0370339 -0.0846845 0.0368841 -0.0353828 0.998693 -0.51301
45 53 79 0.993711 0.109411 0.0238434 0.111779 -0.110595 0.992297 0.0558177 -0.145612 -0.0175527 -0.0581036 0.998156 -0.983007
45 54 99 0.982079 0.185606 0.0327178 0.0820335 -0.187616 0.979282 0.0762082 -0.15658 -0.0178952 -0.0809809 0.996555 -0.984253
45 55 46 0.947841 0.131406 -0.290396 0.985121 -0.103467 0.988573 0.109623 -0.149177 0.301483 -0.0738589 0.950607 0.0853373
45 56 151 0.892526 0.335077 0.301861 -0.21099 0.143113 0.424302 -0.89414 0.837983 -0.427686 0.841244 0.330746 0.503258
45 57 191 0.95723 0.134824 -0.255996 0.998366 -0.128967 0.990857 0.0396126 0.0114471 0.258996 -0.00490337 0.965866 0.0559845
45 58 89 0.940515 0.329476 0.0829302 -0.114265 -0.330945 0.94364 0.00425059 0.51286 -0.0768558 -0.0314431 0.996546 0.850834
45 59 84 0.97162 0.226773 0.0672902 -0.0614226 -0.231039 0.970817 0.0643115 0.209205 -0.0507424 -0.078033 0.995659 0.975941
60 61 31 0.999962 0.00747851 -0.00442686 0.856311 -0.00747179 0.999971 0.00153265 -0.101036 0.00443819 -0.00149951 0.999989 0.506481
60 62 140 0.999545 0.0288036 -0.00900042 0.729048 -0.028805 0.999585 -2.08703e-05 -0.0147618 0.00899609 0.000280118 0.999959 0.684304
60 63 174 0.999143 0.0240667 -0.0336704 0.900938 -0.0244649 0.999635 -0.0114645 0.209796 0.0333822 0.0122784 0.999367 0.379863
60 64 141 0.998925 0.0419534 -0.0197131 0.756871 -0.0419031 0.999117 0.00295644 -0.102663 0.0198198 -0.00212722 0.999801 0.645451
60 65 230 0.997241 0.0260974 -0.0694927 0.905254 -0.0273084 0.99949 -0.0165343 0.150172 0.0690258 0.0183864 0.997445 0.397446
60 66 217 0.996414 0.022481 -0.0815681 0.890714 -0.0240531 0.999542 -0.018342 0.107378 0.0811184 0.0202381 0.996499 0.4417
60 67 150 0.996809 0.0452105 -0.0657895 0.878519 -0.0454113 0.998967 -0.00155992 -0.0932232 0.0656511 0.00454254 0.997832 0.468522
60 68 133 0.99595 0.0451465 -0.0777506 0.859969 -0.0456109 0.99895 -0.00420634 -0.0826971 0.0774791 0.00773558 0.996964 0.503601
60 69 160 0.9936 0.0336624 -0.107821 0.907244 -0.0350348 0.999327 -0.0108589 -0.046216 0.107382 0.0145668 0.994111 0.418059
60 70 161 0.991635 0.0290175 -0.125769 0.91369 -0.0310422 0.999418 -0.0141688 -0.021988 0.125284 0.0179545 0.991958 0.405816
60 71 150 0.991468 0.0439046 -0.122734 0.840132 -0.045408 0.998924 -0.00947757 -0.0196816 0.122186 0.0149698 0.992394 0.542024
60 72 116 0.990155 0.023222 -0.138039 0.833629 -0.0260222 0.99949 -0.0185154 0.00476017 0.137538 0.0219252 0.990254 0.552304
60 73 114 0.97431 0.0226221 -0.224073 0.890311 -0.0269231 0.999507 -0.0161574 -0.0195141 0.223597 0.0217751 0.974438 0.454934
60 74 112 0.991198 0.044043 -0.124848 0.772609 -0.0446225 0.999002 -0.00184796 -0.141073 0.124642 0.00740271 0.992174 0.61901
75 76 112 0.99993 0.0117807 -0.000578883 -0.030755 -0.0117818 0.999929 -0.00191535 -0.164754 0.000556278 0.00192203 0.999998 0.985855
75 77 99 0.999873 0.00970809 -0.0126447 0.622794 -0.00980556 0.999923 -0.00766884 -0.297401 0.0125693 0.00779185 0.999891 0.723658
75 78 122 0.999594 0.0192732 -0.020986 0.8225 -0.0195739 0.999707 -0.0142198 -0.409983 0.0207058 0.0146248 0.999679 0.394218
75 79 222 0.998446 0.0257908 -0.0494025 0.882943 -0.0265165 0.999549 -0.0140916 -0.288909 0.0490168 0.0153797 0.99868 0.370058
75 80 146 0.998928 0.0358103 -0.0293493 0.718323 -0.0363076 0.999203 -0.0165904 -0.419889 0.0287318 0.0176382 0.999432 0.554712
75 81 157 0.998836 0.0231041 -0.0423365 0.845825 -0.0242674 0.999336 -0.0271719 -0.354185 0.0416806 0.0281677 0.998734 0.398915
75 82 169 0.998645 0.0271438 -0.0444042 0.802648 -0.0285211 0.999122 -0.0306834 -0.350721 0.0435324 0.0319082 0.998542 0.482443
75 83 165 0.998142 0.0136522 -0.0593794 0.855298 -0.0158834 0.999179 -0.0372658 -0.293799 0.0588219 0.0381397 0.99754 0.426787
75 84 114 0.997263 0.0236695 -0.0700397 0.825272 -0.0262447 0.999004 -0.0360788 -0.327089 0.069116 0.0378182 0.996892 0.460369
75 85 155 0.996323 0.0315081 -0.0796711 0.870688 -0.0346415 0.998667 -0.0382584 -0.368792 0.0783595 0.0408777 0.996087 0.325413
75 86 151 0.998783 0.0278333 -0.0407062 0.771902 -0.0299029 0.998243 -0.0511512 -0.375594 0.039211 0.0523062 0.997861 0.512929
75 87 178 0.990117 0.018423 -0.139025 0.883962 -0.0248473 0.998695 -0.0446163 -0.261349 0.138022 0.0476298 0.989283 0.387697
75 88 102 0.911055 0.00742877 -0.412219 0.872349 0.0401082 0.993498 0.106548 -0.410496 0.41033 -0.113605 0.904833 0.265519
75 89 108 0.972878 0.0326695 -0.229001 0.902527 -0.0327067 0.999458 0.00363372 -0.357226 0.228996 0.00395472 0.973419 0.240489
90 91 93 0.999955 0.00920188 -0.00230314 0.179898 -0.00919803 0.999956 0.00167828 0.0799954 0.00231848 -0.00165702 0.999996 0.980427
90 92 258 0.99949 0.00870504 -0.0307133 0.979819 -0.00862208 0.999959 0.00283228 0.0972423 0.0307367 -0.00256602 0.999524 0.174636
90 93 281 0.998523 0.0217603 -0.049782 0.986504 -0.0212614 0.999719 0.0105283 0.0414149 0.0499971 -0.00945427 0.998705 -0.158414
90 94 103 0.999872 0.0133741 0.00875664 -0.46717 -0.0135431 0.999717 0.0195372 -0.242664 -0.00849287 -0.0196533 0.999771 0.850215
90 95 189 0.995333 0.055652 0.0788391 -0.978511 -0.0572005 0.998209 0.0175194 0.189851 -0.0777229 -0.0219473 0.996733 0.080454
90 96 120 0.997532 0.0698625 0.00705255 0.132349 -0.0701035 0.996598 0.0433296 0.156165 -0.00400144 -0.043717 0.999036 0.978824
90 97 154 0.998583 0.0503913 0.0170994 -0.0661545 -0.0513675 0.996723 0.06249 -0.185651 -0.0138944 -0.0632798 0.997899 0.980386
90 98 103 0.90146 -0.216646 0.374744 -0.344919 -0.145205 0.664224 0.733296 -0.66913 -0.40778 -0.715452 0.567313 0.658252
90 99 105 0.995773 0.0859276 0.032435 -0.759611 -0.0885982 0.991749 0.0926471 0.0615106 -0.0242065 -0.0951292 0.995171 -0.647462
90 100 150 0.996817 0.0297354 0.0739669 -0.312326 -0.0404411 0.988199 0.14774 -0.289392 -0.0687009 -0.150261 0.986256 0.904823
90 101 112 0.998242 0.0323265 0.049676 -0.0712462 -0.0389557 0.989543 0.138875 -0.12658 -0.0446672 -0.140566 0.989063 0.989394
90 102 79 0.993286 0.113524 0.0222702 -0.372226 -0.115524 0.983578 0.138668 -0.0454529 -0.00616231 -0.140309 0.990089 0.927029
90 103 169 0.989375 0.134485 -0.0552411 0.965698 -0.126627 0.983775 0.127092 0.249448 0.0714367 -0.118747 0.990351 0.0721365
90 104 155 0.98147 0.151581 -0.117218 0.980369 -0.137339 0.983067 0.121313 0.19706 0.133622 -0.102966 0.985669 -0.00660564
105 106 18 0.999869 0.0133852 -0.00907035 0.561018 -0.0133735 0.99991 0.00135579 0.28603 0.00908768 -0.00123431 0.999958 -0.776818
105 107 175 0.999292 0.0300022 -0.0227023 0.375287 -0.0299493 0.999548 0.00266931 0.222676 0.0227722 -0.0019875 0.999739 -0.899764
105 108 39 0.999229 0.0304905 -0.0247323 -0.870648 -0.0301957 0.999469 0.0122073 -0.375881 0.0250914 -0.0114511 0.99962 0.31731
105 109 145 0.998566 0.0369334 -0.0387427 0.779379 -0.0364901 0.999261 0.012089 0.382237 0.0391606 -0.0106579 0.999176 -0.496451
105 110 62 0.999599 0.0258191 -0.0116413 -0.509376 -0.0253768 0.999005 0.036662 -0.0424585 0.0125763 -0.0363519 0.99926 -0.859496
105 111 167 0.99841 0.0295706 -0.0479991 0.882828 -0.0276442 0.998805 0.040315 0.30411 0.0491339 -0.038924 0.998033 0.357956
105 112 139 0.999612 0.0271427 -0.00620125 -0.479747 -0.026777 0.998239 0.0529325 -0.185775 0.00762706 -0.052746 0.998579 0.857514
105 113 186 0.987866 0.0268437 -0.152969 0.938948 -0.0279068 0.999599 -0.00480674 0.329959 0.152778 0.00901728 0.988219 -0.0974916
105 114 82 0.998981 0.0433554 -0.0125802 -0.946828 -0.0428096 0.998249 0.040821 -0.277119 0.014328 -0.0402408 0.999087 -0.163468
105 115 160 0.994086 0.0263815 -0.105347 0.976398 -0.0244254 0.999505 0.0198154 0.172273 0.105817 -0.017125 0.994238 -0.130264
105 116 166 0.992673 0.0251742 -0.118176 0.973626 -0.0236518 0.999618 0.0142678 0.157909 0.11849 -0.0113682 0.99289 -0.164676
105 117 131 0.985316 0.0367207 -0.166746 0.904334 -0.0346138 0.99928 0.0155251 0.0918294 0.167196 -0.00952545 0.985878 -0.41683
105 118 96 0.984145 0.0442254 -0.171766 0.945244 -0.0422865 0.998994 0.0149323 0.106832 0.172254 -0.00743212 0.985025 -0.308383
105 119 0 1 0 0 0 0 1 0 0 0 0 1 0
120 121 147 0.999913 0.0018733 -0.0130268 0.991215 -0.00183984 0.999995 0.00257983 -0.131409 0.0130316 -0.00255563 0.999912 -0.0149859
120 122 97 0.99995 -0.00190349 0.00982571 0.86595 0.00187495 0.999994 0.00291287 -0.123838 -0.00983119 -0.0028943 0.999947 0.484557
120 123 74 0.999877 -0.0107526 0.0114249 0.690215 0.0107547 0.999942 -0.000122654 -0.355915 -0.0114229 0.00024551 0.999935 -0.630021
120 124 89 0.999882 -0.0130756 0.00802329 0.583771 0.0130752 0.999915 0.000113494 -0.329731 -0.00802409 -8.57534e-06 0.999968 -0.74195
120 125 105 0.999992 -0.00353869 0.00193386 0.730239 0.00352814 0.999979 0.00542937 -0.236004 -0.00195303 -0.0054225 0.999983 0.641135
120 126 55 0.999921 -0.00174945 0.0124176 0.796145 0.00181561 0.999984 -0.00531831 -0.339465 -0.0124081 0.00534044 0.999909 -0.500917
120 127 325 0.999657 0.0087205 -0.0246822 0.951357 -0.00868412 0.999961 0.00158072 -0.261997 0.024695 -0.00136584 0.999694 0.162102
120 128 63 0.999956 0.00917032 0.00186012 0.922881 -0.00916214 0.999949 -0.00435815 -0.237712 -0.00189999 0.00434091 0.999989 0.302957
120 129 163 0.997936 -0.0153029 0.0623618 -0.831886 0.0163132 0.999743 -0.0157249 0.370568 -0.0621052 0.0167097 0.99793 -0.413092
120 130 166 0.999212 0.00365284 -0.0395291 0.937578 -0.0031349 0.999909 0.0131568 -0.298384 0.0395735 -0.0130226 0.999132 0.178645
120 131 245 0.998955 0.00319617 -0.0455932 0.934448 -0.00288791 0.999973 0.00682539 -0.276191 0.0456138 -0.00668658 0.998937 0.224778
120 132 241 0.998748 0.00453864 -0.0498217 0.954079 -0.00423163 0.999971 0.0062659 -0.274735 0.0498487 -0.00604722 0.998738 0.119389
120 133 122 0.999003 -0.030432 0.0326585 -0.872239 0.0307779 0.999475 -0.0101412 0.310638 -0.0323328 0.0111362 0.999415 -0.377761
120 134 88 0.999268 -0.0377781 0.00600966 -0.905151 0.0378032 0.999277 -0.00411546 0.302485 -0.00584984 0.00433964 0.999973 -0.298672
135 136 126 0.999991 -0.00238074 -0.00348537 -0.00599527 0.00239465 0.999989 0.00399229 0.280826 0.00347583 -0.0040006 0.999986 -0.95974
135 137 90 0.999967 0.00654128 -0.00477646 -0.928663 -0.00646389 0.99985 0.0160407 -0.204542 0.00488067 -0.0160093 0.99986 -0.309431
135 138 325 0.99476 0.0192481 -0.100407 0.962312 -0.018003 0.99975 0.0132927 0.239236 0.100637 -0.0114154 0.994858 -0.129315
135 139 154 0.999738 0.00927094 -0.0209132 -0.983808 -0.00853324 0.999348 0.0350919 -0.129967 0.0212249 -0.0349043 0.999165 0.123414
135 140 169 0.997337 0.0164458 -0.0710522 0.981135 -0.0138824 0.99924 0.0364229 0.124194 0.0715972 -0.0353395 0.996807 -0.148155
135 141 160 0.999828 0.0156065 -0.0099917 -0.981947 -0.0151073 0.998722 0.0482291 -0.0748815 0.0107316 -0.0480698 0.998786 -0.173706
135 142 234 0.991634 0.0323282 -0.124967 0.913034 -0.0265241 0.998503 0.047833 0.120884 0.126326 -0.0441182 0.991007 -0.389559
135 143 158 0.992897 0.0382408 -0.11266 0.960366 -0.0320817 0.997916 0.055985 0.162009 0.114566 -0.051973 0.992055 -0.226827
135 144 157 0.999811 0.0168446 -0.00967146 -0.892751 -0.0161175 0.997354 0.0708837 -0.0161486 0.0108399 -0.0707144 0.997438 -0.450261
135 145 202 0.987092 0.0640273 -0.146802 0.946939 -0.0555821 0.996593 0.0609296 0.149362 0.150203 -0.0519835 0.987288 -0.284602
135 146 158 0.987714 0.0792505 -0.13469 0.343914 -0.0697636 0.994833 0.0737587 -0.0556039 0.139839 -0.063456 0.988139 -0.937353
135 147 98 0.983889 0.0859822 -0.156747 0.970549 -0.0769014 0.995039 0.0631157 0.190965 0.161396 -0.0500448 0.98562 -0.146855
135 148 138 0.998293 0.0581672 0.00521889 -0.945214 -0.0583997 0.994828 0.083108 -0.0880413 -0.000357742 -0.0832709 0.996527 -0.314354
135 149 120 0.995561 0.0860139 -0.0382037 -0.933067 -0.082613 0.99311 0.0831091 -0.152887 0.045089 -0.0795841 0.995808 -0.325595
150 151 206 0.998849 -0.0117492 0.0464969 -0.991989 0.0115173 0.99992 0.00525254 -0.0174272 -0.0465549 -0.00471098 0.998905 0.12512
150 152 43 0.999547 -0.00712382 -0.02925 0.452625 0.00728392 0.999959 0.00537056 0.127788 0.0292105 -0.00558118 0.999558 -0.882497
150 153 38 0.999109 0.0124923 -0.04031 0.551072 -0.0126361 0.999915 -0.00331519 0.36372 0.0402652 0.0038216 0.999182 -0.751018
150 154 57 0.999655 -0.015817 -0.0209879 -0.966908 0.0156528 0.999846 -0.00796815 -0.0618087 0.0211107 0.00763688 0.999748 0.247525
150 155 47 0.998071 -0.0163904 -0.0598724 0.99824 0.0154337 0.999746 -0.0164063 0.0522592 0.0601261 0.0154506 0.998071 0.0280221
150 156 47 0.995115 -0.007806 -0.098414 0.976259 0.0058269 0.999775 -0.0203814 0.213753 0.098551 0.0197084 0.994937 0.0350452
150 157 84 0.992608 -0.0138207 -0.120575 0.856088 0.0120133 0.999805 -0.0157038 0.0420248 0.120768 0.0141392 0.99258 -0.515118
150 158 79 0.998378 -0.0315143 -0.0474228 -0.946724 0.0310697 0.999466 -0.0100836 -0.00190374 0.0477153 0.00859378 0.998824 -0.32204
150 159 36 0.990688 -0.0112589 -0.135682 0.97774 0.0101303 0.999908 -0.00900559 0.19627 0.135771 0.00754723 0.990712 0.0741829
150 160 54 0.998262 -0.00489308 -0.0587353 -0.924968 0.00500694 0.999986 0.00179152 -0.105296 0.0587257 -0.00208249 0.998272 -0.365166
150 161 57 0.997153 -0.0144673 -0.074 -0.942098 0.0145463 0.999894 0.000529042 -0.0744754 0.0739845 -0.00160396 0.997258 -0.326962
150 162 48 0.997162 -0.0247547 -0.0710942 -0.878936 0.0252596 0.999662 0.00621165 -0.0226309 0.0709164 -0.00798983 0.99745 -0.476403
150 163 62 0.997627 -0.0167901 -0.0667679 -0.856482 0.0175989 0.999778 0.0115439 -0.0248944 0.0665593 -0.0126916 0.997702 -0.515576
150 164 35 0.995348 -0.0104567 -0.0957788 -0.854952 0.0126353 0.999674 0.0221679 -0.0570428 0.0955158 -0.0232749 0.995156 -0.515562
165 166 38 0.999814 0.00836403 -0.0173879 0.955476 -0.00831294 0.999961 0.00300808 0.0580219 0.0174124 -0.00286298 0.999844 -0.289307
165 167 129 0.999734 0.0116039 -0.0199289 0.725043 -0.0114049 0.999884 0.0100658 0.0997753 0.0200434 -0.00983582 0.999751 0.681438
165 168 188 0.998641 0.0242998 -0.0461129 0.949435 -0.0235414 0.99958 0.01692 -0.0670773 0.0465046 -0.0158114 0.998793 0.306713
165 169 405 0.99671 0.0322129 -0.0743793 0.970536 -0.0313047 0.999421 0.0133441 -0.0166373 0.0747661 -0.0109718 0.997141 0.240381
165 170 227 0.996636 0.037142 -0.073057 0.990347 -0.0359072 0.99919 0.0181431 -0.137823 0.0736717 -0.0154588 0.997163 -0.0147277
165 171 130 0.997701 0.0420442 -0.0531463 0.97524 -0.04089 0.998908 0.0226225 -0.174968 0.0540394 -0.0203974 0.99833 0.13525
165 172 89 0.996013 0.0426263 -0.0783704 0.918753 -0.0404278 0.998749 0.0294287 -0.113496 0.0795268 -0.026143 0.99649 0.378168
165 173 64 0.993735 0.0560705 -0.0966789 0.567345 -0.0535579 0.998161 0.0283934 0.00340521 0.0980931 -0.0230376 0.994911 0.823473
165 174 166 0.987293 0.0676438 -0.143797 0.958229 -0.0639225 0.997493 0.0303488 -0.209727 0.145489 -0.0207713 0.989142 0.194452
165 175 116 0.991927 0.0742086 -0.102827 -0.127452 -0.0721479 0.997114 0.0236218 -0.296939 0.104284 -0.0160124 0.994419 0.946353
165 176 127 0.994498 0.0245186 0.101849 -0.815228 -0.0348673 0.994265 0.101105 -0.402836 -0.0987855 -0.1041 0.989649 0.416084
165 177 193 0.983946 0.0759411 -0.161502 0.933864 -0.0755171 0.997106 0.00877097 -0.194123 0.161701 0.00356602 0.986833 0.300358
165 178 55 0.986385 0.0621332 -0.152262 0.922046 -0.062523 0.998041 0.00223129 -0.163755 0.152102 0.00731894 0.988338 0.350735
165 179 205 0.971376 0.0806617 -0.223432 0.970914 -0.0758492 0.996666 0.0300522 -0.213486 0.225111 -0.0122449 0.974256 0.108397
180 181 81 0.999993 0.00301846 0.00233757 -0.684603 -0.00302347 0.999993 0.00214291 0.199489 -0.00233108 -0.00214996 0.999995 -0.701087
180 182 437 0.9994 0.00105551 0.0346059 -0.898356 -0.00113057 0.999997 0.00214933 0.0475057 -0.0346036 -0.00218716 0.999399 0.436692
180 183 190 0.999798 0.00571732 -0.01929 0.900858 -0.00554838 0.999946 0.00880018 -0.125916 0.0193393 -0.00869137 0.999775 0.415452
180 184 297 0.99498 0.013856 -0.0991073 0.978709 -0.0118468 0.999713 0.0208328 -0.204203 0.0993674 -0.0195542 0.994859 0.0207172
180 185 201 0.999001 0.0126515 -0.0428677 0.956596 -0.0125302 0.999917 0.00309617 -0.0963885 0.0429033 -0.00255593 0.999076 0.275016
180 186 176 0.998421 0.0123238 -0.05481 0.93686 -0.0119145 0.999899 0.00778826 -0.130534 0.0549004 -0.00712293 0.998466 0.324429
180 187 281 0.993444 -0.00845043 -0.114004 0.990048 0.00954743 0.999913 0.00907986 -0.138622 0.113917 -0.0101088 0.993439 0.0242482
180 188 150 0.997054 0.0217158 -0.0735659 0.965335 -0.0209435 0.999717 0.0112542 -0.143209 0.0737895 -0.00968032 0.997227 0.218221
180 189 159 0.993483 0.0181703 -0.112521 0.979109 -0.0164517 0.999734 0.016184 -0.0964977 0.112785 -0.0142273 0.993518 0.17898
180 190 150 0.996283 0.018326 -0.0841698 0.953448 -0.0165689 0.999631 0.0215262 -0.0809749 0.0845332 -0.0200516 0.996219 0.290483
180 191 192 0.991804 0.0218137 -0.125896 0.977367 -0.0187373 0.999497 0.0255688 -0.099628 0.12639 -0.0230003 0.991714 0.186622
180 192 147 0.992686 0.0256924 -0.117957 0.916982 -0.0233234 0.999498 0.0214207 -0.0710641 0.118448 -0.0185129 0.992788 0.392549
180 193 129 0.992107 0.00220868 -0.125373 0.715693 -0.00128349 0.999971 0.00745985 -0.0130653 0.125385 -0.00724006 0.992082 0.698293
180 194 105 0.988418 0.0159752 0.150911 -0.901368 -0.0141977 0.999817 -0.0128488 0.0819393 -0.151088 0.0105574 0.988464 0.425232
195 196 18 0.999993 0.00375177 -0.000580941 -0.733878 -0.00375086 0.999992 0.00156661 0.0549544 0.000586814 -0.00156442 0.999999 -0.677055
195 197 232 0.99973 0.0102717 -0.0208394 0.664626 -0.0100827 0.999907 0.00915569 -0.341856 0.0209315 -0.0089431 0.999741 -0.664385
195 198 122 0.999773 0.0166117 -0.0133081 0.491632 -0.0165496 0.999852 0.00476743 -0.0831217 0.0133854 -0.00454611 0.9999 -0.866827
195 199 130 0.999509 0.0278164 -0.0144185 0.994781 -0.0277511 0.999604 0.00471115 -0.0790044 0.0145439 -0.00430871 0.999885 0.0645729
195 200 142 0.998791 0.0298726 -0.0390406 0.989166 -0.0296909 0.999545 0.00522552 -0.134941 0.039179 -0.00406005 0.999224 0.057807
195 201 185 0.99732 0.0458755 -0.0569944 0.970124 -0.0460701 0.998936 -0.00210472 -0.11053 0.0568372 0.00472482 0.998372 -0.215969
195 202 86 0.996794 0.0601646 -0.0527522 0.961572 -0.0607386 0.99811 -0.00934548 -0.077844 0.0520903 0.0125196 0.998564 -0.263288
195 203 217 0.994787 0.0606229 -0.0820013 0.990531 -0.0612105 0.998114 -0.00466828 -0.102897 0.0815636 0.00966328 0.996621 -0.0908909
195 204 81 0.996384 0.0734034 0.0427953 -0.619395 -0.0729712 0.997267 -0.0115773 -0.253479 -0.0435281 0.00841262 0.999017 -0.743033
195 205 130 0.998855 0.0438769 0.0190517 0.0976146 -0.0433402 0.998676 -0.0277262 0.14889 -0.020243 0.0268688 0.999434 -0.984024
195 206 204 0.99226 0.0563552 -0.110652 0.988027 -0.0566479 0.998394 0.000499246 -0.0630886 0.110503 0.00577285 0.993859 -0.14079
195 207 130 0.989485 0.059451 -0.13185 0.998494 -0.0601634 0.998188 -0.00142216 -0.0458028 0.131527 0.00933977 0.991269 -0.0302054
195 208 146 0.98697 0.0760184 -0.141814 0.958825 -0.0780221 0.996914 -0.00861419 -0.00299802 0.140721 0.0195665 0.989856 -0.283981
195 209 76 0.999619 -0.0118859 0.0249293 0.0193012 0.012866 0.999136 -0.0395302 0.155948 -0.0244379 0.0398358 0.998907 -0.987577
210 211 81 0.999983 -2.93804e-05 -0.00588784 0.0611108 3.14909e-05 1 0.000358359 -0.0331592 0.00588783 -0.000358539 0.999983 0.99758
210 212 280 0.993728 -0.00187341 -0.11181 0.984897 0.00143279 0.999991 -0.00402108 0.0767117 0.111816 0.00383566 0.993721 0.15522
210 213 134 0.999781 -0.011868 -0.0172242 -0.977719 0.0118406 0.999928 -0.00169102 0.0561298 0.017243 0.0014867 0.99985 0.202276
210 214 97 0.999749 -0.0146846 -0.0169463 -0.983267 0.0145594 0.999866 -0.00749014 0.0465745 0.017054 0.00724153 0.999828 0.176114
210 215 50 0.999399 -0.0197392 -0.0285017 -0.0343023 0.0193258 0.999705 -0.0147048 0.0620229 0.0287836 0.0141451 0.999486 -0.997485
210 216 136 0.997755 -0.0118515 -0.0659129 0.932254 0.0112009 0.999885 -0.0102318 -0.137495 0.0660266 0.00947056 0.997773 0.33466
210 217 145 0.994609 -0.00633715 -0.103501 0.964848 0.00572505 0.999964 -0.00621001 -0.157972 0.103537 0.00558398 0.99461 0.210029
210 218 71 0.998736 -0.0293592 -0.0407983 0.0159327 0.0284645 0.999345 -0.0223395 0.0955799 0.0414274 0.02115 0.998918 -0.995294
210 219 81 0.99879 -0.0114687 -0.0478225 -0.031898 0.010579 0.999767 -0.0188175 0.0691152 0.0480272 0.0182888 0.998679 -0.997099
210 220 198 0.982874 0.0125648 -0.183847 0.980234 -0.0112153 0.999902 0.00837815 -0.19067 0.183935 -0.00617275 0.982919 0.0527892
210 221 85 0.998572 -0.0331353 -0.0418972 -0.010541 0.0322411 0.999241 -0.021841 0.0585412 0.0425892 0.020459 0.998883 -0.998229
210 222 205 0.964263 0.0297216 -0.263273 0.938325 -0.0231264 0.999337 0.0281153 -0.212255 0.263934 -0.021022 0.964312 0.272937
210 223 91 0.966979 0.0353107 -0.252398 0.881319 -0.0311785 0.999307 0.0203538 -0.205622 0.252942 -0.0118123 0.967409 0.425437
210 224 135 0.962793 0.0533205 -0.264927 0.922909 -0.0497246 0.998557 0.0202663 -0.224212 0.265625 -0.00633884 0.964055 0.312997
225 226 557 0.999282 0.00974204 -0.0366235 0.92024 -0.00955541 0.99994 0.00526748 -0.227924 0.0366727 -0.00491375 0.999315 0.318134
225 227 148 0.999764 0.0100862 -0.0192446 0.572206 -0.0101472 0.999944 -0.00307896 -0.0683781 0.0192125 0.00327352 0.99981 0.817255
225 228 65 0.99985 0.0105534 -0.0137121 0.800245 -0.0106306 0.999928 -0.00556978 -0.161581 0.0136523 0.00571472 0.99989 -0.577495
225 229 140 0.999296 0.0142483 -0.0346938 0.916414 -0.0140841 0.999888 0.00497325 -0.211531 0.0347608 -0.00448112 0.999386 0.339765
225 230 141 0.998674 0.00698099 -0.0510107 0.720891 -0.00673633 0.999965 0.00496654 -0.120782 0.0510435 -0.00461633 0.998686 0.682442
225 231 226 0.998258 0.00986599 -0.0581691 0.576392 -0.00981742 0.999951 0.00112071 -0.0664885 0.0581773 -0.000547684 0.998306 0.814464
225 232 442 0.999929 -0.00331391 -0.0114661 -0.972614 0.00331666 0.999994 0.00022057 0.135298 0.0114653 -0.000258584 0.999934 -0.18899
225 233 104 0.997784 0.00174093 -0.0665102 0.815402 -0.00134957 0.999982 0.00592859 -0.0683879 0.0665193 -0.0058257 0.997768 0.574841
225 234 378 0.995631 0.00747166 -0.0930715 0.97035 -0.00645866 0.999917 0.0111805 -0.116752 0.0931473 -0.0105306 0.995597 0.211635
225 235 486 0.993197 0.0125101 -0.115774 0.980879 -0.0108879 0.999834 0.014634 -0.0939164 0.115938 -0.0132739 0.993168 0.17046
225 236 393 0.992419 0.0166748 -0.12176 0.930198 -0.0149828 0.999778 0.014799 -0.078487 0.12198 -0.0128625 0.992449 0.358568
225 237 249 0.99367 0.0104845 -0.111849 0.83086 -0.00878502 0.999839 0.0156764 -0.0822484 0.111995 -0.0145946 0.993602 0.550369
225 238 102 0.995152 0.0119985 -0.0976166 0.989568 -0.0101511 0.99976 0.0193999 -0.115857 0.097826 -0.0183149 0.995035 -0.0856238
225 239 252 0.986741 0.0256945 -0.160258 0.9479 -0.0217884 0.999422 0.0260836 -0.0924552 0.160836 -0.022246 0.98673 0.304856
240 241 19 0.999891 -0.00346533 -0.0143581 0.966048 0.00350279 0.999991 0.00258474 -0.15494 0.014349 -0.00263475 0.999894 0.206746
240 242 152 0.999996 -0.00198268 -0.00195977 -0.763049 0.00198988 0.999991 0.0036792 0.135472 0.00195246 -0.00368308 0.999991 -0.631984
240 243 186 0.998692 0.0121992 -0.049646 0.994404 -0.0119192 0.999911 0.00593209 -0.0650723 0.0497139 -0.00533259 0.998749 0.0832257
240 244 177 0.99793 0.0129362 -0.0629948 0.988758 -0.012479 0.999893 0.00764705 -0.117668 0.0630869 -0.00684512 0.997985 0.092262
240 245 166 0.99871 0.0187002 -0.0472058 0.961276 -0.018623 0.999824 0.00207479 -0.0679097 0.0472363 -0.00119301 0.998883 -0.267089
240 246 178 0.995379 0.0302305 -0.0911459 0.994562 -0.0297726 0.999536 0.00637911 -0.0971751 0.0912965 -0.00363598 0.995817 -0.0374696
240 247 178 0.994576 0.0252483 -0.100903 0.991668 -0.0242859 0.999647 0.0107543 -0.121618 0.101139 -0.00824548 0.994838 -0.0424799
240 248 212 0.992763 0.0350769 -0.114855 0.991369 -0.034 0.999358 0.011323 -0.114241 0.115179 -0.007336 0.993318 0.06431
240 249 215 0.988602 0.0427581 -0.144354 0.983652 -0.0411418 0.999053 0.0141651 -0.127214 0.144823 -0.00806468 0.989425 0.127456
240 250 129 0.994715 -0.00877609 0.102301 -0.897962 0.0126615 0.99922 -0.0373927 0.256251 -0.101893 0.0384903 0.99405 -0.35777
240 251 79 0.999141 0.026944 -0.0314994 0.848776 -0.027454 0.999497 -0.0158703 -0.191175 0.031056 0.0167215 0.999378 0.492981
240 252 181 0.977818 0.0718772 -0.196736 0.964446 -0.074933 0.997155 -0.00812274 -0.130763 0.195593 0.0226846 0.980423 0.229665
240 253 161 0.980127 0.078869 -0.182017 0.987268 -0.0812867 0.996674 -0.00584921 -0.154039 0.18095 0.0205285 0.983278 0.0396656
240 254 166 0.980273 0.0737042 -0.183391 0.975413 -0.0760232 0.99709 -0.00563717 -0.151574 0.182442 0.0194679 0.983024 0.159987
255 256 0 1 0 0 0 0 1 0 0 0 0 1 0
255 257 73 0.999764 -0.021549 -0.00258604 0.200429 0.0216018 0.999514 0.0224836 -0.234266 0.00210028 -0.0225342 0.999744 0.951287
255 258 153 0.999542 0.00708416 -0.0294051 0.674476 -0.00655668 0.999817 0.0179964 0.101156 0.0295272 -0.0177954 0.999406 0.731334
255 259 252 0.994708 0.0127409 -0.101946 0.977673 -0.0117543 0.999878 0.0102718 0.150246 0.102064 -0.00901915 0.994737 0.146908
255 260 31 0.999948 -0.0074471 -0.00695222 0.213478 0.00771141 0.999217 0.0387983 -0.222122 0.00665784 -0.0388499 0.999223 0.951362
255 261 86 0.998425 0.0117419 -0.0548626 0.817314 -0.00984965 0.999351 0.0346349 0.0250531 0.0552337 -0.03404 0.997893 0.575648
255 262 164 0.994716 0.00506906 -0.102538 0.937812 -0.00256829 0.999696 0.024506 0.0512578 0.102631 -0.0241132 0.994427 0.343338
255 263 137 0.998845 0.0115269 -0.0466409 0.635702 -0.010056 0.999448 0.0316486 -0.0994291 0.04698 -0.0311431 0.99841 0.765504
255 264 63 0.999451 -0.0109218 -0.031282 0.063574 0.011837 0.999503 0.0292237 -0.107183 0.0309473 -0.0295779 0.999083 0.992205
255 265 139 0.985958 0.0167443 -0.166154 0.954202 -0.0136692 0.999714 0.0196343 -0.00885425 0.166435 -0.0170874 0.985904 0.299032
255 266 77 0.999692 -0.000988685 -0.0248071 0.000313317 0.00135706 0.999889 0.014837 -0.052355 0.0247897 -0.0148661 0.999582 0.998628
255 267 84 0.998752 -0.0227844 -0.0444451 0.219142 0.0239695 0.999366 0.0263173 -0.272341 0.0438173 -0.0273498 0.998665 0.936914
255 268 89 0.990328 0.0291308 -0.135653 0.803075 -0.0266877 0.999448 0.0197939 -0.110238 0.136155 -0.0159821 0.990559 0.585592
255 269 93 0.995257 0.0335842 -0.0912997 0.657308 -0.0318041 0.999276 0.0208831 -0.18346 0.0919349 -0.0178803 0.995604 0.73095
270 271 0 1 0 0 0 0 1 0 0 0 0 1 0
270 272 167 0.998904 0.00652481 -0.0463456 0.848328 -0.0059976 0.999916 0.0115054 -0.363098 0.0464167 -0.0112149 0.998859 0.385356
270 273 99 0.999533 0.0209037 -0.0222797 0.697275 -0.0209693 0.999776 -0.00271369 -0.321958 0.022218 0.00317961 0.999748 0.64043
270 274 104 0.998782 0.0239314 -0.0431497 0.834544 -0.0239168 0.999714 0.000854733 -0.274982 0.0431578 0.00017831 0.999068 0.47741
270 275 120 0.998238 0.0264308 -0.0531219 0.687888 -0.0263526 0.99965 0.0021715 -0.208276 0.0531607 -0.000767775 0.998586 0.695292
270 276 99 0.997401 0.0244736 -0.0677627 0.832444 -0.0243549 0.9997 0.00257648 -0.229586 0.0678054 -0.000919429 0.997698 0.504308
270 277 107 0.989878 0.0190278 -0.140641 0.911046 -0.0145627 0.999359 0.0327093 -0.30022 0.141173 -0.0303301 0.98952 0.282602
270 278 120 0.997567 0.00554608 -0.0694968 0.841866 -0.00501967 0.999957 0.00774701 -0.285751 0.0695368 -0.00737931 0.997552 0.45783
270 279 127 0.992124 0.0172864 -0.124064 0.904579 -0.015746 0.999786 0.0133859 -0.244976 0.124268 -0.011327 0.992184 0.348888
270 280 95 0.957477 0.0548317 -0.283253 0.900918 -0.0451188 0.998152 0.0407063 -0.206181 0.284961 -0.0261953 0.958181 0.381886
270 281 54 0.997471 0.058743 0.040015 -0.113355 -0.0580158 0.998133 -0.0190985 0.0108996 -0.0410622 0.0167287 0.999017 0.993495
270 282 103 0.995091 0.0236695 -0.0960928 0.846207 -0.0229764 0.999701 0.00831315 -0.193392 0.0962608 -0.00606448 0.995338 0.496522
270 283 87 0.992705 0.0271125 -0.117482 0.882088 -0.0254369 0.999553 0.0157391 -0.222545 0.117856 -0.0126359 0.99295 0.415205
270 284 58 0.99869 0.0508042 -0.0060577 0.486149 -0.0508028 0.998709 0.000383664 -0.240955 0.00606937 -7.54134e-05 0.999982 0.84
285 286 21 0.999999 0.00128938 -0.000414757 -0.294853 -0.00128899 0.999999 0.000934921 0.208077 0.000415962 -0.000934386 0.999999 -0.932612
285 287 54 0.999968 0.00258014 0.00762256 -0.843079 -0.00260486 0.999991 0.00323437 0.137058 -0.00761415 -0.00325412 0.999966 -0.520032
285 288 148 0.999614 0.00392684 -0.0275098 0.978837 -0.00372635 0.999966 0.00733545 -0.187543 0.0275377 -0.00723011 0.999595 -0.0818839
285 289 137 0.99995 -0.00531311 0.00841964 -0.984917 0.00532121 0.999985 -0.000938827 0.141662 -0.00841453 0.000983583 0.999964 -0.0993447
285 290 134 0.99997 0.000786102 -0.00764523 -0.938121 -0.000800193 0.999998 -0.00184013 0.0953234 0.00764377 0.00184619 0.999969 0.332931
285 291 147 0.999853 0.010515 0.0135187 -0.92894 -0.0104718 0.99994 -0.00325884 0.134743 -0.0135521 0.00311679 0.999903 -0.344841
285 292 198 0.998655 0.0212355 -0.0473036 0.939814 -0.0208846 0.999751 0.00790015 -0.150274 0.0474596 -0.0069016 0.998849 -0.306869
285 293 44 0.998818 0.0280374 -0.0396991 0.963556 -0.0276938 0.999574 0.00918068 -0.143482 0.0399396 -0.00807041 0.99917 -0.22577
285 294 32 0.999067 0.0387392 -0.0190649 0.725335 -0.0387244 0.999249 0.00114129 0.028359 0.0190948 -0.000401943 0.999818 -0.687812
285 295 133 0.998411 0.0487104 -0.0283334 0.978743 -0.0485789 0.998805 0.00530982 -0.11574 0.0285582 -0.00392497 0.999584 -0.16931
285 296 50 0.997769 0.064935 -0.0154798 0.235102 -0.0647096 0.997797 0.0146427 0.0170423 0.0163966 -0.0136083 0.999773 -0.971821
285 297 46 0.996163 0.087369 -0.00515162 0.208277 -0.0872525 0.995993 0.0196412 0.20999 0.00684701 -0.0191164 0.999794 -0.955262
285 298 210 0.995469 0.0853134 -0.0419792 0.997752 -0.0839849 0.995938 0.0324559 -0.0660577 0.0445776 -0.0287832 0.998591 0.0112495
285 299 109 0.994108 0.107061 -0.0169519 0.991626 -0.106507 0.993836 0.0307709 -0.121245 0.0201418 -0.0287841 0.999383 -0.0444709
300 301 10 0.999953 0.00965474 -0.00114903 0.983652 -0.00965537 0.999953 -0.000539221 -0.179941 0.00114377 0.00055029 0.999999 0.00703281
300 302 17 0.999833 0.0111055 0.0145195 -0.997993 -0.0110347 0.999927 -0.00494678 0.0360702 -0.0145734 0.00478573 0.999882 0.0520428
300 303 19 0.999873 0.0150402 -0.00534861 0.978178 -0.0150638 0.999877 -0.00438321 -0.0652448 0.00528202 0.00446322 0.999976 -0.197258
300 304 37 0.999928 0.0120234 -1.98947e-05 0.886141 -0.0120232 0.9999 -0.00750821 -0.199441 -7.03811e-05 0.0075079 0.999972 0.418303
300 305 236 0.999043 0.0182975 0.039725 -0.979267 -0.017303 0.999532 -0.0252358 0.172626 -0.0401682 0.0245242 0.998892 -0.106005
300 306 228 0.999027 0.00405158 0.0439054 -0.946177 -0.00226255 0.999168 -0.0407207 0.323612 -0.0440338 0.0405817 0.998205 0.00501233
300 307 188 0.999191 0.0093939 -0.0391049 0.955679 -0.0101754 0.999752 -0.0198328 -0.256041 0.0389088 0.0202146 0.999038 -0.145326
300 308 210 0.999949 0.0101326 0.000317014 -0.898215 -0.0101179 0.999465 -0.0311016 0.152946 -0.000631986 0.0310968 0.999516 -0.412088
300 309 116 0.999995 -0.00294033 -0.00110124 -0.838134 0.00290355 0.999483 -0.0320353 0.234329 0.00119486 0.0320319 0.999486 -0.492567
300 310 110 0.999991 -0.00341696 -0.00247254 -0.979896 0.00332923 0.999394 -0.0346586 0.0951826 0.00258947 0.0346501 0.999396 -0.175342
300 311 208 0.999919 0.0125396 0.00238532 -0.934205 -0.012459 0.999435 -0.031225 -0.00887041 -0.00277552 0.0311927 0.99951 -0.356625
300 312 195 0.999364 -0.0149458 -0.032369 -0.919006 0.013881 0.999363 -0.0328751 0.224041 0.0328397 0.0324049 0.998935 -0.324396
300 313 181 0.999644 -0.00600238 0.0259946 -0.958734 0.00706013 0.999143 -0.0407925 0.0553097 -0.0257275 0.0409615 0.998829 -0.278873
300 314 173 0.994844 -0.00166088 -0.101406 0.958948 -0.00222004 0.99927 -0.0381464 -0.0665797 0.101395 0.0381748 0.994114 -0.275654
315 316 24 0.999983 0.00492745 -0.0031335 -0.300624 -0.00493753 0.999983 -0.00321881 -0.096212 0.00311759 0.00323423 0.99999 -0.948877
315 317 82 0.999881 0.0143933 -0.00561961 -0.154969 -0.0144477 0.999848 -0.00976668 -0.170051 0.00547818 0.0098467 0.999937 -0.973174
315 318 66 0.999694 -0.00749923 -0.0235826 0.967542 0.0072659 0.999924 -0.00996447 -0.252709 0.0236555 0.00979007 0.999672 0.00116078
315 319 155 0.999971 -0.00419527 -0.00635933 -0.884182 0.00410915 0.9999 -0.0134954 0.0943379 0.00641532 0.0134689 0.999889 -0.457518
315 320 145 0.999937 -0.00211924 -0.011045 -0.5792 0.00192899 0.99985 -0.0172076 0.0945324 0.0110798 0.0171852 0.999791 -0.809686
315 321 211 0.998793 -0.016266 -0.0463455 0.947702 0.0156434 0.999783 -0.0137638 -0.160668 0.0465594 0.0130222 0.998831 -0.275767
315 322 167 0.999908 -0.0107711 -0.00828482 -0.931598 0.0105972 0.999728 -0.0207611 0.0997426 0.00850618 0.0206714 0.99975 -0.349537
315 323 208 0.998414 -0.00325011 -0.0562083 0.879335 0.00214419 0.999803 -0.0197245 -0.0641799 0.0562614 0.0195727 0.998224 -0.47186
315 324 313 0.995347 -0.01409 -0.0953201 0.919335 0.0139714 0.999901 -0.00191141 -0.236733 0.0953376 0.000570763 0.995445 -0.314295
315 325 338 0.991941 -0.0188023 -0.125295 0.945104 0.0200132 0.999764 0.00841301 -0.250858 0.125107 -0.0108528 0.992084 -0.209402
315 326 219 0.996221 -0.000211687 -0.0868551 0.880375 -0.00109733 0.999887 -0.0150233 -0.0605289 0.0868485 0.0150618 0.996108 -0.470401
315 327 177 0.996622 0.00318404 -0.0820631 0.946745 -0.00450779 0.999863 -0.0159506 -0.0257098 0.082001 0.0162667 0.996499 -0.320955
315 328 168 0.995095 0.00759724 -0.098636 0.951637 -0.00906454 0.999855 -0.0144364 -0.0684923 0.098512 0.0152596 0.995019 -0.299491
315 329 254 0.992559 0.018546 -0.120343 0.983846 -0.0204633 0.999682 -0.0147159 -0.0719031 0.120031 0.017069 0.992623 -0.16394
330 331 403 0.999719 -0.00228453 -0.0235785 0.990197 0.00239012 0.999987 0.00445127 -0.109985 0.0235681 -0.00450638 0.999712 -0.0860969
330 332 48 0.999941 -0.00971899 -0.00483907 0.929123 0.00972962 0.99995 0.00217897 -0.066356 0.00481766 -0.00222592 0.999986 -0.363769
