0 1 65 0.99994 0.00985934 0.00469054 -0.693304 -0.00986752 0.99995 0.00172414 -0.0597039 -0.00467331 -0.00177032 0.999988 -0.718168
0 2 376 0.999301 0.0132802 -0.0349564 0.927096 -0.0134785 0.999894 -0.00544267 0.285615 0.0348804 0.00591003 0.999374 -0.242729
0 3 366 0.996778 0.0233981 -0.0767209 0.910313 -0.0244769 0.999614 -0.0131511 0.300499 0.0763835 0.0149867 0.996966 -0.284658
0 4 282 0.997872 0.0173815 -0.062847 0.839624 -0.0173037 0.999849 0.00178312 0.23533 0.0628685 -0.000691844 0.998022 -0.489542
0 5 271 0.997733 0.0207617 -0.0640171 0.822237 -0.0205138 0.999779 0.00452707 0.248465 0.064097 -0.00320357 0.997939 -0.512047
0 6 251 0.996576 0.0239054 -0.0791568 0.837379 -0.0236888 0.999713 0.00367382 0.219967 0.0792219 -0.00178611 0.996855 -0.500411
0 7 201 0.994824 0.0377424 -0.0943393 0.859298 -0.037468 0.999287 0.00467845 0.24349 0.0944486 -0.00111953 0.995529 -0.4498
0 8 241 0.992495 0.0371156 -0.116513 0.866737 -0.0363104 0.9993 0.00902641 0.22174 0.116767 -0.00472803 0.993148 -0.446765
0 9 187 0.991044 0.036643 -0.128413 0.866967 -0.0355804 0.999311 0.01056 0.230635 0.128711 -0.00589643 0.991665 -0.441787
0 10 209 0.989554 0.0361404 -0.139558 0.883305 -0.0345033 0.999305 0.0141335 0.214317 0.139971 -0.00917064 0.990113 -0.416942
0 11 192 0.981595 0.0443034 -0.185762 0.920597 -0.0448621 0.998992 0.00119665 0.232484 0.185628 0.00715905 0.982594 -0.31377
0 12 189 0.980118 0.0570832 -0.190029 0.919356 -0.0570799 0.998354 0.00549533 0.207104 0.19003 0.00546078 0.981763 -0.334502
0 13 123 0.984731 0.0638445 -0.161953 0.869011 -0.0625131 0.997955 0.0133088 0.220045 0.162472 -0.00298142 0.986709 -0.44317
0 14 139 0.977621 0.0746389 -0.196687 0.90199 -0.0731637 0.997211 0.0147664 0.211259 0.19724 -4.5654e-05 0.980355 -0.376543
15 16 43 0.999993 -0.00363787 -0.000526163 0.34466 0.00363389 0.999966 -0.00737466 0.188071 0.000552974 0.00737269 0.999973 -0.919695
15 17 205 0.999489 -0.00252236 -0.0318629 0.801335 0.00223884 0.999958 -0.00893048 0.228828 0.031884 0.00885458 0.999452 -0.552721
15 18 263 0.997904 0.00402733 -0.064594 0.91509 -0.00460448 0.999951 -0.00878876 0.226608 0.0645554 0.00906776 0.997873 -0.333554
15 19 268 0.998422 0.00108069 -0.0561494 0.873193 -0.00137198 0.999986 -0.00514963 0.252396 0.0561431 0.00521853 0.998409 -0.41693
15 20 207 0.996687 0.00475985 -0.0811983 0.88093 -0.00604549 0.99986 -0.0155949 0.314956 0.0811127 0.0160341 0.996576 -0.353221
15 21 208 0.994751 0.00115483 -0.102319 0.880529 -0.00360983 0.99971 -0.0238119 0.36814 0.102261 0.0240562 0.994467 -0.298565
15 22 193 0.994332 0.0139796 -0.105397 0.914013 -0.013939 0.999902 0.00112202 0.173421 0.105402 0.000353465 0.99443 -0.366751
15 23 160 0.991678 0.0173204 -0.127569 0.924033 -0.018876 0.999761 -0.0109949 0.208707 0.127348 0.0133114 0.991769 -0.320318
15 24 165 0.995937 0.0357462 -0.0826579 0.795829 -0.0352574 0.999351 0.00736605 0.0783006 0.0828676 -0.00442182 0.996551 -0.600438
15 25 172 0.983071 0.0338888 -0.180062 0.948624 -0.0380725 0.999078 -0.0198289 0.160505 0.179224 0.0263486 0.983455 -0.272674
15 26 113 0.982818 0.0327255 -0.181653 0.94575 -0.0389043 0.998776 -0.0305548 0.19139 0.180431 0.0370969 0.982888 -0.262539
15 27 108 0.972067 0.0356392 -0.231983 0.957911 -0.0429786 0.99872 -0.0266594 0.100239 0.230736 0.0358851 0.972354 -0.268995
15 28 121 0.975133 0.0598831 -0.213377 0.950386 -0.0642794 0.997838 -0.0137191 0.00767407 0.212094 0.0270937 0.976874 -0.310978
15 29 103 0.975814 0.0917464 -0.198416 0.909595 -0.0896792 0.995782 0.0193992 -0.189237 0.199359 -0.00113622 0.979926 -0.3699
30 31 284 0.998468 0.00432594 -0.0551608 0.977842 -0.00337985 0.999846 0.0172333 -0.195469 0.0552269 -0.0170205 0.998329 -0.0749462
30 32 78 0.999914 0.0109819 0.00713704 -0.271252 -0.0110496 0.999894 0.00951734 0.133045 -0.00703177 -0.00959538 0.999929 0.953269
30 33 65 0.998969 0.0425485 0.015803 -0.428638 -0.0426204 0.999082 0.00423956 0.332346 -0.0156081 -0.00490872 0.999866 0.840128
30 34 74 0.999509 -0.0049051 0.0309421 -0.488801 0.00457208 0.999931 0.010824 -0.168999 -0.0309931 -0.0106772 0.999463 0.85587
30 35 67 0.982729 0.0639488 -0.17365 0.987836 -0.0589004 0.997682 0.034077 -0.080209 0.175426 -0.0232604 0.984218 0.133218
30 36 25 0.997152 0.0415549 0.0629393 -0.664368 -0.0436143 0.998545 0.0317077 -0.0457875 -0.0615301 -0.0343624 0.997514 0.746002
30 37 78 0.99283 0.119523 -0.00151006 0.917349 -0.119106 0.990275 0.0719002 -0.388501 0.0100891 -0.0712048 0.997411 -0.0868216
30 38 112 0.995965 0.0693488 -0.0569556 0.992557 -0.0669139 0.996806 0.0436016 0.0349534 0.0597974 -0.0396145 0.997424 0.116661
30 39 119 0.994693 0.0593987 -0.084011 0.975195 -0.0568057 0.997842 0.0329277 0.0902724 0.0857856 -0.0279806 0.995921 0.202103
30 40 97 0.996141 0.0487517 -0.0729843 0.962572 -0.0470009 0.998569 0.0255185 0.134753 0.0741239 -0.0219897 0.997007 0.235152
30 41 68 0.993236 0.075748 -0.0880075 0.981735 -0.0727116 0.996658 0.0372145 0.0279661 0.0905324 -0.0305636 0.995424 0.188187
30 42 92 0.989005 0.060459 -0.134962 0.975163 -0.0586185 0.998126 0.0175737 0.0770388 0.135772 -0.00946914 0.990695 0.20766
30 43 102 0.987292 0.0686963 -0.143302 0.983043 -0.0650781 0.997435 0.02979 0.0191627 0.144981 -0.0200856 0.98923 0.182371
30 44 86 0.980387 0.0684824 -0.184804 0.981365 -0.0643591 0.997528 0.0282258 0.0177615 0.18628 -0.0157784 0.98237 0.191328
45 46 34 0.999962 0.00598697 -0.00630735 -0.173937 -0.00596722 0.999977 0.00314522 0.0216709 0.00632604 -0.00310747 0.999975 0.984518
45 47 292 0.998909 0.00942232 -0.0457408 0.980305 -0.00903446 0.999922 0.00867889 -0.0905354 0.045819 -0.00825617 0.998916 -0.175516
45 48 65 0.999507 0.0312473 -0.00295785 0.13163 -0.0312229 0.999481 0.00797991 -0.0889162 0.00320566 -0.00788363 0.999964 -0.987303
45 49 254 0.998438 0.024046 -0.05044 0.982474 -0.0240916 0.99971 -0.000295426 0.14499 0.0504183 0.00151014 0.998727 -0.117149
45 50 206 0.990328 0.0324213 -0.134907 0.980822 -0.030269 0.99938 0.0179749 -0.0338299 0.135406 -0.0137175 0.990695 -0.191948
45 51 98 0.998359 0.0568588 0.00678662 0.143166 -0.0570305 0.997964 0.0285575 -0.132403 -0.00514905 -0.0288977 0.999569 -0.980802
45 52 128 0.996839 0.0436948 -0.0663478 0.968839 -0.0416439 0.99862 0.0319868 0.0215551 0.067654 -0.0291228 0.997284 -0.246751
45 53 69 0.99547 0.0921573 0.0233593 0.13752 -0.093295 0.9942 0.0534942 -0.210526 -0.0182939 -0.0554312 0.998295 -0.967867
45 54 99 0.994999 0.0998334 -0.0031405 0.748182 -0.0993971 0.992768 0.0673124 -0.159071 0.00983782 -0.0666637 0.997727 -0.644143
45 55 61 0.959259 0.13084 -0.250406 0.9912 -0.110225 0.989384 0.0947124 -0.11941 0.26014 -0.0632526 0.963497 0.0571282
45 56 41 0.969902 0.235095 0.0634104 -0.108 -0.238063 0.970248 0.0441011 0.312306 -0.0511558 -0.0578694 0.997013 0.943823
45 57 136 0.977246 0.121781 -0.173663 0.994275 -0.119594 0.992556 0.0230398 0.0910595 0.175176 -0.00174647 0.984536 0.0559075
45 58 84 0.942107 0.319973 0.100257 -0.0535386 -0.306651 0.94312 -0.128417 0.673045 -0.135644 0.0902388 0.98664 0.737661
45 59 48 0.979102 0.197751 0.047473 0.431232 -0.200517 0.977659 0.0630573 -0.179174 -0.0339428 -0.0712587 0.99688 -0.884271
60 61 66 0.999726 0.0219853 0.00806866 -0.0129029 -0.0220142 0.999752 0.00350884 -0.00372184 -0.00798951 -0.0036855 0.999961 0.99991
60 62 127 0.999693 0.0225537 -0.0102755 0.764451 -0.0225999 0.999735 -0.00440627 0.147139 0.0101734 0.00463715 0.999937 0.627666
60 63 119 0.999649 0.0223906 -0.0141821 0.825901 -0.0224179 0.999747 -0.0017683 -0.0195642 0.0141389 0.00208562 0.999898 0.563476
60 64 130 0.998955 0.0349324 -0.0294879 0.808922 -0.0350832 0.999374 -0.00461205 0.0680803 0.0293083 0.00564176 0.999554 0.583961
60 65 176 0.997246 0.0271783 -0.0690068 0.870761 -0.0284947 0.999429 -0.0181635 0.168299 0.0684738 0.0200798 0.997451 0.462007
60 66 153 0.994829 0.0230363 -0.098915 0.909838 -0.0257664 0.999319 -0.0264122 0.166546 0.0982392 0.0288243 0.994745 0.380076
60 67 111 0.997372 0.0254345 -0.0678351 0.845006 -0.0262121 0.9996 -0.0105977 -0.000276355 0.0675384 0.0123479 0.99764 0.534757
60 68 97 0.996832 0.0261451 -0.0751111 0.860238 -0.0271032 0.999563 -0.0117655 -0.0189295 0.0747707 0.013764 0.997106 0.509541
60 69 94 0.99405 0.0298728 -0.104747 0.836765 -0.0311887 0.999454 -0.0109474 -0.0226453 0.104363 0.0141492 0.994439 0.547094
60 70 93 0.994776 0.0278282 -0.0982169 0.844028 -0.0287056 0.99956 -0.00753085 -0.0627819 0.0979641 0.0103109 0.995137 0.532612
60 71 76 0.993986 0.024811 -0.106664 0.867543 -0.0259599 0.999619 -0.00939645 -0.0635789 0.10639 0.0121089 0.994251 0.493281
60 72 76 0.987754 0.0193516 -0.154816 0.840821 -0.023964 0.999321 -0.027982 0.0532849 0.154169 0.0313493 0.987547 0.538684
60 73 91 0.988024 0.0300877 -0.15134 0.847895 -0.0324182 0.99939 -0.0129545 -0.0510067 0.150858 0.0177055 0.988397 0.527705
60 74 83 0.989302 0.0466631 -0.138218 0.779038 -0.0479222 0.998834 -0.00579429 -0.105937 0.137787 0.012356 0.990385 0.617962
75 76 19 0.999923 0.0123676 -0.000369969 -0.374899 -0.0123691 0.999913 -0.00464104 0.106023 0.000312539 0.00464526 0.999989 0.920983
75 77 116 0.999665 0.0206414 -0.0156135 0.589726 -0.0207055 0.999778 -0.00395464 -0.329225 0.0155284 0.0042766 0.99987 0.737451
75 78 119 0.999494 0.0200447 -0.0246913 0.807349 -0.0203471 0.99972 -0.012056 -0.392547 0.0244427 0.0125523 0.999622 0.440561
75 79 145 0.999126 0.0190352 -0.0372205 0.879947 -0.0196138 0.999691 -0.0152411 -0.424088 0.0369189 0.0159578 0.999191 0.214111
75 80 120 0.999162 0.0275596 -0.0302663 0.779319 -0.0282111 0.999375 -0.0213138 -0.38405 0.0296599 0.0221498 0.999315 0.495144
75 81 128 0.998629 0.0319029 -0.0415072 0.83457 -0.0329334 0.99916 -0.0243845 -0.373849 0.0406944 0.025718 0.998841 0.404634
75 82 151 0.998389 0.0255828 -0.0506482 0.822423 -0.0271581 0.999161 -0.0306638 -0.337554 0.0498212 0.0319899 0.998246 0.457906
75 83 136 0.998654 0.0270999 -0.0442351 0.765109 -0.0285501 0.999064 -0.0324876 -0.357926 0.0433133 0.0337068 0.998493 0.535255
75 84 130 0.996327 0.03259 -0.0791902 0.864408 -0.0348799 0.999007 -0.0277079 -0.365353 0.0782086 0.0303682 0.996474 0.345422
75 85 86 0.997249 0.0292058 -0.0681226 0.823474 -0.0321008 0.99861 -0.0417964 -0.332313 0.0668073 0.0438682 0.996801 0.459846
75 86 118 0.99648 0.0300108 -0.0782707 0.837896 -0.0335344 0.998464 -0.044099 -0.326501 0.0768271 0.0465685 0.995956 0.43741
75 87 140 0.994935 0.0381559 -0.0929939 0.831854 -0.0423401 0.998158 -0.0434437 -0.329265 0.091165 0.047161 0.994718 0.44677
75 88 127 0.993961 0.0394134 -0.102409 0.844807 -0.0446641 0.997775 -0.0494943 -0.328575 0.10023 0.0537695 0.99351 0.422303
75 89 85 0.995912 0.0410183 -0.0804785 0.839853 -0.0456932 0.99732 -0.0571333 -0.323965 0.0779194 0.0605771 0.995118 0.435538
90 91 38 0.999967 0.00811719 -0.000701801 -0.031373 -0.00811453 0.99996 0.00371811 -0.155616 0.000731953 -0.00371229 0.999993 0.987319
90 92 15 0.999753 0.0193768 -0.0109084 0.885747 -0.019265 0.999762 0.0102629 -0.159589 0.0111046 -0.0100502 0.999888 0.435871
90 93 228 0.998723 0.0231621 -0.044905 0.997349 -0.0227396 0.999692 0.0098973 0.0638712 0.0451205 -0.00886354 0.998942 0.0348603
90 94 47 0.999931 0.0117064 -0.00112923 0.0566466 -0.0116888 0.999826 0.0145297 0.0668233 0.00129913 -0.0145155 0.999894 -0.996156
90 95 155 0.992426 0.024843 -0.120303 0.991871 -0.0218056 0.999411 0.0264988 0.00908192 0.12089 -0.0236748 0.992384 -0.126925
90 96 12 0.998232 0.0593884 -0.00234532 -0.946628 -0.0592276 0.997271 0.0440792 -0.0843362 0.00495671 -0.0438624 0.999025 0.311099
90 97 152 0.993775 0.0757605 -0.0816822 0.96153 -0.0726576 0.996542 0.0403168 0.205181 0.0844541 -0.0341309 0.995843 0.182652
90 98 34 0.997488 0.0698904 0.0115319 -0.0830606 -0.0705366 0.994966 0.0711808 -0.0642221 -0.006499 -0.0718154 0.997397 -0.994473
90 99 41 0.996852 0.0786833 -0.00969745 0.711495 -0.0775192 0.993037 0.0887075 0.311236 0.0166097 -0.0876766 0.996011 -0.630005
90 100 113 0.978479 0.104628 -0.177852 0.975249 -0.0938799 0.99327 0.0678309 0.22111 0.183752 -0.0496744 0.981717 0.000845274
90 101 91 0.85919 -0.152448 0.488418 -0.583571 -0.136995 0.851186 0.50667 -0.502322 -0.492975 -0.502236 0.710446 0.638058
90 102 91 0.991277 0.129354 -0.0252298 0.931032 -0.125069 0.983675 0.129387 0.182088 0.0415547 -0.125103 0.991273 -0.316264
90 103 31 0.991699 0.128165 0.0103519 -0.720849 -0.128319 0.981312 0.143389 -0.163456 0.008219 -0.143527 0.989612 -0.673542
90 104 91 0.97929 0.153872 -0.131583 0.980921 -0.13846 0.983164 0.119234 0.19133 0.147714 -0.0985458 0.984108 -0.0344452
105 106 51 0.999879 0.0150037 -0.00404176 -0.127161 -0.014994 0.999885 0.00244068 -0.270648 0.00407792 -0.00237978 0.999989 0.954243
105 107 169 0.99876 0.0306105 -0.0392687 0.84344 -0.0309146 0.999496 -0.0071618 0.519419 0.0390297 0.00836689 0.999203 0.137159
105 108 57 0.99961 0.0273214 -0.00578316 -0.907575 -0.0272143 0.99947 0.0178374 -0.233193 0.00626744 -0.0176731 0.999824 -0.349183
105 109 126 0.998424 0.0317644 -0.0462697 0.726726 -0.031348 0.999461 0.00969803 0.311849 0.0465528 -0.00823228 0.998882 -0.612062
105 110 119 0.999631 0.024129 0.0124497 -0.879708 -0.0246374 0.998795 0.0424447 -0.238266 -0.0114106 -0.0427358 0.999021 -0.411514
105 111 43 0.99914 0.0344032 -0.0231574 -0.841375 -0.0332491 0.99827 0.0485016 -0.255632 0.0247859 -0.0476899 0.998555 -0.476172
105 112 78 0.998631 0.0285282 -0.0438423 0.96071 -0.0267376 0.998805 0.0408986 0.220145 0.0449567 -0.0396704 0.998201 0.169032
105 113 167 0.992203 0.0199618 -0.123021 0.989766 -0.0169257 0.999527 0.0256752 0.12985 0.123475 -0.0233928 0.992072 -0.059181
105 114 128 0.996021 0.028104 -0.0845745 0.968842 -0.0261961 0.999379 0.0235852 0.202875 0.0851847 -0.0212758 0.996138 -0.14208
105 115 107 0.994705 0.0299877 -0.0983038 0.969275 -0.0282196 0.999415 0.0193282 0.19653 0.0988259 -0.0164518 0.994969 -0.147925
105 116 125 0.984261 0.0168162 -0.175917 0.993077 -0.0145089 0.999791 0.0143944 0.114044 0.176122 -0.0116155 0.9843 0.0281383
105 117 78 0.994502 0.0215405 -0.102477 0.982657 -0.0199698 0.999667 0.016329 0.167403 0.102794 -0.0141928 0.994601 0.0797614
105 118 54 0.993637 0.0321631 -0.107944 0.988376 -0.0302367 0.999354 0.0194364 0.142788 0.108499 -0.0160488 0.993967 0.0521941
105 119 41 0.987967 0.0300699 -0.151712 0.988271 -0.028032 0.999486 0.0155543 0.0651415 0.152102 -0.0111143 0.988302 -0.138119
120 121 11 0.999983 -0.00036388 0.00583027 0.766293 0.000364873 1 -0.000169379 -0.122894 -0.0058302 0.000171503 0.999983 0.630628
120 122 65 0.999876 -0.00174838 0.0156596 0.810005 0.00172631 0.999997 0.00142317 -0.136562 -0.0156621 -0.00139596 0.999876 0.570301
120 123 67 0.999967 -0.00692192 0.00417357 0.934983 0.00690132 0.999964 0.00493177 -0.345991 -0.00420756 -0.00490281 0.999979 -0.0780794
120 124 281 0.999766 -0.00646683 -0.0206574 0.955233 0.00669649 0.999916 0.0110678 -0.242116 0.020584 -0.0112035 0.999725 0.170029
120 125 52 0.999897 -0.0130204 0.00607465 0.427898 0.0130212 0.999915 -9.78916e-05 -0.393604 -0.00607286 0.000176981 0.999982 -0.813621
120 126 202 0.999538 0.00375845 -0.0301459 0.943272 -0.00349826 0.999956 0.00867914 -0.256129 0.0301772 -0.00856968 0.999508 0.211273
120 127 171 0.99984 0.00409471 -0.0174414 0.938185 -0.00407796 0.999991 0.00099594 -0.326528 0.0174454 -0.000924655 0.999847 0.114842
120 128 99 0.999875 0.0095185 -0.0126 0.963725 -0.00952069 0.999955 -0.000113521 -0.266892 0.0125984 0.000233468 0.999921 -0.00177278
120 129 36 0.999979 0.00214413 -0.00609963 0.91957 -0.00212042 0.99999 0.00389129 -0.265178 0.00610791 -0.00387827 0.999974 0.289951
120 130 81 0.999549 0.00415326 -0.0297276 0.899844 -0.00394507 0.999967 0.00705859 -0.204703 0.0297559 -0.00693813 0.999533 0.385199
120 131 231 0.998803 0.00305883 -0.0488087 0.927539 -0.00278993 0.999981 0.00557659 -0.205084 0.0488248 -0.00543375 0.998793 0.312428
120 132 28 0.999668 0.00296763 -0.0256132 0.907995 -0.00301213 0.999994 -0.00169894 -0.193201 0.025608 0.00177552 0.99967 0.371776
120 133 124 0.996304 0.00841401 -0.0854863 0.9622 -0.00705974 0.999845 0.016132 -0.229735 0.0856087 -0.0154688 0.996209 0.146261
120 134 84 0.997503 0.00600826 -0.0703686 0.961354 -0.00520934 0.99992 0.0115314 -0.243047 0.0704322 -0.011136 0.997454 0.129334
135 136 81 0.999993 0.00115512 -0.00345445 -0.216032 -0.00112693 0.999966 0.00815086 0.101849 0.00346375 -0.00814691 0.999961 -0.97106
135 137 160 0.999377 0.00384188 -0.035094 0.991067 -0.00339589 0.999913 0.0127591 0.065631 0.03514 -0.012632 0.999303 -0.1161
135 138 102 0.99958 0.00725291 -0.0280401 -0.979325 -0.00646714 0.999587 0.0280129 -0.188423 0.0282317 -0.0278198 0.999214 0.0736233
135 139 138 0.997717 0.019858 -0.0645403 0.922504 -0.0178851 0.999359 0.031005 0.156303 0.0651146 -0.0297799 0.997433 -0.352924
135 140 242 0.994815 0.0227602 -0.0991256 0.971481 -0.0193191 0.999182 0.0355371 0.112221 0.0998533 -0.0334378 0.99444 -0.208883
135 141 120 0.994651 0.0277034 -0.0995034 0.935515 -0.0239862 0.998976 0.0383616 0.157764 0.100464 -0.0357698 0.994297 -0.316104
135 142 84 0.995066 0.031243 -0.094172 0.888356 -0.0267053 0.998438 0.0490666 0.147364 0.095558 -0.0463096 0.994346 -0.434865
135 143 83 0.993441 0.0372403 -0.108112 0.69426 -0.0312533 0.99791 0.056554 0.0506178 0.109992 -0.0528042 0.992529 -0.717942
135 144 182 0.986045 0.0521024 -0.158114 0.937781 -0.0434978 0.997403 0.0574036 0.129561 0.160695 -0.0497249 0.985751 -0.322151
135 145 63 0.989014 0.0617513 -0.134305 0.942506 -0.0538844 0.996655 0.0614446 0.169644 0.13765 -0.0535326 0.989033 -0.287928
135 146 52 0.988448 0.0758675 -0.131203 0.941579 -0.0675092 0.995465 0.0670264 0.155026 0.135693 -0.0573948 0.989087 -0.298992
135 147 48 0.987779 0.0799867 -0.133772 0.962304 -0.071578 0.995213 0.0665352 0.171279 0.138454 -0.0561469 0.988776 -0.211267
135 148 36 0.986385 0.0852691 -0.140619 0.967529 -0.0768394 0.994966 0.0643342 0.15737 0.145396 -0.0526532 0.987971 -0.197794
135 149 127 0.977656 0.098776 -0.185561 0.934382 -0.0889361 0.994189 0.060644 0.150761 0.190473 -0.042786 0.98076 -0.322803
150 151 95 0.999984 -0.00407179 0.00392417 -0.898343 0.00403768 0.999954 0.00866171 -0.16033 -0.00395926 -0.00864572 0.999955 0.408991
150 152 40 0.999544 -0.0116362 -0.0278755 0.502148 0.011785 0.999917 0.00518104 0.0571867 0.0278129 -0.00550719 0.999598 -0.862889
150 153 46 0.998684 -0.00744146 -0.0507394 0.910492 0.00748309 0.999972 0.00063069 0.00783686 0.0507333 -0.00100955 0.998712 -0.413452
150 154 62 0.997248 -0.0120728 -0.0731476 0.956293 0.0116211 0.999911 -0.00659818 0.0101366 0.0732207 0.00572997 0.997299 -0.292235
150 155 58 0.99855 -0.0176597 -0.0508582 -0.99971 0.0168636 0.999729 -0.0160398 0.0134592 0.0511277 0.0151589 0.998577 -0.0199493
150 156 52 0.998706 -0.0154673 -0.0484383 -0.985961 0.0148725 0.99981 -0.0126164 -0.0846525 0.0486242 0.0118797 0.998746 -0.143926
150 157 104 0.99144 -0.011278 -0.130077 0.914046 0.00926163 0.999828 -0.016096 0.0630417 0.130236 0.0147535 0.991373 -0.400681
150 158 59 0.991885 -0.017079 -0.125988 0.866622 0.0154021 0.99978 -0.0142721 0.0839129 0.126204 0.0122158 0.991929 -0.491858
150 159 37 0.990086 -0.0097821 -0.140125 0.938443 0.00881315 0.999933 -0.00753374 0.0832663 0.140189 0.00622411 0.990105 -0.335249
150 160 35 0.98937 -0.0064689 -0.145277 0.922065 0.00534498 0.999953 -0.0081254 0.0811016 0.145322 0.00726253 0.989358 -0.378441
150 161 42 0.986978 -0.00193083 -0.160847 0.965964 0.000528433 0.999961 -0.00876115 0.144583 0.160857 0.00856206 0.986941 -0.214497
150 162 38 0.98442 0.00161618 -0.175828 0.936891 -0.00247904 0.999986 -0.00468791 0.0989001 0.175818 0.00505076 0.98441 -0.335341
150 163 45 0.98961 -0.00271475 -0.143749 -0.833758 0.00378193 0.999967 0.00715121 -0.0947533 0.143725 -0.00762056 0.989588 -0.543939
150 164 77 0.970638 0.0125907 -0.240214 0.948039 -0.0111149 0.99991 0.00749777 0.0924989 0.240287 -0.00460767 0.970691 -0.304412
165 166 0 1 0 0 0 0 1 0 0 0 0 1 0
165 167 185 0.999084 0.0151782 -0.0400154 0.987354 -0.0148202 0.999848 0.00922941 0.0586859 0.0401493 -0.00862792 0.999156 -0.147267
165 168 342 0.997932 0.0200041 -0.0610929 0.99983 -0.0192443 0.99973 0.0130012 -0.010894 0.0613365 -0.0117987 0.998047 0.0148652
165 169 129 0.997846 0.030993 -0.0578183 0.97333 -0.0302243 0.999443 0.0141223 -0.0446143 0.0582239 -0.0123444 0.998227 0.225031
165 170 123 0.996781 0.0378628 -0.0706721 0.994195 -0.0367982 0.99919 0.0163071 -0.0818723 0.0712323 -0.013654 0.997366 0.0698149
165 171 90 0.99719 0.0500618 -0.0557364 0.975325 -0.048658 0.99847 0.0262671 -0.1744 0.0569661 -0.0234812 0.9981 0.135372
165 172 143 0.994293 0.0429934 -0.097637 0.874067 -0.040256 0.998744 0.029836 -0.0972942 0.0987971 -0.0257353 0.994775 0.475962
165 173 101 0.992399 0.0573579 -0.108876 0.805043 -0.0547172 0.998134 0.0270915 -0.0072992 0.110227 -0.0209282 0.993686 0.593172
165 174 131 0.987239 0.0480025 -0.151839 0.949479 -0.0454242 0.998759 0.0204061 -0.141215 0.15263 -0.0132486 0.988195 0.280263
165 175 94 0.989772 0.072845 -0.122657 0.64208 -0.0713672 0.997315 0.0164048 -0.0591797 0.123523 -0.00748328 0.992314 0.76435
165 176 37 0.989312 0.0757005 -0.124621 0.321423 -0.0750361 0.99713 0.0100238 0.0170872 0.125022 -0.000565579 0.992154 0.946782
165 177 149 0.98013 0.0760386 -0.183202 0.948913 -0.0749746 0.997104 0.0127375 -0.191542 0.18364 0.00125111 0.982993 0.25075
165 178 129 0.983583 0.0823163 -0.160586 0.93128 -0.0814492 0.996605 0.0119861 -0.189837 0.161028 0.00129024 0.986949 0.310933
165 179 130 0.982748 0.0765163 -0.168381 0.887278 -0.0748916 0.997064 0.0159877 -0.164182 0.16911 -0.00310155 0.985592 0.431025
180 181 362 0.998108 0.00179627 0.0614527 -0.921653 -0.00222688 0.999973 0.00693943 -0.0828689 -0.0614386 -0.00706315 0.998086 0.379063
180 182 342 0.997607 0.00682303 0.0688071 -0.89208 -0.00643327 0.999962 -0.00588452 0.13221 -0.0688446 0.00542778 0.997613 0.432103
180 183 315 0.997162 0.00944113 -0.0746954 0.991981 -0.00848141 0.999877 0.0131552 -0.0869372 0.0748104 -0.0124844 0.99712 0.0917413
180 184 196 0.987218 0.0222557 -0.157815 0.985974 -0.0179055 0.999421 0.0289341 -0.160026 0.158367 -0.0257385 0.987045 -0.0473954
180 185 261 0.997565 0.0208127 -0.0665677 0.981382 -0.0202059 0.999748 0.0097758 -0.152049 0.0667544 -0.00840693 0.997734 0.117344
180 186 191 0.996653 0.00878101 -0.0812719 0.982307 -0.00819945 0.999938 0.00748673 -0.0972394 0.0813326 -0.00679529 0.996664 0.160055
180 187 99 0.99894 0.00536127 -0.0457248 0.912565 -0.00512006 0.999972 0.00539076 -0.144195 0.0457525 -0.00515093 0.99894 0.382665
180 188 196 0.996637 0.00927286 -0.0814171 0.933925 -0.00877936 0.999941 0.0064173 -0.0805914 0.0814718 -0.00568093 0.996659 0.348267
180 189 44 0.996526 0.00572645 -0.0830893 0.968858 -0.00484702 0.99993 0.010782 -0.0982127 0.0831452 -0.0103418 0.996484 0.227308
180 190 124 0.992475 0.0197607 -0.120842 0.989476 -0.0170828 0.999586 0.0231558 -0.0937156 0.121249 -0.0209173 0.992402 0.110244
180 191 121 0.992869 0.0232571 -0.116921 0.985286 -0.020309 0.999447 0.0263432 -0.11881 0.117469 -0.0237808 0.992792 0.122867
180 192 38 0.993571 0.0259743 -0.110188 0.972882 -0.02368 0.999476 0.022079 -0.110765 0.110704 -0.0193278 0.993665 0.203058
180 193 51 0.992868 0.0318333 -0.114886 0.961516 -0.029515 0.999326 0.0218249 -0.11471 0.115503 -0.0182784 0.993139 0.249657
180 194 49 0.991341 0.0361911 -0.126223 0.988002 -0.0337828 0.999205 0.0211695 -0.146316 0.126889 -0.016722 0.991776 0.0494423
195 196 0 1 0 0 0 0 1 0 0 0 0 1 0
195 197 109 0.999869 0.00863515 -0.0136632 0.992997 -0.00859442 0.999958 0.0030364 -0.0935601 0.0136889 -0.00291858 0.999902 -0.0721353
195 198 178 0.999382 0.0163687 -0.0311067 0.96442 -0.016164 0.999846 0.00682126 -0.107785 0.0312135 -0.00631423 0.999493 -0.241404
195 199 183 0.998281 0.0368816 -0.04556 0.978638 -0.036646 0.99931 0.00599623 -0.0653893 0.0457497 -0.00431633 0.998944 -0.194916
195 200 83 0.998932 0.0444429 -0.0126077 0.914961 -0.0444832 0.999006 -0.00293791 -0.0422591 0.0124646 0.0034956 0.999916 -0.401324
195 201 72 0.998155 0.0599957 -0.00930596 0.873056 -0.0600672 0.998165 -0.00760884 -0.0143293 0.00883239 0.00815379 0.999928 -0.487409
195 202 180 0.995191 0.0554435 -0.0807545 0.996254 -0.056169 0.998399 -0.006738 -0.0532943 0.0802516 0.0112415 0.996711 -0.0681077
195 203 70 0.99658 0.0616719 -0.054995 0.985324 -0.0622405 0.998023 -0.00868598 -0.100206 0.0543506 0.0120792 0.998449 -0.138189
195 204 80 0.993306 0.0544352 -0.10188 0.98792 -0.0548349 0.998495 -0.00112491 -0.0963244 0.101666 0.00670397 0.994796 -0.121392
195 205 59 0.993825 0.0679589 -0.0877071 0.971913 -0.0689628 0.997583 -0.00846347 -0.0167813 0.08692 0.0144597 0.99611 -0.234741
195 206 137 0.992429 0.0633729 -0.105209 0.990615 -0.0640323 0.997944 -0.00289788 -0.0388367 0.104809 0.00961271 0.994446 -0.131045
195 207 113 0.98972 0.0706494 -0.12435 0.999909 -0.0718567 0.997401 -0.00524497 -0.00986678 0.123656 0.0141264 0.992225 -0.00922217
195 208 44 0.992625 0.0629785 -0.103582 0.99341 -0.0641078 0.997914 -0.00760638 -0.0304964 0.102887 0.0141907 0.994592 -0.110484
195 209 39 0.998329 0.0548487 -0.0182078 0.857898 -0.0549019 0.998489 -0.00243635 -0.0150313 0.0180467 0.00343193 0.999831 0.5136
210 211 189 0.999478 -0.00592503 -0.0317709 0.988214 0.00607945 0.99997 0.00476597 -0.137064 0.0317417 -0.00495663 0.999484 0.0681591
210 212 74 0.999837 -0.0115815 -0.0138441 -0.0552199 0.0115973 0.999932 0.00106172 0.05536 0.0138309 -0.00122211 0.999904 -0.996938
210 213 96 0.999562 -0.0147496 -0.0256428 -0.968882 0.0147588 0.999891 0.000168498 0.0609663 0.0256375 -0.000546881 0.999671 0.239896
210 214 78 0.99852 -0.0124516 -0.0529418 0.993019 0.0121544 0.999909 -0.00593134 -0.116884 0.0530108 0.00527908 0.99858 0.0158406
210 215 141 0.992821 -0.00615567 -0.119455 0.987625 0.00641964 0.999978 0.00182511 -0.150343 0.119441 -0.00257886 0.992838 0.0446554
210 216 194 0.992981 -0.00464143 -0.118184 0.993425 0.00432901 0.999986 -0.00290007 -0.11447 0.118196 0.00236809 0.992987 -0.0016255
210 217 215 0.985337 -0.00222417 -0.170606 0.970282 0.00318502 0.999981 0.00535849 -0.156212 0.170591 -0.0058233 0.985325 0.184799
210 218 112 0.99058 0.000142306 -0.136935 0.986098 -0.000714998 0.999991 -0.00413305 -0.132709 0.136933 0.00419203 0.990571 0.0999962
210 219 98 0.990766 0.0100916 -0.13521 0.98578 -0.0107373 0.999934 -0.00404667 -0.143436 0.135161 0.00546109 0.990809 0.0875446
210 220 160 0.981254 0.0103246 -0.192442 0.966403 -0.00840317 0.999906 0.0107982 -0.189278 0.192535 -0.00897867 0.981249 0.173893
210 221 119 0.982293 0.0165802 -0.186618 0.967888 -0.0149722 0.999838 0.0100226 -0.188562 0.186754 -0.00705102 0.982381 0.166247
210 222 63 0.982862 0.0173344 -0.183525 0.959861 -0.0155041 0.999815 0.0114034 -0.215346 0.183689 -0.00836253 0.982949 0.1797
210 223 102 0.969789 0.0382018 -0.240935 0.928625 -0.0354375 0.999247 0.0157971 -0.205588 0.241358 -0.0067817 0.970413 0.30885
210 224 129 0.970438 0.0488461 -0.236356 0.940474 -0.0469169 0.998804 0.0137832 -0.236388 0.236747 -0.0022867 0.971569 0.244192
225 226 309 0.999876 -0.00203539 0.0156035 -0.809057 0.00214669 0.999972 -0.0071195 0.146247 -0.0155886 0.00715212 0.999853 0.569244
225 227 179 0.99949 0.0133953 -0.0289781 0.650164 -0.0135274 0.999899 -0.00436748 -0.0698945 0.0289166 0.00475725 0.999571 0.756572
225 228 126 0.999922 0.00782623 -0.00973304 -0.842046 -0.00785341 0.999965 -0.00275678 0.212937 0.00971112 0.002833 0.999949 -0.495597
225 229 103 0.999059 0.0136843 -0.0411659 0.812971 -0.0135594 0.999903 0.00331067 -0.0597959 0.0412072 -0.00274937 0.999147 0.579227
225 230 272 0.997842 0.0110699 -0.0647268 0.952294 -0.0106107 0.999916 0.00743386 -0.152902 0.0648037 -0.00673102 0.997875 0.264114
225 231 80 0.998859 0.00728777 -0.0472041 0.73351 -0.00719456 0.999972 0.00214441 -0.115162 0.0472183 -0.00180235 0.998883 -0.669851
225 232 99 0.999091 0.00167277 -0.0426002 -0.886498 -0.00153564 0.999994 0.00325134 0.134501 0.0426054 -0.00318296 0.999087 -0.442755
225 233 176 0.997033 0.00796038 -0.0765603 0.840859 -0.00747025 0.99995 0.00668609 -0.0907254 0.0766097 -0.00609433 0.997043 0.533596
225 234 255 0.995967 0.00947024 -0.0892194 0.989955 -0.00847084 0.999897 0.0115736 -0.138919 0.0893199 -0.0107711 0.995945 0.0262644
225 235 288 0.995718 0.00707467 -0.0921721 0.948311 -0.00579069 0.999883 0.0141902 -0.09429 0.0922617 -0.0135957 0.995642 0.303011
225 236 55 0.997406 0.00631514 -0.0716998 0.984543 -0.00542805 0.999906 0.0125604 -0.0793885 0.0717724 -0.0121386 0.997347 -0.156117
225 237 60 0.995145 0.00851875 -0.0980527 0.854229 -0.00691944 0.999838 0.0166392 -0.0948774 0.0981785 -0.01588 0.995042 0.511166
225 238 68 0.994881 0.01875 -0.0993019 0.926885 -0.0169772 0.999682 0.0186673 -0.246484 0.0996203 -0.0168859 0.994882 -0.283072
225 239 132 0.99745 0.00922198 -0.0707724 -0.93981 -0.00804137 0.999824 0.0169485 0.0743136 0.0709163 -0.0163362 0.997348 0.333518
240 241 89 0.999787 0.00145783 -0.020586 0.98348 -0.00139648 0.999995 0.00299454 -0.165872 0.0205902 -0.00296515 0.999784 -0.0724875
240 242 223 0.99914 0.00783083 -0.040722 0.991303 -0.00758337 0.999952 0.00622774 -0.120725 0.0407688 -0.00591358 0.999151 -0.0523903
240 243 72 0.999478 0.0118237 -0.0300709 0.989728 -0.011678 0.999919 0.00501503 -0.0873748 0.0301278 -0.00466124 0.999535 -0.113156
240 244 116 0.998795 0.0139834 -0.0470339 0.853455 -0.0137504 0.999892 0.00527364 -0.104662 0.0471025 -0.00462055 0.998879 0.51055
240 245 114 0.997006 0.0261292 -0.0727752 0.986881 -0.0258934 0.999656 0.00418186 -0.0557018 0.0728594 -0.00228494 0.99734 0.151537
240 246 154 0.995139 0.0288677 -0.0941508 0.996548 -0.0282427 0.999569 0.00796392 -0.0822748 0.0943401 -0.00526613 0.995526 -0.0111213
240 247 159 0.993458 0.0318568 -0.109665 0.989667 -0.031015 0.999475 0.00937314 -0.104407 0.109906 -0.00591055 0.993924 0.0982803
240 248 172 0.988771 0.0419646 -0.143427 0.984913 -0.040753 0.999104 0.0113761 -0.0912842 0.143776 -0.00540331 0.989596 0.147015
240 249 162 0.988145 0.0439153 -0.147109 0.987748 -0.0425128 0.999016 0.012666 -0.131518 0.14752 -0.00626182 0.989039 0.0840078
240 250 109 0.983546 0.0570755 -0.171406 0.976871 -0.0562252 0.99837 0.00981515 -0.143073 0.171687 -1.62892e-05 0.985152 0.158911
240 251 60 0.992057 0.0560522 -0.11261 0.955665 -0.0574891 0.9983 -0.00955051 -0.160186 0.111883 0.0159485 0.993593 0.247073
240 252 101 0.98774 0.0647532 -0.142043 0.986885 -0.0673086 0.997644 -0.0132551 -0.157969 0.14085 0.0226533 0.989772 0.0332299
240 253 103 0.976542 0.0733508 -0.202451 0.983584 -0.0756118 0.997131 -0.00344618 -0.143686 0.201617 0.018673 0.979286 0.109167
240 254 96 0.984303 0.0723254 -0.160984 0.965042 -0.0751805 0.997101 -0.0117072 -0.138889 0.159671 0.0236263 0.986888 0.22227
255 256 36 0.999959 0.00452633 0.00784497 -0.740787 -0.00457482 0.99997 0.00617354 0.0382684 -0.0078168 -0.00620918 0.99995 -0.670649
255 257 165 0.999255 0.00708723 -0.0379256 0.965723 -0.00682571 0.999952 0.00702049 0.251425 0.0379736 -0.00675639 0.999256 0.0645287
255 258 220 0.998173 0.00769469 -0.0599278 0.990294 -0.00685055 0.999875 0.0142787 0.0887778 0.0600302 -0.0138421 0.998101 0.106942
255 259 75 0.999711 0.00220024 -0.023928 0.776778 -0.00160632 0.999691 0.0248121 0.00657133 0.0239752 -0.0247665 0.999406 0.62974
255 260 86 0.999064 0.0107043 -0.0419063 0.935025 -0.00940172 0.99947 0.0311573 0.090047 0.0422176 -0.0307342 0.998636 0.342959
255 261 109 0.99598 0.0086194 -0.0891637 0.88742 -0.00647859 0.999684 0.0242715 0.132012 0.0893447 -0.0235963 0.995721 0.441654
255 262 137 0.990042 0.0101205 -0.140405 0.959302 -0.00710275 0.999733 0.021978 0.0535503 0.14059 -0.0207619 0.98985 0.277259
255 263 136 0.966621 0.0238174 -0.2551 0.935395 -0.0245243 0.999699 0.000409801 0.110319 0.255033 0.00586001 0.966915 0.335956
255 264 91 0.987228 0.00739609 -0.159142 0.931111 -0.00443339 0.99981 0.0189637 0.0269057 0.159252 -0.018016 0.987074 0.363741
255 265 127 0.989852 0.00949995 -0.141781 0.942282 -0.00658919 0.999758 0.0209853 -0.0349191 0.141946 -0.0198381 0.989676 0.332995
255 266 74 0.99423 0.019315 -0.105515 0.852448 -0.017336 0.999657 0.0196404 -0.0775355 0.105858 -0.0176979 0.994224 0.517031
255 267 66 0.992484 0.0359243 -0.116981 0.802351 -0.0337865 0.999225 0.0202074 -0.0952606 0.117616 -0.0161031 0.992929 0.589201
255 268 57 0.996938 -0.0144725 -0.0768432 0.907769 0.0156347 0.999772 0.0145446 -0.161846 0.0766151 -0.0157015 0.996937 0.386991
255 269 48 0.998826 0.0132761 -0.0465822 0.409852 -0.0125233 0.999787 0.0164157 -0.279701 0.0467902 -0.015813 0.99878 0.86821
270 271 10 0.999999 1.73713e-05 -0.00131354 -0.845258 -1.83182e-05 1 -0.000720859 0.278732 0.00131353 0.000720883 0.999999 0.455904
270 272 119 0.997644 0.00966103 -0.0679195 0.879774 -0.00826854 0.99975 0.0207535 -0.408106 0.0681031 -0.020143 0.997475 0.243819
270 273 114 0.997722 0.0211395 -0.0640692 0.907557 -0.0204794 0.99973 0.0109424 -0.359626 0.0642833 -0.00960538 0.997885 0.216816
270 274 70 0.999131 0.034423 -0.0235144 0.757125 -0.0344842 0.999403 -0.00220021 -0.32319 0.0234246 0.00300917 0.999721 0.567723
270 275 75 0.999477 0.0301046 -0.0118243 0.51633 -0.0301276 0.999544 -0.00177309 -0.307688 0.0117655 0.00212839 0.999929 0.799207
270 276 74 0.998286 0.0299074 -0.0503051 0.820923 -0.0299643 0.999551 -0.000378054 -0.257149 0.0502713 0.00188477 0.998734 0.509862
270 277 87 0.997595 0.0347411 -0.0599811 0.888462 -0.0344955 0.999392 0.00512592 -0.296079 0.0601227 -0.00304451 0.998186 0.350673
270 278 92 0.996017 0.0212963 -0.0865817 0.885403 -0.0206291 0.99975 0.00859361 -0.260718 0.0867431 -0.00677328 0.996208 0.384821
270 279 75 0.991164 0.0261037 -0.13005 0.914888 -0.0241732 0.999573 0.0164011 -0.262492 0.130423 -0.0131125 0.991372 0.306721
270 280 49 0.998433 0.0377684 -0.0412967 0.762484 -0.0380735 0.999253 -0.00662685 -0.221571 0.0410156 0.00818878 0.999125 0.607886
270 281 65 0.997206 0.035872 -0.0655212 0.846562 -0.035712 0.999356 0.00361099 -0.214675 0.0656085 -0.00126101 0.997845 0.487081
270 282 64 0.996537 0.0193485 -0.0808672 0.831549 -0.0187586 0.999792 0.00804813 -0.20616 0.081006 -0.0065033 0.996692 0.515775
270 283 56 0.972754 0.0236295 -0.230634 0.929506 -0.0126562 0.998721 0.0489431 -0.247846 0.231495 -0.0446906 0.971809 0.273112
270 284 66 0.987771 0.0361063 -0.151671 0.889861 -0.0336453 0.999258 0.0187616 -0.195173 0.152236 -0.0134292 0.988253 0.412377
285 286 0 1 0 0 0 0 1 0 0 0 0 1 0
285 287 100 0.999828 0.00625332 -0.0174786 0.9886 -0.0062154 0.999978 0.00222309 0.12172 0.0174921 -0.00211407 0.999845 -0.0886199
285 288 108 0.999542 0.00319393 -0.0300901 0.991619 -0.00299836 0.999974 0.00654234 -0.106679 0.0301102 -0.00644913 0.999526 0.0728766
285 289 94 0.999585 0.0030846 -0.0286403 0.981033 -0.00298602 0.999989 0.00348394 -0.160573 0.0286508 -0.00339697 0.999584 -0.108582
285 290 198 0.998899 0.0140803 -0.0447396 0.991972 -0.0139889 0.999899 0.00235412 -0.0765134 0.0447683 -0.00172567 0.998996 -0.100682
285 291 91 0.999825 0.0133912 -0.0130707 0.977468 -0.0133962 0.99991 -0.000293967 -0.0647309 0.0130656 0.000469014 0.999915 0.200915
285 292 177 0.998651 0.015292 -0.0496232 0.925068 -0.014778 0.999833 0.0107083 -0.19264 0.0497787 -0.00996048 0.998711 -0.32732
285 293 34 0.999023 0.0239623 -0.0371429 0.85645 -0.0236287 0.999677 0.00939476 -0.0937913 0.037356 -0.00850794 0.999266 -0.507639
285 294 50 0.999581 0.0288901 -0.0016633 -0.992708 -0.0288871 0.999581 0.00183605 0.0983258 0.00171565 -0.00178723 0.999997 0.0697351
285 295 168 0.997862 0.0544131 -0.0362135 0.965662 -0.0542156 0.998509 0.00641415 -0.0685209 0.0365085 -0.0044371 0.999323 -0.250603
285 296 82 0.985072 0.0735615 0.155634 -0.984547 -0.0758407 0.997082 0.00874966 0.0186359 -0.154536 -0.0204224 0.987776 -0.174127
285 297 107 0.993443 0.0894556 -0.0712001 0.997401 -0.0876757 0.995763 0.0277489 -0.0581845 0.0733807 -0.0213244 0.997076 -0.0425034
285 298 159 0.995763 0.0893669 -0.0216688 0.969746 -0.0886525 0.99555 0.0319535 -0.11224 0.024428 -0.0298972 0.999254 -0.216782
285 299 155 0.993314 0.112176 -0.0272901 0.993711 -0.111354 0.993329 0.0299764 -0.0810505 0.0304707 -0.0267371 0.999178 -0.0772639
300 301 0 1 0 0 0 0 1 0 0 0 0 1 0
300 302 0 1 0 0 0 0 1 0 0 0 0 1 0
300 303 80 0.999957 0.00553874 0.00750413 -0.938915 -0.00547859 0.999953 -0.00801166 0.278883 -0.00754815 0.0079702 0.99994 0.201649
300 304 147 0.999876 0.012086 0.0100735 -0.998601 -0.0119952 0.999887 -0.00902036 0.0437733 -0.0101814 0.00889841 0.999909 -0.0296729
300 305 88 0.999867 0.015217 -0.00592528 0.443318 -0.0153069 0.999764 -0.015434 -0.0841321 0.00568902 0.0155227 0.999863 -0.892408
300 306 61 0.999838 0.0179059 -0.00161655 0.925421 -0.0179392 0.999559 -0.0236471 -0.176491 0.00119242 0.0236722 0.999719 0.33533
300 307 89 0.999828 0.0130195 -0.0132369 0.964823 -0.0133997 0.999488 -0.0290555 -0.145555 0.0128518 0.0292278 0.99949 -0.218931
300 308 104 0.999181 0.0133174 -0.0382157 0.975075 -0.0143316 0.999549 -0.0263874 -0.102638 0.037847 0.0269135 0.998921 -0.196709
300 309 104 0.999283 0.00493485 -0.037535 0.965547 -0.00596222 0.999609 -0.0273085 -0.157695 0.0373856 0.0275127 0.998922 -0.207006
300 310 100 0.998355 -0.00319922 -0.0572385 0.954324 0.00171726 0.999663 -0.0259213 -0.152251 0.0573021 0.0257804 0.998024 -0.257071
300 311 126 0.996834 -0.006037 -0.0792823 0.992317 0.00406972 0.99968 -0.0249518 -0.0819552 0.0794076 0.0245501 0.99654 -0.0926889
300 312 92 0.996991 -0.00100664 -0.0775116 0.904429 -0.000894474 0.9997 -0.0244882 -0.144935 0.077513 0.0244839 0.996691 -0.40125
300 313 76 0.998356 -0.00784546 -0.0567782 -0.922706 0.00563908 0.999227 -0.0389159 0.0242515 0.0570396 0.0385318 0.997628 0.384742
300 314 100 0.996147 -0.00965995 -0.087171 0.987738 0.00635372 0.999253 -0.0381261 -0.0929749 0.0874742 0.0374253 0.995464 -0.12542
315 316 27 0.999983 -0.00251515 -0.00531198 0.00480531 0.00252258 0.999996 0.00139281 -0.440646 0.00530846 -0.00140618 0.999985 -0.897668
315 317 123 0.999679 -0.013312 -0.0215692 0.636027 0.0133403 0.99991 0.00116806 -0.562247 0.0215517 -0.00145542 0.999767 -0.528534
315 318 116 0.999991 -0.00178989 -0.00393888 -0.671363 0.00172926 0.999881 -0.0153438 0.223017 0.00396587 0.0153368 0.999875 -0.706779
315 319 142 0.999991 -0.00387863 0.00147752 -0.82334 0.00390312 0.999849 -0.0169535 0.237898 -0.00141154 0.0169591 0.999855 -0.515282
315 320 258 0.999933 -0.00147145 0.0114905 -0.960472 0.00169069 0.999816 -0.0190936 0.0439715 -0.0114603 0.0191117 0.999752 -0.274882
315 321 153 0.998616 -0.0183633 -0.0492925 0.955751 0.0177988 0.999771 -0.0118661 -0.188095 0.0494991 0.0109724 0.998714 -0.226188
315 322 182 0.999965 -0.00411297 0.0072669 -0.955359 0.00427718 0.999733 -0.0227279 0.0574202 -0.00717147 0.0227582 0.999715 -0.289815
315 323 134 0.998792 -0.00958381 -0.0481987 0.898342 0.00858479 0.999745 -0.0208915 -0.036999 0.0483866 0.0204525 0.998619 -0.437736
315 324 133 0.998134 -0.0130646 -0.0596412 0.974452 0.0120036 0.999764 -0.0181134 -0.101058 0.0598638 0.0173637 0.998056 -0.200577
315 325 126 0.996828 -0.0122531 -0.0786423 0.940104 0.0109746 0.999801 -0.0166693 -0.0706332 0.0788309 0.0157533 0.996764 -0.33349
315 326 253 0.994667 -0.010036 -0.102645 0.984842 0.00930813 0.999928 -0.00756777 -0.110251 0.102713 0.00657198 0.994689 -0.133908
315 327 148 0.995105 -0.0061438 -0.0986272 0.967457 0.0051753 0.999936 -0.0100726 -0.1052 0.0986827 0.00951289 0.995073 -0.230129
315 328 123 0.995631 0.0138408 -0.0923456 0.956021 -0.0157411 0.999678 -0.0198817 -0.00576029 0.0920408 0.0212485 0.995529 -0.293243
315 329 201 0.992475 0.0172435 -0.121227 0.979037 -0.0190403 0.999725 -0.0136784 -0.0793581 0.120957 0.0158836 0.992531 -0.187588
330 331 361 0.999638 0.00262106 -0.0267674 0.994456 -0.00253601 0.999992 0.0032111 -0.0867363 0.0267756 -0.00314205 0.999637 -0.0594404
330 332 0 1 0 0 0 0 1 0 0 0 0 1 0
330 333 280 0.999422 -0.00104761 -0.0339835 0.956556 0.00121074 0.999988 0.00478018 -0.167892 0.033978 -0.00481856 0.999411 -0.238353
330 334 115 0.999704 -0.00675753 -0.0233889 0.981498 0.00662277 0.999961 -0.00583444 -0.1028 0.0234274 0.00567781 0.999709 -0.161538
330 335 296 0.999373 0.00121616 -0.035382 0.990107 -0.00142338 0.999982 -0.00583216 -0.0917503 0.0353743 0.00587887 0.999357 -0.106158
