0 1 23 0.999864 0.00536741 -0.0155925 0.836608 -0.00537041 0.999986 -0.000150113 0.108386 0.0155915 0.000233831 0.999878 -0.536973
0 2 438 0.999527 0.0182136 -0.0247997 0.831266 -0.0183135 0.999825 -0.00380857 0.3515 0.024726 0.00426094 0.999685 -0.430634
0 3 446 0.999114 0.0207133 -0.0366264 0.751163 -0.0208083 0.999781 -0.00221367 0.290586 0.0365725 0.00297384 0.999327 -0.592718
0 4 464 0.998228 0.0218765 -0.0553293 0.798947 -0.0218955 0.99976 0.000262878 0.283825 0.0553217 0.00094905 0.998468 -0.530214
0 5 435 0.997037 0.0240284 -0.0730718 0.873694 -0.0239225 0.999711 0.00232422 0.245026 0.0731066 -0.000569275 0.997324 -0.420263
0 6 459 0.995773 0.0256051 -0.0882109 0.900221 -0.0255389 0.999672 0.00187959 0.24415 0.0882301 0.000381162 0.9961 -0.360546
0 7 395 0.994888 0.0311874 -0.0960431 0.829064 -0.0308516 0.999512 0.00498013 0.240409 0.0961515 -0.0019916 0.995365 -0.504833
0 8 363 0.993892 0.036467 -0.104159 0.841958 -0.0356409 0.999317 0.00978178 0.22691 0.104445 -0.00600971 0.994513 -0.489509
0 9 364 0.991085 0.036869 -0.128025 0.877815 -0.0358364 0.999304 0.0103601 0.228051 0.128318 -0.00567979 0.991717 -0.421229
0 10 387 0.988669 0.0353677 -0.145886 0.888567 -0.0336273 0.999331 0.0143792 0.204866 0.146297 -0.00931053 0.989197 -0.410461
0 11 332 0.986045 0.0436633 -0.160651 0.892532 -0.042395 0.999037 0.0113157 0.202543 0.16099 -0.00434701 0.986946 -0.402943
0 12 278 0.98534 0.0532534 -0.162076 0.886179 -0.0528175 0.99858 0.00700064 0.222243 0.162219 0.00166243 0.986753 -0.406566
0 13 289 0.976333 0.0646097 -0.206396 0.912049 -0.0644092 0.997894 0.00769778 0.203333 0.206459 0.00577824 0.978438 -0.356121
0 14 273 0.973433 0.0718756 -0.217398 0.919291 -0.0705087 0.997412 0.0140484 0.195561 0.217846 0.00165331 0.975982 -0.341555
15 16 176 0.999861 0.00395914 0.0161833 -0.803685 -0.00395427 0.999992 -0.000332635 -0.23132 -0.0161844 0.000268596 0.999869 -0.548252
15 17 479 0.99826 -0.00033773 -0.0589689 0.890157 -0.000293702 0.999943 -0.0106989 0.154267 0.0589691 0.0106976 0.998202 -0.428745
15 18 515 0.997813 0.00249785 -0.0660511 0.920365 -0.00306875 0.999959 -0.00854317 0.227115 0.066027 0.00872718 0.99778 -0.318351
15 19 431 0.99977 0.00611133 -0.0205472 0.751389 -0.00600366 0.999968 0.00529791 0.208667 0.0205789 -0.00517334 0.999775 -0.625998
15 20 405 0.998316 0.00242518 -0.0579528 0.829696 -0.00266256 0.999988 -0.0040193 0.257252 0.0579424 0.00416684 0.998311 -0.495405
15 21 412 0.997376 0.0056173 -0.0721705 0.864306 -0.00554014 0.999984 0.00126927 0.230195 0.0721765 -0.000866103 0.997392 -0.447198
15 22 364 0.995281 0.0123 -0.0962548 0.901151 -0.0127786 0.999909 -0.00435753 0.224653 0.0961924 0.00556697 0.995347 -0.370752
15 23 340 0.993354 0.0251449 -0.112315 0.911873 -0.025366 0.999678 -0.000539766 0.154037 0.112265 0.00338516 0.993672 -0.380473
15 24 332 0.992056 0.0337234 -0.121191 0.901292 -0.0335834 0.999431 0.00319834 0.093201 0.12123 0.000897068 0.992624 -0.423068
15 25 291 0.986488 0.0409433 -0.158633 0.93244 -0.0420745 0.999107 -0.00377742 0.0935541 0.158336 0.0104008 0.98733 -0.349002
15 26 272 0.982563 0.0400382 -0.181568 0.939567 -0.0458273 0.998562 -0.0277997 0.178119 0.180194 0.0356358 0.982985 -0.292384
15 27 235 0.973133 0.0423128 -0.226322 0.963555 -0.0519793 0.997965 -0.036921 0.145385 0.224299 0.0476931 0.973353 -0.224556
15 28 237 0.964009 0.0482104 -0.261464 0.977804 -0.0589619 0.9977 -0.0334281 0.0844998 0.259251 0.0476414 0.964634 -0.191728
15 29 212 0.956839 0.0446049 -0.287177 0.977761 -0.0599841 0.997186 -0.0449751 0.0901957 0.284362 0.0602599 0.956821 -0.189334
30 31 73 0.99995 0.00992298 0.00123406 0.297061 -0.00993074 0.99993 0.00644845 -0.171103 -0.00116998 -0.00646038 0.999978 -0.939403
30 32 509 0.99723 -0.00615763 -0.0741259 0.974057 0.00609499 0.999981 -0.00107134 0.154018 0.0741311 0.000616572 0.997248 0.165807
30 33 423 0.996095 0.00611464 -0.0880762 0.982829 -0.00625381 0.99998 -0.00130417 0.0977976 0.0880664 0.00184989 0.996113 0.156471
30 34 322 0.997553 0.0299866 -0.0631623 0.992486 -0.0294088 0.999517 0.0100575 -0.00457642 0.0634334 -0.0081754 0.997953 0.122277
30 35 208 0.993052 0.0423457 -0.109795 0.993029 -0.0420088 0.999103 0.00538102 0.0718016 0.109924 -0.000731265 0.99394 0.0934776
30 36 182 0.987727 0.0532919 -0.146818 0.9857 -0.052659 0.998579 0.00819711 0.096979 0.147046 -0.000365243 0.98913 0.13781
30 37 201 0.987042 0.0542709 -0.151004 0.985503 -0.0517697 0.99845 0.0204487 0.0882601 0.151879 -0.0123664 0.988322 0.144894
30 38 280 0.98836 0.0631985 -0.138388 0.979263 -0.0602323 0.997858 0.025522 0.09541 0.139705 -0.0168895 0.990049 0.17872
30 39 254 0.992161 0.0653251 -0.106534 0.975518 -0.0614483 0.997337 0.0392785 0.0601921 0.108817 -0.0324242 0.993533 0.211523
30 40 213 0.992903 0.0627243 -0.101044 0.976488 -0.0580321 0.997125 0.0487285 0.00302417 0.10381 -0.0425189 0.993688 0.215552
30 41 194 0.992891 0.0626862 -0.101179 0.978134 -0.0597474 0.997706 0.0318213 0.0547544 0.102942 -0.0255499 0.994359 0.200639
30 42 179 0.995366 0.0753653 -0.0597262 0.994437 -0.0725694 0.996223 0.0476774 -0.0501293 0.0630938 -0.0431222 0.997076 0.0926398
30 43 169 0.996468 0.0672726 -0.0502673 0.979924 -0.0655771 0.997246 0.0346509 0.013736 0.0524599 -0.0312322 0.998135 0.198897
30 44 157 0.981594 0.0692767 -0.17797 0.988288 -0.0655284 0.997489 0.026861 0.0185758 0.179384 -0.0147045 0.983669 0.151464
45 46 38 0.999974 0.00441017 -0.00563981 0.141887 -0.00439268 0.999986 0.00310956 -0.102144 0.00565344 -0.00308471 0.999979 -0.984599
45 47 454 0.998763 0.011663 -0.0483319 0.985154 -0.0116086 0.999932 0.001407 0.124108 0.048345 -0.000844197 0.99883 -0.118613
45 48 413 0.998944 0.0205136 -0.0411029 0.997141 -0.0203183 0.99978 0.0051651 0.0541013 0.0411998 -0.0043245 0.999142 0.0527462
45 49 439 0.995032 0.0272239 -0.0957619 0.987235 -0.0256637 0.999518 0.0174864 -0.0944285 0.0961917 -0.0149419 0.995251 -0.128262
45 50 363 0.995246 0.0309201 -0.0923584 0.98135 -0.0304906 0.999517 0.0060573 0.0896883 0.0925011 -0.00321244 0.995707 -0.170024
45 51 297 0.99786 0.0392136 -0.0523318 0.930899 -0.0379289 0.99896 0.0253214 -0.0159965 0.0532703 -0.0232823 0.998309 -0.364926
45 52 263 0.992187 0.0403311 -0.118059 0.988811 -0.0374574 0.998948 0.0264607 0.0461655 0.119002 -0.0218318 0.992654 -0.141853
45 53 206 0.989921 0.0529899 -0.131331 0.981445 -0.0479283 0.997992 0.0414086 0.0331745 0.133261 -0.0346968 0.990473 -0.188853
45 54 232 0.992634 0.0576401 -0.106558 0.99059 -0.0529938 0.997538 0.045935 0.100442 0.108943 -0.0399497 0.993245 -0.0929683
45 55 159 0.718511 0.254181 -0.647405 0.890758 -0.021136 0.938378 0.344964 -0.364055 0.695194 -0.234177 0.679607 0.272055
45 56 186 0.989391 0.104831 -0.100573 0.999491 -0.101016 0.993984 0.0423192 0.0317793 0.104405 -0.0317107 0.994029 0.00284524
45 57 204 0.973581 0.122733 -0.192551 0.992625 -0.121934 0.992409 0.0160383 0.112828 0.193058 0.00786401 0.981156 0.0443254
45 58 176 0.988898 0.139227 -0.0519356 0.973954 -0.138095 0.990108 0.0248111 0.219023 0.0548763 -0.0173636 0.998342 0.0586752
45 59 144 0.966125 0.138796 -0.217572 0.993813 -0.13358 0.990287 0.0385781 0.0860116 0.220813 -0.00820804 0.975282 0.070263
60 61 449 0.99975 0.0098123 -0.0200783 0.973904 -0.00984409 0.99995 -0.00148497 0.0929938 0.0200628 0.00168225 0.999797 0.207036
60 62 341 0.999403 0.0224326 -0.0262806 0.917396 -0.0226533 0.99971 -0.00812953 0.170609 0.0260906 0.00872002 0.999622 0.359551
60 63 360 0.998596 0.0308705 -0.0430409 0.908551 -0.0314454 0.999424 -0.0127451 0.215747 0.0426226 0.0140806 0.998992 0.357753
60 64 322 0.997447 0.037705 -0.0606419 0.912629 -0.0388286 0.999093 -0.0174568 0.2175 0.0599288 0.0197668 0.998007 0.346126
60 65 227 0.998107 0.0339219 -0.0512954 0.895353 -0.0342593 0.999397 -0.00571299 0.0458115 0.0510707 0.00745953 0.998667 0.442995
60 66 218 0.998093 0.0259793 -0.0560017 0.856038 -0.0263553 0.999635 -0.00598488 -0.0120388 0.0558257 0.00744941 0.998413 0.516772
60 67 226 0.997749 0.0265941 -0.061561 0.837933 -0.0270287 0.999615 -0.00623794 -0.0532818 0.0613714 0.00788781 0.998084 0.543166
60 68 219 0.995805 0.0294334 -0.0866373 0.879295 -0.0306174 0.999455 -0.0123692 -0.00641797 0.086226 0.0149699 0.996163 0.476234
60 69 187 0.995641 0.0301725 -0.0882487 0.824309 -0.030938 0.999495 -0.00731841 -0.0663705 0.0879833 0.0100167 0.996072 0.562236
60 70 213 0.993361 0.0265391 -0.111937 0.861153 -0.0282008 0.999514 -0.0132874 -0.00860471 0.11153 0.0163559 0.993626 0.508272
60 71 171 0.994094 0.0324951 -0.103547 0.87234 -0.0333483 0.999423 -0.00651878 -0.0812966 0.103275 0.00993338 0.994603 0.482093
60 72 159 0.993453 0.0289726 -0.110511 0.805476 -0.0295829 0.999555 -0.00388684 -0.09694 0.110349 0.00713062 0.993867 0.584646
60 73 155 0.993028 0.0519346 -0.105822 0.748193 -0.0530304 0.998564 -0.00756589 -0.0875916 0.105277 0.0131249 0.994356 0.657674
60 74 133 0.989474 0.0390963 -0.139329 0.804135 -0.0401769 0.99918 -0.00495083 -0.115621 0.139022 0.0104965 0.990234 0.583094
75 76 22 0.999845 0.006085 -0.016536 0.933 -0.00612339 0.999979 -0.00227195 -0.233563 0.0165219 0.00237285 0.999861 0.273787
75 77 397 0.998649 0.0203883 -0.0478014 0.89793 -0.0201335 0.99978 0.00580624 -0.358932 0.0479093 -0.00483598 0.99884 0.254736
75 78 264 0.999495 0.0169191 -0.0269123 0.822495 -0.0172556 0.999775 -0.0123213 -0.399056 0.0266978 0.0127795 0.999562 0.405285
75 79 294 0.99931 0.0198259 -0.0313952 0.842376 -0.0203799 0.99964 -0.0174252 -0.374264 0.0310384 0.018053 0.999355 0.387723
75 80 263 0.999143 0.0276027 -0.0308425 0.799697 -0.0282661 0.999374 -0.0212857 -0.371575 0.0302357 0.0221392 0.999298 0.471611
75 81 254 0.999083 0.0297021 -0.0308347 0.7467 -0.0305264 0.999179 -0.0266177 -0.37214 0.0300188 0.0275345 0.99917 0.551318
75 82 257 0.998817 0.0250566 -0.0416862 0.786758 -0.0263965 0.999142 -0.0319102 -0.360342 0.0408509 0.0329728 0.998621 0.501164
75 83 244 0.998481 0.0319323 -0.0449053 0.772998 -0.0333988 0.99892 -0.0322955 -0.359625 0.0438255 0.0337462 0.998469 0.522632
75 84 283 0.995911 0.0282897 -0.0857973 0.847577 -0.0308504 0.999113 -0.0286691 -0.346865 0.0849101 0.0311987 0.9959 0.401618
75 85 193 0.998523 0.0284824 -0.0462646 0.787297 -0.0306212 0.998463 -0.046197 -0.377763 0.0448777 0.0475455 0.99786 0.487297
75 86 209 0.997138 0.029567 -0.0695762 0.820718 -0.0328681 0.998364 -0.046789 -0.331933 0.0680789 0.0489419 0.996479 0.46502
75 87 241 0.995223 0.0358748 -0.0907921 0.840667 -0.0400004 0.998229 -0.0440358 -0.336922 0.0890515 0.0474571 0.994896 0.423984
75 88 171 0.994834 0.0363061 -0.0947962 0.846206 -0.0414018 0.99777 -0.052353 -0.321213 0.0926841 0.0560073 0.994119 0.425156
75 89 175 0.9937 0.0469026 -0.101787 0.87531 -0.0522678 0.997345 -0.0506978 -0.316715 0.0991393 0.0556986 0.993513 0.365408
90 91 405 0.999639 0.0083984 -0.025519 0.943385 -0.00841986 0.999964 -0.000733646 0.164763 0.025512 0.000948248 0.999674 0.287885
90 92 308 0.999607 0.0145825 -0.0239485 0.996652 -0.0144548 0.99988 0.00549408 0.0816951 0.0240258 -0.00514575 0.999698 0.00325643
90 93 311 0.99914 0.0339134 -0.0238394 0.951097 -0.0334443 0.999244 0.0198069 -0.034847 0.0244931 -0.0189926 0.99952 0.306919
90 94 285 0.999085 0.0210595 -0.0372345 0.984067 -0.0205696 0.999697 0.0134912 0.109814 0.0375073 -0.012713 0.999215 0.139834
90 95 43 0.999283 0.0368355 -0.00881042 -0.991357 -0.0365538 0.998874 0.03025 -0.0737927 0.00991477 -0.0299062 0.999504 0.108473
90 96 167 0.999085 0.0372712 -0.0209906 0.990984 -0.0364527 0.998608 0.0381107 0.129662 0.0223818 -0.0373106 0.999053 -0.033731
90 97 247 0.991647 0.0614707 -0.113393 0.975119 -0.0587566 0.997904 0.0271276 0.221531 0.114822 -0.0202385 0.99318 -0.00815998
90 98 180 0.995037 0.0789034 -0.0606262 0.970698 -0.0754873 0.995533 0.0567115 0.240301 0.0648301 -0.0518535 0.996548 -0.000481982
90 99 196 0.991966 0.0898852 -0.0890158 0.957733 -0.0833328 0.993712 0.0747802 0.211313 0.0951777 -0.0667615 0.993219 -0.195178
90 100 218 0.993264 0.101336 -0.0561928 0.976065 -0.0954014 0.990425 0.0997818 0.167471 0.0657662 -0.0937488 0.993421 0.138749
90 101 178 0.972423 0.109775 -0.205776 0.962195 -0.0999966 0.993333 0.0573654 0.272198 0.210701 -0.0352065 0.976916 -0.00946177
90 102 168 0.988958 0.121986 -0.0841497 0.976354 -0.112102 0.987183 0.113589 0.215279 0.0969274 -0.102902 0.989958 0.0197063
90 103 194 0.98211 0.138024 -0.128096 0.978082 -0.123778 0.985828 0.113231 0.204046 0.141909 -0.0953501 0.985277 -0.0414733
90 104 163 0.98592 0.154771 -0.0633045 0.973511 -0.14537 0.980407 0.132927 0.192882 0.0826374 -0.121853 0.989102 -0.122771
105 106 10 0.999811 0.0157507 -0.0114127 0.780118 -0.0157358 0.999875 0.00139006 0.309628 0.0114331 -0.00121021 0.999934 -0.543641
105 107 125 0.999642 0.0267429 0.000860052 -0.933498 -0.0267524 0.999542 0.0141328 -0.312046 -0.000481705 -0.0141508 0.9999 -0.176661
105 108 244 0.998869 0.0288122 -0.0378353 0.856202 -0.0285479 0.999564 0.00750556 0.304688 0.0380351 -0.00641695 0.999256 -0.417233
105 109 245 0.997903 0.0385084 -0.0520212 0.799963 -0.0381155 0.999237 0.00852546 0.315151 0.0523098 -0.00652477 0.99861 -0.510627
105 110 239 0.999699 0.0197872 0.0145196 -0.89755 -0.0203678 0.998952 0.0409927 -0.197258 -0.0136933 -0.0412761 0.999054 -0.394327
105 111 232 0.99669 0.0339129 -0.0738866 0.825824 -0.0317951 0.999054 0.0296535 0.265544 0.0748224 -0.0272061 0.996826 -0.497495
105 112 205 0.997753 0.0389312 -0.054521 0.9571 -0.0368378 0.998564 0.0388904 0.275563 0.0559568 -0.0367946 0.997755 -0.0895833
105 113 226 0.99323 0.0364843 -0.110283 0.971717 -0.0342982 0.999177 0.021656 0.225929 0.110982 -0.0177269 0.993664 -0.0687171
105 114 204 0.997011 0.0262837 -0.0726507 0.97973 -0.0244553 0.999364 0.0259436 0.199546 0.0732864 -0.0240894 0.99702 -0.0176431
105 115 217 0.993907 0.024332 -0.107505 0.983307 -0.0221983 0.999533 0.021 0.144661 0.107966 -0.0184856 0.993983 -0.110364
105 116 197 0.993857 0.0176893 -0.109252 0.980229 -0.0159259 0.999729 0.0169927 0.1323 0.109522 -0.0151483 0.993869 -0.147131
105 117 164 0.992113 0.0175568 -0.124109 0.984399 -0.0158802 0.999769 0.0144857 0.119984 0.124335 -0.0124005 0.992163 -0.128694
105 118 119 0.990427 0.0231553 -0.136078 0.993512 -0.0209352 0.999624 0.017723 0.112639 0.136437 -0.0147045 0.99054 0.0157199
105 119 87 0.99312 0.0137114 -0.116294 0.996216 -0.0119044 0.999798 0.0162186 0.0525913 0.116493 -0.0147226 0.993082 0.0691993
120 121 166 0.999966 0.00452066 -0.00693986 0.940907 -0.00450574 0.999988 0.00216375 -0.121539 0.00694956 -0.00213241 0.999974 -0.316106
120 122 145 0.999866 -0.00311332 0.0160994 0.784526 0.00307073 0.999992 0.00266912 -0.123662 -0.0161075 -0.00261933 0.999867 0.60764
120 123 161 0.999987 -0.00344205 0.00364604 0.955534 0.00342415 0.999982 0.00490571 -0.294145 -0.00366286 -0.00489316 0.999981 -0.0208227
120 124 225 0.999932 -0.00628639 -0.00985637 0.959267 0.00637295 0.999941 0.00877578 -0.276712 0.00980062 -0.008838 0.999913 0.0568896
120 125 391 0.999847 -0.00325166 -0.0171828 0.945364 0.003451 0.999927 0.0115846 -0.2881 0.0171439 -0.0116421 0.999785 0.152596
120 126 119 1 0.000330421 -0.000602848 0.920641 -0.000329631 0.999999 0.00130971 -0.304785 0.00060328 -0.00130951 0.999999 0.24398
120 127 133 0.999979 0.00651981 0.000585023 0.926395 -0.00651666 0.999965 -0.00522478 -0.300768 -0.000619067 0.00522085 0.999986 0.226563
120 128 220 0.999847 0.00692141 -0.0160442 0.953543 -0.00692282 0.999976 -3.22898e-05 -0.293701 0.0160436 0.000143356 0.999871 0.0670536
120 129 83 0.999989 0.00423895 -0.00189039 0.940636 -0.00423492 0.999989 0.00213078 -0.27572 0.0018994 -0.00212275 0.999996 0.197948
120 130 127 0.99975 0.00322983 -0.0221321 0.918038 -0.00307734 0.999971 0.00692054 -0.253878 0.0221538 -0.0068507 0.999731 0.304552
120 131 173 0.99941 0.000684206 -0.0343431 0.948639 -0.000525069 0.999989 0.00464254 -0.298999 0.0343459 -0.00462177 0.999399 0.103367
120 132 284 0.998782 0.00364767 -0.049196 0.954801 -0.00338025 0.999979 0.00551804 -0.25362 0.0492151 -0.00534503 0.998774 0.155025
120 133 175 0.998753 0.00101053 -0.0499129 0.95568 -0.000686465 0.999979 0.00650924 -0.267293 0.0499184 -0.00646686 0.998732 0.123412
120 134 115 0.998101 0.000911397 -0.0615889 0.956791 -0.000369468 0.999961 0.00880995 -0.224844 0.0615945 -0.00877047 0.998063 0.184382
135 136 58 0.999766 0.00574835 -0.020836 0.888753 -0.00564212 0.999971 0.0051539 0.111756 0.020865 -0.00503514 0.99977 -0.444554
135 137 251 0.999436 0.00641005 -0.032961 0.917355 -0.0060115 0.999908 0.0121765 0.113495 0.033036 -0.0119715 0.999382 -0.381549
135 138 458 0.997663 0.0145988 -0.0667551 0.918024 -0.0131323 0.999664 0.0223546 0.178552 0.0670591 -0.0214257 0.997519 -0.354049
135 139 227 0.997586 0.0191187 -0.0667654 0.977795 -0.0171684 0.999412 0.0296635 0.190324 0.0672933 -0.0284456 0.997328 -0.0877083
135 140 218 0.996587 0.0242318 -0.0789111 0.954992 -0.0216098 0.999191 0.0339125 0.198722 0.0796691 -0.0320915 0.996305 -0.220229
135 141 190 0.995457 0.0222877 -0.0925638 0.920791 -0.018542 0.998982 0.0411309 0.105988 0.0933863 -0.0392278 0.994857 -0.37538
135 142 207 0.993072 0.0300182 -0.113612 0.921079 -0.0247814 0.998577 0.0472291 0.135337 0.114868 -0.0440864 0.992402 -0.365099
135 143 317 0.991204 0.0440417 -0.124797 0.969812 -0.0377768 0.997925 0.0521313 0.195874 0.126834 -0.0469584 0.990812 -0.145253
135 144 323 0.988923 0.0498657 -0.139799 0.941845 -0.0420894 0.997427 0.0580418 0.151508 0.142333 -0.0515148 0.988477 -0.299956
135 145 192 0.988616 0.057984 -0.138836 0.9441 -0.049696 0.996811 0.0624393 0.14671 0.142014 -0.0548289 0.988345 -0.295215
135 146 245 0.985649 0.0754708 -0.150997 0.943094 -0.0662337 0.995665 0.0653027 0.152253 0.155271 -0.0543645 0.986375 -0.295622
135 147 123 0.987421 0.0806471 -0.136 0.9434 -0.072106 0.99517 0.0666077 0.149202 0.140715 -0.0559634 0.988467 -0.296202
135 148 236 0.980424 0.0942345 -0.172881 0.950051 -0.084869 0.994535 0.0608046 0.155491 0.177666 -0.0449421 0.983064 -0.2706
135 149 175 0.979737 0.097706 -0.174842 0.931874 -0.0883946 0.994259 0.0602924 0.170145 0.17973 -0.0436155 0.982749 -0.320409
150 151 111 0.999988 -0.00471273 0.00150122 -0.996112 0.00470114 0.99996 0.0076295 -0.0556947 -0.00153712 -0.00762235 0.99997 -0.0682529
150 152 36 0.99957 -0.0064359 -0.0286112 0.777118 0.00660545 0.999961 0.00583553 0.117335 0.0285725 -0.00602201 0.999574 -0.61832
150 153 165 0.998433 -0.0117501 -0.0547045 0.991514 0.0116821 0.999931 -0.00156264 0.100501 0.054719 0.00092113 0.998501 0.0824624
150 154 193 0.996942 -0.00940535 -0.0775731 0.994502 0.00886247 0.999934 -0.00733963 0.0400806 0.077637 0.0066297 0.99696 -0.0967469
150 155 120 0.998505 -0.0113746 -0.0534618 -0.882244 0.0105861 0.999831 -0.0150094 -0.110297 0.0536235 0.014421 0.998457 0.457691
150 156 150 0.99627 -0.0126075 -0.0853684 0.855637 0.0111548 0.999785 -0.0174723 0.0971688 0.0855703 0.0164549 0.996196 -0.508374
150 157 151 0.994078 -0.0188259 -0.107024 0.894791 0.0170808 0.999706 -0.0171995 0.0856503 0.107316 0.0152696 0.994108 -0.438193
150 158 172 0.990808 -0.0154198 -0.134396 0.907592 0.0136482 0.999808 -0.014093 0.101733 0.134588 0.0121291 0.990827 -0.407341
150 159 120 0.991831 -0.0144324 -0.12674 0.902397 0.0135435 0.999877 -0.00787212 0.0602433 0.126838 0.0060913 0.991905 -0.426674
150 160 129 0.988262 -0.00773832 -0.152573 0.948002 0.00666723 0.999949 -0.00753053 0.0780578 0.152623 0.0064249 0.988264 -0.308542
150 161 122 0.986426 -0.00457448 -0.164141 0.94027 0.00330417 0.999962 -0.00801132 0.0890167 0.164172 0.00736023 0.986404 -0.328586
150 162 105 0.984922 0.00143023 -0.172991 0.906193 -0.00216079 0.99999 -0.00403488 0.0680128 0.172984 0.00434784 0.984915 -0.417358
150 163 190 0.979094 0.00803525 -0.20325 0.960171 -0.00864609 0.99996 -0.00211762 0.149711 0.203225 0.00383067 0.979125 -0.235921
150 164 143 0.977905 0.0111004 -0.208754 0.936054 -0.00926957 0.99991 0.00974663 0.0662927 0.208843 -0.00759622 0.97792 -0.345555
165 166 16 0.999936 0.00524812 -0.0100692 0.913938 -0.00521996 0.999982 0.00282093 0.137523 0.0100838 -0.00276819 0.999945 0.381845
165 167 456 0.998893 0.0179467 -0.0434753 0.981832 -0.0174611 0.999781 0.0115237 -0.0142245 0.0436726 -0.0107518 0.998988 -0.189219
165 168 326 0.99827 0.0248417 -0.0532814 0.995742 -0.0239438 0.999561 0.017426 -0.0921829 0.0536909 -0.0161201 0.998427 -1.12437e-05
165 169 216 0.997914 0.0299244 -0.0572006 0.969671 -0.0291258 0.999467 0.0147446 -0.0853503 0.0576114 -0.0130478 0.998254 0.229027
165 170 197 0.997197 0.0350507 -0.0661016 0.946105 -0.034066 0.999292 0.0159657 -0.0861604 0.0666145 -0.0136692 0.997685 0.312187
165 171 176 0.997538 0.0342003 -0.0612243 0.948126 -0.0329093 0.999217 0.0219723 -0.11953 0.0619278 -0.0199034 0.997882 0.294567
165 172 170 0.994785 0.0432179 -0.0923809 0.919503 -0.0405078 0.998698 0.0310136 -0.111459 0.093601 -0.0271098 0.995241 0.37695
165 173 216 0.993218 0.0594846 -0.0998989 0.600779 -0.0573172 0.998057 0.0244303 0.120946 0.101158 -0.0185387 0.994698 0.790213
165 174 259 0.987076 0.0687325 -0.144767 0.885593 -0.0651236 0.99744 0.0295274 -0.182722 0.146426 -0.019718 0.989025 0.42701
165 175 257 0.981557 0.0731715 -0.176613 0.960889 -0.0691138 0.997186 0.0290266 -0.207466 0.17824 -0.0162849 0.983852 0.183439
165 176 218 0.977678 0.0848909 -0.192198 0.941392 -0.0816206 0.996353 0.0248839 -0.194737 0.19361 -0.00864108 0.981041 0.275424
165 177 242 0.981043 0.0822709 -0.175459 0.940504 -0.0814457 0.996607 0.0119118 -0.170504 0.175843 0.00260437 0.984415 0.293906
165 178 232 0.981634 0.0833116 -0.171622 0.935991 -0.0823737 0.996522 0.0125917 -0.171768 0.172074 0.00177673 0.985082 0.307272
165 179 93 0.984001 0.0746348 -0.161775 0.917263 -0.0732396 0.997208 0.014579 -0.179272 0.162411 -0.00249742 0.98672 0.355654
180 181 38 0.999933 0.00492853 -0.0104277 0.91515 -0.0049072 0.999986 0.00206988 0.0379593 0.0104377 -0.00201857 0.999943 0.401322
180 182 181 0.999822 0.00744591 -0.0173335 0.913267 -0.00732751 0.999949 0.00688408 -0.029904 0.0173839 -0.00675584 0.999826 0.406261
180 183 183 0.999761 0.00359415 -0.021573 0.862106 -0.0034012 0.999954 0.00897409 -0.128774 0.0216042 -0.00889857 0.999727 0.490093
180 184 265 0.9988 0.0126007 -0.0473317 0.938631 -0.0121789 0.999884 0.00918951 -0.164762 0.0474419 -0.00860203 0.998837 0.303027
180 185 160 0.999247 0.0106335 -0.0373116 0.939345 -0.010577 0.999943 0.00171094 -0.104604 0.0373276 -0.00131501 0.999302 0.326634
180 186 143 0.999364 0.00324976 -0.0355141 0.905516 -0.00313306 0.99999 0.00334127 -0.108683 0.0355246 -0.00322788 0.999364 0.410156
180 187 204 0.997318 0.00634043 -0.0729174 0.961405 -0.00588969 0.999962 0.00639481 -0.0893035 0.0729552 -0.0059482 0.997317 0.260242
180 188 158 0.996849 0.0115167 -0.0784836 0.980481 -0.0109441 0.99991 0.00772206 -0.090658 0.0785655 -0.0068388 0.996885 0.174465
180 189 199 0.994145 0.0171463 -0.106688 0.989435 -0.0153422 0.999725 0.0177076 -0.125522 0.106963 -0.0159671 0.994135 0.0725429
180 190 135 0.994943 0.0153807 -0.0992593 0.984629 -0.0133127 0.999681 0.0214635 -0.108079 0.0995577 -0.0200336 0.99483 0.137203
180 191 107 0.994054 0.02254 -0.106532 0.976771 -0.0199307 0.999476 0.0254942 -0.127086 0.107051 -0.0232194 0.993982 0.172531
180 192 98 0.994643 0.0262652 -0.0999742 0.968259 -0.0241821 0.999466 0.0219909 -0.107567 0.100498 -0.0194555 0.994747 0.225618
180 193 130 0.990322 0.0343329 -0.134475 0.964959 -0.0315609 0.999244 0.0226921 -0.117371 0.135153 -0.0182283 0.990657 0.234688
180 194 118 0.988458 0.0369434 -0.146924 0.966471 -0.0340616 0.999176 0.0220827 -0.106437 0.147619 -0.0168233 0.988901 0.233676
195 196 13 0.999973 0.0054496 0.00492552 -0.930111 -0.00545242 0.999985 0.00056013 0.0672413 -0.00492239 -0.000586971 0.999988 -0.36107
195 197 183 0.999653 0.00658055 0.0254912 -0.970649 -0.00648731 0.999972 -0.0037384 0.167661 -0.0255151 0.00357173 0.999668 -0.172425
195 198 163 0.999578 0.00672345 0.0282605 -0.979026 -0.00668509 0.999977 -0.00145184 0.165222 -0.0282696 0.00126231 0.9996 -0.119208
195 199 103 0.999573 0.0282023 0.00763418 -0.979626 -0.0282257 0.999597 0.00297435 0.0884177 -0.00754722 -0.00318856 0.999966 -0.180317
195 200 119 0.999147 0.0404385 -0.00836455 0.997585 -0.0404417 0.999182 -0.000217073 -0.0628716 0.00834893 0.000555165 0.999965 -0.0295275
195 201 137 0.998052 0.0362277 -0.0507977 0.992054 -0.0362588 0.999342 0.000309202 -0.124589 0.0507755 0.00153326 0.998709 0.0174885
195 202 114 0.997631 0.0481238 -0.0491589 0.977549 -0.0485384 0.998795 -0.00727329 -0.116658 0.0487496 0.00964216 0.998764 -0.175468
195 203 108 0.997058 0.0627977 -0.04395 0.992666 -0.0633729 0.99792 -0.0118181 -0.0619733 0.0431164 0.0145686 0.998964 -0.103795
195 204 87 0.997034 0.0661959 -0.0392646 0.978608 -0.0666949 0.997707 -0.0115378 -0.043967 0.0384108 0.0141223 0.999162 -0.200983
195 205 148 0.993652 0.0631753 -0.0930804 0.985362 -0.0639336 0.997941 -0.00518513 -0.0507463 0.0925612 0.0111032 0.995645 -0.162746
195 206 176 0.992161 0.0668036 -0.10561 0.983823 -0.0674065 0.997723 -0.00214618 -0.0506286 0.105227 0.00924819 0.994405 -0.17184
195 207 96 0.992707 0.0670038 -0.100212 0.99121 -0.0678857 0.997678 -0.00541222 -0.0150111 0.099617 0.0121757 0.994951 -0.131443
195 208 140 0.986369 0.0543347 -0.155318 0.99563 -0.0552737 0.99847 -0.00173032 -0.0554501 0.154986 0.0102917 0.987863 -0.0751447
195 209 68 0.998206 0.0574289 -0.0169292 -0.923585 -0.0574996 0.998339 -0.00372252 0.0217307 0.0166873 0.00468927 0.99985 -0.382778
210 211 18 0.999843 -0.00472701 -0.017051 0.970663 0.00473231 0.999989 0.00027025 0.192256 0.0170496 -0.000350898 0.999855 0.144398
210 212 283 0.998584 -0.00930414 -0.0523741 0.999625 0.00949208 0.999949 0.0033408 -0.0183434 0.0523404 -0.00383321 0.998622 0.0203102
210 213 284 0.997596 -0.00766297 -0.0688765 0.988945 0.00800846 0.999957 0.00474136 -0.0997932 0.0688372 -0.00528156 0.997614 0.10968
210 214 132 0.997527 -0.00828881 -0.0697911 0.980542 0.00804326 0.99996 -0.00379864 -0.0931331 0.0698198 0.0032279 0.997554 0.172813
210 215 197 0.995285 -0.0064082 -0.0967814 0.985254 0.00592976 0.999969 -0.00523032 -0.111362 0.0968119 0.00463177 0.995292 0.1299
210 216 125 0.995962 -0.00895327 -0.089329 0.987236 0.00843583 0.999945 -0.00616838 -0.101843 0.0893794 0.00538991 0.995983 0.122448
210 217 118 0.993031 -0.00597983 -0.117701 0.955409 0.00544522 0.999973 -0.00486321 -0.119977 0.117727 0.00418841 0.993037 0.269812
210 218 136 0.990771 -0.00159951 -0.135535 0.984709 0.00114257 0.999993 -0.00344908 -0.150118 0.13554 0.00326239 0.990766 0.0883864
210 219 123 0.989348 0.00504592 -0.145482 0.979404 -0.00515021 0.999987 -0.000340248 -0.164473 0.145478 0.00108588 0.989361 0.117115
210 220 110 0.987231 0.0119453 -0.15885 0.971835 -0.0114387 0.999926 0.00410366 -0.192811 0.158887 -0.00223424 0.987294 0.135498
210 221 91 0.988594 0.0122688 -0.150108 0.980223 -0.0120424 0.999925 0.00241701 -0.19572 0.150126 -0.000581789 0.988667 0.0292649
210 222 161 0.975332 0.0268345 -0.219107 0.959729 -0.0228321 0.999523 0.0207793 -0.238767 0.21956 -0.0152641 0.97548 0.148023
210 223 131 0.967729 0.0438896 -0.248142 0.954477 -0.0399732 0.998984 0.0208018 -0.22438 0.248803 -0.0102115 0.9685 0.196537
210 224 143 0.964436 0.0557119 -0.25838 0.961527 -0.0517621 0.998416 0.0220697 -0.254209 0.2592 -0.00791049 0.965791 0.104131
225 226 38 0.999939 0.00354529 -0.0104915 0.861116 -0.0035418 0.999994 0.000351025 -0.146527 0.0104927 -0.000313845 0.999945 0.486835
225 227 279 0.999366 0.0116134 -0.0336591 0.854246 -0.0117149 0.999927 -0.00282005 -0.0889057 0.033624 0.00321257 0.999429 0.512211
225 228 124 0.999507 0.0131405 -0.0285062 0.878448 -0.0131876 0.999912 -0.00146503 -0.143765 0.0284844 0.00184024 0.999593 0.455698
225 229 131 0.999483 0.0130452 -0.029379 0.73207 -0.012918 0.999906 0.00451683 -0.133068 0.0294352 -0.00413498 0.999558 0.668107
225 230 124 0.998947 0.00620718 -0.0454525 0.864398 -0.00599647 0.999971 0.00477066 -0.133538 0.0454808 -0.00449308 0.998955 0.484751
225 231 106 0.99902 0.00489031 -0.0440001 0.974205 -0.00481471 0.999987 0.001824 -0.163649 0.0440084 -0.00161037 0.99903 -0.155382
225 232 119 0.999219 0.00551661 -0.0391277 0.986769 -0.0054469 0.999983 0.00188798 -0.124524 0.0391375 -0.00167338 0.999232 -0.103827
225 233 135 0.99746 0.00536655 -0.0710301 0.939833 -0.00489064 0.999964 0.00687236 -0.115204 0.0710645 -0.00650752 0.99745 0.321625
225 234 110 0.997081 0.00383944 -0.0762576 0.863743 -0.00317721 0.999956 0.00880351 -0.0813257 0.0762881 -0.00853553 0.997049 0.497327
225 235 285 0.995506 0.00667165 -0.0944636 0.882126 -0.00543794 0.999897 0.0133116 -0.0944049 0.0945427 -0.0127381 0.995439 0.461457
225 236 257 0.994987 0.00880795 -0.0996108 0.911954 -0.00731384 0.999855 0.0153548 -0.109031 0.0997316 -0.0145493 0.994908 0.395541
225 237 242 0.993509 0.0133205 -0.112973 0.91885 -0.0115526 0.999801 0.0162893 -0.0904495 0.113167 -0.0148784 0.993465 0.3841
225 238 282 0.991724 0.0171936 -0.12723 0.994569 -0.014592 0.999666 0.021352 -0.0835791 0.127554 -0.0193188 0.991643 0.0620222
225 239 245 0.990451 0.0203511 -0.136356 0.934633 -0.0172629 0.999568 0.0237923 -0.0847236 0.136781 -0.0212112 0.990374 0.345372
240 241 382 0.999424 0.000241596 -0.0339337 0.999205 -0.000190048 0.999999 0.0015223 -0.0258384 0.0339341 -0.00151497 0.999423 0.0303571
240 242 153 0.999596 0.00576632 -0.0278438 0.997558 -0.00565809 0.999976 0.00396456 -0.0625213 0.027866 -0.00380542 0.999604 -0.0311344
240 243 142 0.999354 0.00922277 -0.0347256 0.996422 -0.00906117 0.999947 0.00480806 -0.0677247 0.0347681 -0.00449031 0.999385 -0.0505645
240 244 138 0.997762 0.0158739 -0.0649495 0.988194 -0.0154151 0.999853 0.00756037 -0.11315 0.0650599 -0.00654225 0.99786 0.103298
240 245 145 0.99705 0.0221197 -0.0734953 0.995258 -0.0217163 0.999744 0.00628341 -0.0937307 0.0736155 -0.00466882 0.997276 0.0259958
240 246 133 0.996346 0.0262804 -0.0812626 0.88456 -0.0257879 0.999642 0.00710446 -0.109481 0.0814202 -0.00498292 0.996667 -0.453396
240 247 274 0.991592 0.0347151 -0.124663 0.980402 -0.0335751 0.999373 0.0112349 -0.115387 0.124975 -0.00695487 0.992135 0.159678
240 248 239 0.992346 0.0380721 -0.117474 0.987771 -0.0371444 0.999259 0.0100774 -0.102228 0.117771 -0.00563674 0.993025 0.117718
240 249 112 0.994438 0.0334762 -0.0998651 0.989221 -0.0327641 0.999425 0.00876222 -0.14346 0.100101 -0.0054415 0.994962 -0.0293334
240 250 181 0.989208 0.0463574 -0.138989 0.984064 -0.0455762 0.998922 0.00880021 -0.170798 0.139247 -0.00237066 0.990255 0.0494636
240 251 152 0.988877 0.0500114 -0.140074 0.983556 -0.0507543 0.99871 -0.00173395 -0.179486 0.139806 0.00882401 0.99014 -0.0200626
240 252 168 0.982142 0.0709726 -0.174242 0.977963 -0.0735868 0.997252 -0.00858053 -0.147918 0.173154 0.0212492 0.984666 0.14734
240 253 173 0.981034 0.080486 -0.176335 0.965953 -0.0836102 0.996445 -0.0103473 -0.132446 0.174875 0.0248945 0.984276 0.222247
240 254 189 0.981925 0.0753591 -0.173621 0.963339 -0.0785951 0.996836 -0.0118292 -0.123242 0.17218 0.0252612 0.984741 0.238305
255 256 232 0.999879 0.00145562 0.0154978 -0.940425 -0.00158811 0.999962 0.00853998 -0.116284 -0.0154848 -0.00856355 0.999843 -0.319497
255 257 307 0.998175 0.00730886 -0.0599479 0.982119 -0.00679286 0.999938 0.00880669 0.13168 0.0600085 -0.0083834 0.998163 -0.134543
255 258 145 0.999125 0.00698139 -0.0412259 0.979989 -0.0062984 0.999841 0.0166737 0.0874739 0.0413357 -0.0163994 0.999011 0.178804
255 259 184 0.999931 0.00347064 0.0112314 -0.981003 -0.00377867 0.999614 0.0275223 -0.0960398 -0.0111316 -0.0275628 0.999558 -0.168554
255 260 113 0.999559 0.00593484 -0.0290877 0.841008 -0.00498936 0.99946 0.0324698 0.0637476 0.0292648 -0.0323104 0.999049 0.537255
255 261 190 0.994959 0.0124277 -0.0995067 0.912059 -0.0100916 0.999662 0.0239461 0.123029 0.0997707 -0.0228213 0.994749 0.391167
255 262 114 0.996096 0.00612591 -0.0880685 0.903072 -0.00375408 0.999626 0.0270721 0.0267302 0.0882014 -0.0266357 0.995746 0.428658
255 263 113 0.995867 0.0102366 -0.0902435 0.880655 -0.00795914 0.999642 0.0255609 0.0218602 0.0904728 -0.024737 0.995592 0.473253
255 264 164 0.987703 0.0140302 -0.15571 0.932616 -0.0111437 0.99975 0.0193952 0.0217702 0.155944 -0.0174215 0.987612 0.360213
255 265 111 0.994591 7.77882e-05 -0.103872 0.902214 0.00234374 0.999728 0.0231905 -0.0715487 0.103845 -0.0233085 0.99432 0.425312
255 266 141 0.989693 0.0134977 -0.142566 0.918239 -0.0109438 0.999766 0.0186828 -0.0488899 0.142785 -0.01693 0.989609 0.392997
255 267 120 0.990083 0.0193187 -0.139148 0.857136 -0.0167819 0.999671 0.0193809 -0.0754492 0.139477 -0.0168535 0.990082 0.509535
255 268 147 0.975129 0.0272411 -0.219958 0.943874 -0.0226805 0.999473 0.0232331 -0.0920667 0.220475 -0.0176665 0.975233 0.317217
255 269 119 0.984783 0.0341945 -0.170391 0.91398 -0.0312246 0.999311 0.0200802 -0.111702 0.17096 -0.0144542 0.985172 0.390081
270 271 20 0.999851 0.00569718 -0.016313 0.747841 -0.00559593 0.999965 0.00624601 -0.385847 0.016348 -0.00615379 0.999847 0.540237
270 272 244 0.998798 0.0134484 -0.0471252 0.866021 -0.0129902 0.999865 0.0100159 -0.371532 0.0472536 -0.00939168 0.998839 0.334621
270 273 131 0.998934 0.0233249 -0.0398247 0.81634 -0.0232878 0.999728 0.00139617 -0.324913 0.0398464 -0.000467256 0.999206 0.477514
270 274 104 0.999149 0.0270958 -0.0311117 0.833272 -0.0271304 0.999632 -0.000691684 -0.362939 0.0310815 0.00153517 0.999516 0.417052
270 275 100 0.999211 0.0269494 -0.0291665 0.762903 -0.0269447 0.999637 0.00055417 -0.344039 0.0291709 0.000232151 0.999574 0.547372
270 276 152 0.998108 0.0307932 -0.0532161 0.798885 -0.0307066 0.999525 0.00244397 -0.290454 0.0532661 -0.000805261 0.99858 0.526706
270 277 112 0.998347 0.0302937 -0.048848 0.80783 -0.0303276 0.99954 4.72804e-05 -0.258991 0.048827 0.00143424 0.998806 0.529466
270 278 107 0.998537 0.0260819 -0.0473686 0.762118 -0.0260677 0.99966 0.000918358 -0.25822 0.0473764 0.000317774 0.998877 0.593717
270 279 187 0.994258 0.0432147 -0.0978968 0.829024 -0.0436727 0.999043 -0.00253847 -0.185623 0.0976934 0.0067993 0.995193 0.527508
270 280 187 0.99252 0.0479613 -0.112265 0.938226 -0.0471606 0.998839 0.00977843 -0.242009 0.112604 -0.00441079 0.99363 0.247313
270 281 100 0.997775 0.0248413 -0.0618683 0.840489 -0.0245957 0.999686 0.00472873 -0.21952 0.0619664 -0.00319651 0.998073 0.495367
270 282 159 0.995821 0.0327039 -0.0852704 0.84329 -0.0321825 0.999454 0.00748263 -0.209761 0.0854685 -0.00470714 0.99633 0.494836
270 283 147 0.995509 0.025348 -0.0912062 0.854628 -0.0245498 0.99965 0.00986209 -0.222198 0.0914242 -0.0075787 0.995783 0.469296
270 284 154 0.993643 0.0354574 -0.106845 0.87857 -0.034389 0.999339 0.0118262 -0.224402 0.107194 -0.00807674 0.994205 0.421614
285 286 0 1 0 0 0 0 1 0 0 0 0 1 0
285 287 34 0.999974 0.00228559 -0.00677901 0.690822 -0.00225455 0.999987 0.00458362 -0.0185868 0.00678939 -0.00456822 0.999967 0.722786
285 288 230 0.999994 -0.00273084 0.00232407 -0.970211 0.00272354 0.999991 0.00313935 0.13736 -0.00233262 -0.003133 0.999992 -0.199559
285 289 293 0.999034 0.00272535 -0.0438655 0.99584 -0.00255577 0.999989 0.00392162 -0.0824398 0.0438757 -0.00380572 0.99903 0.038802
285 290 136 0.999805 0.00805193 -0.0180233 0.989727 -0.00804819 0.999968 0.000280459 -0.0816354 0.018025 -0.000135349 0.999838 -0.117372
285 291 410 0.998235 0.0208875 -0.0555897 0.993963 -0.0207846 0.999781 0.00242789 -0.0558258 0.0556282 -0.00126819 0.998451 0.0944465
285 292 380 0.99823 0.0279192 -0.0525193 0.923864 -0.0275084 0.999585 0.00852915 -0.120235 0.0527356 -0.00706933 0.998583 -0.363345
285 293 327 0.99769 0.0285052 -0.0616635 0.989142 -0.027804 0.999539 0.0121994 -0.13479 0.0619828 -0.0104567 0.998022 -0.0585707
285 294 243 0.998352 0.033556 -0.0465457 0.99389 -0.0332318 0.999418 0.00772055 -0.105048 0.0467777 -0.00616103 0.998886 0.0338881
285 295 312 0.997862 0.0533401 -0.0377653 0.967831 -0.053132 0.998566 0.0064938 -0.0769118 0.0380575 -0.00447337 0.999266 -0.239558
285 296 241 0.996849 0.0703133 -0.0367182 0.751129 -0.0695769 0.997356 0.0209638 -0.0719062 0.0380952 -0.018343 0.999106 -0.656228
285 297 258 0.996612 0.0750513 -0.033637 0.977547 -0.074218 0.996919 0.0253736 -0.0520118 0.0354377 -0.0227912 0.999112 -0.204196
285 298 300 0.995326 0.0923019 -0.0283882 0.969361 -0.0913627 0.995278 0.0327707 -0.100723 0.031279 -0.0300239 0.99906 -0.224042
285 299 291 0.994367 0.102556 -0.0267801 0.987828 -0.101637 0.994251 0.0336781 -0.112652 0.03008 -0.0307665 0.999074 -0.10726
300 301 12 0.999954 0.00875102 0.0040432 0.662589 -0.0087438 0.99996 -0.00179859 0.0691247 -0.00405878 0.00176316 0.99999 -0.745787
300 302 26 0.999788 0.0116911 0.0169772 -0.993562 -0.0116503 0.999929 -0.00250507 -0.0831602 -0.0170053 0.00230675 0.999853 -0.0769319
300 303 21 0.999872 0.0141381 0.00749229 -0.995319 -0.0140939 0.999883 -0.00591263 0.0643847 -0.00757501 0.00580628 0.999954 0.0720769
300 304 316 0.999744 0.0185642 0.0129142 -0.990605 -0.0184254 0.999772 -0.0107869 0.0207133 -0.0131115 0.0105462 0.999858 0.135174
300 305 62 0.999808 0.0172742 0.0092567 -0.945517 -0.0170861 0.999653 -0.0200263 0.159883 -0.00959943 0.0198643 0.999757 0.283612
300 306 241 0.999842 0.00957511 0.0149903 -0.969665 -0.00913602 0.999535 -0.0290913 0.237503 -0.0152619 0.0289497 0.999464 0.0578153
300 307 100 0.99978 0.0180697 -0.0106159 0.977931 -0.0183866 0.999364 -0.0305538 -0.0855691 0.010057 0.0307423 0.999477 -0.1906
300 308 143 0.999305 0.0113887 -0.035485 0.919414 -0.012337 0.999569 -0.0266216 -0.125068 0.0351665 0.0270408 0.999016 -0.372875
300 309 124 0.999695 0.00882216 -0.0230722 0.984367 -0.00950946 0.999509 -0.0298513 -0.090787 0.0227975 0.0300616 0.999288 -0.150925
300 310 204 0.99984 -0.00372299 -0.0174689 -0.981486 0.00312749 0.999417 -0.0339933 0.081122 0.0175853 0.0339333 0.999269 0.173504
300 311 128 0.997976 0.00361973 -0.0634885 0.956874 -0.00549273 0.999554 -0.0293517 -0.041977 0.063354 0.029641 0.997551 -0.287454
300 312 119 0.997778 0.000310419 -0.0666262 0.971009 -0.00228542 0.99956 -0.0295689 -0.0474102 0.0665877 0.0296555 0.99734 -0.234296
300 313 154 0.998358 -0.00776176 -0.0567479 -0.98794 0.00559794 0.999255 -0.0381905 0.106217 0.057002 0.0378102 0.997658 0.112661
300 314 109 0.99712 -0.000774946 -0.0758306 0.929321 -0.00246501 0.999088 -0.0426233 -0.00327196 0.0757945 0.0426874 0.996209 -0.369258
315 316 71 0.999847 0.00461661 -0.0168875 0.792624 -0.00471059 0.999974 -0.00552966 0.15583 0.0168616 0.00560836 0.999842 0.58946
315 317 26 0.999939 -0.00967039 -0.00539132 -0.88522 0.00961058 0.999893 -0.0110123 0.110141 0.00549724 0.0109598 0.999925 0.451946
315 318 283 0.999972 -0.00683782 0.0030802 -0.983423 0.00688441 0.999858 -0.0153763 0.159573 -0.00297462 0.0153971 0.999877 -0.0861088
315 319 30 0.999725 -0.00564471 -0.0227602 0.887393 0.00535262 0.999903 -0.0128738 -0.0935505 0.0228307 0.0127484 0.999658 -0.451422
315 320 201 0.998826 -0.0112425 -0.0471216 0.965164 0.010771 0.999889 -0.0102488 -0.227028 0.0472316 0.00972917 0.998837 -0.130066
315 321 267 0.99805 -0.00897541 -0.0617759 0.936427 0.00842065 0.999922 -0.00923463 -0.173995 0.061854 0.00869643 0.998047 -0.304681
315 322 187 0.998848 -0.0101765 -0.0468996 0.972239 0.00934382 0.999795 -0.0179406 -0.0879949 0.0470725 0.0174817 0.998738 -0.216814
315 323 190 0.998412 -0.00608392 -0.0559991 0.98025 0.00498675 0.999793 -0.0197116 -0.0328554 0.0561075 0.019401 0.998236 -0.195011
315 324 185 0.997631 -0.00957577 -0.0681159 0.877331 0.00841564 0.999815 -0.0172983 -0.06536 0.068269 0.0166841 0.997527 -0.475414
315 325 321 0.995451 -0.0185886 -0.0934456 0.931638 0.0179186 0.999807 -0.00800426 -0.159645 0.0935764 0.00629343 0.995592 -0.326443
315 326 236 0.995873 -0.0073802 -0.0904544 0.943469 0.00624945 0.999899 -0.0127776 -0.0753285 0.0905395 0.0121596 0.995819 -0.322788
315 327 164 0.997256 -0.00814487 -0.073584 0.959886 0.00710278 0.999871 -0.0144125 -0.071956 0.0736919 0.0138503 0.997185 -0.271
315 328 276 0.994027 0.00479959 -0.109032 0.985017 -0.00629685 0.99989 -0.013392 -0.0540523 0.108956 0.0139986 0.993948 -0.163768
315 329 268 0.992506 0.0169865 -0.121014 0.981252 -0.0189459 0.999707 -0.0150598 -0.072904 0.120722 0.0172396 0.992537 -0.178406
330 331 19 0.999951 -0.00868366 0.00485605 -0.948536 0.00867982 0.999962 0.000812424 0.0864738 -0.00486292 -0.000770234 0.999988 -0.304634
