0 1 27 0.999894 0.00720492 -0.0126206 0.770054 -0.00722013 0.999973 -0.00116039 0.281458 0.0126119 0.00125139 0.99992 -0.572536
0 2 446 0.99955 0.014042 -0.0265022 0.773334 -0.0141099 0.999898 -0.00237667 0.23801 0.0264661 0.00274954 0.999646 -0.587627
0 3 526 0.998535 0.0211857 -0.0497829 0.80239 -0.0214419 0.999759 -0.00461655 0.275732 0.0496731 0.00567722 0.998749 -0.529284
0 4 591 0.996094 0.021775 -0.0855668 0.910149 -0.0220208 0.999756 -0.00192977 0.214201 0.0855039 0.00380648 0.996331 -0.354609
0 5 436 0.997578 0.0199225 -0.0666369 0.826621 -0.0197448 0.9998 0.00332519 0.244638 0.0666898 -0.00200141 0.997772 -0.506803
0 6 454 0.996581 0.0290918 -0.0773312 0.864892 -0.0288818 0.999575 0.00383203 0.248299 0.0774098 -0.00158546 0.996998 -0.436245
0 7 455 0.994497 0.0326653 -0.0995404 0.836187 -0.0322191 0.999462 0.00608664 0.215277 0.0996857 -0.00284604 0.995015 -0.504428
0 8 400 0.993974 0.0342643 -0.104122 0.845846 -0.0334773 0.999396 0.00929795 0.237986 0.104378 -0.00575619 0.994521 -0.477396
0 9 362 0.990882 0.0282277 -0.131746 0.883234 -0.0263572 0.999526 0.0159204 0.179649 0.132133 -0.0123028 0.991156 -0.433156
0 10 413 0.988892 0.0343035 -0.144622 0.893748 -0.0327376 0.999377 0.0131947 0.218313 0.144984 -0.00831358 0.989399 -0.391859
0 11 367 0.985174 0.0455186 -0.165407 0.899593 -0.0455567 0.998955 0.00356512 0.236664 0.165396 0.00402313 0.986219 -0.367047
0 12 330 0.986977 0.0440841 -0.154701 0.876975 -0.043083 0.999023 0.00981943 0.219496 0.154983 -0.00302654 0.987912 -0.427477
0 13 311 0.98096 0.0648249 -0.183072 0.889257 -0.0643787 0.99789 0.00838536 0.222102 0.183229 0.00356022 0.983064 -0.399866
0 14 286 0.981666 0.073969 -0.175673 0.887907 -0.0722299 0.997255 0.0162818 0.229221 0.176395 -0.00329441 0.984314 -0.398847
15 16 551 0.999442 0.00350543 -0.0332228 0.934881 -0.00364256 0.999985 -0.00406789 -0.00101538 0.033208 0.00418664 0.99944 -0.354959
15 17 442 0.998954 -0.000551501 -0.0457271 0.87996 0.000280963 0.999982 -0.00592259 0.12144 0.0457295 0.00590355 0.998936 -0.459264
15 18 485 0.99805 0.00422619 -0.0622693 0.903911 -0.00488081 0.999934 -0.0103645 0.248629 0.0622214 0.0106482 0.998006 -0.348035
15 19 447 0.999864 0.00884147 -0.0139231 0.688662 -0.00876775 0.999947 0.00534718 0.243198 0.0139697 -0.00522438 0.999889 -0.68308
15 20 410 0.999538 0.00334664 -0.0302051 0.748786 -0.0032127 0.999985 0.00448208 0.240162 0.0302197 -0.00438297 0.999534 -0.617772
15 21 440 0.996762 0.00648394 -0.0801515 0.876601 -0.00646726 0.999979 0.000467755 0.226717 0.0801528 5.21202e-05 0.996783 -0.424464
15 22 412 0.995396 0.0184563 -0.0940592 0.910734 -0.0191673 0.999794 -0.00666039 0.258607 0.0939169 0.00843258 0.995544 -0.322004
15 23 372 0.988813 0.0172662 -0.148156 0.926901 -0.0199644 0.99966 -0.0167437 0.207567 0.147816 0.0195142 0.988822 -0.312682
15 24 382 0.985685 0.0266283 -0.166481 0.947422 -0.0289348 0.999516 -0.0114441 0.160052 0.166095 0.0160974 0.985978 -0.277082
15 25 351 0.981561 0.0313257 -0.188563 0.945116 -0.0352318 0.999228 -0.0173984 0.136407 0.187872 0.023721 0.981907 -0.296898
15 26 278 0.972133 0.026185 -0.232964 0.969566 -0.0325389 0.999195 -0.0234725 0.127656 0.232162 0.0303988 0.972202 -0.208916
15 27 254 0.971839 0.035995 -0.232881 0.966892 -0.0455415 0.998323 -0.0357452 0.139254 0.231204 0.0453443 0.971848 -0.213841
15 28 268 0.953031 0.0355496 -0.300778 0.985906 -0.0517648 0.997594 -0.0461117 0.121179 0.298415 0.0595157 0.952579 -0.11535
15 29 251 0.966184 0.0322181 -0.255832 0.951918 -0.0560949 0.994664 -0.0865873 0.260104 0.251677 0.0980101 0.962836 -0.161856
30 31 45 0.999977 0.00654223 0.00200793 0.324 -0.00655451 0.999959 0.00617214 -0.146541 -0.00196747 -0.00618516 0.999979 -0.934639
30 32 482 0.999401 0.00240864 -0.0345336 0.995207 -0.00191282 0.999895 0.0143835 -0.0970337 0.0345646 -0.0143088 0.9993 -0.0121671
30 33 361 0.997138 0.00748605 -0.0752338 0.98288 -0.00730275 0.99997 0.0027113 0.0677627 0.0752519 -0.00215412 0.997162 0.171332
30 34 251 0.995889 0.0253636 -0.0869625 0.988536 -0.0248867 0.999669 0.00656393 0.0260273 0.0871002 -0.00437273 0.99619 0.148724
30 35 163 0.998309 0.0528006 -0.0243056 0.995825 -0.0523689 0.998464 0.0180647 -0.017278 0.0252221 -0.0167613 0.999541 -0.0896284
30 36 85 0.996566 0.073988 0.0371651 0.663493 -0.0752622 0.996579 0.0341429 -0.183799 -0.0345118 -0.0368228 0.998726 -0.725255
30 37 198 0.997412 0.0676975 -0.0242092 0.942885 -0.0669738 0.997317 0.0295493 0.133141 0.0261447 -0.0278514 0.99927 0.305356
30 38 276 0.992372 0.0589815 -0.108258 0.977012 -0.0564511 0.998059 0.0262941 0.105147 0.109598 -0.0199823 0.993775 0.18545
30 39 299 0.991795 0.0643489 -0.110464 0.991029 -0.0591685 0.997017 0.0495537 0.012306 0.113324 -0.0426111 0.992644 0.133076
30 40 197 0.991622 0.0419887 -0.122162 0.959148 -0.0411963 0.99911 0.00900671 0.167745 0.122432 -0.00389863 0.992469 0.22781
30 41 208 0.987714 0.0694695 -0.13998 0.980111 -0.0653002 0.997281 0.0341663 0.0374795 0.141973 -0.0246058 0.989565 0.19488
30 42 236 0.990706 0.0654399 -0.119247 0.9807 -0.0634745 0.997779 0.0202105 0.071161 0.120304 -0.0124535 0.992659 0.182109
30 43 234 0.992271 0.0693476 -0.102904 0.975052 -0.0671484 0.997438 0.0246877 0.0530712 0.104353 -0.017587 0.994385 0.215538
30 44 203 0.968095 0.0543515 -0.244619 0.965954 -0.0591944 0.998168 -0.0124841 0.118699 0.243493 0.0265659 0.969539 0.229878
45 46 440 0.999471 0.00281166 -0.0323872 0.902724 -0.0031195 0.99995 -0.00945841 0.416336 0.032359 0.00955444 0.999431 -0.108412
45 47 20 0.999906 0.00919786 -0.010215 0.961485 -0.00913546 0.999939 0.00613813 0.0410532 0.0102709 -0.00604423 0.999929 0.271776
45 48 425 0.998856 0.0160928 -0.0450397 0.97046 -0.016245 0.999863 -0.00301576 0.186987 0.044985 0.00374398 0.998981 0.152458
45 49 447 0.997614 0.0256251 -0.0641032 0.982976 -0.0257711 0.999667 -0.00145215 0.124502 0.0640446 0.0031007 0.997942 -0.135119
45 50 366 0.991154 0.0288903 -0.129538 0.989299 -0.0281796 0.999576 0.00731668 0.0527096 0.129694 -0.00360164 0.991548 -0.136052
45 51 297 0.997411 0.0363221 -0.0620632 0.973127 -0.0350957 0.999169 0.0207386 0.0400006 0.0627649 -0.0185068 0.997857 -0.226768
45 52 261 0.997087 0.0374871 -0.0664216 0.973088 -0.0359257 0.999053 0.0245477 0.107545 0.0672789 -0.0220899 0.99749 -0.203797
45 53 213 0.965462 0.0391343 -0.257589 0.99174 -0.0373344 0.999232 0.0118767 0.128074 0.257856 -0.00184958 0.966181 -0.00695169
45 54 256 0.983342 0.0725681 -0.166649 0.997971 -0.0639124 0.996341 0.0567349 0.0158644 0.170157 -0.0451389 0.984383 -0.0616659
45 55 112 0.997351 0.0726401 -0.00390245 0.960028 -0.0723271 0.995937 0.0536549 0.0751879 0.00778409 -0.0532305 0.998552 0.269616
45 56 163 0.993421 0.0850651 -0.0766704 0.983524 -0.0835075 0.996235 0.0233032 0.17383 0.078364 -0.0167473 0.996784 0.0496307
45 57 231 0.975268 0.132227 -0.177111 0.999542 -0.127685 0.99113 0.0368515 0.0292765 0.180412 -0.0133257 0.983501 -0.00761015
45 58 209 0.963923 0.126879 -0.233997 0.995247 -0.122956 0.991917 0.0313368 0.0681513 0.236082 -0.00143486 0.971732 0.0695545
45 59 177 0.970787 0.139818 -0.194996 0.996124 -0.133834 0.990044 0.0435973 0.0724283 0.19915 -0.0162266 0.979835 0.0499039
60 61 205 0.999929 0.0116046 -0.00277891 0.600423 -0.0115961 0.999928 0.00304853 -0.0883816 0.00281409 -0.00301609 0.999991 0.794784
60 62 309 0.999506 0.0258928 -0.0178018 0.786949 -0.0259735 0.999653 -0.00431933 0.104275 0.0176838 0.00477957 0.999832 0.608143
60 63 276 0.999281 0.0317009 -0.0208202 0.855214 -0.0317794 0.999489 -0.00345342 0.062783 0.0207001 0.00411259 0.999777 0.514459
60 64 335 0.998216 0.0288649 -0.052274 0.89367 -0.0296805 0.999448 -0.014895 0.196043 0.0518152 0.0164199 0.998522 0.403634
60 65 348 0.995769 0.0281174 -0.0874862 0.938044 -0.0302063 0.999287 -0.0226449 0.18297 0.0867871 0.0251917 0.995908 0.29427
60 66 306 0.996805 0.0249315 -0.0758846 0.906087 -0.0259836 0.999579 -0.012909 0.0598577 0.0755308 0.0148395 0.997033 0.418836
60 67 260 0.997983 0.0291457 -0.0564013 0.853597 -0.0295289 0.999546 -0.00597169 -0.0629353 0.0562016 0.00762511 0.99839 0.517118
60 68 263 0.995533 0.0297408 -0.08961 0.895055 -0.0309066 0.999454 -0.0116499 -0.0186551 0.0892146 0.0143674 0.995909 0.445566
60 69 213 0.995634 0.0253462 -0.0898366 0.825811 -0.0261446 0.999628 -0.00772142 -0.0654679 0.0896075 0.0100365 0.995927 0.560134
60 70 267 0.992919 0.0321988 -0.114351 0.875446 -0.0337173 0.999367 -0.0113691 -0.028869 0.113912 0.0151442 0.993375 0.482452
60 71 217 0.993725 0.031022 -0.107465 0.828274 -0.0321156 0.999448 -0.00846086 -0.0538196 0.107144 0.0118591 0.994173 0.557733
60 72 207 0.988674 0.0239452 -0.148155 0.871323 -0.027087 0.999448 -0.0192248 -0.000625495 0.147613 0.0230201 0.988777 0.49071
60 73 200 0.991668 0.0538521 -0.117023 0.781331 -0.0558382 0.998345 -0.0137571 -0.0485437 0.116089 0.0201768 0.993034 0.622226
60 74 177 0.995162 0.0551637 -0.0813042 0.648199 -0.0571752 0.998108 -0.0226218 -0.0201405 0.0799024 0.0271609 0.996433 0.761204
75 76 20 0.999905 0.00505253 -0.0128442 0.816622 -0.00510314 0.999979 -0.00391011 -0.11566 0.0128241 0.00397528 0.99991 0.565465
75 77 434 0.998767 0.0142761 -0.0475419 0.930493 -0.0141642 0.999896 0.00268875 -0.325012 0.0475754 -0.00201204 0.998866 0.168967
75 78 301 0.999366 0.0144949 -0.0325218 0.826889 -0.0148933 0.999817 -0.0120393 -0.337617 0.0323413 0.012516 0.999399 0.449743
75 79 268 0.999164 0.0233266 -0.0335676 0.848967 -0.0239624 0.999539 -0.0186655 -0.280051 0.0331167 0.0194543 0.999262 0.448137
75 80 244 0.998904 0.0276825 -0.0377441 0.84872 -0.0284392 0.999402 -0.0196619 -0.384213 0.0371773 0.0207137 0.999094 0.363394
75 81 257 0.998694 0.0285708 -0.0423471 0.800085 -0.0296789 0.999227 -0.0257744 -0.344928 0.041578 0.0269976 0.99877 0.490804
75 82 255 0.998475 0.0259477 -0.0487346 0.825627 -0.0274252 0.999177 -0.0298978 -0.35819 0.0479187 0.0311887 0.998364 0.435935
75 83 259 0.998237 0.0253905 -0.0536544 0.845323 -0.0271376 0.999117 -0.03209 -0.354814 0.0527922 0.0334894 0.998044 0.39942
75 84 248 0.99694 0.0317045 -0.0714559 0.849388 -0.0340111 0.998931 -0.0312977 -0.35395 0.0703873 0.0336323 0.996953 0.391485
75 85 243 0.996814 0.031005 -0.0734893 0.825978 -0.0339737 0.998642 -0.0394966 -0.350519 0.0721649 0.0418674 0.996514 0.441471
75 86 279 0.996433 0.0317748 -0.0781828 0.839824 -0.0352319 0.998443 -0.0432437 -0.335794 0.0766871 0.045844 0.996001 0.426542
75 87 247 0.998109 0.0394833 -0.0471056 0.716094 -0.0423155 0.997257 -0.0607243 -0.294275 0.0445788 0.0626028 0.997042 0.632939
75 88 252 0.992503 0.0451413 -0.113577 0.878409 -0.0505129 0.997715 -0.0448685 -0.334381 0.111292 0.0502693 0.992515 0.341448
75 89 220 0.995489 0.0540906 -0.0779427 0.840262 -0.0582813 0.996917 -0.0525333 -0.351837 0.0748608 0.056839 0.995573 0.412517
90 91 16 0.999894 0.0076349 -0.012421 0.969501 -0.0076032 0.999968 0.0025977 0.0175507 0.0124405 -0.00250299 0.999919 0.244456
90 92 134 0.999799 0.00916738 -0.0178429 0.954024 -0.00905142 0.999937 0.00656894 0.0399779 0.0179021 -0.00640611 0.999819 0.297053
90 93 333 0.999295 0.0212646 -0.0309561 0.994845 -0.0209331 0.99972 0.010994 0.0623656 0.0311812 -0.0103383 0.99946 0.0799601
90 94 241 0.999372 0.0247906 -0.0253088 0.999404 -0.0243556 0.999553 0.0173529 0.00371663 0.0257277 -0.0167256 0.999529 -0.0343149
90 95 26 0.999165 0.0392777 -0.0112429 -0.99807 -0.0389107 0.998756 0.0311832 -0.033527 0.0124538 -0.0307197 0.99945 -0.0522776
90 96 286 0.988275 0.0471643 -0.145215 0.97361 -0.046384 0.998885 0.00875692 0.222243 0.145466 -0.0019186 0.989361 -0.0518872
90 97 69 0.997883 0.0644796 0.00853086 -0.757138 -0.06486 0.996292 0.056526 -0.135006 -0.00485445 -0.0569596 0.998365 -0.639152
90 98 185 0.995937 0.0702444 0.0563456 -0.211164 -0.0800068 0.977403 0.195661 -0.740575 -0.0413283 -0.199374 0.979052 0.637933
90 99 173 0.998145 0.0555499 0.0249154 -0.164209 -0.0578211 0.993072 0.102301 -0.186719 -0.01906 -0.103552 0.994441 0.968592
90 100 76 0.995487 0.0946748 0.00654245 0.691568 -0.094825 0.989576 0.108386 0.150122 0.00378715 -0.108517 0.994087 0.706539
90 101 171 0.967902 0.114396 -0.223782 0.989926 -0.09709 0.991474 0.0869038 0.14142 0.231816 -0.0623874 0.970757 -0.00680111
90 102 174 0.979747 0.120974 -0.159563 0.963119 -0.108304 0.990402 0.0858771 0.269057 0.16842 -0.0668566 0.983445 -0.0031869
90 103 219 0.980778 0.13193 -0.143767 0.990118 -0.114428 0.985676 0.123895 0.12546 0.158053 -0.105063 0.981825 0.0626653
90 104 227 0.980933 0.166241 -0.100668 0.974683 -0.152409 0.979424 0.132289 0.134604 0.120589 -0.114424 0.986086 -0.178533
105 106 10 0.999826 0.0159842 -0.00956758 0.741908 -0.015963 0.99987 0.00228286 0.285686 0.00960283 -0.00212974 0.999952 -0.606594
105 107 33 0.99952 0.0236578 -0.0200254 0.6863 -0.0235857 0.999714 0.00383161 0.408604 0.0201103 -0.00335746 0.999792 -0.601693
105 108 125 0.999689 0.0249262 -0.000687658 -0.949738 -0.0249075 0.99949 0.0199746 -0.298138 0.0011852 -0.0199513 0.9998 -0.0954601
105 109 214 0.998951 0.0292647 -0.035225 0.869295 -0.028822 0.9995 0.0130128 0.36869 0.0355882 -0.0119839 0.999295 -0.329233
105 110 259 0.999425 0.025221 0.0226634 -0.902935 -0.0262264 0.998633 0.0452186 -0.250931 -0.0214919 -0.0457869 0.99872 -0.348916
105 111 325 0.99244 0.0365378 -0.11717 0.923261 -0.0336613 0.999084 0.0264358 0.194265 0.118028 -0.0222918 0.99276 -0.331438
105 112 223 0.998102 0.0303181 -0.0535987 0.893836 -0.0282632 0.998851 0.0386896 0.206247 0.0547101 -0.0371014 0.997813 -0.398145
105 113 254 0.995923 0.0268305 -0.0861254 0.983201 -0.024456 0.999294 0.028508 0.173073 0.0868295 -0.0262855 0.995876 -0.0579859
105 114 227 0.995031 0.0299468 -0.0949545 0.975144 -0.0279089 0.999352 0.0227174 0.185485 0.0955733 -0.0199544 0.995222 -0.121204
105 115 241 0.992503 0.0342093 -0.117337 0.973988 -0.0323048 0.999314 0.0180957 0.167249 0.117876 -0.0141695 0.992927 -0.15289
105 116 230 0.995675 0.0204304 -0.090635 0.987915 -0.0185834 0.999603 0.0211756 0.14568 0.0910317 -0.0193997 0.995659 0.052926
105 117 211 0.99163 0.0194039 -0.127649 0.982415 -0.0179179 0.999758 0.0127791 0.149609 0.127866 -0.010385 0.991737 -0.111701
105 118 169 0.992604 0.0238398 -0.119032 0.992724 -0.0219373 0.99961 0.0172677 0.115583 0.119397 -0.0145288 0.99274 -0.0337451
105 119 105 0.987841 0.0298026 -0.152587 0.996071 -0.0278075 0.999498 0.0151928 0.0415616 0.152963 -0.010765 0.988173 -0.0782002
120 121 476 0.999578 0.00884626 -0.0276586 0.996543 -0.00889122 0.999959 -0.00150302 0.0549346 0.0276441 0.0017483 0.999616 -0.0623295
120 122 68 0.999818 0.000351136 0.0190878 -0.820878 -0.000379025 0.999999 0.00145748 0.158343 -0.0190873 -0.00146445 0.999817 -0.548714
120 123 440 0.999906 -0.00326184 -0.013306 0.968469 0.0033796 0.999955 0.00883758 -0.240041 0.0132765 -0.00888172 0.999872 0.0666985
120 124 150 0.999837 -0.0105003 0.0146955 0.921567 0.010463 0.999942 0.00261192 -0.275954 -0.0147221 -0.00245773 0.999889 0.273062
120 125 135 0.999904 -0.00506795 0.0129194 0.91796 0.00503324 0.999984 0.00271735 -0.263723 -0.0129329 -0.00265206 0.999913 0.29631
120 126 405 0.999825 0.00427537 -0.0182377 0.935982 -0.00418628 0.999979 0.0049203 -0.264408 0.0182583 -0.00484309 0.999822 0.232433
120 127 338 0.999838 0.00713419 -0.016554 0.94381 -0.00712764 0.999974 0.000454923 -0.315563 0.0165569 -0.000336858 0.999863 0.0981955
120 128 311 0.999826 0.00769878 -0.0169898 0.92798 -0.00763989 0.999965 0.00352846 -0.367044 0.0170163 -0.00339805 0.999849 -0.0642847
120 129 119 0.999992 0.00337585 -0.00191256 0.941834 -0.00337154 0.999992 0.00225252 -0.308123 0.00192015 -0.00224605 0.999996 0.134201
120 130 311 0.999269 0.00474075 -0.0379444 0.938614 -0.00429372 0.999921 0.011854 -0.305235 0.0379976 -0.0116824 0.99921 0.160737
120 131 236 0.999292 0.00433433 -0.0373748 0.94043 -0.00419032 0.999983 0.00393057 -0.2737 0.0373912 -0.00377117 0.999294 0.201694
120 132 225 0.999144 0.00406471 -0.04116 0.955259 -0.00391995 0.999986 0.00359688 -0.264133 0.041174 -0.00343245 0.999146 0.133092
120 133 190 0.999892 -0.0128769 -0.00702003 -0.876513 0.0128647 0.999916 -0.00178055 0.265895 0.00704236 0.00169005 0.999974 -0.401278
120 134 102 0.999024 -0.000551045 -0.0441693 0.955932 0.000809796 0.999983 0.00584046 -0.239811 0.0441653 -0.00587053 0.999007 0.169366
135 136 22 0.999868 0.00467537 -0.0155769 0.82975 -0.00459953 0.999977 0.00490059 0.192705 0.0155995 -0.00482829 0.999867 -0.523813
135 137 257 0.999331 0.0101574 -0.0351235 0.891607 -0.00970384 0.999868 0.013059 0.0929114 0.0352515 -0.0127095 0.999298 -0.443175
135 138 220 0.999012 0.00920717 -0.0434816 0.936658 -0.00812709 0.999656 0.0249516 0.189396 0.0436963 -0.0245736 0.998743 -0.294619
135 139 427 0.996745 0.0172589 -0.0787469 0.959512 -0.0149243 0.999434 0.0301401 0.129205 0.0792226 -0.0288668 0.996439 -0.250285
135 140 265 0.996168 0.0242574 -0.0840289 0.943833 -0.0214704 0.999194 0.0339136 0.157332 0.0847839 -0.0319795 0.995886 -0.290561
135 141 207 0.995834 0.0258384 -0.0874497 0.940902 -0.022402 0.998946 0.0400514 0.128289 0.0883925 -0.0379255 0.995363 -0.313442
135 142 195 0.99604 0.0280291 -0.0843719 0.93746 -0.0239271 0.9985 0.049243 0.170891 0.0856256 -0.0470292 0.995217 -0.303258
135 143 364 0.990829 0.0412275 -0.128678 0.941564 -0.0345149 0.997946 0.0539674 0.142614 0.130638 -0.0490312 0.990217 -0.305152
135 144 193 0.991747 0.0452018 -0.119979 0.92943 -0.0381364 0.997437 0.0605463 0.144836 0.122408 -0.055471 0.990928 -0.339385
135 145 322 0.987491 0.0609319 -0.145428 0.951555 -0.0524944 0.996746 0.0611707 0.159615 0.148682 -0.0527713 0.987476 -0.262805
135 146 321 0.985042 0.0725079 -0.156317 0.962319 -0.0630753 0.995923 0.0644875 0.169166 0.160356 -0.0536631 0.985599 -0.212895
135 147 172 0.98625 0.084203 -0.142202 0.977329 -0.0754941 0.994988 0.0655752 0.191986 0.147011 -0.0539381 0.987663 -0.0892752
135 148 202 0.9821 0.0939414 -0.163261 0.946459 -0.0851072 0.994545 0.0603027 0.172393 0.168036 -0.0453286 0.984738 -0.27294
135 149 267 0.978596 0.100549 -0.179557 0.878477 -0.0909854 0.993998 0.0607466 0.14178 0.184587 -0.0431093 0.98187 -0.456264
150 151 11 0.999864 -0.00116011 -0.0164356 0.587952 0.00127043 0.999977 0.00670355 0.0110516 0.0164274 -0.00672352 0.999842 -0.80882
150 152 204 0.998968 -0.00714472 -0.0448649 0.996924 0.00740283 0.999957 0.0055894 0.0438503 0.044823 -0.00591576 0.998977 0.0649602
150 153 38 0.99917 -0.0098552 -0.0395141 0.990835 0.00987338 0.999951 0.000264924 0.083753 0.0395096 -0.000654842 0.999219 0.105975
150 154 107 0.999109 -0.0078112 -0.0414803 -0.998648 0.00752834 0.999947 -0.00697103 -0.0394245 0.0415326 0.00665254 0.999115 0.0338707
150 155 173 0.996059 -0.00955441 -0.0881788 0.915415 0.00825211 0.999852 -0.0151217 0.0472165 0.0883102 0.0143344 0.99599 -0.399732
150 156 150 0.995417 -0.0152923 -0.0944022 0.889041 0.0137746 0.999766 -0.0167077 0.0410005 0.0946355 0.0153308 0.995394 -0.455988
150 157 145 0.995047 -0.0187861 -0.0976178 0.917296 0.0172066 0.999707 -0.0169972 0.108774 0.0979086 0.0152334 0.995079 -0.383061
150 158 236 0.989944 -0.0163723 -0.140507 0.900508 0.0145098 0.999793 -0.0142693 0.0928826 0.140712 0.0120871 0.989977 -0.424803
150 159 114 0.989749 -0.00930575 -0.142514 0.967351 0.00809189 0.999926 -0.00909466 0.123301 0.142588 0.00784822 0.989751 -0.221425
150 160 121 0.988069 -0.00408749 -0.153957 0.931264 0.00284466 0.999962 -0.00829205 0.0909782 0.153985 0.00775517 0.988043 -0.352805
150 161 106 0.987635 -0.00466558 -0.1567 0.942339 0.0036026 0.999969 -0.0070668 0.103386 0.156729 0.00641489 0.987621 -0.31829
150 162 133 0.983943 0.00241956 -0.178465 0.928637 -0.00333932 0.999983 -0.00485351 0.110932 0.178451 0.00537154 0.983934 -0.354015
150 163 125 0.983117 0.00173649 -0.18297 0.939385 -0.00180167 0.999998 -0.000190007 0.0949034 0.182969 0.000516451 0.983119 -0.329468
150 164 115 0.973499 0.0134358 -0.228297 0.934731 -0.0113089 0.99988 0.0106224 0.0598213 0.228412 -0.00775911 0.973534 -0.350283
165 166 16 0.999919 0.00668545 -0.0107888 0.999631 -0.00664977 0.999972 0.00333957 0.00505622 0.0108109 -0.00326755 0.999936 0.0266879
165 167 236 0.99932 0.0165282 -0.0329492 0.986733 -0.016144 0.999799 0.0118918 -0.0379353 0.0331391 -0.0113518 0.999386 -0.157858
165 168 227 0.998621 0.0229326 -0.0472259 0.956026 -0.022198 0.999625 0.0160224 -0.0705551 0.0475756 -0.014952 0.998756 0.284667
165 169 247 0.998111 0.0282387 -0.0545692 0.946809 -0.027561 0.999534 0.0131323 -0.0649437 0.0549146 -0.0116035 0.998424 0.315175
165 170 451 0.994916 0.0410585 -0.0919561 0.980568 -0.0396315 0.999065 0.0172921 -0.0583411 0.09258 -0.0135598 0.995613 0.187301
165 171 204 0.996663 0.0382075 -0.0721313 0.985973 -0.0366155 0.999059 0.0232651 -0.125522 0.0729523 -0.0205463 0.997124 0.11001
165 172 406 0.993052 0.0459217 -0.108347 0.968394 -0.0424131 0.998505 0.0344698 -0.148798 0.109768 -0.029635 0.993515 0.20018
165 173 316 0.990886 0.0575264 -0.121804 0.928429 -0.0540501 0.998036 0.0316575 -0.142279 0.123386 -0.0247855 0.992049 0.343184
165 174 281 0.988856 0.0666846 -0.133107 0.943525 -0.0632866 0.997556 0.0296026 -0.234614 0.134756 -0.0208488 0.99066 0.233917
165 175 305 0.980748 0.0841727 -0.176207 0.951079 -0.0794117 0.996265 0.0339116 -0.224964 0.178403 -0.0192658 0.983769 0.211752
165 176 276 0.982506 0.0749415 -0.170488 0.949808 -0.0725538 0.99716 0.0202015 -0.229261 0.171518 -0.00747854 0.985153 0.212849
165 177 261 0.985054 0.0843985 -0.150151 0.933819 -0.0836668 0.996431 0.0111952 -0.228797 0.15056 0.00153477 0.9886 0.275015
165 178 246 0.981305 0.0939283 -0.167984 0.966592 -0.0917871 0.995568 0.0204833 -0.253442 0.169164 -0.00468152 0.985577 0.0382911
165 179 225 0.944323 0.0910008 -0.316186 0.938741 -0.0699546 0.99455 0.0773122 -0.344006 0.321498 -0.050889 0.945542 -0.0206358
180 181 18 0.999982 0.00601842 -0.000590849 -0.823776 -0.00601634 0.999976 0.00345942 0.130821 0.000611655 -0.0034558 0.999994 -0.551615
180 182 125 0.999937 0.00625908 -0.00935628 0.797587 -0.006192 0.999955 0.00718187 -0.0996906 0.00940081 -0.00712348 0.99993 0.594909
180 183 223 0.999416 0.00483084 -0.0338356 0.940412 -0.00449971 0.999941 0.00985555 -0.12441 0.0338812 -0.00969754 0.999379 0.316461
180 184 376 0.99836 0.0157404 -0.0550426 0.9783 -0.01504 0.999801 0.0131167 -0.207191 0.0552381 -0.0122673 0.998398 0.00049452
180 185 198 0.998975 0.00554051 -0.0449278 0.923915 -0.00551535 0.999985 0.000684104 -0.0535552 0.0449309 -0.00043561 0.99899 0.37883
180 186 203 0.998761 0.00320966 -0.0496579 0.932802 -0.00300868 0.999987 0.00412133 -0.0974144 0.0496705 -0.00396681 0.998758 0.346974
180 187 198 0.998004 0.00180748 -0.063125 0.953602 -0.00149935 0.999987 0.00492826 -0.0853981 0.063133 -0.00482377 0.997993 0.288704
180 188 145 0.998795 0.00424018 -0.0489009 0.930717 -0.00400715 0.99998 0.00486242 -0.0980943 0.0489206 -0.00466061 0.998792 0.352341
180 189 205 0.995907 0.0129349 -0.0894499 0.990803 -0.0116665 0.999824 0.0146888 -0.12909 0.0896241 -0.0135851 0.995883 -0.0405698
180 190 194 0.993379 0.0161143 -0.113746 0.979896 -0.0136913 0.999663 0.0220514 -0.0767462 0.114063 -0.0203481 0.993265 0.184157
180 191 176 0.986663 0.0249806 -0.160845 0.985553 -0.0206806 0.999384 0.0283529 -0.097304 0.161455 -0.0246484 0.986572 0.138623
180 192 130 0.998335 0.0390204 0.0424794 -0.872207 -0.0392141 0.999224 0.00373599 0.120497 -0.0423006 -0.00539556 0.99909 0.474063
180 193 86 0.996555 0.0815146 -0.0152632 0.504431 -0.0814826 0.996671 0.00270577 -0.00947393 0.0154329 -0.00145276 0.99988 -0.8634
180 194 94 0.997381 0.0578174 -0.043463 0.52955 -0.0595925 0.997392 -0.0407192 0.271537 0.0409954 0.0432026 0.998225 -0.803644
195 196 62 0.999943 0.00799026 0.00707343 -0.8087 -0.00800489 0.999966 0.00204114 -0.0834316 -0.00705688 -0.00209764 0.999973 0.582275
195 197 166 0.999599 0.0112302 -0.0259969 0.987547 -0.011104 0.999926 0.00499191 -0.118899 0.026051 -0.00470124 0.99965 -0.103027
195 198 143 0.999451 0.00764657 0.0322299 -0.957339 -0.00756437 0.999968 -0.00267159 0.186432 -0.0322493 0.00242633 0.999477 -0.220784
195 199 153 0.999243 0.0300932 -0.0246731 0.985431 -0.0299519 0.999533 0.00607602 -0.106123 0.0248444 -0.00533241 0.999677 -0.132906
195 200 225 0.998197 0.0379029 -0.0465359 0.990752 -0.0377182 0.999277 0.00484205 -0.126276 0.0466858 -0.00307808 0.998905 -0.0496556
195 201 128 0.998412 0.0502683 -0.0254304 0.94536 -0.0504423 0.998707 -0.00624852 -0.0861961 0.0250835 0.00752136 0.999657 -0.314427
195 202 181 0.99568 0.0577478 -0.0727078 0.994122 -0.058339 0.998279 -0.00603195 -0.092132 0.0722343 0.0102476 0.997335 0.0568577
195 203 106 0.997031 0.0658158 -0.0399661 0.953493 -0.0663333 0.997728 -0.0117622 -0.0722564 0.0391012 0.0143784 0.999132 -0.292625
195 204 131 0.993892 0.0613519 -0.0917325 0.994176 -0.0620771 0.998058 -0.00507077 -0.0733877 0.0912433 0.0107343 0.995771 -0.0789166
195 205 83 0.993935 0.0673835 -0.0869023 0.981873 -0.068223 0.997647 -0.00672363 -0.0351261 0.0862448 0.0126116 0.996194 -0.186257
195 206 142 0.986834 0.0728443 -0.144406 0.995909 -0.0743408 0.99722 -0.00498705 -0.00389697 0.143641 0.0156566 0.989506 0.0902795
195 207 77 0.998064 0.0573245 -0.0241163 -0.98085 -0.0575568 0.998301 -0.00905199 0.0420006 0.0235565 0.0104225 0.999668 0.190182
195 208 132 0.974289 0.0790546 -0.210977 0.998996 -0.0831399 0.996482 -0.0105501 0.00811295 0.209401 0.0278195 0.977434 0.0440558
195 209 57 0.998092 0.0586137 -0.0194176 -0.8818 -0.0586974 0.998269 -0.00376841 0.0332692 0.0191631 0.00490098 0.999804 -0.470448
210 211 28 0.999897 -0.0086993 -0.0114394 0.689682 0.00872996 0.999958 0.00263251 -0.0773607 0.0114161 -0.0027321 0.999931 0.719968
210 212 283 0.99837 -0.00881819 -0.0563902 0.992481 0.00884069 0.999961 0.000149558 0.0848626 0.0563867 -0.000647843 0.998409 0.0882002
210 213 145 0.99836 -0.0125712 -0.0558485 0.889545 0.0127213 0.999916 0.00233397 -0.0456802 0.0558144 -0.00304061 0.998437 0.454559
210 214 119 0.998352 -0.012383 -0.0560429 0.966332 0.0121973 0.999919 -0.00365529 -0.15511 0.0560837 0.0029657 0.998422 0.205287
210 215 172 0.995681 -0.00824828 -0.0924785 0.994005 0.00774579 0.999953 -0.00579118 -0.108794 0.0925219 0.00504984 0.995698 0.010853
210 216 225 0.99289 -0.0072707 -0.118816 0.964998 0.00686751 0.999969 -0.00380252 -0.0968013 0.11884 0.00295952 0.992909 0.24374
210 217 134 0.997481 -0.00754391 -0.0705323 -0.85321 0.00684471 0.999925 -0.0101497 0.146474 0.0706036 0.00964138 0.997458 -0.500578
210 218 182 0.987304 0.00111762 -0.158839 0.904574 -0.00130814 0.999999 -0.00109488 -0.130278 0.158838 0.00128877 0.987304 0.405924
210 219 101 0.990432 0.00772246 -0.137788 0.981883 -0.00806714 0.999966 -0.00194323 -0.181575 0.137769 0.0030362 0.99046 0.0541824
210 220 86 0.991294 0.0080674 -0.131417 0.965245 -0.00849948 0.99996 -0.00272724 -0.172517 0.13139 0.00382047 0.991323 0.196316
210 221 79 0.98639 0.014021 -0.163824 0.970025 -0.0133201 0.999897 0.00537615 -0.191447 0.163883 -0.00312082 0.986475 0.149664
210 222 153 0.979924 0.0257183 -0.197706 0.950673 -0.0237196 0.999641 0.0124717 -0.199694 0.197956 -0.00753182 0.980182 0.237366
210 223 68 0.997845 0.0360217 -0.0548349 -0.86028 -0.0374956 0.998956 -0.0260917 0.229369 0.0538378 0.0280916 0.998154 -0.455311
210 224 153 0.974053 0.0463183 -0.22153 0.944802 -0.0453288 0.998926 0.00955154 -0.241421 0.221735 0.000738003 0.975107 0.221505
225 226 153 0.999992 0.00107753 0.00394334 -0.667492 -0.00106885 0.999997 -0.00220144 -0.00255851 -0.0039457 0.00219721 0.99999 0.744613
225 227 258 0.999351 0.00954423 -0.0347247 0.92887 -0.00952121 0.999954 0.000828148 -0.215137 0.034731 -0.00049699 0.999397 0.301523
225 228 201 0.999208 0.0152554 -0.036762 0.965818 -0.0152406 0.999884 0.000681113 -0.127965 0.0367681 -0.000120298 0.999324 -0.225432
225 229 120 0.999532 0.0109876 -0.0285453 0.926414 -0.0108788 0.999933 0.00396308 -0.152974 0.0285869 -0.00365068 0.999585 0.344028
225 230 128 0.998825 0.00532956 -0.0481746 0.650699 -0.00511586 0.999977 0.00455825 -0.0773113 0.0481977 -0.00430644 0.998829 0.75539
225 231 116 0.998283 0.0058641 -0.0582856 0.687276 -0.00576761 0.999982 0.00182356 -0.0810401 0.0582953 -0.00148426 0.998298 0.721862
225 232 128 0.9982 0.00704611 -0.0595515 0.905636 -0.00684041 0.99997 0.00365723 -0.0948297 0.0595755 -0.00324329 0.998219 0.413317
225 233 256 0.996984 0.00917883 -0.0770622 0.937606 -0.00856212 0.999929 0.00832945 -0.110465 0.0771331 -0.00764452 0.996991 0.329687
225 234 395 0.994376 0.0117809 -0.105248 0.986711 -0.0106066 0.999875 0.0117103 -0.102916 0.105373 -0.0105282 0.994377 0.125733
225 235 402 0.994194 0.0119265 -0.106937 0.870546 -0.0107515 0.999875 0.0115573 -0.0718393 0.107062 -0.0103405 0.994199 0.486815
225 236 85 0.996227 0.00597095 -0.0865844 0.918994 -0.00470845 0.99988 0.0147781 -0.11 0.0866622 -0.0143147 0.996135 0.378616
225 237 299 0.99283 0.0161733 -0.118433 0.934266 -0.0144104 0.999772 0.0157259 -0.0791405 0.118661 -0.0139065 0.992837 0.347684
225 238 104 0.994342 0.0116371 -0.105586 0.926564 -0.0095479 0.999749 0.0202706 -0.103483 0.105795 -0.0191478 0.994204 0.361621
225 239 219 0.991336 0.0186266 -0.130021 0.971727 -0.0155162 0.99957 0.0248941 -0.112347 0.130428 -0.022661 0.991199 0.207665
240 241 429 0.998637 0.0078996 -0.051588 0.962685 -0.0084751 0.999904 -0.0109465 0.250844 0.0514966 0.0113688 0.998608 0.101565
240 242 54 0.999971 0.000907502 -0.00757912 -0.966505 -0.000885059 0.999995 0.00296401 0.131675 0.00758177 -0.00295722 0.999967 -0.220294
240 243 233 0.999856 0.0110911 -0.0128483 -0.901252 -0.0110532 0.999934 0.00301879 0.0303728 0.012881 -0.00287634 0.999913 0.43223
240 244 285 0.997234 0.0168433 -0.0723977 0.993115 -0.0163675 0.99984 0.00716002 -0.100195 0.0725067 -0.00595524 0.99735 0.0606909
240 245 131 0.997175 0.0226195 -0.07162 0.994518 -0.0222673 0.999736 0.00571212 -0.0921518 0.0717303 -0.0041012 0.997416 -0.0494075
240 246 114 0.997197 0.0231594 -0.0711493 0.993124 -0.0228177 0.999724 0.00561274 -0.0923939 0.0712596 -0.00397354 0.99745 -0.0718929
240 247 223 0.993547 0.0300483 -0.109373 0.993623 -0.0290794 0.999523 0.0104439 -0.110062 0.109634 -0.00719602 0.993946 -0.0244796
240 248 237 0.989462 0.0396095 -0.13927 0.985712 -0.0383436 0.999195 0.011762 -0.0904852 0.139624 -0.0062979 0.990185 0.14207
240 249 253 0.988504 0.0472358 -0.143627 0.977229 -0.0459807 0.99887 0.0120478 -0.121893 0.144034 -0.00530523 0.989559 0.173683
240 250 132 0.994942 0.0368414 -0.0934549 -0.971511 -0.0367836 0.999321 0.00234225 0.15761 0.0934777 0.0011072 0.995621 -0.176992
240 251 185 0.970081 0.0758316 -0.230634 0.948583 -0.0776269 0.996982 0.00129329 -0.122733 0.230036 0.0166488 0.97304 0.291765
240 252 162 0.973538 0.0765093 -0.215338 0.970852 -0.0798571 0.996783 -0.00687639 -0.127132 0.214119 0.0238907 0.976515 0.203185
240 253 157 0.977942 0.082765 -0.191778 0.97423 -0.0862029 0.996231 -0.0096384 -0.129684 0.190257 0.0259576 0.981391 0.18455
240 254 176 0.966708 0.0858607 -0.241045 0.963967 -0.0887196 0.996056 -0.00101204 -0.138158 0.240008 0.0223638 0.970513 0.227334
255 256 30 0.999952 0.00641459 -0.00747228 0.687217 -0.00638898 0.999974 0.00344676 0.234053 0.00749419 -0.00339885 0.999966 -0.687715
255 257 16 0.999965 0.00600632 -0.00579146 -0.747279 -0.00590854 0.999842 0.0167556 -0.0287127 0.00589119 -0.0167208 0.999843 -0.663889
255 258 120 0.999771 0.00420588 -0.0210011 0.672781 -0.00380303 0.999809 0.0191858 0.0449346 0.0210778 -0.0191016 0.999595 0.738476
255 259 111 0.9996 0.00869813 -0.0268998 0.758773 -0.00805745 0.999683 0.0238347 0.139399 0.0270986 -0.0236084 0.999354 0.636263
255 260 218 0.998966 -0.00986787 0.0443728 -0.968399 0.00851878 0.999499 0.0304904 0.0583538 -0.0446515 -0.0300809 0.99855 -0.242485
255 261 120 0.997501 0.00702332 -0.0702984 0.864552 -0.00494916 0.999549 0.029636 0.0667157 0.0704748 -0.029214 0.997086 0.498095
255 262 141 0.995968 0.00981484 -0.0891699 0.839376 -0.00756729 0.999646 0.0255084 0.025386 0.0893887 -0.0247308 0.99569 0.542959
255 263 196 0.992029 0.0171077 -0.124841 0.938004 -0.0144621 0.999652 0.0220681 0.0377545 0.125175 -0.0200867 0.991931 0.344562
255 264 57 0.999645 -0.0123033 -0.0236308 -0.920376 0.0128779 0.999621 0.024321 -0.130664 0.0233226 -0.0246167 0.999425 0.368557
255 265 157 0.989791 0.0129252 -0.141942 0.936121 -0.0102641 0.999758 0.0194645 -0.0180802 0.142159 -0.0178089 0.989684 0.351214
255 266 154 0.982335 0.0285534 -0.18494 0.897501 -0.0268181 0.99957 0.0118783 -0.00313155 0.1852 -0.00670873 0.982678 0.441002
255 267 72 0.999112 -0.00219387 -0.0420865 0.117945 0.00295422 0.999833 0.0180126 -0.083457 0.04204 -0.0181209 0.998952 0.989507
255 268 133 0.985243 0.0299899 -0.168516 0.900984 -0.0271393 0.999447 0.0191944 -0.0835296 0.168999 -0.0143377 0.985512 0.425735
255 269 94 0.990633 0.0259173 -0.134067 0.817917 -0.0235216 0.999535 0.0194228 -0.129769 0.134508 -0.0160874 0.990782 0.56051
270 271 114 0.999674 0.00524359 -0.0249997 0.827815 -0.00506193 0.99996 0.00732435 -0.288734 0.0250371 -0.00719541 0.999661 0.480994
270 272 214 0.998895 0.0199629 -0.0425427 0.757418 -0.0196523 0.999777 0.00770768 -0.343085 0.0426871 -0.00686311 0.999065 0.555527
270 273 83 0.999578 0.0166028 -0.0238193 0.81393 -0.0166629 0.999858 -0.00232731 -0.339832 0.0237772 0.00272323 0.999714 0.471202
270 274 93 0.99913 0.0238436 -0.0342264 0.742125 -0.0238692 0.999715 -0.000338029 -0.276397 0.0342086 0.00115469 0.999414 0.610619
270 275 73 0.998718 0.0256498 -0.0436426 0.770055 -0.0255544 0.99967 0.0027415 -0.267431 0.0436985 -0.00162272 0.999043 0.57922
270 276 80 0.999268 0.0269741 -0.0271174 0.722036 -0.0269874 0.999636 -0.000123821 -0.337652 0.0271042 0.00085556 0.999632 0.603866
270 277 169 0.996587 0.0411204 -0.0715801 0.865371 -0.0410039 0.999154 0.00309658 -0.238357 0.0716469 -0.000150953 0.99743 0.440817
270 278 176 0.997115 0.0358109 -0.0669306 0.796758 -0.0357945 0.999358 0.00144454 -0.237008 0.0669394 0.000955381 0.997757 0.555881
270 279 139 0.996936 0.0268048 -0.0734798 0.806659 -0.0270202 0.999633 -0.00193892 -0.207905 0.0734008 0.00391842 0.997295 0.553242
270 280 49 0.997952 0.0245861 -0.0590495 0.832604 -0.0246817 0.999695 -0.00088995 -0.228064 0.0590097 0.00234557 0.998255 0.504736
270 281 169 0.995962 0.03645 -0.0820457 0.809081 -0.0362332 0.999335 0.00413128 -0.194062 0.0821417 -0.00114182 0.99662 0.554733
270 282 85 0.996486 0.0194151 -0.081475 0.853428 -0.018832 0.999791 0.00791875 -0.208099 0.0816118 -0.00635658 0.996644 0.477865
270 283 75 0.99643 0.0253277 -0.0805397 0.821102 -0.0246865 0.999655 0.00894699 -0.221919 0.0807385 -0.0069268 0.996711 0.525874
270 284 137 0.994155 0.0273185 -0.104448 0.860191 -0.0264231 0.999601 0.00994694 -0.198544 0.104678 -0.00712896 0.994481 0.469737
285 286 12 0.999943 0.00347137 -0.0100781 0.993899 -0.00347301 0.999994 -0.000145233 0.103927 0.0100775 0.000180226 0.999949 0.0369188
285 287 422 0.999383 0.00956468 -0.0337819 0.968723 -0.00967543 0.999948 -0.00311639 0.215648 0.0337504 0.00344133 0.999424 0.122766
285 288 10 0.99994 0.00543537 -0.00953561 0.961225 -0.00540432 0.99998 0.00327878 -0.0538471 0.00955324 -0.00322705 0.999949 -0.270457
285 289 127 0.999544 0.00528483 -0.0297139 0.992884 -0.00519399 0.999982 0.00313349 -0.108169 0.02973 -0.00297773 0.999554 0.0498041
285 290 382 0.998536 0.0116691 -0.0528161 0.985215 -0.0113444 0.999915 0.0064441 -0.138372 0.0528868 -0.0058355 0.998583 -0.101018
285 291 395 0.99795 0.0224124 -0.0599397 0.980426 -0.0219264 0.999721 0.00875243 -0.15994 0.0601192 -0.00742022 0.998164 -0.114823
285 292 87 0.999266 0.0193124 -0.0330691 0.987089 -0.0192325 0.999811 0.002733 -0.0717248 0.0331156 -0.002095 0.999449 -0.143214
285 293 86 0.998667 0.0264192 -0.0443441 0.946745 -0.0260229 0.999616 0.00949206 -0.0710359 0.0445779 -0.00832544 0.998971 -0.314052
285 294 55 0.99934 0.0283165 -0.0227438 0.977462 -0.0282081 0.999589 0.00506974 -0.111874 0.022878 -0.00442484 0.999728 -0.179034
285 295 316 0.997466 0.0545404 -0.04569 0.94512 -0.0541857 0.998491 0.00896813 -0.0813186 0.0461102 -0.00646966 0.998915 -0.31644
285 296 111 0.998177 0.0603339 0.00137276 -0.575489 -0.0603476 0.998066 0.0149065 0.134003 -0.000470737 -0.0149622 0.999888 -0.806756
285 297 315 0.993212 0.0925481 -0.070455 0.991703 -0.0909697 0.995532 0.0252987 -0.070732 0.0724816 -0.0187177 0.997194 0.10734
285 298 340 0.993996 0.0977815 -0.0491085 0.984859 -0.0961845 0.994786 0.0338983 -0.0937925 0.052167 -0.0289713 0.998218 -0.145795
285 299 195 0.994286 0.105152 -0.018384 0.953764 -0.10451 0.993978 0.0329356 -0.125095 0.0217365 -0.0308261 0.999288 -0.273287
300 301 14 0.999952 0.0074976 0.00632707 -0.855164 -0.00748214 0.999969 -0.00246327 0.00319278 -0.00634534 0.00241581 0.999977 0.518348
300 302 0 1 0 0 0 0 1 0 0 0 0 1 0
300 303 110 0.999868 0.0122861 0.010663 -0.990991 -0.012223 0.999908 -0.00596299 0.10567 -0.0107353 0.00583187 0.999925 -0.0822791
300 304 92 0.999825 0.0170672 -0.00766682 0.567856 -0.0171373 0.999811 -0.00918262 -0.023926 0.00750865 0.0093124 0.999928 -0.82278
300 305 297 0.999748 0.016281 0.0154429 -0.877306 -0.0159476 0.999642 -0.0214754 0.0517768 -0.015787 0.0212238 0.99965 0.47713
300 306 268 0.99976 0.0186793 0.0114098 -0.847558 -0.0183547 0.999442 -0.0279213 0.0290349 -0.011925 0.0277052 0.999545 0.529908
300 307 106 0.999933 0.0104767 -0.00493638 -0.976505 -0.0106242 0.999467 -0.0308776 0.188669 0.00461025 0.030928 0.999511 0.104121
300 308 106 0.999804 0.0128307 -0.0150874 0.923758 -0.0133109 0.999394 -0.0321721 -0.0235243 0.0146655 0.0323666 0.999368 -0.382252
300 309 168 0.999822 0.00915636 -0.016494 -0.928013 -0.00967394 0.999454 -0.0315788 0.052081 0.0161959 0.0317327 0.999365 0.368889
300 310 225 0.997894 0.00896941 -0.06425 0.990353 -0.0107895 0.999549 -0.0280373 -0.0909041 0.0639696 0.0286715 0.99754 -0.104578
300 311 118 0.997909 -0.00302524 -0.0645683 0.970506 0.00127141 0.99963 -0.0271861 -0.0813154 0.0646267 0.0270471 0.997543 -0.226951
300 312 117 0.998232 0.00125694 -0.0594291 0.975593 -0.00307173 0.999531 -0.0304556 -0.0881401 0.059363 0.0305843 0.997768 -0.201121
300 313 206 0.998615 -0.0113388 -0.0513681 -0.920155 0.00927019 0.999143 -0.0403306 0.0406041 0.0517814 0.0397986 0.997865 0.389443
300 314 100 0.996877 -0.00593952 -0.0787434 0.99643 0.00281208 0.999205 -0.0397683 -0.0498727 0.078917 0.0394227 0.996101 -0.0681241
315 316 61 0.999983 0.00406297 0.00415084 -0.821899 -0.00406699 0.999991 0.000960569 -0.356432 -0.0041469 -0.000977434 0.999991 0.444341
315 317 444 0.999364 -0.00389186 -0.0354587 0.94466 0.0037999 0.999989 -0.00266068 -0.250272 0.0354687 0.00252425 0.999368 0.212087
315 318 195 0.999544 -0.00654729 -0.029478 0.856368 0.00637254 0.999962 -0.00601826 -0.296555 0.0295162 0.00582767 0.999547 -0.422716
315 319 164 0.999602 -0.0057195 -0.0276104 0.813698 0.00540729 0.999921 -0.0113691 -0.12103 0.0276732 0.0112153 0.999554 -0.568548
315 320 164 0.999431 -0.00588122 -0.0332062 0.983653 0.00537484 0.999868 -0.0153183 -0.0873378 0.0332919 0.0151311 0.999331 -0.157476
315 321 188 0.998865 -0.00715889 -0.0470817 0.995371 0.00644767 0.999863 -0.0152407 -0.0352019 0.0471844 0.0149199 0.998775 -0.0894254
315 322 229 0.999888 -0.00873247 -0.0121916 -0.844515 0.00846586 0.999728 -0.021751 0.162476 0.0123782 0.0216453 0.999689 -0.51029
315 323 185 0.998017 -0.00264487 -0.0628967 0.983962 0.00136998 0.999793 -0.0203041 -0.0605742 0.0629374 0.0201776 0.997813 -0.167775
315 324 189 0.996981 -0.00835363 -0.0771974 0.97735 0.00711808 0.999842 -0.0162663 -0.0878079 0.0773211 0.0156677 0.996883 -0.192553
315 325 343 0.995707 -0.00547378 -0.0924037 0.946119 0.00434131 0.999913 -0.0124523 -0.108789 0.0924638 0.0119976 0.995644 -0.304999
315 326 293 0.995592 -0.0060483 -0.0935997 0.958594 0.00493706 0.999915 -0.0120993 -0.0874889 0.0936649 0.0115839 0.995536 -0.271003
315 327 308 0.994573 0.00205746 -0.10402 0.970522 -0.00317571 0.999939 -0.0105859 -0.0854734 0.103992 0.0108588 0.994519 -0.225349
315 328 301 0.993388 0.000362861 -0.114805 0.972886 -0.00143863 0.999956 -0.00928768 -0.108545 0.114796 0.00939143 0.993345 -0.204231
315 329 295 0.992089 0.0178793 -0.124255 0.984958 -0.019762 0.999708 -0.0139356 -0.0769688 0.123969 0.0162809 0.992152 -0.154706
330 331 15 0.999982 -0.00569726 -0.00170063 -0.809283 0.00570029 0.999982 0.00177689 0.107454 0.00169048 -0.00178655 0.999997 -0.577507
