0 1 1707 0.999651 0.00891627 -0.0248544 0.962708 -0.00901532 0.999952 -0.00387594 0.268564 0.0248187 0.00409866 0.999684 -0.0326592
0 2 1087 0.99963 0.0142179 -0.0231965 0.801916 -0.0142513 0.999898 -0.00127837 0.27724 0.0231759 0.00160848 0.99973 -0.529215
0 3 1579 0.998887 0.0106273 -0.045963 0.79818 -0.0106439 0.999943 -0.00011562 0.203792 0.0459592 0.000604715 0.998943 -0.566902
0 4 1554 0.998669 0.0179222 -0.0483701 0.767141 -0.0178072 0.999837 0.00280688 0.265337 0.0484125 -0.00194181 0.998826 -0.58403
0 5 1489 0.997269 0.0276889 -0.0684614 0.851723 -0.0275149 0.999615 0.00348337 0.24429 0.0685315 -0.00159015 0.997648 -0.463562
0 6 1800 0.994654 0.02584 -0.0999832 0.8859 -0.0259577 0.999663 0.000123562 0.222028 0.0999527 0.00247244 0.994989 -0.407289
0 7 1545 0.993496 0.0303429 -0.109747 0.861627 -0.029652 0.999529 0.00792241 0.195108 0.109935 -0.00461669 0.993928 -0.468543
0 8 1238 0.99511 0.0364469 -0.0918029 0.822824 -0.0354143 0.99929 0.0128524 0.224895 0.0922062 -0.00953846 0.995694 -0.521903
0 9 1080 0.992127 0.0298273 -0.121631 0.856579 -0.0285694 0.999519 0.0120734 0.217667 0.121932 -0.00850345 0.992502 -0.467862
0 10 1463 0.987232 0.0378799 -0.154716 0.906071 -0.0367933 0.999274 0.00988173 0.218781 0.154978 -0.00406304 0.98791 -0.362175
0 11 1375 0.984912 0.048822 -0.166025 0.92274 -0.0481682 0.998807 0.00796427 0.222506 0.166216 0.000153037 0.986089 -0.314708
0 12 1266 0.977034 0.0487582 -0.207432 0.930632 -0.0477147 0.998811 0.0100339 0.172742 0.207674 9.41214e-05 0.978198 -0.322621
0 13 1105 0.976844 0.0670198 -0.203183 0.918108 -0.0661873 0.997748 0.0108973 0.195916 0.203455 0.00280315 0.97908 -0.344521
0 14 1007 0.977732 0.0695225 -0.198007 0.902069 -0.0683391 0.99758 0.0128122 0.214848 0.198419 0.00100474 0.980117 -0.374315
15 16 1520 0.99987 0.000177959 -0.0161036 0.690346 -0.000506575 0.999792 -0.0204046 0.591723 0.0160966 0.0204101 0.999662 -0.416276
15 17 1257 0.999688 0.00427176 -0.0246089 0.708599 -0.00426913 0.999991 0.000159587 0.0411256 0.0246094 -5.44785e-05 0.999697 -0.704412
15 18 1462 0.999329 0.00863587 -0.0355886 0.807149 -0.00874261 0.999958 -0.00284465 0.234802 0.0355625 0.00315388 0.999362 -0.541645
15 19 1486 0.998067 -0.00185657 -0.062124 0.87309 0.00149853 0.999982 -0.00580939 0.235634 0.0621336 0.00570507 0.998052 -0.426838
15 20 1339 0.995909 0.000994459 -0.0903564 0.902892 -0.00177632 0.999962 -0.00857309 0.229418 0.0903444 0.00869852 0.995873 -0.363528
15 21 1282 0.997556 0.0102623 -0.069117 0.869051 -0.0100544 0.999944 0.00335496 0.215418 0.0691475 -0.00265183 0.997603 -0.445361
15 22 1265 0.996546 0.0170663 -0.0812727 0.866764 -0.0174867 0.999837 -0.00446344 0.255435 0.0811832 0.00586921 0.996682 -0.428337
15 23 1084 0.993538 0.0195665 -0.111803 0.911545 -0.0201767 0.999787 -0.00432894 0.191411 0.111695 0.00655678 0.993721 -0.363934
15 24 1105 0.98211 0.0202551 -0.187214 0.962671 -0.0221225 0.999724 -0.00789089 0.122776 0.187003 0.0118914 0.982287 -0.241226
15 25 1060 0.986572 0.0354446 -0.159437 0.929351 -0.0402502 0.998824 -0.0270122 0.219199 0.158292 0.0330669 0.986838 -0.297082
15 26 922 0.977031 0.0374326 -0.209785 0.965059 -0.0435164 0.998753 -0.0244582 0.142317 0.208608 0.0330255 0.977441 -0.220017
15 27 712 0.987577 0.0453236 -0.150457 0.894195 -0.0481624 0.998723 -0.0152759 0.074422 0.149572 0.0223325 0.988499 -0.441448
15 28 781 0.976828 0.0598051 -0.205499 0.951646 -0.0670873 0.997336 -0.0286474 0.0841282 0.203238 0.0417699 0.978238 -0.295454
15 29 804 0.975905 0.0620023 -0.209202 0.95117 -0.0721472 0.996542 -0.0412083 0.111844 0.205924 0.0553087 0.977004 -0.287693
30 31 364 0.999998 -0.0015619 -0.00106942 0.37115 0.00156861 0.999979 0.00630462 -0.0454756 0.00105955 -0.00630629 0.99998 -0.927459
30 32 191 0.999932 0.0100925 0.00587298 0.374821 -0.0101566 0.999888 0.0109746 -0.136324 -0.00576156 -0.0110335 0.999923 -0.91702
30 33 1218 0.996437 0.00961755 -0.0837888 0.994094 -0.00902297 0.999931 0.00747194 0.0185113 0.0838549 -0.0066893 0.996456 0.106928
30 34 963 0.995828 0.0293349 -0.0864104 0.994179 -0.0284056 0.999525 0.0119656 -0.0276613 0.0867204 -0.00946118 0.996188 0.104125
30 35 610 0.995839 0.0463316 -0.0784789 0.996945 -0.0455485 0.998893 0.0117405 0.0513467 0.078936 -0.008117 0.996847 0.0588548
30 36 208 0.99762 0.0416207 0.0549685 0.526764 -0.0431246 0.998719 0.0264622 0.0166657 -0.0537967 -0.0287697 0.998137 -0.849848
30 37 608 0.995947 0.0682446 -0.0585829 0.999701 -0.065654 0.996824 0.0450637 -0.0227809 0.0614722 -0.0410348 0.997265 0.00888073
30 38 924 0.989999 0.0629873 -0.126234 0.984713 -0.0600451 0.997831 0.0269825 0.097207 0.12766 -0.0191329 0.991633 0.144538
30 39 1007 0.992082 0.0579989 -0.111395 0.983172 -0.0540458 0.997808 0.0381869 0.0571556 0.113365 -0.0318641 0.993042 0.173509
30 40 648 0.986856 0.0538032 -0.152381 0.984254 -0.0476524 0.997906 0.0437356 0.023815 0.154415 -0.0358994 0.987354 0.175147
30 41 735 0.997155 0.0646026 -0.0388287 0.988096 -0.063076 0.997233 0.0393359 0.0307967 0.0412625 -0.0367748 0.998471 0.150724
30 42 938 0.989444 0.0661318 -0.128949 0.989278 -0.0627559 0.997576 0.0300742 0.032473 0.130625 -0.0216644 0.991195 0.142386
30 43 864 0.988937 0.0681849 -0.131734 0.984727 -0.0645784 0.997417 0.0314637 0.0188042 0.133539 -0.0226084 0.990786 0.173087
30 44 707 0.994385 0.0520486 -0.0921367 0.987608 -0.0511141 0.998615 0.0124746 0.0963324 0.0926584 -0.0076951 0.995668 0.123896
45 46 211 0.999959 0.00566525 -0.00701426 0.0873252 -0.00564451 0.99998 0.00297398 -0.131386 0.00703097 -0.00293427 0.999971 -0.987478
45 47 153 0.999873 0.0152151 -0.00472177 -0.726298 -0.015188 0.999868 0.00573821 0.0381691 0.00480845 -0.00566577 0.999972 -0.68632
45 48 261 0.999654 0.0205322 -0.0164206 0.980629 -0.0204355 0.999773 0.00603753 -0.0325739 0.0165408 -0.00569988 0.999847 -0.193147
45 49 1492 0.996753 0.0201043 -0.077976 0.991864 -0.0197225 0.999789 0.00566341 0.0193011 0.0780735 -0.00410713 0.996939 -0.125828
45 50 1250 0.994041 0.0317292 -0.104285 0.9859 -0.0307791 0.999469 0.0107077 0.0291877 0.10457 -0.00743411 0.99449 -0.164771
45 51 1110 0.994187 0.0363117 -0.101357 0.988086 -0.0346862 0.999241 0.0177551 0.0477971 0.101925 -0.0141362 0.994692 -0.146294
45 52 952 0.980368 0.0498842 -0.190763 0.991612 -0.0399703 0.99766 0.0554715 -0.105202 0.193084 -0.0467576 0.980068 -0.0750921
45 53 777 0.997389 0.0353127 -0.062987 0.90846 -0.0330216 0.998768 0.0370521 0.0923605 0.0642178 -0.0348755 0.997326 -0.407639
45 54 878 0.992042 0.0733076 -0.10237 0.996414 -0.0675045 0.99597 0.0590498 0.018188 0.106286 -0.0516694 0.992992 -0.0826325
45 55 459 0.927716 0.121301 -0.353028 0.982373 -0.0826436 0.989004 0.122646 -0.16295 0.364023 -0.0846048 0.927539 0.091596
45 56 646 0.952091 0.0972174 -0.289949 0.991014 -0.0937551 0.99526 0.025843 0.0550272 0.291087 0.00257933 0.956693 0.121917
45 57 949 0.982357 0.130202 -0.134247 0.99807 -0.123789 0.990778 0.0550965 -0.0596239 0.140183 -0.0375061 0.989415 -0.0173459
45 58 719 0.981596 0.140344 -0.129513 0.999268 -0.135883 0.989804 0.0427052 0.0359565 0.134186 -0.0243205 0.990658 -0.0130592
45 59 602 0.960447 0.109308 -0.256111 0.970128 -0.113426 0.993546 -0.00131771 0.196199 0.254314 0.0303153 0.966646 0.14268
60 61 441 0.999974 0.00700112 -0.00182199 0.567675 -0.00699894 0.999975 0.00119991 0.0274168 0.00183034 -0.00118712 0.999998 0.822796
60 62 1041 0.998536 0.0267279 -0.0470272 0.899604 -0.0278115 0.999359 -0.0225411 0.365494 0.0463945 0.023816 0.998639 0.23901
60 63 1011 0.998508 0.0242781 -0.0489202 0.954813 -0.025131 0.999541 -0.0168951 0.233288 0.0484876 0.0180993 0.99866 0.184145
60 64 643 0.998575 0.0377634 -0.0377119 0.879338 -0.0379263 0.999274 -0.00361224 0.0628931 0.0375481 0.00503736 0.999282 0.472028
60 65 625 0.998427 0.0292042 -0.0478694 0.887792 -0.0295215 0.999547 -0.00593501 0.0531973 0.0476743 0.00733885 0.998836 0.45716
60 66 637 0.997754 0.0294667 -0.060161 0.851916 -0.0301051 0.999499 -0.00973186 0.0366548 0.0598441 0.0115211 0.998141 0.522393
60 67 808 0.99615 0.029651 -0.082503 0.881598 -0.0309377 0.999418 -0.0143617 0.0372035 0.0820292 0.0168589 0.996487 0.470532
60 68 732 0.99531 0.036302 -0.0896675 0.904989 -0.0374952 0.999229 -0.0116581 -0.0161837 0.0891752 0.0149655 0.995904 0.425128
60 69 726 0.993197 0.033401 -0.111549 0.898937 -0.0349504 0.999317 -0.0119632 -0.0214798 0.111073 0.0157805 0.993687 0.43755
60 70 542 0.993961 0.0240613 -0.107063 0.864622 -0.0251143 0.999648 -0.00849771 -0.0526914 0.106821 0.0111352 0.994216 0.499652
60 71 591 0.993143 0.0338586 -0.111893 0.829379 -0.0350751 0.999345 -0.00892049 -0.0459375 0.111518 0.012784 0.99368 0.556794
60 72 568 0.987794 0.0234222 -0.153996 0.869027 -0.0259114 0.999564 -0.0141766 -0.0212993 0.153597 0.0179938 0.98797 0.494307
60 73 579 0.983276 0.0307214 -0.17951 0.899773 -0.033988 0.999307 -0.0151498 -0.0440691 0.178921 0.0209976 0.983639 0.434127
60 74 473 0.990795 0.0390365 -0.129618 0.790115 -0.0400015 0.999188 -0.00484875 -0.125298 0.129324 0.00998904 0.991552 0.600016
75 76 33 0.999944 0.00829925 -0.00656125 -0.637038 -0.00832298 0.999959 -0.00359704 0.354591 0.00653113 0.00365145 0.999972 -0.684433
75 77 822 0.999521 0.020243 -0.0234078 0.768703 -0.0202825 0.999793 -0.00145173 -0.386123 0.0233735 0.0019258 0.999725 0.509907
75 78 803 0.999406 0.0211843 -0.0271964 0.82798 -0.0215391 0.999686 -0.0128213 -0.348318 0.0269162 0.0133994 0.999548 0.439459
75 79 1059 0.998708 0.019179 -0.0470618 0.886537 -0.0198314 0.999713 -0.0134351 -0.336419 0.0467906 0.0143511 0.998802 0.317606
75 80 732 0.998671 0.0292886 -0.0424137 0.800449 -0.0301398 0.999354 -0.0195705 -0.343321 0.0418131 0.0208228 0.998908 0.491337
75 81 741 0.998719 0.0274162 -0.0425275 0.811622 -0.0285025 0.999277 -0.0251517 -0.336042 0.0418072 0.0263316 0.998779 0.477854
75 82 1040 0.997317 0.0261124 -0.0683939 0.872084 -0.0278692 0.999302 -0.0248595 -0.342266 0.0676971 0.0266989 0.997349 0.349747
75 83 777 0.998603 0.0291593 -0.0440582 0.796167 -0.0307432 0.998889 -0.0357095 -0.341982 0.042968 0.0370142 0.998391 0.499166
75 84 672 0.998196 0.0287173 -0.0527203 0.756851 -0.0307335 0.998811 -0.0378392 -0.342028 0.051571 0.0393912 0.997892 0.55695
75 85 648 0.997249 0.0295889 -0.0679632 0.829688 -0.0324452 0.998619 -0.0413154 -0.348081 0.0666469 0.0434069 0.996832 0.436413
75 86 861 0.995596 0.0282426 -0.0893954 0.854256 -0.0318773 0.998711 -0.0394952 -0.344983 0.0881647 0.042171 0.995213 0.388887
75 87 653 0.998073 0.0495983 -0.0373 0.71314 -0.0517653 0.996881 -0.0595703 -0.342517 0.034229 0.0613863 0.997527 0.611648
75 88 677 0.99508 0.0422976 -0.0895948 0.84942 -0.0470988 0.997527 -0.052169 -0.337849 0.0871666 0.0561322 0.994611 0.405392
75 89 748 0.987682 0.0432988 -0.150362 0.900464 -0.0492348 0.998139 -0.0359811 -0.313502 0.148524 0.0429409 0.987976 0.301465
90 91 99 0.999952 0.00968313 -0.00170476 -0.116375 -0.00967517 0.999943 0.00461568 -0.200376 0.00174936 -0.00459896 0.999988 0.972783
90 92 1094 0.997411 0.0167153 -0.0699376 0.986272 -0.0169985 0.99985 -0.00345606 0.161349 0.0698693 0.00463595 0.997545 -0.0351238
90 93 955 0.999328 0.0239115 -0.0277941 0.975686 -0.0235853 0.99965 0.0120052 0.00413114 0.0280714 -0.0113416 0.999542 0.219135
90 94 956 0.993123 0.0321003 -0.112591 0.980826 -0.032681 0.99946 -0.00331488 0.194833 0.112424 0.00697168 0.993636 0.00458945
90 95 825 0.996668 0.0389675 -0.0716527 0.962727 -0.0378202 0.999135 0.0173001 0.195709 0.0722648 -0.0145325 0.99728 -0.186696
90 96 826 0.993735 0.0551062 -0.09723 0.980837 -0.0530217 0.998307 0.0238962 0.1948 0.0983822 -0.0185912 0.994975 0.00340369
90 97 753 0.986674 0.0729091 -0.145463 0.98222 -0.0695652 0.997186 0.0279506 0.187721 0.147091 -0.017459 0.988969 0.00196876
90 98 489 0.993508 0.0163263 0.112584 -0.380431 -0.0431638 0.969744 0.240276 -0.717935 -0.105255 -0.243576 0.964154 0.582959
90 99 566 0.887342 -0.157731 0.433296 -0.534811 -0.111517 0.838375 0.533565 -0.586962 -0.447424 -0.521774 0.726336 0.607827
90 100 648 0.995664 0.0854782 -0.036686 0.976245 -0.0814395 0.991628 0.100205 0.150056 0.0449442 -0.0967833 0.99429 0.156297
90 101 541 0.988567 0.108064 -0.105155 0.979724 -0.0979563 0.990456 0.0969619 0.200335 0.11463 -0.0855527 0.989718 -0.00242566
90 102 541 0.988452 0.12312 -0.0883366 0.989733 -0.111812 0.986062 0.123203 0.130001 0.102274 -0.111904 0.988442 -0.0593972
90 103 686 0.975709 0.132817 -0.174217 0.977861 -0.115894 0.987802 0.104001 0.201013 0.185905 -0.0812839 0.9792 0.0581568
90 104 632 0.974818 0.153132 -0.162111 0.972777 -0.136907 0.98479 0.106986 0.231428 0.176028 -0.0820976 0.980956 -0.0121214
105 106 270 0.999898 0.013294 -0.00525937 -0.135246 -0.0132892 0.999911 0.000946632 -0.262763 0.00527149 -0.000876642 0.999986 0.955335
105 107 61 0.999336 0.03122 -0.0188104 0.794945 -0.0311122 0.999498 0.00599549 0.42495 0.0189882 -0.00540627 0.999805 -0.432989
105 108 761 0.998834 0.031108 -0.0369093 0.767235 -0.0308695 0.999499 0.00701299 0.315426 0.0371089 -0.00586544 0.999294 -0.558441
105 109 707 0.998072 0.0319066 -0.0532377 0.826488 -0.0315533 0.999474 0.00746372 0.322031 0.0534479 -0.0057695 0.998554 -0.46175
105 110 468 0.997457 0.0377552 -0.0604506 0.699454 -0.0368817 0.999199 0.0155006 0.330166 0.0609874 -0.0132316 0.998051 -0.633841
105 111 533 0.999516 0.0283382 -0.0128272 -0.896139 -0.0276605 0.998354 0.0502362 -0.267048 0.0142297 -0.049857 0.998655 -0.354429
105 112 727 0.997201 0.0310642 -0.068002 0.947477 -0.0286881 0.998953 0.0356442 0.266991 0.0690381 -0.0335936 0.997048 0.176078
105 113 751 0.995538 0.0268852 -0.0904514 0.97681 -0.024584 0.999348 0.0264606 0.198521 0.0911037 -0.0241189 0.995549 -0.0802017
105 114 268 0.999225 0.0323048 -0.0224929 -0.96436 -0.0314555 0.998815 0.037142 -0.211294 0.0236662 -0.0364056 0.999057 -0.159264
105 115 743 0.992738 0.0305655 -0.116346 0.98104 -0.0285893 0.999418 0.0186164 0.187086 0.116847 -0.015155 0.993034 -0.0505954
105 116 688 0.994895 0.0206397 -0.0987823 0.983716 -0.0189929 0.999665 0.0175833 0.177129 0.0991121 -0.0156174 0.994954 0.0304602
105 117 779 0.983303 0.0283748 -0.179749 0.990077 -0.0270809 0.999587 0.00964868 0.140432 0.179948 -0.00461982 0.983665 -0.00508704
105 118 417 0.989864 0.023213 -0.14011 0.992563 -0.0210333 0.999634 0.0170175 0.115201 0.140453 -0.013898 0.98999 -0.0393254
105 119 272 0.988466 0.0242321 -0.149492 0.995921 -0.0225451 0.999662 0.0129693 0.0750086 0.149756 -0.00944935 0.988678 0.0501426
120 121 213 0.999987 0.00256713 -0.0043913 0.998315 -0.00256938 0.999997 -0.000507638 0.0571026 0.00438998 0.000518914 0.99999 -0.0103376
120 122 287 0.999915 -0.00374211 0.0124739 0.942159 0.00371626 0.999991 0.00209498 -0.24885 -0.0124816 -0.00204844 0.99992 0.224521
120 123 398 0.999799 -0.00740297 0.0186168 0.763274 0.00735357 0.999969 0.00272078 -0.208715 -0.0186364 -0.00258333 0.999823 0.611434
120 124 400 0.999974 -0.00726277 -0.000198463 0.941799 0.00726391 0.999952 0.00658206 -0.260566 0.00015065 -0.00658333 0.999978 0.212416
120 125 569 0.999933 -0.00448628 -0.0106334 0.945294 0.00455949 0.999966 0.00687046 -0.205794 0.0106023 -0.00691849 0.99992 0.253118
120 126 264 1 -0.000219019 -0.000276605 0.930067 0.000219591 0.999998 0.00207171 -0.325241 0.00027615 -0.00207178 0.999998 0.170861
120 127 297 0.999967 0.00536787 -0.00606102 0.938904 -0.00538521 0.999981 -0.00284814 -0.319628 0.00604561 0.00288069 0.999978 0.12766
120 128 966 0.999704 0.0114201 -0.0214961 0.945255 -0.0113878 0.999934 0.00162452 -0.277571 0.0215132 -0.00137924 0.999768 0.1716
120 129 883 0.999617 0.00540604 -0.027155 0.944644 -0.00513582 0.999937 0.0100109 -0.25589 0.0272074 -0.00986758 0.999581 0.205348
120 130 213 0.999933 0.00722039 -0.00899547 0.930747 -0.00719275 0.999969 0.00310192 -0.29854 0.00901759 -0.00303701 0.999955 0.211149
120 131 976 0.998461 0.00636201 -0.0550922 0.94638 -0.00579702 0.999929 0.0104091 -0.286051 0.0551545 -0.0100738 0.998427 0.150132
120 132 237 0.999499 0.00143837 -0.0316095 0.942576 -0.00137179 0.999997 0.00212792 -0.272106 0.0316125 -0.0020835 0.999498 0.193673
120 133 383 0.998845 0.00344779 -0.0479231 0.953228 -0.00312415 0.999972 0.00682666 -0.271553 0.0479453 -0.00666906 0.998828 0.132725
120 134 575 0.996182 0.00675331 -0.0870388 0.958636 -0.00522917 0.999829 0.0177271 -0.238897 0.0871437 -0.0172043 0.996047 0.154742
135 136 54 0.999946 0.00351412 -0.00974891 0.43312 -0.00346601 0.999982 0.00494703 0.178573 0.00976612 -0.00491298 0.99994 -0.88347
135 137 756 0.99918 0.00252781 -0.0404175 0.973972 -0.00205342 0.999929 0.0117745 0.0635029 0.0404444 -0.0116818 0.999113 -0.21759
135 138 1286 0.996004 0.0136131 -0.0882675 0.978074 -0.0119879 0.999749 0.0189155 0.166365 0.0885029 -0.0177818 0.995917 -0.125273
135 139 1282 0.996145 0.0197459 -0.085471 0.958574 -0.0174617 0.999472 0.0273901 0.181852 0.0859668 -0.0257921 0.995964 -0.21924
135 140 657 0.996841 0.0212415 -0.0765328 0.979578 -0.0185682 0.999198 0.0354736 0.17579 0.077225 -0.0339404 0.996436 -0.0975905
135 141 1078 0.992836 0.0298223 -0.115704 0.919854 -0.0254582 0.998914 0.0390134 0.121643 0.116742 -0.0357883 0.992517 -0.372924
135 142 515 0.994201 0.0278612 -0.103863 0.956746 -0.0230214 0.998605 0.0475096 0.16116 0.105041 -0.0448431 0.993456 -0.242208
135 143 957 0.99157 0.0394698 -0.123412 0.908733 -0.0329537 0.997975 0.0544023 0.129505 0.12531 -0.0498768 0.990863 -0.396777
135 144 500 0.992797 0.0465747 -0.110387 0.922857 -0.0400308 0.997348 0.0607748 0.152716 0.112925 -0.0559182 0.992029 -0.353571
135 145 539 0.988942 0.061029 -0.135162 0.950345 -0.0529554 0.996636 0.062546 0.148906 0.138524 -0.0546968 0.988847 -0.273263
135 146 884 0.985464 0.0737949 -0.153018 0.936457 -0.0644794 0.995801 0.0649788 0.138381 0.157171 -0.0541678 0.986085 -0.322335
135 147 369 0.985566 0.0783521 -0.150067 0.964357 -0.0691835 0.995459 0.0653805 0.145971 0.154508 -0.0540547 0.986512 -0.2207
135 148 774 0.981026 0.0896688 -0.171891 0.949994 -0.0802874 0.994916 0.0607875 0.155857 0.176468 -0.0458334 0.983239 -0.270592
135 149 246 0.983707 0.0951384 -0.152543 0.901153 -0.0865318 0.994311 0.0621151 0.170728 0.157584 -0.0479032 0.986343 -0.398466
150 151 0 1 0 0 0 0 1 0 0 0 0 1 0
150 152 405 0.999853 -0.0102341 -0.0137474 -0.783312 0.0103297 0.999923 0.00690751 -0.100867 0.0136757 -0.0070485 0.999882 0.61339
150 153 351 0.998556 -0.00823479 -0.0530904 0.965157 0.00817041 0.999966 -0.00142962 0.177081 0.0531003 0.000993784 0.998589 -0.192652
150 154 243 0.998609 -0.00464622 -0.0525261 0.934154 0.00428858 0.999967 -0.00691949 0.0768445 0.0525565 0.0066846 0.998596 -0.348497
150 155 245 0.998134 -0.0160095 -0.0589328 0.95929 0.0151489 0.999772 -0.015021 0.0414513 0.0591599 0.0141002 0.998149 0.279363
150 156 342 0.995994 -0.00928209 -0.0889378 0.880222 0.00770642 0.999808 -0.0180436 0.096345 0.0890882 0.0172859 0.995874 -0.464679
150 157 435 0.99269 -0.0137065 -0.119913 0.907848 0.0117611 0.999788 -0.0169156 0.0928048 0.120119 0.0153816 0.99264 -0.408899
150 158 314 0.991995 -0.016621 -0.125177 0.847346 0.0150184 0.999793 -0.0137352 0.0941673 0.12538 0.0117453 0.992039 -0.522625
150 159 284 0.990515 -0.0117336 -0.136903 0.957384 0.0108951 0.999917 -0.00687287 0.103875 0.136973 0.0053161 0.990561 -0.269493
150 160 247 0.990043 -0.00756925 -0.14056 0.983664 0.00662308 0.999952 -0.00719802 0.102744 0.140608 0.00619541 0.990046 -0.147815
150 161 502 0.984246 -0.00173957 -0.176795 0.965454 0.000527835 0.999976 -0.00690073 0.072388 0.176803 0.00669869 0.984223 -0.250317
150 162 234 0.984567 0.00236771 -0.174993 0.903353 -0.00321421 0.999984 -0.00455408 0.136194 0.17498 0.00504626 0.984559 -0.4067
150 163 245 0.982836 0.00426671 -0.184434 0.922885 -0.004226 0.999991 0.000613823 0.118463 0.184435 0.00017613 0.982845 -0.366402
150 164 386 0.976893 0.0125272 -0.213361 0.971345 -0.0112241 0.99991 0.0073178 0.138389 0.213434 -0.00475392 0.976946 -0.193231
165 166 206 0.999999 0.00136523 -0.000974832 -0.247892 -0.00136323 0.999997 0.002048 -0.0841988 0.000977625 -0.00204667 0.999997 0.965122
165 167 1528 0.99882 0.0123202 -0.0469672 0.984852 -0.0121217 0.999916 0.00450801 0.168649 0.0470188 -0.00393337 0.998886 0.0402931
165 168 1727 0.997263 0.0268048 -0.068905 0.992564 -0.0254605 0.999469 0.0203148 -0.101675 0.0694129 -0.0185049 0.997416 0.0669295
165 169 1661 0.997076 0.0294273 -0.0705195 0.98477 -0.0284845 0.999491 0.0143377 -0.0670802 0.0709055 -0.0122871 0.997407 0.160403
165 170 840 0.996561 0.0434545 -0.0705543 0.990001 -0.0421518 0.998914 0.0198487 -0.134432 0.0713402 -0.0168065 0.99731 0.0427242
165 171 596 0.996381 0.0367393 -0.0766433 0.943651 -0.0350589 0.999117 0.0231577 -0.0777273 0.0774264 -0.0203869 0.99679 0.321686
165 172 1310 0.993173 0.0482823 -0.106191 0.956017 -0.0448334 0.998394 0.0346308 -0.131235 0.107692 -0.0296334 0.993743 0.262315
165 173 838 0.992789 0.0422467 -0.11218 0.874487 -0.039832 0.998926 0.0236815 -0.0863916 0.11306 -0.0190424 0.993406 0.477294
165 174 964 0.978061 0.0734624 -0.194938 0.974525 -0.0670134 0.996971 0.0394825 -0.17841 0.197248 -0.0255528 0.980021 0.135905
165 175 913 0.983023 0.0823323 -0.163971 0.927102 -0.0781612 0.996435 0.0317405 -0.226234 0.166 -0.0183855 0.985954 0.298832
165 176 600 0.987305 0.0748545 -0.140094 0.763014 -0.0740021 0.997194 0.0112912 -0.133235 0.140546 -0.00078057 0.990074 0.632501
165 177 737 0.984322 0.0940349 -0.149225 0.897783 -0.0928483 0.995569 0.0149139 -0.220775 0.149966 -0.000824819 0.988691 0.38111
165 178 201 0.985785 0.081355 -0.147 0.893435 -0.0809032 0.996681 0.00905934 -0.163517 0.147249 0.00296221 0.989095 0.418374
165 179 743 0.982424 0.0717442 -0.172326 0.905428 -0.0691044 0.997383 0.0212769 -0.394494 0.173401 -0.00899449 0.98481 0.156762
180 181 17 0.999923 0.0122531 -0.00189703 -0.850632 -0.0122431 0.999912 0.00517202 0.184018 0.00196024 -0.0051484 0.999985 -0.492506
180 182 1586 0.999721 0.00369053 0.0233178 -0.582931 -0.00380877 0.99998 0.00502825 -0.0298384 -0.0232988 -0.00511566 0.999715 0.811974
180 183 890 0.999291 0.00589251 -0.0371785 0.973613 -0.00546697 0.999918 0.0115372 -0.200977 0.0372434 -0.0113257 0.999242 0.108106
180 184 571 0.99911 0.011433 -0.0406139 0.928468 -0.0112405 0.999924 0.00496539 -0.0726153 0.0406676 -0.00450445 0.999163 0.364244
180 185 1508 0.997576 -0.00372527 -0.0694894 0.988717 0.00354805 0.99999 -0.0026736 -0.0455346 0.0694987 0.00242056 0.997579 0.142705
180 186 676 0.998904 0.00139399 -0.0467878 0.927267 -0.00114424 0.999985 0.00536434 -0.145272 0.0467945 -0.00530492 0.99889 0.345069
180 187 1327 0.995535 0.00595003 -0.0942069 0.990354 -0.00508827 0.999943 0.00938514 -0.103789 0.0942574 -0.00886388 0.995508 0.0918033
180 188 632 0.997846 0.0148157 -0.0639036 0.980411 -0.0143515 0.999867 0.00771714 -0.132274 0.0640095 -0.0067834 0.997926 0.145936
180 189 876 0.994267 0.0215896 -0.104719 0.992907 -0.0199505 0.999662 0.0166751 -0.11308 0.105044 -0.0144903 0.994362 0.036712
180 190 534 0.996154 0.0179921 -0.0857484 0.982545 -0.0162861 0.999656 0.0205539 -0.122688 0.0860888 -0.0190784 0.996105 0.139835
180 191 922 0.991882 0.0207601 -0.125458 0.94913 -0.0178196 0.999541 0.0245147 -0.0998042 0.125909 -0.02208 0.991796 0.298648
180 192 791 0.974423 0.0376794 -0.221541 0.990112 -0.030933 0.998948 0.0338445 -0.0997307 0.222584 -0.0261259 0.974563 0.0986541
180 193 822 0.990867 0.0394587 -0.128938 0.973067 -0.0364901 0.999014 0.0253065 -0.135498 0.12981 -0.0203704 0.99133 0.186495
180 194 449 0.991955 0.0295162 -0.123099 0.991037 -0.027466 0.999455 0.0183193 -0.111087 0.123573 -0.0147908 0.992225 0.0741923
195 196 477 0.999942 0.00204616 0.0105578 -0.877963 -0.00204579 0.999998 -4.59948e-05 0.0960339 -0.0105579 2.43931e-05 0.999944 0.468997
195 197 605 0.99989 0.00748719 -0.0127725 0.977418 -0.00746126 0.99997 0.00207615 -0.0720708 0.0127877 -0.00198063 0.999916 0.198647
195 198 833 0.999356 0.00651427 0.0352933 -0.956815 -0.0064732 0.999978 -0.00127768 0.157543 -0.0353008 0.0010484 0.999376 -0.244306
195 199 655 0.999309 0.0309945 -0.0205252 0.979429 -0.0308833 0.999507 0.00571014 -0.110858 0.020692 -0.00507231 0.999773 -0.168612
195 200 661 0.998961 0.0398522 -0.0221119 0.995961 -0.0398591 0.999205 0.000130717 -0.0711739 0.0220996 0.00075078 0.999755 -0.0547432
195 201 556 0.998279 0.0443625 -0.0383418 0.993714 -0.0445334 0.999001 -0.00361526 -0.092126 0.0381431 0.00531653 0.999258 -0.0636091
195 202 1007 0.995939 0.0473335 -0.0765875 0.982229 -0.0475393 0.998869 -0.000866075 -0.127999 0.0764598 0.00450348 0.997062 -0.137265
195 203 1031 0.993806 0.066264 -0.0892164 0.997752 -0.0672994 0.997695 -0.00864388 -0.0379917 0.088438 0.0145945 0.995975 0.0552099
195 204 808 0.993368 0.0766603 -0.085688 0.991594 -0.0778043 0.996918 -0.010087 -0.0343131 0.0846506 0.016687 0.996271 -0.124753
195 205 902 0.992361 0.066408 -0.103973 0.983892 -0.0673217 0.997717 -0.00529887 -0.0305209 0.103384 0.0122581 0.994566 -0.17614
195 206 782 0.992383 0.0714063 -0.100385 0.985404 -0.0722472 0.997375 -0.00476188 -0.00691214 0.0997819 0.0119782 0.994937 -0.170093
195 207 805 0.987797 0.0675136 -0.140351 0.998675 -0.0687951 0.997622 -0.00429339 -0.0157342 0.139728 0.0138965 0.990092 -0.0490057
195 208 815 0.988938 0.0626977 -0.134424 0.997704 -0.0640576 0.997929 -0.00581138 -0.034075 0.133781 0.014358 0.990907 -0.0585221
195 209 728 0.984187 0.0636619 -0.165295 0.977016 -0.0642258 0.997934 0.00193686 -0.034853 0.165077 0.00870999 0.986242 -0.210299
210 211 428 0.99998 -0.00228852 -0.005963 -0.064668 0.00230038 0.999995 0.00198181 0.0345819 0.00595843 -0.00199549 0.99998 -0.997307
210 212 353 0.999754 -0.0107737 -0.0193649 -0.729293 0.0108346 0.999937 0.00303981 -0.0893861 0.019331 -0.00324887 0.999808 0.678338
210 213 1570 0.99405 -0.0100864 -0.108455 0.972017 0.0104354 0.999942 0.00265119 -0.0290652 0.108422 -0.00376719 0.994098 0.233105
210 214 1268 0.995685 -0.0060753 -0.0926011 0.941922 0.00587568 0.99998 -0.00242818 -0.0557161 0.092614 0.0018736 0.9957 0.331177
210 215 1120 0.991519 -0.00717006 -0.129766 0.990339 0.00758239 0.999968 0.00268373 -0.138655 0.129743 -0.0036449 0.991541 0.00165827
210 216 1361 0.991389 -0.010237 -0.130545 0.988395 0.0101662 0.999948 -0.00120891 -0.116588 0.130551 -0.000128646 0.991442 0.0973785
210 217 1343 0.990305 0.00013707 -0.138913 0.992729 -0.000632491 0.999994 -0.00352228 -0.10731 0.138911 0.00357599 0.990298 0.0545238
210 218 1074 0.98505 -0.00164257 -0.172259 0.987312 0.00184933 0.999998 0.00103983 -0.137007 0.172257 -0.00134285 0.985051 0.0802775
210 219 1106 0.981312 0.00522195 -0.192352 0.958779 -0.00321842 0.999937 0.010727 -0.186989 0.192396 -0.00990742 0.981267 0.213959
210 220 1146 0.984622 0.0130657 -0.174209 0.980621 -0.0119609 0.999901 0.00739011 -0.190631 0.174289 -0.00519276 0.984681 0.045191
210 221 1041 0.951651 0.0256709 -0.306108 0.95649 -0.0134252 0.999026 0.0420432 -0.21807 0.306889 -0.0359009 0.951068 0.193835
210 222 1036 0.975 0.026814 -0.220582 0.968198 -0.0229809 0.999537 0.019926 -0.223318 0.221014 -0.0143587 0.975165 0.112789
210 223 754 0.962418 0.0350843 -0.269296 0.913747 -0.0292149 0.999241 0.0257737 -0.222263 0.269996 -0.0169376 0.962712 0.340096
210 224 903 0.970051 0.0424995 -0.239153 0.91694 -0.0399235 0.999081 0.0156075 -0.240103 0.239597 -0.00559225 0.970856 0.318702
225 226 326 0.999978 0.001918 -0.00630729 0.553267 -0.00192172 0.999998 -0.000582347 -0.084386 0.00630616 0.000594456 0.99998 0.828719
225 227 651 0.99968 0.00555889 -0.0246975 0.823851 -0.00563299 0.99998 -0.00293164 -0.161422 0.0246807 0.00306982 0.999691 0.543334
225 228 1353 0.99992 0.0108119 -0.00657926 -0.860951 -0.0108596 0.999915 -0.00725642 0.174156 0.00650024 0.00732729 0.999952 0.477947
225 229 524 0.999509 0.0112419 -0.0292434 0.749404 -0.0111298 0.99993 0.00399286 -0.11502 0.0292863 -0.00366542 0.999564 0.652045
225 230 544 0.998938 0.00427584 -0.0458732 0.677146 -0.0040636 0.999981 0.0047188 -0.0876836 0.0458925 -0.00452738 0.998936 0.730606
225 231 1450 0.997838 0.00903624 -0.0651005 0.986391 -0.00872533 0.999949 0.0050586 -0.163742 0.0651429 -0.00447964 0.997866 -0.0148484
225 232 490 0.998408 0.00554549 -0.0561341 0.974455 -0.00529139 0.999975 0.00467418 -0.14261 0.0561586 -0.00436971 0.998412 0.173492
225 233 754 0.997376 0.00873139 -0.0718727 0.912788 -0.00824317 0.999941 0.00708675 -0.108978 0.0719303 -0.00647569 0.997389 0.393627
225 234 467 0.997431 0.0038681 -0.0715265 0.916929 -0.00320584 0.999951 0.00937138 -0.0782883 0.0715593 -0.009118 0.997395 -0.391295
225 235 1263 0.995725 0.00486066 -0.0922386 0.909108 -0.00362524 0.999902 0.0135565 -0.0771104 0.0922955 -0.0131642 0.995645 0.40936
225 236 1580 0.99323 0.0153226 -0.115146 0.989023 -0.0134224 0.999761 0.0172599 -0.0995618 0.115383 -0.0155975 0.993199 0.109182
225 237 1443 0.989481 0.0227832 -0.142855 0.942891 -0.0205767 0.999645 0.0169043 -0.0828612 0.14319 -0.013787 0.989599 0.322629
225 238 1620 0.985752 0.0302553 -0.165462 0.943216 -0.0268607 0.999381 0.0227157 -0.0816695 0.166047 -0.0179476 0.985954 0.321985
225 239 1321 0.989439 0.0201314 -0.143547 0.899153 -0.0169851 0.999589 0.0231098 -0.0695261 0.143953 -0.0204276 0.989374 0.432077
240 241 1009 0.999593 0.00386748 -0.02825 0.972704 -0.00381815 0.999991 0.00179993 -0.0306702 0.0282567 -0.00169133 0.999599 0.230014
240 242 446 0.999811 0.00519177 -0.0187322 0.784528 -0.00512076 0.99998 0.00383692 -0.0513429 0.0187518 -0.00374027 0.999817 0.617964
240 243 569 0.999425 0.0114377 -0.0319272 0.927512 -0.0113225 0.999929 0.00378647 -0.0734053 0.0319682 -0.00342279 0.999483 -0.366514
240 244 1446 0.995633 0.017081 -0.0917781 0.993743 -0.0162222 0.999817 0.0100953 -0.103244 0.0919338 -0.00856237 0.995728 0.0425988
240 245 1370 0.992994 0.0300588 -0.114274 0.992889 -0.0290415 0.999522 0.010557 -0.102482 0.114537 -0.0071644 0.993393 0.0605764
240 246 1266 0.992949 0.0247253 -0.115939 0.992281 -0.0234769 0.999651 0.0121205 -0.123891 0.116198 -0.00931319 0.993182 0.00543246
240 247 1162 0.991277 0.0307425 -0.128156 0.991407 -0.0294226 0.999493 0.0121801 -0.115023 0.128466 -0.00830316 0.991679 -0.0623064
240 248 964 0.992198 0.0382923 -0.118645 0.990137 -0.0372127 0.999243 0.0113028 -0.117654 0.118988 -0.00679953 0.992872 0.0760673
240 249 971 0.989697 0.0434547 -0.136427 0.987277 -0.0418997 0.99902 0.0142506 -0.148403 0.136913 -0.00838749 0.990548 0.0571084
240 250 760 0.98401 0.0602906 -0.167596 0.949188 -0.0599106 0.998177 0.00732757 -0.137384 0.167732 0.00283038 0.985828 0.28314
240 251 309 0.992124 0.0664729 -0.106169 0.989792 -0.0684248 0.997546 -0.0148453 -0.12951 0.104922 0.021993 0.994237 -0.0594859
240 252 765 0.98367 0.0752509 -0.163496 0.987183 -0.0782933 0.996855 -0.0122358 -0.141717 0.162061 0.0248366 0.986468 0.0733952
240 253 464 0.987643 0.070085 -0.140177 0.987772 -0.0726522 0.997269 -0.0132749 -0.142144 0.138864 0.0232951 0.990037 0.0640485
240 254 775 0.977648 0.0790719 -0.19481 0.973705 -0.082104 0.996595 -0.00752634 -0.140966 0.193552 0.0233528 0.980812 0.178963
255 256 25 0.999933 0.00793915 -0.00840713 0.956169 -0.00790392 0.99996 0.00421538 0.292138 0.00844026 -0.00414865 0.999956 -0.019898
255 257 455 0.999902 -0.0140147 0.000557769 -0.125269 0.0140012 0.999713 0.0194222 0.184834 -0.000829804 -0.0194125 0.999811 -0.974753
255 258 1110 0.998325 0.0108586 -0.05682 0.972252 -0.0100716 0.99985 0.014119 0.131864 0.0569648 -0.0135231 0.998285 0.193232
255 259 467 0.999483 0.00882719 -0.0309151 0.958245 -0.00816068 0.999733 0.0216195 0.220979 0.0310976 -0.021356 0.999288 -0.181481
255 260 362 0.999977 0.00110681 0.00661779 -0.926851 -0.00134057 0.999371 0.0354236 -0.0431243 -0.00657442 -0.0354316 0.99935 -0.372944
255 261 454 0.998525 0.0045457 -0.0541094 0.862349 -0.00275946 0.99945 0.0330407 0.0403656 0.0542299 -0.0328426 0.997988 0.504702
255 262 485 0.996927 0.00844349 -0.0778782 0.938868 -0.00638866 0.999626 0.0265968 0.0503057 0.0780736 -0.0260175 0.996608 0.340581
255 263 648 0.993123 0.0110091 -0.116558 0.949389 -0.00822005 0.999669 0.0243819 0.0154665 0.116788 -0.0232561 0.992885 0.313722
255 264 326 0.996591 0.011122 -0.0817432 0.769618 -0.00890425 0.999584 0.0274449 -0.0506856 0.0820144 -0.0266234 0.996275 0.63649
255 265 402 0.993257 0.00767941 -0.115682 0.849511 -0.00524745 0.999759 0.0213126 -0.0462953 0.115818 -0.0205619 0.993058 0.525536
255 266 435 0.997234 -0.00439269 -0.0742014 0.732459 0.00607366 0.99973 0.0224436 -0.124941 0.0740827 -0.0228322 0.996991 0.669248
255 267 495 0.97945 0.0124066 -0.201304 0.940501 -0.00798671 0.999709 0.0227536 -0.0696958 0.201528 -0.0206783 0.979264 0.332568
255 268 531 0.983724 0.0236943 -0.178117 0.906914 -0.0206839 0.99961 0.0187394 -0.0829701 0.178491 -0.0147503 0.983831 0.413066
255 269 387 0.985557 0.0330821 -0.166078 0.889091 -0.0303087 0.999356 0.0192068 -0.101779 0.166607 -0.0138958 0.985926 0.446272
270 271 19 0.999956 0.00318573 -0.00883684 0.498709 -0.00315139 0.999987 0.00389794 -0.414011 0.00884915 -0.00386992 0.999953 0.761501
270 272 338 0.999579 0.0193653 -0.0216286 0.748045 -0.0193207 0.999811 0.00227032 -0.41502 0.0216685 -0.00185148 0.999763 0.517867
270 273 426 0.999186 0.0196722 -0.0352174 0.758474 -0.0197243 0.999805 -0.00113113 -0.288979 0.0351883 0.00182484 0.999379 0.584131
270 274 409 0.999193 0.0207921 -0.0343752 0.870862 -0.0208392 0.999782 -0.00101237 -0.30183 0.0343467 0.00172791 0.999408 0.387941
270 275 630 0.997616 0.0184786 -0.0664847 0.886442 -0.017737 0.999774 0.0117274 -0.331749 0.0666864 -0.0105202 0.997719 0.322744
270 276 535 0.998067 0.0229162 -0.0577661 0.860981 -0.02285 0.999737 0.00180641 -0.273858 0.0577923 -0.000482956 0.998329 0.428618
270 277 356 0.999137 0.0226422 -0.0348227 0.769313 -0.0226827 0.999742 -0.0007684 -0.264232 0.0347963 0.00155761 0.999393 0.581669
270 278 575 0.997554 0.030793 -0.0627582 0.851433 -0.0306186 0.999524 0.00373929 -0.28126 0.0628435 -0.00180857 0.998022 0.442667
270 279 628 0.995646 0.0270133 -0.0892142 0.89752 -0.026734 0.999633 0.00432524 -0.25418 0.0892984 -0.00192136 0.996003 0.360347
270 280 567 0.985301 0.0457238 -0.164594 0.941687 -0.0429943 0.998873 0.0201095 -0.217095 0.165328 -0.0127372 0.986156 0.257089
270 281 533 0.993777 0.0301975 -0.107214 0.918978 -0.0287005 0.999468 0.0154787 -0.231171 0.107624 -0.0123053 0.994116 0.319436
270 282 354 0.996746 0.020584 -0.0779332 0.820969 -0.0200463 0.99977 0.00767603 -0.207695 0.0780733 -0.00608878 0.996929 0.531858
270 283 482 0.983513 0.0345135 -0.177515 0.919984 -0.0294161 0.999078 0.031268 -0.231399 0.178431 -0.0255307 0.983621 0.31636
270 284 484 0.992665 0.030213 -0.117059 0.88166 -0.0289613 0.999504 0.0123793 -0.209565 0.117375 -0.00889827 0.993048 0.422798
285 286 121 0.999969 -0.000125148 0.00783251 -0.73204 0.000118674 1 0.000827065 0.060582 -0.00783261 -0.00082611 0.999969 -0.678563
285 287 49 0.999961 -0.00246128 -0.00850557 0.907262 0.00250063 0.999986 0.00461818 -0.0589881 0.00849408 -0.00463927 0.999953 -0.416408
285 288 1054 0.998528 0.00347439 -0.0541252 0.991388 -0.00294855 0.999948 0.00979215 -0.105141 0.0541564 -0.00961814 0.998486 0.0780681
285 289 467 0.999989 0.00418416 -0.00228432 -0.890383 -0.00418378 0.999991 0.000169837 0.127032 0.00228501 -0.000160278 0.999997 -0.437128
285 290 499 0.999422 0.0133411 -0.0312774 0.998372 -0.0133735 0.99991 -0.000828099 -0.052111 0.0312636 0.00124591 0.99951 0.0231801
285 291 1027 0.997532 0.0197615 -0.067373 0.988676 -0.0193832 0.999792 0.006265 -0.115904 0.0674828 -0.00494363 0.997708 0.0953251
285 292 1004 0.99651 0.0248599 -0.0796807 0.981917 -0.0238492 0.999623 0.0136119 -0.139167 0.079989 -0.011664 0.996728 -0.128345
285 293 802 0.996936 0.022784 -0.0748303 0.990682 -0.021688 0.999646 0.0154277 -0.123952 0.0751553 -0.0137575 0.997077 -0.0564321
285 294 264 0.999146 0.0359019 -0.0204382 0.690627 -0.0358605 0.999354 0.00238782 -0.006651 0.0205107 -0.00165286 0.999788 -0.723181
285 295 812 0.994933 0.0610635 -0.079868 0.987443 -0.0602397 0.998103 0.012686 -0.112682 0.0804912 -0.00781052 0.996725 -0.11072
285 296 634 0.992486 0.0599419 0.106673 -0.906611 -0.0613224 0.998071 0.00970628 0.0713046 -0.105885 -0.0161748 0.994247 -0.4159
285 297 666 0.988898 0.0863058 -0.120962 0.985629 -0.0837077 0.99614 0.0264079 -0.0276234 0.122775 -0.0159893 0.992306 0.166652
285 298 875 0.995466 0.0904362 -0.0294794 0.991081 -0.0894805 0.995466 0.032271 -0.0992816 0.0322642 -0.0294869 0.999044 -0.0888903
285 299 865 0.994091 0.104553 -0.0291838 0.968452 -0.103511 0.994006 0.0351907 -0.13681 0.0326881 -0.0319619 0.998954 -0.208286
300 301 140 0.999931 0.00752729 -0.00900654 0.999255 -0.00754348 0.99997 -0.00176544 -0.0120092 0.00899299 0.00183326 0.999958 0.0366781
300 302 0 1 0 0 0 0 1 0 0 0 0 1 0
300 303 355 0.999837 0.00996862 -0.0150398 0.977577 -0.00998466 0.99995 -0.000991674 -0.205271 0.0150291 0.00114168 0.999886 0.0469828
300 304 737 0.999833 0.0103114 0.0150908 -0.961008 -0.0101034 0.999854 -0.0137931 0.253661 -0.0152309 0.0136383 0.999791 -0.110089
300 305 357 0.999745 0.022515 0.00193301 -0.578622 -0.022472 0.999548 -0.0199768 -0.0198808 -0.00238191 0.0199283 0.999799 0.815354
300 306 272 0.99981 0.017896 0.0077509 -0.958189 -0.0176902 0.999509 -0.0258591 0.150775 -0.00820987 0.025717 0.999636 -0.243188
300 307 731 0.999582 0.00788814 0.0278225 -0.958345 -0.00684676 0.99928 -0.037328 0.211879 -0.0280969 0.0371219 0.998916 -0.191527
300 308 390 0.999468 0.0157031 -0.0285851 0.929836 -0.0165275 0.999448 -0.0288349 -0.0686436 0.0281165 0.029292 0.999175 -0.361515
300 309 401 0.999566 0.00436788 -0.029119 0.970184 -0.00520307 0.999575 -0.0286682 -0.126603 0.0289814 0.0288073 0.999165 -0.206676
300 310 402 0.9988 -0.00747938 -0.0484089 0.936308 0.00607437 0.999558 -0.0291062 -0.104477 0.0486052 0.0287772 0.998403 -0.33528
300 311 572 0.999979 -0.000800491 -0.0064299 -0.867472 0.000593926 0.999486 -0.0320636 0.100574 0.00645226 0.0320591 0.999465 -0.487213
300 312 385 0.996749 -0.00716293 -0.0802552 0.976063 0.00521239 0.999687 -0.0244874 -0.137746 0.0804054 0.0239895 0.996474 -0.168305
300 313 443 0.998435 -0.00870145 -0.0552457 -0.980941 0.0066026 0.999254 -0.0380607 0.0878752 0.0555356 0.0376364 0.997747 0.173299
300 314 389 0.996131 -0.00154509 -0.0878692 0.958869 -0.0019779 0.999198 -0.0399923 -0.0587788 0.0878605 0.0400113 0.995329 -0.277695
315 316 108 0.999906 -0.00984393 -0.00951575 0.352442 0.00989472 0.999937 0.00530464 -0.639692 0.00946293 -0.0053983 0.999941 -0.683066
315 317 1399 0.998347 -0.00694712 -0.057051 0.732897 0.00899457 0.999322 0.0357101 -0.678804 0.0567642 -0.0361642 0.997732 -0.0456849
315 318 1473 0.998159 -0.00125145 -0.0606325 0.850055 0.00235761 0.999832 0.0181755 -0.519764 0.0605996 -0.018285 0.997995 -0.0851595
315 319 1136 0.999045 0.0046528 -0.0434403 0.972278 -0.00505362 0.999946 -0.00912152 -0.123412 0.0433955 0.00933234 0.999014 -0.198605
315 320 770 0.998957 -0.0172798 -0.0422754 0.954549 0.0169125 0.999816 -0.00903138 -0.263611 0.0424237 0.00830697 0.999065 -0.139091
315 321 810 0.998482 -0.00918639 -0.0543051 0.91547 0.00850463 0.999882 -0.0127721 -0.106096 0.054416 0.0122908 0.998443 -0.388148
315 322 672 0.998736 -0.00711143 -0.0497587 0.981827 0.00623313 0.999822 -0.0177842 -0.106842 0.0498763 0.0174516 0.998603 -0.156847
315 323 795 0.998238 -0.0105836 -0.058381 0.897113 0.00957388 0.9998 -0.0175489 -0.0971467 0.058555 0.0169591 0.99814 -0.430988
315 324 782 0.998126 -0.00800269 -0.0606708 0.910868 0.00684555 0.999791 -0.0192564 -0.0603141 0.0608122 0.018805 0.997972 -0.408267
315 325 737 0.997243 -0.016834 -0.0722677 0.954496 0.0156841 0.999742 -0.0164506 -0.0910846 0.0725259 0.0152718 0.99725 -0.283972
315 326 809 0.996189 -0.00142708 -0.0872128 0.971726 -2.86215e-05 0.999861 -0.0166879 -0.0467339 0.0872245 0.0166268 0.99605 -0.231439
315 327 707 0.997163 -0.00126357 -0.0752621 0.945524 4.57466e-05 0.999869 -0.0161806 -0.0493131 0.0752727 0.0161312 0.997033 -0.321795
315 328 1042 0.993441 0.0202622 -0.112538 0.987933 -0.0224179 0.999588 -0.0179237 -0.0294252 0.112128 0.020329 0.993486 -0.152058
315 329 1024 0.997835 -0.00317048 0.0656861 -0.913331 0.00537902 0.999425 -0.0334731 0.149127 -0.0655422 0.033754 0.997279 -0.37893
330 331 78 0.999969 -0.00335988 -0.00718128 0.798625 0.00338183 0.99999 0.00304658 -0.093521 0.00717097 -0.00307077 0.99997 -0.594519
