0 1 133 0.999954 0.00850774 -0.00442626 -0.681092 -0.00850074 0.999963 0.00159792 -0.327582 0.00443969 -0.00156022 0.999989 0.654831
0 2 1594 0.998722 0.0123979 -0.048995 0.922557 -0.0124833 0.999921 -0.00143586 0.136487 0.0489733 0.00204564 0.998798 -0.360915
0 3 991 0.998922 0.0186465 -0.0425098 0.766666 -0.0187872 0.999819 -0.00291384 0.298472 0.0424478 0.00370934 0.999092 -0.568451
0 4 1145 0.997291 0.0193465 -0.0709713 0.865612 -0.0192191 0.999812 0.002477 0.174953 0.0710059 -0.00110628 0.997475 -0.469156
0 5 859 0.997717 0.025829 -0.0623985 0.838832 -0.0257233 0.999666 0.00249574 0.282661 0.0624421 -0.000884945 0.998048 -0.465257
0 6 814 0.99636 0.0280899 -0.080487 0.876846 -0.0279713 0.999605 0.0026007 0.247432 0.0805283 -0.000339908 0.996752 -0.412212
0 7 807 0.991329 0.0337762 -0.12699 0.913402 -0.0337405 0.999428 0.00243224 0.207163 0.126999 0.00187355 0.991901 -0.350399
0 8 770 0.99209 0.0462239 -0.116712 0.878854 -0.045762 0.99893 0.00663555 0.235088 0.116894 -0.00124208 0.993144 -0.41515
0 9 657 0.990346 0.0400651 -0.132705 0.868501 -0.0390698 0.999185 0.0100972 0.225187 0.133001 -0.00481494 0.991104 -0.441584
0 10 687 0.989199 0.0435689 -0.13995 0.878682 -0.0424309 0.999038 0.0111065 0.235883 0.1403 -0.0050483 0.990096 -0.415062
0 11 592 0.982725 0.0531477 -0.177275 0.915213 -0.0527322 0.998584 0.00705754 0.216322 0.177399 0.00241249 0.984136 -0.339985
0 12 404 0.986849 0.0586087 -0.150648 0.855839 -0.0584807 0.998275 0.00528379 0.249025 0.150697 0.00359567 0.988573 -0.453351
0 13 437 0.973939 0.0611161 -0.21842 0.92891 -0.0606589 0.99812 0.00880468 0.194278 0.218547 0.00467387 0.975815 -0.31525
0 14 399 0.973 0.0705508 -0.21976 0.91506 -0.0696249 0.997501 0.0119655 0.202168 0.220055 0.00365832 0.975481 -0.34899
15 16 42 0.999988 0.000224149 -0.00480835 0.634211 -0.000264094 0.999965 -0.0083084 0.301029 0.00480633 0.00830958 0.999954 -0.71215
15 17 796 0.999422 -0.00253208 -0.0339105 0.787882 0.0020628 0.999902 -0.0138665 0.289137 0.0339423 0.0137885 0.999329 -0.543729
15 18 906 0.999863 0.00994863 -0.0132315 0.638282 -0.00990263 0.999945 0.00353772 0.184525 0.0132659 -0.00340621 0.999906 -0.74736
15 19 877 0.997221 -6.16688e-05 -0.0745067 0.923474 -0.000168842 0.999995 -0.00308753 0.183626 0.0745066 0.00309153 0.997216 -0.336863
15 20 684 0.999422 0.00917619 -0.0327452 0.735345 -0.00904903 0.999951 0.00402924 0.22908 0.0327806 -0.0037306 0.999456 -0.637801
15 21 677 0.999552 0.0136245 -0.0266338 0.709479 -0.0131997 0.999784 0.0160592 0.157589 0.0268469 -0.0157005 0.999516 -0.686881
15 22 666 0.996243 0.0154582 -0.0852063 0.899482 -0.0154716 0.99988 0.000502874 0.210747 0.0852039 0.000817297 0.996363 -0.382777
15 23 514 0.993722 0.0268461 -0.108613 0.902105 -0.0269862 0.999636 0.000179543 0.157282 0.108578 0.00275263 0.994084 -0.401832
15 24 493 0.989802 0.0300258 -0.139252 0.932911 -0.0304473 0.999536 -0.000897224 0.114877 0.13916 0.00512792 0.990257 -0.341291
15 25 460 0.993564 0.0471252 -0.103004 0.858221 -0.0468535 0.998889 0.00505663 0.0619078 0.103128 -0.000197977 0.994668 -0.509533
15 26 363 0.976596 0.0329811 -0.212536 0.95671 -0.0396625 0.998842 -0.0272492 0.153387 0.211391 0.0350412 0.976773 -0.247343
15 27 292 0.968317 0.032843 -0.247555 0.962623 -0.045736 0.99787 -0.0465106 0.170301 0.2455 0.0563591 0.967757 -0.210603
15 28 301 0.964835 0.051762 -0.257708 0.973214 -0.0637373 0.99723 -0.0383275 0.0997035 0.255011 0.0534053 0.965462 -0.207156
15 29 276 0.959647 0.0446323 -0.277644 0.970336 -0.0632691 0.996279 -0.0585271 0.14523 0.273999 0.0737316 0.958899 -0.193276
30 31 130 0.999995 0.00273353 0.00159026 0.313958 -0.0027423 0.999981 0.00553951 -0.0444766 -0.00157508 -0.00554384 0.999983 -0.948394
30 32 1054 0.999427 0.000434717 -0.0338361 0.997644 -1.04445e-05 0.999921 0.0125382 -0.0664805 0.0338389 -0.0125307 0.999349 0.0169568
30 33 659 0.998941 0.00722663 -0.0454383 0.955556 -0.00703036 0.999965 0.00447779 0.0744569 0.0454691 -0.0041536 0.998957 0.285253
30 34 457 0.995574 0.0370984 -0.0863442 0.992461 -0.0358316 0.999227 0.0161762 -0.0609983 0.0868775 -0.0130107 0.996134 0.106301
30 35 280 0.995988 0.04265 -0.0786633 0.993627 -0.0423327 0.999087 0.00569656 0.0942196 0.0788345 -0.00234368 0.996885 0.0618658
30 36 211 0.9779 0.0508169 -0.202804 0.979364 -0.0540542 0.998483 -0.0104527 0.142766 0.201965 0.0211841 0.979164 0.143049
30 37 254 0.989667 0.0579775 -0.131144 0.992768 -0.0532588 0.997811 0.0392099 0.0192103 0.13313 -0.0318202 0.990588 0.118504
30 38 380 0.993186 0.0722562 -0.091431 0.99187 -0.0673364 0.996169 0.0557989 -0.0388095 0.0951125 -0.049262 0.994247 0.121194
30 39 364 0.99532 0.0772072 -0.0581138 0.981238 -0.0737651 0.995516 0.0592131 -0.0419232 0.0624249 -0.0546492 0.996552 0.188186
30 40 240 0.993659 0.0753332 -0.0834672 0.981044 -0.0709324 0.995991 0.0544958 -0.0261099 0.087238 -0.0482297 0.995019 0.192017
30 41 235 0.995746 0.0624858 -0.067716 0.969865 -0.0605841 0.997719 0.0297846 0.0761329 0.0694226 -0.0255554 0.99726 0.231442
30 42 295 0.991402 0.0687781 -0.111314 0.983351 -0.0653242 0.997271 0.0343876 0.0151076 0.113375 -0.0268204 0.99319 0.181089
30 43 262 0.990353 0.0698455 -0.119678 0.97748 -0.0661698 0.997214 0.034422 0.00713194 0.121749 -0.0261708 0.992216 0.210908
30 44 247 0.981932 0.0757053 -0.173434 0.987618 -0.0693298 0.996687 0.0425368 -0.0240176 0.176079 -0.0297441 0.983927 0.155027
45 46 113 0.999924 0.0108464 -0.00580942 0.0971681 -0.0108188 0.99993 0.00475167 -0.0577018 0.00586055 -0.00468846 0.999972 -0.993594
45 47 1020 0.998961 0.00746179 -0.0449635 0.988886 -0.00740945 0.999972 0.00133058 0.104368 0.0449722 -0.000996041 0.998988 -0.10589
45 48 756 0.998166 0.0213232 -0.05666 0.987597 -0.0213724 0.999772 -0.000263032 0.12971 0.0566414 0.00147351 0.998393 -0.0884743
45 49 860 0.995918 0.0315923 -0.0845563 0.983555 -0.031287 0.999498 0.00493379 0.037118 0.0846698 -0.00226813 0.996406 -0.176755
45 50 668 0.993258 0.022231 -0.113775 0.973354 -0.0234505 0.999681 -0.00939159 0.197083 0.11353 0.0119964 0.993462 -0.117222
45 51 510 0.994474 0.0275632 -0.101301 0.977653 -0.0256818 0.999473 0.0198298 0.024777 0.101794 -0.0171186 0.994658 -0.208761
45 52 391 0.995102 0.0470915 -0.0869193 0.985335 -0.0447387 0.998583 0.028823 0.0503111 0.0881534 -0.0247932 0.995798 -0.163047
45 53 337 0.991005 0.0645898 -0.11721 0.976681 -0.0585007 0.996789 0.0546708 -0.0269953 0.120364 -0.0473222 0.991601 -0.212993
45 54 365 0.996459 0.0673819 -0.0502988 0.98275 -0.0646785 0.996467 0.0535687 0.109802 0.0537307 -0.0501257 0.997297 -0.148816
45 55 169 0.970575 0.090409 -0.22318 0.993339 -0.0755851 0.994381 0.0741105 -0.0679029 0.228627 -0.0550607 0.971956 0.0930991
45 56 215 0.964431 0.120015 -0.23552 0.998437 -0.110042 0.992399 0.0550893 -0.0350616 0.240341 -0.0272128 0.970307 0.043534
45 57 334 0.978246 0.132926 -0.159268 0.999457 -0.126724 0.99075 0.0485254 -0.0264455 0.164246 -0.0272866 0.986042 -0.019649
45 58 266 0.985455 0.140043 -0.0962589 0.999602 -0.135518 0.989406 0.0520693 -0.0143619 0.102531 -0.0382671 0.993993 0.0242883
45 59 202 0.97225 0.143222 -0.184978 0.999096 -0.135169 0.989267 0.0555016 0.0200848 0.190942 -0.0289581 0.981174 0.0374712
60 61 801 0.999413 0.0137957 -0.0313729 0.944798 -0.0140349 0.999874 -0.0074185 0.183999 0.0312667 0.00785446 0.99948 0.271111
60 62 543 0.999507 0.0251075 -0.0188574 0.818054 -0.0252696 0.999645 -0.00840525 0.237584 0.0186397 0.00887763 0.999787 0.523776
60 63 530 0.998871 0.0240056 -0.0409945 0.969531 -0.0244862 0.999637 -0.0112602 0.142302 0.0407093 0.0122513 0.999096 0.199397
60 64 379 0.99908 0.029698 -0.0309405 0.832266 -0.029836 0.999547 -0.0040081 0.0433943 0.0308074 0.00492756 0.999513 0.552676
60 65 363 0.998058 0.0344476 -0.0518985 0.837532 -0.0349254 0.999355 -0.00832649 0.0980229 0.0515782 0.0101229 0.998618 0.537524
60 66 318 0.997534 0.0167986 -0.0681398 0.881863 -0.017812 0.999739 -0.0142919 0.0684828 0.0678819 0.0154704 0.997573 0.466505
60 67 299 0.997635 0.0250438 -0.0640133 0.827822 -0.0256959 0.999626 -0.00938444 -0.0127675 0.0637543 0.0110071 0.997905 0.560846
60 68 297 0.996911 0.0277805 -0.0734582 0.856477 -0.0288868 0.999484 -0.0140408 0.000328417 0.0730303 0.0161194 0.997199 0.516186
60 69 286 0.994673 0.0275431 -0.0993335 0.922157 -0.0286564 0.999541 -0.00979782 -0.0788566 0.099018 0.0125922 0.995006 0.378693
60 70 250 0.994438 0.0270273 -0.101792 0.85269 -0.0280569 0.999569 -0.00869607 -0.0532594 0.101513 0.0115037 0.994768 0.519696
60 71 211 0.994902 0.0270883 -0.0971382 0.87958 -0.027815 0.999594 -0.00613508 -0.111539 0.0969326 0.00880571 0.995252 0.462492
60 72 227 0.991565 0.0363096 -0.124418 0.840821 -0.037443 0.999276 -0.00678256 -0.073119 0.124082 0.0113839 0.992207 0.536352
60 73 208 0.989487 0.0390867 -0.139237 0.812299 -0.0403076 0.99917 -0.00595868 -0.0931415 0.138888 0.0115083 0.990241 0.575756
60 74 207 0.988665 0.0427209 -0.14393 0.819812 -0.0438366 0.999028 -0.00458827 -0.114361 0.143594 0.0108457 0.989577 0.561096
75 76 18 0.999881 0.013972 -0.00650009 -0.584212 -0.0139852 0.9999 -0.0019969 0.396594 0.00647154 0.00208757 0.999977 -0.708102
75 77 482 0.999572 0.0162501 -0.0243411 0.698189 -0.0163693 0.999855 -0.00470532 -0.29204 0.0242611 0.00510175 0.999693 0.65364
75 78 464 0.999543 0.0137066 -0.0269457 0.767635 -0.0140675 0.999813 -0.0132479 -0.387839 0.0267591 0.0136209 0.999549 0.510213
75 79 513 0.999178 0.0194791 -0.0355618 0.836828 -0.020088 0.999656 -0.0168476 -0.337698 0.0352214 0.0175481 0.999225 0.430904
75 80 402 0.999087 0.0253108 -0.0344076 0.7761 -0.0260938 0.999406 -0.0225031 -0.310966 0.0338176 0.0233804 0.999155 0.548606
75 81 395 0.99886 0.0251855 -0.0405561 0.81292 -0.0262703 0.999305 -0.0264405 -0.382433 0.039862 0.0274758 0.998827 0.439211
75 82 590 0.996986 0.0212746 -0.0746134 0.857596 -0.0227263 0.999568 -0.0186612 -0.378403 0.0741842 0.0203006 0.997038 0.348338
75 83 558 0.996958 0.0245151 -0.0739796 0.857858 -0.0263683 0.99936 -0.0241776 -0.362816 0.0733395 0.0260548 0.996967 0.363929
75 84 325 0.997192 0.0286808 -0.0691838 0.786302 -0.0309141 0.999028 -0.0314286 -0.340594 0.0682151 0.033479 0.997109 0.515484
75 85 271 0.998611 0.0307374 -0.0427998 0.769126 -0.0329021 0.998165 -0.0508279 -0.333861 0.041159 0.0521655 0.99779 0.544961
75 86 394 0.995168 0.0286559 -0.0939147 0.877205 -0.0323244 0.998763 -0.0377766 -0.349596 0.0927161 0.0406298 0.994863 0.329079
75 87 315 0.993811 0.0390409 -0.103999 0.85685 -0.0433332 0.998286 -0.0393363 -0.336912 0.102285 0.0435995 0.993799 0.390255
75 88 313 0.993223 0.0419812 -0.108382 0.871592 -0.0471689 0.997839 -0.0457521 -0.351857 0.106227 0.0505543 0.993056 0.341356
75 89 236 0.997325 0.0561192 -0.0468293 0.748426 -0.0591048 0.996132 -0.065013 -0.321061 0.0429997 0.067607 0.996785 0.580326
90 91 163 0.999958 0.00903961 -0.00125849 0.0765789 -0.00903465 0.999952 0.00389337 -0.103901 0.00129363 -0.00388183 0.999992 0.991635
90 92 288 0.999878 0.00603565 0.0144329 -0.829967 -0.00615646 0.999946 0.00834054 -0.164156 -0.0143818 -0.00842838 0.999861 0.533111
90 93 744 0.998452 0.023153 -0.0505726 0.988822 -0.0227191 0.9997 0.00913858 0.066853 0.050769 -0.00797547 0.998679 0.133272
90 94 68 0.999617 0.0262692 -0.00871732 -0.830498 -0.0261011 0.999481 0.0188648 0.135639 0.00920836 -0.01863 0.999784 -0.540254
90 95 445 0.995876 0.0330276 -0.0844995 0.992465 -0.0307125 0.99912 0.0285526 0.0104133 0.0853682 -0.0258396 0.996014 -0.122089
90 96 293 0.999186 0.0354275 0.0193134 -0.712956 -0.0363011 0.998238 0.0469337 -0.284904 -0.0176166 -0.0475966 0.998711 0.640721
90 97 368 0.993972 0.0708859 -0.0836405 0.973739 -0.0678126 0.996934 0.0390335 0.195662 0.086151 -0.0331263 0.995731 -0.116399
90 98 177 0.998368 0.0532269 0.0206719 -0.0442003 -0.0548587 0.994553 0.0886314 -0.251242 -0.0158417 -0.0896209 0.99585 0.966915
90 99 225 0.909407 -0.129557 0.395214 -0.535233 -0.102713 0.850851 0.515269 -0.612829 -0.403025 -0.509183 0.760463 0.581349
90 100 320 0.986348 0.10129 -0.12984 0.982893 -0.0910886 0.992441 0.0822459 0.184177 0.137189 -0.0692961 0.988118 -0.000328854
90 101 199 0.990514 0.107499 -0.0855912 0.969793 -0.0991878 0.990421 0.0960613 0.238408 0.0950978 -0.0866605 0.991689 -0.0516
90 102 203 0.980147 0.132018 -0.147931 0.969211 -0.11874 0.988342 0.0952919 0.242209 0.158787 -0.0758347 0.984396 -0.0443364
90 103 267 0.974683 0.139151 -0.175013 0.978581 -0.122115 0.986983 0.104654 0.202549 0.187298 -0.0806322 0.978988 -0.0367896
90 104 228 0.973662 0.147261 -0.174056 0.958561 -0.132848 0.986875 0.091808 0.283884 0.185292 -0.066267 0.980447 -0.0238791
105 106 140 0.999908 0.0124095 -0.00539707 -0.158756 -0.0124024 0.999922 0.00133834 -0.295607 0.00541325 -0.00127128 0.999985 0.942026
105 107 88 0.999336 0.0286809 -0.0224855 0.817052 -0.0285765 0.999579 0.00495262 0.332138 0.0226181 -0.00430678 0.999735 -0.471285
105 108 197 0.999483 0.0275928 -0.0164756 -0.829991 -0.0273389 0.999507 0.0154393 -0.17795 0.0168935 -0.0149809 0.999745 -0.528629
105 109 420 0.998968 0.0289195 -0.0350261 0.741379 -0.0284638 0.999504 0.0134397 0.294631 0.0353974 -0.0124289 0.999296 -0.602951
105 110 235 0.996898 0.0409222 -0.0672282 0.665665 -0.0400299 0.999092 0.0145672 0.329761 0.0677633 -0.0118308 0.997631 -0.669439
105 111 143 0.999028 0.0351202 -0.0266452 -0.917739 -0.0338136 0.998275 0.047998 -0.368033 0.0282849 -0.0470504 0.998492 -0.149357
105 112 417 0.996959 0.0334317 -0.0703961 0.970697 -0.0310673 0.998924 0.0344193 0.238156 0.0714711 -0.0321276 0.996925 -0.0320926
105 113 396 0.996504 0.0354339 -0.0756605 0.976849 -0.0332366 0.998994 0.0301061 0.211069 0.0766512 -0.0274861 0.996679 -0.0348811
105 114 328 0.996987 0.0377492 -0.0677633 0.939174 -0.0361165 0.999031 0.0251604 0.252762 0.0686474 -0.0226372 0.997384 -0.232515
105 115 349 0.996128 0.0342696 -0.080963 0.962727 -0.0326748 0.999247 0.0209417 0.231022 0.0816197 -0.0182152 0.996497 -0.140662
105 116 313 0.992036 0.0295024 -0.122447 0.981488 -0.0277646 0.999488 0.0158749 0.138453 0.122853 -0.0123488 0.992348 -0.132334
105 117 220 0.989216 0.0220742 -0.144793 0.989493 -0.0203415 0.999703 0.0134364 0.144068 0.145047 -0.0103462 0.989371 0.0121784
105 118 139 0.98946 0.0226419 -0.143025 0.991406 -0.0205726 0.999661 0.0159305 0.109452 0.143337 -0.0128202 0.989591 -0.0716518
105 119 82 0.992173 0.0231331 -0.122711 0.997848 -0.02149 0.999661 0.0146971 0.0628166 0.123009 -0.011945 0.992334 0.0187789
120 121 28 0.999932 0.000307719 0.0116875 -0.845394 -0.000304632 1 -0.000265872 0.1074 -0.0116876 0.000262293 0.999932 -0.523235
120 122 286 0.999969 -0.00184195 0.00762354 0.748573 0.00181743 0.999993 0.00322174 -0.056872 -0.00762943 -0.00320779 0.999966 0.660609
120 123 850 0.999457 0.000547881 -0.0329394 0.966098 -9.17462e-06 0.999866 0.0163524 -0.2559 0.0329439 -0.0163432 0.999324 0.0342091
120 124 225 0.999954 -0.00832048 -0.00471316 0.92794 0.00834995 0.999945 0.00626824 -0.195255 0.00466075 -0.00630731 0.999969 0.317495
120 125 122 0.999982 -0.00540765 0.0027173 0.925716 0.00539415 0.999973 0.00495368 -0.291312 -0.00274401 -0.00493894 0.999984 0.241222
120 126 132 0.999895 -0.00923152 0.0112105 0.569324 0.00933918 0.99991 -0.00958979 -0.440453 -0.011121 0.00969347 0.999891 -0.694169
120 127 148 0.999979 0.000422294 0.00643223 0.817769 -0.000367461 0.999964 -0.00852353 -0.419796 -0.0064356 0.00852099 0.999943 -0.393732
120 128 95 0.99995 0.00926835 0.0037419 0.949027 -0.00924773 0.999942 -0.00549156 -0.278633 -0.00379259 0.00545669 0.999978 0.147349
120 129 91 0.999982 0.00486605 -0.00349119 0.942501 -0.00485274 0.999981 0.00381127 -0.318245 0.00350967 -0.00379426 0.999987 0.10204
120 130 242 0.999529 0.00205277 -0.0306137 0.894416 -0.001806 0.999966 0.0080862 -0.213002 0.0306292 -0.0080271 0.999499 0.393256
120 131 111 0.999822 -0.00108791 -0.0188235 0.741404 0.00107492 0.999999 -0.000700357 -0.430947 0.0188242 0.000679999 0.999823 -0.514397
120 132 91 0.999765 -0.00536539 -0.0210154 0.642215 0.00528658 0.999979 -0.00380407 -0.171823 0.0210354 0.00369208 0.999772 -0.747019
120 133 92 0.999408 0.00134553 -0.0343917 0.949045 -0.00124089 0.999995 0.00306354 -0.24735 0.0343956 -0.00301905 0.999404 0.195272
120 134 246 0.994737 0.0048321 -0.102352 0.961284 -0.00253189 0.999742 0.0225915 -0.247669 0.102435 -0.0222134 0.994492 0.120802
135 136 374 0.999988 -0.00160199 -0.00463982 -0.00598101 0.00162082 0.99999 0.00405882 0.277715 0.00463328 -0.00406629 0.999981 -0.960645
135 137 450 0.999992 0.00328813 0.00214317 -0.990502 -0.00331983 0.999883 0.0149587 -0.0867116 -0.00209373 -0.0149657 0.999886 -0.106705
135 138 459 0.999789 0.00810448 -0.0188986 -0.915395 -0.00754389 0.999535 0.0295479 -0.0824818 0.0191292 -0.0293991 0.999385 -0.394015
135 139 345 0.997807 0.0152226 -0.0644179 0.973618 -0.0132824 0.999448 0.0304411 0.160657 0.0648457 -0.0295187 0.997459 -0.162042
135 140 341 0.99646 0.0209482 -0.0814155 0.980585 -0.0182055 0.999246 0.0342855 0.162782 0.0820724 -0.032682 0.99609 -0.109339
135 141 260 0.997205 0.0215292 -0.0715488 0.956112 -0.0185303 0.998932 0.0423162 0.166795 0.0723835 -0.0408721 0.996539 -0.240895
135 142 214 0.993942 0.0307253 -0.105528 0.946859 -0.0259531 0.99859 0.0463014 0.167622 0.106801 -0.0432821 0.993338 -0.27452
135 143 260 0.992532 0.0371006 -0.116208 0.957884 -0.0307833 0.997973 0.0556932 0.130301 0.118039 -0.0517 0.991662 -0.255892
135 144 280 0.990464 0.048708 -0.128878 0.933147 -0.0411368 0.997304 0.0607722 0.122207 0.13149 -0.0548911 0.989797 -0.338086
135 145 290 0.988444 0.0662133 -0.136362 0.924714 -0.0584352 0.99647 0.0602784 0.174609 0.139871 -0.0516135 0.988824 -0.338255
135 146 199 0.987245 0.0697902 -0.143095 0.975601 -0.0610282 0.996034 0.0647377 0.160105 0.147046 -0.0551791 0.987589 -0.15023
135 147 130 0.987165 0.0820305 -0.137028 0.946447 -0.0735032 0.995097 0.0661799 0.181195 0.141785 -0.0552585 0.988354 -0.267219
135 148 142 0.983817 0.0928671 -0.153233 0.930088 -0.0840423 0.994462 0.0631103 0.147045 0.158245 -0.0492109 0.986173 -0.336622
135 149 140 0.981087 0.0944051 -0.168988 0.859854 -0.0851734 0.994492 0.0610849 0.146965 0.173824 -0.0455363 0.983723 -0.48893
150 151 62 0.999873 0.000605454 -0.0159422 0.390868 -0.000498689 0.999977 0.00670014 0.1564 0.0159459 -0.00669134 0.99985 -0.907062
150 152 105 0.999848 -0.0104489 -0.0139631 -0.992101 0.0105405 0.999923 0.00650499 -0.0946562 0.0138941 -0.00665118 0.999881 0.0823111
150 153 375 0.995937 -0.000974498 -0.0900469 0.975764 9.94791e-05 0.999953 -0.00972135 0.218654 0.0900521 0.00967289 0.99589 0.00870343
150 154 152 0.998236 -0.0127342 -0.0579969 0.997426 0.0122515 0.999887 -0.00867091 0.0414871 0.0581008 0.00794506 0.998279 0.0584786
150 155 138 0.997571 -0.0111729 -0.0687614 0.931377 0.0101583 0.999835 -0.0150881 0.0588296 0.0689186 0.0143529 0.997519 -0.359273
150 156 274 0.994242 -0.0108457 -0.106612 0.894323 0.00922411 0.999834 -0.0156919 0.0376214 0.106764 0.0146181 0.994177 -0.445838
150 157 139 0.99363 -0.0154337 -0.11163 0.853644 0.0134827 0.999743 -0.0182119 0.1255 0.111882 0.0165908 0.993583 -0.505511
150 158 166 0.990969 -0.0170496 -0.133006 0.894626 0.0154892 0.999799 -0.0127576 0.0911445 0.133197 0.0105822 0.991033 -0.437421
150 159 93 0.990559 -0.0141478 -0.136354 0.939102 0.0132144 0.999883 -0.00774822 0.115764 0.136448 0.00587323 0.99063 -0.323553
150 160 282 0.98502 0.000416506 -0.172441 0.953151 -0.002097 0.999952 -0.00956326 0.103231 0.172429 0.0097816 0.984973 -0.284334
150 161 101 0.987703 -0.00662472 -0.1562 0.959729 0.0053671 0.99995 -0.00847179 0.0824461 0.156248 0.00752928 0.987689 -0.268556
150 162 176 0.984724 -0.000812015 -0.174123 0.468858 0.000573691 0.999999 -0.00141904 0.0165325 0.174124 0.00129747 0.984723 -0.883119
150 163 145 0.981253 0.00571265 -0.192637 0.969734 -0.00598521 0.999982 -0.000832949 0.126017 0.192629 0.00197031 0.98127 -0.209132
150 164 206 0.971625 0.0179632 -0.235842 0.953564 -0.0160737 0.999821 0.0099318 0.0855053 0.235978 -0.00585912 0.971741 -0.288798
165 166 0 1 0 0 0 0 1 0 0 0 0 1 0
165 167 497 0.999886 0.0148448 0.00292067 -0.995691 -0.0148686 0.999855 0.00831516 0.0811376 -0.00279681 -0.00835764 0.999961 -0.0448977
165 168 368 0.999181 0.021643 -0.0341946 0.987078 -0.0211261 0.999658 0.0154063 -0.154556 0.0345164 -0.0146713 0.999296 -0.0422966
165 169 978 0.997356 0.0304559 -0.0659828 0.975927 -0.0296391 0.999472 0.0133229 -0.0157058 0.0663537 -0.011332 0.997732 0.21753
165 170 581 0.998947 0.0323107 -0.0325811 -0.967971 -0.0318842 0.9994 0.0135253 0.0996407 0.0329986 -0.0124722 0.999378 -0.230441
165 171 288 0.995778 0.0382387 -0.0834533 0.975565 -0.0362045 0.999012 0.0257544 -0.127121 0.0843557 -0.0226243 0.996179 0.179204
165 172 209 0.995887 0.0399603 -0.081311 0.850284 -0.0376354 0.998843 0.0299277 -0.120157 0.0824128 -0.0267444 0.996239 0.512425
165 173 386 0.991563 0.0543506 -0.117679 0.86039 -0.0509111 0.998189 0.0320416 -0.140483 0.119208 -0.02578 0.992535 0.489891
165 174 432 0.987661 0.0660501 -0.142 0.936919 -0.062833 0.997658 0.027026 -0.160348 0.143453 -0.0177702 0.989498 0.310598
165 175 431 0.988933 0.0785061 -0.125893 0.655639 -0.0772209 0.9969 0.0150645 0.042463 0.126685 -0.00517621 0.991929 0.753879
165 176 246 0.988111 0.0821985 -0.129926 0.503274 -0.0816521 0.996615 0.00953598 -0.0228044 0.13027 0.00118613 0.991478 0.863826
165 177 276 0.987421 0.0784721 -0.137265 0.428608 -0.0781992 0.99691 0.00738762 -0.222194 0.13742 0.00343929 0.990507 0.875743
165 178 427 0.983282 0.0658364 -0.16977 0.923008 -0.0657751 0.997816 0.00599094 -0.156245 0.169793 0.00527583 0.985466 0.351629
165 179 93 0.984437 0.0693066 -0.161492 0.93202 -0.0682397 0.997595 0.0121503 -0.163599 0.161945 -0.000941074 0.986799 0.323379
180 181 0 1 0 0 0 0 1 0 0 0 0 1 0
180 182 509 0.999677 0.0113375 -0.0227488 0.948581 -0.0111441 0.999901 0.00861 -0.0952165 0.0228442 -0.0083537 0.999704 0.301873
180 183 440 0.999761 0.000948885 -0.021822 0.761646 -0.000759977 0.999962 0.00866346 -0.0781704 0.0218294 -0.00864481 0.999724 0.643261
180 184 202 0.999255 0.0117457 -0.0367639 0.883949 -0.0115485 0.999918 0.00557279 -0.0786398 0.0368264 -0.00514407 0.999308 0.460924
180 185 307 0.999501 0.010492 -0.0297971 0.909522 -0.0104491 0.999944 0.00159256 -0.104213 0.0298122 -0.00128041 0.999555 0.40238
180 186 264 0.998515 -0.00146521 -0.0544658 0.951208 0.00170812 0.999989 0.00441354 -0.118406 0.0544588 -0.00450002 0.998506 0.284927
180 187 226 0.998683 0.00125032 -0.0512832 0.882098 -0.00104969 0.999992 0.00393897 -0.104146 0.0512877 -0.00387995 0.998676 0.459408
180 188 654 0.995755 0.0123596 -0.0912092 0.983631 -0.011411 0.999875 0.0109146 -0.115538 0.0913327 -0.00982743 0.995772 0.13828
180 189 417 0.990106 0.0291106 -0.137266 0.991765 -0.0263324 0.999411 0.0220125 -0.11902 0.137826 -0.0181802 0.99029 0.0472919
180 190 333 0.993752 0.0207505 -0.109661 0.981704 -0.0181412 0.999529 0.0247393 -0.12931 0.110123 -0.0225954 0.993661 0.139773
180 191 129 0.996701 0.0162037 -0.0795258 0.967838 -0.0145846 0.999675 0.020899 -0.111759 0.0798386 -0.0196702 0.996614 0.225387
180 192 331 0.983909 0.036754 -0.174847 0.992313 -0.032051 0.999046 0.029647 -0.0995444 0.17577 -0.023566 0.984149 0.0735261
180 193 118 0.994829 0.0362884 -0.0948587 0.978684 -0.0345458 0.999204 0.0199496 -0.127416 0.0955071 -0.0165695 0.995291 0.161069
180 194 266 0.98698 0.0326356 -0.157498 0.983984 -0.0290932 0.99927 0.0247458 -0.125372 0.158191 -0.0198414 0.987209 0.126715
195 196 52 0.999968 0.00718101 -0.003431 0.47765 -0.0071732 0.999972 0.00228161 -0.115421 0.00344729 -0.00225693 0.999992 -0.870935
195 197 566 0.999779 0.00929803 0.0188668 -0.994197 -0.00931408 0.999956 0.000763184 0.0855111 -0.0188589 -0.000938742 0.999822 -0.0652774
195 198 702 0.998345 0.0159308 -0.0552557 0.991898 -0.0154181 0.999834 0.00969322 -0.103732 0.0554009 -0.00882524 0.998425 -0.0733373
195 199 274 0.999514 0.028456 -0.0127533 0.889207 -0.0284058 0.999588 0.00409762 -0.0487591 0.0128646 -0.00373336 0.99991 -0.4549
195 200 221 0.998758 0.0405674 -0.0289382 0.995604 -0.0405397 0.999177 0.00154272 -0.0924026 0.028977 -0.00036766 0.99958 -0.0153354
195 201 184 0.998496 0.0511433 -0.0197415 -0.946527 -0.0512768 0.998665 -0.0063128 0.0403934 0.0193923 0.00731559 0.999785 0.320086
195 202 356 0.996375 0.0580563 -0.0621784 0.994337 -0.0586473 0.998249 -0.00772033 -0.0579663 0.0616213 0.0113389 0.998035 -0.0890771
195 203 374 0.99788 0.0584183 0.0286999 -0.942509 -0.0580034 0.998202 -0.015085 0.0798992 -0.0295296 0.0133883 0.999474 -0.324488
195 204 306 0.995053 0.059963 -0.0792137 0.969385 -0.0606381 0.998141 -0.006143 -0.075019 0.0786981 0.010916 0.996839 -0.233804
195 205 154 0.994858 0.0592852 -0.0821162 0.950803 -0.0599192 0.998189 -0.00527546 -0.0361223 0.0816548 0.0101687 0.996609 -0.307683
195 206 139 0.995268 0.0639023 -0.0732004 0.988409 -0.0643638 0.997919 -0.00396075 -0.0618217 0.072795 0.00865346 0.997309 -0.138656
195 207 119 0.993702 0.0684285 -0.0887316 0.98726 -0.0692238 0.997584 -0.00591329 -0.0203308 0.0881126 0.0120184 0.996038 -0.15781
195 208 230 0.991099 0.0610262 -0.118312 0.989925 -0.0624811 0.998009 -0.00862372 -0.0171786 0.11755 0.0159392 0.992939 -0.140547
195 209 326 0.978196 0.0748505 -0.193728 0.998384 -0.077161 0.997009 -0.00439783 0.0105106 0.192819 0.0192502 0.981045 0.0558464
210 211 12 0.999858 -0.0038902 -0.0163962 0.981823 0.00388946 0.999992 -7.7332e-05 0.176218 0.0163963 1.35489e-05 0.999866 -0.0705001
210 212 255 0.999849 -0.00618964 -0.016216 -0.738721 0.00623188 0.999977 0.00255545 -0.0251244 0.0161998 -0.00265612 0.999865 0.673543
210 213 897 0.995418 -0.0102908 -0.0950598 0.989604 0.0111066 0.999906 0.00805626 -0.121235 0.0949679 -0.00907513 0.995439 0.0773656
210 214 637 0.994121 -0.00501233 -0.108155 0.964708 0.00511673 0.999987 0.000687792 -0.117968 0.10815 -0.00123715 0.994134 0.235417
210 215 231 0.999179 -0.0100626 -0.0392454 -0.995417 0.00959793 0.999882 -0.0120102 0.0856689 0.0393616 0.0116236 0.999157 -0.0424928
210 216 357 0.994607 -0.00888335 -0.103336 0.987205 0.00830419 0.999947 -0.00603351 -0.0944486 0.103384 0.00514285 0.994628 0.128477
210 217 756 0.990806 -0.00508952 -0.135194 0.988694 0.00503243 0.999987 -0.000764084 -0.149944 0.135196 7.67059e-05 0.990819 -0.00107023
210 218 486 0.979048 0.00475145 -0.203575 0.969535 -0.00256064 0.999936 0.0110238 -0.177235 0.203614 -0.0102715 0.978997 0.169084
210 219 510 0.987335 0.00534284 -0.158557 0.966583 -0.00501917 0.999984 0.00244178 -0.174679 0.158568 -0.00161503 0.987347 0.187628
210 220 550 0.980774 0.0120927 -0.194773 0.969397 -0.0103172 0.999895 0.0101274 -0.189019 0.194875 -0.00792314 0.980796 0.156658
210 221 461 0.981859 0.0119476 -0.189238 0.976559 -0.00980683 0.999877 0.012245 -0.193183 0.189361 -0.010167 0.981855 0.0949331
210 222 526 0.970823 0.0269047 -0.238285 0.955414 -0.022247 0.999506 0.0222146 -0.200415 0.238765 -0.0162653 0.970941 0.216837
210 223 346 0.975144 0.0413972 -0.21767 0.933312 -0.0400989 0.999142 0.0103804 -0.201646 0.217913 -0.00139408 0.975967 0.2971
210 224 391 0.951562 0.0579204 -0.301953 0.955826 -0.0507887 0.998215 0.0314237 -0.231483 0.303234 -0.0145658 0.952805 0.181144
225 226 177 0.999974 0.00428752 -0.00576027 0.537218 -0.0042922 0.99999 -0.000800795 -0.158124 0.00575678 0.000825498 0.999983 0.828488
225 227 376 0.999817 0.00221543 -0.019019 0.515024 -0.00225694 0.999995 -0.00216108 -0.0838118 0.0190141 0.00220361 0.999817 0.853069
225 228 1418 0.997837 0.0214087 -0.0621582 0.97712 -0.0210228 0.999755 0.00685545 -0.207425 0.0622897 -0.00553388 0.998043 -0.0470167
225 229 275 0.999375 0.0150724 -0.0319701 0.913048 -0.0149176 0.999876 0.00507294 -0.238219 0.0320426 -0.00459286 0.999476 -0.331051
225 230 262 0.998977 0.00218169 -0.0451682 0.599682 -0.00196695 0.999987 0.00479797 -0.0699707 0.0451781 -0.00470422 0.998968 0.797174
225 231 1317 0.994438 0.0151258 -0.104228 0.964046 -0.0149437 0.999885 0.00252708 -0.0547734 0.104254 -0.000955475 0.99455 0.26003
225 232 201 0.998524 0.00552194 -0.0540308 0.982023 -0.00532408 0.999979 0.00380529 -0.0992753 0.0540507 -0.00351201 0.998532 0.160549
225 233 192 0.997829 0.00512307 -0.0656594 0.903427 -0.0047044 0.999968 0.00652934 -0.0958751 0.0656907 -0.00620628 0.997821 0.417884
225 234 163 0.99777 0.00388514 -0.0666372 0.920524 -0.00333911 0.99996 0.00830353 -0.0781696 0.0666668 -0.0080625 0.997743 -0.382785
225 235 274 0.997997 0.00563611 -0.0630141 -0.865323 -0.00498393 0.999932 0.0105022 0.0669589 0.063069 -0.0101671 0.997957 0.496723
225 236 831 0.992634 0.0164167 -0.120037 0.990024 -0.0141461 0.999705 0.019743 -0.135926 0.120325 -0.0178995 0.992573 0.0371036
225 237 660 0.987215 0.0231475 -0.157702 0.94806 -0.0208085 0.999648 0.0164675 -0.0655363 0.158027 -0.0129755 0.987349 0.311268
225 238 713 0.991927 0.0141662 -0.126015 0.822336 -0.011778 0.999737 0.0196768 -0.0371721 0.126261 -0.0180337 0.991833 0.567787
225 239 614 0.987642 0.0278633 -0.154227 0.895026 -0.0244291 0.999411 0.0241182 -0.0736348 0.154808 -0.0200526 0.987741 0.439893
240 241 118 0.999999 0.000740871 -0.00139933 -0.821927 -0.000740675 1 0.000139947 0.0347925 0.00139943 -0.00013891 0.999999 0.568529
240 242 1118 0.998791 0.013863 -0.0471557 0.992576 -0.013767 0.999902 0.00235983 -0.0086345 0.0471838 -0.00170779 0.998885 -0.12132
240 243 427 0.998528 0.0115718 -0.0529855 0.993958 -0.011219 0.999913 0.00695042 -0.109683 0.0530613 -0.00634575 0.998571 -0.00406056
240 244 878 0.995562 0.020217 -0.0919119 0.98664 -0.0196659 0.999783 0.00689736 -0.0676426 0.0920314 -0.00505922 0.995743 0.148212
240 245 871 0.99378 0.0299627 -0.107252 0.988934 -0.0291679 0.999534 0.0089719 -0.103031 0.107471 -0.00578779 0.994191 0.106747
240 246 319 0.99671 0.0241454 -0.077373 0.982273 -0.0236524 0.999694 0.00728192 -0.113148 0.0775252 -0.0054279 0.996976 -0.149457
240 247 373 0.994194 0.0316669 -0.102841 0.996834 -0.0310418 0.999489 0.0076735 -0.0673363 0.103032 -0.00443657 0.994668 -0.0422879
240 248 558 0.984627 0.0481795 -0.167896 0.992496 -0.0460966 0.998804 0.0162835 -0.11549 0.16848 -0.0082937 0.98567 0.040169
240 249 235 0.993521 0.0426187 -0.105354 0.984106 -0.0419142 0.999082 0.00889313 -0.128345 0.105637 -0.00441967 0.994395 0.12273
240 250 212 0.994843 0.0471446 -0.0898096 -0.986942 -0.0474167 0.998875 -0.000897461 0.145942 0.0896662 0.00515131 0.995959 -0.0681691
240 251 193 0.989092 0.0536504 -0.137178 0.969032 -0.0548108 0.998486 -0.00469265 -0.158488 0.136719 0.0121603 0.990535 0.189362
240 252 349 0.975881 0.0744272 -0.205225 0.973413 -0.0771412 0.997006 -0.00524418 -0.153316 0.20422 0.020949 0.978701 0.170183
240 253 330 0.978181 0.0782955 -0.192437 0.988578 -0.0806384 0.996734 -0.00436062 -0.149978 0.191467 0.0197833 0.9813 0.0148356
240 254 390 0.982049 0.0863559 -0.167695 0.986446 -0.0901443 0.995814 -0.0150971 -0.115045 0.16569 0.0299428 0.985723 0.116996
255 256 15 0.999998 0.000964062 0.00170408 -0.71423 -0.00097701 0.999971 0.00761386 -0.0297675 -0.00169669 -0.00761551 0.99997 -0.699278
255 257 235 0.999981 0.00306837 0.0053388 -0.917279 -0.00316318 0.999836 0.0178427 -0.116204 -0.00528318 -0.0178592 0.999827 -0.380916
255 258 312 0.999688 0.00391986 -0.0246664 0.900995 -0.00345846 0.999819 0.0187204 0.170259 0.0247353 -0.0186293 0.99952 0.399024
255 259 229 0.999537 0.00834663 -0.0292763 0.954236 -0.00768262 0.999712 0.0227207 0.152022 0.0294575 -0.0224852 0.999313 0.257531
255 260 172 0.999879 0.00289224 -0.0152526 -0.843238 -0.00238362 0.999444 0.0332597 -0.00178327 0.0153403 -0.0332193 0.99933 -0.537538
255 261 213 0.998198 0.0094229 -0.0592696 0.840489 -0.0074843 0.999432 0.0328456 0.0466531 0.0595454 -0.0323428 0.997702 0.539816
255 262 264 0.99623 0.00949976 -0.0862328 0.869725 -0.00728806 0.999637 0.0259267 0.0406744 0.0864478 -0.0252005 0.995938 0.491857
255 263 375 0.987815 0.0210085 -0.154211 0.956233 -0.018195 0.999642 0.0196332 0.0539192 0.154568 -0.0165881 0.987843 0.287594
255 264 232 0.990322 0.00942672 -0.138472 0.86943 -0.0067503 0.999781 0.0197852 0.0398544 0.138628 -0.018659 0.990169 0.492447
255 265 257 0.990846 0.0101627 -0.134617 0.878279 -0.00763535 0.999785 0.0192775 -0.0222812 0.134784 -0.0180732 0.99071 0.47763
255 266 308 0.984537 0.0100376 -0.174891 0.947565 -0.00660934 0.999775 0.0201735 -0.0490727 0.175055 -0.0187056 0.984381 0.315772
255 267 197 0.984208 0.0270115 -0.174944 0.901201 -0.0241817 0.99954 0.0182874 -0.0549687 0.175358 -0.0137681 0.984408 0.429901
255 268 150 0.988375 0.023097 -0.150268 0.855708 -0.0204908 0.999612 0.0188691 -0.107307 0.150645 -0.0155707 0.988465 0.506211
255 269 243 0.982779 0.0378673 -0.180865 0.902919 -0.0348557 0.999196 0.0198012 -0.095778 0.18147 -0.013156 0.983309 0.419003
270 271 0 1 0 0 0 0 1 0 0 0 0 1 0
270 272 260 0.999597 0.0049093 -0.0279647 0.851535 -0.0047538 0.999973 0.00562452 -0.409267 0.0279916 -0.00548931 0.999593 0.327702
270 273 385 0.995393 0.0206639 -0.0936223 0.937332 -0.0191749 0.999675 0.0167764 -0.300047 0.0939386 -0.0149039 0.995466 0.177148
270 274 224 0.999083 0.0251978 -0.034616 0.811245 -0.0252125 0.999682 1.16472e-05 -0.291224 0.0346053 0.000861119 0.999401 0.50702
270 275 353 0.994196 0.0318417 -0.102762 0.928597 -0.029925 0.999349 0.0201402 -0.295586 0.103337 -0.0169481 0.994502 0.224356
270 276 186 0.998821 0.020023 -0.0442251 0.787447 -0.0199565 0.999799 0.00194469 -0.271215 0.0442552 -0.00105982 0.99902 0.553507
270 277 225 0.998137 0.0277759 -0.0543312 0.866948 -0.0277174 0.999614 0.00183141 -0.286871 0.0543611 -0.000322083 0.998521 0.407562
270 278 265 0.99671 0.028109 -0.0760211 0.832158 -0.0279141 0.999604 0.00362465 -0.232206 0.0760929 -0.00149066 0.9971 0.50358
270 279 242 0.997491 0.0217739 -0.0673581 0.847651 -0.0218811 0.99976 -0.000853939 -0.236482 0.0673234 0.00232567 0.997728 0.474935
270 280 242 0.990761 0.0362171 -0.130697 0.929613 -0.0346541 0.999298 0.014214 -0.236359 0.13112 -0.00955351 0.991321 0.282763
270 281 290 0.986357 0.0607459 -0.153002 0.865234 -0.0604911 0.998149 0.00632458 -0.148417 0.153103 0.00301697 0.988206 0.478897
270 282 254 0.990332 0.0319546 -0.13499 0.896823 -0.0300687 0.99942 0.0159866 -0.204193 0.135422 -0.0117731 0.990718 0.392445
270 283 227 0.99184 0.0294939 -0.124031 0.860264 -0.0277634 0.999492 0.0156579 -0.215323 0.124429 -0.0120866 0.992155 0.462149
270 284 203 0.988607 0.0391239 -0.145345 0.922682 -0.0366037 0.99913 0.0199746 -0.225134 0.146 -0.0144269 0.989179 0.313006
285 286 321 0.999999 0.000923009 -0.000454054 -0.0449484 -0.000922823 0.999999 0.000410236 0.235185 0.000454432 -0.000409816 1 -0.970911
285 287 416 0.999699 0.00111664 -0.0245053 0.98977 -0.000904323 0.999962 0.00867348 -0.142669 0.0245141 -0.00864871 0.999662 -0.000811488
285 288 16 0.999989 0.00358429 -0.00299414 -0.803509 -0.00357178 0.999985 0.00417211 0.0668467 0.00300905 -0.00416137 0.999987 -0.591528
285 289 693 0.99825 0.00775306 -0.0586326 0.98992 -0.0072657 0.999937 0.00852075 -0.140885 0.0586949 -0.00807983 0.998243 -0.0144781
285 290 630 0.997843 0.0183904 -0.0630128 0.991133 -0.0180523 0.999819 0.00593097 -0.115636 0.0631105 -0.00478065 0.997995 0.0654418
285 291 254 0.999843 0.0147065 -0.00988181 0.996652 -0.0147164 0.999891 -0.000928806 -0.0811321 0.00986708 0.00107408 0.999951 -0.0101217
285 292 248 0.999171 0.0180115 -0.0365166 0.993048 -0.017882 0.999833 0.00387026 -0.0964476 0.0365802 -0.00321406 0.999326 -0.0674845
285 293 119 0.99924 0.0136068 -0.036518 0.968934 -0.0132381 0.999859 0.0103183 -0.134299 0.0366532 -0.00982707 0.99928 -0.207677
285 294 86 0.999231 0.0343824 -0.0188496 0.454471 -0.034333 0.999406 0.00293574 -0.0507133 0.0189394 -0.00228631 0.999818 0.889317
285 295 478 0.994952 0.0581748 -0.0817736 0.982554 -0.0570594 0.998244 0.0159124 -0.118464 0.0825557 -0.0111662 0.996524 -0.14337
285 296 101 0.998143 0.0591192 -0.0146873 0.157722 -0.0588807 0.998134 0.0161785 -0.233562 0.0156164 -0.0152837 0.999761 -0.959465
285 297 296 0.998079 0.0575726 0.0228794 -0.778592 -0.0582636 0.997827 0.0307793 -0.0195395 -0.0210577 -0.0320532 0.999264 -0.627227
285 298 161 0.996434 0.0843233 0.00297846 0.970325 -0.0843737 0.996041 0.0280014 -0.0771821 -0.000605493 -0.0281528 0.999603 -0.229154
285 299 150 0.995303 0.0963237 -0.0096761 0.994309 -0.095971 0.994871 0.0319721 -0.106468 0.0127061 -0.0308933 0.999442 0.00372264
300 301 0 1 0 0 0 0 1 0 0 0 0 1 0
300 302 92 0.999673 0.0209318 0.0146789 -0.567537 -0.0208777 0.999775 -0.00383486 -0.0460163 -0.0147559 0.00352714 0.999885 -0.822061
300 303 121 0.99983 0.0180191 -0.00391871 0.518839 -0.0180415 0.999821 -0.00574455 0.0118088 0.0038145 0.00581427 0.999976 -0.854791
300 304 227 0.999863 0.0138042 -0.0091851 0.589482 -0.0138744 0.999875 -0.00763082 -0.0564671 0.00907861 0.00775721 0.999929 -0.805806
300 305 189 0.999886 0.015106 -5.44019e-05 0.596195 -0.015104 0.999684 -0.0201159 -0.155387 -0.000249485 0.0201144 0.999798 -0.787658
300 306 191 0.999948 0.00547073 -0.00865535 0.850495 -0.00565816 0.999747 -0.0217807 -0.260373 0.008534 0.0218285 0.999725 -0.457017
300 307 215 0.999417 0.0183048 -0.0288271 0.99241 -0.019126 0.999412 -0.0284753 -0.0790217 0.0282889 0.02901 0.999179 -0.0942192
300 308 187 0.999501 0.0162846 -0.0270764 0.977999 -0.0171043 0.999394 -0.0303234 -0.0977592 0.0265662 0.0307714 0.999173 -0.184285
300 309 367 0.999928 -0.0116019 -0.00320518 -0.874642 0.0114994 0.999474 -0.030316 0.246092 0.00355521 0.030277 0.999535 -0.41766
300 310 253 0.999502 -0.00352305 -0.0313658 -0.897364 0.00249883 0.999464 -0.0326335 0.0381831 0.031464 0.0325389 0.998975 0.439636
300 311 170 0.998435 -0.00392271 -0.0557862 0.917405 0.00227946 0.999562 -0.0294893 -0.0644551 0.0558774 0.029316 0.998007 -0.392701
300 312 179 0.997758 -0.00748978 -0.0665037 0.936514 0.00566829 0.999605 -0.0275359 -0.137877 0.0666836 0.0270972 0.997406 -0.322383
300 313 272 0.998685 -0.00326363 -0.0511669 -0.955132 0.00122571 0.999207 -0.0398098 0.0458107 0.0512563 0.0396947 0.997896 0.292615
300 314 490 0.993294 -0.0135641 -0.114819 0.966159 0.0102964 0.999526 -0.0290047 -0.189311 0.115158 0.0276279 0.992963 -0.17521
315 316 26 0.999914 -0.0101068 -0.0083258 0.420611 0.010139 0.999941 0.00383716 -0.690406 0.00828653 -0.00392124 0.999958 -0.588579
315 317 0 1 0 0 0 0 1 0 0 0 0 1 0
315 318 485 0.999963 -0.00733244 0.00454849 -0.976596 0.00740308 0.999849 -0.0157143 0.121816 -0.00443258 0.0157474 0.999866 -0.177258
315 319 968 0.998545 -0.00340085 -0.0538119 0.953231 0.00332382 0.999993 -0.00152098 -0.294539 0.0538167 0.0013399 0.99855 0.0677991
315 320 485 0.998941 -0.00692792 -0.0454842 0.950122 0.00637973 0.999905 -0.0121864 -0.172493 0.0455644 0.0118834 0.998891 -0.259836
315 321 434 0.999323 -0.0113608 -0.0349965 0.891165 0.0107668 0.999796 -0.0171126 -0.0642969 0.0351838 0.0167242 0.999241 -0.4491
315 322 572 0.997782 -0.0131422 -0.0652584 0.912437 0.0126844 0.999892 -0.00742452 -0.240099 0.0653489 0.00658029 0.997841 -0.331376
315 323 443 0.99854 -0.000676048 -0.0540095 0.941288 -0.000463113 0.999778 -0.0210766 -0.0337265 0.0540117 0.0210708 0.998318 -0.335917
315 324 449 0.998014 -0.00807337 -0.0624738 0.956125 0.00694321 0.999809 -0.0182861 -0.0689123 0.0626094 0.017816 0.997879 -0.284738
315 325 578 0.99972 -0.0166232 0.0168681 -0.94516 0.0170871 0.999469 -0.027738 0.125745 -0.0163981 0.0280185 0.999473 -0.301433
315 326 668 0.999001 -0.0141275 0.0423887 -0.923892 0.0152288 0.999552 -0.0257725 0.112701 -0.0420056 0.0263922 0.998769 -0.365681
315 327 598 0.994806 -0.00166402 -0.101775 0.949154 0.000623904 0.999947 -0.0102507 -0.0892798 0.101787 0.010134 0.994755 -0.301887
315 328 315 0.995464 0.00060741 -0.0951366 0.959834 -0.00221511 0.999857 -0.0167941 -0.0418586 0.0951128 0.0169287 0.995323 -0.277429
315 329 319 0.99415 0.00465077 -0.10791 0.97605 -0.00601355 0.999906 -0.0123068 -0.110536 0.107843 0.0128838 0.994084 -0.187371
330 331 590 0.999857 0.000404804 -0.0168823 0.94332 -0.000419291 1 -0.000854618 0.126542 0.016882 0.000861575 0.999857 -0.306813
330 332 439 0.999823 -0.0128473 0.01377 -0.516692 0.0128467 0.999917 0.000131451 0.290426 -0.0137706 4.54715e-05 0.999905 -0.805408
330 333 421 0.999683 -0.00374529 -0.0248979 0.985723 0.00379182 0.999991 0.00182183 -0.161319 0.0248909 -0.00191566 0.999688 -0.0482295
