0 1 0 1 0 0 0 0 1 0 0 0 0 1 0
0 2 384 0.999641 0.0108757 0.0244782 -0.884473 -0.0111005 0.999897 0.0090663 -0.169508 -0.0243771 -0.00933477 0.999659 -0.434713
0 3 317 0.998328 0.0211944 -0.053783 0.863365 -0.0215809 0.999745 -0.00661573 0.292011 0.0536291 0.00776535 0.998531 -0.411497
0 4 214 0.997952 0.0218249 -0.0601366 0.817097 -0.021711 0.999761 0.00254679 0.219465 0.0601778 -0.00123595 0.998187 -0.533093
0 5 261 0.992357 0.028225 -0.120129 0.954716 -0.0289 0.999575 -0.00388033 0.20146 0.119968 0.0073224 0.992751 -0.218933
0 6 279 0.995353 0.0343276 -0.0899706 0.877897 -0.0346099 0.9994 -0.00157837 0.268315 0.0898624 0.00468491 0.995943 -0.396615
0 7 143 0.99389 0.037382 -0.103848 0.854551 -0.0372759 0.999301 0.00296281 0.246206 0.103886 0.000926312 0.994589 -0.457302
0 8 228 0.989261 0.0437253 -0.139464 0.934432 -0.0418963 0.998993 0.0160251 0.138122 0.140024 -0.0100099 0.990097 -0.328268
0 9 69 0.991532 0.0365247 -0.124619 0.864636 -0.0355258 0.999316 0.010229 0.233654 0.124907 -0.00571524 0.992152 -0.44476
0 10 187 0.985256 0.0329536 -0.167884 0.920532 -0.0334 0.999442 0.000165119 0.262916 0.167796 0.00544464 0.985807 -0.288958
0 11 170 0.991681 0.0457602 -0.120315 0.830673 -0.0442162 0.998902 0.0154724 0.228574 0.120891 -0.0100238 0.992615 -0.507677
0 12 137 0.982704 0.0516909 -0.177825 0.892122 -0.0512039 0.998661 0.00733007 0.207884 0.177966 0.00190204 0.984035 -0.401128
0 13 74 0.999574 0.0249779 -0.0150659 0.0811046 -0.0244468 0.999107 0.0344577 0.17402 0.0159132 -0.0340747 0.999293 -0.981396
0 14 92 0.955195 0.0854436 -0.283377 0.969334 -0.0850672 0.996282 0.013657 0.156511 0.28349 0.011061 0.958911 -0.189465
15 16 70 0.99999 -0.00403193 0.00181147 0.209457 0.00404338 0.999972 -0.00636189 0.0735361 -0.00178577 0.00636915 0.999978 -0.975049
15 17 39 0.999958 -0.00773116 0.00496683 0.0291888 0.00774706 0.999965 -0.00318979 0.180599 -0.00494199 0.00322813 0.999983 -0.983124
15 18 163 0.999049 0.00114976 -0.0435965 0.869111 -0.00131808 0.999992 -0.00383224 0.226959 0.0435917 0.00388605 0.999042 -0.439472
15 19 240 0.996894 0.0105005 -0.0780553 0.914578 -0.0113983 0.999874 -0.0110661 0.258375 0.0779292 0.0119214 0.996888 -0.311111
15 20 152 0.99938 0.000823839 -0.0351982 0.735501 -0.000917461 0.999996 -0.00264378 0.310636 0.0351959 0.00267444 0.999377 -0.602116
15 21 111 0.997606 0.0140567 -0.0677091 0.853441 -0.0130635 0.999801 0.0150896 0.0947008 0.0679077 -0.0141689 0.997591 -0.512514
15 22 110 0.997119 0.0234297 -0.0721398 0.846202 -0.0221002 0.999572 0.0191735 0.0420067 0.0725582 -0.0175239 0.99721 -0.531204
15 23 77 0.991009 0.0233663 -0.131738 0.947479 -0.024068 0.999703 -0.00373638 0.161686 0.131612 0.00687346 0.991278 -0.275937
15 24 109 0.987556 0.0323328 -0.153906 0.949056 -0.0316693 0.999476 0.00676091 0.0624146 0.154044 -0.00180268 0.988062 -0.308863
15 25 112 0.988232 0.0444783 -0.146352 0.910052 -0.0449158 0.998991 0.000315252 0.0643795 0.146218 0.00626198 0.989233 -0.409465
15 26 55 0.981002 0.0308676 -0.191528 0.932041 -0.0412832 0.997864 -0.0506311 0.277122 0.189556 0.057576 0.98018 -0.233457
15 27 21 0.984696 0.170707 -0.0351171 0.563393 -0.170903 0.985284 -0.00263856 -0.317448 0.0341499 0.00859981 0.99938 -0.762768
15 28 50 0.94903 0.0554062 -0.310277 0.993476 -0.0600976 0.998177 -0.00557301 -0.0237816 0.309402 0.0239358 0.95063 -0.111536
15 29 54 0.989338 0.04733 -0.137734 0.787297 -0.0525622 0.998018 -0.0346004 0.107584 0.135823 0.041471 0.989865 -0.607115
30 31 29 0.999982 0.00532806 -0.0025846 0.381529 -0.00531138 0.999965 0.00641984 -0.136254 0.00261872 -0.006406 0.999976 -0.91426
30 32 208 0.996516 0.00158142 -0.0833856 0.994858 -0.000636686 0.999935 0.011355 -0.00780407 0.0833982 -0.0112624 0.996453 0.100982
30 33 100 0.97949 0.040815 -0.197316 0.904055 -0.0200869 0.99417 0.105933 -0.416979 0.200489 -0.0997967 0.9746 0.0938789
30 34 21 0.999974 -0.00127798 -0.00711132 0.792884 0.00130326 0.999993 0.00355109 0.0488356 0.00710673 -0.00356026 0.999968 0.607412
30 35 0 1 0 0 0 0 1 0 0 0 0 1 0
30 36 0 1 0 0 0 0 1 0 0 0 0 1 0
30 37 0 1 0 0 0 0 1 0 0 0 0 1 0
30 38 22 0.980806 0.091616 0.17212 -0.142316 -0.110426 0.988524 0.10308 -0.0224154 -0.160701 -0.120108 0.979668 0.989567
30 39 31 0.988827 0.139632 0.0521976 0.57932 -0.143063 0.987301 0.0690659 -0.1934 -0.0418909 -0.0757617 0.996246 0.791824
30 40 0 1 0 0 0 0 1 0 0 0 0 1 0
30 41 0 1 0 0 0 0 1 0 0 0 0 1 0
30 42 31 0.952742 0.185296 0.240725 -0.82785 -0.181809 0.982644 -0.0368168 0.503888 -0.243369 -0.00868899 0.969895 0.246498
30 43 37 0.995637 0.0732546 -0.057794 0.994443 -0.0711193 0.996737 0.0381805 -0.0112472 0.0604023 -0.0339036 0.997598 0.104673
30 44 25 0.958113 0.231321 0.168851 -0.321274 -0.234216 0.97218 -0.00284996 0.410831 -0.164813 -0.0368169 0.985638 0.853229
45 46 0 1 0 0 0 0 1 0 0 0 0 1 0
45 47 0 1 0 0 0 0 1 0 0 0 0 1 0
45 48 0 1 0 0 0 0 1 0 0 0 0 1 0
45 49 231 0.996887 0.0268805 -0.0741174 0.988465 -0.026828 0.999639 0.00170378 0.0756432 0.0741364 0.000289945 0.997248 -0.131203
45 50 79 0.990489 0.0403455 -0.131541 0.981529 -0.0361245 0.998758 0.0343193 -0.129208 0.132762 -0.0292411 0.990717 -0.141089
45 51 14 0.999929 0.011452 0.00324489 -0.531361 -0.0115087 0.999771 0.0180182 -0.124634 -0.00303781 -0.0180542 0.999832 0.837927
45 52 40 0.951116 0.061998 -0.302548 0.989968 -0.0414558 0.996407 0.0738593 -0.132148 0.30604 -0.0577064 0.950268 -0.050004
45 53 0 1 0 0 0 0 1 0 0 0 0 1 0
45 54 41 0.998244 0.0579072 -0.012462 0.816671 -0.0571183 0.996775 0.0563665 -0.0127027 0.0156858 -0.0555557 0.998332 0.576964
45 55 0 1 0 0 0 0 1 0 0 0 0 1 0
45 56 34 0.887664 0.442998 0.125718 -0.058587 -0.445358 0.756465 0.478974 -0.861743 0.117083 -0.481158 0.86878 -0.503951
45 57 46 0.950293 0.16658 -0.263049 0.958394 -0.185301 0.981516 -0.0478594 0.269541 0.250214 0.0942237 0.963595 0.0939661
45 58 0 1 0 0 0 0 1 0 0 0 0 1 0
45 59 0 1 0 0 0 0 1 0 0 0 0 1 0
60 61 62 0.999868 0.01153 0.0114307 -0.119849 -0.0116184 0.999903 0.00769203 -0.33045 -0.0113409 -0.00782382 0.999905 0.936183
60 62 49 0.999761 0.0216718 -0.00279279 0.442838 -0.0216948 0.999729 -0.00849977 0.283319 0.00260783 0.00855833 0.99996 0.850661
60 63 35 0.999304 0.0360794 -0.00947251 0.758876 -0.0361018 0.999346 -0.00219826 0.0384279 0.009387 0.0025387 0.999953 0.650101
60 64 62 0.998508 0.0499829 0.0219991 -0.404154 -0.0499073 0.998746 -0.00397377 0.173961 -0.0221701 0.00286993 0.99975 0.897996
60 65 69 0.978604 0.0882145 0.185881 -0.855943 -0.08546 0.996081 -0.0227954 0.14944 -0.187164 0.00642222 0.982308 0.495005
60 66 68 0.982721 -0.000467507 -0.185093 0.953138 -0.0110648 0.99806 -0.0612676 0.247687 0.184763 0.0622569 0.980809 0.173721
60 67 59 0.998099 0.0311792 -0.0531706 0.923051 -0.0315865 0.999478 -0.00683774 -0.117524 0.0529296 0.00850421 0.998562 0.366286
60 68 59 0.98942 0.0157602 -0.144223 0.922438 -0.0132043 0.999739 0.0186616 -0.200152 0.14448 -0.0165598 0.989369 0.330223
60 69 53 0.997253 0.0285704 -0.0683315 0.780037 -0.0298441 0.999398 -0.0176922 0.0347402 0.0677849 0.0196829 0.997506 0.624769
60 70 60 0.990007 0.0193178 -0.139686 0.924707 -0.021344 0.999687 -0.0130217 -0.0295801 0.139391 0.0158731 0.99011 0.379529
60 71 43 0.986724 0.0286486 -0.159859 0.907274 -0.0300186 0.99953 -0.00616121 -0.0492947 0.159608 0.0108782 0.987121 0.417641
60 72 35 0.989023 0.0385319 -0.142652 0.869676 -0.0412388 0.99902 -0.0160668 -0.0135218 0.141894 0.0217732 0.989642 0.493438
60 73 41 0.995932 0.066355 -0.0609633 0.518279 -0.0673049 0.997639 -0.0136601 -0.0257998 0.059913 0.0177077 0.998047 0.854822
60 74 0 1 0 0 0 0 1 0 0 0 0 1 0
75 76 0 1 0 0 0 0 1 0 0 0 0 1 0
75 77 13 0.999576 0.0271776 -0.0104908 0.703393 -0.0272334 0.999615 -0.00522127 -0.425742 0.0103449 0.00550475 0.999931 0.569194
75 78 63 0.999544 0.0163977 -0.0253698 0.833341 -0.0168024 0.999734 -0.0158209 -0.31046 0.0251036 0.0162399 0.999553 0.457338
75 79 100 0.999465 0.0222355 -0.023979 0.762491 -0.0226959 0.99956 -0.0191004 -0.349372 0.0235438 0.0196344 0.99953 0.54456
75 80 47 0.998883 0.0299972 -0.0365183 0.76637 -0.03079 0.999298 -0.0213441 -0.285292 0.0358524 0.0224446 0.999105 0.575574
75 81 67 0.998919 0.0249965 -0.03919 0.794846 -0.0260964 0.999272 -0.0278115 -0.341451 0.0384663 0.0288042 0.998845 0.501628
75 82 78 0.998793 0.0275487 -0.0406679 0.803202 -0.0288214 0.999102 -0.0310485 -0.391421 0.0397761 0.0321831 0.99869 0.449061
75 83 87 0.998636 0.0312907 -0.0417934 0.768653 -0.0327208 0.998887 -0.0339838 -0.349878 0.0406835 0.035305 0.998548 0.535498
75 84 43 0.997162 0.0318411 -0.068214 0.824842 -0.034049 0.998925 -0.0314539 -0.35831 0.0671392 0.0336873 0.997175 0.43732
75 85 20 0.999068 0.0354817 -0.0245788 0.744813 -0.0368397 0.997683 -0.0571957 -0.350531 0.0224925 0.0580479 0.99806 0.567787
75 86 98 0.994371 0.0327508 -0.100768 0.870205 -0.0363728 0.998749 -0.0343188 -0.348949 0.0995182 0.0377908 0.994318 0.347818
75 87 46 0.995346 0.0401904 -0.0875859 0.828781 -0.043618 0.998341 -0.0375768 -0.380171 0.0859304 0.0412223 0.995448 0.4106
75 88 55 0.971026 0.0354602 -0.236329 0.86618 -0.0284642 0.999052 0.0329504 -0.434133 0.237273 -0.0252687 0.971114 0.247508
75 89 55 0.991476 0.0502536 -0.120207 0.903395 -0.0562216 0.997322 -0.0467809 -0.302375 0.117534 0.0531404 0.991646 0.30405
90 91 23 0.999974 0.0071412 -0.000925892 -0.0637224 -0.00713757 0.999967 0.00387043 -0.225558 0.000953501 -0.00386372 0.999992 0.972144
90 92 147 0.999065 0.0161168 -0.0401204 0.99671 -0.0158752 0.999854 0.0063325 0.034021 0.0402166 -0.00568966 0.999175 0.0735689
90 93 194 0.998909 0.0164511 -0.043708 0.99338 -0.0158905 0.999787 0.0131414 -0.023972 0.0439149 -0.0124325 0.998958 0.112348
90 94 113 0.996136 0.03083 -0.0822353 0.996764 -0.0288263 0.999261 0.0254428 -0.0782801 0.0829589 -0.022974 0.996288 -0.0182547
90 95 27 0.998002 0.0273308 0.056968 -0.766414 -0.0298865 0.998562 0.0445052 -0.22912 -0.0556697 -0.0461188 0.997384 0.600095
90 96 43 0.998559 0.0392653 -0.0365743 0.770968 -0.0380211 0.998694 0.0341154 0.147043 0.0378661 -0.0326757 0.998748 -0.619666
90 97 0 1 0 0 0 0 1 0 0 0 0 1 0
90 98 0 1 0 0 0 0 1 0 0 0 0 1 0
90 99 0 1 0 0 0 0 1 0 0 0 0 1 0
90 100 0 1 0 0 0 0 1 0 0 0 0 1 0
90 101 0 1 0 0 0 0 1 0 0 0 0 1 0
90 102 0 1 0 0 0 0 1 0 0 0 0 1 0
90 103 13 0.99221 0.124575 0.000235102 0.907664 -0.123393 0.982533 0.139291 0.230864 0.0171212 -0.138235 0.990251 0.350498
90 104 41 0.98629 0.1472 -0.0745908 0.969349 -0.137204 0.982631 0.124947 0.243918 0.0916874 -0.113 0.989356 -0.029425
105 106 189 0.998408 0.0202786 -0.0526368 0.954568 -0.0207016 0.999758 -0.00750487 0.267021 0.0524718 0.00858259 0.998586 -0.132284
105 107 74 0.999553 0.0266953 0.0134358 -0.914416 -0.0269481 0.999456 0.0189982 -0.380387 -0.0129214 -0.0193518 0.999729 -0.138383
105 108 43 0.999625 0.0254364 -0.0101367 -0.400973 -0.0252574 0.999529 0.017411 -0.219409 0.0105748 -0.0171485 0.999797 -0.889427
105 109 0 1 0 0 0 0 1 0 0 0 0 1 0
105 110 0 1 0 0 0 0 1 0 0 0 0 1 0
105 111 102 0.997975 0.0317371 -0.0551263 0.848878 -0.0298596 0.998957 0.0345545 0.301788 0.0561654 -0.0328385 0.997881 -0.43397
105 112 33 0.998333 0.0484428 -0.0313725 0.400154 -0.0469009 0.997739 0.0481466 0.00358587 0.0336339 -0.0465949 0.998347 -0.916441
105 113 94 0.996996 0.0350102 -0.0690909 0.969659 -0.0329117 0.998969 0.0312821 0.244353 0.0701148 -0.0289142 0.99712 0.00734798
105 114 54 0.988435 0.0283591 -0.148969 0.991978 -0.0253456 0.999435 0.0220889 0.124322 0.149511 -0.0180578 0.988595 -0.0228726
105 115 86 0.985801 0.0196113 -0.166771 0.984018 -0.0184743 0.999794 0.00836641 0.177935 0.166901 -0.00516664 0.98596 -0.00694486
105 116 79 0.990982 0.0227687 -0.132045 0.983801 -0.0213831 0.999701 0.0119022 0.165579 0.132276 -0.0089713 0.991172 -0.0687015
105 117 0 1 0 0 0 0 1 0 0 0 0 1 0
105 118 0 1 0 0 0 0 1 0 0 0 0 1 0
105 119 0 1 0 0 0 0 1 0 0 0 0 1 0
120 121 38 0.999996 -0.00115508 0.0023819 0.646757 0.00115498 0.999999 4.09252e-05 -0.011603 -0.00238195 -3.8174e-05 0.999997 0.762608
120 122 51 0.999996 -0.00282087 -0.000532741 0.933353 0.00282269 0.99999 0.00344873 -0.127908 0.000523007 -0.00345021 0.999994 0.335397
120 123 20 0.999976 -0.00592219 0.00361689 0.933352 0.00590176 0.999967 0.00563377 -0.357838 -0.00365014 -0.00561229 0.999978 -0.0283793
120 124 140 0.999861 -0.00980839 -0.0134546 0.952085 0.00993018 0.99991 0.00901528 -0.235445 0.013365 -0.00914764 0.999869 0.19519
120 125 48 0.999774 -0.0210548 0.00288624 -0.312857 0.0210228 0.999722 0.0106903 -0.374678 -0.00311052 -0.0106272 0.999939 -0.872775
120 126 30 0.999989 0.00242429 -0.00403268 0.950354 -0.00241428 0.999994 0.00248537 -0.309017 0.00403868 -0.00247561 0.999989 -0.0365583
120 127 89 0.999914 0.00516539 -0.0120264 0.860596 -0.00522721 0.999973 -0.00511521 -0.161055 0.0119997 0.00517763 0.999915 0.483151
120 128 0 1 0 0 0 0 1 0 0 0 0 1 0
120 129 10 1 0.000127947 0.000322906 0.569756 -0.000127806 1 -0.000436265 -0.1012 -0.000322961 0.000436224 1 -0.815559
120 130 0 1 0 0 0 0 1 0 0 0 0 1 0
120 131 24 0.99982 -0.00551326 -0.0181618 0.545382 0.00550237 0.999985 -0.000649346 -0.434887 0.0181651 0.000549296 0.999835 0.716542
120 132 117 0.997716 0.00825088 -0.0670404 0.974671 -0.00767514 0.999931 0.00884105 -0.212449 0.0671087 -0.00830631 0.997711 0.0698719
120 133 0 1 0 0 0 0 1 0 0 0 0 1 0
120 134 0 1 0 0 0 0 1 0 0 0 0 1 0
135 136 0 1 0 0 0 0 1 0 0 0 0 1 0
135 137 133 0.998899 0.0117159 -0.0454196 0.956079 -0.0113222 0.999896 0.00891656 0.196278 0.0455193 -0.00839249 0.998928 -0.217687
135 138 85 0.998462 0.0141194 -0.0536087 0.955954 -0.0127781 0.999599 0.0252808 0.143976 0.0539441 -0.0245569 0.998242 -0.255779
135 139 156 0.995758 0.0247997 -0.0886105 0.951211 -0.0223483 0.999342 0.0285505 0.168353 0.0892603 -0.0264491 0.995657 -0.258562
135 140 106 0.99735 0.0204798 -0.069815 0.960436 -0.0179739 0.999178 0.0363355 0.151982 0.0705018 -0.0349844 0.996898 -0.233375
135 141 66 0.99558 0.0282757 -0.0895648 0.942255 -0.024894 0.998943 0.038652 0.18204 0.090563 -0.0362516 0.995231 -0.281098
135 142 48 0.992452 0.0316775 -0.118473 0.809973 -0.0260261 0.998462 0.0489491 0.10478 0.119841 -0.0454963 0.99175 -0.577031
135 143 65 0.987437 0.0440036 -0.151766 0.952216 -0.03638 0.99795 0.0526499 0.134074 0.153771 -0.0464672 0.987013 -0.274424
135 144 51 0.992204 0.0458448 -0.115883 0.936838 -0.0389792 0.997386 0.0608346 0.154489 0.118369 -0.0558433 0.991398 -0.313796
135 145 93 0.987344 0.0606871 -0.146524 0.934668 -0.0522205 0.996773 0.0609572 0.14846 0.14975 -0.0525341 0.987327 -0.323041
135 146 20 0.986586 0.0717483 -0.146627 0.906175 -0.0627215 0.995893 0.0652912 0.154721 0.15071 -0.0552187 0.987035 -0.393585
135 147 35 0.994865 0.0666742 -0.0761468 -0.966548 -0.060829 0.9952 0.0766615 -0.129777 0.0808927 -0.0716359 0.994145 -0.221229
135 148 43 0.979772 0.0968423 -0.175126 0.935815 -0.0874372 0.994321 0.0606638 0.154124 0.180006 -0.0441242 0.982675 -0.317011
135 149 21 0.972735 0.0905143 -0.213525 0.948742 -0.0784891 0.994848 0.0641559 0.105062 0.218232 -0.0456473 0.974829 -0.298079
150 151 104 0.99929 0.00462265 -0.037404 0.913241 -0.00414263 0.999908 0.0129008 -0.142894 0.0374602 -0.0127367 0.999217 -0.38154
150 152 12 0.99957 -0.00680867 -0.028535 0.497376 0.00700141 0.999953 0.00666014 -0.188531 0.0284884 -0.00685706 0.999571 0.846802
150 153 0 1 0 0 0 0 1 0 0 0 0 1 0
150 154 22 0.99973 -0.0220967 -0.00725374 -0.65514 0.0220456 0.999732 -0.00705156 -0.145567 0.00740761 0.00688974 0.999949 0.741351
150 155 0 1 0 0 0 0 1 0 0 0 0 1 0
150 156 0 1 0 0 0 0 1 0 0 0 0 1 0
150 157 0 1 0 0 0 0 1 0 0 0 0 1 0
150 158 30 0.991838 -0.0170919 -0.126354 0.548642 0.015637 0.9998 -0.0124976 0.0531001 0.126542 0.0104198 0.991906 -0.834369
150 159 11 0.98996 -0.0135123 -0.1407 0.573497 0.0126273 0.999894 -0.00718058 0.0799501 0.140782 0.00533182 0.990026 -0.815297
150 160 0 1 0 0 0 0 1 0 0 0 0 1 0
150 161 54 0.984406 -0.000463264 -0.175909 0.968752 -0.00108125 0.999962 -0.00868424 0.110291 0.175907 0.00873903 0.984368 -0.222159
150 162 17 0.987862 -0.00458986 -0.155266 -0.712429 0.00364433 0.999973 -0.00637389 0.24281 0.155291 0.00573068 0.987852 -0.658399
150 163 12 0.985902 0.000891213 -0.16732 -0.465106 -0.000780251 0.999999 0.000728911 0.131097 0.16732 -0.000588083 0.985902 -0.875494
150 164 35 0.956068 0.0259603 -0.291992 0.979508 -0.0248643 0.999663 0.0074643 0.0880076 0.292088 0.000123816 0.956392 -0.181157
165 166 12 0.999964 0.00465929 -0.00704298 0.819293 -0.0046441 0.999987 0.00217209 0.173422 0.007053 -0.00213931 0.999973 0.546519
165 167 104 0.999237 0.0237667 -0.0309797 0.918649 -0.0233364 0.999627 0.0141796 -0.14476 0.0313052 -0.0134458 0.999419 -0.367598
165 168 217 0.992065 0.0298812 -0.122123 0.990784 -0.0273333 0.999373 0.0224858 -0.0643296 0.122718 -0.0189693 0.99226 -0.119204
165 169 109 0.998414 0.0377442 -0.0417673 0.901951 -0.03704 0.99916 0.0175073 -0.156265 0.042393 -0.0159324 0.998974 0.402574
165 170 62 0.997232 0.0325216 -0.0668608 0.973154 -0.0315881 0.999389 0.0149711 -0.078362 0.0673069 -0.0128177 0.99765 0.216406
165 171 73 0.996349 0.0377735 -0.0765581 0.966467 -0.0361364 0.99909 0.0226576 -0.0854974 0.0773443 -0.0198083 0.996808 0.242142
165 172 63 0.994898 0.0427489 -0.0913776 0.896831 -0.0400045 0.998698 0.0316579 -0.13853 0.092612 -0.0278409 0.995313 0.420124
165 173 19 0.993919 0.064253 -0.0894196 0.218322 -0.0613556 0.99751 0.0347847 -0.199527 0.0914319 -0.0290868 0.995386 0.955261
165 174 11 0.992025 0.0720439 -0.103425 0.2278 -0.069708 0.997228 0.0260299 -0.148177 0.105013 -0.0186127 0.994297 0.962367
165 175 0 1 0 0 0 0 1 0 0 0 0 1 0
165 176 13 0.989088 0.0807887 -0.1232 0.302925 -0.0797843 0.996726 0.0130723 -0.121183 0.123853 -0.00310019 0.992296 0.945278
165 177 89 0.996274 0.071425 0.0483399 -0.882543 -0.0697496 0.996933 -0.0355031 0.165357 -0.0507275 0.0319991 0.9982 0.4402
165 178 24 0.985105 0.083706 -0.150201 0.804919 -0.0830907 0.996488 0.0103789 -0.152441 0.150543 0.00225607 0.988601 0.573469
165 179 24 0.985271 0.0820879 -0.15001 0.370235 -0.0808927 0.996624 0.0140629 -0.0519608 0.150658 -0.00172109 0.988584 0.927484
180 181 0 1 0 0 0 0 1 0 0 0 0 1 0
180 182 266 0.999216 0.00365291 0.0394203 -0.889306 -0.00375107 0.99999 0.00241659 0.047105 -0.0394111 -0.00256256 0.99922 0.45488
180 183 247 0.997854 0.00928567 -0.0648136 0.995464 -0.0085404 0.999894 0.0117663 -0.0672579 0.064916 -0.0111876 0.997828 0.067292
180 184 17 0.998937 0.0136767 -0.0440188 0.899706 -0.0133856 0.999887 0.00690164 -0.0512094 0.0441082 -0.00630509 0.999007 0.433483
180 185 62 0.999135 0.0190083 -0.036974 0.932761 -0.0188087 0.999807 0.00574118 -0.152635 0.037076 -0.00504079 0.9993 0.326588
180 186 58 0.99907 0.00936488 -0.0420865 0.948325 -0.00914961 0.999944 0.00530471 -0.129587 0.0421338 -0.0049147 0.9991 0.289633
180 187 143 0.99348 0.0094553 -0.113617 0.987232 -0.00819358 0.9999 0.0115669 -0.10174 0.113715 -0.0105606 0.993457 0.122566
180 188 30 0.997051 0.0111508 -0.0759233 0.968657 -0.0105619 0.999911 0.00815273 -0.109226 0.0760075 -0.00732679 0.99708 0.223099
180 189 0 1 0 0 0 0 1 0 0 0 0 1 0
180 190 25 0.996199 0.0516442 -0.0701462 0.939034 -0.04971 0.998341 0.0290461 -0.162608 0.0715299 -0.0254487 0.997114 0.30294
180 191 27 0.99742 -9.22819e-05 -0.0717823 -0.861686 0.000736919 0.99996 0.00895401 0.249706 0.0717786 -0.00898381 0.99738 0.441752
180 192 0 1 0 0 0 0 1 0 0 0 0 1 0
180 193 53 0.986625 0.0363119 -0.158909 0.986043 -0.0326136 0.999134 0.0258201 -0.112049 0.159709 -0.0202922 0.986956 0.123147
180 194 0 1 0 0 0 0 1 0 0 0 0 1 0
195 196 11 0.999937 0.00463544 0.0101781 -0.992622 -0.00463894 0.999989 0.000320387 0.0212297 -0.0101765 -0.000367583 0.999948 -0.119381
195 197 0 1 0 0 0 0 1 0 0 0 0 1 0
195 198 28 0.999701 0.022303 -0.0100048 0.308223 -0.0222773 0.999748 0.00267073 -0.108425 0.0100618 -0.00244705 0.999946 0.945115
195 199 84 0.999136 0.0172273 -0.0378174 0.978342 -0.0168255 0.999799 0.0109171 -0.16063 0.0379979 -0.0102714 0.999225 -0.130556
195 200 28 0.998366 0.0516518 0.024434 -0.974158 -0.0515408 0.998658 -0.0051501 0.0799914 -0.0246672 0.00388233 0.999688 -0.21123
195 201 0 1 0 0 0 0 1 0 0 0 0 1 0
195 202 0 1 0 0 0 0 1 0 0 0 0 1 0
195 203 111 0.992682 0.0635236 -0.102702 0.989728 -0.0643597 0.997915 -0.00484456 -0.0874454 0.10218 0.011419 0.9947 -0.113099
195 204 15 0.99664 0.0439973 -0.0690906 0.89007 -0.0443795 0.999007 -0.00400518 -0.0457949 0.0688457 0.00705793 0.997602 -0.453519
195 205 0 1 0 0 0 0 1 0 0 0 0 1 0
195 206 81 0.997753 0.0567993 -0.0355488 -0.863933 -0.0571507 0.998325 -0.00894697 0.148137 0.0349811 0.0109585 0.999328 -0.481326
195 207 20 0.998037 0.060617 -0.0157145 -0.861458 -0.0607237 0.998134 -0.00640189 -0.0558442 0.0152972 0.00734357 0.999856 0.504749
195 208 11 0.992679 0.0629347 -0.103088 0.988849 -0.0642201 0.997893 -0.00919522 -0.0101537 0.102292 0.0157482 0.99463 -0.148578
195 209 0 1 0 0 0 0 1 0 0 0 0 1 0
210 211 24 0.999964 -0.00433992 -0.00725331 0.264916 0.00435565 0.999988 0.00215402 -0.176822 0.00724388 -0.00218553 0.999971 0.94792
210 212 0 1 0 0 0 0 1 0 0 0 0 1 0
210 213 142 0.997775 -0.0105453 -0.0658377 0.983297 0.0108377 0.999933 0.0040868 -0.0946707 0.0657902 -0.00479124 0.997822 0.155447
210 214 36 0.999796 -0.00687211 -0.0189949 -0.0121725 0.00675308 0.999957 -0.00632353 0.108002 0.0190376 0.00619397 0.9998 -0.994076
210 215 0 1 0 0 0 0 1 0 0 0 0 1 0
210 216 100 0.993663 -0.0106426 -0.111896 0.987084 0.0104017 0.999942 -0.00273613 -0.125301 0.111919 0.00155488 0.993716 0.0998287
210 217 66 0.996559 -0.0105044 -0.0822168 0.99187 0.0097724 0.999909 -0.00930024 -0.124112 0.082307 0.00846478 0.996571 0.0280924
210 218 43 0.998992 -0.0212263 -0.0395545 -0.00957231 0.0204393 0.999587 -0.0201959 -0.0715282 0.0399669 0.0193671 0.999013 0.997393
210 219 67 0.986446 0.00541463 -0.164 0.977473 -0.00481847 0.99998 0.00403272 -0.180816 0.164018 -0.00318784 0.986452 0.108865
210 220 41 0.997797 -0.000637782 -0.0663446 -0.795865 -0.000362291 0.999887 -0.0150608 0.218146 0.0663467 0.0150516 0.997683 -0.564811
210 221 11 -0.875355 -0.00502338 0.483454 0.174637 0.0253767 -0.999045 0.0355672 0.0228031 0.482814 0.0434024 0.874647 0.984369
210 222 0 1 0 0 0 0 1 0 0 0 0 1 0
210 223 0 1 0 0 0 0 1 0 0 0 0 1 0
210 224 35 0.985341 0.0290697 -0.168099 0.870451 -0.0297033 0.999558 -0.00125565 -0.255711 0.167988 0.00623034 0.985769 0.420627
225 226 195 0.999661 0.00854005 -0.0246155 0.971765 -0.00850496 0.999963 0.00152975 -0.135258 0.0246277 -0.00131988 0.999696 0.193333
225 227 37 0.999919 0.00318606 -0.012334 0.706354 -0.00322252 0.99999 -0.00293704 -0.237448 0.0123245 0.00297655 0.99992 0.666845
225 228 58 0.999711 0.0122722 -0.0206591 0.36435 -0.0123327 0.99992 -0.00280287 -0.0250233 0.020623 0.00305684 0.999783 -0.930926
225 229 42 0.999651 0.0103687 -0.0243035 0.857979 -0.0102845 0.999941 0.00358407 -0.151083 0.0243392 -0.00333287 0.999698 0.490965
225 230 63 0.998723 0.00648733 -0.0501011 0.921253 -0.00617816 0.999961 0.00632329 -0.168367 0.0501402 -0.00600568 0.998724 0.350635
225 231 60 0.998353 0.00798624 -0.0568115 0.546888 -0.00786498 0.999966 0.00235772 -0.101283 0.0568285 -0.00190701 0.998382 0.831057
225 232 60 0.998255 0.00619321 -0.0587178 0.684845 -0.0060199 0.999977 0.00312797 -0.0591231 0.0587358 -0.00276904 0.99827 0.726287
225 233 45 0.997771 0.000790101 -0.0667218 0.884512 -0.000339347 0.999977 0.00676679 -0.102532 0.0667256 -0.00672906 0.997749 0.455111
225 234 46 0.997929 0.00106987 -0.0643168 0.995329 -0.000521494 0.999963 0.0085423 -0.0964759 0.0643236 -0.00849107 0.997893 0.00354501
225 235 252 0.995771 0.00657257 -0.0916296 0.977312 -0.00538074 0.999898 0.013248 -0.087479 0.0917073 -0.012699 0.995705 0.192897
225 236 57 0.996031 0.00668436 -0.0887577 0.87531 -0.00537393 0.999873 0.0149949 -0.103084 0.0888467 -0.0144584 0.99594 0.472447
225 237 83 0.991452 0.0166453 -0.129406 0.967001 -0.0145268 0.999745 0.0172982 -0.0930373 0.129661 -0.0152705 0.991441 0.237177
225 238 44 0.994976 0.0184385 -0.0983974 0.803069 -0.0166896 0.999688 0.0185678 -0.0625314 0.0987091 -0.0168323 0.994974 -0.592596
225 239 53 0.994691 0.0155637 -0.101722 -0.867865 -0.0134412 0.999678 0.0215174 0.071458 0.102024 -0.0200359 0.99458 0.491634
240 241 27 0.999993 0.000149376 0.00361947 -0.9874 -0.000152732 1 0.000927007 0.00577224 -0.00361933 -0.000927553 0.999993 0.158136
240 242 240 0.999014 0.00777099 -0.0437189 0.977433 -0.00756464 0.999959 0.00488338 -0.0717465 0.0437551 -0.00454784 0.999032 0.19869
240 243 164 0.99793 0.0133277 -0.062907 0.997422 -0.0129351 0.999894 0.00664495 -0.055766 0.0629889 -0.0058175 0.997997 0.0451593
240 244 101 0.99803 0.0186166 -0.059913 0.984665 -0.0184547 0.999824 0.00325553 -0.0319409 0.059963 -0.00214344 0.998198 0.171506
240 245 206 0.991693 0.0311142 -0.124806 0.994257 -0.0306193 0.999514 0.00588211 -0.0560458 0.124929 -0.00201176 0.992164 0.0911707
240 246 162 0.994797 0.0241635 -0.0989678 0.992026 -0.0232641 0.999677 0.0102319 -0.119052 0.0991831 -0.0078763 0.995038 -0.041375
240 247 71 0.994245 0.0369234 -0.100568 0.997714 -0.0365764 0.999317 0.00529221 -0.0643484 0.100694 -0.00158335 0.994916 0.0206436
240 248 119 0.99086 0.0401747 -0.128774 0.990197 -0.0391151 0.999177 0.0107483 -0.109225 0.1291 -0.00561301 0.991616 0.0870581
240 249 109 0.990612 0.0501289 -0.127182 0.980561 -0.0495148 0.998741 0.00798754 -0.102842 0.127423 -0.00161514 0.991847 0.167106
240 250 13 0.991905 0.0497156 -0.116844 -0.377345 -0.049875 0.998754 0.00156104 -0.0963597 0.116776 0.00427921 0.993149 0.921046
240 251 0 1 0 0 0 0 1 0 0 0 0 1 0
240 252 11 0.985452 0.153242 -0.0734928 -0.608966 -0.157582 0.985837 -0.0573928 -0.0469126 0.0636569 0.068139 0.995643 0.791807
240 253 0 1 0 0 0 0 1 0 0 0 0 1 0
240 254 65 0.969545 0.0909197 -0.227413 0.882309 -0.0979842 0.994988 -0.0199466 -0.0342475 0.224459 0.041622 0.973594 0.469423
255 256 22 0.999995 -0.00174297 0.00249198 -0.39633 0.00172222 0.999964 0.00830294 0.122332 -0.00250636 -0.00829861 0.999962 -0.909922
255 257 48 0.999708 0.00321767 -0.0239679 0.897659 -0.0028226 0.99986 0.0164989 0.0209329 0.0240177 -0.0164264 0.999577 -0.440194
255 258 112 0.999958 -0.00707334 0.00575395 -0.776339 0.00696663 0.999807 0.0183599 0.172037 -0.00588271 -0.0183191 0.999815 -0.606383
255 259 141 0.999801 -0.0139359 0.0142576 -0.692294 0.0135991 0.999632 0.0234516 0.17058 -0.0145792 -0.0232531 0.999623 -0.701165
255 260 38 0.898238 0.0656023 0.434585 -0.676695 0.132931 0.901935 -0.410904 0.694589 -0.418924 0.426859 0.801432 0.244191
255 261 19 0.996283 -0.0813079 -0.0284328 0.238879 0.0829092 0.994713 0.0606029 -0.162233 0.023355 -0.062735 0.997757 0.957401
255 262 39 0.997408 0.0188939 -0.0694272 0.871772 -0.0174454 0.999619 0.0214099 0.156377 0.0698052 -0.0201432 0.997357 0.464285
255 263 58 0.997967 -0.0126303 -0.0624691 0.85283 0.0144673 0.999473 0.0290419 -0.0347923 0.0620694 -0.0298866 0.997624 0.521029
255 264 0 1 0 0 0 0 1 0 0 0 0 1 0
255 265 31 0.99382 0.00397085 -0.110933 0.880558 -0.00151946 0.999753 0.0221738 -0.0446984 0.110994 -0.0218682 0.993581 0.471826
255 266 84 0.986816 0.0202937 -0.160569 0.900127 -0.0178692 0.999704 0.0165289 -0.0244042 0.160857 -0.0134417 0.986886 0.434943
255 267 0 1 0 0 0 0 1 0 0 0 0 1 0
255 268 40 0.987247 0.0266178 -0.156953 0.913104 -0.0239306 0.999533 0.0189862 -0.0925193 0.157385 -0.0149881 0.987424 0.397092
255 269 36 0.890353 0.117289 -0.439902 0.89883 -0.123115 0.992273 0.0153837 -0.0343488 0.438308 0.0404616 0.897914 0.436949
270 271 19 0.999968 -0.00154868 -0.00779912 0.166942 0.00158136 0.99999 0.00418587 -0.279119 0.00779256 -0.00419807 0.999961 0.945634
270 272 14 0.99993 0.00987652 -0.006536 -0.243141 -0.0098865 0.99995 -0.00149691 0.43317 0.00652089 0.00156142 0.999978 -0.867898
270 273 67 0.999665 0.0166233 0.0198626 -0.760067 -0.0162937 0.999729 -0.0166406 0.117794 -0.0201339 0.0163114 0.999664 0.63908
270 274 74 0.998188 0.0266873 -0.0539373 0.895718 -0.0264738 0.999639 0.00466908 -0.300862 0.0540424 -0.00323269 0.998533 0.327371
270 275 56 0.999543 0.0300929 -0.00292698 0.327333 -0.0300894 0.999546 0.00121194 -0.37109 0.00296212 -0.00112332 0.999995 0.868991
270 276 48 0.999249 0.0253854 -0.0292805 0.537915 -0.0243048 0.999031 0.0366881 -0.623186 0.0301834 -0.0359488 0.998898 0.567703
270 277 47 0.995826 0.023358 0.0882332 -0.775255 -0.0210883 0.999425 -0.0265693 0.0463737 -0.088803 0.0245977 0.995745 0.629943
270 278 20 0.999237 0.0026175 0.03898 -0.0212551 -0.00180028 0.999778 -0.0209855 -0.152885 -0.0390262 0.0208993 0.99902 0.988015
270 279 0 1 0 0 0 0 1 0 0 0 0 1 0
270 280 20 0.999351 0.0219844 0.0285254 0.268139 -0.0215709 0.999659 -0.0147227 -0.231242 -0.0288394 0.0140978 0.999485 0.935216
270 281 41 0.996898 0.020516 -0.075982 0.853396 -0.0199538 0.999768 0.00815067 -0.224653 0.0761316 -0.00660926 0.997076 0.470368
270 282 0 1 0 0 0 0 1 0 0 0 0 1 0
270 283 25 0.947847 0.0313626 -0.317179 0.874853 -0.013177 0.998152 0.0593193 -0.199073 0.318453 -0.0520462 0.946509 0.44159
270 284 21 0.998947 -0.0350527 0.0295905 0.268469 0.0352925 0.999348 -0.00761893 -0.10039 -0.0293041 0.00865523 0.999533 0.958043
285 286 0 1 0 0 0 0 1 0 0 0 0 1 0
285 287 74 0.999912 0.00363711 -0.0127785 0.86595 -0.00358323 0.999985 0.00423721 -0.0311015 0.0127937 -0.00419105 0.999909 -0.499163
285 288 0 1 0 0 0 0 1 0 0 0 0 1 0
285 289 202 0.998395 0.0129554 -0.0551379 0.980423 -0.012417 0.999872 0.010097 -0.187495 0.0552616 -0.00939615 0.998428 -0.06013
285 290 45 0.999597 0.0102444 -0.0264822 0.921179 -0.0101929 0.999946 0.00208212 -0.145475 0.0265021 -0.00181135 0.999647 -0.360925
285 291 173 0.998833 0.0167409 -0.0453099 0.991374 -0.0165724 0.999854 0.00409246 -0.11883 0.0453718 -0.00333679 0.998965 -0.0552975
285 292 75 0.998802 0.0249249 -0.0420992 0.927613 -0.0247157 0.999679 0.00548172 -0.124917 0.0422224 -0.00443465 0.999098 -0.352036
285 293 0 1 0 0 0 0 1 0 0 0 0 1 0
285 294 46 0.981359 -0.014146 0.191664 -0.885563 0.0316775 0.995553 -0.0887171 0.450942 -0.189557 0.0931347 0.977443 -0.111485
285 295 74 0.997663 0.0511174 -0.045339 0.997702 -0.0510045 0.998692 0.00364544 -0.0550628 0.045466 -0.00132443 0.998965 0.0394749
285 296 0 1 0 0 0 0 1 0 0 0 0 1 0
285 297 0 1 0 0 0 0 1 0 0 0 0 1 0
285 298 14 0.996901 0.0785956 -0.00335732 0.301546 -0.0784751 0.996541 0.0273531 0.351377 0.00549554 -0.0270049 0.99962 -0.886343
285 299 44 0.993056 0.117408 -0.00747537 0.989565 -0.117172 0.992755 0.0266061 -0.0721337 0.010545 -0.0255454 0.999618 -0.124734
300 301 15 0.999944 0.00956813 0.00457516 -0.314646 -0.00955677 0.999951 -0.00249804 0.0256587 -0.00459884 0.00245418 0.999986 0.948862
300 302 0 1 0 0 0 0 1 0 0 0 0 1 0
300 303 42 0.999611 0.0189689 -0.0204265 0.956848 -0.0190106 0.999818 -0.00185337 -0.1428 0.0203876 0.00224097 0.99979 -0.25308
300 304 17 0.999765 0.0209905 -0.00547404 -0.456754 -0.0210351 0.999745 -0.00822949 -0.217072 0.0052999 0.0083427 0.999951 0.862702
300 305 19 0.999868 0.0142917 -0.00773517 0.202784 -0.0144291 0.999734 -0.018019 -0.0885631 0.00747558 0.0181282 0.999808 -0.97521
300 306 0 1 0 0 0 0 1 0 0 0 0 1 0
300 307 15 0.999723 0.00955649 -0.0215029 0.210288 -0.0100776 0.999655 -0.024257 -0.104233 0.0212637 0.024467 0.999474 -0.972067
300 308 47 0.99994 -0.00241245 -0.0106613 -0.89743 0.0021366 0.999665 -0.0258104 0.133579 0.01072 0.0257861 0.99961 -0.420447
300 309 33 0.999353 -0.000738504 -0.0359462 0.980986 -0.000171071 0.99968 -0.0252941 -0.172735 0.0359534 0.0252839 0.999034 -0.0884801
300 310 47 0.988906 -0.0120814 -0.148053 0.946396 0.0143775 0.999792 0.0144481 -0.321416 0.147847 -0.0164164 0.988874 -0.0320343
300 311 50 0.992251 -0.0190377 -0.122781 0.940917 0.0195869 0.999803 0.00326731 -0.327234 0.122695 -0.0056469 0.992428 -0.087138
300 312 26 0.998355 0.00341995 -0.0572299 0.972828 -0.00523055 0.99949 -0.0315176 -0.0669035 0.0570929 0.0317651 0.997863 -0.221651
300 313 17 0.998243 -0.0567094 -0.0171873 -0.141796 0.0559293 0.997513 -0.0429007 0.224186 0.0195774 0.0418641 0.998931 -0.964176
300 314 69 0.991312 -0.0251085 -0.129109 0.958264 0.0226367 0.999532 -0.020577 -0.220726 0.129566 0.0174756 0.991417 -0.181685
315 316 30 0.999984 0.00396413 -0.00408886 -0.40719 -0.00396596 0.999992 -0.000439925 -0.326115 0.00408709 0.000456134 0.999992 0.853138
315 317 34 0.999778 0.0107989 -0.0180651 0.572882 -0.0112229 0.99966 -0.0235408 0.734636 0.0178047 0.0237383 0.99956 -0.363478
315 318 0 1 0 0 0 0 1 0 0 0 0 1 0
315 319 101 0.999101 0.0031601 -0.0422842 0.992698 -0.0036189 0.999935 -0.0107782 -0.120525 0.0422474 0.0109215 0.999047 0.00500312
315 320 39 0.999932 -0.010489 -0.00503821 -0.987331 0.0103955 0.99978 -0.018238 0.11901 0.0052284 0.0181844 0.999821 -0.104953
315 321 127 0.998717 -0.00558528 -0.0503299 0.928693 0.00483856 0.999877 -0.0149462 -0.0622749 0.0504072 0.0146835 0.998621 -0.365583
315 322 124 0.999788 -0.0194609 -0.00671264 -0.888183 0.0193061 0.999562 -0.0224117 0.209118 0.00714586 0.0222774 0.999726 -0.409145
315 323 188 0.99704 -0.000859033 -0.0768757 0.969444 -0.000340936 0.999878 -0.0155947 -0.107415 0.0768798 0.0155748 0.996919 -0.220546
315 324 147 0.993183 -0.0186491 -0.115061 0.902472 0.0206065 0.999662 0.0158463 -0.327701 0.114727 -0.0181092 0.993232 -0.279563
315 325 88 0.997217 -0.00185161 -0.074531 0.962047 0.000322673 0.999789 -0.020521 -0.0187132 0.0745533 0.0204398 0.997008 -0.27224
315 326 172 0.995078 -0.00481444 -0.0989747 0.965447 0.00380275 0.999939 -0.0104078 -0.0901329 0.0990188 0.00998024 0.995036 -0.244518
315 327 80 0.995928 -0.0139174 -0.0890686 0.933731 0.0130174 0.999858 -0.0106779 -0.106001 0.0892046 0.00947499 0.995968 -0.341922
315 328 65 0.995225 -0.00362708 -0.0975406 0.953196 0.00237402 0.999913 -0.0129596 -0.078408 0.0975792 0.0126661 0.995147 -0.292009
315 329 45 0.994589 0.0110484 -0.103297 0.882172 -0.0127052 0.999801 -0.0153951 -0.0989036 0.103106 0.0166242 0.994531 -0.460425
330 331 10 0.999964 -0.00443878 -0.00721417 0.800155 0.0044578 0.999987 0.00262169 -0.0800994 0.00720244 -0.00265375 0.999971 -0.594421
330 332 76 0.999879 -0.00745205 -0.0136246 0.993054 0.00749674 0.999967 0.00323219 -0.0839866 0.0136 -0.00333394 0.999902 -0.0823982
330 333 62 0.999649 -0.00553701 -0.025892 0.974248 0.00559415 0.999982 0.00213517 -0.166879 0.0258797 -0.00227927 0.999662 -0.151632
330 334 45 0.999826 -0.00706874 -0.0172703 0.131986 0.00695229 0.999953 -0.00679385 -0.0159237 0.0173175 0.0066726 0.999828 -0.991124
330 335 31 0.999877 -0.00455913 -0.0150243 0.340306 0.00442823 0.999952 -0.00873461 -0.0635093 0.0150634 0.008667 0.999849 -0.938167
330 336 84 0.999636 -0.00362041 -0.0267491 0.952752 0.00340289 0.999961 -0.00817278 -0.0855338 0.0267776 0.00807877 0.999609 -0.291458
330 337 44 0.999623 -0.00798994 -0.0262503 0.975346 0.0076904 0.999904 -0.0114922 -0.0916975 0.0263396 0.011286 0.999589 -0.200728
330 338 14 0.999683 -0.00513137 -0.0246295 0.433672 0.00469003 0.999828 -0.0179432 -0.0773057 0.0247174 0.017822 0.999536 -0.897748
330 339 16 0.99969 -0.000570531 -0.0248801 0.385418 -0.000173851 0.999553 -0.0299064 0.235814 0.024886 0.0299014 0.999243 -0.892101
330 340 147 0.999081 -0.00375656 -0.0426883 0.923959 0.00250636 0.999567 -0.0293027 -0.0668316 0.0427799 0.0291688 0.998659 -0.376607
330 341 99 0.996641 0.00889696 -0.0814141 0.945602 -0.0107609 0.999689 -0.0224849 -0.0908584 0.0811887 0.0232854 0.996427 -0.31238
330 342 105 0.998242 -0.00441413 -0.0591003 0.865206 0.00286161 0.999649 -0.0263281 -0.0351201 0.0591958 0.0261127 0.997905 -0.500184
330 343 70 0.994416 -0.00991484 -0.105068 0.918249 0.00695727 0.99957 -0.0284783 0.00015679 0.105305 0.0275883 0.994057 -0.396004
330 344 45 0.998158 -0.0107849 -0.0596956 0.824333 0.00892437 0.999469 -0.0313458 0.0102508 0.0600019 0.0307553 0.997724 -0.566013
345 346 0 1 0 0 0 0 1 0 0 0 0 1 0
345 347 68 0.999587 -0.011791 0.0261909 -0.838826 0.011765 0.99993 0.00114455 0.162336 -0.0262026 -0.000835941 0.999656 -0.519633
345 348 161 0.998712 0.0126349 -0.0491302 0.915046 -0.0122615 0.999894 0.00789534 0.0231273 0.0492247 -0.00728277 0.998761 -0.402687
345 349 88 0.999651 0.00898485 -0.0248553 0.545759 -0.0088743 0.99995 0.00455459 0.212282 0.024895 -0.00433242 0.999681 -0.810607
345 350 73 0.998762 0.0121512 -0.048237 0.690184 -0.0116805 0.999881 0.0100279 0.167055 0.0483532 -0.00945209 0.998786 -0.704087
345 351 54 0.999736 0.00873636 -0.0212553 0.355878 -0.00846972 0.999885 0.0126026 0.223139 0.021363 -0.0124192 0.999695 -0.907502
345 352 90 0.9994 0.0240556 -0.0249138 0.391718 -0.0236675 0.999596 0.015757 0.219255 0.0252828 -0.0151579 0.999565 -0.893579
345 353 76 0.994316 0.0337692 -0.100973 0.781885 -0.0334741 0.999429 0.00461642 0.228567 0.101072 -0.00121019 0.994878 -0.580012
345 354 88 0.997034 0.0391044 -0.0662918 0.575104 -0.0386222 0.999217 0.00854146 0.253975 0.0665739 -0.00595579 0.997764 -0.777658
345 355 88 0.993591 0.0508185 -0.100965 0.665074 -0.0509355 0.998701 0.00142073 0.271061 0.100906 0.00373108 0.994889 -0.695847
345 356 56 0.995179 0.0750717 -0.0631097 0.503599 -0.0738887 0.997048 0.0208778 0.211187 0.0644907 -0.016114 0.997788 -0.837728
345 357 73 0.997649 0.0442782 0.0523155 -0.480293 -0.0456464 0.998638 0.0252535 0.168619 -0.0511261 -0.0275821 0.998311 -0.860747
345 358 56 0.985605 0.0778441 -0.150076 0.715013 -0.082602 0.996251 -0.0257254 0.359645 0.147511 0.0377517 0.98834 -0.599509
345 359 38 0.994455 0.0674247 -0.0806985 0.452839 -0.067567 0.997714 0.000968744 0.295666 0.0805794 0.00448919 0.996738 -0.841141
360 361 0 1 0 0 0 0 1 0 0 0 0 1 0
360 362 62 0.999772 0.00477925 -0.020818 0.370539 -0.00464001 0.999967 0.0067317 0.392487 0.0208495 -0.00663357 0.999761 -0.841816
360 363 37 0.999386 0.0166634 -0.0308224 0.481986 -0.0163816 0.999822 0.00937187 0.350893 0.0309731 -0.0088612 0.999481 -0.802847
360 364 87 0.998249 0.0178418 -0.0563956 0.680712 -0.0179512 0.999838 -0.00143456 0.430591 0.0563609 0.00244441 0.998407 -0.59264
360 365 72 0.99886 0.0192086 -0.043698 0.335927 -0.0191187 0.999814 0.00247437 0.36976 0.0437374 -0.0016361 0.999042 -0.866274
360 366 111 0.996408 0.0250157 -0.0808994 0.674889 -0.0252782 0.999678 -0.00222213 0.405637 0.0808178 0.00425914 0.99672 -0.616428
360 367 57 0.996257 0.03061 -0.0808367 0.671041 -0.0301142 0.999519 0.007346 0.356951 0.0810227 -0.00488417 0.9967 -0.649838
360 368 49 0.997549 0.0272083 -0.064468 0.396134 -0.0265008 0.999579 0.0118042 0.32657 0.064762 -0.0100669 0.99785 -0.858155
360 369 42 0.995017 0.0406143 -0.0910639 0.610061 -0.0393676 0.999105 0.0154452 0.315166 0.0916097 -0.0117832 0.995725 -0.726977
360 370 29 0.994506 -0.00246653 -0.104654 0.692578 0.00219464 0.999994 -0.00271311 0.372595 0.10466 0.00246852 0.994505 -0.617664
360 371 17 0.993812 0.0167264 -0.109807 0.475238 -0.0174667 0.999831 -0.00578268 0.192336 0.109691 0.00766486 0.993936 -0.858578
360 372 63 0.987325 0.0288746 -0.156061 0.818875 -0.0306575 0.999489 -0.00902852 0.296447 0.15572 0.0136985 0.987706 -0.491491
360 373 46 0.988333 0.045168 -0.145458 0.868995 -0.0448697 0.998979 0.00533322 0.28092 0.14555 0.00125563 0.98935 -0.407348
360 374 35 0.990871 0.0587407 -0.121344 0.852688 -0.0571728 0.99823 0.0163655 0.242607 0.122091 -0.00927848 0.992476 -0.462672
375 376 24 0.99999 -0.00128009 -0.00418625 0.876298 0.00127381 0.999998 -0.00150105 0.201307 0.00418816 0.00149571 0.99999 -0.437695
375 377 153 0.999846 -0.00102187 -0.0174938 0.989652 0.00099189 0.999998 -0.00172211 0.141566 0.0174956 0.00170449 0.999845 -0.0234052
375 378 57 0.99998 0.00595667 -0.00216761 0.965857 -0.00595808 0.999982 -0.00064829 -0.0631002 0.00216371 0.000661192 0.999997 0.251274
375 379 281 0.998889 0.00775596 -0.04648 0.990607 -0.00826032 0.999909 -0.010669 0.0822178 0.0463931 0.0110411 0.998862 -0.109259
375 380 169 0.998388 0.01542 -0.054614 0.996835 -0.0159272 0.999834 -0.00886468 0.0610887 0.0544682 0.00972024 0.998468 -0.050874
375 381 164 0.997327 0.0214641 -0.0698456 0.99452 -0.0220548 0.999727 -0.00769727 0.0209067 0.0696613 0.00921713 0.997528 0.102434
375 382 170 0.996765 0.0249311 -0.0764001 0.999588 -0.0257322 0.999624 -0.00951948 0.0218819 0.076134 0.0114546 0.997032 -0.0185662
375 383 25 0.999531 0.017844 0.0248845 -0.982492 -0.0175787 0.999787 -0.0108393 0.102816 -0.0250727 0.0103967 0.999632 -0.155364
375 384 0 1 0 0 0 0 1 0 0 0 0 1 0
