0 1 10 0.9999 0.00871238 -0.0111626 -0.775329 -0.00872494 0.999961 -0.00107732 -0.294974 0.0111528 0.0011746 0.999937 0.55844
0 2 340 0.999304 0.0125981 -0.035122 0.900623 -0.0127433 0.999911 -0.00391402 0.246745 0.0350696 0.00435887 0.999375 -0.357765
0 3 299 0.998656 0.0152956 -0.0495261 0.878291 -0.0154304 0.999878 -0.0023421 0.24694 0.0494842 0.00310316 0.99877 -0.40942
0 4 306 0.997555 0.0189794 -0.0672611 0.853887 -0.0190522 0.999818 -0.000441362 0.256148 0.0672405 0.00172176 0.997735 -0.453062
0 5 281 0.997175 0.0262334 -0.0703894 0.857723 -0.0262047 0.999656 0.00133128 0.270771 0.0704001 0.000517014 0.997519 -0.437029
0 6 283 0.997417 0.0264432 -0.0667774 0.813049 -0.0260844 0.99964 0.00623885 0.230714 0.0669183 -0.00448089 0.997748 -0.53453
0 7 272 0.993445 0.0333912 -0.109324 0.860996 -0.0332167 0.999442 0.00341733 0.228028 0.109377 0.000236458 0.994 -0.45463
0 8 253 0.99331 0.0337712 -0.110426 0.874593 -0.0328896 0.999411 0.00979532 0.217882 0.110692 -0.00609793 0.993836 -0.433145
0 9 180 0.992532 0.0340532 -0.117139 0.854622 -0.0328634 0.999387 0.0120738 0.227953 0.117478 -0.00813402 0.993042 -0.466539
0 10 275 0.987691 0.0392593 -0.151409 0.897933 -0.0379407 0.999213 0.011589 0.216943 0.151745 -0.00570182 0.988403 -0.382952
0 11 214 0.989148 0.0491291 -0.138464 0.865331 -0.0480602 0.998783 0.011054 0.232563 0.138839 -0.00427941 0.990306 -0.443979
0 12 228 0.979746 0.0575031 -0.191812 0.915737 -0.0573341 0.998334 0.00643623 0.204746 0.191863 0.00469149 0.981411 -0.345695
0 13 179 0.978873 0.0669879 -0.193183 0.90706 -0.0666811 0.997741 0.00809738 0.215299 0.193289 0.00495534 0.981129 -0.361784
0 14 180 0.979317 0.0696432 -0.189971 0.895405 -0.0677484 0.997567 0.0164585 0.204126 0.190655 -0.0032479 0.981652 -0.395705
15 16 128 0.999922 -0.00170749 -0.0123942 0.791519 0.00160327 0.999963 -0.00841372 0.198991 0.0124081 0.00839319 0.999888 -0.577842
15 17 175 0.999962 0.004703 -0.00734231 0.472816 -0.00472523 0.999984 -0.00301371 0.137663 0.00732802 0.00304829 0.999969 -0.870341
15 18 271 0.998147 0.0034799 -0.0607517 0.902661 -0.0042028 0.999922 -0.0117755 0.274769 0.060706 0.012009 0.998083 -0.331218
15 19 271 0.998259 0.00400596 -0.0588417 0.880661 -0.0045791 0.999943 -0.00960871 0.28982 0.0587999 0.00986142 0.998221 -0.374754
15 20 225 0.998977 -0.00215226 -0.0451699 0.773919 0.0019069 0.999983 -0.00547439 0.310305 0.045181 0.00538265 0.998964 -0.552051
15 21 225 0.995515 0.00664815 -0.0943713 0.907168 -0.00704855 0.999968 -0.00391004 0.234869 0.0943423 0.00455768 0.995529 -0.349117
15 22 238 0.994366 0.0169308 -0.104641 0.905051 -0.018133 0.99978 -0.0105478 0.261436 0.104439 0.0123858 0.994454 -0.335462
15 23 194 0.994457 0.0178718 -0.103612 0.896229 -0.018775 0.999794 -0.0077481 0.213578 0.103452 0.00965047 0.994588 -0.388789
15 24 204 0.987469 0.0270903 -0.155468 0.942474 -0.0281812 0.999591 -0.00481691 0.129254 0.155274 0.00913782 0.987829 -0.30828
15 25 193 0.986886 0.0335737 -0.157891 0.925426 -0.0380269 0.998957 -0.0252674 0.208208 0.156878 0.0309402 0.987133 -0.316601
15 26 170 0.981436 0.0371993 -0.188148 0.947364 -0.0430075 0.998713 -0.0268815 0.167873 0.186906 0.0344742 0.981773 -0.272617
15 27 134 0.980532 0.042258 -0.191758 0.940441 -0.0499405 0.998124 -0.0354067 0.158756 0.189902 0.0442939 0.980803 -0.300611
15 28 144 0.972463 0.0474737 -0.228171 0.96336 -0.0553871 0.998061 -0.0284009 0.0758254 0.22638 0.0402566 0.973207 -0.25727
15 29 154 0.959414 0.0541364 -0.276757 0.978303 -0.0669225 0.997073 -0.036958 0.0672702 0.273946 0.0539792 0.960229 -0.195953
30 31 17 0.999952 0.00192549 -0.00961367 0.918408 -0.001876 0.999985 0.00515419 0.00706459 0.00962345 -0.00513591 0.999941 -0.39557
30 32 275 0.998463 -0.00103651 -0.0554135 0.986671 0.0013416 0.999984 0.00546892 0.0869968 0.055407 -0.00553485 0.998449 0.137521
30 33 188 0.994241 0.0116288 -0.106533 0.982209 -0.00891941 0.999625 0.0258739 -0.144369 0.106794 -0.0247746 0.993972 0.120099
30 34 157 0.992335 0.0373712 -0.117787 0.998518 -0.0363677 0.999282 0.010658 0.000245001 0.118101 -0.00629264 0.992982 0.0544284
30 35 88 0.996195 0.0557585 -0.0669876 0.998962 -0.054648 0.998338 0.0182979 -0.0112017 0.0678965 -0.0145676 0.997586 0.044149
30 36 64 0.98881 0.123918 0.0830638 -0.755807 -0.125411 0.99202 0.0129837 0.499692 -0.080792 -0.0232555 0.99646 0.423159
30 37 84 0.9959 0.0639305 -0.0640031 0.985939 -0.0611581 0.997141 0.044379 -0.0142581 0.0666573 -0.0402827 0.996962 0.166494
30 38 135 0.994827 0.0627369 -0.0798901 0.970087 -0.060734 0.997782 0.0272607 0.121106 0.0814231 -0.0222677 0.996431 0.210389
30 39 142 0.989271 0.0606667 -0.132898 0.982537 -0.056749 0.99784 0.033074 0.0725933 0.134617 -0.0251773 0.990578 0.171323
30 40 88 0.990068 0.0675288 -0.123308 0.98059 -0.0631266 0.997233 0.0392694 0.0426323 0.125619 -0.0310954 0.991591 0.191376
30 41 98 0.987058 0.0532407 -0.151265 0.980345 -0.0498232 0.998412 0.0262964 0.0646702 0.152425 -0.0184196 0.988143 0.186391
30 42 112 0.99084 0.0652093 -0.118257 0.980798 -0.0619359 0.997594 0.0311518 0.0304584 0.120004 -0.0235421 0.992494 0.192636
30 43 114 0.986416 0.0651197 -0.150805 0.983702 -0.0617517 0.997729 0.0269147 0.0287934 0.152215 -0.0172367 0.988197 0.177485
30 44 117 0.97945 0.0775453 -0.186186 0.992102 -0.0705047 0.996534 0.0441533 -0.0307257 0.188965 -0.030119 0.981522 0.121613
45 46 270 0.999268 0.00340919 -0.0381033 0.952318 -0.00360885 0.99998 -0.00517232 0.240404 0.0380849 0.00530604 0.99926 -0.187874
45 47 12 0.999817 0.0110467 -0.0155927 0.843181 -0.0109614 0.999925 0.00554499 0.00232798 0.0156528 -0.00537306 0.999863 -0.537625
45 48 211 0.998063 0.0220382 -0.0581822 0.986913 -0.0218165 0.999752 0.00444226 0.053035 0.0582657 -0.00316432 0.998296 -0.152284
45 49 239 0.997911 0.0271624 -0.0586148 0.979797 -0.0272134 0.99963 -7.27163e-05 0.117413 0.0585911 0.00166767 0.998281 -0.161902
45 50 180 0.994119 0.0318709 -0.103495 0.981333 -0.0310976 0.999475 0.00907715 0.048881 0.10373 -0.00580532 0.994589 -0.186
45 51 146 0.99693 0.0321274 -0.0714081 0.968586 -0.0305684 0.999272 0.0228186 0.00229536 0.0720893 -0.0205657 0.997186 -0.248667
45 52 112 0.998298 0.0317364 -0.0489233 0.941182 -0.0306628 0.999276 0.0225408 0.165064 0.0496032 -0.0210023 0.998548 -0.294839
45 53 88 0.990946 0.0478734 -0.125433 0.984498 -0.0430181 0.998227 0.0411373 0.0409162 0.12718 -0.035369 0.991249 -0.170555
45 54 130 0.9911 0.0646706 -0.116356 0.992832 -0.0592374 0.997013 0.0495651 0.0768091 0.119214 -0.0422313 0.99197 -0.0915664
45 55 29 0.98002 0.198121 0.017595 -0.439549 -0.198882 0.977299 0.0730217 0.186297 -0.00272848 -0.075062 0.997175 -0.878687
45 56 73 0.986505 0.110983 -0.120378 0.998936 -0.106602 0.993403 0.0422645 0.0226006 0.124274 -0.0288616 0.991828 0.0402008
45 57 133 0.981888 0.134019 -0.133923 0.999194 -0.130187 0.990798 0.0370113 0.0390629 0.137651 -0.0189059 0.9903 0.00919216
45 58 92 0.978425 0.153679 -0.138084 0.999951 -0.14776 0.987645 0.0522041 -0.00450543 0.1444 -0.0306747 0.989044 0.00882575
45 59 40 0.976628 0.202479 0.072112 0.00206684 -0.20748 0.975709 0.0703098 0.146223 -0.0561241 -0.0836283 0.994915 0.989249
60 61 112 0.999784 0.0207881 0.000752066 0.416038 -0.0207852 0.999777 -0.00370055 0.327808 -0.000828826 0.00368412 0.999993 0.848206
60 62 144 0.998613 0.0183496 -0.0493534 0.921517 -0.0195851 0.999504 -0.0246683 0.35886 0.0488763 0.0256007 0.998477 0.148412
60 63 118 0.999228 0.0286851 -0.0268531 0.846266 -0.0289076 0.999551 -0.00793484 0.147568 0.0266134 0.00870497 0.999608 0.511916
60 64 111 0.999032 0.0280781 -0.033867 0.812825 -0.0282312 0.999593 -0.00404957 0.0487514 0.0337395 0.00500175 0.999418 0.580465
60 65 102 0.998884 0.0290464 -0.037239 0.779282 -0.0291383 0.999574 -0.00192786 -0.0355079 0.0371671 0.00301079 0.999305 0.625666
60 66 138 0.996229 0.0130018 -0.0857876 0.91492 -0.0149428 0.999646 -0.0220224 0.119191 0.0854709 0.0232213 0.99607 0.385636
60 67 103 0.997203 0.0226793 -0.0712102 0.884021 -0.0235844 0.999651 -0.0118961 0.00130598 0.0709156 0.0135423 0.99739 0.467446
60 68 100 0.997184 0.0200508 -0.072269 0.810892 -0.0209276 0.999716 -0.011396 -0.0269498 0.07202 0.0128763 0.99732 0.584575
60 69 95 0.994186 0.024212 -0.104923 0.899497 -0.025883 0.999558 -0.014593 -0.00831148 0.104523 0.0172238 0.994373 0.436848
60 70 104 0.994065 0.0212305 -0.106692 0.887748 -0.0224826 0.999692 -0.0105468 -0.0506497 0.106435 0.012883 0.994236 0.457534
60 71 110 0.992783 0.0348432 -0.114751 0.871207 -0.0360565 0.999313 -0.00851336 -0.0494551 0.114376 0.0125894 0.993358 0.488419
60 72 95 0.959186 -0.00266188 -0.282765 0.92974 0.00613506 0.999916 0.0113982 -0.102591 0.282711 -0.0126677 0.959122 0.353637
60 73 82 0.989305 0.0325473 -0.142185 0.81455 -0.0342973 0.999363 -0.00987332 -0.0617026 0.141773 0.0146443 0.989791 0.576803
60 74 63 0.989436 0.0440173 -0.138125 0.818613 -0.0450776 0.998973 -0.00455595 -0.125749 0.137783 0.0107342 0.990404 0.560411
75 76 15 0.999951 0.00703316 -0.00695651 -0.552141 -0.00704955 0.999972 -0.00233418 0.27785 0.0069399 0.00238311 0.999973 -0.786091
75 77 129 0.9994 0.0158793 -0.0307963 0.881882 -0.0160442 0.999858 -0.00511373 -0.198103 0.0307107 0.00560476 0.999513 0.427831
75 78 114 0.999588 0.0208225 -0.0197785 0.726258 -0.0211238 0.999662 -0.015148 -0.316885 0.0194564 0.0155595 0.99969 0.610027
75 79 147 0.999362 0.0226607 -0.0276153 0.809145 -0.0231772 0.99956 -0.0185271 -0.373225 0.0271833 0.0191553 0.999447 0.453859
75 80 121 0.998843 0.025471 -0.0407899 0.799865 -0.0263129 0.999449 -0.0202368 -0.316812 0.040252 0.0212867 0.998963 0.509751
75 81 128 0.998968 0.028613 -0.0352659 0.787663 -0.0295679 0.999202 -0.0268608 -0.360906 0.0344692 0.0278758 0.999017 0.499334
75 82 130 0.998668 0.0250026 -0.0451409 0.803156 -0.0264064 0.999177 -0.0307744 -0.35018 0.0443344 0.0319254 0.998507 0.48199
75 83 149 0.997737 0.024594 -0.0625826 0.839262 -0.0263931 0.999257 -0.0280863 -0.365511 0.0618454 0.0296745 0.997645 0.402544
75 84 142 0.996413 0.0277835 -0.0799326 0.852839 -0.0302182 0.999111 -0.0294118 -0.359618 0.0790443 0.0317217 0.996366 0.378605
75 85 88 0.997561 0.0303754 -0.0628383 0.824304 -0.0331803 0.998477 -0.0440866 -0.345276 0.0614035 0.0460641 0.99705 0.448674
75 86 126 0.997248 0.0319732 -0.0668927 0.828415 -0.0351712 0.998267 -0.0471885 -0.349788 0.065268 0.0494113 0.996644 0.437466
75 87 104 0.996144 0.0363727 -0.0798371 0.820984 -0.0401985 0.998093 -0.0468465 -0.34318 0.0779809 0.0498752 0.995707 0.456304
75 88 112 0.994377 0.0414027 -0.097471 0.847941 -0.0464737 0.99765 -0.0503435 -0.333777 0.0951576 0.0545903 0.993964 0.411812
75 89 145 0.990803 0.0468031 -0.12696 0.898198 -0.052991 0.997544 -0.0458055 -0.302592 0.124505 0.052112 0.99085 0.318871
90 91 234 0.999576 0.00749124 -0.0281505 0.994125 -0.0073995 0.999967 0.00336157 -0.0179685 0.0281748 -0.00315184 0.999598 0.106738
90 92 170 0.999544 0.0132423 -0.0271348 0.991157 -0.0130559 0.99989 0.00703797 0.026196 0.027225 -0.0066805 0.999607 0.13008
90 93 15 0.999776 0.0193843 -0.00846788 -0.78931 -0.0192578 0.999705 0.0147722 0.115276 0.00875173 -0.0146058 0.999855 -0.603076
90 94 129 0.999213 0.0230755 -0.0322738 0.989753 -0.0226026 0.999633 0.0149401 0.0663407 0.0326067 -0.0141989 0.999367 0.126442
90 95 119 0.994763 0.0457379 -0.0914062 0.986175 -0.0444066 0.998876 0.0165467 0.165164 0.0920603 -0.012401 0.995676 -0.0134377
90 96 140 0.992535 0.0559896 -0.108351 0.98123 -0.0537362 0.998276 0.0236086 0.19284 0.109486 -0.01761 0.993832 -0.000445177
90 97 70 0.997357 0.0577888 -0.0440326 0.954783 -0.0556757 0.997304 0.0477926 0.113676 0.0466758 -0.0452148 0.997886 0.274713
90 98 49 0.996725 0.0638137 -0.0496719 0.64492 -0.0610019 0.996554 0.0562021 0.15017 0.0530872 -0.0529879 0.997183 -0.749351
90 99 27 0.997606 0.068858 0.00632972 -0.0513364 -0.0691483 0.9935 0.0904178 -0.0648621 -6.25869e-05 -0.0906391 0.995884 0.996573
90 100 104 0.986026 0.100705 -0.132708 0.983116 -0.0898992 0.992312 0.0850583 0.168549 0.140254 -0.0719394 0.987499 0.071228
90 101 63 0.990864 0.105485 -0.0840271 0.97466 -0.0972558 0.990555 0.0966571 0.22366 0.0934294 -0.0876019 0.991765 0.00378549
90 102 78 0.982822 0.137123 -0.123527 0.966824 -0.124912 0.986939 0.101728 0.252313 0.135863 -0.0845505 0.987113 -0.03986
90 103 117 0.983445 0.138685 -0.116632 0.970604 -0.125596 0.985629 0.112964 0.237558 0.130623 -0.0964456 0.98673 0.0386585
90 104 77 0.980583 0.156973 -0.117539 0.984702 -0.142089 0.981824 0.12583 0.170322 0.135155 -0.106686 0.985064 -0.0367789
105 106 11 0.999714 0.0213899 -0.0106929 0.479434 -0.0213908 0.999771 2.8079e-05 0.344648 0.0106911 0.00020066 0.999943 -0.80707
105 107 58 0.999655 0.0251719 -0.00748568 -0.829611 -0.0250888 0.999625 0.0109939 -0.250226 0.0077596 -0.0108023 0.999912 -0.499131
105 108 17 0.999057 0.0326101 -0.0286701 0.828369 -0.032303 0.999416 0.011108 0.375885 0.0290156 -0.0101714 0.999527 -0.415349
105 109 36 0.999522 0.0273129 -0.0144883 -0.800475 -0.0269762 0.999373 0.0229469 -0.200054 0.015106 -0.0225451 0.999632 -0.564994
105 110 61 0.999593 0.0275788 -0.00735126 -0.841162 -0.0272808 0.998907 0.0379461 -0.251314 0.00838973 -0.0377301 0.999253 -0.478841
105 111 159 0.993334 0.0316543 -0.110838 0.941271 -0.0296267 0.999363 0.0198934 0.294352 0.111397 -0.016477 0.993639 -0.165428
105 112 114 0.997056 0.0291013 -0.0709439 0.970553 -0.02666 0.999027 0.03512 0.232968 0.0718969 -0.0331252 0.996862 -0.0612664
105 113 120 0.996058 0.0348319 -0.0815808 0.960875 -0.0326831 0.999087 0.0275293 0.222191 0.0824652 -0.0247545 0.996286 -0.165381
105 114 107 0.99352 0.0225756 -0.111388 0.983046 -0.0203983 0.999579 0.0206478 0.183047 0.111808 -0.0182419 0.993562 0.010714
105 115 112 0.996257 0.0308298 -0.0807607 0.962953 -0.0292146 0.99935 0.0211062 0.208668 0.0813589 -0.0186678 0.99651 -0.170821
105 116 110 0.995307 0.0277418 -0.0927093 0.980719 -0.0261868 0.999496 0.0179475 0.172616 0.0931605 -0.0154355 0.995531 -0.0916207
105 117 76 0.989201 0.0162237 -0.145667 0.99153 -0.0144483 0.999808 0.0132381 0.129026 0.145853 -0.0109905 0.989245 -0.0148193
105 118 41 0.995585 0.0277763 -0.0896582 0.979536 -0.0263643 0.99951 0.0168946 0.175783 0.0900835 -0.0144562 0.995829 -0.0980245
105 119 39 0.990627 0.0193962 -0.135207 0.998656 -0.0174037 0.999722 0.0159032 0.0399908 0.135478 -0.013401 0.99069 -0.0329601
120 121 15 0.999993 -0.00153391 0.00351616 0.580281 0.00153702 0.999998 -0.000883633 -0.23336 -0.0035148 0.000889031 0.999993 -0.780267
120 122 75 0.999961 -0.0029461 0.00834584 0.912622 0.00292643 0.999993 0.00236872 -0.245573 -0.00835276 -0.00234421 0.999962 -0.326826
120 123 111 0.999963 -0.00557932 -0.00661731 0.962621 0.00563207 0.999952 0.00797996 -0.270175 0.00657248 -0.00801693 0.999946 0.0191419
120 124 86 0.999922 -0.00982153 0.00771865 0.942538 0.00979657 0.999947 0.00326437 -0.248249 -0.0077503 -0.0031885 0.999965 0.223595
120 125 261 0.999823 -0.000131169 -0.0187919 0.940192 0.000412608 0.999888 0.0149736 -0.317495 0.0187878 -0.0149787 0.999711 -0.123434
120 126 58 0.999993 -0.0016847 0.00325268 0.920479 0.00168439 0.999999 9.72479e-05 -0.320334 -0.00325284 -9.17684e-05 0.999995 0.223839
120 127 58 0.999945 0.0027023 0.0101185 0.921268 -0.00261212 0.999957 -0.00891519 -0.314283 -0.0101421 0.00888827 0.999909 0.229108
120 128 32 0.999979 0.00643964 -0.000717766 0.946646 -0.0064427 0.99997 -0.00435625 -0.299758 0.000689691 0.00436078 0.99999 0.118346
120 129 120 0.999795 0.00560651 -0.0194677 0.950269 -0.00545562 0.999955 0.00779557 -0.299125 0.0195105 -0.00768776 0.99978 0.0866767
120 130 103 0.999471 0.00330125 -0.0323684 0.941195 -0.00297313 0.999944 0.0101801 -0.283962 0.0324002 -0.0100785 0.999424 0.183076
120 131 176 0.999274 0.00230199 -0.0380414 0.938941 -0.0021418 0.999989 0.00425118 -0.285728 0.0380508 -0.00416661 0.999267 0.191699
120 132 39 0.999475 0.00286935 -0.0322637 0.95184 -0.00281999 0.999995 0.0015751 -0.252556 0.032268 -0.00148329 0.999478 -0.173825
120 133 80 0.99867 0.00226832 -0.0515107 0.962543 -0.00189317 0.999971 0.00733055 -0.252354 0.0515259 -0.00722328 0.998646 0.0991359
120 134 48 0.99902 -0.0033765 -0.0441244 0.941952 0.00357646 0.999984 0.00445348 -0.228981 0.0441086 -0.00460693 0.999016 0.245547
135 136 230 0.999394 0.010056 -0.0333269 0.951475 -0.00969576 0.999893 0.0109545 -0.123243 0.0334335 -0.0106247 0.999384 -0.28197
135 137 178 0.999115 0.0101606 -0.0408156 0.935851 -0.00974083 0.999898 0.0104709 0.154097 0.0409178 -0.010064 0.999112 -0.316918
135 138 124 0.999003 0.00671863 -0.044132 0.925766 -0.00560392 0.999663 0.0253339 0.155655 0.0442874 -0.0250613 0.998704 -0.344572
135 139 133 0.998487 0.0164861 -0.0524497 0.913381 -0.0148833 0.999415 0.0308038 0.188394 0.0529268 -0.0299766 0.998148 -0.360892
135 140 129 0.996755 0.0218631 -0.0774691 0.943079 -0.0191612 0.999188 0.0354493 0.146528 0.0781813 -0.0338499 0.996364 -0.29855
135 141 167 0.993461 0.0246436 -0.11148 0.95852 -0.0203244 0.999004 0.0397157 0.121627 0.112347 -0.0371902 0.992973 -0.25777
135 142 156 0.991023 0.0386944 -0.12797 0.955767 -0.0330206 0.998388 0.0461657 0.156914 0.12955 -0.0415256 0.990703 -0.248771
135 143 131 0.991817 0.0393257 -0.121456 0.940862 -0.0328736 0.997963 0.0546782 0.157318 0.123359 -0.0502381 0.99109 -0.300049
135 144 181 0.987737 0.0539251 -0.146518 0.947763 -0.0458381 0.997262 0.0580232 0.144354 0.149245 -0.0505956 0.987505 -0.284441
135 145 165 0.988285 0.0600742 -0.140302 0.947683 -0.0519127 0.996779 0.061127 0.155406 0.143523 -0.0531274 0.98822 -0.27883
135 146 90 0.986927 0.0741006 -0.14312 0.946276 -0.0652479 0.995711 0.0655941 0.156429 0.147367 -0.0553983 0.987529 -0.283003
135 147 89 0.985734 0.0833121 -0.146246 0.941542 -0.0742725 0.995036 0.0662286 0.143812 0.151038 -0.0544217 0.987029 -0.304658
135 148 120 0.982241 0.0929398 -0.162987 0.918114 -0.0837049 0.994519 0.0626556 0.147492 0.167917 -0.0479001 0.984637 -0.367849
135 149 127 0.978929 0.101358 -0.177268 0.92279 -0.0921168 0.993961 0.0596262 0.166139 0.182241 -0.0420405 0.982355 -0.347644
150 151 194 0.999096 0.00239954 -0.0424506 0.98223 -0.0021685 0.999983 0.00548783 0.0612844 0.042463 -0.00539081 0.999083 -0.177391
150 152 0 1 0 0 0 0 1 0 0 0 0 1 0
150 153 82 0.999813 -0.0139127 -0.0134305 -0.925344 0.0138966 0.999903 -0.00128687 -0.0312886 0.0134471 0.00109999 0.999909 0.377834
150 154 46 0.997971 -0.0104866 -0.0627982 0.993569 0.0100074 0.999918 -0.00793981 0.0674265 0.0628764 0.00729525 0.997995 0.0909653
150 155 84 0.996092 -0.00573634 -0.0881385 0.994024 0.00432294 0.999859 -0.0162186 0.0598533 0.0882191 0.0157742 0.995976 -0.0912856
150 156 52 0.995718 -0.0107593 -0.0918117 0.875267 0.00923705 0.999813 -0.0169891 0.0961337 0.0919773 0.0160683 0.995631 -0.473989
150 157 54 0.99484 -0.018259 -0.0998004 0.867886 0.0166273 0.999715 -0.0171572 0.117677 0.100085 0.0154093 0.99486 -0.482624
150 158 135 0.990429 -0.0144868 -0.137262 0.915731 0.0127257 0.999825 -0.013699 0.0971197 0.137436 0.0118212 0.99044 -0.389877
150 159 113 0.987922 -0.00835476 -0.154728 0.964581 0.00701452 0.999933 -0.00920581 0.129033 0.154795 0.00800927 0.987914 -0.230073
150 160 36 0.990412 -0.00937131 -0.137828 0.973133 0.00835566 0.999934 -0.00794573 0.0967888 0.137894 0.0067179 0.990424 -0.208914
150 161 84 0.986082 -0.00198138 -0.166246 0.966921 0.000762245 0.999972 -0.00739678 0.105927 0.166256 0.00716711 0.986057 -0.232041
150 162 106 0.981257 0.00603939 -0.19261 0.981834 -0.00721707 0.999959 -0.00541329 0.113575 0.192569 0.00670191 0.98126 -0.151993
150 163 97 0.980422 0.00524791 -0.196839 0.945269 -0.0054045 0.999985 -0.000258375 0.107833 0.196835 0.00131713 0.980436 -0.307957
150 164 118 0.974317 0.0161117 -0.224604 0.966583 -0.014701 0.99986 0.00795193 0.115756 0.224701 -0.00444579 0.974418 -0.228729
165 166 14 0.999925 0.00516108 -0.0111432 0.984925 -0.00512746 0.999982 0.00304397 0.070064 0.0111587 -0.0029866 0.999933 -0.158159
165 167 55 0.999808 0.0146319 -0.0130296 -0.761026 -0.0144742 0.999822 0.0121187 0.0142826 0.0132046 -0.0119278 0.999842 -0.648564
165 168 139 0.998595 0.0244844 -0.0470004 0.991973 -0.0237198 0.999578 0.0167589 -0.0891526 0.0473909 -0.0156205 0.998754 0.089673
165 169 264 0.997088 0.0283456 -0.0707925 0.972299 -0.0274938 0.999538 0.0129771 -0.0406651 0.0711276 -0.010993 0.997407 0.230175
165 170 133 0.997225 0.0357907 -0.0652785 0.983776 -0.0347797 0.999258 0.0165593 -0.0912044 0.0658227 -0.014243 0.99773 0.15449
165 171 120 0.996474 0.0400386 -0.0737384 0.970317 -0.0383428 0.99897 0.0242715 -0.110977 0.0746343 -0.0213586 0.996982 0.214871
165 172 193 0.993733 0.0433951 -0.103015 0.964931 -0.0401807 0.998645 0.0330763 -0.135383 0.10431 -0.0287298 0.99413 0.224901
165 173 107 0.991625 0.0545907 -0.117042 0.894163 -0.0513662 0.998217 0.0303939 -0.147368 0.118493 -0.0241273 0.992662 0.422794
165 174 106 0.990611 0.0648059 -0.120374 0.903289 -0.0621991 0.997743 0.0252927 -0.163686 0.121741 -0.0175681 0.992406 0.39658
165 175 142 0.985863 0.0718641 -0.151361 0.946446 -0.0691766 0.99734 0.0229542 -0.182918 0.152608 -0.0121591 0.988212 0.266048
165 176 115 0.987108 0.0686065 -0.144609 0.906426 -0.0676421 0.997642 0.0115805 -0.1824 0.145062 -0.00164957 0.989421 0.380948
165 177 176 0.981865 0.0829033 -0.170492 0.934559 -0.0818207 0.996557 0.0133791 -0.197759 0.171014 0.000813271 0.985268 0.295788
165 178 137 0.984093 0.0808441 -0.158192 0.937324 -0.0801156 0.996725 0.0109871 -0.186289 0.158562 0.00186135 0.987347 0.294482
165 179 162 0.981084 0.0790244 -0.176718 0.926277 -0.0768986 0.996861 0.0188568 -0.170573 0.177654 -0.00491072 0.984081 0.336029
180 181 117 0.999889 0.0038132 -0.0143944 0.875023 -0.00377734 0.99999 0.00251781 0.041266 0.0144038 -0.00246316 0.999893 0.48232
180 182 14 0.999983 0.00299462 -0.00506012 0.830176 -0.002962 0.999975 0.00644218 -0.113748 0.00507929 -0.00642708 0.999966 0.545774
180 183 107 0.999781 -0.00104845 -0.0208862 0.793504 0.00119236 0.999976 0.00687934 -0.0619078 0.0208784 -0.00690274 0.999758 0.605408
180 184 97 0.998799 0.00983655 -0.0479929 0.936539 -0.00945832 0.999922 0.00810167 -0.135783 0.0480689 -0.00763801 0.998815 0.3232
180 185 100 0.998717 0.0110501 -0.0494266 0.960722 -0.0109029 0.999935 0.00324627 -0.124602 0.0494592 -0.00270321 0.998772 0.247966
180 186 97 0.998557 0.00348285 -0.0535919 0.95704 -0.00326207 0.999986 0.00420664 -0.0969956 0.0536058 -0.00402575 0.998554 0.273252
180 187 96 0.998063 0.00401742 -0.0620889 0.965268 -0.00367131 0.999977 0.00568751 -0.114208 0.0621103 -0.00544855 0.998054 0.234978
180 188 212 0.99539 0.0144806 -0.0948059 0.986613 -0.0135608 0.999855 0.0103385 -0.126164 0.0949418 -0.0090052 0.995442 0.103328
180 189 92 0.995891 0.0158044 -0.0891734 0.988059 -0.014677 0.999804 0.0132845 -0.102922 0.0893659 -0.0119211 0.995928 0.114658
180 190 92 0.994548 0.0155694 -0.103113 0.988044 -0.0134069 0.999676 0.0216313 -0.0885078 0.103417 -0.020131 0.994434 0.126235
180 191 131 0.990553 0.0237308 -0.135064 0.966846 -0.0203199 0.99944 0.0265766 -0.0933531 0.135619 -0.0235811 0.99048 0.237687
180 192 99 0.990455 0.0311414 -0.134271 0.974095 -0.027725 0.999244 0.0272392 -0.12437 0.135018 -0.0232565 0.99057 0.18887
180 193 147 0.988832 0.0348931 -0.144895 0.98399 -0.0316342 0.999193 0.0247357 -0.121223 0.145641 -0.0198758 0.989138 0.130647
180 194 113 0.988411 0.0361828 -0.147427 0.985952 -0.0333178 0.999206 0.0218572 -0.107008 0.148101 -0.016692 0.988831 0.128246
195 196 182 0.999679 0.00918703 -0.023591 0.994887 -0.00919853 0.999958 -0.000379169 0.100963 0.0235865 0.000596049 0.999722 -0.00254188
195 197 98 0.999734 0.0103632 -0.0206134 0.991242 -0.0102886 0.99994 0.00372346 -0.109168 0.0206508 -0.00351039 0.999781 -0.0743137
195 198 161 0.999808 0.0105946 0.0164856 -0.958715 -0.010613 0.999943 0.00103053 0.151113 -0.0164738 -0.00120529 0.999864 -0.240894
195 199 191 0.998516 0.0289715 -0.0461165 0.991439 -0.0285797 0.99955 0.00913259 -0.110746 0.0463603 -0.00780104 0.998894 -0.069163
195 200 128 0.997587 0.0354656 -0.0596852 0.988663 -0.0351209 0.99936 0.00681541 -0.132528 0.0598887 -0.00470277 0.998194 -0.0705882
195 201 84 0.998438 0.0527744 -0.0183384 -0.991816 -0.0528937 0.998582 -0.0060819 0.0567511 0.0179915 0.00704238 0.999813 0.114373
195 202 71 0.997358 0.0546103 -0.0479013 0.97876 -0.0550773 0.998446 -0.00848348 -0.070336 0.0473636 0.0110993 0.998816 -0.192568
195 203 82 0.996075 0.0682436 -0.056371 0.95257 -0.0689393 0.997566 -0.0104872 -0.0601627 0.0555181 0.0143322 0.998355 -0.298315
195 204 76 0.995095 0.067509 -0.0723045 0.982337 -0.0682776 0.997633 -0.00820995 -0.0492109 0.071579 0.0131065 0.997349 -0.180533
195 205 114 0.993579 0.0611093 -0.095218 0.984747 -0.0618358 0.998075 -0.00469544 -0.0526854 0.0947478 0.0105532 0.995445 -0.165823
195 206 59 0.993174 0.0695525 -0.093639 0.981162 -0.0702718 0.997518 -0.00440226 -0.0142293 0.0931005 0.0109524 0.995596 -0.192662
195 207 63 0.993753 0.0652538 -0.090533 0.995449 -0.0660272 0.997802 -0.00557094 -0.0276175 0.0899705 0.0115138 0.995878 -0.0912092
195 208 145 0.990014 0.06012 -0.127503 0.995803 -0.0614309 0.998091 -0.00637008 -0.0309239 0.126877 0.0141391 0.991818 -0.0861371
195 209 102 0.98569 0.0767533 -0.150079 0.983156 -0.0783493 0.996915 -0.00474205 0.0100709 0.149252 0.0164328 0.988663 -0.182493
210 211 23 0.999785 -0.0052626 -0.0200741 0.994272 0.00527817 0.999986 0.000722665 0.0938366 0.02007 -0.000828464 0.999798 -0.0511621
210 212 155 0.998768 -0.00779102 -0.0490042 0.986038 0.00801824 0.999958 0.00444193 -0.0661775 0.0489675 -0.00482938 0.998789 0.152807
210 213 128 0.998713 -0.00940482 -0.0498338 0.940462 0.00944891 0.999955 0.000649062 -0.0325381 0.0498254 -0.0011191 0.998757 0.338337
210 214 86 0.997456 -0.00747424 -0.0708882 0.972644 0.00715578 0.999963 -0.00474538 -0.0643243 0.0709211 0.00422605 0.997473 0.223216
210 215 128 0.99383 -0.00921658 -0.110529 0.989686 0.00907684 0.999957 -0.00176736 -0.138771 0.11054 0.000753202 0.993871 0.035559
210 216 217 0.991816 -0.00394844 -0.127617 0.988965 0.00406626 0.999992 0.000662727 -0.14767 0.127613 -0.00117623 0.991823 0.0119079
210 217 213 0.990454 -0.00354548 -0.1378 0.984218 0.00349431 0.999994 -0.000613196 -0.140373 0.137802 0.000125825 0.99046 0.107749
210 218 95 0.994994 -0.00268701 -0.0998949 0.97292 0.00179531 0.999958 -0.00901519 -0.155982 0.0999149 0.00879073 0.994957 0.170575
210 219 176 0.983546 0.009433 -0.18041 0.981064 -0.00844069 0.999945 0.00626726 -0.172919 0.180459 -0.00464136 0.983572 0.0872495
210 220 177 0.984088 0.00925239 -0.17744 0.973796 -0.00826943 0.999946 0.00627846 -0.177218 0.177488 -0.00471123 0.984112 0.142535
210 221 167 0.97845 0.018913 -0.205617 0.96382 -0.0162214 0.999759 0.0147685 -0.186587 0.205847 -0.0111148 0.978521 0.19036
210 222 168 0.973731 0.0301824 -0.225693 0.932189 -0.0267919 0.999478 0.0180716 -0.204361 0.22612 -0.0115502 0.974031 0.298763
210 223 123 0.973012 0.0355865 -0.227995 0.946363 -0.0330089 0.999341 0.0151099 -0.223679 0.228382 -0.00717627 0.973545 0.233164
210 224 153 0.971093 0.0540759 -0.232496 0.94906 -0.0528583 0.998536 0.0114686 -0.221468 0.232776 0.00115225 0.97253 0.224136
225 226 57 0.999992 -0.00196659 -0.00356827 -0.45966 0.0019661 0.999998 -0.000139687 0.189076 0.00356854 0.00013267 0.999994 -0.867734
225 227 274 0.998763 0.0116206 -0.0483539 0.951588 -0.0113593 0.999919 0.00567674 -0.267249 0.048416 -0.00512045 0.998814 0.151846
225 228 379 0.998894 0.0132744 -0.0450966 0.968281 -0.0132477 0.999912 0.00088927 -0.180013 0.0451044 -0.000290859 0.998982 0.173286
225 229 102 0.998998 0.0145362 -0.0423335 0.940779 -0.0143657 0.999887 0.00432981 -0.126946 0.0423916 -0.00371732 0.999094 0.314357
225 230 120 0.998422 0.00869754 -0.0554831 0.937069 -0.0083675 0.999946 0.00617793 -0.149403 0.0555339 -0.00570392 0.998441 0.315565
225 231 327 0.997839 0.00865168 -0.0651332 0.9043 -0.00844888 0.999959 0.00338837 -0.123262 0.0651598 -0.00283075 0.997871 0.408716
225 232 90 0.998506 0.0070714 -0.0541871 0.922167 -0.00688742 0.99997 0.00358137 -0.114684 0.0542108 -0.00320281 0.998524 0.3694
225 233 198 0.996325 0.00932958 -0.0851411 0.949993 -0.00875651 0.999936 0.00710185 -0.0843894 0.0852019 -0.00633021 0.996344 0.300653
225 234 349 0.993439 0.0125793 -0.113665 0.974649 -0.0114459 0.999878 0.0106184 -0.0845118 0.113785 -0.00924777 0.993462 0.207166
225 235 395 0.993967 0.0113152 -0.109096 0.922013 -0.00998941 0.99987 0.0126917 -0.0768474 0.109225 -0.0115254 0.99395 0.379456
225 236 174 0.994348 0.0105757 -0.105642 0.924451 -0.00900443 0.999842 0.0153392 -0.0808075 0.105787 -0.0143012 0.994286 0.37264
225 237 79 0.994338 0.0108599 -0.105709 0.92751 -0.00918752 0.999825 0.0162947 -0.098341 0.105867 -0.0152313 0.994264 0.360631
225 238 255 0.991471 0.0178583 -0.129099 0.950137 -0.015246 0.999659 0.0211951 -0.0874385 0.129433 -0.0190461 0.991405 0.299322
225 239 185 0.989013 0.0220889 -0.146166 0.941782 -0.0186343 0.999515 0.0249621 -0.0833125 0.146647 -0.0219642 0.988945 0.32574
240 241 138 0.999699 0.00186628 -0.0244824 0.977674 -0.00186727 0.999998 -1.76756e-05 0.0541674 0.0244823 6.33856e-05 0.9997 0.203026
240 242 247 0.999082 0.010143 -0.0416298 0.968932 -0.00988266 0.99993 0.00645425 -0.0971255 0.0416924 -0.00603691 0.999112 -0.227458
240 243 160 0.998389 0.0128805 -0.0552608 0.994125 -0.0124841 0.999894 0.00751135 -0.107074 0.0553517 -0.00680937 0.998444 -0.0158159
240 244 227 0.996537 0.0174561 -0.0812946 0.994887 -0.0168365 0.999824 0.00830053 -0.0994652 0.0814252 -0.00690307 0.996656 -0.0175151
240 245 248 0.995784 0.0239984 -0.088537 0.99212 -0.0234861 0.999701 0.0068234 -0.0788522 0.0886742 -0.00471524 0.99605 0.0973679
240 246 120 0.995708 0.0257741 -0.0888882 0.994963 -0.0251817 0.999653 0.00777997 -0.0965078 0.0890578 -0.00550822 0.996011 -0.0271174
240 247 111 0.996151 0.0282838 -0.0829626 0.994793 -0.02787 0.999593 0.00614218 -0.0895464 0.0831025 -0.00380637 0.996534 -0.0486744
240 248 164 0.991788 0.0365566 -0.122558 0.988704 -0.0352769 0.999298 0.0125961 -0.131298 0.122932 -0.00816918 0.992381 -0.0722902
240 249 153 0.990744 0.0427838 -0.128826 0.986737 -0.0417292 0.99907 0.0108749 -0.129915 0.129171 -0.0053985 0.991608 0.097329
240 250 77 0.988192 0.0552855 -0.142897 0.982817 -0.0544312 0.998469 0.00988374 -0.183578 0.143225 -0.00198896 0.989688 0.0192306
240 251 60 0.987265 0.0548006 -0.149348 0.976358 -0.0558307 0.998437 -0.00271005 -0.152473 0.148966 0.0110138 0.988781 0.153222
240 252 74 0.984089 0.0671474 -0.164501 0.983066 -0.0697822 0.997509 -0.0102841 -0.150537 0.1634 0.0215996 0.986323 0.104494
240 253 100 0.985118 0.0727367 -0.155728 0.984871 -0.0753201 0.997102 -0.0107449 -0.157593 0.154495 0.0223145 0.987741 0.0720679
240 254 120 0.982347 0.0755891 -0.171114 0.980092 -0.0783871 0.996876 -0.00964501 -0.155684 0.169851 0.0228879 0.985204 0.123218
255 256 20 0.999964 0.00621089 -0.00584393 -0.741916 -0.00618915 0.999974 0.00372973 -0.243979 0.00586695 -0.00369343 0.999976 0.624527
255 257 75 0.999577 0.0106093 -0.0270969 0.971202 -0.0103244 0.99989 0.0106339 0.233919 0.0272067 -0.0103497 0.999576 -0.0452588
255 258 107 0.999446 0.00465381 -0.0329627 0.842961 -0.00408436 0.999842 0.0173221 0.128867 0.0330381 -0.0171778 0.999306 0.522312
255 259 82 0.999688 0.00637402 -0.0241403 0.859745 -0.00579219 0.999693 0.0240957 0.112602 0.0242865 -0.0239484 0.999418 0.498155
255 260 122 0.996817 0.012556 -0.0787234 0.980543 -0.0105923 0.999623 0.025313 0.115873 0.0790116 -0.0243986 0.996575 0.15846
255 261 111 0.995842 0.0151936 -0.0898234 0.91681 -0.0129345 0.999587 0.0256783 0.121712 0.0901764 -0.0244097 0.995627 0.380323
255 262 159 0.990725 0.0141037 -0.135146 0.939085 -0.0115217 0.999736 0.0198682 0.0798787 0.135391 -0.0181268 0.990626 0.334274
255 263 93 0.996239 0.00927984 -0.0861549 0.908669 -0.00706386 0.999637 0.0259902 0.0150097 0.0863648 -0.0252839 0.995943 0.417247
255 264 69 0.99427 0.00960113 -0.106465 0.88629 -0.0070338 0.999676 0.0244637 -0.0132547 0.106665 -0.0235747 0.994015 0.462941
255 265 126 0.989486 0.0103264 -0.144263 0.92725 -0.00753695 0.999774 0.019869 -0.0141083 0.144435 -0.0185728 0.98934 0.374177
255 266 93 0.990224 0.0130893 -0.13887 0.920896 -0.0105987 0.99977 0.0186588 -0.044667 0.139083 -0.0170045 0.990135 0.387241
255 267 59 0.994156 0.0121518 -0.107268 0.831919 -0.0100502 0.999747 0.0201107 -0.106923 0.107485 -0.0189151 0.994027 0.544498
255 268 114 0.983375 0.024581 -0.179916 0.912266 -0.0213275 0.999573 0.0199954 -0.0908478 0.18033 -0.0158258 0.983479 0.399396
255 269 71 0.985916 0.0313078 -0.164284 0.886532 -0.0284677 0.999402 0.0196142 -0.109087 0.1648 -0.0146612 0.986218 0.449623
270 271 118 0.99988 -0.00091395 0.0154546 -0.885033 0.000955234 0.999996 -0.00266412 0.138111 -0.0154521 0.00267856 0.999877 0.444568
270 272 89 0.99933 0.0121482 -0.0345183 0.724559 -0.0119523 0.999911 0.00587711 -0.343158 0.0345866 -0.0054606 0.999387 0.597709
270 273 79 0.999545 0.0203422 -0.0222733 0.705144 -0.0203824 0.999791 -0.00157773 -0.37961 0.0222365 0.00203099 0.999751 0.598889
270 274 69 0.99939 0.0201407 -0.0285413 0.815663 -0.0201993 0.999794 -0.00176734 -0.331617 0.0284999 0.00234278 0.999591 0.47405
270 275 84 0.999232 0.024991 -0.030165 0.69212 -0.0249442 0.999687 0.00192676 -0.297255 0.0302038 -0.00117284 0.999543 0.65773
270 276 93 0.997799 0.0274696 -0.060354 0.833536 -0.027275 0.99962 0.004047 -0.270369 0.0604422 -0.00239194 0.998169 0.481786
270 277 65 0.998875 0.0344602 -0.0325867 0.768925 -0.0345358 0.999402 -0.00176016 -0.282407 0.0325065 0.00288358 0.999467 0.573586
270 278 65 0.998831 0.0258831 -0.0408159 0.729507 -0.0258876 0.999665 0.000418517 -0.266958 0.0408131 0.000638599 0.999167 0.629724
270 279 69 0.998755 0.0227173 -0.0444022 0.787306 -0.0228241 0.999738 -0.00189926 -0.283169 0.0443474 0.00291033 0.999012 0.54769
270 280 53 0.99765 0.030276 -0.061471 0.842562 -0.0304011 0.999537 -0.00109988 -0.232091 0.0614092 0.00296608 0.998108 0.486027
270 281 104 0.996515 0.0271374 -0.0788727 0.859944 -0.0266586 0.999619 0.00711674 -0.218348 0.0790358 -0.0049893 0.996859 0.461325
270 282 93 0.991269 0.0339963 -0.127396 0.887196 -0.0320946 0.999341 0.0169511 -0.210311 0.127889 -0.0127144 0.991707 0.410672
270 283 94 0.990928 0.0474601 -0.125735 0.859029 -0.046543 0.998864 0.0102236 -0.180416 0.126077 -0.00427877 0.992011 0.479081
270 284 73 0.994184 0.0297236 -0.103509 0.857588 -0.028921 0.999539 0.00924691 -0.199973 0.103736 -0.00619955 0.994586 0.47387
285 286 273 0.999406 0.00887837 -0.0332863 0.901957 -0.00845288 0.999881 0.0129019 -0.31326 0.0333969 -0.0126128 0.999363 -0.297222
285 287 117 0.999792 0.010453 -0.0175075 0.90453 -0.0104325 0.999945 0.00126076 0.105221 0.0175197 -0.00107785 0.999846 0.413223
285 288 101 0.999789 0.00455402 -0.0200257 0.991539 -0.00445124 0.999977 0.00517358 -0.0959856 0.0200488 -0.00508335 0.999786 0.0873934
285 289 98 0.999714 0.000736153 -0.0239202 0.716659 -0.000636804 0.999991 0.00416069 -0.0683297 0.023923 -0.00414426 0.999705 0.694068
285 290 224 0.99827 0.0123156 -0.0575007 0.987563 -0.0120702 0.999917 0.00461393 -0.102883 0.0575527 -0.0039119 0.998335 0.118887
285 291 150 0.999949 0.00816942 -0.00588176 -0.99596 -0.00817341 0.999966 -0.00065575 0.0682583 0.0058762 0.000703791 0.999982 0.0583456
285 292 215 0.997718 0.0263705 -0.0621591 0.991245 -0.0259237 0.999632 0.00798393 -0.119461 0.0623467 -0.00635431 0.998034 -0.0562405
285 293 131 0.998232 0.0303161 -0.0511292 0.997462 -0.0299661 0.999522 0.00759736 -0.0634898 0.0513351 -0.00605178 0.998663 0.032215
285 294 120 0.996639 0.0416002 -0.0705648 0.972955 -0.0412675 0.999129 0.00616697 -0.0788168 0.0707599 -0.00323421 0.997488 0.217131
285 295 158 0.99747 0.0522576 -0.0481925 0.97507 -0.0519578 0.998621 0.00745466 -0.0932617 0.0485156 -0.00493183 0.99881 -0.201348
285 296 94 0.996008 0.0697967 -0.0556398 0.966331 -0.0685796 0.997369 0.0234928 -0.110759 0.0571332 -0.0195832 0.998174 -0.232243
285 297 137 0.995616 0.0827649 -0.0435718 0.987174 -0.0816555 0.996304 0.0266569 -0.0796762 0.045617 -0.0229822 0.998695 -0.138347
285 298 166 0.995219 0.093393 -0.0285966 0.981388 -0.0924628 0.995192 0.032288 -0.0993088 0.0314746 -0.0294895 0.999069 -0.164364
285 299 146 0.993845 0.10902 -0.0196518 0.993265 -0.108399 0.993646 0.0302734 -0.0954078 0.0228274 -0.0279568 0.999348 -0.0657404
300 301 23 0.999981 0.00464694 0.00411119 -0.44116 -0.00464045 0.999988 -0.00158724 0.191311 -0.00411851 0.00156813 0.99999 0.8768
300 302 17 0.999918 0.0126478 0.00206152 -0.756351 -0.0126405 0.999914 -0.00351553 -0.0435137 -0.00210581 0.00348918 0.999992 0.652718
300 303 18 0.999883 0.015009 -0.00303224 0.935639 -0.0150248 0.999873 -0.00527205 -0.0457938 0.00295272 0.00531699 0.999982 -0.349974
300 304 23 0.999914 0.0127075 0.00318818 -0.985197 -0.0126761 0.999873 -0.00967823 0.164235 -0.00331076 0.00963699 0.999948 -0.0491247
300 305 41 0.999922 0.0113875 0.00506838 -0.848036 -0.0112877 0.99975 -0.0193161 0.170256 -0.00528707 0.0192574 0.999801 0.501844
300 306 70 0.99968 0.0232458 0.0099387 -0.992523 -0.0229737 0.99938 -0.0266702 0.0185806 -0.0105525 0.0264334 0.999595 0.120634
300 307 148 0.999934 0.0114802 2.59217e-05 -0.987398 -0.0114739 0.999449 -0.0311472 0.147109 -0.000383484 0.0311448 0.999515 0.0583488
300 308 67 0.999605 0.0134129 -0.024711 0.821725 -0.0141587 0.999442 -0.0302557 -0.0666779 0.0242913 0.0305936 0.999237 -0.56597
300 309 78 0.999682 0.0055137 -0.0246221 0.95118 -0.00623406 0.999552 -0.0292765 -0.106671 0.0244496 0.0294207 0.999268 -0.289617
300 310 115 0.997713 0.00181235 -0.0675731 0.976437 -0.00365971 0.999623 -0.0272249 -0.0970888 0.0674983 0.0274099 0.997343 -0.192728
300 311 70 0.998082 -0.00269485 -0.0618503 0.880372 0.000896069 0.999576 -0.0290922 -0.0980119 0.0619025 0.028981 0.997661 -0.464046
300 312 71 0.99776 -0.00300949 -0.0668309 0.977736 0.00111675 0.999598 -0.0283407 -0.0904785 0.0668893 0.0282025 0.997362 -0.189332
300 313 54 0.999062 -0.00683453 -0.0427692 -0.900703 0.00510327 0.999168 -0.0404583 0.0259952 0.0430101 0.0402021 0.998265 0.433657
300 314 86 0.995009 -0.0015318 -0.099769 0.981517 -0.00232181 0.999256 -0.0384977 -0.0746756 0.0997537 0.0385373 0.994266 -0.176206
315 316 26 0.999914 -0.00730992 -0.0108599 0.607642 0.00731832 0.999973 0.000734202 -0.368116 0.0108542 -0.000813615 0.999941 0.703749
315 317 43 0.999946 -0.00744675 -0.00724432 -0.750849 0.00737213 0.99992 -0.0102733 0.0535328 0.00732025 0.0102194 0.999921 0.658301
315 318 0 1 0 0 0 0 1 0 0 0 0 1 0
315 319 12 0.999749 -0.00336731 -0.0221281 0.998032 0.00309026 0.999917 -0.0125428 -0.0417269 0.0221685 0.0124713 0.999676 0.0468055
315 320 98 0.999977 -0.00564126 -0.00382826 -0.794011 0.00556616 0.999797 -0.0193522 0.177087 0.00393665 0.0193304 0.999805 -0.581539
315 321 140 0.998679 -0.00754246 -0.0508304 0.955402 0.00682277 0.999874 -0.0143175 -0.117556 0.050932 0.0139517 0.998605 -0.2709
315 322 101 0.99869 -0.0109368 -0.0499917 0.957377 0.0101108 0.999809 -0.0167455 -0.147476 0.0501652 0.0162181 0.998609 -0.248353
315 323 145 0.99778 -0.0044338 -0.0664419 0.954315 0.00332886 0.999854 -0.0167316 -0.0987494 0.0665064 0.0164733 0.99765 -0.282013
315 324 215 0.996508 -0.00590955 -0.0832856 0.94992 0.00486154 0.999907 -0.0127806 -0.13298 0.0833533 0.012331 0.996444 -0.282786
315 325 188 0.996183 -0.0127324 -0.086356 0.953651 0.0116482 0.999847 -0.0130474 -0.119627 0.086509 0.0119917 0.996179 -0.276114
315 326 253 0.993728 -0.0173154 -0.110474 0.953087 0.0174706 0.999847 0.000437222 -0.185842 0.110449 -0.00236453 0.993879 -0.238931
315 327 132 0.996533 -0.00229382 -0.0831706 0.9607 0.00100125 0.999878 -0.0155796 -0.0447118 0.0831962 0.0154423 0.996414 -0.273965
315 328 248 0.993548 0.00305898 -0.113375 0.982116 -0.00431707 0.999932 -0.0108529 -0.103515 0.113334 0.0112723 0.993493 -0.157264
315 329 99 0.994477 0.0143974 -0.103964 0.980685 -0.0162153 0.99973 -0.0166619 -0.0729935 0.103696 0.0182557 0.994442 -0.181463
330 331 32 0.999978 -0.00447596 -0.00495784 0.489133 0.00448185 0.999989 0.00117673 0.0992523 0.00495252 -0.00119892 0.999987 -0.866544
330 332 11 0.999937 -0.0111319 -0.00120478 -0.941486 0.0111338 0.999937 0.00157073 0.0444552 0.00118722 -0.00158405 0.999998 0.334107
330 333 233 0.999136 -0.00213078 -0.0415015 0.989017 0.00225546 0.999993 0.00295759 -0.140001 0.0414949 -0.00304864 0.999134 0.0473733
