0 1 182 0.999976 0.00405363 0.00557059 -0.832798 -0.00406782 0.999989 0.002539 -0.0532282 -0.00556023 -0.0025616 0.999981 -0.551012
0 2 610 0.999515 0.0126906 -0.0284359 0.823756 -0.0127417 0.999918 -0.00161555 0.228624 0.0284131 0.00197709 0.999594 -0.518804
0 3 613 0.998641 0.0154902 -0.0497623 0.851193 -0.0157091 0.999869 -0.0040111 0.274322 0.0496936 0.00478737 0.998753 -0.447458
0 4 561 0.998354 0.016563 -0.0549032 0.814499 -0.0163751 0.999858 0.0038712 0.218808 0.0549596 -0.00296579 0.998484 -0.537322
0 5 504 0.997544 0.0239276 -0.0658281 0.817418 -0.0237038 0.99971 0.00417977 0.2278 0.065909 -0.00260913 0.997822 -0.529089
0 6 520 0.996243 0.0298121 -0.0813108 0.847784 -0.0297566 0.999555 0.00189392 0.243961 0.0813311 0.000532728 0.996687 -0.470898
0 7 475 0.995005 0.021331 -0.0975214 0.850399 -0.0207711 0.999761 0.0067533 0.219108 0.0976422 -0.00469394 0.995211 -0.478344
0 8 528 0.991249 0.0365146 -0.126856 0.89708 -0.0357823 0.999327 0.00804746 0.214218 0.127065 -0.00343783 0.991888 -0.386468
0 9 447 0.988358 0.0353179 -0.14799 0.887794 -0.0340286 0.999358 0.0112353 0.189365 0.148292 -0.00606857 0.988925 -0.419479
0 10 477 0.989842 0.0410357 -0.136121 0.875844 -0.0397292 0.999135 0.0123021 0.229499 0.136508 -0.00676912 0.990616 -0.424531
0 11 439 0.983784 0.0482475 -0.172745 0.908405 -0.0475912 0.998835 0.00794117 0.216002 0.172927 0.000408754 0.984935 -0.357971
0 12 395 0.978915 0.0571694 -0.196105 0.915611 -0.0571411 0.998349 0.00580677 0.198713 0.196113 0.00552132 0.980566 -0.349526
0 13 303 0.97986 0.0666287 -0.18824 0.881558 -0.0660384 0.997773 0.00941289 0.215407 0.188447 0.00320772 0.982078 -0.420065
0 14 223 0.97986 0.0607592 -0.190217 0.886708 -0.0584015 0.998131 0.0179818 0.195956 0.190954 -0.00651064 0.981577 -0.418748
15 16 393 0.999895 -0.00156902 -0.0144049 0.866257 0.00143644 0.999957 -0.00920947 0.239288 0.0144187 0.00918781 0.999854 -0.438567
15 17 536 0.999337 -0.00679144 -0.0357799 0.802233 0.0061122 0.9998 -0.0190593 0.376487 0.0359022 0.018828 0.999178 -0.463336
15 18 621 0.999615 0.00259072 -0.0276181 0.777831 -0.00278502 0.999972 -0.00699919 0.328814 0.0275992 0.00707342 0.999594 -0.535593
15 19 634 0.997342 0.00963728 -0.0722168 0.898835 -0.0102865 0.99991 -0.00862404 0.244838 0.0721272 0.00934398 0.997352 -0.363526
15 20 540 0.996555 0.00467769 -0.0828016 0.899719 -0.00535029 0.999954 -0.00790296 0.244592 0.0827608 0.00831874 0.996535 -0.361498
15 21 554 0.998706 0.00841054 -0.0501502 0.796056 -0.00839163 0.999965 0.000587533 0.283485 0.0501534 -0.000165931 0.998742 -0.534726
15 22 520 0.992297 0.01761 -0.12262 0.931179 -0.0182346 0.999826 -0.00397322 0.188074 0.122529 0.00617855 0.992446 -0.312305
15 23 399 0.996276 0.0231912 -0.0830404 0.853561 -0.022817 0.999725 0.00545235 0.132397 0.0831439 -0.00353732 0.996531 -0.50389
15 24 401 0.989845 0.0269641 -0.139568 0.918072 -0.0300683 0.999344 -0.0201808 0.234563 0.138932 0.0241725 0.990007 -0.319569
15 25 406 0.983113 0.0336273 -0.179883 0.939836 -0.0394154 0.998811 -0.0286988 0.202438 0.178704 0.0353043 0.983269 -0.275184
15 26 329 0.986487 0.0399216 -0.158899 0.929322 -0.0422845 0.999039 -0.0115161 0.109622 0.158286 0.0180794 0.987228 -0.352623
15 27 230 0.973041 0.0396925 -0.227191 0.956781 -0.0482661 0.998312 -0.0323049 0.1244 0.225525 0.0423996 0.973314 -0.262858
15 28 269 0.979761 0.0525417 -0.193151 0.933898 -0.0613678 0.997314 -0.0399959 0.139203 0.19053 0.0510397 0.980354 -0.329328
15 29 224 0.948787 0.0511695 -0.311744 0.987512 -0.068388 0.996664 -0.0445458 0.0824704 0.308425 0.063584 0.949121 -0.134236
30 31 72 0.999966 0.00813907 0.00127276 -0.379327 -0.00814672 0.999948 0.00612424 0.168763 -0.00122284 -0.0061344 0.99998 0.909742
30 32 737 0.997855 -0.00791486 -0.0649882 0.979563 0.00801814 0.999967 0.00132844 0.137182 0.0649755 -0.00184667 0.997885 0.1471
30 33 529 0.997891 0.0126792 -0.0636545 0.986228 -0.0118876 0.999847 0.0127985 -0.0514016 0.0638071 -0.0120148 0.99789 0.157202
30 34 351 0.997573 0.0268303 -0.0642545 0.97573 -0.0262157 0.999602 0.0103899 -0.0142979 0.0645078 -0.00868022 0.997879 0.21851
30 35 33 0.997572 0.0591571 0.0367469 -0.757967 -0.0598329 0.998054 0.0175705 0.110164 -0.035636 -0.0197265 0.99917 0.642922
30 36 163 0.997667 0.068062 -0.00526666 0.97363 -0.0678521 0.997147 0.0330604 -0.0729587 0.0075018 -0.0326259 0.999439 -0.21615
30 37 178 0.993687 0.0641861 -0.0920071 0.997968 -0.0609692 0.99744 0.0373606 0.0190045 0.0941696 -0.0315152 0.995057 0.060814
30 38 325 0.992618 0.0660596 -0.101712 0.983386 -0.062841 0.997426 0.0345332 0.0658696 0.103731 -0.0278866 0.994214 0.169155
30 39 369 0.992441 0.0691617 -0.101375 0.982804 -0.0656321 0.997129 0.0377526 0.0620178 0.103695 -0.0308138 0.994132 0.173923
30 40 271 0.990394 0.106201 -0.0885498 0.954919 -0.0977843 0.990709 0.0945179 -0.219018 0.0977651 -0.0849512 0.991577 0.200403
30 41 239 0.992273 0.102846 -0.0694096 0.958519 -0.0969565 0.991782 0.083475 -0.197052 0.0774242 -0.0761002 0.99409 0.205943
30 42 247 0.979219 0.0656633 -0.191882 0.981684 -0.0578176 0.997257 0.0462111 -0.0197322 0.19439 -0.0341566 0.98033 0.18949
30 43 232 0.99294 0.073766 -0.0928856 0.985623 -0.0709184 0.996916 0.0335981 0.00883969 0.0950776 -0.0267736 0.99511 0.168728
30 44 210 0.984089 0.0800669 -0.158615 0.984316 -0.0744378 0.996377 0.0411273 -0.0252944 0.161333 -0.0286659 0.986484 0.174592
45 46 108 0.999961 0.00658648 -0.00586584 0.131194 -0.00656785 0.999973 0.00318963 -0.0772779 0.00588669 -0.00315098 0.999978 -0.98834
45 47 37 0.999723 0.0116139 -0.0204808 0.998218 -0.0115116 0.999921 0.00510702 0.0565129 0.0205385 -0.00486983 0.999777 -0.0191802
45 48 568 0.998142 0.0213519 -0.0570603 0.992147 -0.0210526 0.999761 0.0058417 0.0127178 0.0571714 -0.00462958 0.998354 -0.124425
45 49 646 0.994117 0.0232889 -0.105778 0.99159 -0.0237726 0.999712 -0.00331406 0.100681 0.105671 0.00580919 0.994384 -0.0813167
45 50 497 0.997965 0.0285219 -0.0570262 0.954003 -0.0280687 0.999568 0.00873301 0.0797844 0.0572507 -0.00711459 0.998334 -0.288987
45 51 385 0.995264 0.0450175 -0.086158 0.966315 -0.0419269 0.998422 0.0373515 -0.135766 0.0877036 -0.0335622 0.995581 -0.218638
45 52 260 0.991503 0.0438136 -0.122485 0.985225 -0.0409633 0.99883 0.0256936 0.0524054 0.123467 -0.0204579 0.992138 -0.163048
45 53 218 0.99288 0.0475622 -0.109212 0.983367 -0.04278 0.998038 0.0457222 0.00568193 0.111173 -0.0407246 0.992966 -0.18154
45 54 273 0.992638 0.0739936 -0.0958858 0.990633 -0.0683401 0.995798 0.0609655 -0.00157524 0.0999939 -0.0539639 0.993524 -0.136544
45 55 51 0.881451 0.160886 -0.444027 0.954896 -0.0792778 0.97725 0.196715 -0.266784 0.465574 -0.138193 0.874153 0.130385
45 56 180 0.991389 0.13036 -0.0124289 0.997898 -0.129617 0.990373 0.0485813 -0.0225181 0.0186423 -0.046552 0.998742 -0.0607685
45 57 320 0.978166 0.132078 -0.160458 0.9999 -0.126408 0.990953 0.045088 -0.00793498 0.164962 -0.0238204 0.986012 -0.0117419
45 58 99 0.982215 0.175281 0.0673022 0.0597546 -0.178842 0.98255 0.0510919 -0.203587 -0.0571723 -0.0622197 0.996424 -0.977232
45 59 46 0.982746 0.172128 0.0676885 -0.0206407 -0.176061 0.982717 0.0571865 -0.0044023 -0.0566752 -0.0681172 0.996066 0.999777
60 61 580 0.99843 0.015007 -0.0539657 0.872919 -0.0167208 0.999366 -0.0314479 0.476775 0.0534595 0.0323009 0.998047 0.10343
60 62 424 0.999672 0.0204663 -0.0153936 0.803098 -0.0205654 0.999769 -0.00630628 0.151502 0.015261 0.00662079 0.999862 0.576265
60 63 414 0.999279 0.0262429 -0.0274433 0.867148 -0.0264032 0.999636 -0.00549517 0.0829298 0.0272891 0.0062158 0.999608 0.491098
60 64 376 0.998778 0.0309674 -0.0385157 0.87444 -0.0312985 0.999478 -0.00802552 0.112557 0.0382471 0.0092212 0.999226 0.471897
60 65 432 0.997033 0.0257441 -0.0725457 0.927968 -0.0269713 0.999508 -0.0159871 0.141505 0.0720984 0.0178963 0.997237 0.344749
60 66 391 0.997147 0.0187974 -0.0731117 0.877368 -0.020208 0.999623 -0.018602 0.114077 0.0727344 0.0200264 0.99715 0.466059
60 67 336 0.997278 0.0209189 -0.070698 0.882761 -0.021712 0.999709 -0.010469 -0.0133135 0.0704585 0.0119755 0.997443 0.469635
60 68 351 0.997347 0.0334099 -0.0646724 0.774082 -0.0338146 0.999415 -0.00517323 -0.0871414 0.0644617 0.00734637 0.997893 0.627059
60 69 335 0.986695 0.0115205 -0.162172 0.946685 -0.0114435 0.999934 0.00140888 -0.108846 0.162177 0.000465675 0.986762 0.303216
60 70 340 0.986827 0.0202696 -0.160502 0.937883 -0.0219109 0.999724 -0.0084625 -0.0493021 0.160287 0.0118678 0.986999 0.34343
60 71 295 0.99244 0.0239099 -0.120378 0.853133 -0.0257918 0.999568 -0.0140991 -0.0179459 0.119989 0.0170973 0.992628 0.521385
60 72 267 0.981714 0.0140398 -0.189842 0.900745 -0.0121329 0.999864 0.0112032 -0.141682 0.189974 -0.00869504 0.981751 0.41059
60 73 283 0.975262 0.0177687 -0.220337 0.896039 -0.0168077 0.999839 0.00623534 -0.115413 0.220412 -0.00237773 0.975404 0.428712
60 74 278 0.981871 0.0376119 -0.185783 0.863777 -0.0362032 0.999284 0.0109704 -0.168417 0.186063 -0.00404558 0.98253 0.474895
75 76 15 0.999931 0.0101676 -0.0059281 0.672068 -0.010186 0.999943 -0.00307596 -0.336962 0.00589649 0.00313613 0.999978 0.659379
75 77 557 0.998749 0.0150776 -0.047668 0.902574 -0.0147434 0.999864 0.00735438 -0.420573 0.0477724 -0.00664239 0.998836 0.0920812
75 78 426 0.999637 0.00588643 -0.0262766 0.811247 -0.00637031 0.999811 -0.0183692 -0.238648 0.0261635 0.0185299 0.999486 0.533783
75 79 563 0.9984 0.0205803 -0.0526661 0.88799 -0.0212267 0.999706 -0.011744 -0.344361 0.0524089 0.0128431 0.998543 0.304777
75 80 404 0.999264 0.0233642 -0.0304162 0.773622 -0.0240363 0.999471 -0.0219213 -0.389344 0.029888 0.0226363 0.999297 0.49992
75 81 411 0.998778 0.0227168 -0.0438997 0.810724 -0.0237328 0.999459 -0.0227636 -0.377953 0.0433588 0.0237776 0.998777 0.447078
75 82 439 0.9986 0.0214006 -0.0483779 0.842029 -0.0228712 0.999287 -0.0300518 -0.385348 0.0477003 0.0311162 0.998377 0.377485
75 83 441 0.998485 0.0260343 -0.0484824 0.809085 -0.0276951 0.999041 -0.0339051 -0.350238 0.0475532 0.0351965 0.998248 0.471927
75 84 337 0.997867 0.0300596 -0.0579394 0.791735 -0.0321855 0.998829 -0.0361155 -0.357222 0.0567859 0.0379033 0.997667 0.495529
75 85 375 0.996336 0.0257751 -0.0815542 0.860296 -0.0291418 0.99876 -0.0403644 -0.329289 0.0804127 0.0425931 0.995851 0.389178
75 86 369 0.997287 0.0295261 -0.0674275 0.826004 -0.0327688 0.998333 -0.0475023 -0.336241 0.0659126 0.0495829 0.996593 0.452392
75 87 406 0.99036 0.0395715 -0.132745 0.872573 -0.0431923 0.998766 -0.0245073 -0.36261 0.131611 0.0300046 0.990847 0.327309
75 88 321 0.99625 0.0393452 -0.077058 0.817836 -0.0436497 0.997532 -0.0549966 -0.358808 0.074704 0.0581539 0.995509 0.44989
75 89 357 0.993634 0.0483466 -0.101757 0.870759 -0.0537397 0.997255 -0.0509427 -0.32162 0.0990144 0.0560868 0.993504 0.37194
90 91 34 0.99987 0.00670003 -0.0146797 0.981649 -0.00670335 0.999978 -0.000176831 0.190214 0.0146781 0.00027521 0.999892 0.0135442
90 92 503 0.999354 0.0176703 -0.0312912 0.972207 -0.0175595 0.999839 0.00381315 0.178466 0.0313535 -0.00326123 0.999503 0.151534
90 93 515 0.999257 0.0179738 -0.0340812 0.966718 -0.0177468 0.999818 0.00695168 0.13813 0.0341999 -0.00634169 0.999395 0.215351
90 94 473 0.995931 0.0257102 -0.0863731 0.998734 -0.0246296 0.999605 0.0135529 0.0467811 0.0866874 -0.0113704 0.996171 0.0184869
90 95 413 0.991928 0.0462842 -0.118056 0.988433 -0.0446913 0.998871 0.0161054 0.134053 0.118668 -0.0106993 0.992876 -0.0709259
90 96 438 0.99476 0.0490277 -0.0897191 0.983953 -0.0467642 0.998537 0.0271609 0.171422 0.0909194 -0.0228229 0.995597 -0.0495042
90 97 362 0.991942 0.0675185 -0.107199 0.980871 -0.0642674 0.99737 0.033502 0.194657 0.109179 -0.0263426 0.993673 0.000407296
90 98 166 0.982446 0.0951825 -0.160438 0.314833 -0.157598 0.883657 -0.44081 0.923594 0.0998143 0.458357 0.883146 0.218758
90 99 93 0.997582 0.0694428 0.00262186 0.579339 -0.0693944 0.993464 0.090625 0.277909 0.00368853 -0.0905878 0.995882 0.766246
90 100 373 0.988297 0.100545 -0.114719 0.976786 -0.0913003 0.992342 0.0831909 0.204601 0.122205 -0.0717434 0.989908 0.063468
90 101 228 0.994391 0.103731 -0.0206403 0.92278 -0.100637 0.988018 0.117014 0.111439 0.0325309 -0.11428 0.992916 0.368861
90 102 214 0.993062 0.116467 -0.0162461 0.893295 -0.113399 0.98502 0.129912 0.200889 0.0311332 -0.127168 0.991392 0.40208
90 103 309 0.980421 0.137304 -0.141146 0.971935 -0.122772 0.98665 0.106998 0.233418 0.153953 -0.0875746 0.98419 0.0293014
90 104 258 0.982822 0.146674 -0.11202 0.962332 -0.134117 0.984564 0.112454 0.265883 0.126784 -0.0954984 0.987323 0.0567826
105 106 257 0.99976 0.0173938 0.0133378 -0.927138 -0.0175424 0.999784 0.0111072 -0.350628 -0.0131417 -0.0113385 0.999849 -0.132196
105 107 46 0.99958 0.0246411 -0.0152831 -0.612761 -0.024554 0.999681 0.00585902 -0.35153 0.0154226 -0.00548129 0.999866 0.707779
105 108 135 0.999373 0.0346461 -0.00729213 -0.691591 -0.0345157 0.999254 0.0173087 -0.140847 0.00788637 -0.0170461 0.999824 -0.708423
105 109 180 0.999253 0.0239595 -0.0303168 0.827643 -0.023456 0.999583 0.0168557 0.271225 0.030708 -0.016132 0.999398 -0.49137
105 110 199 0.999174 0.0334798 0.0230181 -0.853111 -0.0346053 0.998131 0.050374 -0.326326 -0.0212886 -0.0511289 0.998465 -0.407078
105 111 350 0.995319 0.0333432 -0.0907058 0.942143 -0.0311228 0.999183 0.0257849 0.296021 0.0914915 -0.0228412 0.995544 -0.157286
105 112 35 0.999092 0.0376064 -0.0200186 -0.931742 -0.0366179 0.998193 0.0476439 -0.229354 0.0217742 -0.0468676 0.998664 -0.281519
105 113 140 0.999199 0.0389428 -0.00924497 -0.956481 -0.0384907 0.998251 0.0448751 -0.23271 0.0109764 -0.0444833 0.99895 -0.176041
105 114 336 0.989571 0.0231656 -0.14217 0.989547 -0.0206531 0.999604 0.0191233 0.142971 0.142557 -0.0159876 0.989657 -0.0188728
105 115 343 0.996569 0.0277424 -0.077974 0.974558 -0.0260547 0.999406 0.0225784 0.195055 0.078554 -0.0204694 0.9967 -0.110411
105 116 283 0.991464 0.0225645 -0.128415 0.98564 -0.0208668 0.999676 0.0145503 0.136451 0.128702 -0.0117465 0.991614 -0.0994683
105 117 238 0.997261 0.024324 -0.0698544 0.981827 -0.0229333 0.999524 0.0206419 0.170268 0.0703233 -0.0189834 0.997344 -0.0838138
105 118 189 0.978688 0.016431 -0.204692 0.992093 -0.0157148 0.999863 0.00512404 0.125362 0.204748 -0.00179815 0.978813 -0.00598742
105 119 59 0.995789 0.00519759 -0.0915292 0.999629 -0.00388913 0.999888 0.0144681 0.0237399 0.0915941 -0.0140512 0.995697 -0.0133692
120 121 144 0.999822 -0.00371852 0.0185083 -0.952904 0.00380612 0.999982 -0.00470013 0.282677 -0.0184905 0.00476974 0.999818 -0.109852
120 122 24 0.999808 -0.0038729 0.0192107 -0.933567 0.00387061 0.999992 0.000156504 0.217528 -0.0192111 -8.21169e-05 0.999815 -0.284841
120 123 126 0.999683 -0.00592876 0.0244645 0.903621 0.00591859 0.999982 0.000488192 -0.237579 -0.0244669 -0.000343242 0.999701 0.356405
120 124 250 0.999963 -0.00751296 0.00424003 0.952386 0.00749267 0.99996 0.00478104 -0.273141 -0.00427578 -0.00474909 0.99998 0.135482
120 125 204 0.999972 -0.00542652 0.00509494 0.933385 0.00541324 0.999982 0.00261791 -0.263679 -0.00510905 -0.00259026 0.999984 0.243446
120 126 387 0.999917 0.0029611 -0.0125265 0.944724 -0.00289599 0.999982 0.00521269 -0.309384 0.0125417 -0.00517598 0.999908 0.108524
120 127 372 0.999879 0.00580124 -0.0144465 0.938008 -0.00581756 0.999982 -0.00108785 -0.293575 0.0144399 0.00117176 0.999895 0.184266
120 128 123 0.999955 0.0039408 0.00858237 0.936369 -0.00386789 0.999956 -0.00849522 -0.351016 -0.00861548 0.00846164 0.999927 -0.000375549
120 129 101 0.999957 0.00290878 -0.00878354 0.936072 -0.00286901 0.999986 0.00453663 -0.306959 0.00879661 -0.00451123 0.999951 0.171885
120 130 147 0.99979 0.00205957 -0.0203788 0.899257 -0.00194218 0.999981 0.00577876 -0.243224 0.0203904 -0.00573796 0.999776 0.363565
120 131 343 0.999093 0.00220363 -0.0425196 0.942409 -0.00199012 0.999985 0.00506303 -0.261764 0.0425301 -0.00497382 0.999083 0.208193
120 132 370 0.998516 0.00325629 -0.0543562 0.955671 -0.00284015 0.999966 0.00773129 -0.273737 0.0543796 -0.00756544 0.998492 0.108444
120 133 120 0.999569 -0.00165751 -0.0293055 0.928911 0.001672 0.999998 0.000470053 -0.198712 0.0293047 -0.00051885 0.99957 0.31247
120 134 167 0.995494 0.00237274 -0.0947943 0.961415 -0.000553824 0.999815 0.0192098 -0.243071 0.0948224 -0.0190707 0.995312 0.128833
135 136 24 0.999841 0.00477924 -0.017178 0.945453 -0.00469996 0.999978 0.00465231 0.207195 0.0171999 -0.00457084 0.999842 -0.251374
135 137 541 0.999046 0.00749318 -0.043018 0.972353 -0.006979 0.999903 0.0120906 0.094854 0.0431044 -0.0117788 0.999001 -0.213384
135 138 606 0.997077 0.0160754 -0.0746943 0.960076 -0.0144835 0.999657 0.0218054 0.165199 0.0750192 -0.0206598 0.996968 -0.22575
135 139 537 0.996404 0.0206329 -0.082177 0.948781 -0.0184234 0.999451 0.0275544 0.187457 0.0827004 -0.0259413 0.996237 -0.254312
135 140 219 0.999071 0.0205074 -0.0379127 0.882829 -0.0189593 0.998989 0.04075 0.157338 0.0387101 -0.0399933 0.99845 -0.442559
135 141 266 0.996384 0.0247476 -0.0812863 0.922763 -0.0214819 0.998936 0.040807 0.125989 0.0822097 -0.0389133 0.995855 -0.364192
135 142 240 0.995365 0.0317789 -0.0907658 0.915354 -0.0272941 0.998365 0.050232 0.142672 0.0922137 -0.0475218 0.994605 -0.376526
135 143 439 0.98918 0.0430845 -0.140236 0.948876 -0.035769 0.997885 0.054276 0.135069 0.142278 -0.0486727 0.988629 -0.285292
135 144 425 0.986614 0.0525624 -0.154367 0.955643 -0.0442964 0.997419 0.0565104 0.146498 0.156938 -0.0489161 0.986396 -0.255508
135 145 349 0.988171 0.0585003 -0.141758 0.952803 -0.0502778 0.996876 0.0609102 0.166906 0.144879 -0.0530624 0.988026 -0.25359
135 146 312 0.986219 0.0729063 -0.148517 0.933935 -0.0637219 0.995803 0.0656933 0.137147 0.152683 -0.0553242 0.986725 -0.330084
135 147 216 0.986461 0.0842553 -0.140699 0.919233 -0.0754335 0.994904 0.0669068 0.138278 0.145619 -0.0553875 0.987789 -0.368633
135 148 203 0.982629 0.0942528 -0.159862 0.929404 -0.0854949 0.994481 0.0608198 0.166897 0.164712 -0.046096 0.985264 -0.329171
135 149 163 0.983077 0.0945323 -0.156921 0.90968 -0.0857577 0.994398 0.0617909 0.167826 0.161883 -0.047288 0.985676 -0.37989
150 151 16 0.999788 -0.000650342 -0.0205695 0.945844 0.000765663 0.999984 0.00559899 0.172032 0.0205655 -0.00561355 0.999773 -0.27529
150 152 14 0.99963 -0.0121354 -0.0243344 0.953014 0.0122793 0.999908 0.00577335 0.108653 0.0242621 -0.00607003 0.999687 0.28277
150 153 51 0.99936 -0.0104279 -0.034207 -0.901677 0.0104259 0.999946 -0.000238057 -0.00658417 0.0342077 -0.000118733 0.999415 0.43236
150 154 347 0.995853 -0.0100096 -0.0904287 0.99004 0.00877539 0.999863 -0.0140356 0.135108 0.0905568 0.0131839 0.995804 -0.0395791
150 155 339 0.993914 -0.0128239 -0.109409 0.965175 0.0109075 0.999777 -0.0180966 0.0592834 0.109617 0.0167931 0.993832 -0.254798
150 156 172 0.996827 -0.0139966 -0.0783567 0.791096 0.0126041 0.999754 -0.018238 0.0850964 0.0785927 0.0171925 0.996759 -0.605744
150 157 190 0.994023 -0.0189613 -0.107513 0.90062 0.0171759 0.999699 -0.0175081 0.0952145 0.107813 0.0155569 0.994049 -0.42405
150 158 273 0.990432 -0.0155057 -0.137129 0.953784 0.0136286 0.9998 -0.0146173 0.119301 0.137328 0.0126086 0.990445 -0.275797
150 159 137 0.989473 -0.00995029 -0.144373 0.95231 0.00868695 0.999918 -0.00937826 0.116248 0.144455 0.00802538 0.989479 -0.282122
150 160 244 0.985454 -0.005978 -0.169837 0.973461 0.0050251 0.999969 -0.00603998 0.0547895 0.169868 0.00509868 0.985454 -0.2222
150 161 143 0.986955 -0.00123919 -0.16099 0.92018 1.32131e-05 0.999971 -0.00761611 0.101233 0.160994 0.00751463 0.986927 -0.378181
150 162 160 0.983695 0.00287872 -0.179823 0.928046 -0.00382143 0.999981 -0.00489626 0.095554 0.179806 0.00550361 0.983687 -0.360001
150 163 243 0.976383 0.00541102 -0.215978 0.956142 -0.00563754 0.999984 -0.000432782 0.0923342 0.215972 0.00164015 0.976398 -0.27797
150 164 257 0.971181 0.0223256 -0.237297 0.963196 -0.0202331 0.999732 0.0112503 0.0856441 0.237484 -0.00612478 0.971372 -0.25479
165 166 133 0.999801 0.00609181 -0.0189784 0.999611 -0.00603194 0.999977 0.00321039 -0.0277508 0.0189975 -0.00309528 0.999815 -0.00291951
165 167 183 0.999676 0.0140932 -0.021173 0.871571 -0.0138807 0.999852 0.0101485 0.0964477 0.0213129 -0.00985128 0.999724 0.480688
165 168 658 0.998061 0.0271123 -0.0560321 0.987118 -0.0261427 0.999497 0.0179655 -0.0617814 0.056491 -0.0164658 0.998267 0.147586
165 169 658 0.996128 0.0345995 -0.0808206 0.977283 -0.0332047 0.999277 0.0185398 -0.107547 0.0814036 -0.0157844 0.996556 0.182625
165 170 364 0.996987 0.0377755 -0.0677463 0.971495 -0.0367593 0.999193 0.0161847 -0.0552898 0.068303 -0.0136456 0.997571 0.230521
165 171 544 0.994527 0.0415393 -0.0958651 0.992653 -0.0391278 0.998872 0.0269003 -0.120988 0.0968743 -0.0230021 0.995031 -0.0016651
165 172 273 0.995739 0.0436631 -0.0812208 0.936413 -0.0413333 0.99869 0.0301494 -0.10931 0.0824308 -0.0266638 0.99624 0.333439
165 173 379 0.989893 0.0575572 -0.129611 0.925427 -0.0537316 0.998016 0.0328244 -0.133285 0.131243 -0.0255284 0.991021 0.354711
165 174 383 0.986633 0.072529 -0.145926 0.932438 -0.0688439 0.997172 0.0301536 -0.18361 0.147701 -0.0197044 0.988836 0.311202
165 175 300 0.981566 0.0835965 -0.171871 0.944746 -0.0797212 0.996385 0.0293397 -0.185442 0.173703 -0.0150971 0.984682 0.270306
165 176 268 0.982405 0.0771446 -0.170086 0.928407 -0.0748508 0.996997 0.0198669 -0.202592 0.171108 -0.00678625 0.985229 0.311476
165 177 255 0.984234 0.0808433 -0.157315 0.936937 -0.0801875 0.996724 0.0105215 -0.201355 0.157651 0.00225912 0.987492 0.285665
165 178 168 0.984141 0.0869531 -0.154618 0.917642 -0.0860395 0.996212 0.012604 -0.18879 0.155128 0.000899071 0.987894 0.349703
165 179 108 0.983863 0.0750362 -0.162431 0.938781 -0.0736023 0.997177 0.0148361 -0.196753 0.163086 -0.00264136 0.986608 0.282805
180 181 48 0.999943 0.00712102 -0.0079761 0.877194 -0.00708731 0.999966 0.00424638 -0.0431099 0.00800607 -0.00418961 0.999959 0.478197
180 182 289 0.999894 0.00581225 -0.0133403 0.844859 -0.00571363 0.999956 0.00741867 -0.0836127 0.0133828 -0.00734167 0.999883 0.528415
180 183 344 0.999708 0.00434521 -0.0237715 0.927086 -0.00414558 0.999956 0.00844069 -0.0944939 0.0238072 -0.00833968 0.999682 0.362743
180 184 399 0.998198 0.00968289 -0.0592117 0.969398 -0.00897961 0.999886 0.012132 -0.208473 0.0593225 -0.0115785 0.998172 0.129637
180 185 546 0.997895 0.00604372 -0.0645737 0.962354 -0.00570796 0.999969 0.00538288 -0.138701 0.0646042 -0.00500296 0.997898 0.233747
180 186 294 0.99821 0.00777239 -0.0592952 0.9862 -0.00740188 0.999952 0.00646562 -0.127494 0.0593426 -0.00601515 0.99822 0.105619
180 187 254 0.998483 0.00140899 -0.0550468 0.955296 -0.00113978 0.999987 0.00492159 -0.112435 0.0550531 -0.00485138 0.998472 0.273437
180 188 340 0.996714 0.0149948 -0.0796062 0.98366 -0.0142847 0.999853 0.00948174 -0.120622 0.0797367 -0.00831343 0.996781 0.133656
180 189 170 0.996158 0.0210051 -0.0850184 0.989679 -0.0197764 0.999688 0.015269 -0.117341 0.0853126 -0.013529 0.996262 0.0822551
180 190 200 0.996511 0.0183209 -0.0814312 0.982921 -0.0168021 0.999673 0.0192978 -0.0816698 0.081758 -0.0178622 0.996492 0.164916
180 191 341 0.991426 0.0239986 -0.128449 0.974779 -0.0208042 0.999441 0.0261537 -0.110921 0.129005 -0.0232572 0.991371 0.193654
180 192 166 0.994868 0.0242728 -0.0982263 0.975507 -0.0221863 0.999506 0.0222786 -0.11844 0.0987185 -0.019985 0.994915 0.185361
180 193 339 0.989371 0.0395376 -0.139933 0.983527 -0.0363438 0.999019 0.0253073 -0.133429 0.140796 -0.0199526 0.989838 0.121952
180 194 165 0.991722 0.0370888 -0.122933 0.986611 -0.034899 0.999192 0.0199194 -0.125481 0.123572 -0.0154643 0.992215 0.104175
195 196 35 0.999995 0.001803 0.00278262 -0.960601 -0.0018043 0.999998 0.000463651 0.210127 -0.00278177 -0.000468669 0.999996 0.181911
195 197 271 0.999911 0.00723872 -0.0112369 0.958851 -0.00720872 0.99997 0.002708 -0.0953182 0.0112562 -0.00262675 0.999933 -0.26743
195 198 287 0.999883 0.0116776 -0.00984552 0.905827 -0.0116486 0.999928 0.00299988 -0.0975191 0.00987984 -0.00288484 0.999947 -0.412272
195 199 295 0.99958 0.0258286 -0.0131612 0.980918 -0.0257618 0.999654 0.00522012 -0.109934 0.0132915 -0.00487887 0.9999 -0.160358
195 200 319 0.998374 0.0483699 -0.0301607 0.984707 -0.048349 0.998829 0.00142287 -0.101751 0.0301942 3.7682e-05 0.999544 -0.141417
195 201 253 0.998148 0.0450616 -0.0408764 0.977017 -0.0452214 0.998973 -0.00299277 -0.092717 0.0406995 0.00483571 0.99916 -0.191942
195 202 193 0.997541 0.0561626 -0.0419147 0.979138 -0.0566079 0.998351 -0.00951304 -0.0749326 0.0413113 0.0118624 0.999076 -0.188873
195 203 256 0.996193 0.0642883 -0.0588758 0.986326 -0.0649291 0.997849 -0.0090331 -0.0722143 0.0581684 0.0128215 0.998224 -0.148141
195 204 315 0.990377 0.0628319 -0.123307 0.991899 -0.0634543 0.997984 -0.00112334 -0.0837675 0.122988 0.00893691 0.992368 -0.0954942
195 205 198 0.994884 0.061454 -0.0801766 0.983567 -0.06214 0.998049 -0.00608743 -0.0451141 0.079646 0.0110385 0.996762 -0.174815
195 206 220 0.992781 0.0700524 -0.0973528 0.968167 -0.0707678 0.997485 -0.00390996 -0.0260524 0.0968341 0.0107712 0.995242 -0.248947
195 207 161 0.995654 0.0642438 -0.0674209 0.993531 -0.0648016 0.997879 -0.00611658 -0.0267578 0.066885 0.010459 0.997706 -0.110362
195 208 137 0.991886 0.0601517 -0.111998 0.99317 -0.0613705 0.998087 -0.0074642 -0.0230152 0.111335 0.014277 0.99368 -0.114382
195 209 121 0.991822 0.0684507 -0.107716 0.980199 -0.0693717 0.997579 -0.00482241 0.00281467 0.107125 0.0122554 0.99417 -0.197995
210 211 29 0.999851 -0.00234056 -0.0170853 0.929181 0.00233015 0.999997 -0.0006291 0.265018 0.0170867 0.000589195 0.999854 -0.257658
210 212 37 0.999722 -0.0071578 -0.0224588 -0.799023 0.00719191 0.999973 0.00143834 -0.0393783 0.0224479 -0.00159946 0.999747 0.600009
210 213 366 0.997936 -0.0160444 -0.0621851 0.961365 0.0164397 0.999848 0.00585061 -0.146517 0.0620818 -0.00686084 0.998047 0.233043
210 214 235 0.997859 -0.00964558 -0.0646893 0.988922 0.00944868 0.99995 -0.003349 -0.122896 0.0647184 0.0027306 0.9979 0.083249
210 215 382 0.993313 -0.00767185 -0.115199 0.984349 0.00737794 0.999968 -0.00297754 -0.11447 0.115218 0.00210769 0.993338 0.13399
210 216 267 0.997116 -0.0121984 -0.0748997 0.992394 0.0115985 0.999897 -0.00843821 -0.121567 0.074995 0.00754516 0.997155 0.0193587
210 217 267 0.995126 -0.0122197 -0.0978538 0.979651 0.0116226 0.99991 -0.00666942 -0.146618 0.0979265 0.0054996 0.995178 0.137069
210 218 384 0.990146 -0.00166136 -0.140029 0.979815 0.00142783 0.999997 -0.00176815 -0.163061 0.140032 0.00155079 0.990146 0.115647
210 219 218 0.991741 0.00586224 -0.128122 0.962279 -0.00629585 0.999976 -0.00297968 -0.185682 0.128102 0.00376171 0.991754 0.198852
210 220 404 0.980378 0.0133268 -0.196675 0.976194 -0.0115407 0.999881 0.0102251 -0.176523 0.196788 -0.00775468 0.980415 0.126036
210 221 185 0.990311 0.0106112 -0.138462 0.94938 -0.0104648 0.999944 0.00178531 -0.205201 0.138473 -0.000319034 0.990366 0.237846
210 222 193 0.99034 0.0197286 -0.137248 -0.969321 -0.0199872 0.9998 -0.000505924 0.215094 0.137211 0.00324425 0.990537 -0.118962
210 223 281 0.971492 0.0398865 -0.233693 0.921078 -0.0374954 0.999189 0.0146673 -0.20773 0.234089 -0.00548675 0.9722 0.329338
210 224 321 0.969834 0.0497848 -0.238628 0.912609 -0.0478082 0.998757 0.0140676 -0.224231 0.239032 -0.00223485 0.971009 0.341854
225 226 122 0.99991 0.00443737 -0.0126818 0.877815 -0.00440159 0.999986 0.00284756 -0.384966 0.0126943 -0.00279148 0.999916 0.28503
225 227 335 0.999644 0.004788 -0.0262462 0.846896 -0.00483556 0.999987 -0.00174876 -0.175876 0.0262375 0.00187505 0.999654 0.501831
225 228 798 0.997686 0.0224748 -0.0641713 0.976609 -0.0222283 0.999743 0.00455281 -0.166619 0.0642571 -0.00311586 0.997929 0.135918
225 229 265 0.999602 0.0123469 -0.0253462 0.98071 -0.0122758 0.99992 0.00295914 -0.195461 0.0253808 -0.00264682 0.999674 -0.00198722
225 230 581 0.997992 0.00833982 -0.0627948 0.914894 -0.00806884 0.999957 0.00456758 -0.0994227 0.0628301 -0.00405173 0.998016 0.391259
225 231 268 0.998609 0.0054925 -0.0524334 0.892669 -0.00530234 0.999979 0.00376515 -0.139386 0.0524529 -0.0034819 0.998617 0.428618
225 232 500 0.997809 0.00790413 -0.0656857 0.97619 -0.00759384 0.999959 0.00497222 -0.125963 0.0657223 -0.00446252 0.997828 0.176598
225 233 382 0.997137 0.0074635 -0.0752418 0.949543 -0.00696719 0.999952 0.00685647 -0.100266 0.0752894 -0.00631262 0.997142 0.297178
225 234 614 0.994511 0.00934951 -0.104211 0.930115 -0.00836969 0.999917 0.00983563 -0.079014 0.104294 -0.00890944 0.994507 0.358668
225 235 438 0.995768 0.00610372 -0.0916965 0.926869 -0.0048688 0.999894 0.0136852 -0.108114 0.0917703 -0.0131808 0.995693 0.35948
225 236 496 0.990825 0.0183342 -0.133902 0.963234 -0.0160982 0.999713 0.0177624 -0.09628 0.134189 -0.0154439 0.990835 0.25082
225 237 418 0.990988 0.0199109 -0.132466 0.939057 -0.0177913 0.999694 0.0171661 -0.079041 0.132768 -0.0146547 0.991039 0.334551
225 238 523 0.990757 0.0198706 -0.134184 0.947931 -0.0171731 0.999627 0.0212307 -0.0904771 0.134556 -0.0187301 0.990729 0.305352
225 239 385 0.984168 0.0269335 -0.17518 0.973806 -0.0226316 0.999392 0.0265088 -0.0853286 0.175787 -0.0221245 0.984179 0.210763
240 241 15 0.999981 0.0014129 -0.00602954 0.947214 -0.00140727 0.999999 0.000938063 -0.0602907 0.00603086 -0.00092956 0.999981 -0.314881
240 242 359 0.99935 0.00721305 -0.0353177 0.996669 -0.00703755 0.999962 0.00509097 -0.0787667 0.0353531 -0.00483911 0.999363 0.0211478
240 243 236 0.999468 0.0119213 -0.0303564 0.991555 -0.0117887 0.99992 0.0045423 -0.10845 0.0304081 -0.00418202 0.999529 -0.0711098
240 244 552 0.9963 0.0189185 -0.0838315 0.984338 -0.0184399 0.999809 0.00647945 -0.0695063 0.083938 -0.00490963 0.996459 0.162012
240 245 381 0.996597 0.0241655 -0.0788115 0.996538 -0.0237562 0.999699 0.00612679 -0.0829028 0.0789358 -0.00423367 0.996871 0.00624017
240 246 251 0.997503 0.0235671 -0.0665728 0.986162 -0.0232275 0.999713 0.00587046 -0.112155 0.0666921 -0.00430948 0.997764 0.122087
240 247 255 0.994405 0.0263385 -0.102296 0.994074 -0.0256048 0.999636 0.00847851 -0.101249 0.102482 -0.00581181 0.994718 0.0395786
240 248 425 0.991098 0.0391071 -0.127259 0.988579 -0.0380719 0.999219 0.0105579 -0.103593 0.127573 -0.00561888 0.991813 0.109455
240 249 309 0.991318 0.042649 -0.124379 0.986661 -0.0415647 0.999072 0.0113007 -0.140423 0.124746 -0.00603284 0.99217 0.0823471
240 250 145 0.98931 0.0505678 -0.136776 0.965654 -0.0499825 0.99872 0.00771196 -0.1443 0.136991 -0.000793116 0.990572 0.216078
240 251 123 0.99749 0.0665615 0.0241502 -0.935608 -0.0657756 0.997321 -0.0319986 0.136111 -0.0262154 0.0303298 0.999196 -0.325746
240 252 140 0.994003 0.0565785 -0.0935826 0.989148 -0.0587914 0.998048 -0.0210585 -0.142851 0.0922085 0.026434 0.995389 -0.0343596
240 253 210 0.978972 0.0803667 -0.187497 0.982123 -0.0834319 0.996477 -0.00850131 -0.135156 0.186153 0.0239658 0.982228 0.131021
240 254 261 0.972084 0.0856517 -0.21844 0.969231 -0.0886722 0.996053 -0.0040435 -0.14577 0.217231 0.0233002 0.975842 0.198349
255 256 39 0.999975 0.00395698 0.00583424 -0.790406 -0.00399691 0.999969 0.00684771 0.0470119 -0.00580696 -0.00687086 0.99996 -0.610776
255 257 44 0.999894 0.0011311 -0.0145342 0.934526 -0.000942285 0.999915 0.0129916 0.206914 0.0145476 -0.0129765 0.99981 -0.289564
255 258 316 0.999437 0.0090376 -0.0323188 0.931011 -0.00850863 0.999828 0.0164677 0.158823 0.0324621 -0.0161834 0.999342 0.328624
255 259 196 0.999609 0.00918502 -0.0263938 0.92021 -0.00857641 0.999697 0.02308 0.116432 0.0265978 -0.0228446 0.999385 0.373708
255 260 180 0.999489 0.0126959 -0.0293483 0.75011 -0.0117402 0.999402 0.0325123 0.0918686 0.0297435 -0.0321512 0.99904 0.654901
255 261 250 0.998109 0.0038237 -0.0613555 0.823836 -0.00184083 0.999475 0.0323418 0.0648407 0.061447 -0.0321677 0.997592 0.563107
255 262 418 0.995178 0.00938715 -0.0976382 0.935171 -0.00702384 0.999675 0.0245204 0.0668448 0.0978366 -0.0237163 0.99492 0.347831
255 263 267 0.995421 0.00704687 -0.095325 0.885859 -0.00464107 0.999666 0.0254361 0.0255642 0.0954723 -0.0248772 0.995121 0.46325
255 264 220 0.993165 0.00219558 -0.116698 0.908741 0.000470328 0.99974 0.0228119 -0.00014178 0.116718 -0.0227109 0.992905 0.41736
255 265 299 0.98938 0.0119199 -0.144861 0.906216 -0.00924447 0.999774 0.0191281 -0.00628906 0.145056 -0.0175858 0.989267 0.422769
255 266 333 0.989084 0.0178923 -0.146265 0.925687 -0.0152048 0.999695 0.0194718 -0.0493287 0.146569 -0.0170353 0.989054 0.375061
255 267 233 0.981702 0.0248473 -0.188795 0.913686 -0.0218345 0.999599 0.0180213 -0.0553351 0.189167 -0.0135693 0.981851 0.402636
255 268 292 0.985079 0.0306828 -0.169348 0.88671 -0.027894 0.999434 0.0188229 -0.0816019 0.16983 -0.0138183 0.985376 0.455068
255 269 230 0.985311 0.0426848 -0.165346 0.868819 -0.0400301 0.999011 0.0193561 -0.10541 0.166009 -0.012453 0.986046 0.483779
270 271 298 0.999605 0.00889823 -0.0266443 0.775916 -0.00878268 0.999952 0.00445062 -0.164111 0.0266826 -0.00421486 0.999635 0.609116
270 272 98 0.999974 0.00192017 -0.0069413 -0.850232 -0.00194763 0.99999 -0.00395147 0.433103 0.00693364 0.00396489 0.999968 -0.29921
270 273 377 0.998302 0.0201969 -0.0546444 0.848364 -0.0200955 0.999795 0.0024043 -0.257727 0.0546818 -0.00130212 0.998503 0.462445
270 274 346 0.998137 0.021558 -0.0570736 0.875416 -0.0213635 0.999764 0.00401609 -0.260414 0.0571467 -0.00278932 0.998362 0.407224
270 275 322 0.993524 0.0223555 -0.111402 0.911958 -0.020401 0.999618 0.0186535 -0.267488 0.111777 -0.0162599 0.9936 0.311099
270 276 237 0.999109 0.0261648 -0.0331019 0.786627 -0.026206 0.999656 -0.000811468 -0.313303 0.0330693 0.00167821 0.999452 0.532032
270 277 312 0.997672 0.02863 -0.0618949 0.849697 -0.0283306 0.999582 0.00570934 -0.286795 0.0620325 -0.00394252 0.998066 0.442453
270 278 228 0.998659 0.0256221 -0.044978 0.791746 -0.0256036 0.999672 0.000986777 -0.277531 0.0449885 0.000166146 0.998987 0.544164
270 279 299 0.996465 0.029618 -0.0786166 0.862288 -0.0297351 0.999558 -0.000318519 -0.229277 0.0785724 0.00265506 0.996905 0.451544
270 280 233 0.994247 0.0295285 -0.102964 0.87769 -0.0287194 0.999544 0.00933198 -0.238184 0.103192 -0.00632124 0.994641 0.415846
270 281 221 0.998848 0.0202626 -0.0434932 0.755079 -0.0200794 0.999788 0.00464537 -0.240071 0.0435781 -0.0037667 0.999043 0.610099
270 282 200 0.997179 0.0299737 -0.0688105 0.782123 -0.0296696 0.999545 0.00543799 -0.210087 0.0689422 -0.00338107 0.997615 0.586641
270 283 272 0.994716 0.0357461 -0.0962448 0.855409 -0.034932 0.999338 0.0101319 -0.214307 0.0965433 -0.0067163 0.995306 0.471538
270 284 160 0.996563 0.0338736 -0.0755978 0.819499 -0.0334841 0.999419 0.00641462 -0.21163 0.0757712 -0.00386125 0.997118 0.532573
285 286 46 0.999987 0.00158488 -0.004821 0.475167 -0.00158439 0.999999 0.000105509 0.00211503 0.00482116 -9.78693e-05 0.999988 -0.879893
285 287 41 0.999904 0.00692929 -0.0120168 0.992564 -0.00688578 0.99997 0.00365824 -0.0308413 0.0120418 -0.00357514 0.999921 -0.117751
285 288 367 0.999467 0.00327208 -0.0324686 0.974626 -0.00295533 0.999948 0.00979887 -0.199349 0.032499 -0.0096977 0.999425 -0.101806
285 289 270 0.999688 0.00749838 -0.0238264 0.987611 -0.00741575 0.999966 0.00355453 -0.147039 0.0238522 -0.00337673 0.99971 0.0548017
285 290 215 0.999902 0.00770455 -0.0116898 0.909556 -0.00772233 0.999969 -0.00147683 -0.0681984 0.011678 0.00156696 0.999931 -0.409947
285 291 558 0.998645 0.0184885 -0.048654 0.984712 -0.0182342 0.999818 0.00566507 -0.142093 0.0487498 -0.00477022 0.9988 -0.100753
285 292 440 0.997989 0.0275316 -0.0570922 0.994077 -0.0272634 0.999613 0.00547056 -0.0802328 0.0572207 -0.00390304 0.998354 -0.0733077
285 293 182 0.998747 0.0257984 -0.0428733 0.899215 -0.0253706 0.999623 0.0104924 -0.150841 0.0431279 -0.00939152 0.999025 -0.410682
285 294 295 0.997058 0.0401192 -0.0653065 0.985543 -0.0392999 0.999132 0.0137834 -0.159436 0.0658028 -0.0111763 0.99777 -0.0573177
285 295 357 0.997657 0.0515148 -0.0450168 0.968888 -0.0511044 0.998641 0.0102215 -0.11965 0.0454822 -0.00789702 0.998934 -0.216655
285 296 213 0.992774 0.0906156 -0.0786641 0.999186 -0.0900431 0.995879 0.010802 0.0232951 0.0793188 -0.0036408 0.996843 -0.0329323
285 297 174 0.996842 0.0766956 -0.0205953 0.892153 -0.076137 0.996741 0.0266613 -0.125404 0.022573 -0.0250091 0.999432 -0.433978
285 298 343 0.995843 0.0886999 -0.0207353 0.968715 -0.088071 0.995677 0.0294994 -0.0720271 0.0232623 -0.0275506 0.99935 -0.237494
285 299 345 0.993723 0.107367 -0.0314301 0.994333 -0.106343 0.993794 0.0326158 -0.106041 0.034737 -0.0290686 0.998974 -0.00762217
300 301 47 0.999938 0.010237 0.0044166 0.394302 -0.0102279 0.999946 -0.00208113 -0.0523071 -0.00443767 0.00203583 0.999988 -0.917491
300 302 17 0.999883 0.0143288 0.00539727 -0.610574 -0.0143053 0.999888 -0.00437944 -0.00600347 -0.00545942 0.00430172 0.999976 0.791936
300 303 102 0.999801 0.0178311 -0.00890805 0.79472 -0.0178718 0.99983 -0.0045063 -0.0883119 0.00882619 0.00466461 0.99995 -0.600517
300 304 149 0.999821 0.0170232 -0.00824579 0.837319 -0.0170966 0.999814 -0.0089185 -0.0639644 0.00809243 0.00905788 0.999926 -0.54296
300 305 186 0.99975 0.017931 -0.0133607 0.975473 -0.0181194 0.999736 -0.0141201 -0.219708 0.013104 0.0143586 0.999811 -0.013472
300 306 242 0.999307 0.0263185 -0.026313 0.98394 -0.0268639 0.999427 -0.0205953 -0.175759 0.0257559 0.0212879 0.999442 -0.0311534
300 307 146 0.999887 0.012126 -0.00888585 0.972356 -0.0123869 0.999476 -0.0299202 -0.125271 0.00851837 0.0300269 0.999513 -0.197055
300 308 341 0.99981 0.00966115 0.0169362 -0.976689 -0.00908337 0.999385 -0.0338663 0.126025 -0.017253 0.033706 0.999283 -0.173773
300 309 200 0.999619 0.0103359 -0.0255779 0.835057 -0.0111237 0.999462 -0.0308538 -0.0406504 0.0252452 0.0311266 0.999197 -0.54866
300 310 228 0.999074 -0.00241134 -0.0429653 0.867663 0.00109825 0.999532 -0.030559 -0.105462 0.0430189 0.0304835 0.998609 -0.485837
300 311 276 0.999983 -0.00456602 0.00365032 -0.989976 0.00469253 0.999361 -0.0354347 0.109673 -0.00348619 0.0354513 0.999365 -0.0889883
300 312 165 0.998217 -0.000458758 -0.0596837 0.950246 -0.00135862 0.999537 -0.030406 -0.0933965 0.05967 0.0304329 0.997754 -0.297171
300 313 152 0.99675 -0.0111586 -0.0797845 0.98192 0.00848915 0.999395 -0.0337193 -0.137837 0.0801125 0.0329324 0.996242 -0.129749
300 314 188 0.99497 -0.0105521 -0.0996113 0.981139 0.00686028 0.999279 -0.0373326 -0.0974647 0.0999335 0.0364614 0.994326 -0.166934
315 316 79 0.999988 0.00187008 -0.00459648 -0.180035 -0.00187923 0.999996 -0.00198601 -0.0798263 0.00459275 0.00199463 0.999987 0.980416
315 317 161 0.999714 -0.00558409 -0.0232515 0.917936 0.00540866 0.999956 -0.00760117 -0.195213 0.0232929 0.00747323 0.999701 0.345377
315 318 236 0.999991 -0.00232035 -0.00348669 -0.726583 0.00226884 0.999889 -0.014704 0.211153 0.00352043 0.0146959 0.999886 -0.653828
315 319 254 0.999633 -0.00401736 -0.0267827 0.923391 0.00369498 0.99992 -0.0120753 -0.118185 0.0268291 0.0119719 0.999568 -0.365215
315 320 215 0.999511 -0.00817164 -0.0301929 0.933075 0.00769896 0.999846 -0.0157387 -0.0819519 0.0303169 0.0154986 0.99942 -0.350221
315 321 656 0.997606 -0.0174668 -0.0669152 0.921913 0.0174004 0.999847 -0.00157467 -0.29741 0.0669324 0.00040655 0.997757 -0.24824
315 322 307 0.999269 -0.0100782 -0.0368757 0.912061 0.00931605 0.999741 -0.0207806 -0.0846511 0.0370755 0.0204219 0.999104 -0.401222
315 323 375 0.998394 -0.00867796 -0.0559748 0.951127 0.00758225 0.999776 -0.0197579 -0.058084 0.0561337 0.0193018 0.998237 -0.303288
315 324 536 0.994854 -0.0129625 -0.10049 0.955718 0.0127576 0.999915 -0.00268178 -0.203263 0.100516 0.00138597 0.994934 -0.21281
315 325 612 0.995668 -0.00620639 -0.0927705 0.961694 0.00492466 0.999889 -0.0140387 -0.0854317 0.0928474 0.013521 0.995589 -0.260471
315 326 367 0.996733 -0.00740452 -0.080429 0.966991 0.0062342 0.999871 -0.0147924 -0.0682063 0.0805282 0.0142426 0.996651 -0.245512
315 327 409 0.995335 -8.8052e-05 -0.0964749 0.954756 -0.00110387 0.999924 -0.0123013 -0.0617622 0.0964686 0.0123504 0.995259 -0.290906
315 328 558 0.992156 0.00655964 -0.124835 0.987038 -0.00795213 0.999912 -0.0106596 -0.0753178 0.124754 0.0115687 0.99212 -0.141714
315 329 391 0.994083 0.0123814 -0.107917 0.980975 -0.0143714 0.99974 -0.0176812 -0.0591143 0.10767 0.0191275 0.994003 -0.184916
