0 1 236 0.999946 0.00461733 0.00930238 -0.848318 -0.00464529 0.999985 0.0029861 -0.0526797 -0.00928846 -0.00302915 0.999952 -0.52686
0 2 583 0.999383 0.012871 -0.0326828 0.848891 -0.0129819 0.999911 -0.00318196 0.233015 0.0326389 0.00360428 0.999461 -0.474434
0 3 690 0.998271 0.0188659 -0.0556773 0.843276 -0.0191782 0.999803 -0.00508064 0.245904 0.0555705 0.00613964 0.998436 -0.47793
0 4 524 0.997852 0.0213903 -0.061919 0.818614 -0.0214406 0.99977 -0.000147723 0.259464 0.0619016 0.00147498 0.998081 -0.512396
0 5 468 0.997324 0.0283211 -0.0673931 0.852761 -0.0282186 0.999599 0.00247208 0.265209 0.0674361 -0.000563721 0.997723 -0.449959
0 6 512 0.995663 0.028423 -0.0885882 0.880782 -0.0284333 0.999595 0.0011456 0.234662 0.0885848 0.00137823 0.996068 -0.411287
0 7 540 0.993437 0.0324248 -0.109685 0.865228 -0.0324974 0.999471 0.00112569 0.244452 0.109663 0.00244617 0.993966 -0.437748
0 8 394 0.994119 0.0358937 -0.102172 0.842919 -0.035065 0.999336 0.00989535 0.241943 0.102459 -0.00625449 0.994718 -0.480575
0 9 428 0.989508 0.03691 -0.139683 0.901898 -0.0356715 0.999299 0.011361 0.201516 0.140005 -0.00625907 0.990131 -0.382062
0 10 479 0.987995 0.0321123 -0.15111 0.904414 -0.0305193 0.999452 0.0128502 0.209322 0.151439 -0.00808414 0.988433 -0.37178
0 11 433 0.982561 0.0458629 -0.180197 0.924446 -0.0441775 0.998934 0.0133577 0.179013 0.180618 -0.00516406 0.98354 -0.336681
0 12 354 0.984682 0.05743 -0.164628 0.889364 -0.0571011 0.998346 0.00673367 0.223753 0.164742 0.00276991 0.986333 -0.398705
0 13 305 0.980411 0.0565008 -0.188684 0.899782 -0.0551342 0.998401 0.0124878 0.202851 0.189087 -0.00184023 0.981959 -0.38632
0 14 328 0.976442 0.0688968 -0.204487 0.908224 -0.0680328 0.99762 0.0112612 0.217542 0.204776 0.0029159 0.978804 -0.357499
15 16 42 0.999969 -0.00638132 -0.00458381 0.674863 0.00634209 0.999944 -0.00852171 0.327911 0.00463793 0.00849238 0.999953 -0.661086
15 17 457 0.999563 -0.00237535 -0.0294506 0.756115 0.00209027 0.999951 -0.00970666 0.232381 0.0294722 0.00964086 0.999519 -0.611792
15 18 556 0.999823 -0.000178504 -0.0187868 0.680311 0.000203843 0.999999 0.0013469 0.178623 0.0187865 -0.00135049 0.999823 -0.710825
15 19 580 0.994974 -0.00157102 -0.100116 0.951203 0.000779637 0.999968 -0.00794325 0.192785 0.100126 0.00782528 0.994944 -0.240929
15 20 435 0.998779 0.00343291 -0.0492787 0.805614 -0.00322395 0.999985 0.00431911 0.187416 0.0492928 -0.00415496 0.998776 -0.562015
15 21 480 0.993988 0.00410746 -0.109414 0.921101 -0.00441858 0.999987 -0.00260117 0.206212 0.109402 0.00306899 0.993993 -0.330226
15 22 458 0.992111 0.0140643 -0.124571 0.926392 -0.0150259 0.999864 -0.00678294 0.201876 0.124459 0.00860122 0.992187 -0.317875
15 23 369 0.994361 0.0214326 -0.103856 0.903207 -0.0219039 0.999754 -0.00340001 0.184414 0.103758 0.0056557 0.994587 -0.387567
15 24 377 0.991488 0.0299068 -0.126718 0.895229 -0.0324419 0.999312 -0.0179895 0.229376 0.126092 0.0219473 0.991776 -0.382037
15 25 353 0.986075 0.0334692 -0.162898 0.930573 -0.0373192 0.99909 -0.0206313 0.174436 0.162059 0.0264232 0.986427 -0.321879
15 26 306 0.979732 0.0372351 -0.196824 0.954161 -0.0434548 0.99868 -0.0273754 0.160441 0.195545 0.0353735 0.980057 -0.252657
15 27 271 0.966555 0.0336196 -0.254246 0.975216 -0.0436615 0.998469 -0.033956 0.121224 0.252715 0.0439211 0.966543 -0.185089
15 28 262 0.968497 0.0431394 -0.245262 0.964898 -0.057283 0.997063 -0.0508258 0.154907 0.242349 0.0632739 0.968124 -0.212076
15 29 265 0.962716 0.0561945 -0.264614 0.975273 -0.0707475 0.996443 -0.0457843 0.101566 0.2611 0.062798 0.963267 -0.196282
30 31 63 0.999993 0.00347405 0.000966448 0.314354 -0.00348014 0.999974 0.00637349 -0.16632 -0.00094428 -0.00637682 0.999979 -0.934622
30 32 473 0.999793 0.0038933 -0.0199816 0.990364 -0.00365149 0.99992 0.0121235 -0.0763087 0.0200272 -0.012048 0.999727 -0.115566
30 33 443 0.998708 0.00394412 -0.0506674 0.97319 -0.00341489 0.999939 0.0105276 -0.0275709 0.0507058 -0.010341 0.99866 0.228344
30 34 331 0.995298 0.0379417 -0.0891247 0.994503 -0.0367601 0.999214 0.0148621 -0.0407914 0.0896185 -0.0115159 0.99591 0.096436
30 35 218 0.990938 0.0492132 -0.124978 0.993941 -0.0491384 0.998785 0.00368294 0.0762097 0.125007 0.00249163 0.992153 0.0791984
30 36 174 0.996135 0.0620123 -0.0621999 0.994759 -0.0602043 0.997719 0.0305337 -0.00102184 0.0639515 -0.026671 0.997597 0.102242
30 37 202 0.992697 0.0713055 -0.097306 0.990775 -0.0673717 0.996795 0.0431348 -0.00483397 0.10007 -0.0362641 0.994319 0.13543
30 38 298 0.995272 0.0679792 -0.0693737 0.984539 -0.0652558 0.997034 0.0407973 0.0508119 0.0719414 -0.0360774 0.996756 0.167635
30 39 323 0.993077 0.0707503 -0.0937659 0.976351 -0.0667785 0.99676 0.0448442 0.0348308 0.0966348 -0.0382722 0.994584 0.213368
30 40 219 0.996849 0.057902 -0.0542209 0.959524 -0.0561774 0.997882 0.0328081 0.0975988 0.0560057 -0.0296587 0.99799 0.264174
30 41 221 0.990979 0.0653579 -0.116999 0.977959 -0.0625217 0.997658 0.0277531 0.0655348 0.118539 -0.0201877 0.992744 0.198245
30 42 260 0.991724 0.0599038 -0.113553 0.978343 -0.0581535 0.998133 0.018667 0.0820955 0.114459 -0.011909 0.993357 0.190015
30 43 234 0.982627 0.0735083 -0.170414 0.98364 -0.0684033 0.997021 0.0356449 0.00123107 0.172527 -0.0233687 0.984728 0.180142
30 44 194 0.985527 0.0712273 -0.153831 0.981104 -0.067533 0.997292 0.0291151 0.0199383 0.155488 -0.018305 0.987668 0.192449
45 46 17 0.999843 0.00547833 -0.0168635 0.99259 -0.00540808 0.999977 0.00420855 -0.0929615 0.0168862 -0.00411669 0.999849 -0.0782499
45 47 597 0.99862 0.0130124 -0.0508889 0.914953 -0.0118957 0.999683 0.0221856 -0.368518 0.0511615 -0.0215496 0.998458 -0.164486
45 48 505 0.994237 0.018443 -0.105606 0.997486 -0.0178696 0.99982 0.00637309 0.000677688 0.105704 -0.00444923 0.994388 -0.0708588
45 49 532 0.99322 0.0284439 -0.112713 0.990868 -0.0288246 0.999583 -0.00174922 0.0720069 0.112616 0.00498627 0.993626 -0.113999
45 50 422 0.994332 0.0257068 -0.103161 0.976518 -0.0250198 0.999655 0.00794819 0.054632 0.10333 -0.00532206 0.994633 -0.208393
45 51 216 0.999782 0.0191885 -0.00819439 0.750534 -0.0190308 0.99964 0.0189118 0.152209 0.00855433 -0.0187517 0.999788 -0.643064
45 52 272 0.990668 0.0352235 -0.131669 0.989821 -0.0329847 0.999272 0.0191468 0.0945134 0.132247 -0.014625 0.991109 -0.1064
45 53 249 0.978234 0.0439035 -0.202807 0.991236 -0.0358255 0.998418 0.0433333 0.006781 0.204389 -0.0351245 0.978259 -0.131932
45 54 271 0.986181 0.0771064 -0.146635 0.996979 -0.0682871 0.995594 0.0642626 -0.0207042 0.150944 -0.0533613 0.987101 -0.0748587
45 55 154 0.971277 0.109875 -0.211065 0.978686 -0.0879235 0.989953 0.110738 -0.204268 0.221111 -0.0889994 0.971179 0.0211702
45 56 236 0.98431 0.111592 -0.136682 0.996537 -0.10412 0.992713 0.0606666 -0.0741063 0.142456 -0.0454834 0.988756 0.0377038
45 57 259 0.983639 0.133032 -0.121474 0.998083 -0.129821 0.990954 0.0340177 0.0550932 0.124901 -0.0176913 0.992012 0.0281999
45 58 233 0.975264 0.139663 -0.171328 0.995421 -0.136204 0.990169 0.0318408 0.0845129 0.174091 -0.0077176 0.984699 0.0446683
45 59 197 0.986837 0.104832 -0.123136 0.951794 -0.105207 0.994444 0.00347294 0.295488 0.122816 0.00952752 0.992384 0.0823095
60 61 513 0.999518 0.0100064 -0.0293839 0.934779 -0.0103622 0.999875 -0.0119806 0.324268 0.0292603 0.0122793 0.999496 0.145048
60 62 400 0.999441 0.0214534 -0.0256466 0.867938 -0.0217605 0.999694 -0.0117557 0.260681 0.0253865 0.0123072 0.999602 0.422763
60 63 357 0.999109 0.0343218 -0.0245634 0.83207 -0.0345136 0.999377 -0.007429 0.171503 0.0242931 0.00827015 0.999671 0.52749
60 64 351 0.998174 0.037823 -0.0471017 0.897175 -0.0382498 0.999235 -0.00819271 0.119723 0.0467558 0.00997938 0.998856 0.425139
60 65 312 0.998046 0.0318982 -0.0537247 0.874313 -0.0324195 0.999435 -0.00885963 0.081255 0.0534117 0.010584 0.998516 0.478513
60 66 274 0.998176 0.0243725 -0.0552383 0.871192 -0.0248259 0.999663 -0.00753668 -0.0135531 0.055036 0.00889427 0.998445 0.490755
60 67 261 0.996827 0.024715 -0.0756628 0.914228 -0.0256206 0.999611 -0.0110217 -0.0143423 0.075361 0.0129252 0.997073 0.404947
60 68 274 0.997485 0.0260886 -0.0659084 0.835591 -0.0267188 0.999605 -0.00869828 -0.066321 0.0656554 0.0104374 0.997788 0.545334
60 69 259 0.99545 0.0329789 -0.0893979 0.835476 -0.0339471 0.99938 -0.00933058 -0.0507784 0.0890348 0.0123229 0.995952 0.547177
60 70 270 0.994398 0.0355993 -0.0995272 0.842377 -0.0360495 0.999346 -0.00272769 -0.0933595 0.099365 0.00630031 0.995031 0.53074
60 71 226 0.993694 0.0314538 -0.107627 0.850226 -0.0325249 0.999437 -0.00821061 -0.0541576 0.107308 0.0116594 0.994157 0.523624
60 72 235 0.988503 0.0349271 -0.147113 0.868161 -0.0355703 0.999366 -0.00174228 -0.0943641 0.146959 0.0069551 0.989118 0.487229
60 73 208 0.990569 0.0400906 -0.13102 0.814606 -0.0414684 0.999109 -0.00780297 -0.0909363 0.13059 0.0131626 0.991349 0.572842
60 74 238 0.987353 0.0335018 -0.154959 0.834555 -0.0341557 0.999415 -0.00155847 -0.130676 0.154817 0.00683151 0.98792 0.535203
75 76 128 0.999947 0.00745893 0.00711387 -0.751913 -0.00743548 0.999967 -0.00331726 -0.153241 -0.00713838 0.00326419 0.999969 0.641205
75 77 389 0.999498 0.0114116 -0.0295439 0.864003 -0.0114803 0.999932 -0.00215562 -0.331328 0.0295172 0.00249371 0.999561 0.379105
75 78 382 0.999616 0.0132499 -0.0243215 0.798235 -0.0135904 0.999811 -0.0138862 -0.374376 0.0241329 0.0142114 0.999608 0.471871
75 79 411 0.999392 0.0212403 -0.0276563 0.812791 -0.021743 0.999601 -0.0180046 -0.363101 0.0272628 0.018595 0.999455 0.455553
75 80 356 0.998701 0.0261639 -0.0437243 0.844454 -0.0270519 0.999437 -0.0198421 -0.350975 0.0431805 0.0209991 0.998847 0.404615
75 81 365 0.998457 0.0249321 -0.0496121 0.844056 -0.0261207 0.999384 -0.0234552 -0.375947 0.0489968 0.0247149 0.998493 0.382404
75 82 352 0.998695 0.0278998 -0.0427743 0.789035 -0.0292308 0.999098 -0.0308148 -0.366664 0.041876 0.0320249 0.998609 0.492931
75 83 355 0.998598 0.0245604 -0.0468984 0.79927 -0.0261734 0.999076 -0.0340944 -0.351247 0.0460176 0.0352741 0.998318 0.48764
75 84 278 0.998014 0.0197292 -0.0598248 0.819691 -0.0221574 0.998946 -0.0402003 -0.334892 0.0589687 0.041446 0.997399 0.464709
75 85 260 0.998638 0.0247115 -0.0459538 0.75075 -0.0268827 0.998521 -0.0472464 -0.357385 0.0447183 0.0484174 0.997826 0.555563
75 86 298 0.997593 0.0294147 -0.0628 0.814379 -0.0324832 0.998299 -0.0484142 -0.325238 0.0612691 0.0503376 0.996851 0.480632
75 87 380 0.994742 0.0358387 -0.0959369 0.848372 -0.0401885 0.998232 -0.0437978 -0.337283 0.0941976 0.0474231 0.994423 0.408051
75 88 322 0.994185 0.0426481 -0.0988846 0.844276 -0.0476369 0.997679 -0.0486504 -0.3401 0.0965803 0.0530781 0.993909 0.414163
75 89 247 0.994912 0.0425592 -0.0913162 0.86288 -0.0477062 0.997349 -0.0549423 -0.313687 0.0887358 0.0590191 0.994305 0.396281
90 91 22 0.999852 0.00570267 -0.0162119 0.980726 -0.00562227 0.999972 0.0050004 -0.174662 0.01624 -0.00490851 0.999856 0.087574
90 92 50 0.99975 0.0160296 -0.01557 0.968496 -0.0159673 0.999864 0.00411717 0.230863 0.0156339 -0.00386753 0.99987 0.0933661
90 93 115 0.999834 0.0177672 -0.00414297 -0.639291 -0.0177136 0.999763 0.0126341 0.0430131 0.00436647 -0.0125587 0.999912 -0.767761
90 94 451 0.997464 0.0351302 -0.0618963 0.996295 -0.0343426 0.999316 0.0137432 0.0838417 0.0623367 -0.0115826 0.997988 -0.0191699
90 95 75 0.999282 0.0374234 -0.00599223 -0.92904 -0.0372248 0.998845 0.0303783 -0.0867159 0.00712216 -0.0301334 0.999521 0.359673
90 96 392 0.992539 0.052609 -0.109995 0.990824 -0.0497691 0.998357 0.0284089 0.135146 0.111309 -0.0227226 0.993526 -0.00204922
90 97 333 0.994223 0.0706247 -0.0808297 0.977882 -0.0676671 0.996955 0.0387661 0.197186 0.0833214 -0.0330726 0.995974 0.0697526
90 98 139 0.997504 0.0621052 -0.0335826 0.98355 -0.059864 0.996149 0.064063 0.160022 0.0374319 -0.0618927 0.997381 0.0838033
90 99 192 0.99387 0.0864051 -0.0689738 0.985321 -0.0804419 0.993129 0.0849976 0.126238 0.0758441 -0.0789281 0.993991 -0.114923
90 100 210 0.995299 0.0938342 -0.0239907 0.950291 -0.0909587 0.990692 0.101275 0.210842 0.0332705 -0.098617 0.994569 0.229114
90 101 205 0.99084 0.107586 -0.0816133 0.975192 -0.0994923 0.990251 0.0974901 0.220386 0.0913063 -0.0884772 0.991885 0.020773
90 102 213 0.990146 0.121639 -0.069388 0.986584 -0.112605 0.986137 0.121878 0.160873 0.0832512 -0.112864 0.990117 0.0277797
90 103 257 0.98388 0.134056 -0.118364 0.980017 -0.120367 0.985918 0.116093 0.1989 0.13226 -0.0999742 0.98616 0.00229177
90 104 209 0.982342 0.147199 -0.115485 0.970806 -0.13374 0.984116 0.116749 0.236882 0.130836 -0.099242 0.986424 -0.0377171
105 106 39 0.999732 0.0163242 -0.0164232 0.835182 -0.0162933 0.999865 0.00201259 0.153293 0.0164539 -0.00174446 0.999863 -0.528178
105 107 25 0.999485 0.0252078 -0.0198529 0.773005 -0.0250945 0.999667 0.00593621 0.343686 0.0199959 -0.00543496 0.999785 -0.533238
105 108 161 0.999651 0.025937 -0.00498379 -0.783493 -0.0258462 0.999513 0.0174918 -0.142709 0.00543505 -0.0173569 0.999835 -0.604791
105 109 216 0.999438 0.0335019 0.0010733 -0.87039 -0.0335188 0.999048 0.0279269 -0.301109 -0.000136676 -0.0279471 0.999609 -0.389556
105 110 231 0.999528 0.028834 0.0105937 -0.86907 -0.0292555 0.998687 0.0420577 -0.230215 -0.00936706 -0.0423478 0.999059 -0.437857
105 111 324 0.995272 0.0354058 -0.0904383 0.917364 -0.03326 0.999131 0.0251259 0.305568 0.0912493 -0.0219992 0.995585 -0.255091
105 112 256 0.998013 0.0330552 -0.0536491 0.960573 -0.0310256 0.998787 0.0382332 0.264806 0.0548478 -0.0364927 0.997828 0.0847165
105 113 267 0.995712 0.0340186 -0.0860301 0.963213 -0.0319197 0.999161 0.0256567 0.231797 0.0868307 -0.0228006 0.995962 -0.135983
105 114 106 0.999327 0.034133 -0.0134084 -0.911006 -0.0335868 0.998673 0.0390463 -0.179935 0.0147234 -0.0385697 0.999147 -0.371069
105 115 272 0.994638 0.0293128 -0.0991754 0.978628 -0.0272878 0.999392 0.0217143 0.153466 0.0997515 -0.0188916 0.994833 -0.136876
105 116 224 0.991537 0.0241334 -0.127562 0.987361 -0.0223852 0.999635 0.0151203 0.147555 0.127881 -0.0121369 0.991715 -0.0578446
105 117 204 0.990521 0.0314407 -0.133718 0.9846 -0.0299542 0.999465 0.0131146 0.144248 0.134059 -0.00898487 0.990933 -0.098768
105 118 165 0.990987 0.0266672 -0.131274 0.99338 -0.0246456 0.999552 0.0170004 0.112855 0.131669 -0.0136119 0.9912 -0.0214312
105 119 113 0.998231 0.0230017 -0.0548232 0.976661 -0.0220259 0.999589 0.0183369 0.0834276 0.0552224 -0.017097 0.998328 0.197922
120 121 15 0.999917 0.00169189 0.012802 -0.933755 -0.00166654 0.999997 -0.00199008 0.18345 -0.0128053 0.00196858 0.999916 -0.307324
120 122 259 0.999975 -0.00389012 0.00588306 0.96248 0.00387607 0.99999 0.00239713 -0.252822 -0.00589232 -0.00237426 0.99998 -0.098555
120 123 218 0.999901 -0.00705853 0.0121976 0.887892 0.00702895 0.999972 0.00246636 -0.209933 -0.0122147 -0.00238038 0.999923 0.40936
120 124 228 0.999966 -0.00747384 -0.00348271 0.954926 0.00749778 0.999948 0.00691261 -0.285073 0.00343086 -0.00693848 0.99997 0.0827639
120 125 474 0.99984 -0.00279389 -0.0176614 0.947218 0.00300989 0.999921 0.0122155 -0.315096 0.0176259 -0.0122667 0.999769 0.0590936
120 126 419 0.999878 0.00239803 -0.0154058 0.936244 -0.00227211 0.999964 0.00818577 -0.339342 0.0154249 -0.00814977 0.999848 0.0910711
120 127 239 0.999948 0.00577482 -0.00845875 0.934855 -0.00579506 0.99998 -0.00236992 -0.300145 0.0084449 0.00241881 0.999961 0.189629
120 128 166 0.999936 0.0071997 -0.00875991 0.954754 -0.00722344 0.99997 -0.00268139 -0.294232 0.00874035 0.00274449 0.999958 0.0432643
120 129 160 0.999936 -0.000769475 -0.0113151 0.937622 0.000831705 0.999985 0.00549602 -0.308011 0.0113107 -0.00550508 0.999921 0.161228
120 130 160 0.999779 0.00337726 -0.0207476 0.917845 -0.00323017 0.999969 0.00711914 -0.29632 0.020771 -0.00705055 0.999759 0.264113
120 131 200 0.999604 0.000901873 -0.028127 0.940372 -0.000891396 1 0.000385011 -0.254034 0.0281273 -0.000359786 0.999604 0.226201
120 132 367 0.998608 0.00420208 -0.0525724 0.950847 -0.00387316 0.999972 0.00635682 -0.266965 0.0525977 -0.00614435 0.998597 0.156906
120 133 179 0.998948 -0.00114992 -0.045853 0.953963 0.0014151 0.999982 0.00575125 -0.267767 0.0458456 -0.00581008 0.998932 0.135114
120 134 236 0.997087 0.00145512 -0.0762538 0.960832 -0.00040124 0.999904 0.0138342 -0.24646 0.0762666 -0.0137633 0.996992 0.126725
135 136 19 0.999989 0.002255 -0.00414444 -0.829846 -0.00223153 0.999981 0.0056589 0.0951657 0.00415712 -0.00564959 0.999975 -0.549817
135 137 596 0.998449 0.0102829 -0.0547104 0.959779 -0.00999909 0.999935 0.00545935 0.241452 0.054763 -0.00490383 0.998487 -0.143265
135 138 543 0.996238 0.0188788 -0.0845759 0.964598 -0.0173463 0.999672 0.0188173 0.195579 0.0849035 -0.0172795 0.996239 -0.176917
135 139 532 0.996414 0.017808 -0.0827201 0.954379 -0.015593 0.999504 0.0273466 0.1642 0.0831661 -0.0259587 0.996198 -0.249398
135 140 299 0.997247 0.0205851 -0.0712303 0.895081 -0.0182018 0.999258 0.0339478 0.161239 0.0718762 -0.0325579 0.996882 -0.415731
135 141 402 0.99436 0.0309987 -0.101428 0.936107 -0.0270503 0.99883 0.0400754 0.139191 0.102552 -0.0371057 0.994035 -0.323001
135 142 397 0.991904 0.0375123 -0.121327 0.912163 -0.0321154 0.998419 0.0461366 0.151089 0.122865 -0.0418666 0.99154 -0.380961
135 143 396 0.990071 0.0424566 -0.134005 0.94478 -0.0356257 0.99796 0.052969 0.153179 0.13598 -0.047669 0.989564 -0.289702
135 144 347 0.990108 0.0501678 -0.131034 0.938957 -0.0426279 0.997304 0.0597275 0.139542 0.133677 -0.053551 0.989577 -0.314464
135 145 275 0.988712 0.0563275 -0.138835 0.942721 -0.0480624 0.996907 0.0621842 0.137412 0.141908 -0.0548096 0.988361 -0.303967
135 146 243 0.986685 0.0717879 -0.145945 0.918617 -0.0627229 0.99586 0.0657983 0.153433 0.150064 -0.055768 0.987102 -0.364143
135 147 205 0.98484 0.0918623 -0.147146 0.930436 -0.0833084 0.994512 0.0632896 0.187435 0.152152 -0.0500716 0.987088 -0.314892
135 148 171 0.984455 0.0855053 -0.15342 0.918681 -0.0765528 0.995051 0.0633513 0.140281 0.158078 -0.0506217 0.986128 -0.369252
135 149 186 0.981236 0.0982681 -0.165891 0.909035 -0.089234 0.994136 0.0610786 0.165679 0.17092 -0.0451295 0.984251 -0.382368
150 151 0 1 0 0 0 0 1 0 0 0 0 1 0
150 152 51 0.999791 -0.00721816 -0.0191482 -0.800196 0.00735283 0.999949 0.00697245 -0.162954 0.0190969 -0.00711178 0.999792 0.577177
150 153 172 0.999677 -0.0128043 -0.0219538 -0.927196 0.0128402 0.999916 0.0014962 -0.0897908 0.0219328 -0.00177761 0.999758 0.363655
150 154 169 0.997326 -0.0113135 -0.0722028 0.996985 0.0107596 0.99991 -0.00805678 0.0487364 0.0722874 0.00725837 0.997357 -0.0603839
150 155 154 0.99756 -0.0160587 -0.0679472 0.931904 0.0150263 0.999764 -0.0156773 0.0189447 0.0681829 0.0146181 0.997566 -0.362211
150 156 161 0.996142 -0.0126145 -0.086849 0.878402 0.011194 0.999796 -0.0168229 0.0698975 0.0870435 0.0157858 0.996079 -0.472783
150 157 327 0.99214 -0.0145202 -0.12429 0.907866 0.0121618 0.999732 -0.0197131 0.119469 0.124543 0.0180466 0.99205 -0.40188
150 158 166 0.993806 -0.0205165 -0.109223 0.822776 0.018934 0.9997 -0.015506 0.130711 0.109508 0.0133419 0.993896 -0.553131
150 159 151 0.990641 -0.0125088 -0.135916 0.873545 0.0113073 0.99989 -0.00960878 0.129677 0.136021 0.00798202 0.990674 -0.469151
150 160 157 0.988071 -0.00782265 -0.153799 0.953133 0.0067605 0.99995 -0.00742792 0.062755 0.15385 0.00629955 0.988074 -0.295972
150 161 204 0.986245 -0.00269211 -0.165265 0.946165 0.00138363 0.999967 -0.0080321 0.099247 0.165281 0.00769295 0.986216 -0.308092
150 162 193 0.983009 0.00261182 -0.183536 0.938399 -0.0032708 0.999989 -0.00328783 0.0959111 0.183526 0.00383227 0.983007 -0.331975
150 163 190 0.981297 0.00560132 -0.192416 0.94278 -0.00579612 0.999983 -0.000449492 0.125654 0.19241 0.00155635 0.981313 -0.308831
150 164 147 0.980079 0.0135546 -0.198143 0.941499 -0.011869 0.999883 0.00969255 0.114357 0.198251 -0.00714771 0.980125 -0.31702
165 166 0 1 0 0 0 0 1 0 0 0 0 1 0
165 167 278 0.999479 0.0154401 -0.0283507 0.995433 -0.0151636 0.999836 0.00994095 0.032841 0.0284995 -0.00950587 0.999549 -0.089636
165 168 279 0.998983 0.0233304 -0.0385838 0.944761 -0.0227297 0.999615 0.0159358 -0.0488074 0.0389407 -0.0150426 0.999128 0.324106
165 169 274 0.998494 0.0288888 -0.0466415 0.946732 -0.028274 0.999505 0.0137868 -0.0823208 0.0470167 -0.0124473 0.998817 0.311321
165 170 285 0.997714 0.0313011 -0.0598869 0.959033 -0.0304807 0.999429 0.0145646 -0.0571546 0.0603086 -0.012706 0.998099 0.277468
165 171 286 0.99572 0.0362455 -0.0850176 0.981913 -0.0341506 0.999079 0.025968 -0.110499 0.0858806 -0.0229535 0.996041 0.153743
165 172 191 0.995082 0.0418448 -0.0897861 0.94594 -0.0392068 0.998752 0.0309468 -0.140495 0.090969 -0.0272743 0.99548 0.292333
165 173 260 0.991948 0.0545069 -0.114316 0.934029 -0.0512494 0.998197 0.0312453 -0.155145 0.115813 -0.0251351 0.992953 0.321745
165 174 316 0.986047 0.0701559 -0.150961 0.934723 -0.0662888 0.997334 0.0305045 -0.162829 0.152699 -0.0200718 0.988069 0.31588
165 175 250 0.988038 0.0741658 -0.135203 0.922355 -0.0718383 0.997173 0.02202 -0.195746 0.136454 -0.0120438 0.990573 0.333085
165 176 228 0.982178 0.0733113 -0.173066 0.939074 -0.0717197 0.997305 0.0154405 -0.175612 0.173731 -0.00275308 0.984789 0.295467
165 177 219 0.985361 0.0771987 -0.152 0.927756 -0.0769056 0.997008 0.0078153 -0.198139 0.152149 0.00398879 0.98835 0.316243
165 178 234 0.983434 0.0821393 -0.161587 0.932763 -0.0813091 0.99662 0.0117548 -0.187146 0.162006 0.00157843 0.986788 0.308107
165 179 214 0.982056 0.0759472 -0.17262 0.907918 -0.0740922 0.997104 0.0171737 -0.167441 0.173425 -0.00407569 0.984839 0.384251
180 181 19 0.999923 0.0100973 0.00716552 -0.979796 -0.0101108 0.999947 0.00184973 0.183154 -0.00714647 -0.00192204 0.999973 -0.080345
180 182 30 0.99999 0.00416228 0.00159608 -0.986117 -0.00417008 0.999979 0.00491432 0.0972557 -0.00157559 -0.00492092 0.999987 0.13459
180 183 335 0.999244 0.00302116 -0.0387468 0.907874 -0.00268754 0.999959 0.00865946 -0.0503373 0.0387714 -0.00854878 0.999212 0.41621
180 184 184 0.999062 0.009921 -0.0421553 0.957944 -0.00968703 0.999937 0.00575087 -0.112946 0.0422097 -0.00533712 0.999095 0.263794
180 185 254 0.999048 0.00858596 -0.0427787 0.979252 -0.0084752 0.99996 0.00276975 -0.137818 0.0428008 -0.00240455 0.999081 0.148568
180 186 395 0.997318 0.0104104 -0.0724422 0.985496 -0.00989214 0.999923 0.00750918 -0.103479 0.0725148 -0.00677244 0.997344 0.134495
180 187 334 0.997092 0.00628026 -0.075943 0.965582 -0.00570051 0.999953 0.00784838 -0.112621 0.0759887 -0.00739265 0.997081 0.234453
180 188 209 0.997337 0.00791641 -0.0724941 0.976434 -0.00743972 0.999949 0.00684326 -0.10686 0.0725446 -0.00628571 0.997345 0.187503
180 189 286 0.993422 0.0198529 -0.112775 0.993816 -0.0181602 0.999707 0.0160175 -0.102017 0.11306 -0.0138642 0.993491 0.0438386
180 190 260 0.992468 0.0194228 -0.120956 0.98227 -0.0170233 0.999638 0.0208402 -0.0633759 0.121317 -0.0186242 0.992439 0.176432
180 191 283 0.989897 0.0243813 -0.13968 0.987498 -0.0206952 0.9994 0.0277817 -0.0997908 0.140273 -0.0246104 0.989807 0.122023
180 192 232 0.992487 0.0334038 -0.117698 0.981796 -0.0307243 0.999227 0.0245077 -0.10181 0.118426 -0.0207074 0.992747 0.160345
180 193 176 0.992169 0.0348813 -0.119934 0.97807 -0.0325868 0.999247 0.0210398 -0.106031 0.120578 -0.0169668 0.992559 0.179268
180 194 218 0.989867 0.0356379 -0.137453 0.984935 -0.0328803 0.999211 0.0222813 -0.124705 0.138138 -0.0175361 0.990258 0.119798
195 196 57 0.999966 0.00635092 0.00520775 -0.95731 -0.00635757 0.999979 0.00126109 0.0236395 -0.00519963 -0.00129416 0.999986 0.288096
195 197 329 0.999755 0.00695569 0.0209907 -0.99262 -0.00693957 0.999976 -0.000841045 0.114818 -0.020996 0.000695174 0.999779 0.0390045
195 198 249 0.999756 0.0148429 -0.0163725 0.972642 -0.0147587 0.999877 0.00524889 -0.106126 0.0164484 -0.00500597 0.999852 -0.206652
195 199 245 0.999338 0.0333394 -0.0145693 0.989327 -0.0332874 0.999439 0.00379913 -0.0776896 0.0146878 -0.00331164 0.999887 -0.123272
195 200 236 0.998856 0.0439717 -0.0188039 0.990026 -0.0440005 0.999031 -0.00112312 -0.0656512 0.0187363 0.00194922 0.999823 -0.124652
195 201 247 0.997432 0.04573 -0.0551124 0.997613 -0.0460459 0.998929 -0.00447482 -0.0448266 0.0548488 0.00700103 0.99847 -0.0525227
195 202 174 0.997344 0.0594157 -0.0421204 0.968452 -0.059879 0.998157 -0.00982142 -0.0630811 0.0414593 0.0123175 0.999064 -0.241085
195 203 368 0.995436 0.0660105 -0.0689174 0.971213 -0.0667575 0.997732 -0.00858933 -0.0753173 0.0681942 0.0131509 0.997585 -0.225991
195 204 172 0.996139 0.0662256 -0.0576277 0.972659 -0.066959 0.997696 -0.0108874 -0.0310547 0.0567739 0.0147041 0.998279 -0.230151
195 205 274 0.992488 0.0704975 -0.0999913 0.986494 -0.0715736 0.997409 -0.00721208 -0.0234353 0.0992238 0.0143146 0.994962 -0.16211
195 206 323 0.989917 0.0718501 -0.122075 0.991147 -0.0726788 0.997353 -0.00234344 -0.0356111 0.121583 0.0111921 0.992518 -0.127904
195 207 142 0.994352 0.067233 -0.0821238 0.997282 -0.0679185 0.997675 -0.00557962 -0.0293538 0.0815578 0.0111258 0.996607 -0.0675723
195 208 132 0.992099 0.0716054 -0.103012 0.987408 -0.0731556 0.997256 -0.0113456 0.0138517 0.101917 0.0187919 0.994615 -0.157589
195 209 190 0.989052 0.0685881 -0.130661 0.994398 -0.069807 0.997549 -0.00476652 0.00277922 0.130014 0.0138354 0.991416 -0.105668
210 211 39 0.999963 -0.00849425 -0.00145855 -0.929077 0.00849735 0.999962 0.00213323 -0.0118277 0.00144038 -0.00214554 0.999997 0.369696
210 212 281 0.999201 -0.00900913 -0.0389402 0.992622 0.00917646 0.999949 0.00412029 -0.076314 0.0389011 -0.00447434 0.999233 -0.0942235
210 213 500 0.996873 -0.00529695 -0.0788485 0.968217 0.00547791 0.999983 0.00207886 -0.041725 0.0788361 -0.00250428 0.996884 0.246607
210 214 406 0.996522 -0.0136061 -0.0822131 0.971444 0.0137287 0.999905 0.00092677 -0.158511 0.0821927 -0.00205223 0.996614 0.176552
210 215 335 0.994907 -0.00987515 -0.100307 0.978094 0.00967281 0.99995 -0.00250335 -0.156605 0.100327 0.00152034 0.994953 0.137137
210 216 225 0.997034 -0.0106992 -0.0762143 0.961431 0.0101294 0.999918 -0.00785878 -0.120917 0.0762921 0.00706346 0.99706 0.247043
210 217 237 0.994984 -0.0110608 -0.0994227 0.985617 0.0104821 0.999925 -0.00634036 -0.15372 0.0994854 0.00526639 0.995025 0.0702107
210 218 335 0.988258 -0.00567935 -0.152688 0.970089 0.00624678 0.999975 0.00323685 -0.189247 0.152666 -0.00415265 0.988269 0.152028
210 219 191 0.991668 0.000745606 -0.128815 0.959393 -0.00112447 0.999995 -0.00286845 -0.180487 0.128812 0.0029894 0.991665 0.216769
210 220 385 0.98064 0.0152444 -0.195226 0.974678 -0.0136373 0.999861 0.00957386 -0.176665 0.195345 -0.00672615 0.980711 0.137088
210 221 330 0.976914 0.0230569 -0.212384 0.967949 -0.0203179 0.99968 0.0150702 -0.180105 0.212663 -0.0104071 0.97707 0.175034
210 222 352 0.971804 0.0266249 -0.234281 0.942749 -0.0219682 0.999506 0.0224645 -0.218163 0.234763 -0.0166844 0.971909 0.25225
210 223 197 0.97462 0.0441338 -0.219471 0.92255 -0.0427935 0.999025 0.0108594 -0.204602 0.219736 -0.00119188 0.975559 0.327169
210 224 262 0.971195 0.0479469 -0.233411 0.943846 -0.0459848 0.998846 0.0138441 -0.250316 0.233806 -0.00271199 0.97228 0.215632
225 226 179 0.999965 0.00328959 -0.00762795 0.503502 -0.00328866 0.999995 0.000134799 -0.140349 0.00762836 -0.000109709 0.999971 0.852518
225 227 576 0.998669 0.0141406 -0.0495949 0.969097 -0.0138704 0.999887 0.0057882 -0.246503 0.0496711 -0.0050926 0.998753 0.00938964
225 228 629 0.998515 0.0160278 -0.0520648 0.972293 -0.0159687 0.999871 0.00155129 -0.154282 0.0520829 -0.000717583 0.998643 0.175625
225 229 217 0.999769 0.0121846 -0.0177013 0.823184 -0.0121363 0.999922 0.00283239 -0.163579 0.0177344 -0.00261691 0.999839 0.5437
225 230 223 0.998604 0.0078139 -0.0522476 0.963741 -0.00750286 0.999953 0.00614668 -0.114535 0.0522932 -0.00574609 0.998615 0.241009
225 231 631 0.99665 0.0115988 -0.080953 0.954457 -0.0112159 0.999924 0.00518285 -0.118734 0.081007 -0.00425753 0.996704 0.273706
225 232 331 0.997848 0.010275 -0.0647543 0.939659 -0.00998388 0.999939 0.00481755 -0.098293 0.0647998 -0.00416069 0.99789 0.327688
225 233 328 0.9969 0.00854193 -0.0782187 0.933131 -0.00812298 0.999951 0.00567276 -0.081367 0.0782634 -0.0050198 0.99692 0.350209
225 234 233 0.996527 0.00433594 -0.0831608 0.946232 -0.00356258 0.999949 0.00944579 -0.12198 0.0831975 -0.00911672 0.996491 0.29961
225 235 341 0.995913 0.00599021 -0.0901158 0.884506 -0.00483332 0.999903 0.0130506 -0.0987582 0.0901852 -0.0125617 0.995846 0.455957
225 236 457 0.993847 0.0107096 -0.110247 0.904911 -0.00922504 0.99986 0.0139671 -0.0724344 0.110381 -0.0128641 0.993806 0.419391
225 237 394 0.992111 0.0165165 -0.124266 0.928046 -0.0144366 0.999741 0.017619 -0.0869936 0.124525 -0.0156861 0.992093 0.362165
225 238 429 0.991754 0.0194044 -0.126682 0.912976 -0.016892 0.999639 0.0208769 -0.0774303 0.127041 -0.0185648 0.991724 0.400599
225 239 350 0.989678 0.0205101 -0.141831 0.930447 -0.0172645 0.999561 0.0240766 -0.085139 0.142263 -0.0213794 0.989598 0.356399
240 241 20 0.999968 0.000812713 -0.00790785 0.99263 -0.000802229 0.999999 0.00132883 -0.120456 0.00790892 -0.00132244 0.999968 0.0132688
240 242 625 0.99872 0.0140083 -0.0486056 0.996015 -0.0137822 0.999893 0.00498275 -0.0652736 0.0486702 -0.00430647 0.998806 0.0607754
240 243 569 0.997461 0.0153365 -0.0695468 0.996781 -0.0148852 0.999865 0.00700282 -0.0674374 0.0696448 -0.00594982 0.997554 0.0433456
240 244 482 0.996533 0.0195263 -0.0808806 0.993514 -0.0189028 0.999785 0.00846778 -0.0968824 0.0810286 -0.00690955 0.996688 0.0595375
240 245 255 0.997515 0.0247991 -0.0659468 0.997365 -0.0245625 0.999689 0.00439733 -0.0725447 0.0660353 -0.00276659 0.997813 0.000519785
240 246 242 0.99545 0.0258729 -0.0917103 0.99326 -0.0252523 0.99965 0.00792096 -0.0919673 0.0918831 -0.00556902 0.995754 -0.0705483
240 247 213 0.996483 0.0236929 -0.0803812 0.990209 -0.0231758 0.999704 0.00735954 -0.119028 0.0805318 -0.00547075 0.996737 0.0729322
240 248 233 0.993259 0.0363379 -0.110072 0.991734 -0.0353467 0.999315 0.0109434 -0.120295 0.110394 -0.00697899 0.993863 0.0446463
240 249 396 0.988119 0.0473056 -0.146232 0.97599 -0.0459442 0.998864 0.0126754 -0.130178 0.146666 -0.00580626 0.989169 0.174634
240 250 237 0.978206 0.0610773 -0.19845 0.967047 -0.05923 0.998128 0.015237 -0.150292 0.199009 -0.00315078 0.979993 0.205507
240 251 113 0.996449 0.0610078 -0.0580319 0.850012 -0.0621563 0.997901 -0.0181955 -0.138582 0.0568 0.0217379 0.998149 0.508207
240 252 219 0.983849 0.0692092 -0.16508 0.97015 -0.0717667 0.997376 -0.00957175 -0.151057 0.163984 0.0212644 0.986234 0.189712
240 253 163 0.989226 0.0680263 -0.129632 0.988936 -0.0705069 0.997404 -0.0146381 -0.147624 0.1283 0.0236204 0.991454 0.0145905
240 254 261 0.980883 0.0750186 -0.179557 0.972031 -0.0778378 0.996928 -0.00869689 -0.138273 0.178353 0.022507 0.983709 0.189833
255 256 308 0.999765 0.00360812 -0.0213955 0.946394 -0.00355881 0.999991 0.00234233 0.162606 0.0214038 -0.00226564 0.999768 -0.279103
255 257 364 0.999283 0.00454121 -0.0376009 0.972633 -0.00416883 0.999942 0.00997601 0.167918 0.037644 -0.0098121 0.999243 0.16059
255 258 380 0.998915 0.00898426 -0.0456909 0.958381 -0.00840687 0.999883 0.0128134 0.189454 0.0458007 -0.0124154 0.998873 0.213574
255 259 215 0.999583 0.00768583 -0.0278337 0.801848 -0.00703081 0.999698 0.0235554 0.0519748 0.0280063 -0.0233499 0.999335 0.595264
255 260 218 0.999232 0.00722013 -0.0385198 0.879176 -0.00603387 0.999507 0.0308238 0.0647773 0.0387234 -0.0305677 0.998782 0.472074
255 261 228 0.997575 0.00884134 -0.06903 0.862077 -0.0067758 0.999524 0.0300995 0.0815682 0.0692632 -0.0295588 0.99716 0.50017
255 262 417 0.989502 0.0155 -0.143688 0.945417 -0.0128691 0.999732 0.0192213 0.0752864 0.143947 -0.0171703 0.989436 0.317046
255 263 359 0.992384 0.0161359 -0.12212 0.90665 -0.0136804 0.999688 0.0209185 0.049113 0.122419 -0.0190886 0.992295 0.419015
255 264 210 0.993797 0.00626336 -0.111032 0.90747 -0.00356714 0.999694 0.0244654 -0.0291789 0.111151 -0.0239176 0.993516 0.419102
255 265 347 0.987875 0.0146348 -0.154563 0.922563 -0.01167 0.99973 0.0200721 -0.0235566 0.154815 -0.018025 0.987779 0.385127
255 266 232 0.993605 0.00915811 -0.112536 0.883823 -0.00698635 0.999782 0.0196775 -0.0696508 0.112692 -0.0187654 0.993453 0.462608
255 267 260 0.974951 0.0230892 -0.22122 0.929842 -0.0180389 0.999529 0.0248229 -0.0766655 0.221689 -0.0202106 0.974908 0.359885
255 268 339 0.979397 0.0342553 -0.199017 0.904412 -0.0308721 0.999322 0.0200791 -0.0855528 0.19957 -0.0135213 0.97979 0.417994
255 269 193 0.988441 0.0287311 -0.148859 0.876567 -0.0262073 0.999478 0.018888 -0.108345 0.149324 -0.0147685 0.988678 0.468926
270 271 255 0.999735 0.00548775 -0.0223433 0.726757 -0.00538924 0.999976 0.00446657 -0.17593 0.0223672 -0.00434498 0.99974 0.663982
270 272 235 0.999685 0.00985225 -0.0231004 0.636108 -0.00977334 0.999946 0.00352635 -0.366059 0.0231339 -0.00329947 0.999727 0.67924
270 273 250 0.998857 0.0302727 -0.0369986 0.824438 -0.0303176 0.99954 -0.00065315 -0.285874 0.0369618 0.00177411 0.999315 0.488445
270 274 312 0.998048 0.0199708 -0.0591692 0.898222 -0.0203657 0.999774 -0.006079 -0.132621 0.0590344 0.00727215 0.998229 0.419056
270 275 231 0.998965 0.0256023 -0.0376079 0.786056 -0.0256311 0.999671 -0.000283147 -0.276257 0.0375883 0.00124679 0.999293 0.552991
270 276 287 0.997867 0.017422 -0.0629138 0.85884 -0.0170394 0.999833 0.00661383 -0.297314 0.0630185 -0.00552771 0.997997 0.41713
270 277 261 0.996836 0.028629 -0.0741499 0.867942 -0.0283102 0.999585 0.00534743 -0.245666 0.0742722 -0.00323131 0.997233 0.431654
270 278 202 0.998727 0.017256 -0.0473949 0.787252 -0.017212 0.999851 0.00133556 -0.266858 0.0474109 -0.000518093 0.998875 0.555896
270 279 187 0.998828 0.0269689 -0.0401804 0.753148 -0.027198 0.999617 -0.00516462 -0.257003 0.0400258 0.0062514 0.999179 0.605572
270 280 207 0.996833 0.0311055 -0.0731894 0.862213 -0.031249 0.999511 -0.000816359 -0.211893 0.0731283 0.00310087 0.997318 0.460097
270 281 185 0.997578 0.0327084 -0.0613785 0.81678 -0.0324997 0.999462 0.00439589 -0.220752 0.0614893 -0.00239046 0.998105 0.533047
270 282 210 0.996825 0.0241513 -0.075876 0.836912 -0.0234696 0.999676 0.0098635 -0.236853 0.0760896 -0.0080514 0.997068 0.493436
270 283 169 0.998661 0.0191822 -0.0480416 0.730892 -0.0189387 0.999805 0.00552037 -0.228085 0.0481381 -0.00460314 0.99883 0.643253
270 284 214 0.993998 0.032486 -0.10446 0.826096 -0.0318413 0.999462 0.00783394 -0.190869 0.104658 -0.0044608 0.994498 0.530222
285 286 487 0.999682 0.00428299 -0.0248585 0.98057 -0.00426439 0.999991 0.000800995 0.0548552 0.0248617 -0.000694733 0.999691 -0.188343
285 287 26 0.999994 -9.99671e-05 0.00355612 -0.990977 8.44836e-05 0.999991 0.00435392 -0.0731519 -0.00355652 -0.0043536 0.999984 0.112306
285 288 27 0.999928 0.00371972 -0.0114141 0.992245 -0.00367072 0.999984 0.00431068 -0.108421 0.01143 -0.00426847 0.999926 -0.0607867
285 289 280 0.999436 0.00506198 -0.0331837 0.990291 -0.00491545 0.999978 0.00449607 -0.13852 0.0332057 -0.00433042 0.999439 0.0116873
285 290 506 0.997944 0.019573 -0.0610376 0.988046 -0.0191182 0.999785 0.00802581 -0.145506 0.0611815 -0.00684238 0.998103 -0.0509183
285 291 502 0.997501 0.0206589 -0.0675649 0.987188 -0.0200417 0.999751 0.00980016 -0.148017 0.0677505 -0.00842155 0.997667 -0.0595945
285 292 229 0.999017 0.0209583 -0.0390704 0.976827 -0.0208013 0.999774 0.00441892 -0.0927679 0.0391542 -0.00360185 0.999227 -0.19288
285 293 213 0.998654 0.0250759 -0.0454079 0.968924 -0.0246824 0.999653 0.00920481 -0.0856872 0.045623 -0.00807164 0.998926 -0.232042
285 294 253 0.9985 0.0382457 -0.0391763 0.993933 -0.0380361 0.999258 0.00608149 -0.104382 0.0393798 -0.00458226 0.999214 -0.0346708
285 295 269 0.99848 0.048153 -0.0268126 0.958917 -0.0480504 0.998835 0.00445716 -0.0726342 0.026996 -0.00316203 0.999631 -0.27423
285 296 250 0.995155 0.0725255 -0.0663783 0.967479 -0.0711491 0.997203 0.0228736 -0.0946458 0.0678516 -0.01804 0.997532 -0.234576
285 297 319 0.996563 0.074765 -0.03566 0.989514 -0.0738676 0.996933 0.0258549 -0.0526516 0.0374836 -0.0231319 0.999029 -0.134496
285 298 364 0.993309 0.102915 -0.0523984 0.98006 -0.101115 0.994226 0.0359176 -0.108862 0.0557923 -0.030379 0.99798 -0.166227
285 299 345 0.993813 0.107051 -0.0296082 0.982467 -0.106057 0.993801 0.0333369 -0.10893 0.0329934 -0.0299904 0.999006 -0.151306
300 301 14 0.999943 0.00805857 0.00705544 -0.901252 -0.00803997 0.999964 -0.00266099 0.253284 -0.00707663 0.00260412 0.999972 -0.351556
300 302 40 0.999915 0.0129205 -0.00194025 0.957178 -0.0129283 0.999908 -0.00402092 -0.0619844 0.00188812 0.00404566 0.99999 0.282787
300 303 524 0.999397 0.0112641 0.0328476 -0.992112 -0.0110857 0.999923 -0.00560899 -0.00844903 -0.0329083 0.00524147 0.999445 0.125069
300 304 48 0.999881 0.0148931 0.00412785 -0.946514 -0.0148435 0.99982 -0.0118018 0.0953376 -0.00430287 0.0117391 0.999922 0.308257
300 305 303 0.99969 0.0167988 0.0183611 -0.881019 -0.0163881 0.999617 -0.0222901 0.0588551 -0.0187285 0.0219823 0.999583 0.469405
300 306 131 0.99977 0.0206389 0.00591052 -0.951498 -0.0204681 0.999408 -0.0276363 0.1124 -0.00647741 0.0275089 0.999601 0.286388
300 307 327 0.999762 0.00949867 0.0196238 -0.98447 -0.00881498 0.999361 -0.034637 0.164898 -0.0199402 0.0344558 0.999207 -0.0602232
300 308 344 0.999879 0.00834933 0.0131575 -0.991604 -0.00788581 0.99936 -0.034895 0.122108 -0.0134404 0.034787 0.999304 -0.0425619
300 309 181 0.999883 0.00998705 -0.0115965 -0.996358 -0.0103332 0.999491 -0.0301858 0.0796002 0.0112891 0.0303021 0.999477 -0.03056
300 310 224 0.999135 -0.00646346 -0.0410742 0.918101 0.00517377 0.999493 -0.0314282 -0.075205 0.0412565 0.0311885 0.998662 -0.389147
300 311 251 0.997185 0.00195745 -0.0749555 0.936665 -0.00393623 0.999647 -0.0262607 -0.0795303 0.0748777 0.0264818 0.996841 -0.341078
300 312 139 0.998543 7.15456e-05 -0.0539668 0.969452 -0.00176173 0.999509 -0.0312721 -0.0772214 0.0539381 0.0313216 0.998053 -0.232807
300 313 151 0.999743 -0.0146729 -0.0172926 -0.926153 0.0139266 0.998999 -0.0425137 0.1969 0.0178991 0.0422619 0.998946 -0.321668
300 314 174 0.996419 -0.00288413 -0.0845012 0.963614 -0.000580764 0.999161 -0.0409508 -0.0508542 0.0845484 0.0408533 0.995582 -0.262414
315 316 246 0.999941 -0.00459607 0.00980288 -0.92012 0.00460649 0.999989 -0.00104022 -0.0716388 -0.00979799 0.00108532 0.999951 0.385028
315 317 482 0.999434 -0.00226171 -0.0335706 0.949513 0.0019295 0.999949 -0.009925 -0.036147 0.0335914 0.0098546 0.999387 0.311639
315 318 26 0.999953 -0.00309208 -0.00916077 -0.947222 0.00297514 0.999914 -0.0127511 0.0870025 0.00919942 0.0127232 0.999877 -0.308548
315 319 332 0.999402 -0.000279977 -0.0345689 0.988002 -8.66634e-05 0.999944 -0.0106041 -0.154255 0.0345699 0.0106008 0.999346 -0.00751193
315 320 215 0.999514 -0.00731842 -0.0303118 0.922795 0.00683372 0.999848 -0.0160633 -0.0965556 0.0304248 0.0158483 0.999411 -0.372995
315 321 328 0.998986 -0.00999988 -0.0438901 0.932959 0.00936225 0.999848 -0.0147095 -0.0998533 0.0440305 0.0142837 0.998928 -0.345857
315 322 309 0.998503 -0.00719541 -0.0542178 0.974268 0.00627207 0.999833 -0.0171812 -0.100562 0.0543324 0.0168154 0.998381 -0.201714
315 323 326 0.997904 -0.00129614 -0.0646999 0.998162 4.70434e-05 0.999814 -0.0193038 -0.0547313 0.0647129 0.0192603 0.997718 -0.0260259
315 324 313 0.997872 -0.0122923 -0.0640356 0.906161 0.011161 0.999776 -0.0179959 -0.0629021 0.0642425 0.0172429 0.997785 -0.418229
315 325 478 0.996008 -0.00811793 -0.0888994 0.95347 0.00687964 0.999875 -0.0142267 -0.0930163 0.0890038 0.0135583 0.995939 -0.28678
315 326 295 0.997143 0.00113935 -0.0755325 0.948078 -0.00252776 0.99983 -0.0182885 -0.00724524 0.0754988 0.0184271 0.996976 -0.317956
315 327 295 0.996256 0.000278433 -0.0864476 0.963729 -0.00169728 0.999865 -0.0163397 -0.0367632 0.0864314 0.0164253 0.996122 -0.264338
315 328 265 0.99639 0.000290485 -0.0848951 0.960652 -0.00176491 0.999849 -0.017293 -0.0386274 0.0848773 0.0173804 0.99624 -0.275057
315 329 315 0.99413 0.0126966 -0.107445 0.964478 -0.0143398 0.999792 -0.0145347 -0.0926029 0.107238 0.0159901 0.994105 -0.247399
330 331 26 0.999974 -0.00498953 -0.00519429 0.73276 0.00499789 0.999986 0.0015994 0.0178346 0.00518624 -0.00162532 0.999985 -0.680253
