0 1 305 0.999897 0.00802302 -0.0118701 0.856074 -0.00793877 0.999943 0.007128 -0.211302 0.0119266 -0.00703303 0.999904 0.471688
0 2 1666 0.999456 0.0113715 -0.0309471 0.894227 -0.0112489 0.999928 0.0041322 -0.117037 0.0309918 -0.00378183 0.999512 0.432042
0 3 1509 0.999627 0.00335629 -0.0271084 0.947742 -0.00335364 0.999994 0.000143216 -0.0214298 0.0271087 -5.2251e-05 0.999632 0.318317
0 4 1309 0.994354 0.0341072 -0.100483 0.957908 -0.0355618 0.999287 -0.0127204 0.0822716 0.0999772 0.016222 0.994857 0.275036
0 5 912 0.991668 0.0557686 -0.116125 0.982656 -0.0570709 0.998339 -0.00791689 -0.0483447 0.11549 0.0144783 0.993203 0.179023
0 6 553 0.989024 0.0547379 -0.13724 0.976852 -0.0536476 0.998492 0.0116333 -0.0313463 0.13767 -0.00414301 0.99047 0.211607
0 7 342 0.977291 0.0580594 -0.203791 0.976448 -0.062017 0.997989 -0.0130821 -0.0897564 0.202622 0.0254235 0.978927 0.196196
0 8 264 0.986397 0.0710757 -0.148222 0.997422 -0.0737808 0.997192 -0.0128251 -0.0706742 0.146894 0.0235865 0.988871 0.0124478
0 9 203 0.957194 0.124866 -0.261128 0.996847 -0.12856 0.991697 0.00295757 -0.0486913 0.259329 0.0307397 0.9653 -0.0626592
0 10 148 0.925545 0.148135 -0.348457 0.996651 -0.15198 0.988247 0.0164429 0.0363253 0.346797 0.0377399 0.937181 -0.0732645
0 11 131 0.899401 0.196314 -0.390562 0.994051 -0.188525 0.980318 0.0586097 0.0200575 0.394381 0.0209171 0.918709 -0.107053
0 12 121 0.87916 0.218589 -0.423433 0.990461 -0.233388 0.972229 0.0173169 0.0949116 0.41546 0.0836001 0.905762 -0.0998952
0 13 49 0.96638 0.23726 0.09908 0.219961 -0.24039 0.970454 0.0207656 0.124817 -0.0912258 -0.0438853 0.994863 -0.96749
0 14 74 0.879352 0.27213 -0.390749 0.936576 -0.265426 0.961421 0.0722433 0.0281394 0.395334 0.0401875 0.917658 -0.349332
0 15 43 0.996315 0.0226309 0.0827259 -0.53938 -0.025726 0.999001 0.0365425 0.122678 -0.0818163 -0.038536 0.995902 -0.833078
0 16 61 -0.5711 0.243879 0.783817 -0.393299 0.555661 0.817684 0.150446 -0.163671 -0.604223 0.521456 -0.602493 0.904725
0 17 38 -0.700564 0.71359 0.000609169 -0.0466593 0.700427 0.687477 0.191776 -0.0278139 0.136431 0.134778 -0.981439 0.998524
0 18 53 -0.21828 0.90294 -0.370207 0.381252 0.598622 0.423487 0.679934 -0.34365 0.770717 -0.0731982 -0.632959 0.858226
0 19 33 0.826523 -0.389053 -0.406813 0.380665 -0.314535 -0.918558 0.239414 -0.333145 -0.466826 -0.0699244 -0.88158 0.862617
0 20 37 -0.702556 -0.394123 -0.592521 0.31982 -0.20046 0.908516 -0.366625 0.112318 0.682811 -0.138798 -0.71729 0.940798
0 21 32 -0.865876 -0.299392 -0.400778 0.349838 -0.223492 0.948257 -0.225523 0.284284 0.44756 -0.105705 -0.887984 0.892634
0 22 19 0.905797 0.319191 0.278656 -0.469934 -0.338696 0.940601 0.0235344 -0.190422 -0.254592 -0.115697 0.960103 -0.861917
0 23 30 -0.84108 -0.121579 -0.52707 0.178169 -0.384961 0.819061 0.425376 -0.270479 0.379985 0.560677 -0.735699 0.946096
0 24 21 -0.701547 0.612034 -0.36503 0.385807 -0.572314 -0.789095 -0.223126 0.295732 -0.424604 0.0523789 0.903863 -0.873897
0 25 33 -0.717661 -0.267333 0.643036 -0.26953 -0.299017 0.952221 0.0621534 -0.10361 -0.628929 -0.147674 -0.763309 0.957402
0 26 40 0.294589 -0.839829 -0.455966 0.190201 -0.727802 -0.506382 0.462473 -0.361601 -0.619291 0.195614 -0.760404 0.912726
0 27 32 0.709416 -0.672689 -0.21028 0.0898928 -0.583759 -0.728006 0.359489 -0.219802 -0.39491 -0.132275 -0.909148 0.971394
0 28 25 0.942476 -0.251279 0.220448 -0.366541 0.229206 0.96583 0.120985 -0.276759 -0.243316 -0.0634977 0.967866 -0.888286
0 29 40 0.860056 -0.296775 -0.415004 0.227205 -0.240734 -0.953228 0.182769 -0.153962 -0.449834 -0.057286 -0.891273 0.961599
0 30 20 -0.937501 -0.269048 -0.22069 0.21849 0.321031 -0.913429 -0.250173 0.0263193 -0.134276 -0.305386 0.942714 -0.975484
0 31 18 0.297849 -0.954562 -0.00981028 -0.0736589 0.931013 0.292742 -0.217985 -0.153764 0.210952 0.0557932 0.975903 -0.985358
0 32 17 -0.981351 0.0533739 0.184666 -0.204655 0.00882857 -0.947149 0.320671 0.10544 0.192021 0.316322 0.929015 0.973139
0 33 19 0.656933 0.681655 -0.322158 0.314859 -0.707937 0.704681 0.0474368 -0.0339311 0.259354 0.196905 0.945497 -0.948532
0 34 22 0.973383 0.0566032 0.222086 -0.300563 -0.108831 0.966955 0.23055 -0.201756 -0.201697 -0.248584 0.947378 -0.932178
0 35 12 0.784935 -0.615882 -0.0675725 0.206229 0.600662 0.729688 0.326742 -0.226473 -0.151927 -0.297059 0.942695 -0.951935
0 36 48 0.568701 0.539075 -0.62127 0.535583 0.453019 -0.8357 -0.310449 0.0780467 -0.686551 -0.104894 -0.719475 0.840868
0 37 18 0.446255 -0.879866 -0.163376 -0.165319 0.888043 0.457957 -0.0406832 -0.142548 0.110615 -0.12693 0.985725 -0.975884
0 38 25 0.973784 0.215567 -0.0726376 0.461857 -0.188718 0.94386 0.271134 -0.0950807 0.127007 -0.250318 0.959797 -0.881843
0 39 48 0.842963 0.096169 -0.529306 0.399646 0.135011 -0.990222 0.0351045 -0.168363 -0.520754 -0.101054 -0.847705 0.901076
0 40 25 0.721573 -0.630924 0.285075 -0.36624 -0.655223 -0.755321 -0.0131849 -0.115435 0.223642 -0.177274 -0.958414 0.923333
0 41 47 -0.602456 -0.420979 0.678103 -0.400742 -0.31503 0.906033 0.282595 -0.0664266 -0.733351 -0.0433719 -0.678466 0.91378
0 42 21 0.875456 -0.181506 -0.447919 0.123454 0.217143 0.975708 0.0290273 -0.124084 0.43177 -0.122674 0.893603 0.984562
0 43 40 0.68857 -0.403035 0.602856 -0.315463 -0.20621 -0.905833 -0.370059 0.182512 0.695233 0.130497 -0.706839 0.931221
0 44 22 0.381047 -0.922805 -0.0568643 -0.168515 0.888004 0.348167 0.300382 -0.25678 -0.257396 -0.164955 0.952122 -0.951665
0 45 57 -0.281821 0.504365 0.816206 -0.463995 0.581625 0.76637 -0.272744 0.182257 -0.763079 0.397861 -0.509331 0.866886
0 46 43 -0.582668 -0.775034 -0.244582 0.298632 -0.764955 0.421363 0.487132 -0.0854917 -0.274485 0.470931 -0.838381 0.950531
0 47 26 -0.903327 0.134456 -0.407335 0.241609 -0.0317159 0.926069 0.376018 -0.197332 0.427778 0.352587 -0.832279 0.950098
0 48 26 -0.527328 0.695778 -0.487666 -0.235368 -0.68608 -0.687262 -0.238673 0.193629 -0.501218 0.208719 0.839772 0.952423
0 49 18 -0.939783 0.0430623 -0.339047 -0.00350595 0.0524956 -0.962071 -0.267702 0.249481 -0.337715 -0.26938 0.901877 -0.968373
0 50 15 -0.160621 -0.890551 -0.425582 -0.241003 0.906139 0.0378911 -0.421279 -0.0995216 0.391296 -0.453303 0.800877 0.965408
0 51 37 0.620878 0.680285 -0.389516 0.180716 0.725224 -0.687104 -0.0440314 -0.141476 -0.297592 -0.255148 -0.919967 0.973307
0 52 62 0.685303 -0.361415 -0.632248 0.396885 0.148342 -0.780688 0.607059 -0.359184 -0.712989 -0.509809 -0.481395 0.844671
0 53 49 0.706993 -0.23024 -0.668693 0.355548 0.078423 -0.914169 0.397675 -0.108753 -0.702859 -0.333594 -0.628255 0.928309
0 54 29 0.735357 0.630374 0.248754 -0.354065 0.635503 -0.513981 -0.576159 0.23458 -0.235341 0.581766 -0.778564 0.905323
0 55 19 0.416091 -0.847155 -0.330448 0.271925 0.877199 0.469688 -0.0995734 0.0913694 0.239562 -0.248437 0.938557 0.957971
0 56 14 0.964396 -0.104056 0.243131 -0.264384 0.0848185 0.992474 0.0883245 -0.0153458 -0.250492 -0.0645578 0.965964 -0.964295
0 57 31 0.813808 -0.554896 -0.172645 0.373171 0.580823 0.786358 0.21044 -0.206503 0.0189886 -0.271534 0.962242 -0.904489
0 58 30 0.877465 0.275286 0.392775 -0.393319 0.225463 -0.959515 0.168812 -0.219141 0.423346 -0.0595704 -0.904008 0.892904
0 59 33 0.732426 -0.525936 -0.432369 0.167399 -0.50758 -0.845049 0.168091 -0.0335207 -0.453778 0.0963479 -0.885891 0.985319
0 60 48 0.137655 0.912836 0.384424 -0.161103 0.868198 -0.298013 0.396762 -0.178305 0.476742 0.27914 -0.833545 0.970697
0 61 21 -0.446948 0.893877 0.0349494 0.116784 -0.885581 -0.436603 -0.158506 0.110451 -0.126426 -0.101795 0.986739 0.986996
0 62 16 0.288336 0.953142 -0.0915544 -0.0255482 -0.878816 0.301385 0.369932 -0.154047 0.380191 -0.0262051 0.924537 -0.987733
0 63 17 -0.173066 0.984529 -0.0274157 0.000937424 -0.981839 -0.174656 -0.07408 0.176196 -0.0777222 0.0140971 0.996875 0.984355
0 64 12 0.96605 -0.160882 -0.20215 -0.058194 0.163556 0.986528 -0.00351668 0.229756 0.199992 -0.0296656 0.979348 0.971507
0 65 13 0.526121 0.730313 0.435707 0.157708 -0.849918 0.434142 0.298596 0.110202 0.0289102 -0.527413 0.849117 0.981317
0 66 20 0.648112 0.604332 -0.463394 0.27837 0.439613 -0.793764 -0.420331 0.120184 -0.621845 0.0687078 -0.780121 0.952925
0 67 31 0.780598 -0.116557 -0.61407 0.367949 -0.0793245 -0.992989 0.0876436 -0.0759639 -0.61998 -0.0197037 -0.78437 0.926738
0 68 15 0.0155821 0.99887 0.0448897 0.0929724 -0.976327 0.00551308 0.216227 -0.224294 0.215736 -0.0471964 0.975311 -0.970077
0 69 15 0.990964 0.120283 -0.0593555 -0.281516 -0.132492 0.946764 -0.293402 0.263546 0.0209043 0.298615 0.954145 -0.922655
0 70 37 -0.332017 -0.820056 0.466126 -0.194666 -0.863532 0.463095 0.199639 -0.0967902 -0.379575 -0.336231 -0.8619 0.976082
0 71 13 0.998653 -0.0122374 0.0504134 0.150145 0.0238102 0.9715 -0.235841 0.29514 -0.0460906 0.236723 0.970483 -0.943583
0 72 29 -0.176587 -0.898964 -0.400851 0.341646 -0.983709 0.175112 0.0406414 -0.0267945 0.0336585 0.401498 -0.915241 0.939447
0 73 37 -0.855256 -0.444451 -0.266458 0.154719 -0.512214 0.803013 0.304643 -0.145252 0.0785706 0.397032 -0.914436 0.977223
0 74 43 -0.64014 0.759581 0.11514 0.0902716 0.754062 0.592536 0.283358 -0.084066 0.147009 0.268211 -0.952077 0.992363
0 75 16 -0.727488 0.61872 0.296557 0.373257 -0.601406 -0.783075 0.158444 0.213378 0.330259 -0.0630851 0.94178 0.902856
0 76 32 -0.130858 -0.991359 -0.00913824 0.397365 0.955737 -0.128595 0.264632 -0.31597 -0.26352 0.0258953 0.964306 0.861548
0 77 26 -0.845605 0.484419 -0.224254 0.264848 0.425846 0.865484 0.263804 0.00662102 0.32188 0.127577 -0.938146 0.964267
0 78 32 -0.0627412 0.851843 -0.520025 0.267393 0.905785 0.267388 0.32872 -0.184904 0.419066 -0.450407 -0.788364 0.94568
0 79 31 -0.803247 0.570175 -0.172322 0.43237 -0.39591 -0.727214 -0.560728 0.515108 -0.445028 -0.382179 0.80987 -0.740081
0 80 35 -0.909644 -0.223074 -0.350407 0.277801 -0.356827 0.851489 0.38424 -0.196521 0.212654 0.474557 -0.854151 0.940322
0 81 12 -0.487848 0.84569 0.216364 0.0778532 -0.872689 -0.466691 -0.143573 -0.0498574 -0.020443 -0.25886 0.965698 0.995717
0 82 41 -0.439583 0.865255 -0.241039 0.161159 0.811279 0.497649 0.306874 -0.158702 0.385477 -0.0606537 -0.920722 0.974085
0 83 20 -0.902799 0.0480977 0.427364 -0.0677408 -0.119903 -0.982473 -0.142721 0.0149558 0.413009 -0.180091 0.892743 0.997591
0 84 64 0.592488 0.4926 -0.637419 0.535595 -0.289092 0.868566 0.402516 -0.215529 0.75192 -0.0542137 0.657021 0.816508
0 85 15 -0.97369 0.22329 0.0454876 0.195452 -0.206721 -0.949513 0.235992 0.0119431 0.0958857 0.220379 0.97069 0.980641
0 86 45 0.693417 -0.156349 0.703369 -0.159948 -0.0818869 -0.986949 -0.138657 0.023899 0.715868 0.0385503 -0.69717 0.986836
0 87 46 0.570685 0.442977 -0.691441 0.399756 0.347771 -0.893158 -0.285174 0.0555867 -0.743891 -0.0777187 -0.663766 0.914935
0 88 38 0.764506 -0.189213 0.616222 -0.357334 0.0909775 -0.914711 -0.393735 0.17183 0.638165 0.357075 -0.682087 0.918034
0 89 40 -0.653749 -0.17365 -0.736518 0.229132 -0.432945 0.884102 0.175846 -0.164059 0.620621 0.433831 -0.653162 0.95947
0 90 35 -0.814294 0.451475 -0.364822 0.568235 -0.363846 -0.886718 -0.285215 0.228728 -0.452262 -0.0995102 0.886316 -0.790438
0 91 14 0.561141 -0.807169 -0.183302 0.0677487 0.827232 0.554489 0.0907139 -0.160696 0.0284176 -0.202537 0.978862 -0.984676
0 92 14 -0.837274 0.377825 0.395248 -0.352207 -0.385173 -0.920615 0.064104 -0.177007 0.388091 -0.0985661 0.916335 -0.919031
0 93 35 0.323899 0.776625 -0.540318 0.25447 0.842439 -0.496661 -0.208867 -0.103785 -0.430566 -0.387533 -0.815127 0.961496
0 94 23 -0.383576 0.909542 0.160009 0.176811 -0.88861 -0.410679 0.204243 -0.153461 0.25148 -0.0638431 0.965755 -0.972207
0 95 24 0.477422 0.228377 -0.848476 0.120002 0.792514 -0.528932 0.303565 -0.145973 -0.379459 -0.817358 -0.433516 0.981983
0 96 17 0.978099 -0.0421012 0.203839 -0.361879 -0.00580882 0.973427 0.228926 -0.400781 -0.208061 -0.225096 0.951863 -0.841676
0 97 0 1 0 0 0 0 1 0 0 0 0 1 0
0 98 17 0.958246 0.28222 -0.0460028 0.165992 -0.284081 0.957938 -0.040664 0.0565901 0.0325917 0.0520346 0.998113 -0.984502
0 99 37 -0.465527 0.874041 0.13906 -0.226403 -0.873324 -0.479136 0.0879431 -0.667957 0.143494 -0.0805043 0.986371 -0.708925
0 100 42 -0.923478 0.337655 -0.182148 -0.284462 0.333417 0.471463 -0.816429 0.325018 -0.189795 -0.814685 -0.547966 0.901911
0 101 37 0.248693 0.905425 0.344032 -0.372703 0.682161 -0.415886 0.601411 -0.451049 0.68761 0.0851183 -0.721073 0.810954
0 102 21 -0.940876 0.25494 -0.223066 0.464154 -0.203879 -0.952044 -0.228137 0.174784 -0.27053 -0.16917 0.947731 -0.868338
0 103 23 -0.965715 -0.250485 -0.0681977 -0.227894 0.253961 -0.966018 -0.0481054 0.114558 -0.0538305 -0.0637756 0.996511 -0.966923
0 104 37 0.665498 -0.533573 0.521931 -0.279368 -0.465861 -0.843272 -0.268078 0.0757898 0.583169 -0.0647417 -0.809767 0.957188
0 105 44 -0.186653 0.833534 0.519983 -0.323968 0.950774 0.0199937 0.30924 -0.353403 0.247366 0.552106 -0.796234 0.877582
0 106 20 -0.439037 -0.814853 -0.378499 0.384454 0.889709 -0.452978 -0.0568189 -0.226554 -0.125152 -0.3617 0.923856 -0.894913
0 107 19 0.725511 0.671433 0.151037 -0.278022 -0.66433 0.740573 -0.101079 0.0626138 -0.179722 -0.0270041 0.983347 0.958532
0 108 28 0.263495 0.948369 -0.176539 0.176786 0.937859 -0.294687 -0.183248 0.207391 -0.225811 -0.117284 -0.967085 0.962152
0 109 24 0.210878 0.977311 0.0198351 -0.0314044 -0.904107 0.187288 0.384076 -0.256118 0.371647 -0.0989263 0.923089 -0.966135
0 110 28 0.650462 0.736122 -0.187144 -0.409493 -0.758557 0.642117 -0.110801 0.21446 0.0386054 0.214032 0.976064 0.886748
0 111 38 -0.219325 -0.967559 0.125405 -0.0537151 -0.942645 0.176997 -0.283005 0.348058 0.251627 -0.180282 -0.950885 0.935933
0 112 21 0.91529 0.39016 -0.100099 0.207077 -0.378092 0.917893 0.120495 -0.134027 0.138892 -0.0724413 0.987654 -0.969101
0 113 19 -0.424141 0.877194 -0.225021 -0.14761 -0.870004 -0.463669 -0.167645 0.179015 -0.251392 0.124664 0.959823 0.97271
0 114 18 -0.457993 -0.878551 -0.135612 -0.15016 0.855643 -0.477041 0.200765 0.138712 -0.241075 -0.0240866 0.970208 -0.978882
0 115 33 -0.606283 -0.579014 0.545127 -0.505291 -0.442472 0.815187 0.37375 -0.217158 -0.660787 -0.0146056 -0.750432 0.835179
0 116 36 -0.24322 0.937772 0.247846 -0.107157 0.786105 0.34026 -0.516007 0.277191 -0.568229 0.0693298 -0.819945 0.954821
0 117 29 0.979254 0.0903465 -0.181379 0.300927 -0.0891635 0.995909 0.0146826 0.00376837 0.181964 0.00179445 0.983304 0.95364
0 118 67 -0.863629 0.504097 0.0055946 -0.111803 0.384714 0.651848 0.653521 -0.282423 0.325791 0.566552 -0.756888 0.952753
0 119 21 -0.174751 0.959927 0.219093 -0.189956 -0.982417 -0.184841 0.0262709 -0.27282 0.0657155 -0.210649 0.97535 -0.943126
0 120 51 0.00189491 0.997181 -0.0750094 -0.232683 0.931777 0.0254698 0.362137 -0.25595 0.363026 -0.0705782 -0.929102 0.938269
0 121 29 0.0789438 0.989245 0.123133 -0.0814281 0.957547 -0.109602 0.266628 -0.404405 0.277256 0.0968569 -0.955901 0.910948
0 122 42 0.740665 0.234523 -0.629614 0.700647 -0.208308 0.97108 0.116666 -0.0582475 0.638767 0.0447426 0.768098 -0.711126
0 123 19 -0.853906 -0.442787 -0.273467 -0.29075 0.488674 -0.862925 -0.128678 0.0268817 -0.179005 -0.243516 0.953235 0.956421
0 124 71 0.953197 0.301962 -0.0153203 -0.596235 -0.283923 0.876533 -0.388688 0.716718 -0.10394 0.374846 0.921242 -0.36169
0 125 34 0.822846 0.350676 -0.447159 0.0938782 -0.370586 0.927679 0.0455749 0.289197 0.430802 0.12821 0.893292 -0.952655
0 126 67 0.909461 0.313943 -0.272618 -0.285411 -0.342049 0.937683 -0.0612633 0.428083 0.236396 0.148965 0.96017 -0.857488
0 127 70 0.909658 0.392386 -0.136219 -0.412897 -0.413862 0.884068 -0.217122 0.635172 0.0352314 0.253883 0.966593 -0.652743
0 128 75 0.358044 0.602724 -0.713112 0.720225 -0.179993 0.793974 0.580697 -0.586229 0.916192 -0.0795599 0.392764 -0.370961
0 129 91 0.895537 0.357813 -0.264544 -0.0660324 -0.384983 0.92114 -0.0573481 0.410066 0.223162 0.153202 0.962667 -0.909662
0 130 102 0.928782 0.317563 -0.191096 -0.100587 -0.356034 0.907727 -0.221971 0.592482 0.102973 0.2742 0.956144 -0.799279
0 131 103 0.947552 0.277338 -0.158836 -0.0950284 -0.290763 0.954362 -0.0681983 0.331849 0.132673 0.110805 0.984947 -0.938534
0 132 134 0.969122 0.23304 -0.0805931 -0.130963 -0.239229 0.967806 -0.0782338 0.312901 0.0597669 0.0950983 0.993672 -0.940713
0 133 165 0.971611 0.202233 -0.122779 0.0214987 -0.214777 0.971605 -0.0992747 0.338945 0.0992159 0.122826 0.987456 -0.94056
0 134 195 0.969237 0.205505 -0.135456 0.0903586 -0.213738 0.975653 -0.0491752 0.284194 0.122052 0.0766143 0.989562 -0.954499
0 135 184 0.965815 0.208754 -0.153698 0.20762 -0.211566 0.977362 -0.00199198 0.282478 0.149803 0.0344412 0.988116 -0.936536
0 136 134 0.968594 0.230686 -0.0927912 0.191609 -0.221986 0.970385 0.0952651 0.119156 0.11202 -0.0716749 0.991118 -0.974211
0 137 115 0.970924 0.200202 -0.131248 0.397433 -0.195713 0.979563 0.0463876 0.161881 0.137852 -0.0193519 0.990264 -0.90324
0 138 149 0.989698 0.109946 -0.0917008 0.463552 -0.109074 0.993928 0.0144805 0.204444 0.0927361 -0.00432912 0.995681 -0.862161
0 139 180 0.994756 0.0344918 0.0962836 0.285061 -0.0390951 0.99816 0.0463393 0.181534 -0.0945082 -0.0498605 0.994275 -0.941162
0 140 159 0.980126 -0.0676864 0.186473 0.214932 0.04754 0.992742 0.110471 0.159826 -0.192597 -0.0994107 0.976229 -0.963463
0 141 140 0.953431 -0.212533 0.214006 0.185875 0.178852 0.96973 0.166243 0.12576 -0.24286 -0.120226 0.962582 -0.974492
0 142 164 0.944556 -0.275346 0.17888 0.13752 0.251385 0.956888 0.145504 0.163554 -0.211232 -0.092469 0.973052 -0.976902
0 143 171 0.951092 -0.283484 0.122724 0.0916524 0.265781 0.953429 0.142599 0.125307 -0.157433 -0.103007 0.982143 -0.987875
0 144 313 0.987365 -0.158344 -0.00607402 0.205076 0.158195 0.982765 0.0956452 0.134176 -0.00917555 -0.0953976 0.995397 -0.969505
0 145 407 0.988465 0.0583218 -0.139769 0.391522 -0.0438178 0.993539 0.104692 0.0243436 0.144972 -0.0973598 0.984634 -0.919847
0 146 394 0.970641 0.105863 -0.215984 0.622551 -0.0966367 0.993915 0.0528692 0.12004 0.220267 -0.030445 0.974964 -0.773318
0 147 414 0.961256 0.182441 -0.206643 0.571589 -0.161177 0.980134 0.115584 0.0277738 0.223625 -0.0777995 0.971565 -0.82007
0 148 434 0.93988 0.217275 -0.263471 0.778103 -0.18398 0.972122 0.145363 -0.133278 0.287709 -0.0881506 0.953652 -0.613834
0 149 358 0.890893 0.28508 -0.353609 0.916799 -0.235558 0.955616 0.176948 -0.255599 0.388359 -0.0743464 0.918504 -0.306838
0 150 235 0.899312 0.31266 -0.305746 0.953724 -0.291299 0.949764 0.114425 -0.229031 0.326163 -0.0138403 0.945212 -0.194821
0 151 215 0.898175 0.303647 -0.317931 0.956224 -0.285406 0.952782 0.103686 -0.259806 0.334402 -0.00238883 0.942427 -0.134671
0 152 144 0.873496 0.324602 -0.362819 0.952851 -0.325064 0.943679 0.0616783 -0.293783 0.362405 0.0640634 0.929816 -0.0759426
0 153 113 0.843259 0.376545 -0.383574 0.945691 -0.374867 0.923412 0.0823749 -0.324095 0.385214 0.0743256 0.919829 -0.0251118
0 154 105 0.88778 0.366368 -0.278606 0.94963 -0.361211 0.929731 0.0715995 -0.309844 0.28526 0.0370709 0.957733 -0.0468949
0 155 95 0.835213 0.366183 -0.41028 0.969136 -0.370808 0.925948 0.0715686 -0.240617 0.406105 0.0923602 0.909147 0.0536494
0 156 95 0.828693 0.433292 -0.354297 0.922049 -0.399358 0.901251 0.168106 -0.387067 0.392149 0.00218339 0.919899 -0.00193626
0 157 98 0.780096 0.392236 -0.487444 0.936441 -0.334718 0.919858 0.204513 -0.293391 0.528596 0.00361649 0.848866 0.192356
0 158 91 0.764489 0.371737 -0.526658 0.935102 -0.279789 0.927362 0.248432 -0.287612 0.580754 -0.0425706 0.812965 0.207034
0 159 103 0.795517 0.352664 -0.492729 0.957051 -0.259414 0.933107 0.249032 -0.232585 0.547593 -0.0702885 0.833788 0.173082
0 160 99 0.772995 0.432134 -0.464477 0.908246 -0.272688 0.887372 0.371768 -0.37813 0.572817 -0.160718 0.803772 0.179185
0 161 90 0.807121 0.360833 -0.467286 0.954982 -0.24501 0.924834 0.290952 -0.269704 0.537147 -0.120344 0.83486 0.12357
0 162 101 0.859659 0.320847 -0.397548 0.982643 -0.252948 0.943419 0.214425 -0.184328 0.443852 -0.0837736 0.892176 0.0208884
0 163 110 0.872183 0.320114 -0.369898 0.968326 -0.239562 0.938785 0.247571 -0.240119 0.426506 -0.127314 0.89548 -0.0684709
0 164 147 0.895861 0.284487 -0.34132 0.970601 -0.229605 0.954048 0.192546 -0.213142 0.380413 -0.0941255 0.920014 -0.111818
0 165 180 0.901989 0.263041 -0.342381 0.958326 -0.21374 0.961042 0.175251 -0.122952 0.375141 -0.0848937 0.923072 -0.257864
0 166 200 0.920188 0.244284 -0.305909 0.88666 -0.192967 0.96293 0.188494 -0.0908686 0.340615 -0.114419 0.933215 -0.453406
0 167 186 0.942067 0.253601 -0.219536 0.745324 -0.215468 0.959142 0.18336 -0.0899498 0.257067 -0.125435 0.958219 -0.660607
0 168 233 0.938921 0.210603 -0.272163 0.810692 -0.16624 0.970046 0.177131 -0.0120218 0.301315 -0.121068 0.945807 -0.585349
0 169 340 0.964811 0.154531 -0.212742 0.766667 -0.130003 0.983616 0.124897 0.0340974 0.228557 -0.0928452 0.969093 -0.641139
0 170 387 0.985445 0.0840497 -0.147765 0.552444 -0.0637399 0.988493 0.13718 0.113893 0.157595 -0.125765 0.979463 -0.825732
0 171 456 0.991635 0.0449853 -0.120983 0.387592 -0.0270723 0.98894 0.145821 0.134299 0.126205 -0.141326 0.981886 -0.911996
0 172 468 0.984504 0.0929883 -0.148675 0.365748 -0.0664639 0.982438 0.174348 0.0702772 0.162277 -0.161765 0.973395 -0.928057
1 2 804 0.999975 -0.00114621 -0.00703424 0.736824 0.00113953 0.999999 -0.000953948 -0.181889 0.00703533 0.000945908 0.999975 0.651158
1 3 1568 0.999255 -0.00171942 -0.0385431 0.98481 0.00188976 0.999989 0.00438343 -0.111908 0.0385352 -0.004453 0.999247 0.132759
1 4 1370 0.997781 0.0258394 -0.061358 0.979779 -0.0259013 0.999664 -0.000214703 -0.0905376 0.0613319 0.00180348 0.998116 0.178429
1 5 928 0.992655 0.0491757 -0.110536 0.982819 -0.0496045 0.998768 -0.00113093 -0.113657 0.110344 0.00660571 0.993871 0.145429
1 6 581 0.989655 0.0496093 -0.134617 0.983055 -0.0490465 0.998768 0.00749617 -0.0261778 0.134823 -0.000816121 0.990869 0.181433
1 7 360 0.986795 0.0459502 -0.155321 0.976672 -0.0500404 0.998493 -0.0225255 -0.0842343 0.154052 0.0300004 0.987607 0.197525
1 8 258 0.977106 0.0635509 -0.20304 0.998456 -0.070924 0.997053 -0.0292389 -0.0323411 0.200584 0.0429699 0.978734 0.0451548
1 9 206 0.973048 0.0946652 -0.210275 0.995099 -0.101965 0.994495 -0.0241238 -0.00133302 0.206834 0.0449142 0.977345 -0.0988711
1 10 157 0.943445 0.145316 -0.297983 0.99301 -0.141838 0.989327 0.0333857 -0.00331868 0.299654 0.0107677 0.953987 -0.117983
1 11 117 0.931547 0.175167 -0.318647 0.981327 -0.16862 0.9845 0.0482494 0.0369921 0.32216 0.00878362 0.946644 -0.188755
1 12 109 0.871696 0.242744 -0.4257 0.985998 -0.23512 0.969348 0.0712957 9.45578e-05 0.429958 0.0379424 0.902051 -0.166755
1 13 85 0.954493 0.156439 -0.25391 0.885217 -0.175146 0.983132 -0.0526765 0.272962 0.241386 0.0947507 0.965792 -0.376673
1 14 66 0.955958 0.207478 -0.207598 0.828426 -0.204404 0.97821 0.0363929 0.106147 0.210625 0.00764376 0.977537 -0.549948
1 15 24 0.848747 0.512178 0.131538 0.0160685 -0.526978 0.839865 0.130079 0.244618 -0.0438503 -0.179722 0.98274 -0.969486
1 16 19 0.590214 -0.787997 -0.175241 0.0246716 0.730862 0.613798 -0.298484 0.0437664 0.342767 0.0480926 0.938189 -0.998737
1 17 39 -0.807815 0.480086 -0.341983 0.288209 0.389882 0.870336 0.300846 -0.216797 0.442072 0.109695 -0.890247 0.932703
1 18 26 -0.938934 0.331391 -0.092645 0.396343 -0.339129 -0.936793 0.0860802 0.121055 -0.058263 0.112242 0.991971 -0.910087
1 19 47 -0.311709 0.372254 -0.874222 0.697134 0.225198 0.922791 0.312639 -0.184254 0.923105 -0.0994208 -0.371473 0.69286
1 20 14 -0.8184 0.574344 -0.0187158 -0.175623 -0.569918 -0.807063 0.154411 -0.250753 0.0735805 0.137037 0.987829 -0.951987
1 21 33 -0.810615 0.584875 0.0286994 -0.0583148 0.559773 0.759572 0.331216 -0.148034 0.171921 0.284554 -0.943118 0.987262
1 22 21 -0.758006 -0.606988 0.238732 -0.483459 0.553692 -0.792278 -0.256361 0.268761 0.34475 -0.062139 0.936636 -0.833088
1 23 26 0.652003 0.749734 -0.113092 0.528393 -0.756067 0.654105 -0.0225715 -0.0962656 0.0570512 0.100221 0.993328 -0.843525
1 24 25 -0.38703 -0.863667 0.322937 -0.40329 0.835015 -0.476843 -0.274537 0.347727 0.391099 0.163403 0.905727 -0.84643
1 25 38 0.696261 0.429931 0.574787 -0.385408 0.676053 -0.661865 -0.323864 0.090435 0.241192 0.61408 -0.751486 0.918304
1 26 30 -0.333815 -0.871083 0.360253 -0.034769 -0.850619 0.443056 0.283106 -0.176133 -0.406221 -0.211933 -0.888858 0.983752
1 27 24 0.469924 0.882327 -0.0258859 0.219381 -0.87709 0.470036 0.0988923 -0.252489 0.0994227 -0.0237676 0.994761 -0.942402
1 28 18 0.033654 0.98245 0.183467 0.0198321 -0.884321 -0.0562593 0.463478 0.15357 0.465666 -0.177841 0.866907 0.987939
1 29 39 0.78381 -0.38752 -0.485253 0.592071 0.329339 0.921861 -0.204225 0.266972 0.526477 0.000261217 0.850189 -0.76038
1 30 20 0.989565 0.123142 0.0748141 -0.290411 -0.133755 0.978149 0.159166 -0.224075 -0.0535794 -0.167512 0.984413 -0.930297
1 31 18 -0.173947 -0.982983 -0.0590511 -0.0908518 0.960431 -0.182591 0.210316 -0.239301 -0.217519 -0.0201307 0.975848 -0.966685
1 32 56 -0.268723 0.709248 0.651732 -0.334368 0.645816 0.634672 -0.424398 0.0901709 -0.71464 0.306853 -0.628594 0.938119
1 33 17 0.867555 0.432425 -0.245678 0.0185923 -0.434156 0.899448 0.0500225 -0.156351 0.242605 0.0632653 0.96806 -0.987527
1 34 31 -0.829551 0.203397 0.520072 -0.182805 0.123396 0.975053 -0.184513 -0.0634737 -0.544627 -0.0888883 -0.833954 0.981098
1 35 41 -0.779762 0.417297 -0.466728 0.327961 0.525484 0.841488 -0.125559 0.041137 0.34035 -0.343164 -0.875443 0.943795
1 36 26 -0.734953 -0.671548 0.0941706 -0.502653 0.673621 -0.738971 -0.0124805 0.166094 0.0779706 0.0542628 0.995478 -0.848383
1 37 17 0.390393 0.893733 0.220987 -0.280234 -0.920623 0.380737 0.0865551 -0.0957907 -0.00678095 -0.237236 0.971428 -0.95514
1 38 32 0.269886 -0.198194 0.942274 -0.117255 -0.427879 -0.901347 -0.0670325 -0.0833596 0.862601 -0.385089 -0.328064 0.989597
1 39 30 -0.649181 -0.539288 -0.536406 0.472772 -0.69999 0.699507 0.143892 -0.0264117 0.29762 0.468891 -0.831603 0.880789
1 40 35 0.226348 0.872195 0.433639 -0.514409 -0.972324 0.175857 0.153821 0.105474 0.0579032 -0.456454 0.887861 0.851034
1 41 30 0.869648 -0.269943 0.413332 0.204979 -0.105137 0.716779 0.689329 -0.256531 -0.482347 -0.64293 0.594964 0.94455
1 42 21 -0.846939 -0.0747795 -0.526406 0.00776231 -0.0108513 -0.987423 0.157729 0.0330653 -0.53158 0.139299 0.835475 0.999423
1 43 38 0.433951 -0.880622 -0.190241 0.112531 -0.858867 -0.340588 -0.382554 0.257223 0.272091 0.329402 -0.904135 0.959778
1 44 14 -0.863135 -0.46707 -0.191945 0.323532 0.431323 -0.879578 0.200756 -0.099739 -0.262597 0.0904894 0.960653 -0.940946
1 45 16 0.824196 0.549941 -0.135149 0.364401 -0.550715 0.833959 0.0350046 -0.185887 0.131959 0.0455778 0.990207 -0.912501
1 46 12 0.75698 0.641186 0.125944 0.0488974 -0.64787 0.71135 0.27248 -0.238273 0.0851201 -0.287857 0.953883 -0.969966
1 47 20 -0.719043 0.57638 0.388281 0.240961 -0.451157 -0.812109 0.370048 -0.20684 0.528615 0.0909053 0.84398 0.948238
1 48 37 -0.809246 -0.569735 -0.143257 0.186373 -0.548452 0.82008 -0.163309 0.210337 0.210525 -0.0535874 -0.976119 0.9597
1 49 15 0.874437 -0.464761 -0.139132 0.0632263 0.477845 0.874656 0.0814993 -0.138393 0.0838152 -0.13775 0.986914 -0.988357
1 50 38 -0.912942 -0.407887 -0.0128392 0.0909214 -0.385454 0.851543 0.355387 -0.186639 -0.134025 0.329396 -0.934631 0.978212
1 51 25 0.838792 0.542913 0.0409169 -0.29678 -0.54233 0.839788 -0.0251678 0.148627 -0.0480254 -0.00107996 0.998846 -0.943309
1 52 20 0.828264 0.452579 -0.33038 0.439396 -0.401159 0.89059 0.21429 -0.209649 0.391216 -0.0449536 0.9192 -0.873487
1 53 35 -0.811167 0.282929 -0.51182 0.208378 0.144155 0.944912 0.29387 -0.199759 0.566769 0.164596 -0.807267 0.957431
1 54 13 -0.930962 0.352404 -0.0955004 0.276625 -0.35492 -0.934841 0.0102114 0.225515 -0.0856791 0.0434015 0.995377 -0.934142
1 55 36 -0.80883 -0.367735 -0.458874 0.315554 -0.431978 0.901025 0.0393521 0.0502873 0.398986 0.230052 -0.88763 0.947574
1 56 0 1 0 0 0 0 1 0 0 0 0 1 0
1 57 14 0.815986 -0.52341 -0.245375 0.291817 0.503705 0.852049 -0.142457 0.211731 0.283635 -0.00735311 0.958904 -0.932745
1 58 42 -0.773337 -0.178896 -0.608232 0.397237 -0.23357 0.972278 0.0110015 0.0135429 0.589402 0.150573 -0.793683 0.917616
1 59 17 -0.849716 0.489044 0.197023 -0.281011 -0.5168 -0.846548 -0.127568 0.0197594 0.104403 -0.210218 0.972064 -0.959501
1 60 19 -0.968372 0.236945 0.0781795 -0.296715 -0.240762 -0.969607 -0.0435472 -0.0205548 0.0654851 -0.0609926 0.995988 -0.954745
1 61 40 -0.215029 -0.751648 0.623529 0.00269108 -0.913115 0.381191 0.14462 0.0334773 -0.346386 -0.538256 -0.768308 0.999436
1 62 11 0.935511 -0.324596 -0.139484 -0.0134945 0.31768 0.945618 -0.0699056 -0.119634 0.15459 0.0210862 0.987754 0.992726
1 63 33 0.917603 0.127795 -0.376396 0.144687 0.210378 -0.959552 0.187084 0.0228886 -0.337263 -0.250854 -0.907373 0.989213
1 64 32 0.0977146 -0.971392 -0.216448 0.0527228 0.894697 0.180992 -0.408361 0.448176 0.435854 -0.153752 0.886787 -0.892389
1 65 31 0.0691953 -0.929136 -0.363207 0.298299 -0.931128 0.0705268 -0.357809 0.208285 0.358069 0.362951 -0.860264 0.931469
1 66 11 0.981871 -0.149603 -0.116394 -0.128751 0.15605 0.986565 0.0483519 -0.0490982 0.107597 -0.0656387 0.992025 -0.990461
1 67 33 -0.871639 -0.489933 -0.0145253 0.13752 -0.427937 0.746223 0.509923 -0.226969 -0.238989 0.450684 -0.860098 0.964144
1 68 16 0.69946 0.684463 0.205586 -0.109455 -0.714565 0.674759 0.184655 0.011499 -0.0123315 -0.276063 0.96106 -0.993925
1 69 16 -0.0484412 0.994805 -0.0895363 0.353324 -0.989003 -0.0352305 0.14364 0.111128 0.139739 0.0955097 0.985571 -0.928877
1 70 0 1 0 0 0 0 1 0 0 0 0 1 0
1 71 26 -0.381795 -0.829241 0.408156 -0.107442 -0.849728 0.488654 0.197937 -0.235364 -0.363585 -0.27125 -0.891196 0.96595
1 72 18 -0.841376 -0.529064 -0.110355 0.281802 0.538598 -0.803936 -0.252188 -0.0829364 0.0447052 -0.271621 0.961365 0.955881
1 73 33 0.957538 -0.282944 -0.0553538 0.0904947 -0.258015 -0.926656 0.27338 -0.368711 -0.128645 -0.247489 -0.960312 0.925129
1 74 18 -0.552395 -0.833268 0.0228712 0.0622915 0.819093 -0.537496 0.20046 -0.331193 -0.154744 0.129467 0.979435 -0.941505
1 75 39 0.118386 0.806423 -0.579367 0.40856 0.893267 -0.34131 -0.292544 0.183325 -0.433658 -0.482897 -0.760757 0.894131
1 76 13 -0.398357 0.831774 0.386605 0.246819 -0.899054 -0.437578 0.0150589 -0.119212 0.181696 -0.34158 0.922122 0.961701
1 77 42 -0.871742 -0.375919 0.314248 0.0476834 -0.203762 0.86142 0.465227 -0.273029 -0.445587 0.341526 -0.827534 0.960823
1 78 29 0.850155 -0.394552 0.348662 0.033479 -0.410695 -0.911285 -0.0298144 -0.0628795 0.329493 -0.117847 -0.936774 0.997459
1 79 45 -0.869628 -0.176973 0.4609 -0.102799 -0.0326704 0.952128 0.303948 -0.110842 -0.492626 0.249264 -0.833779 0.988507
1 80 23 -0.688296 0.538292 -0.486303 0.434926 0.358319 0.835153 0.417285 -0.411146 0.630759 0.112964 -0.767713 0.801123
1 81 41 0.784398 -0.579085 -0.222218 0.131583 -0.617853 -0.761009 -0.197793 -0.0123648 -0.0545706 0.292446 -0.954724 0.991228
1 82 59 0.0811204 0.227145 -0.970476 0.752114 0.877757 0.445003 0.177525 -0.164929 0.472189 -0.866243 -0.16328 0.638062
1 83 36 -0.116707 0.888275 0.444237 -0.122636 0.988887 0.0624515 0.134919 0.0361027 0.0921018 0.455046 -0.885692 0.991795
1 84 36 -0.0706536 0.997432 0.0117524 -0.0277437 0.578082 0.0313415 0.815376 -0.733734 0.812914 0.0644031 -0.578812 0.67887
1 85 19 0.913313 0.355898 0.197981 0.0950002 -0.352038 0.934333 -0.0555923 0.119087 -0.204765 -0.0189237 0.978628 -0.988329
1 86 21 -0.97876 -0.0795762 -0.188934 0.202366 0.111989 -0.979471 -0.167614 0.153332 -0.171718 -0.185212 0.967579 -0.967232
1 87 12 -0.929963 -0.333626 0.154473 -0.212362 0.301294 -0.932359 -0.199822 -0.101362 0.21069 -0.139285 0.967579 0.97192
1 88 33 0.750795 0.273611 -0.601202 0.254868 0.385366 -0.920662 0.0622542 -0.164138 -0.53647 -0.278423 -0.796669 0.952943
1 89 19 -0.968198 -0.205288 -0.143001 0.249459 0.192395 -0.976316 0.0989492 -0.176215 -0.159928 0.0682896 0.984764 0.952218
1 90 36 0.237394 0.806052 -0.542148 0.219841 0.954276 -0.297878 -0.0250213 -0.231718 -0.181663 -0.511419 -0.83991 0.947616
1 91 33 -0.765561 -0.377729 -0.520805 0.441891 -0.224415 0.915442 -0.334071 0.227156 0.602955 -0.138875 -0.785595 0.867832
1 92 16 0.982093 -0.132126 -0.134296 -0.249892 0.103277 0.973764 -0.202777 0.0945123 0.157565 0.185276 0.969972 -0.96365
1 93 17 -0.72094 -0.646296 0.250094 -0.153614 0.593412 -0.762129 -0.258886 -0.1394 0.357921 -0.0382324 0.932969 0.978249
1 94 29 0.915798 -0.287537 0.280424 -0.587081 0.300963 0.953622 -0.0050647 -0.288692 -0.265962 0.0890355 0.959863 -0.756302
1 95 34 0.650005 0.695728 0.305706 -0.236596 0.746059 -0.660738 -0.0825898 -0.0182868 0.144532 0.281759 -0.948537 0.971436
1 96 34 0.484372 0.132277 -0.864805 -0.0145789 0.593037 -0.77638 0.213404 0.0128125 -0.643189 -0.616228 -0.454502 0.999812
1 97 15 0.611825 0.746665 0.261078 -0.13177 -0.749878 0.652546 -0.108932 0.132357 -0.251701 -0.12913 0.959152 0.982404
1 98 43 -0.350956 0.444059 0.824404 -0.560991 0.69618 0.712524 -0.0874261 0.0273516 -0.626229 0.543251 -0.55921 0.82737
1 99 35 -0.594693 0.576285 0.560567 0.017397 -0.803202 -0.395754 -0.445248 0.0168909 -0.0347431 -0.715035 0.698225 0.999706
1 100 15 0.835153 0.540424 0.102281 -0.259423 -0.512302 0.831992 -0.212923 0.165171 -0.200166 0.125424 0.971701 -0.951535
1 101 29 0.262584 -0.789987 0.554049 -0.390021 -0.911584 -0.01486 0.410845 -0.248686 -0.316329 -0.612943 -0.724042 0.886588
1 102 18 -0.926213 -0.289286 -0.241749 0.464154 0.349099 -0.900216 -0.26027 0.174784 -0.142334 -0.32546 0.934782 -0.868338
1 103 14 0.841947 0.451044 -0.296115 0.361109 -0.432747 0.892282 0.128696 0.0568047 0.322266 0.0197875 0.946442 -0.930792
1 104 25 0.801189 -0.399173 -0.445822 0.0276541 0.439974 0.897912 -0.0132798 0.209945 0.40561 -0.18551 0.895023 0.977322
1 105 37 -0.782679 -0.502077 -0.367875 0.498931 0.581667 -0.800363 -0.145198 0.00928728 -0.221533 -0.327624 0.918469 -0.866592
1 106 12 -0.587245 -0.784596 0.198878 -0.0917016 0.79609 -0.604266 -0.0332109 0.137077 0.146232 0.138822 0.979461 -0.986307
1 107 26 -0.43303 -0.830261 -0.35093 0.121493 0.887069 -0.461631 -0.00243221 -0.317964 -0.15998 -0.312352 0.936399 0.940286
1 108 27 -0.365083 0.928426 0.0688524 -0.0196302 -0.922565 -0.370712 0.10699 -0.507883 0.124856 -0.0244608 0.991873 -0.861202
1 109 16 0.999245 0.00769022 0.0380722 -0.175166 -0.0107019 0.996774 0.0795443 -0.159725 -0.0373377 -0.0798917 0.996104 0.971496
1 110 18 0.626168 -0.664237 -0.408292 0.379617 0.627 0.740248 -0.242701 0.237188 0.463448 -0.104027 0.879997 -0.894222
1 111 30 -0.790228 -0.131627 0.59851 -0.344401 -0.295969 0.937177 -0.184666 0.017558 -0.536603 -0.323068 -0.779541 0.938659
1 112 32 -0.345372 0.901091 0.262207 -0.264345 0.713066 0.433617 -0.550921 0.534013 -0.610127 -0.00330207 -0.792297 0.803089
1 113 20 0.721361 -0.614276 -0.319851 -0.164201 0.622744 0.777401 -0.0885267 0.17478 0.303032 -0.135325 0.943323 0.970819
1 114 17 0.370291 0.92651 -0.0668173 0.0194673 -0.928776 0.370525 -0.00931707 -0.23344 0.0161251 0.0655083 0.997722 0.972176
1 115 23 0.267524 -0.932709 -0.241836 0.186877 0.932123 0.186935 0.310164 -0.332835 -0.244086 -0.308397 0.919409 -0.924282
1 116 13 0.718774 -0.541747 -0.435745 0.352229 0.598713 0.800922 -0.00816477 0.0676156 0.353421 -0.255017 0.900033 -0.933468
1 117 28 0.511989 -0.843404 -0.162901 -0.0611913 0.854608 0.480998 0.195668 -0.234818 -0.0866724 -0.239396 0.967046 0.970111
1 118 13 0.712317 0.476214 -0.515581 0.151771 -0.456136 0.872411 0.17561 -0.18815 0.533427 0.110086 0.838652 -0.970343
1 119 40 -0.714772 0.651885 0.253272 -0.276741 0.571242 0.753129 -0.326311 0.292407 -0.403464 -0.0885588 -0.9107 0.915375
1 120 42 0.148109 -0.987221 0.0588144 -0.241367 -0.973782 -0.135194 0.182953 -0.118764 -0.172664 -0.0843694 -0.981361 0.963139
1 121 40 0.469206 0.833919 -0.290558 0.798207 -0.838124 0.524173 0.150967 -0.561759 0.278197 0.172689 0.944873 -0.217468
1 122 50 -0.899497 -0.0905062 0.427451 -0.16639 -0.019738 0.985729 0.167178 -0.0588809 -0.436482 0.141939 -0.888446 0.9843
1 123 38 -0.957144 0.0484641 -0.285529 -0.0185715 0.0163188 -0.975308 -0.220247 0.000168184 -0.289153 -0.215467 0.932719 0.999828
1 124 51 0.999709 0.0090661 -0.0223409 -0.338248 -0.000694025 -0.915405 -0.402534 -0.0280557 -0.0241004 0.402433 -0.915132 0.940639
1 125 48 0.489492 0.581934 -0.649423 0.679146 -0.410103 0.810872 0.417496 -0.351479 0.769554 0.061969 0.635568 -0.644378
1 126 45 0.672049 0.398241 -0.624303 0.522022 -0.402737 0.904052 0.143154 0.11557 0.621412 0.155223 0.767953 -0.845066
1 127 66 0.386383 0.52716 -0.756842 0.812825 -0.371761 0.839973 0.395271 -0.282356 0.844098 0.128638 0.520529 -0.509501
1 128 82 0.886384 0.360007 -0.291064 -0.139748 -0.398819 0.913063 -0.0851989 0.475415 0.235088 0.191601 0.952902 -0.868591
1 129 115 0.937412 0.332903 -0.102148 -0.30892 -0.34799 0.884844 -0.309766 0.695138 -0.0127368 0.325925 0.94531 -0.649116
1 130 100 0.93375 0.292134 -0.206808 -0.0864492 -0.319671 0.940559 -0.114715 0.426947 0.161003 0.173225 0.971633 -0.900135
1 131 99 0.965799 0.23064 -0.118477 -0.178248 -0.240207 0.967905 -0.0738917 0.315632 0.0976323 0.0998237 0.990204 -0.931989
1 132 130 0.964353 0.22957 -0.131608 -0.0373509 -0.24122 0.967123 -0.0805346 0.312507 0.108793 0.10941 0.988025 -0.949181
1 133 157 0.974348 0.200353 -0.10249 -0.0171709 -0.212911 0.968194 -0.131412 0.390811 0.0729017 0.149862 0.986016 -0.920311
1 134 193 0.964339 0.20559 -0.166684 0.143858 -0.221462 0.971646 -0.0828126 0.339708 0.144932 0.116774 0.982527 -0.929464
1 135 186 0.977907 0.183891 -0.0994086 0.0971304 -0.18585 0.98252 -0.0107353 0.292669 0.0956968 0.0289732 0.994989 -0.951268
1 136 148 0.975889 0.204426 -0.0764889 0.149174 -0.199337 0.977485 0.0691918 0.161183 0.0889113 -0.0522765 0.994667 -0.975586
1 137 124 0.979087 0.190943 -0.0702096 0.284941 -0.186786 0.980461 0.0617058 0.128892 0.08062 -0.0473011 0.995622 -0.94984
1 138 156 0.99421 0.10476 0.0239171 0.254666 -0.105671 0.993569 0.0406685 0.149559 -0.0195029 -0.0429604 0.998886 -0.955394
1 139 184 0.994365 0.0320549 0.101044 0.272752 -0.0369399 0.998219 0.0468508 0.167793 -0.0993618 -0.0503194 0.993778 -0.947339
1 140 149 0.977555 -0.0726113 0.197774 0.191452 0.0529718 0.993285 0.102849 0.165177 -0.203914 -0.0900642 0.974837 -0.967503
1 141 132 0.95045 -0.208761 0.230358 0.153318 0.194057 0.977301 0.0850019 0.271699 -0.242874 -0.0360875 0.969386 -0.950091
1 142 149 0.943322 -0.285557 0.169118 0.153716 0.258252 0.951646 0.166359 0.113202 -0.208445 -0.113255 0.971454 -0.981609
1 143 164 0.950091 -0.291436 0.111317 0.114493 0.277358 0.952432 0.126279 0.150818 -0.142824 -0.0891021 0.985729 -0.981909
1 144 303 0.98478 -0.173564 0.00912136 0.157222 0.172268 0.981696 0.0812194 0.158961 -0.0230512 -0.078412 0.996655 -0.974686
1 145 423 0.988382 0.0305934 -0.148878 0.405406 -0.0248127 0.99887 0.0405323 0.189681 0.149949 -0.0363673 0.988025 -0.894241
1 146 419 0.97903 0.0888275 -0.183331 0.532602 -0.0832482 0.995807 0.0379239 0.159327 0.185931 -0.0218666 0.982319 -0.831234
1 147 425 0.961478 0.177933 -0.209525 0.571779 -0.15496 0.98042 0.121509 -0.00214954 0.227043 -0.0843602 0.970224 -0.820405
1 148 468 0.939039 0.208283 -0.273538 0.807042 -0.175733 0.974601 0.13882 -0.120775 0.295504 -0.0822874 0.951791 -0.57801
1 149 376 0.89285 0.27238 -0.358647 0.929901 -0.228349 0.960213 0.160774 -0.212317 0.388169 -0.0616502 0.919524 -0.300341
1 150 261 0.896837 0.305803 -0.319637 0.946954 -0.280818 0.951878 0.12276 -0.249964 0.341796 -0.020336 0.939554 -0.20198
1 151 221 0.906728 0.286717 -0.309255 0.961669 -0.274962 0.957955 0.0819587 -0.221163 0.319751 0.0107191 0.947441 -0.162112
1 152 142 0.877553 0.305765 -0.369335 0.966691 -0.316007 0.948144 0.0341046 -0.249221 0.360611 0.0867841 0.92867 -0.0582773
1 153 104 0.867715 0.356909 -0.345957 0.94691 -0.35958 0.931257 0.0588533 -0.315492 0.34318 0.0733312 0.936403 -0.0618579
1 154 93 0.864024 0.380094 -0.330138 0.939679 -0.365526 0.924538 0.107799 -0.338776 0.346199 0.0275337 0.937757 -0.0472661
1 155 87 0.78628 0.435459 -0.438337 0.913651 -0.386846 0.900128 0.200301 -0.402144 0.481782 0.0120766 0.876208 0.0593479
1 156 83 0.829338 0.443903 -0.339336 0.908844 -0.407577 0.896042 0.17604 -0.414847 0.382204 -0.00769085 0.924046 -0.043653
