0 1 1947 0.999767 0.00934213 -0.0194382 0.917198 -0.00909963 0.99988 0.0125267 -0.380874 0.0195529 -0.0123469 0.999733 0.116975
0 2 1867 0.999744 0.0105389 -0.0200177 0.843469 -0.0104424 0.999933 0.00492351 -0.164879 0.0200683 -0.00471322 0.999788 0.511248
0 3 1818 0.999057 0.00732352 -0.0428034 0.954923 -0.00671058 0.999873 0.0144459 -0.198429 0.0429038 -0.014145 0.998979 0.22079
0 4 1701 0.995218 0.0335814 -0.0917269 0.966441 -0.033719 0.999431 5.04539e-05 -0.0355831 0.0916765 0.00304272 0.995784 0.254413
0 5 1358 0.993464 0.0517558 -0.101738 0.980259 -0.053242 0.99851 -0.0119458 -0.0289672 0.100969 0.0172845 0.994739 0.195584
0 6 995 0.986545 0.064622 -0.150179 0.976868 -0.0619307 0.997826 0.0225337 -0.0732811 0.151309 -0.0129298 0.988402 0.200894
0 7 632 0.983106 0.0559953 -0.17426 0.968515 -0.0585145 0.998243 -0.00934836 -0.111381 0.17343 0.0193872 0.984655 0.22265
0 8 393 0.977803 0.0775926 -0.194629 0.998129 -0.0823588 0.996466 -0.0165049 -0.0542185 0.19266 0.032168 0.980738 0.0282659
0 9 253 0.985274 0.109828 -0.131048 0.981013 -0.109829 0.993924 0.00723602 -0.0817451 0.131046 0.00726346 0.99135 -0.17587
0 10 174 0.945065 0.156917 -0.286755 0.986126 -0.151669 0.987598 0.0405736 -0.00284788 0.289565 0.00514692 0.957144 -0.165974
0 11 135 0.900775 0.189677 -0.390676 0.995411 -0.187451 0.981278 0.0442177 0.0432078 0.391749 0.0334026 0.919466 -0.0853869
0 12 94 0.989972 0.137141 0.0338846 0.40921 -0.138285 0.989806 0.0340922 0.185238 -0.0288638 -0.038436 0.998844 -0.893439
0 13 82 0.522689 0.302775 -0.796947 0.982838 -0.299536 0.940431 0.160833 -0.106528 0.79817 0.154649 0.582245 0.1506
0 14 36 0.984324 0.176006 -0.0113058 -0.312954 -0.17555 0.983909 0.033256 0.20994 0.0169771 -0.03075 0.999383 -0.926275
0 15 21 0.99627 0.0861439 0.00496178 -0.265544 -0.0862452 0.995927 0.0262961 0.192887 -0.00267633 -0.0266259 0.999642 -0.944606
0 16 15 0.999638 0.00429911 -0.0265724 0.256102 -0.00550009 0.998959 -0.0452899 -0.185958 0.02635 0.0454196 0.99862 0.948594
0 17 0 1 0 0 0 0 1 0 0 0 0 1 0
0 18 0 1 0 0 0 0 1 0 0 0 0 1 0
0 19 0 1 0 0 0 0 1 0 0 0 0 1 0
0 20 0 1 0 0 0 0 1 0 0 0 0 1 0
0 21 0 1 0 0 0 0 1 0 0 0 0 1 0
0 22 0 1 0 0 0 0 1 0 0 0 0 1 0
0 23 0 1 0 0 0 0 1 0 0 0 0 1 0
0 24 0 1 0 0 0 0 1 0 0 0 0 1 0
0 25 0 1 0 0 0 0 1 0 0 0 0 1 0
0 26 0 1 0 0 0 0 1 0 0 0 0 1 0
0 27 0 1 0 0 0 0 1 0 0 0 0 1 0
0 28 0 1 0 0 0 0 1 0 0 0 0 1 0
0 29 0 1 0 0 0 0 1 0 0 0 0 1 0
0 30 0 1 0 0 0 0 1 0 0 0 0 1 0
0 31 0 1 0 0 0 0 1 0 0 0 0 1 0
0 32 0 1 0 0 0 0 1 0 0 0 0 1 0
0 33 0 1 0 0 0 0 1 0 0 0 0 1 0
0 34 0 1 0 0 0 0 1 0 0 0 0 1 0
0 35 0 1 0 0 0 0 1 0 0 0 0 1 0
0 36 0 1 0 0 0 0 1 0 0 0 0 1 0
0 37 0 1 0 0 0 0 1 0 0 0 0 1 0
0 38 0 1 0 0 0 0 1 0 0 0 0 1 0
0 39 0 1 0 0 0 0 1 0 0 0 0 1 0
0 40 0 1 0 0 0 0 1 0 0 0 0 1 0
0 41 0 1 0 0 0 0 1 0 0 0 0 1 0
0 42 0 1 0 0 0 0 1 0 0 0 0 1 0
0 43 0 1 0 0 0 0 1 0 0 0 0 1 0
0 44 0 1 0 0 0 0 1 0 0 0 0 1 0
0 45 0 1 0 0 0 0 1 0 0 0 0 1 0
0 46 0 1 0 0 0 0 1 0 0 0 0 1 0
0 47 0 1 0 0 0 0 1 0 0 0 0 1 0
0 48 0 1 0 0 0 0 1 0 0 0 0 1 0
0 49 0 1 0 0 0 0 1 0 0 0 0 1 0
0 50 0 1 0 0 0 0 1 0 0 0 0 1 0
0 51 0 1 0 0 0 0 1 0 0 0 0 1 0
0 52 0 1 0 0 0 0 1 0 0 0 0 1 0
0 53 0 1 0 0 0 0 1 0 0 0 0 1 0
0 54 0 1 0 0 0 0 1 0 0 0 0 1 0
0 55 0 1 0 0 0 0 1 0 0 0 0 1 0
0 56 0 1 0 0 0 0 1 0 0 0 0 1 0
0 57 0 1 0 0 0 0 1 0 0 0 0 1 0
0 58 0 1 0 0 0 0 1 0 0 0 0 1 0
0 59 0 1 0 0 0 0 1 0 0 0 0 1 0
0 60 0 1 0 0 0 0 1 0 0 0 0 1 0
0 61 0 1 0 0 0 0 1 0 0 0 0 1 0
0 62 0 1 0 0 0 0 1 0 0 0 0 1 0
0 63 0 1 0 0 0 0 1 0 0 0 0 1 0
0 64 0 1 0 0 0 0 1 0 0 0 0 1 0
0 65 0 1 0 0 0 0 1 0 0 0 0 1 0
0 66 0 1 0 0 0 0 1 0 0 0 0 1 0
0 67 0 1 0 0 0 0 1 0 0 0 0 1 0
0 68 0 1 0 0 0 0 1 0 0 0 0 1 0
0 69 0 1 0 0 0 0 1 0 0 0 0 1 0
0 70 0 1 0 0 0 0 1 0 0 0 0 1 0
0 71 0 1 0 0 0 0 1 0 0 0 0 1 0
0 72 0 1 0 0 0 0 1 0 0 0 0 1 0
0 73 0 1 0 0 0 0 1 0 0 0 0 1 0
0 74 0 1 0 0 0 0 1 0 0 0 0 1 0
0 75 0 1 0 0 0 0 1 0 0 0 0 1 0
0 76 0 1 0 0 0 0 1 0 0 0 0 1 0
0 77 0 1 0 0 0 0 1 0 0 0 0 1 0
0 78 0 1 0 0 0 0 1 0 0 0 0 1 0
0 79 0 1 0 0 0 0 1 0 0 0 0 1 0
0 80 0 1 0 0 0 0 1 0 0 0 0 1 0
0 81 0 1 0 0 0 0 1 0 0 0 0 1 0
0 82 0 1 0 0 0 0 1 0 0 0 0 1 0
0 83 0 1 0 0 0 0 1 0 0 0 0 1 0
0 84 0 1 0 0 0 0 1 0 0 0 0 1 0
0 85 0 1 0 0 0 0 1 0 0 0 0 1 0
0 86 0 1 0 0 0 0 1 0 0 0 0 1 0
0 87 0 1 0 0 0 0 1 0 0 0 0 1 0
0 88 0 1 0 0 0 0 1 0 0 0 0 1 0
0 89 0 1 0 0 0 0 1 0 0 0 0 1 0
0 90 0 1 0 0 0 0 1 0 0 0 0 1 0
0 91 0 1 0 0 0 0 1 0 0 0 0 1 0
0 92 0 1 0 0 0 0 1 0 0 0 0 1 0
0 93 0 1 0 0 0 0 1 0 0 0 0 1 0
0 94 0 1 0 0 0 0 1 0 0 0 0 1 0
0 95 0 1 0 0 0 0 1 0 0 0 0 1 0
0 96 0 1 0 0 0 0 1 0 0 0 0 1 0
0 97 0 1 0 0 0 0 1 0 0 0 0 1 0
0 98 0 1 0 0 0 0 1 0 0 0 0 1 0
0 99 0 1 0 0 0 0 1 0 0 0 0 1 0
0 100 0 1 0 0 0 0 1 0 0 0 0 1 0
0 101 0 1 0 0 0 0 1 0 0 0 0 1 0
0 102 0 1 0 0 0 0 1 0 0 0 0 1 0
0 103 0 1 0 0 0 0 1 0 0 0 0 1 0
0 104 0 1 0 0 0 0 1 0 0 0 0 1 0
0 105 0 1 0 0 0 0 1 0 0 0 0 1 0
0 106 0 1 0 0 0 0 1 0 0 0 0 1 0
0 107 0 1 0 0 0 0 1 0 0 0 0 1 0
0 108 0 1 0 0 0 0 1 0 0 0 0 1 0
0 109 0 1 0 0 0 0 1 0 0 0 0 1 0
0 110 0 1 0 0 0 0 1 0 0 0 0 1 0
0 111 0 1 0 0 0 0 1 0 0 0 0 1 0
0 112 0 1 0 0 0 0 1 0 0 0 0 1 0
0 113 0 1 0 0 0 0 1 0 0 0 0 1 0
0 114 0 1 0 0 0 0 1 0 0 0 0 1 0
0 115 0 1 0 0 0 0 1 0 0 0 0 1 0
0 116 0 1 0 0 0 0 1 0 0 0 0 1 0
0 117 0 1 0 0 0 0 1 0 0 0 0 1 0
0 118 0 1 0 0 0 0 1 0 0 0 0 1 0
0 119 0 1 0 0 0 0 1 0 0 0 0 1 0
0 120 0 1 0 0 0 0 1 0 0 0 0 1 0
0 121 0 1 0 0 0 0 1 0 0 0 0 1 0
0 122 0 1 0 0 0 0 1 0 0 0 0 1 0
0 123 0 1 0 0 0 0 1 0 0 0 0 1 0
0 124 0 1 0 0 0 0 1 0 0 0 0 1 0
0 125 0 1 0 0 0 0 1 0 0 0 0 1 0
0 126 0 1 0 0 0 0 1 0 0 0 0 1 0
0 127 0 1 0 0 0 0 1 0 0 0 0 1 0
0 128 0 1 0 0 0 0 1 0 0 0 0 1 0
0 129 0 1 0 0 0 0 1 0 0 0 0 1 0
0 130 0 1 0 0 0 0 1 0 0 0 0 1 0
0 131 0 1 0 0 0 0 1 0 0 0 0 1 0
0 132 0 1 0 0 0 0 1 0 0 0 0 1 0
0 133 0 1 0 0 0 0 1 0 0 0 0 1 0
0 134 0 1 0 0 0 0 1 0 0 0 0 1 0
0 135 0 1 0 0 0 0 1 0 0 0 0 1 0
0 136 0 1 0 0 0 0 1 0 0 0 0 1 0
0 137 0 1 0 0 0 0 1 0 0 0 0 1 0
0 138 0 1 0 0 0 0 1 0 0 0 0 1 0
0 139 70 0.927872 -0.360304 -0.0960938 0.185419 0.151546 0.599808 -0.785662 0.915975 0.340715 0.714431 0.611148 0.355822
0 140 109 0.985363 -0.0381405 0.166146 0.269142 0.0211716 0.994484 0.102731 0.159071 -0.169147 -0.0977102 0.980735 -0.949873
0 141 115 0.945751 -0.225361 0.234026 0.129067 0.235339 0.971794 -0.0152461 0.472706 -0.223989 0.0694946 0.972111 -0.871717
0 142 137 0.944491 -0.276664 0.177184 0.14156 0.250735 0.955501 0.155403 0.144441 -0.212294 -0.102351 0.971831 -0.979335
0 143 102 0.948439 -0.291707 0.123976 0.0828011 0.27954 0.954195 0.106625 0.21303 -0.1494 -0.0664709 0.98654 -0.973531
0 144 190 0.985871 -0.166 0.0224222 0.131025 0.162344 0.97986 0.116273 0.0794727 -0.041272 -0.11099 0.992964 -0.988189
0 145 438 0.985784 0.0425256 -0.162544 0.446595 -0.0320862 0.997282 0.0663198 0.126982 0.164923 -0.0601616 0.98447 -0.88568
0 146 597 0.980004 0.100033 -0.172002 0.515058 -0.0907917 0.994012 0.0607987 0.10459 0.177054 -0.0439666 0.983219 -0.85075
0 147 659 0.943033 0.185912 -0.27591 0.744518 -0.162417 0.981023 0.105901 0.0568167 0.290362 -0.0550555 0.955332 -0.66518
0 148 708 0.934223 0.212186 -0.286712 0.836762 -0.179064 0.974182 0.137497 -0.100795 0.308485 -0.0771131 0.948098 -0.538209
0 149 554 0.866448 0.279613 -0.413623 0.965701 -0.231201 0.958989 0.16397 -0.179096 0.442508 -0.0464414 0.895561 -0.188006
0 150 317 0.888022 0.314774 -0.335162 0.959077 -0.28879 0.949044 0.126155 -0.244042 0.357794 -0.0152366 0.933676 -0.143578
0 151 237 0.903286 0.295825 -0.310745 0.968405 -0.284627 0.955133 0.0819059 -0.216467 0.321032 0.014462 0.946958 -0.12383
0 152 129 0.76919 0.3561 -0.530603 0.952916 -0.344581 0.930411 0.124898 -0.298959 0.538155 0.0867648 0.838368 0.0507367
0 153 64 0.947482 0.313357 -0.063917 0.925425 -0.316524 0.947403 -0.0473238 -0.275231 0.045726 0.0650696 0.996833 -0.260454
0 154 33 0.940349 0.278124 0.195933 -0.343947 -0.264418 0.959866 -0.0934872 -0.0981121 -0.21407 0.0361025 0.976151 0.933849
0 155 33 0.953468 0.20097 0.224745 0.105913 -0.18529 0.978642 -0.0890318 0.285694 -0.237837 0.0432461 0.970342 -0.95245
0 156 75 0.827247 0.382219 -0.411791 0.942053 -0.375792 0.921273 0.100183 -0.270093 0.417664 0.0718713 0.905755 0.198963
0 157 79 0.844362 0.433636 -0.314662 0.893107 -0.37752 0.898279 0.224886 -0.43537 0.380173 -0.0710939 0.922179 0.113193
0 158 55 0.961296 0.273914 -0.0296785 0.225633 -0.270452 0.958692 0.0881209 -0.186006 0.0525901 -0.0766837 0.995668 0.956291
0 159 49 0.959662 0.281147 -0.0023627 0.277053 -0.278524 0.951788 0.128543 -0.13514 0.0383884 -0.1227 0.991701 0.951304
0 160 102 0.875059 0.364586 -0.318354 0.957121 -0.288063 0.920851 0.26278 -0.28939 0.388962 -0.138242 0.910822 0.0131422
0 161 127 0.806873 0.364933 -0.464521 0.959398 -0.25007 0.923435 0.291089 -0.269015 0.535183 -0.118709 0.836354 0.0847704
0 162 77 0.874963 0.340821 -0.34392 0.966684 -0.269749 0.932977 0.238306 -0.250092 0.402089 -0.115737 0.908256 -0.0545455
0 163 140 0.857122 0.321662 -0.402337 0.979275 -0.243467 0.94129 0.233875 -0.201937 0.453944 -0.102504 0.885114 -0.0155575
0 164 123 0.887794 0.284082 -0.362104 0.971481 -0.227914 0.954893 0.190352 -0.196271 0.399847 -0.0864649 0.912495 -0.133053
0 165 201 0.986117 0.164182 0.0248453 0.384895 -0.165884 0.980746 0.103052 0.0770026 -0.00744774 -0.105743 0.994366 -0.919742
0 166 192 0.863573 0.271371 -0.424969 0.965896 -0.198405 0.957711 0.208387 -0.115779 0.463548 -0.0956412 0.880895 -0.231604
0 167 246 0.977388 0.20492 -0.0521645 0.31274 -0.193715 0.966624 0.167669 -0.121683 0.0847823 -0.153773 0.984462 -0.942012
0 168 320 0.948509 0.208726 -0.238251 0.75202 -0.169573 0.969922 0.174632 -0.00155301 0.267535 -0.125239 0.955374 -0.659139
0 169 457 0.973059 0.161624 -0.164419 0.682636 -0.136797 0.978781 0.152557 -0.0455192 0.185587 -0.125955 0.974522 -0.72934
0 170 544 0.982706 0.098886 -0.156559 0.575462 -0.0731062 0.983977 0.162621 0.0362647 0.170131 -0.148363 0.974189 -0.817024
0 171 543 0.99463 0.0454179 -0.0929915 0.308332 -0.029212 0.985227 0.168744 0.0630648 0.0992817 -0.165122 0.981263 -0.949186
0 172 614 0.989843 0.089245 -0.110666 0.248315 -0.0682171 0.981107 0.181038 0.0499146 0.124732 -0.17165 0.97723 -0.967393
1 2 1899 0.999435 0.00415491 -0.0333483 0.942642 -0.00410131 0.99999 0.00167545 -0.135525 0.0333549 -0.00153773 0.999442 0.305055
1 3 1814 0.998848 -0.0058342 -0.0476384 0.948613 0.00502365 0.999841 -0.0171166 0.143207 0.0477307 0.0168576 0.998718 0.282181
1 4 1762 0.993777 0.0299356 -0.107291 0.968559 -0.0304097 0.999534 -0.00278523 -0.0375222 0.107157 0.00603058 0.994224 0.245936
1 5 1401 0.992475 0.0447654 -0.11397 0.979651 -0.0475464 0.998631 -0.0217992 0.00225033 0.112838 0.027054 0.993245 0.200694
1 6 1038 0.995098 0.0467926 -0.0871237 0.990873 -0.0459983 0.99888 0.0111043 -0.0464777 0.0875457 -0.00704236 0.996136 0.12653
1 7 701 0.980101 0.0519151 -0.191589 0.97742 -0.0562139 0.998273 -0.0170669 -0.0932613 0.190372 0.0274973 0.981327 0.189611
1 8 402 0.990049 0.0457613 -0.133072 0.999587 -0.0516935 0.997802 -0.0414696 -0.0027449 0.130882 0.0479359 0.990238 0.0286091
1 9 274 0.971379 0.113523 -0.208652 0.98557 -0.114965 0.993356 0.00524665 -0.0636169 0.207861 0.0188911 0.977976 -0.156862
1 10 180 0.961397 0.150236 -0.23053 0.972656 -0.141371 0.98845 0.0546027 -0.0456645 0.236071 -0.0199047 0.971532 -0.227718
1 11 134 0.892152 0.194478 -0.40773 0.9941 -0.186726 0.980629 0.0591637 0.0117831 0.411337 0.0233508 0.911184 -0.107823
1 12 62 0.984678 0.165696 0.0543492 0.351426 -0.168175 0.984742 0.0447184 0.115664 -0.0461103 -0.0531734 0.99752 -0.929043
1 13 59 0.998252 0.0586229 0.0075395 -0.315762 -0.0584301 0.998011 -0.0236558 0.250699 -0.00891128 0.023174 0.999692 -0.91512
1 14 44 0.831082 0.331139 -0.446822 0.978424 -0.299862 0.943439 0.141442 -0.125683 0.468386 0.0164349 0.883371 -0.163982
1 15 21 0.998374 0.0569362 -0.00268599 -0.261366 -0.0568865 0.998254 0.0159122 0.18792 0.00358728 -0.0157335 0.99987 -0.94677
1 16 16 0.999488 -0.02585 -0.0188608 -0.274763 0.0248962 0.99848 -0.0491635 0.257625 0.020103 0.0486688 0.998613 -0.926355
1 17 0 1 0 0 0 0 1 0 0 0 0 1 0
1 18 0 1 0 0 0 0 1 0 0 0 0 1 0
1 19 0 1 0 0 0 0 1 0 0 0 0 1 0
1 20 0 1 0 0 0 0 1 0 0 0 0 1 0
1 21 0 1 0 0 0 0 1 0 0 0 0 1 0
1 22 0 1 0 0 0 0 1 0 0 0 0 1 0
1 23 0 1 0 0 0 0 1 0 0 0 0 1 0
1 24 0 1 0 0 0 0 1 0 0 0 0 1 0
1 25 0 1 0 0 0 0 1 0 0 0 0 1 0
1 26 0 1 0 0 0 0 1 0 0 0 0 1 0
1 27 0 1 0 0 0 0 1 0 0 0 0 1 0
1 28 0 1 0 0 0 0 1 0 0 0 0 1 0
1 29 0 1 0 0 0 0 1 0 0 0 0 1 0
1 30 0 1 0 0 0 0 1 0 0 0 0 1 0
1 31 0 1 0 0 0 0 1 0 0 0 0 1 0
1 32 0 1 0 0 0 0 1 0 0 0 0 1 0
1 33 0 1 0 0 0 0 1 0 0 0 0 1 0
1 34 0 1 0 0 0 0 1 0 0 0 0 1 0
1 35 0 1 0 0 0 0 1 0 0 0 0 1 0
1 36 0 1 0 0 0 0 1 0 0 0 0 1 0
1 37 0 1 0 0 0 0 1 0 0 0 0 1 0
1 38 0 1 0 0 0 0 1 0 0 0 0 1 0
1 39 0 1 0 0 0 0 1 0 0 0 0 1 0
1 40 0 1 0 0 0 0 1 0 0 0 0 1 0
1 41 0 1 0 0 0 0 1 0 0 0 0 1 0
1 42 0 1 0 0 0 0 1 0 0 0 0 1 0
1 43 0 1 0 0 0 0 1 0 0 0 0 1 0
1 44 0 1 0 0 0 0 1 0 0 0 0 1 0
1 45 0 1 0 0 0 0 1 0 0 0 0 1 0
1 46 0 1 0 0 0 0 1 0 0 0 0 1 0
1 47 0 1 0 0 0 0 1 0 0 0 0 1 0
1 48 0 1 0 0 0 0 1 0 0 0 0 1 0
1 49 0 1 0 0 0 0 1 0 0 0 0 1 0
1 50 0 1 0 0 0 0 1 0 0 0 0 1 0
1 51 0 1 0 0 0 0 1 0 0 0 0 1 0
1 52 0 1 0 0 0 0 1 0 0 0 0 1 0
1 53 0 1 0 0 0 0 1 0 0 0 0 1 0
1 54 0 1 0 0 0 0 1 0 0 0 0 1 0
1 55 0 1 0 0 0 0 1 0 0 0 0 1 0
1 56 0 1 0 0 0 0 1 0 0 0 0 1 0
1 57 0 1 0 0 0 0 1 0 0 0 0 1 0
1 58 0 1 0 0 0 0 1 0 0 0 0 1 0
1 59 0 1 0 0 0 0 1 0 0 0 0 1 0
1 60 0 1 0 0 0 0 1 0 0 0 0 1 0
1 61 0 1 0 0 0 0 1 0 0 0 0 1 0
1 62 0 1 0 0 0 0 1 0 0 0 0 1 0
1 63 0 1 0 0 0 0 1 0 0 0 0 1 0
1 64 0 1 0 0 0 0 1 0 0 0 0 1 0
1 65 0 1 0 0 0 0 1 0 0 0 0 1 0
1 66 0 1 0 0 0 0 1 0 0 0 0 1 0
1 67 0 1 0 0 0 0 1 0 0 0 0 1 0
1 68 0 1 0 0 0 0 1 0 0 0 0 1 0
1 69 0 1 0 0 0 0 1 0 0 0 0 1 0
1 70 0 1 0 0 0 0 1 0 0 0 0 1 0
1 71 0 1 0 0 0 0 1 0 0 0 0 1 0
1 72 0 1 0 0 0 0 1 0 0 0 0 1 0
1 73 0 1 0 0 0 0 1 0 0 0 0 1 0
1 74 0 1 0 0 0 0 1 0 0 0 0 1 0
1 75 0 1 0 0 0 0 1 0 0 0 0 1 0
1 76 0 1 0 0 0 0 1 0 0 0 0 1 0
1 77 0 1 0 0 0 0 1 0 0 0 0 1 0
1 78 0 1 0 0 0 0 1 0 0 0 0 1 0
1 79 0 1 0 0 0 0 1 0 0 0 0 1 0
1 80 0 1 0 0 0 0 1 0 0 0 0 1 0
1 81 0 1 0 0 0 0 1 0 0 0 0 1 0
1 82 0 1 0 0 0 0 1 0 0 0 0 1 0
1 83 0 1 0 0 0 0 1 0 0 0 0 1 0
1 84 0 1 0 0 0 0 1 0 0 0 0 1 0
1 85 0 1 0 0 0 0 1 0 0 0 0 1 0
1 86 0 1 0 0 0 0 1 0 0 0 0 1 0
1 87 0 1 0 0 0 0 1 0 0 0 0 1 0
1 88 0 1 0 0 0 0 1 0 0 0 0 1 0
1 89 0 1 0 0 0 0 1 0 0 0 0 1 0
1 90 0 1 0 0 0 0 1 0 0 0 0 1 0
1 91 0 1 0 0 0 0 1 0 0 0 0 1 0
1 92 0 1 0 0 0 0 1 0 0 0 0 1 0
1 93 0 1 0 0 0 0 1 0 0 0 0 1 0
1 94 0 1 0 0 0 0 1 0 0 0 0 1 0
1 95 0 1 0 0 0 0 1 0 0 0 0 1 0
1 96 0 1 0 0 0 0 1 0 0 0 0 1 0
1 97 0 1 0 0 0 0 1 0 0 0 0 1 0
1 98 0 1 0 0 0 0 1 0 0 0 0 1 0
1 99 0 1 0 0 0 0 1 0 0 0 0 1 0
1 100 0 1 0 0 0 0 1 0 0 0 0 1 0
1 101 0 1 0 0 0 0 1 0 0 0 0 1 0
1 102 0 1 0 0 0 0 1 0 0 0 0 1 0
1 103 0 1 0 0 0 0 1 0 0 0 0 1 0
1 104 0 1 0 0 0 0 1 0 0 0 0 1 0
1 105 0 1 0 0 0 0 1 0 0 0 0 1 0
1 106 0 1 0 0 0 0 1 0 0 0 0 1 0
1 107 0 1 0 0 0 0 1 0 0 0 0 1 0
1 108 0 1 0 0 0 0 1 0 0 0 0 1 0
1 109 0 1 0 0 0 0 1 0 0 0 0 1 0
1 110 0 1 0 0 0 0 1 0 0 0 0 1 0
1 111 0 1 0 0 0 0 1 0 0 0 0 1 0
1 112 0 1 0 0 0 0 1 0 0 0 0 1 0
1 113 0 1 0 0 0 0 1 0 0 0 0 1 0
1 114 0 1 0 0 0 0 1 0 0 0 0 1 0
1 115 0 1 0 0 0 0 1 0 0 0 0 1 0
1 116 0 1 0 0 0 0 1 0 0 0 0 1 0
1 117 0 1 0 0 0 0 1 0 0 0 0 1 0
1 118 0 1 0 0 0 0 1 0 0 0 0 1 0
1 119 0 1 0 0 0 0 1 0 0 0 0 1 0
1 120 0 1 0 0 0 0 1 0 0 0 0 1 0
1 121 0 1 0 0 0 0 1 0 0 0 0 1 0
1 122 0 1 0 0 0 0 1 0 0 0 0 1 0
1 123 0 1 0 0 0 0 1 0 0 0 0 1 0
1 124 0 1 0 0 0 0 1 0 0 0 0 1 0
1 125 0 1 0 0 0 0 1 0 0 0 0 1 0
1 126 0 1 0 0 0 0 1 0 0 0 0 1 0
1 127 0 1 0 0 0 0 1 0 0 0 0 1 0
1 128 0 1 0 0 0 0 1 0 0 0 0 1 0
1 129 0 1 0 0 0 0 1 0 0 0 0 1 0
1 130 0 1 0 0 0 0 1 0 0 0 0 1 0
1 131 0 1 0 0 0 0 1 0 0 0 0 1 0
1 132 0 1 0 0 0 0 1 0 0 0 0 1 0
1 133 0 1 0 0 0 0 1 0 0 0 0 1 0
1 134 0 1 0 0 0 0 1 0 0 0 0 1 0
1 135 0 1 0 0 0 0 1 0 0 0 0 1 0
1 136 20 0.97254 0.232654 -0.006157 0.0186191 -0.224165 0.943513 0.243994 -0.236723 0.0625755 -0.235914 0.969757 -0.971399
1 137 0 1 0 0 0 0 1 0 0 0 0 1 0
1 138 0 1 0 0 0 0 1 0 0 0 0 1 0
1 139 76 0.842127 -0.508095 0.180726 -0.103833 0.144747 -0.109865 -0.98335 0.666618 0.519491 0.854266 -0.0189751 0.738132
1 140 93 0.981458 -0.0554153 0.183494 0.22497 0.0410667 0.99586 0.0810959 0.196172 -0.187228 -0.0720567 0.97967 -0.954413
1 141 81 0.94005 -0.235388 0.246776 0.105796 0.208941 0.969415 0.128757 0.207272 -0.269536 -0.0694764 0.960481 -0.972546
1 142 127 0.949778 -0.25961 0.174711 0.160208 0.241694 0.963227 0.117377 0.204944 -0.198759 -0.0692559 0.977598 -0.965573
1 143 63 0.931824 -0.314543 0.181015 -0.0646278 0.323574 0.945948 -0.0219475 0.490077 -0.164327 0.079023 0.983235 -0.86928
1 144 261 0.986136 -0.165131 0.0163538 0.145179 0.162977 0.982356 0.0917381 0.135061 -0.031214 -0.087801 0.995649 -0.980144
1 145 524 0.986258 0.0355601 -0.161337 0.434024 -0.0261087 0.997837 0.0603283 0.131753 0.163134 -0.055287 0.985054 -0.891215
1 146 564 0.981268 0.0870389 -0.171863 0.515224 -0.0832627 0.996103 0.0290736 0.188059 0.173723 -0.0142193 0.984692 -0.836169
1 147 659 0.962654 0.18251 -0.199967 0.539876 -0.158019 0.978522 0.132381 -0.0439487 0.219833 -0.0958391 0.970818 -0.840597
1 148 731 0.921312 0.207047 -0.329114 0.89346 -0.173084 0.976331 0.129688 -0.0734431 0.348176 -0.0625188 0.935342 -0.443097
1 149 631 0.887042 0.259632 -0.381769 0.965936 -0.221662 0.964855 0.141142 -0.139831 0.404996 -0.0405752 0.913418 -0.217752
1 150 301 0.901472 0.309282 -0.302809 0.937577 -0.286139 0.950742 0.119221 -0.246991 0.324767 -0.0208292 0.945565 -0.244836
1 151 290 0.930108 0.280243 -0.23741 0.941436 -0.271671 0.959929 0.0687867 -0.22699 0.247173 0.000518131 0.968971 -0.249345
1 152 77 0.971772 0.225662 0.0688116 -0.81327 -0.217872 0.970294 -0.10517 0.0889548 -0.0905004 0.0872091 0.992071 0.575047
1 153 83 0.887176 0.355368 -0.294334 0.932328 -0.354992 0.933152 0.0566422 -0.33665 0.294787 0.0542349 0.954023 -0.132028
1 154 48 0.954603 0.27432 0.116108 0.264835 -0.266709 0.960698 -0.0769731 -0.297922 -0.13266 0.0425117 0.99025 0.917118
1 155 68 0.101308 0.452842 -0.885816 0.696356 -0.265775 0.870355 0.414543 -0.353419 0.958697 0.193431 0.208528 0.624646
1 156 29 0.930729 0.359049 0.0694826 -0.490446 -0.357887 0.933316 -0.0289378 0.0473045 -0.0752393 0.00206634 0.997163 0.870187
1 157 42 0.947784 0.318913 0.000598707 -0.236337 -0.318516 0.946507 0.0516991 0.153409 0.0159209 -0.0491903 0.998663 -0.959485
1 158 55 0.976743 0.203543 0.0674019 -0.384262 -0.20711 0.97699 0.0509523 -0.061743 -0.0554801 -0.0637269 0.996424 0.921157
1 159 62 0.959641 0.281207 -0.00344079 0.280095 -0.278368 0.95155 0.130628 -0.151477 0.0400076 -0.124398 0.991426 0.947946
1 160 101 0.791556 0.379391 -0.479064 0.947766 -0.255616 0.917623 0.304351 -0.27802 0.555068 -0.118454 0.823328 0.156345
1 161 146 0.82041 0.34517 -0.455835 0.962528 -0.239229 0.93131 0.274648 -0.255054 0.519324 -0.116275 0.84663 0.0921314
1 162 77 0.8173 0.349344 -0.458234 0.964069 -0.246378 0.930762 0.270149 -0.261585 0.520882 -0.107894 0.846783 0.0463071
1 163 36 0.976378 0.206424 0.0638426 0.428598 -0.212969 0.969282 0.123031 -0.0123804 -0.0364849 -0.133721 0.990347 -0.903411
1 164 134 0.984189 0.177044 0.00514892 0.434486 -0.176826 0.980476 0.0860204 0.081024 0.010181 -0.0855708 0.99628 -0.897027
1 165 236 0.917913 0.241734 -0.314645 0.957092 -0.201217 0.967053 0.155951 -0.0964154 0.341977 -0.0798372 0.936311 -0.273274
1 166 257 0.952468 0.213231 -0.217571 0.774661 -0.180144 0.970175 0.1622 -0.038419 0.245668 -0.115296 0.962473 -0.631208
1 167 284 0.94107 0.234567 -0.243649 0.769348 -0.200907 0.967238 0.155201 -0.00630067 0.272072 -0.0971042 0.957365 -0.638799
1 168 336 0.934 0.217579 -0.283379 0.822213 -0.16534 0.966357 0.197017 -0.0771305 0.316712 -0.13716 0.938552 -0.56393
1 169 504 0.980694 0.137801 -0.138742 0.604499 -0.120816 0.984874 0.124206 0.0322834 0.15376 -0.105046 0.982509 -0.795952
1 170 576 0.986821 0.0749601 -0.143409 0.535157 -0.0536693 0.987686 0.146958 0.0727025 0.152659 -0.137325 0.978692 -0.841618
1 171 589 0.992728 0.033966 -0.115485 0.367989 -0.018207 0.990696 0.134868 0.155552 0.118992 -0.131785 0.984111 -0.916727
1 172 613 0.984629 0.081841 -0.154297 0.364908 -0.0588962 0.98726 0.147815 0.142267 0.164429 -0.136456 0.976905 -0.92011
2 3 1853 0.999907 -0.00988912 -0.00942468 0.98406 0.00984739 0.999942 -0.00446386 0.147448 0.00946827 0.00437064 0.999946 0.0994182
2 4 1791 0.996696 0.0262401 -0.0768649 0.995834 -0.0259669 0.999652 0.00455163 -0.091182 0.0769576 -0.00254066 0.997031 0.00117101
2 5 1468 0.996678 0.0358958 -0.0730992 0.99588 -0.0375077 0.99908 -0.0207991 0.0567912 0.0722854 0.0234718 0.997108 0.0706979
2 6 1156 0.994139 0.0449582 -0.098313 0.991575 -0.044494 0.998986 0.00690978 -0.000777589 0.0985239 -0.00249495 0.995132 0.129534
2 7 795 0.98657 0.0449816 -0.157025 0.985737 -0.0491033 0.998541 -0.022467 -0.0660059 0.155786 0.0298757 0.987339 0.154812
2 8 504 0.985985 0.0684555 -0.152144 0.996635 -0.0708858 0.997428 -0.0106006 -0.0709412 0.151027 0.0212369 0.988302 -0.0410657
2 9 309 0.963251 0.116874 -0.241845 0.99205 -0.120349 0.992732 0.000403204 -0.0424613 0.240134 0.0287175 0.970315 -0.118461
2 10 212 0.942642 0.151025 -0.297685 0.986772 -0.145488 0.988518 0.0408062 -0.0037031 0.30043 0.00484411 0.953792 -0.162069
2 11 170 0.925713 0.182997 -0.33101 0.98462 -0.176181 0.983048 0.0507599 0.0366111 0.334688 0.0113285 0.942261 -0.170829
2 12 118 0.985098 0.170401 -0.0233544 0.509345 -0.169268 0.984584 0.0440711 0.127597 0.0305042 -0.0394612 0.998755 -0.85105
2 13 108 0.984303 0.166781 -0.0577235 0.508973 -0.166735 0.985986 0.00564855 0.18999 0.0578566 0.00406461 0.998317 -0.839554
2 14 45 0.9955 0.0896048 -0.0308288 -0.269342 -0.0894495 0.995971 0.00638299 0.233699 0.0312765 -0.00359665 0.999504 -0.934259
2 15 27 0.999963 0.0017727 -0.00843384 -0.27157 -0.00176746 0.999998 0.00062843 0.216321 0.00843493 -0.0006135 0.999964 -0.937793
2 16 27 0.778501 0.242898 -0.578737 0.396933 0.606642 -0.0546684 0.793093 -0.739583 0.161002 -0.96851 -0.189911 0.543563
2 17 0 1 0 0 0 0 1 0 0 0 0 1 0
2 18 0 1 0 0 0 0 1 0 0 0 0 1 0
2 19 0 1 0 0 0 0 1 0 0 0 0 1 0
2 20 0 1 0 0 0 0 1 0 0 0 0 1 0
2 21 0 1 0 0 0 0 1 0 0 0 0 1 0
2 22 0 1 0 0 0 0 1 0 0 0 0 1 0
2 23 0 1 0 0 0 0 1 0 0 0 0 1 0
2 24 0 1 0 0 0 0 1 0 0 0 0 1 0
2 25 0 1 0 0 0 0 1 0 0 0 0 1 0
2 26 0 1 0 0 0 0 1 0 0 0 0 1 0
2 27 0 1 0 0 0 0 1 0 0 0 0 1 0
2 28 0 1 0 0 0 0 1 0 0 0 0 1 0
2 29 0 1 0 0 0 0 1 0 0 0 0 1 0
2 30 0 1 0 0 0 0 1 0 0 0 0 1 0
2 31 0 1 0 0 0 0 1 0 0 0 0 1 0
2 32 0 1 0 0 0 0 1 0 0 0 0 1 0
2 33 0 1 0 0 0 0 1 0 0 0 0 1 0
2 34 0 1 0 0 0 0 1 0 0 0 0 1 0
2 35 0 1 0 0 0 0 1 0 0 0 0 1 0
2 36 0 1 0 0 0 0 1 0 0 0 0 1 0
2 37 0 1 0 0 0 0 1 0 0 0 0 1 0
2 38 0 1 0 0 0 0 1 0 0 0 0 1 0
2 39 0 1 0 0 0 0 1 0 0 0 0 1 0
2 40 0 1 0 0 0 0 1 0 0 0 0 1 0
2 41 0 1 0 0 0 0 1 0 0 0 0 1 0
2 42 0 1 0 0 0 0 1 0 0 0 0 1 0
2 43 0 1 0 0 0 0 1 0 0 0 0 1 0
2 44 0 1 0 0 0 0 1 0 0 0 0 1 0
2 45 0 1 0 0 0 0 1 0 0 0 0 1 0
2 46 0 1 0 0 0 0 1 0 0 0 0 1 0
2 47 0 1 0 0 0 0 1 0 0 0 0 1 0
2 48 0 1 0 0 0 0 1 0 0 0 0 1 0
2 49 0 1 0 0 0 0 1 0 0 0 0 1 0
2 50 0 1 0 0 0 0 1 0 0 0 0 1 0
2 51 0 1 0 0 0 0 1 0 0 0 0 1 0
2 52 0 1 0 0 0 0 1 0 0 0 0 1 0
2 53 0 1 0 0 0 0 1 0 0 0 0 1 0
2 54 0 1 0 0 0 0 1 0 0 0 0 1 0
2 55 0 1 0 0 0 0 1 0 0 0 0 1 0
2 56 0 1 0 0 0 0 1 0 0 0 0 1 0
2 57 0 1 0 0 0 0 1 0 0 0 0 1 0
2 58 0 1 0 0 0 0 1 0 0 0 0 1 0
2 59 0 1 0 0 0 0 1 0 0 0 0 1 0
2 60 0 1 0 0 0 0 1 0 0 0 0 1 0
2 61 0 1 0 0 0 0 1 0 0 0 0 1 0
2 62 0 1 0 0 0 0 1 0 0 0 0 1 0
2 63 0 1 0 0 0 0 1 0 0 0 0 1 0
2 64 0 1 0 0 0 0 1 0 0 0 0 1 0
2 65 0 1 0 0 0 0 1 0 0 0 0 1 0
2 66 0 1 0 0 0 0 1 0 0 0 0 1 0
2 67 0 1 0 0 0 0 1 0 0 0 0 1 0
2 68 0 1 0 0 0 0 1 0 0 0 0 1 0
2 69 0 1 0 0 0 0 1 0 0 0 0 1 0
2 70 0 1 0 0 0 0 1 0 0 0 0 1 0
2 71 0 1 0 0 0 0 1 0 0 0 0 1 0
2 72 0 1 0 0 0 0 1 0 0 0 0 1 0
2 73 0 1 0 0 0 0 1 0 0 0 0 1 0
2 74 0 1 0 0 0 0 1 0 0 0 0 1 0
2 75 0 1 0 0 0 0 1 0 0 0 0 1 0
2 76 0 1 0 0 0 0 1 0 0 0 0 1 0
2 77 0 1 0 0 0 0 1 0 0 0 0 1 0
2 78 0 1 0 0 0 0 1 0 0 0 0 1 0
2 79 0 1 0 0 0 0 1 0 0 0 0 1 0
2 80 0 1 0 0 0 0 1 0 0 0 0 1 0
2 81 0 1 0 0 0 0 1 0 0 0 0 1 0
2 82 0 1 0 0 0 0 1 0 0 0 0 1 0
2 83 0 1 0 0 0 0 1 0 0 0 0 1 0
2 84 0 1 0 0 0 0 1 0 0 0 0 1 0
2 85 0 1 0 0 0 0 1 0 0 0 0 1 0
2 86 0 1 0 0 0 0 1 0 0 0 0 1 0
2 87 0 1 0 0 0 0 1 0 0 0 0 1 0
2 88 0 1 0 0 0 0 1 0 0 0 0 1 0
2 89 0 1 0 0 0 0 1 0 0 0 0 1 0
2 90 0 1 0 0 0 0 1 0 0 0 0 1 0
2 91 0 1 0 0 0 0 1 0 0 0 0 1 0
2 92 0 1 0 0 0 0 1 0 0 0 0 1 0
2 93 0 1 0 0 0 0 1 0 0 0 0 1 0
2 94 0 1 0 0 0 0 1 0 0 0 0 1 0
2 95 0 1 0 0 0 0 1 0 0 0 0 1 0
2 96 0 1 0 0 0 0 1 0 0 0 0 1 0
2 97 0 1 0 0 0 0 1 0 0 0 0 1 0
2 98 0 1 0 0 0 0 1 0 0 0 0 1 0
2 99 0 1 0 0 0 0 1 0 0 0 0 1 0
2 100 0 1 0 0 0 0 1 0 0 0 0 1 0
2 101 0 1 0 0 0 0 1 0 0 0 0 1 0
2 102 0 1 0 0 0 0 1 0 0 0 0 1 0
2 103 0 1 0 0 0 0 1 0 0 0 0 1 0
2 104 0 1 0 0 0 0 1 0 0 0 0 1 0
2 105 0 1 0 0 0 0 1 0 0 0 0 1 0
2 106 0 1 0 0 0 0 1 0 0 0 0 1 0
2 107 0 1 0 0 0 0 1 0 0 0 0 1 0
2 108 0 1 0 0 0 0 1 0 0 0 0 1 0
2 109 0 1 0 0 0 0 1 0 0 0 0 1 0
2 110 0 1 0 0 0 0 1 0 0 0 0 1 0
2 111 0 1 0 0 0 0 1 0 0 0 0 1 0
2 112 0 1 0 0 0 0 1 0 0 0 0 1 0
2 113 0 1 0 0 0 0 1 0 0 0 0 1 0
2 114 0 1 0 0 0 0 1 0 0 0 0 1 0
2 115 0 1 0 0 0 0 1 0 0 0 0 1 0
2 116 0 1 0 0 0 0 1 0 0 0 0 1 0
2 117 0 1 0 0 0 0 1 0 0 0 0 1 0
2 118 0 1 0 0 0 0 1 0 0 0 0 1 0
2 119 0 1 0 0 0 0 1 0 0 0 0 1 0
2 120 0 1 0 0 0 0 1 0 0 0 0 1 0
2 121 0 1 0 0 0 0 1 0 0 0 0 1 0
2 122 0 1 0 0 0 0 1 0 0 0 0 1 0
2 123 0 1 0 0 0 0 1 0 0 0 0 1 0
2 124 0 1 0 0 0 0 1 0 0 0 0 1 0
2 125 0 1 0 0 0 0 1 0 0 0 0 1 0
2 126 0 1 0 0 0 0 1 0 0 0 0 1 0
2 127 0 1 0 0 0 0 1 0 0 0 0 1 0
2 128 0 1 0 0 0 0 1 0 0 0 0 1 0
2 129 0 1 0 0 0 0 1 0 0 0 0 1 0
2 130 0 1 0 0 0 0 1 0 0 0 0 1 0
2 131 0 1 0 0 0 0 1 0 0 0 0 1 0
2 132 0 1 0 0 0 0 1 0 0 0 0 1 0
2 133 0 1 0 0 0 0 1 0 0 0 0 1 0
2 134 0 1 0 0 0 0 1 0 0 0 0 1 0
2 135 0 1 0 0 0 0 1 0 0 0 0 1 0
2 136 0 1 0 0 0 0 1 0 0 0 0 1 0
2 137 0 1 0 0 0 0 1 0 0 0 0 1 0
2 138 0 1 0 0 0 0 1 0 0 0 0 1 0
2 139 41 0.954826 -0.0573978 0.29157 -0.154495 0.0237921 0.992785 0.117524 0.0819468 -0.296212 -0.105277 0.949302 -0.984589
2 140 95 0.982161 -0.0412901 0.183452 0.219806 0.0144857 0.989309 0.145113 0.0666471 -0.187483 -0.139867 0.972259 -0.973264
2 141 100 0.93662 -0.234389 0.260393 0.0639905 0.198575 0.967492 0.156611 0.150504 -0.288636 -0.0949773 0.952717 -0.986536
2 142 79 0.959541 -0.216021 0.180601 0.150237 0.198694 0.973949 0.10929 0.208366 -0.199505 -0.0689843 0.977466 -0.966443
2 143 67 0.946994 -0.292933 0.13188 0.0430583 0.278601 0.953271 0.116858 0.174317 -0.159949 -0.0739221 0.984354 -0.983748
2 144 249 0.980484 -0.191301 0.0453293 0.0385923 0.18789 0.979668 0.0703466 0.197432 -0.0578651 -0.0604568 0.996492 -0.979557
2 145 446 0.99044 0.0266732 -0.135344 0.337451 -0.0207353 0.998768 0.0450944 0.182145 0.13638 -0.0418568 0.989772 -0.923553
2 146 625 0.985015 0.0827112 -0.151343 0.424649 -0.0770844 0.99611 0.0426859 0.155257 0.154285 -0.03038 0.987559 -0.891946
2 147 655 0.972501 0.166231 -0.163123 0.395452 -0.147655 0.981715 0.120137 0.00702813 0.180111 -0.0927472 0.979264 -0.91846
2 148 722 0.920466 0.215075 -0.326319 0.876124 -0.182315 0.974841 0.128246 -0.0520744 0.345692 -0.0585528 0.93652 -0.479265
2 149 630 0.884078 0.280942 -0.373467 0.920345 -0.231001 0.957383 0.173365 -0.225282 0.406257 -0.0669973 0.9113 -0.319709
2 150 300 0.905625 0.29832 -0.301411 0.949356 -0.280357 0.954431 0.102275 -0.197349 0.318187 -0.00812027 0.947993 -0.244493
2 151 302 0.904894 0.287787 -0.313603 0.956421 -0.275063 0.95765 0.0851277 -0.212166 0.32482 0.00922892 0.945731 -0.200611
2 152 150 0.858622 0.314511 -0.404786 0.959576 -0.317352 0.946274 0.0620779 -0.264801 0.402563 0.0751582 0.912302 -0.0953635
2 153 91 0.929437 0.299557 -0.215436 0.972367 -0.313383 0.949076 -0.0323429 -0.223635 0.194777 0.0975748 0.975982 -0.0670128
2 154 59 0.52026 0.427037 -0.739574 0.934852 -0.356363 0.89556 0.266418 -0.316315 0.776103 0.12495 0.618104 0.161234
2 155 51 0.960482 0.173087 0.217979 -0.0565267 -0.15971 0.984102 -0.077698 -0.290661 -0.227962 0.0398142 0.972856 0.955155
2 156 87 0.655713 0.385152 -0.649382 0.934302 -0.372869 0.913086 0.165052 -0.250774 0.656512 0.133908 0.742334 0.253363
2 157 105 0.863923 0.394982 -0.312451 0.930948 -0.353597 0.917492 0.182147 -0.362273 0.358616 -0.0468789 0.932307 0.0457573
2 158 110 0.72763 0.360532 -0.583586 0.948142 -0.262755 0.932345 0.24838 -0.263558 0.633652 -0.0273888 0.773133 0.17766
2 159 92 0.937242 0.301127 -0.175784 0.948217 -0.271702 0.946691 0.173074 -0.257754 0.218531 -0.114451 0.969095 0.185601
2 160 114 0.838274 0.351004 -0.417245 0.966612 -0.256824 0.929213 0.265716 -0.238863 0.480977 -0.115584 0.869081 0.0927688
2 161 149 0.82933 0.322988 -0.455949 0.974965 -0.232747 0.941529 0.243622 -0.200489 0.507977 -0.0959222 0.856013 0.0961682
2 162 36 0.982467 0.185768 0.0158008 0.290483 -0.18635 0.97585 0.113972 -0.146574 0.00575307 -0.114918 0.993358 0.945588
2 163 126 0.883996 0.319379 -0.341393 0.954926 -0.238514 0.936183 0.25821 -0.283232 0.402073 -0.14683 0.903758 -0.0888636
2 164 141 0.980228 0.197801 0.00522247 0.482156 -0.197343 0.975352 0.0987185 -0.0119086 0.0144328 -0.0977973 0.995102 -0.876005
2 165 223 0.980262 0.197254 -0.013321 0.47482 -0.194147 0.973166 0.12351 -0.0257869 0.0373264 -0.118486 0.992254 -0.879705
2 166 249 0.900562 0.248579 -0.356646 0.910491 -0.190475 0.963073 0.190287 -0.0874009 0.390777 -0.103433 0.914656 -0.404186
2 167 281 0.91482 0.255475 -0.312787 0.8655 -0.209002 0.962199 0.174619 -0.0517645 0.345574 -0.0943716 0.933634 -0.498227
2 168 350 0.913171 0.224591 -0.340113 0.851551 -0.170841 0.968553 0.180884 -0.0158634 0.370042 -0.107073 0.922824 -0.524032
2 169 509 0.983316 0.14203 -0.113652 0.527013 -0.125574 0.982044 0.140785 -0.0136785 0.131607 -0.124165 0.983495 -0.849747
2 170 544 0.996905 0.0643409 -0.0451707 0.237372 -0.0559947 0.984456 0.166467 0.0169069 0.0551792 -0.163422 0.985012 -0.971272
2 171 559 0.994 0.0318888 -0.10463 0.300327 -0.0184038 0.99168 0.127401 0.180998 0.107823 -0.124711 0.986317 -0.936506
2 172 598 0.984654 0.0826851 -0.153687 0.341302 -0.0588628 0.986385 0.153557 0.127454 0.164292 -0.142154 0.976115 -0.931272
3 4 1820 0.99656 0.035631 -0.0748216 0.998109 -0.0356207 0.999364 0.0014726 -0.0510357 0.0748265 0.00119767 0.997196 0.0342587
3 5 1591 0.996127 0.0476974 -0.0738632 0.996906 -0.0491069 0.998642 -0.0173841 0.0356794 0.0729338 0.0209439 0.997117 0.0700373
3 6 1223 0.990214 0.059203 -0.126379 0.99069 -0.0590625 0.998242 0.00486145 0.0152946 0.126445 0.00265039 0.99197 0.135278
3 7 889 0.986982 0.0550329 -0.151122 0.986506 -0.059284 0.997958 -0.0237675 -0.0670754 0.149505 0.0324172 0.988229 0.149358
3 8 587 0.976379 0.0803991 -0.20055 0.997376 -0.0840612 0.996412 -0.00979753 -0.0653654 0.199043 0.0264246 0.979634 -0.0311062
3 9 388 0.968125 0.11208 -0.22399 0.989429 -0.119695 0.992596 -0.0206654 0.013122 0.220016 0.0468171 0.974372 -0.144421
3 10 220 0.937994 0.153794 -0.310667 0.983687 -0.154845 0.987706 0.0214353 0.0444634 0.310145 0.0279991 0.950277 -0.174308
3 11 164 0.909784 0.20185 -0.362698 0.976054 -0.19013 0.979392 0.0681365 0.0147053 0.368977 0.00697045 0.929412 -0.217033
3 12 102 0.831617 0.244681 -0.498543 0.99279 -0.253263 0.966018 0.0516475 0.0439336 0.494238 0.0833116 0.865325 -0.111523
3 13 58 0.984471 0.175448 0.00588463 -0.201275 -0.175518 0.984365 0.0148264 0.195131 -0.00319136 -0.015629 0.999873 -0.959902
3 14 30 0.976069 0.215831 -0.0265861 -0.237618 -0.214626 0.975793 0.0420065 0.240783 0.0350088 -0.0352952 0.998764 -0.941043
3 15 17 0.997747 0.064287 -0.0191711 -0.256461 -0.0639513 0.997797 0.0176388 0.180927 0.0202628 -0.0163731 0.999661 -0.94947
3 16 22 0.890601 0.337261 0.305097 -0.529237 -0.191826 0.88684 -0.420377 0.815793 -0.412349 0.315863 0.854517 0.233217
3 17 0 1 0 0 0 0 1 0 0 0 0 1 0
3 18 0 1 0 0 0 0 1 0 0 0 0 1 0
3 19 0 1 0 0 0 0 1 0 0 0 0 1 0
3 20 0 1 0 0 0 0 1 0 0 0 0 1 0
3 21 0 1 0 0 0 0 1 0 0 0 0 1 0
3 22 0 1 0 0 0 0 1 0 0 0 0 1 0
3 23 0 1 0 0 0 0 1 0 0 0 0 1 0
3 24 0 1 0 0 0 0 1 0 0 0 0 1 0
3 25 0 1 0 0 0 0 1 0 0 0 0 1 0
3 26 0 1 0 0 0 0 1 0 0 0 0 1 0
3 27 0 1 0 0 0 0 1 0 0 0 0 1 0
3 28 0 1 0 0 0 0 1 0 0 0 0 1 0
3 29 0 1 0 0 0 0 1 0 0 0 0 1 0
3 30 0 1 0 0 0 0 1 0 0 0 0 1 0
3 31 0 1 0 0 0 0 1 0 0 0 0 1 0
3 32 0 1 0 0 0 0 1 0 0 0 0 1 0
3 33 0 1 0 0 0 0 1 0 0 0 0 1 0
3 34 0 1 0 0 0 0 1 0 0 0 0 1 0
3 35 0 1 0 0 0 0 1 0 0 0 0 1 0
3 36 0 1 0 0 0 0 1 0 0 0 0 1 0
3 37 0 1 0 0 0 0 1 0 0 0 0 1 0
3 38 0 1 0 0 0 0 1 0 0 0 0 1 0
3 39 0 1 0 0 0 0 1 0 0 0 0 1 0
3 40 0 1 0 0 0 0 1 0 0 0 0 1 0
3 41 0 1 0 0 0 0 1 0 0 0 0 1 0
3 42 0 1 0 0 0 0 1 0 0 0 0 1 0
3 43 0 1 0 0 0 0 1 0 0 0 0 1 0
3 44 0 1 0 0 0 0 1 0 0 0 0 1 0
3 45 0 1 0 0 0 0 1 0 0 0 0 1 0
3 46 0 1 0 0 0 0 1 0 0 0 0 1 0
3 47 0 1 0 0 0 0 1 0 0 0 0 1 0
3 48 0 1 0 0 0 0 1 0 0 0 0 1 0
3 49 0 1 0 0 0 0 1 0 0 0 0 1 0
3 50 0 1 0 0 0 0 1 0 0 0 0 1 0
3 51 0 1 0 0 0 0 1 0 0 0 0 1 0
3 52 0 1 0 0 0 0 1 0 0 0 0 1 0
3 53 0 1 0 0 0 0 1 0 0 0 0 1 0
3 54 0 1 0 0 0 0 1 0 0 0 0 1 0
3 55 0 1 0 0 0 0 1 0 0 0 0 1 0
3 56 0 1 0 0 0 0 1 0 0 0 0 1 0
3 57 0 1 0 0 0 0 1 0 0 0 0 1 0
3 58 0 1 0 0 0 0 1 0 0 0 0 1 0
3 59 0 1 0 0 0 0 1 0 0 0 0 1 0
3 60 0 1 0 0 0 0 1 0 0 0 0 1 0
3 61 0 1 0 0 0 0 1 0 0 0 0 1 0
3 62 0 1 0 0 0 0 1 0 0 0 0 1 0
3 63 0 1 0 0 0 0 1 0 0 0 0 1 0
3 64 0 1 0 0 0 0 1 0 0 0 0 1 0
3 65 0 1 0 0 0 0 1 0 0 0 0 1 0
3 66 0 1 0 0 0 0 1 0 0 0 0 1 0
3 67 0 1 0 0 0 0 1 0 0 0 0 1 0
3 68 0 1 0 0 0 0 1 0 0 0 0 1 0
3 69 0 1 0 0 0 0 1 0 0 0 0 1 0
3 70 0 1 0 0 0 0 1 0 0 0 0 1 0
3 71 0 1 0 0 0 0 1 0 0 0 0 1 0
3 72 0 1 0 0 0 0 1 0 0 0 0 1 0
3 73 0 1 0 0 0 0 1 0 0 0 0 1 0
3 74 0 1 0 0 0 0 1 0 0 0 0 1 0
3 75 0 1 0 0 0 0 1 0 0 0 0 1 0
3 76 0 1 0 0 0 0 1 0 0 0 0 1 0
3 77 0 1 0 0 0 0 1 0 0 0 0 1 0
3 78 0 1 0 0 0 0 1 0 0 0 0 1 0
3 79 0 1 0 0 0 0 1 0 0 0 0 1 0
3 80 0 1 0 0 0 0 1 0 0 0 0 1 0
3 81 0 1 0 0 0 0 1 0 0 0 0 1 0
3 82 0 1 0 0 0 0 1 0 0 0 0 1 0
3 83 0 1 0 0 0 0 1 0 0 0 0 1 0
3 84 0 1 0 0 0 0 1 0 0 0 0 1 0
3 85 0 1 0 0 0 0 1 0 0 0 0 1 0
3 86 0 1 0 0 0 0 1 0 0 0 0 1 0
3 87 0 1 0 0 0 0 1 0 0 0 0 1 0
3 88 0 1 0 0 0 0 1 0 0 0 0 1 0
3 89 0 1 0 0 0 0 1 0 0 0 0 1 0
3 90 0 1 0 0 0 0 1 0 0 0 0 1 0
3 91 0 1 0 0 0 0 1 0 0 0 0 1 0
3 92 0 1 0 0 0 0 1 0 0 0 0 1 0
3 93 0 1 0 0 0 0 1 0 0 0 0 1 0
3 94 0 1 0 0 0 0 1 0 0 0 0 1 0
3 95 0 1 0 0 0 0 1 0 0 0 0 1 0
3 96 0 1 0 0 0 0 1 0 0 0 0 1 0
3 97 0 1 0 0 0 0 1 0 0 0 0 1 0
3 98 0 1 0 0 0 0 1 0 0 0 0 1 0
3 99 0 1 0 0 0 0 1 0 0 0 0 1 0
3 100 0 1 0 0 0 0 1 0 0 0 0 1 0
3 101 0 1 0 0 0 0 1 0 0 0 0 1 0
3 102 0 1 0 0 0 0 1 0 0 0 0 1 0
3 103 0 1 0 0 0 0 1 0 0 0 0 1 0
3 104 0 1 0 0 0 0 1 0 0 0 0 1 0
3 105 0 1 0 0 0 0 1 0 0 0 0 1 0
3 106 0 1 0 0 0 0 1 0 0 0 0 1 0
3 107 0 1 0 0 0 0 1 0 0 0 0 1 0
3 108 0 1 0 0 0 0 1 0 0 0 0 1 0
3 109 0 1 0 0 0 0 1 0 0 0 0 1 0
3 110 0 1 0 0 0 0 1 0 0 0 0 1 0
3 111 0 1 0 0 0 0 1 0 0 0 0 1 0
3 112 0 1 0 0 0 0 1 0 0 0 0 1 0
3 113 0 1 0 0 0 0 1 0 0 0 0 1 0
3 114 0 1 0 0 0 0 1 0 0 0 0 1 0
3 115 0 1 0 0 0 0 1 0 0 0 0 1 0
3 116 0 1 0 0 0 0 1 0 0 0 0 1 0
3 117 0 1 0 0 0 0 1 0 0 0 0 1 0
3 118 0 1 0 0 0 0 1 0 0 0 0 1 0
3 119 0 1 0 0 0 0 1 0 0 0 0 1 0
3 120 0 1 0 0 0 0 1 0 0 0 0 1 0
3 121 0 1 0 0 0 0 1 0 0 0 0 1 0
3 122 0 1 0 0 0 0 1 0 0 0 0 1 0
3 123 0 1 0 0 0 0 1 0 0 0 0 1 0
3 124 0 1 0 0 0 0 1 0 0 0 0 1 0
3 125 0 1 0 0 0 0 1 0 0 0 0 1 0
3 126 0 1 0 0 0 0 1 0 0 0 0 1 0
3 127 0 1 0 0 0 0 1 0 0 0 0 1 0
3 128 0 1 0 0 0 0 1 0 0 0 0 1 0
3 129 0 1 0 0 0 0 1 0 0 0 0 1 0
3 130 0 1 0 0 0 0 1 0 0 0 0 1 0
3 131 0 1 0 0 0 0 1 0 0 0 0 1 0
3 132 0 1 0 0 0 0 1 0 0 0 0 1 0
3 133 0 1 0 0 0 0 1 0 0 0 0 1 0
3 134 0 1 0 0 0 0 1 0 0 0 0 1 0
3 135 0 1 0 0 0 0 1 0 0 0 0 1 0
3 136 0 1 0 0 0 0 1 0 0 0 0 1 0
3 137 0 1 0 0 0 0 1 0 0 0 0 1 0
3 138 0 1 0 0 0 0 1 0 0 0 0 1 0
3 139 32 0.998065 0.055774 0.0274724 0.350449 -0.0567887 0.997676 0.0376546 0.188087 -0.0253084 -0.0391419 0.998913 -0.917502
3 140 91 0.972205 -0.0867827 0.217452 0.0890182 0.0615464 0.990832 0.120263 0.1514 -0.225895 -0.103537 0.968634 -0.984456
3 141 102 0.945265 -0.200613 0.25735 0.0455941 0.165772 0.974564 0.150813 0.138201 -0.281059 -0.0998971 0.954477 -0.989354
3 142 114 0.938567 -0.285624 0.193679 0.0335268 0.258375 0.953645 0.154287 0.128109 -0.228769 -0.0947666 0.968857 -0.991193
3 143 67 0.918891 -0.320922 0.229453 -0.265762 0.333757 0.942479 -0.0184095 0.489168 -0.210347 0.0934979 0.973146 -0.830713
3 144 221 0.982758 -0.177346 0.0523066 -0.0294808 0.173388 0.982187 0.0724215 0.181244 -0.0642186 -0.0621034 0.996002 -0.982996
3 145 502 0.993039 0.0499781 -0.106655 0.220578 -0.0404893 0.995177 0.0893498 0.0653761 0.110606 -0.0844095 0.990273 -0.973176
3 146 685 0.987195 0.0922171 -0.130162 0.302201 -0.0858417 0.994856 0.0537813 0.130877 0.134452 -0.0419194 0.990033 -0.944217
3 147 702 0.960347 0.186786 -0.206992 0.477846 -0.168827 0.980413 0.101429 0.0925461 0.221883 -0.0624616 0.973071 -0.873555
3 148 792 0.927864 0.207547 -0.309828 0.803476 -0.181562 0.977116 0.110812 0.0262053 0.325736 -0.0465657 0.944313 -0.59476
3 149 722 0.910435 0.281827 -0.30279 0.800934 -0.244292 0.957034 0.156231 -0.201516 0.33381 -0.068269 0.940165 -0.563823
3 150 418 0.918502 0.316914 -0.236473 0.851467 -0.297839 0.947854 0.113424 -0.246913 0.260088 -0.0337496 0.964995 -0.462643
3 151 371 0.908298 0.287976 -0.303421 0.961133 -0.283255 0.957136 0.0604833 -0.150937 0.307833 0.0310087 0.950935 -0.231172
3 152 143 0.892294 0.308547 -0.329559 0.963916 -0.320663 0.947014 0.0184259 -0.219719 0.317783 0.0892361 0.943955 -0.150299
3 153 65 0.959044 0.279517 0.0458808 0.280562 -0.274751 0.957355 -0.0893471 -0.371539 -0.0688983 0.073082 0.994943 0.885011
3 154 70 0.904678 0.343361 -0.252311 0.969416 -0.349502 0.936688 0.0215411 -0.223714 0.243733 0.0686955 0.967406 -0.100922
3 155 100 0.758284 0.432452 -0.487842 0.929166 -0.391431 0.900428 0.189767 -0.359614 0.521332 0.0470596 0.852055 0.085607
3 156 76 0.781341 0.41709 -0.464265 0.945105 -0.388558 0.907229 0.161114 -0.315368 0.488394 0.0545091 0.870919 0.085556
3 157 96 0.871556 0.395497 -0.28978 0.940526 -0.36198 0.917688 0.163767 -0.329615 0.330697 -0.0378373 0.942978 -0.0822502
3 158 113 0.8262 0.348539 -0.442622 0.956156 -0.286775 0.936439 0.202095 -0.263351 0.484926 -0.0400377 0.873638 0.12811
3 159 58 0.954719 0.297134 -0.0149083 0.281014 -0.29252 0.946671 0.135077 -0.15388 0.0542492 -0.1246 0.990723 0.947287
3 160 120 0.85202 0.335481 -0.401887 0.980792 -0.259214 0.93732 0.232895 -0.180087 0.454829 -0.0942566 0.885577 0.0749436
3 161 147 0.839 0.3452 -0.420614 0.973289 -0.25572 0.932462 0.255191 -0.227695 0.480298 -0.106546 0.87061 -0.0293763
3 162 104 0.84793 0.368759 -0.380831 0.94884 -0.273614 0.919757 0.281393 -0.315311 0.454038 -0.1344 0.880787 -0.0167677
3 163 138 0.960168 0.279383 -0.0047387 0.582673 -0.27503 0.947932 0.160574 -0.175572 0.0493537 -0.152875 0.987012 -0.793516
3 164 174 0.901958 0.267315 -0.339138 0.967631 -0.225277 0.961303 0.158579 -0.13464 0.368405 -0.0666311 0.927275 -0.213453
3 165 242 0.8908 0.27236 -0.363724 0.953396 -0.218299 0.958545 0.18313 -0.130609 0.398523 -0.083731 0.913328 -0.271988
3 166 257 0.958237 0.203856 -0.20056 0.690835 -0.179196 0.974585 0.134436 0.073979 0.222868 -0.092882 0.970414 -0.719218
3 167 310 0.895022 0.280276 -0.34696 0.881202 -0.216884 0.953223 0.210541 -0.131928 0.38974 -0.113189 0.913943 -0.453958
3 168 379 0.964641 0.197375 -0.174674 0.501798 -0.170399 0.972625 0.158001 0.0676322 0.201078 -0.12265 0.971867 -0.862337
3 169 600 0.978803 0.154817 -0.134074 0.524697 -0.134516 0.979622 0.149148 -0.0303166 0.154433 -0.127952 0.979683 -0.850749
3 170 546 0.994457 0.0718107 -0.0768058 0.267847 -0.0608372 0.988738 0.136734 0.120247 0.0857597 -0.131303 0.987626 -0.955928
3 171 560 0.991833 0.0514392 -0.11671 0.284126 -0.0340148 0.988603 0.146654 0.124736 0.122923 -0.141486 0.982279 -0.950638
3 172 617 0.989552 0.0913571 -0.111542 0.150516 -0.0700255 0.980789 0.182067 0.0379231 0.126033 -0.172354 0.976939 -0.98788
4 5 1734 0.999906 0.0137053 -7.87585e-05 0.979336 -0.0137038 0.999668 -0.0218137 0.157201 -0.000220231 0.0218127 0.999762 0.127236
4 6 1396 0.998849 0.0272385 -0.0394884 0.991996 -0.0267597 0.999562 0.0126055 -0.0399059 0.0398144 -0.0115343 0.999141 0.119799
4 7 1036 0.998258 0.0185393 -0.056008 0.971188 -0.0197774 0.99957 -0.0216331 -0.104251 0.0555829 0.0227031 0.998196 0.214301
4 8 699 0.993098 0.0429296 -0.109147 0.998384 -0.0454617 0.998749 -0.0208164 -0.0548506 0.108117 0.0256347 0.993808 -0.0148285
4 9 452 0.996223 0.0719827 -0.0485545 0.946646 -0.0725799 0.997306 -0.0106487 -0.0268904 0.0476572 0.0141326 0.998764 -0.321152
