0 1 690 0.999843 0.0101458 -0.014533 0.981001 -0.0101099 0.999946 0.00253652 0.10925 0.014558 -0.00238919 0.999891 0.160317
0 2 2711 0.999624 0.00898577 -0.0258873 0.902345 -0.0087785 0.999929 0.00810911 -0.217571 0.0259583 -0.00787881 0.999632 0.37207
0 3 2420 0.999196 0.00905437 -0.0390617 0.961691 -0.00866668 0.999912 0.0100828 -0.130797 0.0391495 -0.00973614 0.999186 0.240919
0 4 2040 0.993239 0.0379452 -0.109714 0.969142 -0.0369151 0.999253 0.0114051 -0.115634 0.110065 -0.00727786 0.993898 0.2177
0 5 1426 0.993049 0.0536733 -0.104752 0.978938 -0.0549098 0.998451 -0.00895397 -0.0446661 0.10411 0.0146437 0.994458 0.199212
0 6 903 0.987392 0.0629711 -0.145229 0.980494 -0.0613611 0.997995 0.0155439 -0.0442467 0.145916 -0.00643652 0.989276 0.191502
0 7 712 0.987038 0.0532654 -0.151392 0.973862 -0.0572167 0.998122 -0.0218615 -0.0780755 0.149943 0.0302403 0.988232 0.213299
0 8 543 0.976332 0.0801592 -0.200874 0.996019 -0.0831819 0.996512 -0.00663889 -0.080671 0.199641 0.0231909 0.979595 0.0379142
0 9 419 0.969211 0.110228 -0.220182 0.995759 -0.116158 0.99313 -0.0141312 -0.0140699 0.217112 0.0392721 0.975356 -0.090919
0 10 248 0.98795 0.0114464 0.154351 0.116115 0.034028 0.956798 -0.288756 0.955196 -0.150988 0.290529 0.944879 -0.272245
0 11 242 0.90267 0.185399 -0.388347 0.996914 -0.182405 0.982197 0.0449274 0.0371479 0.389763 0.0302816 0.920417 -0.0691605
0 12 209 0.75365 0.302443 -0.583557 0.994922 -0.267233 0.952145 0.148348 -0.0931384 0.600498 0.0441436 0.798407 -0.0381376
0 13 96 0.985271 0.127342 0.114128 0.156306 -0.129773 0.991443 0.0141003 0.227088 -0.111356 -0.0287033 0.993366 -0.961249
0 14 76 0.984894 0.137929 0.104685 0.163302 -0.141875 0.989393 0.0311933 0.201074 -0.099272 -0.0455743 0.994016 -0.965868
0 15 97 0.981018 0.100088 0.16609 0.1294 -0.106217 0.993937 0.0284175 0.295322 -0.162238 -0.0455197 0.985701 -0.946594
0 16 138 0.984579 0.0939602 0.147567 0.161713 -0.0315093 0.924973 -0.378725 0.945694 -0.17208 0.368235 0.913669 -0.281978
0 17 51 0.948773 0.0440782 0.312869 -0.0310672 -0.0728818 0.994048 0.0809682 0.305614 -0.307438 -0.0996229 0.946339 -0.951648
0 18 163 0.936322 -0.0685554 0.344386 -0.037388 -0.13064 0.842344 0.522867 -0.968342 -0.325937 -0.534562 0.779749 0.246813
0 19 103 -0.808854 0.512079 -0.289016 0.0929251 0.532324 0.846482 0.0100102 0.120446 0.249773 -0.145753 -0.957272 0.988361
0 20 55 0.309501 0.858953 0.407931 0.322466 -0.886629 0.415717 -0.202653 0.388258 -0.343653 -0.298963 0.890238 0.863291
0 21 100 -0.6929 -0.151718 -0.704891 0.446631 -0.199212 0.97984 -0.0150746 0.121796 0.692968 0.129977 -0.709156 0.886389
0 22 87 -0.166783 -0.84504 -0.508026 0.00279805 -0.922656 0.315449 -0.221807 0.134496 0.347693 0.43174 -0.832292 0.99091
0 23 87 -0.931967 -0.0531418 0.358628 -0.199169 0.0272336 0.976142 0.215418 -0.0840977 -0.361519 0.210529 -0.908285 0.97635
0 24 113 0.00578586 -0.903224 -0.42913 0.162079 -0.793342 0.257095 -0.551824 0.281824 0.608748 0.34364 -0.715079 0.945677
0 25 127 -0.777846 0.585519 0.228305 -0.242024 0.584088 0.539469 0.606477 -0.264657 0.23194 0.605096 -0.761619 0.933478
0 26 113 -0.588804 -0.11613 0.79989 -0.165584 -0.416319 0.891828 -0.176977 0.170931 -0.692812 -0.437215 -0.573459 0.971269
0 27 100 -0.951792 0.213203 0.220537 -0.0805228 0.220093 0.975455 0.00685901 0.0182136 -0.213662 0.055067 -0.975354 0.996586
0 28 96 0.201902 -0.738269 -0.64358 0.355245 -0.778421 0.277832 -0.562913 0.187281 0.594388 0.614629 -0.518589 0.91582
0 29 58 0.96606 0.0921119 0.241339 -0.316619 -0.108641 0.992498 0.0560755 -0.135147 -0.234363 -0.0803917 0.968819 0.938876
0 30 93 -0.446327 -0.569608 0.690173 -0.543971 -0.746861 0.661958 0.0633357 -0.106072 -0.492942 -0.487195 -0.720867 0.832373
0 31 125 0.875235 -0.186261 0.446397 -0.177382 -0.413069 -0.768 0.489438 -0.37545 0.25167 -0.612766 -0.749119 0.90971
0 32 143 0.218715 0.50463 -0.835172 0.7271 -0.587656 0.751393 0.300114 -0.234926 0.778989 0.425155 0.46089 0.645086
0 33 97 0.995803 -0.0550091 0.0731436 -0.111852 -0.0634809 -0.990856 0.11906 -0.113503 0.0659254 -0.123204 -0.990189 0.987221
0 34 50 0.454251 -0.885917 -0.0938522 0.150652 0.875468 0.463418 -0.137108 0.264143 0.164959 -0.0198831 0.9861 -0.952645
0 35 43 0.758844 0.240831 0.605108 -0.0475977 -0.393361 0.909985 0.13113 0.179177 -0.519059 -0.337533 0.78527 0.982665
0 36 44 0.982063 -0.187 -0.0241413 0.314486 0.186498 0.944533 0.270326 0.169986 -0.0277486 -0.26998 0.962466 0.933918
0 37 42 -0.804166 0.535699 0.257571 -0.322827 -0.590175 -0.77119 -0.238664 0.206993 0.0707837 -0.343937 0.936321 -0.923546
0 38 48 0.497292 0.855379 0.14501 -0.0360859 -0.8649 0.475644 0.160347 -0.35591 0.0681845 -0.205158 0.976351 -0.933823
0 39 39 -0.307582 -0.927552 -0.212227 0.0445403 0.887687 -0.360036 0.287031 -0.247325 -0.342646 -0.100106 0.934116 -0.967908
0 40 44 0.938267 0.244746 -0.244449 0.394171 -0.257497 0.966048 -0.0211278 0.059126 0.230978 0.0827684 0.969432 -0.917133
0 41 87 0.898947 -0.325916 -0.292699 0.210209 -0.276817 -0.940499 0.197064 -0.131097 -0.339509 -0.0961258 -0.935678 0.968827
0 42 31 -0.925931 -0.159027 -0.342582 -0.136862 0.140842 -0.986994 0.0774945 0.0364601 -0.350451 0.0235045 0.936286 0.989919
0 43 51 0.257051 -0.962912 0.0820108 -0.00351616 0.966343 0.255204 -0.0324425 0.284219 0.0103098 0.08759 0.996103 -0.958753
0 44 33 -0.500041 -0.838455 0.216683 -0.194449 0.860831 -0.508547 0.0187236 0.0462594 0.0944943 0.19589 0.976063 0.979821
0 45 89 -0.16075 -0.581919 -0.797201 0.174334 -0.441129 -0.680184 0.585453 -0.0787595 -0.882929 0.44578 -0.147362 0.981532
0 46 39 -0.998748 -0.00324691 -0.049915 0.301048 0.00595301 -0.998514 -0.0541616 0.0762874 -0.049665 -0.0543909 0.997284 -0.950553
0 47 71 0.973796 -0.156328 -0.165176 -0.0654635 -0.162138 -0.986518 -0.0222169 0.0390885 -0.159476 0.0484161 -0.986014 0.997089
0 48 79 0.98291 -0.106017 0.150496 -0.0137938 -0.0480318 -0.936896 -0.346294 0.0271759 0.177712 0.333147 -0.925976 0.999535
0 49 43 -0.942461 0.134173 -0.306212 0.0607873 -0.0274217 -0.94387 -0.329176 -0.0507119 -0.333191 -0.301838 0.89324 0.996862
0 50 56 0.975616 0.217625 -0.0284988 -0.365742 -0.213287 0.970683 0.110826 -0.334296 0.0517819 -0.102045 0.993431 -0.868607
0 51 67 -0.75673 -0.647199 -0.0921545 0.415554 0.642709 -0.762319 0.0761234 -0.24256 -0.119518 -0.00162358 0.992831 -0.87663
0 52 48 -0.80017 0.534949 -0.271214 0.355735 -0.48345 -0.842898 -0.236217 0.283131 -0.35497 -0.0578954 0.933083 -0.890668
0 53 31 0.134788 -0.92111 -0.365225 0.293938 0.954661 0.219456 -0.201153 -0.192941 0.265434 -0.321553 0.908927 -0.936149
0 54 66 0.251464 -0.91843 0.305373 -0.232224 -0.921331 -0.13049 0.366227 0.0603045 -0.296506 -0.373442 -0.878991 0.970791
0 55 86 0.570155 -0.821005 0.0295799 0.0436561 -0.700469 -0.50463 -0.50467 0.0786138 0.429263 0.26702 -0.862806 0.995949
0 56 85 0.83056 0.197597 -0.520697 0.381918 0.23975 -0.970733 0.0140443 -0.0592477 -0.502683 -0.136501 -0.853626 0.922295
0 57 28 -0.649514 0.744506 -0.154408 0.0696888 -0.6588 -0.652431 -0.374588 -0.0304234 -0.379624 -0.141576 0.914244 -0.997105
0 58 85 0.252927 0.955665 -0.150769 0.171122 0.931227 -0.282737 -0.229949 0.186762 -0.262382 -0.0822399 -0.961453 0.967387
0 59 42 -0.435325 -0.864568 0.251026 0.0055687 0.857654 -0.483045 -0.176345 0.138189 0.273719 0.138526 0.951782 0.99039
0 60 104 -0.981151 -0.129682 -0.143267 0.0242052 -0.110379 0.984631 -0.135344 0.185188 0.158617 -0.11698 -0.980386 0.982405
0 61 110 -0.549527 -0.782584 0.292544 -0.0699704 0.124841 0.269306 0.954929 -0.202576 -0.826096 0.561281 -0.0502925 0.976764
0 62 92 0.757627 0.488367 0.43301 -0.283488 0.481789 -0.866019 0.133758 -0.0408672 0.440318 0.10728 -0.891409 0.958105
0 63 87 -0.660222 -0.609946 0.438261 -0.445007 -0.505096 0.792431 0.341952 -0.213132 -0.555864 0.00440034 -0.831262 0.869795
0 64 42 0.102759 0.993922 0.0394966 -0.0133806 -0.994463 0.101775 0.0261698 -0.313669 0.021991 -0.0419672 0.998877 0.949438
0 65 77 -0.782034 0.537781 -0.314983 0.267621 0.616277 0.742583 -0.262246 -0.0791768 0.0928698 -0.399202 -0.912147 0.960266
0 66 95 -0.30346 0.912702 -0.273655 0.151084 0.920524 0.206649 -0.33156 0.048022 -0.246065 -0.352521 -0.902874 0.987354
0 67 35 0.960371 0.234109 -0.151263 0.0179595 -0.256244 0.955109 -0.148678 0.244551 0.109666 0.181547 0.977248 -0.96947
0 68 63 0.878898 0.230195 0.41779 -0.268778 0.356684 -0.898699 -0.255181 0.24488 0.316726 0.373297 -0.871971 0.931554
0 69 83 -0.809729 -0.0866412 0.580373 -0.7641 0.108428 -0.9941 0.00287256 0.349413 0.5767 0.0652546 0.814346 -0.542274
0 70 82 -0.509644 -0.618346 -0.598257 0.376715 -0.579538 0.760647 -0.292491 0.172152 0.635923 0.197646 -0.746015 0.910192
0 71 92 -0.554277 -0.803377 -0.217627 0.0814184 -0.75894 0.380468 0.528446 -0.297063 -0.341741 0.458071 -0.8206 0.951381
0 72 32 0.193349 0.965415 0.174899 0.201366 -0.967797 0.158378 0.195668 -0.0851984 0.161201 -0.207099 0.964948 0.975804
0 73 46 0.874495 -0.0225008 0.484513 -0.47601 0.0784513 0.992332 -0.0955125 0.10431 -0.478648 0.121536 0.869554 -0.873232
0 74 66 -0.270262 -0.921575 0.278672 -0.327134 -0.840279 0.367069 0.398987 -0.36233 -0.469988 -0.126331 -0.873585 0.872754
0 75 38 -0.98195 -0.11492 -0.150226 0.022712 0.12559 -0.990044 -0.0635543 -0.272363 -0.141427 -0.081274 0.986607 -0.961927
0 76 44 0.96649 -0.240534 -0.0896697 -0.00718808 0.256035 0.928465 0.269069 -0.261948 0.0185348 -0.283011 0.958937 -0.965055
0 77 32 -0.949418 0.201755 0.240625 0.337215 -0.260227 -0.934388 -0.243313 0.0407157 0.175748 -0.293623 0.939627 0.940547
0 78 85 -0.832205 0.502659 -0.234025 0.278908 0.525879 0.849326 -0.0457982 0.132412 0.175743 -0.161182 -0.971151 0.951145
0 79 56 -0.0211241 -0.99936 -0.0288764 -0.0471918 0.997917 -0.0228368 0.0603295 -0.378663 -0.0609503 -0.0275418 0.997761 -0.924331
0 80 37 0.895507 0.42617 0.128243 0.00355405 -0.431323 0.902087 0.0141097 0.193888 -0.109673 -0.0679493 0.991642 -0.981017
0 81 33 0.846977 -0.53086 -0.0285971 0.192092 0.511693 0.799439 0.31475 -0.176359 -0.144226 -0.281218 0.948744 -0.9654
0 82 44 -0.979962 0.189128 0.0624829 -0.278683 -0.184868 -0.980399 0.0681363 -0.0992435 0.0741446 0.0552199 0.995717 -0.955241
0 83 86 0.283777 0.740886 0.608736 -0.394282 0.831575 -0.506241 0.22848 -0.0879633 0.477445 0.441372 -0.759762 0.91477
0 84 49 -0.149116 -0.984953 0.0873561 -0.361705 0.986285 -0.154474 -0.058136 0.167362 0.0707555 0.077489 0.994479 -0.917148
0 85 34 -0.0621653 -0.973797 -0.21876 0.067053 0.937095 -0.132383 0.322999 -0.330077 -0.343495 -0.184919 0.920769 -0.94157
0 86 93 -0.625331 -0.780263 -0.0122492 -0.476872 0.744576 -0.591884 -0.308676 0.453042 0.233599 -0.202145 0.951088 -0.753224
0 87 128 -0.688622 0.338003 -0.641524 0.43462 -0.291632 0.680911 0.671797 -0.271261 0.66389 0.649703 -0.370318 0.858792
0 88 100 -0.52692 -0.150935 -0.836405 0.431475 -0.0565233 0.988149 -0.14271 0.178875 0.848033 -0.0279202 -0.529207 0.884213
0 89 103 -0.811755 0.389795 -0.434873 0.269997 0.123491 0.842379 0.524546 -0.134021 0.570793 0.3721 -0.731941 0.953488
0 90 49 0.519981 0.735753 0.433922 -0.336856 -0.67889 0.664275 -0.312805 0.526755 -0.518391 -0.131932 0.844905 -0.780421
0 91 38 0.868967 0.491898 0.054162 -0.14859 -0.492306 0.870398 -0.00644547 -0.304427 -0.050313 -0.0210634 0.998511 -0.940875
0 92 32 -0.973371 0.192264 -0.124831 0.307842 -0.173209 -0.973567 -0.148883 0.170214 -0.150156 -0.123296 0.980944 -0.936088
0 93 73 -0.853554 -0.418272 0.310635 0.0974842 -0.386732 0.90817 0.160203 -0.128769 -0.349118 0.0166096 -0.936932 0.986872
0 94 74 0.638695 -0.674629 0.37006 -0.324529 -0.647402 -0.731076 -0.215404 0.0878477 0.41586 -0.102 -0.903691 0.941788
0 95 96 0.0739799 -0.993947 -0.0812201 0.0387028 -0.850959 -0.105384 0.514552 -0.354201 -0.519996 0.0310485 -0.853604 0.934368
0 96 39 0.954888 -0.268129 0.127654 0.141283 0.28175 0.953821 -0.104131 -0.0148238 -0.0938386 0.1354 0.986337 -0.989858
0 97 25 -0.566215 -0.569574 -0.595807 -0.272869 0.692647 -0.720625 0.0306505 0.123904 -0.446811 -0.395329 0.802543 0.954039
0 98 43 0.891909 -0.188451 0.411077 -0.346133 0.160668 0.981778 0.101481 -0.0885187 -0.42271 -0.0244649 0.905935 -0.934
0 99 50 0.967391 -0.176658 -0.181514 0.294106 0.156904 0.980531 -0.118069 -0.0282158 0.198838 0.0857383 0.976275 0.955356
0 100 81 0.357097 0.854182 0.377962 -0.647412 -0.878227 0.444844 -0.175589 0.242506 -0.318119 -0.269234 0.909018 -0.722529
0 101 55 0.530176 0.839738 -0.117279 0.465576 -0.834549 0.492381 -0.247162 -0.0195392 -0.149805 0.228915 0.961851 -0.884792
0 102 36 0.235536 0.969434 0.0687085 0.147889 -0.954018 0.217145 0.206636 -0.114496 0.1854 -0.114219 0.976002 0.982354
0 103 34 -0.729356 -0.620385 0.288377 -0.0968587 0.597996 -0.782877 -0.171767 -0.313282 0.332326 0.0471687 0.941984 0.944708
0 104 92 -0.0414843 0.798352 0.600761 -0.40757 0.999121 0.0368042 0.0200831 0.151967 -0.00607712 0.601066 -0.799177 0.900441
0 105 93 -0.585016 -0.507882 -0.632307 0.183876 -0.698769 0.711394 0.0751013 -0.177479 0.411677 0.485772 -0.771069 0.966794
0 106 114 0.314956 0.939693 0.133343 -0.145988 -0.847383 0.34169 -0.406436 0.730669 -0.427487 0.015017 0.903897 -0.666941
0 107 85 -0.565578 0.756197 0.32907 -0.26203 0.823735 0.498753 0.26964 -0.156587 0.0397766 0.423569 -0.90499 0.952271
0 108 90 -0.527591 0.83771 0.141031 -0.0878119 0.802058 0.545918 -0.242232 -0.0927557 -0.279911 -0.0146848 -0.959914 0.991809
0 109 82 0.914224 -0.0860016 0.395977 -0.440095 0.0276214 -0.961718 -0.272646 0.187394 0.404266 0.260197 -0.87685 0.87818
0 110 38 0.300951 0.766739 -0.567045 -0.17269 -0.831592 0.502046 0.237495 0.0403488 0.466779 0.400076 0.788706 0.984149
0 111 87 -0.697331 0.670726 0.2527 -0.107816 0.594741 0.738238 -0.318258 0.327016 -0.400016 -0.0716401 -0.913704 0.938848
0 112 27 -0.424169 0.905509 0.0115821 0.0753315 -0.837481 -0.387372 -0.385445 0.0642499 -0.344537 -0.173193 0.922658 -0.995086
0 113 43 0.461907 0.76383 -0.450782 0.430901 -0.826071 0.555526 0.0948556 -0.0798484 0.322875 0.328564 0.88758 -0.89886
0 114 106 -0.562551 0.569968 -0.598894 0.358442 0.548965 0.79916 0.244909 -0.037953 0.618202 -0.190998 -0.76246 0.93278
0 115 57 0.0464031 0.998876 -0.00968894 0.353473 -0.99748 0.0458128 -0.0541673 -0.325185 -0.0536625 0.0121781 0.998485 -0.877104
0 116 111 0.128026 0.900829 -0.414869 0.373355 -0.911759 0.271511 0.308183 -0.223487 0.390262 0.338806 0.8561 0.900366
0 117 130 -0.0269458 -0.205779 0.978227 -0.74596 0.0597377 0.976502 0.207061 -0.116197 -0.99785 0.0640165 -0.0140199 0.655775
0 118 34 0.851189 0.507647 -0.133312 -0.329063 -0.520579 0.848932 -0.0911684 0.112414 0.0668913 0.147001 0.986872 0.937593
0 119 40 0.851653 0.372858 -0.368326 0.0299133 -0.311024 0.925198 0.217424 -0.0180652 0.421842 -0.0706112 0.903915 0.999389
0 120 97 -0.341408 0.919456 0.195044 -0.0928793 0.936347 0.314645 0.15573 -0.132574 0.0818169 0.235796 -0.968352 0.986812
0 121 90 -0.997948 0.0615873 0.0175226 0.152738 0.0640247 0.963728 0.259092 -0.141869 -0.000930295 0.259682 -0.965694 0.978031
0 122 40 0.890885 0.160349 -0.424985 0.297326 -0.231279 0.965387 -0.120578 0.166621 0.390941 0.205711 0.897134 -0.940125
0 123 126 0.954039 0.163232 0.251327 -0.908128 -0.128606 0.980496 -0.148623 0.299541 -0.270685 0.10947 0.956424 -0.292538
0 124 52 0.697321 0.255023 -0.669856 0.549149 -0.234915 0.964258 0.122559 0.0565873 0.677169 0.0718963 0.732306 -0.833806
0 125 112 0.94284 0.259473 -0.20911 -0.426614 -0.279556 0.957389 -0.072495 0.402936 0.181389 0.126809 0.975201 -0.809718
0 126 91 0.883619 0.340592 -0.32127 -0.179944 -0.367833 0.929521 -0.0262617 0.392862 0.289683 0.141379 0.946623 -0.90182
0 127 97 0.8859 0.388672 -0.25321 -0.258103 -0.413398 0.909129 -0.0508508 0.4476 0.210436 0.149725 0.966074 -0.856176
0 128 146 0.865529 0.391395 -0.312522 -0.0888978 -0.445855 0.886373 -0.124722 0.554977 0.228195 0.24729 0.941687 -0.827102
0 129 185 0.899147 0.353255 -0.258353 -0.0749839 -0.38757 0.916919 -0.0951257 0.463938 0.203285 0.185662 0.961356 -0.882688
0 130 154 0.951535 0.250377 -0.178587 -0.148326 -0.270105 0.958032 -0.0960056 0.382611 0.147054 0.13959 0.979229 -0.911926
0 131 198 0.961499 0.24581 -0.12287 -0.165786 -0.260326 0.957946 -0.120704 0.402891 0.0880327 0.148043 0.985055 -0.900108
0 132 248 0.967937 0.231549 -0.0973831 -0.103317 -0.240352 0.966395 -0.0911624 0.331776 0.073002 0.111646 0.991063 -0.937683
0 133 208 0.96921 0.209207 -0.12986 0.0362471 -0.220729 0.971912 -0.0816422 0.308337 0.109132 0.107792 0.988165 -0.950586
0 134 244 0.962676 0.21999 -0.157666 0.137512 -0.22998 0.972013 -0.0479682 0.285956 0.142701 0.0824379 0.986327 -0.948325
0 135 283 0.972367 0.205279 -0.111188 0.132219 -0.202458 0.978621 0.036216 0.214648 0.116245 -0.0127044 0.993139 -0.967701
0 136 241 0.949703 0.225572 -0.217211 0.40753 -0.223704 0.974082 0.0334853 0.226952 0.219135 0.0167898 0.97555 -0.884541
0 137 240 0.971934 0.189335 -0.139632 0.4078 -0.189028 0.981848 0.0155863 0.220431 0.140048 0.0112455 0.990081 -0.886064
0 138 241 0.991846 0.114175 -0.0566218 0.403514 -0.112692 0.993214 0.028741 0.176889 0.0595191 -0.0221259 0.997982 -0.897712
0 139 229 0.99623 0.0367571 0.0785744 0.31749 -0.0394594 0.998672 0.03312 0.203017 -0.0772527 -0.0360956 0.996358 -0.926275
0 140 176 0.983267 -0.0476002 0.17584 0.24263 0.0328541 0.995767 0.0858415 0.193847 -0.179181 -0.0786281 0.980669 -0.950554
0 141 204 0.953521 -0.195052 0.22968 0.162586 0.157522 0.972443 0.171878 0.108468 -0.256876 -0.12771 0.957969 -0.980714
0 142 267 0.94164 -0.287946 0.174361 0.142951 0.265058 0.953533 0.143245 0.171553 -0.207505 -0.0886692 0.974207 -0.974749
0 143 237 0.955215 -0.278648 0.0995949 0.144916 0.265014 0.955303 0.131014 0.152094 -0.13165 -0.0987523 0.986365 -0.977684
0 144 417 0.987566 -0.157088 0.00601475 0.175287 0.155819 0.983222 0.0948467 0.137941 -0.0208131 -0.0927302 0.995474 -0.974806
0 145 625 0.987916 0.0561937 -0.144447 0.404845 -0.0428996 0.994689 0.0935575 0.0565856 0.148937 -0.0862302 0.98508 -0.912633
0 146 675 0.969318 0.106991 -0.221306 0.632982 -0.0974202 0.993791 0.0537526 0.11988 0.225683 -0.0305436 0.973722 -0.764829
0 147 696 0.94421 0.191987 -0.267598 0.72689 -0.16669 0.979343 0.114466 0.0294465 0.284046 -0.0634742 0.956707 -0.686122
0 148 711 0.948418 0.213525 -0.234332 0.711131 -0.185125 0.973062 0.137399 -0.106989 0.257358 -0.0869313 0.962398 -0.694871
0 149 610 0.90135 0.281836 -0.328841 0.898532 -0.238393 0.956776 0.16658 -0.237092 0.361575 -0.0717533 0.929578 -0.369361
0 150 375 0.895135 0.316528 -0.313915 0.951988 -0.291993 0.948392 0.123663 -0.251176 0.336857 -0.0190339 0.941363 -0.175014
0 151 431 0.904594 0.292589 -0.310001 0.969478 -0.28356 0.956026 0.0748907 -0.198029 0.318281 0.020158 0.947782 -0.144555
0 152 298 0.861578 0.318099 -0.395597 0.962099 -0.322884 0.944753 0.05646 -0.27119 0.391701 0.0790872 0.916687 -0.0286562
0 153 109 0.94134 0.30834 0.137136 0.365373 -0.294133 0.948883 -0.114482 0.0419202 -0.165425 0.0674304 0.983914 -0.929917
0 154 225 0.982015 0.168964 0.0842456 0.272517 -0.0714338 0.74555 -0.662611 0.895713 -0.174767 0.644676 0.744211 0.35133
0 155 194 0.803897 0.410825 -0.430085 0.942967 -0.388397 0.910249 0.14351 -0.328726 0.450442 0.0516761 0.891309 0.0524685
0 156 201 0.698597 0.434007 -0.568859 0.916827 -0.382169 0.898459 0.216144 -0.337137 0.604904 0.0664024 0.793525 0.21393
0 157 210 0.831455 0.369901 -0.414556 0.950575 -0.333629 0.929055 0.159837 -0.261976 0.444269 0.00541042 0.895877 0.166659
0 158 146 0.976414 0.213224 -0.0339413 0.85296 -0.210413 0.974971 0.0718194 -0.0417912 0.0484054 -0.0629838 0.99684 -0.520301
0 159 190 0.838824 0.358216 -0.409946 0.95916 -0.279276 0.929531 0.240785 -0.256213 0.467311 -0.0874884 0.879754 0.11986
0 160 219 0.82542 0.36693 -0.429005 0.95774 -0.262509 0.922268 0.283744 -0.262863 0.499771 -0.12159 0.857581 0.116783
0 161 248 0.829574 0.338621 -0.444008 0.968847 -0.241806 0.934574 0.260964 -0.232277 0.503326 -0.109125 0.857178 0.0859233
0 162 224 0.797611 0.359209 -0.484547 0.965358 -0.255908 0.928975 0.267427 -0.236056 0.546194 -0.0893025 0.832885 0.111186
0 163 284 0.873175 0.315406 -0.371598 0.976075 -0.242023 0.942338 0.231138 -0.209513 0.423073 -0.111888 0.899161 -0.0581545
0 164 306 0.884824 0.278974 -0.373176 0.977301 -0.224198 0.957042 0.183864 -0.183883 0.408438 -0.0790217 0.909359 -0.105211
0 165 273 0.906292 0.25511 -0.336978 0.963144 -0.209144 0.963527 0.166955 -0.106783 0.367279 -0.0808332 0.926592 -0.246884
0 166 322 0.904228 0.255533 -0.34216 0.920633 -0.19967 0.961227 0.190197 -0.0926231 0.377495 -0.103662 0.920191 -0.379283
0 167 392 0.911581 0.262738 -0.316209 0.884563 -0.210812 0.959054 0.18914 -0.0895074 0.352956 -0.105756 0.929644 -0.457751
0 168 453 0.936626 0.218814 -0.273592 0.80534 -0.170544 0.966955 0.189508 -0.0460415 0.306018 -0.130838 0.942992 -0.591022
0 169 532 0.97193 0.15448 -0.17745 0.709574 -0.130025 0.981277 0.142086 -0.0150604 0.196077 -0.115025 0.973819 -0.70447
0 170 543 0.991035 0.0791451 -0.107634 0.452806 -0.0615215 0.98549 0.158191 0.0516528 0.118592 -0.150151 0.981525 -0.890111
0 171 626 0.992519 0.03887 -0.115738 0.368611 -0.0211027 0.988316 0.150952 0.11501 0.120254 -0.147381 0.981742 -0.922442
0 172 691 0.985198 0.0980876 -0.140583 0.350394 -0.0720993 0.981149 0.1793 0.0567132 0.15552 -0.16651 0.973698 -0.934884
1 2 2864 0.999779 0.00595211 -0.020183 0.937194 -0.0059636 0.999982 -0.000509096 -0.130946 0.0201796 0.000629347 0.999796 0.323297
1 3 2505 0.999886 -0.00669008 -0.0135542 0.909018 0.00675178 0.999967 0.00451147 -0.214089 0.0135236 -0.00460247 0.999898 0.357563
1 4 2189 0.995051 0.0282006 -0.0952804 0.978622 -0.0282017 0.999601 0.00133545 -0.0755506 0.0952801 0.00135822 0.99545 0.19129
1 5 1508 0.99392 0.043546 -0.101125 0.985237 -0.0451291 0.998891 -0.0134191 -0.0438361 0.100429 0.0179012 0.994783 0.165486
1 6 1038 0.992072 0.0453874 -0.117185 0.979878 -0.0447447 0.998966 0.00811048 -0.0369893 0.117432 -0.00280278 0.993077 0.196141
1 7 742 0.985231 0.0486577 -0.164173 0.978803 -0.0528271 0.99838 -0.0211245 -0.0843225 0.162879 0.0294853 0.986205 0.186638
1 8 568 0.984076 0.0709935 -0.162954 0.994646 -0.0727026 0.997343 -0.00454122 -0.103085 0.162199 0.0163161 0.986623 0.00728584
1 9 475 0.971493 0.104003 -0.213039 0.99567 -0.109874 0.993819 -0.0158746 -0.0221541 0.210071 0.0388295 0.976915 -0.0902808
1 10 248 0.985357 0.0103636 0.17019 0.0817456 0.023545 0.980318 -0.196015 0.903967 -0.168872 0.197152 0.965719 -0.419717
1 11 262 0.905686 0.193759 -0.377082 0.991303 -0.180772 0.981037 0.0699108 -0.00950696 0.383477 0.00484866 0.923537 -0.131255
1 12 129 0.985242 0.0907728 0.145114 0.0968578 -0.0969691 0.994629 0.0361978 0.238906 -0.141049 -0.0497351 0.988753 -0.9662
1 13 121 0.982954 0.109352 0.147793 0.0272133 -0.140974 0.964315 0.224106 -0.427949 -0.118012 -0.241121 0.963293 -0.903393
1 14 84 0.804538 0.563623 0.187211 0.0602475 -0.590346 0.793388 0.148411 -0.335363 -0.0648832 -0.229922 0.971044 -0.940161
1 15 111 0.96547 0.11964 0.231419 -0.0538886 -0.193492 0.924122 0.329484 -0.571862 -0.17444 -0.362884 0.915361 -0.818578
1 16 87 0.955414 0.158472 0.249139 -0.0574418 -0.207245 0.960918 0.183538 -0.369387 -0.210317 -0.226988 0.950917 -0.927499
1 17 57 0.947097 0.0392361 0.318541 -0.0979935 -0.0896004 0.985362 0.145031 -0.233421 -0.308188 -0.1659 0.936748 -0.967425
1 18 50 0.942401 -0.0471926 0.33114 0.107205 -0.00282461 0.988839 0.148964 -0.204718 -0.334474 -0.141319 0.931749 0.972932
1 19 40 -0.42506 -0.902451 -0.0700424 -0.180433 0.902741 -0.428311 0.0401163 0.0460458 -0.0662029 -0.0461783 0.996737 -0.982509
1 20 89 -0.845266 -0.280877 -0.45457 0.225641 -0.348317 0.934751 0.0701121 -0.0577145 0.405217 0.217598 -0.887947 0.972499
1 21 63 0.770155 -0.634443 -0.0659025 0.367339 0.637652 0.768404 0.054361 0.214861 0.0161508 -0.0838892 0.996344 -0.904929
1 22 105 -0.900558 0.382225 -0.207121 0.154482 0.393766 0.919071 -0.0160151 -0.045123 0.184237 -0.0959798 -0.978184 0.986965
1 23 30 0.981053 0.0776737 -0.177488 0.0205598 -0.0928188 0.99257 -0.0786733 0.109149 0.170058 0.0936569 0.980973 -0.993813
1 24 31 0.877237 -0.358922 -0.318794 -0.145004 0.382111 0.92405 0.0111051 -0.13478 0.290596 -0.131557 0.947759 0.980208
1 25 40 0.939238 0.326268 -0.106684 0.280358 -0.319853 0.944649 0.0730206 0.149586 0.124603 -0.0344605 0.991608 -0.948168
1 26 40 0.503427 -0.860001 -0.0834288 -0.154997 0.863471 0.504244 0.0125164 -0.00707918 0.0313043 -0.0783395 0.996435 0.98789
1 27 111 0.48825 0.865738 -0.110049 0.0973888 0.756526 -0.357009 0.547917 -0.156326 0.435064 -0.350775 -0.829263 0.982893
1 28 47 0.522307 0.846528 0.102891 0.190838 -0.808593 0.453312 0.375082 -0.00047435 0.270876 -0.279105 0.921264 0.981621
1 29 37 0.992591 -0.103254 0.064046 0.0233035 0.111506 0.983483 -0.142574 0.085371 -0.0482668 0.148659 0.98771 -0.996077
1 30 41 -0.94885 -0.307678 0.0708302 -0.298447 0.309587 -0.95071 0.0174946 -0.0738765 0.0619563 0.0385279 0.997335 -0.951563
1 31 91 -0.747946 0.646522 0.150283 0.0536463 0.558905 0.735572 -0.382829 0.188345 -0.358052 -0.202341 -0.911514 0.980637
1 32 124 0.727862 0.641217 -0.243019 0.193485 0.460627 -0.719732 -0.519431 0.23237 -0.507977 0.266133 -0.819227 0.953188
1 33 36 0.776322 0.572699 -0.263325 -0.0852794 -0.574886 0.814618 0.07684 -0.0413499 0.258516 0.0917294 0.961642 0.995499
1 34 92 -0.619516 -0.108352 0.77747 -0.650889 -0.342882 0.928299 -0.143849 0.0998485 -0.706138 -0.355697 -0.612248 0.752578
1 35 44 0.665066 0.744081 0.0634814 -0.0508614 -0.745542 0.656656 0.113884 0.26329 0.0430533 -0.123068 0.991464 0.963375
1 36 37 -0.572778 0.739399 0.353857 -0.310403 -0.756563 -0.643008 0.118966 0.14985 0.315496 -0.199574 0.927703 -0.93872
1 37 112 -0.798697 -0.0934911 0.594426 -0.170074 -0.369323 0.856065 -0.361598 0.196822 -0.475061 -0.508342 -0.718265 0.965575
1 38 47 0.89591 -0.443518 0.0252367 0.107586 0.438393 0.873516 -0.211619 0.275477 0.071812 0.200655 0.977026 -0.955268
1 39 109 0.867711 -0.0764634 0.491152 -0.31998 -0.223825 -0.942359 0.248721 -0.104457 0.443824 -0.32575 -0.83481 0.941648
1 40 34 -0.925171 0.0609299 -0.374629 0.301959 -0.0492017 -0.997955 -0.0408012 0.0402874 -0.376349 -0.0193157 0.926277 -0.952469
1 41 110 0.720774 -0.3137 0.618123 -0.33089 -0.543605 -0.809104 0.223257 -0.0507016 0.430091 -0.496933 -0.753711 0.942306
1 42 104 -0.650692 0.173681 -0.739213 -0.109232 0.114375 0.984802 0.130705 0.0200824 0.750679 0.000501042 -0.660667 0.993813
1 43 72 -0.344249 -0.934592 -0.0896096 -0.421454 0.93859 -0.344939 -0.00816611 0.331324 -0.0232779 -0.0869179 0.995943 0.844157
1 44 122 0.731855 0.522368 0.43763 -0.53469 -0.450464 0.852712 -0.264506 0.345094 -0.511342 -0.0035565 0.85937 0.771373
1 45 44 0.215666 0.976075 0.0276747 -0.249761 -0.975494 0.216629 -0.0385215 0.135373 -0.0435951 -0.0186888 0.998874 -0.958798
1 46 135 0.0483867 -0.934181 -0.353502 0.141735 -0.799176 0.176087 -0.574727 0.243272 0.599146 0.31032 -0.738055 0.959547
1 47 36 -0.849654 -0.407112 0.335183 -0.449222 0.493145 -0.838565 0.231553 -0.159587 0.186805 0.362034 0.913256 -0.879052
1 48 94 0.577878 0.794033 -0.188598 -0.0504427 0.790172 -0.60217 -0.114102 0.00191783 -0.204169 -0.0830883 -0.975403 0.998725
1 49 104 0.393806 0.919165 -0.00730413 0.0586161 0.908848 -0.388172 0.152701 -0.0498032 0.137522 -0.0667729 -0.988245 0.997038
1 50 75 0.829339 0.556803 -0.0465579 0.161088 0.518501 -0.797979 -0.307223 0.138894 -0.208215 0.230652 -0.950498 0.977118
1 51 35 0.85641 0.238083 -0.458125 -0.166681 -0.238263 0.969443 0.0584052 0.0889567 0.458031 0.0591355 0.886967 0.98199
1 52 109 0.533071 0.631567 0.56299 -0.261822 0.567853 -0.760351 0.315292 -0.232619 0.627198 0.151623 -0.763959 0.936663
1 53 29 0.837663 0.248955 -0.486151 -0.163812 -0.208386 0.968423 0.136863 0.0995953 0.504872 -0.0133381 0.863091 0.981451
1 54 108 -0.255365 0.946135 -0.199042 0.445104 -0.874648 -0.313801 -0.369485 0.713053 -0.412043 0.0797384 0.907669 -0.541699
1 55 109 0.449358 -0.669174 0.591848 -0.392007 -0.409254 -0.743093 -0.529455 0.286182 0.794096 -0.00430166 -0.607777 0.874317
1 56 111 0.605327 0.571754 0.553784 -0.259158 0.43471 -0.820274 0.371721 -0.212166 0.666788 0.0157229 -0.745082 0.942244
1 57 119 -0.688377 -0.48016 -0.543676 0.352051 -0.53483 0.84232 -0.0667378 0.0370153 0.489994 0.244834 -0.836638 0.935249
1 58 113 -0.795403 -0.363363 0.485078 -0.223942 -0.190975 0.909842 0.368396 -0.187916 -0.575206 0.200386 -0.793085 0.956315
1 59 59 0.199238 0.97741 -0.0705222 0.0055687 -0.941429 0.17093 -0.290678 0.138189 -0.272057 0.124306 0.954219 0.99039
1 60 60 0.366322 0.930471 0.00568536 0.30495 -0.930481 0.366336 -0.00159966 -0.30967 -0.00357119 -0.00470414 0.999983 -0.900616
1 61 149 0.971395 0.0280277 0.23581 -0.22335 0.221286 -0.467148 -0.856041 0.397161 0.0861652 0.883735 -0.459987 0.890156
1 62 79 0.808457 0.513943 0.286809 -0.174044 -0.462168 0.856094 -0.231307 0.289889 -0.364414 0.054448 0.929644 0.941102
1 63 73 0.48961 0.676192 0.550496 -0.113031 0.711556 -0.67475 0.19596 0.0148996 0.503954 0.295765 -0.811513 0.99348
1 64 72 0.89825 -0.437291 0.0438591 -0.105706 -0.439353 -0.891055 0.113973 -0.0841403 -0.0107584 -0.121646 -0.992515 0.990831
1 65 43 -0.941764 -0.0894682 -0.324155 0.229412 0.170323 -0.958072 -0.230407 0.215901 -0.289949 -0.2722 0.917517 -0.949082
1 66 98 0.285859 0.956551 -0.0574023 0.178354 0.908585 -0.251512 0.333489 -0.129609 0.304562 -0.147486 -0.941005 0.975393
1 67 71 0.971151 -0.153053 -0.182867 0.278469 -0.123047 -0.978502 0.165507 -0.164208 -0.204267 -0.138231 -0.969106 0.946304
1 68 62 -0.357869 -0.893067 -0.272691 0.285313 0.889313 -0.41501 0.192065 -0.226713 -0.284696 -0.173774 0.942736 -0.931235
1 69 31 0.622735 -0.754219 0.208217 -0.252672 0.771767 0.635887 -0.004844 -0.265953 -0.128749 0.163712 0.978071 -0.930283
1 70 102 -0.36712 -0.68917 -0.624714 0.366601 -0.928326 0.229156 0.292741 -0.164495 -0.0585914 0.68741 -0.723903 0.915721
1 71 97 0.91205 -0.410052 0.00472608 0.111298 -0.283531 -0.638881 -0.715151 0.279071 0.296268 0.650914 -0.698954 0.953799
1 72 104 0.446918 -0.860326 -0.245162 0.319501 -0.692719 -0.159415 -0.703369 0.287325 0.566044 0.484176 -0.667209 0.902975
1 73 53 -0.189402 -0.950959 0.244549 -0.475678 0.943916 -0.107735 0.312116 0.104067 -0.270463 0.289949 0.91803 -0.873442
1 74 82 0.971545 -0.163925 -0.170964 0.540293 0.119489 0.962439 -0.24379 0.269591 0.204506 0.216424 0.95464 -0.797122
1 75 34 0.816159 0.559623 0.143901 -0.397556 -0.559616 0.703501 0.438083 -0.265009 0.143927 -0.438074 0.887342 -0.878475
1 76 93 0.855598 0.070386 -0.512833 0.492234 0.345961 -0.8147 0.465376 -0.039904 -0.385049 -0.575595 -0.721407 0.869548
1 77 98 0.172678 0.935255 -0.308999 0.335812 0.780896 -0.321189 -0.535761 0.1987 -0.60032 -0.148781 -0.785799 0.920733
1 78 81 0.878981 0.420634 -0.224631 0.282873 0.400145 -0.906845 -0.132351 0.132619 -0.259377 0.0264487 -0.965414 0.949945
1 79 41 0.98714 -0.00368775 0.159815 -0.326472 -0.00937955 0.996675 0.0809338 -0.0712574 -0.159582 -0.081392 0.983824 -0.942517
1 80 129 0.42172 -0.883758 -0.202789 0.0888472 -0.630597 -0.125157 -0.765952 0.506514 0.651536 0.450896 -0.610077 0.857642
1 81 42 0.969953 -0.150776 0.190941 -0.0566062 0.171563 0.980348 -0.0973872 0.147816 -0.172505 0.127219 0.976759 -0.987394
1 82 97 0.637502 0.648156 -0.416515 0.0402193 0.703151 -0.710436 -0.0293216 -0.137663 -0.314912 -0.27418 -0.908656 0.989662
1 83 56 -0.992192 -0.0424259 -0.117283 -0.297901 0.0481152 -0.997777 -0.04611 -0.17274 -0.115066 -0.051393 0.992028 -0.938838
1 84 121 -0.682453 0.437934 0.585211 -0.172641 0.320905 0.898867 -0.298426 0.277937 -0.656718 -0.0158645 -0.75397 0.944958
1 85 83 -0.465836 0.712363 0.524915 -0.351764 0.785489 0.606043 -0.125379 -0.0859263 -0.407436 0.353909 -0.841869 0.932137
1 86 110 -0.0757621 0.905413 0.417718 -0.206566 0.915397 0.229256 -0.330892 0.34401 -0.395358 0.357308 -0.846181 0.915963
1 87 78 -0.786994 0.424382 -0.447818 0.350709 0.281554 0.892899 0.351367 -0.164208 0.54897 0.150438 -0.822192 0.921975
1 88 97 -0.504237 -0.768854 -0.393204 0.395747 -0.767786 0.190724 0.611661 -0.262027 -0.395284 0.610318 -0.686485 0.880185
1 89 81 -0.870365 0.199031 -0.45039 0.361093 0.0826695 0.960751 0.264806 -0.212504 0.485418 0.193245 -0.852658 0.907995
1 90 50 -0.774579 0.620578 0.122108 -0.202183 -0.610125 -0.78402 0.114284 -0.283403 0.166657 0.0140206 0.985915 -0.937446
1 91 78 0.896968 -0.425562 0.119773 -0.143153 -0.352298 -0.851719 -0.387892 0.186094 0.267085 0.305731 -0.91389 0.972047
1 92 36 0.823222 0.497033 0.274343 0.271718 -0.442583 0.864513 -0.238197 0.166597 -0.355565 0.0746701 0.931664 -0.947848
1 93 60 0.916611 0.185265 -0.35426 0.584286 -0.161286 0.982194 0.096341 -0.0212222 0.365801 -0.03117 0.930171 -0.81127
1 94 53 0.768256 0.363774 0.526736 -0.499991 0.458467 -0.886936 -0.0561484 -0.0302199 0.446756 0.284627 -0.848173 0.865503
1 95 98 -0.773802 -0.541646 0.328406 -0.204689 -0.606184 0.783636 -0.135847 0.0616107 -0.18377 -0.304193 -0.934717 0.976886
1 96 46 -0.209847 0.97712 0.034662 0.219417 -0.918601 -0.184889 -0.349267 0.273237 -0.334867 -0.105133 0.936382 -0.936588
1 97 40 0.96728 0.240102 -0.0819804 -0.0914549 -0.245486 0.967325 -0.0634 0.109719 0.0640792 0.0814506 0.994615 -0.989746
1 98 39 0.92099 -0.318131 -0.22488 0.054579 0.326649 0.945146 0.00071268 -0.161909 0.212317 -0.0741131 0.974386 0.985295
1 99 105 0.665798 0.556326 0.497206 -0.225766 0.483174 -0.829256 0.28085 -0.29591 0.568555 0.0532483 -0.82092 0.928153
1 100 42 0.799456 -0.485964 0.353142 -0.287532 0.400727 0.869367 0.289169 -0.176439 -0.447535 -0.0896642 0.88976 -0.941379
1 101 120 -0.844855 0.350164 -0.404482 -0.115533 0.0852175 0.834475 0.544417 -0.319841 0.528165 0.425484 -0.73485 0.940401
1 102 96 0.445536 -0.895261 -0.00231538 -0.0659769 -0.892256 -0.444249 0.0807632 0.136835 -0.0733327 -0.033917 -0.996731 0.988394
1 103 145 0.232408 -0.883686 -0.406307 0.16741 -0.650072 0.169599 -0.740705 0.362905 0.72346 0.436274 -0.535043 0.916664
1 104 123 0.352326 -0.755165 -0.552804 0.231504 -0.929011 -0.353629 -0.109019 -0.000326423 -0.113161 0.551971 -0.826149 0.972834
1 105 62 -0.914247 0.365302 -0.175232 0.14615 -0.334521 -0.924608 -0.182194 0.349007 -0.228577 -0.107952 0.967522 0.925653
1 106 42 -0.362377 0.894136 -0.263066 0.249053 -0.918743 -0.390178 -0.0605959 0.0345673 -0.156824 0.219732 0.962873 0.967873
1 107 90 -0.365218 -0.705189 0.607721 -0.252298 0.8462 -0.523584 -0.0990239 0.0532729 0.388024 0.478088 0.787953 0.966182
1 108 91 -0.583591 0.669828 0.459076 -0.329214 0.692284 0.705886 -0.149891 0.0268177 -0.424457 0.230336 -0.875661 0.943874
1 109 37 -0.475216 -0.87958 -0.022556 -0.163669 0.879735 -0.47454 -0.0296462 0.185577 0.0153725 -0.0339316 0.999306 -0.968903
1 110 44 -0.890317 -0.452868 -0.0473912 0.149925 0.445544 -0.887904 0.114531 -0.296338 -0.0939462 0.0808538 0.992289 -0.943243
1 111 39 -0.995221 0.0413574 0.0884562 0.242787 -0.0459741 -0.99765 -0.050807 -0.126419 0.0861471 -0.0546309 0.994783 -0.961807
1 112 43 -0.0607494 -0.973383 -0.220985 0.354733 0.967607 -0.00307787 -0.252441 -0.129822 0.245042 -0.229162 0.94204 -0.925911
1 113 42 -0.982738 0.0666812 0.172569 -0.289167 -0.0262168 -0.973567 0.226891 0.229158 0.183137 0.21845 0.958509 0.929446
1 114 87 0.866033 0.358545 -0.348472 0.632946 -0.330402 0.933496 0.139355 -0.152482 0.375262 -0.00555013 0.926902 -0.759032
1 115 57 -0.898236 -0.237111 -0.370069 0.349066 0.236274 -0.970484 0.0483224 -0.1709 -0.370604 -0.0440328 0.927747 -0.921383
1 116 64 -0.229727 -0.9571 -0.176596 -0.0358223 0.934885 -0.267453 0.233364 -0.286405 -0.270584 -0.111487 0.956219 -0.957439
1 117 99 -0.741219 0.185221 0.645203 -0.388156 0.358636 0.921768 0.147391 -0.00243558 -0.567428 0.340642 -0.749659 0.921591
1 118 130 0.876809 0.252641 0.409119 -0.584447 -0.246715 0.966685 -0.0682013 0.135836 -0.412719 -0.0411362 0.909929 0.799982
1 119 45 0.93552 -0.108258 -0.336277 -0.152162 0.0997787 0.994104 -0.0424492 0.155558 0.33889 0.00615879 0.940806 0.976037
1 120 139 0.22646 0.236017 0.944993 -0.80611 -0.119925 0.969573 -0.213417 0.130432 -0.96661 -0.0649977 0.247873 0.577212
1 121 107 -0.995038 -0.0562733 -0.0820488 -0.0186178 -0.0444242 0.989198 -0.139694 0.0491212 0.0890235 -0.135356 -0.98679 0.998619
1 122 48 0.98435 0.0833337 -0.155279 -0.0237447 -0.0898719 0.995318 -0.0355609 0.167346 0.151589 0.0489596 0.98723 -0.985612
1 123 109 0.480771 0.278951 -0.831291 0.937644 -0.245437 0.952962 0.177832 -0.0875371 0.841795 0.118533 0.526622 -0.336395
1 124 146 0.618211 0.123246 0.77629 -0.956377 0.0105053 0.986247 -0.164945 0.184419 -0.785942 0.110126 0.608414 0.226569
1 125 91 0.86759 0.333135 -0.369199 -0.0918407 -0.367544 0.929674 -0.0248391 0.406394 0.33496 0.157247 0.929018 -0.90907
1 126 174 0.865653 0.329584 0.376855 -0.75936 -0.0294999 0.785011 -0.618779 0.647569 -0.499775 0.52453 0.68927 0.0634529
1 127 132 0.868328 0.409638 -0.279649 -0.198139 -0.43008 0.902695 -0.0131313 0.397253 0.247059 0.131674 0.960012 -0.896064
1 128 156 0.911505 0.362621 -0.194073 -0.274286 -0.399758 0.892065 -0.210745 0.61653 0.0967056 0.269677 0.958083 -0.73801
1 129 173 0.907823 0.354617 -0.223841 -0.134267 -0.377213 0.923741 -0.0664249 0.417748 0.183216 0.144738 0.972359 -0.898587
1 130 184 0.941893 0.277427 -0.189399 -0.118284 -0.298567 0.949792 -0.0935602 0.384725 0.153933 0.144672 0.977433 -0.915421
1 131 202 0.958051 0.238834 -0.158416 -0.105323 -0.260706 0.955848 -0.135599 0.422763 0.119036 0.171211 0.978017 -0.900099
1 132 247 0.972305 0.22304 -0.069829 -0.154955 -0.228795 0.969343 -0.0895918 0.323017 0.0477057 0.103087 0.993528 -0.933621
1 133 239 0.972512 0.211433 -0.0975576 -0.0263831 -0.220059 0.971491 -0.0882049 0.316914 0.0761269 0.107249 0.991313 -0.948087
1 134 272 0.962938 0.213962 -0.16423 0.140849 -0.227759 0.971187 -0.0701528 0.317149 0.144488 0.104958 0.983924 -0.937858
1 135 273 0.966403 0.203761 -0.156675 0.20806 -0.205539 0.978637 0.00494579 0.261796 0.154335 0.027423 0.987638 -0.94243
1 136 255 0.971962 0.204847 -0.115448 0.215811 -0.198126 0.977879 0.0670767 0.160439 0.126634 -0.0423227 0.991046 -0.963164
1 137 259 0.975217 0.184673 -0.121853 0.371704 -0.180973 0.982639 0.0408573 0.165486 0.127282 -0.0177926 0.991707 -0.913483
1 138 264 0.995022 0.099543 0.00468942 0.286819 -0.0995997 0.994929 0.0140235 0.20046 -0.0032697 -0.0144208 0.999891 -0.936777
1 139 242 0.995151 0.0336352 0.0924268 0.287404 -0.0386298 0.997858 0.0527921 0.157749 -0.0904532 -0.0561066 0.994319 -0.94473
1 140 195 0.981572 -0.0651089 0.179656 0.227959 0.0483465 0.994191 0.0961563 0.17548 -0.184873 -0.0856986 0.979019 -0.957727
1 141 193 0.952138 -0.201703 0.229674 0.160396 0.177666 0.976607 0.121136 0.196839 -0.248735 -0.074533 0.9657 -0.967227
1 142 280 0.940572 -0.282858 0.187927 0.116926 0.266661 0.957828 0.107036 0.235667 -0.210278 -0.0505623 0.976333 -0.964774
1 143 261 0.948586 -0.289104 0.12885 0.0764021 0.271242 0.9523 0.139833 0.116844 -0.16313 -0.0976938 0.981756 -0.990207
1 144 424 0.986571 -0.16311 0.00854007 0.163667 0.161581 0.982289 0.0948715 0.123295 -0.0238633 -0.0922176 0.995453 -0.978781
1 145 648 0.990309 0.0455229 -0.131209 0.363169 -0.0371955 0.997176 0.0652346 0.126256 0.133808 -0.059722 0.989206 -0.923129
1 146 685 0.982318 0.0893934 -0.164498 0.485751 -0.0804965 0.994948 0.0599924 0.0940728 0.16903 -0.0456901 0.984551 -0.86902
1 147 697 0.959899 0.172435 -0.221041 0.609934 -0.153242 0.982977 0.101351 0.0651414 0.234755 -0.0634143 0.969984 -0.78977
1 148 750 0.931454 0.205105 -0.300542 0.852534 -0.172749 0.976237 0.130843 -0.0813276 0.320237 -0.0699554 0.944751 -0.516305
1 149 674 0.891172 0.272275 -0.362876 0.932777 -0.228349 0.960375 0.1598 -0.204578 0.392007 -0.0595465 0.918033 -0.296774
1 150 439 0.896249 0.312448 -0.314822 0.946793 -0.288082 0.949743 0.122459 -0.255781 0.337263 -0.0190595 0.941218 -0.195344
1 151 441 0.909272 0.289597 -0.298928 0.956619 -0.277742 0.957115 0.0824074 -0.226609 0.309973 0.00809409 0.950711 -0.183109
1 152 319 0.866919 0.307485 -0.392307 0.964401 -0.315225 0.947884 0.0463547 -0.260169 0.386115 0.0834793 0.918666 -0.0473582
1 153 192 0.851811 0.39087 -0.348768 0.916819 -0.374574 0.919899 0.116107 -0.392432 0.366215 0.0317381 0.929989 -0.0737533
1 154 257 0.974898 0.193599 0.10997 0.294937 -0.102467 0.828613 -0.550365 0.901694 -0.197673 0.525281 0.82765 0.316165
