0 1 413 0.999937 0.0107431 0.00320341 -0.218091 -0.0107545 0.999936 0.00356092 0.0641904 -0.00316494 -0.00359515 0.999989 0.973815
0 2 4268 0.9998 0.0127425 -0.0154124 0.789264 -0.0127437 0.999919 2.18115e-05 -0.0326366 0.0154115 0.000174604 0.999881 0.613186
0 3 4144 0.999163 0.00212213 -0.0408513 0.959327 -0.00186745 0.999979 0.00627138 -0.0896541 0.0408637 -0.00618984 0.999146 0.267683
0 4 3787 0.994424 0.0379231 -0.0983984 0.946155 -0.0363137 0.999177 0.0180957 -0.213326 0.0990036 -0.0144216 0.994983 0.243479
0 5 2769 0.994363 0.0544547 -0.0909788 0.97742 -0.0550119 0.998479 -0.00362564 -0.0900648 0.090643 0.00861012 0.995846 0.191149
0 6 2043 0.989697 0.0577722 -0.131008 0.980581 -0.055866 0.998273 0.0181825 -0.0600805 0.131832 -0.0106763 0.991215 0.186685
0 7 1595 0.986878 0.047501 -0.154324 0.971326 -0.0521656 0.998292 -0.0263163 -0.0646921 0.15281 0.0340214 0.98767 0.228782
0 8 1093 0.981058 0.0784745 -0.177105 0.995479 -0.0802957 0.996766 -0.00312812 -0.0907598 0.176287 0.0172896 0.984187 0.0279935
0 9 792 0.971576 0.115189 -0.206811 0.993811 -0.117985 0.993015 -0.00119479 -0.0503924 0.205229 0.0255614 0.97838 -0.0989944
0 10 189 0.982543 0.0217737 0.184759 -0.0678442 -0.0258995 0.999466 0.0199469 -0.248426 -0.184225 -0.0243838 0.982582 0.966272
0 11 318 0.947493 0.182663 -0.262471 0.971751 -0.172878 0.983107 0.0601097 0.0178512 0.269017 -0.0115782 0.963066 -0.235331
0 12 137 0.930267 0.252026 -0.266618 0.962282 -0.23808 0.96761 0.0839598 -0.0351467 0.279143 -0.0146287 0.960138 -0.269775
0 13 69 0.998071 0.0523356 0.0333878 -0.382671 -0.0543108 0.996641 0.0612877 -0.0907906 -0.0300682 -0.0629828 0.997562 -0.919413
0 14 0 1 0 0 0 0 1 0 0 0 0 1 0
0 15 0 1 0 0 0 0 1 0 0 0 0 1 0
0 16 0 1 0 0 0 0 1 0 0 0 0 1 0
0 17 0 1 0 0 0 0 1 0 0 0 0 1 0
0 18 47 0.967699 0.0488688 0.247328 0.130632 0.109724 0.801609 -0.587694 0.929533 -0.22698 0.595848 0.770354 0.344824
0 19 0 1 0 0 0 0 1 0 0 0 0 1 0
0 20 0 1 0 0 0 0 1 0 0 0 0 1 0
0 21 0 1 0 0 0 0 1 0 0 0 0 1 0
0 22 0 1 0 0 0 0 1 0 0 0 0 1 0
0 23 0 1 0 0 0 0 1 0 0 0 0 1 0
0 24 0 1 0 0 0 0 1 0 0 0 0 1 0
0 25 0 1 0 0 0 0 1 0 0 0 0 1 0
0 26 0 1 0 0 0 0 1 0 0 0 0 1 0
0 27 0 1 0 0 0 0 1 0 0 0 0 1 0
0 28 0 1 0 0 0 0 1 0 0 0 0 1 0
0 29 0 1 0 0 0 0 1 0 0 0 0 1 0
0 30 0 1 0 0 0 0 1 0 0 0 0 1 0
0 31 0 1 0 0 0 0 1 0 0 0 0 1 0
0 32 0 1 0 0 0 0 1 0 0 0 0 1 0
0 33 0 1 0 0 0 0 1 0 0 0 0 1 0
0 34 0 1 0 0 0 0 1 0 0 0 0 1 0
0 35 0 1 0 0 0 0 1 0 0 0 0 1 0
0 36 0 1 0 0 0 0 1 0 0 0 0 1 0
0 37 0 1 0 0 0 0 1 0 0 0 0 1 0
0 38 0 1 0 0 0 0 1 0 0 0 0 1 0
0 39 0 1 0 0 0 0 1 0 0 0 0 1 0
0 40 0 1 0 0 0 0 1 0 0 0 0 1 0
0 41 0 1 0 0 0 0 1 0 0 0 0 1 0
0 42 0 1 0 0 0 0 1 0 0 0 0 1 0
0 43 0 1 0 0 0 0 1 0 0 0 0 1 0
0 44 0 1 0 0 0 0 1 0 0 0 0 1 0
0 45 0 1 0 0 0 0 1 0 0 0 0 1 0
0 46 0 1 0 0 0 0 1 0 0 0 0 1 0
0 47 0 1 0 0 0 0 1 0 0 0 0 1 0
0 48 0 1 0 0 0 0 1 0 0 0 0 1 0
0 49 0 1 0 0 0 0 1 0 0 0 0 1 0
0 50 0 1 0 0 0 0 1 0 0 0 0 1 0
0 51 0 1 0 0 0 0 1 0 0 0 0 1 0
0 52 0 1 0 0 0 0 1 0 0 0 0 1 0
0 53 0 1 0 0 0 0 1 0 0 0 0 1 0
0 54 0 1 0 0 0 0 1 0 0 0 0 1 0
0 55 0 1 0 0 0 0 1 0 0 0 0 1 0
0 56 0 1 0 0 0 0 1 0 0 0 0 1 0
0 57 0 1 0 0 0 0 1 0 0 0 0 1 0
0 58 0 1 0 0 0 0 1 0 0 0 0 1 0
0 59 0 1 0 0 0 0 1 0 0 0 0 1 0
0 60 0 1 0 0 0 0 1 0 0 0 0 1 0
0 61 0 1 0 0 0 0 1 0 0 0 0 1 0
0 62 0 1 0 0 0 0 1 0 0 0 0 1 0
0 63 0 1 0 0 0 0 1 0 0 0 0 1 0
0 64 0 1 0 0 0 0 1 0 0 0 0 1 0
0 65 0 1 0 0 0 0 1 0 0 0 0 1 0
0 66 0 1 0 0 0 0 1 0 0 0 0 1 0
0 67 0 1 0 0 0 0 1 0 0 0 0 1 0
0 68 0 1 0 0 0 0 1 0 0 0 0 1 0
0 69 0 1 0 0 0 0 1 0 0 0 0 1 0
0 70 0 1 0 0 0 0 1 0 0 0 0 1 0
0 71 0 1 0 0 0 0 1 0 0 0 0 1 0
0 72 0 1 0 0 0 0 1 0 0 0 0 1 0
0 73 0 1 0 0 0 0 1 0 0 0 0 1 0
0 74 0 1 0 0 0 0 1 0 0 0 0 1 0
0 75 0 1 0 0 0 0 1 0 0 0 0 1 0
0 76 0 1 0 0 0 0 1 0 0 0 0 1 0
0 77 0 1 0 0 0 0 1 0 0 0 0 1 0
0 78 0 1 0 0 0 0 1 0 0 0 0 1 0
0 79 0 1 0 0 0 0 1 0 0 0 0 1 0
0 80 0 1 0 0 0 0 1 0 0 0 0 1 0
0 81 0 1 0 0 0 0 1 0 0 0 0 1 0
0 82 0 1 0 0 0 0 1 0 0 0 0 1 0
0 83 0 1 0 0 0 0 1 0 0 0 0 1 0
0 84 0 1 0 0 0 0 1 0 0 0 0 1 0
0 85 0 1 0 0 0 0 1 0 0 0 0 1 0
0 86 0 1 0 0 0 0 1 0 0 0 0 1 0
0 87 0 1 0 0 0 0 1 0 0 0 0 1 0
0 88 0 1 0 0 0 0 1 0 0 0 0 1 0
0 89 0 1 0 0 0 0 1 0 0 0 0 1 0
0 90 0 1 0 0 0 0 1 0 0 0 0 1 0
0 91 0 1 0 0 0 0 1 0 0 0 0 1 0
0 92 0 1 0 0 0 0 1 0 0 0 0 1 0
0 93 0 1 0 0 0 0 1 0 0 0 0 1 0
0 94 0 1 0 0 0 0 1 0 0 0 0 1 0
0 95 0 1 0 0 0 0 1 0 0 0 0 1 0
0 96 0 1 0 0 0 0 1 0 0 0 0 1 0
0 97 0 1 0 0 0 0 1 0 0 0 0 1 0
0 98 0 1 0 0 0 0 1 0 0 0 0 1 0
0 99 0 1 0 0 0 0 1 0 0 0 0 1 0
0 100 0 1 0 0 0 0 1 0 0 0 0 1 0
0 101 0 1 0 0 0 0 1 0 0 0 0 1 0
0 102 0 1 0 0 0 0 1 0 0 0 0 1 0
0 103 0 1 0 0 0 0 1 0 0 0 0 1 0
0 104 0 1 0 0 0 0 1 0 0 0 0 1 0
0 105 0 1 0 0 0 0 1 0 0 0 0 1 0
0 106 0 1 0 0 0 0 1 0 0 0 0 1 0
0 107 0 1 0 0 0 0 1 0 0 0 0 1 0
0 108 0 1 0 0 0 0 1 0 0 0 0 1 0
0 109 0 1 0 0 0 0 1 0 0 0 0 1 0
0 110 0 1 0 0 0 0 1 0 0 0 0 1 0
0 111 0 1 0 0 0 0 1 0 0 0 0 1 0
0 112 0 1 0 0 0 0 1 0 0 0 0 1 0
0 113 0 1 0 0 0 0 1 0 0 0 0 1 0
0 114 0 1 0 0 0 0 1 0 0 0 0 1 0
0 115 0 1 0 0 0 0 1 0 0 0 0 1 0
0 116 0 1 0 0 0 0 1 0 0 0 0 1 0
0 117 0 1 0 0 0 0 1 0 0 0 0 1 0
0 118 0 1 0 0 0 0 1 0 0 0 0 1 0
0 119 0 1 0 0 0 0 1 0 0 0 0 1 0
0 120 0 1 0 0 0 0 1 0 0 0 0 1 0
0 121 0 1 0 0 0 0 1 0 0 0 0 1 0
0 122 0 1 0 0 0 0 1 0 0 0 0 1 0
0 123 0 1 0 0 0 0 1 0 0 0 0 1 0
0 124 0 1 0 0 0 0 1 0 0 0 0 1 0
0 125 23 0.912614 0.369293 -0.175382 -0.194366 -0.378021 0.925621 -0.0180303 0.328047 0.155679 0.0827528 0.984335 -0.92445
0 126 0 1 0 0 0 0 1 0 0 0 0 1 0
0 127 0 1 0 0 0 0 1 0 0 0 0 1 0
0 128 0 1 0 0 0 0 1 0 0 0 0 1 0
0 129 0 1 0 0 0 0 1 0 0 0 0 1 0
0 130 0 1 0 0 0 0 1 0 0 0 0 1 0
0 131 0 1 0 0 0 0 1 0 0 0 0 1 0
0 132 0 1 0 0 0 0 1 0 0 0 0 1 0
0 133 0 1 0 0 0 0 1 0 0 0 0 1 0
0 134 0 1 0 0 0 0 1 0 0 0 0 1 0
0 135 41 0.998526 0.0376357 0.0391126 -0.243163 -0.0360597 0.998539 -0.0402451 0.301036 -0.0405701 0.0387754 0.998424 -0.92209
0 136 76 0.98578 0.164046 -0.0364363 0.0599466 -0.155215 0.971954 0.176676 -0.094527 0.0643974 -0.168508 0.983594 -0.993716
0 137 25 0.953883 0.187072 0.234759 -0.430567 -0.215454 0.971224 0.101505 0.0677071 -0.209014 -0.147404 0.966739 -0.900015
0 138 0 1 0 0 0 0 1 0 0 0 0 1 0
0 139 0 1 0 0 0 0 1 0 0 0 0 1 0
0 140 46 -0.141902 -0.433698 0.889815 -0.948094 0.0112394 0.898147 0.439551 -0.233297 -0.989817 0.072374 -0.122574 0.216078
0 141 124 0.952755 -0.204601 0.224491 0.169081 0.171285 0.972276 0.159188 0.139013 -0.250837 -0.113215 0.961386 -0.975749
0 142 145 0.945821 -0.276093 0.170865 0.155242 0.25601 0.957818 0.130551 0.195934 -0.199702 -0.0797349 0.976607 -0.968251
0 143 124 0.946698 -0.295147 0.129037 0.0730849 0.283643 0.953666 0.100333 0.23354 -0.152672 -0.0583848 0.986551 -0.969597
0 144 535 0.986377 -0.162838 -0.023342 0.251519 0.163878 0.98504 0.0533005 0.24584 0.0143134 -0.0563996 0.998306 -0.93611
0 145 1067 0.992229 0.0330321 -0.11996 0.333907 -0.0290368 0.998969 0.0349022 0.226035 0.120989 -0.0311477 0.992165 -0.915103
0 146 1194 0.974921 0.0997918 -0.198923 0.573008 -0.0934245 0.994775 0.041166 0.160184 0.201992 -0.0215494 0.97915 -0.803743
0 147 1371 0.940915 0.189176 -0.280875 0.74991 -0.164302 0.980276 0.109837 0.0461307 0.296113 -0.0571992 0.953439 -0.65993
0 148 1488 0.91001 0.227858 -0.346357 0.903594 -0.181426 0.970054 0.161495 -0.158639 0.372783 -0.084124 0.924097 -0.397934
0 149 1284 0.881246 0.283898 -0.377899 0.931027 -0.232786 0.956518 0.175741 -0.234701 0.411359 -0.0669014 0.909015 -0.279471
0 150 840 0.891243 0.315116 -0.32617 0.956705 -0.290155 0.948921 0.123929 -0.242141 0.348562 -0.015811 0.937152 -0.161504
0 151 710 0.914738 0.281624 -0.289728 0.969854 -0.27541 0.959267 0.0629021 -0.177199 0.295641 0.0222551 0.95504 -0.167283
0 152 462 0.884585 0.302942 -0.354591 0.969587 -0.314593 0.948874 0.0258598 -0.240142 0.344297 0.0886767 0.934664 -0.0472447
0 153 100 0.974539 0.157493 0.15959 0.152311 -0.139671 0.983215 -0.117394 0.322614 -0.1754 0.0921145 0.980178 -0.934196
0 154 95 0.959038 0.139873 0.246337 -0.0427252 -0.119788 0.988264 -0.0947886 -0.333586 -0.256704 0.0613977 0.964538 0.941751
0 155 103 0.960529 0.258389 0.103048 0.710844 -0.252312 0.965224 -0.0684204 0.0347713 -0.117144 0.0397195 0.99232 -0.70249
0 156 141 0.963206 0.26709 0.0299463 0.801348 -0.266216 0.963441 -0.0301868 0.00914802 -0.0369141 0.0211039 0.999096 -0.598128
0 157 205 0.968496 0.241168 0.0620688 0.612039 -0.242946 0.969773 0.0227752 0.0464619 -0.0547 -0.037137 0.997812 -0.789462
0 158 188 0.98295 0.177819 0.0467874 0.617942 -0.180368 0.981918 0.0574871 0.0659696 -0.0357191 -0.0649459 0.997249 -0.783451
0 159 187 0.871705 0.351343 -0.341597 0.963337 -0.284266 0.930373 0.231514 -0.268218 0.399154 -0.104707 0.910886 -0.00642761
0 160 200 0.972562 0.232516 0.00768796 0.657426 -0.230952 0.960984 0.152219 -0.0370981 0.0280055 -0.149818 0.988317 -0.752605
0 161 223 0.975335 0.214031 -0.0539589 0.813023 -0.204432 0.968107 0.144832 -0.0270348 0.0832365 -0.130228 0.987984 -0.581604
0 162 236 0.895133 0.320161 -0.310216 0.975089 -0.263233 0.941195 0.211804 -0.214709 0.359785 -0.107934 0.926771 -0.0556903
0 163 247 0.962466 0.227288 -0.148319 0.95995 -0.2071 0.968267 0.139889 -0.0594185 0.175407 -0.103921 0.978996 -0.273797
0 164 328 0.890421 0.262209 -0.372017 0.98825 -0.220154 0.963521 0.152183 -0.121914 0.39835 -0.0536063 0.915666 -0.0921924
0 165 332 0.916131 0.263557 -0.302062 0.932625 -0.213991 0.958681 0.187455 -0.15756 0.338986 -0.107095 0.934676 -0.324632
0 166 460 0.945021 0.22433 -0.237932 0.816796 -0.189239 0.968549 0.161557 -0.0273409 0.266691 -0.107648 0.957751 -0.576279
0 167 452 0.932062 0.253465 -0.258872 0.83005 -0.211867 0.960943 0.17805 -0.0722871 0.293891 -0.111108 0.949359 -0.552985
0 168 596 0.947937 0.216615 -0.233436 0.736671 -0.175037 0.966772 0.186319 -0.0368644 0.266039 -0.135759 0.954355 -0.675246
0 169 900 0.977226 0.154545 -0.145414 0.634851 -0.133625 0.980503 0.144074 -0.0194059 0.164845 -0.121362 0.978825 -0.77239
0 170 1032 0.984696 0.0965667 -0.145083 0.557805 -0.0726463 0.984119 0.161966 0.0376149 0.15842 -0.148948 0.976073 -0.829119
0 171 1180 0.992595 0.041776 -0.114059 0.362426 -0.0247813 0.988894 0.146541 0.130769 0.118914 -0.142629 0.982607 -0.922793
0 172 1215 0.98676 0.0956489 -0.13098 0.311682 -0.0696237 0.979206 0.190549 0.0131466 0.146482 -0.178907 0.9729 -0.950095
1 2 4551 0.999752 0.00238087 -0.0221557 0.895325 -0.002318 0.999993 0.00286311 -0.224544 0.0221624 -0.00281104 0.99975 0.384673
1 3 4381 0.999186 -0.00248329 -0.0402709 0.98628 0.00213073 0.999959 -0.00879517 0.0701126 0.0402911 0.0087022 0.99915 0.14945
1 4 3883 0.995352 0.0272772 -0.0923607 0.966646 -0.0267203 0.999617 0.00726051 -0.146403 0.0925233 -0.00475885 0.995699 0.210145
1 5 2969 0.993458 0.045338 -0.104811 0.989352 -0.0468603 0.998828 -0.0121062 -0.0468638 0.104139 0.0169385 0.994419 0.137788
1 6 2227 0.98502 0.0555553 -0.163245 0.982875 -0.0553706 0.99845 0.00568517 -0.0158561 0.163308 0.00343898 0.986569 0.18359
1 7 1614 0.989376 0.0403179 -0.139673 0.979634 -0.0448466 0.99856 -0.0294281 -0.0606599 0.138286 0.0353794 0.98976 0.19141
1 8 1206 0.979087 0.0708208 -0.19072 0.995496 -0.072871 0.997334 -0.0037493 -0.0931813 0.189946 0.0175688 0.981637 0.0174791
1 9 849 0.978451 0.0931526 -0.18427 0.994969 -0.0976065 0.995109 -0.0152291 -0.0314689 0.18195 0.0328869 0.982758 -0.0951098
1 10 197 0.983931 0.00066497 0.178547 -0.0763746 -0.0030196 0.999912 0.0129163 -0.258835 -0.178523 -0.0132479 0.983847 0.962897
1 11 352 0.915329 0.188969 -0.355618 0.989839 -0.180135 0.981923 0.0581251 0.0127772 0.360173 0.0108558 0.932822 -0.141618
1 12 99 0.988879 0.0607191 0.135766 -0.108014 -0.0652079 0.997454 0.0288597 -0.231465 -0.133668 -0.0373917 0.990321 0.966828
1 13 59 0.987608 0.156563 -0.0108968 0.106543 -0.156274 0.987431 0.0236465 0.0426086 0.014462 -0.0216505 0.999661 -0.993395
1 14 14 0.993646 0.106299 -0.0369896 -0.173967 -0.106138 0.994331 0.00630878 0.261701 0.0374506 -0.00234269 0.999296 -0.949341
1 15 21 0.953221 0.0531972 0.297556 -0.160143 -0.248029 0.700315 0.669358 -0.966464 -0.172775 -0.711849 0.68075 -0.200754
1 16 21 0.970355 0.0839847 0.226622 -0.00569913 -0.120966 0.980548 0.154571 -0.191746 -0.209232 -0.177403 0.961639 -0.981428
1 17 0 1 0 0 0 0 1 0 0 0 0 1 0
1 18 46 0.925138 -0.223245 0.307054 0.00235543 -0.27604 0.159679 0.947789 -0.771607 -0.26062 -0.961595 0.0861005 0.636095
1 19 0 1 0 0 0 0 1 0 0 0 0 1 0
1 20 0 1 0 0 0 0 1 0 0 0 0 1 0
1 21 0 1 0 0 0 0 1 0 0 0 0 1 0
1 22 0 1 0 0 0 0 1 0 0 0 0 1 0
1 23 0 1 0 0 0 0 1 0 0 0 0 1 0
1 24 0 1 0 0 0 0 1 0 0 0 0 1 0
1 25 0 1 0 0 0 0 1 0 0 0 0 1 0
1 26 0 1 0 0 0 0 1 0 0 0 0 1 0
1 27 0 1 0 0 0 0 1 0 0 0 0 1 0
1 28 0 1 0 0 0 0 1 0 0 0 0 1 0
1 29 0 1 0 0 0 0 1 0 0 0 0 1 0
1 30 0 1 0 0 0 0 1 0 0 0 0 1 0
1 31 0 1 0 0 0 0 1 0 0 0 0 1 0
1 32 0 1 0 0 0 0 1 0 0 0 0 1 0
1 33 0 1 0 0 0 0 1 0 0 0 0 1 0
1 34 0 1 0 0 0 0 1 0 0 0 0 1 0
1 35 0 1 0 0 0 0 1 0 0 0 0 1 0
1 36 0 1 0 0 0 0 1 0 0 0 0 1 0
1 37 0 1 0 0 0 0 1 0 0 0 0 1 0
1 38 0 1 0 0 0 0 1 0 0 0 0 1 0
1 39 0 1 0 0 0 0 1 0 0 0 0 1 0
1 40 0 1 0 0 0 0 1 0 0 0 0 1 0
1 41 0 1 0 0 0 0 1 0 0 0 0 1 0
1 42 0 1 0 0 0 0 1 0 0 0 0 1 0
1 43 0 1 0 0 0 0 1 0 0 0 0 1 0
1 44 0 1 0 0 0 0 1 0 0 0 0 1 0
1 45 0 1 0 0 0 0 1 0 0 0 0 1 0
1 46 0 1 0 0 0 0 1 0 0 0 0 1 0
1 47 0 1 0 0 0 0 1 0 0 0 0 1 0
1 48 0 1 0 0 0 0 1 0 0 0 0 1 0
1 49 0 1 0 0 0 0 1 0 0 0 0 1 0
1 50 0 1 0 0 0 0 1 0 0 0 0 1 0
1 51 0 1 0 0 0 0 1 0 0 0 0 1 0
1 52 0 1 0 0 0 0 1 0 0 0 0 1 0
1 53 0 1 0 0 0 0 1 0 0 0 0 1 0
1 54 0 1 0 0 0 0 1 0 0 0 0 1 0
1 55 0 1 0 0 0 0 1 0 0 0 0 1 0
1 56 0 1 0 0 0 0 1 0 0 0 0 1 0
1 57 0 1 0 0 0 0 1 0 0 0 0 1 0
1 58 0 1 0 0 0 0 1 0 0 0 0 1 0
1 59 0 1 0 0 0 0 1 0 0 0 0 1 0
1 60 0 1 0 0 0 0 1 0 0 0 0 1 0
1 61 0 1 0 0 0 0 1 0 0 0 0 1 0
1 62 0 1 0 0 0 0 1 0 0 0 0 1 0
1 63 0 1 0 0 0 0 1 0 0 0 0 1 0
1 64 0 1 0 0 0 0 1 0 0 0 0 1 0
1 65 0 1 0 0 0 0 1 0 0 0 0 1 0
1 66 0 1 0 0 0 0 1 0 0 0 0 1 0
1 67 0 1 0 0 0 0 1 0 0 0 0 1 0
1 68 0 1 0 0 0 0 1 0 0 0 0 1 0
1 69 0 1 0 0 0 0 1 0 0 0 0 1 0
1 70 0 1 0 0 0 0 1 0 0 0 0 1 0
1 71 0 1 0 0 0 0 1 0 0 0 0 1 0
1 72 0 1 0 0 0 0 1 0 0 0 0 1 0
1 73 0 1 0 0 0 0 1 0 0 0 0 1 0
1 74 0 1 0 0 0 0 1 0 0 0 0 1 0
1 75 0 1 0 0 0 0 1 0 0 0 0 1 0
1 76 0 1 0 0 0 0 1 0 0 0 0 1 0
1 77 0 1 0 0 0 0 1 0 0 0 0 1 0
1 78 0 1 0 0 0 0 1 0 0 0 0 1 0
1 79 0 1 0 0 0 0 1 0 0 0 0 1 0
1 80 0 1 0 0 0 0 1 0 0 0 0 1 0
1 81 0 1 0 0 0 0 1 0 0 0 0 1 0
1 82 0 1 0 0 0 0 1 0 0 0 0 1 0
1 83 0 1 0 0 0 0 1 0 0 0 0 1 0
1 84 0 1 0 0 0 0 1 0 0 0 0 1 0
1 85 0 1 0 0 0 0 1 0 0 0 0 1 0
1 86 0 1 0 0 0 0 1 0 0 0 0 1 0
1 87 0 1 0 0 0 0 1 0 0 0 0 1 0
1 88 0 1 0 0 0 0 1 0 0 0 0 1 0
1 89 0 1 0 0 0 0 1 0 0 0 0 1 0
1 90 0 1 0 0 0 0 1 0 0 0 0 1 0
1 91 0 1 0 0 0 0 1 0 0 0 0 1 0
1 92 0 1 0 0 0 0 1 0 0 0 0 1 0
1 93 0 1 0 0 0 0 1 0 0 0 0 1 0
1 94 0 1 0 0 0 0 1 0 0 0 0 1 0
1 95 0 1 0 0 0 0 1 0 0 0 0 1 0
1 96 0 1 0 0 0 0 1 0 0 0 0 1 0
1 97 0 1 0 0 0 0 1 0 0 0 0 1 0
1 98 0 1 0 0 0 0 1 0 0 0 0 1 0
1 99 0 1 0 0 0 0 1 0 0 0 0 1 0
1 100 0 1 0 0 0 0 1 0 0 0 0 1 0
1 101 0 1 0 0 0 0 1 0 0 0 0 1 0
1 102 0 1 0 0 0 0 1 0 0 0 0 1 0
1 103 0 1 0 0 0 0 1 0 0 0 0 1 0
1 104 0 1 0 0 0 0 1 0 0 0 0 1 0
1 105 0 1 0 0 0 0 1 0 0 0 0 1 0
1 106 0 1 0 0 0 0 1 0 0 0 0 1 0
1 107 0 1 0 0 0 0 1 0 0 0 0 1 0
1 108 0 1 0 0 0 0 1 0 0 0 0 1 0
1 109 0 1 0 0 0 0 1 0 0 0 0 1 0
1 110 0 1 0 0 0 0 1 0 0 0 0 1 0
1 111 0 1 0 0 0 0 1 0 0 0 0 1 0
1 112 0 1 0 0 0 0 1 0 0 0 0 1 0
1 113 0 1 0 0 0 0 1 0 0 0 0 1 0
1 114 0 1 0 0 0 0 1 0 0 0 0 1 0
1 115 0 1 0 0 0 0 1 0 0 0 0 1 0
1 116 0 1 0 0 0 0 1 0 0 0 0 1 0
1 117 0 1 0 0 0 0 1 0 0 0 0 1 0
1 118 0 1 0 0 0 0 1 0 0 0 0 1 0
1 119 0 1 0 0 0 0 1 0 0 0 0 1 0
1 120 0 1 0 0 0 0 1 0 0 0 0 1 0
1 121 0 1 0 0 0 0 1 0 0 0 0 1 0
1 122 0 1 0 0 0 0 1 0 0 0 0 1 0
1 123 0 1 0 0 0 0 1 0 0 0 0 1 0
1 124 24 0.674595 0.0610992 -0.735655 0.320162 -0.111337 -0.976747 -0.183219 -0.0797997 -0.729743 0.205504 -0.652107 0.943996
1 125 18 0.929703 0.320518 -0.181441 -0.217198 -0.331795 0.942709 -0.0348096 0.306707 0.159889 0.0925639 0.982786 -0.926691
1 126 29 0.941241 0.183009 -0.283854 -0.149144 -0.21445 0.973143 -0.0836866 0.287436 0.260915 0.139642 0.955209 -0.946117
1 127 0 1 0 0 0 0 1 0 0 0 0 1 0
1 128 0 1 0 0 0 0 1 0 0 0 0 1 0
1 129 0 1 0 0 0 0 1 0 0 0 0 1 0
1 130 0 1 0 0 0 0 1 0 0 0 0 1 0
1 131 0 1 0 0 0 0 1 0 0 0 0 1 0
1 132 0 1 0 0 0 0 1 0 0 0 0 1 0
1 133 0 1 0 0 0 0 1 0 0 0 0 1 0
1 134 0 1 0 0 0 0 1 0 0 0 0 1 0
1 135 59 0.98844 0.12795 0.081336 -0.299398 -0.130303 0.991177 0.0242909 0.22332 -0.0775103 -0.0346084 0.996391 -0.927625
1 136 92 0.869791 0.493301 -0.0108416 0.0663714 -0.210776 0.351596 -0.912115 0.925121 -0.446135 0.795635 0.409791 0.373826
1 137 43 0.979303 0.119201 0.163576 -0.209256 -0.119989 0.992762 -0.0050907 0.269328 -0.162999 -0.014642 0.986518 -0.940039
1 138 27 0.988701 0.108433 0.103503 0.112496 -0.112393 0.993109 0.0332105 0.15853 -0.0991888 -0.0444683 0.994075 -0.980924
1 139 81 -0.620628 -0.562949 0.54581 -0.736997 -0.424219 0.826489 0.370072 -0.282486 -0.659438 -0.00186583 -0.751757 0.614034
1 140 140 0.997701 0.0151541 -0.0660525 0.627356 -0.00525386 0.98904 0.147552 0.0495452 0.0675646 -0.146866 0.986846 -0.777155
1 141 160 0.948211 -0.195739 0.250166 0.121815 0.1755 0.979282 0.101026 0.235461 -0.264757 -0.0518896 0.962918 -0.964219
1 142 194 0.938375 -0.28686 0.192778 0.103299 0.265592 0.95543 0.1289 0.191444 -0.221162 -0.0697558 0.972739 -0.976053
1 143 150 0.9507 -0.290042 0.109749 0.123839 0.28064 0.955251 0.0934668 0.230198 -0.131947 -0.0580589 0.989555 -0.965232
1 144 591 0.983521 -0.180731 0.0048162 0.165545 0.18018 0.982022 0.0562801 0.227068 -0.0149012 -0.0544849 0.998403 -0.959706
1 145 1116 0.991496 0.0322004 -0.126093 0.343478 -0.023965 0.997512 0.0662929 0.119515 0.127914 -0.0627072 0.989801 -0.931525
1 146 1240 0.981945 0.0877577 -0.167577 0.501906 -0.0810578 0.995628 0.0464247 0.134797 0.170919 -0.032003 0.984765 -0.854354
1 147 1418 0.954602 0.174117 -0.2417 0.664052 -0.152298 0.982597 0.106341 0.0419092 0.25601 -0.0647029 0.964506 -0.746511
1 148 1446 0.914734 0.214318 -0.342535 0.909007 -0.177679 0.974731 0.135384 -0.0846685 0.362894 -0.0629795 0.9297 -0.408091
1 149 1230 0.897786 0.279134 -0.340683 0.896057 -0.232816 0.957388 0.170895 -0.256649 0.373868 -0.0741103 0.924516 -0.362233
1 150 896 0.88599 0.302505 -0.351443 0.97275 -0.282403 0.953143 0.10848 -0.202403 0.36779 0.00313636 0.929903 -0.113093
1 151 697 0.888026 0.294699 -0.352933 0.966793 -0.278925 0.955499 0.0960304 -0.232216 0.365527 0.0131643 0.930707 -0.106707
1 152 528 0.866992 0.313093 -0.387682 0.96379 -0.320469 0.946074 0.047372 -0.260002 0.381608 0.083169 0.920575 -0.0592205
1 153 112 0.971935 0.171561 0.160966 0.142545 -0.15135 0.979834 -0.130451 0.336043 -0.180101 0.102428 0.978301 -0.930997
1 154 118 0.952619 0.173782 0.249632 -0.0491074 -0.152646 0.983022 -0.101823 -0.322914 -0.263089 0.0588928 0.962972 0.945153
1 155 153 0.963637 0.238076 0.121337 0.593328 -0.229922 0.97012 -0.0774769 0.100637 -0.136157 0.0467615 0.989583 -0.798645
1 156 210 0.925352 0.322718 -0.198938 0.974071 -0.323587 0.945752 0.0290519 -0.215205 0.197521 0.0374904 0.979581 -0.0698028
1 157 195 0.967172 0.248028 0.0553259 0.696555 -0.249358 0.968235 0.0184935 0.00254823 -0.0489816 -0.0316824 0.998297 -0.717499
1 158 307 0.644589 0.348845 -0.680303 0.891582 -0.256694 0.936929 0.23722 -0.226832 0.720148 0.0217204 0.69348 0.391955
1 159 111 0.979846 0.142307 0.140182 -0.139553 -0.157339 0.982191 0.102689 -0.146382 -0.123073 -0.122676 0.984786 0.979335
1 160 295 0.917536 0.303452 -0.256993 0.982304 -0.25614 0.94535 0.201756 -0.17988 0.304172 -0.119292 0.945118 -0.052176
1 161 272 0.859052 0.30936 -0.407832 0.981992 -0.236336 0.946418 0.220088 -0.178147 0.454065 -0.0926816 0.886135 0.0628942
1 162 256 0.789448 0.330276 -0.517387 0.974757 -0.247564 0.942625 0.223985 -0.169463 0.561679 -0.0487382 0.825918 0.145365
1 163 336 0.977786 0.207178 -0.0318167 0.800035 -0.201553 0.970994 0.128636 -0.0419483 0.0575444 -0.119366 0.991181 -0.598486
1 164 377 0.853662 0.265432 -0.448115 0.989223 -0.210333 0.962804 0.169612 -0.145589 0.476467 -0.0505379 0.877739 0.0155387
1 165 385 0.901403 0.246934 -0.355664 0.970154 -0.201504 0.966299 0.160196 -0.098356 0.383236 -0.0727333 0.920782 -0.221647
1 166 461 0.88207 0.261458 -0.391909 0.936139 -0.19299 0.959399 0.205691 -0.122757 0.429777 -0.1058 0.896715 -0.329506
1 167 540 0.970655 0.205974 -0.12411 0.535772 -0.188478 0.972147 0.139308 0.0372348 0.149347 -0.111828 0.982441 -0.843541
1 168 701 0.923155 0.218315 -0.316422 0.861091 -0.166103 0.968821 0.183836 -0.039448 0.34669 -0.117151 0.930635 -0.506918
1 169 1066 0.962933 0.150782 -0.223664 0.777309 -0.1249 0.984169 0.125744 0.0237305 0.239083 -0.0931467 0.966521 -0.628672
1 170 1095 0.99406 0.0623277 -0.0892148 0.384584 -0.0499061 0.989553 0.135256 0.11348 0.096713 -0.13 0.986786 -0.916088
1 171 1218 0.992428 0.0379227 -0.116827 0.374171 -0.0205679 0.989023 0.146321 0.119963 0.121094 -0.14281 0.982314 -0.919568
1 172 1312 0.990218 0.0851278 -0.110556 0.241465 -0.0636769 0.980709 0.184809 0.0194113 0.124155 -0.175961 0.976536 -0.970215
2 3 4571 0.999766 -0.00578347 -0.0208606 0.988304 0.00591354 0.999963 0.00617935 -0.151927 0.0208241 -0.00630126 0.999763 0.013147
2 4 4177 0.996235 0.0246838 -0.0831058 0.995673 -0.0253798 0.999651 -0.00732816 0.0724944 0.0828959 0.00940977 0.996514 0.0581443
2 5 3215 0.997567 0.0349767 -0.0603119 0.995867 -0.0357457 0.999292 -0.0117181 -0.0383139 0.0598594 0.0138455 0.998111 0.0823422
2 6 2408 0.99456 0.0454907 -0.0937069 0.993889 -0.0451484 0.998964 0.00577032 0.0047494 0.0938723 -0.00150821 0.995583 0.110284
2 7 1841 0.986964 0.0448067 -0.154579 0.981658 -0.0485563 0.998609 -0.0205656 -0.0784206 0.153442 0.0278032 0.987766 0.173775
2 8 1243 0.98995 0.0528855 -0.131155 0.999595 -0.0574014 0.997873 -0.0308916 -0.0201363 0.129242 0.0381096 0.99088 -0.0201014
2 9 983 0.981061 0.0908739 -0.171058 0.984446 -0.098256 0.994539 -0.0351778 0.0479238 0.166927 0.051319 0.984633 -0.169023
2 10 409 0.966516 0.13142 -0.220397 0.964907 -0.129185 0.991316 0.0245905 0.040655 0.221715 0.00470482 0.9751 -0.259426
2 11 330 0.893383 0.208646 -0.397911 0.986712 -0.192377 0.977982 0.0808869 -0.0152785 0.406027 0.00428602 0.913851 -0.161756
2 12 103 0.988255 0.103897 0.11206 0.177378 -0.108628 0.993395 0.0369645 0.205474 -0.107479 -0.0487033 0.993014 -0.962454
2 13 82 0.993622 0.0691578 0.0890687 -0.162996 -0.0687771 0.997605 -0.00733992 -0.281082 -0.089363 0.00116722 0.995998 0.94574
2 14 36 0.979385 0.201152 -0.0185179 -0.181269 -0.200102 0.978632 0.0473166 0.163939 0.02764 -0.0426357 0.998708 -0.969673
2 15 0 1 0 0 0 0 1 0 0 0 0 1 0
2 16 20 0.974935 -0.202827 0.0914484 0.0456937 -0.136557 -0.87 -0.473764 0.163938 0.175652 0.449401 -0.875891 0.985412
2 17 0 1 0 0 0 0 1 0 0 0 0 1 0
2 18 12 0.94481 -0.0220252 0.326877 -0.0342982 -0.0322272 0.986651 0.159631 0.626384 -0.326029 -0.161356 0.931488 -0.778759
2 19 0 1 0 0 0 0 1 0 0 0 0 1 0
2 20 0 1 0 0 0 0 1 0 0 0 0 1 0
2 21 0 1 0 0 0 0 1 0 0 0 0 1 0
2 22 0 1 0 0 0 0 1 0 0 0 0 1 0
2 23 0 1 0 0 0 0 1 0 0 0 0 1 0
2 24 0 1 0 0 0 0 1 0 0 0 0 1 0
2 25 0 1 0 0 0 0 1 0 0 0 0 1 0
2 26 0 1 0 0 0 0 1 0 0 0 0 1 0
2 27 0 1 0 0 0 0 1 0 0 0 0 1 0
2 28 0 1 0 0 0 0 1 0 0 0 0 1 0
2 29 0 1 0 0 0 0 1 0 0 0 0 1 0
2 30 0 1 0 0 0 0 1 0 0 0 0 1 0
2 31 0 1 0 0 0 0 1 0 0 0 0 1 0
2 32 0 1 0 0 0 0 1 0 0 0 0 1 0
2 33 0 1 0 0 0 0 1 0 0 0 0 1 0
2 34 0 1 0 0 0 0 1 0 0 0 0 1 0
2 35 0 1 0 0 0 0 1 0 0 0 0 1 0
2 36 0 1 0 0 0 0 1 0 0 0 0 1 0
2 37 0 1 0 0 0 0 1 0 0 0 0 1 0
2 38 0 1 0 0 0 0 1 0 0 0 0 1 0
2 39 0 1 0 0 0 0 1 0 0 0 0 1 0
2 40 0 1 0 0 0 0 1 0 0 0 0 1 0
2 41 0 1 0 0 0 0 1 0 0 0 0 1 0
2 42 0 1 0 0 0 0 1 0 0 0 0 1 0
2 43 0 1 0 0 0 0 1 0 0 0 0 1 0
2 44 0 1 0 0 0 0 1 0 0 0 0 1 0
2 45 0 1 0 0 0 0 1 0 0 0 0 1 0
2 46 0 1 0 0 0 0 1 0 0 0 0 1 0
2 47 0 1 0 0 0 0 1 0 0 0 0 1 0
2 48 0 1 0 0 0 0 1 0 0 0 0 1 0
2 49 0 1 0 0 0 0 1 0 0 0 0 1 0
2 50 0 1 0 0 0 0 1 0 0 0 0 1 0
2 51 0 1 0 0 0 0 1 0 0 0 0 1 0
2 52 0 1 0 0 0 0 1 0 0 0 0 1 0
2 53 0 1 0 0 0 0 1 0 0 0 0 1 0
2 54 0 1 0 0 0 0 1 0 0 0 0 1 0
2 55 0 1 0 0 0 0 1 0 0 0 0 1 0
2 56 0 1 0 0 0 0 1 0 0 0 0 1 0
2 57 0 1 0 0 0 0 1 0 0 0 0 1 0
2 58 0 1 0 0 0 0 1 0 0 0 0 1 0
2 59 0 1 0 0 0 0 1 0 0 0 0 1 0
2 60 0 1 0 0 0 0 1 0 0 0 0 1 0
2 61 0 1 0 0 0 0 1 0 0 0 0 1 0
2 62 0 1 0 0 0 0 1 0 0 0 0 1 0
2 63 0 1 0 0 0 0 1 0 0 0 0 1 0
2 64 0 1 0 0 0 0 1 0 0 0 0 1 0
2 65 0 1 0 0 0 0 1 0 0 0 0 1 0
2 66 0 1 0 0 0 0 1 0 0 0 0 1 0
2 67 0 1 0 0 0 0 1 0 0 0 0 1 0
2 68 0 1 0 0 0 0 1 0 0 0 0 1 0
2 69 0 1 0 0 0 0 1 0 0 0 0 1 0
2 70 0 1 0 0 0 0 1 0 0 0 0 1 0
2 71 0 1 0 0 0 0 1 0 0 0 0 1 0
2 72 0 1 0 0 0 0 1 0 0 0 0 1 0
2 73 0 1 0 0 0 0 1 0 0 0 0 1 0
2 74 0 1 0 0 0 0 1 0 0 0 0 1 0
2 75 0 1 0 0 0 0 1 0 0 0 0 1 0
2 76 0 1 0 0 0 0 1 0 0 0 0 1 0
2 77 0 1 0 0 0 0 1 0 0 0 0 1 0
2 78 0 1 0 0 0 0 1 0 0 0 0 1 0
2 79 0 1 0 0 0 0 1 0 0 0 0 1 0
2 80 0 1 0 0 0 0 1 0 0 0 0 1 0
2 81 0 1 0 0 0 0 1 0 0 0 0 1 0
2 82 0 1 0 0 0 0 1 0 0 0 0 1 0
2 83 0 1 0 0 0 0 1 0 0 0 0 1 0
2 84 0 1 0 0 0 0 1 0 0 0 0 1 0
2 85 0 1 0 0 0 0 1 0 0 0 0 1 0
2 86 0 1 0 0 0 0 1 0 0 0 0 1 0
2 87 0 1 0 0 0 0 1 0 0 0 0 1 0
2 88 0 1 0 0 0 0 1 0 0 0 0 1 0
2 89 0 1 0 0 0 0 1 0 0 0 0 1 0
2 90 0 1 0 0 0 0 1 0 0 0 0 1 0
2 91 0 1 0 0 0 0 1 0 0 0 0 1 0
2 92 0 1 0 0 0 0 1 0 0 0 0 1 0
2 93 0 1 0 0 0 0 1 0 0 0 0 1 0
2 94 0 1 0 0 0 0 1 0 0 0 0 1 0
2 95 0 1 0 0 0 0 1 0 0 0 0 1 0
2 96 0 1 0 0 0 0 1 0 0 0 0 1 0
2 97 0 1 0 0 0 0 1 0 0 0 0 1 0
2 98 0 1 0 0 0 0 1 0 0 0 0 1 0
2 99 0 1 0 0 0 0 1 0 0 0 0 1 0
2 100 0 1 0 0 0 0 1 0 0 0 0 1 0
2 101 0 1 0 0 0 0 1 0 0 0 0 1 0
2 102 0 1 0 0 0 0 1 0 0 0 0 1 0
2 103 0 1 0 0 0 0 1 0 0 0 0 1 0
2 104 0 1 0 0 0 0 1 0 0 0 0 1 0
2 105 0 1 0 0 0 0 1 0 0 0 0 1 0
2 106 0 1 0 0 0 0 1 0 0 0 0 1 0
2 107 0 1 0 0 0 0 1 0 0 0 0 1 0
2 108 0 1 0 0 0 0 1 0 0 0 0 1 0
2 109 0 1 0 0 0 0 1 0 0 0 0 1 0
2 110 0 1 0 0 0 0 1 0 0 0 0 1 0
2 111 0 1 0 0 0 0 1 0 0 0 0 1 0
2 112 0 1 0 0 0 0 1 0 0 0 0 1 0
2 113 0 1 0 0 0 0 1 0 0 0 0 1 0
2 114 0 1 0 0 0 0 1 0 0 0 0 1 0
2 115 0 1 0 0 0 0 1 0 0 0 0 1 0
2 116 0 1 0 0 0 0 1 0 0 0 0 1 0
2 117 0 1 0 0 0 0 1 0 0 0 0 1 0
2 118 0 1 0 0 0 0 1 0 0 0 0 1 0
2 119 0 1 0 0 0 0 1 0 0 0 0 1 0
2 120 0 1 0 0 0 0 1 0 0 0 0 1 0
2 121 0 1 0 0 0 0 1 0 0 0 0 1 0
2 122 0 1 0 0 0 0 1 0 0 0 0 1 0
2 123 0 1 0 0 0 0 1 0 0 0 0 1 0
2 124 20 0.631048 0.407625 -0.660015 0.347663 0.772769 -0.404757 0.488876 -0.680283 -0.0678678 -0.818544 -0.570421 0.645248
2 125 41 -0.694798 -0.283158 -0.661119 0.597631 -0.698168 0.486253 0.525471 -0.218377 0.172679 0.826668 -0.535539 0.771459
2 126 35 0.881851 -0.0733533 -0.465788 0.0872061 0.332524 -0.60363 0.724609 -0.648126 -0.334316 -0.793883 -0.50792 0.756523
2 127 0 1 0 0 0 0 1 0 0 0 0 1 0
2 128 0 1 0 0 0 0 1 0 0 0 0 1 0
2 129 0 1 0 0 0 0 1 0 0 0 0 1 0
2 130 0 1 0 0 0 0 1 0 0 0 0 1 0
2 131 0 1 0 0 0 0 1 0 0 0 0 1 0
2 132 0 1 0 0 0 0 1 0 0 0 0 1 0
2 133 0 1 0 0 0 0 1 0 0 0 0 1 0
2 134 0 1 0 0 0 0 1 0 0 0 0 1 0
2 135 0 1 0 0 0 0 1 0 0 0 0 1 0
2 136 37 0.734975 0.151705 -0.660907 0.650164 -0.643958 0.4615 -0.610193 0.734112 0.212439 0.874073 0.436883 0.195874
2 137 37 0.986559 0.143135 0.0788307 -0.0269395 -0.144399 0.989464 0.0105325 0.240164 -0.0764926 -0.021774 0.996832 -0.970358
2 138 0 1 0 0 0 0 1 0 0 0 0 1 0
2 139 0 1 0 0 0 0 1 0 0 0 0 1 0
2 140 168 0.980125 -0.0493498 0.192144 0.195128 0.0324313 0.995393 0.0902227 0.1786 -0.195712 -0.082198 0.977211 -0.964379
2 141 194 0.946847 -0.210198 0.243509 0.112559 0.181351 0.974021 0.135624 0.175732 -0.265691 -0.0842549 0.960369 -0.977982
2 142 146 0.934217 -0.285505 0.213834 0.0439405 0.265852 0.956978 0.116255 0.215124 -0.237826 -0.0517593 0.969928 -0.975598
2 143 141 0.937545 -0.320164 0.13603 0.0110053 0.306799 0.945342 0.110469 0.203935 -0.163963 -0.0618359 0.984527 -0.978922
2 144 598 0.98562 -0.16889 0.00546196 0.152117 0.168069 0.983154 0.0718337 0.192985 -0.0175019 -0.0698827 0.997402 -0.969339
2 145 1108 0.991039 0.0376558 -0.128156 0.328466 -0.0294876 0.997446 0.0650475 0.129874 0.130278 -0.0606856 0.989619 -0.935544
2 146 1241 0.986857 0.0819574 -0.139271 0.38852 -0.0757429 0.995905 0.0493596 0.136478 0.142746 -0.0381621 0.989023 -0.911277
2 147 1424 0.949644 0.181229 -0.255602 0.661498 -0.160231 0.98191 0.100893 0.0800279 0.269263 -0.0548573 0.961503 -0.745665
2 148 1571 0.948059 0.199677 -0.247613 0.710341 -0.17221 0.976677 0.128242 -0.0646316 0.267445 -0.0789391 0.960334 -0.700884
2 149 1349 0.897366 0.259945 -0.356598 0.939051 -0.228114 0.964997 0.129403 -0.0894522 0.377753 -0.0347769 0.925253 -0.331936
2 150 929 0.902978 0.313036 -0.294345 0.920984 -0.287626 0.949262 0.127176 -0.258219 0.319221 -0.0301761 0.9472 -0.291737
2 151 836 0.925212 0.283234 -0.252509 0.935439 -0.273752 0.959049 0.0726988 -0.212967 0.26276 0.00186319 0.96486 -0.282132
2 152 520 0.893234 0.300599 -0.334326 0.961822 -0.310958 0.950133 0.0234817 -0.225311 0.324713 0.0829868 0.942165 -0.155348
2 153 78 0.970843 0.182476 0.155458 0.129064 -0.163205 0.978134 -0.128911 0.353318 -0.175582 0.0997805 0.979395 -0.926557
2 154 182 0.961409 0.186317 0.202433 0.250577 -0.138534 0.963542 -0.228899 0.908682 -0.237701 0.192021 0.952169 -0.333928
2 155 210 0.922478 0.312352 -0.226872 0.984814 -0.32263 0.946485 -0.00873733 -0.16263 0.212002 0.0812556 0.973885 -0.0607615
2 156 149 0.963853 0.264892 0.0286293 0.762219 -0.263948 0.963975 -0.0329123 0.024766 -0.0363161 0.024166 0.999048 -0.646845
2 157 319 0.756941 0.396726 -0.519277 0.93273 -0.334927 0.91785 0.213016 -0.294287 0.561127 0.0126793 0.827632 0.208352
2 158 187 0.985122 0.159566 0.0638258 0.531433 -0.163089 0.98511 0.0544089 0.105411 -0.0541936 -0.0640087 0.996477 -0.840516
2 159 196 0.976868 0.210454 0.0379325 0.593042 -0.213363 0.971113 0.106842 -0.00235571 -0.0143514 -0.112464 0.993552 -0.805168
2 160 185 0.974207 0.22556 -0.00662078 0.677676 -0.222066 0.963503 0.149493 -0.018574 0.0400988 -0.144167 0.988741 -0.735126
2 161 259 0.882302 0.292401 -0.368843 0.986503 -0.229027 0.951308 0.2063 -0.161106 0.411206 -0.0975441 0.906308 0.0292755
2 162 183 0.972931 0.23026 0.0196241 0.559204 -0.230891 0.965002 0.124342 -0.0209318 0.00969363 -0.125507 0.992045 -0.828766
2 163 306 0.972052 0.222849 -0.0738443 0.812132 -0.21126 0.967515 0.138863 -0.05828 0.102391 -0.119381 0.987555 -0.580556
2 164 366 0.984251 0.172949 -0.0365773 0.656669 -0.169304 0.981772 0.0863687 0.0456383 0.0508479 -0.0788159 0.995592 -0.752797
2 165 345 0.920323 0.233521 -0.313807 0.97154 -0.194238 0.969175 0.151562 -0.0953789 0.339526 -0.0785325 0.937312 -0.216825
2 166 514 0.924226 0.229223 -0.305391 0.882097 -0.18382 0.96809 0.170331 -0.0524887 0.334689 -0.101287 0.936869 -0.468135
2 167 533 0.917463 0.25764 -0.303123 0.848336 -0.208599 0.960365 0.184896 -0.0808282 0.338745 -0.106404 0.934842 -0.523253
2 168 664 0.929402 0.206196 -0.306096 0.823694 -0.165757 0.974228 0.152982 0.0563269 0.329752 -0.0914445 0.939629 -0.56423
2 169 1004 0.986843 0.129165 -0.0972502 0.482022 -0.11667 0.985305 0.124748 0.0375881 0.111934 -0.111761 0.987411 -0.875352
2 170 1176 0.99411 0.0689531 -0.0836119 0.346339 -0.0555182 0.986584 0.153528 0.0625092 0.0930763 -0.147981 0.984601 -0.936025
2 171 1173 0.99734 0.0330473 -0.0649728 0.195325 -0.0211726 0.984232 0.17561 0.0321721 0.0697518 -0.173768 0.982313 -0.980211
2 172 1155 0.988245 0.0790949 -0.130824 0.270959 -0.0564812 0.984112 0.168325 0.0791425 0.142059 -0.158958 0.977012 -0.959332
3 4 4176 0.996088 0.0331817 -0.0818981 0.999791 -0.0333713 0.999443 -0.000947471 0.00909134 0.081821 0.00367681 0.99664 0.0183254
3 5 3350 0.996347 0.0494226 -0.0696412 0.993025 -0.0507624 0.998556 -0.0176023 0.0375549 0.0686707 0.0210732 0.997417 0.111761
3 6 2454 0.990627 0.0574337 -0.123937 0.99387 -0.0574364 0.998343 0.00355428 0.0284495 0.123936 0.00359755 0.992284 0.106835
3 7 1843 0.986434 0.0542905 -0.15492 0.987568 -0.058326 0.998063 -0.0216198 -0.0694767 0.153446 0.0303624 0.98769 0.141002
3 8 1353 0.980226 0.0744412 -0.183348 0.999507 -0.0806751 0.996381 -0.0267687 -0.0204823 0.180691 0.0410309 0.982684 -0.0238135
3 9 965 0.969261 0.121305 -0.214052 0.986104 -0.124283 0.992247 -0.000458321 -0.0401129 0.212337 0.0270472 0.976822 -0.161211
3 10 358 0.980067 0.126337 -0.153325 0.912349 -0.124478 0.991985 0.0216989 0.0716985 0.154838 -0.00218066 0.987937 -0.403087
3 11 311 0.824403 0.234694 -0.515052 0.996745 -0.220489 0.97126 0.0896544 -0.0143837 0.521291 0.0396521 0.852457 -0.0793246
3 12 217 0.898783 0.235181 -0.369972 0.966993 -0.235777 0.970796 0.0443304 0.0690148 0.369593 0.0473875 0.927985 -0.24528
3 13 67 0.991258 0.131767 0.00667361 -0.302793 -0.131774 0.99128 0.000592622 0.214012 -0.00653733 -0.00146685 0.999978 -0.928717
3 14 39 0.985495 0.163524 -0.0453766 -0.191303 -0.161843 0.986063 0.0385473 0.146856 0.0510476 -0.0306443 0.998226 -0.970483
3 15 0 1 0 0 0 0 1 0 0 0 0 1 0
3 16 0 1 0 0 0 0 1 0 0 0 0 1 0
3 17 0 1 0 0 0 0 1 0 0 0 0 1 0
3 18 0 1 0 0 0 0 1 0 0 0 0 1 0
3 19 0 1 0 0 0 0 1 0 0 0 0 1 0
3 20 0 1 0 0 0 0 1 0 0 0 0 1 0
3 21 0 1 0 0 0 0 1 0 0 0 0 1 0
3 22 0 1 0 0 0 0 1 0 0 0 0 1 0
3 23 0 1 0 0 0 0 1 0 0 0 0 1 0
3 24 0 1 0 0 0 0 1 0 0 0 0 1 0
3 25 0 1 0 0 0 0 1 0 0 0 0 1 0
3 26 0 1 0 0 0 0 1 0 0 0 0 1 0
3 27 0 1 0 0 0 0 1 0 0 0 0 1 0
3 28 0 1 0 0 0 0 1 0 0 0 0 1 0
3 29 0 1 0 0 0 0 1 0 0 0 0 1 0
3 30 0 1 0 0 0 0 1 0 0 0 0 1 0
3 31 0 1 0 0 0 0 1 0 0 0 0 1 0
3 32 0 1 0 0 0 0 1 0 0 0 0 1 0
3 33 0 1 0 0 0 0 1 0 0 0 0 1 0
3 34 0 1 0 0 0 0 1 0 0 0 0 1 0
3 35 0 1 0 0 0 0 1 0 0 0 0 1 0
3 36 0 1 0 0 0 0 1 0 0 0 0 1 0
3 37 0 1 0 0 0 0 1 0 0 0 0 1 0
3 38 0 1 0 0 0 0 1 0 0 0 0 1 0
3 39 0 1 0 0 0 0 1 0 0 0 0 1 0
3 40 0 1 0 0 0 0 1 0 0 0 0 1 0
3 41 0 1 0 0 0 0 1 0 0 0 0 1 0
3 42 0 1 0 0 0 0 1 0 0 0 0 1 0
3 43 0 1 0 0 0 0 1 0 0 0 0 1 0
3 44 0 1 0 0 0 0 1 0 0 0 0 1 0
3 45 0 1 0 0 0 0 1 0 0 0 0 1 0
3 46 0 1 0 0 0 0 1 0 0 0 0 1 0
3 47 0 1 0 0 0 0 1 0 0 0 0 1 0
3 48 0 1 0 0 0 0 1 0 0 0 0 1 0
3 49 0 1 0 0 0 0 1 0 0 0 0 1 0
3 50 0 1 0 0 0 0 1 0 0 0 0 1 0
3 51 0 1 0 0 0 0 1 0 0 0 0 1 0
3 52 0 1 0 0 0 0 1 0 0 0 0 1 0
3 53 0 1 0 0 0 0 1 0 0 0 0 1 0
3 54 0 1 0 0 0 0 1 0 0 0 0 1 0
3 55 0 1 0 0 0 0 1 0 0 0 0 1 0
3 56 0 1 0 0 0 0 1 0 0 0 0 1 0
3 57 0 1 0 0 0 0 1 0 0 0 0 1 0
3 58 0 1 0 0 0 0 1 0 0 0 0 1 0
3 59 0 1 0 0 0 0 1 0 0 0 0 1 0
3 60 0 1 0 0 0 0 1 0 0 0 0 1 0
3 61 0 1 0 0 0 0 1 0 0 0 0 1 0
3 62 0 1 0 0 0 0 1 0 0 0 0 1 0
3 63 0 1 0 0 0 0 1 0 0 0 0 1 0
3 64 0 1 0 0 0 0 1 0 0 0 0 1 0
3 65 0 1 0 0 0 0 1 0 0 0 0 1 0
3 66 0 1 0 0 0 0 1 0 0 0 0 1 0
3 67 0 1 0 0 0 0 1 0 0 0 0 1 0
3 68 0 1 0 0 0 0 1 0 0 0 0 1 0
3 69 0 1 0 0 0 0 1 0 0 0 0 1 0
3 70 0 1 0 0 0 0 1 0 0 0 0 1 0
3 71 0 1 0 0 0 0 1 0 0 0 0 1 0
3 72 0 1 0 0 0 0 1 0 0 0 0 1 0
3 73 0 1 0 0 0 0 1 0 0 0 0 1 0
3 74 0 1 0 0 0 0 1 0 0 0 0 1 0
3 75 0 1 0 0 0 0 1 0 0 0 0 1 0
3 76 0 1 0 0 0 0 1 0 0 0 0 1 0
3 77 0 1 0 0 0 0 1 0 0 0 0 1 0
3 78 0 1 0 0 0 0 1 0 0 0 0 1 0
3 79 0 1 0 0 0 0 1 0 0 0 0 1 0
3 80 0 1 0 0 0 0 1 0 0 0 0 1 0
3 81 0 1 0 0 0 0 1 0 0 0 0 1 0
3 82 0 1 0 0 0 0 1 0 0 0 0 1 0
3 83 0 1 0 0 0 0 1 0 0 0 0 1 0
3 84 0 1 0 0 0 0 1 0 0 0 0 1 0
3 85 0 1 0 0 0 0 1 0 0 0 0 1 0
3 86 0 1 0 0 0 0 1 0 0 0 0 1 0
3 87 0 1 0 0 0 0 1 0 0 0 0 1 0
3 88 0 1 0 0 0 0 1 0 0 0 0 1 0
3 89 0 1 0 0 0 0 1 0 0 0 0 1 0
3 90 0 1 0 0 0 0 1 0 0 0 0 1 0
3 91 0 1 0 0 0 0 1 0 0 0 0 1 0
3 92 0 1 0 0 0 0 1 0 0 0 0 1 0
3 93 0 1 0 0 0 0 1 0 0 0 0 1 0
3 94 0 1 0 0 0 0 1 0 0 0 0 1 0
3 95 0 1 0 0 0 0 1 0 0 0 0 1 0
3 96 0 1 0 0 0 0 1 0 0 0 0 1 0
3 97 0 1 0 0 0 0 1 0 0 0 0 1 0
3 98 0 1 0 0 0 0 1 0 0 0 0 1 0
3 99 0 1 0 0 0 0 1 0 0 0 0 1 0
3 100 0 1 0 0 0 0 1 0 0 0 0 1 0
3 101 0 1 0 0 0 0 1 0 0 0 0 1 0
3 102 0 1 0 0 0 0 1 0 0 0 0 1 0
3 103 0 1 0 0 0 0 1 0 0 0 0 1 0
3 104 0 1 0 0 0 0 1 0 0 0 0 1 0
3 105 0 1 0 0 0 0 1 0 0 0 0 1 0
3 106 0 1 0 0 0 0 1 0 0 0 0 1 0
3 107 0 1 0 0 0 0 1 0 0 0 0 1 0
3 108 0 1 0 0 0 0 1 0 0 0 0 1 0
3 109 0 1 0 0 0 0 1 0 0 0 0 1 0
3 110 0 1 0 0 0 0 1 0 0 0 0 1 0
3 111 0 1 0 0 0 0 1 0 0 0 0 1 0
3 112 0 1 0 0 0 0 1 0 0 0 0 1 0
3 113 0 1 0 0 0 0 1 0 0 0 0 1 0
3 114 0 1 0 0 0 0 1 0 0 0 0 1 0
3 115 0 1 0 0 0 0 1 0 0 0 0 1 0
3 116 0 1 0 0 0 0 1 0 0 0 0 1 0
3 117 0 1 0 0 0 0 1 0 0 0 0 1 0
3 118 0 1 0 0 0 0 1 0 0 0 0 1 0
3 119 0 1 0 0 0 0 1 0 0 0 0 1 0
3 120 0 1 0 0 0 0 1 0 0 0 0 1 0
3 121 0 1 0 0 0 0 1 0 0 0 0 1 0
3 122 0 1 0 0 0 0 1 0 0 0 0 1 0
3 123 0 1 0 0 0 0 1 0 0 0 0 1 0
3 124 0 1 0 0 0 0 1 0 0 0 0 1 0
3 125 0 1 0 0 0 0 1 0 0 0 0 1 0
3 126 0 1 0 0 0 0 1 0 0 0 0 1 0
3 127 0 1 0 0 0 0 1 0 0 0 0 1 0
3 128 0 1 0 0 0 0 1 0 0 0 0 1 0
3 129 0 1 0 0 0 0 1 0 0 0 0 1 0
3 130 0 1 0 0 0 0 1 0 0 0 0 1 0
3 131 0 1 0 0 0 0 1 0 0 0 0 1 0
3 132 0 1 0 0 0 0 1 0 0 0 0 1 0
3 133 0 1 0 0 0 0 1 0 0 0 0 1 0
3 134 0 1 0 0 0 0 1 0 0 0 0 1 0
3 135 0 1 0 0 0 0 1 0 0 0 0 1 0
3 136 129 0.896246 0.263732 -0.356633 0.590335 -0.266372 0.962925 0.042675 0.202187 0.354666 0.0567499 0.933269 -0.781425
3 137 64 0.97345 0.201645 -0.108328 0.308655 -0.197389 0.97911 0.0487888 0.163319 0.115903 -0.0261107 0.992917 -0.937048
3 138 0 1 0 0 0 0 1 0 0 0 0 1 0
3 139 44 0.997207 -0.00523781 0.0745058 0.239742 0.00117124 0.998512 0.0545198 0.193429 -0.0746805 -0.0542803 0.995729 -0.951372
3 140 155 0.979368 -0.049356 0.195964 0.142634 0.0302033 0.994574 0.0995492 0.167532 -0.199814 -0.0915766 0.975545 -0.975494
3 141 132 0.951743 -0.187381 0.243052 0.0807097 0.158949 0.978435 0.131912 0.172552 -0.262528 -0.0869132 0.961002 -0.981688
3 142 96 0.948373 -0.266962 0.171231 0.0925932 0.249705 0.961368 0.115843 0.204488 -0.195541 -0.0671055 0.978397 -0.97448
3 143 148 0.951867 -0.276079 0.133148 -0.000695321 0.263727 0.959059 0.10322 0.19374 -0.156194 -0.0631368 0.985706 -0.981053
3 144 538 0.984215 -0.162463 0.0701846 -0.0635325 0.152986 0.980408 0.124079 0.0478924 -0.0889678 -0.111383 0.989787 -0.99683
3 145 1029 0.98934 0.0406602 -0.13983 0.303007 -0.0349586 0.998464 0.0429937 0.193868 0.141364 -0.0376471 0.989242 -0.93306
3 146 1232 0.973939 0.101007 -0.203078 0.502501 -0.0967274 0.994831 0.0309162 0.191788 0.205151 -0.0104672 0.978674 -0.843036
3 147 1436 0.950508 0.192809 -0.243639 0.589695 -0.174366 0.980055 0.0953337 0.110431 0.25716 -0.0481331 0.965169 -0.80004
3 148 1604 0.935432 0.209005 -0.285103 0.759207 -0.181494 0.976039 0.120032 -0.00988028 0.303359 -0.060537 0.950952 -0.650774
3 149 1442 0.898447 0.278524 -0.339437 0.863158 -0.237871 0.958539 0.156911 -0.184967 0.369066 -0.060234 0.927449 -0.469835
3 150 1010 0.900401 0.314722 -0.30038 0.91731 -0.29067 0.948896 0.122909 -0.239121 0.323712 -0.0233554 0.945867 -0.318376
3 151 738 0.921183 0.292281 -0.256891 0.927163 -0.281968 0.956331 0.076974 -0.21628 0.268171 0.0015278 0.96337 -0.305927
3 152 514 0.90516 0.304296 -0.296799 0.955256 -0.313483 0.949435 0.0173774 -0.240106 0.287079 0.0773121 0.954782 -0.172727
3 153 61 0.967635 0.211344 0.137899 0.121323 -0.19498 0.973049 -0.123122 0.326842 -0.160203 0.0922491 0.982764 -0.937259
3 154 155 0.964509 0.245571 0.0970417 0.684393 -0.237982 0.967678 -0.0834531 0.0894603 -0.114399 0.0573972 0.991775 -0.723605
3 155 173 0.893948 0.35333 -0.275708 0.970141 -0.357379 0.933218 0.0371968 -0.221756 0.270439 0.0652804 0.960521 -0.0982398
3 156 209 0.868785 0.366185 -0.333349 0.972688 -0.363127 0.928804 0.0739024 -0.232115 0.336678 0.0568425 0.939903 0.0004202
3 157 130 0.9686 0.238222 0.07117 0.427307 -0.240013 0.970609 0.0176399 0.105939 -0.064876 -0.0341677 0.997308 -0.897879
3 158 188 0.979497 0.200493 -0.0196961 0.784386 -0.198781 0.977738 0.0671942 0.00273324 0.0327296 -0.0619013 0.997545 -0.620267
3 159 111 0.978541 0.206017 0.00375428 0.679345 -0.205168 0.972499 0.110232 0.0244892 0.0190587 -0.108637 0.993899 -0.73341
3 160 205 0.870249 0.320807 -0.373832 0.980821 -0.254029 0.942445 0.217408 -0.160382 0.422062 -0.094235 0.901656 0.110764
3 161 255 0.898846 0.310608 -0.309191 0.973449 -0.25064 0.943046 0.218733 -0.213161 0.359522 -0.119112 0.925503 -0.0834265
3 162 238 0.97147 0.236075 -0.0227051 0.630887 -0.231264 0.964171 0.129965 -0.00545719 0.0525732 -0.121007 0.991259 -0.775855
3 163 290 0.97817 0.207337 0.0139443 0.540245 -0.207407 0.969945 0.127238 0.00167824 0.0128559 -0.127352 0.991774 -0.841506
3 164 360 0.840698 0.278315 -0.464508 0.991965 -0.22582 0.959852 0.166401 -0.125606 0.492171 -0.0349981 0.869795 -0.0150907
3 165 425 0.956716 0.224277 -0.185455 0.811378 -0.202112 0.970552 0.131072 -0.0250118 0.20939 -0.0879156 0.973872 -0.583987
3 166 434 0.94096 0.23604 -0.242652 0.794544 -0.198061 0.965187 0.170841 -0.0561909 0.274529 -0.112695 0.954952 -0.604601
3 167 688 0.935053 0.248293 -0.253033 0.760074 -0.211007 0.963361 0.165564 -0.025446 0.28487 -0.101419 0.953186 -0.649338
