0 1 101 0.99998 0.00538781 0.00321434 -0.236415 -0.00540446 0.999972 0.00519242 -0.375648 -0.00318628 -0.00520969 0.999981 0.896101
0 2 1522 0.999863 0.0109258 -0.0124574 0.879803 -0.0108656 0.999929 0.00488755 -0.211938 0.0125099 -0.00475152 0.99991 0.425474
0 3 1760 0.999255 0.00591292 -0.0381322 0.962429 -0.00572552 0.999971 0.00502166 -0.0769028 0.0381608 -0.00479959 0.99926 0.260417
0 4 1523 0.994351 0.0377666 -0.0991949 0.975081 -0.0374755 0.999286 0.00479711 -0.0724795 0.0993053 -0.00105264 0.995056 0.209677
0 5 1182 0.990305 0.0569839 -0.126686 0.98385 -0.0579413 0.998312 -0.0038816 -0.0668202 0.126251 0.0111843 0.991935 0.166054
0 6 858 0.987429 0.0638488 -0.144596 0.980329 -0.0618016 0.997915 0.0186103 -0.0604085 0.145482 -0.00944007 0.989316 0.187898
0 7 548 0.980531 0.0637999 -0.185713 0.96863 -0.0640144 0.997937 0.00484773 -0.14823 0.185639 0.00713495 0.982592 0.19946
0 8 450 0.978409 0.0804464 -0.190381 0.996946 -0.0839327 0.996418 -0.0103072 -0.0715989 0.18887 0.0260639 0.981656 0.0311662
0 9 374 0.962899 0.113252 -0.244947 0.998424 -0.121717 0.99237 -0.0196534 -0.00393363 0.240853 0.0487386 0.969337 -0.0559892
0 10 269 0.926842 0.157849 -0.340657 0.996321 -0.153702 0.987335 0.0393124 -0.00414259 0.342548 0.0159234 0.939365 -0.0856011
0 11 260 0.893263 0.195327 -0.404882 0.99617 -0.189814 0.980325 0.0541634 0.0236036 0.407495 0.0284703 0.912763 -0.0841936
0 12 242 0.849609 0.246791 -0.466111 0.99337 -0.246648 0.96709 0.0624628 0.0189443 0.466186 0.0618963 0.882519 -0.113388
0 13 190 0.816081 0.289253 -0.500344 0.990444 -0.289155 0.953945 0.0798592 -0.033286 0.500401 0.0795056 0.862136 -0.133838
0 14 139 0.642904 0.309265 -0.700735 0.995315 -0.313178 0.941031 0.127986 -0.0605924 0.698995 0.137172 0.701848 0.0753454
0 15 108 0.63506 0.41839 -0.649344 0.962194 -0.283002 0.908187 0.308393 -0.2658 0.718755 -0.0120826 0.695159 0.0594394
0 16 111 -0.105432 -0.425343 -0.89887 0.529408 -0.887542 0.447925 -0.107854 0.0124499 0.448502 0.786413 -0.424735 0.848276
0 17 38 0.496533 0.823667 0.273913 0.286585 -0.791976 0.559049 -0.245435 0.10859 -0.355288 -0.0950658 0.92991 0.951881
0 18 40 0.972563 0.21135 0.0972198 0.196457 -0.21657 0.975155 0.0465815 0.084965 -0.0849594 -0.0663583 0.994172 -0.976824
0 19 112 0.431329 0.21223 -0.876877 0.905081 -0.0468929 0.975898 0.213129 -0.183383 0.900975 -0.0508095 0.430885 0.383665
0 20 33 -0.0230827 0.91737 0.397366 0.17562 -0.996924 0.00865752 -0.0778974 -0.390354 -0.074901 -0.397942 0.914348 0.90376
0 21 63 -0.467199 -0.576459 0.670387 -0.38303 -0.484067 0.801263 0.351647 -0.240918 -0.739867 -0.160223 -0.653395 0.891766
0 22 28 0.340652 0.940152 -0.00836931 0.229275 -0.916432 0.33402 0.220416 -0.120388 0.21002 -0.0674151 0.97537 -0.965888
0 23 24 0.976576 -0.0377335 0.211839 -0.115601 0.0071497 0.989651 0.14332 -0.217138 -0.215054 -0.138448 0.966739 0.969272
0 24 26 -0.0475294 -0.986115 0.159119 0.18819 0.992845 -0.0291703 0.115788 -0.283875 -0.109539 0.163484 0.980446 0.940213
0 25 22 0.923834 -0.345215 0.1654 0.00307889 0.248266 0.869234 0.427548 -0.0312895 -0.291367 -0.35392 0.888733 0.999506
0 26 41 -0.290497 0.877191 0.382291 -0.424349 -0.956873 -0.265356 -0.118237 -0.0209343 -0.00227298 -0.400152 0.916446 -0.905257
0 27 31 -0.109581 0.978109 -0.176902 0.0521098 -0.966964 -0.146111 -0.208882 -0.0563677 -0.230157 0.148169 0.961808 0.997049
0 28 48 -0.71149 0.700702 0.0529014 0.519673 -0.679146 -0.705021 0.204224 -0.0684873 0.180396 0.109375 0.977494 -0.851616
0 29 55 0.974333 -0.17638 0.139877 0.789077 0.191223 0.976353 -0.10084 0.190627 -0.118783 0.125 0.985021 0.583968
0 30 35 0.895643 0.336862 0.290426 -0.182115 -0.360328 0.93235 0.0297909 -0.180788 -0.260743 -0.131331 0.956434 -0.966514
0 31 31 0.292141 -0.955597 -0.0385765 -0.179594 0.933014 0.275913 0.23099 -0.188336 -0.21009 -0.103474 0.972191 0.965544
0 32 32 -0.944757 0.293328 -0.146264 0.236162 -0.286106 -0.955735 -0.0686647 -0.188471 -0.159931 -0.0230245 0.98686 -0.953261
0 33 34 0.89204 0.451123 -0.0274372 0.436298 -0.450947 0.892461 0.0126723 0.113629 0.0302034 0.0010685 0.999543 -0.892599
0 34 43 0.876707 0.479047 -0.043569 0.430835 -0.477676 0.877694 0.0384472 -0.0497954 0.0566582 -0.0128951 0.99831 0.901056
0 35 75 -0.169704 -0.759043 -0.628533 0.182521 -0.774634 -0.291525 0.561209 -0.404561 -0.609215 0.582123 -0.538507 0.896112
0 36 29 0.689701 0.672271 0.269006 -0.146485 -0.718118 0.682688 0.135071 -0.0295139 -0.0928431 -0.286336 0.95362 0.988772
0 37 57 0.18141 -0.850102 -0.494385 0.104003 -0.974947 -0.0896675 -0.203563 0.122436 0.128719 0.518928 -0.845071 0.987012
0 38 42 0.973502 0.199986 -0.110904 -0.34011 -0.166271 0.951968 0.257119 0.0156576 0.156997 -0.231866 0.959995 -0.940255
0 39 42 0.967944 -0.2191 0.122802 0.175898 0.213357 0.975235 0.058276 0.408881 -0.132529 -0.0302073 0.990719 -0.895475
0 40 17 0.951748 -0.267223 -0.150888 0.224206 0.306553 0.805188 0.507639 -0.231323 -0.0141598 -0.5294 0.848254 -0.94669
0 41 44 0.707494 -0.0914515 -0.700777 0.0485865 -0.077789 0.97549 -0.205836 0.354093 0.702425 0.200141 0.683039 0.933947
0 42 64 -0.140622 -0.975178 -0.171036 0.0131294 -0.729376 0.218857 -0.64816 0.36232 0.669504 0.0336046 -0.742048 0.931961
0 43 86 0.0475338 -0.909779 -0.412363 0.0137572 -0.782328 0.222769 -0.581667 0.350137 0.62105 0.350252 -0.701157 0.936597
0 44 50 0.50022 -0.861268 -0.0894283 -0.503188 0.844688 0.508077 -0.168407 -0.0717754 0.19048 0.0087015 0.981653 -0.861191
0 45 50 -0.335538 -0.921442 0.195856 -0.461132 0.935964 -0.349643 -0.0414819 0.383882 0.106703 0.169395 0.979755 -0.799995
0 46 16 0.680913 0.673425 0.287847 -0.428606 -0.715535 0.6955 0.065485 -0.0146548 -0.156098 -0.250554 0.955435 -0.903373
0 47 45 0.885194 0.465159 -0.00760278 -0.249484 0.438534 -0.839761 -0.32014 0.237599 -0.155301 0.280052 -0.94734 0.938778
0 48 49 -0.916493 0.221936 -0.332843 0.272068 0.260358 0.96259 -0.0750592 0.111794 0.303733 -0.15545 -0.93999 0.955762
0 49 51 0.469932 -0.746255 -0.471452 0.32928 -0.784758 -0.597734 0.163917 0.0148637 -0.404127 0.292945 -0.866524 0.944115
0 50 70 -0.72694 -0.625409 0.283587 -0.169762 -0.28246 0.64874 0.706649 -0.239794 -0.625919 0.43359 -0.648248 0.955866
0 51 27 0.6579 -0.625316 -0.419698 0.286773 0.625951 0.763906 -0.156946 -0.178973 0.418751 -0.159456 0.893992 0.941132
0 52 62 0.25494 -0.717878 -0.647809 0.267054 -0.966877 -0.19788 -0.161223 0.226577 -0.01245 0.667454 -0.744547 0.936667
0 53 31 -0.957878 -0.284768 -0.0371178 0.284664 0.279159 -0.953652 0.112331 0.181376 -0.0673856 0.0972373 0.992977 -0.941312
0 54 63 -0.927043 -0.294978 -0.231472 0.304361 -0.360076 0.872548 0.33016 -0.136155 0.10458 0.38942 -0.915104 0.942776
0 55 59 -0.964058 0.216062 -0.154626 0.00705035 0.235971 0.963743 -0.124567 -0.00611224 0.122105 -0.156577 -0.980089 0.999956
0 56 26 0.909327 -0.374359 -0.181602 0.150471 0.374841 0.926502 -0.0329923 0.0872317 0.180606 -0.0380711 0.982818 -0.984758
0 57 54 0.677919 0.724217 0.126236 -0.047118 0.675705 -0.681496 0.281044 -0.291951 0.289566 -0.105227 -0.951356 0.955272
0 58 18 0.261359 -0.963985 0.0492399 -0.0056618 0.961415 0.255445 -0.102125 0.0713932 0.0858687 0.0740312 0.993552 0.997432
0 59 71 -0.660381 -0.737452 -0.141641 0.00769229 -0.679805 0.667229 -0.304419 0.139434 0.319001 -0.104744 -0.941948 0.990201
0 60 24 0.753345 -0.590171 -0.29012 0.410405 0.61549 0.788129 -0.00501213 0.0646553 0.23161 -0.17479 0.956977 -0.909608
0 61 26 -0.785078 -0.551014 -0.282906 0.177964 0.583451 -0.811205 -0.0391281 -0.0671663 -0.207934 -0.19578 0.958349 0.981742
0 62 63 0.656395 -0.311784 -0.686976 0.25414 -0.530821 -0.837929 -0.126898 0.151637 -0.536073 0.447957 -0.715514 0.955206
0 63 28 0.864372 0.328211 -0.38097 0.428164 -0.224295 0.929723 0.292073 -0.150881 0.450058 -0.16701 0.877243 -0.891016
0 64 22 -0.237769 0.86378 -0.44424 -0.342901 -0.790769 -0.437727 -0.427877 0.11303 -0.564048 0.249556 0.787129 0.932547
0 65 59 0.121712 -0.969237 0.213931 -0.0374255 -0.893294 -0.013009 0.449284 -0.235599 -0.432679 -0.245787 -0.867397 0.971129
0 66 67 -0.971988 -0.0828809 -0.219933 0.44563 -0.0381021 -0.867815 0.495425 -0.886076 -0.231922 0.489927 0.840347 -0.127607
0 67 72 0.341952 -0.431559 -0.834761 0.543054 -0.43566 -0.859884 0.266083 -0.167496 -0.832628 0.272685 -0.482051 0.822823
0 68 54 0.542619 -0.278831 -0.792349 0.494377 -0.436823 -0.89938 0.0173485 -0.0833386 -0.71746 0.336703 -0.609821 0.865244
0 69 23 0.855856 -0.288123 -0.429529 0.429811 0.439909 0.842266 0.311557 0.146194 0.272012 -0.455602 0.847606 -0.891005
0 70 17 -0.863657 -0.502299 -0.0423301 0.216108 0.50392 -0.858224 -0.0975489 0.0477056 0.01267 -0.10558 0.99433 0.975203
0 71 74 0.91338 0.263864 0.310021 -0.123317 0.404815 -0.507949 -0.760337 0.387773 -0.0431512 0.819978 -0.570767 0.913469
0 72 29 0.0811834 0.947664 0.308776 0.258252 -0.993212 0.0510287 0.104523 -0.362213 0.0832964 -0.315166 0.945374 0.895605
0 73 60 0.0120715 0.956645 0.291008 -0.0909997 -0.915051 -0.106771 0.38895 -0.484387 0.403158 -0.270982 0.874089 0.870108
0 74 17 0.411671 0.910521 -0.0384593 0.0719997 -0.898916 0.412643 0.147228 -0.103652 0.149924 -0.0260375 0.988355 -0.992004
0 75 27 -0.997832 0.0329702 -0.0569556 0.321722 -0.0236837 -0.987372 -0.15664 -0.367461 -0.0614008 -0.154952 0.986012 0.872621
0 76 65 -0.79858 -0.51612 -0.309661 0.165859 -0.261298 0.760756 -0.594116 0.260032 0.542212 -0.393536 -0.742386 0.951249
0 77 27 0.899661 0.269933 0.343141 -0.219996 -0.199494 0.953277 -0.226859 0.342025 -0.388346 0.135642 0.911476 -0.913576
0 78 53 0.777164 -0.596804 0.199603 -0.131645 -0.583642 -0.802172 -0.126021 -0.106879 0.235326 -0.0185577 -0.971739 0.985518
0 79 38 0.906397 -0.318424 0.277581 -0.453142 0.367513 0.918404 -0.146522 0.0373751 -0.208275 0.234822 0.949463 -0.890654
0 80 47 0.869706 0.29152 0.398282 -0.10938 -0.435204 0.833586 0.340194 -0.117605 -0.232829 -0.469203 0.851845 0.987018
0 81 59 0.962318 0.0740355 -0.261653 0.362379 -0.00402823 -0.958236 -0.285951 0.0783691 -0.271896 0.27623 -0.92183 0.92873
0 82 17 -0.995132 -0.0522667 0.0835534 -0.0999165 0.0402008 -0.989325 -0.140074 -0.0215908 0.0899826 -0.136033 0.986609 0.994762
0 83 31 0.958169 0.280007 -0.0592382 0.23155 -0.284124 0.955516 -0.0791383 -0.0620524 0.0344438 0.0926588 0.995102 -0.970842
0 84 80 0.632332 -0.774662 0.00738848 -0.00196851 -0.602597 -0.49783 -0.623732 0.0979945 0.48686 0.389954 -0.781603 0.995185
0 85 79 0.0909139 -0.849782 0.519236 -0.193747 -0.826397 -0.355321 -0.436824 0.0864265 0.555701 -0.389381 -0.73456 0.977237
0 86 35 0.699027 -0.682915 0.212105 0.446099 0.715033 0.671432 -0.194696 -0.0892569 -0.00945296 0.28776 0.957656 0.890522
0 87 60 0.491947 0.812364 -0.313133 0.11503 0.619418 -0.0738359 0.781582 -0.0761227 0.611809 -0.578457 -0.539516 0.990441
0 88 54 0.876995 0.238078 0.417372 -0.388327 0.280419 -0.958949 -0.0422214 -0.0142698 0.390186 0.154067 -0.907755 0.921411
0 89 40 0.991704 0.00178623 0.128527 -0.273942 0.0560424 0.893854 -0.444842 0.0262707 -0.115679 0.448355 0.886339 0.961387
0 90 75 -0.501393 -0.795103 -0.341198 0.118694 -0.809534 0.570294 -0.139356 -0.0347629 0.305386 0.206339 -0.929604 0.992322
0 91 23 0.923142 -0.36262 0.127731 -0.261064 0.37927 0.913352 -0.148131 0.0726653 -0.0629478 0.18519 0.980685 -0.962583
0 92 34 -0.455052 0.800266 0.390516 -0.127107 -0.8838 -0.459454 -0.0883169 -0.198021 0.108747 -0.385327 0.91635 0.971922
0 93 67 -0.458467 0.752819 0.472305 -0.307649 0.858289 0.237206 0.455054 0.0491971 0.23054 0.614001 -0.754887 0.950227
0 94 42 0.773621 -0.385988 0.502518 -0.407995 -0.377681 -0.917672 -0.123435 0.230239 0.508791 -0.0942992 -0.85571 0.883476
0 95 38 0.722563 -0.690694 0.0290754 -0.377524 0.658434 0.700412 0.275478 -0.234215 -0.210635 -0.179906 0.960868 -0.89589
0 96 59 0.453854 0.438606 0.775655 -0.491636 0.574843 -0.809232 0.121239 0.190733 0.680861 0.390855 -0.619403 0.849656
0 97 100 0.271803 -0.823043 0.498721 -0.351488 -0.421335 -0.567697 -0.707246 0.196219 0.865217 -0.0178973 -0.501079 0.915398
0 98 98 -0.113963 0.893456 0.434452 -0.357798 0.631868 0.40264 -0.662287 0.187507 -0.766652 0.19904 -0.610432 0.91478
0 99 94 -0.542133 0.718561 0.435616 -0.458883 -0.367435 -0.668938 0.646153 -0.861171 0.7557 0.190241 0.626678 0.218657
0 100 93 0.468345 -0.139724 0.872428 -0.368745 -0.641879 -0.732346 0.22729 -0.146827 0.607161 -0.666443 -0.432677 0.917861
0 101 29 -0.862643 -0.414455 -0.289957 0.426018 0.412748 -0.908143 0.0701151 -0.335883 -0.292382 -0.0591947 0.954468 -0.840054
0 102 72 -0.623779 0.00862076 -0.781553 0.184081 -0.241886 -0.952979 0.182545 -0.272072 -0.74323 0.302914 0.596534 0.944506
0 103 47 0.744648 0.655323 -0.126691 0.855475 -0.642217 0.755168 0.131447 -0.398847 0.181813 -0.0165191 0.983194 -0.330279
0 104 66 0.54227 -0.0497441 0.83873 -0.455715 -0.395511 -0.895841 0.202581 -0.323289 0.741292 -0.441581 -0.505462 0.829342
0 105 72 -0.611468 0.198518 0.765962 -0.170358 0.00242489 0.968482 -0.24907 0.0561628 -0.791265 -0.150441 -0.592678 0.98378
0 106 76 -0.521482 0.722461 0.45399 -0.205661 0.836765 0.328885 0.437789 -0.135197 0.166975 0.608182 -0.776037 0.96924
0 107 71 0.93025 0.241509 -0.276239 0.915718 -0.231345 0.970398 0.0693298 -0.0894664 0.284805 -0.000587628 0.958585 -0.391735
0 108 24 -0.787022 -0.612833 0.0709329 -0.317576 0.60911 -0.790142 -0.0682694 0.047634 0.0978849 -0.0105236 0.995142 0.947036
0 109 33 0.809516 -0.04166 -0.585618 0.501008 0.0189215 0.998812 -0.0448982 0.196563 0.586793 0.025265 0.809343 -0.842825
0 110 54 0.938701 -0.339814 0.058032 -0.362383 0.32948 0.834841 -0.441004 0.353861 0.101412 0.433091 0.895627 -0.862242
0 111 39 0.929673 0.196277 0.311741 -0.337862 -0.236755 0.966673 0.0974166 0.323117 -0.282232 -0.164372 0.94516 -0.883994
0 112 58 -0.790411 0.578829 0.200518 0.153329 0.602305 0.794035 0.0820738 -0.113151 -0.111712 0.185645 -0.976246 0.981676
0 113 112 0.343979 -0.454457 0.821674 -0.413388 -0.810172 -0.585998 0.0150559 0.0675534 0.474657 -0.670876 -0.569759 0.908046
0 114 68 0.654223 0.0156652 0.75614 -0.347277 0.235477 -0.95431 -0.183967 -0.0486094 0.71871 0.298409 -0.62802 0.936502
0 115 45 0.990332 -0.0768341 -0.115491 0.352646 0.0912578 0.987914 0.125292 -0.00326889 0.104468 -0.13462 0.985375 0.935751
0 116 75 0.978927 -0.19531 0.0596313 -0.548839 0.194292 0.980686 0.0224682 0.0170348 -0.0628679 -0.0104089 0.997968 0.835755
0 117 68 0.976572 0.214408 -0.018335 -0.649641 -0.21493 0.976034 -0.0341032 -0.388856 0.0105836 0.037245 0.99925 0.653266
0 118 125 0.828525 0.395951 0.395941 -0.736384 -0.161868 0.846268 -0.507572 0.658036 -0.536046 0.356445 0.765246 0.157248
0 119 134 0.673024 -0.00285943 -0.739616 0.526228 -0.200593 0.961807 -0.186251 0.272755 0.7119 0.273713 0.646745 0.805412
0 120 99 0.598124 0.445749 -0.665999 0.924635 -0.416802 0.882827 0.216548 -0.346918 0.684488 0.148067 0.713829 -0.157156
0 121 61 0.885107 0.280753 -0.371164 -0.0934107 -0.300012 0.953916 0.00612098 0.353172 0.355778 0.105936 0.928547 -0.930884
0 122 62 0.870475 0.341702 -0.354278 -0.115109 -0.319107 0.939786 0.122368 0.0407604 0.374759 0.0065341 0.927099 -0.992516
0 123 41 0.748599 0.312772 -0.584613 0.39842 -0.309695 0.944591 0.108797 0.113617 0.586249 0.0996065 0.803984 -0.910139
0 124 85 0.899475 0.296702 -0.320801 -0.296428 -0.304636 0.952102 0.026428 0.278462 0.313276 0.073956 0.946778 -0.913559
0 125 130 0.959681 0.273358 0.0654788 -0.706042 -0.24884 0.934539 -0.254391 0.54152 -0.130732 0.227841 0.964882 -0.456357
0 126 156 0.939052 0.295783 0.175194 -0.67183 -0.13296 0.782451 -0.608352 0.739225 -0.317021 0.54798 0.77409 -0.0468035
0 127 127 0.855212 0.417398 -0.307233 -0.159408 -0.447922 0.893464 -0.0329978 0.447417 0.260728 0.165836 0.951062 -0.880004
0 128 178 0.910156 0.360385 -0.204302 -0.262718 -0.403036 0.884363 -0.235506 0.655345 0.0958039 0.296688 0.950157 -0.708169
0 129 180 0.909582 0.351218 -0.222049 -0.125193 -0.413494 0.817815 -0.400251 0.824508 0.0410195 0.455877 0.889097 -0.551828
0 130 138 0.924536 0.308682 -0.223493 -0.0539219 -0.340658 0.932296 -0.121557 0.445896 0.170839 0.188518 0.967096 -0.893459
0 131 144 0.95659 0.256633 -0.138109 -0.136655 -0.270549 0.958157 -0.0934757 0.365031 0.108342 0.126783 0.985996 -0.920911
0 132 195 0.964419 0.229212 -0.131753 -0.0379491 -0.242251 0.965731 -0.0931619 0.336329 0.105884 0.121764 0.986895 -0.94098
0 133 202 0.970364 0.215116 -0.110089 0.00128543 -0.226439 0.968521 -0.103404 0.3482 0.0843797 0.125267 0.988528 -0.93742
0 134 231 0.961298 0.219868 -0.166027 0.149414 -0.234132 0.969561 -0.0716491 0.329084 0.14522 0.107748 0.983515 -0.932405
0 135 226 0.96881 0.20324 -0.141778 0.18452 -0.204716 0.978812 0.00425492 0.268974 0.139639 0.024902 0.989889 -0.945307
0 136 218 0.972294 0.223037 -0.069996 0.14772 -0.216077 0.971749 0.094951 0.12123 0.0891961 -0.0771958 0.993018 -0.981571
0 137 223 0.965952 0.217399 -0.140268 0.419199 -0.205877 0.974227 0.092177 0.072353 0.156692 -0.0601607 0.985814 -0.905007
0 138 194 0.992664 0.116733 -0.0314898 0.358396 -0.115893 0.992886 0.0273059 0.179807 0.0344533 -0.0234561 0.999131 -0.916091
0 139 211 0.995309 0.041203 0.0875321 0.301485 -0.0435945 0.998722 0.0255875 0.21373 -0.0863659 -0.0292834 0.995833 -0.929207
0 140 191 0.983651 -0.0520972 0.172387 0.245518 0.0398774 0.99649 0.073607 0.219649 -0.175617 -0.0655292 0.982275 -0.94418
0 141 208 0.949149 -0.209548 0.234957 0.142149 0.191263 0.976599 0.0983491 0.2593 -0.250068 -0.0484095 0.967017 -0.955278
0 142 226 0.944118 -0.277176 0.178364 0.1416 0.250763 0.955222 0.157063 0.138207 -0.213912 -0.103559 0.971348 -0.980229
0 143 265 0.952189 -0.283914 0.112821 0.116408 0.269881 0.954758 0.124904 0.167264 -0.143179 -0.088484 0.985733 -0.979016
0 144 421 0.988322 -0.152358 -0.00268954 0.199449 0.15156 0.981012 0.121016 0.0669421 -0.0157993 -0.120011 0.992647 -0.977619
0 145 536 0.984706 0.0586043 -0.164071 0.449979 -0.0446174 0.995149 0.0876754 0.0722709 0.168413 -0.0790141 0.982545 -0.89011
0 146 567 0.98235 0.099492 -0.1584 0.48321 -0.0910748 0.994062 0.0595571 0.107135 0.163385 -0.0440796 0.985577 -0.868925
0 147 634 0.949011 0.189059 -0.252259 0.699551 -0.166642 0.980123 0.107655 0.0549977 0.267598 -0.0601288 0.961653 -0.712463
0 148 611 0.931433 0.219035 -0.290612 0.840101 -0.183213 0.972236 0.145567 -0.123108 0.314428 -0.0823422 0.945703 -0.528276
0 149 565 0.889549 0.285905 -0.356317 0.924567 -0.234991 0.955222 0.179804 -0.268097 0.391769 -0.0762136 0.916902 -0.270739
0 150 438 0.908113 0.30536 -0.286507 0.947246 -0.285204 0.952051 0.110715 -0.237089 0.306577 -0.0188284 0.95166 -0.215672
0 151 361 0.890514 0.298105 -0.343684 0.968868 -0.28333 0.954432 0.0937238 -0.224241 0.355962 0.0139137 0.934397 -0.104934
0 152 300 0.871663 0.310037 -0.37958 0.970023 -0.321747 0.946215 0.034004 -0.238467 0.369707 0.0924885 0.924534 -0.0467975
0 153 197 0.862632 0.373637 -0.340972 0.940807 -0.371462 0.925466 0.0743569 -0.33004 0.34334 0.0625153 0.937128 -0.0771703
0 154 224 0.823859 0.386583 -0.4145 0.95171 -0.372194 0.920526 0.118756 -0.30675 0.427467 0.0564359 0.902268 0.0123927
0 155 190 0.807234 0.40113 -0.432977 0.951517 -0.386243 0.913697 0.126387 -0.303924 0.446307 0.0652107 0.892501 0.0473829
0 156 193 0.735165 0.446482 -0.510085 0.916885 -0.392839 0.893832 0.216197 -0.367494 0.552458 0.0414415 0.83251 0.155787
0 157 199 0.778796 0.414143 -0.471129 0.932836 -0.344607 0.910053 0.230325 -0.333108 0.524139 -0.0170219 0.851462 0.137317
0 158 206 0.784314 0.370686 -0.497437 0.936514 -0.280862 0.927137 0.248057 -0.302056 0.553144 -0.0548433 0.831279 0.178058
0 159 178 0.927001 0.307955 -0.214084 0.961183 -0.272365 0.945163 0.180234 -0.235563 0.257848 -0.108769 0.960044 0.143658
0 160 233 0.814492 0.365278 -0.450748 0.961899 -0.266957 0.925746 0.267821 -0.22375 0.515108 -0.0978078 0.851527 0.157121
0 161 234 0.78166 0.359786 -0.509472 0.958109 -0.237651 0.927035 0.290048 -0.249097 0.576653 -0.105642 0.81013 0.141341
0 162 232 0.840096 0.353502 -0.41143 0.969376 -0.267415 0.929812 0.252863 -0.244666 0.47194 -0.102406 0.875663 0.0211655
0 163 243 0.888205 0.307358 -0.341501 0.978186 -0.244628 0.945536 0.214752 -0.190649 0.388908 -0.107203 0.915018 -0.0824969
0 164 259 0.884015 0.286979 -0.368998 0.975321 -0.230032 0.954246 0.191051 -0.197916 0.406942 -0.0840109 0.909582 -0.0978694
0 165 278 0.90384 0.27383 -0.328771 0.944995 -0.216518 0.955457 0.200553 -0.176355 0.369044 -0.110083 0.92287 -0.275471
0 166 328 0.898259 0.253755 -0.358802 0.927327 -0.19573 0.962007 0.190348 -0.0884535 0.393472 -0.100754 0.913799 -0.363649
0 167 328 0.89711 0.26964 -0.349983 0.912641 -0.212178 0.957775 0.194031 -0.096731 0.387524 -0.0998082 0.916441 -0.397152
0 168 437 0.944273 0.226856 -0.238505 0.740747 -0.178826 0.96188 0.206902 -0.102253 0.27635 -0.152721 0.948845 -0.663957
0 169 534 0.967278 0.159689 -0.197164 0.737339 -0.133599 0.981201 0.139272 -0.00368559 0.215698 -0.108373 0.970428 -0.675513
0 170 573 0.988927 0.0855376 -0.121274 0.492063 -0.0648776 0.984141 0.165096 0.0293956 0.133473 -0.1554 0.978793 -0.870063
0 171 601 0.992256 0.0504185 -0.113521 0.371201 -0.0300594 0.984219 0.174384 0.0430812 0.120521 -0.169621 0.978112 -0.927553
0 172 635 0.985447 0.0925515 -0.142578 0.349142 -0.0657922 0.981074 0.182111 0.0435315 0.156735 -0.170081 0.972886 -0.936058
1 2 1912 0.999647 0.00307145 -0.0263919 0.907919 -0.00297907 0.999989 0.00353892 -0.209149 0.0264024 -0.00345905 0.999645 0.363234
1 3 1867 0.999513 -0.00808835 -0.0301253 0.965313 0.0081176 0.999967 0.000848559 -0.0805546 0.0301174 -0.00109269 0.999546 0.248358
1 4 1616 0.995992 0.025642 -0.0856823 0.98427 -0.0258641 0.999664 -0.00148372 -0.0532432 0.0856155 0.00369387 0.996321 0.168457
1 5 1207 0.99379 0.0444009 -0.102033 0.983204 -0.0461565 0.998823 -0.0149084 -0.0295912 0.101251 0.0195253 0.994669 0.180093
1 6 921 0.988583 0.048595 -0.142627 0.984346 -0.048387 0.998817 0.00492793 -0.0138412 0.142698 0.00202966 0.989764 0.175703
1 7 586 0.9865 0.0455173 -0.157305 0.974083 -0.0488085 0.998661 -0.0171211 -0.102168 0.156316 0.0245678 0.987402 0.201801
1 8 471 0.981078 0.0646386 -0.182503 0.998329 -0.0702143 0.997237 -0.0242502 -0.0471457 0.180431 0.0366056 0.982906 0.0334093
1 9 378 0.967481 0.0982938 -0.233066 0.99752 -0.107038 0.993937 -0.0251386 0.00157026 0.229182 0.0492679 0.972136 -0.0703659
1 10 280 0.955516 0.130952 -0.264273 0.988058 -0.133888 0.990972 0.00695322 0.0588312 0.262797 0.0287391 0.964423 -0.142407
1 11 264 0.90562 0.180586 -0.383719 0.992229 -0.178186 0.983095 0.0421248 0.0444623 0.384839 0.0302244 0.922489 -0.116213
1 12 257 0.799172 0.249596 -0.546833 0.999929 -0.253053 0.964874 0.0705797 -0.00329355 0.545242 0.0819726 0.834261 -0.0114417
1 13 177 0.618924 0.365107 -0.695435 0.978924 -0.294737 0.928654 0.225239 -0.197345 0.728055 0.0655646 0.682376 0.0525694
1 14 80 0.978913 0.187358 0.0813989 -0.661889 -0.194884 0.975996 0.0972244 -0.113195 -0.0612292 -0.111038 0.991928 -0.741006
1 15 142 0.648428 0.281776 -0.707208 0.995586 -0.288624 0.950617 0.114124 -0.0343074 0.704441 0.130116 0.697734 0.0873572
1 16 54 0.976889 0.212451 0.0234863 0.472111 -0.212895 0.976903 0.0183219 -0.242966 -0.0190513 -0.0228986 0.999556 0.847395
1 17 39 0.978864 0.192651 0.0686314 0.289385 -0.18758 0.979458 -0.0739962 0.0877958 -0.081477 0.0595583 0.994894 0.953178
1 18 69 -0.919813 -0.320786 0.22592 0.127601 -0.272771 0.936709 0.219481 -0.0577824 -0.282028 0.140258 -0.949099 0.990141
1 19 52 0.990403 -0.122675 -0.0636543 0.324846 0.127746 0.988339 0.0828703 -0.269408 0.0527459 -0.0902066 0.994525 0.906584
1 20 89 0.42163 0.858394 -0.292213 0.694433 -0.905468 0.381317 -0.186344 0.147082 -0.0485308 0.343158 0.938023 0.704365
1 21 22 -0.597819 0.801449 -0.0170761 -0.100243 -0.688679 -0.52437 -0.500757 0.234007 -0.410285 -0.287602 0.86542 -0.967053
1 22 44 -0.82643 -0.311977 -0.468704 0.122204 -0.204725 0.941977 -0.266019 0.075733 0.5245 -0.123891 -0.842348 0.989611
1 23 24 -0.319388 -0.82657 -0.463437 -0.358556 0.888055 -0.0904176 -0.450757 -0.0158663 0.330679 -0.555524 0.762918 0.933373
1 24 28 -0.29214 0.916978 0.271671 -0.439264 -0.948101 -0.240396 -0.208123 -0.078269 -0.125536 -0.318373 0.939617 -0.894942
1 25 30 0.827194 0.0142471 0.561736 -0.445368 -0.160003 0.964267 0.211158 -0.166484 -0.538655 -0.264548 0.799916 -0.879733
1 26 76 0.166983 0.845973 -0.506405 0.334287 0.893055 -0.347427 -0.285916 0.315327 -0.417816 -0.404505 -0.813515 0.888156
1 27 56 -0.0586803 0.89117 0.449858 -0.235434 0.979587 -0.0353873 0.197882 -0.193159 0.192265 0.452287 -0.870902 0.952502
1 28 47 0.775526 0.617764 0.130105 0.146762 -0.630923 0.765681 0.125178 -0.478023 -0.0222884 -0.179165 0.983567 -0.865999
1 29 36 0.117338 0.985262 0.124459 -0.404969 -0.966218 0.142221 -0.214932 0.00812804 -0.229465 -0.0950348 0.968666 -0.914294
1 30 31 0.88512 -0.123929 0.448558 -0.406288 0.130757 0.991288 0.0158602 -0.0797931 -0.446615 0.0446138 0.893613 -0.910254
1 31 31 0.810537 -0.538273 0.230851 -0.201873 0.584921 0.764098 -0.272068 -0.1527 -0.029946 0.355551 0.934177 0.967435
1 32 110 0.0610214 0.966402 -0.249688 0.291933 -0.834948 -0.0876517 -0.543304 0.60704 -0.546936 0.241629 0.801546 0.739105
1 33 42 0.102588 0.949887 0.29528 -0.0832776 -0.95774 0.01413 0.287288 0.180114 0.268719 -0.312274 0.911194 0.980114
1 34 80 0.706712 0.253897 -0.660375 0.430835 0.25446 -0.962145 -0.097605 -0.0497954 -0.660158 -0.0990606 -0.744566 0.901056
1 35 53 0.998555 0.00283534 0.0536568 0.400781 -0.00209328 0.999901 -0.0138809 0.379525 -0.0536909 0.0137485 0.998463 -0.833868
1 36 93 -0.480787 0.196412 0.854556 -0.459092 -0.0802994 0.960631 -0.26597 0.219585 -0.873153 -0.196495 -0.446087 0.860823
1 37 86 -0.298264 0.84254 0.448514 0.104058 0.697801 0.513092 -0.49981 0.121951 -0.651239 0.163898 -0.740962 0.987066
1 38 52 0.997517 0.0639508 0.0294892 -0.386815 -0.0627285 0.997202 -0.0406626 0.240677 -0.0320071 0.0387118 0.998738 -0.890196
1 39 75 -0.815993 0.0502459 -0.575874 0.164499 -0.361795 0.73258 0.576568 -0.355484 0.450844 0.678824 -0.579601 0.920093
1 40 38 -0.138979 -0.974156 -0.178061 -0.234253 0.940244 -0.0733647 -0.332504 0.303266 0.310847 -0.213632 0.92614 -0.923664
1 41 20 -0.945345 -0.18761 0.266692 -0.134735 0.186734 -0.981986 -0.02888 0.27305 0.267306 0.022499 0.963349 0.952518
1 42 77 0.0279703 -0.00525711 0.999595 -0.397762 0.878643 -0.47671 -0.027093 0.162868 0.47666 0.879045 -0.00871462 0.902917
1 43 62 0.998798 -0.0234567 -0.043036 0.0137572 0.000673111 0.884527 -0.466488 0.350137 0.0490088 0.465898 0.88348 0.936597
1 44 81 -0.643544 -0.168518 -0.746628 0.503188 -0.240907 0.970481 -0.0113975 0.0717754 0.726509 0.172533 -0.665144 0.861191
1 45 62 -0.737468 0.501541 -0.452324 0.249247 0.436705 0.864999 0.247115 -0.117642 0.515198 -0.0152928 -0.856935 0.961268
1 46 52 -0.336858 0.821663 0.459779 -0.0151791 0.755409 0.527336 -0.38894 0.356591 -0.562035 0.216304 -0.798329 0.934137
1 47 66 -0.528738 0.619509 -0.580211 0.36253 0.675117 0.721266 0.154893 0.0797823 0.514444 -0.309812 -0.799602 0.928551
1 48 47 0.825872 0.508334 0.243992 -0.193289 0.556785 -0.80353 -0.210545 0.201415 0.0890282 0.309734 -0.946646 0.960246
1 49 28 0.75153 0.659363 0.0210375 0.00990667 -0.626436 0.723273 -0.29061 0.288154 -0.206833 0.205223 0.95661 -0.957533
1 50 76 -0.296138 0.915863 -0.271103 0.123759 0.774108 0.396406 0.493578 -0.239644 0.559517 -0.0636963 -0.826368 0.96294
1 51 45 0.273003 -0.944994 -0.180155 -0.303505 0.936972 0.303642 -0.172873 0.145369 0.218066 -0.121605 0.968328 -0.941676
1 52 67 -0.810886 -0.551763 -0.194991 0.110969 -0.569325 0.820896 0.0447083 0.0393191 0.135399 0.147267 -0.979785 0.993046
1 53 90 -0.16543 0.0403601 0.985395 -0.4269 0.00332 0.999179 -0.0403674 0.250637 -0.986216 -0.00340647 -0.165429 0.868871
1 54 35 -0.965958 -0.254378 0.0470858 -0.303954 0.236865 -0.942843 -0.234395 0.137295 0.104019 -0.215263 0.971 -0.942742
1 55 19 0.705038 -0.708403 0.032966 -0.0209889 0.65784 0.635937 -0.403521 -0.0158252 0.264891 0.306184 0.914376 0.999654
1 56 54 -0.100863 0.99442 0.0308989 0.0811877 0.890182 0.104073 -0.44356 0.1625 -0.444301 -0.0172333 -0.895712 0.983363
1 57 65 -0.971794 -0.232149 0.0415233 0.0538362 -0.235193 0.941044 -0.243148 0.0555727 0.0173714 -0.246056 -0.9691 0.997002
1 58 59 0.267658 -0.961661 -0.0597206 0.0011264 -0.94239 -0.274194 0.191624 -0.250135 -0.200652 0.00499052 -0.97965 0.96821
1 59 52 0.24665 0.7967 0.551755 -0.372459 -0.918189 0.374234 -0.129914 -0.200967 -0.309988 -0.474572 0.823826 0.906028
1 60 31 0.731837 -0.311794 -0.605969 0.501987 0.319719 0.942353 -0.0987475 0.141095 0.601826 -0.121473 0.789335 -0.853289
1 61 20 -0.343609 0.938835 0.0228479 -0.0818294 -0.839391 -0.317941 0.440835 -0.242806 0.421136 0.132297 0.897297 -0.966617
1 62 46 0.876767 -0.170759 -0.449578 0.11658 -0.295782 -0.928588 -0.224138 0.230298 -0.379199 0.329494 -0.864663 0.966112
1 63 44 0.503567 -0.849039 0.15985 -0.0680349 -0.716172 -0.51371 -0.47244 0.206495 0.483237 0.123425 -0.866746 0.976079
1 64 20 -0.0768073 0.995698 -0.0518345 -0.394282 -0.730849 -0.0208618 0.68222 0.0938389 0.678203 0.0902827 0.729307 0.914186
1 65 55 -0.95651 -0.273231 -0.102148 0.0682333 -0.2324 0.925444 -0.29924 0.178519 0.176294 -0.262486 -0.948695 0.981568
1 66 26 0.191022 -0.932858 0.30543 -0.00701788 0.963393 0.237805 0.123789 -0.310357 -0.18811 0.270602 0.944134 0.950594
1 67 31 -0.892235 0.438583 0.107523 0.42992 -0.450112 -0.844649 -0.289772 -0.0847724 -0.0362703 -0.306942 0.951037 0.898879
1 68 60 0.630882 -0.152311 -0.760782 0.547822 0.0943256 -0.958213 0.270057 -0.161098 -0.770124 -0.242135 -0.590152 0.820938
1 69 19 -0.438433 0.83039 0.343845 -0.145642 -0.89284 -0.446261 -0.0607244 -0.369755 0.10302 -0.333622 0.937061 -0.917644
1 70 50 0.455286 0.294038 -0.840391 0.228101 -0.715089 -0.441575 -0.541903 0.0573441 -0.530436 0.847675 0.00922024 0.971947
1 71 68 0.806308 0.270081 -0.526236 0.236874 0.0555778 -0.920326 -0.387183 0.3066 -0.588879 0.282941 -0.757077 0.921893
1 72 21 0.13526 0.971539 0.194465 0.258252 -0.956323 0.179344 -0.230829 -0.362213 -0.259136 -0.15475 0.953363 0.895605
1 73 38 0.896681 0.317949 0.308013 0.0343845 -0.289648 0.947575 -0.134926 0.314672 -0.334765 0.0317704 0.941766 0.948578
1 74 59 -0.0963593 -0.980445 -0.171586 0.0339942 -0.723844 0.187353 -0.664039 0.248565 0.683201 0.0602155 -0.727743 0.968019
1 75 33 0.682634 0.67903 0.270053 -0.131141 -0.595156 0.731038 -0.333724 -0.148963 -0.424028 0.0670876 0.903161 0.980108
1 76 57 -0.667249 -0.7369 -0.10843 0.147279 -0.683141 0.663473 -0.305158 0.24598 0.296812 -0.129543 -0.946109 0.95802
1 77 60 0.871565 0.307049 -0.382224 0.17127 0.193223 -0.931624 -0.3078 0.134878 -0.450599 0.194413 -0.8713 0.975948
1 78 79 0.16581 -0.472344 0.865678 -0.282366 -0.88013 0.32509 0.345959 -0.122238 -0.444835 -0.819273 -0.361821 0.951487
1 79 91 0.23844 -0.676349 0.696921 -0.246357 -0.903268 0.109147 0.414963 -0.309905 -0.356726 -0.72845 -0.584899 0.918296
1 80 43 -0.862882 0.110167 0.493252 -0.560899 -0.213641 -0.963979 -0.158434 0.138925 0.45803 -0.242089 0.855337 -0.816145
1 81 65 0.417686 0.863035 0.284095 0.0197956 0.813895 -0.216406 -0.539207 0.331187 -0.403874 0.456442 -0.792809 0.943357
1 82 61 0.87679 -0.0380598 0.479365 -0.100992 -0.127135 -0.979739 0.15475 -0.148519 0.463763 -0.196628 -0.863864 0.983739
1 83 37 -0.337255 0.903027 0.266087 0.234551 -0.892633 -0.396544 0.214384 -0.0579774 0.299109 -0.165216 0.939807 -0.970373
1 84 39 0.997171 0.0747776 0.00757156 0.132576 -0.0731797 0.988932 -0.129069 0.311506 -0.0171392 0.128149 0.991607 -0.940951
1 85 90 -0.754769 -0.476743 -0.4506 0.210404 -0.637743 0.694159 0.333806 -0.154463 0.153648 0.539313 -0.827969 0.965335
1 86 72 -0.964946 0.21759 -0.146745 0.638118 -0.196332 -0.969521 -0.146572 -0.121801 -0.174165 -0.112623 0.978255 -0.760244
1 87 76 0.827995 0.00111312 0.560734 -0.303065 -0.0699181 -0.991989 0.105212 -0.161142 0.556359 -0.126321 -0.821284 0.939247
1 88 50 -0.798282 -0.352545 -0.488321 0.271008 0.497522 -0.842938 -0.204762 -0.152787 -0.339437 -0.406409 0.848301 0.950374
1 89 30 0.706261 -0.627929 -0.326958 0.0793713 0.515647 0.772714 -0.370165 -0.0707274 0.485082 0.0928378 0.869527 0.994333
1 90 29 0.77127 -0.63605 -0.0241279 0.170538 0.618267 0.73962 0.26591 -0.183715 -0.151286 -0.220006 0.963696 -0.968073
1 91 56 0.585779 0.578588 0.567538 -0.318158 0.653351 -0.751475 0.0917558 -0.165426 0.479579 0.317053 -0.818218 0.933493
1 92 90 -0.599942 0.654072 0.460716 -0.210438 -0.683644 -0.119995 -0.719883 0.928547 -0.415572 -0.746854 0.519143 0.305804
1 93 91 -0.85746 -0.430304 -0.282135 0.116008 -0.140662 0.723454 -0.675891 0.36461 0.494951 -0.539864 -0.68086 0.923906
1 94 24 0.974425 -0.217193 -0.057644 0.297538 0.213771 0.975032 -0.0601274 0.00890537 0.0692639 0.046267 0.996525 -0.954669
1 95 21 -0.670126 -0.70141 -0.242809 -0.379343 0.582748 -0.699784 0.413168 -0.23343 -0.459714 0.135378 0.877688 -0.895326
1 96 46 0.048712 -0.904722 0.423208 -0.150651 0.821974 -0.204404 -0.53158 0.0479994 0.567437 0.37376 0.733702 0.987421
1 97 72 0.560474 -0.328553 0.760211 -0.346191 -0.409234 -0.907913 -0.0906756 0.19754 0.719997 -0.260283 -0.643317 0.917131
1 98 37 -0.303453 -0.695544 -0.651256 -0.357798 0.952837 -0.224455 -0.204257 0.187507 -0.00410811 -0.682523 0.730852 0.91478
1 99 66 -0.267099 -0.583576 0.766875 -0.357789 -0.958635 0.0796702 -0.27326 -0.0343742 0.098371 -0.808141 -0.580716 0.933169
1 100 99 0.370941 0.92864 0.00553223 0.013309 -0.0315449 0.0185538 -0.99933 0.90644 -0.92812 0.370518 0.0361762 0.422125
1 101 72 0.180747 -0.979508 -0.0888548 0.148228 -0.92476 -0.200013 0.323751 -0.324835 -0.334888 0.0236523 -0.941961 0.934083
1 102 47 0.295489 0.866323 0.402705 -0.347669 -0.899026 0.39475 -0.189539 0.0973118 -0.32317 -0.306036 0.89549 0.932554
1 103 27 0.627667 -0.777351 0.0419383 0.219058 0.778123 0.624831 -0.0641164 0.160299 0.0236366 0.072877 0.997061 -0.962454
1 104 34 -0.871275 -0.444366 0.208374 0.0864626 0.411893 -0.892895 -0.181885 0.249363 0.26688 -0.0726443 0.960988 -0.964542
1 105 86 0.833372 -0.502046 -0.231174 0.074998 -0.284552 -0.748279 0.599257 -0.326303 -0.473837 -0.433623 -0.766452 0.942285
1 106 69 -0.437942 -0.883742 0.164945 -0.382129 -0.866729 0.366332 -0.338499 0.227983 0.238721 -0.291206 -0.926397 0.895545
1 107 42 -0.762479 -0.583547 -0.279463 0.126743 0.580292 -0.807802 0.103522 -0.332363 -0.286161 -0.0832369 0.954559 -0.934597
1 108 71 -0.763393 -0.375688 0.525442 -0.282497 -0.1029 0.873804 0.475266 -0.131264 -0.637685 0.308747 -0.705715 0.950245
1 109 88 -0.592682 0.416776 0.689221 -0.286394 0.77717 0.520631 0.353483 -0.329143 -0.211507 0.745145 -0.632474 0.899802
1 110 89 0.764004 -0.567031 -0.307853 0.344727 -0.367507 -0.774611 0.514701 -0.380821 -0.530318 -0.280095 -0.800193 0.857985
1 111 128 -0.0729666 0.635398 -0.76873 0.467326 0.313816 0.74626 0.587039 -0.343667 0.946676 -0.198406 -0.25385 0.814555
1 112 106 0.0962984 0.252842 -0.962703 0.598904 0.521285 0.811136 0.265178 -0.172953 0.847932 -0.527379 -0.0536917 0.781922
1 113 89 0.981641 0.0439202 0.185612 -0.91454 -0.046011 0.998917 0.00696944 0.160046 -0.185104 -0.0153817 0.982598 0.371486
1 114 92 -0.392221 -0.560987 -0.72901 0.165621 -0.891152 0.428212 0.14994 -0.0848012 0.228057 0.708468 -0.667879 0.982537
1 115 44 0.98981 -0.138013 -0.0350468 0.0195357 0.142139 0.972363 0.185221 -0.0240798 0.00851531 -0.188315 0.982072 0.999519
1 116 79 0.932162 0.173275 -0.317883 0.365415 -0.175577 0.984228 0.0216314 -0.0327448 0.316618 0.0356491 0.947883 0.930269
1 117 41 0.978415 0.194146 -0.0707896 0.0808433 -0.198929 0.977634 -0.0682532 0.0284558 0.0559552 0.0808621 0.995153 0.996321
1 118 74 -0.411574 0.667271 0.620771 -0.205483 0.747376 0.636918 -0.189114 0.241786 -0.521571 0.386115 -0.760841 0.948323
1 119 47 0.800712 0.527293 -0.284293 -0.196766 -0.547526 0.836731 0.00981995 -0.0843011 0.243055 0.147795 0.958687 0.97682
1 120 32 0.413277 0.712877 -0.566576 -0.244058 -0.744506 0.622781 0.24053 0.0569331 0.524321 0.322413 0.788122 0.968088
1 121 114 -0.264295 0.776827 -0.571566 0.508019 0.314193 0.629661 0.7105 -0.645675 0.911828 0.00819879 -0.41049 0.570106
1 122 83 0.935253 0.214842 -0.281325 -0.384068 -0.233436 0.97178 -0.0339202 0.333767 0.266099 0.0973953 0.959013 -0.860867
1 123 85 0.947533 0.24961 -0.199692 -0.530204 -0.263612 0.963509 -0.0464705 0.345119 0.180805 0.0966735 0.978756 -0.774453
1 124 68 0.752327 0.438054 -0.492049 0.219196 -0.49626 0.868061 0.0140393 0.443133 0.433278 0.233622 0.870454 -0.869245
1 125 138 0.961 0.276527 -0.0035908 -0.634183 -0.266322 0.92188 -0.281443 0.601568 -0.0745161 0.271423 0.959571 -0.485724
1 126 100 0.828259 0.355254 -0.433337 0.0625567 -0.386852 0.921995 0.0164499 0.337979 0.405378 0.154013 0.901082 -0.939072
1 127 157 0.863339 0.224036 0.452166 -0.940833 -0.32397 0.933075 0.156255 0.0472468 -0.386898 -0.281389 0.87814 -0.33556
1 128 171 0.912255 0.340623 -0.227523 -0.240976 -0.395409 0.877318 -0.271965 0.697976 0.106973 0.338066 0.935023 -0.674359
1 129 129 0.887944 0.346176 -0.302849 -0.00351858 -0.392077 0.913935 -0.104871 0.481491 0.240481 0.21186 0.947251 -0.876444
1 130 141 0.919546 0.297722 -0.256509 -0.00119601 -0.341909 0.92789 -0.148722 0.484633 0.193734 0.224459 0.955031 -0.874717
1 131 155 0.957314 0.25392 -0.138111 -0.137176 -0.268612 0.957979 -0.100615 0.372365 0.106759 0.133419 0.985293 -0.917893
1 132 191 0.969566 0.217979 -0.111481 -0.0804489 -0.229684 0.967491 -0.105857 0.350107 0.0847827 0.12824 0.988113 -0.933249
1 133 206 0.973379 0.211596 -0.088099 -0.0402262 -0.217866 0.973545 -0.0688778 0.284343 0.0711941 0.086238 0.993728 -0.957878
1 134 233 0.963765 0.203284 -0.172723 0.153833 -0.223046 0.969266 -0.103796 0.374795 0.146314 0.13856 0.979486 -0.914256
1 135 218 0.974504 0.189976 -0.119374 0.136685 -0.188915 0.981785 0.0202511 0.234373 0.121047 0.0028167 0.992643 -0.96249
1 136 237 0.965603 0.211232 -0.151634 0.284527 -0.20451 0.977096 0.0588135 0.175628 0.160584 -0.0257798 0.986685 -0.942443
1 137 213 0.980285 0.180057 -0.0813678 0.300928 -0.176017 0.982882 0.0544127 0.141242 0.0897723 -0.0390178 0.995198 -0.943129
1 138 180 0.994735 0.101109 -0.016711 0.326511 -0.101117 0.994874 0.000374765 0.224927 0.0166633 0.00131698 0.99986 -0.918041
1 139 223 0.996481 0.0309904 0.077885 0.313115 -0.0333795 0.999005 0.0295632 0.200498 -0.0768913 -0.0320589 0.996524 -0.92831
1 140 207 0.984074 -0.0633236 0.166101 0.254782 0.0493264 0.994979 0.0870846 0.191305 -0.170781 -0.0775045 0.982256 -0.947886
1 141 190 0.954598 -0.192644 0.227225 0.170162 0.165606 0.977215 0.132764 0.172348 -0.247624 -0.0891068 0.96475 -0.970227
1 142 224 0.936837 -0.28331 0.205113 0.083903 0.263576 0.957338 0.118451 0.211621 -0.229921 -0.0569066 0.971544 -0.973744
1 143 278 0.947294 -0.295124 0.124639 0.0817912 0.282682 0.953083 0.108272 0.193454 -0.150745 -0.0673323 0.986277 -0.977694
1 144 443 0.984187 -0.174165 0.0322817 0.102286 0.170957 0.981672 0.08423 0.154502 -0.04636 -0.0773793 0.995923 -0.982683
1 145 570 0.988651 0.0418585 -0.144282 0.392987 -0.0301121 0.996123 0.0826565 0.0734686 0.147183 -0.0773737 0.986078 -0.916604
1 146 595 0.980242 0.090747 -0.175756 0.517511 -0.0829134 0.995229 0.0514284 0.118552 0.179585 -0.0358398 0.983089 -0.847424
1 147 662 0.953452 0.177253 -0.243947 0.666335 -0.155971 0.982259 0.104113 0.0534528 0.258073 -0.0612183 0.964184 -0.743734
1 148 658 0.931459 0.204717 -0.300792 0.855028 -0.173866 0.976639 0.126284 -0.062953 0.319617 -0.0653313 0.945292 -0.514747
1 149 586 0.898462 0.262927 -0.351618 0.931625 -0.224547 0.963372 0.146606 -0.169308 0.377286 -0.0527654 0.924592 -0.321573
1 150 414 0.911263 0.316058 -0.264021 0.894677 -0.291086 0.947828 0.129963 -0.297697 0.291322 -0.0415781 0.955721 -0.333061
1 151 363 0.914491 0.286699 -0.285499 0.948142 -0.275005 0.958011 0.0811613 -0.227054 0.29678 0.00429246 0.954936 -0.222426
1 152 295 0.881922 0.300061 -0.363561 0.971766 -0.31414 0.949137 0.0213203 -0.226337 0.351467 0.0954064 0.931326 -0.066655
1 153 198 0.86744 0.380258 -0.32086 0.917303 -0.369561 0.924213 0.0962026 -0.376803 0.333124 0.0351272 0.942228 -0.128745
1 154 213 0.866368 0.367471 -0.338188 0.952617 -0.360857 0.928763 0.0847413 -0.302347 0.345237 0.0486203 0.937255 -0.0332717
