0 1 56 0.999953 0.00857476 -0.00446053 0.80191 -0.00855909 0.999957 0.00351959 -0.0331776 0.00449052 -0.00348125 0.999984 0.596523
0 2 1896 0.999492 0.0102398 -0.0301677 0.892771 -0.0101129 0.999939 0.00435629 -0.120119 0.0302104 -0.004049 0.999535 0.434202
0 3 1892 0.999382 0.00422062 -0.0349056 0.958874 -0.0039957 0.999971 0.00651092 -0.109047 0.034932 -0.00636742 0.999369 0.262049
0 4 1745 0.993555 0.0352838 -0.107724 0.971098 -0.0350373 0.999377 0.00418099 -0.0648122 0.107804 -0.0003797 0.994172 0.229713
0 5 1465 0.99272 0.0518269 -0.108725 0.982162 -0.0535331 0.998484 -0.0128313 -0.0214206 0.107895 0.0185583 0.993989 0.186813
0 6 1104 0.986897 0.061459 -0.149191 0.983082 -0.060711 0.99811 0.00956758 -0.016538 0.149497 -0.000384707 0.988762 0.182417
0 7 754 0.981048 0.0599705 -0.184249 0.97236 -0.0627233 0.997989 -0.009144 -0.103373 0.18333 0.0205274 0.982837 0.209358
0 8 606 0.978368 0.0782072 -0.19152 0.996317 -0.0815367 0.996625 -0.00955334 -0.0744092 0.190127 0.0249626 0.981442 0.0426222
0 9 441 0.955482 0.113355 -0.272407 0.999038 -0.124316 0.99197 -0.0232617 0.00629462 0.267583 0.0560905 0.961901 -0.0434026
0 10 284 0.932183 0.164771 -0.322313 0.991972 -0.158318 0.986301 0.046328 -0.0123816 0.325532 0.00784192 0.945499 -0.125854
0 11 204 0.820883 0.216491 -0.528472 0.999766 -0.208506 0.975096 0.0755773 -0.00497833 0.531673 0.0481496 0.84558 -0.0210665
0 12 163 0.8506 0.23999 -0.467851 0.994032 -0.23858 0.969056 0.0633278 0.0124078 0.468572 0.0577533 0.881535 -0.108383
0 13 73 0.735853 0.302599 -0.605767 0.980326 -0.243736 0.952997 0.179972 -0.180185 0.631754 0.0152141 0.77502 -0.080592
0 14 56 0.292044 0.341645 -0.893302 0.948526 -0.305855 0.918334 0.251226 -0.149302 0.90618 0.199852 0.372688 0.279298
0 15 52 0.729189 -0.154321 -0.666685 0.352952 -0.497222 -0.788844 -0.36124 0.120601 -0.470163 0.594903 -0.651949 0.927836
0 16 0 1 0 0 0 0 1 0 0 0 0 1 0
0 17 0 1 0 0 0 0 1 0 0 0 0 1 0
0 18 0 1 0 0 0 0 1 0 0 0 0 1 0
0 19 0 1 0 0 0 0 1 0 0 0 0 1 0
0 20 0 1 0 0 0 0 1 0 0 0 0 1 0
0 21 0 1 0 0 0 0 1 0 0 0 0 1 0
0 22 0 1 0 0 0 0 1 0 0 0 0 1 0
0 23 0 1 0 0 0 0 1 0 0 0 0 1 0
0 24 0 1 0 0 0 0 1 0 0 0 0 1 0
0 25 0 1 0 0 0 0 1 0 0 0 0 1 0
0 26 0 1 0 0 0 0 1 0 0 0 0 1 0
0 27 0 1 0 0 0 0 1 0 0 0 0 1 0
0 28 0 1 0 0 0 0 1 0 0 0 0 1 0
0 29 0 1 0 0 0 0 1 0 0 0 0 1 0
0 30 0 1 0 0 0 0 1 0 0 0 0 1 0
0 31 0 1 0 0 0 0 1 0 0 0 0 1 0
0 32 0 1 0 0 0 0 1 0 0 0 0 1 0
0 33 0 1 0 0 0 0 1 0 0 0 0 1 0
0 34 0 1 0 0 0 0 1 0 0 0 0 1 0
0 35 0 1 0 0 0 0 1 0 0 0 0 1 0
0 36 0 1 0 0 0 0 1 0 0 0 0 1 0
0 37 0 1 0 0 0 0 1 0 0 0 0 1 0
0 38 0 1 0 0 0 0 1 0 0 0 0 1 0
0 39 0 1 0 0 0 0 1 0 0 0 0 1 0
0 40 0 1 0 0 0 0 1 0 0 0 0 1 0
0 41 0 1 0 0 0 0 1 0 0 0 0 1 0
0 42 0 1 0 0 0 0 1 0 0 0 0 1 0
0 43 0 1 0 0 0 0 1 0 0 0 0 1 0
0 44 0 1 0 0 0 0 1 0 0 0 0 1 0
0 45 0 1 0 0 0 0 1 0 0 0 0 1 0
0 46 0 1 0 0 0 0 1 0 0 0 0 1 0
0 47 0 1 0 0 0 0 1 0 0 0 0 1 0
0 48 0 1 0 0 0 0 1 0 0 0 0 1 0
0 49 0 1 0 0 0 0 1 0 0 0 0 1 0
0 50 0 1 0 0 0 0 1 0 0 0 0 1 0
0 51 0 1 0 0 0 0 1 0 0 0 0 1 0
0 52 0 1 0 0 0 0 1 0 0 0 0 1 0
0 53 0 1 0 0 0 0 1 0 0 0 0 1 0
0 54 0 1 0 0 0 0 1 0 0 0 0 1 0
0 55 0 1 0 0 0 0 1 0 0 0 0 1 0
0 56 0 1 0 0 0 0 1 0 0 0 0 1 0
0 57 0 1 0 0 0 0 1 0 0 0 0 1 0
0 58 0 1 0 0 0 0 1 0 0 0 0 1 0
0 59 0 1 0 0 0 0 1 0 0 0 0 1 0
0 60 0 1 0 0 0 0 1 0 0 0 0 1 0
0 61 0 1 0 0 0 0 1 0 0 0 0 1 0
0 62 0 1 0 0 0 0 1 0 0 0 0 1 0
0 63 0 1 0 0 0 0 1 0 0 0 0 1 0
0 64 0 1 0 0 0 0 1 0 0 0 0 1 0
0 65 0 1 0 0 0 0 1 0 0 0 0 1 0
0 66 0 1 0 0 0 0 1 0 0 0 0 1 0
0 67 0 1 0 0 0 0 1 0 0 0 0 1 0
0 68 0 1 0 0 0 0 1 0 0 0 0 1 0
0 69 0 1 0 0 0 0 1 0 0 0 0 1 0
0 70 0 1 0 0 0 0 1 0 0 0 0 1 0
0 71 0 1 0 0 0 0 1 0 0 0 0 1 0
0 72 0 1 0 0 0 0 1 0 0 0 0 1 0
0 73 0 1 0 0 0 0 1 0 0 0 0 1 0
0 74 0 1 0 0 0 0 1 0 0 0 0 1 0
0 75 0 1 0 0 0 0 1 0 0 0 0 1 0
0 76 0 1 0 0 0 0 1 0 0 0 0 1 0
0 77 0 1 0 0 0 0 1 0 0 0 0 1 0
0 78 0 1 0 0 0 0 1 0 0 0 0 1 0
0 79 0 1 0 0 0 0 1 0 0 0 0 1 0
0 80 0 1 0 0 0 0 1 0 0 0 0 1 0
0 81 0 1 0 0 0 0 1 0 0 0 0 1 0
0 82 0 1 0 0 0 0 1 0 0 0 0 1 0
0 83 0 1 0 0 0 0 1 0 0 0 0 1 0
0 84 0 1 0 0 0 0 1 0 0 0 0 1 0
0 85 0 1 0 0 0 0 1 0 0 0 0 1 0
0 86 0 1 0 0 0 0 1 0 0 0 0 1 0
0 87 0 1 0 0 0 0 1 0 0 0 0 1 0
0 88 0 1 0 0 0 0 1 0 0 0 0 1 0
0 89 0 1 0 0 0 0 1 0 0 0 0 1 0
0 90 0 1 0 0 0 0 1 0 0 0 0 1 0
0 91 0 1 0 0 0 0 1 0 0 0 0 1 0
0 92 0 1 0 0 0 0 1 0 0 0 0 1 0
0 93 0 1 0 0 0 0 1 0 0 0 0 1 0
0 94 0 1 0 0 0 0 1 0 0 0 0 1 0
0 95 0 1 0 0 0 0 1 0 0 0 0 1 0
0 96 0 1 0 0 0 0 1 0 0 0 0 1 0
0 97 0 1 0 0 0 0 1 0 0 0 0 1 0
0 98 0 1 0 0 0 0 1 0 0 0 0 1 0
0 99 0 1 0 0 0 0 1 0 0 0 0 1 0
0 100 0 1 0 0 0 0 1 0 0 0 0 1 0
0 101 0 1 0 0 0 0 1 0 0 0 0 1 0
0 102 0 1 0 0 0 0 1 0 0 0 0 1 0
0 103 0 1 0 0 0 0 1 0 0 0 0 1 0
0 104 0 1 0 0 0 0 1 0 0 0 0 1 0
0 105 0 1 0 0 0 0 1 0 0 0 0 1 0
0 106 0 1 0 0 0 0 1 0 0 0 0 1 0
0 107 0 1 0 0 0 0 1 0 0 0 0 1 0
0 108 0 1 0 0 0 0 1 0 0 0 0 1 0
0 109 0 1 0 0 0 0 1 0 0 0 0 1 0
0 110 0 1 0 0 0 0 1 0 0 0 0 1 0
0 111 0 1 0 0 0 0 1 0 0 0 0 1 0
0 112 0 1 0 0 0 0 1 0 0 0 0 1 0
0 113 0 1 0 0 0 0 1 0 0 0 0 1 0
0 114 0 1 0 0 0 0 1 0 0 0 0 1 0
0 115 0 1 0 0 0 0 1 0 0 0 0 1 0
0 116 0 1 0 0 0 0 1 0 0 0 0 1 0
0 117 0 1 0 0 0 0 1 0 0 0 0 1 0
0 118 16 0.959148 0.275464 -0.0644525 0.389551 -0.281727 0.950795 -0.128917 0.0436825 0.0257691 0.141809 0.989559 -0.919968
0 119 0 1 0 0 0 0 1 0 0 0 0 1 0
0 120 0 1 0 0 0 0 1 0 0 0 0 1 0
0 121 31 0.793341 0.451605 -0.408244 0.207955 -0.443083 0.888208 0.121504 0.110389 0.417477 0.0844916 0.904751 -0.971889
0 122 30 0.812318 0.317482 -0.489229 0.24512 -0.322035 0.943542 0.0775971 0.137765 0.486244 0.0945152 0.868697 -0.959655
0 123 27 0.95971 0.242861 -0.141331 -0.643375 -0.253151 0.965577 -0.0597926 0.343352 0.121945 0.0931617 0.988155 -0.684235
0 124 42 0.768414 0.314583 -0.557295 0.304849 -0.309121 0.944963 0.107189 0.129604 0.560342 0.089906 0.823367 -0.943541
0 125 0 1 0 0 0 0 1 0 0 0 0 1 0
0 126 0 1 0 0 0 0 1 0 0 0 0 1 0
0 127 0 1 0 0 0 0 1 0 0 0 0 1 0
0 128 0 1 0 0 0 0 1 0 0 0 0 1 0
0 129 0 1 0 0 0 0 1 0 0 0 0 1 0
0 130 0 1 0 0 0 0 1 0 0 0 0 1 0
0 131 0 1 0 0 0 0 1 0 0 0 0 1 0
0 132 0 1 0 0 0 0 1 0 0 0 0 1 0
0 133 0 1 0 0 0 0 1 0 0 0 0 1 0
0 134 0 1 0 0 0 0 1 0 0 0 0 1 0
0 135 0 1 0 0 0 0 1 0 0 0 0 1 0
0 136 0 1 0 0 0 0 1 0 0 0 0 1 0
0 137 0 1 0 0 0 0 1 0 0 0 0 1 0
0 138 0 1 0 0 0 0 1 0 0 0 0 1 0
0 139 38 0.997896 0.0646936 0.00428198 0.46512 -0.0641313 0.994613 -0.0814369 0.389403 -0.00952735 0.0809909 0.996669 -0.795003
0 140 96 0.987683 -0.0463048 0.149463 0.289142 0.0477965 0.998837 -0.00640243 0.369472 -0.148992 0.0134674 0.988747 -0.883112
0 141 101 0.942415 -0.221629 0.250469 0.1055 0.205731 0.974616 0.0883113 0.277625 -0.263684 -0.0316965 0.964088 -0.954879
0 142 103 0.78898 -0.363497 0.495359 -0.293403 0.587787 0.211745 -0.780814 0.825228 0.178933 0.907212 0.380722 0.482611
0 143 73 0.880826 -0.313385 0.354874 -0.418968 0.215648 0.932865 0.288546 -0.213494 -0.421476 -0.177631 0.889272 -0.882545
0 144 239 0.988422 -0.137359 -0.0644575 0.362112 0.14315 0.985031 0.0960299 0.133697 0.0503021 -0.104145 0.993289 -0.922497
0 145 425 0.980832 0.0584196 -0.185891 0.506099 -0.0472796 0.996841 0.0638103 0.134724 0.189031 -0.0537983 0.980496 -0.851888
0 146 564 0.974224 0.113446 -0.194983 0.572055 -0.0993297 0.991773 0.0807438 0.0438058 0.202539 -0.0592949 0.977477 -0.819045
0 147 730 0.965424 0.171896 -0.19598 0.548457 -0.153918 0.982632 0.103657 0.0725629 0.210394 -0.0699078 0.975114 -0.833025
0 148 779 0.929821 0.212798 -0.300249 0.861144 -0.181416 0.974892 0.12913 -0.0638159 0.320189 -0.0655977 0.94508 -0.504339
0 149 746 0.884639 0.289141 -0.365801 0.932392 -0.239995 0.954972 0.174446 -0.237642 0.399769 -0.066531 0.914198 -0.272344
0 150 404 0.903081 0.313228 -0.293825 0.94583 -0.2914 0.949475 0.116547 -0.244001 0.315485 -0.0196309 0.948727 -0.214169
0 151 333 0.887657 0.300753 -0.34873 0.970274 -0.286449 0.953548 0.0932365 -0.22372 0.360572 0.0171314 0.932574 -0.0922889
0 152 288 0.894288 0.302758 -0.329526 0.965598 -0.312674 0.94956 0.0238732 -0.250412 0.320132 0.0816846 0.943845 -0.0700983
0 153 141 0.720308 0.410514 -0.559137 0.930016 -0.370066 0.909203 0.190791 -0.364169 0.586691 0.0694892 0.806824 0.0495128
0 154 157 0.923749 0.335866 -0.184072 0.952837 -0.337033 0.941137 0.0258699 -0.293499 0.181926 0.0381411 0.982572 -0.0771971
0 155 151 0.859705 0.37437 -0.347496 0.959307 -0.369957 0.925446 0.0817433 -0.282154 0.352191 0.0582833 0.934112 0.0108903
0 156 161 0.82402 0.416038 -0.384581 0.933534 -0.391028 0.908831 0.145336 -0.344897 0.409984 0.0306227 0.911578 0.0977761
0 157 142 0.830744 0.425467 -0.358947 0.914085 -0.363787 0.903036 0.228441 -0.399237 0.421336 -0.0591954 0.904971 0.0711167
0 158 199 0.815782 0.345589 -0.463754 0.950322 -0.278456 0.937482 0.208784 -0.262393 0.506914 -0.0411874 0.861012 0.167448
0 159 165 0.899556 0.341347 -0.272546 0.955634 -0.286882 0.932207 0.220656 -0.293872 0.32939 -0.120303 0.936499 0.0200964
0 160 160 0.821442 0.37394 -0.430584 0.960532 -0.270643 0.920196 0.282827 -0.258987 0.501982 -0.115792 0.857092 0.101506
0 161 188 0.864825 0.328083 -0.380053 0.972748 -0.249253 0.937651 0.242247 -0.226285 0.435834 -0.114772 0.892679 0.0505562
0 162 120 0.858759 0.362565 -0.362049 0.954557 -0.276714 0.922872 0.267838 -0.292837 0.431234 -0.129824 0.892851 -0.0553882
0 163 173 0.906179 0.297477 -0.300579 0.970928 -0.23833 0.946378 0.2181 -0.219772 0.349341 -0.126001 0.928485 -0.094866
0 164 232 0.870207 0.282531 -0.403629 0.98293 -0.225085 0.956728 0.184414 -0.175427 0.438265 -0.0696279 0.896145 -0.0554457
0 165 250 0.91784 0.254269 -0.304822 0.956162 -0.208213 0.962179 0.175665 -0.139536 0.33796 -0.0977649 0.936069 -0.257457
0 166 279 0.908665 0.250986 -0.333668 0.913137 -0.195 0.961748 0.192395 -0.0956924 0.369193 -0.109757 0.922849 -0.396261
0 167 279 0.924584 0.254474 -0.283527 0.853861 -0.210338 0.961467 0.177031 -0.0624337 0.317652 -0.104044 0.942482 -0.516742
0 168 342 0.943112 0.229562 -0.240502 0.785595 -0.184225 0.962989 0.196758 -0.0645949 0.276768 -0.141258 0.950497 -0.615361
0 169 584 0.962656 0.164666 -0.214892 0.768364 -0.133454 0.979246 0.152533 -0.0410231 0.235549 -0.118159 0.964653 -0.638697
0 170 600 0.989881 0.0846649 -0.113871 0.471771 -0.065502 0.984517 0.162594 0.0384164 0.125874 -0.15349 0.9801 -0.880884
0 171 594 0.990996 0.0483292 -0.124862 0.403636 -0.0256045 0.983776 0.177565 0.0323033 0.131418 -0.172769 0.976156 -0.914349
0 172 692 0.985981 0.0850823 -0.143534 0.340236 -0.0622737 0.98571 0.156519 0.128945 0.1548 -0.145386 0.97719 -0.931457
1 2 1341 0.99995 0.000536446 -0.00998315 0.801374 -0.000521513 0.999999 0.00149836 -0.274232 0.00998394 -0.00149308 0.999949 0.531598
1 3 1863 0.999956 -0.00593483 -0.00720588 0.938376 0.00594171 0.999982 0.000933005 -0.137886 0.00720022 -0.000975779 0.999974 0.316919
1 4 1833 0.995791 0.0268868 -0.0876237 0.977142 -0.027228 0.999626 -0.00270085 -0.0392062 0.0875183 0.00507529 0.99615 0.208942
1 5 1505 0.994493 0.0457845 -0.0942734 0.982893 -0.0464202 0.998912 -0.0045608 -0.100743 0.093962 0.00891187 0.995536 0.15418
1 6 1146 0.987037 0.0596673 -0.148991 0.981271 -0.0562286 0.998048 0.0271903 -0.106571 0.150323 -0.0184603 0.988465 0.160467
1 7 817 0.982465 0.0566721 -0.177623 0.975463 -0.058206 0.998299 -0.00343278 -0.137177 0.177126 0.0137113 0.984093 0.172205
1 8 606 0.986115 0.0598471 -0.154903 0.999161 -0.06497 0.997488 -0.0282189 -0.0382496 0.152825 0.0378911 0.987527 0.0146705
1 9 516 0.96715 0.10046 -0.233515 0.997198 -0.108399 0.993878 -0.0213801 -0.00736502 0.229937 0.0459905 0.972118 -0.0744482
1 10 255 0.938707 0.1598 -0.305439 0.987884 -0.150717 0.987141 0.0532563 -0.0351196 0.310022 -0.00395724 0.950721 -0.151167
1 11 220 0.802493 0.225271 -0.552502 0.999828 -0.215081 0.972951 0.0843015 -0.0185643 0.556548 0.0511815 0.829237 -0.000272475
1 12 183 0.853052 0.23563 -0.465597 0.988398 -0.235086 0.970106 0.0602354 0.0196241 0.465871 0.0580711 0.882945 -0.150616
1 13 102 0.55841 0.298267 -0.77409 0.990132 -0.293952 0.943724 0.151579 -0.0997522 0.775738 0.142902 0.614662 0.0984273
1 14 82 0.509439 0.281274 -0.813239 0.983235 -0.426894 0.903183 0.0449633 0.074277 0.74715 0.324261 0.580191 0.166527
1 15 27 0.990297 0.137703 0.018689 -0.298063 -0.138373 0.989525 0.041153 0.184208 -0.0128263 -0.0433398 0.998978 -0.936603
1 16 23 0.805442 0.0769457 -0.587658 0.30941 -0.143647 -0.936628 -0.31952 -0.012763 -0.575003 0.34177 -0.743347 0.950843
1 17 26 0.744046 -0.130068 -0.655346 0.360559 -0.44483 -0.828305 -0.340641 0.0704139 -0.49852 0.54497 -0.674156 0.930075
1 18 0 1 0 0 0 0 1 0 0 0 0 1 0
1 19 0 1 0 0 0 0 1 0 0 0 0 1 0
1 20 0 1 0 0 0 0 1 0 0 0 0 1 0
1 21 0 1 0 0 0 0 1 0 0 0 0 1 0
1 22 0 1 0 0 0 0 1 0 0 0 0 1 0
1 23 0 1 0 0 0 0 1 0 0 0 0 1 0
1 24 0 1 0 0 0 0 1 0 0 0 0 1 0
1 25 0 1 0 0 0 0 1 0 0 0 0 1 0
1 26 0 1 0 0 0 0 1 0 0 0 0 1 0
1 27 0 1 0 0 0 0 1 0 0 0 0 1 0
1 28 0 1 0 0 0 0 1 0 0 0 0 1 0
1 29 0 1 0 0 0 0 1 0 0 0 0 1 0
1 30 0 1 0 0 0 0 1 0 0 0 0 1 0
1 31 0 1 0 0 0 0 1 0 0 0 0 1 0
1 32 0 1 0 0 0 0 1 0 0 0 0 1 0
1 33 0 1 0 0 0 0 1 0 0 0 0 1 0
1 34 0 1 0 0 0 0 1 0 0 0 0 1 0
1 35 0 1 0 0 0 0 1 0 0 0 0 1 0
1 36 0 1 0 0 0 0 1 0 0 0 0 1 0
1 37 0 1 0 0 0 0 1 0 0 0 0 1 0
1 38 0 1 0 0 0 0 1 0 0 0 0 1 0
1 39 0 1 0 0 0 0 1 0 0 0 0 1 0
1 40 0 1 0 0 0 0 1 0 0 0 0 1 0
1 41 0 1 0 0 0 0 1 0 0 0 0 1 0
1 42 0 1 0 0 0 0 1 0 0 0 0 1 0
1 43 0 1 0 0 0 0 1 0 0 0 0 1 0
1 44 0 1 0 0 0 0 1 0 0 0 0 1 0
1 45 0 1 0 0 0 0 1 0 0 0 0 1 0
1 46 0 1 0 0 0 0 1 0 0 0 0 1 0
1 47 0 1 0 0 0 0 1 0 0 0 0 1 0
1 48 0 1 0 0 0 0 1 0 0 0 0 1 0
1 49 0 1 0 0 0 0 1 0 0 0 0 1 0
1 50 0 1 0 0 0 0 1 0 0 0 0 1 0
1 51 0 1 0 0 0 0 1 0 0 0 0 1 0
1 52 0 1 0 0 0 0 1 0 0 0 0 1 0
1 53 0 1 0 0 0 0 1 0 0 0 0 1 0
1 54 0 1 0 0 0 0 1 0 0 0 0 1 0
1 55 0 1 0 0 0 0 1 0 0 0 0 1 0
1 56 0 1 0 0 0 0 1 0 0 0 0 1 0
1 57 0 1 0 0 0 0 1 0 0 0 0 1 0
1 58 0 1 0 0 0 0 1 0 0 0 0 1 0
1 59 0 1 0 0 0 0 1 0 0 0 0 1 0
1 60 0 1 0 0 0 0 1 0 0 0 0 1 0
1 61 0 1 0 0 0 0 1 0 0 0 0 1 0
1 62 0 1 0 0 0 0 1 0 0 0 0 1 0
1 63 0 1 0 0 0 0 1 0 0 0 0 1 0
1 64 0 1 0 0 0 0 1 0 0 0 0 1 0
1 65 0 1 0 0 0 0 1 0 0 0 0 1 0
1 66 0 1 0 0 0 0 1 0 0 0 0 1 0
1 67 0 1 0 0 0 0 1 0 0 0 0 1 0
1 68 0 1 0 0 0 0 1 0 0 0 0 1 0
1 69 0 1 0 0 0 0 1 0 0 0 0 1 0
1 70 0 1 0 0 0 0 1 0 0 0 0 1 0
1 71 0 1 0 0 0 0 1 0 0 0 0 1 0
1 72 0 1 0 0 0 0 1 0 0 0 0 1 0
1 73 0 1 0 0 0 0 1 0 0 0 0 1 0
1 74 0 1 0 0 0 0 1 0 0 0 0 1 0
1 75 0 1 0 0 0 0 1 0 0 0 0 1 0
1 76 0 1 0 0 0 0 1 0 0 0 0 1 0
1 77 0 1 0 0 0 0 1 0 0 0 0 1 0
1 78 0 1 0 0 0 0 1 0 0 0 0 1 0
1 79 0 1 0 0 0 0 1 0 0 0 0 1 0
1 80 0 1 0 0 0 0 1 0 0 0 0 1 0
1 81 0 1 0 0 0 0 1 0 0 0 0 1 0
1 82 0 1 0 0 0 0 1 0 0 0 0 1 0
1 83 0 1 0 0 0 0 1 0 0 0 0 1 0
1 84 0 1 0 0 0 0 1 0 0 0 0 1 0
1 85 0 1 0 0 0 0 1 0 0 0 0 1 0
1 86 0 1 0 0 0 0 1 0 0 0 0 1 0
1 87 0 1 0 0 0 0 1 0 0 0 0 1 0
1 88 0 1 0 0 0 0 1 0 0 0 0 1 0
1 89 0 1 0 0 0 0 1 0 0 0 0 1 0
1 90 0 1 0 0 0 0 1 0 0 0 0 1 0
1 91 0 1 0 0 0 0 1 0 0 0 0 1 0
1 92 0 1 0 0 0 0 1 0 0 0 0 1 0
1 93 0 1 0 0 0 0 1 0 0 0 0 1 0
1 94 0 1 0 0 0 0 1 0 0 0 0 1 0
1 95 0 1 0 0 0 0 1 0 0 0 0 1 0
1 96 0 1 0 0 0 0 1 0 0 0 0 1 0
1 97 0 1 0 0 0 0 1 0 0 0 0 1 0
1 98 0 1 0 0 0 0 1 0 0 0 0 1 0
1 99 0 1 0 0 0 0 1 0 0 0 0 1 0
1 100 0 1 0 0 0 0 1 0 0 0 0 1 0
1 101 0 1 0 0 0 0 1 0 0 0 0 1 0
1 102 0 1 0 0 0 0 1 0 0 0 0 1 0
1 103 0 1 0 0 0 0 1 0 0 0 0 1 0
1 104 0 1 0 0 0 0 1 0 0 0 0 1 0
1 105 0 1 0 0 0 0 1 0 0 0 0 1 0
1 106 0 1 0 0 0 0 1 0 0 0 0 1 0
1 107 0 1 0 0 0 0 1 0 0 0 0 1 0
1 108 0 1 0 0 0 0 1 0 0 0 0 1 0
1 109 0 1 0 0 0 0 1 0 0 0 0 1 0
1 110 0 1 0 0 0 0 1 0 0 0 0 1 0
1 111 0 1 0 0 0 0 1 0 0 0 0 1 0
1 112 0 1 0 0 0 0 1 0 0 0 0 1 0
1 113 0 1 0 0 0 0 1 0 0 0 0 1 0
1 114 0 1 0 0 0 0 1 0 0 0 0 1 0
1 115 0 1 0 0 0 0 1 0 0 0 0 1 0
1 116 0 1 0 0 0 0 1 0 0 0 0 1 0
1 117 0 1 0 0 0 0 1 0 0 0 0 1 0
1 118 0 1 0 0 0 0 1 0 0 0 0 1 0
1 119 0 1 0 0 0 0 1 0 0 0 0 1 0
1 120 0 1 0 0 0 0 1 0 0 0 0 1 0
1 121 36 0.81266 0.179237 -0.554489 0.392777 -0.189619 0.981074 0.0392226 0.176696 0.551025 0.0732671 0.831266 -0.902499
1 122 91 0.609762 0.270446 -0.745016 0.8383 -0.249982 0.957628 0.143028 -0.0332518 0.75213 0.0990277 0.651532 -0.544194
1 123 61 0.76471 0.319254 -0.559728 0.330361 -0.321163 0.941893 0.0984507 0.142245 0.558634 0.104478 0.822808 -0.933074
1 124 37 0.802745 0.103659 -0.587244 0.282689 -0.112881 0.993386 0.0210453 0.24423 0.585541 0.0493948 0.809136 -0.927598
1 125 36 0.735338 0.451505 -0.505392 0.287589 -0.43391 0.886516 0.160659 0.0202426 0.520577 0.101156 0.847801 -0.95754
1 126 37 0.688518 0.490743 -0.533961 0.397192 -0.520692 0.847008 0.107044 0.265206 0.5048 0.204327 0.838706 -0.878581
1 127 28 0.630902 -0.639017 -0.440024 -0.0588593 -0.775863 -0.519193 -0.358435 0.296589 0.000588226 0.567535 -0.823349 0.95319
1 128 0 1 0 0 0 0 1 0 0 0 0 1 0
1 129 0 1 0 0 0 0 1 0 0 0 0 1 0
1 130 0 1 0 0 0 0 1 0 0 0 0 1 0
1 131 0 1 0 0 0 0 1 0 0 0 0 1 0
1 132 0 1 0 0 0 0 1 0 0 0 0 1 0
1 133 0 1 0 0 0 0 1 0 0 0 0 1 0
1 134 0 1 0 0 0 0 1 0 0 0 0 1 0
1 135 0 1 0 0 0 0 1 0 0 0 0 1 0
1 136 46 0.983469 0.1532 0.09653 -0.259674 -0.156505 0.987291 0.0276054 0.246675 -0.0910741 -0.0422565 0.994947 -0.93366
1 137 0 1 0 0 0 0 1 0 0 0 0 1 0
1 138 0 1 0 0 0 0 1 0 0 0 0 1 0
1 139 84 0.838158 -0.435155 0.328833 -0.207062 0.274972 -0.183548 -0.943769 0.627097 0.471043 0.881448 -0.0341867 0.750916
1 140 79 0.978955 -0.136354 0.151841 0.20919 0.175163 0.943191 -0.282329 0.795676 -0.104718 0.302984 0.947225 -0.568454
1 141 104 0.935206 -0.245436 0.255247 0.0832326 0.219243 0.967382 0.126906 0.215646 -0.278069 -0.0627224 0.958511 -0.972918
1 142 95 0.961229 -0.233515 0.14666 0.221004 0.160828 0.906784 0.389715 -0.538396 -0.223993 -0.351018 0.909183 -0.813196
1 143 92 0.929718 -0.333859 0.155445 -0.0230797 0.308481 0.936552 0.166465 0.0863747 -0.201158 -0.106814 0.973718 -0.995995
1 144 249 0.983884 -0.177752 0.0193942 0.134056 0.1761 0.982073 0.0672453 0.201567 -0.0309995 -0.0627463 0.997548 -0.970257
1 145 502 0.993348 0.0400088 -0.107979 0.302465 -0.0307082 0.995782 0.0864625 0.0627265 0.110982 -0.0825715 0.990386 -0.951094
1 146 586 0.982603 0.0969419 -0.158407 0.47318 -0.0865618 0.9937 0.0711795 0.0602121 0.164309 -0.0562292 0.984805 -0.878906
1 147 750 0.953028 0.179664 -0.243842 0.658766 -0.157181 0.981549 0.108886 0.0403654 0.258906 -0.0654438 0.963683 -0.751264
1 148 815 0.913737 0.207873 -0.349105 0.924858 -0.175211 0.976812 0.123044 -0.0466047 0.366587 -0.0512627 0.92897 -0.377446
1 149 780 0.897442 0.269953 -0.348889 0.919613 -0.227511 0.960835 0.158222 -0.20875 0.377937 -0.0626186 0.923711 -0.332769
1 150 398 0.897982 0.304848 -0.317327 0.952066 -0.283115 0.952322 0.113703 -0.23174 0.33686 -0.0122628 0.941475 -0.199667
1 151 360 0.900986 0.281271 -0.330319 0.973315 -0.273146 0.959289 0.0718075 -0.193865 0.337069 0.0255278 0.941134 -0.122778
1 152 315 0.894973 0.307913 -0.32282 0.957904 -0.314891 0.948595 0.0318024 -0.267046 0.316018 0.0731908 0.945926 -0.105389
1 153 179 0.80482 0.361912 -0.470409 0.957208 -0.370419 0.925556 0.0783336 -0.284245 0.463739 0.111204 0.878965 0.0543878
1 154 162 0.904632 0.348877 -0.244797 0.947494 -0.34634 0.936507 0.0548045 -0.308416 0.248375 0.0352052 0.968024 -0.0844639
1 155 147 0.859497 0.39486 -0.324577 0.938707 -0.380226 0.918295 0.110281 -0.342761 0.341603 0.0286263 0.939408 -0.0366639
1 156 195 0.787767 0.435999 -0.435118 0.924297 -0.39434 0.899631 0.187513 -0.373557 0.4732 0.023868 0.880631 0.0783025
1 157 161 0.843525 0.391923 -0.367237 0.937237 -0.345814 0.919485 0.186976 -0.338189 0.410949 -0.0307236 0.91114 0.0849434
1 158 169 0.789359 0.349466 -0.504763 0.941185 -0.269894 0.936001 0.225963 -0.275326 0.551425 -0.042133 0.833159 0.195872
1 159 146 0.892496 0.315592 -0.322262 0.965347 -0.262715 0.944476 0.197345 -0.225229 0.366649 -0.0914663 0.925852 0.131819
1 160 207 0.799687 0.386613 -0.459381 0.948491 -0.264086 0.913605 0.309166 -0.295961 0.539221 -0.12592 0.832698 0.113012
1 161 190 0.962853 0.249333 -0.10367 0.961355 -0.231785 0.960114 0.15639 -0.143537 0.138528 -0.126551 0.98224 0.234932
1 162 187 0.863906 0.344014 -0.367859 0.965146 -0.266124 0.931889 0.246499 -0.261693 0.427602 -0.115056 0.896615 -0.00323102
1 163 232 0.871889 0.319115 -0.371451 0.964726 -0.23771 0.938959 0.248697 -0.248389 0.42814 -0.128539 0.894524 -0.0872117
1 164 274 0.907378 0.252335 -0.336144 0.977909 -0.207494 0.964415 0.163859 -0.168357 0.365529 -0.0789344 0.927447 -0.123891
1 165 290 0.908648 0.255363 -0.330375 0.952022 -0.205208 0.962154 0.179301 -0.143005 0.363659 -0.0951264 0.926662 -0.270563
1 166 320 0.909801 0.238405 -0.339742 0.91997 -0.188483 0.966619 0.173557 -0.0625666 0.369778 -0.0938672 0.924367 -0.386964
1 167 305 0.916325 0.263879 -0.301191 0.850499 -0.209785 0.957026 0.200229 -0.127308 0.341084 -0.120289 0.932305 -0.510337
1 168 398 0.940072 0.216251 -0.263627 0.776153 -0.169238 0.967121 0.189832 -0.0558754 0.296011 -0.13384 0.945761 -0.628064
1 169 588 0.965539 0.152788 -0.21069 0.75474 -0.126278 0.982893 0.134074 -0.0012782 0.227571 -0.102848 0.968315 -0.656023
1 170 629 0.993272 0.0702561 -0.092064 0.400912 -0.0568165 0.988344 0.141239 0.0925669 0.100914 -0.135057 0.985685 -0.911428
1 171 631 0.993245 0.0363436 -0.110196 0.352988 -0.020951 0.990245 0.137751 0.147811 0.114128 -0.134511 0.984318 -0.923878
1 172 661 0.990236 0.0781166 -0.11546 0.256 -0.0580646 0.984105 0.167827 0.0788678 0.126735 -0.159485 0.979032 -0.963454
2 3 725 0.999955 -0.00922227 0.00200992 0.98937 0.00921786 0.999955 0.00219439 -0.112503 -0.00203007 -0.00217576 0.999996 0.0921369
2 4 1805 0.99788 0.026457 -0.0594663 0.987901 -0.0261424 0.99964 0.0060615 -0.154237 0.0596052 -0.00449406 0.998212 -0.0162029
2 5 1523 0.997713 0.0382459 -0.0557327 0.999284 -0.0388504 0.999197 -0.0098029 -0.0362497 0.0553131 0.0119457 0.998398 -0.0108318
2 6 1264 0.99311 0.0451528 -0.108139 0.9925 -0.0439541 0.998943 0.0134432 -0.0393218 0.108632 -0.00859743 0.994045 0.115752
2 7 871 0.98708 0.0492785 -0.152465 0.98432 -0.0521799 0.998524 -0.0150847 -0.0968261 0.151497 0.0228454 0.988194 0.147444
2 8 719 0.983017 0.0620652 -0.172698 0.999671 -0.0678628 0.997305 -0.0278658 -0.0226421 0.170503 0.0391123 0.984581 -0.0120272
2 9 542 0.981771 0.0919142 -0.166364 0.987587 -0.0962918 0.995183 -0.018424 -0.00448458 0.163869 0.0341076 0.985892 -0.157009
2 10 289 0.974609 0.1327 -0.180355 0.976434 -0.130303 0.991156 0.0251288 0.032965 0.182095 -0.00098989 0.98328 -0.213282
2 11 169 0.989776 0.126544 0.0658007 0.587341 -0.130109 0.99008 0.0530369 0.0500575 -0.0584365 -0.0610559 0.996422 -0.80779
2 12 200 0.875699 0.232302 -0.423305 0.985949 -0.235602 0.970791 0.0453574 0.0510201 0.421477 0.0600122 0.904851 -0.159063
2 13 98 0.783202 0.273194 -0.558534 0.993949 -0.285746 0.955967 0.0669021 -0.0068031 0.552217 0.107201 0.826779 -0.109633
2 14 52 0.996977 0.0696867 -0.0343566 -0.28756 -0.0695676 0.997566 0.00465298 0.211439 0.0345973 -0.00224881 0.999399 -0.934132
2 15 41 0.991259 0.130964 0.0159289 -0.274004 -0.131537 0.990383 0.0428962 0.190284 -0.0101579 -0.0446165 0.998953 -0.942716
2 16 37 0.726742 -0.102112 -0.679279 0.357936 -0.453845 -0.813684 -0.36324 0.0730659 -0.515627 0.572269 -0.637681 0.930883
2 17 0 1 0 0 0 0 1 0 0 0 0 1 0
2 18 34 0.999749 0.0137109 0.0176979 0.305937 -0.0137975 0.999893 0.00477782 -0.23043 -0.0176305 -0.00502081 0.999832 0.923745
2 19 0 1 0 0 0 0 1 0 0 0 0 1 0
2 20 0 1 0 0 0 0 1 0 0 0 0 1 0
2 21 0 1 0 0 0 0 1 0 0 0 0 1 0
2 22 0 1 0 0 0 0 1 0 0 0 0 1 0
2 23 0 1 0 0 0 0 1 0 0 0 0 1 0
2 24 0 1 0 0 0 0 1 0 0 0 0 1 0
2 25 0 1 0 0 0 0 1 0 0 0 0 1 0
2 26 0 1 0 0 0 0 1 0 0 0 0 1 0
2 27 0 1 0 0 0 0 1 0 0 0 0 1 0
2 28 0 1 0 0 0 0 1 0 0 0 0 1 0
2 29 0 1 0 0 0 0 1 0 0 0 0 1 0
2 30 0 1 0 0 0 0 1 0 0 0 0 1 0
2 31 0 1 0 0 0 0 1 0 0 0 0 1 0
2 32 0 1 0 0 0 0 1 0 0 0 0 1 0
2 33 0 1 0 0 0 0 1 0 0 0 0 1 0
2 34 0 1 0 0 0 0 1 0 0 0 0 1 0
2 35 0 1 0 0 0 0 1 0 0 0 0 1 0
2 36 0 1 0 0 0 0 1 0 0 0 0 1 0
2 37 0 1 0 0 0 0 1 0 0 0 0 1 0
2 38 0 1 0 0 0 0 1 0 0 0 0 1 0
2 39 0 1 0 0 0 0 1 0 0 0 0 1 0
2 40 0 1 0 0 0 0 1 0 0 0 0 1 0
2 41 0 1 0 0 0 0 1 0 0 0 0 1 0
2 42 0 1 0 0 0 0 1 0 0 0 0 1 0
2 43 0 1 0 0 0 0 1 0 0 0 0 1 0
2 44 0 1 0 0 0 0 1 0 0 0 0 1 0
2 45 0 1 0 0 0 0 1 0 0 0 0 1 0
2 46 0 1 0 0 0 0 1 0 0 0 0 1 0
2 47 0 1 0 0 0 0 1 0 0 0 0 1 0
2 48 0 1 0 0 0 0 1 0 0 0 0 1 0
2 49 0 1 0 0 0 0 1 0 0 0 0 1 0
2 50 0 1 0 0 0 0 1 0 0 0 0 1 0
2 51 0 1 0 0 0 0 1 0 0 0 0 1 0
2 52 0 1 0 0 0 0 1 0 0 0 0 1 0
2 53 0 1 0 0 0 0 1 0 0 0 0 1 0
2 54 0 1 0 0 0 0 1 0 0 0 0 1 0
2 55 0 1 0 0 0 0 1 0 0 0 0 1 0
2 56 0 1 0 0 0 0 1 0 0 0 0 1 0
2 57 0 1 0 0 0 0 1 0 0 0 0 1 0
2 58 0 1 0 0 0 0 1 0 0 0 0 1 0
2 59 0 1 0 0 0 0 1 0 0 0 0 1 0
2 60 0 1 0 0 0 0 1 0 0 0 0 1 0
2 61 0 1 0 0 0 0 1 0 0 0 0 1 0
2 62 0 1 0 0 0 0 1 0 0 0 0 1 0
2 63 0 1 0 0 0 0 1 0 0 0 0 1 0
2 64 0 1 0 0 0 0 1 0 0 0 0 1 0
2 65 0 1 0 0 0 0 1 0 0 0 0 1 0
2 66 0 1 0 0 0 0 1 0 0 0 0 1 0
2 67 0 1 0 0 0 0 1 0 0 0 0 1 0
2 68 0 1 0 0 0 0 1 0 0 0 0 1 0
2 69 0 1 0 0 0 0 1 0 0 0 0 1 0
2 70 0 1 0 0 0 0 1 0 0 0 0 1 0
2 71 0 1 0 0 0 0 1 0 0 0 0 1 0
2 72 0 1 0 0 0 0 1 0 0 0 0 1 0
2 73 0 1 0 0 0 0 1 0 0 0 0 1 0
2 74 0 1 0 0 0 0 1 0 0 0 0 1 0
2 75 0 1 0 0 0 0 1 0 0 0 0 1 0
2 76 0 1 0 0 0 0 1 0 0 0 0 1 0
2 77 0 1 0 0 0 0 1 0 0 0 0 1 0
2 78 0 1 0 0 0 0 1 0 0 0 0 1 0
2 79 0 1 0 0 0 0 1 0 0 0 0 1 0
2 80 0 1 0 0 0 0 1 0 0 0 0 1 0
2 81 0 1 0 0 0 0 1 0 0 0 0 1 0
2 82 0 1 0 0 0 0 1 0 0 0 0 1 0
2 83 0 1 0 0 0 0 1 0 0 0 0 1 0
2 84 0 1 0 0 0 0 1 0 0 0 0 1 0
2 85 0 1 0 0 0 0 1 0 0 0 0 1 0
2 86 0 1 0 0 0 0 1 0 0 0 0 1 0
2 87 0 1 0 0 0 0 1 0 0 0 0 1 0
2 88 0 1 0 0 0 0 1 0 0 0 0 1 0
2 89 0 1 0 0 0 0 1 0 0 0 0 1 0
2 90 0 1 0 0 0 0 1 0 0 0 0 1 0
2 91 0 1 0 0 0 0 1 0 0 0 0 1 0
2 92 0 1 0 0 0 0 1 0 0 0 0 1 0
2 93 0 1 0 0 0 0 1 0 0 0 0 1 0
2 94 0 1 0 0 0 0 1 0 0 0 0 1 0
2 95 0 1 0 0 0 0 1 0 0 0 0 1 0
2 96 0 1 0 0 0 0 1 0 0 0 0 1 0
2 97 0 1 0 0 0 0 1 0 0 0 0 1 0
2 98 0 1 0 0 0 0 1 0 0 0 0 1 0
2 99 0 1 0 0 0 0 1 0 0 0 0 1 0
2 100 0 1 0 0 0 0 1 0 0 0 0 1 0
2 101 0 1 0 0 0 0 1 0 0 0 0 1 0
2 102 0 1 0 0 0 0 1 0 0 0 0 1 0
2 103 0 1 0 0 0 0 1 0 0 0 0 1 0
2 104 0 1 0 0 0 0 1 0 0 0 0 1 0
2 105 0 1 0 0 0 0 1 0 0 0 0 1 0
2 106 0 1 0 0 0 0 1 0 0 0 0 1 0
2 107 0 1 0 0 0 0 1 0 0 0 0 1 0
2 108 0 1 0 0 0 0 1 0 0 0 0 1 0
2 109 0 1 0 0 0 0 1 0 0 0 0 1 0
2 110 0 1 0 0 0 0 1 0 0 0 0 1 0
2 111 0 1 0 0 0 0 1 0 0 0 0 1 0
2 112 0 1 0 0 0 0 1 0 0 0 0 1 0
2 113 0 1 0 0 0 0 1 0 0 0 0 1 0
2 114 0 1 0 0 0 0 1 0 0 0 0 1 0
2 115 0 1 0 0 0 0 1 0 0 0 0 1 0
2 116 0 1 0 0 0 0 1 0 0 0 0 1 0
2 117 0 1 0 0 0 0 1 0 0 0 0 1 0
2 118 0 1 0 0 0 0 1 0 0 0 0 1 0
2 119 0 1 0 0 0 0 1 0 0 0 0 1 0
2 120 0 1 0 0 0 0 1 0 0 0 0 1 0
2 121 15 0.766909 0.51116 -0.388029 0.193169 -0.528397 0.846087 0.0702355 0.326907 0.364208 0.151169 0.918967 -0.925104
2 122 33 0.817347 0.297532 -0.493375 0.244653 -0.301541 0.950599 0.0737173 0.138492 0.490935 0.0885202 0.866687 -0.959669
2 123 28 0.736202 0.423915 -0.527544 0.572232 -0.428778 0.895266 0.121031 0.522625 0.523599 0.137096 0.840862 -0.631992
2 124 53 0.887498 0.288804 -0.359083 -0.257821 -0.227266 0.952197 0.204134 -0.154489 0.400872 -0.0995609 0.910708 -0.953762
2 125 42 0.871142 0.173863 -0.45922 0.0503433 -0.165189 0.984474 0.0593629 0.14377 0.462411 0.0241444 0.886337 -0.98833
2 126 38 0.31193 -0.811564 -0.494029 -0.00351404 -0.949999 -0.274179 -0.149424 0.182552 -0.0141856 0.515936 -0.856509 0.98319
2 127 0 1 0 0 0 0 1 0 0 0 0 1 0
2 128 0 1 0 0 0 0 1 0 0 0 0 1 0
2 129 0 1 0 0 0 0 1 0 0 0 0 1 0
2 130 0 1 0 0 0 0 1 0 0 0 0 1 0
2 131 0 1 0 0 0 0 1 0 0 0 0 1 0
2 132 0 1 0 0 0 0 1 0 0 0 0 1 0
2 133 0 1 0 0 0 0 1 0 0 0 0 1 0
2 134 0 1 0 0 0 0 1 0 0 0 0 1 0
2 135 0 1 0 0 0 0 1 0 0 0 0 1 0
2 136 29 0.975316 0.158154 0.154099 -0.390103 -0.169888 0.983242 0.0661363 0.16707 -0.141057 -0.0906835 0.985839 -0.905487
2 137 0 1 0 0 0 0 1 0 0 0 0 1 0
2 138 0 1 0 0 0 0 1 0 0 0 0 1 0
2 139 65 0.990265 0.106148 0.0900433 0.277259 -0.121005 0.976201 0.179969 -0.281906 -0.0687969 -0.189113 0.979542 -0.918508
2 140 91 0.977181 -0.0294715 0.210353 0.167382 0.012739 0.996676 0.0804615 0.183826 -0.212025 -0.0759458 0.974309 -0.968603
2 141 104 0.853506 -0.249307 0.457573 -0.207274 0.517852 0.503453 -0.691639 0.952378 -0.0579363 0.827273 0.558805 0.223639
2 142 95 0.919182 -0.32682 0.219757 -0.00447716 0.283004 0.936173 0.208538 0.0365329 -0.273885 -0.129492 0.953005 -0.999322
2 143 72 0.948496 -0.296476 0.111617 0.0871574 0.270113 0.940965 0.204019 -0.0229832 -0.165514 -0.163362 0.972583 -0.995929
2 144 238 0.986756 -0.16198 -0.00867613 0.191822 0.162203 0.984711 0.0635146 0.210054 -0.0017446 -0.0640807 0.997943 -0.958687
2 145 512 0.992626 0.0382776 -0.115012 0.297421 -0.0304742 0.997161 0.0688574 0.122989 0.117321 -0.0648448 0.990975 -0.946792
2 146 597 0.988225 0.080463 -0.130139 0.364452 -0.0742511 0.995888 0.0519077 0.127874 0.133781 -0.0416336 0.990136 -0.922401
2 147 757 0.973807 0.169986 -0.151016 0.360464 -0.152674 0.980997 0.119728 0.0110066 0.168498 -0.0935361 0.981254 -0.932708
2 148 848 0.952289 0.200992 -0.22967 0.640654 -0.174209 0.975864 0.131684 -0.077142 0.250594 -0.0853908 0.964319 -0.763945
2 149 829 0.900679 0.268477 -0.341609 0.893056 -0.227166 0.961201 0.156486 -0.187915 0.370368 -0.0633419 0.926723 -0.408826
2 150 441 0.884005 0.315811 -0.344671 0.939558 -0.285081 0.948527 0.137935 -0.25436 0.370491 -0.0236759 0.928534 -0.229197
2 151 365 0.922987 0.282305 -0.26153 0.942604 -0.272316 0.959322 0.0744721 -0.215362 0.271915 0.00248209 0.962318 -0.255179
2 152 285 0.892357 0.29864 -0.338399 0.96366 -0.307824 0.951044 0.0275717 -0.245017 0.330066 0.0795636 0.940599 -0.106426
2 153 197 0.890378 0.32852 -0.315123 0.967753 -0.342865 0.939326 0.0104976 -0.24583 0.299452 0.0986976 0.948993 -0.0549726
2 154 206 0.882891 0.376172 -0.281066 0.935295 -0.364808 0.926341 0.0938511 -0.333162 0.295667 0.0196746 0.955088 -0.119273
2 155 145 0.833633 0.395224 -0.385817 0.94916 -0.379506 0.917403 0.119775 -0.314626 0.401287 0.0465714 0.914767 -0.0102917
2 156 91 0.930736 0.343209 0.126246 -0.546952 -0.339266 0.939241 -0.0521957 0.0792181 -0.136489 0.00574959 0.990625 0.833408
2 157 177 0.794336 0.373675 -0.478955 0.952746 -0.328037 0.927446 0.17954 -0.262941 0.511294 0.0145003 0.859283 0.152108
2 158 164 0.807929 0.360253 -0.466335 0.951391 -0.282688 0.931305 0.229693 -0.291696 0.517048 -0.0537488 0.854267 0.0988388
2 159 216 0.769057 0.366202 -0.523877 0.956222 -0.254514 0.927276 0.274557 -0.256396 0.586322 -0.0778164 0.806332 0.141068
2 160 185 0.816489 0.371796 -0.441716 0.957025 -0.260517 0.919994 0.292816 -0.275007 0.515244 -0.124006 0.848025 0.0920527
2 161 225 0.837438 0.325252 -0.439214 0.977005 -0.23764 0.940392 0.24329 -0.205537 0.492163 -0.0993654 0.864813 0.0567047
2 162 187 0.852736 0.344971 -0.392221 0.964386 -0.258145 0.931103 0.257696 -0.263616 0.454096 -0.118497 0.883038 -0.0215794
2 163 236 0.892988 0.303306 -0.332533 0.966463 -0.237107 0.945015 0.225228 -0.216042 0.382561 -0.12228 0.915803 -0.138838
2 164 243 0.896972 0.270575 -0.349614 0.972645 -0.220733 0.959302 0.176112 -0.175321 0.383037 -0.0807965 0.920193 -0.152395
2 165 268 0.904328 0.258079 -0.33998 0.946647 -0.205529 0.961373 0.183082 -0.138709 0.374097 -0.0956903 0.922439 -0.290894
2 166 249 0.909132 0.233628 -0.344815 0.907467 -0.186121 0.968492 0.165475 -0.0338898 0.372611 -0.0862612 0.92397 -0.418753
2 167 326 0.959451 0.236953 -0.152668 0.609445 -0.211046 0.962901 0.168172 -0.0509313 0.186853 -0.129133 0.973864 -0.791191
2 168 395 0.95232 0.19958 -0.23077 0.708175 -0.165172 0.973193 0.160042 0.0444537 0.256524 -0.114295 0.959756 -0.704636
2 169 565 0.974945 0.141398 -0.171721 0.665117 -0.122927 0.985863 0.11386 0.0678059 0.185393 -0.0898983 0.978544 -0.743654
2 170 604 0.995232 0.0617566 -0.0754916 0.325385 -0.0512518 0.989664 0.133934 0.123882 0.0829827 -0.129426 0.988111 -0.937431
2 171 626 0.9974 0.0284126 -0.0662312 0.190891 -0.0176542 0.98733 0.157696 0.089448 0.0698726 -0.156117 0.985264 -0.977527
2 172 645 0.989093 0.0770157 -0.125554 0.25216 -0.0563274 0.985393 0.16071 0.107346 0.136097 -0.151885 0.978984 -0.961713
3 4 1754 0.997766 0.0333256 -0.0578981 0.999543 -0.0334651 0.999439 -0.00144182 0.0133044 0.0578175 0.00337616 0.998321 0.0271307
3 5 1630 0.997111 0.0451694 -0.0610677 0.983716 -0.0464996 0.998707 -0.0205383 0.070772 0.0600611 0.0233186 0.997922 0.165209
3 6 1472 0.991442 0.0589658 -0.116475 0.988176 -0.0584613 0.99826 0.00774568 -0.00317239 0.116729 -0.000870091 0.993163 0.153288
3 7 951 0.985323 0.0571498 -0.160848 0.983014 -0.0610211 0.997951 -0.0192276 -0.0822274 0.15942 0.0287605 0.986792 0.164082
3 8 730 0.986557 0.0729128 -0.14625 0.997007 -0.0762674 0.996935 -0.0174556 -0.0530884 0.144529 0.028375 0.989094 -0.0562056
3 9 548 0.964078 0.119705 -0.237117 0.987203 -0.124893 0.992146 -0.00692215 -0.0166155 0.234426 0.0362877 0.971456 -0.158598
3 10 290 0.935556 0.163722 -0.312936 0.978144 -0.158424 0.986457 0.0424696 0.00675491 0.315652 0.00984398 0.948824 -0.207819
3 11 271 0.888967 0.203321 -0.410364 0.986897 -0.203179 0.97813 0.044485 0.0619377 0.410434 0.0438318 0.910836 -0.148989
3 12 206 0.88599 0.234591 -0.399985 0.957764 -0.235934 0.970647 0.0466781 0.0712668 0.399194 0.0530136 0.915332 -0.278586
3 13 125 0.885917 0.247321 -0.392408 0.923388 -0.258727 0.96564 0.0244939 0.09224 0.384982 0.079827 0.919465 -0.372621
3 14 66 0.76929 0.248241 -0.588702 0.974299 -0.299633 0.953994 0.010728 0.148043 0.564281 0.168142 0.808279 -0.169777
3 15 36 0.984627 0.174063 0.0145465 -0.328372 -0.174581 0.983358 0.0502772 0.196999 -0.00555306 -0.0520438 0.998629 -0.923776
3 16 17 0.981103 0.193431 0.00456386 -0.28578 -0.193483 0.98092 0.0189853 0.225864 -0.000804444 -0.0195096 0.999809 -0.931297
3 17 0 1 0 0 0 0 1 0 0 0 0 1 0
3 18 22 0.992658 0.119231 0.0203276 0.31258 -0.119841 0.992275 0.0320576 -0.193564 -0.0163484 -0.0342583 0.999279 0.929961
3 19 0 1 0 0 0 0 1 0 0 0 0 1 0
3 20 0 1 0 0 0 0 1 0 0 0 0 1 0
3 21 0 1 0 0 0 0 1 0 0 0 0 1 0
3 22 0 1 0 0 0 0 1 0 0 0 0 1 0
3 23 0 1 0 0 0 0 1 0 0 0 0 1 0
3 24 0 1 0 0 0 0 1 0 0 0 0 1 0
3 25 0 1 0 0 0 0 1 0 0 0 0 1 0
3 26 0 1 0 0 0 0 1 0 0 0 0 1 0
3 27 0 1 0 0 0 0 1 0 0 0 0 1 0
3 28 0 1 0 0 0 0 1 0 0 0 0 1 0
3 29 0 1 0 0 0 0 1 0 0 0 0 1 0
3 30 0 1 0 0 0 0 1 0 0 0 0 1 0
3 31 0 1 0 0 0 0 1 0 0 0 0 1 0
3 32 0 1 0 0 0 0 1 0 0 0 0 1 0
3 33 0 1 0 0 0 0 1 0 0 0 0 1 0
3 34 0 1 0 0 0 0 1 0 0 0 0 1 0
3 35 0 1 0 0 0 0 1 0 0 0 0 1 0
3 36 0 1 0 0 0 0 1 0 0 0 0 1 0
3 37 0 1 0 0 0 0 1 0 0 0 0 1 0
3 38 0 1 0 0 0 0 1 0 0 0 0 1 0
3 39 0 1 0 0 0 0 1 0 0 0 0 1 0
3 40 0 1 0 0 0 0 1 0 0 0 0 1 0
3 41 0 1 0 0 0 0 1 0 0 0 0 1 0
3 42 0 1 0 0 0 0 1 0 0 0 0 1 0
3 43 0 1 0 0 0 0 1 0 0 0 0 1 0
3 44 0 1 0 0 0 0 1 0 0 0 0 1 0
3 45 0 1 0 0 0 0 1 0 0 0 0 1 0
3 46 0 1 0 0 0 0 1 0 0 0 0 1 0
3 47 0 1 0 0 0 0 1 0 0 0 0 1 0
3 48 0 1 0 0 0 0 1 0 0 0 0 1 0
3 49 0 1 0 0 0 0 1 0 0 0 0 1 0
3 50 0 1 0 0 0 0 1 0 0 0 0 1 0
3 51 0 1 0 0 0 0 1 0 0 0 0 1 0
3 52 0 1 0 0 0 0 1 0 0 0 0 1 0
3 53 0 1 0 0 0 0 1 0 0 0 0 1 0
3 54 0 1 0 0 0 0 1 0 0 0 0 1 0
3 55 0 1 0 0 0 0 1 0 0 0 0 1 0
3 56 0 1 0 0 0 0 1 0 0 0 0 1 0
3 57 0 1 0 0 0 0 1 0 0 0 0 1 0
3 58 0 1 0 0 0 0 1 0 0 0 0 1 0
3 59 0 1 0 0 0 0 1 0 0 0 0 1 0
3 60 0 1 0 0 0 0 1 0 0 0 0 1 0
3 61 0 1 0 0 0 0 1 0 0 0 0 1 0
3 62 0 1 0 0 0 0 1 0 0 0 0 1 0
3 63 0 1 0 0 0 0 1 0 0 0 0 1 0
3 64 0 1 0 0 0 0 1 0 0 0 0 1 0
3 65 0 1 0 0 0 0 1 0 0 0 0 1 0
3 66 0 1 0 0 0 0 1 0 0 0 0 1 0
3 67 0 1 0 0 0 0 1 0 0 0 0 1 0
3 68 0 1 0 0 0 0 1 0 0 0 0 1 0
3 69 0 1 0 0 0 0 1 0 0 0 0 1 0
3 70 0 1 0 0 0 0 1 0 0 0 0 1 0
3 71 0 1 0 0 0 0 1 0 0 0 0 1 0
3 72 0 1 0 0 0 0 1 0 0 0 0 1 0
3 73 0 1 0 0 0 0 1 0 0 0 0 1 0
3 74 0 1 0 0 0 0 1 0 0 0 0 1 0
3 75 0 1 0 0 0 0 1 0 0 0 0 1 0
3 76 0 1 0 0 0 0 1 0 0 0 0 1 0
3 77 0 1 0 0 0 0 1 0 0 0 0 1 0
3 78 0 1 0 0 0 0 1 0 0 0 0 1 0
3 79 0 1 0 0 0 0 1 0 0 0 0 1 0
3 80 0 1 0 0 0 0 1 0 0 0 0 1 0
3 81 0 1 0 0 0 0 1 0 0 0 0 1 0
3 82 0 1 0 0 0 0 1 0 0 0 0 1 0
3 83 0 1 0 0 0 0 1 0 0 0 0 1 0
3 84 0 1 0 0 0 0 1 0 0 0 0 1 0
3 85 0 1 0 0 0 0 1 0 0 0 0 1 0
3 86 0 1 0 0 0 0 1 0 0 0 0 1 0
3 87 0 1 0 0 0 0 1 0 0 0 0 1 0
3 88 0 1 0 0 0 0 1 0 0 0 0 1 0
3 89 0 1 0 0 0 0 1 0 0 0 0 1 0
3 90 0 1 0 0 0 0 1 0 0 0 0 1 0
3 91 0 1 0 0 0 0 1 0 0 0 0 1 0
3 92 0 1 0 0 0 0 1 0 0 0 0 1 0
3 93 0 1 0 0 0 0 1 0 0 0 0 1 0
3 94 0 1 0 0 0 0 1 0 0 0 0 1 0
3 95 0 1 0 0 0 0 1 0 0 0 0 1 0
3 96 0 1 0 0 0 0 1 0 0 0 0 1 0
3 97 0 1 0 0 0 0 1 0 0 0 0 1 0
3 98 0 1 0 0 0 0 1 0 0 0 0 1 0
3 99 0 1 0 0 0 0 1 0 0 0 0 1 0
3 100 0 1 0 0 0 0 1 0 0 0 0 1 0
3 101 0 1 0 0 0 0 1 0 0 0 0 1 0
3 102 0 1 0 0 0 0 1 0 0 0 0 1 0
3 103 0 1 0 0 0 0 1 0 0 0 0 1 0
3 104 0 1 0 0 0 0 1 0 0 0 0 1 0
3 105 0 1 0 0 0 0 1 0 0 0 0 1 0
3 106 0 1 0 0 0 0 1 0 0 0 0 1 0
3 107 0 1 0 0 0 0 1 0 0 0 0 1 0
3 108 0 1 0 0 0 0 1 0 0 0 0 1 0
3 109 0 1 0 0 0 0 1 0 0 0 0 1 0
3 110 0 1 0 0 0 0 1 0 0 0 0 1 0
3 111 0 1 0 0 0 0 1 0 0 0 0 1 0
3 112 0 1 0 0 0 0 1 0 0 0 0 1 0
3 113 0 1 0 0 0 0 1 0 0 0 0 1 0
3 114 0 1 0 0 0 0 1 0 0 0 0 1 0
3 115 0 1 0 0 0 0 1 0 0 0 0 1 0
3 116 0 1 0 0 0 0 1 0 0 0 0 1 0
3 117 0 1 0 0 0 0 1 0 0 0 0 1 0
3 118 0 1 0 0 0 0 1 0 0 0 0 1 0
3 119 0 1 0 0 0 0 1 0 0 0 0 1 0
3 120 0 1 0 0 0 0 1 0 0 0 0 1 0
3 121 21 0.843396 0.269638 -0.464736 0.152815 -0.301468 0.953457 0.0060924 0.348637 0.444748 0.134965 0.885428 -0.924716
3 122 23 0.699862 0.592477 -0.398954 0.245035 -0.612012 0.785391 0.0927479 0.218591 0.368286 0.179254 0.912268 -0.944551
3 123 27 0.722115 0.429275 -0.54247 -0.233891 -0.437858 0.890727 0.122003 0.104011 0.535565 0.149425 0.831169 0.966683
3 124 49 0.723292 0.454625 -0.519774 0.241846 -0.429035 0.885653 0.17762 -0.00730292 0.54109 0.0945302 0.835635 -0.970287
3 125 22 0.79752 0.137982 -0.587301 0.410947 -0.110128 0.990433 0.0831467 -0.0109326 0.593155 -0.00163265 0.805086 -0.911594
3 126 23 0.821727 -0.1252 0.555958 -0.741275 -0.564944 -0.0508231 0.823563 -0.491019 -0.0748544 -0.990829 -0.112494 0.457614
3 127 0 1 0 0 0 0 1 0 0 0 0 1 0
3 128 0 1 0 0 0 0 1 0 0 0 0 1 0
3 129 0 1 0 0 0 0 1 0 0 0 0 1 0
3 130 0 1 0 0 0 0 1 0 0 0 0 1 0
3 131 0 1 0 0 0 0 1 0 0 0 0 1 0
3 132 0 1 0 0 0 0 1 0 0 0 0 1 0
3 133 0 1 0 0 0 0 1 0 0 0 0 1 0
3 134 0 1 0 0 0 0 1 0 0 0 0 1 0
3 135 0 1 0 0 0 0 1 0 0 0 0 1 0
3 136 29 0.956285 0.207454 -0.206112 0.330872 -0.221934 0.973802 -0.04955 0.378155 0.190433 0.0931272 0.977273 -0.864594
3 137 0 1 0 0 0 0 1 0 0 0 0 1 0
3 138 0 1 0 0 0 0 1 0 0 0 0 1 0
3 139 52 0.993928 0.102674 -0.0395655 0.531128 -0.104456 0.993467 -0.0459576 0.312763 0.0345884 0.0498114 0.99816 -0.787453
3 140 88 0.963404 -0.0808669 0.255566 0.016752 0.0525867 0.9919 0.115624 0.151861 -0.262846 -0.0979535 0.959853 -0.98826
3 141 113 0.939284 -0.206893 0.273752 0.00543395 0.169481 0.973403 0.154154 0.133187 -0.298364 -0.0983991 0.949366 -0.991076
3 142 81 0.919728 -0.34189 0.192905 -0.108663 0.383895 0.886007 -0.26003 0.992666 -0.0820137 0.313212 0.946135 -0.0529733
3 143 98 0.947956 -0.28981 0.131866 -0.00749137 0.277866 0.95521 0.101808 0.203255 -0.155465 -0.0598685 0.986026 -0.979097
3 144 220 0.986174 -0.160699 0.0404451 0.00664466 0.155506 0.981785 0.109164 0.0866121 -0.0572509 -0.101366 0.993201 -0.99622
3 145 503 0.995927 0.0475686 -0.0765885 0.14261 -0.0409596 0.995482 0.0856645 0.0790706 0.0803174 -0.0821786 0.993376 -0.986615
3 146 611 0.978832 0.100497 -0.178295 0.444549 -0.0951802 0.994729 0.0381483 0.176691 0.181189 -0.0203705 0.983237 -0.878155
3 147 737 0.958803 0.184192 -0.216264 0.497514 -0.163339 0.98033 0.110787 0.0576945 0.232416 -0.0708986 0.970029 -0.865535
3 148 894 0.952927 0.214026 -0.214763 0.527325 -0.188021 0.972814 0.135207 -0.0842284 0.237862 -0.0884621 0.967262 -0.845478
3 149 829 0.89319 0.275483 -0.355415 0.893872 -0.237515 0.960148 0.147318 -0.141903 0.381835 -0.0471669 0.923026 -0.425273
3 150 495 0.909432 0.315504 -0.270907 0.883038 -0.291357 0.948245 0.126262 -0.267468 0.296722 -0.0358964 0.954289 -0.385622
3 151 351 0.921575 0.279248 -0.269667 0.954844 -0.275637 0.959855 0.0519799 -0.149291 0.273357 0.0264269 0.96155 -0.256875
3 152 331 0.868214 0.311767 -0.386013 0.975112 -0.328853 0.944104 0.022864 -0.197043 0.371565 0.107091 0.92221 -0.101638
3 153 217 0.916943 0.333455 -0.219142 0.945051 -0.342059 0.939678 -0.00140642 -0.251826 0.205454 0.076249 0.975692 -0.208473
3 154 182 0.774631 0.412728 -0.479168 0.946977 -0.383562 0.909032 0.162916 -0.320539 0.502819 0.0575904 0.862471 -0.022097
3 155 115 0.855632 0.399084 -0.329583 0.946449 -0.387419 0.916078 0.103475 -0.319349 0.343219 0.0391504 0.938439 -0.0474466
3 156 183 0.83306 0.443125 -0.331136 0.919852 -0.413518 0.89645 0.159311 -0.383828 0.367442 0.00421577 0.930037 -0.0809191
