0 1 1444 0.999954 0.00895388 0.00330083 0.00372423 -0.00896673 0.999952 0.00390077 -0.0511438 -0.00326574 -0.00393019 0.999987 0.998684
0 2 11403 0.999286 0.0131964 -0.0354117 0.896853 -0.0132524 0.999911 -0.00134745 0.00823054 0.0353907 0.00181577 0.999372 0.442252
0 3 10569 0.998996 0.00687966 -0.0442645 0.967757 -0.00674766 0.999972 0.00313082 -0.0379933 0.0442848 -0.002829 0.999015 0.249003
0 4 9378 0.994232 0.0382147 -0.100207 0.96538 -0.0369779 0.999216 0.0141718 -0.155782 0.10067 -0.0103846 0.994866 0.209223
0 5 7216 0.994158 0.0460441 -0.0976196 0.981125 -0.0473063 0.998824 -0.0106535 -0.043348 0.0970142 0.0152093 0.995167 0.188454
0 6 5579 0.988981 0.0572736 -0.136514 0.986354 -0.0564034 0.998356 0.010237 -0.0178233 0.136875 -0.00242433 0.990585 0.163672
0 7 4060 0.981728 0.0554104 -0.182046 0.971925 -0.0606192 0.997892 -0.02317 -0.0690827 0.180378 0.0337821 0.983017 0.224922
0 8 3019 0.977452 0.0751339 -0.197339 0.997458 -0.0804574 0.996575 -0.0190872 -0.0503692 0.195229 0.0345342 0.980149 0.0504106
0 9 2365 0.955782 0.128479 -0.264526 0.996688 -0.131674 0.991277 0.00569474 -0.0568667 0.26295 0.0293883 0.964362 -0.0581353
0 10 1430 0.932624 0.176908 -0.314508 0.988526 -0.166883 0.984225 0.0587529 -0.0363484 0.31994 -0.0023085 0.947435 -0.146611
0 11 1111 0.890952 0.192466 -0.411293 0.998351 -0.18942 0.980693 0.0485933 0.0307962 0.412705 0.0346128 0.910207 -0.0484405
0 12 825 0.856597 0.257968 -0.446872 0.993038 -0.249648 0.965141 0.0786062 -0.0114846 0.451572 0.0442271 0.891138 -0.117237
0 13 648 0.893331 0.235233 -0.382917 0.946213 -0.247614 0.968702 0.0174167 0.0910613 0.375029 0.0792567 0.923619 -0.310466
0 14 339 0.974649 0.204731 -0.0902506 0.567389 -0.201679 0.978558 0.0418261 0.132674 0.0968786 -0.0225641 0.99504 -0.812691
0 15 126 0.992552 0.119721 0.0225293 -0.349014 -0.121022 0.990189 0.0698523 -0.0769532 -0.0139454 -0.0720586 0.997303 -0.933953
0 16 204 0.975838 0.0856935 0.200988 0.0967006 -0.09401 0.995051 0.0321871 0.282842 -0.197235 -0.0503043 0.979065 -0.95428
0 17 51 0.999687 -0.0211632 -0.0133081 0.227849 -0.0112095 0.0963624 -0.995283 0.71406 0.0223457 0.995121 0.096095 0.661969
0 18 0 1 0 0 0 0 1 0 0 0 0 1 0
0 19 0 1 0 0 0 0 1 0 0 0 0 1 0
0 20 0 1 0 0 0 0 1 0 0 0 0 1 0
0 21 0 1 0 0 0 0 1 0 0 0 0 1 0
0 22 0 1 0 0 0 0 1 0 0 0 0 1 0
0 23 0 1 0 0 0 0 1 0 0 0 0 1 0
0 24 0 1 0 0 0 0 1 0 0 0 0 1 0
0 25 0 1 0 0 0 0 1 0 0 0 0 1 0
0 26 0 1 0 0 0 0 1 0 0 0 0 1 0
0 27 0 1 0 0 0 0 1 0 0 0 0 1 0
0 28 0 1 0 0 0 0 1 0 0 0 0 1 0
0 29 0 1 0 0 0 0 1 0 0 0 0 1 0
0 30 0 1 0 0 0 0 1 0 0 0 0 1 0
0 31 0 1 0 0 0 0 1 0 0 0 0 1 0
0 32 0 1 0 0 0 0 1 0 0 0 0 1 0
0 33 0 1 0 0 0 0 1 0 0 0 0 1 0
0 34 0 1 0 0 0 0 1 0 0 0 0 1 0
0 35 0 1 0 0 0 0 1 0 0 0 0 1 0
0 36 0 1 0 0 0 0 1 0 0 0 0 1 0
0 37 0 1 0 0 0 0 1 0 0 0 0 1 0
0 38 0 1 0 0 0 0 1 0 0 0 0 1 0
0 39 0 1 0 0 0 0 1 0 0 0 0 1 0
0 40 0 1 0 0 0 0 1 0 0 0 0 1 0
0 41 0 1 0 0 0 0 1 0 0 0 0 1 0
0 42 18 0.466646 0.864151 -0.188372 -0.221657 -0.729087 0.496418 0.47117 -0.216304 0.500674 -0.0825301 0.861693 -0.950832
0 43 0 1 0 0 0 0 1 0 0 0 0 1 0
0 44 0 1 0 0 0 0 1 0 0 0 0 1 0
0 45 0 1 0 0 0 0 1 0 0 0 0 1 0
0 46 0 1 0 0 0 0 1 0 0 0 0 1 0
0 47 0 1 0 0 0 0 1 0 0 0 0 1 0
0 48 0 1 0 0 0 0 1 0 0 0 0 1 0
0 49 0 1 0 0 0 0 1 0 0 0 0 1 0
0 50 0 1 0 0 0 0 1 0 0 0 0 1 0
0 51 0 1 0 0 0 0 1 0 0 0 0 1 0
0 52 0 1 0 0 0 0 1 0 0 0 0 1 0
0 53 0 1 0 0 0 0 1 0 0 0 0 1 0
0 54 0 1 0 0 0 0 1 0 0 0 0 1 0
0 55 0 1 0 0 0 0 1 0 0 0 0 1 0
0 56 0 1 0 0 0 0 1 0 0 0 0 1 0
0 57 0 1 0 0 0 0 1 0 0 0 0 1 0
0 58 38 0.762149 0.573024 0.301284 -0.593125 -0.332634 0.745852 -0.577113 -0.233293 -0.555413 0.339629 0.759058 0.770569
0 59 0 1 0 0 0 0 1 0 0 0 0 1 0
0 60 0 1 0 0 0 0 1 0 0 0 0 1 0
0 61 0 1 0 0 0 0 1 0 0 0 0 1 0
0 62 0 1 0 0 0 0 1 0 0 0 0 1 0
0 63 0 1 0 0 0 0 1 0 0 0 0 1 0
0 64 24 0.700669 0.234369 0.673895 -0.271893 -0.190987 0.971651 -0.139348 -0.0447637 -0.68745 -0.0310683 0.725567 -0.961286
0 65 0 1 0 0 0 0 1 0 0 0 0 1 0
0 66 0 1 0 0 0 0 1 0 0 0 0 1 0
0 67 0 1 0 0 0 0 1 0 0 0 0 1 0
0 68 0 1 0 0 0 0 1 0 0 0 0 1 0
0 69 0 1 0 0 0 0 1 0 0 0 0 1 0
0 70 0 1 0 0 0 0 1 0 0 0 0 1 0
0 71 71 0.999783 -0.0189769 -0.00861686 0.345013 -0.0171231 -0.983614 0.179473 -0.159936 -0.0118815 -0.179287 -0.983725 0.924871
0 72 10 0.442662 -0.761523 0.473426 -0.292268 0.88303 0.46201 -0.0824896 -0.0358729 -0.15591 0.454565 0.876962 -0.955663
0 73 0 1 0 0 0 0 1 0 0 0 0 1 0
0 74 0 1 0 0 0 0 1 0 0 0 0 1 0
0 75 0 1 0 0 0 0 1 0 0 0 0 1 0
0 76 0 1 0 0 0 0 1 0 0 0 0 1 0
0 77 0 1 0 0 0 0 1 0 0 0 0 1 0
0 78 0 1 0 0 0 0 1 0 0 0 0 1 0
0 79 0 1 0 0 0 0 1 0 0 0 0 1 0
0 80 0 1 0 0 0 0 1 0 0 0 0 1 0
0 81 0 1 0 0 0 0 1 0 0 0 0 1 0
0 82 0 1 0 0 0 0 1 0 0 0 0 1 0
0 83 0 1 0 0 0 0 1 0 0 0 0 1 0
0 84 0 1 0 0 0 0 1 0 0 0 0 1 0
0 85 0 1 0 0 0 0 1 0 0 0 0 1 0
0 86 0 1 0 0 0 0 1 0 0 0 0 1 0
0 87 0 1 0 0 0 0 1 0 0 0 0 1 0
0 88 0 1 0 0 0 0 1 0 0 0 0 1 0
0 89 0 1 0 0 0 0 1 0 0 0 0 1 0
0 90 0 1 0 0 0 0 1 0 0 0 0 1 0
0 91 0 1 0 0 0 0 1 0 0 0 0 1 0
0 92 0 1 0 0 0 0 1 0 0 0 0 1 0
0 93 0 1 0 0 0 0 1 0 0 0 0 1 0
0 94 0 1 0 0 0 0 1 0 0 0 0 1 0
0 95 0 1 0 0 0 0 1 0 0 0 0 1 0
0 96 0 1 0 0 0 0 1 0 0 0 0 1 0
0 97 0 1 0 0 0 0 1 0 0 0 0 1 0
0 98 0 1 0 0 0 0 1 0 0 0 0 1 0
0 99 0 1 0 0 0 0 1 0 0 0 0 1 0
0 100 0 1 0 0 0 0 1 0 0 0 0 1 0
0 101 0 1 0 0 0 0 1 0 0 0 0 1 0
0 102 0 1 0 0 0 0 1 0 0 0 0 1 0
0 103 0 1 0 0 0 0 1 0 0 0 0 1 0
0 104 0 1 0 0 0 0 1 0 0 0 0 1 0
0 105 0 1 0 0 0 0 1 0 0 0 0 1 0
0 106 0 1 0 0 0 0 1 0 0 0 0 1 0
0 107 0 1 0 0 0 0 1 0 0 0 0 1 0
0 108 0 1 0 0 0 0 1 0 0 0 0 1 0
0 109 0 1 0 0 0 0 1 0 0 0 0 1 0
0 110 0 1 0 0 0 0 1 0 0 0 0 1 0
0 111 0 1 0 0 0 0 1 0 0 0 0 1 0
0 112 0 1 0 0 0 0 1 0 0 0 0 1 0
0 113 0 1 0 0 0 0 1 0 0 0 0 1 0
0 114 0 1 0 0 0 0 1 0 0 0 0 1 0
0 115 0 1 0 0 0 0 1 0 0 0 0 1 0
0 116 0 1 0 0 0 0 1 0 0 0 0 1 0
0 117 0 1 0 0 0 0 1 0 0 0 0 1 0
0 118 53 -0.316765 0.397881 0.861017 -0.530592 -0.25098 0.840248 -0.480618 0.308288 -0.914696 -0.36834 -0.166301 0.789576
0 119 0 1 0 0 0 0 1 0 0 0 0 1 0
0 120 0 1 0 0 0 0 1 0 0 0 0 1 0
0 121 53 -0.359652 0.910228 -0.205271 0.118629 0.776055 0.41394 0.475806 -0.426619 0.518062 0.0118226 -0.855261 0.896618
0 122 129 0.943492 0.317579 0.0946867 -0.627237 -0.209655 0.793289 -0.571609 0.778828 -0.256645 0.519457 0.815044 -0.000245633
0 123 123 0.871624 0.263145 -0.413554 -0.144215 -0.22201 0.964119 0.145553 -0.0527791 0.437016 -0.0350538 0.89877 -0.988138
0 124 159 0.813082 0.257741 -0.521984 0.167873 -0.252263 0.964084 0.0830948 0.165283 0.524654 0.0641142 0.848898 -0.971854
0 125 202 0.970708 0.229028 -0.072611 -0.698795 -0.237062 0.962156 -0.134375 0.449235 0.0390875 0.147652 0.988267 -0.556663
0 126 234 0.490832 0.435832 -0.75441 0.835504 -0.272297 0.899251 0.342347 -0.363828 0.82761 0.0373885 0.560057 -0.41178
0 127 91 0.760292 0.447045 -0.471282 0.129375 -0.347875 0.89292 0.285792 -0.247338 0.548579 -0.0533388 0.834396 -0.960253
0 128 34 -0.0704222 -0.988498 -0.133838 -0.0786263 0.98544 -0.0481257 -0.163068 0.109599 0.154752 -0.143373 0.977495 0.990861
0 129 0 1 0 0 0 0 1 0 0 0 0 1 0
0 130 45 0.936157 0.201898 -0.287833 0.0196122 -0.196407 0.979339 0.0481497 0.12508 0.291607 0.0114568 0.956469 -0.991953
0 131 127 0.941474 0.190565 -0.27805 0.0891869 -0.189956 0.981352 0.0293935 0.120726 0.278467 0.0251442 0.960117 -0.988671
0 132 199 0.897781 0.0944885 0.430187 -0.89398 -0.101388 0.994823 -0.00691678 0.0923678 -0.428613 -0.0374058 0.902713 -0.438484
0 133 106 0.9903 0.136674 -0.0250307 -0.187406 -0.138699 0.983121 -0.119311 0.345441 0.00830152 0.121626 0.992541 -0.919538
0 134 255 0.950601 0.207748 -0.23065 0.221813 -0.300419 0.80276 -0.515097 0.908103 0.0781459 0.558943 0.825516 -0.355174
0 135 497 0.978359 0.19445 -0.0707344 0.0425092 -0.193443 0.980889 0.0208809 0.242214 0.0734429 -0.00674592 0.997277 -0.969291
0 136 571 0.98093 0.187982 -0.0493914 0.0931897 -0.18473 0.980718 0.0637805 0.178727 0.0604286 -0.0534401 0.996741 -0.979476
0 137 342 0.964168 0.208995 -0.163403 0.45357 -0.203821 0.97783 0.0480092 0.155557 0.169814 -0.0129841 0.985391 -0.87754
0 138 317 0.993599 0.10082 -0.0509621 0.399235 -0.100479 0.994896 0.00922868 0.220805 0.0516325 -0.004049 0.998658 -0.889863
0 139 367 0.996652 0.0528374 0.0623939 0.350874 -0.0560525 0.997127 0.0509547 0.160574 -0.0595223 -0.0542815 0.99675 -0.922553
0 140 399 0.9841 -0.0456245 0.171654 0.24921 0.0386799 0.998301 0.0435879 0.267493 -0.173351 -0.0362553 0.984193 -0.930775
0 141 493 0.943224 -0.232304 0.237409 0.122989 0.21599 0.971963 0.0929349 0.281368 -0.252342 -0.0363803 0.966954 -0.951686
0 142 555 0.948156 -0.273342 0.162121 0.175417 0.24896 0.955919 0.155686 0.139825 -0.19753 -0.107253 0.974412 -0.974514
0 143 1023 0.953419 -0.281616 0.108091 0.129052 0.270125 0.95657 0.10957 0.202272 -0.134254 -0.0752684 0.988084 -0.970789
0 144 1935 0.987527 -0.157445 0.00141972 0.189101 0.156807 0.984257 0.081542 0.171449 -0.0142358 -0.0803023 0.996669 -0.966874
0 145 3178 0.986249 0.0430398 -0.159566 0.442109 -0.036453 0.998367 0.0439805 0.190963 0.161198 -0.0375591 0.986207 -0.876397
0 146 3645 0.97817 0.0968228 -0.183873 0.551611 -0.0905519 0.994996 0.0422207 0.15739 0.187041 -0.0246489 0.982043 -0.819118
0 147 3824 0.948398 0.186293 -0.256585 0.708867 -0.161566 0.980199 0.114487 0.0269264 0.272833 -0.0671236 0.959717 -0.704828
0 148 4278 0.933096 0.221973 -0.28295 0.825678 -0.184607 0.970855 0.152845 -0.157346 0.308631 -0.090384 0.946878 -0.541754
0 149 3804 0.887508 0.288489 -0.359311 0.91661 -0.236139 0.954339 0.182964 -0.270623 0.395688 -0.0775346 0.915106 -0.294259
0 150 2844 0.88272 0.318244 -0.345725 0.950401 -0.287438 0.947733 0.138499 -0.265915 0.371732 -0.0228814 0.928058 -0.16133
0 151 2290 0.898936 0.303676 -0.315743 0.958053 -0.286989 0.952774 0.0992894 -0.248085 0.330984 0.00136007 0.943635 -0.143484
0 152 1707 0.86955 0.311586 -0.383141 0.9661 -0.319973 0.946428 0.043487 -0.255917 0.376165 0.0847805 0.922666 -0.0340077
0 153 586 0.846051 0.380202 -0.373691 0.934564 -0.372253 0.923111 0.0964011 -0.353206 0.38161 0.0575471 0.92253 -0.0428392
0 154 542 0.974659 0.192797 0.113446 0.355651 -0.120268 0.879235 -0.460958 0.926892 -0.188616 0.435633 0.880141 0.119936
0 155 618 0.793028 0.39464 -0.464075 0.948268 -0.382812 0.915426 0.124298 -0.296309 0.473879 0.0790814 0.877032 0.113966
0 156 770 0.704814 0.445822 -0.551797 0.910702 -0.392253 0.893038 0.220499 -0.353267 0.591079 0.0610334 0.804301 0.214064
0 157 751 0.827536 0.398438 -0.395515 0.936424 -0.349604 0.916959 0.192258 -0.324938 0.439274 -0.0208269 0.898112 0.132381
0 158 825 0.744819 0.345738 -0.57071 0.937019 -0.27086 0.938315 0.214942 -0.225993 0.609819 -0.00550993 0.792521 0.266313
0 159 458 0.976997 0.208261 0.0458703 0.680732 -0.212112 0.971247 0.108113 -0.00444631 -0.0220355 -0.115356 0.99308 -0.732519
0 160 822 0.774372 0.381682 -0.504644 0.951091 -0.258714 0.918849 0.297967 -0.247702 0.577421 -0.100179 0.810278 0.184582
0 161 888 0.843384 0.327016 -0.426337 0.976646 -0.241379 0.939483 0.24312 -0.205465 0.48004 -0.102135 0.87128 0.0628163
0 162 863 0.839528 0.346059 -0.41885 0.968528 -0.259071 0.932605 0.251256 -0.241383 0.477571 -0.102425 0.872602 0.0607317
0 163 1090 0.926361 0.277141 -0.255046 0.979253 -0.233082 0.953756 0.189796 -0.184753 0.295852 -0.116373 0.948119 -0.0832521
0 164 1396 0.900177 0.267176 -0.343946 0.976256 -0.220901 0.960696 0.168123 -0.16048 0.375346 -0.075362 0.923816 -0.145499
0 165 1323 0.925167 0.251184 -0.284556 0.941981 -0.208052 0.962641 0.173312 -0.139569 0.317459 -0.10114 0.942863 -0.305273
0 166 1654 0.906392 0.24654 -0.343033 0.923878 -0.191424 0.963581 0.186734 -0.0831778 0.376577 -0.103589 0.920576 -0.373538
0 167 1957 0.917492 0.264753 -0.296839 0.857293 -0.212303 0.957058 0.197402 -0.115595 0.336355 -0.118095 0.934301 -0.501684
0 168 2291 0.922868 0.22566 -0.312077 0.860066 -0.173684 0.967133 0.185711 -0.0318907 0.343727 -0.117184 0.931729 -0.509185
0 169 3280 0.976581 0.151009 -0.153248 0.653392 -0.129171 0.981159 0.143674 -0.0196846 0.172057 -0.120514 0.977687 -0.756764
0 170 3143 0.991473 0.0753381 -0.106331 0.449322 -0.0594492 0.987585 0.145401 0.0919318 0.115965 -0.13784 0.983642 -0.888627
0 171 3535 0.995781 0.0449006 -0.0800302 0.270828 -0.0299069 0.983293 0.179554 0.0286918 0.0867552 -0.176403 0.980487 -0.9622
0 172 3781 0.987478 0.0972313 -0.12423 0.290272 -0.0708343 0.976913 0.201555 -0.0248775 0.140959 -0.190231 0.971567 -0.956621
1 2 11011 0.999874 0.000831677 -0.0158318 0.863588 -0.000814383 0.999999 0.00109878 -0.216454 0.0158327 -0.00108575 0.999874 0.455371
1 3 11022 0.999147 -0.00247159 -0.0412294 0.984178 0.00275001 0.999974 0.00669754 -0.132098 0.0412118 -0.0068052 0.999127 0.118082
1 4 9850 0.997322 0.0247399 -0.0688212 0.975671 -0.0244225 0.999687 0.00544965 -0.16001 0.0689344 -0.00375428 0.997614 0.149873
1 5 7381 0.996706 0.0394799 -0.0708436 0.969019 -0.0405784 0.999076 -0.0141338 -0.0479769 0.0702202 0.016962 0.997387 0.242281
1 6 5794 0.986465 0.0563987 -0.153967 0.986146 -0.0548284 0.998392 0.0144294 -0.0533483 0.154533 -0.00579237 0.987971 0.157067
1 7 4141 0.982871 0.0449559 -0.178726 0.980803 -0.0506897 0.998332 -0.027643 -0.0599426 0.177185 0.0362291 0.98351 0.185558
1 8 3126 0.984979 0.0572069 -0.162925 0.998657 -0.0619199 0.997793 -0.0239936 -0.049579 0.161192 0.0337214 0.986347 0.0150617
1 9 2601 0.969258 0.102557 -0.223653 0.995922 -0.109422 0.993823 -0.0184847 -0.0142306 0.220376 0.042389 0.974494 -0.0890943
1 10 1437 0.943371 0.15614 -0.292696 0.985762 -0.147092 0.987712 0.0528172 -0.0358847 0.297346 -0.00677306 0.954746 -0.164271
1 11 1189 0.913678 0.185479 -0.361649 0.990469 -0.177871 0.982541 0.0545388 0.0204911 0.365451 0.0144961 0.930718 -0.136204
1 12 864 0.85732 0.248166 -0.451018 0.992269 -0.240312 0.967741 0.0756863 -0.0108871 0.455251 0.0434975 0.8893 -0.123628
1 13 742 0.787936 0.266706 -0.554999 0.997052 -0.282308 0.957488 0.0593279 -0.00915111 0.547228 0.109934 0.829733 -0.0761763
1 14 239 0.996134 0.0627658 0.0614626 0.767944 -0.0680558 0.993781 0.0881391 0.387703 -0.0555482 -0.0919812 0.99421 0.509852
1 15 131 0.984324 0.0482372 0.169644 -0.0884854 -0.0582789 0.9968 0.0547173 -0.238431 -0.166462 -0.0637462 0.983985 0.96712
1 16 231 0.96893 0.12562 0.213059 0.0673216 -0.134121 0.990627 0.0258677 0.274641 -0.207812 -0.0536395 0.976697 -0.959187
1 17 85 0.959833 0.0902803 0.265649 0.142191 -0.0341049 0.977338 -0.20892 0.967578 -0.27849 0.191468 0.941161 -0.208743
1 18 60 -0.686383 -0.538454 0.488821 -0.396252 -0.680309 0.712958 -0.169913 0.233321 -0.257018 -0.449175 -0.855677 0.888001
1 19 0 1 0 0 0 0 1 0 0 0 0 1 0
1 20 0 1 0 0 0 0 1 0 0 0 0 1 0
1 21 0 1 0 0 0 0 1 0 0 0 0 1 0
1 22 0 1 0 0 0 0 1 0 0 0 0 1 0
1 23 0 1 0 0 0 0 1 0 0 0 0 1 0
1 24 0 1 0 0 0 0 1 0 0 0 0 1 0
1 25 0 1 0 0 0 0 1 0 0 0 0 1 0
1 26 0 1 0 0 0 0 1 0 0 0 0 1 0
1 27 0 1 0 0 0 0 1 0 0 0 0 1 0
1 28 0 1 0 0 0 0 1 0 0 0 0 1 0
1 29 0 1 0 0 0 0 1 0 0 0 0 1 0
1 30 0 1 0 0 0 0 1 0 0 0 0 1 0
1 31 0 1 0 0 0 0 1 0 0 0 0 1 0
1 32 0 1 0 0 0 0 1 0 0 0 0 1 0
1 33 0 1 0 0 0 0 1 0 0 0 0 1 0
1 34 0 1 0 0 0 0 1 0 0 0 0 1 0
1 35 0 1 0 0 0 0 1 0 0 0 0 1 0
1 36 0 1 0 0 0 0 1 0 0 0 0 1 0
1 37 0 1 0 0 0 0 1 0 0 0 0 1 0
1 38 0 1 0 0 0 0 1 0 0 0 0 1 0
1 39 0 1 0 0 0 0 1 0 0 0 0 1 0
1 40 0 1 0 0 0 0 1 0 0 0 0 1 0
1 41 0 1 0 0 0 0 1 0 0 0 0 1 0
1 42 11 -0.666243 0.649414 0.366581 -0.189017 -0.379392 -0.718371 0.583099 -0.206011 0.642014 0.249408 0.724992 -0.960121
1 43 0 1 0 0 0 0 1 0 0 0 0 1 0
1 44 0 1 0 0 0 0 1 0 0 0 0 1 0
1 45 0 1 0 0 0 0 1 0 0 0 0 1 0
1 46 0 1 0 0 0 0 1 0 0 0 0 1 0
1 47 49 -0.724358 0.673152 0.1489 0.236757 -0.683445 -0.72951 -0.0267833 0.033584 0.0905948 -0.121166 0.988489 0.970988
1 48 0 1 0 0 0 0 1 0 0 0 0 1 0
1 49 11 0.986171 0.165507 0.00866242 -0.301553 -0.119407 0.745787 -0.655396 -0.31882 -0.114933 0.645298 0.755236 0.898565
1 50 0 1 0 0 0 0 1 0 0 0 0 1 0
1 51 0 1 0 0 0 0 1 0 0 0 0 1 0
1 52 0 1 0 0 0 0 1 0 0 0 0 1 0
1 53 0 1 0 0 0 0 1 0 0 0 0 1 0
1 54 0 1 0 0 0 0 1 0 0 0 0 1 0
1 55 0 1 0 0 0 0 1 0 0 0 0 1 0
1 56 0 1 0 0 0 0 1 0 0 0 0 1 0
1 57 0 1 0 0 0 0 1 0 0 0 0 1 0
1 58 0 1 0 0 0 0 1 0 0 0 0 1 0
1 59 0 1 0 0 0 0 1 0 0 0 0 1 0
1 60 0 1 0 0 0 0 1 0 0 0 0 1 0
1 61 0 1 0 0 0 0 1 0 0 0 0 1 0
1 62 0 1 0 0 0 0 1 0 0 0 0 1 0
1 63 0 1 0 0 0 0 1 0 0 0 0 1 0
1 64 0 1 0 0 0 0 1 0 0 0 0 1 0
1 65 0 1 0 0 0 0 1 0 0 0 0 1 0
1 66 0 1 0 0 0 0 1 0 0 0 0 1 0
1 67 0 1 0 0 0 0 1 0 0 0 0 1 0
1 68 0 1 0 0 0 0 1 0 0 0 0 1 0
1 69 0 1 0 0 0 0 1 0 0 0 0 1 0
1 70 30 -0.107247 0.887287 -0.448576 0.228203 0.993448 0.0777177 -0.0837901 0.0583066 -0.0394835 -0.454623 -0.889808 0.971866
1 71 52 -0.986889 0.0439768 0.155293 0.437883 -0.0691305 -0.984613 -0.160496 -0.151526 0.145845 -0.169128 0.974744 0.88617
1 72 60 -0.976845 -0.0720779 0.201439 0.224882 0.0424224 -0.988102 -0.147837 -0.152068 0.209698 -0.135868 0.96828 0.962447
1 73 0 1 0 0 0 0 1 0 0 0 0 1 0
1 74 0 1 0 0 0 0 1 0 0 0 0 1 0
1 75 0 1 0 0 0 0 1 0 0 0 0 1 0
1 76 0 1 0 0 0 0 1 0 0 0 0 1 0
1 77 18 0.504967 -0.840061 0.198256 0.0138797 0.831414 0.535103 0.149718 -0.258857 -0.23186 0.0892296 0.968648 -0.965816
1 78 0 1 0 0 0 0 1 0 0 0 0 1 0
1 79 0 1 0 0 0 0 1 0 0 0 0 1 0
1 80 0 1 0 0 0 0 1 0 0 0 0 1 0
1 81 0 1 0 0 0 0 1 0 0 0 0 1 0
1 82 0 1 0 0 0 0 1 0 0 0 0 1 0
1 83 0 1 0 0 0 0 1 0 0 0 0 1 0
1 84 0 1 0 0 0 0 1 0 0 0 0 1 0
1 85 0 1 0 0 0 0 1 0 0 0 0 1 0
1 86 0 1 0 0 0 0 1 0 0 0 0 1 0
1 87 31 -0.994135 0.105404 -0.0241998 -0.00882649 0.107796 0.983776 -0.143403 -0.0770668 0.00869205 -0.14517 -0.989369 0.996987
1 88 0 1 0 0 0 0 1 0 0 0 0 1 0
1 89 17 -0.985883 -0.0420712 -0.162062 0.27399 0.0144117 -0.985647 0.168202 0.127986 -0.166812 0.163492 0.972339 0.953178
1 90 0 1 0 0 0 0 1 0 0 0 0 1 0
1 91 0 1 0 0 0 0 1 0 0 0 0 1 0
1 92 0 1 0 0 0 0 1 0 0 0 0 1 0
1 93 0 1 0 0 0 0 1 0 0 0 0 1 0
1 94 0 1 0 0 0 0 1 0 0 0 0 1 0
1 95 0 1 0 0 0 0 1 0 0 0 0 1 0
1 96 0 1 0 0 0 0 1 0 0 0 0 1 0
1 97 0 1 0 0 0 0 1 0 0 0 0 1 0
1 98 0 1 0 0 0 0 1 0 0 0 0 1 0
1 99 0 1 0 0 0 0 1 0 0 0 0 1 0
1 100 0 1 0 0 0 0 1 0 0 0 0 1 0
1 101 0 1 0 0 0 0 1 0 0 0 0 1 0
1 102 0 1 0 0 0 0 1 0 0 0 0 1 0
1 103 0 1 0 0 0 0 1 0 0 0 0 1 0
1 104 0 1 0 0 0 0 1 0 0 0 0 1 0
1 105 0 1 0 0 0 0 1 0 0 0 0 1 0
1 106 0 1 0 0 0 0 1 0 0 0 0 1 0
1 107 0 1 0 0 0 0 1 0 0 0 0 1 0
1 108 0 1 0 0 0 0 1 0 0 0 0 1 0
1 109 0 1 0 0 0 0 1 0 0 0 0 1 0
1 110 0 1 0 0 0 0 1 0 0 0 0 1 0
1 111 0 1 0 0 0 0 1 0 0 0 0 1 0
1 112 0 1 0 0 0 0 1 0 0 0 0 1 0
1 113 36 0.86018 0.507422 0.0511187 0.260814 -0.509428 0.859611 0.0394042 -0.240005 -0.0239475 -0.059936 0.997915 -0.93508
1 114 0 1 0 0 0 0 1 0 0 0 0 1 0
1 115 0 1 0 0 0 0 1 0 0 0 0 1 0
1 116 0 1 0 0 0 0 1 0 0 0 0 1 0
1 117 0 1 0 0 0 0 1 0 0 0 0 1 0
1 118 0 1 0 0 0 0 1 0 0 0 0 1 0
1 119 0 1 0 0 0 0 1 0 0 0 0 1 0
1 120 0 1 0 0 0 0 1 0 0 0 0 1 0
1 121 29 -0.944434 0.296642 -0.14159 -0.126414 0.305675 0.951 -0.0464951 0.110077 0.12086 -0.0871923 -0.988833 0.985851
1 122 105 0.701163 0.579823 -0.414941 0.234633 -0.563799 0.807127 0.175148 -0.157527 0.436465 0.111136 0.892831 -0.959236
1 123 233 0.873699 0.0105202 0.486353 -0.99259 -0.0848838 0.987725 0.131123 -0.0491391 -0.479004 -0.155845 0.863868 -0.111129
1 124 119 0.916882 0.249993 0.311177 -0.702108 0.0864093 0.636786 -0.766184 0.637517 -0.389694 0.729388 0.562256 0.317201
1 125 178 0.963382 0.215893 -0.159012 -0.543162 -0.234202 0.966283 -0.106988 0.431191 0.130553 0.140311 0.981463 -0.720451
1 126 255 0.127147 0.520364 -0.844426 0.856124 -0.0978049 0.853764 0.511392 -0.514842 0.98705 0.0175673 0.159447 0.0446073
1 127 114 0.920321 0.335215 0.201594 -0.814555 -0.359213 0.92827 0.0963393 0.141703 -0.154839 -0.161078 0.97472 -0.562513
1 128 81 0.94782 0.309051 0.0782672 -0.33878 0.220334 -0.457577 -0.861438 0.481686 -0.230415 0.833733 -0.501795 0.808212
1 129 0 1 0 0 0 0 1 0 0 0 0 1 0
1 130 40 0.927802 0.222725 -0.299293 0.0476466 -0.215897 0.974801 0.0561435 0.117795 0.304256 0.0125264 0.952508 -0.991894
1 131 178 0.949848 0.243409 -0.196316 -0.0405795 -0.257368 0.965088 -0.0486419 0.285774 0.177622 0.0967278 0.979334 -0.957437
1 132 211 0.977018 0.202063 -0.0678699 -0.166361 -0.20582 0.97711 -0.0537974 0.247909 0.0554459 0.0665299 0.996243 -0.954393
1 133 131 0.984466 0.171791 -0.0362437 -0.155629 -0.173019 0.984332 -0.0339944 0.195621 0.0298359 0.0397372 0.998765 -0.968252
1 134 258 0.975559 0.171012 -0.137985 0.0807586 -0.190372 0.971379 -0.142061 0.440196 0.109741 0.164858 0.980193 -0.894263
1 135 551 0.952704 0.242782 -0.182791 0.21583 -0.302908 0.807192 -0.506644 0.924848 0.0245429 0.53805 0.842555 -0.313167
1 136 588 0.980139 0.193028 -0.0454603 0.0696328 -0.188345 0.977853 0.0912614 0.108926 0.0620696 -0.0808866 0.994789 -0.991608
1 137 453 0.866836 0.252766 -0.429773 0.825373 -0.225063 0.967523 0.115093 0.0110851 0.444907 -0.00304106 0.895572 -0.564479
1 138 308 0.994344 0.103998 0.0215359 0.263365 -0.104311 0.994447 0.0139596 0.199621 -0.0199645 -0.0161271 0.999671 -0.943817
1 139 486 0.996359 0.0268928 0.0809103 0.305499 -0.0299057 0.998895 0.0362588 0.190617 -0.0798458 -0.0385465 0.996062 -0.932918
1 140 454 0.979203 -0.059198 0.194055 0.201152 0.039941 0.994014 0.101689 0.159445 -0.198913 -0.0918236 0.975706 -0.966496
1 141 518 0.943453 -0.218734 0.249101 0.108767 0.187853 0.971889 0.141929 0.168687 -0.273143 -0.0871091 0.958021 -0.97965
1 142 744 0.942047 -0.289621 0.169312 0.15229 0.276189 0.956027 0.0986493 0.256746 -0.190438 -0.0461704 0.980613 -0.954405
1 143 1130 0.939172 -0.302509 0.162614 -0.011802 0.284831 0.950606 0.12337 0.162278 -0.191903 -0.0695485 0.978947 -0.986674
1 144 2007 0.985243 -0.170845 0.0104062 0.159435 0.16918 0.981262 0.0922164 0.131903 -0.0259659 -0.089095 0.995685 -0.978357
1 145 3262 0.982895 0.0457397 -0.178397 0.485033 -0.0328503 0.996676 0.0745488 0.0921823 0.181214 -0.0674132 0.98113 -0.869624
1 146 3854 0.987542 0.0800559 -0.135471 0.405764 -0.0741764 0.996093 0.0479129 0.129527 0.138778 -0.0372672 0.989622 -0.904753
1 147 4216 0.967371 0.171728 -0.186286 0.508408 -0.1517 0.981477 0.117005 0.00865895 0.202928 -0.0849277 0.975504 -0.861073
1 148 4366 0.929964 0.215702 -0.297723 0.836575 -0.177415 0.972567 0.150459 -0.1543 0.32201 -0.087101 0.942721 -0.525674
1 149 3923 0.906017 0.260043 -0.333933 0.909721 -0.220748 0.96351 0.151386 -0.19623 0.361115 -0.0634431 0.930361 -0.365926
1 150 3143 0.893277 0.315088 -0.320586 0.94012 -0.286831 0.948678 0.133185 -0.277422 0.346098 -0.0270174 0.937809 -0.198016
1 151 2594 0.901768 0.284707 -0.325202 0.97145 -0.275609 0.958357 0.0747703 -0.200641 0.332948 0.0222033 0.942684 -0.126601
1 152 1921 0.889931 0.295269 -0.347618 0.971444 -0.309653 0.950734 0.0148239 -0.222355 0.33487 0.0944487 0.937519 -0.0827965
1 153 787 0.887567 0.355864 -0.292551 0.937991 -0.357096 0.932668 0.0511231 -0.330858 0.291046 0.0590937 0.954882 -0.103466
1 154 768 0.907303 0.371688 -0.196594 0.921659 -0.365369 0.928311 0.0688821 -0.349799 0.208103 0.00933261 0.978062 -0.167885
1 155 722 0.803243 0.406506 -0.435377 0.937427 -0.379296 0.912647 0.15235 -0.344009 0.459277 0.0427634 0.887263 0.0537511
1 156 808 0.795346 0.400802 -0.454734 0.939317 -0.377841 0.914427 0.145118 -0.312685 0.473985 0.056398 0.878725 0.14111
1 157 812 0.814904 0.367878 -0.44788 0.943269 -0.322842 0.929874 0.176376 -0.280586 0.481357 0.000865124 0.876524 0.177528
1 158 987 0.691339 0.400833 -0.601152 0.92101 -0.266528 0.914809 0.303459 -0.324171 0.671575 -0.0495695 0.739276 0.215994
1 159 782 0.816325 0.315312 -0.483933 0.966776 -0.245079 0.947772 0.204118 -0.171635 0.523019 -0.048025 0.850967 0.189434
1 160 973 0.783386 0.356294 -0.509274 0.950817 -0.241307 0.929457 0.279072 -0.225272 0.57278 -0.09573 0.8141 0.212603
1 161 1043 0.833091 0.34218 -0.434594 0.965581 -0.243389 0.932312 0.267499 -0.254734 0.49671 -0.117075 0.859984 0.0525774
1 162 1119 0.785831 0.351837 -0.508606 0.972079 -0.251944 0.933191 0.256279 -0.216146 0.564795 -0.0732514 0.821974 0.0913394
1 163 1307 0.856612 0.310796 -0.411851 0.980516 -0.233418 0.945301 0.227866 -0.195106 0.460143 -0.0990598 0.882301 -0.0228619
1 164 1680 0.884467 0.266313 -0.383138 0.978878 -0.211022 0.960653 0.180595 -0.179746 0.416158 -0.0788804 0.905865 -0.0974109
1 165 1431 0.880851 0.259562 -0.395891 0.974244 -0.202845 0.962567 0.179772 -0.126322 0.427734 -0.078048 0.900529 -0.186791
1 166 1724 0.918277 0.242995 -0.312603 0.886608 -0.191116 0.963485 0.187538 -0.0988352 0.346759 -0.112468 0.931187 -0.451839
1 167 2196 0.918756 0.253006 -0.30311 0.871197 -0.206935 0.962383 0.176059 -0.0688085 0.336251 -0.0990312 0.936551 -0.486088
1 168 2520 0.948077 0.199776 -0.247466 0.765628 -0.157347 0.97083 0.180919 -0.0361575 0.276391 -0.132587 0.951855 -0.642266
1 169 3557 0.975339 0.138954 -0.17148 0.691737 -0.118576 0.985186 0.123889 0.0262264 0.186155 -0.1005 0.977367 -0.721673
1 170 3396 0.990552 0.0772558 -0.113303 0.458818 -0.0587564 0.98563 0.158373 0.036672 0.12391 -0.15022 0.980857 -0.887773
1 171 3692 0.993479 0.0368427 -0.107902 0.34091 -0.0196775 0.987557 0.156023 0.0867959 0.112307 -0.152882 0.981842 -0.93608
1 172 4034 0.980685 0.0911691 -0.173046 0.438635 -0.0598593 0.982168 0.17822 0.0414809 0.186209 -0.164419 0.968655 -0.897708
2 3 11512 0.999845 -0.00689887 -0.0162035 0.972982 0.00677577 0.999948 -0.00763985 0.226623 0.0162554 0.00752887 0.99984 -0.0441249
2 4 10202 0.998135 0.0263512 -0.0550578 0.989219 -0.0260798 0.999644 0.00564354 -0.14564 0.0551869 -0.00419712 0.998467 0.0153197
2 5 8065 0.996951 0.0383972 -0.067931 0.991767 -0.0391433 0.999187 -0.00968564 -0.0527195 0.0675039 0.0123152 0.997643 0.116701
2 6 6242 0.989516 0.0538538 -0.134004 0.991997 -0.0515306 0.998456 0.0207483 -0.066008 0.134914 -0.0136255 0.990764 0.107635
2 7 4413 0.98919 0.0407623 -0.140859 0.985514 -0.046172 0.998308 -0.0353513 -0.0250096 0.13918 0.0414729 0.989398 0.167738
2 8 3207 0.987249 0.0611877 -0.146954 0.998337 -0.0653979 0.997571 -0.0239864 -0.0342811 0.14513 0.033291 0.988852 -0.0463554
2 9 2541 0.975345 0.0994825 -0.19699 0.990033 -0.104947 0.994324 -0.0174709 -0.00394498 0.194134 0.0377136 0.98025 -0.140782
2 10 1453 0.960042 0.123415 -0.251174 0.969991 -0.124938 0.992115 0.00993843 0.0693853 0.25042 0.0218398 0.967891 -0.23303
2 11 1247 0.923636 0.18567 -0.335295 0.981296 -0.175584 0.982608 0.0604383 0.0184232 0.340685 0.00304947 0.940172 -0.191623
2 12 848 0.9029 0.170133 -0.394748 0.956747 -0.192671 0.981101 -0.0178466 0.180797 0.384252 0.0921701 0.918616 -0.227921
2 13 551 0.949203 0.213247 -0.231387 0.864385 -0.21733 0.976065 0.00800625 0.136861 0.227556 0.0426877 0.972829 -0.483846
2 14 327 0.944649 0.194077 -0.264521 0.786409 -0.193849 0.980653 0.027232 0.146959 0.264689 0.0255525 0.963995 -0.59997
2 15 118 0.975358 0.129856 0.178367 -0.0686988 -0.140492 0.988903 0.0483024 -0.20766 -0.170116 -0.0721714 0.982778 0.975786
2 16 126 0.973282 0.105297 0.204048 0.0486754 -0.112204 0.993429 0.022545 0.274729 -0.200333 -0.0448375 0.978701 -0.960289
2 17 55 0.980871 0.0844868 0.175369 0.184633 0.029362 0.82638 -0.562347 0.975773 -0.192433 0.556739 0.808091 0.117381
2 18 53 0.967351 -0.178293 0.180123 0.0703887 -0.230391 -0.32248 0.91811 -0.685337 -0.105607 -0.929633 -0.353028 0.724816
2 19 0 1 0 0 0 0 1 0 0 0 0 1 0
2 20 0 1 0 0 0 0 1 0 0 0 0 1 0
2 21 0 1 0 0 0 0 1 0 0 0 0 1 0
2 22 0 1 0 0 0 0 1 0 0 0 0 1 0
2 23 0 1 0 0 0 0 1 0 0 0 0 1 0
2 24 0 1 0 0 0 0 1 0 0 0 0 1 0
2 25 0 1 0 0 0 0 1 0 0 0 0 1 0
2 26 0 1 0 0 0 0 1 0 0 0 0 1 0
2 27 0 1 0 0 0 0 1 0 0 0 0 1 0
2 28 0 1 0 0 0 0 1 0 0 0 0 1 0
2 29 0 1 0 0 0 0 1 0 0 0 0 1 0
2 30 0 1 0 0 0 0 1 0 0 0 0 1 0
2 31 0 1 0 0 0 0 1 0 0 0 0 1 0
2 32 0 1 0 0 0 0 1 0 0 0 0 1 0
2 33 0 1 0 0 0 0 1 0 0 0 0 1 0
2 34 0 1 0 0 0 0 1 0 0 0 0 1 0
2 35 0 1 0 0 0 0 1 0 0 0 0 1 0
2 36 0 1 0 0 0 0 1 0 0 0 0 1 0
2 37 0 1 0 0 0 0 1 0 0 0 0 1 0
2 38 0 1 0 0 0 0 1 0 0 0 0 1 0
2 39 0 1 0 0 0 0 1 0 0 0 0 1 0
2 40 0 1 0 0 0 0 1 0 0 0 0 1 0
2 41 0 1 0 0 0 0 1 0 0 0 0 1 0
2 42 0 1 0 0 0 0 1 0 0 0 0 1 0
2 43 0 1 0 0 0 0 1 0 0 0 0 1 0
2 44 0 1 0 0 0 0 1 0 0 0 0 1 0
2 45 0 1 0 0 0 0 1 0 0 0 0 1 0
2 46 0 1 0 0 0 0 1 0 0 0 0 1 0
2 47 16 0.749902 -0.621686 0.226171 0.190588 0.636697 0.771069 0.00840962 0.369669 -0.179621 0.137696 0.974051 0.909407
2 48 22 0.989652 0.0926618 -0.109561 -0.407112 -0.140915 0.77164 -0.620254 -0.284273 0.0270674 0.629274 0.776712 0.868014
2 49 0 1 0 0 0 0 1 0 0 0 0 1 0
2 50 0 1 0 0 0 0 1 0 0 0 0 1 0
2 51 0 1 0 0 0 0 1 0 0 0 0 1 0
2 52 0 1 0 0 0 0 1 0 0 0 0 1 0
2 53 0 1 0 0 0 0 1 0 0 0 0 1 0
2 54 0 1 0 0 0 0 1 0 0 0 0 1 0
2 55 0 1 0 0 0 0 1 0 0 0 0 1 0
2 56 0 1 0 0 0 0 1 0 0 0 0 1 0
2 57 0 1 0 0 0 0 1 0 0 0 0 1 0
2 58 0 1 0 0 0 0 1 0 0 0 0 1 0
2 59 17 -0.552708 -0.805454 0.213909 0.205468 0.789812 -0.588168 -0.173939 -0.0657822 0.265915 0.0728103 0.961243 -0.97645
2 60 0 1 0 0 0 0 1 0 0 0 0 1 0
2 61 0 1 0 0 0 0 1 0 0 0 0 1 0
2 62 0 1 0 0 0 0 1 0 0 0 0 1 0
2 63 0 1 0 0 0 0 1 0 0 0 0 1 0
2 64 0 1 0 0 0 0 1 0 0 0 0 1 0
2 65 0 1 0 0 0 0 1 0 0 0 0 1 0
2 66 0 1 0 0 0 0 1 0 0 0 0 1 0
2 67 0 1 0 0 0 0 1 0 0 0 0 1 0
2 68 0 1 0 0 0 0 1 0 0 0 0 1 0
2 69 0 1 0 0 0 0 1 0 0 0 0 1 0
2 70 0 1 0 0 0 0 1 0 0 0 0 1 0
2 71 40 0.731976 -0.0498995 -0.679501 0.620496 0.0256483 -0.99459 0.100667 -0.126824 -0.680848 -0.091114 -0.726736 0.773887
2 72 12 -0.238876 0.967459 0.0834309 0.294138 -0.960949 -0.247877 0.123022 0.0379029 0.1397 -0.0507858 0.988891 0.955011
2 73 0 1 0 0 0 0 1 0 0 0 0 1 0
2 74 0 1 0 0 0 0 1 0 0 0 0 1 0
2 75 0 1 0 0 0 0 1 0 0 0 0 1 0
2 76 0 1 0 0 0 0 1 0 0 0 0 1 0
2 77 0 1 0 0 0 0 1 0 0 0 0 1 0
2 78 0 1 0 0 0 0 1 0 0 0 0 1 0
2 79 0 1 0 0 0 0 1 0 0 0 0 1 0
2 80 0 1 0 0 0 0 1 0 0 0 0 1 0
2 81 0 1 0 0 0 0 1 0 0 0 0 1 0
2 82 0 1 0 0 0 0 1 0 0 0 0 1 0
2 83 0 1 0 0 0 0 1 0 0 0 0 1 0
2 84 0 1 0 0 0 0 1 0 0 0 0 1 0
2 85 0 1 0 0 0 0 1 0 0 0 0 1 0
2 86 0 1 0 0 0 0 1 0 0 0 0 1 0
2 87 0 1 0 0 0 0 1 0 0 0 0 1 0
2 88 0 1 0 0 0 0 1 0 0 0 0 1 0
2 89 0 1 0 0 0 0 1 0 0 0 0 1 0
2 90 0 1 0 0 0 0 1 0 0 0 0 1 0
2 91 0 1 0 0 0 0 1 0 0 0 0 1 0
2 92 0 1 0 0 0 0 1 0 0 0 0 1 0
2 93 0 1 0 0 0 0 1 0 0 0 0 1 0
2 94 0 1 0 0 0 0 1 0 0 0 0 1 0
2 95 0 1 0 0 0 0 1 0 0 0 0 1 0
2 96 0 1 0 0 0 0 1 0 0 0 0 1 0
2 97 0 1 0 0 0 0 1 0 0 0 0 1 0
2 98 0 1 0 0 0 0 1 0 0 0 0 1 0
2 99 0 1 0 0 0 0 1 0 0 0 0 1 0
2 100 0 1 0 0 0 0 1 0 0 0 0 1 0
2 101 0 1 0 0 0 0 1 0 0 0 0 1 0
2 102 0 1 0 0 0 0 1 0 0 0 0 1 0
2 103 0 1 0 0 0 0 1 0 0 0 0 1 0
2 104 0 1 0 0 0 0 1 0 0 0 0 1 0
2 105 0 1 0 0 0 0 1 0 0 0 0 1 0
2 106 0 1 0 0 0 0 1 0 0 0 0 1 0
2 107 0 1 0 0 0 0 1 0 0 0 0 1 0
2 108 0 1 0 0 0 0 1 0 0 0 0 1 0
2 109 0 1 0 0 0 0 1 0 0 0 0 1 0
2 110 0 1 0 0 0 0 1 0 0 0 0 1 0
2 111 25 0.835054 0.54239 0.0921841 -0.2763 -0.532552 0.838949 -0.112037 0.153538 -0.138106 0.0444644 0.989419 0.948728
2 112 0 1 0 0 0 0 1 0 0 0 0 1 0
2 113 0 1 0 0 0 0 1 0 0 0 0 1 0
2 114 0 1 0 0 0 0 1 0 0 0 0 1 0
2 115 0 1 0 0 0 0 1 0 0 0 0 1 0
2 116 0 1 0 0 0 0 1 0 0 0 0 1 0
2 117 0 1 0 0 0 0 1 0 0 0 0 1 0
2 118 0 1 0 0 0 0 1 0 0 0 0 1 0
2 119 0 1 0 0 0 0 1 0 0 0 0 1 0
2 120 0 1 0 0 0 0 1 0 0 0 0 1 0
2 121 0 1 0 0 0 0 1 0 0 0 0 1 0
2 122 52 0.832649 0.219284 -0.508537 0.326619 -0.215402 0.974197 0.0673926 0.0904229 0.510193 0.0534256 0.858399 -0.940821
2 123 84 0.963554 0.239421 0.119337 -0.732538 -0.245254 0.968767 0.0366335 0.150858 -0.106839 -0.0645662 0.992178 -0.6638
2 124 192 0.968408 0.22355 -0.110505 -0.621055 -0.23244 0.969691 -0.0753053 0.359827 0.0903215 0.0986121 0.991019 -0.696287
2 125 72 0.784722 0.273467 -0.556261 0.335212 -0.251687 0.960682 0.117231 0.0793705 0.566449 0.0480102 0.822697 -0.938794
2 126 201 0.94636 0.253156 -0.200784 -0.394564 -0.280452 0.952168 -0.121336 0.466757 0.160463 0.171138 0.972092 -0.791491
2 127 84 0.983373 0.177388 -0.0388808 -0.289276 0.0910872 -0.667027 -0.739444 0.398024 -0.157103 0.723608 -0.672094 0.870573
2 128 82 0.657559 0.481585 -0.57939 0.148648 -0.498173 0.854841 0.145153 0.21453 0.56519 0.19319 0.802021 0.96534
2 129 0 1 0 0 0 0 1 0 0 0 0 1 0
2 130 0 1 0 0 0 0 1 0 0 0 0 1 0
2 131 90 0.958976 0.233809 -0.160304 -0.104127 -0.23599 0.97174 0.00557186 0.18545 0.157077 0.0324868 0.987052 -0.977121
2 132 93 0.963691 0.251329 -0.0901894 -0.108923 -0.25198 0.967723 0.00428492 0.166087 0.0883553 0.0185966 0.995915 -0.980077
2 133 124 0.983881 0.176572 -0.0282901 -0.170875 -0.178342 0.98048 -0.0827879 0.296268 0.0131199 0.0864987 0.996166 -0.939695
2 134 240 0.975741 0.212458 -0.0528328 -0.0765081 -0.215085 0.975299 -0.0503098 0.287825 0.0408391 0.0604529 0.997335 -0.954622
2 135 432 0.980707 0.173408 -0.0902406 0.0666097 -0.176104 0.984108 -0.0227651 0.3161 0.0848589 0.0382176 0.99566 -0.946385
2 136 499 0.977855 0.202669 -0.0521936 0.0817655 -0.199063 0.977698 0.0669409 0.168369 0.0645964 -0.0550687 0.996391 -0.982327
2 137 369 0.941859 0.224286 -0.250196 0.583905 -0.210943 0.974277 0.0792912 0.0880163 0.261544 -0.0219042 0.964943 -0.807037
2 138 171 0.992357 0.104773 0.0651967 0.162307 -0.10615 0.994187 0.0180155 0.195394 -0.0629302 -0.0247984 0.99771 -0.967201
2 139 363 0.99637 0.0611445 0.0592235 0.343257 -0.063078 0.997516 0.0313464 0.184256 -0.0571597 -0.0349683 0.997752 -0.920991
2 140 495 0.980647 -0.0447148 0.190608 0.199732 0.0224838 0.992849 0.117237 0.125825 -0.194487 -0.110683 0.97464 -0.971738
2 141 557 0.948609 -0.195966 0.248473 0.110474 0.166108 0.976668 0.136119 0.166083 -0.26935 -0.0878506 0.959027 -0.979904
2 142 729 0.928199 -0.294799 0.227023 0.00772034 0.261855 0.951015 0.164324 0.116315 -0.264345 -0.0930783 0.959926 -0.993182
2 143 966 0.944007 -0.294268 0.149187 0.0031195 0.275887 0.952057 0.132186 0.134942 -0.180933 -0.0836262 0.979934 -0.990849
2 144 1989 0.984883 -0.173209 -0.00179826 0.163278 0.173042 0.98336 0.0553099 0.230831 -0.00781184 -0.054785 0.998468 -0.959196
2 145 3092 0.9925 0.0331451 -0.117662 0.303296 -0.0258508 0.997679 0.0629882 0.135049 0.119477 -0.0594741 0.991054 -0.943278
2 146 3684 0.986954 0.0809314 -0.13918 0.390527 -0.0748514 0.99602 0.0483862 0.140439 0.142542 -0.0373371 0.989084 -0.909816
2 147 4090 0.965854 0.170402 -0.195165 0.493957 -0.153061 0.983058 0.100839 0.0810383 0.209042 -0.0675232 0.975573 -0.865701
2 148 4483 0.931254 0.203442 -0.302288 0.817591 -0.171674 0.97674 0.12848 -0.05417 0.321394 -0.0677522 0.944519 -0.573246
2 149 4094 0.909697 0.267636 -0.317525 0.861563 -0.229059 0.961168 0.153907 -0.196162 0.346386 -0.0672768 0.935677 -0.46822
2 150 3095 0.90936 0.299853 -0.288362 0.935026 -0.281964 0.953908 0.10274 -0.202881 0.305878 -0.0121196 0.951994 -0.290802
2 151 2549 0.905187 0.2914 -0.309389 0.954105 -0.278128 0.956575 0.0872318 -0.22225 0.321373 0.00708859 0.946926 -0.200722
2 152 1761 0.892087 0.298515 -0.339218 0.96966 -0.312145 0.949915 0.0150441 -0.213309 0.32672 0.0924645 0.940587 -0.11941
2 153 800 0.879169 0.34939 -0.324019 0.955086 -0.356935 0.933358 0.0379585 -0.279867 0.315688 0.0822819 0.945289 -0.0973938
2 154 672 0.955705 0.195753 0.219792 0.186505 -0.152845 0.968261 -0.197759 0.877743 -0.251528 0.155405 0.955292 -0.441342
2 155 634 0.873666 0.373416 -0.311878 0.955183 -0.367831 0.926535 0.0789457 -0.289278 0.318446 0.0457464 0.946837 -0.0628004
2 156 744 0.827097 0.395974 -0.398893 0.954689 -0.377495 0.917161 0.127722 -0.296344 0.416424 0.0449418 0.908059 0.027354
2 157 750 0.791484 0.390547 -0.470135 0.943429 -0.33323 0.920572 0.203729 -0.300463 0.512358 -0.00458562 0.858759 0.140227
2 158 772 0.850037 0.287399 -0.441406 0.970535 -0.251562 0.957783 0.139166 -0.158629 0.462768 -0.00725496 0.88645 0.181382
2 159 815 0.834515 0.304377 -0.459281 0.973213 -0.246826 0.951763 0.182274 -0.140357 0.492607 -0.0387475 0.869389 0.182087
2 160 826 0.879424 0.331952 -0.341206 0.976398 -0.262357 0.936053 0.234465 -0.215735 0.397218 -0.116677 0.910277 0.0102669
2 161 864 0.892149 0.302916 -0.335131 0.976273 -0.238863 0.945993 0.219182 -0.197466 0.383425 -0.115492 0.916323 -0.0888736
2 162 999 0.809743 0.340632 -0.477794 0.979093 -0.253221 0.937385 0.239141 -0.196797 0.529336 -0.0726551 0.845296 0.0514482
2 163 1218 0.923902 0.279888 -0.260899 0.965179 -0.231366 0.951732 0.201683 -0.208714 0.304755 -0.125973 0.944063 -0.157697
2 164 1578 0.900912 0.255424 -0.35088 0.975239 -0.213041 0.964636 0.155211 -0.129298 0.378116 -0.0650793 0.923468 -0.179417
2 165 1445 0.926249 0.236329 -0.293619 0.929127 -0.197056 0.967699 0.157253 -0.0947382 0.321298 -0.0877957 0.9429 -0.357418
2 166 1654 0.932648 0.226817 -0.280575 0.864333 -0.186706 0.968865 0.16261 -0.0349204 0.308722 -0.0992726 0.945957 -0.501706
2 167 2051 0.931256 0.238822 -0.275183 0.830711 -0.198753 0.96594 0.1657 -0.0383177 0.305383 -0.0996162 0.947005 -0.555383
2 168 2455 0.963753 0.184348 -0.192863 0.623518 -0.154258 0.974832 0.160956 0.0377675 0.217681 -0.125371 0.967934 -0.780896
2 169 3466 0.975546 0.143456 -0.166523 0.652495 -0.124482 0.985021 0.119318 0.0525827 0.181146 -0.0956711 0.978792 -0.755966
2 170 3313 0.995284 0.0594694 -0.0766355 0.326045 -0.0489714 0.990006 0.132246 0.129488 0.0837343 -0.127869 0.98825 -0.936444
2 171 3435 0.99318 0.0397747 -0.109598 0.324307 -0.0226682 0.987947 0.153121 0.100946 0.114367 -0.149593 0.982111 -0.94055
2 172 3683 0.982792 0.0896183 -0.161522 0.367236 -0.0644334 0.985823 0.154921 0.125441 0.173116 -0.141848 0.974633 -0.92163
3 4 7491 0.998033 0.0338998 -0.0527273 0.991759 -0.0340843 0.999416 -0.00260232 0.0609319 0.0526083 0.00439438 0.998606 -0.112701
3 5 8727 0.995816 0.0513928 -0.0755562 0.998722 -0.0527013 0.998491 -0.0154254 0.0236411 0.0746494 0.0193427 0.997022 0.0446783
3 6 6795 0.992883 0.0544623 -0.105908 0.988986 -0.053961 0.998514 0.00759535 -0.00183515 0.106164 -0.00182639 0.994347 0.148
3 7 4820 0.98286 0.0639369 -0.172914 0.987126 -0.0660447 0.997796 -0.00645808 -0.114765 0.172119 0.0177674 0.984916 0.11141
3 8 3529 0.987505 0.0667699 -0.142742 0.997606 -0.0706173 0.99726 -0.0220538 -0.0435998 0.140878 0.0318582 0.989514 -0.0536764
3 9 2733 0.975504 0.107029 -0.192189 0.986525 -0.114629 0.99299 -0.0288364 0.0344785 0.187755 0.0501603 0.980934 -0.159938
3 10 1616 0.957745 0.145301 -0.248218 0.965286 -0.144196 0.989288 0.0227277 0.0499499 0.248861 0.0140246 0.968438 -0.256375
3 11 1292 0.92573 0.189572 -0.32724 0.972032 -0.183085 0.981783 0.0508219 0.0503656 0.330912 0.0128653 0.943574 -0.229383
3 12 801 0.861398 0.268269 -0.431306 0.971525 -0.249844 0.963103 0.100057 -0.0330521 0.442234 0.0215705 0.89664 -0.234619
3 13 564 0.781711 0.268778 -0.562749 0.994026 -0.295457 0.954278 0.0453604 0.0316949 0.549211 0.13081 0.825382 -0.104444
3 14 302 0.723004 0.248579 -0.644573 0.997084 -0.296355 0.954412 0.0356528 0.0735086 0.62405 0.165245 0.763711 -0.0204844
3 15 128 0.978749 0.130063 0.158539 -0.0642022 -0.140186 0.98863 0.0543908 -0.214627 -0.149662 -0.0754599 0.985853 0.974584
3 16 150 0.472455 -0.862539 0.181144 -0.175543 -0.301879 0.0347278 0.952714 -0.643585 -0.828043 -0.504798 -0.243975 0.744972
3 17 53 0.732848 0.635576 -0.242852 0.220409 0.314722 -0.633107 -0.707196 0.144633 -0.603228 0.441836 -0.664 0.964625
3 18 0 1 0 0 0 0 1 0 0 0 0 1 0
3 19 0 1 0 0 0 0 1 0 0 0 0 1 0
3 20 0 1 0 0 0 0 1 0 0 0 0 1 0
3 21 0 1 0 0 0 0 1 0 0 0 0 1 0
3 22 0 1 0 0 0 0 1 0 0 0 0 1 0
3 23 0 1 0 0 0 0 1 0 0 0 0 1 0
3 24 0 1 0 0 0 0 1 0 0 0 0 1 0
3 25 0 1 0 0 0 0 1 0 0 0 0 1 0
3 26 0 1 0 0 0 0 1 0 0 0 0 1 0
3 27 12 -0.543553 -0.287744 0.788513 0.401395 0.436237 -0.899412 -0.0274971 -0.0176803 0.71711 0.329033 0.614403 0.915734
3 28 0 1 0 0 0 0 1 0 0 0 0 1 0
3 29 0 1 0 0 0 0 1 0 0 0 0 1 0
3 30 0 1 0 0 0 0 1 0 0 0 0 1 0
3 31 0 1 0 0 0 0 1 0 0 0 0 1 0
3 32 0 1 0 0 0 0 1 0 0 0 0 1 0
3 33 0 1 0 0 0 0 1 0 0 0 0 1 0
3 34 0 1 0 0 0 0 1 0 0 0 0 1 0
3 35 0 1 0 0 0 0 1 0 0 0 0 1 0
3 36 0 1 0 0 0 0 1 0 0 0 0 1 0
3 37 0 1 0 0 0 0 1 0 0 0 0 1 0
3 38 0 1 0 0 0 0 1 0 0 0 0 1 0
3 39 0 1 0 0 0 0 1 0 0 0 0 1 0
3 40 10 0.719324 -0.683297 0.125212 0.271139 0.675085 0.645087 -0.357942 0.10036 0.163808 0.342005 0.92531 0.957294
3 41 0 1 0 0 0 0 1 0 0 0 0 1 0
3 42 13 0.465091 0.865901 -0.184136 -0.221657 -0.725084 0.491938 0.481923 -0.216304 0.507881 -0.0906237 0.856647 -0.950832
3 43 0 1 0 0 0 0 1 0 0 0 0 1 0
3 44 0 1 0 0 0 0 1 0 0 0 0 1 0
3 45 0 1 0 0 0 0 1 0 0 0 0 1 0
3 46 0 1 0 0 0 0 1 0 0 0 0 1 0
3 47 0 1 0 0 0 0 1 0 0 0 0 1 0
3 48 0 1 0 0 0 0 1 0 0 0 0 1 0
3 49 0 1 0 0 0 0 1 0 0 0 0 1 0
3 50 0 1 0 0 0 0 1 0 0 0 0 1 0
3 51 0 1 0 0 0 0 1 0 0 0 0 1 0
3 52 0 1 0 0 0 0 1 0 0 0 0 1 0
3 53 0 1 0 0 0 0 1 0 0 0 0 1 0
3 54 0 1 0 0 0 0 1 0 0 0 0 1 0
3 55 0 1 0 0 0 0 1 0 0 0 0 1 0
3 56 0 1 0 0 0 0 1 0 0 0 0 1 0
3 57 0 1 0 0 0 0 1 0 0 0 0 1 0
3 58 0 1 0 0 0 0 1 0 0 0 0 1 0
3 59 0 1 0 0 0 0 1 0 0 0 0 1 0
