0 1 744 0.999965 0.00811892 0.0018995 0.168336 -0.00812512 0.999962 0.00328187 -0.0518965 -0.00187278 -0.00329719 0.999993 0.984363
0 2 6460 0.999487 0.0119693 -0.0296921 0.897241 -0.0122348 0.999887 -0.00877414 0.163837 0.0295837 0.00913292 0.999521 0.41002
0 3 5554 0.999158 0.00444973 -0.0407967 0.975806 -0.00430389 0.999984 0.00366183 -0.0601954 0.0408123 -0.00348316 0.999161 0.210188
0 4 4303 0.995182 0.0388583 -0.0900117 0.957617 -0.0387116 0.999245 0.00337553 -0.0650728 0.0900749 0.000125231 0.995935 0.280599
0 5 2769 0.99143 0.0505495 -0.120465 0.979607 -0.0528522 0.998474 -0.0159954 0.000483495 0.119473 0.0222252 0.992589 0.200924
0 6 1968 0.991143 0.0585135 -0.119215 0.972553 -0.0586579 0.998275 0.00229994 0.0160613 0.119144 0.00471336 0.992866 0.232125
0 7 1374 0.979161 0.0636594 -0.192848 0.971421 -0.0670128 0.997692 -0.0109094 -0.0999976 0.191709 0.0236054 0.981168 0.215272
0 8 1023 0.983103 0.0719577 -0.168318 0.996669 -0.0752754 0.997073 -0.0134056 -0.0715303 0.166861 0.0258493 0.985642 0.0391771
0 9 802 0.966446 0.112357 -0.230992 0.996997 -0.118256 0.992913 -0.0118077 -0.020656 0.228028 0.0387276 0.972884 -0.0746329
0 10 667 0.936212 0.157176 -0.314329 0.995906 -0.155671 0.987352 0.0300538 0.0150566 0.315077 0.0207953 0.948838 -0.0891365
0 11 556 0.910305 0.220471 -0.350338 0.98567 -0.194903 0.974955 0.107121 -0.078487 0.365181 -0.0292311 0.930478 -0.149312
0 12 503 0.871309 0.242028 -0.426899 0.992171 -0.236526 0.969326 0.0667991 0.00768499 0.429972 0.0427702 0.901829 -0.124648
0 13 480 0.881125 0.307325 -0.359402 0.935407 -0.287934 0.951566 0.107775 -0.0836327 0.375117 0.00852094 0.926938 -0.343541
0 14 191 0.994448 0.0582684 -0.087627 0.0159641 -0.0507998 0.99507 0.0851721 -0.268107 0.0921579 -0.0802477 0.992506 -0.963257
0 15 177 0.989276 0.139533 0.0431771 0.420003 -0.142951 0.985616 0.0901438 0.128798 -0.029978 -0.0953493 0.994992 0.898336
0 16 164 0.804755 0.412567 0.4268 -0.308148 -0.492492 0.865436 0.0920466 -0.137998 -0.331393 -0.284271 0.899649 -0.941276
0 17 241 0.813186 0.171984 0.556013 -0.663801 -0.208009 0.978125 0.00166942 0.197476 -0.543563 -0.117013 0.831172 -0.721368
0 18 441 0.331385 -0.687554 -0.646106 0.448496 -0.828094 0.116227 -0.548408 0.158831 0.452155 0.716771 -0.530844 0.879559
0 19 342 0.595898 -0.618946 -0.511675 0.259984 -0.747228 -0.660773 -0.0709202 -0.00454889 -0.294206 0.424599 -0.856247 0.965602
0 20 360 0.593186 0.73049 -0.338402 0.14519 0.509865 -0.666174 -0.544289 0.314898 -0.623032 0.150325 -0.767616 0.937955
0 21 332 -0.559376 0.811656 -0.168266 -0.153906 0.40886 0.44675 0.795768 -0.196818 0.721063 0.376336 -0.581755 0.968285
0 22 254 -0.807073 0.27379 0.523136 -0.196714 0.368911 0.925596 0.084718 -0.193803 -0.461018 0.261365 -0.848028 0.961116
0 23 228 0.551982 0.383833 -0.740262 0.0889604 -0.798116 0.500313 -0.335705 0.0579054 0.241508 0.776118 0.582507 0.994351
0 24 353 0.385836 -0.817511 -0.427559 0.363079 -0.816712 -0.0871236 -0.57043 0.155868 0.429082 0.569285 -0.701287 0.918629
0 25 173 -0.956235 0.217212 -0.196043 0.481915 -0.245013 -0.960671 0.130688 -0.0448907 -0.159945 0.173001 0.971848 -0.875067
0 26 133 -0.981209 0.106314 -0.161019 0.412046 -0.111724 -0.993427 0.0248969 0.106204 -0.157314 0.0424187 0.986637 -0.904952
0 27 93 0.351101 0.923232 -0.156114 0.26437 -0.836253 0.384183 0.391261 -0.0821538 0.421201 -0.00682119 0.906942 -0.960916
0 28 281 -0.805208 -0.585972 -0.0909754 0.227227 -0.476977 0.73116 -0.487748 0.123151 0.352324 -0.349346 -0.868231 0.966024
0 29 306 0.763864 0.19103 -0.616457 0.272772 -0.00923548 -0.951855 -0.306409 0.0996293 -0.645311 0.239748 -0.725324 0.956906
0 30 131 -0.534203 -0.685631 -0.494507 0.102799 0.668135 -0.700815 0.249907 0.171026 -0.517902 -0.196897 0.832472 0.979889
0 31 318 -0.855243 -0.192586 -0.481114 0.304561 0.0144055 0.919189 -0.393552 0.209456 0.518028 -0.343513 -0.783356 0.929177
0 32 271 0.842253 0.466667 0.269872 0.0282104 0.338255 -0.847294 0.409482 -0.249997 0.419753 -0.253602 -0.871489 0.967836
0 33 355 -0.91613 0.122938 -0.381564 0.00121221 -0.0952755 0.857771 0.505126 -0.114738 0.389394 0.499115 -0.774117 0.993395
0 34 246 -0.148908 0.981317 -0.121835 0.106792 0.959506 0.173181 0.222164 -0.196105 0.239112 -0.08382 -0.967367 0.97475
0 35 111 0.550178 0.831814 -0.073412 -0.130558 -0.834997 0.548984 -0.0373806 -0.107596 0.00920826 0.0818647 0.996601 -0.985585
0 36 335 -0.16295 0.85126 0.498803 -0.20426 0.986471 0.131358 0.0980854 0.0884252 0.0179744 0.508037 -0.861147 0.974915
0 37 138 0.393909 -0.919106 0.00893339 -0.0298511 0.919117 0.393795 -0.012236 -0.257727 0.00772825 0.0130307 0.999885 -0.965757
0 38 97 -0.990029 0.129001 -0.0565876 0.0569573 -0.121513 -0.985285 -0.1202 -0.00227121 -0.0712608 -0.112125 0.991136 -0.998374
0 39 297 0.53328 -0.526698 -0.661968 0.173522 -0.322978 -0.850014 0.416127 -0.225109 -0.781855 -0.00811093 -0.623407 0.958758
0 40 241 0.907792 -0.299716 -0.293401 0.165596 -0.286272 -0.954023 0.0888213 -0.198118 -0.306532 0.0033612 -0.951854 0.966089
0 41 329 -0.880303 0.471028 -0.056553 0.0673903 0.421582 0.72203 -0.548582 0.272844 -0.217565 -0.50676 -0.834182 0.959695
0 42 309 -0.718173 -0.44019 0.538943 -0.318817 -0.411565 0.893205 0.181104 -0.0539159 -0.561107 -0.0917459 -0.822643 0.946282
0 43 134 -0.506216 -0.824846 -0.251743 0.440837 0.860345 -0.503185 -0.081313 -0.197014 -0.0596026 -0.257748 0.964372 -0.875699
0 44 164 -0.912825 -0.36252 -0.187962 0.208002 0.375144 -0.926293 -0.0353352 -0.329023 -0.161298 -0.102768 0.981541 0.921129
0 45 99 -0.748502 -0.651975 -0.121137 -0.146784 0.649038 -0.757728 0.0678067 0.197249 -0.135998 -0.0278693 0.990317 0.969303
0 46 120 0.897659 -0.40722 -0.168465 0.151875 0.413889 0.910314 0.00494774 0.0257985 0.151341 -0.0741672 0.985695 0.988063
0 47 248 0.822562 -0.208509 -0.52907 0.267788 -0.338626 -0.927022 -0.161128 0.146722 -0.456863 0.311695 -0.83314 0.95224
0 48 103 -0.948981 0.258274 -0.180915 0.435359 -0.172587 -0.905572 -0.387497 0.304222 -0.263912 -0.336503 0.903945 -0.847296
0 49 239 -0.956233 -0.154248 0.248647 -0.161916 -0.151731 0.987985 0.0293795 -0.0352641 -0.250191 -0.00963362 -0.968149 0.986174
0 50 215 -0.574064 -0.701704 0.421973 -0.10648 -0.57667 0.712337 0.400035 -0.266192 -0.581293 -0.0136938 -0.813579 0.958021
0 51 208 0.833306 -0.172618 0.525171 -0.415531 -0.172554 -0.983753 -0.0495517 0.0879208 0.525192 -0.0493285 -0.849553 0.90532
0 52 224 0.921448 0.383443 -0.0624921 -0.0826451 0.38006 -0.923038 -0.0596246 -0.0166073 -0.0805451 0.0311902 -0.996263 0.996441
0 53 168 -0.929876 -0.366617 -0.0303616 -0.434396 0.366551 -0.930364 0.00789496 -0.0751064 -0.0311418 -0.00378776 0.999508 -0.897585
0 54 116 -0.941351 -0.270632 0.201534 -0.328174 0.222386 -0.946791 -0.23266 0.144458 0.253776 -0.174196 0.951448 -0.933506
0 55 315 0.187853 0.581965 0.791219 -0.401082 0.915023 -0.396486 0.0743805 0.00485293 0.356994 0.710011 -0.606992 0.916029
0 56 112 -0.998408 -0.054721 0.0136436 -0.0899265 0.0538371 -0.996841 -0.0583932 0.0889668 0.0167958 -0.0575657 0.9982 -0.991967
0 57 249 0.649502 0.660271 -0.37708 0.000738264 0.678353 -0.727207 -0.104917 -0.0689407 -0.343489 -0.187649 -0.920219 0.99762
0 58 134 0.0638428 0.997043 -0.0427799 0.239983 -0.942515 0.0461508 -0.330962 0.237419 -0.328008 0.0614502 0.942674 -0.941297
0 59 118 0.77409 -0.593548 -0.220195 0.172089 0.59095 0.802222 -0.0849632 0.117412 0.227075 -0.064355 0.971749 0.978059
0 60 205 0.942051 -0.257982 0.214442 -0.276563 0.225323 0.960165 0.165267 -0.181326 -0.248536 -0.107372 0.962653 0.943734
0 61 127 -0.948741 0.260074 -0.179587 0.362748 -0.246377 -0.964491 -0.0951647 0.167973 -0.19796 -0.0460405 0.979128 -0.916624
0 62 104 0.704362 0.709312 -0.0274125 -0.148608 -0.708907 0.70093 -0.0784048 0.20646 -0.0363992 0.0746583 0.996545 0.967104
0 63 103 -0.978745 0.203296 -0.0270021 0.122941 -0.189302 -0.946218 -0.262365 0.00290276 -0.0788877 -0.251677 0.964591 0.99241
0 64 359 -0.713673 0.192768 -0.673433 0.277214 0.572731 0.714099 -0.402545 0.267581 0.4033 -0.672981 -0.620037 0.922796
0 65 95 0.528209 -0.833596 0.161599 0.144498 0.797851 0.422123 -0.430402 0.315829 0.290567 0.356274 0.888054 -0.937748
0 66 315 0.795766 0.0664454 -0.601948 0.412185 0.0431719 -0.997658 -0.0530528 0.0678466 -0.604064 0.0162304 -0.796771 0.90857
0 67 135 -0.97552 -0.206243 0.0763167 -0.190345 0.21014 -0.976539 0.0470496 0.283961 0.0648225 0.061935 0.995973 -0.939753
0 68 248 0.90918 -0.00808777 -0.416325 0.265879 0.0713974 -0.981977 0.174995 -0.187822 -0.410237 -0.188827 -0.892216 0.945532
0 69 223 -0.504213 0.855626 0.116935 -0.108122 0.794181 0.512606 -0.326362 0.267737 -0.339186 -0.0716884 -0.937984 0.957406
0 70 248 -0.912672 -0.0471131 -0.405969 0.246337 -0.104561 0.987191 0.120501 -0.213215 0.395092 0.152426 -0.905908 0.94544
0 71 107 -0.888113 0.1892 0.418879 -0.406108 -0.197914 -0.979949 0.0230052 0.157872 0.414832 -0.062471 0.907751 -0.900085
0 72 103 -0.86718 0.414009 0.276758 -0.373904 -0.307901 -0.882531 0.355438 -0.262643 0.391402 0.223015 0.892787 -0.889502
0 73 113 -0.47202 -0.880957 -0.0333496 0.278445 0.879345 -0.473178 0.0534336 -0.140268 -0.062853 -0.0041041 0.998014 0.950155
0 74 293 -0.342249 0.907158 -0.244805 0.187034 0.737256 0.420789 0.528573 -0.283193 0.582511 0.000420011 -0.812823 0.940649
0 75 120 0.607189 -0.767861 -0.204231 0.322898 0.779399 0.625562 -0.0347766 0.225876 0.154463 -0.138061 0.978305 -0.919085
0 76 277 0.596578 -0.737517 -0.316486 0.267191 -0.64583 -0.67528 0.356231 -0.169307 -0.476443 -0.00812323 -0.879168 0.948654
0 77 242 0.278455 -0.945186 0.170549 0.335427 0.791004 0.124964 -0.598913 0.217389 0.544771 0.301675 0.782443 0.916641
0 78 217 -0.81421 -0.322 -0.483093 0.231134 -0.228098 0.942608 -0.243845 0.00496364 0.533886 -0.0883485 -0.840929 0.972909
0 79 358 -0.701077 -0.186049 0.688387 -0.26902 0.15815 0.900756 0.40451 -0.27267 -0.695327 0.392461 -0.602075 0.923731
0 80 250 -0.277269 0.958378 -0.0680766 0.174459 0.874797 0.281117 0.394594 -0.243476 0.397307 0.0498552 -0.91633 0.954088
0 81 295 0.633133 -0.649029 0.421786 -0.131823 -0.459376 -0.753637 -0.470111 0.265189 0.62299 0.103885 -0.775301 0.955143
0 82 103 0.842486 0.4709 0.261669 -0.143045 -0.479695 0.876798 -0.0334305 -0.0214704 -0.245174 -0.0973567 0.964578 -0.989483
0 83 314 -0.0598179 0.832564 -0.55069 0.40153 0.754914 -0.32321 -0.570649 0.279377 -0.65309 -0.449859 -0.60918 0.872194
0 84 246 -0.878616 0.324469 -0.350361 0.152698 0.26811 0.942328 0.200338 -0.0896068 0.395159 0.0820853 -0.914938 0.984202
0 85 97 -0.821647 -0.517221 -0.239538 -0.0636882 0.43818 -0.841923 0.314903 -0.300149 -0.364546 0.153778 0.9184 -0.951764
0 86 208 0.108596 0.10054 -0.988989 0.22806 -0.992692 -0.0417031 -0.113242 -0.162575 -0.0526292 0.994059 0.0952761 0.959978
0 87 109 0.949677 0.249869 0.188891 -0.122194 -0.237366 0.96756 -0.0865154 0.0249172 -0.204381 0.0373253 0.97818 0.992193
0 88 81 0.428387 -0.895647 0.119585 -0.21926 0.886888 0.4421 0.134081 -0.0790771 -0.172958 0.0486205 0.983728 -0.972457
0 89 66 -0.44171 -0.895666 0.0517183 -0.116672 0.867039 -0.440982 -0.231901 -0.0117875 0.230512 -0.057591 0.971364 -0.993101
0 90 233 0.79784 -0.258739 -0.544523 0.387093 -0.322143 -0.946428 -0.022296 -0.0671741 -0.509583 0.193203 -0.838449 0.919591
0 91 130 -0.67471 0.619141 -0.401785 0.467707 -0.648919 -0.756975 -0.0767644 0.160553 -0.351669 0.208932 0.912511 -0.869179
0 92 211 0.723664 0.617721 0.307785 -0.051046 0.489221 -0.773701 0.402554 -0.335121 0.486799 -0.140739 -0.862101 0.940791
0 93 249 0.583981 -0.726637 0.36189 -0.221794 -0.73944 -0.660114 -0.132208 0.0278911 0.334956 -0.190389 -0.922798 0.974695
0 94 99 0.282739 -0.944701 -0.166129 0.222062 0.957402 0.267355 0.109098 0.109089 -0.0586492 -0.189898 0.980051 -0.968911
0 95 223 0.434492 -0.900411 0.021827 0.0882461 -0.828252 -0.389916 0.402447 -0.30859 -0.353857 -0.192938 -0.915183 0.947093
0 96 220 -0.689748 0.706792 0.157138 -0.187142 0.684886 0.707299 -0.175098 0.197035 -0.234902 -0.0131521 -0.97193 0.96237
0 97 111 0.625295 -0.755306 -0.196261 0.38998 0.778734 0.587549 0.219908 0.022471 -0.0507851 -0.290342 0.955574 -0.920549
0 98 255 -0.576858 -0.723386 -0.379405 0.15134 -0.782237 0.62298 0.00154147 -0.0879555 0.235247 0.297674 -0.925229 0.984561
0 99 127 -0.693103 0.632438 0.345876 -0.11611 -0.698974 -0.70694 -0.10803 -0.173745 0.176191 -0.316634 0.93204 0.977922
0 100 261 -0.414422 0.909661 -0.0277618 0.007188 0.893836 0.401095 -0.200447 0.174226 -0.171204 -0.107884 -0.979311 0.984679
0 101 285 0.582772 0.528291 0.617483 -0.176514 0.621594 -0.779241 0.0800325 -0.143287 0.523449 0.337183 -0.782502 0.973813
0 102 322 -0.903158 0.429281 0.00488874 -0.00306999 0.189488 0.408827 -0.892723 0.160568 -0.385228 -0.805344 -0.450579 0.98702
0 103 258 0.451601 -0.889635 -0.0678642 0.179812 -0.835517 -0.394992 -0.38196 0.0417332 0.313 0.229195 -0.921684 0.982815
0 104 214 0.907654 -0.196301 0.370985 -0.288498 0.256423 0.959103 -0.119873 0.0944078 -0.332282 0.203932 0.92087 0.952815
0 105 257 0.732301 0.64946 -0.204783 0.0396848 0.668121 -0.743382 0.031589 -0.0367513 -0.131716 -0.159952 -0.978298 0.998536
0 106 88 0.0943696 0.995072 0.0304247 -0.0781105 -0.991951 0.0965776 -0.0818955 0.263882 -0.0844303 -0.0224513 0.996176 -0.961387
0 107 195 0.988295 -0.0513068 -0.14367 0.577543 0.0436656 0.997484 -0.0558447 -0.492932 0.146174 0.0489176 0.988049 0.65074
0 108 281 0.469308 0.749759 -0.466489 0.331004 0.880909 -0.434153 0.188443 -0.0836284 -0.0612409 -0.499373 -0.86422 0.939916
0 109 223 0.468368 -0.841313 0.269858 -0.338895 -0.804331 -0.532402 -0.263818 0.192178 0.365627 -0.0934915 -0.926054 0.920987
0 110 262 0.866515 0.317792 -0.384915 0.226537 0.464003 -0.797083 0.386471 -0.317088 -0.183992 -0.513485 -0.838141 0.920943
0 111 89 -0.991436 -0.0695471 0.110535 -0.267693 0.0357283 -0.958558 -0.282649 -0.159247 0.125611 -0.276279 0.952833 0.950253
0 112 204 -0.509163 0.789555 -0.342571 0.334216 0.76015 0.599208 0.251241 -0.311756 0.40364 -0.132482 -0.905275 0.889442
0 113 144 0.149546 0.988728 0.00725281 -0.240668 -0.978789 0.146996 0.142703 0.207345 0.140028 -0.0284395 0.989739 -0.948202
0 114 241 -0.758604 0.581077 -0.294737 0.215876 0.490867 0.807165 0.327923 -0.264405 0.42845 0.104087 -0.89755 0.93994
0 115 292 -0.756652 -0.225601 0.613663 -0.318294 -0.373378 0.91958 -0.122313 0.0963869 -0.536719 -0.321677 -0.780037 0.943079
0 116 232 -0.61824 0.773713 -0.138374 0.157086 0.726403 0.629687 0.275378 -0.199099 0.300196 0.0697342 -0.951325 0.967307
0 117 117 0.757651 0.609317 -0.233875 0.400254 -0.647382 0.747093 -0.150822 0.066168 0.0828279 0.265677 0.960497 -0.914012
0 118 389 -0.0731518 -0.702573 0.707842 -0.572658 -0.0809274 0.711585 0.697924 -0.467728 -0.994032 -0.00622939 -0.108911 0.67327
0 119 372 -0.215639 -0.0947499 0.971865 -0.617149 0.206831 0.968266 0.140291 -0.0832949 -0.954317 0.231264 -0.189199 0.782425
0 120 273 -0.819423 0.539928 -0.192415 0.102576 0.525254 0.84171 0.125027 -0.171303 0.229463 0.00138288 -0.973316 0.979864
0 121 409 0.0487096 0.134175 -0.98976 0.930342 -0.18988 0.974109 0.122708 -0.0255736 0.980598 0.181959 0.0729256 0.3658
0 122 109 -0.351795 -0.892181 -0.28329 -0.205701 0.935516 -0.324618 -0.139404 0.0874873 0.0324125 -0.314064 0.948848 0.974696
0 123 122 0.695584 0.304604 -0.650676 0.554897 -0.297076 0.946565 0.12554 0.0686883 0.654148 0.105977 0.748906 -0.829079
0 124 167 0.841448 0.292485 -0.454333 -0.045412 -0.294855 0.953153 0.0675216 -0.199618 0.452798 0.0771466 0.888269 0.978821
0 125 252 0.934577 0.288794 -0.207758 -0.424453 -0.307278 0.949578 -0.062297 0.40384 0.179291 0.122061 0.976195 -0.810403
0 126 453 0.772652 0.237702 0.588648 -0.941802 -0.126594 0.966322 -0.224045 0.331145 -0.622079 0.0985898 0.776723 -0.0578995
0 127 470 0.907697 0.395611 0.13992 -0.553358 -0.169046 0.649924 -0.74096 0.831052 -0.384069 0.648915 0.656811 0.0561025
0 128 474 0.90878 0.38483 0.16132 -0.545077 -0.141027 0.647115 -0.749235 0.836907 -0.392721 0.65814 0.642357 0.0497733
0 129 306 0.900374 0.349731 -0.258872 -0.0850466 -0.355212 0.934399 0.026902 0.273331 0.251298 0.0677326 0.965537 -0.958153
0 130 472 0.919763 0.343844 -0.189229 -0.0927913 -0.385882 0.88026 -0.276111 0.663308 0.0716313 0.326976 0.942314 -0.742571
0 131 379 0.947667 0.272988 -0.165544 -0.084567 -0.289651 0.953244 -0.0861888 0.358804 0.134276 0.129628 0.982429 -0.929574
0 132 386 0.968784 0.234192 -0.0813178 -0.130947 -0.241139 0.966322 -0.0898538 0.331888 0.0575362 0.106658 0.99263 -0.934186
0 133 470 0.976057 0.207195 -0.0661976 -0.0863738 -0.21525 0.963871 -0.156911 0.440274 0.0312948 0.167403 0.985392 -0.893699
0 134 460 0.958816 0.21867 -0.181263 0.176304 -0.227568 0.973313 -0.0295825 0.246879 0.169957 0.0696139 0.98299 -0.952873
0 135 545 0.968352 0.215617 -0.125715 0.157864 -0.211559 0.976331 0.0449458 0.19528 0.132431 -0.0169272 0.991048 -0.967959
0 136 422 0.97603 0.207944 -0.0642307 0.127246 -0.203473 0.976592 0.0697667 0.16544 0.0772348 -0.0550251 0.995493 -0.977977
0 137 439 0.964286 0.222044 -0.144391 0.428806 -0.206728 0.97176 0.113778 0.0269055 0.165577 -0.0798649 0.982958 -0.902996
0 138 465 0.986124 0.127972 -0.105749 0.484241 -0.124783 0.991521 0.0362713 0.156637 0.109494 -0.0225723 0.993731 -0.860799
0 139 486 0.998405 0.0295057 0.0481304 0.36836 -0.0294123 0.999564 -0.00264854 0.270692 -0.0481875 0.0012287 0.998838 -0.889402
0 140 350 0.977169 -0.0730048 0.199526 0.185342 0.0590937 0.995445 0.0748158 0.229237 -0.204079 -0.061317 0.977032 -0.955562
0 141 351 0.953494 -0.195839 0.229119 0.159351 0.173186 0.978115 0.115313 0.216982 -0.246688 -0.0702698 0.966544 -0.963082
0 142 495 0.944548 -0.285816 0.161672 0.16866 0.255291 0.948825 0.185898 0.0798579 -0.206531 -0.134317 0.969177 -0.982434
0 143 521 0.953058 -0.280504 0.114011 0.113607 0.268617 0.957041 0.109168 0.201798 -0.139735 -0.073418 0.987463 -0.972816
0 144 839 0.988075 -0.153923 0.00381687 0.184722 0.152616 0.982364 0.108024 0.0999247 -0.0203769 -0.106153 0.994141 -0.977698
0 145 1323 0.987853 0.0486277 -0.147587 0.410475 -0.0372192 0.996171 0.079102 0.0944856 0.150868 -0.072648 0.985881 -0.906964
0 146 1443 0.969416 0.107545 -0.220607 0.634707 -0.0995103 0.993914 0.0472504 0.136196 0.224346 -0.0238527 0.974218 -0.760656
0 147 1474 0.95544 0.180831 -0.23331 0.653637 -0.162329 0.982019 0.09637 0.097012 0.246542 -0.0542028 0.967615 -0.750564
0 148 1508 0.934213 0.207888 -0.289878 0.855865 -0.180632 0.976432 0.118119 -0.02477 0.307602 -0.0579872 0.949746 -0.516606
0 149 1248 0.897786 0.279504 -0.34038 0.926941 -0.239385 0.958379 0.155576 -0.193318 0.369697 -0.0581919 0.927328 -0.321572
0 150 885 0.887481 0.318643 -0.332932 0.95438 -0.291243 0.947685 0.130657 -0.258261 0.357147 -0.0189915 0.933855 -0.149867
0 151 861 0.898052 0.296868 -0.324609 0.962166 -0.282055 0.954884 0.0929576 -0.227475 0.33756 0.00807685 0.941269 -0.149975
0 152 730 0.876591 0.316686 -0.36235 0.962575 -0.323833 0.945153 0.0426322 -0.262663 0.355978 0.07997 0.931066 -0.0667645
0 153 550 0.713992 0.41087 -0.566924 0.935049 -0.38214 0.907156 0.176175 -0.345788 0.586673 0.090857 0.804711 0.078195
0 154 301 0.943143 0.195663 0.268695 -0.127469 -0.187719 0.98067 -0.0552126 -0.228373 -0.274304 0.0016342 0.961642 -0.965193
0 155 332 0.954342 0.214637 0.207756 0.2224 -0.18757 0.971868 -0.142443 0.607595 -0.232485 0.09697 0.967754 -0.762474
0 156 480 0.792067 0.401318 -0.459971 0.942063 -0.38206 0.913595 0.139193 -0.296776 0.476088 0.0654863 0.876956 0.156335
0 157 471 0.774161 0.371581 -0.512448 0.949848 -0.330299 0.92775 0.173734 -0.23995 0.53998 0.034763 0.84096 0.200531
0 158 342 0.9276 0.373528 0.0058975 0.687767 -0.371925 0.921909 0.108418 -0.351715 0.0350603 -0.102762 0.994088 -0.635038
0 159 183 0.979503 0.147211 0.137489 -0.162751 -0.161544 0.981825 0.0996206 -0.138966 -0.120325 -0.119789 0.985481 0.976832
0 160 513 0.83524 0.387394 -0.390256 0.941443 -0.27852 0.909974 0.307203 -0.324269 0.474132 -0.147894 0.867944 0.0923884
0 161 535 0.833011 0.323762 -0.448632 0.974962 -0.2401 0.942106 0.234071 -0.18266 0.498442 -0.0872668 0.86252 0.126826
0 162 497 0.845595 0.354524 -0.399101 0.968757 -0.27006 0.928997 0.253045 -0.247927 0.460474 -0.106193 0.881298 0.00655366
0 163 578 0.862658 0.318108 -0.393228 0.977658 -0.239407 0.941659 0.236563 -0.20865 0.445539 -0.109931 0.888487 -0.0255128
0 164 666 0.900507 0.260426 -0.348232 0.980931 -0.217016 0.963119 0.15908 -0.138677 0.376817 -0.0676812 0.923812 -0.136175
0 165 684 0.923727 0.257916 -0.283211 0.932095 -0.213179 0.960415 0.179327 -0.151389 0.318251 -0.105275 0.942143 -0.329059
0 166 693 0.930118 0.240536 -0.277531 0.858627 -0.195128 0.963853 0.181421 -0.0766069 0.311137 -0.114589 0.943432 -0.506844
0 167 774 0.937005 0.246548 -0.247457 0.800735 -0.208835 0.963247 0.168948 -0.0460271 0.280016 -0.106628 0.954055 -0.597247
0 168 865 0.936949 0.221197 -0.270554 0.821092 -0.174519 0.9669 0.186138 -0.0371989 0.302771 -0.127185 0.944539 -0.569582
0 169 1145 0.981618 0.142106 -0.127405 0.603247 -0.124863 0.983026 0.134419 0.00722901 0.144344 -0.11604 0.9827 -0.797522
0 170 1251 0.993016 0.0752984 -0.0908252 0.407846 -0.060468 0.98587 0.15622 0.0567997 0.101305 -0.149637 0.983538 -0.911282
0 171 1532 0.991804 0.0437927 -0.120033 0.385544 -0.0235718 0.986017 0.164969 0.0744892 0.125579 -0.160787 0.978967 -0.919678
0 172 1590 0.98961 0.090876 -0.111414 0.249944 -0.0674729 0.977824 0.198259 -0.012754 0.126961 -0.188682 0.973797 -0.968176
1 2 2821 0.999937 0.00493802 0.0100873 -0.0697705 -0.00490058 0.999981 -0.00373316 -0.0549419 -0.0101056 0.0036835 0.999942 0.996049
1 3 5831 0.99982 -0.00542088 -0.0181933 0.985943 0.00542032 0.999985 -8.01338e-05 -0.0641521 0.0181935 -1.84945e-05 0.999834 0.154278
1 4 4708 0.9947 0.0266152 -0.0993137 0.972518 -0.0269495 0.999635 -0.00202573 -0.0451892 0.0992235 0.00469145 0.995054 0.228401
1 5 2965 0.993491 0.0472913 -0.103632 0.984263 -0.0484181 0.998792 -0.00838283 -0.0723476 0.103111 0.0133459 0.99458 0.161224
1 6 2105 0.989635 0.0498622 -0.134674 0.982157 -0.049066 0.998753 0.00922673 -0.0308714 0.134967 -0.00252316 0.990847 0.18551
1 7 1475 0.985147 0.0517095 -0.163742 0.973441 -0.0542848 0.998462 -0.0112898 -0.11839 0.162907 0.0200109 0.986439 0.195948
1 8 1090 0.979958 0.0681233 -0.187192 0.996433 -0.07149 0.997377 -0.011286 -0.0793135 0.185932 0.0244421 0.982259 0.028828
1 9 844 0.968588 0.103212 -0.22624 0.996567 -0.108546 0.994028 -0.0112287 -0.0330163 0.22373 0.0354333 0.974007 -0.0759274
1 10 689 0.942828 0.126895 -0.308177 0.993213 -0.13514 0.990811 -0.00546481 0.0775903 0.304652 0.0467994 0.951313 -0.0866506
1 11 606 0.910491 0.199508 -0.362219 0.990249 -0.188542 0.97986 0.0657718 -0.00245848 0.368046 0.00840892 0.92977 -0.13929
1 12 583 0.728974 0.242864 -0.640011 0.999489 -0.259113 0.963278 0.0704024 0.00205002 0.633606 0.114514 0.765134 0.0318879
1 13 469 0.897636 0.39061 -0.204142 0.852516 -0.358016 0.916366 0.17916 -0.337249 0.25705 -0.0877343 0.962407 -0.399349
1 14 241 0.978438 0.173992 0.111289 0.193398 -0.182269 0.980821 0.0690492 0.27393 -0.0971404 -0.0878449 0.991386 -0.942104
1 15 186 0.811125 0.312635 0.494303 -0.56294 -0.385812 0.921196 0.0504619 0.00582356 -0.439573 -0.231639 0.867824 -0.826478
1 16 278 0.979078 0.110471 0.170887 0.147108 -0.0999604 0.992599 -0.0689596 0.419561 -0.17724 0.050435 0.982875 -0.895728
1 17 164 0.939452 -0.0343335 0.340958 -0.247344 -0.0307471 0.98251 0.183655 -0.236754 -0.3413 -0.183018 0.921965 -0.939558
1 18 286 -0.730145 -0.464714 -0.500929 0.386946 -0.372764 0.885312 -0.277975 0.150315 0.572657 -0.0162336 -0.819634 0.909768
1 19 397 -0.327419 -0.622219 -0.711083 0.412125 -0.602236 0.71732 -0.350377 0.200482 0.728086 0.31352 -0.609587 0.888797
1 20 176 -0.79584 -0.593964 -0.117669 -0.142006 0.559702 -0.795757 0.231309 -0.310596 -0.231025 0.118225 0.965738 -0.939875
1 21 362 0.297381 0.489363 0.81981 -0.702248 0.389157 -0.84622 0.363963 -0.210251 0.871849 0.2108 -0.442089 0.680178
1 22 88 -0.596516 0.700574 -0.391618 -0.0965369 -0.781267 -0.6186 0.083406 -0.0427174 -0.183823 0.355711 0.91634 0.994412
1 23 102 0.92775 0.201225 -0.314307 0.324804 -0.241196 0.96596 -0.0935218 -0.0478955 0.284789 0.162575 0.944703 -0.944568
1 24 175 -0.505506 0.809775 -0.297873 0.362217 -0.733726 -0.585093 -0.345416 0.470091 -0.453993 0.0439472 0.889921 -0.804869
1 25 118 -0.0794512 -0.994611 -0.066613 0.020291 0.995017 -0.0831673 0.0550024 0.309485 -0.060246 -0.061911 0.996262 -0.950688
1 26 169 0.667076 0.744943 -0.00835213 0.411744 -0.731059 0.652403 -0.19981 0.106807 -0.143398 0.139394 0.979799 -0.905019
1 27 262 0.00305457 -0.958065 0.286535 -0.131872 -0.967516 -0.0752661 -0.241347 0.0837586 0.252793 -0.27649 -0.927173 0.987722
1 28 143 0.355984 0.910031 0.212413 0.0989413 -0.854691 0.225153 0.46777 -0.0749704 0.37786 -0.348067 0.857946 0.992265
1 29 354 -0.677269 0.701785 0.220915 -0.0864033 0.358903 0.577252 -0.733463 0.38926 -0.642258 -0.417465 -0.642828 0.917067
1 30 119 0.991708 -0.120927 0.0434969 0.225878 0.121128 0.992635 -0.00199085 0.100738 -0.0429358 0.00724301 0.999052 -0.968933
1 31 393 0.386391 0.526783 -0.757101 0.866762 -0.277263 0.849225 0.44938 -0.498216 0.879674 0.0362796 0.474191 0.022437
1 32 107 0.934095 -0.264574 0.239721 -0.0939165 0.220165 0.955444 0.196605 -0.211551 -0.281057 -0.130869 0.950726 -0.972844
1 33 97 0.965506 0.0806031 0.247591 0.000309865 -0.0913713 0.995293 0.0322948 0.113175 -0.243822 -0.0538035 0.968326 -0.993575
1 34 203 0.977339 -0.0769226 -0.197211 0.315581 0.103581 0.986268 0.128633 0.0917825 0.184608 -0.146145 0.971886 0.944449
1 35 318 -0.0116688 0.993819 -0.110394 0.152374 0.728141 -0.0672213 -0.682124 0.534959 -0.685328 -0.088342 -0.722856 0.831024
1 36 116 -0.921231 -0.380096 -0.0828268 0.0038 0.383891 -0.922696 -0.0354889 0.137088 -0.0629348 -0.0644899 0.995932 -0.990552
1 37 167 0.390866 0.872669 0.292698 -0.345629 -0.885346 0.443425 -0.139776 0.264043 -0.251767 -0.204505 0.945934 -0.900456
1 38 98 0.681 0.728552 0.0738344 -0.111594 -0.732255 0.67662 0.0773818 0.040965 0.00641886 -0.106763 0.994264 -0.992909
1 39 171 -0.164879 -0.986229 0.0129176 0.173566 0.900617 -0.145201 0.409642 -0.225288 -0.402125 0.0791752 0.912155 0.958708
1 40 118 -0.309104 0.949038 0.0614934 -0.165819 -0.935469 -0.315059 0.160112 0.198154 0.171327 -0.00803386 0.985182 -0.966043
1 41 155 0.435279 -0.895748 0.0903729 0.0671874 0.893397 0.41736 -0.166289 0.285348 0.111235 0.153121 0.981927 0.956066
1 42 301 0.469345 0.733779 -0.491207 0.0613546 0.869831 -0.288433 0.40025 -0.142492 0.152015 -0.615122 -0.773638 0.987892
1 43 92 0.276288 -0.958624 -0.0685922 -0.0455672 0.929604 0.248445 0.272233 0.0223688 -0.243928 -0.138978 0.959783 -0.998711
1 44 133 6.39591e-05 0.999284 -0.0378364 0.0964709 -0.991465 0.00499634 0.130281 -0.183792 0.130377 0.0375051 0.990755 0.97822
1 45 249 -0.886302 -0.451009 -0.105168 -0.108909 -0.441463 0.891418 -0.102388 0.0748994 0.139926 -0.0443188 -0.98917 0.991226
1 46 241 0.336649 0.923449 -0.184143 0.115676 0.916998 -0.36595 -0.158733 0.0309042 -0.213969 -0.115422 -0.969998 0.992806
1 47 253 -0.273991 0.874697 -0.399793 0.294617 0.938333 0.334273 0.0882773 0.124023 0.210856 -0.350952 -0.912344 0.947533
1 48 302 0.559323 0.551913 0.618506 -0.432227 0.26297 -0.825729 0.499017 -0.301552 0.786132 -0.116463 -0.606986 0.849851
1 49 258 -0.657469 -0.635059 0.405505 -0.317154 -0.487106 0.768828 0.414284 -0.343608 -0.574859 0.0748547 -0.814821 0.883938
1 50 296 0.687572 0.350386 0.635983 -0.269793 0.114035 -0.917107 0.381983 -0.313476 0.717106 -0.190117 -0.670533 0.910464
1 51 80 -0.783609 -0.542552 -0.302644 -0.0456688 0.589074 -0.803645 -0.084539 -0.0443758 -0.197352 -0.244526 0.949347 0.997971
1 52 276 -0.244579 0.958337 0.147548 -0.295069 0.800529 0.285436 -0.526953 0.278604 -0.547115 -0.0107654 -0.836989 0.913955
1 53 150 -0.380784 -0.91911 0.101196 -0.284558 0.835214 -0.388842 -0.388869 0.378649 0.396763 -0.0635548 0.915718 -0.880711
1 54 254 0.786178 -0.115336 -0.607142 0.328174 -0.186605 -0.980878 -0.055298 -0.144458 -0.589154 0.15677 -0.792667 0.933506
1 55 269 0.776099 -0.120471 0.618996 -0.413948 -0.180235 -0.983013 0.0346621 -0.050358 0.604305 -0.138466 -0.784629 0.908906
1 56 151 0.357216 -0.796349 -0.488082 0.105731 0.841211 0.501394 -0.202406 0.00405714 0.405907 -0.338277 0.849004 0.994387
1 57 233 -0.819282 -0.534569 0.207397 -0.123287 -0.507624 0.844401 0.171185 -0.0576076 -0.266637 0.0349691 -0.963162 0.990698
1 58 108 0.975611 0.217606 0.0288149 0.239838 -0.197156 0.926404 -0.320787 0.237424 -0.0964994 0.307283 0.946713 -0.941333
1 59 229 -0.987524 -0.13159 0.0864915 0.0419101 -0.11753 0.981472 0.151325 -0.014906 -0.104802 0.139272 -0.984693 0.99901
1 60 216 -0.966744 0.140451 0.213728 -0.276569 -0.112257 -0.983934 0.138822 -0.181187 0.229792 0.110213 0.966979 0.943759
1 61 352 -0.627812 -0.0970284 0.772294 -0.361607 0.205487 0.936339 0.284683 -0.167708 -0.750751 0.337423 -0.567906 0.917123
1 62 105 -0.952089 0.256405 0.166683 -0.196464 -0.279544 -0.950691 -0.134322 -0.199944 0.124024 -0.174482 0.976818 0.959908
1 63 86 0.964553 0.198387 -0.174014 0.0915741 -0.183551 0.97814 0.0977293 -0.0339129 0.189598 -0.0623246 0.979882 0.995221
1 64 237 0.941048 0.206673 -0.267796 0.43236 -0.228512 0.97211 -0.0527696 0.351513 0.249421 0.110853 0.962029 0.830363
1 65 264 0.458592 0.672524 0.580865 -0.144498 0.618647 -0.710855 0.334605 -0.315829 0.637941 0.205904 -0.742048 0.937748
1 66 262 0.00103679 -0.923279 -0.384129 0.388689 -0.706026 0.271359 -0.654135 0.0864121 0.708186 0.271883 -0.651577 0.917308
1 67 276 0.647365 -0.521348 -0.555981 0.190345 -0.441129 -0.851155 0.2845 -0.283961 -0.62155 0.061084 -0.78099 0.939753
1 68 251 0.599617 -0.658018 0.45549 -0.389242 -0.799816 -0.512255 0.312872 -0.0987321 0.0274516 -0.551912 -0.833451 0.915829
1 69 90 0.959881 0.277443 -0.0406591 -0.131648 -0.279113 0.931448 -0.233453 0.266896 -0.0268979 0.235435 0.971518 -0.954691
1 70 140 0.941999 -0.259675 0.21262 -0.451332 0.293491 0.944658 -0.146574 0.148455 -0.162791 0.200474 0.966079 -0.87992
1 71 103 0.864928 0.352287 0.357483 -0.416073 -0.410723 0.906178 0.100734 0.170502 -0.288456 -0.233954 0.928471 -0.893203
1 72 81 -0.966159 -0.074526 0.246947 -0.0494664 0.037678 -0.987859 -0.150714 0.1294 0.255181 -0.136309 0.957237 -0.990358
1 73 222 -0.445592 -0.895154 0.0121409 0.26574 -0.835952 0.420898 0.352177 -0.157076 -0.320363 0.146778 -0.935855 0.951162
1 74 95 0.476967 0.87487 0.084297 -0.120861 -0.856834 0.441471 0.266344 -0.147322 0.195801 -0.199266 0.960185 -0.981676
1 75 130 0.487074 -0.829665 -0.272793 0.28208 0.680904 0.556344 -0.476289 0.390645 0.546927 0.046242 0.835902 -0.876257
1 76 115 -0.653558 -0.697515 0.293826 0.265764 0.751451 -0.64438 0.14176 -0.168299 0.0904562 0.313444 0.945288 0.949234
1 77 107 0.0986336 0.955001 0.279721 -0.30787 -0.980173 0.0446926 0.193037 -0.184518 0.171849 -0.293214 0.940475 -0.933364
1 78 261 0.785589 -0.163504 -0.596755 0.258838 -0.320681 -0.932405 -0.166687 0.0224616 -0.529163 0.322316 -0.784919 0.965659
1 79 244 0.816864 0.335107 -0.469506 0.384174 0.37112 -0.92843 -0.0169723 -0.068573 -0.441591 -0.160379 -0.882766 0.92071
1 80 265 0.539949 -0.522213 -0.660113 0.174459 -0.460851 -0.839684 0.287311 -0.243476 -0.704323 0.149081 -0.694049 0.954088
1 81 121 0.9317 0.261371 -0.252229 0.0958253 -0.178613 0.93433 0.308422 -0.3075 0.316278 -0.242306 0.9172 -0.946711
1 82 101 -0.532015 -0.807062 0.256145 -0.106627 0.81757 -0.568334 -0.0926087 0.252962 0.220317 0.160147 0.962192 -0.961583
1 83 112 0.73558 0.602032 0.310611 -0.284056 -0.578263 0.796851 -0.175046 -0.0616315 -0.352893 -0.0508544 0.934281 -0.956825
1 84 126 0.97467 0.0137214 0.223226 -0.246961 -0.0142034 0.999899 0.000553814 0.0327575 -0.223195 -0.00371034 0.974767 -0.968472
1 85 266 0.144428 -0.874569 0.462892 -0.414029 -0.93451 -0.27435 -0.226767 0.0738612 0.325318 -0.399826 -0.856917 0.907262
1 86 70 0.827124 0.508804 -0.238714 0.0241729 -0.537866 0.839806 -0.0736664 0.183672 0.162991 0.189327 0.968292 -0.98269
1 87 253 -0.733626 0.513978 -0.444543 0.321109 0.326191 0.840225 0.433153 -0.114663 0.596148 0.172766 -0.784066 0.940075
1 88 302 0.520375 -0.434134 -0.735348 0.434632 -0.323053 -0.89721 0.301083 -0.156529 -0.790472 0.0808801 -0.607134 0.886901
1 89 214 -0.871248 -0.274686 -0.406786 0.409677 -0.218188 0.959101 -0.180331 0.171801 0.439683 -0.0683573 -0.895548 0.895907
1 90 295 0.0222813 -0.987832 0.15392 -0.0493864 -0.880978 0.0533837 0.470136 -0.302685 -0.472632 -0.146076 -0.869069 0.95181
1 91 141 0.839225 0.527077 0.133756 0.0702645 -0.52462 0.849499 -0.0559013 0.311522 -0.14309 -0.0232575 0.989436 -0.947638
1 92 165 0.937488 0.0122772 -0.3478 0.357316 -0.0425562 0.995922 -0.0795537 0.031439 0.345405 0.0893817 0.934188 0.933454
1 93 245 -0.874526 -0.0688888 0.480061 -0.0135365 0.1089 0.936689 0.332797 -0.270358 -0.472594 0.343318 -0.811657 0.962665
1 94 350 0.145604 -0.874664 0.462345 -0.364025 -0.320116 0.400535 0.858544 -0.346968 -0.936122 -0.273011 -0.221675 0.864349
1 95 108 0.514759 -0.848259 0.124415 0.0884147 0.83451 0.529013 0.154068 -0.308447 -0.196507 0.0245173 0.980196 0.947124
1 96 354 0.724103 -0.209125 -0.657222 0.390986 0.0694509 -0.925969 0.371158 -0.278415 -0.686186 -0.314401 -0.655973 0.877277
1 97 218 0.352143 0.913174 0.205203 -0.1082 0.894044 -0.263327 -0.362414 0.297615 -0.276911 0.311082 -0.909147 0.948535
1 98 320 0.69706 0.283747 -0.65848 0.328008 0.494892 -0.85493 0.155487 -0.235019 -0.518836 -0.43426 -0.736361 0.914974
1 99 91 0.719953 0.676506 -0.154942 -0.0956275 -0.664037 0.736375 0.129639 -0.100058 0.201798 0.00955329 0.979381 -0.990376
1 100 118 -0.942522 -0.321665 0.0904642 -0.00532668 0.325171 -0.945277 0.0267335 -0.18129 0.0769145 0.0546133 0.995541 -0.983415
1 101 326 -0.789212 -0.613819 0.0192366 -0.00933497 -0.544439 0.684828 -0.484352 0.198833 0.284131 -0.39273 -0.874662 0.979989
1 102 255 0.872206 0.203791 0.444664 -0.00904424 0.361569 -0.880869 -0.305511 0.18771 0.32943 0.427246 -0.841984 0.982183
1 103 170 -0.989584 -0.143953 -0.000857177 -0.378866 0.142783 -0.980745 -0.133235 0.205489 0.0183389 -0.131969 0.991084 -0.902349
1 104 94 0.605223 -0.76687 -0.213577 -0.0176487 0.783683 0.621091 -0.00933436 -0.152916 0.139809 -0.161727 0.976882 -0.988082
1 105 287 0.227683 -0.750708 0.62016 -0.334874 0.973729 0.173156 -0.147884 0.170912 0.00363341 0.637538 0.770411 0.926633
1 106 100 0.967637 0.229138 0.10571 -0.0781105 -0.197846 0.948906 -0.245834 0.263882 -0.156639 0.216963 0.963531 -0.961387
1 107 171 -0.137995 -0.950096 -0.279777 0.377357 0.990301 -0.136974 -0.0232957 -0.225184 -0.0161891 -0.280278 0.959782 -0.898273
1 108 164 -0.187012 0.939362 -0.287446 0.227529 -0.936219 -0.259049 -0.23746 -0.0319151 -0.297523 0.224704 0.927894 0.973248
1 109 296 0.68374 0.160354 0.711889 -0.328506 0.448831 -0.861615 -0.237003 0.221588 0.57537 0.481566 -0.661093 0.918141
1 110 117 -0.947781 0.0944373 0.30462 -0.227424 -0.182985 -0.943318 -0.276888 0.318164 0.261205 -0.31817 0.911339 -0.920353
1 111 257 0.84862 -0.526388 0.0525371 0.0157337 -0.485431 -0.735402 0.472801 -0.159162 -0.210241 -0.426731 -0.879602 0.987127
1 112 140 0.773385 0.633884 0.00815236 -0.264589 -0.633892 0.773419 -0.00188404 0.192092 -0.00749945 -0.00371063 0.999965 -0.945036
1 113 325 -0.528195 0.63054 -0.568708 0.240619 0.418586 0.776077 0.471688 -0.208509 0.73878 0.0110897 -0.673855 0.947959
1 114 311 -0.750642 0.461194 -0.473114 0.215774 0.293516 0.874302 0.386581 -0.264287 0.591934 0.151317 -0.791655 0.939997
1 115 181 0.669506 -0.575738 -0.469348 0.511919 0.544304 0.810216 -0.217447 0.321996 0.505466 -0.109886 0.855821 -0.796403
1 116 289 -0.698526 -0.197936 0.687664 -0.367276 -0.318449 0.946566 -0.0510214 0.0371171 -0.640821 -0.254626 -0.724234 0.929371
1 117 231 0.783888 -0.620762 -0.0132048 0.0803635 -0.573968 -0.73258 0.365906 -0.23413 -0.236814 -0.27925 -0.930558 0.968878
1 118 137 -0.985506 -0.0133752 -0.169112 0.309998 0.0426879 -0.984361 -0.170911 0.305228 -0.164181 -0.175653 0.970665 -0.900409
1 119 93 -0.903209 -0.428411 0.026022 0.0407334 0.408086 -0.875979 -0.257152 0.268042 0.132961 -0.221642 0.966021 -0.962546
1 120 273 -0.335971 -0.794072 0.506531 -0.474958 -0.917581 0.397294 0.0142128 0.0267535 -0.212527 -0.460008 -0.862105 0.879601
1 121 284 -0.914849 -0.119812 0.385612 -0.362914 -0.11997 0.992493 0.0237502 0.0825798 -0.385563 -0.0245341 -0.922355 0.928156
1 122 83 -0.0772201 0.940978 -0.329541 0.333364 -0.997009 -0.0738968 0.0226192 -0.182802 -0.00306788 0.330302 0.94387 -0.924906
1 123 257 -0.373714 -0.925871 0.0556853 -0.0497868 -0.840905 0.363531 0.400903 -0.13539 -0.391428 0.102997 -0.914426 0.989541
1 124 423 0.891979 0.44842 0.057383 -0.308324 0.347546 -0.599012 -0.721385 0.303816 -0.28911 0.663404 -0.690153 0.901461
1 125 199 0.87131 0.340201 -0.35367 -0.12788 -0.346233 0.936908 0.0482374 0.257221 0.347767 0.0804226 0.934126 -0.957854
1 126 137 0.641865 0.461307 -0.61254 0.538895 -0.41989 0.879847 0.222625 -0.0310929 0.64164 0.114305 0.758441 -0.841799
1 127 274 0.480295 0.544637 -0.687523 0.724572 -0.429175 0.829537 0.35732 -0.227049 0.764935 0.123448 0.632167 -0.650726
1 128 224 0.820324 0.404582 -0.404204 0.0864278 -0.42056 0.905713 0.0530427 0.28708 0.387553 0.12648 0.913129 -0.954
1 129 285 0.668891 0.483504 -0.564631 0.519819 -0.319988 0.872871 0.368381 -0.27744 0.670963 -0.0657314 0.738571 -0.80797
1 130 321 0.955251 0.245726 -0.164665 -0.172336 -0.257354 0.964856 -0.0531207 0.307603 0.145824 0.0931206 0.984918 -0.935778
1 131 322 0.928506 0.242059 -0.281573 0.109026 -0.15377 0.940893 0.301787 -0.339631 0.33798 -0.236914 0.910846 -0.934218
1 132 410 0.974132 0.215421 -0.0682664 -0.161622 -0.221332 0.970473 -0.0958842 0.329342 0.0455953 0.108513 0.993049 -0.930275
1 133 441 0.971594 0.212584 -0.103991 -0.01164 -0.224712 0.966551 -0.123625 0.378222 0.0742317 0.143481 0.986865 -0.925642
1 134 469 0.958513 0.216763 -0.185111 0.182097 -0.240729 0.963337 -0.11845 0.405207 0.152649 0.158098 0.975553 -0.895906
1 135 498 0.97784 0.187793 -0.0925338 0.0866705 -0.18603 0.982162 0.0273941 0.221449 0.0960276 -0.00957299 0.995333 -0.971313
1 136 417 0.975292 0.217814 -0.0369218 0.0787914 -0.212575 0.97075 0.111611 0.07398 0.0601524 -0.101005 0.993066 -0.994142
1 137 471 0.972988 0.189682 -0.131587 0.391735 -0.186412 0.98178 0.0368541 0.169056 0.13618 -0.0113292 0.990619 -0.904414
1 138 525 0.990738 0.104315 -0.0869322 0.446457 -0.10416 0.99454 0.00633045 0.210338 0.0871179 0.00278302 0.996194 -0.869732
1 139 463 0.996649 0.0223439 0.078682 0.310888 -0.0230531 0.999701 0.00811684 0.244273 -0.0784772 -0.00990351 0.996867 -0.91852
1 140 335 0.977579 -0.0630295 0.200914 0.188036 0.0405513 0.992642 0.114097 0.137083 -0.206627 -0.103391 0.972942 -0.972549
1 141 367 0.93839 -0.220431 0.266146 0.0749684 0.193689 0.973297 0.123202 0.203433 -0.286197 -0.0640618 0.956027 -0.976215
1 142 487 0.939551 -0.293293 0.176698 0.133908 0.269566 0.951779 0.146458 0.15661 -0.211133 -0.0899728 0.973308 -0.978541
1 143 565 0.950336 -0.292553 0.106183 0.124217 0.276512 0.950258 0.143354 0.112027 -0.14284 -0.106874 0.983959 -0.985911
1 144 815 0.986599 -0.163096 0.00461483 0.177722 0.161687 0.981087 0.106418 0.0944347 -0.0218839 -0.104246 0.994311 -0.979539
1 145 1428 0.991707 0.0441579 -0.120698 0.337071 -0.0338469 0.995704 0.0861827 0.066751 0.123985 -0.0813827 0.988941 -0.93911
1 146 1478 0.980751 0.0898112 -0.173381 0.513598 -0.0818067 0.995249 0.0527885 0.114244 0.177298 -0.0375886 0.983439 -0.850391
1 147 1520 0.964758 0.167591 -0.202867 0.548721 -0.147495 0.982868 0.110526 0.0313721 0.217915 -0.0767091 0.972948 -0.835417
1 148 1586 0.940854 0.210568 -0.265434 0.789374 -0.179631 0.974265 0.136166 -0.107504 0.287275 -0.0804317 0.954465 -0.604427
1 149 1315 0.9022 0.273164 -0.333792 0.906491 -0.232273 0.959789 0.157654 -0.218772 0.363435 -0.0647045 0.92937 -0.361126
1 150 944 0.89879 0.303768 -0.316071 0.946255 -0.279805 0.952552 0.11981 -0.245151 0.337468 -0.0192457 0.94114 -0.210957
1 151 913 0.911654 0.28695 -0.294187 0.960216 -0.277314 0.957853 0.0749256 -0.213691 0.303288 0.0132759 0.952806 -0.179779
1 152 675 0.891114 0.301716 -0.338943 0.968739 -0.31399 0.949227 0.0194612 -0.233708 0.327606 0.0890825 0.940606 -0.0832132
