0 1 194 0.999865 0.0100006 -0.0130623 0.899455 -0.0100058 0.99995 -0.00032946 0.199806 0.0130583 0.000460114 0.999915 0.388662
0 2 720 0.999353 0.0133196 -0.0334038 0.913535 -0.0130763 0.999886 0.00749098 -0.168389 0.0334997 -0.00704934 0.999414 0.37027
0 3 710 0.99976 0.000320102 -0.0219154 0.940272 -0.000294414 0.999999 0.00117539 -0.0328727 0.0219157 -0.00116866 0.999759 0.338834
0 4 563 0.990858 0.0409213 -0.128555 0.975657 -0.041218 0.99915 0.000352405 -0.0251044 0.12846 0.00494959 0.991702 0.217861
0 5 387 0.99393 0.0527866 -0.0965242 0.984108 -0.0530184 0.998594 0.000163716 -0.104769 0.0963971 0.00495483 0.995331 0.143371
0 6 186 0.989101 0.0589528 -0.13492 0.980214 -0.0580264 0.998257 0.0107915 -0.0265116 0.135321 -0.00284495 0.990798 0.196157
0 7 91 0.984516 0.0599275 -0.164732 0.973919 -0.0627475 0.997958 -0.0119635 -0.103066 0.163679 0.0221148 0.986266 0.202138
0 8 29 0.991118 0.029897 0.129583 0.285476 -0.0259743 0.999155 -0.0318574 -0.19188 -0.130426 0.0282086 0.991057 0.938981
0 9 0 1 0 0 0 0 1 0 0 0 0 1 0
0 10 0 1 0 0 0 0 1 0 0 0 0 1 0
0 11 0 1 0 0 0 0 1 0 0 0 0 1 0
0 12 0 1 0 0 0 0 1 0 0 0 0 1 0
0 13 0 1 0 0 0 0 1 0 0 0 0 1 0
0 14 0 1 0 0 0 0 1 0 0 0 0 1 0
0 15 0 1 0 0 0 0 1 0 0 0 0 1 0
0 16 0 1 0 0 0 0 1 0 0 0 0 1 0
0 17 0 1 0 0 0 0 1 0 0 0 0 1 0
0 18 0 1 0 0 0 0 1 0 0 0 0 1 0
0 19 0 1 0 0 0 0 1 0 0 0 0 1 0
0 20 0 1 0 0 0 0 1 0 0 0 0 1 0
0 21 0 1 0 0 0 0 1 0 0 0 0 1 0
0 22 0 1 0 0 0 0 1 0 0 0 0 1 0
0 23 0 1 0 0 0 0 1 0 0 0 0 1 0
0 24 0 1 0 0 0 0 1 0 0 0 0 1 0
0 25 0 1 0 0 0 0 1 0 0 0 0 1 0
0 26 0 1 0 0 0 0 1 0 0 0 0 1 0
0 27 0 1 0 0 0 0 1 0 0 0 0 1 0
0 28 0 1 0 0 0 0 1 0 0 0 0 1 0
0 29 0 1 0 0 0 0 1 0 0 0 0 1 0
0 30 0 1 0 0 0 0 1 0 0 0 0 1 0
0 31 0 1 0 0 0 0 1 0 0 0 0 1 0
0 32 0 1 0 0 0 0 1 0 0 0 0 1 0
0 33 0 1 0 0 0 0 1 0 0 0 0 1 0
0 34 0 1 0 0 0 0 1 0 0 0 0 1 0
0 35 0 1 0 0 0 0 1 0 0 0 0 1 0
0 36 0 1 0 0 0 0 1 0 0 0 0 1 0
0 37 0 1 0 0 0 0 1 0 0 0 0 1 0
0 38 0 1 0 0 0 0 1 0 0 0 0 1 0
0 39 0 1 0 0 0 0 1 0 0 0 0 1 0
0 40 0 1 0 0 0 0 1 0 0 0 0 1 0
0 41 0 1 0 0 0 0 1 0 0 0 0 1 0
0 42 0 1 0 0 0 0 1 0 0 0 0 1 0
0 43 0 1 0 0 0 0 1 0 0 0 0 1 0
0 44 0 1 0 0 0 0 1 0 0 0 0 1 0
0 45 0 1 0 0 0 0 1 0 0 0 0 1 0
0 46 0 1 0 0 0 0 1 0 0 0 0 1 0
0 47 0 1 0 0 0 0 1 0 0 0 0 1 0
0 48 0 1 0 0 0 0 1 0 0 0 0 1 0
0 49 0 1 0 0 0 0 1 0 0 0 0 1 0
0 50 0 1 0 0 0 0 1 0 0 0 0 1 0
0 51 0 1 0 0 0 0 1 0 0 0 0 1 0
0 52 0 1 0 0 0 0 1 0 0 0 0 1 0
0 53 0 1 0 0 0 0 1 0 0 0 0 1 0
0 54 0 1 0 0 0 0 1 0 0 0 0 1 0
0 55 0 1 0 0 0 0 1 0 0 0 0 1 0
0 56 0 1 0 0 0 0 1 0 0 0 0 1 0
0 57 0 1 0 0 0 0 1 0 0 0 0 1 0
0 58 0 1 0 0 0 0 1 0 0 0 0 1 0
0 59 0 1 0 0 0 0 1 0 0 0 0 1 0
0 60 0 1 0 0 0 0 1 0 0 0 0 1 0
0 61 0 1 0 0 0 0 1 0 0 0 0 1 0
0 62 0 1 0 0 0 0 1 0 0 0 0 1 0
0 63 0 1 0 0 0 0 1 0 0 0 0 1 0
0 64 0 1 0 0 0 0 1 0 0 0 0 1 0
0 65 0 1 0 0 0 0 1 0 0 0 0 1 0
0 66 0 1 0 0 0 0 1 0 0 0 0 1 0
0 67 0 1 0 0 0 0 1 0 0 0 0 1 0
0 68 0 1 0 0 0 0 1 0 0 0 0 1 0
0 69 0 1 0 0 0 0 1 0 0 0 0 1 0
0 70 0 1 0 0 0 0 1 0 0 0 0 1 0
0 71 0 1 0 0 0 0 1 0 0 0 0 1 0
0 72 0 1 0 0 0 0 1 0 0 0 0 1 0
0 73 0 1 0 0 0 0 1 0 0 0 0 1 0
0 74 0 1 0 0 0 0 1 0 0 0 0 1 0
0 75 0 1 0 0 0 0 1 0 0 0 0 1 0
0 76 0 1 0 0 0 0 1 0 0 0 0 1 0
0 77 0 1 0 0 0 0 1 0 0 0 0 1 0
0 78 0 1 0 0 0 0 1 0 0 0 0 1 0
0 79 0 1 0 0 0 0 1 0 0 0 0 1 0
0 80 0 1 0 0 0 0 1 0 0 0 0 1 0
0 81 0 1 0 0 0 0 1 0 0 0 0 1 0
0 82 0 1 0 0 0 0 1 0 0 0 0 1 0
0 83 0 1 0 0 0 0 1 0 0 0 0 1 0
0 84 0 1 0 0 0 0 1 0 0 0 0 1 0
0 85 0 1 0 0 0 0 1 0 0 0 0 1 0
0 86 0 1 0 0 0 0 1 0 0 0 0 1 0
0 87 0 1 0 0 0 0 1 0 0 0 0 1 0
0 88 0 1 0 0 0 0 1 0 0 0 0 1 0
0 89 0 1 0 0 0 0 1 0 0 0 0 1 0
0 90 0 1 0 0 0 0 1 0 0 0 0 1 0
0 91 0 1 0 0 0 0 1 0 0 0 0 1 0
0 92 0 1 0 0 0 0 1 0 0 0 0 1 0
0 93 0 1 0 0 0 0 1 0 0 0 0 1 0
0 94 0 1 0 0 0 0 1 0 0 0 0 1 0
0 95 0 1 0 0 0 0 1 0 0 0 0 1 0
0 96 0 1 0 0 0 0 1 0 0 0 0 1 0
0 97 0 1 0 0 0 0 1 0 0 0 0 1 0
0 98 0 1 0 0 0 0 1 0 0 0 0 1 0
0 99 0 1 0 0 0 0 1 0 0 0 0 1 0
0 100 0 1 0 0 0 0 1 0 0 0 0 1 0
0 101 0 1 0 0 0 0 1 0 0 0 0 1 0
0 102 0 1 0 0 0 0 1 0 0 0 0 1 0
0 103 0 1 0 0 0 0 1 0 0 0 0 1 0
0 104 0 1 0 0 0 0 1 0 0 0 0 1 0
0 105 0 1 0 0 0 0 1 0 0 0 0 1 0
0 106 0 1 0 0 0 0 1 0 0 0 0 1 0
0 107 0 1 0 0 0 0 1 0 0 0 0 1 0
0 108 0 1 0 0 0 0 1 0 0 0 0 1 0
0 109 0 1 0 0 0 0 1 0 0 0 0 1 0
0 110 0 1 0 0 0 0 1 0 0 0 0 1 0
0 111 0 1 0 0 0 0 1 0 0 0 0 1 0
0 112 0 1 0 0 0 0 1 0 0 0 0 1 0
0 113 0 1 0 0 0 0 1 0 0 0 0 1 0
0 114 0 1 0 0 0 0 1 0 0 0 0 1 0
0 115 0 1 0 0 0 0 1 0 0 0 0 1 0
0 116 0 1 0 0 0 0 1 0 0 0 0 1 0
0 117 0 1 0 0 0 0 1 0 0 0 0 1 0
0 118 0 1 0 0 0 0 1 0 0 0 0 1 0
0 119 0 1 0 0 0 0 1 0 0 0 0 1 0
0 120 0 1 0 0 0 0 1 0 0 0 0 1 0
0 121 0 1 0 0 0 0 1 0 0 0 0 1 0
0 122 0 1 0 0 0 0 1 0 0 0 0 1 0
0 123 0 1 0 0 0 0 1 0 0 0 0 1 0
0 124 0 1 0 0 0 0 1 0 0 0 0 1 0
0 125 0 1 0 0 0 0 1 0 0 0 0 1 0
0 126 0 1 0 0 0 0 1 0 0 0 0 1 0
0 127 0 1 0 0 0 0 1 0 0 0 0 1 0
0 128 0 1 0 0 0 0 1 0 0 0 0 1 0
0 129 0 1 0 0 0 0 1 0 0 0 0 1 0
0 130 0 1 0 0 0 0 1 0 0 0 0 1 0
0 131 0 1 0 0 0 0 1 0 0 0 0 1 0
0 132 0 1 0 0 0 0 1 0 0 0 0 1 0
0 133 0 1 0 0 0 0 1 0 0 0 0 1 0
0 134 0 1 0 0 0 0 1 0 0 0 0 1 0
0 135 0 1 0 0 0 0 1 0 0 0 0 1 0
0 136 0 1 0 0 0 0 1 0 0 0 0 1 0
0 137 0 1 0 0 0 0 1 0 0 0 0 1 0
0 138 0 1 0 0 0 0 1 0 0 0 0 1 0
0 139 0 1 0 0 0 0 1 0 0 0 0 1 0
0 140 0 1 0 0 0 0 1 0 0 0 0 1 0
0 141 0 1 0 0 0 0 1 0 0 0 0 1 0
0 142 0 1 0 0 0 0 1 0 0 0 0 1 0
0 143 0 1 0 0 0 0 1 0 0 0 0 1 0
0 144 0 1 0 0 0 0 1 0 0 0 0 1 0
0 145 66 0.906185 0.0836472 -0.414526 0.829377 -0.0915579 0.995799 0.000789952 0.233012 0.412851 0.0372373 0.910037 -0.507779
0 146 112 0.946168 0.115845 -0.302234 0.783389 -0.115023 0.99315 0.0205817 0.190796 0.302548 0.0152901 0.953011 -0.591523
0 147 136 0.944815 0.187678 -0.268516 0.703319 -0.158613 0.979227 0.126321 -0.00912146 0.286645 -0.0767595 0.954957 -0.710816
0 148 151 0.939291 0.215274 -0.267188 0.795757 -0.183453 0.973133 0.139132 -0.10513 0.289961 -0.0816693 0.953547 -0.596421
0 149 88 0.964109 0.244739 -0.102942 -0.383613 -0.235095 0.967081 0.0973924 0.147927 0.123389 -0.0696958 0.989908 -0.911569
0 150 0 1 0 0 0 0 1 0 0 0 0 1 0
0 151 0 1 0 0 0 0 1 0 0 0 0 1 0
0 152 0 1 0 0 0 0 1 0 0 0 0 1 0
0 153 0 1 0 0 0 0 1 0 0 0 0 1 0
0 154 0 1 0 0 0 0 1 0 0 0 0 1 0
0 155 0 1 0 0 0 0 1 0 0 0 0 1 0
0 156 0 1 0 0 0 0 1 0 0 0 0 1 0
0 157 0 1 0 0 0 0 1 0 0 0 0 1 0
0 158 0 1 0 0 0 0 1 0 0 0 0 1 0
0 159 0 1 0 0 0 0 1 0 0 0 0 1 0
0 160 0 1 0 0 0 0 1 0 0 0 0 1 0
0 161 0 1 0 0 0 0 1 0 0 0 0 1 0
0 162 0 1 0 0 0 0 1 0 0 0 0 1 0
0 163 0 1 0 0 0 0 1 0 0 0 0 1 0
0 164 0 1 0 0 0 0 1 0 0 0 0 1 0
0 165 0 1 0 0 0 0 1 0 0 0 0 1 0
0 166 0 1 0 0 0 0 1 0 0 0 0 1 0
0 167 0 1 0 0 0 0 1 0 0 0 0 1 0
0 168 70 0.693009 0.285837 -0.661843 0.992048 -0.192488 0.958076 0.212222 -0.0436565 0.694757 -0.0196752 0.718976 -0.118049
0 169 62 0.989119 0.121568 -0.0828547 0.490207 -0.111074 0.986385 0.121274 0.0448484 0.0964697 -0.110752 0.989155 -0.870451
0 170 61 0.99635 0.0619987 -0.0586689 0.309699 -0.0498772 0.980657 0.189271 -0.0717574 0.0692686 -0.185654 0.980171 -0.948123
0 171 132 0.98984 0.0550434 -0.1311 0.424251 -0.0307455 0.983073 0.180615 0.0216532 0.138822 -0.174749 0.974778 -0.905286
0 172 122 0.982574 0.0961491 -0.159074 0.37103 -0.0679028 0.982343 0.174333 0.0656788 0.173027 -0.160493 0.971753 -0.926295
1 2 715 0.999843 0.00357837 -0.0173777 0.922113 -0.00359733 0.999993 -0.00106022 -0.0987063 0.0173738 0.00112256 0.999848 0.374119
1 3 772 0.999539 -0.00700279 -0.0295313 0.966006 0.00695618 0.999974 -0.00168064 -0.045781 0.0295423 0.00147444 0.999562 0.254434
1 4 622 0.99643 0.0228759 -0.0812643 0.973796 -0.0232871 0.99972 -0.00411577 -0.0332481 0.0811474 0.00599348 0.996684 0.224979
1 5 406 0.994682 0.0456735 -0.0923138 0.983603 -0.0462497 0.998921 -0.00411061 -0.104016 0.0920264 0.00835823 0.995721 0.147329
1 6 228 0.98597 0.0566398 -0.157022 0.982496 -0.054751 0.998366 0.0163318 -0.0597668 0.157691 -0.00750557 0.98746 0.176435
1 7 89 0.991259 0.0393835 -0.125916 0.977367 -0.041894 0.998971 -0.0173511 -0.113705 0.125103 0.0224745 0.991889 0.178393
1 8 0 1 0 0 0 0 1 0 0 0 0 1 0
1 9 28 0.993948 0.00705047 0.109627 0.434019 -0.00245852 0.999116 -0.0419658 -0.22073 -0.109826 0.0414423 0.993086 0.873445
1 10 0 1 0 0 0 0 1 0 0 0 0 1 0
1 11 0 1 0 0 0 0 1 0 0 0 0 1 0
1 12 0 1 0 0 0 0 1 0 0 0 0 1 0
1 13 0 1 0 0 0 0 1 0 0 0 0 1 0
1 14 0 1 0 0 0 0 1 0 0 0 0 1 0
1 15 0 1 0 0 0 0 1 0 0 0 0 1 0
1 16 0 1 0 0 0 0 1 0 0 0 0 1 0
1 17 0 1 0 0 0 0 1 0 0 0 0 1 0
1 18 0 1 0 0 0 0 1 0 0 0 0 1 0
1 19 0 1 0 0 0 0 1 0 0 0 0 1 0
1 20 0 1 0 0 0 0 1 0 0 0 0 1 0
1 21 0 1 0 0 0 0 1 0 0 0 0 1 0
1 22 0 1 0 0 0 0 1 0 0 0 0 1 0
1 23 0 1 0 0 0 0 1 0 0 0 0 1 0
1 24 0 1 0 0 0 0 1 0 0 0 0 1 0
1 25 0 1 0 0 0 0 1 0 0 0 0 1 0
1 26 0 1 0 0 0 0 1 0 0 0 0 1 0
1 27 0 1 0 0 0 0 1 0 0 0 0 1 0
1 28 0 1 0 0 0 0 1 0 0 0 0 1 0
1 29 0 1 0 0 0 0 1 0 0 0 0 1 0
1 30 0 1 0 0 0 0 1 0 0 0 0 1 0
1 31 0 1 0 0 0 0 1 0 0 0 0 1 0
1 32 0 1 0 0 0 0 1 0 0 0 0 1 0
1 33 0 1 0 0 0 0 1 0 0 0 0 1 0
1 34 0 1 0 0 0 0 1 0 0 0 0 1 0
1 35 0 1 0 0 0 0 1 0 0 0 0 1 0
1 36 0 1 0 0 0 0 1 0 0 0 0 1 0
1 37 0 1 0 0 0 0 1 0 0 0 0 1 0
1 38 0 1 0 0 0 0 1 0 0 0 0 1 0
1 39 0 1 0 0 0 0 1 0 0 0 0 1 0
1 40 0 1 0 0 0 0 1 0 0 0 0 1 0
1 41 0 1 0 0 0 0 1 0 0 0 0 1 0
1 42 0 1 0 0 0 0 1 0 0 0 0 1 0
1 43 0 1 0 0 0 0 1 0 0 0 0 1 0
1 44 0 1 0 0 0 0 1 0 0 0 0 1 0
1 45 0 1 0 0 0 0 1 0 0 0 0 1 0
1 46 0 1 0 0 0 0 1 0 0 0 0 1 0
1 47 0 1 0 0 0 0 1 0 0 0 0 1 0
1 48 0 1 0 0 0 0 1 0 0 0 0 1 0
1 49 0 1 0 0 0 0 1 0 0 0 0 1 0
1 50 0 1 0 0 0 0 1 0 0 0 0 1 0
1 51 0 1 0 0 0 0 1 0 0 0 0 1 0
1 52 0 1 0 0 0 0 1 0 0 0 0 1 0
1 53 0 1 0 0 0 0 1 0 0 0 0 1 0
1 54 0 1 0 0 0 0 1 0 0 0 0 1 0
1 55 0 1 0 0 0 0 1 0 0 0 0 1 0
1 56 0 1 0 0 0 0 1 0 0 0 0 1 0
1 57 0 1 0 0 0 0 1 0 0 0 0 1 0
1 58 0 1 0 0 0 0 1 0 0 0 0 1 0
1 59 0 1 0 0 0 0 1 0 0 0 0 1 0
1 60 0 1 0 0 0 0 1 0 0 0 0 1 0
1 61 0 1 0 0 0 0 1 0 0 0 0 1 0
1 62 0 1 0 0 0 0 1 0 0 0 0 1 0
1 63 0 1 0 0 0 0 1 0 0 0 0 1 0
1 64 0 1 0 0 0 0 1 0 0 0 0 1 0
1 65 0 1 0 0 0 0 1 0 0 0 0 1 0
1 66 0 1 0 0 0 0 1 0 0 0 0 1 0
1 67 0 1 0 0 0 0 1 0 0 0 0 1 0
1 68 0 1 0 0 0 0 1 0 0 0 0 1 0
1 69 0 1 0 0 0 0 1 0 0 0 0 1 0
1 70 0 1 0 0 0 0 1 0 0 0 0 1 0
1 71 0 1 0 0 0 0 1 0 0 0 0 1 0
1 72 0 1 0 0 0 0 1 0 0 0 0 1 0
1 73 0 1 0 0 0 0 1 0 0 0 0 1 0
1 74 0 1 0 0 0 0 1 0 0 0 0 1 0
1 75 0 1 0 0 0 0 1 0 0 0 0 1 0
1 76 0 1 0 0 0 0 1 0 0 0 0 1 0
1 77 0 1 0 0 0 0 1 0 0 0 0 1 0
1 78 0 1 0 0 0 0 1 0 0 0 0 1 0
1 79 0 1 0 0 0 0 1 0 0 0 0 1 0
1 80 0 1 0 0 0 0 1 0 0 0 0 1 0
1 81 0 1 0 0 0 0 1 0 0 0 0 1 0
1 82 0 1 0 0 0 0 1 0 0 0 0 1 0
1 83 0 1 0 0 0 0 1 0 0 0 0 1 0
1 84 0 1 0 0 0 0 1 0 0 0 0 1 0
1 85 0 1 0 0 0 0 1 0 0 0 0 1 0
1 86 0 1 0 0 0 0 1 0 0 0 0 1 0
1 87 0 1 0 0 0 0 1 0 0 0 0 1 0
1 88 0 1 0 0 0 0 1 0 0 0 0 1 0
1 89 0 1 0 0 0 0 1 0 0 0 0 1 0
1 90 0 1 0 0 0 0 1 0 0 0 0 1 0
1 91 0 1 0 0 0 0 1 0 0 0 0 1 0
1 92 0 1 0 0 0 0 1 0 0 0 0 1 0
1 93 0 1 0 0 0 0 1 0 0 0 0 1 0
1 94 0 1 0 0 0 0 1 0 0 0 0 1 0
1 95 0 1 0 0 0 0 1 0 0 0 0 1 0
1 96 0 1 0 0 0 0 1 0 0 0 0 1 0
1 97 0 1 0 0 0 0 1 0 0 0 0 1 0
1 98 0 1 0 0 0 0 1 0 0 0 0 1 0
1 99 0 1 0 0 0 0 1 0 0 0 0 1 0
1 100 0 1 0 0 0 0 1 0 0 0 0 1 0
1 101 0 1 0 0 0 0 1 0 0 0 0 1 0
1 102 0 1 0 0 0 0 1 0 0 0 0 1 0
1 103 0 1 0 0 0 0 1 0 0 0 0 1 0
1 104 0 1 0 0 0 0 1 0 0 0 0 1 0
1 105 0 1 0 0 0 0 1 0 0 0 0 1 0
1 106 0 1 0 0 0 0 1 0 0 0 0 1 0
1 107 0 1 0 0 0 0 1 0 0 0 0 1 0
1 108 0 1 0 0 0 0 1 0 0 0 0 1 0
1 109 0 1 0 0 0 0 1 0 0 0 0 1 0
1 110 0 1 0 0 0 0 1 0 0 0 0 1 0
1 111 0 1 0 0 0 0 1 0 0 0 0 1 0
1 112 0 1 0 0 0 0 1 0 0 0 0 1 0
1 113 0 1 0 0 0 0 1 0 0 0 0 1 0
1 114 0 1 0 0 0 0 1 0 0 0 0 1 0
1 115 0 1 0 0 0 0 1 0 0 0 0 1 0
1 116 0 1 0 0 0 0 1 0 0 0 0 1 0
1 117 0 1 0 0 0 0 1 0 0 0 0 1 0
1 118 0 1 0 0 0 0 1 0 0 0 0 1 0
1 119 0 1 0 0 0 0 1 0 0 0 0 1 0
1 120 0 1 0 0 0 0 1 0 0 0 0 1 0
1 121 0 1 0 0 0 0 1 0 0 0 0 1 0
1 122 0 1 0 0 0 0 1 0 0 0 0 1 0
1 123 0 1 0 0 0 0 1 0 0 0 0 1 0
1 124 0 1 0 0 0 0 1 0 0 0 0 1 0
1 125 0 1 0 0 0 0 1 0 0 0 0 1 0
1 126 0 1 0 0 0 0 1 0 0 0 0 1 0
1 127 0 1 0 0 0 0 1 0 0 0 0 1 0
1 128 0 1 0 0 0 0 1 0 0 0 0 1 0
1 129 0 1 0 0 0 0 1 0 0 0 0 1 0
1 130 0 1 0 0 0 0 1 0 0 0 0 1 0
1 131 0 1 0 0 0 0 1 0 0 0 0 1 0
1 132 0 1 0 0 0 0 1 0 0 0 0 1 0
1 133 0 1 0 0 0 0 1 0 0 0 0 1 0
1 134 0 1 0 0 0 0 1 0 0 0 0 1 0
1 135 0 1 0 0 0 0 1 0 0 0 0 1 0
1 136 0 1 0 0 0 0 1 0 0 0 0 1 0
1 137 0 1 0 0 0 0 1 0 0 0 0 1 0
1 138 0 1 0 0 0 0 1 0 0 0 0 1 0
1 139 0 1 0 0 0 0 1 0 0 0 0 1 0
1 140 0 1 0 0 0 0 1 0 0 0 0 1 0
1 141 0 1 0 0 0 0 1 0 0 0 0 1 0
1 142 0 1 0 0 0 0 1 0 0 0 0 1 0
1 143 0 1 0 0 0 0 1 0 0 0 0 1 0
1 144 0 1 0 0 0 0 1 0 0 0 0 1 0
1 145 65 0.996709 -0.0310853 0.0748605 -0.344484 0.0276274 0.998522 0.0467927 0.164034 -0.0762044 -0.0445705 0.996096 -0.92435
1 146 58 0.974942 0.0958045 -0.200775 0.581155 -0.087108 0.994855 0.0517314 0.116063 0.204698 -0.032946 0.978271 -0.805474
1 147 158 0.94576 0.187795 -0.265089 0.720957 -0.158506 0.979019 0.128055 -0.0287225 0.283575 -0.0790912 0.955683 -0.692385
1 148 133 0.942627 0.203871 -0.264368 0.724173 -0.169213 0.974393 0.14807 -0.151409 0.287786 -0.0948407 0.952987 -0.672792
1 149 76 0.8174 0.291147 -0.497082 0.960588 -0.214686 0.954681 0.20614 -0.247851 0.534572 -0.0617823 0.842862 -0.125859
1 150 0 1 0 0 0 0 1 0 0 0 0 1 0
1 151 0 1 0 0 0 0 1 0 0 0 0 1 0
1 152 0 1 0 0 0 0 1 0 0 0 0 1 0
1 153 0 1 0 0 0 0 1 0 0 0 0 1 0
1 154 0 1 0 0 0 0 1 0 0 0 0 1 0
1 155 0 1 0 0 0 0 1 0 0 0 0 1 0
1 156 0 1 0 0 0 0 1 0 0 0 0 1 0
1 157 0 1 0 0 0 0 1 0 0 0 0 1 0
1 158 0 1 0 0 0 0 1 0 0 0 0 1 0
1 159 0 1 0 0 0 0 1 0 0 0 0 1 0
1 160 0 1 0 0 0 0 1 0 0 0 0 1 0
1 161 0 1 0 0 0 0 1 0 0 0 0 1 0
1 162 0 1 0 0 0 0 1 0 0 0 0 1 0
1 163 0 1 0 0 0 0 1 0 0 0 0 1 0
1 164 0 1 0 0 0 0 1 0 0 0 0 1 0
1 165 0 1 0 0 0 0 1 0 0 0 0 1 0
1 166 0 1 0 0 0 0 1 0 0 0 0 1 0
1 167 19 0.994088 0.106851 0.0193021 -0.317736 -0.1083 0.988499 0.105552 0.136406 -0.00780168 -0.107019 0.994226 -0.938316
1 168 32 0.845855 0.157598 0.5096 -0.87167 -0.14285 0.987388 -0.0682498 0.41481 -0.51393 -0.0150672 0.8577 0.261005
1 169 26 0.984404 0.132222 0.116043 -0.387091 -0.147633 0.979622 0.13618 0.0386993 -0.0956723 -0.151188 0.983864 -0.921229
1 170 91 0.984224 0.089275 -0.152751 0.559526 -0.0655004 0.985874 0.154152 0.0496182 0.164355 -0.141715 0.976168 -0.827326
1 171 111 0.99575 0.0403228 -0.0828057 0.277986 -0.0260035 0.985574 0.167235 0.0596511 0.0883546 -0.164371 0.982433 -0.958731
1 172 129 0.983277 0.0830553 -0.162072 0.39118 -0.0526028 0.981543 0.183864 0.0138066 0.174352 -0.172264 0.969498 -0.92021
2 3 848 0.999881 -0.00875517 -0.0127197 0.999664 0.00875128 0.999962 -0.00036143 0.0259183 0.0127224 0.000250074 0.999919 0.000943748
2 4 654 0.997191 0.0230133 -0.0712838 0.998038 -0.0233631 0.999719 -0.00407762 0.0470119 0.0711699 0.00573158 0.997448 0.0413573
2 5 452 0.995723 0.0396552 -0.0834447 0.987928 -0.0413595 0.998968 -0.0187948 0.0205685 0.0826132 0.0221656 0.996335 0.15354
2 6 276 0.984873 0.0493642 -0.166096 0.987704 -0.0512008 0.998665 -0.00679102 0.0515646 0.165539 0.0151926 0.986086 0.147589
2 7 119 0.977881 0.0564959 -0.201389 0.98535 -0.0608067 0.998033 -0.0152784 -0.0761772 0.20013 0.0271862 0.979392 0.152585
2 8 39 0.986193 0.0555456 -0.156005 0.999398 -0.0612165 0.997618 -0.0317813 -0.0231344 0.153868 0.0408926 0.987245 0.0258566
2 9 0 1 0 0 0 0 1 0 0 0 0 1 0
2 10 0 1 0 0 0 0 1 0 0 0 0 1 0
2 11 0 1 0 0 0 0 1 0 0 0 0 1 0
2 12 0 1 0 0 0 0 1 0 0 0 0 1 0
2 13 0 1 0 0 0 0 1 0 0 0 0 1 0
2 14 0 1 0 0 0 0 1 0 0 0 0 1 0
2 15 0 1 0 0 0 0 1 0 0 0 0 1 0
2 16 0 1 0 0 0 0 1 0 0 0 0 1 0
2 17 0 1 0 0 0 0 1 0 0 0 0 1 0
2 18 0 1 0 0 0 0 1 0 0 0 0 1 0
2 19 0 1 0 0 0 0 1 0 0 0 0 1 0
2 20 0 1 0 0 0 0 1 0 0 0 0 1 0
2 21 0 1 0 0 0 0 1 0 0 0 0 1 0
2 22 0 1 0 0 0 0 1 0 0 0 0 1 0
2 23 0 1 0 0 0 0 1 0 0 0 0 1 0
2 24 0 1 0 0 0 0 1 0 0 0 0 1 0
2 25 0 1 0 0 0 0 1 0 0 0 0 1 0
2 26 0 1 0 0 0 0 1 0 0 0 0 1 0
2 27 0 1 0 0 0 0 1 0 0 0 0 1 0
2 28 0 1 0 0 0 0 1 0 0 0 0 1 0
2 29 0 1 0 0 0 0 1 0 0 0 0 1 0
2 30 0 1 0 0 0 0 1 0 0 0 0 1 0
2 31 0 1 0 0 0 0 1 0 0 0 0 1 0
2 32 0 1 0 0 0 0 1 0 0 0 0 1 0
2 33 0 1 0 0 0 0 1 0 0 0 0 1 0
2 34 0 1 0 0 0 0 1 0 0 0 0 1 0
2 35 0 1 0 0 0 0 1 0 0 0 0 1 0
2 36 0 1 0 0 0 0 1 0 0 0 0 1 0
2 37 0 1 0 0 0 0 1 0 0 0 0 1 0
2 38 0 1 0 0 0 0 1 0 0 0 0 1 0
2 39 0 1 0 0 0 0 1 0 0 0 0 1 0
2 40 0 1 0 0 0 0 1 0 0 0 0 1 0
2 41 0 1 0 0 0 0 1 0 0 0 0 1 0
2 42 0 1 0 0 0 0 1 0 0 0 0 1 0
2 43 0 1 0 0 0 0 1 0 0 0 0 1 0
2 44 0 1 0 0 0 0 1 0 0 0 0 1 0
2 45 0 1 0 0 0 0 1 0 0 0 0 1 0
2 46 0 1 0 0 0 0 1 0 0 0 0 1 0
2 47 0 1 0 0 0 0 1 0 0 0 0 1 0
2 48 0 1 0 0 0 0 1 0 0 0 0 1 0
2 49 0 1 0 0 0 0 1 0 0 0 0 1 0
2 50 0 1 0 0 0 0 1 0 0 0 0 1 0
2 51 0 1 0 0 0 0 1 0 0 0 0 1 0
2 52 0 1 0 0 0 0 1 0 0 0 0 1 0
2 53 0 1 0 0 0 0 1 0 0 0 0 1 0
2 54 0 1 0 0 0 0 1 0 0 0 0 1 0
2 55 0 1 0 0 0 0 1 0 0 0 0 1 0
2 56 0 1 0 0 0 0 1 0 0 0 0 1 0
2 57 0 1 0 0 0 0 1 0 0 0 0 1 0
2 58 0 1 0 0 0 0 1 0 0 0 0 1 0
2 59 0 1 0 0 0 0 1 0 0 0 0 1 0
2 60 0 1 0 0 0 0 1 0 0 0 0 1 0
2 61 0 1 0 0 0 0 1 0 0 0 0 1 0
2 62 0 1 0 0 0 0 1 0 0 0 0 1 0
2 63 0 1 0 0 0 0 1 0 0 0 0 1 0
2 64 0 1 0 0 0 0 1 0 0 0 0 1 0
2 65 0 1 0 0 0 0 1 0 0 0 0 1 0
2 66 0 1 0 0 0 0 1 0 0 0 0 1 0
2 67 0 1 0 0 0 0 1 0 0 0 0 1 0
2 68 0 1 0 0 0 0 1 0 0 0 0 1 0
2 69 0 1 0 0 0 0 1 0 0 0 0 1 0
2 70 0 1 0 0 0 0 1 0 0 0 0 1 0
2 71 0 1 0 0 0 0 1 0 0 0 0 1 0
2 72 0 1 0 0 0 0 1 0 0 0 0 1 0
2 73 0 1 0 0 0 0 1 0 0 0 0 1 0
2 74 0 1 0 0 0 0 1 0 0 0 0 1 0
2 75 0 1 0 0 0 0 1 0 0 0 0 1 0
2 76 0 1 0 0 0 0 1 0 0 0 0 1 0
2 77 0 1 0 0 0 0 1 0 0 0 0 1 0
2 78 0 1 0 0 0 0 1 0 0 0 0 1 0
2 79 0 1 0 0 0 0 1 0 0 0 0 1 0
2 80 0 1 0 0 0 0 1 0 0 0 0 1 0
2 81 0 1 0 0 0 0 1 0 0 0 0 1 0
2 82 0 1 0 0 0 0 1 0 0 0 0 1 0
2 83 0 1 0 0 0 0 1 0 0 0 0 1 0
2 84 0 1 0 0 0 0 1 0 0 0 0 1 0
2 85 0 1 0 0 0 0 1 0 0 0 0 1 0
2 86 0 1 0 0 0 0 1 0 0 0 0 1 0
2 87 0 1 0 0 0 0 1 0 0 0 0 1 0
2 88 0 1 0 0 0 0 1 0 0 0 0 1 0
2 89 0 1 0 0 0 0 1 0 0 0 0 1 0
2 90 0 1 0 0 0 0 1 0 0 0 0 1 0
2 91 0 1 0 0 0 0 1 0 0 0 0 1 0
2 92 0 1 0 0 0 0 1 0 0 0 0 1 0
2 93 0 1 0 0 0 0 1 0 0 0 0 1 0
2 94 0 1 0 0 0 0 1 0 0 0 0 1 0
2 95 0 1 0 0 0 0 1 0 0 0 0 1 0
2 96 0 1 0 0 0 0 1 0 0 0 0 1 0
2 97 0 1 0 0 0 0 1 0 0 0 0 1 0
2 98 0 1 0 0 0 0 1 0 0 0 0 1 0
2 99 0 1 0 0 0 0 1 0 0 0 0 1 0
2 100 0 1 0 0 0 0 1 0 0 0 0 1 0
2 101 0 1 0 0 0 0 1 0 0 0 0 1 0
2 102 0 1 0 0 0 0 1 0 0 0 0 1 0
2 103 0 1 0 0 0 0 1 0 0 0 0 1 0
2 104 0 1 0 0 0 0 1 0 0 0 0 1 0
2 105 0 1 0 0 0 0 1 0 0 0 0 1 0
2 106 0 1 0 0 0 0 1 0 0 0 0 1 0
2 107 0 1 0 0 0 0 1 0 0 0 0 1 0
2 108 0 1 0 0 0 0 1 0 0 0 0 1 0
2 109 0 1 0 0 0 0 1 0 0 0 0 1 0
2 110 0 1 0 0 0 0 1 0 0 0 0 1 0
2 111 0 1 0 0 0 0 1 0 0 0 0 1 0
2 112 0 1 0 0 0 0 1 0 0 0 0 1 0
2 113 0 1 0 0 0 0 1 0 0 0 0 1 0
2 114 0 1 0 0 0 0 1 0 0 0 0 1 0
2 115 0 1 0 0 0 0 1 0 0 0 0 1 0
2 116 0 1 0 0 0 0 1 0 0 0 0 1 0
2 117 0 1 0 0 0 0 1 0 0 0 0 1 0
2 118 0 1 0 0 0 0 1 0 0 0 0 1 0
2 119 0 1 0 0 0 0 1 0 0 0 0 1 0
2 120 0 1 0 0 0 0 1 0 0 0 0 1 0
2 121 0 1 0 0 0 0 1 0 0 0 0 1 0
2 122 0 1 0 0 0 0 1 0 0 0 0 1 0
2 123 0 1 0 0 0 0 1 0 0 0 0 1 0
2 124 0 1 0 0 0 0 1 0 0 0 0 1 0
2 125 0 1 0 0 0 0 1 0 0 0 0 1 0
2 126 0 1 0 0 0 0 1 0 0 0 0 1 0
2 127 0 1 0 0 0 0 1 0 0 0 0 1 0
2 128 0 1 0 0 0 0 1 0 0 0 0 1 0
2 129 0 1 0 0 0 0 1 0 0 0 0 1 0
2 130 0 1 0 0 0 0 1 0 0 0 0 1 0
2 131 0 1 0 0 0 0 1 0 0 0 0 1 0
2 132 0 1 0 0 0 0 1 0 0 0 0 1 0
2 133 0 1 0 0 0 0 1 0 0 0 0 1 0
2 134 0 1 0 0 0 0 1 0 0 0 0 1 0
2 135 0 1 0 0 0 0 1 0 0 0 0 1 0
2 136 0 1 0 0 0 0 1 0 0 0 0 1 0
2 137 0 1 0 0 0 0 1 0 0 0 0 1 0
2 138 0 1 0 0 0 0 1 0 0 0 0 1 0
2 139 0 1 0 0 0 0 1 0 0 0 0 1 0
2 140 0 1 0 0 0 0 1 0 0 0 0 1 0
2 141 0 1 0 0 0 0 1 0 0 0 0 1 0
2 142 0 1 0 0 0 0 1 0 0 0 0 1 0
2 143 0 1 0 0 0 0 1 0 0 0 0 1 0
2 144 0 1 0 0 0 0 1 0 0 0 0 1 0
2 145 73 0.988717 0.0284404 -0.14707 0.361743 -0.0127173 0.994203 0.106763 -0.00435234 0.149254 -0.103688 0.983347 -0.932268
2 146 84 0.981822 0.0819539 -0.171198 0.477957 -0.0790423 0.996588 0.0237664 0.208728 0.172562 -0.00980244 0.98495 -0.853223
2 147 144 0.974021 0.165287 -0.154799 0.365506 -0.148056 0.982037 0.116977 0.0184659 0.171353 -0.0910187 0.980996 -0.930626
2 148 172 0.96244 0.192509 -0.19144 0.531274 -0.171874 0.977873 0.11926 -0.0315272 0.210163 -0.0818765 0.974232 -0.846613
2 149 108 0.91421 0.265556 -0.306105 0.860734 -0.230545 0.962038 0.146058 -0.170352 0.333271 -0.0629565 0.940727 -0.479706
2 150 0 1 0 0 0 0 1 0 0 0 0 1 0
2 151 0 1 0 0 0 0 1 0 0 0 0 1 0
2 152 22 0.00250389 -0.432472 -0.901644 0.599534 -0.999755 -0.0209063 0.00725131 0.00786498 -0.021986 0.901405 -0.432418 0.800311
2 153 0 1 0 0 0 0 1 0 0 0 0 1 0
2 154 0 1 0 0 0 0 1 0 0 0 0 1 0
2 155 0 1 0 0 0 0 1 0 0 0 0 1 0
2 156 0 1 0 0 0 0 1 0 0 0 0 1 0
2 157 0 1 0 0 0 0 1 0 0 0 0 1 0
2 158 0 1 0 0 0 0 1 0 0 0 0 1 0
2 159 0 1 0 0 0 0 1 0 0 0 0 1 0
2 160 0 1 0 0 0 0 1 0 0 0 0 1 0
2 161 0 1 0 0 0 0 1 0 0 0 0 1 0
2 162 0 1 0 0 0 0 1 0 0 0 0 1 0
2 163 0 1 0 0 0 0 1 0 0 0 0 1 0
2 164 0 1 0 0 0 0 1 0 0 0 0 1 0
2 165 0 1 0 0 0 0 1 0 0 0 0 1 0
2 166 24 -0.0702751 -0.193144 -0.97865 0.777157 -0.791587 0.607789 -0.0631094 0.228715 0.607002 0.770252 -0.195603 0.586274
2 167 31 0.943317 0.246568 -0.222165 0.781565 -0.197603 0.95506 0.22094 -0.240119 0.266658 -0.164516 0.949646 -0.57576
2 168 62 0.926733 0.215246 -0.307953 0.799497 -0.154892 0.965614 0.208802 -0.102877 0.342308 -0.145805 0.928206 -0.591795
2 169 70 0.975344 0.145809 -0.165662 0.645207 -0.124727 0.983469 0.13127 0.0195578 0.182064 -0.107371 0.977407 -0.763758
2 170 72 0.982123 0.0945619 -0.162765 0.5595 -0.0668654 0.983527 0.167937 0.0174843 0.175964 -0.154051 0.972268 -0.828646
2 171 86 0.998903 0.0269946 -0.0382527 0.108746 -0.0198496 0.984159 0.176175 0.0308477 0.0424025 -0.175223 0.983615 -0.993591
2 172 125 0.989167 0.0344065 0.142704 -0.707759 -0.0615717 0.979741 0.190571 0.00317034 -0.133256 -0.197293 0.971246 -0.706447
3 4 751 0.997395 0.0311138 -0.0650787 0.999199 -0.0313022 0.999508 -0.00187684 0.0366395 0.0649883 0.00390906 0.997878 -0.0160655
3 5 554 0.995386 0.0508123 -0.0813891 0.993849 -0.0522918 0.998501 -0.0161494 0.021346 0.0804465 0.0203308 0.996552 0.108668
3 6 310 0.995073 0.0516637 -0.0846181 0.991975 -0.0513227 0.998663 0.00620269 0.00623359 0.0848254 -0.00182931 0.996394 0.126279
3 7 179 0.98488 0.0549801 -0.164285 0.982442 -0.0597747 0.997914 -0.0243811 -0.0645417 0.162602 0.0338325 0.986112 0.175049
3 8 45 0.994296 0.050548 -0.093913 0.997621 -0.0557639 0.996995 -0.0537705 0.0679141 0.0909128 0.0587008 0.994127 -0.0118157
3 9 18 0.99345 0.0530048 0.101228 0.462137 -0.0500748 0.998256 -0.0312708 -0.177274 -0.102709 0.025997 0.994372 0.868909
3 10 0 1 0 0 0 0 1 0 0 0 0 1 0
3 11 0 1 0 0 0 0 1 0 0 0 0 1 0
3 12 0 1 0 0 0 0 1 0 0 0 0 1 0
3 13 0 1 0 0 0 0 1 0 0 0 0 1 0
3 14 0 1 0 0 0 0 1 0 0 0 0 1 0
3 15 0 1 0 0 0 0 1 0 0 0 0 1 0
3 16 0 1 0 0 0 0 1 0 0 0 0 1 0
3 17 0 1 0 0 0 0 1 0 0 0 0 1 0
3 18 0 1 0 0 0 0 1 0 0 0 0 1 0
3 19 0 1 0 0 0 0 1 0 0 0 0 1 0
3 20 0 1 0 0 0 0 1 0 0 0 0 1 0
3 21 0 1 0 0 0 0 1 0 0 0 0 1 0
3 22 0 1 0 0 0 0 1 0 0 0 0 1 0
3 23 0 1 0 0 0 0 1 0 0 0 0 1 0
3 24 0 1 0 0 0 0 1 0 0 0 0 1 0
3 25 0 1 0 0 0 0 1 0 0 0 0 1 0
3 26 0 1 0 0 0 0 1 0 0 0 0 1 0
3 27 0 1 0 0 0 0 1 0 0 0 0 1 0
3 28 0 1 0 0 0 0 1 0 0 0 0 1 0
3 29 0 1 0 0 0 0 1 0 0 0 0 1 0
3 30 0 1 0 0 0 0 1 0 0 0 0 1 0
3 31 0 1 0 0 0 0 1 0 0 0 0 1 0
3 32 0 1 0 0 0 0 1 0 0 0 0 1 0
3 33 0 1 0 0 0 0 1 0 0 0 0 1 0
3 34 0 1 0 0 0 0 1 0 0 0 0 1 0
3 35 0 1 0 0 0 0 1 0 0 0 0 1 0
3 36 0 1 0 0 0 0 1 0 0 0 0 1 0
3 37 0 1 0 0 0 0 1 0 0 0 0 1 0
3 38 0 1 0 0 0 0 1 0 0 0 0 1 0
3 39 0 1 0 0 0 0 1 0 0 0 0 1 0
3 40 0 1 0 0 0 0 1 0 0 0 0 1 0
3 41 0 1 0 0 0 0 1 0 0 0 0 1 0
3 42 0 1 0 0 0 0 1 0 0 0 0 1 0
3 43 0 1 0 0 0 0 1 0 0 0 0 1 0
3 44 0 1 0 0 0 0 1 0 0 0 0 1 0
3 45 0 1 0 0 0 0 1 0 0 0 0 1 0
3 46 0 1 0 0 0 0 1 0 0 0 0 1 0
3 47 0 1 0 0 0 0 1 0 0 0 0 1 0
3 48 0 1 0 0 0 0 1 0 0 0 0 1 0
3 49 0 1 0 0 0 0 1 0 0 0 0 1 0
3 50 0 1 0 0 0 0 1 0 0 0 0 1 0
3 51 0 1 0 0 0 0 1 0 0 0 0 1 0
3 52 0 1 0 0 0 0 1 0 0 0 0 1 0
3 53 0 1 0 0 0 0 1 0 0 0 0 1 0
3 54 0 1 0 0 0 0 1 0 0 0 0 1 0
3 55 0 1 0 0 0 0 1 0 0 0 0 1 0
3 56 0 1 0 0 0 0 1 0 0 0 0 1 0
3 57 0 1 0 0 0 0 1 0 0 0 0 1 0
3 58 0 1 0 0 0 0 1 0 0 0 0 1 0
3 59 0 1 0 0 0 0 1 0 0 0 0 1 0
3 60 0 1 0 0 0 0 1 0 0 0 0 1 0
3 61 0 1 0 0 0 0 1 0 0 0 0 1 0
3 62 0 1 0 0 0 0 1 0 0 0 0 1 0
3 63 0 1 0 0 0 0 1 0 0 0 0 1 0
3 64 0 1 0 0 0 0 1 0 0 0 0 1 0
3 65 0 1 0 0 0 0 1 0 0 0 0 1 0
3 66 0 1 0 0 0 0 1 0 0 0 0 1 0
3 67 0 1 0 0 0 0 1 0 0 0 0 1 0
3 68 0 1 0 0 0 0 1 0 0 0 0 1 0
3 69 0 1 0 0 0 0 1 0 0 0 0 1 0
3 70 0 1 0 0 0 0 1 0 0 0 0 1 0
3 71 0 1 0 0 0 0 1 0 0 0 0 1 0
3 72 0 1 0 0 0 0 1 0 0 0 0 1 0
3 73 0 1 0 0 0 0 1 0 0 0 0 1 0
3 74 0 1 0 0 0 0 1 0 0 0 0 1 0
3 75 0 1 0 0 0 0 1 0 0 0 0 1 0
3 76 0 1 0 0 0 0 1 0 0 0 0 1 0
3 77 0 1 0 0 0 0 1 0 0 0 0 1 0
3 78 0 1 0 0 0 0 1 0 0 0 0 1 0
3 79 0 1 0 0 0 0 1 0 0 0 0 1 0
3 80 0 1 0 0 0 0 1 0 0 0 0 1 0
3 81 0 1 0 0 0 0 1 0 0 0 0 1 0
3 82 0 1 0 0 0 0 1 0 0 0 0 1 0
3 83 0 1 0 0 0 0 1 0 0 0 0 1 0
3 84 0 1 0 0 0 0 1 0 0 0 0 1 0
3 85 0 1 0 0 0 0 1 0 0 0 0 1 0
3 86 0 1 0 0 0 0 1 0 0 0 0 1 0
3 87 0 1 0 0 0 0 1 0 0 0 0 1 0
3 88 0 1 0 0 0 0 1 0 0 0 0 1 0
3 89 0 1 0 0 0 0 1 0 0 0 0 1 0
3 90 0 1 0 0 0 0 1 0 0 0 0 1 0
3 91 0 1 0 0 0 0 1 0 0 0 0 1 0
3 92 0 1 0 0 0 0 1 0 0 0 0 1 0
3 93 0 1 0 0 0 0 1 0 0 0 0 1 0
3 94 0 1 0 0 0 0 1 0 0 0 0 1 0
3 95 0 1 0 0 0 0 1 0 0 0 0 1 0
3 96 0 1 0 0 0 0 1 0 0 0 0 1 0
3 97 0 1 0 0 0 0 1 0 0 0 0 1 0
3 98 0 1 0 0 0 0 1 0 0 0 0 1 0
3 99 0 1 0 0 0 0 1 0 0 0 0 1 0
3 100 0 1 0 0 0 0 1 0 0 0 0 1 0
3 101 0 1 0 0 0 0 1 0 0 0 0 1 0
3 102 0 1 0 0 0 0 1 0 0 0 0 1 0
3 103 0 1 0 0 0 0 1 0 0 0 0 1 0
3 104 0 1 0 0 0 0 1 0 0 0 0 1 0
3 105 0 1 0 0 0 0 1 0 0 0 0 1 0
3 106 0 1 0 0 0 0 1 0 0 0 0 1 0
3 107 0 1 0 0 0 0 1 0 0 0 0 1 0
3 108 0 1 0 0 0 0 1 0 0 0 0 1 0
3 109 0 1 0 0 0 0 1 0 0 0 0 1 0
3 110 0 1 0 0 0 0 1 0 0 0 0 1 0
3 111 0 1 0 0 0 0 1 0 0 0 0 1 0
3 112 0 1 0 0 0 0 1 0 0 0 0 1 0
3 113 0 1 0 0 0 0 1 0 0 0 0 1 0
3 114 0 1 0 0 0 0 1 0 0 0 0 1 0
3 115 0 1 0 0 0 0 1 0 0 0 0 1 0
3 116 0 1 0 0 0 0 1 0 0 0 0 1 0
3 117 0 1 0 0 0 0 1 0 0 0 0 1 0
3 118 0 1 0 0 0 0 1 0 0 0 0 1 0
3 119 0 1 0 0 0 0 1 0 0 0 0 1 0
3 120 0 1 0 0 0 0 1 0 0 0 0 1 0
3 121 0 1 0 0 0 0 1 0 0 0 0 1 0
3 122 0 1 0 0 0 0 1 0 0 0 0 1 0
3 123 0 1 0 0 0 0 1 0 0 0 0 1 0
3 124 0 1 0 0 0 0 1 0 0 0 0 1 0
3 125 0 1 0 0 0 0 1 0 0 0 0 1 0
3 126 0 1 0 0 0 0 1 0 0 0 0 1 0
3 127 0 1 0 0 0 0 1 0 0 0 0 1 0
3 128 0 1 0 0 0 0 1 0 0 0 0 1 0
3 129 0 1 0 0 0 0 1 0 0 0 0 1 0
3 130 0 1 0 0 0 0 1 0 0 0 0 1 0
3 131 0 1 0 0 0 0 1 0 0 0 0 1 0
3 132 0 1 0 0 0 0 1 0 0 0 0 1 0
3 133 0 1 0 0 0 0 1 0 0 0 0 1 0
3 134 0 1 0 0 0 0 1 0 0 0 0 1 0
3 135 0 1 0 0 0 0 1 0 0 0 0 1 0
3 136 0 1 0 0 0 0 1 0 0 0 0 1 0
3 137 0 1 0 0 0 0 1 0 0 0 0 1 0
3 138 0 1 0 0 0 0 1 0 0 0 0 1 0
3 139 0 1 0 0 0 0 1 0 0 0 0 1 0
3 140 0 1 0 0 0 0 1 0 0 0 0 1 0
3 141 0 1 0 0 0 0 1 0 0 0 0 1 0
3 142 0 1 0 0 0 0 1 0 0 0 0 1 0
3 143 0 1 0 0 0 0 1 0 0 0 0 1 0
3 144 0 1 0 0 0 0 1 0 0 0 0 1 0
3 145 66 0.969364 0.0732414 -0.234453 0.535693 -0.0545064 0.994853 0.0854237 0.0688705 0.239503 -0.0700275 0.968367 -0.8416
3 146 93 0.977808 0.0985337 -0.184883 0.471095 -0.0856224 0.99338 0.0765838 0.0460831 0.191205 -0.0590541 0.979772 -0.880878
3 147 178 0.963301 0.173364 -0.204929 0.461287 -0.158114 0.983428 0.0887116 0.136202 0.216913 -0.0530538 0.974748 -0.876734
3 148 139 0.908904 0.226575 -0.350081 0.878542 -0.19561 0.973073 0.121925 -0.0107462 0.368279 -0.0423388 0.928751 -0.477544
3 149 109 0.931257 0.27175 -0.242717 0.65319 -0.245234 0.960147 0.13408 -0.124738 0.26948 -0.0653405 0.960787 -0.746849
3 150 0 1 0 0 0 0 1 0 0 0 0 1 0
3 151 0 1 0 0 0 0 1 0 0 0 0 1 0
3 152 22 -0.00308168 -0.00201456 -0.999993 0.821549 -0.828483 0.560012 0.00142495 0.0318399 0.560005 0.828482 -0.00339481 0.569248
3 153 0 1 0 0 0 0 1 0 0 0 0 1 0
3 154 0 1 0 0 0 0 1 0 0 0 0 1 0
3 155 0 1 0 0 0 0 1 0 0 0 0 1 0
3 156 0 1 0 0 0 0 1 0 0 0 0 1 0
3 157 0 1 0 0 0 0 1 0 0 0 0 1 0
3 158 0 1 0 0 0 0 1 0 0 0 0 1 0
3 159 0 1 0 0 0 0 1 0 0 0 0 1 0
3 160 0 1 0 0 0 0 1 0 0 0 0 1 0
3 161 0 1 0 0 0 0 1 0 0 0 0 1 0
3 162 0 1 0 0 0 0 1 0 0 0 0 1 0
3 163 0 1 0 0 0 0 1 0 0 0 0 1 0
3 164 0 1 0 0 0 0 1 0 0 0 0 1 0
3 165 0 1 0 0 0 0 1 0 0 0 0 1 0
3 166 27 0.980169 0.197953 0.00911465 -0.256207 -0.196959 0.968124 0.154738 0.0164751 0.0218067 -0.153464 0.987914 -0.966481
3 167 47 0.677168 0.316119 -0.664464 0.986168 -0.201248 0.948151 0.245986 -0.125382 0.707773 -0.032852 0.705676 -0.108403
3 168 83 0.96233 0.192048 -0.192455 0.551605 -0.164811 0.975027 0.148864 0.094944 0.216237 -0.111538 0.969949 -0.828684
3 169 60 0.975988 0.151159 -0.156839 0.5658 -0.135331 0.984987 0.107171 0.10538 0.170684 -0.0833729 0.981792 -0.817781
3 170 94 0.994241 0.0754177 -0.0761373 0.268628 -0.0640243 0.987744 0.142345 0.103966 0.0859396 -0.136651 0.986884 -0.957617
3 171 71 0.991589 0.051129 -0.118898 0.287946 -0.0321437 0.987166 0.156431 0.0913564 0.12537 -0.151294 0.980506 -0.953279
3 172 119 0.992393 0.0767393 -0.0962712 0.0827011 -0.0593851 0.983359 0.171692 0.0642394 0.107845 -0.164669 0.980435 -0.994502
4 5 672 0.999831 0.0155595 -0.00976218 0.996301 -0.0156729 0.999809 -0.0116572 -0.0276316 0.00957894 0.0118083 0.999884 0.0813743
4 6 347 0.998857 0.0249582 -0.0407685 0.973695 -0.0248691 0.999687 0.00269207 0.0327158 0.040823 -0.00167512 0.999165 0.225496
4 7 150 0.996072 0.029238 -0.0835757 0.978165 -0.0301658 0.999496 -0.00985905 -0.133543 0.0832454 0.0123415 0.996453 0.159245
4 8 66 0.980445 -0.00846684 0.19661 -0.292287 0.0153567 0.999319 -0.0335451 -0.187665 -0.196192 0.0359084 0.979908 0.937737
4 9 77 0.947607 0.13328 -0.290305 0.983645 -0.119288 0.9907 0.0654557 -0.164978 0.296329 -0.0273963 0.954693 -0.0722889
4 10 0 1 0 0 0 0 1 0 0 0 0 1 0
4 11 0 1 0 0 0 0 1 0 0 0 0 1 0
4 12 0 1 0 0 0 0 1 0 0 0 0 1 0
4 13 0 1 0 0 0 0 1 0 0 0 0 1 0
4 14 0 1 0 0 0 0 1 0 0 0 0 1 0
4 15 0 1 0 0 0 0 1 0 0 0 0 1 0
4 16 0 1 0 0 0 0 1 0 0 0 0 1 0
4 17 0 1 0 0 0 0 1 0 0 0 0 1 0
4 18 0 1 0 0 0 0 1 0 0 0 0 1 0
4 19 0 1 0 0 0 0 1 0 0 0 0 1 0
4 20 0 1 0 0 0 0 1 0 0 0 0 1 0
4 21 0 1 0 0 0 0 1 0 0 0 0 1 0
4 22 0 1 0 0 0 0 1 0 0 0 0 1 0
4 23 0 1 0 0 0 0 1 0 0 0 0 1 0
4 24 0 1 0 0 0 0 1 0 0 0 0 1 0
4 25 0 1 0 0 0 0 1 0 0 0 0 1 0
4 26 0 1 0 0 0 0 1 0 0 0 0 1 0
4 27 0 1 0 0 0 0 1 0 0 0 0 1 0
4 28 0 1 0 0 0 0 1 0 0 0 0 1 0
4 29 0 1 0 0 0 0 1 0 0 0 0 1 0
4 30 0 1 0 0 0 0 1 0 0 0 0 1 0
4 31 0 1 0 0 0 0 1 0 0 0 0 1 0
4 32 0 1 0 0 0 0 1 0 0 0 0 1 0
4 33 0 1 0 0 0 0 1 0 0 0 0 1 0
4 34 0 1 0 0 0 0 1 0 0 0 0 1 0
4 35 0 1 0 0 0 0 1 0 0 0 0 1 0
4 36 0 1 0 0 0 0 1 0 0 0 0 1 0
4 37 0 1 0 0 0 0 1 0 0 0 0 1 0
4 38 0 1 0 0 0 0 1 0 0 0 0 1 0
4 39 0 1 0 0 0 0 1 0 0 0 0 1 0
4 40 0 1 0 0 0 0 1 0 0 0 0 1 0
4 41 0 1 0 0 0 0 1 0 0 0 0 1 0
4 42 0 1 0 0 0 0 1 0 0 0 0 1 0
4 43 0 1 0 0 0 0 1 0 0 0 0 1 0
4 44 0 1 0 0 0 0 1 0 0 0 0 1 0
4 45 0 1 0 0 0 0 1 0 0 0 0 1 0
4 46 0 1 0 0 0 0 1 0 0 0 0 1 0
4 47 0 1 0 0 0 0 1 0 0 0 0 1 0
4 48 0 1 0 0 0 0 1 0 0 0 0 1 0
4 49 0 1 0 0 0 0 1 0 0 0 0 1 0
4 50 0 1 0 0 0 0 1 0 0 0 0 1 0
4 51 0 1 0 0 0 0 1 0 0 0 0 1 0
4 52 0 1 0 0 0 0 1 0 0 0 0 1 0
4 53 0 1 0 0 0 0 1 0 0 0 0 1 0
4 54 0 1 0 0 0 0 1 0 0 0 0 1 0
4 55 0 1 0 0 0 0 1 0 0 0 0 1 0
4 56 0 1 0 0 0 0 1 0 0 0 0 1 0
4 57 0 1 0 0 0 0 1 0 0 0 0 1 0
4 58 0 1 0 0 0 0 1 0 0 0 0 1 0
4 59 0 1 0 0 0 0 1 0 0 0 0 1 0
4 60 0 1 0 0 0 0 1 0 0 0 0 1 0
4 61 0 1 0 0 0 0 1 0 0 0 0 1 0
4 62 0 1 0 0 0 0 1 0 0 0 0 1 0
4 63 0 1 0 0 0 0 1 0 0 0 0 1 0
4 64 0 1 0 0 0 0 1 0 0 0 0 1 0
4 65 0 1 0 0 0 0 1 0 0 0 0 1 0
4 66 0 1 0 0 0 0 1 0 0 0 0 1 0
4 67 0 1 0 0 0 0 1 0 0 0 0 1 0
4 68 0 1 0 0 0 0 1 0 0 0 0 1 0
4 69 0 1 0 0 0 0 1 0 0 0 0 1 0
4 70 0 1 0 0 0 0 1 0 0 0 0 1 0
4 71 0 1 0 0 0 0 1 0 0 0 0 1 0
4 72 0 1 0 0 0 0 1 0 0 0 0 1 0
4 73 0 1 0 0 0 0 1 0 0 0 0 1 0
4 74 0 1 0 0 0 0 1 0 0 0 0 1 0
4 75 0 1 0 0 0 0 1 0 0 0 0 1 0
4 76 0 1 0 0 0 0 1 0 0 0 0 1 0
4 77 0 1 0 0 0 0 1 0 0 0 0 1 0
4 78 0 1 0 0 0 0 1 0 0 0 0 1 0
4 79 0 1 0 0 0 0 1 0 0 0 0 1 0
4 80 0 1 0 0 0 0 1 0 0 0 0 1 0
4 81 0 1 0 0 0 0 1 0 0 0 0 1 0
4 82 0 1 0 0 0 0 1 0 0 0 0 1 0
4 83 0 1 0 0 0 0 1 0 0 0 0 1 0
4 84 0 1 0 0 0 0 1 0 0 0 0 1 0
4 85 0 1 0 0 0 0 1 0 0 0 0 1 0
4 86 0 1 0 0 0 0 1 0 0 0 0 1 0
4 87 0 1 0 0 0 0 1 0 0 0 0 1 0
4 88 0 1 0 0 0 0 1 0 0 0 0 1 0
4 89 0 1 0 0 0 0 1 0 0 0 0 1 0
4 90 0 1 0 0 0 0 1 0 0 0 0 1 0
4 91 0 1 0 0 0 0 1 0 0 0 0 1 0
4 92 0 1 0 0 0 0 1 0 0 0 0 1 0
4 93 0 1 0 0 0 0 1 0 0 0 0 1 0
4 94 0 1 0 0 0 0 1 0 0 0 0 1 0
4 95 0 1 0 0 0 0 1 0 0 0 0 1 0
4 96 0 1 0 0 0 0 1 0 0 0 0 1 0
4 97 0 1 0 0 0 0 1 0 0 0 0 1 0
4 98 0 1 0 0 0 0 1 0 0 0 0 1 0
4 99 0 1 0 0 0 0 1 0 0 0 0 1 0
4 100 0 1 0 0 0 0 1 0 0 0 0 1 0
4 101 0 1 0 0 0 0 1 0 0 0 0 1 0
4 102 0 1 0 0 0 0 1 0 0 0 0 1 0
4 103 0 1 0 0 0 0 1 0 0 0 0 1 0
4 104 0 1 0 0 0 0 1 0 0 0 0 1 0
4 105 0 1 0 0 0 0 1 0 0 0 0 1 0
4 106 0 1 0 0 0 0 1 0 0 0 0 1 0
4 107 0 1 0 0 0 0 1 0 0 0 0 1 0
4 108 0 1 0 0 0 0 1 0 0 0 0 1 0
4 109 0 1 0 0 0 0 1 0 0 0 0 1 0
4 110 0 1 0 0 0 0 1 0 0 0 0 1 0
4 111 0 1 0 0 0 0 1 0 0 0 0 1 0
4 112 0 1 0 0 0 0 1 0 0 0 0 1 0
4 113 0 1 0 0 0 0 1 0 0 0 0 1 0
4 114 0 1 0 0 0 0 1 0 0 0 0 1 0
4 115 0 1 0 0 0 0 1 0 0 0 0 1 0
4 116 0 1 0 0 0 0 1 0 0 0 0 1 0
4 117 0 1 0 0 0 0 1 0 0 0 0 1 0
4 118 0 1 0 0 0 0 1 0 0 0 0 1 0
4 119 0 1 0 0 0 0 1 0 0 0 0 1 0
4 120 0 1 0 0 0 0 1 0 0 0 0 1 0
4 121 0 1 0 0 0 0 1 0 0 0 0 1 0
4 122 0 1 0 0 0 0 1 0 0 0 0 1 0
4 123 0 1 0 0 0 0 1 0 0 0 0 1 0
4 124 0 1 0 0 0 0 1 0 0 0 0 1 0
4 125 0 1 0 0 0 0 1 0 0 0 0 1 0
4 126 0 1 0 0 0 0 1 0 0 0 0 1 0
4 127 0 1 0 0 0 0 1 0 0 0 0 1 0
4 128 0 1 0 0 0 0 1 0 0 0 0 1 0
4 129 0 1 0 0 0 0 1 0 0 0 0 1 0
4 130 0 1 0 0 0 0 1 0 0 0 0 1 0
4 131 0 1 0 0 0 0 1 0 0 0 0 1 0
4 132 0 1 0 0 0 0 1 0 0 0 0 1 0
4 133 0 1 0 0 0 0 1 0 0 0 0 1 0
4 134 0 1 0 0 0 0 1 0 0 0 0 1 0
4 135 0 1 0 0 0 0 1 0 0 0 0 1 0
4 136 0 1 0 0 0 0 1 0 0 0 0 1 0
4 137 0 1 0 0 0 0 1 0 0 0 0 1 0
4 138 0 1 0 0 0 0 1 0 0 0 0 1 0
4 139 0 1 0 0 0 0 1 0 0 0 0 1 0
4 140 0 1 0 0 0 0 1 0 0 0 0 1 0
4 141 0 1 0 0 0 0 1 0 0 0 0 1 0
4 142 0 1 0 0 0 0 1 0 0 0 0 1 0
4 143 0 1 0 0 0 0 1 0 0 0 0 1 0
4 144 0 1 0 0 0 0 1 0 0 0 0 1 0
4 145 113 0.999917 0.0106218 0.00729761 -0.0265378 -0.0112726 0.995334 0.0958322 0.0480863 -0.00624565 -0.0959065 0.995371 -0.998491
4 146 122 0.997147 0.0585823 -0.0476053 0.161584 -0.0562594 0.997225 0.0487529 0.151693 0.0503292 -0.0459356 0.997676 -0.975131
4 147 208 0.974813 0.153838 -0.161474 0.428972 -0.138233 0.98494 0.103852 0.0703544 0.175019 -0.0789148 0.981397 -0.900574
4 148 227 0.953661 0.196262 -0.228063 0.698931 -0.170029 0.976871 0.129667 -0.0634338 0.248236 -0.0848808 0.964974 -0.71237
4 149 169 0.937709 0.245142 -0.246185 0.745627 -0.217071 0.96667 0.135757 -0.148506 0.271259 -0.0738612 0.959668 -0.649604
4 150 13 0.980389 0.194845 0.0295626 0.247973 -0.196537 0.977722 0.0737087 -0.108705 -0.0145422 -0.0780733 0.996842 -0.962649
4 151 0 1 0 0 0 0 1 0 0 0 0 1 0
4 152 15 0.976764 0.209812 0.0437236 0.300494 -0.204896 0.974007 -0.0965853 -0.311847 -0.0628518 0.0853822 0.994364 0.901363
4 153 0 1 0 0 0 0 1 0 0 0 0 1 0
4 154 0 1 0 0 0 0 1 0 0 0 0 1 0
4 155 0 1 0 0 0 0 1 0 0 0 0 1 0
4 156 0 1 0 0 0 0 1 0 0 0 0 1 0
4 157 0 1 0 0 0 0 1 0 0 0 0 1 0
4 158 0 1 0 0 0 0 1 0 0 0 0 1 0
4 159 0 1 0 0 0 0 1 0 0 0 0 1 0
4 160 0 1 0 0 0 0 1 0 0 0 0 1 0
4 161 0 1 0 0 0 0 1 0 0 0 0 1 0
4 162 0 1 0 0 0 0 1 0 0 0 0 1 0
4 163 0 1 0 0 0 0 1 0 0 0 0 1 0
4 164 0 1 0 0 0 0 1 0 0 0 0 1 0
4 165 25 0.985161 0.17163 -0.000191371 0.477356 -0.170531 0.978979 0.111891 0.0326526 0.0193913 -0.110198 0.99372 -0.878103
4 166 29 0.839558 0.255572 -0.4794 0.991368 -0.193462 0.965234 0.175769 -0.0463695 0.507655 -0.0548228 0.859814 -0.122638
4 167 65 0.95046 0.232575 -0.20624 0.74233 -0.197862 0.964363 0.175652 -0.0736198 0.239742 -0.126143 0.962607 -0.665977
4 168 62 0.994653 0.0971027 0.0351557 -0.294186 -0.101557 0.981488 0.162382 -0.00453112 -0.0187371 -0.165085 0.986101 -0.955737
4 169 82 0.992634 0.121153 0.000697915 0.20026 -0.121045 0.991472 0.0482806 0.364425 0.00515738 -0.0480094 0.998834 -0.909445
4 170 116 0.998265 0.0417783 -0.0414971 0.258748 -0.0368801 0.992967 0.112498 0.200874 0.0459053 -0.110773 0.992785 -0.944827
4 171 102 0.997549 0.0169709 -0.0678787 0.237627 -0.00788917 0.991233 0.131887 0.172994 0.0695219 -0.131028 0.988938 -0.955828
4 172 151 0.996211 0.0598828 -0.063067 0.0996169 -0.0488952 0.98537 0.163267 0.103325 0.0719212 -0.159565 0.984564 -0.989647
5 6 657 0.999085 0.00679953 -0.0422342 0.988958 -0.00599849 0.9998 0.0190644 0.0325912 0.0423554 -0.0187936 0.998926 0.144567
5 7 365 0.994788 0.0174927 -0.100456 0.975684 -0.0163429 0.999791 0.0122581 -0.19808 0.10065 -0.0105525 0.994866 0.0938336
5 8 170 0.986924 0.0363455 -0.157037 0.983999 -0.0354691 0.999336 0.00838056 -0.0837327 0.157237 -0.00270102 0.987557 -0.157272
5 9 109 0.975494 0.0924302 -0.199669 0.981339 -0.0871658 0.995578 0.0350165 -0.107673 0.202023 -0.0167541 0.979237 -0.159311
5 10 0 1 0 0 0 0 1 0 0 0 0 1 0
5 11 0 1 0 0 0 0 1 0 0 0 0 1 0
5 12 0 1 0 0 0 0 1 0 0 0 0 1 0
5 13 0 1 0 0 0 0 1 0 0 0 0 1 0
5 14 0 1 0 0 0 0 1 0 0 0 0 1 0
5 15 0 1 0 0 0 0 1 0 0 0 0 1 0
5 16 0 1 0 0 0 0 1 0 0 0 0 1 0
5 17 0 1 0 0 0 0 1 0 0 0 0 1 0
5 18 0 1 0 0 0 0 1 0 0 0 0 1 0
5 19 0 1 0 0 0 0 1 0 0 0 0 1 0
5 20 0 1 0 0 0 0 1 0 0 0 0 1 0
5 21 0 1 0 0 0 0 1 0 0 0 0 1 0
5 22 0 1 0 0 0 0 1 0 0 0 0 1 0
5 23 0 1 0 0 0 0 1 0 0 0 0 1 0
5 24 0 1 0 0 0 0 1 0 0 0 0 1 0
5 25 0 1 0 0 0 0 1 0 0 0 0 1 0
5 26 0 1 0 0 0 0 1 0 0 0 0 1 0
5 27 0 1 0 0 0 0 1 0 0 0 0 1 0
5 28 0 1 0 0 0 0 1 0 0 0 0 1 0
5 29 0 1 0 0 0 0 1 0 0 0 0 1 0
5 30 0 1 0 0 0 0 1 0 0 0 0 1 0
5 31 0 1 0 0 0 0 1 0 0 0 0 1 0
5 32 0 1 0 0 0 0 1 0 0 0 0 1 0
5 33 0 1 0 0 0 0 1 0 0 0 0 1 0
5 34 0 1 0 0 0 0 1 0 0 0 0 1 0
5 35 0 1 0 0 0 0 1 0 0 0 0 1 0
5 36 0 1 0 0 0 0 1 0 0 0 0 1 0
5 37 0 1 0 0 0 0 1 0 0 0 0 1 0
5 38 0 1 0 0 0 0 1 0 0 0 0 1 0
5 39 0 1 0 0 0 0 1 0 0 0 0 1 0
5 40 0 1 0 0 0 0 1 0 0 0 0 1 0
5 41 0 1 0 0 0 0 1 0 0 0 0 1 0
5 42 0 1 0 0 0 0 1 0 0 0 0 1 0
5 43 0 1 0 0 0 0 1 0 0 0 0 1 0
5 44 0 1 0 0 0 0 1 0 0 0 0 1 0
5 45 0 1 0 0 0 0 1 0 0 0 0 1 0
5 46 0 1 0 0 0 0 1 0 0 0 0 1 0
5 47 0 1 0 0 0 0 1 0 0 0 0 1 0
5 48 0 1 0 0 0 0 1 0 0 0 0 1 0
5 49 0 1 0 0 0 0 1 0 0 0 0 1 0
5 50 0 1 0 0 0 0 1 0 0 0 0 1 0
5 51 0 1 0 0 0 0 1 0 0 0 0 1 0
5 52 0 1 0 0 0 0 1 0 0 0 0 1 0
5 53 0 1 0 0 0 0 1 0 0 0 0 1 0
5 54 0 1 0 0 0 0 1 0 0 0 0 1 0
5 55 0 1 0 0 0 0 1 0 0 0 0 1 0
5 56 0 1 0 0 0 0 1 0 0 0 0 1 0
5 57 0 1 0 0 0 0 1 0 0 0 0 1 0
5 58 0 1 0 0 0 0 1 0 0 0 0 1 0
5 59 0 1 0 0 0 0 1 0 0 0 0 1 0
5 60 0 1 0 0 0 0 1 0 0 0 0 1 0
5 61 0 1 0 0 0 0 1 0 0 0 0 1 0
5 62 0 1 0 0 0 0 1 0 0 0 0 1 0
5 63 0 1 0 0 0 0 1 0 0 0 0 1 0
5 64 0 1 0 0 0 0 1 0 0 0 0 1 0
5 65 0 1 0 0 0 0 1 0 0 0 0 1 0
5 66 0 1 0 0 0 0 1 0 0 0 0 1 0
5 67 0 1 0 0 0 0 1 0 0 0 0 1 0
5 68 0 1 0 0 0 0 1 0 0 0 0 1 0
5 69 0 1 0 0 0 0 1 0 0 0 0 1 0
5 70 0 1 0 0 0 0 1 0 0 0 0 1 0
5 71 0 1 0 0 0 0 1 0 0 0 0 1 0
5 72 0 1 0 0 0 0 1 0 0 0 0 1 0
5 73 0 1 0 0 0 0 1 0 0 0 0 1 0
5 74 0 1 0 0 0 0 1 0 0 0 0 1 0
5 75 0 1 0 0 0 0 1 0 0 0 0 1 0
5 76 0 1 0 0 0 0 1 0 0 0 0 1 0
5 77 0 1 0 0 0 0 1 0 0 0 0 1 0
5 78 0 1 0 0 0 0 1 0 0 0 0 1 0
5 79 0 1 0 0 0 0 1 0 0 0 0 1 0
5 80 0 1 0 0 0 0 1 0 0 0 0 1 0
5 81 0 1 0 0 0 0 1 0 0 0 0 1 0
5 82 0 1 0 0 0 0 1 0 0 0 0 1 0
5 83 0 1 0 0 0 0 1 0 0 0 0 1 0
5 84 0 1 0 0 0 0 1 0 0 0 0 1 0
5 85 0 1 0 0 0 0 1 0 0 0 0 1 0
5 86 0 1 0 0 0 0 1 0 0 0 0 1 0
5 87 0 1 0 0 0 0 1 0 0 0 0 1 0
5 88 0 1 0 0 0 0 1 0 0 0 0 1 0
5 89 0 1 0 0 0 0 1 0 0 0 0 1 0
5 90 0 1 0 0 0 0 1 0 0 0 0 1 0
5 91 0 1 0 0 0 0 1 0 0 0 0 1 0
5 92 0 1 0 0 0 0 1 0 0 0 0 1 0
5 93 0 1 0 0 0 0 1 0 0 0 0 1 0
5 94 0 1 0 0 0 0 1 0 0 0 0 1 0
5 95 0 1 0 0 0 0 1 0 0 0 0 1 0
5 96 0 1 0 0 0 0 1 0 0 0 0 1 0
5 97 0 1 0 0 0 0 1 0 0 0 0 1 0
5 98 0 1 0 0 0 0 1 0 0 0 0 1 0
5 99 0 1 0 0 0 0 1 0 0 0 0 1 0
5 100 0 1 0 0 0 0 1 0 0 0 0 1 0
5 101 0 1 0 0 0 0 1 0 0 0 0 1 0
5 102 0 1 0 0 0 0 1 0 0 0 0 1 0
5 103 0 1 0 0 0 0 1 0 0 0 0 1 0
5 104 0 1 0 0 0 0 1 0 0 0 0 1 0
5 105 0 1 0 0 0 0 1 0 0 0 0 1 0
5 106 0 1 0 0 0 0 1 0 0 0 0 1 0
5 107 0 1 0 0 0 0 1 0 0 0 0 1 0
5 108 0 1 0 0 0 0 1 0 0 0 0 1 0
5 109 0 1 0 0 0 0 1 0 0 0 0 1 0
5 110 0 1 0 0 0 0 1 0 0 0 0 1 0
5 111 0 1 0 0 0 0 1 0 0 0 0 1 0
5 112 0 1 0 0 0 0 1 0 0 0 0 1 0
5 113 0 1 0 0 0 0 1 0 0 0 0 1 0
5 114 0 1 0 0 0 0 1 0 0 0 0 1 0
5 115 0 1 0 0 0 0 1 0 0 0 0 1 0
5 116 0 1 0 0 0 0 1 0 0 0 0 1 0
5 117 0 1 0 0 0 0 1 0 0 0 0 1 0
5 118 0 1 0 0 0 0 1 0 0 0 0 1 0
5 119 0 1 0 0 0 0 1 0 0 0 0 1 0
5 120 0 1 0 0 0 0 1 0 0 0 0 1 0
5 121 0 1 0 0 0 0 1 0 0 0 0 1 0
5 122 0 1 0 0 0 0 1 0 0 0 0 1 0
5 123 0 1 0 0 0 0 1 0 0 0 0 1 0
5 124 0 1 0 0 0 0 1 0 0 0 0 1 0
5 125 0 1 0 0 0 0 1 0 0 0 0 1 0
5 126 0 1 0 0 0 0 1 0 0 0 0 1 0
5 127 0 1 0 0 0 0 1 0 0 0 0 1 0
5 128 0 1 0 0 0 0 1 0 0 0 0 1 0
5 129 0 1 0 0 0 0 1 0 0 0 0 1 0
5 130 0 1 0 0 0 0 1 0 0 0 0 1 0
5 131 0 1 0 0 0 0 1 0 0 0 0 1 0
5 132 0 1 0 0 0 0 1 0 0 0 0 1 0
5 133 0 1 0 0 0 0 1 0 0 0 0 1 0
5 134 0 1 0 0 0 0 1 0 0 0 0 1 0
5 135 0 1 0 0 0 0 1 0 0 0 0 1 0
5 136 0 1 0 0 0 0 1 0 0 0 0 1 0
5 137 0 1 0 0 0 0 1 0 0 0 0 1 0
5 138 0 1 0 0 0 0 1 0 0 0 0 1 0
