0 1 96 0.999963 0.00814184 -0.0028953 0.805201 -0.00813013 0.999959 0.00403372 -0.113023 0.00292803 -0.00401003 0.999988 0.582132
0 2 955 0.999191 0.0137652 -0.0377935 0.924651 -0.0134596 0.999875 0.00832819 -0.177681 0.0379034 -0.00781277 0.999251 0.336824
0 3 928 0.999337 0.00484674 -0.0360928 0.960375 -0.00450272 0.999944 0.00960699 -0.148824 0.0361373 -0.0094381 0.999302 0.235649
0 4 795 0.995321 0.0324666 -0.0910033 0.962307 -0.0321617 0.999471 0.00481531 -0.0769394 0.0911115 -0.00186596 0.995839 0.260854
0 5 644 0.990921 0.0541772 -0.123049 0.98592 -0.0554028 0.998443 -0.00655805 -0.0536366 0.122502 0.0133158 0.992379 0.158382
0 6 466 0.986765 0.0656189 -0.148288 0.981826 -0.0636847 0.997812 0.0177599 -0.052312 0.149129 -0.00808118 0.988785 0.182434
0 7 376 0.984115 0.0630811 -0.165946 0.969725 -0.0655078 0.99781 -0.00918513 -0.108617 0.165003 0.01991 0.986092 0.218712
0 8 282 0.983295 0.0736457 -0.166455 0.997272 -0.076638 0.996991 -0.0116165 -0.071399 0.165098 0.0241792 0.985981 0.0187285
0 9 270 0.96559 0.109404 -0.235937 0.997053 -0.114391 0.993407 -0.0075145 -0.0346538 0.23356 0.0342451 0.971739 -0.0684372
0 10 70 0.989856 0.0703756 0.123422 0.0278282 -0.0736181 0.997046 0.0219052 -0.214498 -0.121516 -0.0307691 0.992112 0.976328
0 11 242 0.978523 0.131317 -0.158899 0.937697 -0.128916 0.991331 0.0253691 0.119794 0.160853 -0.00433956 0.986969 -0.32615
0 12 247 0.871678 0.226677 -0.434504 0.989675 -0.235545 0.971263 0.0341619 0.0682057 0.429762 0.0725673 0.900022 -0.126058
0 13 162 0.949038 0.315121 0.00512575 0.499314 -0.314574 0.946147 0.0764791 -0.068579 0.0192505 -0.074194 0.997058 -0.863703
0 14 125 0.970652 0.239384 -0.0230245 0.328582 -0.237913 0.96982 0.0533547 0.120642 0.0351019 -0.046311 0.99831 -0.936739
0 15 153 0.346995 0.892775 0.287309 -0.0143788 0.744808 -0.448488 0.494084 -0.408049 0.569961 0.0425456 -0.82057 0.912847
0 16 150 -0.52655 -0.654612 0.542429 -0.49474 -0.788057 0.615188 -0.0225689 0.0571015 -0.318922 -0.439348 -0.839799 0.867163
0 17 133 -0.829902 -0.393651 -0.39535 0.418321 0.515468 -0.812116 -0.273423 0.250337 -0.213437 -0.430705 0.876891 0.87312
0 18 61 -0.309318 -0.93072 -0.195148 0.307211 0.8047 -0.365525 0.467813 0.170016 -0.506735 -0.012333 0.862014 0.936331
0 19 146 -0.610622 0.788342 0.0752169 0.305268 0.677252 0.470615 0.565555 -0.366214 0.410452 0.396281 -0.821274 0.879033
0 20 48 0.989065 -0.0852354 -0.120358 -0.0468173 0.11486 0.957077 0.266102 -0.0166306 0.0925104 -0.277017 0.956401 0.998765
0 21 207 -0.636844 0.153818 0.755493 -0.315035 0.765985 0.237732 0.597286 -0.320397 -0.0877311 0.959074 -0.26922 0.893364
0 22 65 0.470311 0.882295 0.019088 -0.290691 -0.868776 0.459088 0.185655 0.067379 0.155039 -0.103898 0.98243 -0.954442
0 23 109 0.733368 -0.674563 -0.0844775 -0.508718 0.659783 0.736179 -0.150756 -0.0533997 0.163885 0.0548224 0.984955 -0.859275
0 24 230 0.60771 -0.213778 -0.764845 0.521549 -0.711428 0.281455 -0.643935 0.313435 0.352928 0.935458 0.0189555 0.793565
0 25 180 -0.683144 0.535261 -0.496799 0.239809 0.587704 0.806767 0.0610793 0.00814317 0.433495 -0.250245 -0.865714 0.970786
0 26 56 -0.648855 0.758617 -0.0590538 0.166067 -0.756366 -0.634561 0.158881 -0.0405897 0.0830565 0.147757 0.98553 -0.985279
0 27 190 -0.0506013 0.85729 0.512341 -0.119378 0.79222 0.346827 -0.502095 0.302956 -0.608135 0.38048 -0.696712 0.945498
0 28 172 0.937422 -0.0780286 -0.33934 0.0823939 0.0300533 -0.952799 0.302111 -0.150795 -0.346896 -0.293404 -0.89083 0.985125
0 29 142 -0.965626 0.209777 0.153494 0.101592 0.185449 0.969755 -0.158696 0.119035 -0.182143 -0.124775 -0.975323 0.987679
0 30 146 -0.58601 0.751437 -0.303206 0.0992335 0.671958 0.659772 0.336413 -0.0967542 0.45284 -0.00659996 -0.891567 0.990349
0 31 211 0.343437 0.898431 0.273629 -0.287193 -0.812589 0.430339 -0.393073 0.905 -0.470903 -0.0873521 0.87785 -0.313841
0 32 66 -0.966087 -0.23407 -0.109026 -0.348066 0.248699 -0.957044 -0.14905 0.147581 -0.0694547 -0.17111 0.982801 -0.925781
0 33 138 -0.11164 -0.237475 -0.964957 0.15954 -0.317822 0.928559 -0.191747 0.0667777 0.941555 0.285278 -0.17914 0.98493
0 34 162 -0.295351 0.879006 -0.37432 0.350612 0.922611 0.364162 0.127182 -0.0681196 0.248107 -0.307789 -0.918536 0.93404
0 35 160 0.69503 0.590667 -0.409934 0.285121 0.463158 -0.803922 -0.373087 0.223596 -0.549925 0.069442 -0.832322 0.932047
0 36 57 -0.910594 0.284705 0.299602 -0.345291 -0.26856 -0.958598 0.0946863 0.0144341 0.314156 0.00575955 0.949354 -0.938385
0 37 88 0.459789 -0.885785 0.0630701 -0.274501 0.887603 0.456212 -0.0634947 0.105087 0.0274694 0.0851754 0.995987 -0.955827
0 38 154 -0.845055 -0.26277 -0.465655 0.109299 -0.22955 0.964858 -0.127891 0.000734304 0.482897 -0.00118372 -0.875676 0.994009
0 39 54 0.923158 0.291826 -0.250234 0.162963 -0.256524 0.952454 0.164401 0.0140213 0.286312 -0.0875777 0.954125 0.986533
0 40 71 0.807502 0.585766 0.0694099 0.0572871 -0.589096 0.794846 0.145554 -0.345644 0.0300904 -0.158424 0.986913 -0.936616
0 41 64 -0.535776 0.819707 -0.202546 0.360716 -0.811136 -0.433038 0.393112 -0.267913 0.234526 0.374912 0.896905 -0.893368
0 42 50 0.489299 -0.863355 0.123303 0.246332 0.768036 0.493558 0.40807 -0.256687 -0.413167 -0.104968 0.904586 -0.934576
0 43 156 -0.0443652 -0.966825 -0.251556 -0.0473434 -0.994827 0.0657899 -0.0774048 0.0589501 0.0913868 0.246821 -0.964742 0.997138
0 44 157 0.177901 0.963216 -0.201413 0.330984 0.912184 -0.084636 0.400945 -0.283248 0.36915 -0.255054 -0.893687 0.900122
0 45 72 0.976079 0.181124 -0.120263 0.214271 -0.163298 0.975941 0.144472 -0.124327 0.143537 -0.121377 0.982173 0.968829
0 46 182 0.180127 0.718119 -0.672205 0.391711 0.898634 -0.398046 -0.184433 -0.0847132 -0.400013 -0.570845 -0.717025 0.91618
0 47 187 0.258113 -0.655725 0.709509 -0.504642 -0.553109 -0.702425 -0.447962 0.0695387 0.792117 -0.276811 -0.543992 0.860523
0 48 143 -0.697882 -0.715309 0.0359742 -0.129627 -0.633556 0.593137 -0.496785 0.382852 0.334017 -0.369489 -0.867128 0.91467
0 49 125 0.689366 -0.632405 -0.353325 0.228789 -0.72411 -0.615682 -0.310808 0.318111 -0.0209796 0.470106 -0.88236 0.920033
0 50 152 -0.614728 0.526882 -0.586945 0.496423 0.714088 0.687788 -0.130483 0.170124 0.334945 -0.499342 -0.799043 0.851247
0 51 175 -0.605704 -0.496748 0.621582 -0.459639 -0.625516 0.780087 0.0138821 0.0782242 -0.491784 -0.380401 -0.783226 0.884654
0 52 97 -0.993216 0.00671966 -0.11609 0.484193 0.0169481 -0.979304 -0.201685 0.20761 -0.115043 -0.202284 0.972546 0.849974
0 53 72 0.875263 -0.355027 0.328436 -0.255106 0.407154 0.907399 -0.104178 0.266227 -0.261036 0.224907 0.938763 -0.92954
0 54 61 -0.395673 -0.888342 -0.233006 0.333412 0.912215 -0.350776 -0.211709 0.0394848 0.106337 -0.296319 0.949151 -0.941954
0 55 145 0.763288 0.00928702 0.645992 -0.384543 0.119087 -0.984786 -0.126552 0.218318 0.634988 0.173525 -0.752781 0.896919
0 56 81 0.945081 -0.31066 0.101548 -0.314139 0.3155 0.948269 -0.0352912 0.0635056 -0.0853314 0.0653915 0.994204 -0.947251
0 57 167 -0.580616 -0.624998 0.521789 -0.354608 -0.467244 0.780622 0.415106 -0.0259064 -0.66676 -0.00278552 -0.745268 0.934656
0 58 123 0.598775 -0.697513 -0.39363 0.198237 -0.671495 -0.705078 0.227946 0.0440295 -0.436535 0.127832 -0.890559 0.979165
0 59 148 0.749256 0.507296 -0.425753 0.396199 0.554696 -0.831917 -0.0150759 -0.0470427 -0.361839 -0.224868 -0.904714 0.916959
0 60 44 0.956086 -0.0795299 0.28209 -0.186061 -0.0201855 0.942327 0.334085 -0.219448 -0.292391 -0.325108 0.89934 -0.957718
0 61 109 0.763999 0.631689 0.131431 0.246856 -0.572784 0.570237 0.588854 -0.0847266 0.297026 -0.525166 0.797482 0.965341
0 62 170 -0.625766 -0.635314 0.452541 -0.223079 -0.599652 0.762863 0.24178 -0.131873 -0.498833 -0.120069 -0.858341 0.965839
0 63 86 -0.874737 0.29246 -0.386397 0.120425 -0.262244 -0.956197 -0.13006 0.116616 -0.407509 -0.0124383 0.913116 0.985849
0 64 94 0.426372 0.903514 0.0432306 0.424499 -0.904542 0.42571 0.0239859 -0.264995 0.00326796 -0.0493308 0.998777 -0.865782
0 65 162 0.0747577 0.992854 -0.0930197 0.280556 0.694166 -0.118782 -0.709947 0.335372 -0.715923 -0.0114971 -0.698085 0.899341
0 66 135 0.110566 0.976975 -0.18247 0.0802322 0.870866 -0.00676438 0.491474 -0.234817 0.478923 -0.213247 -0.851562 0.968723
0 67 154 0.618373 0.404854 0.673578 -0.338256 0.435891 -0.889865 0.134687 -0.280168 0.653922 0.21032 -0.72674 0.898381
0 68 177 0.508841 -0.48621 0.710409 -0.412893 -0.167778 -0.865418 -0.472126 0.285578 0.844353 0.121046 -0.521935 0.864849
0 69 125 -0.126361 0.952883 0.275767 -0.248042 0.910324 0.221841 -0.349422 0.288996 -0.394135 0.206884 -0.895465 0.924638
0 70 160 0.772683 -0.0413857 -0.633442 0.272345 0.0948248 -0.979151 0.179641 -0.177986 -0.62767 -0.198872 -0.752649 0.945595
0 71 71 0.280866 0.953676 0.10778 -0.393802 -0.959733 0.27848 0.0368936 0.157439 0.00516992 -0.113802 0.99349 -0.905612
0 72 40 -0.50312 -0.863977 -0.0203606 0.0511608 0.861774 -0.503329 0.0632848 -0.0143755 -0.0649247 0.0142936 0.997788 0.998587
0 73 53 -0.938326 0.344291 -0.0317569 0.0721943 -0.321939 -0.903502 -0.282911 -0.00549751 -0.126096 -0.255239 0.95862 0.997375
0 74 176 0.336128 -0.207288 -0.918722 0.452476 -0.145794 -0.975172 0.166684 -0.0950403 -0.930463 0.0779167 -0.358004 0.886697
0 75 85 0.831976 0.485199 -0.269068 0.375782 -0.550574 0.781852 -0.292533 0.2469 0.0684348 0.391522 0.91762 -0.893212
0 76 45 0.949177 -0.135382 0.284139 -0.432718 0.168533 0.981053 -0.0955548 0.0124699 -0.265819 0.138585 0.95401 -0.901443
0 77 165 -0.376071 -0.911441 0.166872 0.023752 -0.915317 0.337414 -0.219877 0.213257 0.1441 -0.23543 -0.961149 0.976707
0 78 73 0.97598 -0.140703 0.166331 0.450425 0.113553 0.980104 0.162793 -0.0689373 -0.185927 -0.139996 0.972539 0.890149
0 79 152 0.576247 0.817257 -0.0054901 -0.0389419 0.718132 -0.509538 -0.473981 0.223097 -0.390162 0.269188 -0.880518 0.974018
0 80 91 0.986574 0.16208 0.0200639 0.474108 -0.162966 0.985052 0.0558118 0.241751 -0.010718 -0.0583321 0.99824 0.846627
0 81 107 0.883844 0.452029 -0.120372 0.476729 -0.43143 0.887166 0.163724 0.0774956 0.180798 -0.0927748 0.979135 0.875628
0 82 78 -0.9863 0.0380613 0.160509 0.471544 -0.0641503 -0.984926 -0.160638 0.238882 0.151975 -0.168734 0.973875 0.848871
0 83 78 0.132296 -0.935821 0.326707 -0.40356 0.950299 0.213465 0.226638 -0.335656 -0.281833 0.280486 0.91755 -0.851161
0 84 158 -0.805998 -0.0152416 0.591722 -0.396568 0.147917 0.962766 0.22628 -0.27726 -0.573138 0.269907 -0.773733 0.875134
0 85 209 0.767435 -0.449367 0.457288 -0.568153 0.299787 0.881996 0.363608 -0.353624 -0.56672 -0.141956 0.811589 0.743069
0 86 50 0.817074 0.556955 -0.148968 -0.038106 -0.561421 0.82741 0.01415 -0.0599693 0.131138 0.0720719 0.988741 -0.997473
0 87 138 -0.674452 -0.467682 -0.571304 0.443832 -0.417332 0.879805 -0.227547 -0.119339 0.609056 0.0849535 -0.788565 0.888128
0 88 75 -0.972015 0.139732 -0.188842 -0.244955 -0.136142 -0.990175 -0.0319207 -0.19773 -0.191447 -0.00531817 0.981489 -0.949158
0 89 89 0.860847 0.507481 -0.0375049 0.389098 -0.508764 0.8598 -0.0436206 0.274587 0.01011 0.0566318 0.998344 -0.879321
0 90 156 -0.0367536 0.851694 -0.522749 0.209234 0.912046 0.242388 0.330788 -0.0777479 0.408438 -0.464614 -0.785692 0.97477
0 91 141 -0.730847 0.419326 -0.538543 0.499226 0.197756 0.885274 0.42093 -0.187136 0.653265 0.201135 -0.729924 0.846022
0 92 156 -0.38378 0.876931 -0.289319 0.34369 0.831062 0.19142 -0.522201 0.222038 -0.402552 -0.440853 -0.802247 0.912456
0 93 80 0.891674 -0.450766 -0.041566 -0.373547 0.452676 0.887585 0.0853123 -0.200671 -0.0015625 -0.0948867 0.995487 -0.905646
0 94 55 -0.723526 0.633022 -0.275306 0.415822 -0.682817 -0.714858 0.150794 0.00983526 -0.101349 0.297087 0.949456 -0.909393
0 95 164 -0.844519 -0.108722 0.524373 -0.219091 0.0824141 0.941125 0.32786 -0.221496 -0.529146 0.3201 -0.785837 0.950231
0 96 54 0.655891 -0.689455 -0.307342 0.298667 0.644095 0.723482 -0.248426 -0.0666941 0.393635 -0.0350168 0.9186 -0.952024
0 97 51 0.895242 0.330249 0.299126 -0.338286 -0.409858 0.873698 0.262044 -0.0454092 -0.174806 -0.357193 0.917527 -0.939947
0 98 46 0.559706 0.771591 0.302285 -0.183569 -0.811835 0.583738 0.0131751 -0.126675 -0.166289 -0.25278 0.953126 -0.974811
0 99 137 0.666327 -0.70323 0.247943 -0.267273 -0.745648 -0.626582 0.226724 -0.224279 -0.00408229 -0.33595 -0.941871 0.937158
0 100 145 0.972159 0.0362473 -0.231502 0.00275611 0.0920582 -0.967606 0.235083 -0.114808 -0.215482 -0.249849 -0.944004 0.993384
0 101 152 -0.633686 0.683272 0.362741 -0.273614 0.540713 0.726553 -0.42397 0.299579 -0.553238 -0.0725249 -0.82986 0.913996
0 102 105 0.6605 0.74874 0.0559359 -0.407728 -0.74167 0.639033 0.203867 -0.114853 0.116898 -0.17614 0.977399 -0.905851
0 103 189 -0.225158 -0.700693 0.677003 -0.444245 -0.973818 0.139484 -0.179507 -0.144749 0.031348 -0.699695 -0.713754 0.884135
0 104 140 0.763346 -0.525493 -0.375713 0.225321 -0.535181 -0.840166 0.0877621 -0.0984526 -0.36178 0.134082 -0.922571 0.969297
0 105 169 0.888003 0.231236 -0.397467 0.186323 0.378636 -0.858168 0.346672 -0.366551 -0.26093 -0.458342 -0.849611 0.91155
0 106 145 -0.734502 -0.441357 0.515471 -0.284031 -0.47004 0.878767 0.0826516 -0.0630203 -0.489458 -0.181584 -0.852912 0.956742
0 107 46 -0.785806 -0.606756 0.119818 -0.21604 0.617957 -0.778183 0.112068 0.231708 0.0252425 0.162106 0.986451 0.948493
0 108 58 0.740451 -0.521426 -0.424083 0.172768 0.614695 0.78055 0.113544 -0.229387 0.271813 -0.344756 0.898477 -0.957879
0 109 139 -0.871334 -0.451239 0.192768 -0.0227052 -0.4866 0.845218 -0.220967 0.10098 -0.0632218 -0.286337 -0.956041 0.994629
0 110 91 0.9239 -0.378985 0.052711 -0.13026 0.358454 0.90546 0.227274 -0.379041 -0.133861 -0.191084 0.972403 -0.916166
0 111 162 -0.805902 0.490263 -0.331909 0.194157 0.565106 0.804175 -0.184275 0.0613066 0.17657 -0.336071 -0.925137 0.979053
0 112 135 0.106628 0.9106 -0.399298 0.13166 0.986797 -0.0476791 0.154782 0.0823425 0.121906 -0.41053 -0.903661 0.987869
0 113 171 -0.562743 0.644799 0.517256 -0.167668 0.555892 0.75831 -0.340515 0.196548 -0.611804 0.0959164 -0.785173 0.966052
0 114 150 -0.942935 0.304263 0.135265 0.018983 0.277592 0.942659 -0.185304 0.136808 -0.18389 -0.137182 -0.973327 0.990416
0 115 167 0.792561 -0.12261 0.597339 -0.17949 -0.00939522 -0.981916 -0.189083 0.200077 0.60972 0.144248 -0.77938 0.963199
0 116 147 -0.466407 -0.327639 -0.821655 0.200881 -0.824664 0.497073 0.269904 -0.126342 0.319991 0.803475 -0.50203 0.971434
0 117 71 -0.981244 -0.145947 0.125934 -0.299845 0.104367 -0.951476 -0.289484 0.211763 0.162072 -0.270911 0.948862 -0.930188
0 118 226 -0.664442 -0.139568 -0.734192 0.260974 -0.488021 0.825055 0.284816 -0.251877 0.565998 0.547545 -0.616313 0.931907
0 119 195 -0.701747 -0.138445 0.698844 -0.407053 0.188687 0.909789 0.369704 -0.20754 -0.686985 0.391302 -0.61232 0.889514
0 120 80 0.892312 0.216789 -0.395957 0.0172287 -0.178011 0.975042 0.132682 0.0331577 0.414839 -0.0479091 0.908633 0.999302
0 121 73 -0.823142 0.535037 -0.190193 0.029125 -0.467414 -0.828621 -0.308077 -0.00590328 -0.322431 -0.164692 0.932156 0.999558
0 122 205 0.563709 -0.81923 0.105327 -0.15323 -0.665963 -0.375362 0.644668 -0.279874 -0.488596 -0.43355 -0.757172 0.94773
0 123 96 -0.701414 0.706096 -0.0971915 -0.00068991 -0.709978 -0.704179 0.00793231 -0.257187 -0.0628392 0.0745677 0.995234 -0.966361
0 124 121 0.63983 0.217875 -0.736985 0.715877 -0.285526 0.957723 0.0352452 0.2654 0.713507 0.187878 0.674989 -0.645819
0 125 163 0.936186 0.29086 -0.197373 -0.445941 -0.309922 0.947949 -0.073078 0.422112 0.165844 0.129585 0.977601 -0.789277
0 126 132 0.889038 0.341967 -0.304418 -0.215243 -0.368299 0.929162 -0.03183 0.39895 0.271969 0.140415 0.952007 -0.891353
0 127 102 0.806848 0.426975 -0.408275 0.0423783 -0.451985 0.891182 0.0387714 0.348926 0.380402 0.153252 0.912035 -0.936192
0 128 164 0.869764 0.39614 -0.294251 -0.120766 -0.426795 0.903198 -0.0456007 0.434519 0.247702 0.165247 0.95464 -0.89253
0 129 199 0.899099 0.358035 -0.251855 -0.0850318 -0.397429 0.908831 -0.126795 0.511253 0.183497 0.214096 0.959423 -0.855213
0 130 169 0.927104 0.280897 -0.248144 -0.0235263 -0.296729 0.954549 -0.0280839 0.291154 0.228977 0.0996684 0.968316 -0.956387
0 131 187 0.95304 0.256566 -0.160897 -0.0971071 -0.275979 0.954547 -0.112586 0.396943 0.124698 0.151703 0.980529 -0.912692
0 132 183 0.965763 0.232371 -0.11535 -0.0710412 -0.243701 0.96506 -0.096279 0.344695 0.0889474 0.121094 0.988648 -0.936023
0 133 191 0.944922 0.225657 -0.237068 0.229861 -0.26421 0.953414 -0.145582 0.418814 0.193173 0.200199 0.960523 -0.878498
0 134 195 0.956695 0.220026 -0.190585 0.194307 -0.237713 0.968416 -0.0752523 0.331458 0.168008 0.117298 0.978782 -0.923245
0 135 212 0.970083 0.201323 -0.135675 0.171037 -0.202009 0.979344 0.00883288 0.2615 0.13465 0.0188389 0.990714 -0.949928
0 136 209 0.965845 0.214573 -0.145266 0.276844 -0.209887 0.976594 0.0470317 0.205992 0.151958 -0.0149358 0.988274 -0.938576
0 137 199 0.97684 0.185564 -0.106538 0.35453 -0.184976 0.982621 0.0154587 0.225734 0.107556 0.00460636 0.994188 -0.907388
0 138 162 0.991043 0.106669 -0.0803417 0.429228 -0.105655 0.994261 0.0167782 0.195745 0.0816704 -0.00813938 0.996626 -0.88173
0 139 139 0.989401 0.0243722 0.143152 0.197769 -0.030599 0.998672 0.0414577 0.191364 -0.141952 -0.0453986 0.988832 -0.961388
0 140 130 0.988066 -0.0471465 0.146641 0.289393 0.0460603 0.99888 0.010796 0.32423 -0.146986 -0.00391284 0.989131 -0.900625
0 141 137 0.962058 -0.186375 0.199269 0.231464 0.159754 0.97684 0.142349 0.160623 -0.221185 -0.105114 0.969551 -0.959492
0 142 150 0.943446 -0.293034 0.155049 0.174555 0.258825 0.943293 0.207866 0.0349716 -0.207169 -0.15598 0.965791 -0.984026
0 143 133 0.958118 -0.273071 0.0862639 0.179196 0.252217 0.947317 0.197427 0.00280203 -0.135631 -0.167402 0.976515 -0.983809
0 144 218 0.987189 -0.15899 -0.0133941 0.223826 0.159534 0.982272 0.098439 0.127099 -0.00249417 -0.0993148 0.995053 -0.966306
0 145 380 0.989199 0.0518255 -0.13711 0.385734 -0.0408591 0.995825 0.0816229 0.0887472 0.140768 -0.0751391 0.987187 -0.918332
0 146 429 0.975279 0.10226 -0.195894 0.573025 -0.0937088 0.994217 0.0524578 0.124284 0.200125 -0.032804 0.979221 -0.810059
0 147 421 0.959645 0.184851 -0.211925 0.585668 -0.160414 0.978798 0.127363 -0.0148894 0.230975 -0.088228 0.968951 -0.810414
0 148 472 0.931069 0.221704 -0.289755 0.836723 -0.186165 0.971716 0.145297 -0.123122 0.313773 -0.0813398 0.946008 -0.533605
0 149 407 0.873541 0.277798 -0.399692 0.966371 -0.232259 0.959522 0.159287 -0.175423 0.427763 -0.0463113 0.902704 -0.188025
0 150 228 0.896384 0.320616 -0.306106 0.943019 -0.293059 0.946737 0.133435 -0.277561 0.332584 -0.0299016 0.9426 -0.183507
0 151 293 0.894477 0.29321 -0.337548 0.974702 -0.282742 0.955771 0.0809829 -0.20547 0.346364 0.0230017 0.937818 -0.087962
0 152 257 0.856846 0.313296 -0.409464 0.96895 -0.323543 0.945091 0.0460782 -0.24661 0.401417 0.0929971 0.911162 -0.017879
0 153 134 0.74158 0.627778 0.236546 0.0401441 -0.60801 0.777948 -0.158492 0.337158 -0.283518 -0.0262878 0.958607 0.940592
0 154 106 0.950912 0.267117 0.156253 0.33896 -0.256565 0.96282 -0.0845736 0.132607 -0.173034 0.0403331 0.98409 -0.931408
0 155 225 0.742346 0.399827 -0.537643 0.943085 -0.386555 0.910995 0.143744 -0.290515 0.547263 0.101121 0.830829 0.161836
0 156 219 0.753959 0.4283 -0.498102 0.932988 -0.390583 0.901926 0.184324 -0.330245 0.528197 0.0555775 0.847301 0.143078
0 157 197 0.872234 0.387296 -0.298679 0.945824 -0.353902 0.921296 0.161141 -0.304751 0.337582 -0.0348495 0.940651 -0.112004
0 158 196 0.890952 0.317266 -0.32488 0.968907 -0.276252 0.946512 0.166734 -0.247164 0.360402 -0.0588029 0.930942 -0.0113654
0 159 147 0.979502 0.198627 -0.0335171 0.387576 -0.193398 0.973844 0.119272 -0.275035 0.0563311 -0.110345 0.992296 0.879852
0 160 246 0.714469 0.365192 -0.596799 0.945194 -0.248025 0.929779 0.27202 -0.18019 0.65423 -0.0463285 0.754875 0.272285
0 161 238 0.709177 0.334566 -0.620591 0.972907 -0.249439 0.942366 0.222993 -0.106956 0.65943 -0.00334261 0.751759 0.204971
0 162 216 0.871482 0.366681 -0.325674 0.935802 -0.279022 0.916824 0.285623 -0.346349 0.403318 -0.158046 0.901308 -0.0657006
0 163 220 0.856676 0.324883 -0.400695 0.971793 -0.238875 0.9383 0.250064 -0.232492 0.457214 -0.118508 0.881426 -0.03958
0 164 275 0.902931 0.255381 -0.345683 0.982774 -0.213005 0.96449 0.156166 -0.134237 0.373289 -0.0673745 0.925265 -0.127023
0 165 269 0.928837 0.255625 -0.268174 0.934261 -0.215391 0.961526 0.170514 -0.135055 0.301444 -0.100617 0.94816 -0.330024
0 166 298 0.919693 0.238237 -0.312102 0.891603 -0.18911 0.965384 0.179645 -0.0698211 0.344097 -0.106196 0.932909 -0.447402
0 167 323 0.920992 0.262309 -0.28804 0.857697 -0.216159 0.959181 0.18234 -0.0767099 0.324112 -0.105671 0.940099 -0.508401
0 168 323 0.947528 0.212706 -0.238635 0.745546 -0.170358 0.967652 0.186087 -0.039646 0.270498 -0.135669 0.953113 -0.665274
0 169 388 0.97653 0.155889 -0.148618 0.638863 -0.132065 0.978474 0.158581 -0.0640567 0.17014 -0.135232 0.976097 -0.766649
0 170 346 0.988959 0.0834276 -0.122473 0.497843 -0.0639779 0.985851 0.154937 0.0610911 0.133666 -0.145391 0.980303 -0.865113
0 171 419 0.992113 0.048081 -0.115762 0.370232 -0.0271172 0.983966 0.176282 0.0345684 0.122381 -0.171753 0.977509 -0.928296
0 172 423 0.987085 0.0948817 -0.129076 0.308115 -0.0690937 0.97909 0.191333 0.0120249 0.144531 -0.179944 0.973001 -0.951273
1 2 890 0.999818 0.00460324 -0.0185064 0.859548 -0.00453643 0.999983 0.00365007 -0.293671 0.0185229 -0.00356546 0.999822 0.418251
1 3 943 0.999488 -0.0054402 -0.0315422 0.951776 0.00559164 0.999973 0.00471504 -0.142444 0.0315157 -0.00488899 0.999491 0.271719
1 4 818 0.995933 0.0275015 -0.0857935 0.97888 -0.0272675 0.999621 0.00389793 -0.109375 0.0858681 -0.0015427 0.996305 0.172715
1 5 665 0.99336 0.0425386 -0.106894 0.985456 -0.043884 0.998984 -0.0102646 -0.0582901 0.106349 0.0148874 0.994217 0.159622
1 6 471 0.990568 0.0470036 -0.12871 0.979743 -0.0463721 0.998893 0.00790072 -0.0313975 0.128939 -0.00185766 0.991651 0.197784
1 7 406 0.984933 0.0457142 -0.166786 0.974349 -0.0503338 0.998454 -0.0235742 -0.0801104 0.16545 0.031614 0.985711 0.210299
1 8 316 0.979414 0.0725241 -0.188385 0.997009 -0.076281 0.997005 -0.0127601 -0.0744923 0.186896 0.0268676 0.982012 0.0205916
1 9 283 0.964659 0.113347 -0.237878 0.99475 -0.117439 0.993075 -0.00305598 -0.0447497 0.235885 0.0308843 0.97129 -0.0920298
1 10 82 0.990907 0.0476822 0.125815 0.193211 -0.0495086 0.998708 0.0114277 0.195228 -0.125108 -0.0175527 0.991988 -0.961538
1 11 241 0.919116 0.178194 -0.351386 0.988832 -0.17549 0.983676 0.039812 0.0511105 0.352745 0.0250727 0.935384 -0.139999
1 12 234 0.842134 0.239581 -0.483127 0.996739 -0.241242 0.968619 0.0598275 0.0161615 0.482299 0.0661678 0.873504 -0.0790538
1 13 207 0.784041 0.259255 -0.563974 0.997085 -0.28069 0.958475 0.0503858 0.0104648 0.553618 0.118798 0.824254 -0.0755738
1 14 207 0.510574 -0.417583 -0.751624 0.39376 -0.77425 -0.603476 -0.190668 0.0931108 -0.373967 0.679295 -0.631433 0.914485
1 15 204 0.595817 0.736056 -0.321284 0.292466 0.491085 -0.0173602 0.870939 -0.346368 0.635482 -0.676698 -0.371809 0.891344
1 16 156 0.0103887 0.799393 0.600719 -0.49474 0.965083 0.149233 -0.215279 0.0571015 -0.261739 0.58198 -0.76993 0.867163
1 17 68 0.46523 -0.828365 0.312045 -0.215758 0.858493 0.508157 0.069038 -0.353222 -0.215757 0.23577 0.947556 -0.91032
1 18 62 -0.401508 0.843875 0.355902 -0.250837 -0.907085 -0.420061 -0.0273182 -0.0846396 0.126447 -0.333801 0.934124 0.964322
1 19 78 0.107797 0.891359 -0.440295 0.400469 -0.994031 0.0891398 -0.0629075 0.304589 -0.0168253 0.444448 0.895647 -0.864205
1 20 85 -0.741781 0.659891 -0.119602 0.352194 -0.670602 -0.72791 0.142966 0.12767 0.00728269 0.186255 0.982475 -0.927178
1 21 44 -0.705248 0.693156 -0.148865 -0.0831804 -0.707034 -0.672181 0.219716 -0.0974044 0.052233 0.260207 0.964139 0.991763
1 22 158 0.532198 0.752665 -0.387634 0.137 0.842999 -0.513412 0.1605 -0.0220142 -0.0782136 -0.412193 -0.907733 0.990326
1 23 60 -0.239364 0.967666 0.0795498 -0.36004 -0.937411 -0.208981 -0.278544 0.0191434 -0.252913 -0.141244 0.957123 -0.93274
1 24 50 -0.143633 0.989612 0.00617333 -0.168323 -0.937819 -0.138102 0.318471 -0.0825763 0.316015 0.0399535 0.947912 0.982267
1 25 144 0.822694 -0.563453 -0.0754688 -0.0414374 -0.459735 -0.737514 0.494688 -0.278847 -0.334393 -0.372281 -0.865788 0.959441
1 26 191 -0.584532 0.688799 0.428811 -0.188269 0.644982 0.715109 -0.269476 0.0997771 -0.492261 0.119058 -0.862267 0.977036
1 27 60 0.658155 0.694198 0.291412 -0.400621 -0.752709 0.598403 0.274488 -0.0583325 0.0161677 -0.400004 0.916371 -0.914385
1 28 62 0.98693 0.0832865 0.137956 -0.0813759 -0.0849644 0.996364 0.00630832 0.149819 -0.136929 -0.0179472 0.990418 -0.985359
1 29 74 0.759828 -0.526871 -0.380878 0.477532 0.444003 0.848491 -0.287965 0.158625 0.474892 0.0496925 0.87864 -0.864177
1 30 158 -0.80379 -0.0192236 0.594602 -0.210767 0.150332 -0.973604 0.171744 -0.255821 0.575605 0.227433 0.785463 0.943469
1 31 144 -0.592935 -0.72327 0.353988 -0.211439 -0.741934 0.661561 0.108955 -0.0106888 -0.312988 -0.198033 -0.928882 0.977333
1 32 89 0.688434 0.42128 0.590408 -0.182558 -0.574874 0.813275 0.0900164 0.117641 -0.442242 -0.401381 0.80207 0.976132
1 33 185 0.253095 -0.425618 0.868788 -0.446791 -0.579272 -0.785921 -0.216268 0.15387 0.774846 -0.448528 -0.445461 0.881307
1 34 128 -0.370283 -0.831927 -0.413264 0.109319 -0.860284 0.474951 -0.185295 0.15779 0.350432 0.286913 -0.89156 0.981403
1 35 88 -0.991214 -0.0679057 -0.113504 0.45274 0.0974634 -0.955123 -0.279715 0.145935 -0.0894159 -0.28832 0.95335 -0.879619
1 36 161 -0.232812 0.505239 -0.830983 0.271625 0.557537 0.769444 0.311621 0.00432563 0.796838 -0.390755 -0.460825 0.962394
1 37 188 -0.651183 -0.0641823 -0.756202 0.274501 -0.15904 0.985833 0.0532808 -0.105087 0.74207 0.154962 -0.652165 0.955827
1 38 131 -0.989606 0.0880934 0.113661 -0.0724985 0.0720733 0.987795 -0.138078 0.0503039 -0.124438 -0.128451 -0.983878 0.996099
1 39 61 0.402681 0.78773 -0.466187 -0.223306 -0.855687 0.50481 0.113871 -0.332544 0.325035 0.353056 0.877327 0.916269
1 40 149 0.554203 0.660318 -0.506793 0.279331 0.733276 -0.675424 -0.0781601 0.0979599 -0.39391 -0.328302 -0.858517 0.955185
1 41 122 0.290623 -0.710113 -0.64131 0.162677 0.956765 0.207407 0.203919 -0.117145 -0.0117932 -0.672846 0.739688 0.979701
1 42 183 0.146813 -0.94663 0.286944 -0.246332 -0.790201 -0.286733 -0.541634 0.256687 0.595003 -0.147225 -0.790124 0.934576
1 43 149 -0.926921 -0.373362 0.0376631 -0.0473434 -0.374668 0.926412 -0.037213 0.0589501 -0.0209976 -0.0486047 -0.998597 0.997138
1 44 71 -0.805326 0.501576 -0.316025 0.0828586 -0.473705 -0.86496 -0.165672 -0.160301 -0.356446 0.016283 0.934174 0.983584
1 45 152 -0.808694 0.168906 -0.563458 0.500702 0.119987 0.985115 0.123094 -0.0703775 0.575862 0.0319377 -0.816923 0.862754
1 46 110 -0.0327913 -0.99886 0.0346996 -0.421565 0.9167 -0.0438911 -0.397159 0.504786 0.398229 0.0187857 0.917094 -0.753309
1 47 137 -0.497551 -0.712795 0.494334 -0.35215 -0.685575 0.672277 0.27934 -0.168747 -0.531441 -0.199917 -0.823167 0.920606
1 48 170 -0.855621 0.467068 0.223071 -0.129627 0.258154 0.758617 -0.598212 0.382852 -0.448631 -0.454256 -0.769664 0.91467
1 49 147 0.975646 0.156136 -0.154064 -0.101502 0.0516024 -0.846034 -0.530625 0.384447 -0.213193 0.509752 -0.833487 0.91755
1 50 124 0.310239 -0.946512 0.0886937 -0.496325 0.950377 0.306523 -0.0531675 -0.169601 0.023137 0.100787 0.994639 -0.851409
1 51 60 -0.930999 -0.0737874 -0.357486 -0.0922915 0.197002 -0.926048 -0.321909 0.0142457 -0.307297 -0.370123 0.876686 0.99563
1 52 67 0.962819 -0.147516 0.226316 -0.331729 0.171793 0.980873 -0.0915167 -0.0210735 -0.208487 0.126994 0.969745 -0.943139
1 53 60 -0.54168 -0.827993 -0.14495 0.224926 0.830411 -0.553855 0.0605115 -0.287541 -0.130384 -0.08759 0.987587 -0.930983
1 54 51 -0.0351923 -0.718515 -0.69462 -0.400788 0.992589 0.055765 -0.107972 0.183185 0.116315 -0.693272 0.711227 0.89767
1 55 125 0.858523 0.190698 -0.475997 0.0938734 -0.00619432 -0.924351 -0.381493 0.0605513 -0.512738 0.330469 -0.792395 0.993741
1 56 75 -0.798558 -0.587981 -0.128778 0.414733 0.593354 -0.804931 -0.00422236 -0.123406 -0.101174 -0.0797825 0.991665 -0.901536
1 57 128 0.892866 -0.402346 -0.202255 -0.00987081 -0.422794 -0.903602 -0.0689125 0.0341307 -0.155032 0.147042 -0.976905 0.999369
1 58 141 -0.0300814 0.763489 0.64512 -0.368414 0.793025 0.411107 -0.449559 0.31598 -0.608446 0.498073 -0.617832 0.874316
1 59 150 0.559867 0.645883 -0.519022 0.396199 0.771356 -0.635029 0.0418144 -0.0470427 -0.302587 -0.423761 -0.853737 0.916959
1 60 49 -0.903608 0.277447 0.326366 0.31881 -0.38493 -0.860201 -0.33449 0.0493784 0.187937 -0.427876 0.884082 0.946532
1 61 69 0.976239 -0.1959 -0.0926291 0.284242 0.209993 0.960747 0.181297 -0.00728906 0.0534772 -0.19644 0.979056 0.958725
1 62 137 -0.599428 -0.779679 -0.181071 0.2373 -0.781756 0.52169 0.341609 -0.0287697 -0.171883 0.346323 -0.922234 0.97101
1 63 62 -0.593412 0.803923 0.0396322 -0.233619 -0.803897 -0.589497 -0.0790143 0.0641488 -0.0401584 -0.0787482 0.996085 -0.97021
1 64 54 0.741882 -0.669845 -0.0303102 -0.235855 0.67038 0.740002 0.0546643 -0.139272 -0.014187 -0.0608738 0.998045 0.961757
1 65 156 -0.822722 0.360718 -0.439331 0.0960526 0.567773 0.483916 -0.665927 0.227681 -0.0276131 -0.797313 -0.602934 0.968987
1 66 148 -0.0813237 -0.942163 -0.32514 0.180071 -0.820877 -0.121706 0.557986 -0.322888 -0.565285 0.312277 -0.763502 0.929149
1 67 116 0.581965 0.467283 0.665555 -0.262775 0.550355 -0.828837 0.100689 -0.224377 0.598687 0.307694 -0.739526 0.938405
1 68 58 -0.0124421 0.99989 0.00807565 -0.265505 -0.999908 -0.0123977 -0.00552999 0.270467 -0.00542926 -0.00814371 0.999952 0.925394
1 69 145 -0.0622415 0.938541 -0.339511 0.220831 0.882797 -0.106925 -0.457423 0.288593 -0.465612 -0.32819 -0.821886 0.931637
1 70 173 -0.533001 0.43851 -0.723615 0.318283 0.527727 0.84078 0.120798 -0.177065 0.661373 -0.317486 -0.679551 0.931313
1 71 174 0.130499 -0.658943 -0.740787 0.39599 -0.738507 -0.563123 0.370811 -0.157478 -0.661497 0.498686 -0.56012 0.904651
1 72 120 0.805037 -0.555372 -0.208511 0.0511608 -0.575726 -0.816179 -0.0489086 -0.0143755 -0.143019 0.159418 -0.976796 0.998587
1 73 143 -0.964819 0.262259 -0.018575 0.0721943 0.235651 0.831276 -0.503437 -0.00549751 -0.11659 -0.490103 -0.863832 0.997375
1 74 93 -0.878261 0.454313 -0.149186 0.452476 -0.40616 -0.873407 -0.268691 -0.0950403 -0.25237 -0.175387 0.951603 0.886697
1 75 53 0.564897 0.821825 -0.0741307 0.106255 -0.796086 0.566426 0.213095 -0.127692 0.217116 -0.0613621 0.974215 -0.986106
1 76 196 0.993348 -0.10515 0.046931 0.170772 0.050995 0.0362989 -0.998039 0.351422 0.10324 0.993794 0.0414196 0.92051
1 77 199 -0.87508 0.319984 0.363106 0.0233397 0.00965749 0.761647 -0.64792 0.213204 -0.483882 -0.563475 -0.669592 0.976729
1 78 59 0.707932 0.666567 -0.233497 0.190767 -0.57198 0.735024 0.364114 0.198263 0.414332 -0.124213 0.90161 0.961405
1 79 53 -0.0272619 -0.98451 0.173197 -0.382795 0.999453 -0.0300887 -0.0137163 0.060746 0.0187151 0.172728 0.984792 -0.921834
1 80 78 0.862717 -0.387549 0.324847 -0.474108 0.372133 0.921509 0.111082 -0.241751 -0.342399 0.0250539 0.939221 -0.846627
1 81 143 -0.957116 0.102073 0.271129 -0.0159851 0.0149209 0.952 -0.305733 0.280413 -0.289322 -0.288576 -0.912697 0.959746
1 82 93 -0.482159 0.864895 0.139567 0.471544 -0.868731 -0.492603 0.0514732 0.238882 0.11327 -0.0964278 0.988874 0.848871
1 83 109 0.167794 -0.985148 0.0364426 0.232178 0.979309 0.170814 0.108521 -0.355343 -0.113134 0.0174793 0.993426 -0.905442
1 84 69 0.949419 0.112361 -0.293221 0.00313565 -0.00959386 0.943732 0.330572 -0.362439 0.313866 -0.311038 0.897075 -0.932002
1 85 159 -0.758923 -0.066963 -0.647728 0.147532 -0.319348 0.905142 0.280596 -0.127356 0.567497 0.419801 -0.708318 0.980823
1 86 75 0.925959 -0.231286 0.298508 -0.44743 0.135192 0.94113 0.309834 -0.262685 -0.352595 -0.246537 0.902716 -0.85487
1 87 53 -0.0974439 0.895066 0.435158 -0.431625 -0.965832 -0.190552 0.175664 0.119734 0.240151 -0.403172 0.883051 -0.894071
1 88 149 -0.66897 0.654701 -0.351918 0.244903 -0.387913 -0.711385 -0.58605 0.19819 -0.634036 -0.255537 0.729862 0.949075
1 89 134 -0.730832 -0.6286 0.265981 -0.453901 -0.661106 0.55498 -0.504912 0.291658 0.169774 -0.544848 -0.821169 0.841968
1 90 140 0.279621 -0.958144 0.0614213 -0.0512065 -0.776246 -0.187961 0.601758 -0.378116 -0.565025 -0.215942 -0.796314 0.924341
1 91 147 -0.745675 0.142631 -0.650865 0.388921 -0.193378 0.888452 0.416242 -0.194299 0.637631 0.436244 -0.634915 0.900549
1 92 151 -0.260588 0.95229 -0.158863 0.147894 0.850434 0.148523 -0.504681 0.406072 -0.457008 -0.266616 -0.848563 0.901794
1 93 141 -0.80443 -0.56161 -0.193616 0.372433 -0.496223 0.814448 -0.300727 0.200657 0.326582 -0.145837 -0.93385 0.906107
1 94 149 0.665009 0.49283 0.561143 -0.202863 0.548447 -0.832255 0.0809745 0.0338091 0.506921 0.253908 -0.823749 0.978623
1 95 152 -0.441968 0.843466 0.305335 -0.0539501 0.83183 0.51277 -0.212428 -0.00821591 -0.335743 0.1601 -0.928248 0.99851
1 96 186 -0.829197 0.0414383 0.557418 -0.215583 -0.295037 0.814562 -0.499442 0.311873 -0.474748 -0.578595 -0.663206 0.925343
1 97 141 -0.863838 0.00749768 0.503715 -0.19842 -0.00646217 0.999642 -0.0259617 0.00609731 -0.503729 -0.0256818 -0.86348 0.980098
1 98 59 0.797441 -0.588446 -0.133486 -0.183569 0.589145 0.711517 0.382952 -0.126675 -0.130369 -0.384025 0.914073 -0.974811
1 99 70 -0.655859 0.703948 0.272592 -0.303911 -0.747064 -0.55343 -0.368253 0.363695 -0.108371 -0.445166 0.888866 -0.880547
1 100 177 -0.546032 -0.00532495 -0.837748 0.451873 -0.281536 0.942989 0.177507 -0.177222 0.789042 0.332781 -0.516401 0.874301
1 101 155 -0.829357 -0.177261 0.529854 -0.214782 0.128705 0.86222 0.48991 -0.432641 -0.543693 0.474505 -0.692274 0.875609
1 102 77 -0.125769 -0.979899 0.154858 -0.268474 0.959036 -0.160032 -0.233752 -0.122254 0.253836 0.119116 0.959885 -0.955498
1 103 132 0.762819 -0.534564 -0.363796 0.0841338 -0.595614 -0.799898 -0.073529 -0.00699304 -0.251694 0.272772 -0.928572 0.99643
1 104 76 -0.692783 0.681631 0.235437 -0.422038 -0.721145 -0.654238 -0.227864 0.0719513 -0.00128738 -0.327645 0.9448 -0.903718
1 105 121 -0.264445 -0.632277 0.728213 -0.264877 0.936924 -0.347393 0.0386095 -0.358708 0.228565 0.692491 0.684262 0.895081
1 106 116 -0.921967 -0.0751707 0.379903 -0.0512909 -0.0172658 0.987984 0.153589 -0.216805 -0.386883 0.135045 -0.912187 0.974866
1 107 182 -0.188711 0.79663 0.574255 -0.369827 0.679818 0.527967 -0.509017 0.198539 -0.708686 0.294331 -0.641197 0.90764
1 108 172 -0.663099 0.19679 -0.7222 0.468936 0.686702 0.5439 -0.4823 0.0313213 0.297893 -0.815749 -0.495795 0.882677
1 109 146 0.18293 0.949591 -0.254586 0.192888 0.927577 -0.0808939 0.36477 -0.253682 0.325787 -0.302876 -0.895617 0.947861
1 110 189 -0.917223 0.245266 -0.313921 0.13026 0.381223 0.311659 -0.870367 0.379041 -0.115635 -0.917994 -0.379362 0.916166
1 111 139 -0.665403 0.163937 0.72826 -0.433671 0.280641 0.958956 0.0405496 0.190023 -0.691722 0.231361 -0.6841 0.880807
1 112 127 -0.470197 0.865944 0.170455 0.130591 0.82766 0.499701 -0.255494 0.0828664 -0.306421 0.0209465 -0.951666 0.987967
1 113 135 -0.746729 0.377593 0.547558 -0.232288 0.384807 0.916728 -0.107392 0.184938 -0.542513 0.130512 -0.829847 0.954903
1 114 105 0.0468104 -0.933459 -0.355618 0.40008 0.994823 0.0757115 -0.067785 -0.329393 0.0901989 -0.350603 0.93217 -0.85524
1 115 201 -0.260969 0.834445 0.485383 -0.179137 0.666068 0.519592 -0.535142 0.200886 -0.698748 0.183643 -0.691395 0.963097
1 116 52 -0.0373215 -0.959664 -0.278662 0.415669 0.938592 -0.129379 0.319854 -0.102085 -0.343005 -0.249612 0.905561 -0.903769
1 117 75 0.722565 -0.682486 0.110058 -0.299845 0.689723 0.700965 -0.181464 0.211763 0.0466996 0.207029 0.97722 -0.930188
1 118 203 -0.793068 0.330737 -0.511523 0.261268 0.0741986 0.885955 0.457797 -0.251684 0.604597 0.32511 -0.727163 0.931877
1 119 172 -0.113704 0.918744 0.378127 -0.202336 0.717444 0.33921 -0.608449 0.295438 -0.687274 0.202102 -0.697718 0.93369
1 120 69 0.559827 0.823407 -0.0927074 0.00265059 -0.816123 0.567279 0.110172 -0.16556 0.143307 0.0139834 0.989579 -0.986196
1 121 57 0.230611 0.935099 -0.269088 0.329816 -0.970635 0.240523 0.00399194 -0.0369361 0.0684546 0.260265 0.963107 -0.943323
1 122 187 -0.0351136 0.994517 0.0985082 -0.153476 0.758078 -0.037724 0.651072 -0.281352 0.651218 0.0975384 -0.752596 0.947252
1 123 182 -0.715798 0.150207 -0.681961 0.584507 -0.168409 0.910634 0.377339 -0.207131 0.677696 0.384947 -0.626534 0.784505
1 124 141 0.580804 0.540496 -0.608713 0.456673 -0.108247 0.792403 0.600316 -0.730652 0.806814 -0.282775 0.518738 -0.50754
1 125 87 0.752814 0.395396 -0.526245 0.30729 -0.434934 0.89889 0.0531936 0.317766 0.494069 0.188837 0.848668 -0.896994
1 126 118 0.898321 0.327564 -0.292782 -0.223863 -0.354968 0.933826 -0.0443599 0.402474 0.258876 0.143777 0.95515 -0.887637
1 127 177 0.919501 0.312411 -0.238572 -0.302705 -0.363499 0.906788 -0.213552 0.63046 0.149618 0.283082 0.947354 -0.714766
1 128 155 0.866879 0.380593 -0.321977 -0.0779761 -0.40808 0.912732 -0.0198046 0.389053 0.286341 0.14856 0.94654 -0.917909
1 129 163 0.903782 0.338887 -0.261408 -0.0773056 -0.369968 0.925673 -0.0790767 0.433389 0.21518 0.168181 0.961984 -0.897885
1 130 148 0.980153 0.197746 0.0140355 -0.457264 -0.198218 0.976443 0.0852545 0.0645499 0.00315386 -0.0863445 0.99626 -0.886985
1 131 186 0.955378 0.249317 -0.158413 -0.105293 -0.267895 0.957252 -0.109095 0.384566 0.124442 0.146665 0.981327 -0.917073
1 132 196 0.969753 0.220515 -0.104649 -0.0938078 -0.232184 0.965631 -0.116822 0.370326 0.0752912 0.137587 0.987624 -0.924153
1 133 172 0.97292 0.202267 -0.111867 -0.00159389 -0.215258 0.969189 -0.119734 0.368943 0.0842016 0.140572 0.986483 -0.929451
1 134 179 0.964307 0.213754 -0.156273 0.12947 -0.226739 0.971407 -0.0704121 0.319971 0.136754 0.103332 0.985201 -0.93854
1 135 203 0.967641 0.201222 -0.152252 0.202281 -0.20007 0.979511 0.0230122 0.228306 0.153763 0.00819353 0.988074 -0.952344
1 136 178 0.957229 0.217888 -0.19036 0.350778 -0.214947 0.975954 0.0362216 0.216743 0.193675 0.00624492 0.981046 -0.911031
1 137 189 0.96369 0.197342 -0.179881 0.478353 -0.190898 0.980198 0.0526284 0.136349 0.186705 -0.0163784 0.982279 -0.867518
1 138 141 0.994576 0.0990506 -0.0317409 0.349914 -0.0984832 0.994958 0.0189719 0.191459 0.03346 -0.0157431 0.999316 -0.917008
1 139 136 0.997531 0.0246838 0.0657506 0.3303 -0.0279354 0.998408 0.049002 0.168381 -0.0644364 -0.0507177 0.996632 -0.928736
1 140 130 0.986889 -0.0665526 0.147043 0.284865 0.0645381 0.997745 0.0184337 0.316341 -0.147938 -0.00870213 0.988958 -0.904865
1 141 137 0.948672 -0.205373 0.240507 0.132649 0.173846 0.973904 0.145906 0.153569 -0.264196 -0.0966062 0.959619 -0.979194
1 142 140 0.937508 -0.275412 0.212668 0.0750965 0.250026 0.958244 0.138764 0.163999 -0.242006 -0.0769201 0.967221 -0.983598
1 143 137 0.953059 -0.290704 0.0846767 0.182815 0.284139 0.955305 0.0815995 0.257586 -0.104613 -0.0537092 0.993062 -0.948803
1 144 190 0.986913 -0.161182 -0.0048773 0.203 0.160738 0.980869 0.109813 0.0861087 -0.0129158 -0.109159 0.99394 -0.975385
1 145 342 0.98961 0.0475174 -0.135701 0.378144 -0.0355899 0.995395 0.089008 0.0565038 0.139305 -0.0832536 0.986744 -0.924021
1 146 388 0.980134 0.0912427 -0.176102 0.513714 -0.0809164 0.994601 0.0649693 0.0752424 0.181079 -0.0494291 0.982226 -0.854656
1 147 433 0.955611 0.179591 -0.23357 0.639148 -0.156512 0.981075 0.114 0.0203777 0.249623 -0.0723827 0.965634 -0.768814
1 148 472 0.924444 0.216637 -0.313801 0.861643 -0.178129 0.972973 0.146944 -0.134628 0.337154 -0.0799446 0.938049 -0.489333
1 149 407 0.892034 0.269865 -0.362558 0.934016 -0.227355 0.961221 0.156088 -0.193189 0.390621 -0.0568062 0.918797 -0.300485
1 150 163 0.947303 0.318018 -0.0384866 0.441042 -0.315495 0.947035 0.0599065 -0.168279 0.0554995 -0.0446073 0.997462 -0.881569
1 151 310 0.883993 0.292196 -0.364934 0.971393 -0.278411 0.956127 0.0911483 -0.214107 0.375557 0.0210273 0.926561 -0.10273
1 152 231 0.891135 0.316765 -0.324866 0.945991 -0.318372 0.94666 0.0497306 -0.299436 0.323291 0.0591117 0.944452 -0.124251
1 153 120 0.768803 0.608532 0.19655 0.0401441 -0.583815 0.793327 -0.172607 0.337158 -0.260965 0.0179519 0.965181 0.940592
