0 1 90 0.999906 0.00916176 -0.0101737 0.931581 -0.00914154 0.999956 0.00203139 0.122648 0.0101919 -0.00193819 0.999946 0.342221
0 2 1384 0.999475 0.0126467 -0.0298378 0.919765 -0.0123412 0.99987 0.0104004 -0.241898 0.0299655 -0.0100267 0.999501 0.309059
0 3 1243 0.999528 0.00592052 -0.0301434 0.959097 -0.00566354 0.999947 0.00860351 -0.145403 0.0301927 -0.00842873 0.999509 0.242881
0 4 1070 0.994374 0.0355209 -0.0997973 0.97295 -0.036621 0.999287 -0.00921174 0.0582523 0.0993989 0.0128146 0.994965 0.223552
0 5 758 0.992947 0.0526015 -0.106251 0.977508 -0.0532669 0.998574 -0.00343302 -0.08417 0.105919 0.00906849 0.994333 0.193376
0 6 526 0.985939 0.0686047 -0.152373 0.982344 -0.0647875 0.997452 0.0298827 -0.0995436 0.154035 -0.0195906 0.987871 0.158403
0 7 334 0.984454 0.0574192 -0.165992 0.973268 -0.0594959 0.9982 -0.00756151 -0.117941 0.165259 0.0173198 0.986098 0.197078
0 8 228 0.977697 0.0685067 -0.198535 0.999241 -0.076889 0.996432 -0.0348143 -0.00651037 0.195441 0.0493029 0.979475 0.0384065
0 9 73 0.980953 -0.0257058 0.192538 0.0612218 0.030877 0.999237 -0.0239055 0.297206 -0.191776 0.0293951 0.980998 -0.952849
0 10 100 0.980719 0.0212423 0.194267 0.0154945 -0.0542401 0.984606 0.166158 -0.489843 -0.187747 -0.173491 0.966774 -0.871673
0 11 72 0.950458 0.0154803 0.310468 -0.108246 -0.306928 -0.111487 0.94518 -0.805471 0.0492449 -0.993645 -0.101213 0.582666
0 12 18 0.988557 -0.00219455 0.150829 0.0400737 -0.0120335 0.99556 0.0933549 0.0953415 -0.150364 -0.0941017 0.984142 -0.994638
0 13 0 1 0 0 0 0 1 0 0 0 0 1 0
0 14 0 1 0 0 0 0 1 0 0 0 0 1 0
0 15 0 1 0 0 0 0 1 0 0 0 0 1 0
0 16 0 1 0 0 0 0 1 0 0 0 0 1 0
0 17 0 1 0 0 0 0 1 0 0 0 0 1 0
0 18 0 1 0 0 0 0 1 0 0 0 0 1 0
0 19 0 1 0 0 0 0 1 0 0 0 0 1 0
0 20 0 1 0 0 0 0 1 0 0 0 0 1 0
0 21 0 1 0 0 0 0 1 0 0 0 0 1 0
0 22 0 1 0 0 0 0 1 0 0 0 0 1 0
0 23 0 1 0 0 0 0 1 0 0 0 0 1 0
0 24 0 1 0 0 0 0 1 0 0 0 0 1 0
0 25 0 1 0 0 0 0 1 0 0 0 0 1 0
0 26 0 1 0 0 0 0 1 0 0 0 0 1 0
0 27 0 1 0 0 0 0 1 0 0 0 0 1 0
0 28 0 1 0 0 0 0 1 0 0 0 0 1 0
0 29 0 1 0 0 0 0 1 0 0 0 0 1 0
0 30 0 1 0 0 0 0 1 0 0 0 0 1 0
0 31 0 1 0 0 0 0 1 0 0 0 0 1 0
0 32 0 1 0 0 0 0 1 0 0 0 0 1 0
0 33 0 1 0 0 0 0 1 0 0 0 0 1 0
0 34 0 1 0 0 0 0 1 0 0 0 0 1 0
0 35 0 1 0 0 0 0 1 0 0 0 0 1 0
0 36 0 1 0 0 0 0 1 0 0 0 0 1 0
0 37 0 1 0 0 0 0 1 0 0 0 0 1 0
0 38 0 1 0 0 0 0 1 0 0 0 0 1 0
0 39 0 1 0 0 0 0 1 0 0 0 0 1 0
0 40 0 1 0 0 0 0 1 0 0 0 0 1 0
0 41 0 1 0 0 0 0 1 0 0 0 0 1 0
0 42 0 1 0 0 0 0 1 0 0 0 0 1 0
0 43 0 1 0 0 0 0 1 0 0 0 0 1 0
0 44 0 1 0 0 0 0 1 0 0 0 0 1 0
0 45 0 1 0 0 0 0 1 0 0 0 0 1 0
0 46 0 1 0 0 0 0 1 0 0 0 0 1 0
0 47 0 1 0 0 0 0 1 0 0 0 0 1 0
0 48 0 1 0 0 0 0 1 0 0 0 0 1 0
0 49 0 1 0 0 0 0 1 0 0 0 0 1 0
0 50 0 1 0 0 0 0 1 0 0 0 0 1 0
0 51 0 1 0 0 0 0 1 0 0 0 0 1 0
0 52 0 1 0 0 0 0 1 0 0 0 0 1 0
0 53 0 1 0 0 0 0 1 0 0 0 0 1 0
0 54 0 1 0 0 0 0 1 0 0 0 0 1 0
0 55 0 1 0 0 0 0 1 0 0 0 0 1 0
0 56 0 1 0 0 0 0 1 0 0 0 0 1 0
0 57 0 1 0 0 0 0 1 0 0 0 0 1 0
0 58 0 1 0 0 0 0 1 0 0 0 0 1 0
0 59 0 1 0 0 0 0 1 0 0 0 0 1 0
0 60 0 1 0 0 0 0 1 0 0 0 0 1 0
0 61 0 1 0 0 0 0 1 0 0 0 0 1 0
0 62 0 1 0 0 0 0 1 0 0 0 0 1 0
0 63 0 1 0 0 0 0 1 0 0 0 0 1 0
0 64 0 1 0 0 0 0 1 0 0 0 0 1 0
0 65 0 1 0 0 0 0 1 0 0 0 0 1 0
0 66 0 1 0 0 0 0 1 0 0 0 0 1 0
0 67 0 1 0 0 0 0 1 0 0 0 0 1 0
0 68 0 1 0 0 0 0 1 0 0 0 0 1 0
0 69 0 1 0 0 0 0 1 0 0 0 0 1 0
0 70 0 1 0 0 0 0 1 0 0 0 0 1 0
0 71 0 1 0 0 0 0 1 0 0 0 0 1 0
0 72 0 1 0 0 0 0 1 0 0 0 0 1 0
0 73 0 1 0 0 0 0 1 0 0 0 0 1 0
0 74 0 1 0 0 0 0 1 0 0 0 0 1 0
0 75 0 1 0 0 0 0 1 0 0 0 0 1 0
0 76 0 1 0 0 0 0 1 0 0 0 0 1 0
0 77 0 1 0 0 0 0 1 0 0 0 0 1 0
0 78 0 1 0 0 0 0 1 0 0 0 0 1 0
0 79 0 1 0 0 0 0 1 0 0 0 0 1 0
0 80 0 1 0 0 0 0 1 0 0 0 0 1 0
0 81 0 1 0 0 0 0 1 0 0 0 0 1 0
0 82 0 1 0 0 0 0 1 0 0 0 0 1 0
0 83 0 1 0 0 0 0 1 0 0 0 0 1 0
0 84 0 1 0 0 0 0 1 0 0 0 0 1 0
0 85 0 1 0 0 0 0 1 0 0 0 0 1 0
0 86 0 1 0 0 0 0 1 0 0 0 0 1 0
0 87 0 1 0 0 0 0 1 0 0 0 0 1 0
0 88 0 1 0 0 0 0 1 0 0 0 0 1 0
0 89 0 1 0 0 0 0 1 0 0 0 0 1 0
0 90 0 1 0 0 0 0 1 0 0 0 0 1 0
0 91 0 1 0 0 0 0 1 0 0 0 0 1 0
0 92 0 1 0 0 0 0 1 0 0 0 0 1 0
0 93 0 1 0 0 0 0 1 0 0 0 0 1 0
0 94 0 1 0 0 0 0 1 0 0 0 0 1 0
0 95 0 1 0 0 0 0 1 0 0 0 0 1 0
0 96 0 1 0 0 0 0 1 0 0 0 0 1 0
0 97 0 1 0 0 0 0 1 0 0 0 0 1 0
0 98 0 1 0 0 0 0 1 0 0 0 0 1 0
0 99 0 1 0 0 0 0 1 0 0 0 0 1 0
0 100 0 1 0 0 0 0 1 0 0 0 0 1 0
0 101 0 1 0 0 0 0 1 0 0 0 0 1 0
0 102 0 1 0 0 0 0 1 0 0 0 0 1 0
0 103 0 1 0 0 0 0 1 0 0 0 0 1 0
0 104 0 1 0 0 0 0 1 0 0 0 0 1 0
0 105 0 1 0 0 0 0 1 0 0 0 0 1 0
0 106 0 1 0 0 0 0 1 0 0 0 0 1 0
0 107 0 1 0 0 0 0 1 0 0 0 0 1 0
0 108 0 1 0 0 0 0 1 0 0 0 0 1 0
0 109 0 1 0 0 0 0 1 0 0 0 0 1 0
0 110 0 1 0 0 0 0 1 0 0 0 0 1 0
0 111 0 1 0 0 0 0 1 0 0 0 0 1 0
0 112 0 1 0 0 0 0 1 0 0 0 0 1 0
0 113 0 1 0 0 0 0 1 0 0 0 0 1 0
0 114 0 1 0 0 0 0 1 0 0 0 0 1 0
0 115 0 1 0 0 0 0 1 0 0 0 0 1 0
0 116 0 1 0 0 0 0 1 0 0 0 0 1 0
0 117 0 1 0 0 0 0 1 0 0 0 0 1 0
0 118 0 1 0 0 0 0 1 0 0 0 0 1 0
0 119 0 1 0 0 0 0 1 0 0 0 0 1 0
0 120 0 1 0 0 0 0 1 0 0 0 0 1 0
0 121 0 1 0 0 0 0 1 0 0 0 0 1 0
0 122 0 1 0 0 0 0 1 0 0 0 0 1 0
0 123 0 1 0 0 0 0 1 0 0 0 0 1 0
0 124 0 1 0 0 0 0 1 0 0 0 0 1 0
0 125 0 1 0 0 0 0 1 0 0 0 0 1 0
0 126 0 1 0 0 0 0 1 0 0 0 0 1 0
0 127 0 1 0 0 0 0 1 0 0 0 0 1 0
0 128 0 1 0 0 0 0 1 0 0 0 0 1 0
0 129 0 1 0 0 0 0 1 0 0 0 0 1 0
0 130 0 1 0 0 0 0 1 0 0 0 0 1 0
0 131 0 1 0 0 0 0 1 0 0 0 0 1 0
0 132 0 1 0 0 0 0 1 0 0 0 0 1 0
0 133 0 1 0 0 0 0 1 0 0 0 0 1 0
0 134 0 1 0 0 0 0 1 0 0 0 0 1 0
0 135 0 1 0 0 0 0 1 0 0 0 0 1 0
0 136 0 1 0 0 0 0 1 0 0 0 0 1 0
0 137 0 1 0 0 0 0 1 0 0 0 0 1 0
0 138 0 1 0 0 0 0 1 0 0 0 0 1 0
0 139 0 1 0 0 0 0 1 0 0 0 0 1 0
0 140 20 0.976215 -0.0291608 0.214835 0.169607 0.004191 0.993266 0.115778 0.120606 -0.216764 -0.112124 0.969764 -0.978104
0 141 20 0.780746 -0.296584 0.549976 -0.380178 0.545003 0.753738 -0.36722 0.863689 -0.305626 0.586444 0.750118 -0.330915
0 142 0 1 0 0 0 0 1 0 0 0 0 1 0
0 143 0 1 0 0 0 0 1 0 0 0 0 1 0
0 144 44 0.298782 0.00637179 -0.9543 0.720345 -0.186408 0.981105 -0.0518118 0.0525907 0.935939 0.193369 0.294325 0.69162
0 145 140 0.991074 0.0413611 -0.126733 0.355892 -0.0372347 0.998702 0.0347588 0.228746 0.128006 -0.0297297 0.991328 -0.906099
0 146 211 0.986413 0.0875275 -0.139023 0.421768 -0.0786735 0.994581 0.0679642 0.0779913 0.144218 -0.0561034 0.987954 -0.903343
0 147 176 0.963271 0.178044 -0.201018 0.572583 -0.159046 0.981441 0.107133 0.0608944 0.216362 -0.071227 0.973712 -0.817582
0 148 253 0.95028 0.220896 -0.219483 0.654098 -0.189726 0.969618 0.154417 -0.179665 0.246925 -0.105098 0.963319 -0.734763
0 149 193 0.915967 0.254351 -0.31034 0.91148 -0.22617 0.966126 0.124286 -0.08448 0.331439 -0.0436524 0.942466 -0.402577
0 150 26 0.973999 0.221586 -0.0471672 -0.146462 -0.220987 0.975117 0.0176303 -0.205525 0.0499002 -0.00674854 0.998731 0.96763
0 151 106 0.879721 0.322744 -0.349181 0.937971 -0.287699 0.945976 0.149529 -0.346023 0.378576 -0.031085 0.925048 -0.021892
0 152 40 0.988238 0.125856 0.0868715 0.200147 -0.117391 0.988385 -0.0965151 0.330022 -0.0980095 0.0851819 0.991533 -0.922511
0 153 0 1 0 0 0 0 1 0 0 0 0 1 0
0 154 13 0.960346 0.12338 0.250027 -0.0979829 -0.10685 0.991156 -0.0786925 -0.198863 -0.257524 0.0488566 0.965036 0.975117
0 155 0 1 0 0 0 0 1 0 0 0 0 1 0
0 156 0 1 0 0 0 0 1 0 0 0 0 1 0
0 157 20 0.92747 0.0636247 0.368444 -0.232545 -0.352183 0.479588 0.803718 -0.923723 -0.125565 -0.875184 0.467211 0.304398
0 158 22 0.978938 0.153439 0.134671 0.0607576 -0.16559 0.982597 0.084157 -0.151326 -0.119414 -0.104685 0.98731 -0.986615
0 159 31 0.983366 0.16976 0.0645952 0.281636 -0.152598 0.965039 -0.213106 0.941941 -0.0985138 0.199705 0.974891 -0.182837
0 160 31 0.962037 0.250569 0.108168 0.173462 -0.263844 0.955237 0.133822 0.0147911 -0.0697946 -0.157281 0.985084 -0.98473
0 161 26 0.982508 0.153278 0.105751 0.154496 -0.167271 0.976001 0.139434 0.0693765 -0.081841 -0.154684 0.984568 -0.985555
0 162 0 1 0 0 0 0 1 0 0 0 0 1 0
0 163 30 0.947341 0.278676 0.157752 0.108159 -0.29291 0.953181 0.0751628 0.0843702 -0.12942 -0.117412 0.984614 -0.990547
0 164 57 0.979577 0.171732 0.104577 0.182512 -0.178798 0.981907 0.0623634 0.132676 -0.0919754 -0.079788 0.99256 -0.974211
0 165 36 0.985949 0.129248 0.105831 0.113951 -0.139482 0.985581 0.0957836 0.115531 -0.0919252 -0.109199 0.98976 -0.986746
0 166 66 0.982475 0.177428 -0.0571091 0.385111 -0.16843 0.976328 0.135702 0.0731097 0.0798345 -0.123705 0.989102 -0.91997
0 167 126 0.923697 0.273098 -0.268704 0.815664 -0.225126 0.954391 0.196104 -0.111945 0.310004 -0.120649 0.943049 -0.567591
0 168 109 0.922098 0.241373 -0.302448 0.836499 -0.174362 0.956936 0.232103 -0.156829 0.345447 -0.161286 0.924475 -0.525046
0 169 215 0.992929 0.114066 -0.0328835 0.324192 -0.109922 0.988037 0.108168 0.109288 0.0448284 -0.103789 0.993589 -0.939657
0 170 251 0.9912 0.0746644 -0.109308 0.453926 -0.0593999 0.988818 0.13679 0.122186 0.118299 -0.129093 0.984551 -0.882622
0 171 262 0.991846 0.0459495 -0.118869 0.381475 -0.0268988 0.987206 0.157166 0.098248 0.124569 -0.152687 0.980392 -0.919143
0 172 281 0.986956 0.0875303 -0.135115 0.322473 -0.0623513 0.981605 0.180454 0.0476606 0.148425 -0.169676 0.974259 -0.945378
1 2 1454 0.999688 0.00175745 -0.0249285 0.906941 -0.00182326 0.999995 -0.00261746 -0.0377595 0.0249238 0.0026621 0.999686 0.419562
1 3 1338 0.999522 -0.00574164 -0.0303813 0.964371 0.00595807 0.999957 0.00703824 -0.185384 0.0303396 -0.00721589 0.999514 0.188734
1 4 1201 0.995122 0.0266355 -0.0949914 0.975857 -0.026841 0.999639 -0.000885421 -0.0597894 0.0949336 0.00343076 0.995478 0.210066
1 5 802 0.995531 0.0394448 -0.0858043 0.988249 -0.0409479 0.999036 -0.0158283 -0.0261627 0.0850973 0.0192711 0.996186 0.150599
1 6 571 0.990048 0.0518227 -0.130837 0.984229 -0.0503337 0.998625 0.0146645 -0.0565978 0.131417 -0.00793302 0.991295 0.167602
1 7 391 0.979739 0.0504443 -0.193821 0.972961 -0.05768 0.997826 -0.0318681 -0.0528501 0.191793 0.0424021 0.980519 0.224841
1 8 257 0.969132 0.0715766 -0.235923 0.995711 -0.082426 0.995931 -0.036437 -0.0184959 0.232355 0.0547585 0.971088 0.0906474
1 9 105 0.981317 -0.0189863 0.19146 0.0547202 0.0259041 0.999096 -0.0336935 0.28414 -0.190647 0.0380236 0.980922 -0.95722
1 10 74 0.982413 0.025539 0.184965 0.0707721 -0.0298226 0.999347 0.0204138 0.241893 -0.184323 -0.0255709 0.982533 -0.967718
1 11 113 0.871154 0.224255 -0.436807 0.994369 -0.191998 0.974358 0.117316 -0.10425 0.451915 -0.0183339 0.891872 0.01903
1 12 46 0.984633 0.106596 0.138332 0.125974 -0.106191 0.994292 -0.0103272 0.382481 -0.138643 -0.00452107 0.990332 -0.915335
1 13 25 0.593172 0.428066 -0.68184 0.609738 0.495675 0.473185 0.728287 -0.716145 0.634392 -0.769971 0.0684986 0.33964
1 14 0 1 0 0 0 0 1 0 0 0 0 1 0
1 15 0 1 0 0 0 0 1 0 0 0 0 1 0
1 16 0 1 0 0 0 0 1 0 0 0 0 1 0
1 17 0 1 0 0 0 0 1 0 0 0 0 1 0
1 18 0 1 0 0 0 0 1 0 0 0 0 1 0
1 19 0 1 0 0 0 0 1 0 0 0 0 1 0
1 20 0 1 0 0 0 0 1 0 0 0 0 1 0
1 21 0 1 0 0 0 0 1 0 0 0 0 1 0
1 22 0 1 0 0 0 0 1 0 0 0 0 1 0
1 23 0 1 0 0 0 0 1 0 0 0 0 1 0
1 24 0 1 0 0 0 0 1 0 0 0 0 1 0
1 25 0 1 0 0 0 0 1 0 0 0 0 1 0
1 26 0 1 0 0 0 0 1 0 0 0 0 1 0
1 27 0 1 0 0 0 0 1 0 0 0 0 1 0
1 28 0 1 0 0 0 0 1 0 0 0 0 1 0
1 29 0 1 0 0 0 0 1 0 0 0 0 1 0
1 30 0 1 0 0 0 0 1 0 0 0 0 1 0
1 31 0 1 0 0 0 0 1 0 0 0 0 1 0
1 32 0 1 0 0 0 0 1 0 0 0 0 1 0
1 33 0 1 0 0 0 0 1 0 0 0 0 1 0
1 34 0 1 0 0 0 0 1 0 0 0 0 1 0
1 35 0 1 0 0 0 0 1 0 0 0 0 1 0
1 36 0 1 0 0 0 0 1 0 0 0 0 1 0
1 37 0 1 0 0 0 0 1 0 0 0 0 1 0
1 38 0 1 0 0 0 0 1 0 0 0 0 1 0
1 39 0 1 0 0 0 0 1 0 0 0 0 1 0
1 40 0 1 0 0 0 0 1 0 0 0 0 1 0
1 41 0 1 0 0 0 0 1 0 0 0 0 1 0
1 42 0 1 0 0 0 0 1 0 0 0 0 1 0
1 43 0 1 0 0 0 0 1 0 0 0 0 1 0
1 44 0 1 0 0 0 0 1 0 0 0 0 1 0
1 45 0 1 0 0 0 0 1 0 0 0 0 1 0
1 46 0 1 0 0 0 0 1 0 0 0 0 1 0
1 47 0 1 0 0 0 0 1 0 0 0 0 1 0
1 48 0 1 0 0 0 0 1 0 0 0 0 1 0
1 49 0 1 0 0 0 0 1 0 0 0 0 1 0
1 50 0 1 0 0 0 0 1 0 0 0 0 1 0
1 51 0 1 0 0 0 0 1 0 0 0 0 1 0
1 52 0 1 0 0 0 0 1 0 0 0 0 1 0
1 53 0 1 0 0 0 0 1 0 0 0 0 1 0
1 54 0 1 0 0 0 0 1 0 0 0 0 1 0
1 55 0 1 0 0 0 0 1 0 0 0 0 1 0
1 56 0 1 0 0 0 0 1 0 0 0 0 1 0
1 57 0 1 0 0 0 0 1 0 0 0 0 1 0
1 58 0 1 0 0 0 0 1 0 0 0 0 1 0
1 59 0 1 0 0 0 0 1 0 0 0 0 1 0
1 60 0 1 0 0 0 0 1 0 0 0 0 1 0
1 61 0 1 0 0 0 0 1 0 0 0 0 1 0
1 62 0 1 0 0 0 0 1 0 0 0 0 1 0
1 63 0 1 0 0 0 0 1 0 0 0 0 1 0
1 64 0 1 0 0 0 0 1 0 0 0 0 1 0
1 65 0 1 0 0 0 0 1 0 0 0 0 1 0
1 66 0 1 0 0 0 0 1 0 0 0 0 1 0
1 67 0 1 0 0 0 0 1 0 0 0 0 1 0
1 68 0 1 0 0 0 0 1 0 0 0 0 1 0
1 69 0 1 0 0 0 0 1 0 0 0 0 1 0
1 70 0 1 0 0 0 0 1 0 0 0 0 1 0
1 71 0 1 0 0 0 0 1 0 0 0 0 1 0
1 72 0 1 0 0 0 0 1 0 0 0 0 1 0
1 73 0 1 0 0 0 0 1 0 0 0 0 1 0
1 74 0 1 0 0 0 0 1 0 0 0 0 1 0
1 75 0 1 0 0 0 0 1 0 0 0 0 1 0
1 76 0 1 0 0 0 0 1 0 0 0 0 1 0
1 77 0 1 0 0 0 0 1 0 0 0 0 1 0
1 78 0 1 0 0 0 0 1 0 0 0 0 1 0
1 79 0 1 0 0 0 0 1 0 0 0 0 1 0
1 80 0 1 0 0 0 0 1 0 0 0 0 1 0
1 81 0 1 0 0 0 0 1 0 0 0 0 1 0
1 82 0 1 0 0 0 0 1 0 0 0 0 1 0
1 83 0 1 0 0 0 0 1 0 0 0 0 1 0
1 84 0 1 0 0 0 0 1 0 0 0 0 1 0
1 85 0 1 0 0 0 0 1 0 0 0 0 1 0
1 86 0 1 0 0 0 0 1 0 0 0 0 1 0
1 87 0 1 0 0 0 0 1 0 0 0 0 1 0
1 88 0 1 0 0 0 0 1 0 0 0 0 1 0
1 89 0 1 0 0 0 0 1 0 0 0 0 1 0
1 90 0 1 0 0 0 0 1 0 0 0 0 1 0
1 91 0 1 0 0 0 0 1 0 0 0 0 1 0
1 92 0 1 0 0 0 0 1 0 0 0 0 1 0
1 93 0 1 0 0 0 0 1 0 0 0 0 1 0
1 94 0 1 0 0 0 0 1 0 0 0 0 1 0
1 95 0 1 0 0 0 0 1 0 0 0 0 1 0
1 96 0 1 0 0 0 0 1 0 0 0 0 1 0
1 97 0 1 0 0 0 0 1 0 0 0 0 1 0
1 98 0 1 0 0 0 0 1 0 0 0 0 1 0
1 99 0 1 0 0 0 0 1 0 0 0 0 1 0
1 100 0 1 0 0 0 0 1 0 0 0 0 1 0
1 101 0 1 0 0 0 0 1 0 0 0 0 1 0
1 102 0 1 0 0 0 0 1 0 0 0 0 1 0
1 103 0 1 0 0 0 0 1 0 0 0 0 1 0
1 104 0 1 0 0 0 0 1 0 0 0 0 1 0
1 105 0 1 0 0 0 0 1 0 0 0 0 1 0
1 106 0 1 0 0 0 0 1 0 0 0 0 1 0
1 107 0 1 0 0 0 0 1 0 0 0 0 1 0
1 108 0 1 0 0 0 0 1 0 0 0 0 1 0
1 109 0 1 0 0 0 0 1 0 0 0 0 1 0
1 110 0 1 0 0 0 0 1 0 0 0 0 1 0
1 111 0 1 0 0 0 0 1 0 0 0 0 1 0
1 112 0 1 0 0 0 0 1 0 0 0 0 1 0
1 113 0 1 0 0 0 0 1 0 0 0 0 1 0
1 114 0 1 0 0 0 0 1 0 0 0 0 1 0
1 115 0 1 0 0 0 0 1 0 0 0 0 1 0
1 116 0 1 0 0 0 0 1 0 0 0 0 1 0
1 117 0 1 0 0 0 0 1 0 0 0 0 1 0
1 118 0 1 0 0 0 0 1 0 0 0 0 1 0
1 119 0 1 0 0 0 0 1 0 0 0 0 1 0
1 120 0 1 0 0 0 0 1 0 0 0 0 1 0
1 121 0 1 0 0 0 0 1 0 0 0 0 1 0
1 122 0 1 0 0 0 0 1 0 0 0 0 1 0
1 123 0 1 0 0 0 0 1 0 0 0 0 1 0
1 124 0 1 0 0 0 0 1 0 0 0 0 1 0
1 125 0 1 0 0 0 0 1 0 0 0 0 1 0
1 126 0 1 0 0 0 0 1 0 0 0 0 1 0
1 127 0 1 0 0 0 0 1 0 0 0 0 1 0
1 128 0 1 0 0 0 0 1 0 0 0 0 1 0
1 129 0 1 0 0 0 0 1 0 0 0 0 1 0
1 130 0 1 0 0 0 0 1 0 0 0 0 1 0
1 131 0 1 0 0 0 0 1 0 0 0 0 1 0
1 132 0 1 0 0 0 0 1 0 0 0 0 1 0
1 133 0 1 0 0 0 0 1 0 0 0 0 1 0
1 134 0 1 0 0 0 0 1 0 0 0 0 1 0
1 135 0 1 0 0 0 0 1 0 0 0 0 1 0
1 136 0 1 0 0 0 0 1 0 0 0 0 1 0
1 137 0 1 0 0 0 0 1 0 0 0 0 1 0
1 138 0 1 0 0 0 0 1 0 0 0 0 1 0
1 139 0 1 0 0 0 0 1 0 0 0 0 1 0
1 140 0 1 0 0 0 0 1 0 0 0 0 1 0
1 141 0 1 0 0 0 0 1 0 0 0 0 1 0
1 142 27 0.895425 -0.298881 0.329976 -0.190145 0.262573 0.953066 0.150736 0.12964 -0.359541 -0.0483298 0.931877 -0.973159
1 143 26 -0.558842 -0.416866 0.71688 -0.467826 0.0705139 0.83745 0.541946 -0.289403 -0.826271 0.353413 -0.438607 0.835095
1 144 64 0.987738 -0.149791 -0.0440007 0.298176 0.154257 0.979799 0.127277 0.0356095 0.0240469 -0.132503 0.990891 -0.953847
1 145 149 0.991281 0.0254494 -0.129282 0.344813 -0.0211897 0.99919 0.034218 0.214666 0.130049 -0.0311802 0.991017 -0.913795
1 146 218 0.991099 0.0693545 -0.113633 0.335602 -0.0671761 0.997478 0.0228935 0.215883 0.114934 -0.0150563 0.993259 -0.916933
1 147 231 0.932806 0.185692 -0.308856 0.803067 -0.170026 0.982416 0.0771415 0.137498 0.31775 -0.0194444 0.947975 -0.579809
1 148 219 0.961381 0.178238 -0.20971 0.601984 -0.16031 0.982016 0.0997265 0.0503054 0.223713 -0.0622567 0.972665 -0.796922
1 149 215 0.862004 0.270228 -0.428865 0.962243 -0.22111 0.961769 0.161586 -0.176936 0.456134 -0.0444616 0.8888 -0.206839
1 150 25 0.975743 0.217275 -0.0267734 -0.130074 -0.217137 0.976108 0.00800131 0.245389 0.0278722 -0.00199375 0.99961 -0.960659
1 151 60 0.985364 0.161362 0.0549488 0.258281 -0.159291 0.986412 -0.0402129 0.269445 -0.060691 0.0308715 0.997679 -0.927734
1 152 44 0.984309 0.159605 0.0752432 0.224479 -0.15032 0.981793 -0.116135 0.29252 -0.0924089 0.103002 0.990379 -0.929538
1 153 0 1 0 0 0 0 1 0 0 0 0 1 0
1 154 34 0.894153 0.325913 0.307036 -0.333776 -0.292734 0.944367 -0.149926 0.361015 -0.338818 0.0441765 0.939814 -0.870782
1 155 0 1 0 0 0 0 1 0 0 0 0 1 0
1 156 0 1 0 0 0 0 1 0 0 0 0 1 0
1 157 25 0.979482 0.123539 0.159225 0.0398884 -0.131783 0.990377 0.0422613 -0.0205667 -0.152471 -0.0623773 0.986337 -0.998992
1 158 20 0.954122 0.266074 0.137313 0.0762572 -0.27413 0.960723 0.0431827 -0.0845179 -0.12043 -0.0788431 0.989586 -0.9935
1 159 17 0.979498 0.142444 0.142456 -0.102638 -0.157788 0.982097 0.102899 -0.12634 -0.125248 -0.123268 0.984438 0.986663
1 160 20 0.919835 0.370838 0.127996 0.0463902 -0.38493 0.91612 0.112039 -0.041112 -0.075711 -0.152327 0.985426 -0.998077
1 161 0 1 0 0 0 0 1 0 0 0 0 1 0
1 162 53 0.982149 0.177473 0.0623483 0.683724 -0.183551 0.976692 0.111277 0.0782898 -0.0411463 -0.120735 0.991832 -0.725529
1 163 65 -0.567021 0.355445 -0.743066 0.360011 -0.0563313 0.883258 0.465492 -0.193939 0.821775 0.305801 -0.480803 0.912568
1 164 70 0.987082 0.127605 0.0968776 0.173312 -0.134556 0.988504 0.0689567 0.126011 -0.0869646 -0.0811014 0.992905 -0.976772
1 165 92 0.988068 0.149749 0.0360276 0.404242 -0.152516 0.983892 0.0932518 0.100629 -0.0214829 -0.0976338 0.994991 -0.9091
1 166 92 0.943276 0.227493 -0.241821 0.823988 -0.185236 0.965061 0.185326 -0.116725 0.275532 -0.13002 0.952458 -0.554454
1 167 88 0.982067 0.180454 -0.0545927 0.333014 -0.17216 0.976393 0.13045 0.0795278 0.0768442 -0.118712 0.989951 -0.939562
1 168 116 0.976917 0.174136 -0.123736 0.450434 -0.153294 0.974868 0.161661 0.0371464 0.148777 -0.138961 0.979058 -0.892037
1 169 265 0.993931 0.104934 -0.0330083 0.315883 -0.100936 0.989276 0.105571 0.0990817 0.0437323 -0.101599 0.993864 -0.943611
1 170 230 0.996619 0.0582642 -0.0579275 0.29931 -0.0491337 0.987742 0.148159 0.0733887 0.0658498 -0.144811 0.987266 -0.951329
1 171 180 0.992788 0.0362227 -0.114279 0.361485 -0.0186996 0.988382 0.150834 0.105103 0.118415 -0.147609 0.981932 -0.926435
1 172 279 0.978219 0.100503 -0.181623 0.451207 -0.072017 0.984946 0.157147 0.115595 0.194682 -0.140644 0.970731 -0.884901
2 3 1435 0.999862 -0.00715959 -0.0149912 0.998173 0.00714528 0.999974 -0.00100755 0.0395824 0.0149981 0.000900293 0.999887 0.0456577
2 4 1296 0.996486 0.0213772 -0.0809837 0.999575 -0.0214829 0.999769 -0.000434209 -0.0213387 0.0809557 0.00217245 0.996715 -0.0198759
2 5 902 0.995291 0.0395959 -0.0884739 0.995971 -0.0413282 0.998986 -0.0178343 0.0223806 0.0876781 0.0214068 0.995919 0.0868398
2 6 711 0.990989 0.05188 -0.123488 0.989994 -0.0510833 0.998648 0.00961116 -0.0182331 0.12382 -0.00321635 0.992299 0.139924
2 7 453 0.987088 0.0460565 -0.153412 0.985269 -0.0502645 0.998456 -0.0236628 -0.065162 0.152085 0.0310685 0.987879 0.158108
2 8 256 0.978528 0.0783929 -0.190622 0.995239 -0.0799026 0.996803 -0.000234456 -0.0920604 0.189994 0.0154606 0.981664 -0.0319984
2 9 97 0.984313 -0.0169553 0.175617 0.0851968 0.0232419 0.999158 -0.0338027 0.278886 -0.174896 0.0373541 0.983878 -0.956537
2 10 104 0.974325 0.0689202 0.214338 -0.704474 -0.0780572 0.996353 0.0344512 -0.160345 -0.211182 -0.0502973 0.976152 0.691379
2 11 54 0.987882 0.0607899 0.142808 0.105364 -0.0669324 0.99701 0.0386054 0.196183 -0.140034 -0.0476961 0.988997 -0.97489
2 12 24 0.700558 0.344168 -0.625113 0.982443 -0.274162 0.938585 0.209506 -0.177009 0.658828 0.0246115 0.751891 0.058932
2 13 0 1 0 0 0 0 1 0 0 0 0 1 0
2 14 0 1 0 0 0 0 1 0 0 0 0 1 0
2 15 0 1 0 0 0 0 1 0 0 0 0 1 0
2 16 0 1 0 0 0 0 1 0 0 0 0 1 0
2 17 0 1 0 0 0 0 1 0 0 0 0 1 0
2 18 0 1 0 0 0 0 1 0 0 0 0 1 0
2 19 0 1 0 0 0 0 1 0 0 0 0 1 0
2 20 0 1 0 0 0 0 1 0 0 0 0 1 0
2 21 0 1 0 0 0 0 1 0 0 0 0 1 0
2 22 0 1 0 0 0 0 1 0 0 0 0 1 0
2 23 0 1 0 0 0 0 1 0 0 0 0 1 0
2 24 0 1 0 0 0 0 1 0 0 0 0 1 0
2 25 0 1 0 0 0 0 1 0 0 0 0 1 0
2 26 0 1 0 0 0 0 1 0 0 0 0 1 0
2 27 0 1 0 0 0 0 1 0 0 0 0 1 0
2 28 0 1 0 0 0 0 1 0 0 0 0 1 0
2 29 0 1 0 0 0 0 1 0 0 0 0 1 0
2 30 0 1 0 0 0 0 1 0 0 0 0 1 0
2 31 0 1 0 0 0 0 1 0 0 0 0 1 0
2 32 0 1 0 0 0 0 1 0 0 0 0 1 0
2 33 0 1 0 0 0 0 1 0 0 0 0 1 0
2 34 0 1 0 0 0 0 1 0 0 0 0 1 0
2 35 0 1 0 0 0 0 1 0 0 0 0 1 0
2 36 0 1 0 0 0 0 1 0 0 0 0 1 0
2 37 0 1 0 0 0 0 1 0 0 0 0 1 0
2 38 0 1 0 0 0 0 1 0 0 0 0 1 0
2 39 0 1 0 0 0 0 1 0 0 0 0 1 0
2 40 0 1 0 0 0 0 1 0 0 0 0 1 0
2 41 0 1 0 0 0 0 1 0 0 0 0 1 0
2 42 0 1 0 0 0 0 1 0 0 0 0 1 0
2 43 0 1 0 0 0 0 1 0 0 0 0 1 0
2 44 0 1 0 0 0 0 1 0 0 0 0 1 0
2 45 0 1 0 0 0 0 1 0 0 0 0 1 0
2 46 0 1 0 0 0 0 1 0 0 0 0 1 0
2 47 0 1 0 0 0 0 1 0 0 0 0 1 0
2 48 0 1 0 0 0 0 1 0 0 0 0 1 0
2 49 0 1 0 0 0 0 1 0 0 0 0 1 0
2 50 0 1 0 0 0 0 1 0 0 0 0 1 0
2 51 0 1 0 0 0 0 1 0 0 0 0 1 0
2 52 0 1 0 0 0 0 1 0 0 0 0 1 0
2 53 0 1 0 0 0 0 1 0 0 0 0 1 0
2 54 0 1 0 0 0 0 1 0 0 0 0 1 0
2 55 0 1 0 0 0 0 1 0 0 0 0 1 0
2 56 0 1 0 0 0 0 1 0 0 0 0 1 0
2 57 0 1 0 0 0 0 1 0 0 0 0 1 0
2 58 0 1 0 0 0 0 1 0 0 0 0 1 0
2 59 0 1 0 0 0 0 1 0 0 0 0 1 0
2 60 0 1 0 0 0 0 1 0 0 0 0 1 0
2 61 0 1 0 0 0 0 1 0 0 0 0 1 0
2 62 0 1 0 0 0 0 1 0 0 0 0 1 0
2 63 0 1 0 0 0 0 1 0 0 0 0 1 0
2 64 0 1 0 0 0 0 1 0 0 0 0 1 0
2 65 0 1 0 0 0 0 1 0 0 0 0 1 0
2 66 0 1 0 0 0 0 1 0 0 0 0 1 0
2 67 0 1 0 0 0 0 1 0 0 0 0 1 0
2 68 0 1 0 0 0 0 1 0 0 0 0 1 0
2 69 0 1 0 0 0 0 1 0 0 0 0 1 0
2 70 0 1 0 0 0 0 1 0 0 0 0 1 0
2 71 0 1 0 0 0 0 1 0 0 0 0 1 0
2 72 0 1 0 0 0 0 1 0 0 0 0 1 0
2 73 0 1 0 0 0 0 1 0 0 0 0 1 0
2 74 0 1 0 0 0 0 1 0 0 0 0 1 0
2 75 0 1 0 0 0 0 1 0 0 0 0 1 0
2 76 0 1 0 0 0 0 1 0 0 0 0 1 0
2 77 0 1 0 0 0 0 1 0 0 0 0 1 0
2 78 0 1 0 0 0 0 1 0 0 0 0 1 0
2 79 0 1 0 0 0 0 1 0 0 0 0 1 0
2 80 0 1 0 0 0 0 1 0 0 0 0 1 0
2 81 0 1 0 0 0 0 1 0 0 0 0 1 0
2 82 0 1 0 0 0 0 1 0 0 0 0 1 0
2 83 0 1 0 0 0 0 1 0 0 0 0 1 0
2 84 0 1 0 0 0 0 1 0 0 0 0 1 0
2 85 0 1 0 0 0 0 1 0 0 0 0 1 0
2 86 0 1 0 0 0 0 1 0 0 0 0 1 0
2 87 0 1 0 0 0 0 1 0 0 0 0 1 0
2 88 0 1 0 0 0 0 1 0 0 0 0 1 0
2 89 0 1 0 0 0 0 1 0 0 0 0 1 0
2 90 0 1 0 0 0 0 1 0 0 0 0 1 0
2 91 0 1 0 0 0 0 1 0 0 0 0 1 0
2 92 0 1 0 0 0 0 1 0 0 0 0 1 0
2 93 0 1 0 0 0 0 1 0 0 0 0 1 0
2 94 0 1 0 0 0 0 1 0 0 0 0 1 0
2 95 0 1 0 0 0 0 1 0 0 0 0 1 0
2 96 0 1 0 0 0 0 1 0 0 0 0 1 0
2 97 0 1 0 0 0 0 1 0 0 0 0 1 0
2 98 0 1 0 0 0 0 1 0 0 0 0 1 0
2 99 0 1 0 0 0 0 1 0 0 0 0 1 0
2 100 0 1 0 0 0 0 1 0 0 0 0 1 0
2 101 0 1 0 0 0 0 1 0 0 0 0 1 0
2 102 0 1 0 0 0 0 1 0 0 0 0 1 0
2 103 0 1 0 0 0 0 1 0 0 0 0 1 0
2 104 0 1 0 0 0 0 1 0 0 0 0 1 0
2 105 0 1 0 0 0 0 1 0 0 0 0 1 0
2 106 0 1 0 0 0 0 1 0 0 0 0 1 0
2 107 0 1 0 0 0 0 1 0 0 0 0 1 0
2 108 0 1 0 0 0 0 1 0 0 0 0 1 0
2 109 0 1 0 0 0 0 1 0 0 0 0 1 0
2 110 0 1 0 0 0 0 1 0 0 0 0 1 0
2 111 0 1 0 0 0 0 1 0 0 0 0 1 0
2 112 0 1 0 0 0 0 1 0 0 0 0 1 0
2 113 0 1 0 0 0 0 1 0 0 0 0 1 0
2 114 0 1 0 0 0 0 1 0 0 0 0 1 0
2 115 0 1 0 0 0 0 1 0 0 0 0 1 0
2 116 0 1 0 0 0 0 1 0 0 0 0 1 0
2 117 0 1 0 0 0 0 1 0 0 0 0 1 0
2 118 0 1 0 0 0 0 1 0 0 0 0 1 0
2 119 0 1 0 0 0 0 1 0 0 0 0 1 0
2 120 0 1 0 0 0 0 1 0 0 0 0 1 0
2 121 0 1 0 0 0 0 1 0 0 0 0 1 0
2 122 0 1 0 0 0 0 1 0 0 0 0 1 0
2 123 0 1 0 0 0 0 1 0 0 0 0 1 0
2 124 0 1 0 0 0 0 1 0 0 0 0 1 0
2 125 0 1 0 0 0 0 1 0 0 0 0 1 0
2 126 0 1 0 0 0 0 1 0 0 0 0 1 0
2 127 0 1 0 0 0 0 1 0 0 0 0 1 0
2 128 0 1 0 0 0 0 1 0 0 0 0 1 0
2 129 0 1 0 0 0 0 1 0 0 0 0 1 0
2 130 0 1 0 0 0 0 1 0 0 0 0 1 0
2 131 0 1 0 0 0 0 1 0 0 0 0 1 0
2 132 0 1 0 0 0 0 1 0 0 0 0 1 0
2 133 0 1 0 0 0 0 1 0 0 0 0 1 0
2 134 0 1 0 0 0 0 1 0 0 0 0 1 0
2 135 0 1 0 0 0 0 1 0 0 0 0 1 0
2 136 0 1 0 0 0 0 1 0 0 0 0 1 0
2 137 0 1 0 0 0 0 1 0 0 0 0 1 0
2 138 0 1 0 0 0 0 1 0 0 0 0 1 0
2 139 0 1 0 0 0 0 1 0 0 0 0 1 0
2 140 0 1 0 0 0 0 1 0 0 0 0 1 0
2 141 39 0.933132 -0.295317 0.205067 0.141231 0.193832 0.893597 0.404862 -0.400313 -0.30281 -0.338041 0.891086 -0.90543
2 142 26 0.747165 -0.404147 0.527645 -0.259116 0.332381 -0.460274 -0.823208 0.443563 0.575558 0.790451 -0.20957 0.857969
2 143 0 1 0 0 0 0 1 0 0 0 0 1 0
2 144 44 0.96943 -0.191545 -0.153346 0.492291 0.209234 0.971785 0.108882 0.105013 0.128164 -0.137639 0.982156 -0.864073
2 145 141 0.989562 0.0474566 -0.136069 0.356203 -0.033997 0.994448 0.0995886 0.0371166 0.14004 -0.0939232 0.985681 -0.933671
2 146 211 0.987016 0.0821505 -0.138026 0.387942 -0.0757583 0.995824 0.0509523 0.130719 0.141636 -0.0398341 0.989117 -0.912367
2 147 227 0.974214 0.160625 -0.158448 0.37762 -0.144149 0.983359 0.110575 0.0420337 0.173572 -0.0848835 0.981156 -0.925006
2 148 299 0.922404 0.212737 -0.322357 0.856454 -0.178169 0.974894 0.133557 -0.0673247 0.342677 -0.0657593 0.937149 -0.511815
2 149 213 0.946307 0.243135 -0.213044 0.559381 -0.221664 0.967733 0.11982 -0.0732162 0.235302 -0.0661621 0.969668 -0.825671
2 150 38 0.97529 0.218058 -0.0354887 -0.06341 -0.217686 0.975917 0.0140803 0.243225 0.0377043 -0.00600698 0.999271 -0.967895
2 151 102 0.844521 0.318706 -0.430361 0.975672 -0.301482 0.94713 0.109787 -0.205284 0.442598 0.0370284 0.895956 -0.0769514
2 152 84 0.91379 0.291581 -0.282786 0.950642 -0.29836 0.954248 0.0198117 -0.263513 0.275625 0.0662684 0.958978 -0.163829
2 153 0 1 0 0 0 0 1 0 0 0 0 1 0
2 154 19 -0.0776505 0.935416 -0.344915 0.261457 0.737699 0.286629 0.611264 -0.317972 0.670649 -0.206979 -0.712313 0.911337
2 155 0 1 0 0 0 0 1 0 0 0 0 1 0
2 156 0 1 0 0 0 0 1 0 0 0 0 1 0
2 157 17 0.695423 0.699767 0.163438 -0.0845665 -0.696769 0.71226 -0.0848429 -0.188018 -0.175781 -0.0548767 0.982899 0.978518
2 158 39 0.926204 -0.0411364 0.374771 -0.154489 -0.290515 -0.711444 0.639882 -0.416869 0.240306 -0.701538 -0.670893 0.895742
2 159 26 0.982267 0.132575 0.132572 0.127205 -0.151248 0.978179 0.142444 -0.152127 -0.110795 -0.159969 0.980884 0.980141
2 160 19 -0.253592 0.903427 -0.345704 0.1445 0.82129 0.389906 0.416481 -0.0587191 0.511052 -0.178308 -0.840852 0.987761
2 161 40 0.959953 0.116063 0.254991 -0.775442 -0.174189 0.960107 0.218754 -0.277887 -0.219429 -0.25441 0.941874 0.566983
2 162 58 0.904005 0.32096 -0.282416 0.956784 -0.264294 0.938797 0.220926 -0.243726 0.33604 -0.125077 0.933506 -0.158628
2 163 50 0.230141 -0.0867908 0.969279 -0.881238 0.080824 0.994279 0.0698388 0.0835965 -0.969795 0.0622682 0.235839 0.465222
2 164 49 0.987333 0.14392 0.0667842 0.299596 -0.148803 0.986017 0.0750197 0.0973593 -0.0550535 -0.0840071 0.994943 -0.949086
2 165 31 0.985878 0.138158 0.0946367 0.108794 -0.147246 0.98434 0.096916 0.115392 -0.079765 -0.109482 0.990783 -0.987344
2 166 75 0.881765 0.253025 -0.398082 0.92595 -0.185212 0.961894 0.20114 -0.106059 0.433806 -0.103629 0.895027 -0.362448
2 167 80 0.985935 0.163988 0.0322423 -0.349483 -0.166722 0.978496 0.121445 0.15024 -0.0116335 -0.125113 0.992074 -0.924819
2 168 119 0.970161 0.181916 -0.160296 0.536146 -0.154823 0.973578 0.167855 0.0160861 0.186596 -0.138029 0.972692 -0.843972
2 169 279 0.981535 0.135468 -0.135049 0.564714 -0.120698 0.986332 0.112165 0.0782562 0.148398 -0.0937942 0.98447 -0.821568
2 170 263 0.994941 0.0621233 -0.0789489 0.3339 -0.0507737 0.989072 0.138413 0.110492 0.0866849 -0.133704 0.987223 -0.93611
2 171 232 0.990877 0.0428829 -0.127763 0.369059 -0.024907 0.989964 0.139107 0.145577 0.132446 -0.134656 0.982001 -0.917934
2 172 267 0.990131 0.0887612 -0.108449 0.207611 -0.0660242 0.978039 0.19769 -0.0165273 0.123615 -0.188579 0.974247 -0.978072
3 4 1332 0.997485 0.0318233 -0.0633343 0.9978 -0.0319724 0.999488 -0.00134224 0.0306154 0.0632592 0.00336381 0.997991 -0.0588015
3 5 921 0.996372 0.0487319 -0.0697781 0.979815 -0.0509116 0.998258 -0.0298067 0.158503 0.068204 0.0332511 0.997117 0.121815
3 6 678 0.989534 0.0606549 -0.130932 0.994293 -0.060004 0.998158 0.00891473 -0.00598647 0.131232 -0.000964982 0.991351 0.106511
3 7 441 0.990911 0.05312 -0.12359 0.98365 -0.0557165 0.998291 -0.0176462 -0.104723 0.122441 0.0243718 0.992176 0.146509
3 8 285 0.9867 0.0679432 -0.147674 0.996037 -0.0712767 0.997305 -0.0173933 -0.0512469 0.146094 0.0276876 0.988883 -0.0726921
3 9 166 0.978517 0.0958021 -0.182554 0.986274 -0.105087 0.993582 -0.0418615 0.0673155 0.177372 0.0601461 0.982304 -0.15077
3 10 50 0.990133 0.00381373 0.140079 0.105231 -0.00558396 0.999909 0.0122465 0.297792 -0.14002 -0.0129078 0.990065 -0.948813
3 11 76 0.990256 0.134349 0.0366464 0.4451 -0.136165 0.989287 0.0526378 0.100199 -0.0291819 -0.0571149 0.997941 -0.889858
3 12 27 0.972423 0.199392 0.12098 0.0894393 -0.202442 0.979203 0.01334 0.21553 -0.115804 -0.0374636 0.992565 -0.972393
3 13 22 0.986459 0.163855 0.00714861 -0.277198 -0.163936 0.986387 0.0128534 0.199187 -0.00494522 -0.0138512 0.999892 -0.939939
3 14 0 1 0 0 0 0 1 0 0 0 0 1 0
3 15 0 1 0 0 0 0 1 0 0 0 0 1 0
3 16 0 1 0 0 0 0 1 0 0 0 0 1 0
3 17 0 1 0 0 0 0 1 0 0 0 0 1 0
3 18 0 1 0 0 0 0 1 0 0 0 0 1 0
3 19 0 1 0 0 0 0 1 0 0 0 0 1 0
3 20 0 1 0 0 0 0 1 0 0 0 0 1 0
3 21 0 1 0 0 0 0 1 0 0 0 0 1 0
3 22 0 1 0 0 0 0 1 0 0 0 0 1 0
3 23 0 1 0 0 0 0 1 0 0 0 0 1 0
3 24 0 1 0 0 0 0 1 0 0 0 0 1 0
3 25 0 1 0 0 0 0 1 0 0 0 0 1 0
3 26 0 1 0 0 0 0 1 0 0 0 0 1 0
3 27 0 1 0 0 0 0 1 0 0 0 0 1 0
3 28 0 1 0 0 0 0 1 0 0 0 0 1 0
3 29 0 1 0 0 0 0 1 0 0 0 0 1 0
3 30 0 1 0 0 0 0 1 0 0 0 0 1 0
3 31 0 1 0 0 0 0 1 0 0 0 0 1 0
3 32 0 1 0 0 0 0 1 0 0 0 0 1 0
3 33 0 1 0 0 0 0 1 0 0 0 0 1 0
3 34 0 1 0 0 0 0 1 0 0 0 0 1 0
3 35 0 1 0 0 0 0 1 0 0 0 0 1 0
3 36 0 1 0 0 0 0 1 0 0 0 0 1 0
3 37 0 1 0 0 0 0 1 0 0 0 0 1 0
3 38 0 1 0 0 0 0 1 0 0 0 0 1 0
3 39 0 1 0 0 0 0 1 0 0 0 0 1 0
3 40 0 1 0 0 0 0 1 0 0 0 0 1 0
3 41 0 1 0 0 0 0 1 0 0 0 0 1 0
3 42 0 1 0 0 0 0 1 0 0 0 0 1 0
3 43 0 1 0 0 0 0 1 0 0 0 0 1 0
3 44 0 1 0 0 0 0 1 0 0 0 0 1 0
3 45 0 1 0 0 0 0 1 0 0 0 0 1 0
3 46 0 1 0 0 0 0 1 0 0 0 0 1 0
3 47 0 1 0 0 0 0 1 0 0 0 0 1 0
3 48 0 1 0 0 0 0 1 0 0 0 0 1 0
3 49 0 1 0 0 0 0 1 0 0 0 0 1 0
3 50 0 1 0 0 0 0 1 0 0 0 0 1 0
3 51 0 1 0 0 0 0 1 0 0 0 0 1 0
3 52 0 1 0 0 0 0 1 0 0 0 0 1 0
3 53 0 1 0 0 0 0 1 0 0 0 0 1 0
3 54 0 1 0 0 0 0 1 0 0 0 0 1 0
3 55 0 1 0 0 0 0 1 0 0 0 0 1 0
3 56 0 1 0 0 0 0 1 0 0 0 0 1 0
3 57 0 1 0 0 0 0 1 0 0 0 0 1 0
3 58 0 1 0 0 0 0 1 0 0 0 0 1 0
3 59 0 1 0 0 0 0 1 0 0 0 0 1 0
3 60 0 1 0 0 0 0 1 0 0 0 0 1 0
3 61 0 1 0 0 0 0 1 0 0 0 0 1 0
3 62 0 1 0 0 0 0 1 0 0 0 0 1 0
3 63 0 1 0 0 0 0 1 0 0 0 0 1 0
3 64 0 1 0 0 0 0 1 0 0 0 0 1 0
3 65 0 1 0 0 0 0 1 0 0 0 0 1 0
3 66 0 1 0 0 0 0 1 0 0 0 0 1 0
3 67 0 1 0 0 0 0 1 0 0 0 0 1 0
3 68 0 1 0 0 0 0 1 0 0 0 0 1 0
3 69 0 1 0 0 0 0 1 0 0 0 0 1 0
3 70 0 1 0 0 0 0 1 0 0 0 0 1 0
3 71 0 1 0 0 0 0 1 0 0 0 0 1 0
3 72 0 1 0 0 0 0 1 0 0 0 0 1 0
3 73 0 1 0 0 0 0 1 0 0 0 0 1 0
3 74 0 1 0 0 0 0 1 0 0 0 0 1 0
3 75 0 1 0 0 0 0 1 0 0 0 0 1 0
3 76 0 1 0 0 0 0 1 0 0 0 0 1 0
3 77 0 1 0 0 0 0 1 0 0 0 0 1 0
3 78 0 1 0 0 0 0 1 0 0 0 0 1 0
3 79 0 1 0 0 0 0 1 0 0 0 0 1 0
3 80 0 1 0 0 0 0 1 0 0 0 0 1 0
3 81 0 1 0 0 0 0 1 0 0 0 0 1 0
3 82 0 1 0 0 0 0 1 0 0 0 0 1 0
3 83 0 1 0 0 0 0 1 0 0 0 0 1 0
3 84 0 1 0 0 0 0 1 0 0 0 0 1 0
3 85 0 1 0 0 0 0 1 0 0 0 0 1 0
3 86 0 1 0 0 0 0 1 0 0 0 0 1 0
3 87 0 1 0 0 0 0 1 0 0 0 0 1 0
3 88 0 1 0 0 0 0 1 0 0 0 0 1 0
3 89 0 1 0 0 0 0 1 0 0 0 0 1 0
3 90 0 1 0 0 0 0 1 0 0 0 0 1 0
3 91 0 1 0 0 0 0 1 0 0 0 0 1 0
3 92 0 1 0 0 0 0 1 0 0 0 0 1 0
3 93 0 1 0 0 0 0 1 0 0 0 0 1 0
3 94 0 1 0 0 0 0 1 0 0 0 0 1 0
3 95 0 1 0 0 0 0 1 0 0 0 0 1 0
3 96 0 1 0 0 0 0 1 0 0 0 0 1 0
3 97 0 1 0 0 0 0 1 0 0 0 0 1 0
3 98 0 1 0 0 0 0 1 0 0 0 0 1 0
3 99 0 1 0 0 0 0 1 0 0 0 0 1 0
3 100 0 1 0 0 0 0 1 0 0 0 0 1 0
3 101 0 1 0 0 0 0 1 0 0 0 0 1 0
3 102 0 1 0 0 0 0 1 0 0 0 0 1 0
3 103 0 1 0 0 0 0 1 0 0 0 0 1 0
3 104 0 1 0 0 0 0 1 0 0 0 0 1 0
3 105 0 1 0 0 0 0 1 0 0 0 0 1 0
3 106 0 1 0 0 0 0 1 0 0 0 0 1 0
3 107 0 1 0 0 0 0 1 0 0 0 0 1 0
3 108 0 1 0 0 0 0 1 0 0 0 0 1 0
3 109 0 1 0 0 0 0 1 0 0 0 0 1 0
3 110 0 1 0 0 0 0 1 0 0 0 0 1 0
3 111 0 1 0 0 0 0 1 0 0 0 0 1 0
3 112 0 1 0 0 0 0 1 0 0 0 0 1 0
3 113 0 1 0 0 0 0 1 0 0 0 0 1 0
3 114 0 1 0 0 0 0 1 0 0 0 0 1 0
3 115 0 1 0 0 0 0 1 0 0 0 0 1 0
3 116 0 1 0 0 0 0 1 0 0 0 0 1 0
3 117 0 1 0 0 0 0 1 0 0 0 0 1 0
3 118 0 1 0 0 0 0 1 0 0 0 0 1 0
3 119 0 1 0 0 0 0 1 0 0 0 0 1 0
3 120 0 1 0 0 0 0 1 0 0 0 0 1 0
3 121 0 1 0 0 0 0 1 0 0 0 0 1 0
3 122 0 1 0 0 0 0 1 0 0 0 0 1 0
3 123 0 1 0 0 0 0 1 0 0 0 0 1 0
3 124 0 1 0 0 0 0 1 0 0 0 0 1 0
3 125 0 1 0 0 0 0 1 0 0 0 0 1 0
3 126 0 1 0 0 0 0 1 0 0 0 0 1 0
3 127 0 1 0 0 0 0 1 0 0 0 0 1 0
3 128 0 1 0 0 0 0 1 0 0 0 0 1 0
3 129 0 1 0 0 0 0 1 0 0 0 0 1 0
3 130 0 1 0 0 0 0 1 0 0 0 0 1 0
3 131 0 1 0 0 0 0 1 0 0 0 0 1 0
3 132 0 1 0 0 0 0 1 0 0 0 0 1 0
3 133 0 1 0 0 0 0 1 0 0 0 0 1 0
3 134 0 1 0 0 0 0 1 0 0 0 0 1 0
3 135 0 1 0 0 0 0 1 0 0 0 0 1 0
3 136 0 1 0 0 0 0 1 0 0 0 0 1 0
3 137 0 1 0 0 0 0 1 0 0 0 0 1 0
3 138 0 1 0 0 0 0 1 0 0 0 0 1 0
3 139 0 1 0 0 0 0 1 0 0 0 0 1 0
3 140 35 0.976754 -0.067525 0.20345 0.121016 0.0436039 0.991834 0.119849 0.138329 -0.209882 -0.108192 0.971722 -0.982965
3 141 28 0.954328 -0.194956 0.226387 0.112468 0.188064 0.980788 0.0518398 0.496647 -0.232145 -0.00689689 0.972657 -0.860635
3 142 23 0.840844 -0.365548 0.399194 -0.581385 0.3608 0.928284 0.0900686 0.304125 -0.40349 0.0682958 0.912432 -0.754652
3 143 0 1 0 0 0 0 1 0 0 0 0 1 0
3 144 51 0.95132 0.0415929 -0.305386 0.747218 0.0570636 0.949951 0.307142 -0.377363 0.302877 -0.309617 0.901334 -0.547048
3 145 133 0.989294 0.0476091 -0.13795 0.29891 -0.0358016 0.995578 0.0868456 0.0698624 0.141474 -0.080977 0.986624 -0.951721
3 146 183 0.990826 0.09861 -0.0924094 0.199609 -0.0917249 0.992879 0.0760136 0.0642046 0.0992471 -0.06684 0.992815 -0.97777
3 147 286 0.925788 0.198977 -0.321441 0.763829 -0.185778 0.979982 0.0715606 0.170659 0.329246 -0.00653321 0.944222 -0.622447
3 148 286 0.959635 0.207915 -0.189401 0.414145 -0.184747 0.97376 0.132891 -0.0778248 0.212061 -0.0925361 0.972865 -0.906878
3 149 230 0.91698 0.25295 -0.308488 0.842279 -0.229279 0.96697 0.111353 -0.00356227 0.326465 -0.0313787 0.944688 -0.539029
3 150 64 0.960465 0.244047 -0.133969 0.598947 -0.242791 0.969733 0.0258887 0.128932 0.136232 0.00766117 0.990647 -0.790341
3 151 33 0.96295 0.265983 0.0445133 0.151188 -0.265759 0.963977 -0.0109712 0.0584089 -0.045828 -0.00126508 0.998949 -0.986778
3 152 68 0.974339 0.216441 0.0617729 0.180766 -0.20777 0.970412 -0.123012 0.311945 -0.0865701 0.107021 0.990481 -0.932745
3 153 0 1 0 0 0 0 1 0 0 0 0 1 0
3 154 16 0.923513 0.29934 0.239833 0.037563 -0.284205 0.953922 -0.0962355 -0.0902503 -0.257589 0.020713 0.966033 0.99521
3 155 0 1 0 0 0 0 1 0 0 0 0 1 0
3 156 0 1 0 0 0 0 1 0 0 0 0 1 0
3 157 0 1 0 0 0 0 1 0 0 0 0 1 0
3 158 22 0.922407 0.370197 0.11009 -0.0445459 -0.37536 0.926399 0.0298288 -0.0137304 -0.0909443 -0.0688375 0.993474 0.998913
3 159 12 0.97893 0.170169 0.112861 0.126666 -0.182745 0.976711 0.112428 0.102059 -0.0911007 -0.130685 0.98723 -0.986681
3 160 20 0.958931 0.278429 0.0541222 0.253714 -0.283226 0.950249 0.129655 0.0147263 -0.0153298 -0.139659 0.990081 -0.967167
3 161 0 1 0 0 0 0 1 0 0 0 0 1 0
3 162 23 0.945092 0.309177 0.105884 0.201652 -0.31892 0.943281 0.0922561 0.0732228 -0.0713548 -0.120959 0.99009 -0.976716
3 163 51 0.897033 0.407636 0.170774 -0.0585432 -0.419446 0.906971 0.0383136 0.220454 -0.139269 -0.105999 0.984565 -0.973639
3 164 62 0.986777 0.158075 0.0358327 0.334083 -0.1605 0.983795 0.0799218 0.0956857 -0.0226183 -0.0846161 0.996157 -0.937674
3 165 68 0.985092 0.171935 -0.00571877 0.38355 -0.170359 0.979603 0.106561 0.0637869 0.0239237 -0.103998 0.99429 -0.921315
3 166 108 0.97298 0.193649 -0.125735 0.486172 -0.17537 0.974048 0.143096 0.0465404 0.150182 -0.11718 0.981689 -0.872623
3 167 85 0.965306 0.220644 -0.139643 0.493246 -0.199856 0.968475 0.148709 0.0352067 0.168053 -0.115641 0.978972 -0.869177
3 168 136 0.925643 0.238345 -0.293898 0.791011 -0.179096 0.960145 0.214586 -0.114784 0.33333 -0.145994 0.931438 -0.600938
3 169 272 0.972298 0.154469 -0.175433 0.623113 -0.134811 0.983701 0.118993 0.0621306 0.190954 -0.092046 0.977274 -0.77966
3 170 221 0.987998 0.0919877 -0.124086 0.413695 -0.072359 0.985365 0.154336 0.0635959 0.136467 -0.143505 0.980195 -0.908192
3 171 242 0.997794 0.0436496 -0.050011 0.0832892 -0.0329766 0.979801 0.197237 -0.0383334 0.0576101 -0.195153 0.979079 -0.995788
3 172 186 0.991648 0.0861938 -0.0959456 0.0980634 -0.0698064 0.984205 0.162687 0.105328 0.108453 -0.15463 0.982002 -0.989591
4 5 1179 0.999849 0.0166473 -0.00495903 0.996246 -0.0167071 0.999785 -0.0122561 -0.0198097 0.00475394 0.0123371 0.999913 0.0842746
4 6 938 0.997726 0.0253321 -0.062451 0.988947 -0.0256577 0.999661 -0.00441754 0.0908116 0.062318 0.00600985 0.998038 0.117205
4 7 577 0.997141 0.0205197 -0.0727268 0.976892 -0.0216848 0.999648 -0.0152675 -0.128269 0.0723879 0.0168009 0.997235 0.170965
4 8 355 0.995024 0.0479045 -0.0873667 0.995113 -0.0493573 0.998675 -0.0145444 -0.0706806 0.0865542 0.0187843 0.99607 -0.0689465
4 9 279 0.985875 0.075344 -0.149575 0.981047 -0.0797589 0.996532 -0.0237314 0.021156 0.147269 0.0353262 0.988465 -0.19261
4 10 84 0.982119 0.0113399 0.187918 0.0501944 -0.0156607 0.999646 0.0215242 0.253102 -0.187607 -0.0240822 0.981949 -0.966137
4 11 84 0.986237 0.0597035 0.154183 0.132409 -0.0676088 0.996626 0.0465438 0.225642 -0.150884 -0.0563273 0.986945 -0.96517
4 12 55 0.990125 -0.0141175 0.139478 0.0872594 0.00741061 0.998796 0.0484888 0.26694 -0.139995 -0.0469763 0.989037 -0.959754
4 13 34 0.99638 0.0815483 0.0240034 -0.203101 -0.0819798 0.996479 0.0175779 -0.0050779 -0.0224854 -0.0194821 0.999557 -0.979145
4 14 0 1 0 0 0 0 1 0 0 0 0 1 0
4 15 0 1 0 0 0 0 1 0 0 0 0 1 0
4 16 0 1 0 0 0 0 1 0 0 0 0 1 0
4 17 14 0.94582 0.0367108 0.322609 0.0554145 -0.0861918 0.986328 0.140458 -0.253451 -0.313041 -0.160655 0.936053 0.96576
4 18 0 1 0 0 0 0 1 0 0 0 0 1 0
4 19 0 1 0 0 0 0 1 0 0 0 0 1 0
4 20 0 1 0 0 0 0 1 0 0 0 0 1 0
4 21 0 1 0 0 0 0 1 0 0 0 0 1 0
4 22 0 1 0 0 0 0 1 0 0 0 0 1 0
4 23 0 1 0 0 0 0 1 0 0 0 0 1 0
4 24 0 1 0 0 0 0 1 0 0 0 0 1 0
4 25 0 1 0 0 0 0 1 0 0 0 0 1 0
4 26 0 1 0 0 0 0 1 0 0 0 0 1 0
4 27 0 1 0 0 0 0 1 0 0 0 0 1 0
4 28 0 1 0 0 0 0 1 0 0 0 0 1 0
4 29 0 1 0 0 0 0 1 0 0 0 0 1 0
4 30 0 1 0 0 0 0 1 0 0 0 0 1 0
4 31 0 1 0 0 0 0 1 0 0 0 0 1 0
4 32 0 1 0 0 0 0 1 0 0 0 0 1 0
4 33 0 1 0 0 0 0 1 0 0 0 0 1 0
4 34 0 1 0 0 0 0 1 0 0 0 0 1 0
4 35 0 1 0 0 0 0 1 0 0 0 0 1 0
4 36 0 1 0 0 0 0 1 0 0 0 0 1 0
4 37 0 1 0 0 0 0 1 0 0 0 0 1 0
4 38 0 1 0 0 0 0 1 0 0 0 0 1 0
4 39 0 1 0 0 0 0 1 0 0 0 0 1 0
4 40 0 1 0 0 0 0 1 0 0 0 0 1 0
4 41 0 1 0 0 0 0 1 0 0 0 0 1 0
4 42 0 1 0 0 0 0 1 0 0 0 0 1 0
4 43 0 1 0 0 0 0 1 0 0 0 0 1 0
4 44 0 1 0 0 0 0 1 0 0 0 0 1 0
4 45 0 1 0 0 0 0 1 0 0 0 0 1 0
4 46 0 1 0 0 0 0 1 0 0 0 0 1 0
4 47 0 1 0 0 0 0 1 0 0 0 0 1 0
4 48 0 1 0 0 0 0 1 0 0 0 0 1 0
4 49 0 1 0 0 0 0 1 0 0 0 0 1 0
4 50 0 1 0 0 0 0 1 0 0 0 0 1 0
4 51 0 1 0 0 0 0 1 0 0 0 0 1 0
4 52 0 1 0 0 0 0 1 0 0 0 0 1 0
4 53 0 1 0 0 0 0 1 0 0 0 0 1 0
4 54 0 1 0 0 0 0 1 0 0 0 0 1 0
4 55 0 1 0 0 0 0 1 0 0 0 0 1 0
4 56 32 -0.966731 0.156708 0.202171 0.165526 0.214926 0.926187 0.309813 -0.101298 -0.138698 0.342958 -0.929055 0.980989
4 57 0 1 0 0 0 0 1 0 0 0 0 1 0
4 58 0 1 0 0 0 0 1 0 0 0 0 1 0
4 59 0 1 0 0 0 0 1 0 0 0 0 1 0
4 60 0 1 0 0 0 0 1 0 0 0 0 1 0
4 61 0 1 0 0 0 0 1 0 0 0 0 1 0
4 62 0 1 0 0 0 0 1 0 0 0 0 1 0
4 63 0 1 0 0 0 0 1 0 0 0 0 1 0
4 64 0 1 0 0 0 0 1 0 0 0 0 1 0
4 65 0 1 0 0 0 0 1 0 0 0 0 1 0
4 66 0 1 0 0 0 0 1 0 0 0 0 1 0
4 67 0 1 0 0 0 0 1 0 0 0 0 1 0
4 68 0 1 0 0 0 0 1 0 0 0 0 1 0
4 69 0 1 0 0 0 0 1 0 0 0 0 1 0
4 70 0 1 0 0 0 0 1 0 0 0 0 1 0
4 71 0 1 0 0 0 0 1 0 0 0 0 1 0
4 72 0 1 0 0 0 0 1 0 0 0 0 1 0
4 73 0 1 0 0 0 0 1 0 0 0 0 1 0
4 74 0 1 0 0 0 0 1 0 0 0 0 1 0
4 75 0 1 0 0 0 0 1 0 0 0 0 1 0
4 76 0 1 0 0 0 0 1 0 0 0 0 1 0
4 77 0 1 0 0 0 0 1 0 0 0 0 1 0
4 78 0 1 0 0 0 0 1 0 0 0 0 1 0
4 79 0 1 0 0 0 0 1 0 0 0 0 1 0
4 80 0 1 0 0 0 0 1 0 0 0 0 1 0
4 81 0 1 0 0 0 0 1 0 0 0 0 1 0
4 82 0 1 0 0 0 0 1 0 0 0 0 1 0
4 83 0 1 0 0 0 0 1 0 0 0 0 1 0
4 84 0 1 0 0 0 0 1 0 0 0 0 1 0
4 85 0 1 0 0 0 0 1 0 0 0 0 1 0
4 86 0 1 0 0 0 0 1 0 0 0 0 1 0
4 87 0 1 0 0 0 0 1 0 0 0 0 1 0
4 88 0 1 0 0 0 0 1 0 0 0 0 1 0
4 89 0 1 0 0 0 0 1 0 0 0 0 1 0
4 90 0 1 0 0 0 0 1 0 0 0 0 1 0
4 91 0 1 0 0 0 0 1 0 0 0 0 1 0
4 92 0 1 0 0 0 0 1 0 0 0 0 1 0
4 93 0 1 0 0 0 0 1 0 0 0 0 1 0
4 94 0 1 0 0 0 0 1 0 0 0 0 1 0
4 95 0 1 0 0 0 0 1 0 0 0 0 1 0
4 96 0 1 0 0 0 0 1 0 0 0 0 1 0
4 97 0 1 0 0 0 0 1 0 0 0 0 1 0
4 98 0 1 0 0 0 0 1 0 0 0 0 1 0
4 99 0 1 0 0 0 0 1 0 0 0 0 1 0
4 100 0 1 0 0 0 0 1 0 0 0 0 1 0
4 101 0 1 0 0 0 0 1 0 0 0 0 1 0
4 102 0 1 0 0 0 0 1 0 0 0 0 1 0
4 103 0 1 0 0 0 0 1 0 0 0 0 1 0
4 104 0 1 0 0 0 0 1 0 0 0 0 1 0
4 105 0 1 0 0 0 0 1 0 0 0 0 1 0
4 106 0 1 0 0 0 0 1 0 0 0 0 1 0
4 107 0 1 0 0 0 0 1 0 0 0 0 1 0
4 108 0 1 0 0 0 0 1 0 0 0 0 1 0
4 109 0 1 0 0 0 0 1 0 0 0 0 1 0
4 110 0 1 0 0 0 0 1 0 0 0 0 1 0
4 111 0 1 0 0 0 0 1 0 0 0 0 1 0
4 112 0 1 0 0 0 0 1 0 0 0 0 1 0
4 113 0 1 0 0 0 0 1 0 0 0 0 1 0
4 114 0 1 0 0 0 0 1 0 0 0 0 1 0
4 115 0 1 0 0 0 0 1 0 0 0 0 1 0
