0 1 242 0.999872 0.00875319 -0.0133731 0.914247 -0.00864331 0.999929 0.00825253 -0.288888 0.0134444 -0.00813589 0.999877 0.284071
0 2 1179 0.999499 0.0108225 -0.029726 0.904171 -0.0104761 0.999876 0.0117847 -0.279306 0.0298499 -0.0114674 0.999489 0.323207
0 3 1012 0.999365 0.00370012 -0.0354462 0.958982 -0.0037322 0.999993 -0.000838951 -0.000456207 0.0354429 0.000970711 0.999371 0.283468
0 4 897 0.99351 0.0385318 -0.107021 0.976419 -0.0389091 0.999242 -0.00143848 -0.0101983 0.106884 0.00559323 0.994256 0.215644
0 5 668 0.991722 0.0536132 -0.116679 0.979328 -0.0545726 0.998497 -0.00504076 -0.0725705 0.116234 0.0113665 0.993157 0.188813
0 6 493 0.988627 0.0613048 -0.137324 0.980444 -0.0602221 0.998113 0.0120286 -0.0323818 0.137802 -0.0036218 0.990453 0.194114
0 7 383 0.981666 0.0564091 -0.18207 0.972819 -0.061206 0.997908 -0.0208314 -0.07125 0.180514 0.0315933 0.983065 0.220333
0 8 301 0.98165 0.0797792 -0.173203 0.997236 -0.0832015 0.996453 -0.0125773 -0.0693988 0.171585 0.0267573 0.984806 0.0265443
0 9 261 0.972893 0.115785 -0.200185 0.99271 -0.118008 0.993012 0.000832578 -0.0516752 0.198882 0.0228134 0.979758 -0.108892
0 10 196 0.94225 0.150995 -0.29894 0.994579 -0.150864 0.988271 0.0236579 0.0283793 0.299006 0.0228077 0.953979 -0.10004
0 11 123 0.980071 0.151414 0.128585 0.246639 -0.159844 0.985441 0.0579295 0.0715509 -0.117941 -0.0773286 0.990005 -0.966463
0 12 171 0.879305 0.316805 -0.355608 0.959697 -0.291906 0.94848 0.123193 -0.110765 0.376315 -0.00452023 0.926481 -0.258288
0 13 103 0.983502 0.158273 0.0876019 -0.731212 -0.160925 0.986674 0.0240473 0.0796695 -0.0826284 -0.0377479 0.995865 -0.677482
0 14 102 -0.410903 0.835296 -0.365293 0.244433 0.909701 0.402041 -0.10396 0.223109 0.0600252 -0.375024 -0.92507 0.94365
0 15 185 -0.0195082 0.933208 -0.358808 0.282615 0.598162 0.298458 0.743724 -0.337345 0.801138 -0.200117 -0.564032 0.897957
0 16 66 0.993348 0.109414 -0.0358832 0.29661 -0.111553 0.991674 -0.0643365 0.207479 0.0285451 0.0679114 0.997283 -0.932188
0 17 96 -0.982364 -0.00639322 -0.186867 0.0763236 0.0155203 0.993178 -0.11557 0.0623988 0.186331 -0.116432 -0.975564 0.995129
0 18 39 0.939523 -0.00775277 0.342397 0.0818286 -0.0515921 0.985131 0.163873 -0.121858 -0.338576 -0.171627 0.925154 0.989169
0 19 96 0.899769 0.434856 0.0362703 0.487779 -0.429749 0.897479 -0.0992319 0.288988 -0.0757034 0.0736987 0.994403 0.823746
0 20 40 0.474459 -0.816783 0.32826 0.15126 0.816979 0.547431 0.181285 -0.0802402 -0.32777 0.182169 0.927028 0.985232
0 21 64 -0.950758 -0.232157 0.205334 -0.310293 0.180655 -0.953437 -0.241498 0.073253 0.251839 -0.192512 0.948428 0.947815
0 22 109 -0.898372 -0.389941 0.202172 -0.0585217 -0.34047 0.909015 0.240359 -0.12294 -0.277503 0.147098 -0.949397 0.990687
0 23 73 0.538874 0.285059 -0.792689 -0.00941511 -0.682565 0.69923 -0.212561 -0.124338 0.49368 0.655605 0.571369 0.992195
0 24 48 0.969803 -0.235378 -0.063877 -0.151614 0.224945 0.964452 -0.138678 0.159566 0.0942479 0.120121 0.988275 -0.975475
0 25 100 -0.523015 -0.582393 0.622313 -0.351356 -0.722656 0.690134 0.0385165 0.0439748 -0.451912 -0.429574 -0.78182 0.935208
0 26 71 -0.59065 -0.784081 -0.190656 0.493727 0.797201 -0.603584 0.0125466 0.289877 -0.124914 -0.144581 0.981577 -0.819881
0 27 115 0.649699 0.0476599 -0.758696 0.462594 -0.14738 -0.9712 -0.187216 0.162576 -0.745768 0.233451 -0.623964 0.871536
0 28 51 -0.90433 0.32918 0.271714 -0.333533 -0.364014 -0.927205 -0.0882243 -0.156874 0.222893 -0.178692 0.958325 -0.929595
0 29 115 0.602901 0.793187 0.0858194 0.179772 0.715115 -0.584961 0.382662 -0.106717 0.353724 -0.169337 -0.919894 0.977903
0 30 93 -0.594209 -0.574927 0.562472 -0.114416 -0.747218 0.65337 -0.121543 -0.0208917 -0.297624 -0.492511 -0.817834 0.993213
0 31 62 0.128888 0.989531 -0.0649392 0.0897351 -0.987936 0.122459 -0.0947926 -0.310801 -0.0858478 0.0763734 0.993377 -0.94623
0 32 117 0.91529 0.134569 -0.379653 0.341346 -0.0282189 -0.918804 -0.393704 0.104255 -0.401807 0.371067 -0.837174 0.934138
0 33 48 -0.967814 0.166606 0.188625 -0.174719 -0.140387 -0.97945 0.144807 0.0908083 0.208874 0.113666 0.971314 0.980422
0 34 108 -0.487996 0.814643 -0.313396 0.277007 0.833481 0.541526 0.109811 0.148007 0.259169 -0.207623 -0.943252 0.9494
0 35 101 0.311013 -0.786634 -0.533365 0.186904 -0.940871 -0.334131 -0.055842 -0.0390378 -0.134287 0.519196 -0.84404 0.981602
0 36 149 0.410416 0.843902 -0.345526 0.170583 0.886001 -0.279366 0.370077 -0.125864 0.21578 -0.458021 -0.862354 0.977272
0 37 104 0.940109 -0.317146 -0.124954 0.0843593 -0.334173 -0.785145 -0.521417 0.20933 0.0672579 0.531945 -0.844104 0.974199
0 38 40 -0.00882834 -0.975852 -0.218253 0.327722 0.953736 0.0573763 -0.295119 0.0493693 0.300515 -0.210761 0.930199 -0.943483
0 39 40 -0.220138 -0.974694 0.0388772 0.228322 0.957152 -0.208146 0.201334 0.0373925 -0.188147 0.0815327 0.978751 -0.972867
0 40 97 -0.77547 -0.561627 0.288482 -0.12574 -0.631214 0.700235 -0.333526 0.239265 -0.0146879 -0.440733 -0.897518 0.962778
0 41 69 0.301295 -0.943695 -0.136608 -0.419265 0.940357 0.270335 0.206511 -0.364616 -0.157953 -0.190681 0.968861 0.831427
0 42 80 0.22524 0.938423 0.261971 -0.067033 0.914361 -0.110743 -0.389461 0.0990405 -0.336467 0.327259 -0.883001 0.992823
0 43 125 0.59052 -0.630279 -0.504018 0.132601 0.797365 0.552003 0.243928 -0.250632 0.124477 -0.545931 0.828532 0.958958
0 44 41 -0.505248 -0.679209 -0.532353 0.403299 0.776662 -0.6268 0.062592 -0.194888 -0.376192 -0.381834 0.844205 -0.894074
0 45 94 -0.317844 0.944837 -0.079115 0.0560791 0.905034 0.27746 -0.322381 0.00877655 -0.282647 -0.174069 -0.943298 0.998388
0 46 140 -0.222216 0.725836 -0.650985 0.436838 0.937782 0.341821 0.0610089 -0.0779399 0.266803 -0.596925 -0.756635 0.896157
0 47 54 -0.958185 0.206981 -0.197587 -0.283712 -0.181122 -0.973271 -0.141204 -0.0801405 -0.221532 -0.0995124 0.970062 -0.955555
0 48 54 -0.00204453 0.992111 -0.125345 0.426746 -0.926061 -0.0491798 -0.374156 0.116408 -0.377369 0.115312 0.918856 -0.896848
0 49 32 0.130966 -0.974985 -0.179592 0.170201 0.986822 0.110842 0.117882 0.0295224 -0.0950267 -0.192664 0.976653 -0.984967
0 50 111 -0.183117 -0.675982 -0.713804 0.320783 -0.749918 0.565544 -0.343196 0.165579 0.635682 0.47245 -0.610491 0.932567
0 51 98 -0.971357 0.0177587 -0.236962 -0.0305044 0.0264284 0.999091 -0.0334606 -0.0230188 0.236152 -0.0387647 -0.970943 0.99927
0 52 57 -0.894173 0.441512 0.0743038 -0.179487 -0.44772 -0.881978 -0.14718 0.170136 0.000552646 -0.164872 0.986315 -0.968936
0 53 52 -0.590473 -0.675964 -0.440925 0.393221 0.744017 -0.66761 0.0271209 -0.350012 -0.312699 -0.312042 0.897134 -0.850217
0 54 50 -0.529414 -0.802128 -0.276245 0.290579 0.803571 -0.578539 0.13988 -0.311442 -0.27202 -0.147928 0.950854 -0.904747
0 55 133 0.284086 0.555429 -0.781533 0.421115 -0.81365 0.570863 0.109947 -0.021642 0.507216 0.60466 0.614099 0.906749
0 56 150 0.0206982 -0.349411 -0.936741 0.431714 -0.998077 -0.0619844 0.0010672 -0.0171912 -0.0584362 0.934917 -0.350022 0.901847
0 57 100 -0.0183097 -0.999431 -0.0283322 0.0414201 -0.822239 0.0311735 -0.568289 0.185144 0.568848 0.0128906 -0.822341 0.981838
0 58 79 -0.745267 -0.634226 -0.205754 -0.00605962 -0.570768 0.76635 -0.294841 -0.030654 0.344675 -0.102297 -0.933131 0.999512
0 59 97 -0.471643 0.870725 -0.139255 0.0204359 0.830572 0.491711 0.261478 -0.157651 0.296149 0.00766316 -0.955111 0.987283
0 60 99 0.92184 -0.223033 0.316967 -0.0216648 -0.211847 -0.974807 -0.0698009 -0.0056922 0.324549 -0.00280337 -0.945865 0.999749
0 61 43 -0.992717 -0.0503319 -0.109448 0.207299 0.0766199 -0.964888 -0.251237 -0.0397082 -0.0929597 -0.257793 0.961718 0.977471
0 62 34 -0.00039079 0.998109 0.0614646 0.123317 -0.968393 -0.0157089 0.248936 -0.0557736 0.249431 -0.0594246 0.966568 -0.990799
0 63 102 0.968624 0.0379201 0.245619 -0.395507 -0.078059 0.984698 0.155811 -0.166287 -0.235952 -0.170095 0.956762 0.903284
0 64 120 -0.974492 0.0147567 0.223936 0.0261193 -0.0352212 0.975414 -0.217548 0.0571669 -0.22164 -0.219886 -0.950014 0.998023
0 65 46 0.0419178 -0.968486 0.245513 -0.0433661 0.99342 0.0666137 0.0931619 -0.0663736 -0.106581 0.239993 0.964906 0.996852
0 66 106 0.410049 -0.698362 0.586644 -0.436997 -0.461788 -0.713636 -0.52676 0.239702 0.786519 -0.0549076 -0.615121 0.866935
0 67 88 0.755041 -0.355147 -0.551167 0.169941 -0.279084 -0.93473 0.219981 0.0584869 -0.593318 -0.012273 -0.804875 0.983717
0 68 40 -0.923768 0.298836 -0.239478 -0.241494 -0.20794 -0.916548 -0.341615 0.185397 -0.32158 -0.265776 0.908818 0.952528
0 69 35 -0.324882 0.945753 -0.00181833 -0.230792 -0.943995 -0.324394 -0.0603556 -0.122367 -0.0576713 -0.0178919 0.998175 0.965278
0 70 54 -0.578005 -0.813345 0.0661778 -0.0378791 0.815594 -0.573134 0.0795212 -0.367688 -0.0267494 0.0999379 0.994634 -0.929178
0 71 41 0.0911604 0.991434 0.0935356 -0.020623 -0.970411 0.109529 -0.21519 0.235898 -0.223591 -0.0711511 0.972082 -0.971559
0 72 98 -0.288487 0.957247 0.0213208 0.410275 -0.775671 -0.220594 -0.591331 0.192786 -0.561346 -0.187129 0.806147 0.891352
0 73 94 -0.600628 0.671923 -0.433319 0.244908 0.45556 0.732995 0.505157 -0.103285 0.657047 0.106009 -0.746358 0.964029
0 74 115 -0.525305 -0.293656 -0.798637 0.459297 -0.540583 0.839993 0.0467068 -0.0853879 0.657134 0.456264 -0.599998 0.884169
0 75 113 -0.651612 -0.292794 -0.699767 0.296546 -0.698828 0.590506 0.403661 -0.250354 0.295027 0.752047 -0.589393 0.92162
0 76 33 -0.13056 0.98598 0.103911 0.0392831 -0.976042 -0.109424 -0.188063 -0.0161982 -0.174056 -0.125975 0.976645 0.999097
0 77 123 0.071412 -0.892766 -0.444826 0.214492 -0.988957 -0.00531006 -0.148109 -0.0235897 0.129865 0.45049 -0.883286 0.976441
0 78 45 -0.821001 0.568383 0.053834 -0.112222 -0.567411 -0.822758 0.0333649 -0.226232 0.0632564 -0.00315339 0.997992 0.967587
0 79 135 -0.0131627 0.970621 -0.240253 0.183898 0.566597 -0.190737 -0.801615 0.325863 -0.82389 -0.146678 -0.547441 0.927359
0 80 42 -0.948748 -0.122896 0.291161 0.0553091 0.173079 -0.9729 0.153327 0.31163 0.264427 0.195863 0.944307 0.948592
0 81 127 0.159327 0.903124 -0.398727 0.145106 0.694806 -0.389502 -0.604593 0.329028 -0.701327 -0.18071 -0.689554 0.933105
0 82 101 0.470208 0.879835 -0.069241 0.38644 0.7369 -0.43457 -0.51781 0.284947 -0.485678 0.192455 -0.852689 0.877194
0 83 114 -0.333574 0.75406 -0.565793 0.482238 0.909678 0.414977 0.0167427 0.0507954 0.247416 -0.509104 -0.824377 0.874567
0 84 72 -0.931565 -0.351989 -0.0910537 -0.311394 0.361634 -0.92291 -0.132129 0.00842929 -0.0375263 -0.156015 0.987042 -0.950244
0 85 44 0.545843 0.746139 0.381224 0.00263566 -0.798032 0.601607 -0.0348394 -0.177547 -0.255342 -0.285212 0.923826 -0.984109
0 86 112 -0.75488 0.65018 -0.0861526 0.184164 0.655522 0.743712 -0.131089 -0.030274 -0.0211589 -0.155431 -0.98762 0.982429
0 87 42 0.462416 -0.87985 0.109706 0.0541015 0.771764 0.460315 0.438737 -0.289241 -0.436522 -0.118212 0.891894 -0.955726
0 88 46 -0.882884 0.243389 0.401594 0.011411 -0.189338 -0.967106 0.169874 -0.347194 0.429729 0.0739418 0.899925 -0.937724
0 89 29 0.728465 -0.635625 0.255578 -0.0374571 0.532811 0.760154 0.371858 -0.334861 -0.430641 -0.134711 0.892413 -0.941523
0 90 102 -0.593565 -0.734475 -0.328979 0.34876 -0.790952 0.456928 0.406955 -0.127024 -0.148578 0.501761 -0.85215 0.928564
0 91 89 -0.621431 0.641861 0.449264 -0.175405 0.648163 0.743317 -0.165422 -0.0420104 -0.440124 0.188398 -0.877951 0.9836
0 92 43 0.298763 0.898907 0.320479 -0.0583353 -0.944652 0.230862 0.2331 -0.337309 0.135549 -0.372382 0.918127 -0.939585
0 93 58 0.948764 -0.10484 0.298086 -0.531772 0.113999 0.99339 -0.0134585 -0.129081 -0.294704 0.0467505 0.954444 -0.836992
0 94 62 0.646754 0.744457 0.165812 0.44849 -0.760938 0.615062 0.206574 -0.187406 0.0518004 -0.259775 0.964279 0.87392
0 95 111 -0.643641 0.465519 -0.607469 0.198174 0.544091 0.836538 0.0645714 -0.152674 0.53823 -0.288958 -0.791715 0.968203
0 96 111 0.0882554 0.89506 0.437125 0.0413694 0.945896 -0.212865 0.244887 -0.260594 0.312237 0.391862 -0.86542 0.964562
0 97 51 -0.76734 -0.544393 -0.33886 0.315398 0.639386 -0.689732 -0.339788 0.320538 -0.0487447 -0.477395 0.877336 -0.893185
0 98 125 -0.0798899 0.655489 0.750967 -0.337044 0.972785 0.215654 -0.0847485 -0.0763873 -0.217501 0.723759 -0.654879 0.938385
0 99 85 0.78729 -0.541769 0.294383 -0.518738 0.510363 0.840498 0.181913 -0.227947 -0.345983 0.00702331 0.938214 -0.823985
0 100 54 0.88367 -0.46785 -0.0156186 0.371015 0.467248 0.879525 0.0900822 -0.0701959 -0.0284081 -0.0869007 0.995812 -0.92597
0 101 136 -0.468925 0.0895439 -0.878687 0.522702 0.110336 0.992993 0.04231 0.000421388 0.876319 -0.0771105 -0.475519 0.852515
0 102 43 0.849235 0.368801 -0.377871 0.346582 -0.352222 0.928831 0.114946 4.19039e-05 0.39337 0.0354788 0.918695 -0.93802
0 103 127 0.581047 0.413927 -0.700748 0.468834 0.462978 -0.876229 -0.13369 0.00621105 -0.669354 -0.246751 -0.70077 0.883264
0 104 129 -0.29284 0.279998 0.914246 -0.286714 0.300863 -0.880612 0.366066 -0.344526 0.907594 0.382262 0.173638 0.893922
0 105 63 0.969635 -0.0500764 0.239374 -0.423806 0.118603 0.952289 -0.281209 0.0506592 -0.213871 0.301061 0.929312 -0.904335
0 106 53 0.579679 0.735949 0.349788 -0.246412 -0.770154 0.635048 -0.0598096 -0.304371 -0.266149 -0.23472 0.934918 0.92013
0 107 48 -0.304159 -0.92595 -0.22384 -0.370837 0.948095 -0.317116 0.0235047 -0.216437 -0.0927474 -0.205072 0.974342 0.903125
0 108 34 0.349399 0.894574 -0.278672 -0.0916103 -0.934117 0.355779 -0.0290987 -0.0931073 0.0731148 0.270479 0.959945 0.991433
0 109 95 0.180866 -0.929941 0.320153 -0.41526 0.98171 0.190375 -0.00162527 -0.206168 -0.0594378 0.314591 0.947364 0.886033
0 110 102 0.848689 0.520709 0.0926794 -0.0558498 0.419287 -0.76921 0.482198 -0.0987714 0.322375 -0.370377 -0.871146 0.993542
0 111 129 -0.967535 -0.0532615 -0.247062 0.0438653 0.0304573 0.945847 -0.323181 0.204641 0.250895 -0.320214 -0.913518 0.977854
0 112 50 -0.596191 0.773082 0.216564 -0.222503 -0.796477 -0.603439 -0.0385331 -0.180582 0.100894 -0.195461 0.975508 -0.958062
0 113 59 -0.984114 0.170596 -0.0491542 0.461851 -0.161827 -0.975833 -0.146838 0.20198 -0.0730162 -0.136551 0.987939 -0.863654
0 114 107 0.205099 -0.893022 0.400557 -0.278309 -0.974756 -0.149481 0.165848 0.001662 -0.0882303 -0.424461 -0.901137 0.96049
0 115 76 -0.679251 -0.660638 -0.319649 0.31331 0.663048 -0.73912 0.118614 -0.114756 -0.31462 -0.131373 0.940083 0.942692
0 116 71 0.758759 -0.502059 -0.414996 0.0111332 0.496806 0.858102 -0.129789 0.324545 0.42127 -0.107694 0.900518 0.945805
0 117 44 -0.202317 -0.964794 0.168048 -0.13759 0.979313 -0.199977 0.0309138 0.134523 0.00378032 0.170826 0.985294 -0.981312
0 118 76 0.799835 0.461788 -0.383426 0.61046 -0.437662 0.885864 0.15394 -0.0196282 0.410751 0.0446848 0.910652 -0.791804
0 119 121 0.489373 0.809984 -0.323172 0.0539229 -0.764624 0.57673 0.287634 -0.392254 0.419361 0.106344 0.901569 0.918275
0 120 44 -0.0344416 0.995858 0.0841505 -0.203749 -0.998378 -0.0304651 -0.0480909 -0.19282 -0.0453281 -0.0856704 0.995292 0.959847
0 121 152 -0.0642273 -0.080571 0.994677 -0.617904 0.927458 -0.372746 0.0296937 0.0291089 0.36837 0.924429 0.0986668 0.785715
0 122 69 -0.152738 -0.941749 -0.299633 -0.0566906 0.954929 -0.0625532 -0.29017 0.123972 0.254524 -0.330448 0.908857 0.990665
0 123 122 0.277122 -0.951803 0.131431 -0.186731 -0.908088 -0.214749 0.359526 -0.256372 -0.313973 -0.218984 -0.923833 0.94837
0 124 128 0.535595 0.61068 -0.583273 0.533356 -0.381005 0.791146 0.478459 -0.702958 0.75364 -0.0340304 0.656406 -0.470512
0 125 41 0.922613 -0.170525 -0.345987 -0.364393 0.121323 0.979738 -0.159357 -0.192919 0.366151 0.105049 0.924607 0.911043
0 126 56 0.734259 0.45298 -0.505641 0.292831 -0.500067 0.864632 0.0484179 0.325766 0.459126 0.217303 0.861384 -0.898959
0 127 72 0.738838 0.548326 -0.391737 -0.084739 -0.512038 0.834717 0.202646 -0.0598731 0.438105 0.0508618 0.897484 0.994603
0 128 64 0.777404 0.43117 -0.457969 0.209288 -0.426874 0.896403 0.119328 0.176683 0.461976 0.102729 0.880923 -0.96176
0 129 107 0.185663 0.982238 0.0271558 -0.453378 -0.971865 0.179486 0.152525 0.286725 0.144942 -0.0547102 0.987926 -0.843941
0 130 111 0.386575 0.500711 -0.774498 0.83818 -0.212405 0.865547 0.453556 -0.383282 0.897465 -0.0108262 0.440952 -0.388007
0 131 99 0.96068 0.259336 -0.0991858 -0.200881 -0.253727 0.96504 0.0657282 0.0895144 0.112764 -0.0379777 0.992896 -0.975517
0 132 138 0.978973 0.203948 -0.00404631 -0.278843 -0.199143 0.951235 -0.235572 0.559983 -0.0441955 0.231425 0.971848 -0.78017
0 133 121 0.96838 0.226625 -0.10431 -0.0104159 -0.237963 0.964632 -0.113401 0.370876 0.0749214 0.134637 0.988059 -0.928624
0 134 149 0.969674 0.213368 -0.119189 0.0615031 -0.218849 0.975137 -0.0348183 0.2611 0.108796 0.0598468 0.992261 -0.96335
0 135 130 0.960561 0.211896 -0.180062 0.259138 -0.217017 0.976126 -0.00900132 0.294247 0.173856 0.0477228 0.983614 -0.919927
0 136 152 0.949317 0.230084 -0.214146 0.402072 -0.223457 0.973161 0.054998 0.187812 0.221053 -0.00435812 0.975252 -0.896139
0 137 192 0.947456 0.219724 -0.232485 0.571539 -0.212641 0.975557 0.0554251 0.135481 0.238981 -0.00307696 0.971019 -0.809313
0 138 166 0.990766 0.124561 -0.0535394 0.401543 -0.121609 0.991038 0.055268 0.125963 0.0599438 -0.0482468 0.997035 -0.907136
0 139 211 0.997059 0.0338489 0.0687619 0.331411 -0.0376774 0.997766 0.0551656 0.161593 -0.066741 -0.0575941 0.996107 -0.929545
0 140 144 0.985358 -0.0527512 0.162131 0.265243 0.0270649 0.98727 0.156732 0.0656857 -0.168334 -0.150049 0.974243 -0.961942
0 141 183 0.976182 -0.158114 0.148553 0.306416 0.174452 0.979135 -0.104215 0.553064 -0.128976 0.127648 0.983398 -0.774744
0 142 166 0.945431 -0.266408 0.187583 0.127314 0.244599 0.96066 0.131547 0.190118 -0.215249 -0.0784863 0.9734 -0.973471
0 143 132 0.953244 -0.289194 0.0877106 0.168262 0.277797 0.952807 0.122427 0.176251 -0.118976 -0.0923372 0.988594 -0.969857
0 144 215 0.987743 -0.155491 0.0136367 0.16234 0.153154 0.982331 0.107565 0.108288 -0.0301211 -0.104158 0.994105 -0.980775
0 145 317 0.990151 0.0589474 -0.126992 0.366875 -0.0464716 0.993996 0.0990579 0.0439285 0.132069 -0.0921807 0.986945 -0.929233
0 146 348 0.983727 0.0991387 -0.149841 0.459274 -0.0881953 0.993044 0.078009 0.0474809 0.156532 -0.0635244 0.985628 -0.887025
0 147 329 0.95719 0.180552 -0.226248 0.631988 -0.159153 0.981146 0.109651 0.0472925 0.24178 -0.0689489 0.967878 -0.773534
0 148 363 0.934279 0.217745 -0.282328 0.823674 -0.182541 0.972322 0.145836 -0.129074 0.306269 -0.0847154 0.948168 -0.552178
0 149 317 0.897393 0.279213 -0.341652 0.919461 -0.236251 0.958025 0.162398 -0.21155 0.372655 -0.0650194 0.925689 -0.33142
0 150 232 0.900923 0.310177 -0.303525 0.951851 -0.287794 0.950506 0.117107 -0.235327 0.324826 -0.0181516 0.9456 -0.196471
0 151 214 0.846162 0.333191 -0.415926 0.951778 -0.294802 0.942817 0.155527 -0.292129 0.443962 -0.00898564 0.896001 -0.0936989
0 152 203 0.880725 0.313511 -0.355014 0.962772 -0.320552 0.946365 0.0404977 -0.262679 0.348669 0.0781333 0.933983 -0.0637992
0 153 158 0.874913 0.381841 -0.297867 0.925682 -0.3776 0.922999 0.0740988 -0.353233 0.303225 0.0476445 0.951727 -0.135422
0 154 145 0.904959 0.416968 -0.0847807 0.778237 -0.407176 0.906465 0.111933 -0.483586 0.123523 -0.0667738 0.990093 -0.400614
0 155 184 0.761654 0.39751 -0.511731 0.952587 -0.381934 0.913366 0.141032 -0.289416 0.523459 0.08803 0.847491 0.0938943
0 156 158 0.883427 0.397785 -0.247637 0.917603 -0.384845 0.917458 0.100825 -0.379022 0.267303 0.00623035 0.963592 0.119782
0 157 180 0.774167 0.384218 -0.503033 0.941222 -0.332775 0.923066 0.1929 -0.273675 0.538448 0.0180597 0.842465 0.197999
0 158 196 0.629478 0.340484 -0.698447 0.902294 -0.262095 0.939242 0.221654 -0.192602 0.73148 0.0435329 0.680471 0.385707
0 159 98 0.978278 0.20317 0.0411558 0.606788 -0.206462 0.972741 0.105584 0.0155301 -0.0185825 -0.111788 0.993558 -0.794712
0 160 199 0.686195 0.367737 -0.627619 0.927132 -0.233305 0.928484 0.288941 -0.189716 0.688988 -0.0518435 0.722916 0.323163
0 161 166 0.873152 0.336024 -0.353121 0.965489 -0.256864 0.932864 0.252557 -0.260037 0.414279 -0.129817 0.900844 0.0145187
0 162 156 0.881436 0.369815 -0.293782 0.93045 -0.292435 0.915774 0.275389 -0.347489 0.370881 -0.156826 0.915343 -0.116253
0 163 199 0.816632 0.343532 -0.463787 0.960466 -0.225393 0.929581 0.291681 -0.274929 0.531329 -0.133661 0.836555 0.0438001
0 164 241 0.896358 0.275604 -0.347253 0.976963 -0.226219 0.957975 0.17638 -0.176056 0.381271 -0.0795441 0.921035 -0.120613
0 165 241 0.902176 0.26474 -0.340576 0.959082 -0.212388 0.959806 0.183476 -0.140803 0.375461 -0.0931938 0.922141 -0.245635
0 166 226 0.962048 0.213215 -0.170302 0.685916 -0.185302 0.968582 0.165867 -0.0450792 0.200317 -0.128015 0.971332 -0.726283
0 167 235 0.881476 0.280885 -0.379609 0.926501 -0.216983 0.954896 0.202709 -0.107439 0.419426 -0.0963147 0.902666 -0.36063
0 168 297 0.93604 0.220024 -0.274626 0.822854 -0.173602 0.967572 0.183488 -0.0304072 0.306092 -0.124076 0.943882 -0.567439
0 169 366 0.966184 0.156083 -0.20525 0.766179 -0.130445 0.982483 0.13308 0.00813086 0.222426 -0.101806 0.96962 -0.642576
0 170 373 0.989064 0.0893319 -0.117354 0.483486 -0.0681468 0.982469 0.173527 0.00468158 0.130798 -0.163632 0.977812 -0.87534
0 171 373 0.991475 0.0477181 -0.121249 0.397531 -0.0282168 0.987078 0.157736 0.0966691 0.127209 -0.15297 0.980009 -0.912482
0 172 364 0.989227 0.0947167 -0.111615 0.254585 -0.071589 0.978083 0.19552 -0.00151908 0.127688 -0.185423 0.974327 -0.967049
1 2 1191 0.999875 0.00208678 -0.0156645 0.85662 -0.00203717 0.999993 0.0031823 -0.277499 0.015671 -0.00314999 0.999872 0.434967
1 3 1119 0.999424 -0.00345865 -0.0337713 0.973291 0.00362564 0.999981 0.0048847 -0.140627 0.0337538 -0.00500433 0.999418 0.181462
1 4 928 0.99641 0.0267377 -0.0803219 0.981328 -0.027022 0.999632 -0.0024536 -0.0485236 0.0802267 0.00461524 0.996766 0.186123
1 5 722 0.994946 0.0426123 -0.0909219 0.979369 -0.0438596 0.998968 -0.0117635 -0.0572319 0.0903269 0.0156919 0.995789 0.193805
1 6 558 0.988077 0.051327 -0.145155 0.979628 -0.0502613 0.998676 0.0110021 -0.0429347 0.145528 -0.0035752 0.989348 0.196178
1 7 410 0.986622 0.0486604 -0.155594 0.975505 -0.0516193 0.998554 -0.0150311 -0.109098 0.154637 0.0228616 0.987707 0.191015
1 8 340 0.984536 0.0650752 -0.162647 0.997651 -0.0688563 0.997469 -0.0177131 -0.0675982 0.161083 0.0286385 0.986525 0.0110829
1 9 282 0.958704 0.127889 -0.254028 0.992539 -0.12767 0.991664 0.0174197 -0.0925138 0.254139 0.0157315 0.96704 -0.0794221
1 10 215 0.970395 0.142787 -0.194795 0.976013 -0.132459 0.989047 0.0651225 -0.0917881 0.20196 -0.0373921 0.97868 -0.197419
1 11 242 0.909657 0.188478 -0.370135 0.99377 -0.178975 0.98201 0.0601976 0.004159 0.374822 0.0114859 0.927026 -0.111373
1 12 111 0.987745 0.0950721 0.123778 0.16678 -0.099997 0.9944 0.0341891 0.220783 -0.119834 -0.0461475 0.991721 -0.960958
1 13 179 0.860546 0.293095 -0.416601 0.972217 -0.291555 0.954064 0.0689749 -0.0199483 0.41768 0.062106 0.906469 -0.233232
1 14 54 0.356635 0.932075 -0.0636197 0.152801 -0.888057 0.359364 0.286726 -0.115596 0.290113 -0.0457586 0.955898 -0.981473
1 15 175 -0.516389 0.526656 -0.675259 0.484202 0.417933 0.843236 0.338062 -0.0832087 0.747445 -0.107642 -0.655545 0.870991
1 16 120 -0.161413 0.697514 0.698155 -0.386232 0.805507 0.501839 -0.315144 0.308407 -0.570179 0.511501 -0.642856 0.869316
1 17 114 0.0465674 0.946889 -0.318172 0.26584 0.987911 -0.0908042 -0.125646 0.123027 -0.147864 -0.308475 -0.93967 0.956135
1 18 54 0.31313 0.934058 0.171713 0.0920963 -0.784967 0.35632 -0.506816 -0.0330142 -0.53458 0.0239102 0.844779 0.995203
1 19 116 -0.262886 0.964322 -0.0312244 0.00213065 0.920425 0.240952 -0.307832 0.339024 -0.289326 -0.109664 -0.950928 0.940775
1 20 36 0.925341 -0.280139 0.255471 -0.273857 0.209406 0.939359 0.271576 0.0118512 -0.316058 -0.197803 0.927891 -0.961697
1 21 158 -0.31015 -0.35568 -0.881646 0.57442 -0.578952 0.806244 -0.121594 0.059439 0.75407 0.472719 -0.455978 0.816399
1 22 49 0.751372 -0.185227 -0.633349 -0.153165 0.195107 0.979243 -0.0549215 -0.137332 0.630375 -0.0823044 0.771915 0.978611
1 23 45 -0.806021 0.579352 -0.121167 0.326976 -0.578394 -0.814427 -0.0465689 0.0863927 -0.125662 0.0325469 0.991539 -0.941075
1 24 139 0.0614039 0.984289 -0.165544 0.350199 0.786414 -0.149845 -0.599249 0.150996 -0.614641 -0.0933901 -0.783259 0.924425
1 25 38 -0.606129 0.691649 -0.392721 0.348506 -0.712465 -0.691635 -0.118465 0.336444 -0.353555 0.207995 0.911996 -0.874842
1 26 130 -0.273662 0.814859 -0.510993 0.367935 0.747118 0.514679 0.420619 -0.156691 0.605743 -0.266664 -0.749644 0.916554
1 27 32 0.76655 0.60544 0.214111 -0.254466 -0.638432 0.682473 0.355858 -0.180377 0.0693259 -0.409478 0.909682 -0.950111
1 28 166 -0.29467 -0.306079 -0.905254 0.465526 -0.485597 0.86385 -0.134012 0.0961113 0.823022 0.4001 -0.403182 0.8798
1 29 60 0.812743 -0.53125 0.239213 -0.398713 0.524039 0.845996 0.0983528 -0.153155 -0.254623 0.0454212 0.965973 -0.904197
1 30 79 -0.919778 0.392407 0.00506904 -0.906316 -0.390928 -0.915027 -0.0994968 -0.100899 -0.0344049 -0.0934966 0.995025 -0.410379
1 31 86 0.259084 0.964769 -0.0457838 -0.246202 -0.913515 0.260161 0.312741 -0.39291 0.313634 -0.039202 0.948734 -0.886006
1 32 101 0.98793 0.0674156 -0.139465 0.191427 0.101197 -0.962533 0.251574 -0.118574 -0.117279 -0.262651 -0.957737 0.974318
1 33 106 -0.209968 0.951116 -0.226477 0.213215 0.966099 0.237422 0.101408 0.0810611 0.150221 -0.197506 -0.968723 0.973637
1 34 137 -0.0682086 0.827379 -0.557487 0.239238 0.969561 0.186682 0.158433 0.0369373 0.235157 -0.529711 -0.814928 0.970258
1 35 50 0.631492 0.770425 -0.0875365 0.0416997 -0.775138 0.63009 -0.0463381 -0.111995 0.0194559 0.097115 0.995083 -0.992833
1 36 61 0.974213 0.133506 -0.181891 0.213657 -0.154079 0.982564 -0.104056 -0.0931027 0.164827 0.129399 0.977797 0.972462
1 37 55 0.782347 -0.211184 0.585947 -0.569514 0.0475539 0.95827 0.281882 -0.136374 -0.621025 -0.192665 0.759742 -0.81059
1 38 98 -0.599156 0.621002 -0.505341 0.367865 -0.679975 -0.727901 -0.0882911 -0.120353 -0.422667 0.290719 0.858391 0.922058
1 39 103 0.825124 0.236681 0.512983 -0.208021 0.185344 -0.971165 0.149956 -0.0946041 0.533683 -0.0286536 -0.845199 0.973538
1 40 121 0.960557 -0.193109 0.200099 -0.105283 -0.0457676 -0.819533 -0.571202 0.211195 0.274292 0.539514 -0.796046 0.971757
1 41 57 0.705875 -0.690287 0.158887 -0.029839 0.671287 0.723502 0.160991 -0.330228 -0.226085 -0.0069808 0.974083 -0.943429
1 42 107 0.49663 -0.806105 -0.321797 0.159444 -0.744177 -0.586273 0.320133 -0.25403 -0.446722 0.0804866 -0.891045 0.953964
1 43 55 -0.276807 -0.960473 -0.0294998 -0.131448 0.941697 -0.26503 -0.207284 0.250632 0.191272 -0.0851576 0.977836 -0.959117
1 44 64 -0.95961 -0.149878 0.238087 -0.269945 0.172065 -0.982212 0.0751943 -0.226521 0.222582 0.113124 0.968329 -0.935852
1 45 93 -0.184962 0.538539 0.822049 -0.0407468 0.623042 0.711151 -0.325702 0.0212583 -0.760005 0.451929 -0.467068 0.998943
1 46 39 0.794983 -0.484068 0.365623 -0.436838 0.572415 0.798141 -0.187913 0.0779399 -0.200856 0.358676 0.911597 -0.896157
1 47 57 0.986239 0.10328 -0.129098 0.283712 -0.104712 0.994493 -0.00434002 0.0801405 0.127939 0.0177984 0.991622 0.955555
1 48 76 -0.994926 -0.00696187 0.100366 -0.397121 -0.0297014 -0.932813 -0.359135 0.0833551 0.0961226 -0.360294 0.927873 0.913973
1 49 92 -0.483808 0.634932 0.602321 -0.188075 0.741672 0.662814 -0.10296 -0.0215611 -0.464599 0.396912 -0.791586 0.981918
1 50 66 0.973733 0.180824 0.138373 -0.269912 -0.227073 0.816031 0.531537 -0.154014 -0.0168024 -0.548996 0.835656 0.950488
1 51 86 -0.957115 -0.182581 -0.224932 0.0361083 -0.222218 0.960822 0.165652 -0.0483869 0.185875 0.208532 -0.96019 0.998176
1 52 112 -0.837345 0.282604 -0.467961 0.319325 0.330388 0.943604 -0.0213326 -0.0734143 0.435542 -0.172472 -0.883491 0.944797
1 53 123 -0.669691 0.735164 0.105113 0.199197 0.573844 0.602109 -0.555128 0.208522 -0.4714 -0.311446 -0.825096 0.957517
1 54 143 0.67424 -0.0241514 0.738117 -0.435159 -0.0384645 -0.999257 0.00243974 -0.074828 0.73751 -0.0300363 -0.674668 0.897239
1 55 33 0.725742 -0.683581 0.0775611 0.168645 0.659891 0.723564 0.202481 0.0649384 -0.194533 -0.0957668 0.97621 -0.983535
1 56 56 -0.753498 -0.65743 -0.00508687 -0.398211 0.653421 -0.748003 -0.116329 0.0438535 0.0726733 -0.0909777 0.993198 -0.916245
1 57 58 -0.925061 0.309728 -0.219841 0.489578 -0.343189 -0.9296 0.134407 0.181198 -0.162735 0.199782 0.966232 -0.852925
1 58 81 0.666843 0.675196 -0.315326 0.274952 0.66938 -0.728687 -0.144724 0.148286 -0.327491 -0.114564 -0.937883 0.949954
1 59 122 -0.463276 -0.277214 -0.841741 0.310195 0.00242246 0.949417 -0.314009 0.0956649 0.886211 -0.147512 -0.43917 0.945847
1 60 51 0.984771 -0.128458 0.117152 0.0717129 0.0807279 0.934656 0.346266 -0.355521 -0.153977 -0.331535 0.930793 -0.931913
1 61 121 0.912891 0.376963 -0.156617 0.0571113 0.402421 -0.895435 0.190405 -0.131397 -0.0684645 -0.236845 -0.969132 0.989683
1 62 120 -0.106255 0.896314 -0.4305 0.150211 0.949465 -0.0371387 -0.311668 -0.00180191 -0.295341 -0.441861 -0.847073 0.988652
1 63 115 -0.110568 0.834407 0.539945 -0.39035 0.967591 -0.0337264 0.25026 0.00356042 0.227029 0.550116 -0.803635 0.92066
1 64 144 0.0501584 0.823991 -0.564378 0.231661 0.816952 -0.358915 -0.451409 0.234029 -0.574521 -0.438427 -0.691164 0.944226
1 65 79 -0.627559 -0.690718 -0.359274 0.293195 -0.765737 0.631005 0.124414 -0.191098 0.140769 0.353187 -0.924902 0.93676
1 66 128 -0.627678 -0.0736399 0.774982 -0.443981 0.248709 0.924373 0.289271 -0.357923 -0.737675 0.374315 -0.561894 0.821445
1 67 88 -0.840793 -0.170118 0.513933 -0.378984 0.21068 -0.977326 0.0211666 -0.29434 0.498679 0.126072 0.857569 0.877345
1 68 54 -0.998025 0.00845364 -0.0622473 -0.416691 0.0229658 -0.873209 -0.486805 -0.086483 -0.0584702 -0.487273 0.87129 0.904925
1 69 97 -0.653133 -0.668904 0.354943 -0.227905 -0.339332 0.677569 0.652499 -0.0728913 -0.676957 0.305725 -0.669523 0.970951
1 70 37 0.994791 0.0953426 0.0360601 0.190014 -0.0811124 0.954655 -0.286451 -0.101353 -0.061736 0.282034 0.957416 0.976536
1 71 44 0.898351 -0.416436 0.139809 -0.146237 0.37871 0.895481 0.233862 -0.256949 -0.222585 -0.157143 0.962165 -0.955297
1 72 60 -0.893448 0.448709 -0.0202687 0.471287 -0.445854 -0.891426 -0.0810765 -0.167354 -0.0544478 -0.0634008 0.996502 0.865957
1 73 152 -0.153556 0.862645 -0.481939 0.328273 0.585688 -0.313361 -0.747512 0.376961 -0.795858 -0.39705 -0.457122 0.866105
1 74 38 -0.78154 -0.621974 0.0484039 0.107316 0.577298 -0.750446 -0.321804 0.151691 0.236478 -0.223559 0.945568 -0.982585
1 75 106 0.72354 0.196877 -0.661611 0.294833 0.196955 -0.977502 -0.0754875 -0.250856 -0.661588 -0.0756891 -0.746038 0.922033
1 76 112 0.903658 -0.12102 -0.4108 0.35347 -0.245897 -0.931982 -0.266353 0.100338 -0.350624 0.341707 -0.871951 0.930049
1 77 116 -0.84952 -0.257831 -0.460261 0.214492 -0.334914 0.937658 0.092902 -0.0235897 0.407614 0.23307 -0.88291 0.976441
1 78 55 0.872496 0.18359 -0.452819 0.405157 -0.288781 0.941305 -0.174785 0.320785 0.394152 0.283264 0.874303 -0.856122
1 79 140 -0.770071 0.636883 -0.0370331 0.183898 0.469182 0.526054 -0.70932 0.325863 -0.432272 -0.563602 -0.703913 0.927359
1 80 98 0.447972 0.881283 -0.15054 0.128457 0.857163 -0.471224 -0.207895 -0.0134544 -0.254153 -0.0359056 -0.966497 0.991624
1 81 109 -0.201662 0.956291 -0.211756 0.154346 0.957291 0.146704 -0.249142 0.339742 -0.207186 -0.252954 -0.945033 0.927767
1 82 129 -0.70737 -0.258797 -0.657762 0.419796 -0.303213 0.951695 -0.0483633 0.0871861 0.638505 0.165231 -0.751671 0.903421
1 83 43 0.965304 -0.254295 0.0593513 -0.253089 0.248822 0.964689 0.0863866 0.0214356 -0.0792232 -0.0686214 0.994492 -0.967206
1 84 48 -0.520802 0.835637 -0.174572 0.434452 -0.69598 -0.534041 -0.480013 0.227933 -0.494345 -0.128493 0.859717 -0.871377
1 85 43 -0.443875 -0.893664 0.0658807 -0.251846 0.892935 -0.447278 -0.0510767 -0.0901427 0.0751124 0.0361555 0.996519 -0.96356
1 86 162 0.0957849 0.654032 -0.750378 0.325749 0.778239 0.420806 0.466117 -0.30768 0.620619 -0.628621 -0.468687 0.893992
1 87 125 0.384266 -0.889185 0.248375 -0.0357327 -0.668829 -0.453568 -0.589019 0.272644 0.636402 0.0602194 -0.769003 0.961451
1 88 136 0.33581 0.855534 -0.394073 0.394444 0.116875 0.377289 0.918691 -0.266143 0.934651 -0.354563 0.0267068 0.879535
1 89 109 0.012333 0.965486 0.260161 0.05045 0.706633 0.17567 -0.685427 0.319952 -0.707473 0.192292 -0.680078 0.94609
1 90 103 -0.886523 0.407719 -0.21873 0.34876 -0.328029 -0.887245 -0.324335 -0.127024 -0.326304 -0.21578 0.920307 0.928564
1 91 79 -0.956683 0.208674 -0.203007 0.28807 -0.18482 -0.974094 -0.130314 0.37324 -0.224941 -0.0871495 0.970467 -0.881877
1 92 127 -0.804167 -0.432063 0.408212 0.0583353 -0.586904 0.468414 -0.660403 0.337309 0.0941241 -0.770656 -0.630262 0.939585
1 93 133 -0.0274393 0.840696 0.540811 -0.412396 0.804076 0.339989 -0.487719 0.332365 -0.593893 0.421471 -0.685312 0.848212
1 94 61 -0.973549 0.157301 0.165709 -0.441309 -0.20474 -0.922531 -0.327136 0.181409 0.101413 -0.35241 0.930335 -0.878827
1 95 76 -0.527594 0.818669 0.226773 -0.471097 -0.832006 -0.551871 0.0566122 -0.186254 0.171496 -0.158808 0.972301 -0.862193
1 96 44 -0.65998 0.721903 -0.208043 -0.0413694 -0.680867 -0.691783 -0.240535 0.260594 -0.317563 -0.017099 0.948083 -0.964562
1 97 99 -0.301851 0.943296 -0.138124 0.0546883 0.901988 0.32949 0.279024 -0.280743 0.308713 -0.0403625 -0.950298 0.958224
1 98 39 -0.167562 0.984582 0.0502135 0.102154 -0.92918 -0.140701 -0.341802 0.376382 -0.329467 -0.10393 0.93843 -0.920815
1 99 56 0.947318 -0.198525 0.25135 -0.382784 0.182349 0.979436 0.086332 -0.158108 -0.263321 -0.0359503 0.964038 -0.910208
1 100 140 -0.120241 0.0452317 0.991714 -0.333499 0.303383 0.952845 -0.00667496 -0.00884006 -0.945252 0.300067 -0.128294 0.942709
1 101 44 0.285067 0.957683 -0.0397457 -0.212728 -0.911162 0.257882 -0.321372 0.0315741 -0.297523 0.127827 0.946118 0.976601
1 102 118 0.180518 -0.84379 0.505403 -0.355118 -0.981601 -0.122043 0.146848 -0.0168922 -0.0622277 -0.522613 -0.850296 0.934669
1 103 132 0.88472 0.370145 0.283307 -0.820446 -0.369563 0.927418 -0.0576027 -0.0600101 -0.284065 -0.0537375 0.957298 -0.568566
1 104 63 -0.118691 0.988706 -0.0915007 0.346939 -0.898508 -0.146169 -0.413907 0.343374 -0.422607 0.033087 0.905709 -0.87277
1 105 50 -0.862281 -0.502421 0.0636015 -0.308857 0.490084 -0.859492 -0.145226 0.0151738 0.12763 -0.0940557 0.987352 0.950988
1 106 46 0.37857 -0.925164 0.0274877 -0.145212 0.920688 0.373359 -0.113737 0.314554 0.0949627 0.0683651 0.993131 -0.938067
1 107 99 -0.524453 0.731463 0.435787 -0.433911 0.785503 0.613152 -0.0838448 0.211896 -0.328533 0.298339 -0.896136 0.875683
1 108 126 0.514538 -0.61365 -0.598902 0.349468 -0.615229 -0.750722 0.240643 -0.273291 -0.59728 0.244642 -0.763811 0.896206
1 109 69 0.953143 0.180347 0.242884 -0.380141 -0.178286 0.983502 -0.0306312 0.341105 -0.244401 -0.0141069 0.969572 -0.859733
1 110 96 -0.718576 -0.69467 -0.0328927 -0.376051 0.675508 -0.685947 -0.270491 0.25654 0.16534 -0.216588 0.96216 0.890378
1 111 159 -0.219401 0.940813 -0.258328 0.0514691 0.845385 0.0511524 -0.531702 0.298327 -0.487018 -0.335043 -0.806573 0.953075
1 112 55 0.764602 -0.267375 -0.586425 -0.0640671 0.43307 0.887004 0.16023 0.111907 0.47732 -0.376475 0.793998 0.991651
1 113 72 -0.658757 -0.692435 -0.294231 0.461851 0.751992 -0.618159 -0.228884 0.20198 -0.0233948 -0.372038 0.927922 -0.863654
1 114 122 -0.849584 -0.272109 -0.451844 0.20842 -0.377165 0.912258 0.159788 -0.117927 0.368719 0.306173 -0.87767 0.970904
1 115 156 -0.173048 -0.466459 -0.86745 0.241266 -0.951781 0.30572 0.0254742 0.0206926 0.253315 0.830031 -0.496871 0.970238
1 116 49 0.907164 0.285606 0.309003 -0.0111332 -0.387499 0.853278 0.348943 -0.324545 -0.164005 -0.436287 0.884735 -0.945805
1 117 173 0.22532 0.711772 -0.665291 0.29617 0.949078 -0.00602912 0.314982 -0.101475 0.220185 -0.702385 -0.676886 0.949729
1 118 151 -0.706307 0.596128 -0.381788 0.284239 0.632714 0.773491 0.0372195 -0.167676 0.317497 -0.215274 -0.9235 0.943977
1 119 123 -0.532253 -0.840447 0.101763 0.103307 -0.641384 0.478776 0.5995 -0.233987 -0.55257 0.253816 -0.793879 0.966736
1 120 123 0.79434 0.060292 -0.604474 0.108448 0.0248434 0.991006 0.131493 0.050882 0.606965 -0.119467 0.785698 0.992799
1 121 75 0.726104 -0.625491 -0.285541 0.0334752 0.650746 0.759249 -0.00838399 0.0192728 0.222041 -0.179727 0.95833 0.999254
1 122 83 0.522964 -0.827642 -0.203756 -0.135279 0.837487 0.543399 -0.0577373 -0.424082 0.158507 -0.140448 0.977318 -0.895463
1 123 58 0.197332 0.927369 -0.317877 0.378295 -0.842866 0.326083 0.428074 -0.30693 0.500637 0.183455 0.845994 -0.873319
1 124 162 0.309982 0.741706 0.594797 -0.402649 0.744893 0.199294 -0.636723 0.147406 -0.5908 0.640433 -0.490714 0.903408
1 125 135 -0.828569 -0.554056 -0.0805964 -0.223482 -0.558493 0.828049 0.0491946 -0.100645 0.0394812 0.0857737 -0.995532 0.969498
1 126 138 -0.975669 0.206566 -0.0734809 -0.0929195 0.172536 0.93019 0.324004 -0.0669523 0.135279 0.303443 -0.943198 0.99342
1 127 112 -0.426834 0.75933 -0.491153 -0.084739 -0.800722 -0.569758 -0.18499 -0.0598731 -0.420306 0.314317 0.851204 0.994603
1 128 66 0.740707 0.42885 -0.517147 0.326869 -0.402405 0.899606 0.169646 0.0803559 0.537981 0.0824445 0.838916 -0.941647
1 129 145 -0.943906 0.0260503 -0.329185 0.453378 -0.157201 0.841225 0.517328 -0.286725 0.290396 0.540057 -0.789942 0.843941
1 130 116 0.953269 0.300128 -0.0346525 -0.345975 -0.273235 0.905377 0.325016 -0.287268 0.12892 -0.30036 0.945073 -0.893184
1 131 123 0.954348 0.257294 -0.151721 -0.114253 -0.272528 0.957957 -0.0897055 0.356414 0.122262 0.126959 0.984344 -0.927316
1 132 102 0.980839 0.183332 -0.0659163 -0.177486 -0.183318 0.983033 0.00630612 0.133757 0.0659541 0.00589836 0.997805 -0.974991
1 133 118 0.973929 0.21301 -0.0780387 -0.0580625 -0.220419 0.969904 -0.103448 0.345603 0.0536545 0.117953 0.991569 -0.936583
1 134 168 0.952964 0.214314 -0.214313 0.228412 -0.242142 0.96363 -0.113072 0.390401 0.182285 0.159648 0.970198 -0.891861
1 135 149 0.96607 0.201799 -0.1612 0.216176 -0.197357 0.979376 0.0432805 0.187823 0.166609 -0.00999803 0.985972 -0.958118
1 136 138 0.982688 0.185023 -0.00957176 0.00378664 -0.183792 0.980056 0.0755646 0.145758 0.0233621 -0.0724972 0.997095 -0.989313
1 137 168 0.970224 0.164688 -0.177607 0.454789 -0.176835 0.982715 -0.0547743 0.334578 0.165516 0.0845503 0.982576 -0.825363
1 138 157 0.986008 0.12547 0.109754 0.0981925 -0.142267 0.976525 0.161737 -0.0943345 -0.0868841 -0.175088 0.980712 -0.990686
1 139 196 0.99723 0.0282705 0.0687997 0.327881 -0.0312208 0.998622 0.0421923 0.179739 -0.067512 -0.0442234 0.996738 -0.927463
1 140 150 0.982026 -0.0582166 0.179543 0.230084 0.0385687 0.993067 0.111046 0.142054 -0.184763 -0.102125 0.977463 -0.962747
1 141 150 0.944728 -0.215197 0.247344 0.117915 0.214375 0.976273 0.0305859 0.374631 -0.248057 0.0241289 0.968445 -0.919645
1 142 173 0.937433 -0.297317 0.181169 0.124328 0.287052 0.954477 0.0810817 0.292143 -0.197028 -0.0240037 0.980104 -0.948259
1 143 155 0.958458 -0.284915 0.0134864 0.307981 0.271603 0.926076 0.261944 -0.143789 -0.0871213 -0.2474 0.964989 -0.940464
1 144 240 0.984028 -0.177998 0.00253869 0.175731 0.177252 0.981024 0.0785755 0.165407 -0.0164768 -0.0768705 0.996905 -0.970443
1 145 342 0.984889 0.0433443 -0.167675 0.450836 -0.0318972 0.997011 0.0703714 0.105133 0.170224 -0.0639597 0.983327 -0.886394
1 146 390 0.982211 0.0860057 -0.16693 0.490257 -0.0780678 0.995508 0.0535578 0.111742 0.170786 -0.0395732 0.984513 -0.864385
1 147 337 0.963601 0.176269 -0.201003 0.549696 -0.155385 0.981084 0.115452 0.0159843 0.217551 -0.0800166 0.972764 -0.835212
1 148 387 0.937052 0.212048 -0.277434 0.803616 -0.177561 0.97347 0.144317 -0.138627 0.300676 -0.0859711 0.949844 -0.578778
1 149 371 0.905268 0.260234 -0.33581 0.921119 -0.227621 0.96451 0.133825 -0.125603 0.358718 -0.0447104 0.932375 -0.368462
1 150 232 0.881162 0.304344 -0.361841 0.95771 -0.275784 0.952454 0.129514 -0.238521 0.384054 -0.0143332 0.9232 -0.160931
1 151 242 0.883042 0.285661 -0.372336 0.982778 -0.280681 0.957332 0.0688075 -0.181905 0.376104 0.0437475 0.925544 -0.0325252
1 152 235 0.889039 0.317079 -0.33026 0.942795 -0.318108 0.9466 0.0524956 -0.29899 0.329269 0.0583874 0.942429 -0.147453
