0 1 1235 0.999977 0.00204464 0.00645072 -0.0848052 -0.00205347 0.999997 0.00136267 0.0355877 -0.00644791 -0.00137588 0.999978 -0.995762
0 2 831 0.999969 0.00020876 0.00786278 -0.00986601 -0.000239622 0.999992 0.00392428 0.00160287 -0.0078619 -0.00392604 0.999961 -0.99995
0 3 639 0.999935 0.00115488 0.0113369 0.0212015 -0.00122057 0.999982 0.00578929 -0.0137399 -0.0113301 -0.00580275 0.999919 -0.999681
0 4 438 0.999874 0.000635322 0.0158846 -0.000868818 -0.00071985 0.999986 0.00531623 -0.00174802 -0.015881 -0.00532699 0.99986 -0.999998
5 6 975 0.999993 -0.00286115 0.00228921 0.0601026 0.0028576 0.999995 0.00155493 0.00458054 -0.00229364 -0.00154838 0.999996 -0.998182
5 7 713 0.999955 -0.00351411 0.00879783 0.001549 0.00350214 0.999993 0.00137559 0.00332129 -0.0088026 -0.00134472 0.99996 -0.999993
5 8 607 0.999861 -0.00512102 0.0158419 -0.021432 0.00512576 0.999987 -0.000258426 0.0204397 -0.0158404 0.000339592 0.999874 -0.999561
5 9 464 0.999836 -0.00222452 0.017949 -0.00704759 0.0022778 0.999993 -0.00294866 0.0056887 -0.0179423 0.00298906 0.999835 -0.999959
10 11 1177 0.999992 -0.000963917 0.00379412 0.0259209 0.000954856 0.999997 0.00238935 -0.0442342 -0.00379641 -0.00238571 0.99999 -0.998685
10 12 798 0.999975 0.00247385 0.00658337 -0.0275535 -0.00248216 0.999996 0.00125451 -0.0189141 -0.00658024 -0.00127082 0.999978 -0.999441
10 13 557 0.999974 0.00148251 0.00702646 -0.0155744 -0.00149794 0.999996 0.00219098 -0.00759091 -0.00702318 -0.00220145 0.999973 -0.99985
10 14 398 0.999943 -0.00548407 0.0091806 -0.0447036 0.00547357 0.999984 0.00116772 0.032437 -0.00918686 -0.0011174 0.999957 -0.998474
15 16 919 0.999992 -0.00287276 0.00275489 -0.0112757 0.00286417 0.999991 0.00311624 -0.00719649 -0.00276382 -0.00310833 0.999991 -0.999911
15 17 690 0.999996 0.000121101 0.0027396 0.0353928 -0.000133739 0.999989 0.00461338 -0.00637057 -0.00273902 -0.00461373 0.999986 -0.999353
15 18 551 0.999968 -0.00646335 0.00469991 0.0350312 0.0064319 0.999957 0.00667615 0.00100037 -0.00474285 -0.0066457 0.999967 -0.999386
15 19 406 0.99993 -0.0103183 0.00572506 0.00284927 0.0102819 0.999927 0.00633452 0.0108713 -0.00579 -0.00627522 0.999964 -0.999937
20 21 1160 0.999996 0.00179643 -0.00206905 0.136844 -0.00179694 0.999998 -0.000241468 -0.0374277 0.00206861 0.000245185 0.999998 -0.989885
20 22 681 0.999995 -0.00244389 0.00196496 0.0105553 0.0024471 0.999996 -0.00162863 0.0264634 -0.00196097 0.00163343 0.999997 -0.999594
20 23 465 0.999975 0.00611186 0.00344803 0.000959616 -0.00610791 0.999981 -0.00115504 0.00254847 -0.00345502 0.00113396 0.999993 -0.999996
20 24 379 0.999971 0.0047965 0.00585031 0.00163724 -0.004798 0.999988 0.000242745 0.000142952 -0.00584908 -0.000270808 0.999983 -0.999999
25 26 780 0.999988 0.00482053 -0.000271381 0.0864736 -0.00482144 0.999982 -0.00347543 -0.0272222 0.000254623 0.0034767 0.999994 -0.995882
25 27 660 0.999994 -0.00328384 0.000635907 -0.0556898 0.00328854 0.999966 -0.00753197 0.0301874 -0.000611152 0.00753402 0.999971 -0.997992
25 28 546 0.999998 -0.000626028 -0.00174479 -0.00739697 0.000609226 0.999954 -0.00961411 0.0136985 0.00175073 0.00961303 0.999952 -0.999879
25 29 423 0.999993 0.00105207 -0.00358494 0.00527567 -0.00108961 0.999944 -0.0104835 0.00683716 0.00357371 0.0104874 0.999939 -0.999963
30 31 819 0.999999 -0.000914729 -0.00128319 0.0141027 0.000920929 0.999988 0.00483991 0.000976848 0.00127875 -0.00484109 0.999987 -0.9999
30 32 631 0.99999 -0.00183331 -0.00419513 0.0249596 0.00186007 0.999978 0.00638469 0.0210379 0.00418333 -0.00639242 0.999971 -0.999467
30 33 593 0.999997 0.00222877 -0.00125427 -0.00547677 -0.00221978 0.999972 0.00712266 0.00405992 0.00127011 -0.00711985 0.999974 -0.999977
30 34 411 0.999974 0.00682732 -0.00249823 -0.0170206 -0.00682547 0.999976 0.000747792 0.015516 0.00250327 -0.000730721 0.999997 -0.999735
35 36 732 0.999964 0.00838299 0.000992042 -0.0509957 -0.00838372 0.999965 0.000732296 0.00806622 -0.000985868 -0.000740587 0.999999 -0.998666
35 37 729 0.999978 0.00637549 0.00160963 0.00339701 -0.00638277 0.999969 0.00455474 0.0160213 -0.00158055 -0.00456491 0.999988 -0.999866
35 38 593 0.999988 0.00277625 0.00393299 -0.0017153 -0.00281385 0.99995 0.0095881 0.00816769 -0.00390617 -0.00959906 0.999946 -0.999965
35 39 459 0.999926 0.00981734 0.00722565 -0.00904652 -0.00989205 0.999897 0.010378 -0.00354848 -0.00712302 -0.0104487 0.99992 -0.999953
40 41 911 0.999995 -0.00272217 0.00132582 -0.00052051 0.00272604 0.999992 -0.00292604 0.0170096 -0.00131784 0.00292964 0.999995 -0.999855
40 42 875 0.999991 -0.00283302 0.00310367 0.00666532 0.00284311 0.999991 -0.00325142 0.0088576 -0.00309443 0.00326022 0.99999 -0.999939
40 43 657 0.999955 -0.00555454 0.00767592 -0.0720426 0.00559758 0.999969 -0.00559627 0.00537729 -0.0076446 0.00563899 0.999955 -0.997387
40 44 502 0.999966 -0.00730456 0.00388588 -0.0170271 0.00734632 0.999914 -0.0108427 0.0330152 -0.00380635 0.0108709 0.999934 -0.99931
45 46 1000 0.999987 0.00397217 0.003164 -0.0987402 -0.00397297 0.999992 0.000245101 -0.0127512 -0.003163 -0.000257669 0.999995 -0.995032
45 47 774 0.999999 0.000246957 -0.00151122 0.0314645 -0.000242355 0.999995 0.00304513 -7.27732e-07 0.00151197 -0.00304476 0.999994 -0.999505
45 48 546 0.999978 -0.00635615 -0.00181229 0.0235751 0.00636486 0.999968 0.00483708 0.00927314 0.00178148 -0.00484851 0.999987 -0.999679
45 49 436 0.999996 -0.00178507 0.00202616 -0.0120872 0.00177607 0.999989 0.00443764 0.0148322 -0.00203406 -0.00443402 0.999988 -0.999817
50 51 913 1 0.000422648 0.000137585 0.0376903 -0.000422465 0.999999 -0.00133198 0.00866663 -0.000138148 0.00133192 0.999999 -0.999252
50 52 735 0.999984 -0.00562521 -8.5577e-05 -0.0128482 0.00562535 0.999983 0.00167925 0.0351925 7.61294e-05 -0.00167971 0.999999 -0.999298
50 53 624 0.999998 -0.00190101 -0.000721651 0.0479291 0.00190552 0.999978 0.00630329 0.0075007 0.000709652 -0.00630466 0.99998 -0.998823
50 54 493 0.999979 -0.00586354 0.00266902 -0.0139831 0.0058431 0.999954 0.00760036 0.0156607 -0.00271347 -0.00758461 0.999968 -0.99978
55 56 774 0.999996 -0.00271246 0.000996161 -0.0841442 0.00271597 0.99999 -0.00353111 0.072496 -0.000986573 0.0035338 0.999993 -0.993813
55 57 824 0.999996 0.00255488 0.000857877 -0.00636589 -0.00255134 0.999988 -0.00410195 0.0245516 -0.000868347 0.00409974 0.999991 -0.999678
55 58 632 0.999973 0.00692842 0.00232741 -0.0112358 -0.00692219 0.999972 -0.002672 0.0156413 -0.00234586 0.00265581 0.999994 -0.999815
55 59 506 0.999977 0.00670852 0.00102092 -0.00653111 -0.00670781 0.999977 -0.000691552 0.0121644 -0.00102553 0.000684688 0.999999 -0.999905
60 61 972 0.999998 0.00124786 0.00144974 -0.0171154 -0.00124312 0.999994 -0.00326285 0.0236176 -0.0014538 0.00326104 0.999994 -0.999575
60 62 812 0.99998 0.00550043 0.00323355 -0.0115103 -0.00546655 0.999931 -0.0103959 0.0354785 -0.00329051 0.010378 0.999941 -0.999304
60 63 621 0.999982 0.00482473 0.00365451 -0.0124818 -0.0047858 0.999932 -0.0105874 0.0139822 -0.00370535 0.0105697 0.999937 -0.999824
60 64 497 0.999993 -0.00279002 0.0024507 0.00329306 0.00280936 0.999965 -0.00792129 0.026105 -0.00242851 0.00792812 0.999966 -0.999654
65 66 908 0.99999 -0.0042409 0.00149771 -0.0135023 0.00423278 0.999977 0.00537991 0.020271 -0.00152049 -0.00537351 0.999984 -0.999703
65 67 715 0.99998 -0.00616691 0.00100671 0.0173919 0.00616404 0.999977 0.00282679 0.0192415 -0.00102412 -0.00282053 0.999995 -0.999664
65 68 612 0.999964 -0.00845018 0.00124476 0.047872 0.00844861 0.999964 0.00126598 0.0113589 -0.00125542 -0.00125542 0.999998 -0.998789
65 69 497 0.999894 -0.0142447 0.00309195 0.00658235 0.0142451 0.999899 -8.65615e-05 0.0224071 -0.00309041 0.000130597 0.999995 -0.999727
70 71 926 0.999996 -0.00178369 0.00207986 -0.00298689 0.00178489 0.999998 -0.000575089 0.0129388 -0.00207883 0.000578799 0.999998 -0.999912
70 72 890 0.999993 -0.00103622 0.00372492 -0.0220403 0.00104707 0.999995 -0.00291121 0.0397349 -0.00372188 0.00291508 0.999989 -0.998967
70 73 764 0.999991 -0.00244209 0.00335975 0.0223529 0.00245498 0.99999 -0.00383773 0.052809 -0.00335035 0.00384594 0.999987 -0.998354
70 74 571 0.999984 -0.00343355 0.0044875 0.0117694 0.0034477 0.999989 -0.00314935 0.0229271 -0.00447664 0.00316477 0.999985 -0.999668
75 76 964 0.999995 -0.000887482 0.00309301 -0.115326 0.000903368 0.999986 -0.00513831 0.0782373 -0.00308841 0.00514108 0.999982 -0.990242
75 77 991 0.999992 -0.00264885 0.00305364 -0.000617171 0.00266768 0.999977 -0.00617755 0.019277 -0.00303721 0.00618564 0.999976 -0.999814
75 78 863 0.999951 -0.00909691 0.00398729 -6.80382e-06 0.00910511 0.999956 -0.00204442 0.0247185 -0.00396851 0.00208062 0.99999 -0.999694
75 79 677 0.999948 -0.00939891 0.00393583 0.0149325 0.00937691 0.999941 0.00557103 0.0170516 -0.00398795 -0.00553384 0.999977 -0.999743
80 81 1364 1 -0.00074993 0.000233806 0.0697604 0.000749375 0.999997 0.00236383 -0.030977 -0.000235578 -0.00236365 0.999997 -0.997083
80 82 1205 0.999995 -0.002998 -0.000182799 0.0535841 0.00299735 0.999989 -0.00348362 0.0377038 0.000193241 0.00348305 0.999994 -0.997851
80 83 1003 0.999993 -0.00253624 0.00273421 0.0136017 0.0025506 0.999983 -0.00526141 0.0237834 -0.00272082 0.00526835 0.999982 -0.999625
80 84 855 0.999972 -0.00154036 0.00728242 -0.0493982 0.00155745 0.999996 -0.00234218 0.0240799 -0.00727878 0.00235346 0.999971 -0.998489
85 86 1074 0.999991 0.00407436 -0.00121013 0.00633497 -0.00406848 0.99998 0.0048253 0.011064 0.00122977 -0.00482034 0.999988 -0.999919
85 87 1212 0.999967 -0.000293103 -0.0081365 0.091039 0.000333626 0.999988 0.00497943 0.00674562 0.00813494 -0.00498197 0.999955 -0.995824
85 88 1050 0.999957 -0.0042335 -0.00827902 -0.00428868 0.00425159 0.999989 0.00216844 0.00119017 0.00826974 -0.00220354 0.999963 -0.99999
85 89 861 0.999905 -0.00111993 -0.0137196 0.00898274 0.00110951 0.999999 -0.000767178 0.0173803 0.0137204 0.000751884 0.999906 -0.999809
90 91 957 0.999966 0.00487385 -0.0066571 -0.0899595 -0.00490164 0.999979 -0.00416489 0.0640362 0.00663666 0.00419738 0.999969 -0.993885
90 92 1099 0.999787 0.00146624 -0.0205872 0.0541744 -0.00151789 0.999996 -0.00249309 0.000138936 0.0205834 0.0025238 0.999785 -0.998531
90 93 927 0.999317 -0.00452743 -0.0366707 0.0743728 0.0044806 0.999989 -0.00135929 -0.0070036 0.0366764 0.00119406 0.999326 -0.997206
90 94 771 0.998718 -0.00820902 -0.0499469 -0.00873286 0.00792333 0.999951 -0.00591518 0.0424355 0.049993 0.00551185 0.998734 -0.999061
95 96 729 0.999609 0.00376149 -0.0277183 -0.0197706 -0.00382858 0.99999 -0.00236804 0.0535543 0.0277091 0.00247324 0.999613 -0.998369
95 97 836 0.998465 0.00433899 -0.055211 -0.0350659 -0.00451488 0.999985 -0.00306149 0.0208557 0.0551969 0.00330606 0.99847 -0.999167
95 98 686 0.995907 0.00499336 -0.0902504 0.0539694 -0.00537994 0.999977 -0.00404056 0.016706 0.0902282 0.00450957 0.995911 -0.998403
95 99 586 0.99245 0.00233937 -0.122627 -0.0264946 -0.00288658 0.999987 -0.00428486 0.00622523 0.122616 0.00460649 0.992444 -0.99963
100 101 659 0.998995 0.00100693 -0.0448193 -0.0909213 -0.00106283 0.999999 -0.00122332 0.0573269 0.044818 0.00126972 0.998994 -0.994207
100 102 647 0.99496 -0.000630483 -0.100274 0.0127535 0.000694806 1 0.000606545 0.0381931 0.100274 -0.000673159 0.99496 -0.999189
100 103 709 0.990242 -0.00101159 -0.139357 -0.13353 0.000998174 0.999999 -0.000166197 0.0575329 0.139357 2.54728e-05 0.990242 -0.989373
100 104 537 0.977428 0.00152837 -0.211262 0.0294629 -0.000908938 0.999995 0.00302915 0.0428498 0.211266 -0.00276875 0.977425 -0.998647
105 106 800 0.997732 0.000926464 -0.0673106 -0.0200587 -0.00090191 1 0.000395183 0.041152 0.067311 -0.000333579 0.997732 -0.998952
105 107 735 0.992178 0.00287968 -0.124797 -0.149956 -0.00244401 0.99999 0.00364398 -0.00315369 0.124807 -0.00331047 0.992176 -0.988688
105 108 623 0.980619 0.00537429 -0.195851 -0.0265948 -0.00511992 0.999985 0.00180502 0.0315826 0.195858 -0.000767295 0.980632 -0.999147
105 109 502 0.966942 0.00633127 -0.254917 -0.0344363 -0.00623866 0.99998 0.00117181 0.0302298 0.254919 0.000457269 0.966962 -0.99895
110 111 881 0.997943 0.000594536 -0.0641062 -0.109147 -0.00070278 0.999998 -0.00166597 0.0220539 0.0641051 0.00170759 0.997942 -0.993781
110 112 785 0.991456 0.00347551 -0.130395 0.0127136 -0.00337364 0.999994 0.00100216 -0.00527347 0.130398 -0.000553694 0.991462 -0.999905
110 113 567 0.98357 0.010317 -0.180231 -0.0870514 -0.0102095 0.999947 0.001524 0.0279165 0.180237 0.000341101 0.983623 -0.995813
110 114 495 0.969948 0.00702122 -0.243212 0.00764072 -0.00666802 0.999975 0.00227547 0.0191543 0.243222 -0.000585346 0.969971 -0.999787
115 116 766 0.998704 -0.00204128 -0.0508626 -0.0977883 0.00210764 0.999997 0.00125118 0.0262889 0.0508599 -0.00135675 0.998705 -0.99486
115 117 595 0.995237 0.00446084 -0.0973832 -0.083972 -0.00424195 0.999988 0.00245462 0.0125095 0.097393 -0.00202983 0.995244 -0.99639
115 118 535 0.989916 0.0182317 -0.140475 -0.0631317 -0.0182811 0.999832 0.000939327 0.0336069 0.140468 0.00163818 0.990084 -0.997439
115 119 476 0.983704 0.0246193 -0.178102 -0.0471323 -0.0248805 0.99969 0.000767169 0.0117766 0.178065 0.00367659 0.984012 -0.998819
120 121 674 0.999456 -0.00859265 -0.0318546 -0.0160287 0.00875784 0.999949 0.00504995 0.0134264 0.0318096 -0.00532617 0.99948 -0.999781
120 122 546 0.99798 -0.0143543 -0.0618802 0.00652042 0.0149038 0.999853 0.00842629 0.0199929 0.0617501 -0.00933152 0.998048 -0.999779
120 123 418 0.996123 -0.0153091 -0.0866326 -0.0107632 0.0160442 0.999841 0.0077948 0.0363245 0.0864994 -0.00915453 0.99621 -0.999282
120 124 495 0.993643 -0.00689617 -0.112369 0.01228 0.00839687 0.999882 0.0128873 0.0140044 0.112267 -0.0137489 0.993583 -0.999827
125 126 550 0.999797 0.000162485 -0.0201394 -0.0423434 -2.09455e-05 0.999975 0.00702799 -0.0290937 0.0201401 -0.00702615 0.999772 -0.998679
125 127 439 0.999282 -0.00320716 -0.0377626 -0.011685 0.00345192 0.999973 0.00641819 -0.00112385 0.037741 -0.00654393 0.999266 -0.999931
125 128 557 0.998493 -0.00562843 -0.0545923 0.0305624 0.00577492 0.99998 0.00252599 0.00852091 0.054577 -0.00283745 0.998506 -0.999497
125 129 459 0.997686 -0.00356908 -0.0678975 0.00977803 0.00351757 0.999993 -0.000878195 0.00519666 0.0679002 0.000637328 0.997692 -0.999939
130 131 643 0.999928 0.00379045 -0.0114023 -0.0356803 -0.00379417 0.999993 -0.000304308 0.00956103 0.0114011 0.000347549 0.999935 -0.999318
130 132 596 0.999738 0.00730322 -0.0216942 -0.0236006 -0.0072951 0.999973 0.0004533 0.00195608 0.021697 -0.00029492 0.999765 -0.99972
130 133 587 0.999543 0.00422298 -0.029949 -0.0119507 -0.00420611 0.999991 0.000626421 0.00851447 0.0299513 -0.000500166 0.999551 -0.999892
130 134 594 0.999222 0.0108909 -0.0379059 0.0587843 -0.0108215 0.999939 0.00203614 -0.00352714 0.0379258 -0.00162436 0.999279 -0.998264
135 136 520 0.99998 0.00319779 -0.00542694 -0.0403323 -0.00319598 0.999995 0.000342901 -0.00471849 0.00542801 -0.00032555 0.999985 -0.999175
135 137 576 0.999945 0.00309795 -0.00997055 -0.0132096 -0.00309043 0.999995 0.000768976 -0.00439467 0.00997288 -0.000738121 0.99995 -0.999903
135 138 655 0.999879 5.3468e-06 -0.0155637 0.0306966 2.17817e-05 0.999998 0.00174289 -0.014967 0.0155637 -0.00174302 0.999877 -0.999417
135 139 569 0.999864 0.000796149 -0.0165007 -0.000342325 -0.000802489 1 -0.000377589 0.0157624 0.0165004 0.000390779 0.999864 -0.999876
140 141 558 0.999991 0.00417158 -0.00107205 0.00635262 -0.00417191 0.999991 -0.000309802 0.00939704 0.00107075 0.000314271 0.999999 -0.999936
140 142 713 0.999968 0.00798036 0.00105036 -0.00964376 -0.00798174 0.999967 0.00131375 -0.0271007 -0.00103984 -0.00132209 0.999999 -0.999586
140 143 627 0.999955 0.0091371 0.00263595 -0.0154683 -0.00913422 0.999958 -0.00110517 0.0188238 -0.00264594 0.00108105 0.999996 -0.999703
140 144 599 0.999872 0.0145519 0.00660418 -0.00629374 -0.0145462 0.999894 -0.000914374 0.0130428 -0.00661678 0.000818192 0.999978 -0.999895
145 146 624 0.999988 0.00131822 0.00466334 -0.0454389 -0.00131121 0.999998 -0.00150465 0.00925684 -0.00466531 0.00149852 0.999988 -0.998924
145 147 694 0.999964 0.00272412 0.00805957 -0.0060222 -0.00269926 0.999992 -0.00309387 -0.00082149 -0.00806793 0.003072 0.999963 -0.999982
145 148 629 0.999922 -0.00158177 0.0124085 -0.011155 0.00164026 0.999988 -0.00470549 -0.00317911 -0.0124009 0.00472547 0.999912 -0.999933
145 149 509 0.999901 0.000419375 0.0140446 0.0253233 -0.000339708 0.999984 -0.00567429 9.98721e-05 -0.0140467 0.00566896 0.999885 -0.999679
150 151 882 0.999996 0.000504378 -0.00262688 0.195369 -0.000491217 0.999987 0.00500831 -0.0279202 0.00262937 -0.00500701 0.999984 -0.980332
150 152 714 0.99996 -0.00862673 0.0025476 0.0418138 0.00860137 0.999915 0.00980254 0.00574196 -0.00263195 -0.00978023 0.999949 -0.999109
150 153 577 0.999898 -0.0126745 0.00653295 -0.0357387 0.0126006 0.999858 0.0112305 0.0133723 -0.00667436 -0.011147 0.999916 -0.999272
150 154 454 0.999908 -0.0134055 0.0020332 0.0360052 0.0133807 0.999841 0.0117466 -0.000694836 -0.00219035 -0.0117183 0.999929 -0.999351
155 156 1040 0.999999 0.00150109 -8.34022e-05 -0.0201696 -0.00150117 0.999998 -0.000989391 0.0263919 8.19169e-05 0.000989515 1 -0.999448
155 157 827 0.999988 -0.00463343 0.00142594 -0.017317 0.00463855 0.999983 -0.00360971 0.0534955 -0.00140919 0.00361629 0.999992 -0.998418
155 158 697 0.999991 -0.00368316 0.00191384 -0.0203889 0.00368788 0.99999 -0.00247232 0.023155 -0.00190471 0.00247936 0.999995 -0.999524
155 159 566 0.999984 -0.00572881 -0.000123052 0.0121401 0.00572864 0.999983 -0.00129281 0.0157976 0.000130456 0.00129209 0.999999 -0.999802
160 161 1234 0.999979 -0.00330625 -0.00553759 0.0834974 0.00329777 0.999993 -0.00154132 0.0351796 0.00554265 0.00152302 0.999983 -0.995887
160 162 869 0.999942 -0.00776453 -0.00744742 0.0237139 0.00774575 0.999967 -0.00254764 0.0284585 0.00746695 0.00248981 0.999969 -0.999314
160 163 583 0.999927 -0.00448022 -0.0111873 -0.000696213 0.00443695 0.999983 -0.0038893 0.0127251 0.0112045 0.00383938 0.99993 -0.999919
160 164 448 0.999848 -0.00599228 -0.0163468 0.00438085 0.00589008 0.999963 -0.00629305 0.0181301 0.0163839 0.00619582 0.999847 -0.999826
165 166 874 0.999962 -0.000725198 -0.00871691 0.00886929 0.00073121 0.999999 0.000686572 0.0256095 0.00871641 -0.00069292 0.999962 -0.999633
165 167 650 0.999819 -0.00205324 -0.0189271 0.00119926 0.00207301 0.999997 0.00102484 0.015015 0.018925 -0.0010639 0.99982 -0.999887
165 168 540 0.99954 0.000337872 -0.0303217 0.0167506 -0.000328179 1 0.000324644 0.01432 0.0303218 -0.000314544 0.99954 -0.999757
165 169 411 0.999209 -0.00260745 -0.0396693 0.0106825 0.00257438 0.999996 -0.00088469 0.0221056 0.0396714 0.000781867 0.999212 -0.999699
170 171 686 0.999938 0.000625803 -0.0110867 0.00457585 -0.000620749 1 0.000459286 0.0152475 0.011087 -0.000452376 0.999938 -0.999873
170 172 635 0.999737 -0.000364942 -0.0229097 0.0302352 0.000394083 0.999999 0.0012675 0.0056189 0.0229092 -0.0012762 0.999737 -0.999527
170 173 540 0.99948 7.41595e-05 -0.0322351 0.0138594 -2.21489e-05 0.999999 0.00161383 0.0232487 0.0322352 -0.00161228 0.999479 -0.999634
170 174 427 0.999049 0.0017736 -0.0435541 0.0223312 -0.00159231 0.99999 0.00419662 0.00180868 0.0435611 -0.00412328 0.999042 -0.999749
175 176 560 0.999955 -0.00082922 -0.0094606 -0.0257428 0.000827621 1 -0.000172939 0.0321762 0.00946074 0.000165102 0.999955 -0.999151
175 177 504 0.999859 9.18698e-05 -0.0167762 -0.0332086 -8.55159e-05 1 0.000379463 0.0224319 0.0167762 -0.000377975 0.999859 -0.999197
175 178 507 0.999606 0.00588641 -0.0274483 0.00322345 -0.00584559 0.999982 0.00156743 -0.0104166 0.027457 -0.00140636 0.999622 -0.999941
175 179 407 0.999436 -0.00127653 -0.0335663 -0.000645867 0.00114934 0.999992 -0.00380837 0.0460301 0.0335709 0.00376764 0.999429 -0.99894
180 181 694 0.999985 0.0040919 -0.00377532 -0.00362904 -0.00409965 0.999989 -0.00204829 0.0192143 0.0037669 0.00206374 0.999991 -0.999809
180 182 757 0.999968 0.00433578 -0.0067034 -0.000194289 -0.0043475 0.999989 -0.00173408 -0.00167907 0.00669581 0.00176317 0.999976 -0.999999
180 183 551 0.999953 -0.00241773 -0.00938348 0.0175032 0.00235332 0.999974 -0.00686905 0.0601722 0.00939984 0.00684665 0.999932 -0.998035
180 184 484 0.999905 0.00928214 -0.0101741 0.0192618 -0.00930209 0.999955 -0.00191573 -0.00468091 0.0101558 0.00201018 0.999946 -0.999804
185 186 781 0.999987 0.00210231 0.00457396 -0.0530996 -0.00211277 0.999995 0.00228447 -0.00362825 -0.00456913 -0.0022941 0.999987 -0.998583
185 187 743 0.999956 -0.00353167 0.00865066 -0.0159887 0.0035314 0.999994 4.71413e-05 0.066056 -0.00865077 -1.65903e-05 0.999963 -0.997688
185 188 779 0.999906 -0.000230066 0.013693 0.0403894 0.000183028 0.999994 0.00343634 0.01879 -0.0136937 -0.00343351 0.9999 -0.999007
185 189 625 0.999626 0.0029698 0.0271677 -0.00899812 -0.0031163 0.999981 0.00535144 -0.0111517 -0.0271513 -0.0054341 0.999617 -0.999897
190 191 909 0.99988 -1.83974e-05 0.0155029 0.086752 -1.75924e-05 0.999997 0.00232135 0.0082735 -0.0155029 -0.00232134 0.999877 -0.996196
190 192 807 0.999097 -0.00194418 0.0424519 -0.0697411 0.00182237 0.999994 0.00290797 0.0392508 -0.0424574 -0.00282798 0.999094 -0.996793
190 193 782 0.99787 -0.00722007 0.0648272 -0.0253426 0.00684583 0.999959 0.0059932 0.0276763 -0.0648677 -0.00553664 0.997879 -0.999296
190 194 725 0.995889 -0.00437144 0.0904735 0.00188808 0.00358188 0.999954 0.00888757 0.0075351 -0.0905082 -0.00852697 0.995859 -0.99997
195 196 915 0.999327 0.00173712 0.0366524 0.0820235 -0.00170186 0.999998 -0.000993282 -0.0463739 -0.036654 0.000930236 0.999328 -0.995551
195 197 922 0.997391 -0.000705038 0.0721876 0.12792 0.000968805 0.999993 -0.00361897 -0.0371226 -0.0721845 0.00367946 0.997385 -0.99109
195 198 628 0.992854 0.000129581 0.119337 0.0660705 0.000936543 0.99996 -0.00887761 -0.00293215 -0.119333 0.00892593 0.992814 -0.997811
195 199 416 0.986282 -0.000723544 0.16507 0.0517896 0.00254016 0.999939 -0.0107943 -0.00140279 -0.165052 0.0110655 0.986223 -0.998657
200 201 773 0.998385 0.00094274 0.0567966 0.0660735 -0.000965094 0.999999 0.00036615 0.0114428 -0.0567962 -0.000420373 0.998386 -0.997749
200 202 387 0.992815 0.00387044 0.119598 0.0262581 -0.00421111 0.999988 0.00259591 -0.00342188 -0.119586 -0.00308089 0.992819 -0.999649
200 203 210 0.984196 0.00865469 0.176873 0.0577069 -0.00846323 0.999962 -0.00183686 0.0712062 -0.176882 0.000310923 0.984232 -0.995791
200 204 130 0.970373 0.0059025 0.241539 0.0203265 -0.00888921 0.999897 0.0112775 -0.00148961 -0.241447 -0.0130905 0.970326 -0.999792
205 206 547 0.997746 -0.000453518 0.0671013 0.177468 0.000337036 0.999998 0.00174723 0.0246922 -0.0671019 -0.00172068 0.997745 -0.983817
205 207 513 0.990141 -0.00161181 0.140063 0.0134504 0.000930797 0.999987 0.00492756 -0.00574215 -0.140069 -0.00474861 0.99013 -0.999893
205 208 297 0.979153 0.00444028 0.203077 0.0309454 -0.00461866 0.999989 0.00040448 0.0224171 -0.203073 -0.00133399 0.979163 -0.99927
205 209 299 0.961791 0.00100951 0.273782 -0.0341825 -0.000612206 0.999999 -0.0015366 0.00511259 -0.273783 0.00131028 0.961791 -0.999403
210 211 587 0.997847 -0.000367385 0.0655775 0.0811436 0.00074987 0.999983 -0.00580805 0.0032095 -0.0655743 0.00584472 0.997831 -0.996697
210 212 543 0.992108 0.00234687 0.125362 0.0707765 -0.000612885 0.999904 -0.0138686 0.0292973 -0.125382 0.0136824 0.992014 -0.997062
210 213 620 0.982994 6.6998e-05 0.183638 0.0232814 0.00330331 0.999832 -0.018047 0.0229649 -0.183609 0.0183467 0.982828 -0.999465
210 214 535 0.972669 -0.00181408 0.23219 -0.0088118 0.0068203 0.999761 -0.02076 0.031112 -0.232096 0.0217762 0.972449 -0.999477
215 216 625 0.999333 -0.00510404 0.0361686 0.129283 0.00503738 0.999985 0.00193394 0.0177716 -0.036178 -0.00175046 0.999344 -0.991448
215 217 725 0.997495 -0.00301686 0.0706707 -0.00122585 0.00282102 0.999992 0.00287074 -0.0150595 -0.0706788 -0.00266418 0.997496 -0.999886
215 218 676 0.995763 0.002227 0.0919306 0.0288085 -0.00245843 0.999994 0.00240429 0.00759616 -0.0919247 -0.00262011 0.995763 -0.999556
215 219 700 0.994072 0.00724283 0.108481 0.0109369 -0.0075952 0.999967 0.00283534 -0.00631258 -0.108457 -0.00364247 0.994094 -0.99992
220 221 618 0.999938 -0.00537969 0.00970454 0.0343431 0.00537603 0.999985 0.000403201 -0.0188966 -0.00970656 -0.000351004 0.999953 -0.999231
220 222 711 0.999778 -0.0127636 0.0167824 -0.0125424 0.0127399 0.999918 0.00152012 0.00247323 -0.0168004 -0.00130597 0.999858 -0.999918
220 223 933 0.999709 -0.0162157 0.0178431 0.0512343 0.0161148 0.999853 0.005783 -0.00332981 -0.0179343 -0.00549378 0.999824 -0.998681
220 224 849 0.99966 -0.0173587 0.0194676 0.0146677 0.0172016 0.999818 0.00820862 -0.00191169 -0.0196065 -0.00787095 0.999777 -0.999891
225 226 574 0.999986 0.0036623 -0.00387948 -0.0371423 -0.00363701 0.999972 0.00650678 -0.00034357 0.0039032 -0.00649258 0.999971 -0.99931
225 227 716 0.999963 0.00248061 -0.00827253 -0.0120766 -0.00239263 0.999941 0.0106285 -0.00953713 0.0082984 -0.0106083 0.999909 -0.999882
225 228 752 0.999927 -0.00283456 -0.0117278 -0.0449016 0.0029629 0.999936 0.0109402 -0.0136498 0.0116961 -0.0109742 0.999871 -0.998898
225 229 728 0.999814 -0.00451137 -0.0187297 0.0170843 0.00463473 0.999968 0.00654794 -0.00242435 0.0186995 -0.00663354 0.999803 -0.999851
230 231 631 0.999986 0.00324013 -0.00429549 -0.0443319 -0.0032591 0.999985 -0.00441526 -0.00957711 0.00428112 0.0044292 0.999981 -0.998971
230 232 664 0.999962 0.00507512 -0.00708466 -0.0257405 -0.00514853 0.999933 -0.0103817 0.0192431 0.00703149 0.0104178 0.999921 -0.999483
230 233 659 0.999884 0.00870923 -0.0125207 0.0266863 -0.00884517 0.999902 -0.0108435 0.0103922 0.0124251 0.010953 0.999863 -0.99959
230 234 561 0.999836 0.01347 -0.0121017 0.0226197 -0.0135815 0.999866 -0.00918304 0.0283236 0.0119764 0.00934589 0.999885 -0.999343
235 236 429 1 -0.000563016 0.000811782 -0.0142404 0.000557648 0.999978 0.00659745 0.00372996 -0.000815479 -0.00659699 0.999978 -0.999892
235 237 617 0.999989 -0.00344842 0.00328376 -0.00641963 0.00341338 0.999938 0.0106183 -0.0117618 -0.00332017 -0.010607 0.999938 -0.99991
235 238 627 0.999982 -0.00184266 0.00565577 0.00482549 0.00180392 0.999975 0.00684703 -0.00733859 -0.00566825 -0.00683671 0.999961 -0.999961
235 239 569 0.999951 0.00499045 0.00854038 -0.00836142 -0.00497841 0.999987 -0.00143091 0.00815986 -0.0085474 0.00138832 0.999963 -0.999932
240 241 432 0.999996 -0.00262791 0.00137962 0.050898 0.00262696 0.999996 0.000692236 0.0174474 -0.00138144 -0.000688609 0.999999 -0.998551
240 242 571 0.999954 -0.00836129 0.00462333 -0.0303309 0.00833371 0.999948 0.00595241 -0.0122693 -0.00467285 -0.00591361 0.999972 -0.999465
240 243 566 0.99995 -0.00637109 0.00777075 0.0102088 0.00628715 0.999922 0.0107791 0.0007231 -0.00783882 -0.0107297 0.999912 -0.999948
240 244 547 0.999916 -0.00495403 0.0119629 -0.00943978 0.00479038 0.999895 0.01367 0.000525894 -0.0120294 -0.0136115 0.999835 -0.999955
245 246 492 0.999985 0.0041944 0.00350055 0.0176674 -0.00418677 0.999989 -0.00218381 0.0184888 -0.00350967 0.00216912 0.999991 -0.999673
245 247 610 0.999986 0.00336792 0.00397262 0.0199525 -0.00334852 0.999982 -0.00488075 0.0145022 -0.00398898 0.00486738 0.99998 -0.999696
245 248 572 0.999964 0.00558093 0.00636766 -0.0016813 -0.00554418 0.999968 -0.00577392 -0.00796908 -0.00639968 0.00573841 0.999963 -0.999967
245 249 493 0.999891 0.0123894 0.00798503 -0.016299 -0.0123264 0.999893 -0.00788825 0.00807246 -0.00808191 0.00778896 0.999937 -0.999835
250 251 422 0.999989 -0.00465 0.000689082 -0.0688419 0.00464832 0.999986 0.00242789 -0.00922411 -0.000700362 -0.00242466 0.999997 -0.997585
250 252 624 0.999958 -0.00917832 -5.6504e-05 0.013466 0.00917849 0.999935 0.00682556 -0.0109855 -6.14688e-06 -0.00682579 0.999977 -0.999849
250 253 489 0.999744 -0.0225265 -0.00204409 0.0103974 0.0225361 0.999734 0.00481405 0.0206736 0.00193511 -0.00485888 0.999986 -0.999732
250 254 468 0.999662 -0.0254833 -0.00522676 0.0260466 0.0255097 0.999662 0.00503405 0.00959128 0.00509671 -0.00516568 0.999974 -0.999615
255 256 507 0.999996 -0.000999102 -0.00268337 0.00346634 0.00100128 0.999999 0.000809551 0.0208709 0.00268256 -0.000812234 0.999996 -0.999776
255 257 579 0.999979 0.00336395 -0.00548376 0.0482599 -0.00334258 0.999987 0.00390029 -0.00423087 0.00549681 -0.00388188 0.999977 -0.998826
255 258 490 0.999958 0.00677677 -0.0061665 -0.0101542 -0.00676824 0.999976 0.00140415 0.0179954 0.00617587 -0.00136235 0.99998 -0.999787
255 259 427 0.999847 0.0160992 -0.00679445 0.010096 -0.0160713 0.999862 0.00415398 0.00782371 0.00686039 -0.00404415 0.999968 -0.999918
260 261 421 0.999999 -0.00166193 -0.000176556 -0.0176188 0.00166141 0.999994 -0.00292393 0.00884841 0.000181414 0.00292364 0.999996 -0.999806
260 262 515 0.999973 -0.00733364 -0.000142097 -0.017856 0.00733215 0.999936 -0.00858268 0.011693 0.00020503 0.0085814 0.999963 -0.999772
260 263 431 0.999896 -0.0133313 -0.0054613 0.030392 0.0132586 0.999826 -0.0131391 0.0251943 0.00563551 0.0130653 0.999899 -0.99922
260 264 381 0.999977 -0.00597346 -0.00336049 -0.00558299 0.0059524 0.999963 -0.00624249 0.0129689 0.00339765 0.00622234 0.999975 -0.9999
265 266 480 0.999981 0.00568054 0.00233751 -0.0548539 -0.00570083 0.999945 0.00876793 -0.00101341 -0.00228757 -0.00878109 0.999959 -0.998494
265 267 494 0.99998 0.00513482 0.00356819 -0.0528942 -0.00513969 0.999986 0.0013578 -0.0153172 -0.00356117 -0.00137612 0.999993 -0.998483
265 268 368 0.999962 0.00711607 0.0051131 -0.0204151 -0.00701806 0.999796 -0.0189366 0.0143479 -0.00524681 0.0189 0.999808 -0.999689
265 269 283 0.999965 0.0072923 0.00408091 -0.00298259 -0.0071395 0.999316 -0.0362804 0.0429378 -0.00434268 0.03625 0.999333 -0.999073
270 271 482 0.999986 -0.00512237 0.00116837 0.024449 0.0051032 0.999861 0.0158604 0.0124249 -0.00124945 -0.0158542 0.999874 -0.999624
270 272 395 0.999993 -0.00268321 0.00265393 -0.00375331 0.00262159 0.999733 0.0229525 0.00281735 -0.00271481 -0.0229454 0.999733 -0.999989
270 273 324 0.99999 0.000796854 0.00437233 0.00423015 -0.000901114 0.999714 0.0238954 0.00675729 -0.00435204 -0.0238991 0.999705 -0.999968
270 274 250 0.999963 -0.000749415 0.00851946 -0.0222603 0.000540604 0.9997 0.0244858 -0.00356677 -0.00853526 -0.0244803 0.999664 -0.999746
275 276 511 0.99999 -0.000100047 0.00440288 0.0558062 9.07656e-05 0.999998 0.00210829 -0.00886838 -0.00440308 -0.00210787 0.999988 -0.998402
275 277 453 0.999966 -0.0056871 0.0058995 0.0487739 0.00567964 0.999983 0.00128035 0.0229758 -0.00590668 -0.0012468 0.999982 -0.998546
275 278 356 0.999869 -0.0119313 0.010957 -0.00388662 0.0118981 0.999924 0.00309142 0.00588006 -0.010993 -0.00296065 0.999935 -0.999975
275 279 287 0.999835 -0.013758 0.0118588 0.00568601 0.0137417 0.999905 0.00145897 0.0110399 -0.0118778 -0.00129577 0.999929 -0.999923
280 281 608 0.999997 0.00179874 0.00152454 0.000394668 -0.00179947 0.999998 0.000478828 -0.00131744 -0.00152367 -0.00048157 0.999999 -0.999999
280 282 557 0.999986 0.00438932 0.00295898 0.0396574 -0.00440085 0.999983 0.00390235 0.00638626 -0.0029418 -0.00391532 0.999988 -0.999193
280 283 432 0.999907 0.00903297 0.0102359 -0.0304226 -0.00911154 0.999929 0.00765514 0.00117372 -0.010166 -0.0077477 0.999918 -0.999536
280 284 348 0.999782 0.0121538 0.0169591 -0.0247292 -0.0122957 0.99989 0.00828393 0.00432657 -0.0168565 -0.00849065 0.999822 -0.999685
285 286 589 0.999973 0.00182155 0.00716786 -0.00900112 -0.00175232 0.999952 -0.00965363 0.0612677 -0.0071851 0.00964081 0.999928 -0.998081
285 287 524 0.999954 0.00289444 0.00910858 0.041578 -0.00273733 0.999848 -0.0172143 0.022305 -0.00915702 0.0171886 0.99981 -0.998886
285 288 375 0.999889 -0.00531702 0.0138891 0.0260051 0.00559489 0.999783 -0.0200441 0.0337781 -0.0137795 0.0201196 0.999703 -0.999091
285 289 293 0.999811 -0.00544886 0.0186867 0.00800522 0.00574196 0.999861 -0.0156672 0.0209421 -0.0185988 0.0157716 0.999703 -0.999749
290 291 524 0.999982 0.00282874 0.00527681 0.0183767 -0.00284733 0.99999 0.00351945 0.0330041 -0.0052668 -0.00353441 0.99998 -0.999286
290 292 461 0.999913 0.00544768 0.0120118 0.00480872 -0.00551911 0.999967 0.00592173 -0.0115548 -0.0119792 -0.00598751 0.99991 -0.999922
290 293 411 0.999787 -0.000692039 0.0206408 -0.0062788 0.000643248 0.999997 0.00237034 -0.000437789 -0.0206424 -0.00235656 0.999784 -0.99998
290 294 366 0.999559 -0.00709084 0.0288236 0.00308255 0.00699207 0.999969 0.0035262 0.00731768 -0.0288477 -0.00332311 0.999578 -0.999968
295 296 602 0.999956 0.00134482 0.00923019 -0.0554744 -0.00137592 0.999993 0.00336469 -0.0247221 -0.00922561 -0.00337724 0.999952 -0.998154
295 297 522 0.999848 0.00428112 0.0169147 0.0285944 -0.00425429 0.99999 -0.00162188 0.0314422 -0.0169215 0.00154968 0.999856 -0.999096
295 298 390 0.999744 -0.00267106 0.0224817 0.0222992 0.00281825 0.999975 -0.00651813 0.0212908 -0.0224637 0.00657982 0.999726 -0.999525
295 299 297 0.999483 -0.00871456 0.0309636 0.0205069 0.00910261 0.999882 -0.0124135 0.024218 -0.0308517 0.012689 0.999443 -0.999496
300 301 605 0.999969 -0.000626571 0.00786632 -0.0053763 0.000638859 0.999999 -0.00155957 0.0124791 -0.00786533 0.00156454 0.999968 -0.999908
300 302 492 0.999938 0.000591341 0.0111007 -0.00184382 -0.000589452 1 -0.000173397 0.017896 -0.0111008 0.000166843 0.999938 -0.999838
300 303 393 0.999884 -0.0029346 0.014935 0.0161128 0.00284825 0.999979 0.00579966 0.003675 -0.0149517 -0.00575645 0.999872 -0.999863
300 304 327 0.999775 -0.00953993 0.0189692 -0.00261441 0.00931117 0.999883 0.0121113 0.00745692 -0.0190825 -0.0119319 0.999747 -0.999969
305 306 665 0.999995 -0.00177869 0.00278705 0.0626132 0.00179595 0.999979 -0.00620353 0.0216761 -0.00277596 0.0062085 0.999977 -0.997802
305 307 484 0.999973 -0.00219715 0.0070563 0.00824165 0.00231098 0.999867 -0.0161639 0.0160625 -0.00701985 0.0161797 0.999844 -0.999837
305 308 359 0.999941 -0.00191932 0.0107064 0.00432498 0.00215292 0.999759 -0.0218498 0.0119672 -0.0106619 0.0218716 0.999704 -0.999919
305 309 302 0.999909 0.001074 0.0134667 0.0286953 -0.000806908 0.999803 -0.0198232 0.0172239 -0.0134853 0.0198106 0.999713 -0.99944
310 311 680 0.999957 0.00234578 0.00899704 -0.0649552 -0.0023949 0.999982 0.00545195 0.00204035 -0.00898409 -0.00547326 0.999945 -0.997886
310 312 477 0.999916 -0.00425424 0.0122528 0.0403478 0.00421715 0.999986 0.00305141 0.0209155 -0.0122656 -0.00299948 0.99992 -0.998967
310 313 379 0.999743 -0.00146916 0.0226106 -0.00905268 0.00151442 0.999997 -0.00198488 0.0124081 -0.0226076 0.00201861 0.999742 -0.999882
310 314 324 0.999437 0.00338055 0.0333819 -0.0513189 -0.00321741 0.999983 -0.00493952 0.0186609 -0.033398 0.00482933 0.99943 -0.998508
315 316 761 0.999971 0.00381206 0.00661706 0.0583774 -0.00381762 0.999992 0.000828718 0.000895372 -0.00661385 -0.000853955 0.999978 -0.998294
315 317 588 0.99989 0.00869866 0.012048 0.011572 -0.00879754 0.999928 0.00817909 0.000362202 -0.011976 -0.00828418 0.999894 -0.999933
315 318 466 0.999632 0.0183503 0.0199656 -0.010958 -0.0187024 0.99967 0.0175939 -0.000980994 -0.0196362 -0.0179608 0.999646 -0.999939
315 319 388 0.999349 0.0243654 0.0265903 -0.0142936 -0.0249456 0.999453 0.0217104 -0.00107011 -0.0260468 -0.0223596 0.999411 -0.999897
320 321 698 0.999934 -0.010508 0.00458452 0.0121174 0.0105713 0.999846 -0.0140128 0.0368516 -0.00443657 0.0140603 0.999891 -0.999247
320 322 510 0.999855 -0.0134863 0.0104232 0.00839954 0.0136999 0.999692 -0.0206989 0.0262676 -0.0101408 0.0208387 0.999731 -0.99962
320 323 406 0.99975 -0.017969 0.0133128 0.0162074 0.0181957 0.999688 -0.0171105 0.0212359 -0.0130012 0.0173484 0.999765 -0.999643
320 324 336 0.999756 -0.0160151 0.0151902 0.0212936 0.0161283 0.999843 -0.00736042 0.0171925 -0.0150699 0.00760362 0.999858 -0.999625
325 326 755 0.999984 0.00376044 0.00410815 -0.0660702 -0.00377856 0.999983 0.00441117 -0.023254 -0.00409149 -0.00442662 0.999982 -0.997544
325 327 578 0.999933 0.0102959 0.00537567 -0.0189812 -0.0102903 0.999946 -0.00107449 0.00780003 -0.00538644 0.0010191 0.999985 -0.999789
325 328 472 0.999947 0.00933058 0.00431651 0.00637036 -0.00929063 0.999915 -0.00918615 0.00988127 -0.00440185 0.00914556 0.999948 -0.999931
325 329 358 0.99999 0.00389554 0.00217122 0.0178561 -0.0038623 0.999878 -0.0151075 0.0204552 -0.00222981 0.0150989 0.999884 -0.999631
330 331 748 0.99999 0.0037943 0.00229638 -0.01535 -0.00381468 0.999953 0.00893692 0.0108942 -0.00226236 -0.00894559 0.999957 -0.999823
330 332 598 0.999938 0.010308 0.00416227 -0.0109604 -0.0103912 0.999736 0.0204899 0.0130733 -0.00394996 -0.0205319 0.999781 -0.999854
330 333 521 0.999772 0.020517 0.00599201 -0.00972708 -0.0206585 0.999484 0.0245943 0.00408099 -0.00548432 -0.0247125 0.99968 -0.999944
330 334 429 0.999735 0.0218312 0.00723549 0.00171737 -0.0219694 0.999566 0.019607 0.00144384 -0.00680431 -0.0197608 0.999782 -0.999997
335 336 785 0.999994 -0.00347266 -0.0001055 0.0345638 0.00347221 0.999986 -0.00399644 0.043836 0.000119377 0.00399605 0.999992 -0.998441
335 337 603 0.999997 -0.000665226 0.00228986 -0.000606135 0.000665002 1 9.81981e-05 0.0213395 -0.00228992 -9.66751e-05 0.999997 -0.999772
335 338 487 0.999997 -0.00126476 0.00199285 0.00627105 0.00125135 0.999977 0.00671195 0.00821302 -0.00200129 -0.00670943 0.999975 -0.999947
335 339 303 0.99996 -0.00880763 0.00172818 0.0115312 0.00879726 0.999944 0.00592006 0.0111773 -0.00178023 -0.00590462 0.999981 -0.999871
340 341 485 0.99999 -0.00433131 0.000597348 0.0508786 0.00433339 0.999984 -0.00351447 0.0248026 -0.000582116 0.00351702 0.999994 -0.998397
340 342 395 0.999969 -0.00792725 0.000294757 -0.000156186 0.00792876 0.999953 -0.00553248 0.0116758 -0.000250886 0.00553465 0.999985 -0.999932
340 343 325 0.99991 -0.0132513 0.00214719 0.00911082 0.0132619 0.999899 -0.00502095 0.0108141 -0.00208044 0.00504897 0.999985 -0.9999
340 344 244 0.999957 -0.00912478 0.00147982 0.0211345 0.00912754 0.999957 -0.00186775 0.0129419 -0.00146271 0.00188118 0.999997 -0.999693
345 346 390 0.999999 -0.00136891 0.000434906 0.0249271 0.00136899 0.999999 -0.000191695 0.0115328 -0.000434643 0.00019229 1 -0.999623
345 347 433 0.999991 -3.44559e-06 0.00415962 -0.00465557 4.29834e-05 0.999955 -0.00950512 0.0119155 -0.00415939 0.00950522 0.999946 -0.999918
345 348 357 0.999993 -0.00279708 0.00251679 0.0277566 0.00284197 0.999834 -0.01801 0.022181 -0.00246599 0.0180171 0.999835 -0.999369
345 349 246 0.999917 0.0114312 0.00586726 0.00357052 -0.0113127 0.999739 -0.019839 0.0177038 -0.00609251 0.019771 0.999786 -0.999837
350 351 480 0.999988 -0.0047659 -0.0012053 0.0327623 0.00477241 0.999974 0.00546373 0.0179078 0.00117923 -0.00546942 0.999984 -0.999303
350 352 378 0.999999 -0.00128227 -0.000789164 0.00427418 0.00129055 0.999943 0.0105784 0.0124723 0.000775555 -0.0105794 0.999944 -0.999913
350 353 318 0.999995 -0.00158387 -0.00284246 0.0190711 0.00162369 0.9999 0.0140632 0.0191554 0.0028199 -0.0140678 0.999897 -0.999635
350 354 253 0.999941 0.00977796 -0.00462587 0.026616 -0.00969055 0.999781 0.018554 -0.00585903 0.00480628 -0.018508 0.999817 -0.999629
355 356 423 0.999986 -0.00165348 -0.00498854 -0.00553754 0.00162945 0.999987 -0.00481657 0.012084 0.00499644 0.00480838 0.999976 -0.999912
355 357 406 0.999912 -0.00686879 -0.0113516 0.00219835 0.00670515 0.999874 -0.0143914 0.0307449 0.0114491 0.014314 0.999832 -0.999525
355 358 397 0.999827 -0.00903801 -0.0162549 0.0125369 0.00873747 0.999791 -0.0184658 0.0165872 0.0164184 0.0183205 0.999697 -0.999784
355 359 397 0.999639 -0.0139901 -0.022924 0.021074 0.013604 0.999764 -0.0169123 0.0239552 0.0231552 0.0165944 0.999594 -0.999491
360 361 389 0.999974 -0.00052538 -0.00712982 -0.0522899 0.000587236 0.999962 0.00867636 -0.00102554 0.00712499 -0.00868032 0.999937 -0.998631
360 362 500 0.999894 0.0015218 -0.0144746 0.0539036 -0.00131056 0.999893 0.0145918 -0.0263095 0.0144952 -0.0145713 0.999789 -0.998199
360 363 465 0.999756 0.00842942 -0.0204397 0.0336059 -0.00814561 0.99987 0.0139292 -0.0370076 0.0205544 -0.0137593 0.999694 -0.99875
360 364 380 0.999682 0.00333174 -0.0249914 -0.0084225 -0.00314485 0.999967 0.00751357 0.00554374 0.0250156 -0.00743259 0.999659 -0.999949
365 366 658 0.999984 0.0056107 -0.000117033 -0.205489 -0.00561101 0.99998 -0.00286495 0.0654288 0.000100956 0.00286556 0.999996 -0.97647
