0 1 1064 0.999991 0.0027716 0.00317073 -0.00219377 -0.00277924 0.999993 0.00240856 0.00147027 -0.00316404 -0.00241736 0.999992 -0.999997
0 2 1038 0.999975 0.0014108 0.00694603 0.00933175 -0.00143746 0.999992 0.00383463 -0.00537676 -0.00694057 -0.00384452 0.999969 -0.999942
0 3 946 0.999939 0.00280309 0.0106465 1.4405e-05 -0.00285286 0.999985 0.00466281 -0.00197385 -0.0106333 -0.0046929 0.999932 -0.999998
0 4 776 0.999928 0.00104405 0.0119398 0.0555787 -0.00111097 0.999984 0.00559978 -0.00191011 -0.0119337 -0.00561264 0.999913 -0.998452
5 6 1235 0.999985 -0.00210447 0.00509336 -0.00658796 0.00209649 0.999997 0.00157146 -0.00500212 -0.00509665 -0.00156076 0.999986 -0.999966
5 7 958 0.999962 -0.0055219 0.00671498 0.0367311 0.00551029 0.999983 0.00174607 0.0106201 -0.00672451 -0.001709 0.999976 -0.999269
5 8 849 0.99987 -0.00579571 0.0150412 0.00369461 0.00577152 0.999982 0.00165057 -0.00408692 -0.0150505 -0.00156354 0.999886 -0.999985
5 9 752 0.999739 -0.00576203 0.022106 -0.04935 0.00573435 0.999983 0.00131555 -0.0221954 -0.0221132 -0.00118844 0.999755 -0.998535
10 11 1296 0.999965 -0.00137635 0.00822058 -0.130992 0.00137074 0.999999 0.000688031 0.0042349 -0.00822152 -0.000676739 0.999966 -0.991374
10 12 873 0.999986 -0.000660927 0.00518674 -0.00152907 0.000657355 1 0.000690408 0.0156005 -0.00518719 -0.000686989 0.999986 -0.999877
10 13 791 0.999965 -0.00340306 0.00760521 -0.0171653 0.00340419 0.999994 -0.000135154 0.0441831 -0.00760471 0.000161039 0.999971 -0.998876
10 14 688 0.999933 0.00748698 0.00879726 0.0047289 -0.00749792 0.999971 0.00121162 -0.00827232 -0.00878793 -0.0012775 0.999961 -0.999955
15 16 931 0.999997 -0.00155203 0.00187168 0.0245671 0.00154753 0.999996 0.00240068 -0.00049782 -0.0018754 -0.00239777 0.999995 -0.999698
15 17 977 0.999981 -0.00515386 0.00325743 0.0363533 0.00513781 0.999975 0.00491672 0.0197964 -0.00328269 -0.00489989 0.999983 -0.999143
15 18 775 0.999979 -0.00412666 0.00505508 -0.00960779 0.00409711 0.999975 0.0058415 -0.00392634 -0.00507905 -0.00582067 0.99997 -0.999946
15 19 583 0.999928 -0.00846155 0.0084562 -0.00242255 0.00840308 0.999941 0.00692659 0.00339079 -0.00851431 -0.00685504 0.99994 -0.999991
20 21 1198 0.999997 -0.00245877 -0.000760577 0.0623153 0.00245737 0.999995 -0.00182397 0.025544 0.000765058 0.00182209 0.999998 -0.99773
20 22 1021 0.999996 -0.00139081 0.00232214 0.015475 0.00139244 0.999999 -0.000698752 0.00452722 -0.00232117 0.000701982 0.999997 -0.99987
20 23 669 0.999971 0.00631074 0.00419777 0.0174524 -0.00630486 0.999979 -0.00141279 -0.00311212 -0.0042066 0.00138629 0.99999 -0.999843
20 24 518 0.999939 0.0101486 0.00434052 0.01336 -0.0101399 0.999947 -0.00202055 0.0023299 -0.0043608 0.00197641 0.999989 -0.999908
25 26 1074 0.999989 -0.00344889 -0.00306185 0.125 0.00344118 0.999991 -0.00252133 -0.00397276 0.00307051 0.00251077 0.999992 -0.992149
25 27 890 0.999974 -0.00697604 0.00182865 -0.082457 0.00698763 0.999955 -0.00641027 0.0355911 -0.00178385 0.00642288 0.999978 -0.995959
25 28 743 0.999993 -0.00324502 -0.00188111 0.00512108 0.00322725 0.999951 -0.00937456 0.0193911 0.00191144 0.00936842 0.999954 -0.999799
25 29 607 0.999981 0.00517711 -0.00331368 0.0015774 -0.00521516 0.999919 -0.0115784 0.010386 0.00325347 0.0115954 0.999927 -0.999945
30 31 1122 0.999999 0.00050551 0.00110221 -0.0427296 -0.000510672 0.999989 0.00468852 -0.00873985 -0.00109982 -0.00468908 0.999988 -0.999048
30 32 939 0.999997 0.000771207 -0.00236247 0.00545177 -0.00075316 0.999971 0.00763061 0.00354565 0.00236829 -0.0076288 0.999968 -0.999979
30 33 797 0.999989 -0.00358095 -0.00310869 -0.0239159 0.00360542 0.999962 0.00790204 0.0184176 0.00308027 -0.00791316 0.999964 -0.999544
30 34 632 0.999976 0.00641947 -0.0027262 0.0206835 -0.00641324 0.999977 0.00228782 -1.11602e-05 0.00274082 -0.00227028 0.999994 -0.999786
35 36 941 0.999979 0.00641039 0.000553748 0.0012786 -0.00641079 0.999979 0.000734649 0.0165685 -0.000549027 -0.000738183 1 -0.999862
35 37 901 0.999955 0.00926639 0.00188418 0.0089185 -0.00927512 0.999946 0.00467357 -0.00186956 -0.00184077 -0.00469083 0.999987 -0.999958
35 38 811 0.999964 0.0081135 0.0024436 0.0398381 -0.00813287 0.999935 0.00802497 0.00875393 -0.00237833 -0.00804455 0.999965 -0.999168
35 39 731 0.999935 0.00632933 0.00944916 -0.0227577 -0.00641293 0.99994 0.00884243 0.0129091 -0.00939263 -0.00890245 0.999916 -0.999658
40 41 982 0.999999 -0.00145651 0.000509423 0.00318001 0.00145825 0.999993 -0.00343413 0.0249273 -0.000504418 0.00343487 0.999994 -0.999684
40 42 1102 0.999996 2.66856e-05 0.00291238 0.0166867 -1.34759e-05 0.99999 -0.00453564 0.0101279 -0.00291247 0.00453558 0.999985 -0.999809
40 43 902 0.999993 -0.000357243 0.00384318 -0.00682734 0.000385723 0.999972 -0.00741233 0.00672629 -0.00384042 0.00741376 0.999965 -0.999954
40 44 727 0.999965 -0.00840433 0.00044447 0.0242442 0.00840799 0.999924 -0.00900015 0.0179183 -0.000368796 0.00900356 0.999959 -0.999545
45 46 1078 0.999998 0.00172283 -0.00106836 0.0292652 -0.00172339 0.999998 -0.000524751 0.0342698 0.00106745 0.000526591 0.999999 -0.998984
45 47 1050 0.999998 0.000266635 -0.00182187 0.0256258 -0.000261863 0.999997 0.00261903 0.000610963 0.00182257 -0.00261854 0.999995 -0.999671
45 48 863 0.999999 0.000940591 -0.00101318 0.0378944 -0.000936227 0.99999 0.0042992 0.00324446 0.00101722 -0.00429824 0.99999 -0.999276
45 49 734 0.999986 -0.00325898 0.00419607 -0.0271483 0.00323925 0.999984 0.00470115 0.0108829 -0.00421132 -0.00468749 0.99998 -0.999572
50 51 953 0.999995 -0.00298813 0.00076902 -0.0658649 0.00298909 0.999995 -0.00125141 0.0553505 -0.000765276 0.0012537 0.999999 -0.996292
50 52 1094 0.999996 -0.0023142 0.00168524 0.00336124 0.00230954 0.999994 0.00276269 0.0072638 -0.00169163 -0.00275879 0.999995 -0.999968
50 53 904 0.999983 -0.00583659 0.000679862 0.011535 0.00583107 0.999952 0.00786083 0.00821262 -0.00072571 -0.00785673 0.999969 -0.9999
50 54 715 0.999979 -0.00472833 0.00438717 -0.0114578 0.00469335 0.999957 0.00794982 0.00405686 -0.00442457 -0.00792906 0.999959 -0.999926
55 56 1022 0.999995 0.00323774 -0.000302524 0.0101868 -0.00323849 0.999992 -0.00249974 -0.00146959 0.000294427 0.00250071 0.999997 -0.999947
55 57 856 0.999997 0.00130465 -0.00209006 0.0054244 -0.00131206 0.999993 -0.00354743 0.0323367 0.00208541 0.00355016 0.999992 -0.999462
55 58 856 0.999963 0.00714266 0.00473386 -0.0474395 -0.00712616 0.999969 -0.00349264 0.0314845 -0.00475865 0.00345878 0.999983 -0.998378
55 59 713 0.99995 0.00976813 0.00234528 -0.00968412 -0.00976591 0.999952 -0.000954223 0.0132718 -0.00235449 0.000931271 0.999997 -0.999865
60 61 1155 0.999991 0.00363428 0.00200706 -0.0243268 -0.0036263 0.999986 -0.00396533 0.0164087 -0.00202144 0.00395802 0.99999 -0.999569
60 62 1007 0.999995 0.00293336 -0.000677333 0.0296634 -0.00293943 0.999954 -0.00915243 0.0243865 0.000650454 0.00915438 0.999958 -0.999262
60 63 829 0.999996 -0.000636351 0.00267975 -0.0114938 0.000669683 0.999922 -0.0124562 0.0371521 -0.00267162 0.012458 0.999919 -0.999244
60 64 670 0.999994 0.00146621 0.00316708 0.00685108 -0.00144277 0.999972 -0.00739163 0.0163277 -0.00317783 0.00738701 0.999968 -0.999843
65 66 927 0.999996 -0.00268003 -0.00064661 0.0271538 0.00268333 0.999983 0.00515204 0.0138729 0.000632791 -0.00515375 0.999987 -0.999535
65 67 943 0.999972 -0.00603617 0.00441969 -0.0296874 0.00602394 0.999978 0.00277649 0.0424918 -0.00443635 -0.00274979 0.999986 -0.998656
65 68 740 0.999947 -0.0102006 -0.00161511 0.0521856 0.0102035 0.999946 0.00182741 0.0133695 0.00159638 -0.00184379 0.999997 -0.998548
65 69 678 0.999925 -0.0109173 0.00559622 -0.0159058 0.0109209 0.99994 -0.000608194 0.0200811 -0.00558925 0.000669264 0.999984 -0.999672
70 71 939 1 -0.000259653 0.000923865 0.0341448 0.000260687 0.999999 -0.00111874 0.0114039 -0.000923573 0.00111898 0.999999 -0.999352
70 72 1108 0.999973 -0.00402228 0.0062086 -0.0856296 0.00403702 0.999989 -0.00236303 0.042678 -0.00619902 0.00238803 0.999978 -0.995413
70 73 969 0.999979 -0.00277581 0.00586446 0.00128063 0.00278397 0.999995 -0.00138432 0.0107157 -0.00586059 0.00140062 0.999982 -0.999942
70 74 840 0.999974 0.000955881 0.00708548 0.00119412 -0.000932175 0.999994 -0.00334819 0.0171787 -0.00708864 0.0033415 0.999969 -0.999852
75 76 1108 0.999998 -0.00106579 0.00174445 -0.0197388 0.00107161 0.999994 -0.00333803 -0.00464132 -0.00174088 0.00333989 0.999993 -0.999794
75 77 1119 0.999986 -0.00462601 0.00266961 -0.0158712 0.00464372 0.999967 -0.00666789 0.0417615 -0.00263867 0.0066802 0.999974 -0.999002
75 78 1092 0.99997 -0.00537861 0.00558725 -0.0331871 0.0053869 0.999984 -0.00147083 0.0169576 -0.00557926 0.00150088 0.999983 -0.999305
75 79 981 0.999963 -0.00734544 0.00458511 0.0120919 0.00731605 0.999953 0.00639341 0.00754671 -0.00463186 -0.00635963 0.999969 -0.999898
80 81 1080 0.999998 -0.002012 0.000558072 -0.0550083 0.00201125 0.999997 0.00133414 0.00453846 -0.000560754 -0.00133301 0.999999 -0.998476
80 82 1287 0.999992 -0.00368688 0.00155052 -0.00412419 0.00369055 0.99999 -0.00237235 0.0159512 -0.00154175 0.00237805 0.999996 -0.999864
80 83 1219 0.999989 -0.00369727 0.00281366 -0.010427 0.00371304 0.999977 -0.00561961 0.0323644 -0.00279282 0.00562999 0.99998 -0.999422
80 84 1097 0.999997 2.28258e-05 -0.00264377 0.08657 -2.39837e-05 1 -0.000437952 0.00989343 0.00264376 0.000438014 0.999996 -0.996197
85 86 1080 0.999986 0.00354874 -0.00384454 0.0977191 -0.00353016 0.999982 0.00482932 0.0103954 0.00386161 -0.00481569 0.999981 -0.99516
85 87 1293 0.999986 0.00154844 -0.0050105 0.00887573 -0.00152342 0.999986 0.00499415 0.0126855 0.00501816 -0.00498645 0.999975 -0.99988
85 88 1315 0.999895 -0.00371433 0.0140393 -0.262347 0.0036757 0.999989 0.00277655 0.00358296 -0.0140495 -0.00272465 0.999898 -0.964967
85 89 1054 0.999829 -0.00188242 -0.0183699 0.0265219 0.00187553 0.999998 -0.000392525 0.00690954 0.0183706 0.000358005 0.999831 -0.999624
90 91 866 0.999937 0.00426737 -0.0104211 0.0722159 -0.00430917 0.999983 -0.00399156 0.046284 0.0104038 0.00403621 0.999938 -0.996315
90 92 1035 0.999766 0.00112728 -0.0215891 0.0179611 -0.00123824 0.999986 -0.00512677 0.0494625 0.021583 0.0051523 0.999754 -0.998614
90 93 1188 0.999525 -0.00480288 -0.0304514 -0.0163426 0.0047376 0.999986 -0.00221542 0.00922364 0.0304616 0.0020701 0.999534 -0.999824
90 94 1012 0.99862 -0.0112475 -0.0512946 0.0137298 0.0110207 0.999928 -0.00470222 0.0321151 0.0513438 0.00413043 0.998672 -0.99939
95 96 699 0.999654 0.00427946 -0.0259508 -0.12622 -0.00431299 0.99999 -0.0012361 0.0181515 0.0259453 0.00134759 0.999662 -0.991836
95 97 950 0.998402 0.00387273 -0.0563771 -0.0566654 -0.00404427 0.999988 -0.00292892 0.0149381 0.056365 0.00315224 0.998405 -0.998281
95 98 923 0.996144 0.00530684 -0.0875732 -0.0303406 -0.00574038 0.999972 -0.0046995 0.0289465 0.0875459 0.00518408 0.996147 -0.99912
95 99 810 0.994649 0.00434733 -0.103217 -0.186725 -0.00485728 0.999977 -0.00468975 0.00837915 0.103194 0.00516601 0.994648 -0.982376
100 101 666 0.998942 0.00056323 -0.045992 -0.0505429 -0.000644997 0.999998 -0.00176303 0.0635811 0.0459909 0.00179083 0.99894 -0.996696
100 102 834 0.995483 -0.000925685 -0.0949337 -0.0537521 0.000945315 1 0.000161806 0.0301574 0.0949335 -0.000250817 0.995484 -0.998099
100 103 885 0.990384 -0.00181197 -0.138332 -0.13936 0.00209944 0.999996 0.00193222 0.0395021 0.138328 -0.00220406 0.990384 -0.989454
100 104 650 0.978714 -0.00121314 -0.205226 -0.013717 0.00210205 0.999989 0.00411339 0.0238029 0.205219 -0.00445723 0.978706 -0.999623
105 106 793 0.997908 -0.000200598 -0.0646522 -0.0987063 0.000236803 1 0.000552333 0.0187632 0.0646521 -0.000566488 0.997908 -0.99494
105 107 774 0.991843 0.0027103 -0.127434 -0.0950634 -0.00256551 0.999996 0.00130037 0.036167 0.127437 -0.000962832 0.991846 -0.994814
105 108 726 0.98073 0.00479045 -0.195307 -0.0325611 -0.00460365 0.999988 0.00141038 0.0421627 0.195311 -0.000484082 0.980741 -0.99858
105 109 592 0.967252 0.00407482 -0.253786 -0.0476513 -0.00477739 0.999986 -0.00215213 0.0471051 0.253773 0.00329408 0.967258 -0.997753
110 111 909 0.998032 0.000455261 -0.0627057 -0.124042 -0.000428799 1 0.000435459 -0.0113131 0.0627058 -0.000407714 0.998032 -0.992212
110 112 851 0.99251 0.0024142 -0.122138 -0.120301 -0.00253908 0.999996 -0.00086681 0.0282356 0.122135 0.00117044 0.992513 -0.992336
110 113 664 0.985597 0.00680795 -0.168976 -0.185341 -0.00613614 0.999971 0.00449765 -0.00425455 0.169001 -0.00339601 0.98561 -0.982665
110 114 598 0.971429 0.00663387 -0.237237 -0.0405165 -0.00629964 0.999978 0.0021669 0.0116352 0.237246 -0.000610485 0.971449 -0.999111
115 116 850 0.998757 -0.00149304 -0.0498248 -0.144785 0.0015763 0.999997 0.00163187 0.0292732 0.0498222 -0.00170838 0.998757 -0.98903
115 117 800 0.994972 0.00582082 -0.0999799 -0.0517163 -0.00551631 0.999979 0.00332191 -0.00313773 0.0999971 -0.00275369 0.994984 -0.998657
115 118 641 0.98998 0.0233845 -0.139261 -0.0785399 -0.0231086 0.999726 0.00359785 -0.0109293 0.139307 -0.000343673 0.990249 -0.996851
115 119 469 0.984104 0.0258766 -0.175696 -0.0550205 -0.0261811 0.999657 0.000584953 0.0114267 0.175651 0.00402427 0.984444 -0.99842
120 121 738 0.999395 -0.0120854 -0.0326116 0.010486 0.0122287 0.999916 0.00419822 0.0395642 0.0325581 -0.00459448 0.999459 -0.999162
120 122 701 0.997944 -0.0148719 -0.0623413 0.0243716 0.0154095 0.999848 0.00815022 0.00551407 0.0622106 -0.00909411 0.998022 -0.999688
120 123 707 0.995887 -0.0130231 -0.0896579 0.0303099 0.0141478 0.999829 0.0119208 -0.00280275 0.0894873 -0.0131402 0.995901 -0.999537
120 124 551 0.993593 -0.00908254 -0.11265 0.0163242 0.0104948 0.999874 0.0119498 0.0190634 0.112527 -0.0130555 0.993563 -0.999685
125 126 683 0.999791 0.00237302 -0.0203027 -0.0279101 -0.00222115 0.999969 0.00749938 -0.0516387 0.0203199 -0.00745272 0.999766 -0.998276
125 127 536 0.999267 -0.00575271 -0.0378444 -0.0165332 0.00600613 0.99996 0.00658615 -0.012296 0.037805 -0.00680862 0.999262 -0.999788
125 128 548 0.998631 -0.000968479 -0.0522946 -0.0287708 0.00113014 0.999995 0.00306181 -0.0148159 0.0522913 -0.00311672 0.998627 -0.999476
125 129 582 0.997572 -0.00898948 -0.0690649 0.0274903 0.00892727 0.999959 -0.00120928 0.00131625 0.069073 0.000589785 0.997611 -0.999621
130 131 755 0.999922 0.00402989 -0.0117994 -0.0195017 -0.00403006 0.999992 9.41699e-06 -0.00527337 0.0117994 3.81361e-05 0.99993 -0.999796
130 132 789 0.999722 0.00557708 -0.0229058 0.0140449 -0.0055621 0.999984 0.000717669 0.00273374 0.0229095 -0.000590065 0.999737 -0.999898
130 133 816 0.99953 0.00449178 -0.0303362 0.000943678 -0.00443327 0.999988 0.00199581 -0.00277125 0.0303448 -0.00186038 0.999538 -0.999996
130 134 576 0.999367 0.00628082 -0.0350271 -0.0104403 -0.00628635 0.99998 -4.77724e-05 0.0245957 0.0350261 0.000267935 0.999386 -0.999643
135 136 671 0.999971 -0.000461091 -0.00756302 0.0410172 0.000471153 0.999999 0.00132864 0.00223145 0.0075624 -0.00133216 0.999971 -0.999156
135 137 744 0.999942 0.00311749 -0.010316 -0.00165272 -0.00310843 0.999995 0.000893593 0.0035125 0.0103188 -0.000861474 0.999946 -0.999992
135 138 714 0.99988 -0.00168311 -0.0154139 0.0189934 0.0016872 0.999999 0.000252397 0.00926685 0.0154135 -0.000278373 0.999881 -0.999777
135 139 640 0.999836 0.000252115 -0.0180848 0.0227992 -0.000259716 1 -0.000417898 0.0308736 0.0180847 0.000422527 0.999836 -0.999263
140 141 648 0.999993 0.00380138 -0.000639943 -0.00495332 -0.00380176 0.999993 -0.000588773 0.0157069 0.0006377 0.000591201 1 -0.999864
140 142 733 0.999955 0.00943471 -0.000469284 0.0145902 -0.00943449 0.999955 0.000466715 -0.0074916 0.000473667 -0.000462267 1 -0.999865
140 143 676 0.999891 0.0145663 0.00254621 0.0293098 -0.0145682 0.999894 0.000738382 -0.014231 -0.00253519 -0.000775395 0.999996 -0.999469
140 144 647 0.999918 0.0127561 0.0012689 0.0703371 -0.0127557 0.999919 -0.000311132 0.0074142 -0.00127276 0.000294921 0.999999 -0.997496
145 146 701 0.999989 0.001768 0.00445045 -0.011863 -0.0017575 0.999996 -0.00236157 0.0296457 -0.0044546 0.00235372 0.999987 -0.99949
145 147 779 0.999969 0.000215205 0.00788183 -0.00218552 -0.000189245 0.999995 -0.00329425 0.0179781 -0.00788249 0.00329265 0.999964 -0.999836
145 148 736 0.999904 -0.00591986 0.0125283 -0.00859098 0.00599132 0.999966 -0.00567455 0.0249666 -0.0124943 0.00574906 0.999905 -0.999651
145 149 625 0.99984 -0.00183722 0.0178051 -0.0247086 0.00196999 0.99997 -0.00744258 0.0120894 -0.0177909 0.00747646 0.999814 -0.999622
150 151 887 1 -0.000302277 -0.000576399 0.1418 0.000306202 0.999977 0.00682157 -0.0484242 0.000574324 -0.00682175 0.999977 -0.98871
150 152 829 0.999966 -0.00803721 0.00177367 0.0545563 0.00801661 0.999904 0.0113284 -0.0297542 -0.00186455 -0.0113138 0.999934 -0.998067
150 153 730 0.999918 -0.0124479 0.00283685 0.0247639 0.0124148 0.999858 0.0114138 0.0134304 -0.00297852 -0.0113776 0.999931 -0.999603
150 154 604 0.999875 -0.0151563 0.0045512 0.00861198 0.0151161 0.999848 0.00874492 0.0256341 -0.00468305 -0.00867502 0.999951 -0.999634
155 156 1187 0.999986 0.00473107 -0.00226219 0.0904711 -0.00472576 0.999986 0.00234573 -0.074524 0.00227326 -0.002335 0.999995 -0.993107
155 157 1150 0.999999 0.00130939 -0.000113681 0.0268557 -0.00130951 0.999999 -0.00100311 -0.00611655 0.000112367 0.00100326 0.999999 -0.999621
155 158 959 0.999973 -0.00722004 0.00125808 -0.0101867 0.00722441 0.999968 -0.00350335 0.0390107 -0.00123274 0.00351234 0.999993 -0.999187
155 159 714 0.999955 -0.00946607 0.000962404 -0.00308456 0.00946879 0.999951 -0.00286776 0.0307487 -0.000935211 0.00287674 0.999995 -0.999522
160 161 1182 0.999999 -8.90523e-05 -0.00140211 -0.00999084 8.84109e-05 1 -0.000457474 -0.00422903 0.00140215 0.00045735 0.999999 -0.999941
160 162 1105 0.999962 -0.00581182 -0.00645619 0.00931834 0.00579718 0.999981 -0.00228436 0.0152579 0.00646934 0.00224684 0.999977 -0.99984
160 163 795 0.999881 -0.00788717 -0.0132745 0.0341633 0.0078413 0.999963 -0.00350452 0.00852837 0.0133016 0.00340001 0.999906 -0.99938
160 164 559 0.999856 -0.00522478 -0.0161237 -0.00270107 0.00513423 0.999971 -0.00565209 0.00849755 0.0161528 0.0055685 0.999854 -0.99996
165 166 1090 0.999971 9.46166e-05 -0.00763337 -0.0273653 -8.72757e-05 1 0.000962014 0.0208419 0.00763346 -0.00096132 0.99997 -0.999408
165 167 809 0.999829 0.00416432 -0.0180232 -0.00409394 -0.00411708 0.999988 0.00265745 -0.00732293 0.0180341 -0.0025828 0.999834 -0.999965
165 168 577 0.999555 0.00185624 -0.0297672 0.0122742 -0.00184597 0.999998 0.000372503 0.016481 0.0297678 -0.000317388 0.999557 -0.999789
165 169 432 0.999211 -0.00499405 -0.0394108 0.0125449 0.00491157 0.999986 -0.0021894 0.0286067 0.0394212 0.0019941 0.999221 -0.999512
170 171 804 0.999947 0.00123128 -0.0101786 -0.0333033 -0.00122752 0.999999 0.000375994 0.0194788 0.010179 -0.00036348 0.999948 -0.999255
170 172 684 0.999756 -0.000365288 -0.0220827 0.00426203 0.000379177 1 0.000624764 0.0213445 0.0220825 -0.000632985 0.999756 -0.999763
170 173 582 0.999437 -0.000873294 -0.0335455 0.0215234 0.000966085 0.999996 0.00275001 0.00917268 0.033543 -0.00278087 0.999433 -0.999726
170 174 481 0.998831 -0.00491074 -0.0480857 0.072479 0.0050474 0.999984 0.00272102 0.0125493 0.0480715 -0.00296055 0.99884 -0.997291
175 176 612 0.999958 0.00250084 -0.00881825 0.000674794 -0.00249184 0.999996 0.00103115 -0.00874529 0.00882079 -0.00100913 0.999961 -0.999962
175 177 577 0.999829 -0.00219153 -0.0183672 -0.00352475 0.00218688 0.999998 -0.000272893 0.0258449 0.0183678 0.00023268 0.999831 -0.99966
175 178 556 0.99958 -0.00728025 -0.0280664 0.00768299 0.00720434 0.99997 -0.00280509 0.0617518 0.028086 0.00260171 0.999602 -0.998062
175 179 487 0.999382 0.00459787 -0.0348527 0.00538175 -0.00463988 0.999989 -0.00112452 0.0156123 0.0348471 0.00128553 0.999392 -0.999864
180 181 814 0.999986 0.00364844 -0.00390632 7.15302e-05 -0.00365638 0.999991 -0.00202932 0.0171371 0.00389889 0.00204358 0.99999 -0.999853
180 182 797 0.99994 0.00899565 -0.00621511 -0.00339757 -0.00900534 0.999958 -0.00153294 -0.0222655 0.00620106 0.00158882 0.99998 -0.999746
180 183 715 0.99994 0.00556449 -0.00945687 0.0192382 -0.00558805 0.999981 -0.00246629 -0.00398961 0.00944297 0.00251899 0.999952 -0.999807
180 184 655 0.999955 0.000861604 -0.00944409 0.0013804 -0.00090596 0.999989 -0.00469348 0.0281562 0.00943994 0.00470183 0.999944 -0.999603
185 186 819 0.999998 0.000424043 0.00203669 0.0294613 -0.000425441 1 0.00068621 0.0471077 -0.0020364 -0.000687075 0.999998 -0.998455
185 187 1015 0.999974 0.000325041 0.00721946 0.0234717 -0.00034287 0.999997 0.00246838 0.00591132 -0.00721863 -0.00247079 0.999971 -0.999707
185 188 959 0.999915 0.000576159 0.0130613 0.0404476 -0.000618208 0.999995 0.00321553 0.0138403 -0.0130594 -0.00322333 0.99991 -0.999086
185 189 857 0.999611 -0.00341504 0.0276934 -0.0199526 0.00338274 0.999994 0.00121335 0.0331887 -0.0276974 -0.0011192 0.999616 -0.99925
190 191 916 0.999864 -0.00165121 0.0164065 0.0629859 0.00163748 0.999998 0.000850515 0.0539634 -0.0164079 -0.000823534 0.999865 -0.996554
190 192 955 0.999209 -0.00259725 0.0396704 -0.014724 0.00245989 0.999991 0.00351106 0.0321366 -0.0396791 -0.0034107 0.999207 -0.999375
190 193 1058 0.998063 -0.00300102 0.0621469 0.0245504 0.00254338 0.999969 0.00744161 0.0122504 -0.0621673 -0.00726913 0.998039 -0.999624
190 194 953 0.995825 0.000223789 0.0912876 -0.00884686 -0.00124358 0.999937 0.0111145 -0.0115628 -0.0912794 -0.0111816 0.995763 -0.999894
195 196 970 0.999331 -0.00170847 0.0365209 0.0815733 0.00185671 0.99999 -0.00402568 0.0592704 -0.0365137 0.0040908 0.999325 -0.994903
195 197 921 0.996623 0.000182562 0.0821152 0.00202478 0.000287047 0.999984 -0.00570706 -0.00843585 -0.0821149 0.00571136 0.996607 -0.999962
195 198 901 0.992135 -0.00131096 0.125166 0.000338516 0.00266684 0.99994 -0.0106657 0.0224691 -0.125145 0.0109156 0.992078 -0.999747
195 199 704 0.984255 -0.00464454 0.176692 -0.0305961 0.00725139 0.999874 -0.0141108 0.0259116 -0.176605 0.0151699 0.984165 -0.999196
200 201 805 0.998239 0.000399011 0.0593185 0.0421135 -0.000317168 0.999999 -0.00138912 0.0498836 -0.059319 0.00136786 0.998238 -0.997867
200 202 488 0.993317 0.00440661 0.115332 0.0725381 -0.00409491 0.999987 -0.00293937 0.0618938 -0.115343 0.00244745 0.993323 -0.995443
200 203 259 0.982804 0.00310607 0.184626 -0.0108229 -0.00477667 0.999952 0.00860453 -0.0131147 -0.18459 -0.00933847 0.982771 -0.999855
200 204 118 0.968794 0.00691442 0.24777 -0.0132435 -0.0138436 0.99956 0.026235 -0.116615 -0.24748 -0.0288464 0.968464 -0.993089
205 206 586 0.997596 -0.00371462 0.0691983 0.0692979 0.00343335 0.999985 0.00418311 -0.0357324 -0.0692129 -0.00393547 0.997594 -0.996956
205 207 614 0.990399 6.89337e-05 0.138239 0.079805 -0.000725603 0.999989 0.00469984 -0.0231013 -0.138238 -0.00475502 0.990388 -0.996543
205 208 486 0.978968 0.00021231 0.204016 0.0378066 -0.000880084 0.999995 0.00318243 0.0149589 -0.204014 -0.00329504 0.978962 -0.999173
205 209 535 0.96169 0.00374049 0.274113 -0.0390862 -0.00291105 0.99999 -0.00343265 0.016542 -0.274123 0.00250319 0.961691 -0.999099
210 211 624 0.997924 0.00154883 0.0643845 0.0730763 -0.0010993 0.999975 -0.00701671 0.0336334 -0.0643938 0.00693136 0.9979 -0.996759
210 212 689 0.992067 -0.00283651 0.125677 0.0807661 0.00438368 0.999918 -0.0120358 0.0329122 -0.125632 0.0124913 0.991998 -0.99619
210 213 624 0.983608 -0.0040905 0.180275 0.0499248 0.00718336 0.999838 -0.0165069 0.0326413 -0.180178 0.0175313 0.983478 -0.998219
210 214 627 0.973425 -0.00698084 0.228898 0.0257321 0.011453 0.999768 -0.0182152 0.032776 -0.228717 0.0203527 0.97328 -0.999131
215 216 697 0.999253 -0.00255003 0.0385684 -0.0070823 0.0024725 0.999995 0.00205777 0.00265646 -0.0385734 -0.00196087 0.999254 -0.999971
215 217 861 0.99764 -0.00703221 0.0683025 0.0698916 0.0068647 0.999973 0.00268695 0.00953684 -0.0683195 -0.00221173 0.997661 -0.997509
215 218 908 0.995827 0.0016216 0.0912512 0.0395462 -0.00191001 0.999993 0.00307342 -0.00605413 -0.0912456 -0.00323489 0.995823 -0.999199
215 219 893 0.994355 0.002997 0.106062 0.0396426 -0.00329802 0.999991 0.00266288 0.00509116 -0.106053 -0.00299764 0.994356 -0.999201
220 221 573 0.999942 -0.00210296 0.010581 0.0331588 0.00210287 0.999998 1.90744e-05 -0.0320468 -0.010581 3.17732e-06 0.999944 -0.998936
220 222 774 0.999775 -0.0143635 0.0155784 0.0377298 0.014344 0.999896 0.00136078 5.21315e-05 -0.0155964 -0.00113701 0.999878 -0.999288
220 223 1030 0.999739 -0.0143255 0.0177938 0.0813521 0.0142195 0.99988 0.00607008 -0.0133355 -0.0178787 -0.00581547 0.999823 -0.996596
220 224 890 0.999637 -0.0193056 0.0187749 0.0485809 0.0191666 0.999788 0.00755699 0.00374318 -0.0189168 -0.0071944 0.999795 -0.998812
225 226 623 0.999991 0.00274437 -0.00317239 -0.0599603 -0.00272318 0.999974 0.00666415 -0.0196968 0.00319059 -0.00665545 0.999973 -0.998006
225 227 854 0.99996 0.00425628 -0.00782829 -0.0132808 -0.00416452 0.999923 0.0117008 -0.0258426 0.00787749 -0.0116677 0.999901 -0.999578
225 228 807 0.999915 -0.00149662 -0.0129683 0.0145969 0.00162552 0.999949 0.0099352 -0.00582019 0.0129528 -0.00995543 0.999867 -0.999877
225 229 872 0.999825 -0.00461967 -0.0181009 0.00332998 0.00471844 0.999974 0.00541739 0.0122419 0.0180754 -0.00550185 0.999821 -0.99992
230 231 568 0.999988 0.00391658 -0.00281341 -0.094257 -0.00392975 0.999981 -0.00469301 -0.0189094 0.00279498 0.00470401 0.999985 -0.995368
230 232 766 0.99996 0.00344797 -0.0082616 0.0312457 -0.00353862 0.999933 -0.0109821 0.02745 0.00822319 0.0110109 0.999906 -0.999135
230 233 784 0.999918 0.00807573 -0.00996271 -0.0161733 -0.00818704 0.999904 -0.0111837 0.0153091 0.00987144 0.0112644 0.999888 -0.999752
230 234 719 0.999819 0.0161821 -0.0100543 -0.013574 -0.0162636 0.999835 -0.0080779 0.0135428 0.00992194 0.00823995 0.999917 -0.999816
235 236 507 0.999999 -0.00148874 0.000677547 0.00229713 0.00148477 0.999982 0.00582317 0.0126245 -0.000686204 -0.00582216 0.999983 -0.999918
235 237 713 0.999993 -0.000345485 0.00382311 -0.00686504 0.000306577 0.999948 0.0101729 0.00784202 -0.00382643 -0.0101716 0.999941 -0.999946
235 238 730 0.999983 -0.000348859 0.00578906 0.0137053 0.00031147 0.999979 0.00645819 -0.0105691 -0.00579119 -0.00645628 0.999962 -0.99985
235 239 632 0.999977 0.00104042 0.00677363 0.00743832 -0.00102744 0.999998 -0.00191837 0.0141952 -0.00677561 0.00191136 0.999975 -0.999872
240 241 474 0.999994 -0.0031838 0.00151445 0.0319853 0.00318237 0.999994 0.000948333 0.00940362 -0.00151746 -0.000943507 0.999998 -0.999444
240 242 654 0.999959 -0.00844269 0.0032156 0.0214907 0.00842204 0.999944 0.0063802 -0.00880534 -0.00326929 -0.00635285 0.999974 -0.99973
240 243 639 0.999934 -0.00718243 0.00894162 -0.0115511 0.0070783 0.999907 0.0116234 -0.00937053 -0.00902427 -0.0115594 0.999892 -0.999889
240 244 535 0.999875 -0.0113336 0.0109987 -0.0235127 0.0111571 0.99981 0.0159782 -0.0291225 -0.0111777 -0.0158535 0.999812 -0.999299
245 246 499 0.999991 0.00272821 0.00324194 -0.0209945 -0.00271997 0.999993 -0.00254317 0.0170103 -0.00324886 0.00253433 0.999992 -0.999635
245 247 695 0.999977 0.00329562 0.00590534 -0.00776985 -0.00327517 0.999989 -0.0034693 -0.0212221 -0.0059167 0.00344988 0.999977 -0.999745
245 248 576 0.999967 0.00559929 0.00595672 0.0167999 -0.00555706 0.999959 -0.00708296 0.00992208 -0.00599614 0.00704963 0.999957 -0.99981
245 249 581 0.999882 0.0136877 0.00701839 0.000563865 -0.0136276 0.999871 -0.00855007 0.00898268 -0.00713451 0.00845342 0.999939 -0.999959
250 251 437 0.999986 -0.00521799 -0.00059292 0.0395029 0.00521886 0.999985 0.00147868 0.0140276 0.000585195 -0.00148176 0.999999 -0.999121
250 252 678 0.999939 -0.0110252 -0.00115495 0.018034 0.0110314 0.999924 0.00548995 0.00893212 0.00109433 -0.00550235 0.999984 -0.999797
250 253 541 0.999804 -0.0196708 -0.00236211 0.0196951 0.0196824 0.999794 0.00498503 0.0266709 0.00226356 -0.00503055 0.999985 -0.99945
250 254 558 0.999749 -0.0221131 -0.00365176 -0.00565149 0.022136 0.999735 0.00636399 0.00379612 0.00351006 -0.00644322 0.999973 -0.999977
255 256 535 0.999997 -0.00023653 -0.00238969 -0.0110667 0.000238821 1 0.00095834 0.00932296 0.00238946 -0.000958908 0.999997 -0.999895
255 257 632 0.999983 0.00375439 -0.00440605 0.00491206 -0.00374071 0.999988 0.00310929 0.00939768 0.00441768 -0.00309276 0.999985 -0.999944
255 258 539 0.999962 0.00757985 -0.00433645 -0.011417 -0.00757787 0.999971 0.000471539 0.0171989 0.0043399 -0.00043866 0.99999 -0.999787
255 259 455 0.999906 0.0121696 -0.00635405 -0.00693131 -0.0121528 0.999923 0.00267956 0.012936 0.00638617 -0.00260209 0.999976 -0.999892
260 261 504 0.999996 -0.00229752 -0.00164888 0.0155916 0.00229203 0.999992 -0.00332314 0.0346025 0.00165651 0.00331935 0.999993 -0.99928
260 262 560 0.999973 -0.00688453 -0.00242163 0.00653901 0.00686306 0.999938 -0.00876728 0.0179368 0.00248184 0.00875043 0.999959 -0.999818
260 263 519 0.999927 -0.0116558 -0.00323085 -0.00379574 0.0116181 0.999867 -0.0114661 0.00840168 0.00336407 0.0114278 0.999929 -0.999958
260 264 436 0.999914 -0.0116688 -0.00592015 0.0220059 0.0116271 0.999908 -0.00701421 0.015282 0.00600145 0.00694477 0.999958 -0.999641
265 266 597 0.999994 0.00331454 0.000568022 -0.0167979 -0.00331952 0.999954 0.00899528 0.00334328 -0.000538181 -0.00899711 0.999959 -0.999853
265 267 512 0.999983 0.00555829 0.0016294 -0.000995088 -0.00555703 0.999984 -0.000772102 0.011054 -0.00163367 0.000763035 0.999998 -0.999938
265 268 387 0.999983 0.00557861 0.00189536 0.0103404 -0.00553409 0.999726 -0.0227333 0.0361288 -0.00202167 0.0227224 0.99974 -0.999294
265 269 346 0.99997 0.00725011 0.00269552 0.00713372 -0.0071539 0.999392 -0.0341357 0.028375 -0.00294137 0.0341154 0.999414 -0.999572
270 271 490 0.999967 -0.0080287 -0.00098614 0.0369591 0.00804254 0.999856 0.0149414 0.0377815 0.000866038 -0.0149489 0.999888 -0.998602
270 272 498 0.999992 -0.00341726 0.0022198 0.0143404 0.00336465 0.999723 0.0232882 0.000575767 -0.00229877 -0.0232805 0.999726 -0.999897
270 273 393 0.999984 0.00278503 0.00482181 0.00415827 -0.00290758 0.999668 0.0255975 -0.00459061 -0.00474892 -0.0256112 0.999661 -0.999981
270 274 329 0.999964 0.00123277 0.00838543 -0.00854862 -0.00142972 0.999722 0.0235228 0.00240256 -0.00835411 -0.023534 0.999688 -0.999961
275 276 596 0.999982 0.000474468 0.00595946 -0.00231203 -0.000487424 0.999998 0.00217268 -0.00471687 -0.00595841 -0.00217555 0.99998 -0.999986
275 277 565 0.999958 -0.005418 0.0073803 0.00575518 0.00539939 0.999982 0.00253936 0.0064865 -0.00739393 -0.00249941 0.99997 -0.999962
275 278 458 0.999902 -0.0105084 0.00930239 0.00908926 0.0104777 0.99994 0.00334136 0.00743966 -0.00933694 -0.00324356 0.999951 -0.999931
275 279 366 0.999843 -0.0120348 0.0130263 0.00373707 0.0120122 0.999926 0.00180763 0.00905947 -0.0130471 -0.00165087 0.999914 -0.999952
280 281 719 0.999997 0.00160525 0.00199697 -0.0163401 -0.00160607 0.999999 0.000409307 0.0107784 -0.00199631 -0.000412513 0.999998 -0.999808
280 282 641 0.999963 0.00644555 0.00570737 0.000157747 -0.00647222 0.999968 0.00466659 -0.000616863 -0.00567711 -0.00470336 0.999973 -1
280 283 492 0.999916 0.0099166 0.00829308 0.00641074 -0.00997423 0.999926 0.00693696 0.011048 -0.00822367 -0.0070191 0.999942 -0.999918
280 284 447 0.999793 0.0130624 0.0156235 -0.0136397 -0.0131879 0.999881 0.00795941 0.0108101 -0.0155176 -0.0081638 0.999846 -0.999849
285 286 637 0.999982 0.000258816 0.0060125 0.0140567 -0.000207422 0.999963 -0.00854705 0.0174357 -0.0060145 0.00854565 0.999945 -0.999749
285 287 610 0.999963 0.00308409 0.0080851 0.0942756 -0.0029287 0.999812 -0.0191621 0.0411026 -0.00814268 0.0191377 0.999784 -0.994697
285 288 505 0.99989 -0.00508841 0.0138979 0.0149724 0.00536213 0.999791 -0.0197293 0.0277067 -0.0137946 0.0198017 0.999709 -0.999504
285 289 405 0.999786 -0.00706536 0.0194556 -0.00950409 0.00732355 0.999886 -0.0132317 0.00483089 -0.0193598 0.0133714 0.999723 -0.999943
290 291 528 0.999971 0.00403724 0.00649007 -0.0128916 -0.00407596 0.999974 0.00596362 -0.0130682 -0.00646582 -0.0059899 0.999961 -0.999832
290 292 580 0.999901 0.00479595 0.013214 -0.00369323 -0.00486761 0.999974 0.00539581 -0.00387235 -0.0131878 -0.00545959 0.999898 -0.999986
290 293 517 0.999788 -0.00418875 0.0201348 0.0171223 0.00417637 0.999991 0.00065653 0.0208714 -0.0201374 -0.0005723 0.999797 -0.999636
290 294 452 0.999568 -0.0078858 0.0283252 -0.00377276 0.00777363 0.999962 0.00406801 0.00736791 -0.0283562 -0.00384606 0.99959 -0.999966
295 296 693 0.999953 0.000913284 0.0096757 -0.0584394 -0.000953778 0.999991 0.00418133 -0.0255794 -0.00967179 -0.00419036 0.999944 -0.997963
295 297 632 0.99985 0.00178037 0.0172542 -0.00955532 -0.00178655 0.999998 0.00034237 -0.00304096 -0.0172536 -0.000373144 0.999851 -0.99995
295 298 534 0.99973 -0.00517971 0.0226647 0.0413805 0.00532017 0.999967 -0.0061412 0.0116029 -0.0226321 0.00626012 0.999724 -0.999076
295 299 405 0.999483 -0.0070612 0.0313571 0.0180608 0.00745654 0.999894 -0.0125085 0.0254456 -0.0312654 0.0127358 0.99943 -0.999513
300 301 633 0.999975 -8.24707e-05 0.00713314 -0.0131307 9.68175e-05 0.999998 -0.00201097 0.0155742 -0.00713295 0.00201161 0.999973 -0.999792
300 302 661 0.999909 0.00373793 0.0129498 -0.0233755 -0.00371784 0.999992 -0.00157492 0.0217197 -0.0129556 0.00152663 0.999915 -0.999491
300 303 550 0.999871 0.000104662 0.0160431 0.00403654 -0.000219443 0.999974 0.00715298 -0.00462237 -0.0160419 -0.00715558 0.999846 -0.999981
300 304 485 0.999777 -0.0056699 0.0203504 -0.0108556 0.00543646 0.999919 0.0115077 0.00712616 -0.020414 -0.0113945 0.999727 -0.999916
305 306 700 0.999988 -0.00347018 0.00332351 -0.0205089 0.0034888 0.999978 -0.00561312 0.0118555 -0.00330396 0.00562465 0.999979 -0.999719
305 307 619 0.999969 -0.00394502 0.00675536 0.00441548 0.00404979 0.999871 -0.0155651 0.017385 -0.00669308 0.015592 0.999856 -0.999839
305 308 497 0.99997 -0.00120971 0.00763821 0.0279178 0.00138358 0.999739 -0.0227998 0.0138954 -0.00760864 0.0228097 0.999711 -0.999514
305 309 404 0.999795 -0.00646256 0.0192126 -0.0668552 0.00682357 0.9998 -0.0187842 0.0229727 -0.0190873 0.0189114 0.999639 -0.997498
310 311 730 0.999964 0.0045731 0.00714187 0.00127946 -0.00460567 0.999979 0.00455053 -0.00776627 -0.00712091 -0.00458326 0.999964 -0.999969
310 312 627 0.999941 -0.00354956 0.0102399 0.0730009 0.00350694 0.999985 0.00417757 0.00310488 -0.0102546 -0.00414141 0.999939 -0.997327
310 313 570 0.999746 -0.00388685 0.0222077 -0.0146294 0.00395104 0.999988 -0.00284745 0.0255809 -0.0221964 0.00293447 0.999749 -0.999566
310 314 500 0.999377 0.0118695 0.0332321 -0.0460773 -0.0117066 0.999919 -0.00509399 0.00823174 -0.0332899 0.00470179 0.999435 -0.998904
315 316 902 0.999952 0.0055652 0.00803488 -0.0183669 -0.0055702 0.999984 0.000600187 -0.00111004 -0.00803141 -0.000644914 0.999968 -0.999831
315 317 860 0.999873 0.00772384 0.0139394 -0.00326266 -0.00783697 0.999937 0.00807945 0.00744973 -0.0138761 -0.00818767 0.99987 -0.999967
315 318 691 0.999698 0.0103454 0.0222833 -0.0404977 -0.0107433 0.999784 0.017813 0.0154876 -0.0220942 -0.0180471 0.999593 -0.99906
315 319 412 0.999225 0.0302787 0.0251682 0.0129182 -0.0308325 0.999284 0.0219169 -0.0133659 -0.0244866 -0.0226759 0.999443 -0.999827
320 321 955 0.999941 -0.00966621 0.00489768 0.0365181 0.00972914 0.999868 -0.0129908 0.0147131 -0.00477146 0.0130377 0.999904 -0.999225
320 322 619 0.99983 -0.0155683 0.00984178 0.0284206 0.0157712 0.999658 -0.0208823 0.0227289 -0.0095133 0.021034 0.999733 -0.999338
320 323 461 0.999838 -0.0115757 0.0137839 0.0158916 0.0118088 0.999787 -0.0169532 0.0104715 -0.0135847 0.0171132 0.999761 -0.999819
320 324 438 0.999746 -0.0161901 0.015707 0.00573933 0.0163024 0.999842 -0.00704701 0.0118567 -0.0155905 0.00730128 0.999852 -0.999913
325 326 754 0.999999 -0.000316362 0.000991693 0.0240474 0.000311787 0.999989 0.00460981 -0.00126018 -0.000993141 -0.0046095 0.999989 -0.99971
325 327 663 0.999996 0.000335297 0.00270292 0.0244454 -0.000330903 0.999999 -0.00162617 0.0361393 -0.00270346 0.00162526 0.999995 -0.999048
325 328 601 0.999967 0.00714971 0.00395082 0.0223499 -0.00711041 0.999926 -0.00987441 0.0123866 -0.00402113 0.00984599 0.999943 -0.999673
325 329 531 0.999972 0.00593589 0.00465661 -0.00577146 -0.00586218 0.99986 -0.0156867 0.024828 -0.00474908 0.0156589 0.999866 -0.999675
330 331 911 0.999993 0.00383838 0.000228961 0.037261 -0.00384065 0.999933 0.010939 -0.0176389 -0.000186957 -0.0109398 0.99994 -0.99915
330 332 811 0.99993 0.0113742 0.00321415 0.0253474 -0.0114372 0.999728 0.0203044 0.0109561 -0.00298233 -0.0203397 0.999789 -0.999619
330 333 739 0.999648 0.0258498 0.00592296 -0.0107898 -0.0259924 0.999339 0.0254156 -0.0121027 -0.00526206 -0.0255606 0.999659 -0.999869
330 334 575 0.999732 0.0218429 0.00764021 -0.0094404 -0.0219871 0.999572 0.0193208 0.00907893 -0.00721491 -0.0194836 0.999784 -0.999914
335 336 953 0.999999 -0.000669642 0.00140637 0.0144499 0.000674274 0.999994 -0.00329563 0.0192528 -0.00140415 0.00329658 0.999994 -0.99971
335 337 854 0.999999 0.000601487 0.00144204 0.0346278 -0.000602203 1 0.000496193 0.0138033 -0.00144174 -0.000497061 0.999999 -0.999305
335 338 592 0.999995 -0.00251458 0.00183416 0.0229413 0.00250159 0.999972 0.00704962 0.00867868 -0.00185184 -0.00704499 0.999973 -0.999699
335 339 308 0.999984 -0.00419884 0.00383453 -0.00398573 0.00416631 0.999956 0.00845176 -0.00017044 -0.00386984 -0.00843564 0.999957 -0.999992
340 341 593 0.999995 -0.00322494 0.00043504 -0.0128171 0.00322624 0.99999 -0.00302952 0.0127332 -0.000425266 0.00303091 0.999995 -0.999837
340 342 432 0.999983 -0.00568109 0.00164653 -0.0315122 0.00569166 0.999963 -0.00648833 0.0102507 -0.00160961 0.00649759 0.999978 -0.999451
340 343 331 0.999909 -0.0135147 0.000492854 0.0277421 0.0135177 0.999885 -0.00686252 0.0325159 -0.000400053 0.00686856 0.999976 -0.999086
340 344 285 0.99998 -0.0059413 0.00238308 -0.00722034 0.00594574 0.999981 -0.00185908 0.0112179 -0.00237199 0.00187321 0.999995 -0.999911
345 346 440 0.999997 -0.00213726 0.00148692 -0.00128505 0.00213729 0.999998 -1.58202e-05 3.66144e-05 -0.00148688 1.89982e-05 0.999999 -0.999999
345 347 476 0.999998 -0.00084885 0.00192808 0.0171101 0.000867492 0.999953 -0.00968813 0.0182769 -0.00191977 0.00968978 0.999951 -0.999687
345 348 404 0.999982 0.00109281 0.00592559 -0.0305457 -0.000986685 0.99984 -0.0178838 0.0129722 -0.00594418 0.0178777 0.999823 -0.999449
345 349 284 0.999928 0.0101651 0.0063032 -0.0201334 -0.0100289 0.999724 -0.0212682 0.0359867 -0.00651765 0.0212035 0.999754 -0.999149
350 351 513 1 -0.000261495 -0.00055844 0.00733269 0.000264173 0.999988 0.00480017 -0.00146034 0.000557178 -0.00480031 0.999988 -0.999972
350 352 441 0.999984 -0.00515388 -0.0022295 -0.00177853 0.00517697 0.999932 0.0104788 0.032084 0.00217534 -0.0104902 0.999943 -0.999484
350 353 411 0.999962 -0.00870132 -0.000947062 -0.0429228 0.00871446 0.999851 0.0148865 0.0319388 0.000817389 -0.0148942 0.999889 -0.998568
350 354 393 0.999978 0.00613967 -0.00263458 -0.0146183 -0.00608431 0.999771 0.0205314 -0.0111771 0.00276003 -0.020515 0.999786 -0.999831
355 356 487 0.999992 0.000805567 -0.00400449 -0.0385497 -0.000824391 0.999989 -0.00470116 0.00371147 0.00400066 0.00470442 0.999981 -0.99925
355 357 465 0.999912 -0.00602467 -0.0118168 0.0457652 0.00586053 0.999887 -0.013876 0.0215971 0.011899 0.0138055 0.999834 -0.998719
355 358 428 0.999755 -0.0134902 -0.0175462 0.0290914 0.0131572 0.999734 -0.0189558 0.0330076 0.0177973 0.0187203 0.999666 -0.999032
355 359 416 0.999697 -0.00806908 -0.0232357 0.0262932 0.00765519 0.999811 -0.017847 0.0198067 0.0233753 0.0176637 0.999571 -0.999458
360 361 450 0.999974 -0.00195497 -0.00689497 -0.0344926 0.00201765 0.999957 0.00909477 -0.00141934 0.00687689 -0.00910845 0.999935 -0.999404
360 362 599 0.974732 0.00350686 -0.223348 0.977772 0.00863888 0.998537 0.05338 -0.18444 0.223209 -0.0539607 0.973276 0.0997161
360 363 495 0.999756 -0.00343598 -0.0218183 0.00714531 0.00371426 0.999912 0.0127264 0.00299327 0.0217727 -0.0128043 0.999681 -0.99997
360 364 405 0.99949 -0.00264143 -0.0318149 0.0409899 0.00285977 0.999973 0.00681925 0.0140217 0.031796 -0.00690675 0.999471 -0.999061
365 366 437 0.999979 7.66272e-05 -0.00651471 -0.0162747 -8.20035e-05 1 -0.000824995 0.0593847 0.00651464 0.000825511 0.999978 -0.998102
