0 1 2001 0.999986 0.00292375 0.00441398 -0.029099 -0.00292784 0.999995 0.000919665 0.0459354 -0.00441127 -0.000932576 0.99999 -0.99852
0 2 1644 0.99998 0.000670786 0.00631321 -0.00578987 -0.000698393 0.99999 0.00437171 -0.0122595 -0.00631022 -0.00437603 0.999971 -0.999908
0 3 1584 0.999908 0.000442186 0.0135492 -0.0272563 -0.000520692 0.999983 0.00579118 -0.00532837 -0.0135464 -0.0057977 0.999891 -0.999614
0 4 1069 0.999911 0.000812638 0.0133078 0.0356169 -0.000860845 0.999993 0.0036171 0.0184132 -0.0133048 -0.00362824 0.999905 -0.999196
5 6 2035 0.999988 -0.00185344 0.00448016 0.00782393 0.00184714 0.999997 0.00141128 0.00632238 -0.00448276 -0.00140299 0.999989 -0.999949
5 7 1708 0.999941 -0.00543276 0.00938831 0.00621701 0.0054031 0.99998 0.00318129 -0.0174447 -0.00940541 -0.00313038 0.999951 -0.999829
5 8 1209 0.999896 -0.00903064 0.0112294 0.0323518 0.00902004 0.999959 0.000994164 0.014152 -0.0112379 -0.000892771 0.999936 -0.999376
5 9 1056 0.999827 -0.00628242 0.0174994 0.00783604 0.00630258 0.99998 -0.00109747 -0.00140019 -0.0174922 0.00120757 0.999846 -0.999968
10 11 1754 0.999999 0.000972046 0.000679079 0.0964069 -0.000972864 0.999999 0.00120462 -0.0320283 -0.000677907 -0.00120528 0.999999 -0.994827
10 12 1453 0.99998 -0.0017758 0.00613401 -0.0563971 0.00177382 0.999998 0.000327538 0.0201846 -0.00613458 -0.00031665 0.999981 -0.998204
10 13 1159 0.999984 0.000161139 0.00560993 0.0118084 -0.000168869 0.999999 0.00137732 0.0115453 -0.0056097 -0.00137824 0.999983 -0.999864
10 14 1018 0.999954 0.00374097 0.00886438 -0.000238997 -0.00374356 0.999993 0.000275485 0.00521476 -0.00886329 -0.000308657 0.999961 -0.999986
15 16 1743 0.999986 -0.00370435 0.00367084 -0.0325415 0.0036978 0.999992 0.00178922 0.024372 -0.00367744 -0.00177562 0.999992 -0.999173
15 17 1543 0.999987 -0.00304364 0.00402843 -0.00395987 0.00302653 0.999986 0.00424611 0.0141081 -0.0040413 -0.00423386 0.999983 -0.999893
15 18 1269 0.999956 -0.00733329 0.00585542 -0.0096014 0.00729661 0.999954 0.00626145 0.0114716 -0.00590107 -0.00621845 0.999963 -0.999888
15 19 908 0.999834 -0.017392 0.00550241 -0.022168 0.0173581 0.99983 0.00614447 0.0308706 -0.00560834 -0.00604793 0.999966 -0.999278
20 21 1874 0.999999 0.000278844 0.00125253 0.00420183 -0.000277324 0.999999 -0.00121312 -0.00186149 -0.00125287 0.00121277 0.999998 -0.999989
20 22 1558 0.999995 0.0021708 0.00229645 0.0160948 -0.0021667 0.999996 -0.00178917 0.00416787 -0.00230033 0.00178418 0.999996 -0.999862
20 23 1179 0.999984 -0.000421758 0.00555574 -0.00778332 0.000418766 1 0.000539636 0.00278365 -0.00555597 -0.000537301 0.999984 -0.999966
20 24 821 0.999985 0.00232509 0.00502276 -0.0157326 -0.00232134 0.999997 -0.000752281 0.00697025 -0.00502449 0.00074061 0.999987 -0.999852
25 26 1633 0.999992 -0.00367332 -0.0015487 0.0359638 0.00366979 0.999991 -0.00227505 0.000446045 0.00155705 0.00226935 0.999996 -0.999353
25 27 1422 0.99999 -0.00444759 -0.000728312 -0.0107765 0.0044427 0.999968 -0.0065776 0.0169191 0.000757544 0.0065743 0.999978 -0.999799
25 28 1165 0.999992 0.00223632 -0.00332859 0.0422436 -0.00226889 0.999949 -0.00981242 -0.00150896 0.00330648 0.00981989 0.999946 -0.999106
25 29 821 0.999972 -0.0018028 -0.00727812 0.0292289 0.00172516 0.999942 -0.0106598 0.014174 0.00729691 0.0106469 0.999917 -0.999472
30 31 1614 1 0.000268762 -0.00072266 0.00102195 -0.00026528 0.999988 0.00481532 -0.0212934 0.000723946 -0.00481513 0.999988 -0.999773
30 32 1486 0.999989 -0.00277428 -0.00374537 0.0141497 0.00280491 0.999962 0.0081983 0.00850824 0.00372248 -0.00820872 0.999959 -0.999864
30 33 1296 0.999971 0.0065683 -0.00377806 0.0223419 -0.00654827 0.999965 0.00529102 0.0170089 0.00381268 -0.00526613 0.999979 -0.999606
30 34 1024 0.999959 0.0086577 -0.00267828 0.00441564 -0.00865672 0.999962 0.000376524 0.00555685 0.00268144 -0.000353324 0.999996 -0.999975
35 36 1600 0.999957 0.00912164 0.0018961 -0.0420996 -0.00912145 0.999958 -0.000108381 0.0347785 -0.00189701 9.10809e-05 0.999998 -0.998508
35 37 1702 0.999943 0.00993622 0.00382243 -0.0159076 -0.00995484 0.999939 0.00488255 0.0118555 -0.00377368 -0.00492032 0.999981 -0.999803
35 38 1263 0.999931 0.0114275 0.00262188 0.0105882 -0.011448 0.999903 0.00791126 0.0063218 -0.00253122 -0.00794073 0.999965 -0.999924
35 39 1131 0.999963 0.00389345 0.00763618 -0.0342166 -0.00397676 0.999932 0.0109249 -0.00614727 -0.00759313 -0.0109549 0.999911 -0.999396
40 41 1603 0.999998 -0.00162392 0.00138017 -0.0267154 0.0016281 0.999994 -0.00303252 0.0215565 -0.00137524 0.00303476 0.999994 -0.999411
40 42 1508 0.999978 -0.00611769 0.00236685 -0.0239995 0.00612686 0.999974 -0.00388584 0.0395515 -0.00234301 0.00390026 0.99999 -0.998929
40 43 1358 0.99999 0.000442288 0.00448598 0.00155578 -0.000409902 0.999974 -0.00721759 0.00297528 -0.00448906 0.00721567 0.999964 -0.999994
40 44 1158 0.999994 0.000272748 0.00349374 0.0166853 -0.000238646 0.999952 -0.00975759 0.00985578 -0.00349623 0.00975669 0.999946 -0.999812
45 46 1519 0.999999 -0.00110625 -0.000864878 0.0498852 0.00110708 0.999999 0.000960797 0.00890232 0.000863814 -0.000961753 0.999999 -0.998715
45 47 1657 0.999994 0.00166332 0.00287247 -0.023887 -0.0016737 0.999992 0.00361507 -0.00791872 -0.00286643 -0.00361986 0.999989 -0.999683
45 48 1207 0.999989 -0.00439489 -0.00152397 0.0270707 0.00439924 0.999986 0.00286481 0.0261701 0.00151136 -0.00287148 0.999995 -0.999291
45 49 1058 0.999985 -0.00538579 0.00109423 -0.00859579 0.00538152 0.999978 0.00386912 0.0311033 -0.00111505 -0.00386318 0.999992 -0.999479
50 51 1483 0.999997 -0.0020356 0.00126467 -0.00645284 0.00203599 0.999998 -0.000307603 0.0166301 -0.00126404 0.000310177 0.999999 -0.999841
50 52 1594 0.999967 -0.00663745 0.00476455 -0.0564646 0.00662461 0.999974 0.0027064 0.0289554 -0.00478239 -0.00267474 0.999985 -0.997985
50 53 1200 0.999987 -0.00513243 0.000253857 0.0137634 0.00513057 0.999963 0.00684448 0.00789638 -0.000288976 -0.00684309 0.999977 -0.999874
50 54 1054 0.999951 -0.00895701 0.00431562 -0.0198115 0.00892811 0.999938 0.00667032 0.0276597 -0.0043751 -0.00663146 0.999968 -0.999421
55 56 1731 0.999983 0.00558187 0.00147501 -0.000839338 -0.00557533 0.999975 -0.00440327 0.0185448 -0.00149956 0.00439497 0.999989 -0.999828
55 57 1508 0.999999 0.00152309 -0.000310703 0.0208403 -0.00152412 0.999993 -0.00334891 0.0229583 0.0003056 0.00334938 0.999994 -0.999519
55 58 1214 0.999987 0.00384875 0.00338669 -0.054752 -0.00384005 0.999989 -0.00257272 0.0286538 -0.00339655 0.00255968 0.999991 -0.998089
55 59 964 0.999872 0.0159987 0.000826878 0.00816752 -0.0159973 0.999871 -0.00166823 0.00770882 -0.00085346 0.00165479 0.999998 -0.999937
60 61 1879 0.999987 0.00432576 0.00259398 -0.0245237 -0.00431597 0.999984 -0.00377065 -0.00483224 -0.00261025 0.00375941 0.99999 -0.999688
60 62 1511 0.999978 0.00639065 0.00175075 0.0238241 -0.00637546 0.999943 -0.00854975 0.00753555 -0.00180529 0.0085384 0.999962 -0.999688
60 63 1131 0.999954 0.00917251 0.0027708 0.0144862 -0.00913876 0.999887 -0.0119596 0.00325473 -0.00288019 0.0119338 0.999925 -0.99989
60 64 947 0.999992 -0.00174149 0.00355303 -0.00285861 0.00176651 0.999974 -0.0070484 0.0246366 -0.00354066 0.00705462 0.999969 -0.999692
65 66 1721 0.999987 -0.00368163 0.00366486 -0.0846513 0.0036625 0.99998 0.00521315 0.0151435 -0.00368398 -0.00519966 0.99998 -0.996296
65 67 1490 0.999972 -0.00740112 0.00096588 0.038968 0.00739879 0.99997 0.00239467 0.0516679 -0.000983574 -0.00238745 0.999997 -0.997904
65 68 1310 0.99995 -0.00894628 0.00440994 -0.00591559 0.00893949 0.999959 0.00155686 0.0162989 -0.00442369 -0.00151736 0.999989 -0.99985
65 69 1139 0.999913 -0.0129349 -0.00253942 0.0964926 0.012937 0.999916 0.000776506 0.0179757 0.00252916 -0.000809291 0.999996 -0.995171
70 71 1429 0.999996 -0.0028987 -0.000747234 0.055959 0.0028984 0.999996 -0.000395452 0.00722191 0.000748377 0.000393285 1 -0.998407
70 72 1724 0.999975 -0.00195798 0.00679929 -0.0283527 0.00196788 0.999997 -0.00145057 0.0208149 -0.00679643 0.00146391 0.999976 -0.999381
70 73 1526 0.999994 -0.0021717 0.00276675 0.0434116 0.00217717 0.999996 -0.00197284 0.0264159 -0.00276245 0.00197885 0.999994 -0.998708
70 74 1438 0.999952 -0.00233975 0.00951728 -0.0374846 0.00237404 0.999991 -0.00359317 0.0273859 -0.00950879 0.00361559 0.999948 -0.998922
75 76 1843 0.999999 0.0002994 0.00154583 0.0459683 -0.000293112 0.999992 -0.00406624 0.0113608 -0.00154703 0.00406578 0.999991 -0.998878
75 77 1764 0.999997 -0.00163684 0.00205839 0.00219352 0.00164973 0.999979 -0.00627561 0.0314672 -0.00204807 0.00627899 0.999978 -0.999502
75 78 1646 0.999961 -0.00794149 0.00394215 0.020649 0.00795048 0.999966 -0.00226994 0.0299869 -0.00392399 0.00230119 0.99999 -0.999337
75 79 1508 0.99995 -0.00837388 0.00539397 0.00940587 0.00835133 0.999956 0.0041905 0.0287676 -0.00542882 -0.00414525 0.999977 -0.999542
80 81 2059 0.999998 -0.00160619 0.00094832 0.0172272 0.00160491 0.999998 0.0013469 -0.00378317 -0.000950481 -0.00134538 0.999999 -0.999844
80 82 2126 0.999994 -0.00321462 0.0013671 -0.0015103 0.00321702 0.999993 -0.00175853 0.00546295 -0.00136144 0.00176292 0.999998 -0.999984
80 83 1889 0.999984 -0.00477732 0.00288516 -0.0140663 0.00479253 0.999975 -0.00528665 0.0344683 -0.00285983 0.00530039 0.999982 -0.999307
80 84 1727 1 -0.000910111 0.00036456 0.0410252 0.000910901 0.999997 -0.00217254 0.0274556 -0.000362582 0.00217287 0.999998 -0.998781
85 86 1830 0.99999 0.00417672 -0.00165973 0.0633273 -0.00416973 0.999983 0.00418885 0.0183827 0.0016772 -0.00418188 0.99999 -0.997823
85 87 2103 0.999998 0.000367728 -0.0019694 -0.000992361 -0.00035705 0.999985 0.00541929 -0.00355355 0.00197137 -0.00541857 0.999983 -0.999993
85 88 1883 0.999949 -0.00337044 -0.00955424 0.0376563 0.00338541 0.999993 0.00155123 0.0119142 0.00954895 -0.0015835 0.999953 -0.99922
85 89 1693 0.999892 -0.00220342 -0.0145468 0.0368672 0.00221055 0.999997 0.000474381 -0.00102598 0.0145457 -0.000506486 0.999894 -0.99932
90 91 1313 0.999951 0.00501323 -0.00855135 -0.0115221 -0.00504212 0.999982 -0.00336094 0.00676861 0.00853434 0.00340389 0.999958 -0.999911
90 92 1852 0.999872 -1.13007e-06 -0.0159942 -0.0556032 -4.60043e-05 0.999996 -0.0029466 0.0179387 0.0159941 0.00294696 0.999868 -0.998292
90 93 1633 0.999406 -0.00489303 -0.0341066 0.0163096 0.0047818 0.999983 -0.00334185 0.0174947 0.0341224 0.00317678 0.999413 -0.999714
90 94 1499 0.998613 -0.00831184 -0.0519961 0.0239666 0.00804929 0.999954 -0.00525696 0.0322016 0.0520374 0.00483114 0.998633 -0.999194
95 96 1179 0.999651 0.00331833 -0.0262102 -0.03826 -0.00334816 0.999994 -0.00109431 0.00938258 0.0262064 0.00118168 0.999656 -0.999224
95 97 1836 0.999181 0.00529103 -0.0401099 -0.259254 -0.00528607 0.999986 0.000229831 -0.0397164 0.0401105 -1.7619e-05 0.999195 -0.964992
95 98 1347 0.996048 0.00528047 -0.0886579 0.0125049 -0.00565597 0.999976 -0.00398461 0.0153078 0.0886347 0.00447031 0.996054 -0.999805
95 99 1056 0.991689 0.00265388 -0.12863 0.0396042 -0.00362939 0.999966 -0.00734998 0.0373308 0.128607 0.00775574 0.991665 -0.998518
100 101 1529 0.999299 -0.000845426 -0.0374199 -0.317632 0.000878546 0.999999 0.000868642 -0.0254514 0.0374191 -0.000900909 0.999299 -0.947872
100 102 1805 0.996159 -0.00230691 -0.0875339 -0.171402 0.00260409 0.999991 0.0032809 -0.0222116 0.0875256 -0.00349624 0.996156 -0.984951
100 103 1033 0.987357 0.000406128 -0.158511 0.06058 -9.97171e-05 0.999998 0.00194101 0.0450628 0.158511 -0.00190066 0.987355 -0.997146
100 104 1174 0.978528 -0.00267716 -0.206095 -0.0151504 0.00356657 0.999986 0.00394412 0.0165589 0.206082 -0.00459449 0.978524 -0.999748
105 106 1436 0.997864 0.00118808 -0.0653074 -0.0716292 -0.00120694 0.999999 -0.000249319 0.0646104 0.065307 0.000327608 0.997865 -0.995337
105 107 1435 0.991075 0.00197895 -0.133293 -0.0294188 -0.00162402 0.999995 0.00277147 0.00753165 0.133297 -0.00253026 0.991073 -0.999539
105 108 1386 0.982037 0.00275658 -0.188667 -0.105477 -0.0026736 0.999996 0.000694336 0.0394416 0.188668 -0.000177444 0.982041 -0.993639
105 109 1175 0.963954 0.00722136 -0.265971 0.0531541 -0.00615701 0.999969 0.00483536 -0.00278172 0.265998 -0.00302348 0.963969 -0.998582
110 111 1861 0.998089 0.00156993 -0.06177 -0.162438 -0.00161296 0.999998 -0.000646863 0.0177055 0.0617689 0.00074526 0.99809 -0.98656
110 112 1826 0.992343 0.00487291 -0.123414 -0.0965399 -0.00461742 0.999987 0.00235608 -0.0164231 0.123424 -0.00176819 0.992352 -0.995194
110 113 1566 0.983357 0.0114294 -0.181322 -0.072048 -0.0111455 0.999935 0.00258491 0.00897646 0.18134 -0.000520971 0.98342 -0.997361
110 114 1257 0.971924 0.00404585 -0.235262 -0.0431797 -0.00430551 0.999991 -0.00059005 0.0325864 0.235258 0.00158641 0.971932 -0.998536
115 116 1971 0.998654 -0.0011929 -0.0518627 -0.0680045 0.00125011 0.999999 0.00107076 0.0366222 0.0518613 -0.00113415 0.998654 -0.997013
115 117 1606 0.995393 0.00322977 -0.0958271 -0.121568 -0.00317739 0.999995 0.000699195 0.0439113 0.0958288 -0.000391494 0.995398 -0.991611
115 118 1535 0.989652 0.022203 -0.141758 -0.0474298 -0.0220049 0.999753 0.00296453 0.00139254 0.141789 0.000185522 0.989897 -0.998874
115 119 1416 0.983313 0.0281845 -0.179726 -0.0206119 -0.0279623 0.999602 0.00377006 -0.0241792 0.179761 0.00131841 0.983709 -0.999495
120 121 2075 0.999411 -0.0121357 -0.0321052 -0.0212861 0.0123094 0.999911 0.00521818 0.0173385 0.032039 -0.0056103 0.999471 -0.999623
120 122 1556 0.998039 -0.0173759 -0.0601287 -0.0384586 0.0177948 0.999821 0.00643799 0.0425342 0.060006 -0.00749534 0.99817 -0.998355
120 123 1203 0.996122 -0.0147145 -0.0867487 -0.012179 0.0155208 0.999842 0.00862815 0.027602 0.0866081 -0.0099411 0.996193 -0.999545
120 124 1127 0.993738 -0.00704245 -0.111511 0.00264884 0.00852626 0.999881 0.0128351 0.0144657 0.111407 -0.0137055 0.99368 -0.999892
125 126 1707 0.999821 0.00208988 -0.0188181 -0.0659132 -0.00192785 0.999961 0.00862411 -0.0776886 0.0188354 -0.00858629 0.999786 -0.994796
125 127 1105 0.999303 -0.00134787 -0.0373066 -0.0748757 0.00164081 0.999968 0.00782279 -0.0523579 0.0372948 -0.00787855 0.999273 -0.995817
125 128 1131 0.998663 0.00269111 -0.051626 -0.0243612 -0.00246336 0.999987 0.00447468 -0.0338502 0.0516373 -0.00434152 0.998656 -0.99913
125 129 890 0.997775 0.00137806 -0.0666532 -0.0009415 -0.00135415 0.999999 0.000403768 -0.0127667 0.0666537 -0.000312611 0.997776 -0.999918
130 131 1847 0.999924 0.0046639 -0.011454 -0.0197147 -0.00467386 0.999989 -0.000842334 0.011185 0.01145 0.000895804 0.999934 -0.999743
130 132 1497 0.999748 0.00798688 -0.0209876 -0.0270817 -0.00798673 0.999968 9.11761e-05 0.00370052 0.0209876 7.64689e-05 0.99978 -0.999626
130 133 1462 0.999547 0.00626151 -0.0294474 -0.018474 -0.00619706 0.999978 0.00227944 0.00446079 0.029461 -0.00209592 0.999564 -0.999819
130 134 1036 0.999375 0.011267 -0.0334995 -0.0210294 -0.0112334 0.999936 0.00118981 0.00704573 0.0335108 -0.000812751 0.999438 -0.999754
135 136 1257 0.999981 0.00250231 -0.00557868 -0.0393621 -0.00249876 0.999997 0.000642734 -0.00104852 0.00558027 -0.000628782 0.999984 -0.999224
135 137 1471 0.999941 0.00135762 -0.0107857 0.00742815 -0.0013314 0.999996 0.00243804 -0.00665698 0.010789 -0.00242353 0.999939 -0.99995
135 138 1079 0.999915 0.00501169 -0.0120263 -0.0217463 -0.0049988 0.999987 0.0011018 -0.00301908 0.0120317 -0.00104159 0.999927 -0.999759
135 139 1007 0.999863 0.00655741 -0.0151916 -0.016519 -0.00654201 0.999978 0.00106277 -0.0158955 0.0151983 -0.000963238 0.999884 -0.999737
140 141 1027 0.999996 0.00219881 -0.00171017 0.0276804 -0.00219809 0.999997 0.000419881 -0.0131663 0.00171109 -0.000416121 0.999998 -0.99953
140 142 1144 0.999964 0.0084919 -0.000306821 -0.00163937 -0.00849214 0.999964 -0.000813335 0.00513059 0.000299903 0.000815911 1 -0.999985
140 143 1231 0.999941 0.0108306 0.0011645 0.0201937 -0.0108319 0.999941 0.0010821 -0.023115 -0.00115271 -0.00109465 0.999999 -0.999529
140 144 1080 0.999959 0.00819303 0.00391138 0.0356493 -0.00818494 0.999964 -0.00207917 0.0378531 -0.00392828 0.00204707 0.99999 -0.998647
145 146 1084 0.999995 0.000517724 0.00309719 0.0391634 -0.000514146 0.999999 -0.0011559 -0.0128025 -0.00309778 0.0011543 0.999995 -0.999151
145 147 1171 0.999963 0.00337562 0.00792725 0.0211427 -0.00335391 0.999991 -0.00275023 -0.0185668 -0.00793645 0.00272354 0.999965 -0.999604
145 148 1191 0.999948 -0.000840098 0.0101572 0.0313612 0.000887213 0.999989 -0.00463498 0.00103045 -0.0101532 0.00464375 0.999938 -0.999508
145 149 1059 0.999874 -0.000847816 0.015871 0.00118284 0.000952808 0.999978 -0.00660899 0.0122887 -0.015865 0.00662328 0.999852 -0.999924
150 151 1120 0.999992 -0.00335199 0.00230321 0.0312278 0.00334356 0.999988 0.00365572 0.0249669 -0.00231544 -0.00364799 0.999991 -0.9992
150 152 1285 0.999926 -0.0117054 0.0032936 0.0344114 0.011677 0.999896 0.00851373 0.0227529 -0.00339291 -0.00847464 0.999958 -0.999149
150 153 1109 0.999929 -0.00961554 0.00707897 -0.0279845 0.00953902 0.999897 0.0107654 0.0147533 -0.00718176 -0.0106971 0.999917 -0.999499
150 154 1002 0.999952 -0.00868474 0.00444876 0.0197006 0.00864005 0.999913 0.00996764 0.00694353 -0.00453494 -0.00992873 0.99994 -0.999782
155 156 1681 0.999999 0.00161324 0.000510565 0.00677034 -0.0016126 0.999998 -0.00125496 0.0108785 -0.000512589 0.00125413 0.999999 -0.999918
155 157 1752 0.999998 0.00185675 0.00093568 0.0172636 -0.00185617 0.999998 -0.000624898 -0.0112078 -0.000936838 0.00062316 0.999999 -0.999788
155 158 1441 0.999991 0.00217937 0.00363057 -0.0196167 -0.00217553 0.999997 -0.00106272 -0.00123193 -0.00363287 0.00105482 0.999993 -0.999807
155 159 1318 0.999995 -0.00298969 0.00135667 0.00861597 0.00298952 0.999996 0.000130149 0.00194143 -0.00135705 -0.000126092 0.999999 -0.999961
160 161 2473 0.999985 -0.00365633 -0.00398534 0.0108976 0.00365564 0.999993 -0.000179669 0.0116895 0.00398597 0.000165097 0.999992 -0.999872
160 162 1708 0.99997 -0.0060214 -0.00488413 0.00680178 0.00600402 0.999976 -0.00356572 0.0236357 0.00490548 0.00353629 0.999982 -0.999697
160 163 1447 0.999917 -0.00532218 -0.0117684 0.0271678 0.00527773 0.999979 -0.00380465 0.00446498 0.0117884 0.00374222 0.999924 -0.999621
160 164 964 0.999831 -0.0078891 -0.0165941 0.00093652 0.00778822 0.999951 -0.00613534 0.0135398 0.0166417 0.00600507 0.999843 -0.999908
165 166 1696 0.999967 -0.00200824 -0.00789318 -0.00576917 0.00201069 0.999998 0.000302213 0.0281941 0.00789256 -0.000318073 0.999969 -0.999586
165 167 1422 0.999798 -0.00333703 -0.0198077 0.0174122 0.00335533 0.999994 0.00089113 0.019467 0.0198046 -0.000957411 0.999803 -0.999659
165 168 1070 0.999476 0.000787551 -0.0323499 0.0583249 -0.000746038 0.999999 0.0012953 -0.000760962 0.0323509 -0.00127049 0.999476 -0.998297
165 169 834 0.999223 -0.00536972 -0.0390511 0.00411012 0.00527375 0.999983 -0.00256024 0.0339091 0.0390642 0.00235231 0.999234 -0.999416
170 171 1338 0.99994 -0.000828593 -0.0109118 -0.0068847 0.000815056 0.999999 -0.00124494 0.0532228 0.0109128 0.00123597 0.99994 -0.998559
170 172 1142 0.999726 0.000819735 -0.0233842 0.0304654 -0.000797313 0.999999 0.000968179 0.0119042 0.0233849 -0.00094927 0.999726 -0.999465
170 173 1009 0.999406 -0.00088369 -0.0344563 0.037247 0.000958993 0.999997 0.002169 0.0139486 0.0344542 -0.00220076 0.999404 -0.999209
170 174 817 0.999142 -0.0017888 -0.0413667 0.00302356 0.00189124 0.999995 0.00243739 0.028263 0.0413621 -0.00251353 0.999141 -0.999596
175 176 1199 0.999962 -0.00248499 -0.00838186 -0.0559994 0.00248349 0.999997 -0.000189999 0.0494046 0.0083823 0.000169175 0.999965 -0.997208
175 177 1299 0.999773 0.000769881 -0.0212955 0.043638 -0.000725827 0.999998 0.00207636 -0.0109054 0.0212971 -0.00206043 0.999771 -0.998988
175 178 1077 0.999667 0.00588161 -0.025123 -0.0246179 -0.00589632 0.999982 -0.000511558 0.019038 0.0251196 0.000659521 0.999684 -0.999516
175 179 924 0.999325 -0.00392434 -0.0365298 0.0222239 0.00384938 0.99999 -0.00212205 0.0270603 0.0365378 0.00198 0.99933 -0.999387
180 181 1665 0.999964 0.00493052 -0.00691341 0.0826479 -0.00493764 0.999987 -0.0010135 -0.025448 0.00690833 0.00104759 0.999976 -0.996254
180 182 1420 0.999975 0.00287684 -0.00653328 -0.0177213 -0.00290424 0.999987 -0.00418737 0.0347066 0.00652115 0.00420623 0.99997 -0.99924
180 183 1233 0.999958 0.00130623 -0.00910811 0.0144295 -0.00136127 0.999981 -0.00603953 0.0485612 0.00910005 0.00605167 0.99994 -0.998716
180 184 1096 0.999918 0.00451399 -0.0119864 0.0240272 -0.00455025 0.999985 -0.00299943 0.00813411 0.0119727 0.00305373 0.999924 -0.999678
185 186 1456 0.999995 0.0010185 0.00315573 -0.0078608 -0.00102394 0.999998 0.00172041 0.0143843 -0.00315397 -0.00172363 0.999994 -0.999866
185 187 1513 0.999936 0.000600876 0.0112954 -0.0653864 -0.0006247 0.999998 0.00210574 0.0198639 -0.0112941 -0.00211267 0.999934 -0.997662
185 188 1575 0.999853 0.000425611 0.0171605 -0.0129728 -0.000494999 0.999992 0.00403944 0.00952884 -0.0171587 -0.00404734 0.999845 -0.99987
185 189 1446 0.999563 0.00752863 0.0285985 -0.0100722 -0.00773972 0.999944 0.00727757 -0.0274461 -0.0285421 -0.00749573 0.999564 -0.999573
190 191 1619 0.999831 0.000150297 0.0183593 0.012119 -0.000162282 1 0.000651316 0.0297044 -0.0183592 -0.000654186 0.999831 -0.999485
190 192 2127 0.999371 0.000649852 0.0354593 0.0629412 -0.000923732 0.99997 0.00770796 -0.0486826 -0.0354532 -0.00773587 0.999341 -0.996829
190 193 1688 0.997903 -0.000281264 0.0647329 -0.024583 -0.000162588 0.999977 0.0068513 0.0051661 -0.0647333 -0.00684745 0.997879 -0.999684
190 194 1458 0.995532 -0.00663566 0.0941927 -0.0302502 0.00597571 0.999956 0.00728677 0.0264035 -0.0942369 -0.00669135 0.995527 -0.999194
195 196 1663 0.999182 -0.00010777 0.0404472 -0.0181327 0.000280964 0.999991 -0.00427632 0.0702641 -0.0404464 0.00428419 0.999173 -0.997364
195 197 1828 0.996764 -0.000643217 0.0803765 0.00643306 0.001159 0.999979 -0.00637056 0.0196042 -0.0803707 0.0064431 0.996744 -0.999787
195 198 1427 0.991659 -0.00147339 0.128883 -0.0243994 0.00288429 0.999938 -0.0107612 0.0251215 -0.128859 0.0110432 0.991601 -0.999387
195 199 1148 0.984814 -0.00510974 0.173536 -0.00733508 0.00792142 0.999848 -0.0155136 0.033123 -0.17343 0.0166526 0.984705 -0.999424
200 201 1751 0.998294 0.000683147 0.0583768 0.0338744 -0.000630845 0.999999 -0.000914352 0.0320308 -0.0583774 0.000875965 0.998294 -0.998913
200 202 1106 0.993707 0.00363878 0.111948 0.152406 -0.00342616 0.999992 -0.0020916 0.0631922 -0.111955 0.00169489 0.993712 -0.986296
200 203 536 0.982102 0.00641851 0.188243 -0.0362586 -0.00787476 0.999945 0.00698918 -0.00186387 -0.188187 -0.00834645 0.982098 -0.999341
200 204 288 0.96642 0.00820126 0.256836 -0.0949246 -0.0117428 0.999856 0.0122585 -0.01836 -0.256698 -0.0148628 0.966377 -0.995315
205 206 1249 0.997435 -0.0028158 0.0715194 0.0166914 0.00252411 0.999988 0.00416857 -0.0340609 -0.0715303 -0.00397735 0.99743 -0.99928
205 207 922 0.990482 0.000349656 0.137645 0.0671846 -0.00101472 0.999988 0.00476156 -0.0209491 -0.137642 -0.00485591 0.99047 -0.997521
205 208 707 0.978712 0.00193016 0.205229 0.0124909 -0.0026242 0.999992 0.00310967 -0.00506368 -0.205221 -0.00358203 0.978709 -0.999909
205 209 541 0.962825 -0.00276663 0.270112 -0.00220922 0.00234294 0.999995 0.00189101 -0.022247 -0.270116 -0.00118785 0.962827 -0.99975
210 211 1183 0.997851 -0.000160921 0.0655233 0.113126 0.000651248 0.999972 -0.00746196 0.0455893 -0.0655202 0.0074886 0.997823 -0.992534
210 212 1073 0.992055 -0.000297342 0.125804 0.0468388 0.00176486 0.999932 -0.0115538 0.00821638 -0.125792 0.011684 0.991988 -0.998869
210 213 1071 0.98315 -0.00403321 0.182758 0.0198745 0.00694233 0.999859 -0.0152809 0.00382613 -0.182671 0.0162921 0.983039 -0.999795
210 214 853 0.973574 -0.00804853 0.22823 0.0253122 0.0124286 0.999765 -0.0177609 0.0234065 -0.228034 0.0201281 0.973445 -0.999406
215 216 928 0.999311 -0.00493513 0.0367863 0.13449 0.00486362 0.999986 0.00203319 0.0250611 -0.0367958 -0.00185287 0.999321 -0.990598
215 217 1235 0.997582 -0.00490123 0.0693242 0.0218252 0.00466348 0.999983 0.00359095 -0.00976111 -0.0693406 -0.00325898 0.997588 -0.999714
215 218 1155 0.995664 0.00140772 0.0930068 0.00999162 -0.00167316 0.999995 0.00277602 0.000903449 -0.0930024 -0.0029196 0.995662 -0.99995
215 219 1082 0.994107 0.00190055 0.108383 -0.0196208 -0.00220362 0.999994 0.00267656 -0.00383603 -0.108377 -0.00289962 0.994106 -0.9998
220 221 919 0.999926 -0.00865041 0.00856511 0.0900954 0.00865006 0.999963 7.73772e-05 0.00150067 -0.00856546 -3.2827e-06 0.999963 -0.995932
220 222 1153 0.999793 -0.0132352 0.0154323 0.0369489 0.0132235 0.999912 0.000859526 0.0175675 -0.0154424 -0.000655278 0.999881 -0.999163
220 223 1110 0.999621 -0.0198986 0.0190064 0.0238435 0.0198304 0.999796 0.00377065 0.0155564 -0.0190776 -0.00339232 0.999812 -0.999595
220 224 1263 0.999562 -0.0221798 0.0195821 0.0114896 0.022045 0.999732 0.00707182 0.00296933 -0.0197337 -0.00663703 0.999783 -0.99993
225 226 837 0.999989 0.00129051 -0.00455429 -0.002885 -0.00125842 0.999974 0.00704392 -0.0405136 0.00456327 -0.00703811 0.999965 -0.999175
225 227 1124 0.999961 0.00184328 -0.00866674 -0.00310906 -0.00174885 0.999939 0.0108901 -0.0146968 0.00868629 -0.0108745 0.999903 -0.999887
225 228 1338 0.999912 0.000358195 -0.013227 0.0280146 -0.000208314 0.999936 0.0113311 -0.00907833 0.0132302 -0.0113273 0.999848 -0.999566
225 229 1211 0.999819 -0.00561707 -0.0181509 -0.000115193 0.00572211 0.999967 0.00574068 0.00395941 0.018118 -0.0058435 0.999819 -0.999992
230 231 1016 0.999982 0.00371976 -0.00470357 -0.00868898 -0.00374116 0.999983 -0.00454933 -0.00666361 0.00468657 0.00456684 0.999979 -0.99994
230 232 1099 0.999966 0.00400664 -0.0072693 -0.0274931 -0.00407968 0.999941 -0.0100602 0.0022689 0.00722857 0.0100895 0.999923 -0.999619
230 233 1043 0.999906 0.00851098 -0.0107665 -0.00452327 -0.00863462 0.999897 -0.0114899 0.0181446 0.0106676 0.0115818 0.999876 -0.999825
230 234 1086 0.999817 0.0163193 -0.00999738 0.00303667 -0.0164012 0.999832 -0.00816035 0.0126235 0.00986253 0.00832283 0.999917 -0.999916
235 236 759 0.999999 -5.26078e-05 0.00155003 -0.0577998 4.19793e-05 0.999976 0.00685623 -0.00763175 -0.00155035 -0.00685616 0.999975 -0.998299
235 237 981 0.999993 0.00166774 0.00349381 0.0110838 -0.00170358 0.999946 0.0102793 0.00862691 -0.00347647 -0.0102852 0.999941 -0.999901
235 238 1088 0.999988 0.00124321 0.00483931 0.0395418 -0.00127474 0.999978 0.00651821 -0.0015144 -0.0048311 -0.0065243 0.999967 -0.999217
235 239 957 0.999973 0.0021987 0.00707855 0.0172265 -0.00217243 0.999991 -0.00371618 0.0314598 -0.00708666 0.0037007 0.999968 -0.999357
240 241 821 0.999997 -0.00228711 0.000452192 0.081656 0.00228653 0.999997 0.00129272 0.0105272 -0.000455147 -0.00129168 0.999999 -0.996605
240 242 882 0.999945 -0.0090458 0.00525275 -0.0177832 0.00901962 0.999947 0.00498616 0.001681 -0.00529757 -0.00493851 0.999974 -0.99984
240 243 975 0.999925 -0.00929814 0.00796466 0.00115655 0.00921167 0.999899 0.0108256 -0.00615526 -0.00806451 -0.0107514 0.99991 -0.99998
240 244 884 0.999924 -0.0055817 0.0110039 0.0293353 0.00544249 0.999905 0.0126405 0.0276006 -0.0110734 -0.0125796 0.99986 -0.999188
245 246 877 0.999995 0.00213082 0.00250732 0.0483394 -0.00212676 0.999996 -0.00162188 -0.00103352 -0.00251076 0.00161654 0.999996 -0.99883
245 247 1059 0.999981 0.0036556 0.00496265 0.0119014 -0.00363483 0.999985 -0.00418792 -0.008842 -0.00497789 0.00416981 0.999979 -0.99989
245 248 1021 0.999962 0.00478354 0.00731939 -0.0216566 -0.00473979 0.999971 -0.00598332 -0.000711091 -0.0073478 0.0059484 0.999955 -0.999765
245 249 907 0.9999 0.0120327 0.00747597 0.0044521 -0.011967 0.99989 -0.00877531 0.0197369 -0.00758073 0.00868496 0.999934 -0.999795
250 251 920 0.999993 -0.00328444 -0.00195705 0.0620384 0.003291 0.999989 0.00336052 -0.0264415 0.00194599 -0.00336693 0.999992 -0.997723
250 252 970 0.99993 -0.0116696 -0.00195628 0.0230716 0.0116793 0.999919 0.00502073 0.00550757 0.00189753 -0.00504323 0.999985 -0.999719
250 253 902 0.999867 -0.0161967 -0.00204656 0.00804686 0.0162087 0.999851 0.00600492 0.0102981 0.00194899 -0.00603729 0.99998 -0.999915
250 254 793 0.999613 -0.0274125 -0.00473457 0.0154876 0.0274307 0.999616 0.00384109 0.028206 0.00462746 -0.00396948 0.999981 -0.999482
255 256 782 0.999996 -0.00105738 -0.00280049 0.00674363 0.00105929 0.999999 0.000680684 0.0038519 0.00279977 -0.000683647 0.999996 -0.99997
255 257 979 0.999984 -0.000266877 -0.00560705 0.0439045 0.000287034 0.999993 0.00359433 0.00981265 0.00560606 -0.00359589 0.999978 -0.998988
255 258 968 0.999951 0.0096661 -0.00219124 -0.0601552 -0.00965857 0.999947 0.00342212 -0.00733044 0.00222421 -0.00340079 0.999992 -0.998162
255 259 787 0.999858 0.015396 -0.00685768 0.00167409 -0.0153717 0.999875 0.00358046 0.007709 0.00691195 -0.00347454 0.99997 -0.999969
260 261 649 0.999996 -0.00268195 -0.00101971 0.00866615 0.00267816 0.99999 -0.00370083 0.0238085 0.00102963 0.00369808 0.999993 -0.999679
260 262 874 0.999985 -0.00524805 -0.00122775 -0.000113283 0.0052382 0.999955 -0.00789175 0.00746506 0.00126911 0.0078852 0.999968 -0.999972
260 263 743 0.999957 -0.0091316 -0.0016314 -0.026406 0.00910952 0.999873 -0.0130663 0.0340482 0.00175051 0.0130509 0.999913 -0.999071
260 264 705 0.999979 -0.00510747 -0.00397558 0.000805664 0.00508173 0.999966 -0.00645624 0.0139928 0.00400842 0.0064359 0.999971 -0.999902
265 266 902 0.999977 0.00677315 -2.52414e-05 -0.00630353 -0.00677263 0.999935 0.00917293 -0.00197256 8.73694e-05 -0.00917255 0.999958 -0.999978
265 267 841 0.99998 0.00558056 0.00289632 -0.0406843 -0.00557941 0.999984 -0.000407146 0.0126063 -0.00289855 0.000390978 0.999996 -0.999093
265 268 662 0.99997 0.00699 0.00324878 0.00470429 -0.00691844 0.999744 -0.0215407 0.0311759 -0.00339852 0.0215176 0.999763 -0.999503
265 269 552 0.99995 0.00898132 0.00436406 0.000793624 -0.00882257 0.999344 -0.0351268 0.0367301 -0.00467668 0.0350866 0.999373 -0.999325
270 271 739 0.999987 -0.00504006 0.00101563 0.0375026 0.00502277 0.999853 0.0163651 0.000522609 -0.00109796 -0.0163598 0.999866 -0.999296
270 272 703 0.999986 -0.00535978 0.000376185 0.0251181 0.00534969 0.999721 0.0230269 0.0104291 -0.000499499 -0.0230245 0.999735 -0.99963
270 273 615 0.999981 0.00241874 0.0055818 -0.012058 -0.00255154 0.999711 0.0239074 0.00155518 -0.00552236 -0.0239212 0.999699 -0.999926
270 274 535 0.999957 0.00145068 0.00912466 -0.0207332 -0.00165952 0.999736 0.0229225 0.000556107 -0.009089 -0.0229366 0.999696 -0.999785
275 276 949 0.999984 0.00016882 0.00573381 -0.0252222 -0.000181561 0.999998 0.00222168 -0.00310872 -0.00573342 -0.00222269 0.999981 -0.999677
275 277 873 0.999933 -0.00841261 0.00793993 -0.0121303 0.0083937 0.999962 0.00241164 0.00253659 -0.00795991 -0.00234483 0.999966 -0.999923
275 278 758 0.999884 -0.0125454 0.00860306 0.0288041 0.0125302 0.99992 0.00180874 0.0152937 -0.00862506 -0.00170073 0.999961 -0.999468
275 279 678 0.999816 -0.0139681 0.0131545 0.00703269 0.0139469 0.999901 0.00170195 0.00893643 -0.013177 -0.00151817 0.999912 -0.999935
280 281 1265 0.999991 0.00290928 0.00303075 -0.015944 -0.00291006 0.999996 0.000253755 0.0150047 -0.00303 -0.000262572 0.999995 -0.99976
280 282 1226 0.999985 0.00370393 0.00404893 0.00582231 -0.00371801 0.999987 0.00347507 0.0148386 -0.00403601 -0.00349007 0.999986 -0.999873
280 283 1053 0.999924 0.00904231 0.00840704 -0.00131181 -0.00909956 0.999936 0.00679646 0.0130013 -0.00834504 -0.00687244 0.999942 -0.999915
280 284 880 0.999816 0.0105444 0.01603 -0.0173578 -0.0106896 0.999902 0.00899997 0.00617131 -0.0159335 -0.00916967 0.999831 -0.99983
285 286 1532 0.99993 -0.000137168 0.0117917 -0.152647 0.00021751 0.999977 -0.00681244 -0.0157093 -0.0117905 0.00681454 0.999907 -0.988156
285 287 1171 0.999949 0.00458908 0.00897422 0.0407138 -0.00442733 0.999829 -0.0179607 0.0258363 -0.0090551 0.0179201 0.999798 -0.998837
285 288 1075 0.999872 -0.00432094 0.0153867 -0.00398721 0.00461305 0.999809 -0.0189997 0.0175989 -0.0153016 0.0190683 0.999701 -0.999837
285 289 813 0.999797 -0.00730156 0.0187863 0.00213462 0.00758735 0.999856 -0.0151865 0.0155767 -0.0186727 0.015326 0.999708 -0.999876
290 291 1284 0.999972 0.00363983 0.00652454 -0.0114693 -0.00367844 0.999976 0.00591552 -0.00684069 -0.00650285 -0.00593935 0.999961 -0.999911
290 292 1101 0.999898 0.00363923 0.0138324 -0.0112715 -0.00371281 0.999979 0.00529763 -1.97622e-06 -0.0138129 -0.00534845 0.99989 -0.999936
290 293 829 0.999835 -0.000502422 0.0181609 0.0226793 0.000502421 1 4.63777e-06 0.0235606 -0.0181609 4.48742e-06 0.999835 -0.999465
290 294 730 0.999447 -0.0093846 0.031904 -0.0334674 0.00923697 0.999946 0.0047716 0.000411785 -0.031947 -0.00447426 0.99948 -0.99944
295 296 1008 0.999977 0.00128195 0.00671069 0.0700616 -0.00130076 0.999995 0.00280007 -0.004929 -0.00670707 -0.00280874 0.999974 -0.99753
295 297 985 0.999891 -0.00129168 0.0146829 0.0181093 0.00126763 0.999998 0.00164704 -0.011341 -0.014685 -0.00162824 0.999891 -0.999772
295 298 777 0.999659 -0.00177015 0.0260419 -0.0233394 0.00190815 0.999984 -0.00527543 -0.00381791 -0.0260321 0.00532332 0.999647 -0.99972
295 299 608 0.999475 -0.00877593 0.0311954 0.021586 0.00913511 0.999893 -0.0113901 0.0172103 -0.0310921 0.0116691 0.999448 -0.999619
300 301 912 0.999975 -0.0014613 0.00692656 0.0111603 0.00147288 0.999998 -0.00166799 0.0222666 -0.00692411 0.00167815 0.999975 -0.99969
300 302 902 0.999947 0.00291139 0.00990668 0.0439842 -0.00291698 0.999996 0.000548998 -0.000725844 -0.00990504 -0.000577866 0.999951 -0.999032
300 303 695 0.999889 -0.0027754 0.0146494 0.0299999 0.00269037 0.999979 0.00582044 0.00543562 -0.0146653 -0.00578038 0.999876 -0.999535
300 304 573 0.999774 -0.0124736 0.0171912 0.0192672 0.0122737 0.999856 0.0116853 0.0211741 -0.0173345 -0.0114717 0.999784 -0.99959
305 306 1078 0.999986 -0.00314606 0.00425872 -0.04399 0.00317014 0.999979 -0.00565955 0.0281954 -0.00424082 0.00567297 0.999975 -0.998634
305 307 979 0.999976 -0.00450389 0.0051865 0.0300349 0.00458819 0.999856 -0.0163584 0.0140788 -0.00511207 0.0163818 0.999853 -0.99945
305 308 811 0.999952 -0.00170479 0.00960534 0.0135792 0.00193003 0.999722 -0.0234898 0.0206519 -0.00956263 0.0235072 0.999678 -0.999695
305 309 626 0.999915 0.001767 0.0128793 0.0313789 -0.00150685 0.999795 -0.0201811 0.0184107 -0.0129123 0.02016 0.999713 -0.999338
310 311 995 0.999967 0.00379893 0.00715065 0.00218706 -0.00383495 0.99998 0.00503028 -0.00830204 -0.00713139 -0.00505754 0.999962 -0.999963
310 312 952 0.999893 -0.00723379 0.0127428 0.00616778 0.00717227 0.999962 0.00486685 0.0119354 -0.0127775 -0.00477493 0.999907 -0.99991
310 313 812 0.999767 0.000531257 0.021601 0.00528937 -0.00049355 0.999998 -0.00175095 0.0003969 -0.0216019 0.00173988 0.999765 -0.999986
310 314 726 0.999583 0.0048135 0.0284756 0.00258258 -0.00463918 0.99997 -0.0061847 0.0211955 -0.0285045 0.00605001 0.999575 -0.999772
315 316 1256 0.999965 0.00468594 0.00689096 0.0413323 -0.00469716 0.999988 0.00161239 -0.0102943 -0.00688332 -0.0016447 0.999975 -0.999092
315 317 1122 0.99993 0.00489808 0.0108129 0.0403053 -0.00496875 0.999966 0.00651784 0.01467 -0.0107807 -0.0065711 0.99992 -0.99908
315 318 1003 0.999663 0.0159902 0.0204467 -0.0132884 -0.0163432 0.999718 0.0172147 0.0025269 -0.0201657 -0.017543 0.999643 -0.999909
315 319 848 0.999235 0.0270444 0.0282474 -0.0363478 -0.0276812 0.999366 0.0224007 -0.0148507 -0.0276237 -0.0231655 0.99935 -0.999229
320 321 1224 0.999915 -0.0124935 0.00376988 0.00597427 0.0125467 0.999817 -0.0144494 0.0445661 -0.00358867 0.0144955 0.999888 -0.998989
320 322 1052 0.999839 -0.0144935 0.0105595 0.00697857 0.0147011 0.999695 -0.0198519 0.0229453 -0.0102686 0.0200039 0.999747 -0.999712
320 323 833 0.999796 -0.0127505 0.0156639 -0.0319294 0.0130242 0.999762 -0.017491 0.00930758 -0.0154372 0.0176915 0.999724 -0.999447
320 324 750 0.999784 -0.0129373 0.0162812 0.00957678 0.0130296 0.9999 -0.00557668 -0.00350563 -0.0162074 0.00578761 0.999852 -0.999948
325 326 1157 0.999998 8.3723e-05 0.00189745 0.00393816 -9.06962e-05 0.999993 0.0036752 0.00526214 -0.00189713 -0.00367537 0.999991 -0.999978
325 327 1048 0.999963 0.0062026 0.00596769 -0.0304723 -0.00619139 0.999979 -0.00189474 0.00788083 -0.00597932 0.00185772 0.99998 -0.999505
325 328 929 0.99997 0.00636372 0.00443303 -0.0209686 -0.00632208 0.999936 -0.0093453 0.0138575 -0.00449222 0.00931699 0.999947 -0.999684
325 329 797 0.999964 0.00653476 0.00533475 -0.00258424 -0.00644768 0.999848 -0.01618 0.0228674 -0.00543967 0.0161451 0.999855 -0.999735
330 331 1232 0.999989 0.00411699 0.00229892 -0.00418144 -0.00413929 0.999944 0.00978065 -0.00807639 -0.00225853 -0.00979006 0.99995 -0.999959
330 332 1071 0.999921 0.0124874 0.00141907 0.0161308 -0.0125148 0.999696 0.0212397 0.00292912 -0.00115341 -0.0212557 0.999773 -0.999866
330 333 949 0.999695 0.0238416 0.00639751 -0.015657 -0.0239929 0.999406 0.0247305 -0.00347653 -0.0058041 -0.0248765 0.999674 -0.999871
330 334 823 0.999733 0.0218374 0.00757907 -0.000901042 -0.0219861 0.999556 0.0201255 0.00229887 -0.00713622 -0.0202867 0.999769 -0.999997
335 336 1444 0.999993 -0.00363618 -2.40481e-06 0.0398064 0.00363615 0.999987 -0.0035741 0.0397342 1.54008e-05 0.00357406 0.999994 -0.998417
335 337 1196 0.999997 0.00155823 0.00160453 0.0235476 -0.00155821 0.999999 -1.41867e-05 0.021183 -0.00160455 1.16865e-05 0.999999 -0.999498
335 338 919 0.999998 0.00092291 0.00194393 0.00521454 -0.000934494 0.999982 0.00596675 0.0104929 -0.00193839 -0.00596855 0.99998 -0.999931
335 339 468 0.999984 -0.00523489 0.00228719 0.0105762 0.00521866 0.999962 0.00704537 0.00409293 -0.00232399 -0.00703332 0.999973 -0.999936
340 341 965 0.999978 -0.00661108 -0.000743799 0.0316618 0.00660818 0.999971 -0.00384202 0.0213477 0.000769177 0.00383702 0.999992 -0.999271
340 342 809 0.999988 -0.00472263 0.00112246 0.0120484 0.00472944 0.99997 -0.00614255 0.0188333 -0.00109342 0.00614778 0.999981 -0.99975
340 343 671 0.999893 -0.0144053 0.00254744 -0.00190347 0.0144168 0.999886 -0.00455662 0.00779029 -0.00248151 0.00459286 0.999986 -0.999968
340 344 493 0.99996 -0.00894629 0.000138221 0.0284303 0.00894663 0.999956 -0.00266927 0.0252224 -0.000114334 0.0026704 0.999996 -0.999278
345 346 788 0.999998 -0.00149484 0.00131013 0.012066 0.00149451 0.999999 0.000246718 0.00817169 -0.0013105 -0.000244759 0.999999 -0.999894
345 347 791 0.999995 0.000137226 0.00323607 0.00467157 -0.000104761 0.99995 -0.0100303 0.0149356 -0.00323728 0.0100299 0.999944 -0.999878
345 348 587 0.99999 -0.00180961 0.00417851 0.00299866 0.00189447 0.99979 -0.0203933 0.0509325 -0.00414072 0.020401 0.999783 -0.998698
345 349 497 0.999935 0.00964264 0.00603195 -0.00242296 -0.00951317 0.999731 -0.0211365 0.0319187 -0.00623414 0.0210778 0.999758 -0.999488
350 351 918 0.999998 0.00208619 0.000443518 -0.014781 -0.00208902 0.999977 0.00648713 -0.0319661 -0.000429974 -0.00648805 0.999979 -0.99938
350 352 615 0.999988 -0.00439397 -0.00209475 0.0120109 0.00441664 0.99993 0.0109418 0.018045 0.00204653 -0.0109509 0.999938 -0.999765
350 353 502 0.999998 7.59088e-05 -0.00192278 0.00614015 -4.91295e-05 0.999903 0.0139236 0.008251 0.00192366 -0.0139234 0.999901 -0.999947
350 354 486 0.99998 -0.00132457 -0.00618755 0.0221683 0.00144145 0.99982 0.0189239 0.0177393 0.00616137 -0.0189324 0.999802 -0.999597
355 356 562 0.999989 0.00172274 -0.00441704 -0.00411366 -0.00174384 0.999987 -0.00477771 -0.0221993 0.00440876 0.00478536 0.999979 -0.999745
355 357 767 0.999963 -0.00238149 -0.00825452 -0.0175122 0.00227689 0.999917 -0.0126581 -0.0047243 0.00828398 0.0126388 0.999886 -0.999835
355 358 643 0.999821 -0.0096652 -0.0162692 0.00914562 0.009363 0.999784 -0.0185495 0.0143707 0.0164449 0.0183938 0.999696 -0.999855
355 359 593 0.999606 -0.0147307 -0.023906 0.0199579 0.0142978 0.999732 -0.0181801 0.0313838 0.0241675 0.0178311 0.999549 -0.999308
360 361 652 0.999968 -0.00319773 -0.00739028 0.0247287 0.00325644 0.999963 0.00794613 0.0381631 0.0073646 -0.00796994 0.999941 -0.998965
360 362 660 0.999868 -0.00450778 -0.0156135 0.0281118 0.00471659 0.9999 0.0133627 0.0101944 0.0155517 -0.0134346 0.999789 -0.999553
360 363 736 0.999746 -0.00325721 -0.0222922 0.0181041 0.00354735 0.999909 0.012988 -0.00444908 0.0222479 -0.0130638 0.999667 -0.999826
