0 1 1389 0.999986 0.00374019 0.00373754 -0.0156761 -0.00374675 0.999991 0.00175062 0.0128129 -0.00373096 -0.0017646 0.999991 -0.999795
0 2 1143 0.999986 0.00254621 0.00466225 0.0512399 -0.00256253 0.999991 0.00349776 0.00857326 -0.0046533 -0.00350966 0.999983 -0.99865
0 3 919 0.999945 -0.00129858 0.0104385 -0.00949692 0.00122893 0.999977 0.0066756 -0.014631 -0.0104469 -0.0066624 0.999923 -0.999848
0 4 683 0.999891 0.000736186 0.0147495 0.0141081 -0.000822892 0.999982 0.00587337 -0.00662109 -0.0147449 -0.00588487 0.999874 -0.999879
5 6 1557 0.999981 -0.00363169 0.00505889 -0.0172129 0.00362281 0.999992 0.00176322 0.00161774 -0.00506525 -0.00174485 0.999986 -0.999851
5 7 1167 0.999949 -0.0051893 0.00866331 0.0201072 0.00517461 0.999985 0.00171655 0.0109895 -0.00867209 -0.00167163 0.999961 -0.999737
5 8 926 0.999877 -0.00656909 0.0142417 -0.00619065 0.0065407 0.999977 0.0020394 -0.0137057 -0.0142548 -0.001946 0.999897 -0.999887
5 9 708 0.99984 -0.00365773 0.0175129 0.00918196 0.00369221 0.999991 -0.00193682 -0.000587852 -0.0175057 0.00200117 0.999845 -0.999958
10 11 1390 0.999998 -0.00144136 0.00130611 0.0863752 0.00144112 0.999999 0.000184598 0.019146 -0.00130638 -0.000182715 0.999999 -0.996079
10 12 1203 0.999977 -0.00143987 0.00663728 -0.0104782 0.00143048 0.999998 0.00141821 0.00363116 -0.0066393 -0.00140868 0.999977 -0.999939
10 13 774 0.999987 0.000541556 0.00516311 0.0108768 -0.000543761 1 0.000425674 0.0205186 -0.00516288 -0.000428476 0.999987 -0.99973
10 14 623 0.999951 -0.00178393 0.00974598 -0.0170197 0.00177531 0.999998 0.000893551 0.016427 -0.00974756 -0.000876205 0.999952 -0.99972
15 16 1233 0.999998 -0.00206003 0.000571996 0.0555866 0.00205904 0.999996 0.00172007 0.0130565 -0.000575537 -0.00171889 0.999998 -0.998369
15 17 1002 0.999991 -0.00280081 0.00324653 -0.00222467 0.00278779 0.999988 0.0040095 0.0272002 -0.00325772 -0.00400041 0.999987 -0.999628
15 18 778 0.999944 -0.00862633 0.00618237 0.00141614 0.00857904 0.999934 0.00763541 0.000780163 -0.00624783 -0.00758194 0.999952 -0.999999
15 19 520 0.999932 -0.0106962 0.00465485 0.00551005 0.0106682 0.999925 0.00599864 0.00874414 -0.00471866 -0.00594857 0.999971 -0.999947
20 21 1354 0.999998 -0.001945 -9.43443e-06 0.00684464 0.00194498 0.999996 -0.00181906 0.0322838 1.29725e-05 0.00181903 0.999998 -0.999455
20 22 1096 0.999994 0.00176526 0.00298214 -0.0011616 -0.00176307 0.999998 -0.000738987 -0.00331976 -0.00298344 0.000733725 0.999995 -0.999994
20 23 709 0.99998 0.005697 0.00271087 0.0281443 -0.00569573 0.999984 -0.000478165 -0.0117578 -0.00271355 0.000462715 0.999996 -0.999535
20 24 523 0.999983 -0.00429034 0.00398448 -0.00209728 0.00429326 0.999991 -0.000724545 0.0234667 -0.00398134 0.000741639 0.999992 -0.999722
25 26 1202 1 -0.000740346 0.000278934 -0.00836873 0.000741271 0.999994 -0.00333257 0.0231982 -0.000276465 0.00333277 0.999994 -0.999696
25 27 922 0.999998 -0.00184183 -0.000934823 -0.00112469 0.00183452 0.999968 -0.0077642 0.0130639 0.000949094 0.00776247 0.999969 -0.999914
25 28 731 0.999994 -0.0021406 -0.00275399 0.010022 0.00211315 0.999948 -0.00993104 0.0253262 0.00277511 0.00992516 0.999947 -0.999629
25 29 563 0.99998 -0.00360086 -0.0052166 0.00794306 0.00354551 0.999938 -0.0105812 0.0180452 0.00525438 0.0105625 0.99993 -0.999806
30 31 1181 1 5.01849e-05 -0.000775895 0.0218019 -4.74082e-05 0.999994 0.00357839 0.021812 0.000776069 -0.00357835 0.999993 -0.999524
30 32 1041 0.999996 0.000959813 -0.00271986 0.0140264 -0.000937234 0.999965 0.00829094 -0.00864726 0.00272772 -0.00828835 0.999962 -0.999864
30 33 885 0.999972 0.0061939 -0.0042417 0.0359788 -0.00616249 0.999954 0.00737846 -0.0113234 0.0042872 -0.00735212 0.999964 -0.999288
30 34 673 0.999997 0.00073886 -0.0024054 -0.0100153 -0.000735312 0.999999 0.00147563 0.0173202 0.00240649 -0.00147386 0.999996 -0.9998
35 36 1276 0.999984 0.00556436 0.000231341 0.0100389 -0.00556476 0.999983 0.00176802 0.00921109 -0.000221499 -0.00176928 0.999998 -0.999907
35 37 1115 0.999962 0.00791279 0.00358761 -0.0325181 -0.00792799 0.99996 0.00424258 0.0245863 -0.0035539 -0.00427087 0.999985 -0.999169
35 38 900 0.999944 0.00890926 0.00569428 -0.0130754 -0.0089623 0.999916 0.00935746 -0.00964474 -0.00561043 -0.00940797 0.99994 -0.999868
35 39 619 0.999983 0.00415006 0.0041272 -0.00204595 -0.00418797 0.999949 0.00921937 0.0128686 -0.00408873 -0.0092365 0.999949 -0.999915
40 41 1267 0.999997 -0.00103039 0.00201609 -0.0181215 0.00103595 0.999996 -0.00276118 0.00476111 -0.00201323 0.00276326 0.999994 -0.999824
40 42 1090 0.999993 -0.003354 0.0017088 0.0132787 0.00336186 0.999984 -0.00461656 0.0218116 -0.00169329 0.00462227 0.999988 -0.999674
40 43 858 0.999977 -0.00646415 0.00198934 0.0191162 0.00647544 0.999963 -0.0057249 0.0106462 -0.00195226 0.00573765 0.999982 -0.999761
40 44 731 0.999984 0.00287382 0.0048825 -0.00137668 -0.00282406 0.999944 -0.0101682 0.0083328 -0.00491145 0.0101542 0.999936 -0.999964
45 46 1117 0.999998 0.00213304 0.000551647 0.000484674 -0.00213334 0.999998 0.000541644 0.00650476 -0.000550491 -0.00054282 1 -0.999979
45 47 1001 0.999993 0.00366928 0.000865966 0.00867092 -0.00367099 0.999991 0.00198875 -0.0010411 -0.000858661 -0.00199192 0.999998 -0.999962
45 48 772 0.999983 -0.00585328 -0.000503676 -0.00514808 0.00585541 0.999973 0.00434224 0.0205562 0.000478246 -0.00434512 0.99999 -0.999775
45 49 640 0.999988 -0.00490828 0.000345578 0.0109669 0.00490658 0.999977 0.00473533 0.00822428 -0.000368812 -0.00473358 0.999989 -0.999906
50 51 1174 0.999994 0.00272891 0.00190328 0.00908331 -0.00272581 0.999995 -0.00162953 0.0239734 -0.00190771 0.00162433 0.999997 -0.999671
50 52 1097 0.999993 -0.0028175 0.00236161 -0.00848162 0.0028092 0.99999 0.00350927 0.00172848 -0.00237147 -0.00350262 0.999991 -0.999963
50 53 855 0.999986 -0.00473965 0.00225407 0.00545887 0.0047232 0.999963 0.00724776 0.000420625 -0.00228834 -0.00723701 0.999971 -0.999985
50 54 644 0.999983 -0.00490965 0.00319757 0.00357438 0.00487801 0.99994 0.00982941 -0.00510002 -0.00324564 -0.00981364 0.999947 -0.999981
55 56 1393 0.999998 0.000194806 0.00205445 -0.050546 -0.000187782 0.999994 -0.00341855 0.0375868 -0.00205511 0.00341816 0.999992 -0.998014
55 57 1082 0.999989 0.00224859 0.003997 -0.0420559 -0.00223352 0.99999 -0.00377084 0.0283643 -0.00400544 0.00376188 0.999985 -0.998713
55 58 783 0.999989 0.00459422 8.11751e-05 -0.00182407 -0.00459402 0.999987 -0.00229191 0.00406615 -9.17036e-05 0.00229152 0.999997 -0.99999
55 59 623 0.999988 0.00481646 9.49079e-05 0.00409728 -0.00481625 0.999986 -0.00206528 0.0301024 -0.000104854 0.0020648 0.999998 -0.999538
60 61 1377 0.999994 0.00241107 0.00227826 -0.0379753 -0.00240316 0.999991 -0.00346594 0.0222286 -0.00228659 0.00346044 0.999991 -0.999031
60 62 1071 0.999973 0.00624867 0.00382113 -0.0131295 -0.00621124 0.999933 -0.00973014 0.0260089 -0.00388168 0.00970614 0.999945 -0.999575
60 63 787 0.999979 0.00602907 0.0025469 -0.00999728 -0.00600027 0.99992 -0.011171 0.00869682 -0.00261405 0.0111555 0.999934 -0.999912
60 64 656 0.999995 -0.00127792 0.00293046 0.00103702 0.00129964 0.999972 -0.0074204 0.0193872 -0.0029209 0.00742417 0.999968 -0.999812
65 66 902 0.999992 -0.00397928 0.000217694 0.00661085 0.00397822 0.999981 0.0046733 0.0270729 -0.000236286 -0.0046724 0.999989 -0.999612
65 67 1111 0.999978 -0.00635746 0.00163236 0.00684849 0.00634933 0.999968 0.00494004 -0.0080697 -0.00166371 -0.00492957 0.999986 -0.999944
65 68 902 0.999941 -0.0103824 0.0030838 0.00289802 0.0103781 0.999945 0.00141262 0.0168495 -0.00309829 -0.00138054 0.999994 -0.999854
65 69 771 0.999952 -0.00945892 0.00253586 0.0303981 0.00945504 0.999954 0.00154069 -0.00054943 -0.00255032 -0.00151664 0.999996 -0.999538
70 71 1054 0.99999 -0.00452079 -4.23897e-05 0.0233121 0.00452077 0.99999 -0.000438984 0.0320101 4.43738e-05 0.000438788 1 -0.999216
70 72 1165 0.999986 -0.00478309 0.00216675 -0.00180579 0.0047859 0.999988 -0.00129473 0.0226712 -0.00216053 0.00130508 0.999997 -0.999741
70 73 1083 0.999981 -0.00431254 0.00446361 -0.00168173 0.00431797 0.99999 -0.00120761 0.0103812 -0.00445835 0.00122686 0.999989 -0.999945
70 74 919 0.999975 -0.00369434 0.00598566 -0.00477761 0.00371268 0.999988 -0.00305651 0.0214987 -0.0059743 0.00307866 0.999977 -0.999757
75 76 1424 0.999998 -0.00187009 0.000802601 0.0810366 0.00187305 0.999991 -0.00370279 0.00962707 -0.00079567 0.00370429 0.999993 -0.996665
75 77 1362 0.999988 -0.00472225 0.00125262 0.0450574 0.00472957 0.999971 -0.0059134 0.0242625 -0.00122466 0.00591925 0.999982 -0.99869
75 78 1167 0.999964 -0.00846325 0.00071597 0.0522394 0.0084641 0.999963 -0.00118888 0.0176591 -0.000705883 0.0011949 0.999999 -0.998478
75 79 1017 0.999953 -0.00843486 0.00481814 0.0152873 0.0084093 0.999951 0.005302 0.0190066 -0.00486262 -0.00526123 0.999974 -0.999702
80 81 1766 0.999999 -0.000772404 0.000850154 0.0414404 0.000771268 0.999999 0.00133594 0.00906159 -0.000851185 -0.00133529 0.999999 -0.9991
80 82 1559 0.999992 -0.00379492 0.000806506 -0.0249678 0.00379606 0.999992 -0.00141774 -0.0105324 -0.000801119 0.00142079 0.999999 -0.999633
80 83 1304 0.999997 -0.00236499 -0.000265075 0.0411129 0.00236332 0.999978 -0.00612401 0.0380105 0.000279553 0.00612336 0.999981 -0.998431
80 84 1203 0.999999 0.0010421 -0.000433323 0.0754843 -0.00104233 0.999999 -0.000527386 0.0161916 0.000432773 0.000527837 1 -0.997016
85 86 1123 0.999991 0.00373442 -0.00187727 -0.0776052 -0.00372443 0.999979 0.00529393 -0.0352894 0.001897 -0.00528689 0.999984 -0.996359
85 87 1526 0.999984 0.00185006 -0.00539751 0.0106344 -0.00182 0.999983 0.00556905 0.0041601 0.00540772 -0.00555914 0.99997 -0.999935
85 88 1306 0.999938 -0.00338171 -0.0105663 0.0204079 0.00340791 0.999991 0.00246261 0.00697664 0.0105579 -0.00249847 0.999941 -0.999767
85 89 1144 0.999899 -0.00123375 -0.014138 0.0429967 0.00121845 0.999999 -0.00109085 0.00865576 0.0141393 0.00107351 0.999899 -0.999038
90 91 1113 0.999972 0.00443793 -0.00610357 -0.155885 -0.00445983 0.999984 -0.00358006 0.0429402 0.00608758 0.00360718 0.999975 -0.986841
90 92 1521 0.999985 0.0011078 -0.00543947 -0.250832 -0.00111877 0.999997 -0.0020141 -0.00418418 0.00543722 0.00202015 0.999983 -0.968022
90 93 1146 0.999415 -0.00432838 -0.0339243 -0.00364568 0.00418709 0.999982 -0.00423481 0.0324834 0.033942 0.00409029 0.999415 -0.999466
90 94 1067 0.998688 -0.0103872 -0.0501392 -0.013279 0.0102616 0.999944 -0.00276185 0.00897948 0.050165 0.00224372 0.998738 -0.999872
95 96 1533 0.99981 0.00413131 -0.0190703 -0.263727 -0.00410996 0.999991 0.00115851 -0.0437309 0.0190749 -0.00107991 0.999817 -0.963606
95 97 996 0.998325 0.00567261 -0.0575745 -0.0117747 -0.00583662 0.999979 -0.00268091 0.0223452 0.0575581 0.00301246 0.998338 -0.999681
95 98 1039 0.996319 0.00513652 -0.0855701 -0.0276156 -0.00548023 0.999978 -0.00378228 0.0135166 0.0855487 0.0042373 0.996325 -0.999527
95 99 764 0.992179 0.00396347 -0.124764 -0.00622778 -0.00467715 0.999974 -0.00542782 0.0193253 0.124739 0.00596891 0.992172 -0.999794
100 101 1237 0.999129 -0.000168039 -0.0417355 -0.17253 0.000292007 0.999996 0.00296425 -0.0849088 0.0417348 -0.00297386 0.999124 -0.981338
100 102 1035 0.995335 -0.00192291 -0.0964553 -0.0246032 0.00197001 0.999998 0.000393143 0.0297957 0.0964543 -0.000581327 0.995337 -0.999253
100 103 971 0.989002 -0.000838922 -0.147902 -0.0384352 0.0013163 0.999994 0.00312983 0.0220452 0.147898 -0.00329009 0.988997 -0.999018
100 104 780 0.978426 -0.000380159 -0.206599 0.002642 0.00108668 0.999994 0.00330628 0.0284131 0.206597 -0.00345946 0.97842 -0.999593
105 106 1239 0.997745 -0.00126252 -0.067112 -0.0275518 0.00140011 0.999997 0.00200318 -0.0332587 0.0671092 -0.00209263 0.997743 -0.999067
105 107 1146 0.991622 0.00282455 -0.129141 -0.0877774 -0.00255714 0.999994 0.00223642 0.0173017 0.129147 -0.00188745 0.991624 -0.99599
105 108 1006 0.980798 0.00255087 -0.19501 -0.0425946 -0.0026445 0.999996 -0.000219798 0.0470667 0.195009 0.000731284 0.980801 -0.997983
105 109 833 0.963149 0.00562022 -0.268909 0.0750462 -0.00365645 0.999963 0.00780302 -0.0297964 0.268943 -0.00653222 0.963134 -0.996735
110 111 1565 0.997728 0.000295478 -0.0673749 -0.0095641 -0.000362341 0.999999 -0.000980183 0.0201536 0.0673745 0.00100237 0.997727 -0.999751
110 112 1338 0.992503 0.00394997 -0.122157 -0.119549 -0.00397333 0.999992 5.23852e-05 0.0198519 0.122157 0.000433379 0.992511 -0.99263
110 113 1151 0.982262 0.0101895 -0.187238 -0.000717074 -0.00985423 0.999948 0.00272106 0.010402 0.187256 -0.000827704 0.982311 -0.999946
110 114 868 0.970479 0.0091226 -0.241013 0.0059889 -0.00819157 0.999955 0.00486462 -0.00342218 0.241047 -0.00274674 0.97051 -0.999976
115 116 1590 0.998439 -0.00117051 -0.0558364 0.0569347 0.00139809 0.999991 0.00403689 -0.0494943 0.0558312 -0.00410865 0.998432 -0.99715
115 117 1137 0.995159 0.00294335 -0.0982326 -0.0720033 -0.00287156 0.999995 0.000872243 0.0367971 0.0982347 -0.00058594 0.995163 -0.996725
115 118 871 0.990072 0.0195815 -0.139189 -0.0764845 -0.0196082 0.999807 0.00118019 0.0230151 0.139185 0.00156076 0.990265 -0.996805
115 119 868 0.983402 0.0274938 -0.179347 -0.0194687 -0.0273153 0.999621 0.00346521 -0.0136223 0.179374 0.00149122 0.98378 -0.999718
120 121 1621 0.999386 -0.00924007 -0.0338087 0.0592318 0.00945304 0.999936 0.00614464 -0.0228262 0.0337497 -0.00646046 0.999409 -0.997983
120 122 1145 0.997889 -0.0173438 -0.0625863 0.0178297 0.0178551 0.999812 0.00761856 0.0211593 0.0624423 -0.00871996 0.99801 -0.999617
120 123 876 0.995968 -0.0172316 -0.0880434 -0.00641146 0.0180158 0.999805 0.00812013 0.0364407 0.0878863 -0.00967356 0.996084 -0.999315
120 124 686 0.99376 -0.00937497 -0.111142 -0.00011595 0.0107724 0.99987 0.0119793 0.0191387 0.111015 -0.0131019 0.993732 -0.999817
125 126 1180 0.999829 0.00128817 -0.0184684 -0.0742401 -0.00117235 0.99998 0.00628033 -0.0101625 0.0184761 -0.00625761 0.99981 -0.997189
125 127 819 0.99927 -0.000657606 -0.0381885 0.0188898 0.000926571 0.999975 0.00702583 -0.00722325 0.0381829 -0.00705609 0.999246 -0.999795
125 128 627 0.998653 -0.0071277 -0.0513855 -0.0264673 0.00722602 0.999972 0.00172785 -0.00187211 0.0513718 -0.00209683 0.998677 -0.999648
125 129 732 0.997667 -0.00602557 -0.0680001 0.0100125 0.00592343 0.999981 -0.0017035 0.0153651 0.0680091 0.00129674 0.997684 -0.999832
130 131 1344 0.999902 0.00566602 -0.0127709 -0.0140865 -0.00565723 0.999984 0.000724118 -0.0211224 0.0127748 -0.000651799 0.999918 -0.999678
130 132 998 0.999748 0.00755767 -0.0211353 -0.0218016 -0.00754617 0.999971 0.000623798 0.0168345 0.0211394 -0.000464149 0.999776 -0.999621
130 133 976 0.999501 0.00555029 -0.0310897 0.0112701 -0.00554121 0.999985 0.000378431 0.0116639 0.0310913 -0.000205967 0.999517 -0.999868
130 134 864 0.99925 0.00983397 -0.0374455 0.0182223 -0.0097442 0.999949 0.00257893 -0.00520305 0.0374689 -0.00221212 0.999295 -0.99982
135 136 841 0.99998 -0.000114135 -0.00636018 -0.0283232 0.000112979 1 -0.000182121 0.0128344 0.0063602 0.000181399 0.99998 -0.999516
135 137 885 0.999946 0.00335859 -0.0097964 -0.0135436 -0.00335376 0.999994 0.00050876 -0.000731113 0.00979805 -0.000475878 0.999952 -0.999908
135 138 845 0.999896 0.00353036 -0.0139484 0.0150542 -0.00353399 0.999994 -0.000235886 0.0219293 0.0139475 0.000285155 0.999903 -0.999646
135 139 810 0.999879 0.00157354 -0.0155063 -0.0167673 -0.00156163 0.999998 0.000780017 0.0136948 0.0155075 -0.000755707 0.999879 -0.999766
140 141 910 0.999994 0.00352128 -0.00075496 -0.00594301 -0.00352116 0.999994 0.000165394 0.00357574 0.000755538 -0.000162735 1 -0.999976
140 142 975 0.999971 0.00760152 0.000132188 -0.00569378 -0.0076013 0.99997 -0.00154656 0.0324409 -0.00014394 0.00154551 0.999999 -0.999457
140 143 989 0.999934 0.0111188 0.00281164 -0.00920761 -0.0111261 0.999935 0.00260456 -0.0419915 -0.0027825 -0.00263567 0.999993 -0.999076
140 144 824 0.999915 0.0121001 0.00483022 0.0132554 -0.0121006 0.999927 7.66185e-05 0.00163915 -0.00482894 -0.00013506 0.999988 -0.999911
145 146 957 0.99999 0.00133397 0.00425763 -0.00899193 -0.00132657 0.999998 -0.00174144 0.015057 -0.00425994 0.00173578 0.999989 -0.999846
145 147 1075 0.999986 -0.00117779 0.0052271 0.0213804 0.00119796 0.999992 -0.00385877 0.0171681 -0.00522251 0.00386498 0.999979 -0.999624
145 148 846 0.999929 0.000864614 0.0119041 0.0209316 -0.000779336 0.999974 -0.00716654 0.023795 -0.01191 0.00715675 0.999903 -0.999498
145 149 748 0.999864 -0.00162957 0.0164206 0.013015 0.00172726 0.999981 -0.00593726 0.00219856 -0.0164106 0.00596482 0.999848 -0.999913
150 151 930 0.999997 -0.00228161 0.000611722 0.117598 0.00227888 0.999988 0.00441954 0.00302384 -0.000621798 -0.00441813 0.99999 -0.993057
150 152 1047 0.999953 -0.00888283 0.00378818 0.0170862 0.00884719 0.999917 0.00932521 0.00326583 -0.0038707 -0.00929126 0.999949 -0.999849
150 153 851 0.999921 -0.0115484 0.0049555 -0.00498293 0.0114924 0.999871 0.011187 0.00864948 -0.00508405 -0.0111291 0.999925 -0.99995
150 154 647 0.999898 -0.0140259 0.00276652 0.029966 0.0139922 0.999832 0.0118291 -0.00145045 -0.00293197 -0.0117892 0.999926 -0.99955
155 156 1410 1 0.00035007 -2.73845e-05 -0.0203337 -0.000350112 0.999999 -0.00151911 0.0320509 2.68527e-05 0.00151912 0.999999 -0.999279
155 157 1353 0.999997 -0.00234968 0.000269254 -0.00268486 0.0023502 0.999995 -0.00195092 0.0145353 -0.000264669 0.00195154 0.999998 -0.999891
155 158 1009 0.999997 -0.00191227 0.00159926 -0.00545388 0.00191555 0.999996 -0.00205496 0.0126016 -0.00159532 0.00205802 0.999997 -0.999906
155 159 832 1 -0.000568392 0.000289126 0.00868576 0.00056838 1 4.18316e-05 -0.00301361 -0.000289149 -4.16672e-05 1 -0.999958
160 161 1993 0.999959 -0.00569242 -0.00699866 0.133231 0.00568459 0.999983 -0.00113849 0.0302957 0.00700503 0.00109866 0.999975 -0.990622
160 162 1405 0.999958 -0.00544337 -0.00734396 0.0233356 0.00543452 0.999984 -0.0012237 -0.000953399 0.00735051 0.00118374 0.999972 -0.999727
160 163 963 0.999856 -0.0123557 -0.0116306 -0.00385567 0.0122875 0.999907 -0.00591731 0.0400533 0.0117026 0.00577354 0.999915 -0.99919
160 164 706 0.999798 -0.00956072 -0.0176575 0.0187704 0.00944322 0.999933 -0.00672597 0.0189667 0.0177207 0.00655787 0.999821 -0.999644
165 166 1300 0.999966 0.000950691 -0.00821224 -0.00209324 -0.000939819 0.999999 0.00132767 0.00334061 0.00821349 -0.00131991 0.999965 -0.999992
165 167 963 0.999834 0.00135248 -0.0181801 -0.0132349 -0.00133113 0.999998 0.00118586 0.0116037 0.0181817 -0.00116147 0.999834 -0.999845
165 168 776 0.999502 -0.000383736 -0.0315412 0.0519816 0.000427339 0.999999 0.00137568 0.00511064 0.0315406 -0.00138848 0.999502 -0.998635
165 169 623 0.999129 0.00047401 -0.0417178 0.0324521 -0.000471043 1 8.09569e-05 0.0144941 0.0417179 -6.12355e-05 0.999129 -0.999368
170 171 1038 0.999924 0.00117694 -0.0122581 0.0193778 -0.00117768 0.999999 -5.33228e-05 0.0265302 0.012258 6.77549e-05 0.999925 -0.99946
170 172 943 0.999715 0.000168271 -0.0238847 0.0338202 -0.000158453 1 0.000412934 0.0230842 0.0238848 -0.000409032 0.999715 -0.999161
170 173 738 0.999485 0.000921089 -0.0320775 0.0205151 -0.000838975 0.999996 0.00257323 0.00218847 0.0320798 -0.00254499 0.999482 -0.999787
170 174 626 0.998931 0.00313481 -0.0461231 0.0450101 -0.00288264 0.999981 0.00553286 -0.00545893 0.0461396 -0.00539398 0.99892 -0.998972
175 176 938 0.999941 0.000169478 -0.0108657 0.0484237 -0.000152101 0.999999 0.00160007 -0.0127273 0.010866 -0.00159832 0.99994 -0.998746
175 177 911 0.999817 0.000791356 -0.0191157 -0.00143868 -0.000773714 0.999999 0.000930287 0.00202234 0.0191164 -0.000915327 0.999817 -0.999997
175 178 792 0.999592 0.0107359 -0.026487 0.00355142 -0.0106538 0.999938 0.00323986 -0.0268531 0.0265202 -0.00295635 0.999644 -0.999633
175 179 675 0.999261 0.00782179 -0.0376297 0.0349272 -0.00775154 0.999968 0.00201241 -0.014968 0.0376443 -0.00171924 0.99929 -0.999278
180 181 1127 0.999976 0.00459688 -0.00515429 0.0501677 -0.00460547 0.999988 -0.0016569 -0.00721195 0.00514661 0.0016806 0.999985 -0.998715
180 182 1146 0.999937 0.00735455 -0.00849468 0.0256481 -0.007378 0.999969 -0.0027325 5.33597e-05 0.00847432 0.002795 0.99996 -0.999671
180 183 872 0.999952 0.00456926 -0.00869093 0.00153443 -0.00460182 0.999982 -0.00373056 0.00854946 0.00867373 0.00377038 0.999955 -0.999962
180 184 732 0.999924 0.00877021 -0.0086266 -0.00743977 -0.0087909 0.999959 -0.00236436 -0.00257228 0.0086055 0.00244001 0.99996 -0.999969
185 186 1124 0.999995 -8.82271e-05 0.00326543 0.0054831 8.22714e-05 0.999998 0.00182393 0.0172421 -0.00326559 -0.00182366 0.999993 -0.999836
185 187 1247 0.999969 0.00231944 0.00748807 0.0182555 -0.00234721 0.99999 0.00370183 -0.00609111 -0.00747941 -0.00371929 0.999965 -0.999815
185 188 1120 0.999894 -0.00467438 0.0137674 0.033301 0.00464807 0.999987 0.00194267 0.0309693 -0.0137763 -0.00187847 0.999903 -0.998965
185 189 902 0.999634 -0.00353692 0.0268383 -0.00927637 0.00351049 0.999993 0.00103205 0.0455055 -0.0268417 -0.00093746 0.999639 -0.998921
190 191 1257 0.999849 -0.000458101 0.0173492 0.035255 0.000454259 1 0.000225436 0.0480881 -0.0173493 -0.000217521 0.999849 -0.998221
190 192 1292 0.999263 0.000723612 0.0383666 0.0275544 -0.000883443 0.999991 0.00414911 -0.000621767 -0.0383632 -0.00417995 0.999255 -0.99962
190 193 1242 0.998072 -0.00673021 0.0617087 0.0170188 0.0063573 0.99996 0.00623738 0.0312427 -0.0617482 -0.00583305 0.998075 -0.999367
190 194 996 0.995988 -0.0042371 0.0893882 0.0160488 0.0035153 0.99996 0.00823075 0.0248219 -0.0894195 -0.0078835 0.995963 -0.999563
195 196 1315 0.999211 -0.00013343 0.0397117 -0.0191512 0.000256283 0.999995 -0.00308854 0.0428222 -0.0397111 0.00309628 0.999206 -0.998899
195 197 1133 0.996681 0.00132539 0.0813935 0.0108628 -0.000877232 0.999984 -0.00554157 0.0105423 -0.0813995 0.00545177 0.996667 -0.999885
195 198 934 0.992283 -0.00149132 0.123987 0.0183682 0.00287775 0.999935 -0.0110038 0.0230474 -0.123962 0.0112756 0.992223 -0.999566
195 199 626 0.986057 -0.00835541 0.1662 0.0326463 0.0112073 0.999805 -0.016229 0.0367832 -0.166032 0.0178654 0.985959 -0.99879
200 201 1198 0.998331 0.000314672 0.0577516 0.0135894 -0.00031675 1 2.68345e-05 0.00669714 -0.0577516 -4.50825e-05 0.998331 -0.999885
200 202 712 0.992984 0.00282365 0.118216 0.045759 -0.00298259 0.999995 0.00116761 0.0144153 -0.118212 -0.00151201 0.992987 -0.998848
200 203 355 0.984386 0.00351445 0.175986 0.059926 -0.00450404 0.999976 0.00522396 0.00483499 -0.175963 -0.00593505 0.984379 -0.998191
200 204 198 0.966824 0.00797721 0.255318 -0.0746981 -0.0119573 0.99983 0.0140404 -0.0215013 -0.255163 -0.0166276 0.966755 -0.996974
205 206 907 0.99755 -0.000754513 0.0699478 0.0739806 0.000652526 0.999999 0.00148088 0.0180129 -0.0699488 -0.00143161 0.99755 -0.997097
205 207 561 0.990625 0.000633341 0.13661 0.0624159 -0.000991195 0.999996 0.00255152 0.0168844 -0.136608 -0.002663 0.990622 -0.997907
205 208 308 0.980045 0.00643809 0.198671 0.0622223 -0.00634669 0.999979 -0.00109687 0.0325237 -0.198674 -0.00018592 0.980066 -0.997532
205 209 311 0.962801 0.00271068 0.2702 -0.00965977 -0.00167496 0.99999 -0.00406366 0.0215816 -0.270208 0.00345993 0.962796 -0.99972
210 211 870 0.997973 -0.00100266 0.0636376 0.14077 0.00137466 0.999982 -0.00580211 0.00858807 -0.0636307 0.00587783 0.997956 -0.990005
210 212 715 0.991968 0.00117052 0.126483 0.0581558 0.000525704 0.99991 -0.0133765 0.0294309 -0.126487 0.0133356 0.991879 -0.997874
210 213 657 0.983159 -0.00529075 0.182674 0.0247132 0.008305 0.999842 -0.0157397 0.0067981 -0.182561 0.0169917 0.983048 -0.999671
210 214 615 0.97252 -0.00431817 0.232779 -0.0129284 0.00891709 0.999785 -0.0187079 0.0204263 -0.232648 0.0202695 0.97235 -0.999708
215 216 763 0.999352 -0.00817476 0.0350526 0.190971 0.00811226 0.999965 0.00192489 0.0212487 -0.0350671 -0.00163929 0.999384 -0.981366
215 217 865 0.997625 -0.00620112 0.0685997 0.0397345 0.00599491 0.999977 0.00321146 0.000508637 -0.0686181 -0.00279259 0.997639 -0.99921
215 218 743 0.995747 0.00171081 0.0921154 0.0508038 -0.00200217 0.999993 0.00307063 -0.000766326 -0.0921095 -0.003242 0.995744 -0.998708
215 219 810 0.99409 0.00571694 0.108409 0.00560613 -0.00609576 0.999976 0.00316332 -0.00504396 -0.108389 -0.00380546 0.994101 -0.999972
220 221 726 0.999898 -0.00849993 0.0115019 -0.163999 0.00847887 0.999962 0.00187841 -0.0656292 -0.0115175 -0.00178069 0.999932 -0.984275
220 222 912 0.999804 -0.0130221 0.0149385 0.0776776 0.0129952 0.999914 0.00189339 -0.00293607 -0.0149618 -0.00169889 0.999887 -0.996974
220 223 893 0.999641 -0.018945 0.0189273 0.0355783 0.0188504 0.999809 0.00516453 0.00446449 -0.0190215 -0.00480589 0.999808 -0.999357
220 224 1156 0.999675 -0.0177304 0.0183383 0.0446752 0.0175559 0.999799 0.00963394 -0.0263237 -0.0185055 -0.00930885 0.999785 -0.998655
225 226 723 0.999973 0.00515089 -0.00518868 0.0805679 -0.00511335 0.999961 0.00722336 -0.0215538 0.00522568 -0.00719664 0.99996 -0.996516
225 227 836 0.999962 0.00313666 -0.00809087 -0.0469471 -0.00305325 0.999942 0.0103005 0.00129822 0.00812271 -0.0102754 0.999914 -0.998897
225 228 839 0.999904 -0.00303889 -0.013494 0.00409408 0.00316954 0.999948 0.00967136 0.00618164 0.0134639 -0.0097132 0.999862 -0.999973
225 229 853 0.999821 -0.00563305 -0.0180513 0.00824541 0.00573681 0.999967 0.00570108 0.00379447 0.0180186 -0.00580361 0.999821 -0.999959
230 231 707 0.999985 0.00437536 -0.00317566 -0.0144743 -0.004391 0.999978 -0.00493399 -0.00454834 0.003154 0.00494786 0.999983 -0.999885
230 232 1025 0.999965 0.00267549 -0.00798063 -0.00763361 -0.0027427 0.999961 -0.00842245 -0.0174861 0.00795779 0.00844404 0.999933 -0.999818
230 233 954 0.999923 0.00851682 -0.00900684 -0.0459426 -0.00861501 0.999903 -0.0109198 0.000971655 0.00891296 0.0109965 0.9999 -0.998944
230 234 843 0.999854 0.0133061 -0.0107534 0.0109424 -0.0133931 0.999878 -0.00806007 0.00518875 0.0106448 0.00820291 0.99991 -0.999927
235 236 621 1 -8.37495e-05 -0.000252078 0.0607569 8.55283e-05 0.999975 0.00706502 -0.00855355 0.00025148 -0.00706504 0.999975 -0.998116
235 237 800 0.999987 -0.0039099 0.0033582 -0.000890791 0.0038743 0.999937 0.0105432 -0.0099339 -0.00339921 -0.01053 0.999939 -0.99995
235 238 758 0.999986 -0.0015619 0.00496215 0.0456173 0.00153799 0.999987 0.00481963 0.0180386 -0.00496962 -0.00481193 0.999976 -0.998796
235 239 732 0.99998 -0.000614375 0.00635052 0.0166555 0.000632018 0.999996 -0.00277661 0.0151287 -0.00634879 0.00278057 0.999976 -0.999747
240 241 572 0.999996 -0.00210612 0.0017153 0.0012268 0.0021052 0.999998 0.000541663 0.0150632 -0.00171644 -0.00053805 0.999998 -0.999886
240 242 855 0.999976 -0.003748 0.00587682 -0.0189594 0.00371316 0.999976 0.00592774 0.000646806 -0.00589889 -0.00590577 0.999965 -0.99982
240 243 713 0.999932 -0.00849052 0.00803127 -0.00176156 0.00841931 0.999925 0.00885909 0.0275817 -0.00810589 -0.00879087 0.999929 -0.999618
240 244 767 0.999898 -0.00609465 0.0129138 -0.0231326 0.00590584 0.999876 0.0146086 -0.00927058 -0.0130012 -0.0145308 0.99981 -0.999689
245 246 706 0.999992 0.00279385 0.00293084 0.0191461 -0.0027892 0.999995 -0.00158635 0.0103912 -0.00293525 0.00157816 0.999994 -0.999763
245 247 846 0.999981 0.00430749 0.00438545 0.0235185 -0.00428567 0.999978 -0.00497296 0.0151141 -0.00440678 0.00495407 0.999978 -0.999609
245 248 778 0.999927 0.00971652 0.00724304 -0.00926766 -0.00966542 0.999928 -0.0070574 0.00682929 -0.00731109 0.00698688 0.999949 -0.999934
245 249 686 0.99988 0.0142526 0.00604822 0.000544655 -0.0142022 0.999865 -0.00829765 0.00931034 -0.00616567 0.00821076 0.999947 -0.999957
250 251 657 0.999996 -0.00267662 -0.000319923 0.0173325 0.00267762 0.999991 0.00315467 -0.0340006 0.000311477 -0.00315551 0.999995 -0.999272
250 252 717 0.999972 -0.00748627 -0.00058135 -0.0162289 0.00748839 0.999965 0.00373189 0.0308679 0.000553391 -0.00373614 0.999993 -0.999392
250 253 761 0.999807 -0.0196485 -0.000600275 -0.0106742 0.0196518 0.999789 0.00605726 0.0107421 0.000481131 -0.00606789 0.999981 -0.999885
250 254 669 0.999606 -0.0276921 -0.00465693 0.00696527 0.0277157 0.999603 0.00506759 0.0126988 0.00451475 -0.00519466 0.999976 -0.999895
255 256 656 0.999995 -0.00122565 -0.00277876 -0.00152261 0.00122976 0.999998 0.00147819 -0.0191919 0.00277694 -0.0014816 0.999995 -0.999815
255 257 718 0.999987 0.000939697 -0.00505252 0.0201177 -0.000924148 0.999995 0.00307896 0.00781577 0.00505539 -0.00307425 0.999982 -0.999767
255 258 673 0.999964 0.00532177 -0.00663799 0.00438832 -0.00531039 0.999984 0.00172989 0.00986687 0.00664709 -0.00169458 0.999976 -0.999942
255 259 613 0.999855 0.0162702 -0.00510636 -0.0190954 -0.0162509 0.999861 0.0037946 0.00593205 0.00516739 -0.00371106 0.99998 -0.9998
260 261 542 1 -0.000799394 -6.04241e-05 0.00542396 0.000799251 0.999997 -0.00234181 -0.00737322 6.22959e-05 0.00234176 0.999997 -0.999958
260 262 683 0.999991 -0.00364748 -0.00224324 -0.00383799 0.00363089 0.999966 -0.00735286 -0.00583249 0.00226998 0.00734465 0.99997 -0.999976
260 263 558 0.999911 -0.0125576 -0.00448679 0.0282384 0.0124943 0.999826 -0.0138567 0.027799 0.00466002 0.0137994 0.999894 -0.999215
260 264 534 0.999958 -0.00766381 -0.00497552 0.0177926 0.00762514 0.999941 -0.00774588 0.0245904 0.00503459 0.00770762 0.999958 -0.999539
265 266 570 0.99997 0.0071852 0.00283292 -0.077432 -0.00720918 0.999937 0.00854872 -0.0132925 -0.00277132 -0.00856889 0.999959 -0.996909
265 267 626 0.999981 0.00599524 0.00126711 -0.00530227 -0.00599438 0.999982 -0.000677077 0.0175647 -0.00127114 0.000669469 0.999999 -0.999832
265 268 539 0.999966 0.00700907 0.00440254 -0.010788 -0.00691313 0.999746 -0.0214436 0.030129 -0.00455173 0.0214124 0.99976 -0.999488
265 269 441 0.999942 0.00902281 0.0058656 -0.024182 -0.00881489 0.999364 -0.0345559 0.0362363 -0.00617366 0.0345022 0.999386 -0.999051
270 271 564 0.999984 -0.0053959 0.00187292 0.0129558 0.00536689 0.999871 0.0151643 0.0164785 -0.0019545 -0.015154 0.999883 -0.99978
270 272 559 0.999992 -0.00199207 0.00337251 0.00402019 0.00190926 0.999701 0.024383 -0.0142545 -0.00342008 -0.0243764 0.999697 -0.99989
270 273 457 0.999988 0.000897307 0.00471611 0.00492929 -0.00100742 0.999726 0.0233979 0.0125632 -0.00469382 -0.0234024 0.999715 -0.999909
270 274 420 0.999944 0.00371249 0.00994794 -0.0214706 -0.00396415 0.99967 0.0253983 -0.00575362 -0.00985036 -0.0254363 0.999628 -0.999753
275 276 754 0.999992 -0.00135564 0.00382266 0.0215012 0.00134552 0.999996 0.00264883 -0.00436396 -0.00382624 -0.00264367 0.999989 -0.999759
275 277 640 0.999965 -0.00512423 0.00654009 0.0251902 0.00511081 0.999985 0.00206801 0.00939635 -0.00655059 -0.00203452 0.999976 -0.999639
275 278 552 0.999898 -0.010571 0.00962897 0.00572013 0.0105495 0.999942 0.00228755 0.0134285 -0.00965259 -0.00218574 0.999951 -0.999893
275 279 488 0.999828 -0.0148153 0.0111935 0.0185357 0.0148131 0.99989 0.000277939 0.0167033 -0.0111964 -0.000112081 0.999937 -0.999689
280 281 931 0.999996 0.00186774 0.0019069 -0.013632 -0.00186771 0.999998 -1.60241e-05 0.0203771 -0.00190693 1.24625e-05 0.999998 -0.999699
280 282 879 0.999987 0.00235361 0.00460611 -0.0253171 -0.00237126 0.99999 0.00382908 -6.37596e-05 -0.00459705 -0.00383995 0.999982 -0.999679
280 283 789 0.999913 0.0104629 0.00806709 0.00932931 -0.0105126 0.999926 0.00614883 0.0180444 -0.00800216 -0.0062331 0.999949 -0.999794
280 284 635 0.999757 0.0115634 0.0187612 -0.0523056 -0.0117035 0.999904 0.00737348 0.0179357 -0.0186742 -0.00759126 0.999797 -0.99847
285 286 1228 0.999941 -1.80667e-05 0.0108839 -0.120369 7.55293e-05 0.999986 -0.00527918 -0.0529573 -0.0108837 0.00527969 0.999927 -0.991316
285 287 895 0.999946 0.0023536 0.0101507 0.0175955 -0.00216982 0.999834 -0.018078 0.0291622 -0.0101916 0.0180549 0.999785 -0.99942
285 288 692 0.99992 -0.00533012 0.0114539 0.0309387 0.00556606 0.999771 -0.0206669 0.0246277 -0.0113411 0.020729 0.999721 -0.999218
285 289 573 0.999816 -0.004968 0.0185432 0.0105523 0.00524308 0.999876 -0.0148155 0.0201493 -0.0184673 0.01491 0.999718 -0.999741
290 291 981 0.999979 0.00415702 0.004877 0.104524 -0.00418129 0.999979 0.0049767 0.00644866 -0.0048562 -0.00499699 0.999976 -0.994501
290 292 801 0.999908 0.00429751 0.0128921 -0.00589995 -0.0043535 0.999981 0.00431829 0.00711429 -0.0128733 -0.00437401 0.999908 -0.999957
290 293 614 0.999776 -0.00205069 0.0210819 0.00222861 0.00200631 0.999996 0.00212642 0.00609925 -0.0210861 -0.00208365 0.999775 -0.999979
290 294 466 0.999569 -0.00904006 0.0279296 0.00671229 0.00893596 0.999953 0.00384963 0.00213203 -0.0279631 -0.00359839 0.999602 -0.999975
295 296 766 0.999982 0.0015662 0.00574396 0.0395322 -0.00158101 0.999995 0.00257553 0.00683897 -0.0057399 -0.00258457 0.99998 -0.999195
295 297 727 0.999872 -0.001188 0.015929 0.0162515 0.00118181 0.999999 0.000397971 0.00198334 -0.0159295 -0.000379096 0.999873 -0.999866
295 298 562 0.999694 -0.00489156 0.0242561 -0.00942035 0.00500644 0.999977 -0.00467752 1.66898e-05 -0.0242327 0.00479752 0.999695 -0.999956
295 299 412 0.999451 -0.00869748 0.0319696 0.0187726 0.00910465 0.999879 -0.0126126 0.0229346 -0.031856 0.0128967 0.999409 -0.999561
300 301 700 0.999973 0.00066119 0.00737267 -0.0083915 -0.00065101 0.999999 -0.00138309 -0.00439842 -0.00737358 0.00137825 0.999972 -0.999955
300 302 646 0.99995 -0.00498134 0.00870346 0.0421166 0.00498295 0.999988 -0.000163156 0.035252 -0.00870254 0.000206516 0.999962 -0.998491
300 303 551 0.999814 -0.0038712 0.0188916 -0.0587444 0.00375159 0.999973 0.00636267 -0.000803334 -0.0189158 -0.00629061 0.999801 -0.998273
300 304 405 0.999749 -0.0140674 0.0174234 0.0158883 0.0138289 0.99981 0.0137295 0.00503315 -0.0176132 -0.0134851 0.999754 -0.999861
305 306 742 0.999994 0.00056273 0.00340409 -0.0210256 -0.000541328 0.99998 -0.00628453 0.00863894 -0.00340756 0.00628265 0.999974 -0.999742
305 307 692 0.999975 -0.00453784 0.00549973 0.0198275 0.00462586 0.99986 -0.0160974 0.0132562 -0.00542591 0.0161225 0.999855 -0.999716
305 308 544 0.999928 -0.00690776 0.00979558 -0.00704318 0.00713164 0.99971 -0.0230076 0.019579 -0.0096338 0.0230759 0.999687 -0.999784
305 309 484 0.999855 -0.00638019 0.015768 -0.0257888 0.006704 0.999766 -0.0205687 0.0376634 -0.0156331 0.0206714 0.999664 -0.998958
310 311 770 0.999975 0.000514629 0.00710632 0.0101559 -0.0005485 0.999988 0.00476529 0.0148067 -0.00710379 -0.00476906 0.999963 -0.999839
310 312 737 0.999901 -0.00202361 0.0139037 0.000965099 0.00194282 0.999981 0.0058216 -0.0129228 -0.0139152 -0.00579402 0.999886 -0.999916
310 313 567 0.999768 0.00352694 0.0212583 0.0381064 -0.00350241 0.999993 -0.00119066 -0.0045294 -0.0212624 0.00111592 0.999773 -0.999263
310 314 433 0.999635 0.00201315 0.0269266 0.014395 -0.00186023 0.999982 -0.00570288 0.0168615 -0.0269376 0.00565071 0.999621 -0.999754
315 316 904 0.999969 0.00391545 0.0068547 -0.0128055 -0.00392121 0.999992 0.00082781 0.0100725 -0.00685141 -0.000854663 0.999976 -0.999867
315 317 764 0.999918 0.00674385 0.0108835 0.0397395 -0.00681587 0.999955 0.00659319 0.0179574 -0.0108385 -0.00666683 0.999919 -0.999049
315 318 664 0.999626 0.0184474 0.020208 -0.0132242 -0.0187857 0.999684 0.0166791 0.000798393 -0.019894 -0.0170525 0.999657 -0.999912
315 319 589 0.999326 0.0239216 0.0278383 -0.02743 -0.0244972 0.999489 0.0205225 0.0045217 -0.0273331 -0.0211907 0.999402 -0.999614
320 321 914 0.999935 -0.010311 0.00477592 0.00650028 0.0103757 0.999852 -0.0137209 0.0353525 -0.00463374 0.0137696 0.999894 -0.999354
320 322 754 0.999835 -0.0152599 0.00984583 0.0297285 0.015461 0.999666 -0.0206866 0.0257699 -0.00952687 0.0208354 0.999738 -0.999226
320 323 609 0.99979 -0.0159288 0.0128689 0.0171632 0.0161615 0.999704 -0.0181873 0.027936 -0.0125754 0.0183915 0.999752 -0.999462
320 324 482 0.999739 -0.0190456 0.0125998 0.0335776 0.0191454 0.999786 -0.00785078 0.0209173 -0.0124476 0.00808996 0.99989 -0.999217
325 326 929 0.999991 0.00227131 0.00352473 -0.036265 -0.00228359 0.999991 0.0034842 -0.000704121 -0.00351678 -0.00349222 0.999988 -0.999342
325 327 798 0.999944 0.00963944 0.00437624 0.00236636 -0.00963439 0.999953 -0.00117372 0.0145939 -0.00438735 0.00113149 0.99999 -0.999891
325 328 647 0.999975 0.00537222 0.00470129 -0.00817664 -0.0053267 0.999939 -0.00964271 0.0186615 -0.00475281 0.00961742 0.999942 -0.999792
325 329 491 0.999984 0.00483185 0.0030887 0.0112565 -0.00477936 0.999848 -0.016781 0.031155 -0.00316931 0.016766 0.999854 -0.999451
330 331 1091 0.999994 0.00178913 0.00296397 -0.0302277 -0.00182136 0.999939 0.0109085 -0.0180519 -0.00294428 -0.0109138 0.999936 -0.99938
330 332 883 0.999931 0.0104286 0.00532704 -0.0173417 -0.0105423 0.999707 0.021794 -0.004441 -0.0050982 -0.0218487 0.999748 -0.99984
330 333 636 0.999705 0.0233297 0.00677889 -0.0245067 -0.0234881 0.999428 0.02432 -0.00189055 -0.00620764 -0.024472 0.999681 -0.999698
330 334 543 0.999732 0.0214046 0.00879776 -0.0190941 -0.0215734 0.999576 0.0195619 0.00723466 -0.00837531 -0.0197464 0.99977 -0.999792
335 336 1021 0.999998 -0.00153588 0.000871273 0.00932362 0.00153893 0.999993 -0.00350596 0.028585 -0.000865882 0.00350729 0.999993 -0.999548
335 337 763 0.999998 -0.00115737 0.00166238 0.013274 0.00115777 0.999999 -0.000240184 0.0177815 -0.0016621 0.000242108 0.999999 -0.999754
335 338 591 0.999997 -0.00222985 0.00122499 0.00438686 0.00222411 0.999987 0.00466264 0.0198127 -0.00123537 -0.0046599 0.999988 -0.999794
335 339 429 0.999972 -0.00743821 0.00104344 0.00593817 0.00743183 0.999954 0.00599074 0.0118425 -0.00108796 -0.00598282 0.999982 -0.999912
340 341 773 0.999994 -0.00350589 0.000199332 0.0216697 0.00350652 0.999989 -0.00325927 0.0198459 -0.000187903 0.00325995 0.999995 -0.999568
340 342 597 0.999965 -0.00811138 0.00183482 0.0139315 0.00812208 0.99995 -0.00590146 0.0125932 -0.00178686 0.00591616 0.999981 -0.999824
340 343 456 0.999956 -0.00926752 0.00143605 0.0138758 0.00927492 0.999943 -0.00523712 0.014428 -0.00138744 0.00525021 0.999985 -0.9998
340 344 354 0.999985 -0.00514156 0.00191839 0.00912609 0.00514602 0.999984 -0.00232675 0.0199389 -0.0019064 0.00233659 0.999995 -0.99976
345 346 618 0.999999 -0.00116574 0.00108684 0.0234108 0.001165 0.999999 0.000682849 -0.0114845 -0.00108764 -0.000681582 0.999999 -0.99966
345 347 644 0.999991 -0.00275229 0.00330788 -0.00189553 0.00278148 0.999957 -0.00885173 -0.000353979 -0.00328337 0.00886085 0.999955 -0.999998
345 348 490 0.999966 0.00510119 0.00645109 -0.00900975 -0.00497857 0.999809 -0.0188823 0.0265463 -0.00654619 0.0188496 0.999801 -0.999607
345 349 370 0.999981 0.00458379 0.00415825 0.0182053 -0.00449687 0.999776 -0.0206771 0.0297112 -0.0042521 0.020658 0.999778 -0.999393
350 351 672 1 0.000656858 -0.000253205 0.0110225 -0.000655583 0.999987 0.00500212 -0.0119888 0.000256488 -0.00500196 0.999987 -0.999867
350 352 498 0.999997 -0.00160029 -0.0019467 0.015577 0.0016211 0.999941 0.0107346 0.00788973 0.00192941 -0.0107378 0.99994 -0.999848
350 353 401 0.999996 0.00144734 -0.00242522 0.0168106 -0.00141102 0.999888 0.0149091 0.000505285 0.00244653 -0.0149056 0.999886 -0.999859
350 354 400 0.999979 0.00418267 -0.0049363 0.018984 -0.00408445 0.999797 0.0197425 -0.00571636 0.00501787 -0.0197219 0.999793 -0.999803
355 356 474 0.999979 -0.00223419 -0.00602302 0.0331315 0.00220292 0.999984 -0.00519327 0.0215736 0.00603452 0.00517989 0.999968 -0.999218
355 357 556 0.999914 -0.00684569 -0.0112073 -0.00885186 0.00668763 0.999879 -0.0140803 0.0177274 0.0113023 0.0140041 0.999838 -0.999804
355 358 595 0.999836 -0.00636844 -0.016947 0.0330194 0.00608711 0.999844 -0.0166011 -0.000751391 0.01705 0.0164952 0.999719 -0.999454
355 359 468 0.999646 -0.0125659 -0.0234376 0.0288149 0.0121527 0.99977 -0.0176864 0.0334172 0.0236544 0.0173953 0.999569 -0.999026
360 361 554 0.999968 -0.00148567 -0.00789093 0.0345595 0.00155085 0.999965 0.0082606 0.0300092 0.00787838 -0.00827257 0.999935 -0.998952
360 362 569 0.999843 -0.00424361 -0.0172112 0.0641407 0.00447923 0.999896 0.0136745 0.00575292 0.0171514 -0.0137495 0.999758 -0.997924
360 363 543 0.999666 -0.00403248 -0.0255182 0.0633176 0.00434035 0.999918 0.0120209 0.0134156 0.0254677 -0.0121276 0.999602 -0.997903
360 364 543 0.999663 0.00116185 -0.0259381 -0.0115873 -0.000964339 0.99997 0.00762589 0.00965649 0.0259462 -0.00759831 0.999634 -0.999886
365 366 601 0.999967 0.00615641 -0.00523675 -0.0356273 -0.00616565 0.999979 -0.00175059 0.0288183 0.00522587 0.00178282 0.999985 -0.99895
