0 1 1221 0.999992 0.00237561 0.00320754 0.0012246 -0.00238301 0.999995 0.00230652 0.00529893 -0.00320205 -0.00231414 0.999992 -0.999985
0 2 1094 0.999997 0.00100226 0.00207356 0.0635424 -0.00100863 0.999995 0.0030725 0.0097162 -0.00207047 -0.00307459 0.999993 -0.997932
0 3 1047 0.999932 2.1455e-05 0.0116289 -0.00628195 -8.74399e-05 0.999984 0.00567375 -0.00252188 -0.0116286 -0.00567438 0.999916 -0.999977
0 4 877 0.999853 -4.62855e-05 0.0171362 0.00704021 -5.7272e-05 0.999982 0.00604267 -0.00583034 -0.0171361 -0.00604276 0.999835 -0.999958
5 6 1417 0.999996 -0.00122251 0.00266608 0.0690365 0.00121655 0.999997 0.00223562 -0.0301206 -0.0026688 -0.00223237 0.999994 -0.997159
5 7 1217 0.999922 -0.00580916 0.0110289 -0.0341708 0.00580278 0.999983 0.000609997 0.0293725 -0.0110323 -0.000545951 0.999939 -0.998984
5 8 900 0.999891 -0.00555479 0.0136894 0.029677 0.00554544 0.999984 0.000721017 -0.00500236 -0.0136932 -0.000645025 0.999906 -0.999547
5 9 738 0.999839 -0.00392654 0.017518 0.0141375 0.0039463 0.999992 -0.00109322 0.00419376 -0.0175136 0.00116217 0.999846 -0.999891
10 11 1308 0.999997 -0.00107477 0.00222775 0.019996 0.00107473 0.999999 2.0726e-05 0.0293427 -0.00222777 -1.83317e-05 0.999998 -0.999369
10 12 1129 0.999951 -0.000711349 0.0099205 -0.0288278 0.000700169 0.999999 0.00113038 0.00644536 -0.00992129 -0.00112338 0.99995 -0.999564
10 13 746 0.999981 0.0028392 0.00541357 0.00923426 -0.00284468 0.999995 0.0010052 0.00546018 -0.00541069 -0.00102058 0.999985 -0.999942
10 14 706 0.999919 0.00180071 0.0125994 -0.0391318 -0.00179942 0.999998 -0.000114009 0.0185199 -0.0125996 9.13284e-05 0.999921 -0.999062
15 16 984 0.999989 -0.00427296 0.00190519 -0.01447 0.00426755 0.999987 0.00283035 -0.00498987 -0.00191726 -0.00282219 0.999994 -0.999883
15 17 996 0.999986 -0.00450054 0.002918 0.00703331 0.00448675 0.999979 0.00471627 0.00341051 -0.00293917 -0.00470311 0.999985 -0.999969
15 18 807 0.999973 -0.00669357 0.00299782 0.0149129 0.0066767 0.999962 0.00560237 0.0101453 -0.00303521 -0.00558221 0.99998 -0.999837
15 19 691 0.999959 -0.00792303 0.00436562 0.0112318 0.00789817 0.999953 0.00568266 0.00688991 -0.00441043 -0.00564795 0.999974 -0.999913
20 21 1187 0.999998 -0.00161897 0.00139807 -0.0058069 0.0016213 0.999997 -0.00167116 0.0186375 -0.00139536 0.00167343 0.999998 -0.999809
20 22 1167 0.999997 -0.00059061 0.00236008 0.000566752 0.000594137 0.999999 -0.00149413 0.0055366 -0.00235919 0.00149553 0.999996 -0.999985
20 23 841 0.999987 0.00343667 0.00384707 0.0286766 -0.00343443 0.999994 -0.000588598 -0.00720015 -0.00384907 0.000575378 0.999992 -0.999563
20 24 606 0.99998 0.00457691 0.00442913 0.00952828 -0.0045747 0.999989 -0.00050751 0.00179792 -0.00443141 0.000487237 0.99999 -0.999953
25 26 1290 0.999989 -0.00454108 0.000624865 -0.00567137 0.00454258 0.999987 -0.00242652 0.0218055 -0.000613837 0.00242934 0.999997 -0.999746
25 27 933 0.999993 0.00365177 0.000530934 -0.0150942 -0.00364791 0.999968 -0.00709953 -0.0100477 -0.000556843 0.00709755 0.999975 -0.999836
25 28 691 0.999994 -0.0013587 -0.00331467 0.0111224 0.0013267 0.999953 -0.00963764 0.0127276 0.0033276 0.00963318 0.999948 -0.999857
25 29 610 0.999994 -0.000424501 -0.00332832 -0.00484533 0.000388758 0.999942 -0.0107325 0.0150498 0.00333268 0.0107312 0.999937 -0.999875
30 31 1232 1 -0.000856455 0.000338381 -0.0309546 0.000854414 0.999982 0.00598677 -0.0232218 -0.000343502 -0.00598648 0.999982 -0.999251
30 32 1073 1 9.08474e-05 3.74999e-05 -0.0373604 -9.11315e-05 0.999971 0.00764748 -0.000362848 -3.6804e-05 -0.00764748 0.999971 -0.999302
30 33 874 0.999996 0.00182387 -0.00227381 -0.0110181 -0.00180813 0.999975 0.00690558 0.00127988 0.00228634 -0.00690143 0.999974 -0.999938
30 34 657 0.999971 0.00737475 -0.00195306 0.00515234 -0.00736984 0.99997 0.00250514 -0.0076228 0.00197148 -0.00249067 0.999995 -0.999958
35 36 980 0.999992 0.00404253 0.000352529 -0.0260637 -0.00404311 0.99999 0.0016782 0.0247691 -0.000345741 -0.00167961 0.999999 -0.999353
35 37 928 0.999928 0.0118036 0.00213888 -0.0038157 -0.011813 0.99992 0.0044522 0.00393733 -0.00208615 -0.00447715 0.999988 -0.999985
35 38 871 0.999949 0.00914758 0.0043869 -0.00582165 -0.00918222 0.999926 0.00794207 0.0118855 -0.00431392 -0.00798195 0.999959 -0.999912
35 39 769 0.999937 0.00792893 0.0079667 -0.0186571 -0.00800988 0.999916 0.0101805 0.0035739 -0.00788532 -0.0102437 0.999916 -0.99982
40 41 1174 0.999997 -0.00223978 0.000219687 0.0312148 0.00224037 0.999994 -0.00271251 0.0033666 -0.00021361 0.00271299 0.999996 -0.999507
40 42 1159 0.999996 -0.00273583 0.000364491 0.0635904 0.00273724 0.999989 -0.00392557 0.00432914 -0.000353747 0.00392655 0.999992 -0.997967
40 43 1013 0.999985 -0.00355542 0.00409871 -0.0110534 0.00358321 0.99997 -0.00679468 0.0154281 -0.00407443 0.00680927 0.999969 -0.99982
40 44 796 0.999991 -0.003608 0.00218122 0.00803202 0.00363021 0.999941 -0.0102678 0.0231831 -0.00214405 0.0102756 0.999945 -0.999699
45 46 1183 0.999999 0.000670545 -0.00137024 0.0213553 -0.000671012 1 -0.000340258 0.0256836 0.00137001 0.000341177 0.999999 -0.999442
45 47 1286 0.999998 0.000836835 0.0019451 -0.0290922 -0.000842578 0.999995 0.00295337 -0.00449407 -0.00194261 -0.002955 0.999994 -0.999567
45 48 991 0.999993 -0.00336816 -0.00129303 0.0210724 0.00337303 0.999987 0.00378598 0.0239538 0.00128027 -0.00379031 0.999992 -0.999491
45 49 814 0.999977 -0.00652918 0.00169422 -0.00820603 0.00652116 0.999968 0.00469617 0.0192738 -0.00172483 -0.00468502 0.999988 -0.999781
50 51 1156 0.999999 -0.00164033 -0.000137602 0.0505825 0.00164012 0.999998 -0.00148672 0.017601 0.00014004 0.00148649 0.999999 -0.998565
50 52 1244 0.999992 -0.00373949 0.00168926 -0.0126328 0.00373429 0.999988 0.003068 0.00781708 -0.00170072 -0.00306166 0.999994 -0.99989
50 53 1003 0.999997 0.00113979 0.00232086 0.00121427 -0.00115433 0.99998 0.006272 -0.00239056 -0.00231367 -0.00627465 0.999978 -0.999996
50 54 804 0.999992 -0.0020113 0.00335777 -0.00567747 0.0019863 0.99997 0.00743294 0.00770455 -0.00337262 -0.00742622 0.999967 -0.999954
55 56 1266 0.999999 0.00136132 -0.000405092 0.0287776 -0.00136239 0.999996 -0.00265353 0.0150258 0.000401478 0.00265407 0.999996 -0.999473
55 57 1152 0.999993 0.00359694 0.00114966 -0.0031934 -0.0035917 0.999983 -0.00452261 0.0356667 -0.00116591 0.00451845 0.999989 -0.999359
55 58 932 0.999993 0.00357513 0.000706168 -0.0171332 -0.00357291 0.999989 -0.00312002 0.0267802 -0.000717315 0.00311747 0.999995 -0.999495
55 59 777 0.999951 0.00965231 0.00200764 -0.00326635 -0.00964931 0.999952 -0.00150012 0.0143276 -0.00202203 0.00148067 0.999997 -0.999892
60 61 1346 0.999995 0.00289155 0.00120299 0.0123259 -0.00288759 0.99999 -0.0032833 0.00812786 -0.00121247 0.00327981 0.999994 -0.999891
60 62 1221 0.99999 0.00404442 0.00167764 -0.00127624 -0.00402882 0.99995 -0.00919564 0.0249481 -0.00171475 0.00918879 0.999956 -0.999688
60 63 983 0.999996 0.00172771 0.00244502 -0.00574089 -0.00170019 0.999936 -0.0112143 0.0244341 -0.00246424 0.0112101 0.999934 -0.999685
60 64 790 0.999989 -0.00348125 0.00320178 -0.0093695 0.00350705 0.999961 -0.00808807 0.0318663 -0.0031735 0.0080992 0.999962 -0.999448
65 66 1250 0.999999 -0.000960602 0.000616602 0.0249924 0.000957443 0.999987 0.00510387 -0.0108941 -0.000621496 -0.00510328 0.999987 -0.999628
65 67 1123 0.999993 -0.00362149 0.000723275 0.0199266 0.00361918 0.999988 0.00317239 0.00670143 -0.000734755 -0.00316975 0.999995 -0.999779
65 68 818 0.999909 -0.0134382 0.00122037 0.0224948 0.0134362 0.999908 0.00159116 0.024487 -0.00124164 -0.00157462 0.999998 -0.999447
65 69 720 0.999901 -0.0126836 0.00604707 -0.0198136 0.0126859 0.999919 -0.000333036 0.0217175 -0.00604236 0.000409716 0.999982 -0.999568
70 71 1124 0.999997 -0.0021859 0.00136746 0.0155671 0.00218708 0.999997 -0.000862166 0.0274188 -0.00136557 0.000865154 0.999999 -0.999503
70 72 1099 0.999994 -0.00359338 0.000150942 0.0366194 0.00359359 0.999993 -0.00141436 0.0178361 -0.000145859 0.00141489 0.999999 -0.99917
70 73 1030 0.999991 -0.00255756 0.00325765 0.0105395 0.00256165 0.999996 -0.00125066 0.0132148 -0.00325444 0.00125899 0.999994 -0.999857
70 74 915 0.999993 -0.00318545 0.00173923 0.0695764 0.00318922 0.999993 -0.00217095 0.0104852 -0.0017323 0.00217649 0.999996 -0.997522
75 76 1296 0.999998 -0.000694381 0.00181005 0.00846646 0.000701843 0.999991 -0.00412514 0.0150432 -0.00180717 0.0041264 0.99999 -0.999851
75 77 1248 0.999982 -0.00524975 0.0028458 0.00414306 0.00526655 0.999969 -0.00592815 0.0326119 -0.00281459 0.00594303 0.999978 -0.99946
75 78 1201 0.999975 -0.00708427 0.000360528 0.0669389 0.00708439 0.999975 -0.000335247 0.0039771 -0.000358144 0.000337793 1 -0.997749
75 79 1104 0.999957 -0.00668908 0.00639542 -0.0129241 0.00665515 0.999964 0.0053117 0.0176399 -0.00643072 -0.00526891 0.999965 -0.999761
80 81 1511 0.999992 -0.00125489 -0.00380833 0.160832 0.00126353 0.999997 0.00226839 -0.029141 0.00380547 -0.00227318 0.99999 -0.986551
80 82 1528 0.999994 -0.00354532 5.75569e-05 0.0638206 0.00354544 0.999991 -0.00220417 0.0150153 -4.97419e-05 0.00220436 0.999998 -0.997848
80 83 1383 0.999991 -0.00299016 0.00311723 0.00183489 0.00300699 0.999981 -0.00540772 0.0305233 -0.003101 0.00541704 0.999981 -0.999532
80 84 1242 1 0.000310317 0.000788699 0.039694 -0.000308609 0.999998 -0.00216504 0.0218063 -0.000789368 0.0021648 0.999997 -0.998974
85 86 1246 0.999987 0.00343583 -0.00378918 0.113848 -0.00341588 0.99998 0.0052583 -0.0169015 0.00380718 -0.00524529 0.999979 -0.993354
85 87 1546 0.999969 0.00180314 -0.00767829 0.105026 -0.00175659 0.99998 0.00606461 -0.00108684 0.00768907 -0.00605094 0.999952 -0.994469
85 88 1333 0.999961 -0.00293925 -0.00836985 0.01119 0.00295664 0.999993 0.00206714 0.00634516 0.00836372 -0.0020918 0.999963 -0.999917
85 89 1271 0.99992 -0.000722626 -0.0126419 0.0015494 0.00070941 0.999999 -0.00104982 0.0158793 0.0126426 0.00104077 0.99992 -0.999873
90 91 1066 0.999952 0.00466724 -0.00864113 0.0140964 -0.00469864 0.999982 -0.00361761 0.0264174 0.00862409 0.00365804 0.999956 -0.999552
90 92 1206 0.999806 0.000843319 -0.0196789 0.0116037 -0.000912199 0.999993 -0.00349146 0.023935 0.0196758 0.00350874 0.9998 -0.999646
90 93 1272 0.999341 -0.00475206 -0.0359829 0.0751197 0.00462406 0.999983 -0.00363957 0.0364855 0.0359996 0.00347078 0.999346 -0.996507
90 94 1116 0.998565 -0.00907723 -0.0527814 0.038954 0.00883981 0.99995 -0.00472994 0.0263783 0.0528217 0.00425657 0.998595 -0.998893
95 96 1107 0.999581 0.00425811 -0.028621 0.146238 -0.0042422 0.999991 0.000616625 -0.0518434 0.0286234 -0.000494951 0.99959 -0.98789
95 97 1197 0.99854 0.00517466 -0.0537605 -0.044703 -0.00531238 0.999983 -0.00241915 0.00971525 0.053747 0.00270121 0.998551 -0.998953
95 98 1034 0.996091 0.00549768 -0.0881669 -0.0166787 -0.00598312 0.999968 -0.00524255 0.0364708 0.0881353 0.00574957 0.996092 -0.999196
95 99 914 0.993798 0.00352187 -0.111148 -0.112387 -0.00394255 0.999986 -0.0035653 0.00135882 0.111133 0.00398139 0.993798 -0.993664
100 101 746 0.998973 0.000190885 -0.0453151 -0.0739106 -0.00022581 1 -0.000765591 0.0391279 0.0453149 0.000775037 0.998972 -0.996497
100 102 875 0.995469 -0.000290533 -0.0950878 -0.0534202 0.000292499 1 6.7346e-06 0.0445257 0.0950878 -3.45171e-05 0.995469 -0.997579
100 103 909 0.989394 -0.00145118 -0.145246 -0.069687 0.00171889 0.999997 0.00171766 0.0382395 0.145243 -0.00194911 0.989394 -0.996836
100 104 776 0.97988 -0.000348657 -0.199586 -0.0604055 0.000839864 0.999997 0.00237647 0.0411779 0.199585 -0.00249628 0.979877 -0.997324
105 106 784 0.998065 0.0013478 -0.0621599 -0.166726 -0.0013503 0.999999 1.74415e-06 0.0466462 0.0621599 8.21937e-05 0.998066 -0.984899
105 107 836 0.990682 0.00238894 -0.136176 0.0189129 -0.00223253 0.999997 0.0013013 0.0270306 0.136179 -0.00098516 0.990684 -0.999456
105 108 763 0.980729 0.00313333 -0.195348 -0.0343026 -0.00286281 0.999995 0.00166711 0.0303081 0.195352 -0.00107574 0.980733 -0.998952
105 109 733 0.963022 0.00389162 -0.269395 0.0808804 -0.00357326 0.999992 0.00167215 0.0193145 0.2694 -0.000647696 0.963028 -0.996537
110 111 1088 0.997972 0.000544495 -0.0636482 -0.0905497 -0.000520003 1 0.000401373 -0.00875264 0.0636484 -0.000367462 0.997972 -0.995853
110 112 985 0.992159 0.00492515 -0.124887 -0.0741861 -0.00481398 0.999988 0.00119193 0.000459421 0.124891 -0.000581383 0.99217 -0.997244
110 113 875 0.983323 0.00899633 -0.181646 -0.079336 -0.00883676 0.99996 0.00168778 0.0164782 0.181653 -5.44746e-05 0.983363 -0.996712
110 114 736 0.971048 0.00529067 -0.238827 -0.029621 -0.00470323 0.999984 0.00302947 0.0065796 0.23884 -0.0018185 0.971057 -0.99954
115 116 1074 0.998658 -0.00104016 -0.0517858 -0.0700826 0.00113759 0.999998 0.00185199 0.000772976 0.0517837 -0.00190842 0.998657 -0.997541
115 117 894 0.995098 0.00634655 -0.0986868 -0.0644149 -0.00609154 0.999977 0.00288515 0.00522673 0.0987029 -0.00226985 0.995114 -0.99791
115 118 855 0.98985 0.0205344 -0.140628 -0.0644411 -0.0201642 0.999788 0.00405709 -0.00450489 0.140681 -0.00118027 0.990054 -0.997911
115 119 744 0.983529 0.0224795 -0.179349 -0.0306037 -0.0227343 0.999741 0.00063497 0.0119789 0.179317 0.00345285 0.983785 -0.99946
120 121 966 0.999399 -0.0105678 -0.0330045 0.0205122 0.0107113 0.999934 0.00417423 0.0357832 0.0329582 -0.00452524 0.999446 -0.999149
120 122 774 0.997986 -0.0148137 -0.0616797 -0.000382479 0.0152978 0.999856 0.00738282 0.0309553 0.0615615 -0.00831151 0.998069 -0.999521
120 123 580 0.996185 -0.0119324 -0.086447 -0.016708 0.0127712 0.999877 0.00915712 0.0241253 0.086327 -0.0102262 0.996214 -0.999569
120 124 569 0.993637 -0.00779446 -0.112362 0.0257416 0.00925037 0.99988 0.0124418 0.0252507 0.112251 -0.013402 0.993589 -0.99935
125 126 731 0.999804 0.0020606 -0.0197016 -0.0694662 -0.00191892 0.999972 0.00720755 -0.0313257 0.0197159 -0.00716833 0.99978 -0.997092
125 127 636 0.999324 0.00149295 -0.0367371 -0.0297948 -0.00120423 0.999968 0.00788004 -0.0339271 0.0367477 -0.00783047 0.999294 -0.99898
125 128 698 0.9986 -0.000211464 -0.0528912 0.00219971 0.000411071 0.999993 0.00376306 -0.0151125 0.0528901 -0.00377954 0.998593 -0.999883
125 129 635 0.997693 -0.00345074 -0.0678019 0.00612899 0.00339498 0.999994 -0.000937552 0.0109795 0.0678047 0.000705203 0.997698 -0.999921
130 131 892 0.999929 0.00129325 -0.011821 0.00267146 -0.00130513 0.999999 -0.000997685 0.0223044 0.0118197 0.00101304 0.99993 -0.999748
130 132 815 0.999745 0.00714285 -0.0214111 -0.0413458 -0.00713011 0.999974 0.000670963 -0.00577098 0.0214153 -0.000518128 0.999771 -0.999128
130 133 831 0.999532 0.00752804 -0.0296588 -0.0124565 -0.00751317 0.999972 0.000612786 0.00482542 0.0296626 -0.000389668 0.99956 -0.999911
130 134 736 0.999304 0.0136553 -0.0347007 -0.00580465 -0.0136267 0.999907 0.00105964 0.0118369 0.0347119 -0.000586051 0.999397 -0.999913
135 136 840 0.999978 0.000422036 -0.00663134 0.00387962 -0.000416548 1 0.000829034 -0.00301548 0.00663169 -0.000826253 0.999978 -0.999988
135 137 869 0.999926 0.00342454 -0.0116542 0.00840747 -0.00341904 0.999994 0.000491761 0.00705655 0.0116558 -0.000451879 0.999932 -0.99994
135 138 785 0.999913 0.00680646 -0.0112896 -0.0383994 -0.00679239 0.999976 0.00128456 9.78728e-05 0.011298 -0.00120776 0.999935 -0.999262
135 139 705 0.999809 0.00968719 -0.0169501 0.0369919 -0.00966262 0.999952 0.00153061 -0.0119627 0.0169641 -0.00136654 0.999855 -0.999244
140 141 691 0.999996 0.00250855 -0.00162724 -0.00270218 -0.00250743 0.999997 0.000688109 -0.0340975 0.00162897 -0.000684025 0.999998 -0.999415
140 142 900 0.999965 0.00815252 0.00177516 -0.0360104 -0.00815219 0.999967 -0.000196268 0.00193552 -0.0017767 0.000181789 0.999998 -0.99935
140 143 840 0.999936 0.0110148 0.00275953 -0.0105005 -0.0110151 0.999939 7.80874e-05 -0.00499016 -0.0027585 -0.000108479 0.999996 -0.999932
140 144 741 0.999932 0.0108882 0.00424238 0.0162063 -0.010887 0.999941 -0.000306654 0.0029258 -0.00424547 0.000260446 0.999991 -0.999864
145 146 810 0.999983 0.0049211 0.00321977 0.0559248 -0.00491728 0.999987 -0.00119442 -0.0419919 -0.00322561 0.00117857 0.999994 -0.997552
145 147 891 0.999957 0.00265946 0.00887887 -0.0200586 -0.00263158 0.999992 -0.00314992 -1.46985e-05 -0.00888717 0.00312642 0.999956 -0.999799
145 148 836 0.999905 -0.00419403 0.013118 -0.0252659 0.00427232 0.999973 -0.0059459 0.022881 -0.0130928 0.00600138 0.999896 -0.999419
145 149 760 0.999866 -0.00249981 0.0161784 -0.0131482 0.00261882 0.99997 -0.00733895 0.0191483 -0.0161596 0.00738033 0.999842 -0.99973
150 151 865 0.999996 -0.00238166 0.00127119 0.0544896 0.00237691 0.99999 0.00372253 0.0239262 -0.00128004 -0.00371949 0.999992 -0.998228
150 152 818 0.999974 -0.00372713 0.00621026 -0.00160472 0.00367281 0.999955 0.00873615 -0.0187414 -0.00624255 -0.00871311 0.999943 -0.999823
150 153 793 0.999891 -0.014126 0.00419498 0.010232 0.0140727 0.999823 0.012472 0.00571915 -0.00437042 -0.0124117 0.999913 -0.999931
150 154 706 0.999932 -0.00942313 0.00684006 -0.00409864 0.00934889 0.999898 0.0108061 -0.000328951 -0.00694119 -0.0107414 0.999918 -0.999992
155 156 1154 1 0.000263632 1.14888e-05 -0.00599726 -0.000263622 1 -0.000837959 0.00775132 -1.17097e-05 0.000837956 1 -0.999952
155 157 1219 0.999998 -0.00204481 0.000648547 -0.00635385 0.00204586 0.999997 -0.00162296 0.0122999 -0.000645226 0.00162429 0.999998 -0.999904
155 158 1105 0.999996 -0.00281956 -0.000269773 0.015547 0.00281923 0.999995 -0.00123914 0.0082249 0.000273266 0.00123838 0.999999 -0.999845
155 159 917 0.999973 -0.00711293 -0.00184301 0.0310428 0.00710994 0.999973 -0.00162122 0.0201209 0.00185449 0.00160807 0.999997 -0.999316
160 161 1342 0.99999 -0.00359215 -0.00253044 0.0115544 0.00358974 0.999993 -0.000955637 0.0147365 0.00253385 0.000946544 0.999996 -0.999825
160 162 1340 0.999953 -0.00466082 -0.00852513 0.0358669 0.00464412 0.999987 -0.00197717 0.0100646 0.00853424 0.00193749 0.999962 -0.999306
160 163 915 0.999885 -0.00975252 -0.011616 0.0186305 0.00969562 0.999941 -0.00494542 0.0127776 0.0116636 0.00483223 0.99992 -0.999745
160 164 676 0.999763 -0.0104165 -0.0191081 0.027493 0.0102976 0.999927 -0.00631137 0.0156572 0.0191725 0.0061131 0.999798 -0.999499
165 166 1219 0.999963 0.000951898 -0.00856326 -0.000311206 -0.000937708 0.999998 0.00166095 1.05718e-05 0.00856483 -0.00165286 0.999962 -1
165 167 951 0.999811 -0.00062737 -0.0194143 0.0113492 0.000650703 0.999999 0.00119551 0.0146303 0.0194136 -0.00120792 0.999811 -0.999829
165 168 700 0.999622 -0.0024995 -0.0273844 -0.00433877 0.00250004 0.999997 -1.43098e-05 0.0233771 0.0273843 -5.41578e-05 0.999625 -0.999717
165 169 581 0.999206 -0.00184303 -0.0397981 0.0247238 0.00183141 0.999998 -0.000328607 0.00507862 0.0397986 0.00025546 0.999208 -0.999681
170 171 971 0.999949 0.000443153 -0.0101105 -0.0177277 -0.000438013 1 0.000510541 0.021951 0.0101107 -0.000506087 0.999949 -0.999602
170 172 786 0.99961 0.00120883 -0.0279081 0.117174 -0.00114891 0.999997 0.00216298 -0.00396079 0.0279106 -0.00213007 0.999608 -0.993103
170 173 622 0.999447 -0.00156618 -0.0332128 0.0175008 0.00162919 0.999997 0.0018703 0.0216491 0.0332097 -0.00192337 0.999447 -0.999612
170 174 506 0.99905 0.0027161 -0.0434965 0.0233826 -0.00250886 0.999985 0.00481832 -0.00658008 0.0435089 -0.00470462 0.999042 -0.999705
175 176 755 0.999934 0.000427685 -0.0114425 0.0528608 -0.000424044 1 0.00032068 0.0138239 0.0114426 -0.000315807 0.999934 -0.998506
175 177 726 0.999791 -0.00102581 -0.02044 0.0370922 0.00107471 0.999997 0.00238151 0.000429245 0.0204375 -0.00240298 0.999788 -0.999312
175 178 616 0.999611 0.00257247 -0.0277828 0.0105975 -0.00256974 0.999997 0.000133742 0.0151652 0.027783 -6.2295e-05 0.999614 -0.999829
175 179 516 0.999381 0.00646206 -0.0345932 0.00139134 -0.00643845 0.999979 0.000793652 -0.00274342 0.0345976 -0.000570433 0.999401 -0.999995
180 181 965 0.999994 0.0030437 -0.00169462 -0.049297 -0.00304639 0.999994 -0.00158494 0.0134343 0.00168978 0.00159009 0.999997 -0.998694
180 182 1019 0.999968 0.00387147 -0.00701447 0.00610164 -0.00388855 0.99999 -0.00242358 0.00790721 0.00700502 0.00245078 0.999972 -0.99995
180 183 809 0.999951 0.00250681 -0.00956077 0.0154868 -0.00255083 0.999986 -0.00459456 0.0189159 0.00954912 0.00461872 0.999944 -0.999701
180 184 655 0.999936 0.00568311 -0.00975639 0.0196974 -0.00571605 0.999978 -0.0033513 0.0175761 0.00973713 0.00340685 0.999947 -0.999651
185 186 850 0.999994 0.0013834 0.0031926 -0.0184087 -0.00138734 0.999998 0.00123342 0.020603 -0.00319088 -0.00123784 0.999994 -0.999618
185 187 918 0.999963 0.00168612 0.00843798 -0.0053285 -0.00170408 0.999996 0.00212178 0.0120429 -0.00843437 -0.00213608 0.999962 -0.999913
185 188 964 0.999853 0.0028308 0.0168839 -0.0246929 -0.00291032 0.999985 0.00468722 -0.0152503 -0.0168704 -0.00473567 0.999846 -0.999579
185 189 860 0.999615 -0.00155693 0.0277124 -0.0212636 0.00146955 0.999994 0.00317335 0.00936418 -0.0277172 -0.00313141 0.999611 -0.99973
190 191 1148 0.999876 0.00174204 0.0156513 0.070271 -0.00179303 0.999993 0.00324465 -0.0516359 -0.0156456 -0.00327231 0.999872 -0.996191
190 192 1015 0.999137 -0.00303815 0.0414319 -0.0419026 0.00297222 0.999994 0.00165283 0.0603453 -0.0414367 -0.00152826 0.99914 -0.997298
190 193 1133 0.997953 -0.00139125 0.0639438 -0.0135734 0.000950144 0.999976 0.00692822 0.0131974 -0.0639518 -0.00685328 0.997929 -0.999821
190 194 1038 0.995736 -0.00667287 0.092005 -0.022948 0.00600539 0.999954 0.00752974 0.0210112 -0.0920509 -0.00694511 0.99573 -0.999516
195 196 861 0.999234 -6.47231e-05 0.0391445 0.00863837 0.000177112 0.999996 -0.00286767 0.0290122 -0.0391441 0.0028724 0.999229 -0.999542
195 197 1044 0.996802 -0.000906981 0.079912 0.0304501 0.00152063 0.99997 -0.00761853 0.034761 -0.0799027 0.00771568 0.996773 -0.998932
195 198 932 0.991733 0.00150342 0.128306 -0.0237267 -0.000252717 0.999952 -0.00976352 0.00951204 -0.128314 0.00965038 0.991687 -0.999673
195 199 844 0.984015 -0.00571803 0.177994 -0.0393462 0.0086577 0.999839 -0.0157433 0.0422817 -0.177875 0.0170327 0.983906 -0.998331
200 201 873 0.99815 0.00214094 0.0607692 0.0140656 -0.00221404 0.999997 0.00113554 -0.0175575 -0.0607666 -0.00126798 0.998151 -0.999747
200 202 713 0.99297 0.00158426 0.118353 0.042798 -0.00160385 0.999999 7.02854e-05 0.0194016 -0.118353 -0.000259612 0.992972 -0.998895
200 203 367 0.984708 0.00528729 0.174132 0.0790661 -0.00578251 0.999981 0.00233668 0.0361844 -0.174117 -0.00330787 0.98472 -0.996212
200 204 205 0.965885 0.00867962 0.258827 -0.0989361 -0.0128901 0.999811 0.014575 -0.0238337 -0.258651 -0.0174141 0.965814 -0.994808
205 206 768 0.997566 -0.0003287 0.069729 0.0653674 0.000216713 0.999999 0.00161358 0.00962305 -0.0697294 -0.00159454 0.997565 -0.997815
205 207 680 0.990389 -0.000402398 0.138313 0.0518592 -0.000153033 0.999992 0.0040051 -0.00191283 -0.138313 -0.00398778 0.990381 -0.998653
205 208 641 0.977778 0.00219022 0.209633 -0.00989609 -0.00285025 0.999992 0.00284645 -0.00728644 -0.209626 -0.0033807 0.977776 -0.999924
205 209 566 0.962187 -0.00102758 0.27239 -0.0179083 0.000887102 0.999999 0.000638877 -0.0136942 -0.27239 -0.000373081 0.962187 -0.999746
210 211 789 0.997869 1.61803e-06 0.0652417 0.0807265 0.000388477 0.999982 -0.00596655 0.00347435 -0.0652405 0.00597918 0.997852 -0.99673
210 212 792 0.992269 -0.000716257 0.124102 0.106502 0.00223011 0.999925 -0.0120599 0.016263 -0.124084 0.0122435 0.992196 -0.994179
210 213 799 0.982912 -0.00301336 0.18405 0.0153608 0.006489 0.999812 -0.0182848 0.0474192 -0.18396 0.0191667 0.982747 -0.998757
210 214 674 0.973056 -0.00479893 0.230518 0.00967213 0.00942127 0.999776 -0.0189555 0.0267143 -0.230375 0.0206165 0.972884 -0.999596
215 216 810 0.999322 -0.00504846 0.0364722 0.122537 0.004964 0.999985 0.00240582 -0.00184239 -0.0364838 -0.00222314 0.999332 -0.992462
215 217 989 0.997605 -0.00479423 0.0689976 0.0258969 0.00465125 0.999987 0.00223265 0.0130257 -0.0690073 -0.00190638 0.997614 -0.99958
215 218 1036 0.995845 -0.00181927 0.0910439 0.0311079 0.00155435 0.999994 0.00298065 0.0128711 -0.0910488 -0.00282675 0.995842 -0.999433
215 219 972 0.994263 0.00447394 0.106867 0.0363207 -0.00487409 0.999982 0.00348349 -0.00728656 -0.106849 -0.00398438 0.994267 -0.999314
220 221 695 0.999938 -0.00562524 0.00965997 0.0601527 0.00562378 0.999984 0.000177572 0.00736386 -0.00966082 -0.000123236 0.999953 -0.998162
220 222 930 0.999787 -0.0131466 0.015889 0.0228943 0.0131274 0.999913 0.00131368 0.00223777 -0.0159049 -0.00110482 0.999873 -0.999735
220 223 1087 0.999656 -0.0183146 0.0187976 0.024124 0.0182187 0.99982 0.00526523 -0.000565893 -0.0188907 -0.00492095 0.999809 -0.999709
220 224 1132 0.999639 -0.0201408 0.0177593 0.0515809 0.0200041 0.999769 0.00783865 0.00499802 -0.0179131 -0.00748056 0.999812 -0.998656
225 226 761 0.999988 0.00109486 -0.00470246 -0.0141591 -0.00106497 0.999979 0.00635515 0.00411151 0.00470932 -0.00635007 0.999969 -0.999891
225 227 987 0.999952 0.00458049 -0.008618 -0.000917567 -0.00448519 0.999929 0.0110449 -0.00838765 0.00866798 -0.0110057 0.999902 -0.999964
225 228 1016 0.999927 -0.00152305 -0.011984 -0.0365915 0.00166095 0.999932 0.0115055 -0.0249316 0.0119657 -0.0115246 0.999862 -0.999019
225 229 1020 0.999806 -0.00378437 -0.0193511 0.0219545 0.00391291 0.999971 0.00660875 -0.0038595 0.0193255 -0.00668319 0.999791 -0.999752
230 231 596 0.999987 0.00352762 -0.00377545 0.0190268 -0.00354845 0.999978 -0.0055231 -0.00612108 0.00375588 0.00553642 0.999978 -0.9998
230 232 791 0.999966 0.00540611 -0.00622233 -0.0308205 -0.00547134 0.99993 -0.0105133 0.0143945 0.00616505 0.010547 0.999925 -0.999421
230 233 903 0.999888 0.010876 -0.0102326 0.00250422 -0.0109859 0.999882 -0.0107419 0.0117425 0.0101146 0.0108531 0.99989 -0.999928
230 234 792 0.999864 0.0121192 -0.0112091 0.000539581 -0.0122062 0.999896 -0.00771997 0.00847871 0.0111144 0.00785574 0.999907 -0.999964
235 236 633 1 5.2186e-05 0.000447669 0.0327097 -5.50371e-05 0.99998 0.00637116 0.0199396 -0.000447327 -0.00637118 0.99998 -0.999266
235 237 913 0.999993 -0.00250339 0.00283366 0.031067 0.00247194 0.999936 0.0110468 -0.0123893 -0.00286113 -0.0110397 0.999935 -0.999441
235 238 867 0.999983 -0.00248265 0.00523526 0.0201729 0.00244739 0.999974 0.00673114 -0.00588286 -0.00525183 -0.00671822 0.999964 -0.999779
235 239 724 0.999971 -0.00433686 0.00621142 0.013525 0.0043496 0.999988 -0.00203903 0.017401 -0.0062025 0.00206599 0.999979 -0.999757
240 241 649 0.999984 -0.00466895 0.00327464 -0.0523443 0.00466566 0.999989 0.00100926 0.00363266 -0.00327932 -0.000993965 0.999994 -0.998622
240 242 824 0.999963 -0.00787397 0.0033987 0.0220277 0.00785653 0.999956 0.0051144 0.0139029 -0.00343882 -0.00508751 0.999981 -0.999661
240 243 802 0.999963 -0.00441395 0.00739912 0.0362564 0.00433525 0.999934 0.0106193 0.0118754 -0.00744551 -0.0105868 0.999916 -0.999272
240 244 694 0.999909 -0.00645112 0.0118189 -0.00070995 0.00629334 0.999891 0.0133392 0.0114695 -0.0119036 -0.0132636 0.999841 -0.999934
245 246 740 0.999983 0.00452755 0.00371974 -0.0120938 -0.00452095 0.999988 -0.00177867 0.00623234 -0.00372775 0.00176183 0.999991 -0.999907
245 247 865 0.999987 0.00346229 0.00384576 0.0320872 -0.00343762 0.999974 -0.00640243 0.0369159 -0.00386783 0.00638912 0.999972 -0.998803
245 248 829 0.99996 0.00566076 0.00694481 -0.0119698 -0.0056108 0.999958 -0.00719155 0.0161576 -0.00698523 0.00715229 0.99995 -0.999798
245 249 673 0.999933 0.0102433 0.00548095 0.0152196 -0.0101952 0.99991 -0.00873104 0.0143314 -0.00556989 0.00867457 0.999947 -0.999781
250 251 614 0.999988 -0.00481303 -0.000204606 0.0244078 0.00481374 0.999982 0.00365743 -0.0341595 0.000186999 -0.00365837 0.999993 -0.999118
250 252 790 0.99993 -0.01181 -0.00057139 -0.0299351 0.0118126 0.999918 0.00492537 0.0216077 0.000513175 -0.00493178 0.999988 -0.999318
250 253 705 0.999812 -0.0193721 -0.00129338 0.00509731 0.0193791 0.999796 0.00561563 0.0160861 0.00118433 -0.00563964 0.999983 -0.999858
250 254 573 0.999693 -0.0239596 -0.00628864 0.0289341 0.0239907 0.9997 0.00491548 0.0127436 0.00616898 -0.00506484 0.999968 -0.9995
255 256 641 0.999996 4.03839e-05 -0.00278745 0.0150714 -3.71123e-05 0.999999 0.00117374 0.00314139 0.0027875 -0.00117363 0.999995 -0.999881
255 257 734 0.999982 0.00422236 -0.00417581 0.0134106 -0.00420603 0.999984 0.00391103 0.00144685 0.00419225 -0.0038934 0.999984 -0.999909
255 258 661 0.999961 0.00357866 -0.00802126 0.0180952 -0.00356082 0.999991 0.00223651 0.0147061 0.00802919 -0.00220786 0.999965 -0.999728
255 259 548 0.999803 0.0195114 -0.00369659 -0.027466 -0.0194998 0.999805 0.00313719 0.00717263 0.00375708 -0.00306449 0.999988 -0.999597
260 261 629 0.999985 -0.00511897 -0.00186649 -0.0371319 0.00511636 0.999986 -0.00139785 -0.0122414 0.00187362 0.00138828 0.999997 -0.999235
260 262 660 0.999986 -0.00517995 -0.00144481 -0.0116414 0.00516773 0.999952 -0.00833664 0.0109828 0.00148792 0.00832905 0.999964 -0.999872
260 263 518 0.999918 -0.0123163 -0.00362591 0.032438 0.0122593 0.999807 -0.0153286 0.0400384 0.00381401 0.0152829 0.999876 -0.998671
260 264 522 0.999953 -0.00784878 -0.00566263 0.028639 0.00780863 0.999944 -0.00707725 0.0223833 0.00571787 0.00703271 0.999959 -0.999339
265 266 757 0.999989 0.00460623 0.000620418 -0.0112114 -0.00461164 0.999949 0.00901769 -0.00300205 -0.000578848 -0.00902046 0.999959 -0.999933
265 267 602 0.999991 0.00421727 -0.000539499 0.00982906 -0.00421729 0.999991 -3.74038e-05 0.00433169 0.000539336 3.96787e-05 1 -0.999942
265 268 523 0.999976 0.00643594 0.00268231 0.00251396 -0.00637989 0.999771 -0.0204055 0.0281187 -0.00281303 0.0203879 0.999788 -0.999601
265 269 429 0.999953 0.00908939 0.00346082 0.00612206 -0.00896184 0.999339 -0.0352425 0.0352381 -0.00377886 0.0352099 0.999373 -0.99936
270 271 616 0.999993 -0.00337287 0.00159695 0.0294928 0.00334544 0.999852 0.0168771 -0.00776074 -0.00165363 -0.0168717 0.999856 -0.999535
270 272 592 0.999988 -0.00405873 0.00283954 0.00183811 0.00398952 0.999705 0.0239699 -0.0036153 -0.00293599 -0.0239583 0.999709 -0.999992
270 273 528 0.99998 -0.00336826 0.00532541 -0.0425068 0.0032377 0.999699 0.0243379 0.0220872 -0.00540578 -0.0243202 0.99969 -0.998852
270 274 405 0.999974 0.00207178 0.00684524 0.014226 -0.00223389 0.999715 0.0237606 0.000156748 -0.00679406 -0.0237753 0.999694 -0.999899
275 276 715 0.999987 -0.00108149 0.00505947 0.00205248 0.00107285 0.999998 0.00170917 0.00838471 -0.00506131 -0.00170372 0.999986 -0.999963
275 277 626 0.999958 -0.00648957 0.00648497 0.0218523 0.00647342 0.999976 0.00250738 0.00708317 -0.00650109 -0.0024653 0.999976 -0.999736
275 278 568 0.99985 -0.0121576 0.0123333 -0.0270583 0.0121469 0.999926 0.000939421 0.0296182 -0.0123438 -0.000789469 0.999924 -0.999195
275 279 486 0.999803 -0.0132158 0.0147964 -0.00929779 0.0131971 0.999912 0.00136022 0.00824975 -0.014813 -0.00116468 0.99989 -0.999923
280 281 870 0.999998 0.0018151 0.00107812 0.0432838 -0.00181527 0.999998 0.000155309 0.0137261 -0.00107783 -0.000157266 0.999999 -0.998969
280 282 872 0.999988 0.00318964 0.00380719 0.00747718 -0.00319955 0.999992 0.00259998 0.0185409 -0.00379886 -0.00261213 0.999989 -0.9998
280 283 697 0.999939 0.00847692 0.00703004 0.0174909 -0.00852518 0.99994 0.00686327 0.0119371 -0.00697144 -0.00692278 0.999952 -0.999776
280 284 608 0.999756 0.0142212 0.0168897 -0.0180854 -0.0143761 0.999855 0.00908587 0.00767134 -0.016758 -0.00932647 0.999816 -0.999807
285 286 826 0.999983 0.00200062 0.00540473 0.0268621 -0.0019505 0.999955 -0.00926262 0.0513424 -0.00542302 0.00925193 0.999942 -0.99832
285 287 820 0.999941 0.00281484 0.0104539 -0.00101732 -0.00262293 0.999829 -0.0183263 0.028842 -0.0105037 0.0182978 0.999777 -0.999583
285 288 693 0.999896 -0.00390715 0.013893 0.00663634 0.00419747 0.999772 -0.0209296 0.0360863 -0.0138081 0.0209857 0.999684 -0.999327
285 289 614 0.999805 -0.00629191 0.0187328 0.0285814 0.00658065 0.99986 -0.0153922 0.0185602 -0.0186333 0.0155124 0.999706 -0.999419
290 291 760 0.999962 0.00373134 0.0078181 -0.0868705 -0.00377993 0.999974 0.00620938 -0.0122886 -0.00779472 -0.00623869 0.99995 -0.996144
290 292 653 0.999917 0.00398081 0.0122732 0.0147781 -0.00403216 0.999983 0.00416207 0.019963 -0.0122564 -0.00421121 0.999916 -0.999691
290 293 591 0.999799 -0.00254876 0.0198736 0.00682014 0.00250266 0.999994 0.00234452 0.00497917 -0.0198794 -0.00229431 0.9998 -0.999964
290 294 477 0.999632 -0.00978404 0.0252921 0.0380336 0.00971496 0.999949 0.00285261 0.0206295 -0.0253187 -0.00260585 0.999676 -0.999063
295 296 761 0.999957 0.00325759 0.00869693 -0.0427032 -0.00328148 0.999991 0.00273425 -0.0145019 -0.00868795 -0.00276267 0.999958 -0.998983
295 297 737 0.999875 0.000226056 0.0157853 0.0293404 -0.00021348 1 -0.000798383 0.0275814 -0.0157855 0.000794913 0.999875 -0.999189
295 298 663 0.999614 0.00112581 0.027761 -0.0157565 -0.000904714 0.999968 -0.00797559 0.0199651 -0.027769 0.0079474 0.999583 -0.999677
295 299 524 0.999453 -0.00460208 0.0327445 -0.00614916 0.00497916 0.999922 -0.0114436 0.0134426 -0.0326893 0.0116004 0.999398 -0.999891
300 301 844 0.999973 -0.00281701 0.00685203 -0.00161958 0.0028228 0.999996 -0.000835404 -0.00337864 -0.00684964 0.000854723 0.999976 -0.999993
300 302 741 0.99994 0.00276076 0.0105869 0.00956749 -0.00275887 0.999996 -0.000193077 0.0191899 -0.0105874 0.000163857 0.999944 -0.99977
300 303 628 0.999834 -0.00689931 0.0168729 -0.0378776 0.00679278 0.999957 0.00636264 0.00927483 -0.0169161 -0.00624697 0.999837 -0.999239
300 304 583 0.999811 -0.0104276 0.0164237 0.0307899 0.0102359 0.999879 0.0117104 0.0150628 -0.0165438 -0.01154 0.999797 -0.999412
305 306 882 0.999982 -0.00140829 0.00575338 -0.0387451 0.0014419 0.999982 -0.00584102 -0.00185809 -0.00574505 0.00584921 0.999966 -0.999247
305 307 777 0.99996 -0.00500807 0.00735248 -0.0216613 0.00513355 0.99984 -0.0171491 0.0267767 -0.00726542 0.0171862 0.999826 -0.999407
305 308 693 0.999935 -0.00283108 0.0110656 0.0156145 0.00308899 0.999722 -0.0233598 0.0166526 -0.0109964 0.0233925 0.999666 -0.999739
305 309 625 0.999795 0.00698506 0.0190163 -0.0135167 -0.00658505 0.999757 -0.0210174 0.0142525 -0.0191585 0.0208879 0.999598 -0.999807
310 311 1011 0.999976 0.00278207 0.00633476 0.0154962 -0.00280824 0.999988 0.00412596 0.0117015 -0.0063232 -0.00414365 0.999971 -0.999811
310 312 882 0.999915 -0.00237555 0.0127906 0.01656 0.00232595 0.99999 0.00389122 0.00283192 -0.0127997 -0.00386114 0.999911 -0.999859
310 313 748 0.999741 -0.000627897 0.0227663 -0.0241699 0.000682924 0.999997 -0.00240934 0.0191437 -0.0227647 0.00242426 0.999738 -0.999525
310 314 616 0.999545 -0.0055959 0.0296533 -0.0481107 0.00573636 0.999973 -0.00465396 0.0301658 -0.0296265 0.00482194 0.999549 -0.998386
315 316 1059 0.999974 0.0053103 0.00481541 0.074903 -0.00531765 0.999985 0.00151429 -0.0228546 -0.00480729 -0.00153986 0.999987 -0.996929
315 317 986 0.999887 0.00898671 0.0120703 -0.0103745 -0.00906519 0.999938 0.00646329 0.0172535 -0.0120115 -0.00657198 0.999906 -0.999797
315 318 860 0.999618 0.0179811 0.020989 -0.0191713 -0.0183547 0.999674 0.0177459 -0.00179523 -0.0206631 -0.0181244 0.999622 -0.999815
315 319 673 0.999512 0.0205767 0.0234948 -0.0101731 -0.0210782 0.999551 0.0213014 0.00636664 -0.023046 -0.0217863 0.999497 -0.999928
320 321 1163 0.999945 -0.00905483 0.00521278 0.0338632 0.00912332 0.99987 -0.013268 0.0146511 -0.00509197 0.0133148 0.999898 -0.999319
320 322 896 0.999843 -0.0143097 0.0104511 0.02581 0.0145169 0.999694 -0.0200305 0.0214355 -0.0101612 0.020179 0.999745 -0.999437
320 323 578 0.999787 -0.0143879 0.0148085 -0.0116377 0.0146232 0.999767 -0.0159047 0.00648358 -0.0145762 0.0161179 0.999764 -0.999911
320 324 541 0.999806 -0.0114015 0.0160418 0.0124537 0.0115151 0.999909 -0.00700246 0.00743649 -0.0159605 0.00718582 0.999847 -0.999895
325 326 880 0.999991 0.00351673 0.00223226 0.0204002 -0.00352551 0.999986 0.0039432 -0.00994894 -0.00221836 -0.00395104 0.99999 -0.999742
325 327 761 0.999947 0.00932634 0.00439518 0.00137085 -0.00932019 0.999956 -0.00141897 0.00794726 -0.00440822 0.00137793 0.999989 -0.999967
325 328 679 0.999991 0.00182851 0.00386997 -0.00609305 -0.00179485 0.999961 -0.00868434 0.0225679 -0.0038857 0.00867731 0.999955 -0.999727
325 329 561 0.999972 0.00640706 0.00388691 0.0137323 -0.00634526 0.999856 -0.0157075 0.0219211 -0.00398699 0.0156824 0.999869 -0.999665
330 331 1044 0.999994 0.00150382 0.00323118 -0.0148972 -0.00153111 0.999963 0.00846065 0.0284735 -0.00321834 -0.00846555 0.999959 -0.999484
330 332 909 0.999843 0.0171825 0.00434612 0.0187255 -0.0172679 0.999642 0.0204184 -0.00353942 -0.00399373 -0.0204903 0.999782 -0.999818
330 333 809 0.999715 0.0230756 0.00618128 -0.000524475 -0.0232229 0.99942 0.0249197 -0.00165002 -0.00560266 -0.0250561 0.99967 -0.999999
330 334 615 0.999713 0.0228101 0.00729645 -0.013667 -0.0229461 0.999553 0.0191461 0.00611411 -0.00685646 -0.019308 0.99979 -0.999888
335 336 1055 0.999998 -0.00195965 0.000451755 0.0338729 0.00196113 0.999993 -0.00328821 0.0249581 -0.000445308 0.00328909 0.999994 -0.999114
335 337 946 1 0.000931261 0.000303344 0.0251971 -0.000931324 1 0.000209015 0.0154962 -0.000303149 -0.000209298 1 -0.999562
335 338 772 0.999994 -0.00101968 0.00327283 -0.00802616 0.000997208 0.999976 0.00686134 0.00597006 -0.00327975 -0.00685803 0.999971 -0.99995
335 339 367 0.999946 -0.0103724 0.00101363 0.0143577 0.0103649 0.999921 0.00717341 0.00915134 -0.00108795 -0.00716251 0.999974 -0.999855
340 341 769 0.99999 -0.00445022 0.000627204 0.0227732 0.00445228 0.999985 -0.00332004 0.0247028 -0.00061242 0.0033228 0.999994 -0.999435
340 342 593 0.999966 -0.00817434 0.000473103 0.0123276 0.00817706 0.999948 -0.0060635 0.0154247 -0.000423514 0.00606716 0.999982 -0.999805
340 343 416 0.999959 -0.00885759 0.00208308 0.00671305 0.00886908 0.999945 -0.00556881 0.015511 -0.00203364 0.00558706 0.999982 -0.999857
340 344 258 0.999971 -0.00737488 0.00169446 0.00438755 0.00738032 0.999968 -0.00323043 0.0337807 -0.00167058 0.00324284 0.999993 -0.99942
345 346 503 0.999997 -0.00222364 0.0013381 -0.00235593 0.00222386 0.999998 -0.000169307 -0.0041728 -0.00133772 0.000172282 0.999999 -0.999989
345 347 485 0.999992 0.0015426 0.00368249 0.0126191 -0.00150609 0.99995 -0.00989773 0.0105687 -0.00369757 0.00989211 0.999944 -0.999865
345 348 445 0.999988 -0.00400527 0.0026778 0.0466421 0.00405386 0.999823 -0.0183936 0.0311334 -0.00260366 0.0184043 0.999827 -0.998426
345 349 363 0.999988 0.00330099 0.00359857 0.0116087 -0.00322844 0.999795 -0.0199825 0.0265798 -0.0036638 0.0199707 0.999794 -0.999579
350 351 846 0.999999 -0.0016573 -0.000466706 0.0125936 0.00165968 0.999985 0.00512973 0.00234412 0.000458197 -0.0051305 0.999987 -0.999918
350 352 586 0.999991 -0.00345815 -0.00226155 0.0272249 0.00348253 0.999935 0.0108637 0.0182372 0.00222384 -0.0108715 0.999938 -0.999463
350 353 448 0.999994 -0.00222516 -0.00252766 0.0221568 0.00225939 0.999905 0.0136237 0.0246324 0.00249711 -0.0136293 0.999904 -0.999451
350 354 436 0.999975 0.00571207 -0.0041407 0.00168395 -0.0056297 0.999791 0.0196406 0.00122352 0.00425202 -0.0196168 0.999799 -0.999998
355 356 534 0.999985 0.00105549 -0.00534825 0.0176247 -0.00108435 0.999985 -0.00539704 0.000648105 0.00534247 0.00540276 0.999971 -0.999844
355 357 537 0.999923 -0.00579666 -0.0109568 0.00111702 0.00564087 0.999883 -0.0141964 0.0198403 0.0110378 0.0141335 0.999839 -0.999803
355 358 484 0.999842 -0.00672 -0.0164649 0.025751 0.00641021 0.999803 -0.0187965 0.0139351 0.016588 0.018688 0.999688 -0.999571
355 359 422 0.999559 -0.0179705 -0.0236331 0.0143519 0.0175486 0.999685 -0.0179393 0.0321545 0.023948 0.0175166 0.99956 -0.99938
360 361 487 0.999965 -0.00169765 -0.0081689 0.032215 0.00176648 0.999963 0.00842546 0.0253759 0.0081543 -0.0084396 0.999931 -0.999159
360 362 491 0.999885 -0.000423704 -0.0151865 0.028892 0.000623265 0.999913 0.0131383 -0.0143213 0.0151796 -0.0131463 0.999798 -0.99948
360 363 494 0.999753 0.00138665 -0.0222015 0.0187863 -0.00112201 0.999928 0.0119281 -0.00295173 0.0222165 -0.0119002 0.999682 -0.999819
360 364 547 0.999629 0.00805372 -0.0260253 0.00602218 -0.00781899 0.999928 0.00910857 -0.0228733 0.0260968 -0.0089017 0.99962 -0.99972
365 366 623 0.99998 0.00564202 -0.00286114 -0.0706574 -0.00564526 0.999983 -0.00112814 0.0193258 0.00285472 0.00114427 0.999995 -0.997313
