0 1 1208 0.999984 0.00314618 0.0046559 -0.00548603 -0.00315603 0.999993 0.00210911 -0.00340258 -0.00464924 -0.00212377 0.999987 -0.999979
0 2 1007 0.999951 0.00145784 0.0097921 -0.0307043 -0.00149623 0.999991 0.00391439 -0.00232594 -0.0097863 -0.00392885 0.999944 -0.999526
0 3 764 0.999933 -8.94632e-05 0.0116013 -0.00598073 3.89901e-05 0.999991 0.00435077 0.0184606 -0.0116016 -0.00435003 0.999923 -0.999812
0 4 645 0.999838 -0.000581652 0.0179675 -0.0410094 0.000475463 0.999982 0.00591377 0.000902947 -0.0179706 -0.00590428 0.999821 -0.999158
5 6 1177 0.999991 -0.00111918 0.00408332 0.023519 0.00111817 0.999999 0.000249513 0.0278626 -0.0040836 -0.000244945 0.999992 -0.999335
5 7 963 0.999949 -0.00534872 0.00854509 0.0195072 0.00532566 0.999982 0.00271945 -0.0108233 -0.00855948 -0.0026738 0.99996 -0.999751
5 8 775 0.999878 -0.00468553 0.0148704 0.015614 0.00468336 0.999989 0.000180969 0.00110826 -0.0148711 -0.000111304 0.999889 -0.999877
5 9 563 0.999894 -0.0023797 0.0143975 0.0110897 0.00242887 0.999991 -0.00339835 0.0158359 -0.0143893 0.00343296 0.999891 -0.999813
10 11 1226 0.999993 -0.000971453 0.00357014 -0.02103 0.000970475 0.999999 0.00027543 0.0265291 -0.0035704 -0.000271963 0.999994 -0.999427
10 12 871 0.999999 -0.00106235 0.0005639 0.0706219 0.00106171 0.999999 0.00113524 0.00474411 -0.000565105 -0.00113464 0.999999 -0.997492
10 13 691 0.999975 0.00206483 0.00676048 -0.00312538 -0.00207768 0.999996 0.0018944 0.000985274 -0.00675654 -0.0019084 0.999975 -0.999995
10 14 535 0.999941 0.00536113 0.00940666 -0.0112129 -0.00536756 0.999985 0.000658734 -0.00450543 -0.00940299 -0.000709186 0.999956 -0.999927
15 16 1193 0.99998 -0.00213827 0.0060037 -0.0622016 0.00212657 0.999996 0.00195382 0.0234734 -0.00600786 -0.00194101 0.99998 -0.997788
15 17 893 0.999987 -0.00282265 0.00428714 0.000363536 0.00280475 0.999987 0.00417569 0.00571327 -0.00429887 -0.00416361 0.999982 -0.999984
15 18 666 0.99997 -0.00524698 0.00562649 -0.0034136 0.00521591 0.999971 0.00552333 0.0064933 -0.0056553 -0.00549382 0.999969 -0.999973
15 19 537 0.999946 -0.00947026 0.00424587 0.0225997 0.00944069 0.999931 0.00693046 0.00483156 -0.00431121 -0.00689 0.999967 -0.999733
20 21 1342 0.999983 -0.000133271 0.00583339 -0.0805501 0.000139057 0.999999 -0.000991495 -0.00702032 -0.00583326 0.000992289 0.999982 -0.996726
20 22 839 0.999998 -0.000577868 0.00203186 0.0147323 0.000581556 0.999998 -0.00181536 0.0145198 -0.00203081 0.00181654 0.999996 -0.999786
20 23 676 0.999985 0.00365548 0.00417933 0.0199967 -0.00365296 0.999993 -0.00061179 -0.00469633 -0.00418153 0.000596514 0.999991 -0.999789
20 24 490 0.999978 0.00303557 0.00592925 -0.00677479 -0.00303467 0.999995 -0.000160815 0.00912878 -0.00592971 0.000142818 0.999982 -0.999935
25 26 1013 0.999999 -0.00110819 0.000691391 -0.0161078 0.00111048 0.999994 -0.00331783 0.0150249 -0.00068771 0.0033186 0.999994 -0.999757
25 27 809 0.999993 -0.00365155 -9.88693e-05 -0.00577821 0.00365074 0.999967 -0.00727258 0.0228844 0.000125422 0.00727217 0.999974 -0.999721
25 28 633 0.999994 -0.00293655 -0.00155387 -0.0241317 0.00292082 0.999945 -0.0100332 0.0263076 0.00158324 0.0100286 0.999948 -0.999363
25 29 493 0.999976 0.00657637 -0.0022929 0.00174178 -0.00659846 0.999931 -0.00976569 -0.00233889 0.00222851 0.00978058 0.99995 -0.999996
30 31 919 0.999992 -0.00367441 -0.0013739 0.0238484 0.00367999 0.999985 0.00408048 0.0277804 0.00135889 -0.00408551 0.999991 -0.99933
30 32 823 0.999998 0.00125775 -0.00183963 0.00161263 -0.00124336 0.999969 0.00780544 -0.00450639 0.00184939 -0.00780313 0.999968 -0.999989
30 33 704 0.99999 -0.00433687 -0.0012162 -0.013588 0.00434509 0.999967 0.00683899 0.0203768 0.0011865 -0.0068442 0.999976 -0.9997
30 34 569 0.999997 0.000987935 -0.00214188 -0.00519428 -0.000982915 0.999997 0.00234382 0.00267406 0.00214419 -0.00234171 0.999995 -0.999983
35 36 1053 0.999961 0.00816408 0.00350093 -0.0774585 -0.00816598 0.999967 0.000529768 0.00986989 -0.00349649 -0.000558336 0.999994 -0.996947
35 37 928 0.999959 0.00824825 0.00374483 -0.0329499 -0.00825831 0.999962 0.00268058 0.0425711 -0.00372258 -0.0027114 0.999989 -0.99855
35 38 760 0.999946 0.00934053 0.00452738 -0.00813894 -0.00937772 0.999922 0.00826373 0.00516878 -0.00444984 -0.00830574 0.999956 -0.999954
35 39 569 0.999955 0.0083145 0.00453983 0.00780219 -0.00835662 0.999921 0.00933967 0.00205511 -0.00446182 -0.00937719 0.999946 -0.999967
40 41 1151 0.999994 -0.00306138 -0.00143961 0.0714787 0.00305663 0.99999 -0.00329157 0.0191329 0.00144968 0.00328715 0.999994 -0.997259
40 42 986 0.999995 -0.00227494 0.00201655 0.00614829 0.00228288 0.99999 -0.00394417 0.00130907 -0.00200756 0.00394875 0.99999 -0.99998
40 43 786 0.999987 -0.00407412 0.00316984 -0.0076135 0.00409752 0.999964 -0.00741117 0.0256275 -0.00313954 0.00742406 0.999968 -0.999643
40 44 625 0.999979 -0.00123345 0.00633743 -0.0183217 0.00128383 0.999968 -0.00795146 -0.00152088 -0.00632742 0.00795943 0.999948 -0.999831
45 46 1155 0.999999 0.00132605 0.00102171 0.0035274 -0.00132683 0.999999 0.000762569 0.00124707 -0.00102069 -0.000763924 0.999999 -0.999993
45 47 906 0.999996 0.00036928 -0.00275878 0.049837 -0.000362394 0.999997 0.00249613 0.00363299 0.0027597 -0.00249512 0.999993 -0.998751
45 48 721 0.999997 -0.000632641 -0.00225602 0.0317894 0.000639792 0.999995 0.00317057 0.0207623 0.002254 -0.003172 0.999992 -0.999279
45 49 602 0.999999 -2.21719e-05 0.00159666 0.00190554 1.38564e-05 0.999986 0.00520783 0.00631341 -0.00159676 -0.00520781 0.999985 -0.999978
50 51 1104 0.999999 -0.000597515 0.000998522 0.00622059 0.000597833 1 -0.000318263 0.00587545 -0.000998332 0.000318859 0.999999 -0.999963
50 52 1060 0.999997 -0.00170421 0.00154304 -0.00487211 0.00170008 0.999995 0.00267199 0.0039434 -0.00154758 -0.00266936 0.999995 -0.99998
50 53 841 0.999997 -0.000219823 0.00255551 -0.00307751 0.000203809 0.99998 0.0062654 0.00364665 -0.00255684 -0.00626486 0.999977 -0.999989
50 54 648 0.999946 -0.010321 0.000736302 0.00263923 0.0103152 0.999919 0.00740581 0.0205812 -0.000812677 -0.00739782 0.999972 -0.999785
55 56 1164 1 0.00027779 -0.000383314 0.0374434 -0.000278703 0.999997 -0.00238272 0.00775251 0.000382651 0.00238282 0.999997 -0.999269
55 57 859 0.999979 0.00629038 -0.00167663 0.0364394 -0.00629724 0.999972 -0.00411371 0.00337281 0.0016507 0.00412418 0.99999 -0.99933
55 58 718 0.999981 0.00605632 -0.00119464 0.0172627 -0.00605934 0.999978 -0.00253867 0.0125809 0.00117924 0.00254586 0.999996 -0.999772
55 59 627 0.999959 0.00903799 0.000943775 -0.00380674 -0.00903662 0.999958 -0.00144689 0.0196546 -0.000956813 0.0014383 0.999999 -0.9998
60 61 1136 0.999988 0.00475418 -0.0010289 0.0712779 -0.00475738 0.999984 -0.00313769 -0.0182043 0.00101397 0.00314255 0.999995 -0.99729
60 62 934 0.999998 0.0021734 -8.95561e-05 0.00085879 -0.00217415 0.999953 -0.00946844 0.0319796 6.89731e-05 0.00946861 0.999955 -0.999488
60 63 796 0.999992 0.00231072 0.00339982 -0.00588119 -0.00227286 0.999936 -0.0110993 0.0192979 -0.00342525 0.0110914 0.999933 -0.999796
60 64 617 0.999982 0.00196771 0.00574741 -0.00402968 -0.00192042 0.999964 -0.00822334 0.0264009 -0.00576339 0.00821215 0.99995 -0.999643
65 66 1141 0.999997 -0.00159243 0.00185427 -0.0118887 0.0015837 0.999988 0.0046995 0.00895079 -0.00186173 -0.00469655 0.999987 -0.999889
65 67 978 0.99998 -0.00565917 0.00266376 -0.000249175 0.00564866 0.999976 0.00393644 0.0063997 -0.00268597 -0.00392131 0.999989 -0.999979
65 68 728 0.999927 -0.0120321 0.00134626 0.0234111 0.0120307 0.999927 0.00105464 0.0255959 -0.00135886 -0.00103836 0.999999 -0.999398
65 69 658 0.999931 -0.0114731 0.00234956 0.0335098 0.0114712 0.999934 0.000823508 0.0118693 -0.00235885 -0.000796499 0.999997 -0.999368
70 71 1241 0.999993 -0.000826455 0.0036592 -0.0364165 0.000825312 1 0.000313669 -0.0281571 -0.00365946 -0.000310647 0.999993 -0.99894
70 72 1024 0.999996 -0.00213989 0.00189308 0.0200697 0.00214116 0.999997 -0.000668031 0.000579756 -0.00189165 0.000672082 0.999998 -0.999798
70 73 918 0.999981 -0.00160876 0.00588522 -0.0165422 0.00162517 0.999995 -0.00278359 0.0281311 -0.00588071 0.0027931 0.999979 -0.999467
70 74 794 0.999972 -0.00328924 0.00674925 -0.0214386 0.00331389 0.999988 -0.00364556 0.0255819 -0.00673718 0.00366783 0.999971 -0.999443
75 76 1150 0.999996 -0.000554134 0.00283926 -0.0908041 0.000568063 0.999988 -0.00490745 0.056544 -0.0028365 0.00490904 0.999984 -0.994262
75 77 1194 0.99999 -0.00393818 0.0019608 0.0251162 0.00394935 0.999976 -0.00572315 0.0202402 -0.00193821 0.00573084 0.999982 -0.99948
75 78 1090 0.999974 -0.0071973 -0.000810951 0.0720134 0.00719763 0.999974 0.000404553 -0.00580237 0.000808018 -0.000410379 1 -0.997387
75 79 953 0.999953 -0.00783154 0.00570324 0.00290532 0.0078018 0.999956 0.00521672 0.0145043 -0.00574384 -0.00517198 0.99997 -0.999891
80 81 1408 0.999999 -0.00123387 -0.00111669 0.0720866 0.00123522 0.999999 0.0012091 0.00350982 0.0011152 -0.00121047 0.999999 -0.997392
80 82 1417 0.999995 -0.0029912 0.000253166 0.0581666 0.00299182 0.999992 -0.00251247 0.0185594 -0.000245649 0.00251321 0.999997 -0.998134
80 83 1276 0.999974 -0.00344967 0.00632538 -0.0773134 0.00348309 0.99998 -0.00527968 0.0251068 -0.00630704 0.00530158 0.999966 -0.996691
80 84 1033 0.999996 -0.00153586 0.00238439 -0.00125695 0.00153695 0.999999 -0.000454416 0.00729376 -0.00238369 0.000458079 0.999997 -0.999973
85 86 1188 0.999993 0.00357779 -0.000853979 -0.0362714 -0.00357344 0.999981 0.00503255 -0.000275406 0.000871968 -0.00502946 0.999987 -0.999342
85 87 1459 0.99999 0.00222615 -0.0039637 0.0541051 -0.00219901 0.999974 0.00683997 -0.0292399 0.00397882 -0.00683118 0.999969 -0.998107
85 88 1237 0.999958 -0.0047161 -0.00784675 -0.0158304 0.00473936 0.999984 0.00294914 -0.00714154 0.00783272 -0.00298621 0.999965 -0.999849
85 89 1103 0.99991 -0.00203164 -0.0132516 0.038236 0.0020011 0.999995 -0.00231693 0.0262316 0.0132562 0.0022902 0.99991 -0.998924
90 91 1334 0.999946 0.00449842 -0.00935436 0.100351 -0.00451711 0.999988 -0.00197684 -0.0158706 0.00934535 0.00201899 0.999954 -0.994825
90 92 1253 0.999836 0.00113386 -0.0180957 -0.0225444 -0.00119527 0.999994 -0.00338285 0.0243825 0.0180917 0.00340393 0.999831 -0.999448
90 93 1099 0.999413 -0.00533548 -0.0338527 -0.00147445 0.00522868 0.999981 -0.0032428 0.0224311 0.0338693 0.00306389 0.999422 -0.999747
90 94 970 0.998629 -0.0088938 -0.0515797 0.00833105 0.00869724 0.999954 -0.00403382 0.0207145 0.0516132 0.00357969 0.998661 -0.999751
95 96 1007 0.999678 0.00338128 -0.0251449 -0.110948 -0.00340174 0.999994 -0.000770839 0.00554468 0.0251421 0.000856127 0.999684 -0.993811
95 97 1021 0.998442 0.00474274 -0.0555971 -0.0216452 -0.00492682 0.999983 -0.00317429 0.0261817 0.0555811 0.00344326 0.998448 -0.999423
95 98 887 0.996027 0.00297331 -0.0890006 -0.00256245 -0.00334094 0.999986 -0.00398199 0.00545883 0.0889875 0.00426351 0.996024 -0.999982
95 99 742 0.992011 0.0058011 -0.126021 0.01575 -0.00669387 0.999955 -0.00666201 0.0433665 0.125976 0.00745236 0.992005 -0.998935
100 101 725 0.998959 -0.00101109 -0.045595 -0.0900287 0.00101039 0.999999 -3.83722e-05 -0.00578789 0.045595 -7.73651e-06 0.99896 -0.995922
100 102 912 0.995737 -0.00177305 -0.0922235 -0.0944599 0.0018392 0.999998 0.000632292 0.0242526 0.0922222 -0.000799214 0.995738 -0.995233
100 103 709 0.9879 -0.00409997 -0.155036 0.047797 0.00481872 0.999979 0.00426045 -0.00626962 0.155015 -0.00495597 0.9879 -0.998837
100 104 689 0.979251 -0.00182163 -0.202644 -0.0458278 0.00290228 0.999983 0.00503574 0.0114591 0.202632 -0.00551938 0.97924 -0.998884
105 106 891 0.997858 -0.000124326 -0.0654211 -0.0755358 0.000194302 0.999999 0.00106326 0.00906093 0.0654209 -0.0010737 0.997857 -0.997102
105 107 852 0.991483 0.00230855 -0.130213 -0.0666712 -0.00172608 0.999988 0.00458583 -0.0225868 0.130222 -0.00432202 0.991475 -0.997519
105 108 754 0.980566 0.00454898 -0.196134 -0.0270663 -0.00313027 0.999967 0.00754277 -0.0282837 0.196162 -0.00678224 0.980548 -0.999233
105 109 660 0.966291 0.0060799 -0.25738 -0.0168389 -0.00625027 0.99998 0.000156213 0.0371902 0.257376 0.00145775 0.96631 -0.999166
110 111 1060 0.997985 0.000160796 -0.0634454 -0.103024 -0.000296312 0.999998 -0.00212655 0.0531979 0.063445 0.00214106 0.997983 -0.993255
110 112 863 0.992186 -0.000734977 -0.124766 -0.0744419 0.00050817 0.999998 -0.00184968 0.0492314 0.124767 0.00177182 0.992184 -0.996009
110 113 757 0.983296 0.00986177 -0.181746 -0.079271 -0.00934502 0.999949 0.00369939 0.00129958 0.181774 -0.00193917 0.983338 -0.996852
110 114 649 0.971351 0.0053492 -0.237588 -0.0426411 -0.00526533 0.999986 0.000987604 0.0206861 0.23759 0.000291669 0.971366 -0.998876
115 116 1004 0.99864 -0.00118386 -0.052117 -0.0648421 0.00127881 0.999998 0.00178857 0.0106843 0.0521147 -0.00185278 0.998639 -0.997838
115 117 742 0.995184 0.00768192 -0.0977246 -0.095116 -0.00733685 0.999966 0.00388992 -0.0115102 0.0977512 -0.00315419 0.995206 -0.9954
115 118 682 0.989836 0.0218163 -0.140532 -0.0614063 -0.0216019 0.999762 0.00305095 -0.000265698 0.140565 1.5815e-05 0.990072 -0.998113
115 119 707 0.983264 0.0230233 -0.180724 -0.0238384 -0.0232378 0.99973 0.000930257 0.00804951 0.180696 0.00328494 0.983533 -0.999683
120 121 889 0.999379 -0.011851 -0.0331838 0.0215166 0.0120069 0.999918 0.0045017 0.0277267 0.0331277 -0.00489734 0.999439 -0.999384
120 122 691 0.997981 -0.0148506 -0.061756 0.007133 0.0153421 0.999854 0.00749196 0.0332618 0.0616357 -0.0084243 0.998063 -0.999421
120 123 643 0.996048 -0.0124937 -0.0879348 0.0186618 0.0134914 0.999851 0.0107604 0.00661906 0.0877872 -0.0119042 0.996068 -0.999804
120 124 592 0.993788 -0.0023669 -0.111261 0.00893564 0.0039756 0.999891 0.0142392 -0.000386747 0.111215 -0.0145931 0.993689 -0.99996
125 126 697 0.9998 0.00237661 -0.0198389 -0.0476457 -0.0022346 0.999972 0.0071775 -0.0422478 0.0198554 -0.00713174 0.999777 -0.99797
125 127 663 0.99927 -2.94511e-05 -0.038208 -0.00112822 0.000363688 0.999962 0.00874092 -0.035091 0.0382063 -0.00874843 0.999232 -0.999383
125 128 584 0.99867 0.000647193 -0.0515556 -0.0175955 -0.00047843 0.999994 0.0032857 -0.00552212 0.0515574 -0.00325666 0.998665 -0.99983
125 129 576 0.997476 -0.00695783 -0.0706563 0.0314679 0.00693241 0.999976 -0.000604952 0.00736072 0.0706587 0.000113608 0.997501 -0.999478
130 131 787 0.999928 0.00402379 -0.0113393 -0.0451176 -0.00403067 0.999992 -0.000584088 -0.00723835 0.0113368 0.000629751 0.999936 -0.998955
130 132 718 0.999749 0.0055053 -0.0217108 -0.0224493 -0.00550338 0.999985 0.000147941 0.0206041 0.0217113 -2.84207e-05 0.999764 -0.999536
130 133 704 0.999566 0.00639982 -0.0287538 -0.00419075 -0.00639843 0.99998 0.000140118 0.0206154 0.0287541 4.3922e-05 0.999587 -0.999779
130 134 742 0.999298 0.0111083 -0.0357902 0.0101277 -0.0110447 0.999937 0.00197525 -0.000904734 0.0358099 -0.00157857 0.999357 -0.999948
135 136 698 0.999979 -0.000351211 -0.00641824 0.00632803 0.000355606 1 0.000683602 0.00572206 0.006418 -0.00068587 0.999979 -0.999964
135 137 816 0.999944 0.00347582 -0.0100059 -0.00914473 -0.00346532 0.999993 0.00106617 0.00189621 0.0100096 -0.00103143 0.999949 -0.999956
135 138 707 0.999915 0.00522811 -0.0119117 -0.02206 -0.00522251 0.999986 0.000500784 0.0129272 0.0119141 -0.000438533 0.999929 -0.999673
135 139 658 0.999864 0.00588632 -0.0154162 -0.0140623 -0.00588403 0.999983 0.000193924 0.00768379 0.0154171 -0.000103188 0.999881 -0.999872
140 141 802 0.999981 0.00612219 -0.00108703 0.0304052 -0.00612381 0.99998 -0.00149102 0.0438211 0.00107788 0.00149765 0.999998 -0.998577
140 142 934 0.99998 0.00618201 -0.00123672 0.0213453 -0.00618203 0.999981 -1.29902e-05 -0.00417363 0.00123661 2.06354e-05 0.999999 -0.999763
140 143 773 0.999933 0.011232 0.00280329 0.00243831 -0.0112311 0.999937 -0.000351694 0.000262271 -0.00280706 0.000320186 0.999996 -0.999997
140 144 687 0.999871 0.0145267 0.00688322 -0.0175651 -0.014527 0.999894 5.07878e-07 -0.00462352 -0.00688249 -0.0001005 0.999976 -0.999835
145 146 827 0.999989 0.0015262 0.00444022 -0.0304141 -0.00152038 0.999998 -0.00131464 -0.0117807 -0.00444221 0.00130787 0.999989 -0.999468
145 147 788 0.999957 0.00247389 0.00897702 0.0169332 -0.00244853 0.999993 -0.00283417 -0.00566125 -0.00898397 0.00281207 0.999956 -0.999841
145 148 808 0.99992 -0.00408451 0.0119798 0.00812313 0.0041565 0.999973 -0.00599022 0.0235778 -0.011955 0.00603953 0.99991 -0.999689
145 149 715 0.999893 -0.000427597 0.014617 0.0142235 0.000534049 0.999973 -0.00727963 0.0139501 -0.0146135 0.00728666 0.999867 -0.999802
150 151 711 0.999991 -0.00179475 0.00383186 -0.0035239 0.00178057 0.999992 0.00370189 0.0153596 -0.00383847 -0.00369503 0.999986 -0.999876
150 152 868 0.999962 -0.00802335 0.00346975 0.0192995 0.00799517 0.999936 0.00806023 0.0159232 -0.0035342 -0.00803218 0.999961 -0.999687
150 153 685 0.999949 -0.00886576 0.00493228 0.0145211 0.00880813 0.999894 0.0115865 -0.00665362 -0.00503449 -0.0115425 0.999921 -0.999872
150 154 586 0.999902 -0.0132607 0.00457062 0.00742535 0.013209 0.99985 0.0111713 -0.000590113 -0.00471808 -0.0111098 0.999927 -0.999972
155 156 1266 0.999999 -0.000293001 -0.00127874 0.0189838 0.000291942 1 -0.000827842 0.013395 0.00127898 0.000827468 0.999999 -0.99973
155 157 1118 0.999999 0.000939492 0.000391443 0.00292452 -0.00093895 0.999999 -0.00138284 0.0116818 -0.000392742 0.00138247 0.999999 -0.999927
155 158 868 0.999991 -0.00270209 0.00335804 -0.0368905 0.00271366 0.99999 -0.0034465 0.0284888 -0.0033487 0.00345558 0.999988 -0.998913
155 159 757 0.999984 -0.00497594 0.00278332 -0.00413267 0.00497867 0.999987 -0.000973801 0.0127835 -0.00277843 0.000987642 0.999996 -0.99991
160 161 1262 0.999978 -0.00601373 -0.00291818 0.018972 0.00600827 0.99998 -0.00187727 0.0565835 0.00292941 0.00185969 0.999994 -0.998218
160 162 988 0.999974 -0.00453118 -0.00563576 -0.00688505 0.00451441 0.999985 -0.00298459 0.0149665 0.00564921 0.00295907 0.99998 -0.999864
160 163 832 0.99989 -0.00968285 -0.0112514 0.017123 0.00962714 0.999941 -0.00499532 0.0183609 0.0112991 0.00488645 0.999924 -0.999685
160 164 631 0.999758 -0.0119275 -0.0184609 0.0206666 0.0118039 0.999907 -0.00678818 0.0189133 0.0185401 0.00656863 0.999807 -0.999608
165 166 1328 0.999923 0.00160337 -0.0123452 0.0686903 -0.00155626 0.999991 0.00382479 -0.0389586 0.0123512 -0.00380528 0.999916 -0.996877
165 167 709 0.999875 -0.000743253 -0.0157768 -0.013925 0.000768496 0.999998 0.00159406 0.0132625 0.0157756 -0.00160599 0.999874 -0.999815
165 168 630 0.999634 0.0016925 -0.0269833 0.00601869 -0.00170406 0.999998 -0.000405356 0.0174256 0.0269825 0.000451188 0.999636 -0.99983
165 169 528 0.999185 -0.00457963 -0.0400939 0.0248673 0.00452731 0.999989 -0.00139569 0.0201467 0.0400998 0.00121304 0.999195 -0.999488
170 171 943 0.99994 0.00031221 -0.0109115 -0.0015879 -0.00030354 1 0.000796179 0.00905149 0.0109117 -0.00079282 0.99994 -0.999958
170 172 615 0.999784 -0.0013134 -0.0207229 -0.0187299 0.0013012 0.999999 -0.00060213 0.0372599 0.0207237 0.000575035 0.999785 -0.99913
170 173 605 0.999389 0.000844889 -0.0349539 0.0311807 -0.000723013 0.999994 0.00349924 0.00999147 0.0349566 -0.00347183 0.999383 -0.999464
170 174 490 0.999228 0.0030297 -0.0391606 -0.0215888 -0.00291309 0.999991 0.00303452 0.00823962 0.0391695 -0.0029181 0.999228 -0.999733
175 176 756 0.999929 0.00328756 -0.0114169 0.0680813 -0.00326516 0.999993 0.00197972 -0.0311246 0.0114234 -0.0019423 0.999933 -0.997194
175 177 563 0.999804 -0.00372562 -0.019464 0.00983463 0.00370567 0.999993 -0.00106067 0.0490262 0.0194678 0.000988334 0.99981 -0.998749
175 178 572 0.999628 -0.0015493 -0.0272391 0.00340988 0.00152025 0.999998 -0.00108716 0.0292631 0.0272407 0.00104535 0.999628 -0.999566
175 179 489 0.999352 0.00644208 -0.0354269 0.0198353 -0.00646095 0.999979 -0.000417998 0.00715102 0.0354235 0.000646618 0.999372 -0.999778
180 181 864 0.999987 0.00228371 -0.00463504 0.0213424 -0.00229015 0.999996 -0.00138386 -0.0055189 0.00463186 0.00139446 0.999988 -0.999757
180 182 794 0.999973 0.000317061 -0.0073142 0.020573 -0.000346427 0.999992 -0.0040141 0.038841 0.00731287 0.00401652 0.999965 -0.999034
180 183 716 0.999949 0.00349351 -0.00950854 0.0145837 -0.00352427 0.999989 -0.00322 0.0121577 0.00949718 0.00325334 0.99995 -0.99982
180 184 575 0.99995 0.00267958 -0.00967714 -0.0013607 -0.00272696 0.999984 -0.0048868 0.0356388 0.0096639 0.00491295 0.999941 -0.999364
185 186 799 0.999994 0.000100878 0.00343453 0.000346361 -0.000106288 0.999999 0.00157504 0.0198924 -0.00343436 -0.00157539 0.999993 -0.999802
185 187 805 0.999953 -0.000135948 0.00968635 -0.0312522 0.000114824 0.999998 0.00218131 0.0205298 -0.00968663 -0.0021801 0.999951 -0.999301
185 188 797 0.999851 -0.000726677 0.0172547 -0.000532159 0.00069512 0.999998 0.00183482 0.0326358 -0.017256 -0.00182255 0.999849 -0.999467
185 189 753 0.99965 -0.00608128 0.0257308 0.0119059 0.00603411 0.99998 0.00191074 0.0311981 -0.0257419 -0.0017548 0.999667 -0.999442
190 191 999 0.999849 0.000117343 0.017391 0.0221385 -0.000138571 0.999999 0.00121943 0.0281731 -0.0173908 -0.00122166 0.999848 -0.999358
190 192 1170 0.999349 0.00213302 0.0360255 0.0553788 -0.0023739 0.999975 0.00664489 -0.0392862 -0.0360105 -0.00672608 0.999329 -0.997692
190 193 1024 0.998018 -0.000718375 0.0629271 -0.00953383 0.000180835 0.999963 0.00854756 -0.00407638 -0.0629309 -0.00851923 0.997982 -0.999946
190 194 881 0.995581 -0.00596349 0.093722 -0.0306767 0.0052344 0.999954 0.00802313 0.0273398 -0.0937655 -0.0074971 0.995566 -0.999155
195 196 769 0.99922 -0.0025115 0.0394062 0.0260623 0.00265774 0.99999 -0.00365913 0.0617663 -0.0393966 0.00376101 0.999217 -0.99775
195 197 1034 0.99715 -0.00126437 0.0754351 0.0898279 0.00165056 0.999986 -0.00505741 -0.0123706 -0.0754276 0.0051675 0.997138 -0.99588
195 198 793 0.992775 -0.00484841 0.11989 0.0626021 0.00646462 0.999893 -0.0130956 0.0407255 -0.119813 0.013776 0.992701 -0.997207
195 199 629 0.98457 -0.00552391 0.174906 -0.0241486 0.00864032 0.999817 -0.0170611 0.047687 -0.17478 0.0183091 0.984437 -0.99857
200 201 919 0.998329 -0.00268726 0.0577283 0.0760408 0.00283067 0.999993 -0.00240257 0.0467179 -0.0577214 0.00256196 0.998329 -0.99601
200 202 562 0.992994 0.00261313 0.118132 0.0440176 -0.00301096 0.99999 0.00318936 -0.0177956 -0.118122 -0.00352271 0.992993 -0.998872
200 203 271 0.983161 0.00486838 0.182677 0.0148844 -0.00595241 0.999968 0.00538631 0.0139251 -0.182645 -0.00638298 0.983158 -0.999792
200 204 216 0.966252 0.00868646 0.25745 -0.101796 -0.0125629 0.999831 0.013416 -0.0251743 -0.25729 -0.0161976 0.966198 -0.994487
205 206 740 0.997448 -0.000710945 0.0713888 0.0373331 0.000547706 0.999997 0.00230618 -0.00626004 -0.0713903 -0.00226119 0.997446 -0.999283
205 207 632 0.990008 -0.00110266 0.14101 0.0150036 0.00049924 0.999991 0.00431455 0.00198341 -0.141013 -0.00420104 0.989999 -0.999885
205 208 369 0.979008 0.00114591 0.203818 0.0405385 -0.00167624 0.999996 0.00242935 -0.00186963 -0.203815 -0.00272 0.979006 -0.999176
205 209 350 0.962656 0.00508436 0.270682 -0.0125412 -0.00405825 0.999982 -0.00435041 0.0138962 -0.270699 0.00308946 0.962659 -0.999825
210 211 737 0.997884 4.62836e-05 0.0650133 0.110488 0.000364343 0.99998 -0.00630417 0.0318511 -0.0650123 0.00631452 0.997864 -0.993367
210 212 636 0.992064 -0.000645791 0.125732 0.0576342 0.00221062 0.999922 -0.0123066 0.00676904 -0.125714 0.0124869 0.991988 -0.998315
210 213 690 0.982983 -0.000362636 0.183696 0.0113624 0.00367837 0.999836 -0.0177096 0.0205616 -0.18366 0.018084 0.982823 -0.999724
210 214 512 0.973242 -0.00804223 0.22964 0.0249308 0.0125862 0.999753 -0.0183294 0.028671 -0.229436 0.0207293 0.973103 -0.999278
215 216 831 0.999316 -0.00470862 0.0366886 0.0393412 0.00459567 0.999984 0.00316243 -0.0336758 -0.0367029 -0.00299166 0.999322 -0.998658
215 217 878 0.99754 -0.00801099 0.0696385 0.0567953 0.00787707 0.999967 0.00219749 0.0258646 -0.0696537 -0.00164353 0.99757 -0.998051
215 218 859 0.995947 -0.00344462 0.0898763 0.0457973 0.00324077 0.999992 0.00241402 0.0196553 -0.0898839 -0.00211297 0.99595 -0.998757
215 219 697 0.994085 0.00338322 0.10855 0.00310414 -0.00353544 0.999993 0.00120989 0.014209 -0.108546 -0.00158651 0.99409 -0.999894
220 221 714 0.999937 -0.00582679 0.00959814 0.0433342 0.00582382 0.999983 0.000338064 -0.0167756 -0.00959995 -0.000282145 0.999954 -0.99892
220 222 914 0.999783 -0.0147084 0.0147722 0.0767662 0.0146896 0.999891 0.00138035 0.00464215 -0.0147909 -0.00116305 0.99989 -0.997038
220 223 931 0.999642 -0.018414 0.0194058 0.00893116 0.0183232 0.99982 0.00484621 0.00558035 -0.0194915 -0.0044889 0.9998 -0.999945
220 224 1010 0.999618 -0.018471 0.0205474 0.0119864 0.0183085 0.9998 0.00806874 -0.00187975 -0.0206923 -0.00768947 0.999756 -0.999926
225 226 759 0.999972 0.00545812 -0.00503651 0.0698028 -0.00542054 0.999958 0.00744445 -0.0386786 0.00507693 -0.00741694 0.99996 -0.996811
225 227 866 0.999965 0.00274898 -0.00793371 0.000860756 -0.00266896 0.999946 0.0100794 0.00668388 0.00796098 -0.0100579 0.999918 -0.999977
225 228 857 0.999884 -0.00533408 -0.0142988 0.0286633 0.00546611 0.999943 0.00921027 0.00539449 0.0142488 -0.00928735 0.999855 -0.999575
225 229 878 0.999848 -0.00547652 -0.0165537 -0.0186126 0.00558124 0.999965 0.00628673 0.00817571 0.0165187 -0.00637817 0.999843 -0.999793
230 231 614 0.999991 0.00269884 -0.00312613 -0.0386795 -0.00271911 0.999975 -0.00649987 0.0340286 0.00310851 0.00650832 0.999974 -0.998672
230 232 806 0.999962 0.00372165 -0.00790219 0.0288671 -0.00380008 0.999943 -0.00993391 0.00983731 0.00786477 0.00996356 0.999919 -0.999535
230 233 824 0.999899 0.0102573 -0.00985127 -0.00928923 -0.010368 0.999883 -0.0112509 0.0197781 0.00973471 0.0113519 0.999888 -0.999761
230 234 760 0.999816 0.0170825 -0.00872917 -0.0320573 -0.0171442 0.999828 -0.00703805 0.0047628 0.00860745 0.00718641 0.999937 -0.999475
235 236 639 0.999999 -0.00153 -0.000420565 0.0446535 0.00153291 0.999974 0.00701149 0.00543506 0.000409827 -0.00701212 0.999975 -0.998988
235 237 838 0.999987 -0.00490679 0.00138684 0.0604633 0.00489255 0.999937 0.0100928 0.0100365 -0.00143628 -0.0100859 0.999948 -0.99812
235 238 770 0.99998 0.000450568 0.00637118 -0.000646238 -0.0004862 0.999984 0.00559223 0.00850422 -0.00636856 -0.00559521 0.999964 -0.999964
235 239 703 0.999974 0.000677275 0.00715902 0.0236775 -0.000665004 0.999998 -0.00171621 0.0148497 -0.00716017 0.0017114 0.999973 -0.999609
240 241 593 0.99999 -0.0043143 0.00128749 0.0477595 0.00431377 0.999991 0.000419844 0.0265326 -0.00128929 -0.000414286 0.999999 -0.998506
240 242 776 0.999956 -0.00857278 0.00368008 0.019425 0.00855298 0.999949 0.00536316 0.00602921 -0.00372587 -0.00533145 0.999979 -0.999793
240 243 782 0.999928 -0.00888108 0.00808499 -0.0126367 0.00878952 0.999898 0.0112907 0.000448881 -0.00818444 -0.0112189 0.999904 -0.99992
240 244 696 0.999927 -0.00566548 0.0106811 0.0269295 0.00551388 0.999884 0.0141691 0.00370141 -0.0107601 -0.0141091 0.999843 -0.99963
245 246 722 0.99999 0.00283002 0.00337397 0.00725732 -0.00282276 0.999994 -0.00215562 0.00499249 -0.00338005 0.00214607 0.999992 -0.999961
245 247 809 0.999979 0.00382933 0.00529138 -0.010571 -0.00380283 0.99998 -0.00501007 0.0118791 -0.00531046 0.00498984 0.999973 -0.999874
245 248 744 0.99994 0.00806206 0.00744313 -0.012558 -0.00800696 0.999941 -0.0074042 0.0106784 -0.00750238 0.00734416 0.999945 -0.999864
245 249 629 0.999907 0.0112042 0.007821 -0.00950761 -0.0111334 0.999897 -0.00903784 0.0203619 -0.00792146 0.00894992 0.999929 -0.999747
250 251 605 0.999987 -0.00479307 -0.0016169 0.0414183 0.00479482 0.999988 0.00107978 0.0306203 0.0016117 -0.00108752 0.999998 -0.998673
250 252 694 0.999961 -0.00865762 0.00143072 -0.0493627 0.008651 0.999952 0.00457297 0.00797987 -0.00147025 -0.00456041 0.999989 -0.998749
250 253 630 0.99981 -0.0194313 -0.00172234 0.00917069 0.0194406 0.999795 0.00558805 0.0191375 0.00161341 -0.00562047 0.999983 -0.999775
250 254 622 0.999687 -0.0245626 -0.00482817 0.0178818 0.0245931 0.999677 0.00636145 0.00539328 0.00467036 -0.0064782 0.999968 -0.999826
255 256 669 0.999996 -0.000272533 -0.0027866 0.00855366 0.000276053 0.999999 0.0012631 0.00556879 0.00278625 -0.00126387 0.999995 -0.999948
255 257 697 0.999987 0.00262675 -0.00432756 0.00466954 -0.00261037 0.999989 0.0037871 0.00109177 0.00433747 -0.00377576 0.999983 -0.999989
255 258 593 0.999961 0.00727299 -0.00504544 -0.0178581 -0.00727001 0.999973 0.000608386 0.0188004 0.00504973 -0.000571682 0.999987 -0.999664
255 259 553 0.999842 0.0165201 -0.00648874 -0.000181226 -0.0164906 0.999854 0.00456287 0.00109233 0.00656317 -0.00445514 0.999969 -0.999999
260 261 550 0.999996 -0.00290939 -0.000369064 -0.0115155 0.00290866 0.999994 -0.00195484 -0.00296864 0.000374749 0.00195376 0.999998 -0.999929
260 262 575 0.999956 -0.00893277 -0.00303164 0.013412 0.00890202 0.99991 -0.0100076 0.0347963 0.00312076 0.00998021 0.999945 -0.999304
260 263 494 0.999953 -0.00869531 -0.00432235 0.0239763 0.00863264 0.99986 -0.0143129 0.0354055 0.0044462 0.0142749 0.999888 -0.999085
260 264 477 0.999961 -0.00770228 -0.00440926 0.00910141 0.00767956 0.999957 -0.00514635 0.00954931 0.00444871 0.00511228 0.999977 -0.999913
265 266 759 0.999995 0.00285343 -0.00107022 0.0497176 -0.00284502 0.999966 0.00777817 0.0272528 0.00109237 -0.00777509 0.999969 -0.998391
265 267 599 0.999984 0.00552389 0.000848485 0.0234757 -0.00552304 0.999984 -0.00100538 0.017534 -0.000854025 0.00100068 0.999999 -0.999571
265 268 501 0.999973 0.00674058 0.00304356 -0.00961283 -0.00667186 0.999735 -0.0220508 0.0323285 -0.00319139 0.0220299 0.999752 -0.999431
265 269 404 0.999966 0.00688589 0.00462556 -0.00583057 -0.00671169 0.999305 -0.0366755 0.0437767 -0.00487489 0.0366432 0.999317 -0.999024
270 271 616 0.999986 -0.00524658 0.00079031 0.0217035 0.00523326 0.999858 0.0160023 0.00406535 -0.000874156 -0.015998 0.999872 -0.999756
270 272 516 0.999986 -0.00480177 0.00230161 0.00211065 0.00474776 0.999726 0.0229246 0.0102157 -0.00241106 -0.0229134 0.999735 -0.999946
270 273 446 0.999991 0.00238545 0.00363641 0.0371269 -0.00247484 0.99969 0.0247798 -0.00358869 -0.00357617 -0.0247886 0.999686 -0.999304
270 274 366 0.999985 0.00198138 0.00516642 0.0133744 -0.0021038 0.999715 0.0237991 0.00296744 -0.00511779 -0.0238096 0.999703 -0.999906
275 276 675 0.999978 0.000706017 0.00665252 -0.0317884 -0.000717575 0.999998 0.0017352 0.0142381 -0.00665128 -0.00173993 0.999976 -0.999393
275 277 601 0.999966 -0.00372359 0.00732684 0.0199974 0.00370468 0.99999 0.00259356 0.00561539 -0.00733643 -0.00256633 0.99997 -0.999784
275 278 485 0.999882 -0.0115335 0.0101447 0.00403301 0.0115191 0.999933 0.00148084 0.0178635 -0.0101611 -0.00136381 0.999947 -0.999832
275 279 391 0.99983 -0.0149428 0.0108321 0.0154567 0.0149409 0.999888 0.00025233 0.0139404 -0.0108347 -9.04453e-05 0.999941 -0.999783
280 281 843 0.999997 0.00172701 0.00153339 0.00519493 -0.00172821 0.999998 0.000783064 -0.00238104 -0.00153203 -0.000785712 0.999999 -0.999984
280 282 808 0.99998 0.00449911 0.00447704 -0.0014098 -0.00451314 0.999985 0.00313046 0.0157003 -0.00446289 -0.00315061 0.999985 -0.999876
280 283 656 0.999917 0.00911454 0.0091005 -0.00159968 -0.00917718 0.999934 0.00686585 0.0135576 -0.00903732 -0.0069488 0.999935 -0.999907
280 284 506 0.999759 0.0141899 0.0167405 -0.0161228 -0.0143374 0.999859 0.00872855 0.00944153 -0.0166143 -0.00896647 0.999822 -0.999825
285 286 784 0.999978 0.00152613 0.0063817 -0.00121033 -0.00147006 0.99996 -0.00878069 0.0315833 -0.00639484 0.00877112 0.999941 -0.9995
285 287 733 0.999913 0.00276122 0.0129082 -0.0427072 -0.00255755 0.999872 -0.0157689 -0.00596611 -0.0129501 0.0157345 0.999792 -0.99907
285 288 560 0.999898 -0.00469418 0.013458 0.0261746 0.00496138 0.99979 -0.0198902 0.0224239 -0.0133618 0.019955 0.999712 -0.999406
285 289 465 0.999796 -0.00508403 0.0195614 0.00279735 0.00538956 0.999864 -0.0155982 0.0158937 -0.0194794 0.0157004 0.999687 -0.99987
290 291 725 0.999965 0.00527736 0.00644011 -0.0288045 -0.00530893 0.999974 0.00489497 0.0149624 -0.00641411 -0.00492899 0.999967 -0.999473
290 292 625 0.999912 0.00443232 0.0124658 0.00334097 -0.00448778 0.99998 0.00442455 0.00911453 -0.0124459 -0.0044801 0.999913 -0.999953
290 293 488 0.999779 -0.00344905 0.0207214 0.00642895 0.00342715 0.999994 0.00109208 0.022185 -0.0207251 -0.00102083 0.999785 -0.999733
290 294 427 0.999547 -0.00739001 0.0291738 -0.00610698 0.00730029 0.999968 0.00318048 0.0117339 -0.0291963 -0.00296606 0.999569 -0.999913
295 296 761 0.999966 0.00302728 0.00763407 0.021647 -0.00304406 0.999993 0.00218742 0.0100734 -0.0076274 -0.00221058 0.999968 -0.999715
295 297 669 0.999868 0.00119522 0.0162157 0.00670768 -0.00120157 0.999999 0.000381771 0.0016473 -0.0162152 -0.000401205 0.999868 -0.999976
295 298 545 0.999697 -0.00179123 0.0245548 -0.00256556 0.00192479 0.999983 -0.0054168 0.00631733 -0.0245447 0.00546243 0.999684 -0.999977
295 299 445 0.999368 -0.00466754 0.0352497 -0.0212926 0.00505013 0.999929 -0.0107724 0.014085 -0.035197 0.0109436 0.99932 -0.999674
300 301 727 0.999973 0.000150396 0.00732985 0.00365433 -0.000130297 0.999996 -0.0027425 0.0229495 -0.00733023 0.00274147 0.999969 -0.99973
300 302 626 0.999928 0.00567285 0.0105416 0.0194831 -0.00566818 0.999984 -0.000472579 0.00111683 -0.0105441 0.000412794 0.999944 -0.99981
300 303 520 0.999852 -0.00200085 0.0170957 -0.0129725 0.00190737 0.999983 0.00548267 0.00561976 -0.0171064 -0.00544925 0.999839 -0.9999
300 304 450 0.999782 -0.00426326 0.0204322 0.000522804 0.00396852 0.999888 0.0144441 -0.012549 -0.0204914 -0.0143599 0.999687 -0.999921
305 306 825 0.999994 -0.00276506 0.00186525 0.0518146 0.00277506 0.999982 -0.00538248 0.00453027 -0.00185034 0.00538762 0.999984 -0.998646
305 307 652 0.99997 -0.00184563 0.00757859 -0.0248995 0.00195812 0.999888 -0.0148635 0.00449832 -0.0075503 0.0148779 0.999861 -0.99968
305 308 538 0.999898 -0.00838888 0.0115976 -0.0329045 0.00865055 0.999705 -0.0226989 0.0308422 -0.0114037 0.0227969 0.999675 -0.998983
305 309 452 0.999886 0.000987777 0.0150822 0.00438005 -0.000675512 0.999786 -0.0206953 0.0184449 -0.0150994 0.0206827 0.999672 -0.99982
310 311 910 0.999972 0.00281215 0.00694411 -0.00140776 -0.00284797 0.999983 0.00515391 -0.00625872 -0.00692949 -0.00517354 0.999963 -0.999979
310 312 711 0.999919 0.000229955 0.0127642 0.0114016 -0.000274383 0.999994 0.00347906 0.000360203 -0.0127633 -0.00348228 0.999912 -0.999935
310 313 524 0.999793 0.00212737 0.0202174 0.0338975 -0.00208175 0.999995 -0.002277 0.0155696 -0.0202222 0.00223445 0.999793 -0.999304
310 314 434 0.999559 0.00606815 0.0290794 -0.00452118 -0.00589498 0.999964 -0.00603725 0.0160966 -0.029115 0.00586317 0.999559 -0.99986
315 316 890 0.999986 0.00337147 0.00412216 0.0271582 -0.00337263 0.999994 0.000275788 0.0198662 -0.0041212 -0.000289687 0.999991 -0.999434
315 317 734 0.99991 0.00773423 0.0109304 0.00627726 -0.0078097 0.999946 0.00687889 0.0160674 -0.0108766 -0.00696364 0.999917 -0.999851
315 318 678 0.99966 0.0170046 0.0197445 -0.000797178 -0.0173277 0.999717 0.016312 0.00308662 -0.0194616 -0.0166486 0.999672 -0.999995
315 319 591 0.99926 0.0278909 0.0264743 -0.0122362 -0.0284518 0.999373 0.0210526 -0.0029954 -0.0258706 -0.0217903 0.999428 -0.999921
320 321 1043 0.99992 -0.0105195 0.00706647 -0.0147419 0.0106182 0.999844 -0.0140877 0.0365134 -0.00691717 0.0141616 0.999876 -0.999224
320 322 684 0.999873 -0.0129678 0.00922642 0.0416071 0.0131594 0.999692 -0.0210237 0.0210692 -0.00895095 0.0211425 0.999736 -0.998912
320 323 521 0.999797 -0.0159515 0.0122943 0.0211782 0.0161826 0.99969 -0.0189322 0.029766 -0.0119885 0.0191273 0.999745 -0.999333
320 324 461 0.999714 -0.0186987 0.0149173 0.0143426 0.0188062 0.999798 -0.00709785 0.0150566 -0.0147816 0.00737635 0.999864 -0.999784
325 326 852 0.999998 0.00161881 0.00124803 0.0312486 -0.00162331 0.999992 0.00361527 0.00848665 -0.00124216 -0.00361728 0.999993 -0.999476
325 327 709 0.999966 0.00652957 0.00502334 -0.00562419 -0.00652715 0.999979 -0.000496461 0.00670979 -0.00502648 0.000463656 0.999987 -0.999962
325 328 528 0.999952 0.00931677 0.00298889 0.0207425 -0.00928729 0.99991 -0.00973229 0.0145262 -0.0030793 0.00970406 0.999948 -0.999679
325 329 434 0.999961 0.00774918 0.0041341 0.00636183 -0.00768253 0.999844 -0.0159021 0.0218403 -0.00425668 0.0158697 0.999865 -0.999741
330 331 866 0.999992 0.0038275 0.00136553 -0.000259859 -0.00383906 0.999956 0.00856588 0.0194453 -0.00133269 -0.00857106 0.999962 -0.999811
330 332 758 0.999903 0.013374 0.00390938 0.00889693 -0.01345 0.999708 0.0200861 0.0073342 -0.00363961 -0.0201367 0.999791 -0.999934
330 333 660 0.99972 0.0230198 0.00555887 -0.00666314 -0.023147 0.999444 0.0240109 0.00220228 -0.00500305 -0.0241328 0.999696 -0.999975
330 334 545 0.999774 0.0205088 0.0055592 0.00276914 -0.020615 0.999592 0.019765 0.0089225 -0.00515158 -0.0198751 0.999789 -0.999956
335 336 955 0.999998 0.00109586 0.00160299 0.0105179 -0.00109028 0.999993 -0.00347778 0.0136677 -0.00160679 0.00347602 0.999993 -0.999851
335 337 764 0.999996 0.00120958 0.00254645 -0.0027857 -0.00120949 0.999999 -3.66869e-05 0.0180275 -0.0025465 3.36069e-05 0.999997 -0.999834
335 338 610 0.999995 0.00138598 0.00271252 -0.00657299 -0.00140092 0.999984 0.00551051 0.0121703 -0.00270484 -0.00551429 0.999981 -0.999904
335 339 449 0.999977 -0.00625723 0.0027593 0.00352302 0.00623786 0.999956 0.00697566 0.00597361 -0.00280283 -0.00695828 0.999972 -0.999976
340 341 635 0.999991 -0.00421207 0.000921574 -0.00520487 0.00421499 0.999986 -0.00319686 0.0234161 -0.000908095 0.00320072 0.999994 -0.999712
340 342 535 0.999981 -0.00611194 0.00100358 0.00527879 0.00611853 0.999959 -0.00670107 0.0225237 -0.000962581 0.00670708 0.999977 -0.999732
340 343 411 0.999969 -0.00730801 0.00299127 -0.00575627 0.00732525 0.999956 -0.00579251 0.0134362 -0.00294881 0.00581424 0.999979 -0.999893
340 344 302 0.999939 -0.0107113 0.00266368 -0.00920363 0.0107179 0.99994 -0.00247355 0.0213447 -0.00263702 0.00250195 0.999993 -0.99973
345 346 464 0.999999 0.000151765 0.00125531 0.00398108 -0.000150985 1 -0.000621783 0.00703284 -0.00125541 0.000621593 0.999999 -0.999967
345 347 415 0.999992 0.000868011 0.00385464 -0.0024905 -0.000824421 0.999936 -0.0112957 0.0273667 -0.0038642 0.0112924 0.999929 -0.999622
345 348 355 0.999982 0.00120301 0.00584279 -0.014687 -0.00108919 0.99981 -0.0194447 0.0208155 -0.00586507 0.019438 0.999794 -0.999675
345 349 289 0.999937 0.00953018 0.00588733 0.00301412 -0.00940615 0.99974 -0.0207481 0.0196314 -0.00608354 0.0206914 0.999767 -0.999803
350 351 728 0.999992 -0.0038629 -0.00103913 0.0359498 0.00386888 0.999976 0.00582061 0.0136276 0.00101662 -0.00582459 0.999983 -0.999261
350 352 508 0.999997 -0.00211164 -0.00148389 0.0286968 0.00212658 0.999946 0.0101384 0.01626 0.0014624 -0.0101415 0.999948 -0.999456
350 353 413 0.999999 -0.000628732 -0.00100584 0.00645934 0.000644754 0.999872 0.0160084 -0.00049827 0.000995648 -0.0160091 0.999871 -0.999979
350 354 364 0.99999 0.00154853 -0.00417705 0.00617315 -0.00146815 0.999815 0.01918 0.0137998 0.00420598 -0.0191736 0.999807 -0.999886
355 356 516 0.999992 -0.000143096 -0.00398033 -0.0597918 0.000123801 0.999988 -0.00484736 0.00276862 0.00398098 0.00484683 0.99998 -0.998207
355 357 464 0.999892 -0.00753482 -0.0126246 0.0229696 0.0073428 0.999858 -0.0151881 0.0376825 0.0127373 0.0150938 0.999805 -0.999026
355 358 441 0.99976 -0.0116426 -0.018569 0.0355 0.0112864 0.999752 -0.0191724 0.0262851 0.0187877 0.0189583 0.999644 -0.999024
355 359 415 0.999689 -0.011058 -0.0223618 0.0124633 0.0106726 0.999794 -0.0172813 0.0157899 0.0225482 0.0170373 0.999601 -0.999798
360 361 481 0.99997 0.000140423 -0.00778383 0.01142 -7.01273e-05 0.999959 0.00903052 -0.00657993 0.00778478 -0.0090297 0.999929 -0.999913
360 362 637 0.99993 -0.00157213 -0.0117683 -0.0600024 0.00174607 0.999889 0.0147849 -0.0195059 0.0117437 -0.0148044 0.999821 -0.998008
360 363 531 0.999772 -0.000109608 -0.0213587 0.0105099 0.000384956 0.999917 0.0128879 -0.00893689 0.0213555 -0.0128932 0.999689 -0.999905
360 364 452 0.999604 0.00071184 -0.0281189 0.0182579 -0.000508124 0.999974 0.00725131 0.00437075 0.0281233 -0.00723415 0.999578 -0.999824
