0 1 3271 0.999985 0.00314983 0.00446008 -0.0125484 -0.00315238 0.999995 0.00056622 0.0302208 -0.00445827 -0.000580272 0.99999 -0.999464
0 2 2895 0.999926 -0.000731598 0.0121406 -0.0732369 0.000698547 0.999996 0.00272639 0.0232723 -0.0121425 -0.00271771 0.999923 -0.997043
0 3 1876 0.999934 0.00344234 0.0110003 0.0124539 -0.00350097 0.99998 0.00531563 -0.00890409 -0.0109818 -0.00535378 0.999925 -0.999883
0 4 1615 0.999834 -0.00282528 0.0179856 -0.0114656 0.00268397 0.999965 0.00787641 -0.0128708 -0.0180072 -0.00782683 0.999807 -0.999851
5 6 3805 0.999789 -0.002134 0.0204343 -0.470501 0.00214553 0.999998 -0.000541935 0.0585947 -0.0204331 0.000585663 0.999791 -0.880452
5 7 2538 0.999932 -0.00288333 0.0112851 -0.0353589 0.00286619 0.999995 0.0015342 0.00388856 -0.0112894 -0.00150176 0.999935 -0.999367
5 8 1642 0.999905 -0.00338683 0.0133356 -0.00635348 0.00338984 0.999994 -0.000203478 -0.00201928 -0.0133349 0.000248664 0.999911 -0.999978
5 9 1376 0.99985 -0.00272672 0.0170784 -0.0089762 0.00277798 0.999992 -0.00297825 0.0155837 -0.0170701 0.00302525 0.99985 -0.999838
10 11 3668 0.999992 -3.86847e-05 0.00401588 -0.0125785 3.8916e-05 1 -5.75136e-05 0.0334577 -0.00401587 5.76694e-05 0.999992 -0.999361
10 12 2406 0.999993 -0.00171013 0.00344384 0.0373966 0.00170973 0.999999 0.00011702 0.0229074 -0.00344403 -0.000111131 0.999994 -0.999038
10 13 1879 0.999991 0.00228241 0.00358426 0.0283069 -0.00228673 0.999997 0.00120304 0.00598264 -0.00358151 -0.00121123 0.999993 -0.999581
10 14 1437 0.999926 0.00829794 0.00886031 -0.00403737 -0.00830537 0.999965 0.000802012 -0.0108852 -0.00885335 -0.000875541 0.99996 -0.999933
15 16 3050 1 -0.000789909 0.000464295 0.0348426 0.000789281 0.999999 0.00135029 0.0231908 -0.000465361 -0.00134992 0.999999 -0.999124
15 17 2463 0.999995 -0.00244387 0.00175122 0.0390791 0.00243619 0.999987 0.0043752 0.0151531 -0.00176189 -0.00437092 0.999989 -0.999121
15 18 2119 0.99996 -0.00651385 0.00606325 0.00170178 0.00646232 0.999943 0.00848006 -0.0127952 -0.00611814 -0.00844054 0.999946 -0.999917
15 19 1357 0.99997 -0.0057226 0.00530358 0.0125384 0.00569232 0.999968 0.0057068 -0.000236572 -0.00533607 -0.00567643 0.99997 -0.999921
20 21 3350 0.999997 0.00065982 0.00234335 0.0180215 -0.000654875 0.999998 -0.0021105 0.0119641 -0.00234474 0.00210896 0.999995 -0.999766
20 22 2147 1 0.000848516 0.00017451 0.0473419 -0.00084804 0.999996 -0.00270827 0.0131922 -0.000176807 0.00270812 0.999996 -0.998792
20 23 1484 0.999994 -0.0010404 0.00329704 0.0101839 0.00104568 0.999998 -0.00160163 0.015882 -0.00329537 0.00160507 0.999993 -0.999822
20 24 1077 0.999973 0.00538033 0.0049973 -0.00976512 -0.00537696 0.999985 -0.000688545 0.00684657 -0.00500093 0.000661656 0.999987 -0.999929
25 26 2812 0.999998 -0.00162024 0.00135308 -0.0230961 0.00162571 0.99999 -0.00404952 0.0281635 -0.00134651 0.00405171 0.999991 -0.999336
25 27 2160 0.999991 -0.00422523 0.000233561 -0.0230767 0.00422643 0.999977 -0.00538232 0.0148449 -0.000210814 0.00538325 0.999985 -0.999623
25 28 1385 0.999972 -0.00636193 -0.00384191 0.00408638 0.00632646 0.999938 -0.00917669 0.0253748 0.00390005 0.00915213 0.999951 -0.99967
25 29 1197 0.999981 0.00115685 -0.00602663 0.0376736 -0.00122545 0.999934 -0.0113914 0.00864363 0.00601306 0.0113986 0.999917 -0.999253
30 31 3065 0.999992 -0.00212539 -0.00352937 0.11064 0.00214003 0.999989 0.00415174 0.0253602 0.00352051 -0.00415926 0.999985 -0.993537
30 32 2656 1 -3.61532e-05 -0.000372561 -0.013296 3.92249e-05 0.999966 0.00824822 0.00242459 0.000372251 -0.00824824 0.999966 -0.999909
30 33 1868 0.999994 0.0012617 -0.00335049 0.00262119 -0.00123751 0.999973 0.00721185 0.00812726 0.0033595 -0.00720766 0.999968 -0.999964
30 34 1441 0.999972 0.00694491 -0.00269765 -0.00100456 -0.00694334 0.999976 0.000591001 0.0223229 0.00270169 -0.000572254 0.999996 -0.99975
35 36 2612 0.999976 0.00690833 5.12466e-05 -0.00415362 -0.00690838 0.999976 0.000910334 0.0167576 -4.49565e-05 -0.000910666 1 -0.999851
35 37 2215 0.999938 0.0109631 0.00208833 0.0111551 -0.0109714 0.999932 0.0040014 -0.00287557 -0.00204432 -0.00402406 0.99999 -0.999934
35 38 2016 0.99994 0.0106216 0.00262888 0.0482556 -0.0106464 0.999897 0.00962831 -0.0116686 -0.00252634 -0.00965572 0.99995 -0.998767
35 39 1423 0.999977 0.00320704 0.00589326 -0.016333 -0.00325973 0.999955 0.00895157 0.0255998 -0.00586428 -0.00897058 0.999943 -0.999539
40 41 2786 0.999996 -0.00262683 0.000853818 0.0170298 0.00263015 0.999989 -0.00391913 0.0280788 -0.000843513 0.00392136 0.999992 -0.999461
40 42 2789 0.999993 -0.00165499 0.00350123 0.00018737 0.00166366 0.999996 -0.00247594 -0.00987169 -0.00349712 0.00248175 0.999991 -0.999951
40 43 1881 0.999985 -0.0051911 0.0018053 0.00859487 0.00520349 0.999962 -0.00692688 0.0139017 -0.00176928 0.00693617 0.999974 -0.999866
40 44 1604 0.999989 -0.00385689 0.00274627 -0.000168725 0.00388723 0.99993 -0.0111307 0.0380858 -0.00270315 0.0111413 0.999934 -0.999274
45 46 2954 0.999991 -0.00390942 0.0014882 -0.0653841 0.00390836 0.999992 0.000714308 0.0323447 -0.00149098 -0.000708486 0.999999 -0.997336
45 47 2164 0.999993 -0.00351853 -0.00127705 0.00455833 0.00352096 0.999992 0.00190472 0.0287148 0.00127034 -0.00190921 0.999997 -0.999577
45 48 1850 0.999997 -0.00220104 0.000977823 0.000321649 0.00219688 0.999989 0.00423035 0.00571504 -0.000987123 -0.00422819 0.999991 -0.999984
45 49 1441 0.999999 0.000583239 0.00114444 -3.98425e-05 -0.000587541 0.999993 0.00376164 0.0166708 -0.00114223 -0.00376231 0.999992 -0.999861
50 51 2987 0.999996 -0.00196841 0.00197883 -0.0454748 0.00196888 0.999998 -0.000237119 0.00532974 -0.00197835 0.000241014 0.999998 -0.998951
50 52 2450 0.999989 -0.00447426 0.0015182 -0.0185714 0.00447038 0.999987 0.00254621 0.00915 -0.00152957 -0.0025394 0.999996 -0.999786
50 53 1894 0.999987 -0.00511245 0.000358248 0.0240495 0.00510976 0.999961 0.00716693 0.0027164 -0.000394874 -0.007165 0.999974 -0.999707
50 54 1515 0.99997 -0.00718199 0.00274638 0.00651804 0.00715937 0.999941 0.00816017 0.0133112 -0.00280483 -0.00814027 0.999963 -0.99989
55 56 2855 0.999996 0.00236865 -0.00142134 0.0536274 -0.00237237 0.999994 -0.0026241 0.000219771 0.00141512 0.00262747 0.999996 -0.998561
55 57 2332 0.999998 0.000738883 -0.00174674 0.0326307 -0.000744809 0.999994 -0.00339454 0.0195412 0.00174423 0.00339583 0.999993 -0.999276
55 58 1942 0.99997 0.00769021 -0.000573452 0.00523801 -0.0076911 0.999969 -0.00156964 -0.00453328 0.000561364 0.00157401 0.999999 -0.999976
55 59 1545 0.999901 0.0140434 -0.000857548 0.034964 -0.0140444 0.999901 -0.00127715 0.00449789 0.000839527 0.00128907 0.999999 -0.999378
60 61 2462 0.999995 0.0027166 -0.00128571 0.0263999 -0.00272234 0.999986 -0.00448833 0.0338352 0.0012735 0.00449181 0.999989 -0.999079
60 62 2731 0.999975 0.00580996 0.00405215 -0.0324946 -0.0057728 0.999942 -0.00912167 0.0102157 -0.00410491 0.00909805 0.99995 -0.99942
60 63 2040 0.999991 0.00137876 0.00396203 -0.0148545 -0.00133805 0.999946 -0.0102579 0.0169683 -0.00397596 0.0102525 0.99994 -0.999746
60 64 1585 0.999992 0.00149076 0.00377514 0.00923927 -0.00146278 0.999972 -0.00740243 0.0163201 -0.00378606 0.00739685 0.999965 -0.999824
65 66 2434 0.999982 -0.00601539 -0.000353096 0.0166817 0.006017 0.999971 0.00475896 0.0482164 0.000324459 -0.004761 0.999989 -0.998698
65 67 2653 0.999981 -0.00613885 -0.000190875 0.082799 0.00613957 0.999973 0.00407284 -0.00877379 0.000165867 -0.00407393 0.999992 -0.996528
65 68 2226 0.999946 -0.0104029 9.89386e-05 0.0658337 0.0104027 0.999945 0.00165557 0.0101802 -0.000116156 -0.00165445 0.999999 -0.997779
65 69 1851 0.99989 -0.0141105 0.00466871 -0.00858467 0.0141113 0.9999 -0.000152349 0.0225509 -0.0046661 0.000218214 0.999989 -0.999709
70 71 3702 0.999989 -0.00281318 0.0037922 -0.0765023 0.002814 0.999996 -0.000210239 0.0348455 -0.00379159 0.000220907 0.999993 -0.99646
70 72 3040 0.999992 -0.00245483 0.00329701 0.00842576 0.00246049 0.999996 -0.0017124 0.0242775 -0.0032928 0.0017205 0.999993 -0.99967
70 73 2439 0.999987 -0.00371205 0.00340891 0.00235498 0.00371744 0.999992 -0.00157771 0.0181561 -0.00340303 0.00159036 0.999993 -0.999832
70 74 2197 0.99998 -0.00377085 0.00506853 -0.0111823 0.00378407 0.999989 -0.00260212 0.0106084 -0.00505866 0.00262125 0.999984 -0.999881
75 76 3147 0.999997 -0.00222302 -0.000520555 0.039175 0.00222106 0.999991 -0.00372555 0.00895213 0.000528832 0.00372438 0.999993 -0.999192
75 77 3294 0.999982 -0.00462149 0.0038576 -0.0188824 0.004643 0.999974 -0.00558474 0.0142062 -0.00383169 0.00560255 0.999977 -0.999721
75 78 2749 0.999973 -0.00580522 0.00447618 0.0220175 0.00580589 0.999983 -0.000136721 -0.00618839 -0.00447531 0.000162706 0.99999 -0.999738
75 79 2493 0.999962 -0.00724665 0.00478643 0.0253159 0.0072161 0.999954 0.0063693 -0.00111491 -0.00483236 -0.00633452 0.999968 -0.999679
80 81 5031 0.999935 -0.000820918 -0.0113808 0.448468 0.000865061 0.999992 0.0038744 -0.0792364 0.0113775 -0.00388399 0.999928 -0.89028
80 82 3919 0.999916 -0.00474944 0.0120603 -0.163711 0.00479292 0.999982 -0.00357934 0.0472293 -0.0120431 0.00363684 0.999921 -0.985377
80 83 3010 0.999983 -0.00328182 0.0047758 -0.0061877 0.003302 0.999986 -0.00422446 0.0197407 -0.00476186 0.00424016 0.99998 -0.999786
80 84 2590 0.999995 -0.00110753 0.00287636 0.0297751 0.00111157 0.999998 -0.0014043 0.00895504 -0.0028748 0.00140749 0.999995 -0.999517
85 86 4155 0.999981 0.00463222 -0.00412903 0.162839 -0.00460977 0.999975 0.00543101 -0.020297 0.00415408 -0.00541187 0.999977 -0.986444
85 87 3721 0.999991 0.00105946 -0.00408981 -0.00348969 -0.00104216 0.999991 0.00422932 0.0167071 0.00409425 -0.00422502 0.999983 -0.999854
85 88 3203 0.999953 -0.00357524 -0.00903569 0.0158547 0.00360634 0.999988 0.00342814 -0.0016094 0.00902332 -0.00346057 0.999953 -0.999873
85 89 2777 0.999873 -0.00304613 -0.0156162 0.0695716 0.00300885 0.999993 -0.00241 0.0257662 0.0156234 0.00236271 0.999875 -0.997244
90 91 3566 0.999922 0.00478973 -0.0115011 0.205222 -0.00482895 0.999983 -0.00338462 0.00946389 0.0114847 0.00343989 0.999928 -0.97867
90 92 3547 0.999816 0.000398534 -0.0191908 0.00827729 -0.000434678 0.999998 -0.00187925 0.00479816 0.01919 0.00188724 0.999814 -0.999954
90 93 2978 0.999437 -0.0052653 -0.0331232 0.000365283 0.00514132 0.999979 -0.00382706 0.0251365 0.0331427 0.00365461 0.999444 -0.999684
90 94 2613 0.998738 -0.0109504 -0.0490118 -0.00946681 0.0108167 0.999937 -0.00299253 0.00461399 0.0490415 0.00245861 0.998794 -0.999945
95 96 2617 0.999685 0.00342029 -0.0248519 -0.135726 -0.00343981 0.999994 -0.000742635 -0.0111174 0.0248492 0.000827887 0.999691 -0.990684
95 97 2850 0.998466 0.00358744 -0.0552539 0.00438822 -0.00379037 0.999986 -0.00356823 0.022 0.0552403 0.00377219 0.998466 -0.999748
95 98 2493 0.996171 0.00227817 -0.0873943 -0.0368629 -0.00257439 0.999991 -0.00327686 0.00205053 0.087386 0.0034893 0.996168 -0.999318
95 99 2099 0.992577 0.00632963 -0.121457 -0.0308813 -0.0073673 0.99994 -0.00809636 0.0487971 0.121398 0.00893107 0.992564 -0.998331
100 101 3091 0.999131 -0.000279184 -0.0416809 -0.201537 0.000379573 0.999997 0.00240061 -0.0657826 0.0416801 -0.00241435 0.999128 -0.977269
100 102 2565 0.995273 -0.00290373 -0.0970773 -0.0177031 0.00290655 0.999996 -0.000112355 0.0418528 0.0970772 -0.000170336 0.995277 -0.998967
100 103 2129 0.988358 -0.00241991 -0.152124 0.00606817 0.00283696 0.999993 0.00252453 0.0327339 0.152117 -0.00292671 0.988358 -0.999446
100 104 1807 0.978375 -0.0022662 -0.206829 -0.00155053 0.00319639 0.999986 0.00416335 0.00921032 0.206817 -0.00473442 0.978368 -0.999956
105 106 3250 0.998146 0.000465305 -0.0608638 -0.213353 -0.000278289 0.999995 0.00308114 -0.043715 0.060865 -0.00305849 0.998141 -0.975997
105 107 3120 0.991988 0.00302375 -0.126297 -0.146617 -0.0024996 0.999988 0.00430841 -0.00957557 0.126309 -0.0039582 0.991983 -0.989147
105 108 2539 0.981772 0.00321624 -0.190036 -0.0841317 -0.0030431 0.999995 0.00120287 0.0286867 0.190039 -0.000602643 0.981776 -0.996042
105 109 2262 0.965813 0.0012005 -0.259237 0.0104915 -0.0018315 0.999996 -0.00219257 0.045522 0.259233 0.0025924 0.965811 -0.998908
110 111 3689 0.997852 0.000798275 -0.0655008 -0.0477815 -0.000683093 0.999998 0.00178086 -0.0473695 0.0655021 -0.00173229 0.997851 -0.997734
110 112 3290 0.992536 0.00315859 -0.121909 -0.148019 -0.00323051 0.999995 -0.000392295 0.027724 0.121907 0.000783193 0.992541 -0.988596
110 113 2457 0.98327 0.00777157 -0.181987 -0.0832132 -0.00811964 0.999966 -0.00116762 0.0465779 0.181971 0.00262575 0.9833 -0.995443
110 114 2013 0.970611 0.00394723 -0.24062 -0.000601449 -0.0039257 0.999992 0.000568824 0.019092 0.24062 0.000392496 0.970619 -0.999818
115 116 3083 0.998581 -0.000541174 -0.0532531 -0.00671277 0.000672545 0.999997 0.00244904 -0.00629147 0.0532516 -0.00248138 0.998578 -0.999958
115 117 2338 0.9952 0.00440738 -0.0977661 -0.105471 -0.00430514 0.99999 0.00125661 0.0314477 0.0977706 -0.00082968 0.995209 -0.993925
115 118 2201 0.989594 0.0190363 -0.142621 -0.0598372 -0.0190994 0.999817 0.000926977 0.0287069 0.142613 0.00180665 0.989777 -0.997795
115 119 1769 0.98339 0.0235452 -0.179969 -0.0289711 -0.0239821 0.999712 -0.000251789 0.0135122 0.179911 0.00456364 0.983672 -0.999489
120 121 2689 0.999404 -0.00941123 -0.0331979 -0.0175004 0.00957688 0.999942 0.00483454 0.00929734 0.0331505 -0.00514959 0.999437 -0.999804
120 122 2053 0.998097 -0.012937 -0.060285 -0.0247532 0.0134526 0.999876 0.00815463 -0.000414128 0.0601721 -0.0089501 0.998148 -0.999694
120 123 1839 0.996002 -0.0138618 -0.0882492 0.0136745 0.0147997 0.999841 0.00998182 0.00790459 0.0880968 -0.011248 0.996048 -0.999875
120 124 1785 0.993475 -0.0103361 -0.113584 0.0268553 0.0119025 0.999843 0.0131207 0.0102684 0.11343 -0.014387 0.993442 -0.999587
125 126 2049 0.99982 0.00208427 -0.018839 -0.0961947 -0.00194924 0.999972 0.00718329 -0.052753 0.0188534 -0.00714527 0.999797 -0.993964
125 127 1988 0.999224 -0.00295035 -0.0392855 0.00400716 0.00329139 0.999957 0.00861934 -0.0214624 0.0392584 -0.00874196 0.999191 -0.999762
125 128 1451 0.998426 -0.0116438 -0.0548576 0.0278359 0.0116585 0.999932 -5.1762e-05 0.046612 0.0548545 -0.000587879 0.998494 -0.998525
125 129 1399 0.997691 -0.00690958 -0.0675706 -0.000582327 0.00682275 0.999976 -0.00151563 0.00626186 0.0675794 0.00105111 0.997713 -0.99998
130 131 1933 0.999926 0.00371229 -0.0115851 -0.0660291 -0.00370227 0.999993 0.000885923 -0.0247018 0.0115883 -0.000842966 0.999932 -0.997512
130 132 1599 0.999718 0.00531367 -0.0231469 0.0234535 -0.00531919 0.999986 -0.000177012 0.00268504 0.0231456 0.000300085 0.999732 -0.999721
130 133 1495 0.999591 0.00799358 -0.0274571 -0.0475544 -0.00797781 0.999968 0.000683786 0.00406259 0.0274616 -0.000464459 0.999623 -0.99886
130 134 1543 0.99928 0.0125825 -0.0358073 -0.0094396 -0.0125533 0.999921 0.00103748 0.00580818 0.0358175 -0.000587234 0.999358 -0.999939
135 136 1307 0.999984 0.000205417 -0.00573344 -0.0202443 -0.000205366 1 9.60312e-06 0.0283463 0.00573345 -8.42551e-06 0.999984 -0.999393
135 137 1867 0.999937 0.00745192 -0.00843474 -0.0540602 -0.0074349 0.99997 0.00204753 -0.0219097 0.00844975 -0.00198469 0.999962 -0.998297
135 138 1745 0.999886 0.00229713 -0.0149525 0.0348794 -0.00230398 0.999997 -0.000440882 0.0351595 0.0149514 0.000475282 0.999888 -0.998773
135 139 1606 0.999831 0.000475108 -0.0183931 0.0202727 -0.000463389 1 0.000641436 0.0139099 0.0183934 -0.000632804 0.999831 -0.999698
140 141 1660 0.999988 0.00333027 -0.00348181 0.0801554 -0.00333183 0.999994 -0.000443201 0.0129009 0.00348031 0.000454797 0.999994 -0.996699
140 142 2516 0.999984 0.00380761 -0.00412865 0.0702412 -0.00380096 0.999991 0.00161847 -0.0318324 0.00413477 -0.00160275 0.99999 -0.997022
140 143 2128 0.99994 0.0109173 -0.000544213 0.0669623 -0.0109172 0.99994 0.000194192 -0.0105135 0.000546301 -0.000188239 1 -0.9977
140 144 1780 0.99992 0.0106054 0.00692648 -0.0107835 -0.0106171 0.999942 0.00166108 -0.0150836 -0.00690847 -0.00173449 0.999975 -0.999828
145 146 2802 0.999999 0.000399656 0.00165356 0.066263 -0.000397207 0.999999 -0.00148072 0.0224369 -0.00165415 0.00148006 0.999998 -0.99755
145 147 2438 0.999953 0.0014955 0.0095581 -0.0287281 -0.00145936 0.999992 -0.00378725 0.0178271 -0.00956369 0.00377313 0.999947 -0.999428
145 148 2376 0.99996 0.00130932 0.00887046 0.047958 -0.00128377 0.999995 -0.00288585 -0.0267452 -0.00887419 0.00287434 0.999956 -0.998491
145 149 1997 0.999884 -0.0052528 0.014291 0.0140856 0.00533941 0.999968 -0.00602897 0.00992964 -0.0142589 0.00610458 0.99988 -0.999851
150 151 2888 0.999982 -0.00118919 0.00583784 -0.0933624 0.00116569 0.999991 0.00402764 0.0132243 -0.00584258 -0.00402076 0.999975 -0.995544
150 152 2716 0.99993 -0.0113939 0.00332333 0.0259794 0.0113657 0.9999 0.00836756 0.0237144 -0.00341834 -0.00832919 0.999959 -0.999381
150 153 2339 0.999901 -0.0138075 0.00266477 0.0271193 0.0137707 0.999815 0.0133943 -0.00518169 -0.00284922 -0.0133562 0.999907 -0.999619
150 154 1828 0.999883 -0.0139283 0.00631264 -0.00513462 0.013864 0.999853 0.010116 0.0102158 -0.00645261 -0.0100273 0.999929 -0.999935
155 156 3155 0.999998 0.00113868 0.00133511 0.00101002 -0.00113701 0.999999 -0.00125135 0.0102199 -0.00133653 0.00124983 0.999998 -0.999947
155 157 3280 0.999998 0.000541145 -0.00178245 0.0424175 -0.000541936 1 -0.000443277 -0.0158328 0.00178221 0.000444243 0.999998 -0.998975
155 158 2594 1 5.05288e-05 -0.000887454 0.0313508 -5.12921e-05 1 -0.000860014 -0.0016055 0.00088741 0.000860059 0.999999 -0.999507
155 159 1990 0.99996 -0.00893856 -0.000639052 0.0193725 0.00893725 0.999958 -0.00202633 0.0165193 0.000657138 0.00202054 0.999998 -0.999676
160 161 3537 0.99999 -0.00371698 -0.00247166 -0.0128194 0.00371359 0.999992 -0.00137406 0.0312676 0.00247675 0.00136487 0.999996 -0.999429
160 162 2761 0.999979 -0.00077366 -0.0064642 0.0215739 0.000768022 0.999999 -0.000874645 -0.00727786 0.00646487 0.000869662 0.999979 -0.999741
160 163 2064 0.99991 -0.00466467 -0.0125538 0.0112816 0.00463537 0.999986 -0.00236206 -0.00216661 0.0125646 0.00230366 0.999918 -0.999934
160 164 1413 0.999816 -0.010397 -0.0161437 0.00360583 0.0102639 0.999913 -0.00830174 0.0284258 0.0162286 0.00813452 0.999835 -0.999589
165 166 2790 0.999971 0.00249814 -0.00716998 -0.0501813 -0.0024785 0.999993 0.00274669 -0.03153 0.00717679 -0.00272884 0.999971 -0.998242
165 167 2223 0.999825 -9.13567e-05 -0.0187042 -0.0030828 0.000127232 0.999998 0.00191688 0.00858792 0.0187039 -0.00191893 0.999823 -0.999958
165 168 1630 0.999568 -0.00662658 -0.0286463 -0.00212076 0.00655825 0.999975 -0.00247834 0.0433138 0.028662 0.00228939 0.999587 -0.999059
165 169 1240 0.999165 -0.00305114 -0.040744 0.0287928 0.0030389 0.999995 -0.000362355 0.0194468 0.040745 0.000238236 0.99917 -0.999396
170 171 2192 0.99995 -0.0017452 -0.00984764 -0.0399625 0.0017437 0.999998 -0.000161113 0.0375737 0.00984791 0.000143934 0.999951 -0.998494
170 172 2247 0.999701 0.00617132 -0.0236812 0.0598373 -0.00607675 0.999973 0.00406323 -0.0296929 0.0237056 -0.0039181 0.999711 -0.997766
170 173 1657 0.999494 -0.00412151 -0.0315298 -0.0115982 0.004146 0.999991 0.000711275 0.030876 0.0315266 -0.000841638 0.999503 -0.999456
170 174 1386 0.999176 -0.0017386 -0.0405601 -0.0121054 0.00178442 0.999998 0.00109347 0.0263531 0.0405581 -0.00116495 0.999177 -0.999579
175 176 2508 0.999932 -0.000839312 -0.0115944 0.0375528 0.000838021 1 -0.000116263 0.0448362 0.0115945 0.000106539 0.999933 -0.998288
175 177 2231 0.999817 -0.002609 -0.0189283 -0.0145131 0.00257564 0.999995 -0.00178669 0.0679248 0.0189328 0.00173761 0.999819 -0.997585
175 178 2034 0.99964 -0.000327553 -0.0268406 -0.020865 0.000312534 1 -0.000563736 0.0299277 0.0268408 0.000555144 0.99964 -0.999334
175 179 1700 0.999372 0.00515142 -0.035064 0.00484567 -0.00518443 0.999986 -0.000850634 0.0114247 0.0350591 0.00103189 0.999385 -0.999923
180 181 2987 0.999964 0.00737891 -0.00421166 0.0258062 -0.00737945 0.999973 -0.000110617 -0.043029 0.00421072 0.000141693 0.999991 -0.99874
180 182 2561 0.999963 0.00472517 -0.00713321 0.0218203 -0.00474337 0.999986 -0.0025369 0.0125226 0.00712112 0.00257064 0.999971 -0.999683
180 183 2127 0.999961 0.00288513 -0.00829023 -0.00247079 -0.00291338 0.99999 -0.00339816 0.0164993 0.00828035 0.00342219 0.99996 -0.999861
180 184 1835 0.999941 0.00193885 -0.0106807 0.0189406 -0.00198938 0.999987 -0.00472276 0.022125 0.0106714 0.00474373 0.999932 -0.999576
185 186 2795 0.999989 -0.00149807 0.0045178 -0.0291472 0.00149227 0.999998 0.00128694 0.0488118 -0.00451971 -0.00128018 0.999989 -0.998383
185 187 2584 0.999961 -0.00408493 0.00787042 0.0176193 0.00409502 0.999991 -0.00126543 0.0937288 -0.00786518 0.00129761 0.999968 -0.995442
185 188 2504 0.999867 0.0016536 0.0162166 0.0135416 -0.00168386 0.999997 0.00185278 0.031101 -0.0162135 -0.00187984 0.999867 -0.999425
185 189 2190 0.999691 -0.000636757 0.0248669 0.0188098 0.000509766 0.999987 0.00511285 -0.00558355 -0.0248698 -0.00509859 0.999678 -0.999807
190 191 2856 0.999855 -0.000700319 0.0169968 0.0209098 0.000673522 0.999999 0.00158226 0.00732492 -0.0169979 -0.00157059 0.999854 -0.999755
190 192 3184 0.999294 -0.00144007 0.0375504 0.0203508 0.00123352 0.999984 0.00552333 -0.00845754 -0.0375578 -0.00547311 0.999279 -0.999757
190 193 2681 0.998065 -0.0032558 0.062094 0.0219458 0.00275559 0.999963 0.00813952 -0.00797629 -0.0621182 -0.00795266 0.998037 -0.999727
190 194 2071 0.995409 -0.00974117 0.0952112 -0.043753 0.00911301 0.999934 0.00703022 0.0277258 -0.0952733 -0.00613029 0.995432 -0.998658
195 196 3489 0.999432 -0.000921836 0.0336758 0.129014 0.00102044 0.999995 -0.00291107 0.0244786 -0.0336729 0.00294378 0.999429 -0.991341
195 197 2576 0.996977 -0.00097355 0.0776927 0.0501132 0.00139078 0.999985 -0.00531629 0.00791641 -0.0776863 0.00540827 0.996963 -0.998712
195 198 1781 0.991607 -0.00411662 0.129219 -0.029189 0.00582017 0.999901 -0.0128086 0.0379757 -0.129154 0.0134532 0.991533 -0.998852
195 199 1328 0.984629 -0.00621872 0.174546 -0.0170369 0.00869045 0.999872 -0.0134002 0.0220431 -0.174441 0.0147111 0.984558 -0.999612
200 201 2462 0.998669 -0.00151315 0.051561 0.170447 0.00147153 0.999999 0.000845055 -0.0414245 -0.0515622 -0.000768057 0.998669 -0.984496
200 202 1315 0.992948 0.00502726 0.118442 0.0507845 -0.00539826 0.999981 0.00281172 0.00297119 -0.118425 -0.00343128 0.992957 -0.998705
200 203 681 0.984087 0.00472317 0.177622 0.0411543 -0.00596746 0.999961 0.00647169 0.000904118 -0.177585 -0.00742866 0.984077 -0.999152
200 204 416 0.970052 0.00790024 0.242768 0.00990276 -0.0107913 0.999886 0.0105814 0.00534233 -0.242657 -0.0128843 0.970027 -0.999937
205 206 1560 0.997642 -0.000952132 0.0686207 0.104493 0.000779686 0.999996 0.00253977 -0.0298419 -0.0686229 -0.00248028 0.99764 -0.994078
205 207 1225 0.990352 -0.00403961 0.138519 0.0462442 0.00302335 0.999967 0.0075462 -0.0340542 -0.138545 -0.0070546 0.990331 -0.99835
205 208 820 0.977648 0.00455511 0.210198 -0.0161693 -0.0050308 0.999986 0.00172841 0.00144218 -0.210187 -0.00274724 0.977657 -0.999868
205 209 606 0.962654 0.00326928 0.270717 -0.0147712 -0.00219874 0.999989 -0.00425767 0.0174776 -0.270727 0.00350343 0.96265 -0.999738
210 211 2008 0.997884 -0.00204439 0.0649925 0.0918458 0.00234832 0.999987 -0.00460048 -0.0282657 -0.0649822 0.00474337 0.997875 -0.995372
210 212 1607 0.992037 0.00359759 0.125894 0.05551 -0.00177538 0.999892 -0.0145834 0.0434268 -0.125933 0.0142437 0.991936 -0.997513
210 213 1495 0.983172 -0.00278169 0.182659 0.0361431 0.00590834 0.999845 -0.0165754 0.0162435 -0.182585 0.0173757 0.983037 -0.999215
210 214 1391 0.972794 -0.00304149 0.23165 0.00580901 0.00749514 0.999804 -0.0183481 0.00792163 -0.231549 0.0195852 0.972626 -0.999952
215 216 2150 0.99931 -0.00390492 0.0369237 0.0574045 0.00384371 0.999991 0.00172851 0.0030196 -0.0369302 -0.0015854 0.999317 -0.998346
215 217 2093 0.997569 -0.00387682 0.0695797 0.0480789 0.00373818 0.999991 0.00212267 -7.1222e-05 -0.0695873 -0.0018574 0.997574 -0.998844
215 218 1984 0.995844 -0.00301507 0.091027 0.0441999 0.00276492 0.999992 0.00287406 0.0086463 -0.091035 -0.00261043 0.995844 -0.998985
215 219 1851 0.994055 0.0065028 0.108684 -0.0170882 -0.00674572 0.999976 0.00186764 -0.00161831 -0.108669 -0.00258969 0.994075 -0.999853
220 221 2130 0.999939 -0.00527194 0.00968225 0.0396258 0.00526976 0.999986 0.000250131 0.00418167 -0.00968343 -0.000199092 0.999953 -0.999206
220 222 3100 0.999799 -0.0128237 0.0153998 0.0580902 0.0127791 0.999914 0.00299112 -0.0155274 -0.0154369 -0.00279372 0.999877 -0.998191
220 223 2826 0.999566 -0.0221667 0.0193937 -0.0408298 0.0220443 0.999736 0.00650246 -0.0276477 -0.0195327 -0.00607212 0.999791 -0.998784
220 224 2803 0.99961 -0.0203048 0.0191965 0.015879 0.0201437 0.999761 0.00855282 -0.00562318 -0.0193655 -0.00816279 0.999779 -0.999858
225 226 2211 0.999978 0.0057739 -0.00330925 -0.0528274 -0.0057511 0.99996 0.00685786 -0.00784028 0.00334871 -0.00683868 0.999971 -0.998573
225 227 2754 0.999953 0.00180289 -0.00954161 0.0188275 -0.00169724 0.999937 0.0110687 -0.00466105 0.00956096 -0.011052 0.999893 -0.999812
225 228 2445 0.999913 -0.000557019 -0.0131418 0.006394 0.000701684 0.999939 0.011006 -0.0155763 0.0131349 -0.0110143 0.999853 -0.999858
225 229 2245 0.999793 -0.00418438 -0.0198951 0.0225217 0.00428679 0.999978 0.00510773 0.0141222 0.0198733 -0.00519196 0.999789 -0.999647
230 231 2204 0.999992 0.00135391 -0.00378695 -0.0114797 -0.00137087 0.999989 -0.00448139 -0.0289023 0.00378085 0.00448655 0.999983 -0.999516
230 232 2668 0.999956 0.0049866 -0.00793093 0.0138018 -0.00506322 0.99994 -0.00967059 0.0171578 0.00788223 0.00971032 0.999922 -0.999758
230 233 2241 0.999914 0.00829785 -0.0101318 0.0216367 -0.00841501 0.999898 -0.0115764 0.0120744 0.0100347 0.0116607 0.999882 -0.999693
230 234 2245 0.999849 0.0133785 -0.011112 0.0118802 -0.0134719 0.999874 -0.00837316 0.0188853 0.0109986 0.00852159 0.999903 -0.999751
235 236 1759 1 -0.000319922 0.000194804 -0.0103278 0.000318709 0.999981 0.00619376 0.00349026 -0.000196782 -0.0061937 0.999981 -0.999941
235 237 2178 0.999995 -0.000239281 0.0031788 -0.010497 0.000206049 0.999945 0.0104503 -0.00573274 -0.00318112 -0.0104496 0.99994 -0.999928
235 238 2098 0.999977 -0.00146657 0.00662573 0.0071244 0.001428 0.999982 0.00582129 -0.00486802 -0.00663414 -0.00581169 0.999961 -0.999963
235 239 2126 0.999962 0.00416921 0.00764137 0.0117215 -0.0041577 0.99999 -0.0015216 0.0255378 -0.00764764 0.00148977 0.99997 -0.999605
240 241 1564 0.999993 -0.00277157 0.00268822 -0.0495544 0.00276846 0.999995 0.00115944 -0.0114388 -0.00269142 -0.00115199 0.999996 -0.998706
240 242 2022 0.999974 -0.00596528 0.0040781 0.00849979 0.00594474 0.99997 0.00503077 0.00887114 -0.00410798 -0.00500639 0.999979 -0.999925
240 243 2038 0.999973 -0.00298282 0.00667845 0.0470189 0.00291561 0.999945 0.0100519 0.0265218 -0.00670807 -0.0100321 0.999927 -0.998542
240 244 2031 0.999928 -0.00672936 0.0099325 0.017699 0.00657707 0.999862 0.0152866 -0.0029496 -0.010034 -0.0152202 0.999834 -0.999839
245 246 1949 0.999981 0.00494585 0.00354128 0.030468 -0.0049397 0.999986 -0.00174303 0.00119211 -0.00354985 0.0017255 0.999992 -0.999535
245 247 2246 0.999994 -0.00010548 0.00350378 0.020442 0.00012331 0.999987 -0.00508895 0.0114373 -0.0035032 0.00508935 0.999981 -0.999726
245 248 2078 0.999964 0.00336479 0.00781884 -0.0229498 -0.0033036 0.999964 -0.00782545 0.0312939 -0.00784489 0.00779933 0.999939 -0.999247
245 249 1841 0.99985 0.0154043 0.00794553 -0.0224622 -0.0153481 0.999857 -0.00708833 0.00155375 -0.00805358 0.00696531 0.999943 -0.999746
250 251 1775 0.999982 -0.00592073 -0.00070429 0.0169837 0.0059223 0.99998 0.00223648 -0.00232935 0.000691034 -0.00224061 0.999997 -0.999853
250 252 2306 0.999953 -0.00974569 -2.09773e-07 -0.0322218 0.00974552 0.999935 0.00593285 0.00588583 -5.76099e-05 -0.00593257 0.999982 -0.999463
250 253 2104 0.999843 -0.0176635 -0.00144832 0.00585229 0.017674 0.999815 0.00762239 -0.0035524 0.00131341 -0.00764679 0.99997 -0.999977
250 254 1815 0.999645 -0.0262934 -0.00434241 0.00990848 0.0263266 0.999623 0.00778892 -0.0062716 0.00413598 -0.00790048 0.99996 -0.999931
255 256 2094 0.999984 -0.00346155 -0.00455366 0.0526507 0.00346008 0.999994 -0.000328484 0.0334199 0.00455476 0.000312723 0.99999 -0.998054
255 257 2007 0.999992 0.000627143 -0.00398901 -0.017624 -0.000616128 0.999996 0.00276188 0.00925309 0.00399073 -0.0027594 0.999988 -0.999802
255 258 1768 0.99995 0.00823198 -0.00574356 -0.00140223 -0.00822663 0.999966 0.000953499 0.0101505 0.00575121 -0.000906201 0.999983 -0.999947
255 259 1597 0.999885 0.0148619 -0.00316052 -0.0405494 -0.0148493 0.999882 0.0039606 0.0110864 0.00321901 -0.00391321 0.999987 -0.999116
260 261 1744 0.999989 -0.00441655 -0.00178187 0.0112133 0.00441079 0.999985 -0.00322728 0.0306523 0.0017961 0.00321938 0.999993 -0.999467
260 262 1900 0.999963 -0.00724278 -0.00474 0.0460987 0.0072046 0.999942 -0.00802191 0.0107095 0.00479782 0.00798746 0.999957 -0.998879
260 263 1588 0.999908 -0.0132794 -0.00271595 0.00854339 0.0132403 0.999815 -0.0139481 0.0192393 0.00290067 0.0139108 0.999899 -0.999778
260 264 1490 0.999971 -0.00613695 -0.00450329 -0.00266225 0.00611091 0.999965 -0.00577327 0.00850403 0.00453856 0.00574558 0.999973 -0.99996
265 266 1936 0.999992 0.00409948 0.000384485 0.00687161 -0.00410307 0.999943 0.00985707 -0.0198824 -0.000344054 -0.00985857 0.999951 -0.999779
265 267 1915 0.999976 0.00617232 0.00330109 -0.0215601 -0.00617476 0.999981 0.000728951 -0.00742204 -0.00329653 -0.000749317 0.999994 -0.99974
265 268 1315 0.999983 0.00536089 0.00249433 -0.00318829 -0.0053063 0.999757 -0.0213988 0.0220028 -0.00260844 0.0213852 0.999768 -0.999753
265 269 1068 0.999993 0.00304873 0.00225139 0.0236962 -0.0029667 0.999362 -0.0355814 0.0382277 -0.00235843 0.0355745 0.999364 -0.998988
270 271 1784 0.999983 -0.00427949 0.00404905 -0.0939731 0.00420873 0.999841 0.0173255 -0.0175447 -0.00412255 -0.0173081 0.999842 -0.99542
270 272 1487 0.99999 -0.00448093 0.000128159 0.0223194 0.00447657 0.999703 0.0239375 -0.0021719 -0.000235383 -0.0239367 0.999713 -0.999749
270 273 1248 0.999991 0.000322096 0.00413177 0.0113808 -0.000426657 0.999679 0.0253308 -0.00579188 -0.00412229 -0.0253323 0.999671 -0.999918
270 274 1059 0.999952 0.00540219 0.00820221 -0.000540238 -0.00559764 0.999696 0.023996 0.00223078 -0.00807009 -0.0240408 0.999678 -0.999997
275 276 1924 0.999984 -0.000240539 0.00568606 0.00400422 0.000229899 0.999998 0.00187186 0.00223543 -0.0056865 -0.00187053 0.999982 -0.999989
275 277 1625 0.99996 -0.00651482 0.00605992 0.0331969 0.00650697 0.999978 0.00131374 0.0211884 -0.00606834 -0.00127426 0.999981 -0.999224
275 278 1471 0.999868 -0.0117717 0.0112239 -0.0243354 0.0117564 0.99993 0.00142929 0.0306338 -0.0112399 -0.00129715 0.999936 -0.999234
275 279 1348 0.999813 -0.0142779 0.0130213 -0.0147568 0.0142739 0.999898 0.000394486 0.0205173 -0.0130256 -0.000208548 0.999915 -0.999681
280 281 2422 1 0.00012659 0.000355798 0.00737758 -0.000126426 1 -0.000458767 0.0254258 -0.000355856 0.000458722 1 -0.999649
280 282 1998 0.999976 0.00551946 0.00429533 -0.000501254 -0.00552798 0.999983 0.0019744 0.032244 -0.00428436 -0.00199809 0.999989 -0.99948
280 283 1800 0.999927 0.00771878 0.00931968 -0.0219815 -0.00778958 0.999941 0.00758446 0.00159631 -0.00926059 -0.0076565 0.999928 -0.999757
280 284 1646 0.99981 0.00817089 0.0177142 -0.0313008 -0.00837558 0.999899 0.0115116 -0.0272618 -0.0176183 -0.0116578 0.999777 -0.999138
285 286 2617 0.999974 0.00195944 0.00694172 -0.0110984 -0.00190102 0.999963 -0.00841247 0.0459119 -0.00695794 0.00839905 0.999941 -0.998884
285 287 2008 0.999939 0.00180421 0.0109262 0.000921597 -0.00159314 0.999813 -0.0192958 0.0459687 -0.010959 0.0192772 0.999754 -0.998942
285 288 2027 0.999875 -0.00611365 0.0146012 -0.0122584 0.00637364 0.999821 -0.0178264 0.00287468 -0.0144896 0.0179172 0.999734 -0.999921
285 289 1583 0.999802 -0.00490946 0.0192941 0.0104251 0.00519184 0.99988 -0.0146128 0.0138109 -0.01922 0.0147101 0.999707 -0.99985
290 291 2494 0.999983 0.00316957 0.00488046 -0.00123461 -0.00320477 0.999969 0.00722166 -0.0362841 -0.00485742 -0.00723717 0.999962 -0.999341
290 292 1947 0.999905 0.00379681 0.0132802 0.00295262 -0.00383189 0.999989 0.00261761 0.0146639 -0.0132701 -0.00266825 0.999908 -0.999888
290 293 1911 0.999778 -0.000381921 0.0210683 0.00608066 0.000332508 0.999997 0.00234884 0.00932463 -0.0210691 -0.00234131 0.999775 -0.999938
290 294 1356 0.99962 -0.00540838 0.027041 0.0129015 0.0053056 0.999978 0.00387125 0.00879471 -0.0270614 -0.00372631 0.999627 -0.999878
295 296 2285 0.999972 0.00147101 0.00728878 0.0344691 -0.00149155 0.999995 0.00281346 0.0119644 -0.0072846 -0.00282426 0.999969 -0.999334
295 297 2136 0.999863 -0.00309191 0.0162642 -0.00651731 0.00307048 0.999994 0.0013423 -0.0121229 -0.0162683 -0.00129217 0.999867 -0.999905
295 298 1499 0.999701 -0.000543174 0.0244263 0.00572893 0.000748182 0.999965 -0.00838458 0.0231924 -0.0244208 0.00840035 0.999666 -0.999715
295 299 1137 0.999445 -0.00376711 0.0331014 -0.00768344 0.0041088 0.999939 -0.0102608 0.00993403 -0.0330607 0.0103911 0.999399 -0.999921
300 301 2018 0.999983 -0.00286352 0.00502992 0.0465289 0.00286502 0.999996 -0.00028967 -0.0127128 -0.00502907 0.000304076 0.999987 -0.998836
300 302 1780 0.999943 5.46786e-05 0.0107053 0.00988576 -5.48718e-05 1 1.77514e-05 0.0162927 -0.0107053 -1.83378e-05 0.999943 -0.999818
300 303 1298 0.999896 -0.00749362 0.0122974 0.0439354 0.00742442 0.999956 0.00566327 0.0234016 -0.0123393 -0.00557138 0.999908 -0.99876
300 304 1099 0.999815 -0.00899037 0.0170003 0.0217963 0.00879967 0.999898 0.0112597 0.0113488 -0.0170998 -0.011108 0.999792 -0.999698
305 306 1781 0.999993 -0.000332434 0.00368499 -0.0448924 0.000352952 0.999984 -0.00556874 -0.00835581 -0.00368309 0.00557 0.999978 -0.998957
305 307 1786 0.999957 -0.0068191 0.00634768 0.00999689 0.00692505 0.999835 -0.0168218 0.0309979 -0.00623192 0.016865 0.999838 -0.999469
305 308 1488 0.999925 -0.00366052 0.0117131 -0.0162683 0.00391875 0.999748 -0.0220994 0.00889345 -0.0116293 0.0221437 0.999687 -0.999828
305 309 1194 0.999827 -0.00798415 0.016783 -0.0214023 0.00832244 0.999762 -0.0201846 0.0341497 -0.0166178 0.0203208 0.999655 -0.999188
310 311 1739 0.999965 0.00518331 0.00657144 0.0408804 -0.00521095 0.999978 0.00419589 -0.0170731 -0.00654954 -0.00422999 0.99997 -0.999018
310 312 1732 0.999919 -2.49884e-06 0.0126958 0.017561 -4.19381e-05 0.999994 0.00349985 -0.00167488 -0.0126958 -0.0035001 0.999913 -0.999844
310 313 1432 0.999779 -0.00311993 0.0208016 0.012155 0.00317951 0.999991 -0.00283189 0.0228054 -0.0207926 0.0028974 0.99978 -0.999666
310 314 1278 0.999513 0.00246055 0.031113 -0.0481846 -0.00228595 0.999981 -0.00564606 0.0169598 -0.0311263 0.00557218 0.9995 -0.998694
315 316 2106 0.999943 0.00776897 0.00731862 0.0145353 -0.00776323 0.99997 -0.000811259 0.0160271 -0.0073247 0.000754396 0.999973 -0.999766
315 317 2300 0.999876 0.00803961 0.013509 -0.0247538 -0.00813848 0.99994 0.00727977 0.0140092 -0.0134497 -0.00738881 0.999882 -0.999595
315 318 1865 0.999566 0.0181427 0.0232231 -0.0582086 -0.0185197 0.999699 0.0161223 0.00820485 -0.0229236 -0.0165454 0.9996 -0.998271
315 319 1495 0.999289 0.025783 0.0275082 -0.0220436 -0.0263744 0.999424 0.0213575 -0.00347522 -0.0269417 -0.0220679 0.999393 -0.999751
320 321 2444 0.999958 -0.0075713 0.00518079 0.0744964 0.00763702 0.999889 -0.0127859 0.00324922 -0.00508341 0.0128249 0.999905 -0.997216
320 322 2081 0.999844 -0.0141579 0.0105573 0.00339288 0.0143679 0.999695 -0.0200835 0.0237339 -0.0102697 0.020232 0.999743 -0.999713
320 323 1652 0.999806 -0.0129182 0.0148655 -0.00201631 0.0131695 0.99977 -0.0169352 0.0107424 -0.0146434 0.0171277 0.999746 -0.99994
320 324 1357 0.999791 -0.013662 0.0152341 0.0178002 0.013777 0.999877 -0.00746822 0.00406768 -0.0151302 0.00767654 0.999856 -0.999833
325 326 2635 0.999997 0.0023066 0.000681977 0.0333142 -0.00230943 0.999989 0.0041884 0.00711854 -0.000672309 -0.00418996 0.999991 -0.99942
325 327 2143 0.999939 0.0103303 0.00386523 0.0277324 -0.0103268 0.999946 -0.000933373 -0.0041029 -0.00387467 0.000893401 0.999992 -0.999607
325 328 1822 0.99998 0.00345047 0.00521188 -0.00822111 -0.00339872 0.999945 -0.00990442 0.0218194 -0.00524577 0.00988651 0.999937 -0.999728
325 329 1318 0.999986 0.00449365 0.00271901 0.00415533 -0.00444759 0.99985 -0.0167141 0.0313829 -0.00279371 0.0167018 0.999857 -0.999499
330 331 2812 0.999999 0.0012425 -0.00114644 0.0631086 -0.00123467 0.999976 0.00680835 0.0629561 0.00115487 -0.00680693 0.999976 -0.996019
330 332 2349 0.999912 0.0122049 0.00524505 -0.00758436 -0.0123096 0.999716 0.0204097 0.00388402 -0.00499446 -0.0204725 0.999778 -0.999964
330 333 1861 0.999733 0.0217265 0.00784359 -0.0358276 -0.0219121 0.999462 0.0243964 0.00510275 -0.00730932 -0.0245618 0.999672 -0.999345
330 334 1472 0.999737 0.0220405 0.00635194 0.0152787 -0.0221646 0.999551 0.0201753 0.00470957 -0.00590441 -0.0203108 0.999776 -0.999872
335 336 3144 0.999997 -7.35022e-06 0.00240721 0.0191225 1.24535e-05 0.999998 -0.00211999 0.00154873 -0.00240719 0.00212001 0.999995 -0.999816
335 337 2420 0.999993 0.000245315 0.00365083 -0.00962108 -0.000241726 0.999999 -0.000983572 0.0248527 -0.00365107 0.000982683 0.999993 -0.999645
335 338 1619 0.999996 0.00190233 0.00214981 -0.0061507 -0.00191327 0.999985 0.0050982 0.00904581 -0.00214008 -0.00510229 0.999985 -0.99994
335 339 1093 0.99996 -0.00882088 0.00136662 0.0142632 0.00881171 0.99994 0.00657735 0.00907759 -0.00142456 -0.00656504 0.999977 -0.999857
340 341 2045 0.999991 -0.0042308 -0.000489584 0.0209887 0.00422919 0.999986 -0.00323038 0.0284593 0.000503245 0.00322828 0.999995 -0.999375
340 342 1714 0.999982 -0.00578296 0.00170919 0.002865 0.00579228 0.999968 -0.00550053 0.00790846 -0.00167733 0.00551033 0.999983 -0.999965
340 343 1218 0.999927 -0.011946 0.00204823 0.00660024 0.0119575 0.999912 -0.00569122 0.0162031 -0.00198006 0.0057153 0.999982 -0.999847
340 344 996 0.99992 -0.0125672 0.00147831 0.00183453 0.0125699 0.999919 -0.00184984 0.0178153 -0.00145494 0.00186828 0.999997 -0.99984
345 346 2185 0.999999 -0.000948392 0.000451154 0.0153432 0.000947936 0.999999 0.00101002 -0.000934747 -0.000452112 -0.00100959 0.999999 -0.999882
345 347 1886 0.999992 -0.00271465 0.00300148 0.0182718 0.00274049 0.999959 -0.00863971 0.00917464 -0.0029779 0.00864786 0.999958 -0.999791
345 348 1265 0.999978 0.00278 0.00608216 -0.00278816 -0.00266065 0.999805 -0.0195446 0.0307543 -0.00613531 0.019528 0.99979 -0.999523
345 349 1000 0.99993 0.00916125 0.00755281 -0.0123789 -0.00900575 0.999752 -0.020372 0.0225281 -0.00773757 0.0203026 0.999764 -0.99967
350 351 1744 0.999999 -0.00125409 -0.000328382 0.0212234 0.00125566 0.999988 0.00483567 0.00871144 0.000322314 -0.00483607 0.999988 -0.999737
350 352 1370 1 0.00021057 -0.000932404 0.0206601 -0.000200738 0.999945 0.0105323 0.0149811 0.00093457 -0.0105321 0.999944 -0.999674
350 353 1114 0.999995 -0.00143862 -0.0027774 0.0186969 0.00147857 0.999895 0.0144359 0.0113136 0.00275634 -0.0144399 0.999892 -0.999761
350 354 1141 0.999962 0.00713006 -0.00508728 0.0196964 -0.00702423 0.999765 0.0205263 -0.010956 0.00523244 -0.0204898 0.999776 -0.999746
355 356 1504 0.999984 -0.00265019 -0.0050371 -0.000591351 0.00262733 0.999986 -0.00453922 0.0150622 0.00504906 0.00452591 0.999977 -0.999886
355 357 1534 0.999898 -0.00725111 -0.0123375 0.0186798 0.00707481 0.999873 -0.0142741 0.0164687 0.0124394 0.0141853 0.999822 -0.99969
355 358 1549 0.999806 -0.0107827 -0.0164589 0.0125426 0.0104777 0.999774 -0.018505 0.0240014 0.0166547 0.018329 0.999693 -0.999633
355 359 1324 0.999635 -0.0114432 -0.0244893 0.0340277 0.0110008 0.999775 -0.0181243 0.0243835 0.0246912 0.0178483 0.999536 -0.999123
360 361 1975 0.999973 -0.00121131 -0.00726013 0.053252 0.00128176 0.999952 0.00970689 -0.0230231 0.00724802 -0.00971593 0.999927 -0.998316
360 362 1814 0.999885 -0.00359865 -0.0147028 0.0185859 0.00380148 0.999898 0.0137908 -0.00858814 0.0146517 -0.0138451 0.999797 -0.99979
360 363 1713 0.999752 -0.00376579 -0.0219468 0.0171193 0.0040365 0.999916 0.0123035 0.00785268 0.0218986 -0.0123891 0.999683 -0.999823
