0 1 5518 0.999987 0.00249964 0.00439871 0.0103069 -0.00251831 0.999988 0.00424353 -0.0824301 -0.00438805 -0.00425455 0.999981 -0.996544
0 2 4859 0.999961 0.002303 0.00858387 -0.0103439 -0.00233869 0.999989 0.00415012 -0.0141369 -0.00857422 -0.00417003 0.999955 -0.999847
0 3 3991 0.999932 0.00068737 0.0116563 -0.00376899 -0.000762308 0.999979 0.00642576 -0.0157681 -0.0116516 -0.00643421 0.999911 -0.999869
0 4 3062 0.999932 -8.403e-05 0.0116335 0.0517485 2.34309e-05 0.999986 0.00520904 0.0013281 -0.0116338 -0.00520841 0.999919 -0.998659
5 6 4894 0.99999 -0.00164744 0.00404901 0.0363483 0.00165046 0.999998 -0.000741928 0.0531868 -0.00404778 0.000748603 0.999992 -0.997923
5 7 4438 0.999942 -0.00266857 0.0104374 -0.00669659 0.00267272 0.999996 -0.000384281 0.0331152 -0.0104364 0.000412155 0.999945 -0.999429
5 8 3402 0.999916 -0.00446513 0.0121694 0.0455048 0.00445823 0.99999 0.000594307 0.00236007 -0.012172 -0.000540003 0.999926 -0.998961
5 9 3080 0.999807 -0.00318677 0.019388 -0.00572391 0.00326101 0.999987 -0.00379874 0.0161801 -0.0193757 0.00386123 0.999805 -0.999853
10 11 5477 0.999997 0.00064484 0.00234809 0.0615082 -0.00065121 0.999996 0.00271321 -0.0625711 -0.00234633 -0.00271474 0.999994 -0.996143
10 12 4781 0.99997 -0.00368262 0.00675958 -0.0350601 0.00367234 0.999992 0.00153288 0.00128795 -0.00676517 -0.00150801 0.999976 -0.999384
10 13 3958 0.999947 0.00192881 0.010145 -0.0354488 -0.00194814 0.999996 0.00189557 -0.00139355 -0.0101413 -0.00191523 0.999947 -0.999371
10 14 2848 0.999963 0.00521972 0.00689443 0.0235273 -0.00521415 0.999986 -0.000824671 0.00343825 -0.00689864 0.000788692 0.999976 -0.999717
15 16 5130 0.999999 -0.00155991 -0.000244844 0.0885673 0.00156074 0.999993 0.00342918 -0.0250793 0.000239493 -0.00342956 0.999994 -0.995754
15 17 4370 0.999996 -0.00223068 0.001466 0.0236738 0.0022231 0.999984 0.00515061 0.00689965 -0.00147746 -0.00514733 0.999986 -0.999696
15 18 3647 0.999962 -0.00797782 0.00340846 0.0248794 0.00795987 0.999955 0.0052468 0.0166572 -0.00345016 -0.00521947 0.99998 -0.999552
15 19 3148 0.999937 -0.00420248 0.0103913 -0.0379447 0.00413995 0.999973 0.00603101 -0.00492534 -0.0104164 -0.00598761 0.999928 -0.999268
20 21 6017 0.999984 -0.00170375 0.00530997 -0.0864698 0.00171653 0.999996 -0.00240219 0.0253056 -0.00530586 0.00241126 0.999983 -0.995933
20 22 3888 1 -0.000300773 -0.000131396 0.0335308 0.000300615 0.999999 -0.00120649 0.0133939 0.000131759 0.00120645 0.999999 -0.999348
20 23 3314 0.999966 0.00189124 0.00798686 -0.0241235 -0.00189377 0.999998 0.000309122 -0.00615237 -0.00798626 -0.000324237 0.999968 -0.99969
20 24 2343 0.999982 0.0053893 0.00245335 0.0288513 -0.00538907 0.999985 -0.000100997 0.0030972 -0.00245386 8.77738e-05 0.999997 -0.999579
25 26 4684 0.999999 -0.000118703 0.00134281 -0.0107841 0.000124238 0.999991 -0.00412329 0.0154028 -0.00134231 0.00412345 0.999991 -0.999823
25 27 3936 1 -0.000330962 -8.02138e-05 0.00667792 0.000330429 0.999978 -0.00655494 0.0108211 8.23815e-05 0.00655491 0.999979 -0.999919
25 28 3055 0.999991 0.00190332 -0.00382254 0.0347641 -0.00194546 0.999937 -0.0110503 0.0264489 0.00380127 0.0110577 0.999932 -0.999046
25 29 2657 0.999972 0.00474954 -0.00585506 0.0318743 -0.0048121 0.999931 -0.0107184 0.0010051 0.00580375 0.0107462 0.999925 -0.999491
30 31 5280 0.999998 0.00175984 0.000953419 -0.0107954 -0.00176514 0.999983 0.00558258 -0.0180303 -0.000943578 -0.00558425 0.999984 -0.999779
30 32 4164 0.999992 0.00160468 -0.0035677 0.0118158 -0.00157829 0.999971 0.00738792 -0.0019263 0.00357945 -0.00738224 0.999966 -0.999928
30 33 3879 0.999971 0.00718901 -0.00246732 0.0100307 -0.00717465 0.999958 0.00577809 0.007979 0.00250876 -0.00576022 0.99998 -0.999918
30 34 3195 0.999951 0.00971125 -0.00186457 0.0145942 -0.00970537 0.999948 0.00313637 -0.0143995 0.00189493 -0.00311812 0.999993 -0.99979
35 36 4344 0.999954 0.00946822 0.00167204 -0.0166385 -0.00946787 0.999955 -0.000220939 0.0169597 -0.00167405 0.000205099 0.999999 -0.999718
35 37 4271 0.999966 0.00786553 0.00258715 -0.0195447 -0.0078752 0.999962 0.00374864 0.0260383 -0.00255757 -0.00376889 0.99999 -0.99947
35 38 3786 0.99988 0.014822 0.00441352 -0.0021796 -0.0148552 0.999861 0.00759521 -0.0051483 -0.00430033 -0.00765987 0.999961 -0.999984
35 39 3146 0.99997 0.00523521 0.00576267 -0.0042963 -0.00528911 0.999942 0.00937911 -0.00342971 -0.00571323 -0.0094093 0.999939 -0.999985
40 41 4590 0.999984 -0.0056607 -0.000750289 0.0979937 0.00565856 0.99998 -0.00282578 0.0337698 0.00076627 0.00282149 0.999996 -0.994614
40 42 4077 0.999992 -0.00401044 -0.000129529 0.0168873 0.00400985 0.999983 -0.00430972 0.0257318 0.000146811 0.00430917 0.999991 -0.999526
40 43 3959 0.999993 -0.00303699 0.00211743 0.00651056 0.00305042 0.999975 -0.00636855 0.0118531 -0.00209803 0.00637496 0.999977 -0.999909
40 44 3522 0.999993 -0.000678612 0.00357528 0.018325 0.000707393 0.999967 -0.00805497 -0.00687978 -0.0035697 0.00805744 0.999961 -0.999808
45 46 4598 1 0.000699867 0.00046215 -0.0147255 -0.000699024 0.999998 -0.00182195 0.0568517 -0.000463424 0.00182163 0.999998 -0.998274
45 47 4469 1 -0.000147068 0.000583242 0.00518352 0.000145878 0.999998 0.00203914 0.0164218 -0.00058354 -0.00203905 0.999998 -0.999852
45 48 3754 0.99997 -0.00768032 -0.00011707 -0.0127749 0.00768082 0.999958 0.00507454 0.0225977 7.80914e-05 -0.00507528 0.999987 -0.999663
45 49 3191 0.99999 -0.00430287 0.00134652 -0.00350529 0.00429726 0.999982 0.00414159 0.0194861 -0.00136432 -0.00413576 0.999991 -0.999804
50 51 4361 1 -0.000198014 0.000582674 0.0276031 0.000198923 0.999999 -0.00156121 -0.000451246 -0.000582364 0.00156133 0.999999 -0.999619
50 52 4493 0.999984 -0.00538126 0.00158327 -0.00182327 0.00537911 0.999985 0.00135932 0.0302275 -0.00159056 -0.00135078 0.999998 -0.999541
50 53 3648 0.999987 -0.00517177 -0.000283273 0.0205922 0.00517356 0.999964 0.0067328 0.00493932 0.000248443 -0.00673418 0.999977 -0.999776
50 54 3199 0.999989 -0.00251993 0.00401598 0.000216612 0.0024889 0.999967 0.00771182 0.00858629 -0.00403528 -0.00770174 0.999962 -0.999963
55 56 4904 1 -2.29373e-05 0.00051575 0.0126775 2.39905e-05 0.999998 -0.00204219 0.0200691 -0.000515702 0.0020422 0.999998 -0.999718
55 57 4357 0.999982 0.00579224 -0.00139959 0.045195 -0.00579679 0.999978 -0.00327276 0.00322226 0.0013806 0.00328081 0.999994 -0.998973
55 58 3535 0.999988 0.00468696 -0.00150492 0.0208224 -0.00468952 0.999988 -0.00170452 0.0124836 0.00149691 0.00171155 0.999997 -0.999705
55 59 3141 0.999984 0.00552299 0.00133744 -0.00657701 -0.0055204 0.999983 -0.00193056 0.0284644 -0.00134808 0.00192314 0.999997 -0.999573
60 61 5289 0.999994 0.00223118 0.00254557 -0.00327852 -0.00221936 0.999987 -0.00463501 0.0317195 -0.00255588 0.00462933 0.999986 -0.999491
60 62 3907 0.999996 0.00208825 -0.00188331 0.0298413 -0.00210685 0.999948 -0.0099294 0.0344858 0.00186248 0.00993333 0.999949 -0.99896
60 63 3505 0.999993 0.00372346 0.000911192 0.00660732 -0.00371363 0.999937 -0.0105664 0.00859956 -0.000950478 0.0105629 0.999944 -0.999941
60 64 3026 0.999999 0.000293393 0.00167365 0.0148357 -0.000280171 0.999969 -0.00789516 0.025159 -0.00167592 0.00789468 0.999967 -0.999573
65 66 4729 0.999994 -0.00214577 0.00260686 -0.0568795 0.00213345 0.999987 0.00471856 0.0191397 -0.00261695 -0.00471297 0.999985 -0.998198
65 67 4445 0.999959 -0.0088229 0.00204386 0.00387392 0.00881298 0.99995 0.00481311 0.0107162 -0.00208622 -0.0047949 0.999986 -0.999935
65 68 3883 0.999947 -0.00955407 0.00378851 -0.00947783 0.00954962 0.999954 0.00119149 0.0142187 -0.00379972 -0.00115525 0.999992 -0.999854
65 69 3672 0.99991 -0.0124508 0.00503785 -0.00520056 0.0124584 0.999921 -0.00147161 0.0330067 -0.00501913 0.00153424 0.999986 -0.999442
70 71 4827 0.999995 -0.00267379 0.00155886 0.017212 0.00267365 0.999996 9.4192e-05 -0.0185416 -0.00155911 -9.00237e-05 0.999999 -0.99968
70 72 4977 0.999995 -0.00198209 0.00242713 0.0337372 0.00198396 0.999998 -0.000770539 0.00678715 -0.00242559 0.000775351 0.999997 -0.999408
70 73 4877 0.999951 -0.00126984 0.00985166 -0.0855167 0.00131053 0.999991 -0.00412514 0.0443267 -0.00984633 0.00413785 0.999943 -0.99535
70 74 4251 0.999977 -0.00249725 0.0062491 0.000275696 0.00251386 0.999993 -0.00265119 0.0238121 -0.00624244 0.00266684 0.999977 -0.999716
75 76 5468 0.999999 0.000128674 0.00101991 0.071736 -0.000126468 0.999998 -0.00216235 -0.0308446 -0.00102018 0.00216222 0.999997 -0.996947
75 77 5332 0.999984 -0.00464486 0.00317554 -0.00451074 0.00466158 0.999975 -0.00527666 0.00602167 -0.00315096 0.00529138 0.999981 -0.999972
75 78 4903 0.999968 -0.00539272 0.00589045 -0.0327086 0.00539635 0.999985 -0.00060132 -0.00807172 -0.00588712 0.000633088 0.999982 -0.999432
75 79 4399 0.999946 -0.00890618 0.00536506 0.00532312 0.00887723 0.999946 0.00539522 0.0140406 -0.00541282 -0.0053473 0.999971 -0.999887
80 81 4515 0.999997 -0.0023239 5.40818e-06 -0.0400436 0.00232389 0.999996 0.00156437 -0.00173438 -9.0436e-06 -0.00156435 0.999999 -0.999196
80 82 6014 0.999992 -0.00275535 0.00283434 -0.0393636 0.00276009 0.999995 -0.00167055 0.00844691 -0.00282973 0.00167836 0.999995 -0.999189
80 83 5266 0.999989 -0.00466103 0.000743378 0.0268455 0.00466527 0.999972 -0.00580922 0.0309691 -0.00071628 0.00581262 0.999983 -0.99916
80 84 5089 0.999989 0.000112307 0.00474431 -0.0021604 -0.000107186 0.999999 -0.00107964 0.0154222 -0.00474443 0.00107912 0.999988 -0.999879
85 86 5070 0.999985 0.00353364 -0.00416854 0.117632 -0.00351356 0.999982 0.00481587 0.0144223 0.00418548 -0.00480115 0.99998 -0.992953
85 87 6172 0.999999 0.000743241 -0.000892053 -0.133001 -0.000739023 0.999989 0.00472015 0.0051379 0.000895551 -0.00471948 0.999988 -0.991103
85 88 5482 0.999955 -0.00242588 -0.00919193 0.0458228 0.00244297 0.999995 0.00184855 0.0142259 0.00918741 -0.00187093 0.999956 -0.998848
85 89 4916 0.999908 -0.00138982 -0.0134834 0.0188058 0.00136787 0.999998 -0.00163717 0.0212802 0.0134857 0.00161858 0.999908 -0.999597
90 91 4182 0.999937 0.00425122 -0.0104243 0.0746667 -0.00428008 0.999987 -0.00274799 0.0186687 0.0104125 0.00279244 0.999942 -0.997034
90 92 5528 0.999777 0.00170599 -0.0210625 0.0938132 -0.001767 0.999994 -0.00287827 -0.00019869 0.0210575 0.00291484 0.999774 -0.99559
90 93 4876 0.999361 -0.00454282 -0.0354457 0.0185409 0.0044371 0.999985 -0.00306071 0.0196691 0.0354591 0.00290148 0.999367 -0.999635
90 94 4492 0.998656 -0.00914553 -0.0510178 0.0137258 0.00879539 0.999936 -0.00708342 0.051756 0.0510793 0.00662518 0.998673 -0.998565
95 96 3399 0.999587 0.00363633 -0.0285193 0.0495164 -0.00366062 0.999993 -0.000799446 -0.00951773 0.0285162 0.000903514 0.999593 -0.998728
95 97 4628 0.998418 0.00318482 -0.0561409 0.0506323 -0.00332664 0.999992 -0.00243279 -0.00339661 0.0561327 0.0026157 0.99842 -0.998712
95 98 4005 0.995994 0.0038544 -0.0893402 -0.0179294 -0.00437488 0.999975 -0.00563074 0.0333764 0.0893162 0.00599903 0.995985 -0.999282
95 99 3861 0.992364 0.00327105 -0.1233 -0.00988922 -0.00408252 0.999972 -0.00632921 0.0193545 0.123276 0.00678425 0.992349 -0.999764
100 101 4221 0.99922 0.000946704 -0.0394713 -0.185725 -0.000938265 1 0.000232317 0.0115998 0.0394715 -0.000195101 0.999221 -0.982533
100 102 3487 0.99475 -0.00125977 -0.102323 0.0795896 0.00126115 0.999999 -5.11338e-05 0.0405737 0.102323 -7.81796e-05 0.994751 -0.996002
100 103 4037 0.988767 -0.00249975 -0.149441 -0.0285541 0.00278728 0.999995 0.00171463 0.029486 0.149436 -0.0021119 0.988769 -0.999157
100 104 3315 0.977686 -0.00196894 -0.210063 0.0365268 0.00263083 0.999992 0.00287152 0.0292015 0.210055 -0.00336008 0.977684 -0.998906
105 106 4438 0.997758 0.000288097 -0.066919 -0.0452064 -0.000208252 0.999999 0.00120014 0.0208628 0.0669193 -0.00118351 0.997758 -0.99876
105 107 4593 0.991447 0.00327886 -0.130468 -0.0453004 -0.00295883 0.999992 0.00264667 0.00138078 0.130476 -0.002238 0.991449 -0.998972
105 108 4151 0.978916 0.00519937 -0.204195 0.0520271 -0.00346565 0.999955 0.00884719 -0.0364844 0.204232 -0.00795299 0.97889 -0.997979
105 109 3788 0.965024 0.00533105 -0.262106 0.0222095 -0.00298648 0.999952 0.00934267 -0.0419281 0.262143 -0.00823313 0.964994 -0.998874
110 111 5253 0.997716 -0.00278625 -0.0674912 0.0203328 0.00259291 0.999992 -0.00295217 0.0589694 0.0674989 0.00277043 0.997716 -0.998053
110 112 5495 0.991631 0.00200655 -0.129088 -0.0288008 -0.00197494 0.999998 0.000372873 0.00919578 0.129089 -0.000114811 0.991633 -0.999543
110 113 4745 0.982281 0.00913448 -0.18719 -0.011164 -0.0087742 0.999958 0.00275313 0.00736774 0.187207 -0.00106191 0.98232 -0.999911
110 114 3876 0.97124 0.00593149 -0.238028 -0.0326488 -0.00586501 0.999982 0.00098752 0.0178692 0.23803 0.000436916 0.971258 -0.999307
115 116 4617 0.99887 -0.00171178 -0.0475037 -0.179429 0.00175156 0.999998 0.000795826 0.0420023 0.0475023 -0.000878132 0.998871 -0.982874
115 117 4176 0.995099 0.00880238 -0.0984961 -0.0690866 -0.00835644 0.999953 0.00493915 -0.0256516 0.0985349 -0.00409186 0.995125 -0.997281
115 118 3900 0.989748 0.0217223 -0.141164 -0.0707591 -0.0213979 0.999764 0.0038155 -0.00879477 0.141214 -0.000755768 0.989979 -0.997455
115 119 3159 0.983775 0.0214282 -0.17812 -0.0565782 -0.0222995 0.999747 -0.00289083 0.0380521 0.178013 0.00681592 0.984005 -0.997673
120 121 3991 0.999444 -0.010612 -0.0316214 -0.10163 0.0107595 0.999932 0.00449842 0.0321076 0.0315716 -0.00483614 0.99949 -0.994304
120 122 3848 0.997903 -0.0208572 -0.0612735 -0.00987553 0.0212245 0.99976 0.00534982 0.0656983 0.0611473 -0.0066391 0.998107 -0.997791
120 123 3983 0.995738 -0.0144977 -0.0910794 0.03226 0.0155378 0.999822 0.0107201 0.00405783 0.0909077 -0.0120896 0.995786 -0.999471
120 124 3218 0.993338 -0.0102135 -0.114779 0.0384227 0.0116773 0.999859 0.0120887 0.0370857 0.11464 -0.0133484 0.993317 -0.998573
125 126 3877 0.999821 0.00418994 -0.0184345 -0.0867081 -0.00408398 0.999975 0.00578146 -0.0114055 0.0184583 -0.00570514 0.999813 -0.996168
125 127 3076 0.999221 -0.00396045 -0.0392634 0.0240524 0.00419526 0.999974 0.0059 0.00706883 0.039239 -0.00606012 0.999211 -0.999686
125 128 2694 0.998527 -0.00764563 -0.0537073 0.0203571 0.00772299 0.999969 0.00123303 0.0270646 0.0536962 -0.001646 0.998556 -0.999426
125 129 2642 0.997594 -0.0105142 -0.0685236 -0.00157061 0.0104166 0.999944 -0.00178148 0.0203876 0.0685385 0.00106342 0.997648 -0.999791
130 131 3707 0.9999 0.00415605 -0.0134817 0.00416625 -0.00416126 0.999991 -0.00035862 0.0021419 0.0134801 0.000414685 0.999909 -0.999989
130 132 3163 0.999757 0.00558528 -0.0213152 -0.0307122 -0.0055626 0.999984 0.00112287 -0.00667196 0.0213212 -0.00100403 0.999772 -0.999506
130 133 2856 0.999524 0.00736205 -0.0299592 -0.0178932 -0.00732259 0.999972 0.00142656 -0.000454893 0.0299688 -0.0012065 0.99955 -0.99984
130 134 2613 0.999251 0.0107304 -0.0371675 0.0178045 -0.0107014 0.999942 0.000979243 0.00667434 0.0371759 -0.000580766 0.999309 -0.999819
135 136 2545 0.999976 -0.00342191 -0.00599173 -0.0392547 0.0034265 0.999994 0.000756017 0.0159126 0.00598911 -0.000776529 0.999982 -0.999103
135 137 2840 0.999934 0.000339137 -0.011507 0.025489 -0.000315855 0.999998 0.00202502 -0.010197 0.0115076 -0.00202125 0.999932 -0.999623
135 138 2481 0.999905 0.00771477 -0.0113999 -0.0438564 -0.00770537 0.99997 0.000868177 -0.00604934 0.0114062 -0.000780254 0.999935 -0.99902
135 139 2515 0.999803 0.00446848 -0.0193427 0.030157 -0.00449122 0.999989 -0.00113245 0.0295158 0.0193374 0.0012191 0.999812 -0.999109
140 141 2505 0.999982 0.00587725 -0.000708837 0.00149323 -0.00587807 0.999982 -0.00116667 0.0396704 0.000701967 0.00117081 0.999999 -0.999212
140 142 3231 0.999979 0.00645967 -0.000387288 0.0125019 -0.00645921 0.999978 0.00118499 -0.0305723 0.000394934 -0.00118246 0.999999 -0.999454
140 143 3069 0.999901 0.0137087 0.00315813 -0.0139287 -0.0137098 0.999906 0.000319677 -0.00790059 -0.00315345 -0.000362943 0.999995 -0.999872
140 144 2855 0.999903 0.0095867 0.0100937 -0.0621777 -0.00958363 0.999954 -0.000351731 0.00521797 -0.0100966 0.000254963 0.999949 -0.998051
145 146 3423 0.999984 0.00194274 0.00526202 -0.0507133 -0.00192846 0.999994 -0.00271697 0.0154635 -0.00526727 0.00270678 0.999982 -0.998594
145 147 4093 0.999968 0.00295685 0.00737529 0.00746725 -0.00293553 0.999991 -0.00289968 -0.00449497 -0.00738381 0.00287794 0.999969 -0.999962
145 148 3692 0.999917 -0.00176768 0.0127835 -0.00730514 0.00185451 0.999975 -0.00678327 0.0209827 -0.0127712 0.00680641 0.999895 -0.999753
145 149 3490 0.999884 -0.00545515 0.0142391 0.0191237 0.00557954 0.999946 -0.00871096 0.0283787 -0.0141908 0.00878939 0.999861 -0.999414
150 151 4753 0.999982 -0.00158578 -0.00584281 0.268054 0.00162394 0.999977 0.00653126 -0.0508922 0.00583233 -0.00654063 0.999962 -0.962059
150 152 4351 0.99997 -0.00741701 0.00243711 0.0383921 0.00739265 0.999924 0.00985642 -0.0142973 -0.00251003 -0.0098381 0.999948 -0.99916
150 153 3892 0.999858 -0.0164525 0.00362916 0.0125251 0.0164103 0.999801 0.0113584 0.0200434 -0.00381531 -0.0112972 0.999929 -0.999721
150 154 3316 0.999881 -0.0147892 0.00438302 0.0101657 0.0147417 0.999834 0.0106709 0.0076454 -0.00454011 -0.010605 0.999933 -0.999919
155 156 5169 0.999995 0.00293379 0.00112828 -0.0503104 -0.00293025 0.999991 -0.00313255 0.0484999 -0.00113746 0.00312923 0.999994 -0.997555
155 157 5276 0.999995 -0.002376 -0.00188739 0.0299357 0.00237146 0.999994 -0.00240371 0.0143147 0.00189309 0.00239922 0.999995 -0.999449
155 158 4279 0.999987 -0.00432629 0.00266261 -0.0228661 0.00433472 0.999986 -0.00317012 0.023015 -0.00264885 0.00318162 0.999991 -0.999474
155 159 3846 0.999996 -0.00198132 -0.00190748 0.0241338 0.00198205 0.999998 0.000375988 -0.00158478 0.00190673 -0.000379767 0.999998 -0.999707
160 161 5729 0.999963 -0.008381 -0.00200587 -0.0458449 0.00837629 0.999962 -0.00234515 0.0768242 0.00202544 0.00232826 0.999995 -0.99599
160 162 5190 0.999944 -0.00511685 -0.0093155 0.0302279 0.00509323 0.999984 -0.00255834 0.020777 0.00932844 0.00251075 0.999953 -0.999327
160 163 3753 0.9999 -0.0063667 -0.0126069 0.0347671 0.00633788 0.999977 -0.00232507 -0.00302141 0.0126214 0.00224494 0.999918 -0.999391
160 164 2736 0.999781 -0.0130851 -0.0163231 -0.00733233 0.0129552 0.999884 -0.00804059 0.0305303 0.0164264 0.00782736 0.999834 -0.999507
165 166 4579 0.999968 0.00050764 -0.00803873 -0.0170233 -0.000494345 0.999999 0.0016558 0.000354598 0.00803956 -0.00165177 0.999966 -0.999855
165 167 3618 0.99982 -0.00400052 -0.0185621 0.0162422 0.00401193 0.999992 0.000577611 0.0254354 0.0185596 -0.000651977 0.999828 -0.999545
165 168 2965 0.999592 0.000961775 -0.0285332 0.00538422 -0.000958866 1 0.000115627 0.00979771 0.0285333 -8.82204e-05 0.999593 -0.999938
165 169 2364 0.999268 -0.00141224 -0.0382371 -0.00203539 0.00136262 0.999998 -0.00132365 0.0217922 0.0382389 0.00127058 0.999268 -0.99976
170 171 3531 0.999945 -0.0010717 -0.0104765 -0.0113329 0.00105812 0.999999 -0.00130232 0.0480955 0.0104779 0.00129117 0.999944 -0.998778
170 172 2655 0.999784 -0.00094357 -0.0207847 -0.00538362 0.000957361 0.999999 0.000653569 0.00801482 0.0207841 -0.000673326 0.999784 -0.999953
170 173 2674 0.999526 -0.00299909 -0.0306291 -0.0299233 0.00306697 0.999993 0.00216952 0.00583429 0.0306224 -0.00226243 0.999528 -0.999535
170 174 2409 0.999003 -0.008283 -0.0438625 0.0317858 0.00831481 0.999965 0.000542678 0.0336937 0.0438565 -0.000906845 0.999037 -0.998927
175 176 3635 0.999954 0.00101978 -0.00950521 0.0141461 -0.00101155 0.999999 0.00087034 -0.00748106 0.00950608 -0.000860685 0.999954 -0.999872
175 177 4174 0.999748 0.00396072 -0.0220989 0.0522294 -0.00390945 0.99999 0.00236299 -0.0116718 0.022108 -0.002276 0.999753 -0.998567
175 178 3534 0.999576 -0.00526806 -0.0286382 0.0188436 0.00523628 0.999986 -0.00118436 0.0292849 0.028644 0.0010339 0.999589 -0.999393
175 179 3162 0.999381 0.00607633 -0.0346633 -0.0017993 -0.0060226 0.99998 0.00165417 -0.00717663 0.0346726 -0.00144438 0.999398 -0.999973
180 181 4347 0.999992 -0.000736634 -0.0038384 -0.00335874 0.000722315 0.999993 -0.00373048 0.0748649 0.00384112 0.00372768 0.999986 -0.997188
180 182 4023 0.999961 0.00552542 -0.00684072 0.0178084 -0.00555003 0.999978 -0.00358445 0.00924409 0.00682077 0.00362228 0.99997 -0.999799
180 183 3333 0.999951 0.00761 -0.00629248 -0.0115363 -0.00764107 0.999959 -0.00492788 0.0292574 0.00625472 0.00497572 0.999968 -0.999505
180 184 3220 0.999965 -0.000507632 -0.00837737 -0.00684323 0.000454958 0.99998 -0.00628838 0.0453778 0.0083804 0.00628435 0.999945 -0.998946
185 186 4406 0.999999 -0.00165231 2.98618e-06 0.0855685 0.00165231 0.999999 4.65602e-05 0.0727399 -3.06311e-06 -4.65552e-05 1 -0.993673
185 187 4043 0.999945 0.00176573 0.0103836 -0.0186012 -0.00179228 0.999995 0.00254824 0.00331184 -0.010379 -0.00256671 0.999943 -0.999821
185 188 4446 0.999874 -0.000836567 0.0158557 -0.00214946 0.000810666 0.999998 0.0016399 0.0314458 -0.015857 -0.00162684 0.999873 -0.999503
185 189 4264 0.99967 -0.00172581 0.0256482 0.00943113 0.00166828 0.999996 0.00226441 0.0318696 -0.025652 -0.00222088 0.999668 -0.999448
190 191 4463 0.999886 -0.000973437 0.0150634 0.0790832 0.000952657 0.999999 0.0013866 0.0364207 -0.0150648 -0.00137209 0.999886 -0.996202
190 192 5442 0.999286 0.00724967 0.0370877 0.044178 -0.00757215 0.999935 0.00856209 -0.0721568 -0.0370232 -0.0088368 0.999275 -0.996414
190 193 4730 0.997984 -0.00299578 0.0633894 0.00451498 0.00247375 0.999962 0.00831222 -0.00636207 -0.0634119 -0.00813866 0.997954 -0.99997
190 194 4490 0.996058 -0.0043486 0.0885966 0.0105826 0.00351748 0.999948 0.00953493 0.00370692 -0.0886335 -0.00918571 0.996022 -0.999937
195 196 4009 0.999263 0.000822073 0.0383787 0.0284624 -0.000775435 0.999999 -0.00123005 -0.0154915 -0.0383797 0.00119939 0.999263 -0.999475
195 197 3794 0.99647 0.000279973 0.0839543 -0.0321413 0.000150373 0.999987 -0.00511959 -0.0047708 -0.0839546 0.00511414 0.996456 -0.999472
195 198 4004 0.992009 -0.0013969 0.126158 0.00342534 0.00286801 0.99993 -0.01148 0.0195918 -0.126133 0.0117501 0.991944 -0.999802
195 199 2891 0.98381 -0.00191293 0.179206 -0.0490562 0.00407852 0.999923 -0.0117167 0.00857666 -0.17917 0.0122579 0.983742 -0.998759
200 201 4267 0.998532 -0.00036734 0.0541653 0.120083 0.000374509 1 -0.000122199 0.0106092 -0.0541652 0.000142305 0.998532 -0.992707
200 202 2775 0.994069 0.00120482 0.108746 0.15437 -0.00092127 0.999996 -0.00265763 0.0529713 -0.108749 0.00254168 0.994066 -0.986592
200 203 1493 0.982222 0.0039678 0.187683 -0.0367471 -0.00572867 0.999945 0.00884062 -0.0141932 -0.187638 -0.00975862 0.98219 -0.999224
200 204 971 0.969404 0.00874811 0.245315 -0.00844271 -0.0110835 0.999905 0.00814117 0.0165254 -0.24522 -0.010611 0.969409 -0.999828
205 206 2601 0.997747 -0.00129746 0.0670768 0.171444 0.00116782 0.999997 0.00197192 0.0183072 -0.0670792 -0.00188915 0.997746 -0.985024
205 207 2255 0.990363 0.00206906 0.138482 0.0247954 -0.00227821 0.999996 0.00135181 0.0276931 -0.138479 -0.00165428 0.990364 -0.999309
205 208 1658 0.978953 0.00099651 0.204083 0.0358952 -0.00159125 0.999995 0.00275012 -0.000711526 -0.204079 -0.00301699 0.97895 -0.999355
205 209 1546 0.962819 0.00311415 0.27013 -0.0148548 -0.00247279 0.999993 -0.00271455 0.0078848 -0.270137 0.00194565 0.96282 -0.999859
210 211 2979 0.997827 4.70768e-05 0.0658941 0.0726701 0.000369465 0.99998 -0.00630919 0.0208889 -0.0658931 0.00631982 0.997807 -0.997137
210 212 2845 0.992016 0.00206723 0.126098 0.0564658 -0.000318314 0.999904 -0.0138881 0.044329 -0.126114 0.0137371 0.991921 -0.99742
210 213 3017 0.982941 0.000797041 0.183922 0.0180125 0.00259112 0.999831 -0.0181807 0.0246877 -0.183906 0.0183471 0.982773 -0.999533
210 214 2561 0.973071 -0.00440271 0.230464 0.0161739 0.00893809 0.999786 -0.018639 0.0214581 -0.230333 0.020197 0.972902 -0.999639
215 216 2949 0.999276 -0.00223774 0.0379924 -0.0354923 0.00215914 0.999995 0.00210958 -0.0180162 -0.0379969 -0.00202602 0.999276 -0.999208
215 217 3505 0.997632 -0.00597792 0.0685159 0.0826209 0.00580286 0.999979 0.00275369 0.00157323 -0.068531 -0.00234959 0.997646 -0.99658
215 218 3769 0.995667 0.000410363 0.0929907 -0.0182162 -0.000711147 0.999995 0.00320144 -0.00165523 -0.0929889 -0.0032537 0.995662 -0.999833
215 219 3643 0.993984 0.00646678 0.109333 -0.0169997 -0.00677924 0.999974 0.00248634 0.00346542 -0.109314 -0.00321257 0.994002 -0.999849
220 221 3282 0.999935 -0.00659601 0.00925068 -0.0104593 0.00660658 0.999978 -0.00111242 0.0188693 -0.00924314 0.00117347 0.999957 -0.999767
220 222 4114 0.999812 -0.0122332 0.0150253 0.0415375 0.0122117 0.999924 0.00152258 0.00257289 -0.0150428 -0.00133881 0.999886 -0.999134
220 223 4156 0.99963 -0.0205091 0.0178565 0.0401221 0.0204162 0.999777 0.00536762 -0.000922992 -0.0179626 -0.00500107 0.999826 -0.999194
220 224 4331 0.99964 -0.0176501 0.0201945 0.0155378 0.0174713 0.999807 0.00899844 -0.00808484 -0.0203494 -0.00864238 0.999756 -0.999847
225 226 3181 0.999987 0.00410698 -0.00301334 -0.0921283 -0.00408776 0.999971 0.00635698 0.00181488 0.00303936 -0.00634458 0.999975 -0.995745
225 227 3747 0.999963 0.00304505 -0.00809474 -0.0170837 -0.00296001 0.999941 0.0104969 -0.00510317 0.00812623 -0.0104726 0.999912 -0.999841
225 228 3868 0.999907 -0.00180983 -0.0135357 0.0467769 0.00196081 0.999936 0.0111495 -0.0193339 0.0135146 -0.011175 0.999846 -0.998718
225 229 3669 0.999822 -0.00618661 -0.0178066 0.0167243 0.00627662 0.999968 0.0050033 0.00966227 0.0177751 -0.00511418 0.999829 -0.999813
230 231 2905 0.999991 0.00328393 -0.00271715 0.0124421 -0.00329995 0.999977 -0.00591276 -0.000269657 0.00269767 0.00592167 0.999979 -0.999923
230 232 3616 0.999966 0.00463 -0.00682183 0.00378287 -0.00470074 0.999935 -0.0103899 0.021392 0.00677328 0.0104216 0.999923 -0.999764
230 233 3876 0.999895 0.00949454 -0.0109314 -0.00229974 -0.00960089 0.999907 -0.00971771 0.00418805 0.0108381 0.00982164 0.999893 -0.999989
230 234 3134 0.999869 0.0108588 -0.012011 0.018636 -0.010973 0.999895 -0.00948011 0.0208787 0.0119068 0.00961066 0.999883 -0.999608
235 236 3017 0.999994 -0.0032022 0.00139194 -0.0670025 0.00319067 0.999961 0.00821144 -0.0509294 -0.00141818 -0.00820694 0.999965 -0.996452
235 237 2911 0.999981 -0.00507496 0.00348531 -0.00913389 0.0050401 0.999938 0.00993929 -0.0133288 -0.00353553 -0.00992154 0.999945 -0.999869
235 238 3331 0.999979 -0.00334289 0.0055121 0.00824158 0.00330752 0.999974 0.00641255 -0.0102404 -0.0055334 -0.00639419 0.999964 -0.999914
235 239 3284 0.999961 0.000157225 0.00882253 -0.0284658 -0.000153926 1 -0.00037457 -0.00689469 -0.00882259 0.000373198 0.999961 -0.999571
240 241 3080 0.999988 -0.00134443 0.00462474 -0.0777564 0.00133658 0.999998 0.00170064 -0.00361029 -0.00462702 -0.00169444 0.999988 -0.996966
240 242 3321 0.999965 -0.00760666 0.0035478 0.016168 0.0075828 0.999949 0.00669119 -0.0136933 -0.00359852 -0.00666406 0.999971 -0.999776
240 243 3037 0.999958 -0.0062526 0.0067438 0.0381581 0.00618278 0.999928 0.010325 0.0177377 -0.00680787 -0.0102829 0.999924 -0.999114
240 244 2745 0.999888 -0.0111229 0.0100138 0.0195023 0.0109941 0.999857 0.0128201 -0.00129129 -0.010155 -0.0127085 0.999868 -0.999809
245 246 2693 0.999987 0.0019113 0.00463854 0.0211124 -0.00189863 0.999994 -0.00273287 0.0181933 -0.00464374 0.00272403 0.999986 -0.999612
245 247 3815 0.99996 0.00455647 0.00766023 -0.0733389 -0.00453042 0.999984 -0.00341417 -0.00935279 -0.00767567 0.00337934 0.999965 -0.997263
245 248 3326 0.999906 0.0108593 0.00833891 -0.0106745 -0.0108194 0.99993 -0.00482443 -0.0237844 -0.00839071 0.00473375 0.999954 -0.99966
245 249 2966 0.999914 0.0103569 0.00809849 -0.0248991 -0.0102946 0.999917 -0.00769522 0.00515698 -0.00817752 0.00761118 0.999938 -0.999677
250 251 2682 0.999987 -0.00517536 0.000218495 -0.0384875 0.00517483 0.999984 0.00235711 0.000121034 -0.00023069 -0.00235595 0.999997 -0.999259
250 252 3216 0.999946 -0.0103838 0.000216603 -0.0142132 0.0103827 0.999935 0.00464634 0.0149534 -0.000264835 -0.00464384 0.999989 -0.999787
250 253 3120 0.999808 -0.0194246 -0.00252284 0.0189 0.0194409 0.999789 0.00659624 0.00259507 0.00239418 -0.00664402 0.999975 -0.999818
250 254 2845 0.999654 -0.0254085 -0.00674591 0.0230434 0.0254486 0.999659 0.00592726 0.00662917 0.006593 -0.00609688 0.99996 -0.999712
255 256 3015 0.999987 -0.00191012 -0.00467369 0.02838 0.00191008 0.999998 -1.35316e-05 0.0291061 0.00467371 4.60429e-06 0.999989 -0.999173
255 257 3263 0.999987 0.00206214 -0.00466064 -0.00685961 -0.00204398 0.99999 0.00389879 0.000373959 0.00466864 -0.00388922 0.999982 -0.999976
255 258 3210 0.999943 0.00987842 -0.00407503 -0.0197763 -0.00986465 0.999946 0.00338669 -0.00432512 0.00410827 -0.0033463 0.999986 -0.999795
255 259 2641 0.999756 0.0216449 -0.00450354 -0.0185562 -0.0216265 0.999758 0.00409095 0.00233629 0.004591 -0.00399255 0.999981 -0.999825
260 261 2486 0.999986 -0.00474295 -0.00223554 0.0328875 0.0047358 0.999984 -0.0031909 0.034285 0.00225064 0.00318027 0.999992 -0.998871
260 262 2987 0.999985 -0.0054192 -0.00124961 -0.0321514 0.00541123 0.999966 -0.00630184 -0.0101202 0.00128372 0.00629498 0.999979 -0.999432
260 263 2661 0.99995 -0.00986461 -0.00132088 -0.0200905 0.00984815 0.99988 -0.0119365 0.0126318 0.00143847 0.0119229 0.999928 -0.999718
260 264 2305 0.999899 -0.0129714 -0.00577511 0.0205097 0.0129321 0.999893 -0.00678957 0.0145105 0.00586256 0.0067142 0.99996 -0.999684
265 266 2862 0.999971 0.00650545 0.00405728 -0.0862885 -0.00654598 0.999928 0.0100574 -0.0308906 -0.00399156 -0.0100837 0.999941 -0.995791
265 267 2839 0.999982 0.00585413 0.00109597 -0.00351025 -0.00585455 0.999983 0.000384429 0.00215656 -0.0010937 -0.000390838 0.999999 -0.999992
265 268 2198 0.999987 0.0043467 0.00257421 -0.00352717 -0.00429359 0.999785 -0.0202899 0.0221686 -0.00266185 0.0202786 0.999791 -0.999748
265 269 1846 0.999913 0.012306 0.00475087 0.00570492 -0.0121292 0.999293 -0.0355939 0.029678 -0.00518553 0.0355332 0.999355 -0.999543
270 271 2257 0.999987 -0.00489404 0.00116429 0.0515979 0.00487481 0.99986 0.0159798 9.27536e-05 -0.00124234 -0.0159739 0.999872 -0.998668
270 272 2541 0.999985 -0.00452496 0.00310036 -0.0136544 0.00444645 0.999681 0.0248781 -0.00880928 -0.00321195 -0.024864 0.999686 -0.999868
270 273 2145 0.99999 -0.000261669 0.00447654 0.0153678 0.000156228 0.999723 0.0235383 0.00585655 -0.00448146 -0.0235373 0.999713 -0.999865
270 274 1811 0.999979 0.00285084 0.00582554 0.0145297 -0.00298499 0.999728 0.0231492 0.00344925 -0.00575796 -0.0231661 0.999715 -0.999888
275 276 2918 0.999985 -0.00214127 0.0051003 -0.0105145 0.00213789 0.999997 0.000667494 0.0433381 -0.00510172 -0.00065658 0.999987 -0.999005
275 277 2805 0.999962 -0.00673192 0.00551112 0.0589213 0.00671989 0.999975 0.00219797 0.0161452 -0.00552578 -0.00216085 0.999982 -0.998132
275 278 2509 0.999876 -0.0131923 0.00855886 0.0285916 0.0131759 0.999911 0.00197192 0.0112006 -0.00858412 -0.00185891 0.999961 -0.999528
275 279 2162 0.999789 -0.0166584 0.0120274 0.00404954 0.0166587 0.999861 7.498e-05 0.0100824 -0.012027 0.000125397 0.999928 -0.999941
280 281 3881 0.999996 0.0026952 -0.000294708 0.0570739 -0.00269541 0.999996 -0.000724669 0.0458184 0.000292754 0.00072546 1 -0.997318
280 282 3717 0.99998 0.00502279 0.00384721 0.0183635 -0.00504092 0.999976 0.00471727 0.000481347 -0.00382343 -0.00473657 0.999981 -0.999831
280 283 3065 0.999889 0.0102879 0.0107442 -0.0201132 -0.0103893 0.999902 0.00943025 -0.01169 -0.0106461 -0.00954084 0.999898 -0.999729
280 284 2671 0.999773 0.0119207 0.0176736 -0.0300303 -0.0120516 0.999901 0.00731899 0.0165616 -0.0175846 -0.00753032 0.999817 -0.999412
285 286 3988 0.999981 0.00169854 0.00594058 0.0814728 -0.00165507 0.999972 -0.00731535 -0.00770993 -0.00595284 0.00730537 0.999956 -0.996646
285 287 3688 0.999936 0.00385284 0.0106563 0.000992583 -0.00365106 0.999815 -0.0188904 0.0487628 -0.0107271 0.0188503 0.999765 -0.99881
285 288 3271 0.999904 -0.00219327 0.0137115 0.0193331 0.00247732 0.999782 -0.0207337 0.037318 -0.0136631 0.0207657 0.999691 -0.999116
285 289 2866 0.999787 -0.00988309 0.0181151 0.000825556 0.0101328 0.999854 -0.0137467 0.000278223 -0.0179766 0.0139273 0.999741 -1
290 291 3559 0.999967 0.0044693 0.00671843 -0.0580536 -0.00450281 0.999977 0.004981 0.0112496 -0.00669602 -0.00501109 0.999965 -0.99825
290 292 3512 0.999902 0.00696436 0.012132 0.0310761 -0.00701609 0.999966 0.00422604 0.0130062 -0.0121021 -0.00431074 0.999917 -0.999432
290 293 3293 0.999761 -0.00286157 0.0216853 0.00389853 0.00282718 0.999995 0.00161644 0.0118489 -0.0216898 -0.00155475 0.999764 -0.999922
290 294 2697 0.99959 -0.00840303 0.0273607 0.00450112 0.00829128 0.999957 0.00419505 0.00969822 -0.0273948 -0.00396648 0.999617 -0.999943
295 296 4020 0.999954 -0.000343855 0.0095891 -0.0427036 0.000300781 0.99999 0.00449309 -0.0394137 -0.00959055 -0.00449 0.999944 -0.99831
295 297 3433 0.999874 -2.35689e-05 0.0158458 -0.00484039 1.10096e-05 1 0.000792681 -0.00551743 -0.0158458 -0.000792407 0.999874 -0.999973
295 298 2677 0.999696 0.00285359 0.0244852 -0.00414208 -0.00265311 0.999963 -0.00821628 0.0214534 -0.0245077 0.00814882 0.999666 -0.999761
295 299 2191 0.999481 -0.00544187 0.0317645 0.0265835 0.00584921 0.999902 -0.0127451 0.0295419 -0.031692 0.0129243 0.999414 -0.99921
300 301 2535 0.999988 0.000236049 0.0048793 0.0418894 -0.000224053 0.999997 -0.00245895 0.0160921 -0.00487986 0.00245783 0.999985 -0.998993
300 302 2753 0.999958 -0.00231346 0.00885413 0.0122775 0.00231251 0.999997 0.000118073 0.0242274 -0.00885438 -9.75928e-05 0.999961 -0.999631
300 303 2656 0.999851 0.00168551 0.0171929 -0.0254371 -0.00178385 0.999982 0.00570573 0.00872475 -0.017183 -0.00573555 0.999836 -0.999638
300 304 2079 0.999797 -0.0135631 0.0148713 0.0344614 0.0133887 0.999841 0.0117645 0.0138462 -0.0150285 -0.011563 0.99982 -0.99931
305 306 3071 0.99999 0.000986734 0.00442962 -0.0203147 -0.000957798 0.999978 -0.00652985 0.0221723 -0.00443597 0.00652554 0.999969 -0.999548
305 307 3178 0.999961 -0.00449735 0.00764202 -0.00740386 0.00461677 0.999866 -0.0156814 0.0156457 -0.00757048 0.0157161 0.999848 -0.99985
305 308 2559 0.999917 -0.00562989 0.0116245 -0.0249659 0.00591363 0.999682 -0.024521 0.0404796 -0.0114827 0.0245877 0.999632 -0.998868
305 309 1961 0.999912 -0.0076642 0.0107916 0.0211517 0.00787992 0.999767 -0.0200908 0.0271786 -0.0106351 0.0201741 0.99974 -0.999407
310 311 3572 0.99996 0.00623265 0.00636015 0.0608999 -0.00627506 0.999958 0.00667133 -0.0443289 -0.0063183 -0.00671098 0.999958 -0.997159
310 312 2801 0.999923 0.000625604 0.0123883 0.029782 -0.000665008 0.999995 0.00317693 -0.00410442 -0.0123863 -0.00318492 0.999918 -0.999548
310 313 2820 0.999716 0.00254829 0.0236809 -0.0253326 -0.00254213 0.999997 -0.000290205 -0.0148323 -0.0236815 0.000229923 0.99972 -0.999569
310 314 2358 0.999577 0.00606862 0.0284463 0.00577178 -0.0059245 0.999969 -0.00514781 0.0136677 -0.0284767 0.0049771 0.999582 -0.99989
315 316 3414 0.999962 0.00462148 0.00742159 -0.00335992 -0.00461643 0.999989 -0.000696727 0.0350824 -0.00742473 0.000662439 0.999972 -0.999379
315 317 3424 0.999904 0.00666699 0.0121415 0.00346353 -0.00673665 0.999961 0.00570552 0.0237667 -0.012103 -0.00578677 0.99991 -0.999712
315 318 3181 0.999655 0.0153326 0.0213371 -0.0246447 -0.015699 0.99973 0.0171107 0.00218141 -0.0210689 -0.0174398 0.999626 -0.999694
315 319 2563 0.999376 0.0248978 0.0250398 -0.00947247 -0.0254211 0.99946 0.0207989 0.00216901 -0.0245084 -0.0214224 0.99947 -0.999953
320 321 3905 0.999947 -0.00802505 0.00641196 -0.00935858 0.00811144 0.999875 -0.0135633 0.0334702 -0.00630231 0.0136146 0.999887 -0.999396
320 322 3115 0.999796 -0.0182119 0.00877596 0.0462505 0.0183888 0.99962 -0.0205172 0.0308591 -0.00839897 0.0206744 0.999751 -0.998453
320 323 2664 0.999776 -0.0134974 0.0163279 -0.0195717 0.0137672 0.999769 -0.0165265 0.0074402 -0.0161011 0.0167476 0.99973 -0.999781
320 324 2352 0.999762 -0.0149122 0.0159289 0.000610249 0.0150326 0.999859 -0.00746206 0.0103585 -0.0158154 0.00769973 0.999845 -0.999946
325 326 3830 0.999998 -0.000332582 0.00215784 0.00590401 0.000328582 0.999998 0.00185396 0.0515909 -0.00215846 -0.00185324 0.999996 -0.998651
325 327 3431 0.999973 0.00583173 0.00454181 0.00773229 -0.00582459 0.999982 -0.00158451 0.0132478 -0.00455097 0.00155801 0.999988 -0.999882
325 328 2878 0.999969 0.00735004 0.00284425 0.0288665 -0.00731945 0.999917 -0.0106203 0.0189301 -0.00292207 0.0105992 0.99994 -0.999404
325 329 2594 0.999966 0.00677503 0.00469182 -0.00107425 -0.00670848 0.999879 -0.0140575 0.00904572 -0.00478649 0.0140255 0.99989 -0.999959
330 331 3787 1 0.000844999 3.93035e-05 -0.00508701 -0.000845316 0.99996 0.00889899 0.0210125 -3.17823e-05 -0.00889902 0.99996 -0.999766
330 332 3686 0.99993 0.0114175 0.00312557 -0.00130873 -0.0114789 0.999727 0.0203641 0.00563952 -0.00289221 -0.0203986 0.999788 -0.999983
330 333 3237 0.999786 0.0198156 0.00598502 -0.00795661 -0.0199623 0.999475 0.0255367 -0.00191966 -0.00547585 -0.0256507 0.999656 -0.999967
330 334 2845 0.999797 0.018696 0.0075309 -0.00853233 -0.0188428 0.999624 0.0199151 0.00754858 -0.00715574 -0.0200529 0.999773 -0.999935
335 336 4534 0.999997 0.00135837 0.00225201 -0.0267258 -0.00135015 0.999992 -0.00364713 0.0156086 -0.00225694 0.00364407 0.999991 -0.999521
335 337 4134 0.999999 0.0010567 4.13434e-05 0.0447264 -0.00105669 0.999999 -0.000168035 0.0174855 -4.15209e-05 0.000167991 1 -0.998846
335 338 3333 0.999998 -0.000230727 0.00174669 0.00258215 0.000220321 0.999982 0.00595572 0.0147544 -0.00174803 -0.00595533 0.999981 -0.999888
335 339 1911 0.999987 -0.00395835 0.00318254 0.00147696 0.00393722 0.99997 0.00661841 0.00676181 -0.00320865 -0.0066058 0.999973 -0.999976
340 341 3523 0.999995 -0.00273508 0.00185904 -0.00313198 0.00273978 0.999993 -0.00252977 0.0107103 -0.00185211 0.00253485 0.999995 -0.999938
340 342 2766 0.999986 -0.00509449 0.0010654 0.0104979 0.00510155 0.999964 -0.00673482 0.0300594 -0.00103106 0.00674016 0.999977 -0.999493
340 343 2419 0.999901 -0.0139854 0.0017322 -0.00314305 0.0139935 0.999891 -0.00474263 0.00589521 -0.00166568 0.0047664 0.999987 -0.999978
340 344 1787 0.999939 -0.0108639 0.00190373 0.0127669 0.0108668 0.99994 -0.00152093 0.0197153 -0.00188709 0.00154152 0.999997 -0.999724
345 346 3092 0.999995 -0.00248201 0.00214471 -0.00236232 0.00248042 0.999997 0.000747708 -0.0184858 -0.00214656 -0.000742384 0.999997 -0.999826
345 347 2756 0.999986 0.00150988 0.00499344 -0.0108541 -0.00145821 0.999946 -0.0103347 0.0284772 -0.00500877 0.0103273 0.999934 -0.999536
345 348 2332 0.999992 -0.00107476 0.00384557 0.0219697 0.00114685 0.999823 -0.0187945 0.0223364 -0.00382469 0.0187988 0.999816 -0.999509
345 349 1744 0.999936 0.00841636 0.00753193 -0.0140057 -0.00825968 0.999754 -0.020598 0.0278217 -0.00770343 0.0205344 0.999759 -0.999515
350 351 2608 1 -0.000830221 -6.66448e-05 0.00462773 0.000830494 0.999991 0.00421336 0.0208001 6.31462e-05 -0.00421341 0.999991 -0.999773
350 352 2171 0.999991 -0.00279026 -0.00321281 0.0220115 0.0028267 0.999931 0.0113927 0.0113265 0.0031808 -0.0114017 0.99993 -0.999694
350 353 1899 0.999993 0.0016681 -0.00340659 0.0312228 -0.00161517 0.999879 0.015482 -0.0123895 0.00343201 -0.0154764 0.999874 -0.999436
350 354 1781 0.999971 0.00620777 -0.0045041 0.000705475 -0.00612076 0.999799 0.0190802 0.00138051 0.00462164 -0.0190521 0.999808 -0.999999
355 356 1987 0.999987 0.000599327 -0.00501887 0.0309152 -0.000626009 0.999986 -0.00531641 0.00862907 0.00501561 0.00531949 0.999973 -0.999485
355 357 2292 0.999917 -0.00638615 -0.011154 0.0399715 0.00621216 0.99986 -0.0155648 0.0403941 0.0112518 0.0154942 0.999817 -0.998384
355 358 2245 0.999787 -0.0134518 -0.0156538 -0.0282463 0.0131488 0.999727 -0.0192992 0.0311265 0.0159091 0.0190892 0.999691 -0.999116
355 359 2179 0.999648 -0.0144679 -0.0222457 -0.00563132 0.0141038 0.999765 -0.0164387 0.0247973 0.0224783 0.0161191 0.999617 -0.999677
360 361 2654 0.999974 -4.20479e-05 -0.0071499 -0.00803284 0.00011509 0.999948 0.0102157 -0.0283314 0.0071491 -0.0102163 0.999922 -0.999566
360 362 2888 0.99992 -0.00489707 -0.0116704 -0.10979 0.00507509 0.99987 0.0152735 -0.0136715 0.0115941 -0.0153315 0.999815 -0.993861
360 363 2945 0.999821 -0.00500981 -0.0182485 -0.0483713 0.0052715 0.999884 0.0143204 -0.0159954 0.0181747 -0.014414 0.999731 -0.998701
