0 1 1117 0.999991 0.00152112 0.0038699 -0.0276561 -0.00152924 0.999997 0.00209554 0.0200683 -0.0038667 -0.00210144 0.99999 -0.999416
0 2 952 0.999965 0.00241961 0.00806914 -0.00835754 -0.0024497 0.99999 0.00372139 -0.00277461 -0.00806006 -0.00374103 0.999961 -0.999961
0 3 727 0.999948 0.00212373 0.00997514 0.00863851 -0.00217265 0.999986 0.00489514 0.00224719 -0.0099646 -0.00491655 0.999938 -0.99996
0 4 590 0.999886 0.000225483 0.0151049 0.00529111 -0.000310956 0.999984 0.00565652 0.000808456 -0.0151034 -0.00566057 0.99987 -0.999986
5 6 1192 0.999995 -0.00190024 0.00252788 0.0410526 0.00189757 0.999998 0.00106041 0.00130284 -0.00252989 -0.00105561 0.999996 -0.999156
5 7 989 0.999954 -0.00369952 0.00884718 0.0159688 0.00367271 0.999989 0.00304516 -0.0106687 -0.00885834 -0.00301252 0.999956 -0.999816
5 8 741 0.999922 -0.00340527 0.0120452 0.0226619 0.00340766 0.999994 -0.000177571 0.00379293 -0.0120445 0.000218603 0.999927 -0.999736
5 9 654 0.999798 -0.00245711 0.0199362 -0.00795071 0.00251667 0.999992 -0.00296321 0.0123482 -0.0199288 0.00301278 0.999797 -0.999892
10 11 1177 0.999997 -0.0018825 0.00147805 0.028159 0.00188128 0.999998 0.000825635 0.00454368 -0.0014796 -0.000822852 0.999999 -0.999593
10 12 905 0.999992 -0.00122255 0.0037734 0.00837663 0.00122004 0.999999 0.000667303 0.0183262 -0.00377421 -0.000662694 0.999993 -0.999797
10 13 751 0.999968 0.0026949 0.00753865 -0.00497461 -0.00272043 0.999991 0.00337937 -0.00256936 -0.00752947 -0.00339977 0.999966 -0.999984
10 14 574 0.999965 0.00177963 0.00817994 0.00391796 -0.00178944 0.999998 0.00119238 0.00121208 -0.0081778 -0.00120697 0.999966 -0.999992
15 16 1005 0.999998 -0.00219725 9.71383e-05 0.0253495 0.00219702 0.999995 0.00232329 0.00708827 -0.000102243 -0.00232307 0.999997 -0.999654
15 17 835 0.999994 -0.00260224 0.00234973 0.0114492 0.00259074 0.999985 0.00488334 0.00412013 -0.0023624 -0.00487722 0.999985 -0.999926
15 18 742 0.999965 -0.00470088 0.00690766 -0.00806711 0.00466911 0.999978 0.00460934 0.0146676 -0.00692918 -0.00457693 0.999966 -0.99986
15 19 516 0.999962 -0.00743477 0.00459787 0.0122778 0.00741087 0.999959 0.00519381 0.00967374 -0.0046363 -0.00515954 0.999976 -0.999878
20 21 1141 0.999999 -0.000951195 0.00129587 0.0105282 0.000953528 0.999998 -0.00180131 0.0149216 -0.00129416 0.00180254 0.999998 -0.999833
20 22 835 0.999997 0.000853582 0.00238209 0.000433671 -0.000849005 0.999998 -0.00192164 0.0125736 -0.00238372 0.00191962 0.999995 -0.999921
20 23 685 0.99998 -7.40797e-05 0.00640201 -0.00849219 6.62422e-05 0.999999 0.00122442 -0.00571751 -0.0064021 -0.00122398 0.999979 -0.999948
20 24 472 0.999983 0.00103507 0.00569386 -0.00228571 -0.00103467 0.999999 -7.3532e-05 0.00858116 -0.00569393 6.76395e-05 0.999984 -0.999961
25 26 1047 0.999999 -0.000636991 0.00141155 -0.0137291 0.000641506 0.999995 -0.00320064 0.00595059 -0.0014095 0.00320154 0.999994 -0.999888
25 27 802 0.999997 -0.00232121 -0.00042986 0.0070229 0.00231812 0.999972 -0.00705106 0.00949862 0.000446216 0.00705005 0.999975 -0.99993
25 28 596 0.999997 0.00115053 -0.0021959 0.00739073 -0.00117283 0.999947 -0.0101804 0.0127504 0.00218407 0.010183 0.999946 -0.999891
25 29 469 0.999988 0.00302669 -0.00380872 0.00375848 -0.00306871 0.999934 -0.0110762 0.0120326 0.00377494 0.0110877 0.999931 -0.999921
30 31 823 0.999998 -0.00152321 -0.00119492 0.016477 0.00152899 0.999987 0.00484889 -0.000660086 0.00118752 -0.0048507 0.999988 -0.999864
30 32 633 0.999983 -0.00458365 -0.00367993 0.0127135 0.00461391 0.999955 0.00825802 0.00917331 0.00364191 -0.00827485 0.999959 -0.999877
30 33 524 0.999994 0.00186246 -0.00302193 0.00445187 -0.00184234 0.999976 0.00664532 0.0091118 0.00303423 -0.00663971 0.999973 -0.999949
30 34 457 0.99999 0.00310065 -0.00310173 0.00469667 -0.00309542 0.999994 0.00168766 0.0145277 0.00310694 -0.00167804 0.999994 -0.999883
35 36 872 0.999975 0.00701706 -0.000340289 0.0253117 -0.00701667 0.999975 0.00112816 0.00598557 0.000348197 -0.00112575 0.999999 -0.999662
35 37 761 0.999957 0.00908799 0.00187127 0.00028462 -0.00909906 0.999941 0.00599393 -0.00788668 -0.00181668 -0.00601069 0.99998 -0.999969
35 38 610 0.999942 0.0101114 0.00371571 -0.00920496 -0.0101388 0.999921 0.00742094 0.0114507 -0.00364038 -0.00745819 0.999966 -0.999892
35 39 531 0.999961 0.00579088 0.00672328 -0.00504054 -0.00585659 0.999935 0.00979519 0.00410437 -0.00666612 -0.00983418 0.999929 -0.999979
40 41 944 1 -0.000508983 0.000780916 0.0359292 0.000511077 0.999996 -0.00268403 -0.0134277 -0.000779547 0.00268442 0.999996 -0.999264
40 42 837 0.999994 -0.00140341 0.00309137 0.00398203 0.00141678 0.99999 -0.00432531 0.0120234 -0.00308527 0.00432967 0.999986 -0.99992
40 43 643 0.99998 -0.00509175 0.00386649 0.00280719 0.00511655 0.999966 -0.00643003 0.0157555 -0.00383362 0.00644968 0.999972 -0.999872
40 44 546 0.999985 -0.0041411 0.00359612 0.0045922 0.00417394 0.999949 -0.00917239 0.0143909 -0.00355795 0.00918727 0.999951 -0.999886
45 46 934 0.999999 -0.000614338 0.000838768 0.00658158 0.000613364 0.999999 0.00116186 0.00927662 -0.000839481 -0.00116134 0.999999 -0.999935
45 47 734 1 -0.000175959 1.99579e-05 0.00486077 0.000175919 0.999998 0.00195475 0.0207586 -2.03018e-05 -0.00195475 0.999998 -0.999773
45 48 600 0.999998 -0.00194632 0.000960088 -0.0025686 0.00194164 0.999986 0.00485504 0.00741855 -0.000969524 -0.00485316 0.999988 -0.999969
45 49 481 0.99999 -0.00447958 -0.000956884 0.0141992 0.00448397 0.999979 0.00464262 0.0125933 0.000936067 -0.00464686 0.999989 -0.99982
50 51 816 0.999998 -0.00122948 0.00128394 -0.00776008 0.00123082 0.999999 -0.00103642 0.0224942 -0.00128266 0.001038 0.999999 -0.999717
50 52 733 0.999996 -0.00297093 0.000385167 0.00901031 0.00297012 0.999993 0.00208564 0.0174159 -0.00039136 -0.00208449 0.999998 -0.999808
50 53 636 0.999993 -0.00344874 0.00164315 0.00614355 0.00343803 0.999973 0.00647231 0.00950568 -0.00166543 -0.00646661 0.999978 -0.999936
50 54 541 0.99997 -0.00718875 0.00279782 -0.00576551 0.00716686 0.999944 0.00775906 0.0156282 -0.00285344 -0.00773877 0.999966 -0.999861
55 56 1051 0.999999 0.000588327 0.00146758 -0.0291613 -0.000584565 0.999997 -0.00256288 0.0231593 -0.00146909 0.00256202 0.999996 -0.999306
55 57 848 0.999995 0.00216779 0.00208141 -0.0156651 -0.00216051 0.999992 -0.0034906 0.0232995 -0.00208896 0.00348609 0.999992 -0.999606
55 58 672 0.999972 0.00739314 0.000805901 -0.0045344 -0.00739165 0.999971 -0.00183603 0.0104897 -0.000819452 0.00183002 0.999998 -0.999935
55 59 553 0.999948 0.0102019 0.000944546 -0.00545865 -0.0102004 0.999947 -0.00156472 0.0158019 -0.000960459 0.001555 0.999998 -0.99986
60 61 905 0.999993 0.00352144 0.00113095 -0.00425265 -0.0035165 0.999984 -0.00433817 0.0155658 -0.00114621 0.00433416 0.99999 -0.99987
60 62 776 0.999991 0.00415613 0.00118685 -0.0104668 -0.00414478 0.999947 -0.00940405 0.0241254 -0.00122587 0.00939904 0.999955 -0.999654
60 63 662 0.999998 0.00140896 0.00115007 0.0068595 -0.00139491 0.999926 -0.0121222 0.0287688 -0.00116706 0.0121206 0.999926 -0.999563
60 64 543 0.999991 0.00263749 0.0033037 0.00615248 -0.00261355 0.99997 -0.00722896 0.01259 -0.00332267 0.00722026 0.999968 -0.999902
65 66 718 0.999997 -0.00162143 -0.00158405 0.0295717 0.00162962 0.999985 0.00518303 0.00525698 0.00157562 -0.0051856 0.999985 -0.999549
65 67 727 0.999975 -0.00676283 0.00194652 0.00682756 0.00675506 0.999969 0.0039689 0.00861964 -0.0019733 -0.00395566 0.99999 -0.99994
65 68 609 0.999959 -0.00851338 0.00319155 0.00575538 0.00850854 0.999963 0.00152721 0.0128569 -0.00320443 -0.00149999 0.999994 -0.999901
65 69 526 0.999917 -0.0119061 0.00484916 -0.00163406 0.0119089 0.999929 -0.000547851 0.0190236 -0.00484229 0.000605554 0.999988 -0.999818
70 71 909 0.999996 -0.00185639 0.00202163 -0.00187143 0.00185894 0.999997 -0.00125984 0.0247531 -0.00201929 0.00126359 0.999997 -0.999692
70 72 913 0.999996 -0.00172864 0.00242404 0.0214459 0.00173115 0.999998 -0.00103482 0.00749234 -0.00242224 0.00103902 0.999997 -0.999742
70 73 695 0.99999 -0.00403359 0.00215911 0.0124999 0.00403876 0.999989 -0.00239829 0.0196017 -0.00214941 0.00240698 0.999995 -0.99973
70 74 595 0.99998 0.00019929 0.00634426 -0.000989921 -0.000177797 0.999994 -0.00338824 0.0182005 -0.0063449 0.00338704 0.999974 -0.999834
75 76 965 0.999998 -0.000838873 0.00201458 -0.0176262 0.000846966 0.999992 -0.00401948 0.0217389 -0.00201119 0.00402117 0.99999 -0.999608
75 77 919 0.999988 -0.00479147 0.00127144 0.019135 0.00479925 0.999969 -0.00618865 0.0303025 -0.00124175 0.00619468 0.99998 -0.999358
75 78 817 0.999954 -0.00883709 0.00363244 0.0110943 0.00884395 0.999959 -0.00187467 0.02701 -0.00361572 0.00190671 0.999992 -0.999574
75 79 716 0.999946 -0.00915253 0.00499495 0.0181731 0.00911736 0.999934 0.00701958 0.00422769 -0.00505887 -0.00697366 0.999963 -0.999826
80 81 1135 0.999999 -0.00112943 0.0011627 -0.013366 0.00112798 0.999999 0.00125306 0.0075252 -0.00116411 -0.00125175 0.999999 -0.999882
80 82 1094 0.999995 -0.00319063 0.000441392 0.0321956 0.00319166 0.999992 -0.0023619 0.0134992 -0.000433852 0.0023633 0.999997 -0.99939
80 83 927 0.99999 -0.00231692 0.00384267 -0.00446815 0.00233815 0.999982 -0.00552968 0.0256031 -0.00382979 0.00553861 0.999977 -0.999662
80 84 786 0.999993 -0.000703604 0.00365257 0.00269233 0.000708252 0.999999 -0.00127143 0.0165772 -0.00365167 0.00127401 0.999993 -0.999859
85 86 1035 0.999991 0.00386098 -0.00196604 0.0121072 -0.00384959 0.999976 0.00576511 -0.0212678 0.00198825 -0.00575749 0.999981 -0.999701
85 87 1079 0.999978 0.00124073 -0.00646699 0.0657386 -0.0012047 0.999984 0.00557167 -0.00507048 0.0064738 -0.00556376 0.999964 -0.997824
85 88 904 0.999937 -0.00292808 -0.0107948 0.026757 0.00294264 0.999995 0.00133242 0.0208064 0.0107909 -0.0013641 0.999941 -0.999425
85 89 845 0.999907 -0.00203125 -0.0135042 0.010793 0.00201584 0.999997 -0.00115438 0.0161719 0.0135065 0.00112705 0.999908 -0.999811
90 91 964 0.999952 0.00460562 -0.00862814 0.00508396 -0.00463518 0.999983 -0.00340919 0.0192796 0.0086123 0.00344902 0.999957 -0.999801
90 92 1012 0.999823 0.00114764 -0.0187837 -0.00647929 -0.00120744 0.999994 -0.00317243 0.0220328 0.0187799 0.00319455 0.999819 -0.999736
90 93 924 0.999357 -0.00454853 -0.0355596 0.0366656 0.0044635 0.999987 -0.00247037 0.0165497 0.0355704 0.00231006 0.999365 -0.999191
90 94 813 0.998612 -0.00991746 -0.0517251 0.0190142 0.00972416 0.999945 -0.00398729 0.019622 0.0517617 0.00347877 0.998653 -0.999627
95 96 915 0.999647 0.00274205 -0.0264212 -0.0437653 -0.00279834 0.999994 -0.00209359 0.0540519 0.0264153 0.00216678 0.999649 -0.997579
95 97 924 0.998327 0.00448619 -0.0576434 0.0219545 -0.00464113 0.999986 -0.0025542 0.0138366 0.0576311 0.00281745 0.998334 -0.999663
95 98 852 0.996015 0.00466193 -0.08906 -0.000655508 -0.00509991 0.999976 -0.00469088 0.0235673 0.089036 0.00512639 0.996015 -0.999722
95 99 723 0.992052 0.00438874 -0.125751 0.00915287 -0.0051668 0.999969 -0.0058618 0.0262092 0.125722 0.00646494 0.992044 -0.999615
100 101 913 0.99893 -0.00107848 -0.0462404 -0.0468982 0.00106655 0.999999 -0.000282655 -0.00701734 0.0462407 0.000233035 0.99893 -0.998875
100 102 856 0.99486 -0.00150554 -0.10125 0.0466348 0.00145672 0.999999 -0.000556103 0.0484591 0.10125 0.000405752 0.994861 -0.997736
100 103 863 0.989365 -0.000227762 -0.145457 -0.0606949 0.000535264 0.999998 0.00207491 0.0334586 0.145456 -0.0021307 0.989362 -0.997595
100 104 698 0.978806 0.000540628 -0.204791 -0.0154619 0.000509573 0.999987 0.0050754 0.0176367 0.204791 -0.00507218 0.978793 -0.999725
105 106 899 0.997923 0.000650379 -0.0644105 -0.107597 -0.00058583 0.999999 0.00102104 -0.00560741 0.0644111 -0.000981187 0.997923 -0.994179
105 107 788 0.9911 0.00250679 -0.133098 -0.0361734 -0.00222666 0.999995 0.00225345 0.0190671 0.133103 -0.00193703 0.9911 -0.999164
105 108 652 0.980611 0.0045875 -0.195911 -0.0346107 -0.00400549 0.999986 0.00336691 0.0155829 0.195924 -0.00251691 0.980616 -0.999279
105 109 566 0.966305 0.00324827 -0.257379 -0.0121126 -0.00319208 0.999995 0.000636164 0.0250389 0.25738 0.000206846 0.96631 -0.999613
110 111 972 0.998147 0.000553405 -0.0608435 -0.189016 -0.000591394 1 -0.000606366 0.00375107 0.0608431 0.000641225 0.998147 -0.981967
110 112 815 0.992288 0.00273855 -0.123921 -0.0980635 -0.00283855 0.999996 -0.000630464 0.0353738 0.123918 0.000977357 0.992292 -0.994551
110 113 687 0.983304 0.008719 -0.181764 -0.0813595 -0.00872764 0.999962 0.000752335 0.0231 0.181764 0.000846599 0.983342 -0.996417
110 114 575 0.970857 0.0060646 -0.239582 -0.0241217 -0.0059438 0.999982 0.00122674 0.0212616 0.239585 0.000233034 0.970875 -0.999483
115 116 972 0.998691 -0.000318351 -0.0511445 -0.0942082 0.000432963 0.999997 0.00222988 0.00508033 0.0511437 -0.0022491 0.998689 -0.99554
115 117 745 0.995081 0.00594926 -0.0988812 -0.0698573 -0.00570041 0.99998 0.00279898 0.00747903 0.0988958 -0.00222155 0.995095 -0.997529
115 118 620 0.989796 0.0206202 -0.140994 -0.0594373 -0.0203812 0.999787 0.00313873 0.00428613 0.141029 -0.000233069 0.990005 -0.998223
115 119 537 0.983695 0.0263841 -0.177897 -0.0326081 -0.0264741 0.999648 0.00186856 -0.00114954 0.177883 0.00287156 0.984047 -0.999468
120 121 972 0.999379 -0.0105095 -0.0336412 0.0520638 0.0107212 0.999924 0.00611778 -0.0288289 0.0335743 -0.00647465 0.999415 -0.998228
120 122 720 0.997936 -0.0166105 -0.0620315 0.0227426 0.0171431 0.999821 0.00806407 0.0145389 0.0618864 -0.00911084 0.998042 -0.999636
120 123 545 0.996074 -0.0156277 -0.0871365 -0.00450405 0.0164632 0.999825 0.00887767 0.031395 0.0869825 -0.0102774 0.996157 -0.999497
120 124 551 0.99361 -0.0101506 -0.112413 0.0146571 0.0115741 0.999861 0.0120183 0.0187914 0.112275 -0.0132425 0.993589 -0.999716
125 126 699 0.999808 0.00282504 -0.0193947 -0.0481888 -0.00267071 0.999965 0.00797861 -0.0523584 0.0194165 -0.00792528 0.99978 -0.997465
125 127 463 0.999278 -0.00222667 -0.0379162 -0.00101569 0.00250012 0.999971 0.00716593 -0.0130456 0.0378992 -0.00725556 0.999255 -0.999914
125 128 398 0.998575 -0.0034654 -0.0532551 -0.000529673 0.00359758 0.999991 0.00238642 -0.000484606 0.0532463 -0.00257461 0.998578 -1
125 129 421 0.997704 -0.00517466 -0.0675236 0.00532578 0.00512876 0.999986 -0.000853099 0.00703976 0.0675271 0.000504828 0.997717 -0.999961
130 131 711 0.999921 0.00532955 -0.0113555 -0.0158911 -0.00533755 0.999986 -0.000673911 -0.00799651 0.0113518 0.000734468 0.999935 -0.999842
130 132 593 0.999729 0.00678012 -0.0222627 0.00315497 -0.00677413 0.999977 0.000344499 0.00563499 0.0222645 -0.000193596 0.999752 -0.999979
130 133 506 0.999513 0.00745142 -0.0303111 -0.0165264 -0.00748719 0.999971 -0.00106673 0.0319802 0.0303023 0.00129315 0.99954 -0.999352
130 134 562 0.999318 0.0108711 -0.0352972 -0.00851805 -0.0108177 0.99994 0.00170478 0.00318173 0.0353137 -0.00132179 0.999375 -0.999959
135 136 637 0.999976 -0.000969018 -0.00689216 0.0165813 0.000973129 0.999999 0.000593039 0.0191399 0.00689158 -0.000599731 0.999976 -0.999679
135 137 685 0.999934 0.000710853 -0.0114498 0.0137844 -0.000699494 0.999999 0.000996077 0.0017777 0.0114505 -0.000988003 0.999934 -0.999903
135 138 568 0.999895 0.00779697 -0.0121906 -0.0116668 -0.00779096 0.99997 0.000540525 0.00512785 0.0121945 -0.000445491 0.999926 -0.999919
135 139 514 0.999853 0.00780704 -0.0152428 -0.00706276 -0.00779946 0.999969 0.00055668 0.000132747 0.0152467 -0.000437712 0.999884 -0.999975
140 141 643 0.999989 0.00452175 -0.000814137 -0.00400785 -0.0045219 0.99999 -0.000183025 0.0061029 0.000813301 0.000186704 1 -0.999973
140 142 678 0.999967 0.00816228 0.000134416 -0.00983971 -0.00816224 0.999967 -0.000303892 0.00342888 -0.000136892 0.000302785 1 -0.999946
140 143 699 0.999958 0.00885961 0.00247833 -0.00782461 -0.00886101 0.999961 0.00055269 -0.00377738 -0.00247334 -0.000574627 0.999997 -0.999962
140 144 551 0.999913 0.0116613 0.00619594 -0.00869664 -0.0116553 0.999932 -0.00100428 0.011368 -0.00620723 0.000931972 0.99998 -0.999898
145 146 702 0.999991 0.00235303 0.0035628 0.0486166 -0.00234606 0.999995 -0.00196086 0.0139845 -0.0035674 0.00195248 0.999992 -0.99872
145 147 738 0.999963 0.00114646 0.00856849 -0.00382569 -0.0011215 0.999995 -0.00291773 0.00365253 -0.00857179 0.00290802 0.999959 -0.999986
145 148 660 0.999927 -0.00109534 0.0120164 0.012147 0.00116361 0.999983 -0.00567606 0.0107464 -0.01201 0.00568963 0.999912 -0.999868
145 149 555 0.999878 -0.00279159 0.0153773 0.00883208 0.00287943 0.99998 -0.00569305 0.00396239 -0.0153611 0.00573663 0.999866 -0.999953
150 151 667 0.999992 -0.00150849 0.00370341 -0.0304307 0.00149942 0.999996 0.00244991 0.0441319 -0.00370709 -0.00244434 0.99999 -0.998562
150 152 720 0.999958 -0.00836414 0.00362133 0.0118718 0.0083303 0.999922 0.00926295 -0.00232447 -0.00369852 -0.0092324 0.999951 -0.999927
150 153 616 0.999882 -0.0153106 0.00125127 0.035979 0.0152951 0.999816 0.0115601 0.0193275 -0.00142803 -0.0115396 0.999932 -0.999166
150 154 486 0.999891 -0.01423 0.00382438 0.0142801 0.0141869 0.999838 0.0110642 0.0044354 -0.0039812 -0.0110088 0.999931 -0.999888
155 156 1054 0.999999 0.00122451 0.0005086 -0.00807428 -0.00122422 0.999999 -0.000568762 0.00282005 -0.000509296 0.000568139 1 -0.999963
155 157 958 0.999998 -0.00206247 0.00039015 0.000460234 0.00206332 0.999996 -0.00217088 0.017025 -0.000385671 0.00217168 0.999998 -0.999855
155 158 745 0.999993 -0.00361522 0.00104905 0.000581483 0.00361776 0.999991 -0.00242889 0.020052 -0.00104026 0.00243267 0.999996 -0.999799
155 159 611 0.999985 -0.005375 0.000870524 0.0108127 0.00537532 0.999985 -0.000361653 0.00815913 -0.000868568 0.000366327 1 -0.999908
160 161 1100 0.99999 -0.00355092 -0.00260628 0.0145689 0.00354721 0.999993 -0.00142834 0.0210353 0.00261133 0.00141909 0.999996 -0.999673
160 162 1034 0.999953 -0.00632315 -0.00738727 0.0246161 0.00630703 0.999978 -0.00220292 0.0133757 0.00740104 0.00215622 0.99997 -0.999607
160 163 686 0.999924 -0.00580393 -0.0109119 0.00545834 0.0057584 0.999975 -0.00419957 0.014562 0.010936 0.00413641 0.999932 -0.999879
160 164 488 0.999772 -0.0119911 -0.0176519 0.0153537 0.0118667 0.999904 -0.00713715 0.0216121 0.0177358 0.00692605 0.999819 -0.999649
165 166 1062 0.999941 -0.000699291 -0.0108488 0.0278266 0.000711638 0.999999 0.00113422 0.01548 0.010848 -0.00114187 0.999941 -0.999493
165 167 683 0.999838 -9.50233e-05 -0.0180115 0.00407153 0.000124757 0.999999 0.0016497 0.00979178 0.0180113 -0.00165168 0.999836 -0.999944
165 168 569 0.999595 0.00209961 -0.0283915 0.00773754 -0.00207642 0.999997 0.000846381 0.00842985 0.0283932 -0.000787085 0.999597 -0.999935
165 169 438 0.999198 -0.00202473 -0.0399887 0.0247058 0.00198175 0.999997 -0.00111444 0.0135735 0.0399908 0.0010343 0.9992 -0.999603
170 171 855 0.999947 0.00113295 -0.0102251 -0.025795 -0.00111146 0.999997 0.00210746 -0.00287417 0.0102275 -0.00209599 0.999946 -0.999663
170 172 537 0.999775 0.000431287 -0.0212091 -0.00890613 -0.00042164 1 0.000459323 0.0256727 0.0212093 -0.000450277 0.999775 -0.999631
170 173 469 0.999456 0.00185819 -0.0329342 0.0184489 -0.00177619 0.999995 0.00251903 0.00608188 0.0329388 -0.00245916 0.999454 -0.999811
170 174 383 0.999088 -0.000105297 -0.0426901 0.015416 0.000225051 0.999996 0.00280038 0.0140597 0.0426897 -0.00280744 0.999084 -0.999782
175 176 552 0.999949 0.000123467 -0.0101272 0.00492066 -0.000117684 1 0.000571603 0.0160555 0.0101273 -0.000570382 0.999949 -0.999859
175 177 611 0.999813 0.00248446 -0.0191753 0.00867366 -0.00245923 0.999996 0.00133911 0.00421587 0.0191785 -0.00129171 0.999815 -0.999953
175 178 501 0.999628 0.00160533 -0.0272264 -0.00537989 -0.00160997 0.999999 -0.000148486 0.0201258 0.0272261 0.000192264 0.999629 -0.999783
175 179 425 0.999256 0.0045641 -0.038286 0.0406265 -0.00457164 0.99999 -0.000109332 0.0100988 0.0382851 0.00028428 0.999267 -0.999123
180 181 729 0.999987 0.00291879 -0.00424862 0.0196225 -0.00292764 0.999994 -0.00207827 0.0163682 0.00424252 0.00209068 0.999989 -0.999673
180 182 650 0.999957 0.00645487 -0.00665081 0.00655984 -0.0064702 0.999976 -0.0022853 0.00132987 0.0066359 0.00232823 0.999975 -0.999978
180 183 508 0.99995 0.00440983 -0.00893724 -0.00160438 -0.00444685 0.999982 -0.00412563 0.0175137 0.00891888 0.00416517 0.999952 -0.999845
180 184 419 0.999928 0.00715061 -0.00967733 0.00553592 -0.0071634 0.999974 -0.00128733 -0.00396183 0.00966787 0.00135656 0.999952 -0.999977
185 186 615 1 -0.000316288 0.00066163 0.0509981 0.000314912 0.999998 0.00207882 -0.00635246 -0.000662286 -0.00207861 0.999998 -0.998679
185 187 625 0.99996 0.00359598 0.00815778 0.0118211 -0.00361982 0.999989 0.00291016 -0.00317263 -0.00814722 -0.00293957 0.999962 -0.999925
185 188 551 0.999893 0.00208759 0.0144809 0.0161255 -0.00213559 0.999992 0.00329989 0.00781749 -0.0144739 -0.00333046 0.99989 -0.999839
185 189 481 0.99963 0.00249392 0.0270701 0.0032752 -0.00258204 0.999991 0.00322089 0.0172763 -0.0270618 -0.00328959 0.999628 -0.999845
190 191 741 0.999849 -1.55262e-05 0.0173655 0.0217602 -7.51474e-06 0.999999 0.00132676 0.0217216 -0.0173655 -0.00132669 0.999848 -0.999527
190 192 681 0.999269 -0.00125416 0.038219 0.0248794 0.00110531 0.999992 0.00391561 0.014975 -0.0382236 -0.0038705 0.999262 -0.999578
190 193 657 0.997974 -0.00117165 0.0636177 -0.000205524 0.00069453 0.999971 0.00752146 0.0102525 -0.0636247 -0.00746203 0.997946 -0.999947
190 194 549 0.995737 -0.0119468 0.0914579 -0.00763041 0.0114626 0.999917 0.00581729 0.0418651 -0.0915199 -0.00474415 0.995792 -0.999094
195 196 660 0.999202 0.00188585 0.0399078 -0.00906882 -0.00179513 0.999996 -0.00230888 0.0115456 -0.039912 0.0022354 0.999201 -0.999892
195 197 501 0.996393 -0.000319883 0.0848551 -0.0258744 0.000973124 0.99997 -0.00765706 0.0326852 -0.0848501 0.00771202 0.996364 -0.999131
195 198 583 0.992143 -0.00377828 0.125055 0.0135075 0.00525358 0.99992 -0.0114696 0.0207886 -0.125002 0.0120364 0.992084 -0.999693
195 199 414 0.984329 -0.00460366 0.176282 -0.0346438 0.00731082 0.999865 -0.0147105 0.0291689 -0.176191 0.0157688 0.98423 -0.998974
200 201 723 0.998283 0.000870029 0.0585764 0.0392462 -0.000973932 0.999998 0.00174527 -0.0160643 -0.0585747 -0.00179933 0.998281 -0.9991
200 202 525 0.993332 0.00296226 0.115253 0.0660164 -0.00285214 0.999995 -0.00112039 0.0350201 -0.115256 0.0007842 0.993336 -0.997204
200 203 238 0.983057 0.00649342 0.183182 0.0117779 -0.00747316 0.999961 0.00465862 0.0153227 -0.183145 -0.00594865 0.983068 -0.999813
200 204 144 0.970075 0.00794592 0.242674 0.011695 -0.00985096 0.999929 0.00663776 0.0215594 -0.242604 -0.0088297 0.970085 -0.999699
205 206 462 0.997543 -0.00017229 0.070062 0.0743353 6.64909e-05 0.999999 0.0015124 0.0201743 -0.0700622 -0.00150403 0.997541 -0.997029
205 207 332 0.990503 -0.000824359 0.137485 0.0501867 0.000264219 0.999992 0.00409239 0.00232208 -0.137487 -0.0040172 0.990495 -0.998737
205 208 192 0.97895 0.00379987 0.204063 0.0228932 -0.00425121 0.999989 0.00177343 0.00633699 -0.204054 -0.00260361 0.978956 -0.999718
205 209 184 0.962603 0.0015993 0.27091 -0.011331 -0.00107132 0.999997 -0.00209679 0.006106 -0.270912 0.00172815 0.962602 -0.999917
210 211 474 0.997948 -0.00118963 0.0640237 0.128661 0.00156352 0.999982 -0.00579004 0.0319139 -0.0640157 0.00587826 0.997932 -0.991175
210 212 383 0.991919 0.000174796 0.126876 0.0526005 0.00149765 0.999913 -0.0130862 0.0229949 -0.126867 0.0131705 0.991832 -0.998351
210 213 361 0.983193 -0.000982579 0.182567 0.0222985 0.00420957 0.999842 -0.0172889 0.02957 -0.182521 0.0177669 0.983041 -0.999314
210 214 310 0.97272 -0.00354041 0.231956 0.000207113 0.00826689 0.999777 -0.0194077 0.0256468 -0.231836 0.0207958 0.972533 -0.999671
215 216 515 0.999377 -0.00547286 0.0348767 0.147449 0.00540455 0.999983 0.00205238 0.0106327 -0.0348874 -0.00186261 0.99939 -0.989013
215 217 499 0.997542 -0.00433728 0.069937 0.0364504 0.00419506 0.999989 0.00218032 0.00906229 -0.0699457 -0.00188157 0.997549 -0.999294
215 218 464 0.995776 0.00143822 0.0918021 0.0156935 -0.00169189 0.999995 0.00268548 0.00533351 -0.0917978 -0.00282946 0.995774 -0.999863
215 219 441 0.994144 0.00575939 0.107909 0.00676623 -0.00599039 0.99998 0.00181658 0.0080551 -0.107896 -0.00245236 0.994159 -0.999945
220 221 499 0.999951 -0.00537653 0.00835035 0.0640394 0.00537613 0.999986 7.07274e-05 -0.00216768 -0.00835061 -2.58313e-05 0.999965 -0.997945
220 222 588 0.999782 -0.014407 0.0150835 0.076015 0.014382 0.999895 0.00176863 0.000164752 -0.0151074 -0.00155132 0.999885 -0.997107
220 223 607 0.999658 -0.0181052 0.0188441 0.024294 0.018011 0.999824 0.00515783 0.00278739 -0.0189342 -0.00481667 0.999809 -0.999701
220 224 572 0.999624 -0.0195588 0.0191964 0.0289753 0.0194183 0.999783 0.00747756 0.00662683 -0.0193385 -0.00710199 0.999788 -0.999558
225 226 523 0.999991 0.000827235 -0.0042728 -0.0235175 -0.000798934 0.999978 0.00662099 0.0034979 0.00427818 -0.00661751 0.999969 -0.999717
225 227 710 0.999944 0.00434535 -0.00969121 -0.0113389 -0.00423825 0.99993 0.0110451 -0.00938298 0.00973853 -0.0110034 0.999892 -0.999892
225 228 592 0.999905 -0.00171209 -0.0136559 0.013461 0.00184985 0.999947 0.010082 -0.00347221 0.0136379 -0.0101063 0.999856 -0.999903
225 229 592 0.999777 -0.00564971 -0.020325 0.0450179 0.00578899 0.99996 0.00680023 -0.00683321 0.0202858 -0.00691637 0.99977 -0.998963
230 231 469 0.999989 0.00270613 -0.003866 -0.00584404 -0.0027286 0.999979 -0.00581885 0.0167791 0.00385018 0.00582933 0.999976 -0.999842
230 232 562 0.99996 0.00552916 -0.00700351 -0.000729899 -0.00560294 0.999929 -0.0105591 0.0231721 0.00694463 0.0105979 0.99992 -0.999731
230 233 607 0.999898 0.00967664 -0.0104741 0.00731842 -0.00979239 0.999891 -0.0110563 0.0102232 0.0103659 0.0111577 0.999884 -0.999921
230 234 575 0.999861 0.0124348 -0.011091 0.000719673 -0.0125282 0.999886 -0.00839468 0.0106076 0.0109853 0.00853246 0.999903 -0.999943
235 236 501 0.999997 0.00116922 0.00214655 -0.0389335 -0.00118385 0.999976 0.00682777 -0.0111527 -0.00213851 -0.00683029 0.999974 -0.99918
235 237 451 0.999989 -0.00237037 0.00394097 -0.00287535 0.00232971 0.999944 0.0102908 -0.00471964 -0.00396514 -0.0102815 0.999939 -0.999985
235 238 536 0.999978 -0.00233075 0.00617668 -0.0107109 0.0022925 0.999978 0.00619327 -0.000255601 -0.00619098 -0.00617897 0.999962 -0.999943
235 239 504 0.999975 -9.82818e-05 0.00711479 0.00939756 0.000107173 0.999999 -0.00124937 0.00986784 -0.00711466 0.0012501 0.999974 -0.999907
240 241 398 0.999992 -0.00393668 0.00117642 0.0210082 0.00393601 0.999992 0.000578932 0.0225665 -0.00117869 -0.000574297 0.999999 -0.999525
240 242 586 0.999965 -0.00795209 0.00246081 0.0352953 0.00793737 0.999951 0.00593782 0.000381107 -0.00250791 -0.00591808 0.999979 -0.999377
240 243 520 0.99995 -0.00740468 0.00668346 0.0152423 0.00732985 0.999911 0.0111519 -0.00062688 -0.00676544 -0.0111024 0.999915 -0.999884
240 244 513 0.999927 -0.00600806 0.0104464 0.0136866 0.00586132 0.999885 0.0140212 -0.000417515 -0.0105294 -0.0139589 0.999847 -0.999906
245 246 480 0.999985 0.00410607 0.00367059 -0.00767265 -0.00409852 0.999989 -0.00206105 0.00973044 -0.00367901 0.00204597 0.999991 -0.999923
245 247 566 0.99997 0.00503234 0.00587734 -0.0131889 -0.0050035 0.999975 -0.00491223 0.00921493 -0.00590192 0.00488268 0.999971 -0.999871
245 248 549 0.999956 0.00643238 0.00681307 -0.0100533 -0.00638598 0.999956 -0.0068101 0.0066465 -0.00685658 0.00676629 0.999954 -0.999927
245 249 497 0.9999 0.012341 0.00690958 0.00221002 -0.0122853 0.999892 -0.00805687 0.0114632 -0.00700826 0.00797118 0.999944 -0.999932
250 251 461 0.999986 -0.00527192 -0.000662822 0.00981475 0.00527339 0.999984 0.00223494 -0.00810644 0.000651029 -0.0022384 0.999997 -0.999919
250 252 625 0.999962 -0.00869221 -0.0009754 0.0297761 0.00869776 0.999945 0.00584126 -0.00812994 0.000924573 -0.00584952 0.999982 -0.999524
250 253 563 0.999841 -0.0176452 -0.00240151 0.0218208 0.0176634 0.999814 0.00777558 -0.00489431 0.00226386 -0.00781677 0.999967 -0.99975
250 254 490 0.999665 -0.025232 -0.00569025 0.0191141 0.0252676 0.999661 0.00627172 0.00726019 0.00553007 -0.0064134 0.999964 -0.999791
255 256 443 0.999997 -0.000248373 -0.00256022 0.00644217 0.000251295 0.999999 0.00114095 0.00312886 0.00255994 -0.00114159 0.999996 -0.999974
255 257 507 0.999986 0.000853239 -0.00529328 0.0107656 -0.000835906 0.999994 0.00327595 0.00988213 0.00529604 -0.00327148 0.999981 -0.999893
255 258 518 0.999957 0.00739011 -0.00568912 -0.000710762 -0.00738113 0.999971 0.001598 0.0116537 0.00570077 -0.00155594 0.999983 -0.999932
255 259 482 0.999881 0.0139607 -0.00663672 0.00587528 -0.0139419 0.999899 0.0028717 0.0145131 0.00667614 -0.00277883 0.999974 -0.999877
260 261 479 0.999997 -0.00176675 -0.00165321 0.0105981 0.00176296 0.999996 -0.00229077 -0.00416379 0.00165725 0.00228785 0.999996 -0.999935
260 262 512 0.999974 -0.00698889 -0.0015485 -0.0173584 0.00697508 0.999937 -0.0087526 0.016171 0.00160957 0.00874158 0.99996 -0.999719
260 263 435 0.999913 -0.0124305 -0.00430716 0.0051638 0.0123754 0.999844 -0.0125938 0.0198267 0.00446304 0.0125394 0.999911 -0.99979
260 264 422 0.999964 -0.00718099 -0.00459966 0.0106228 0.0071503 0.999952 -0.00665294 0.0127401 0.00464722 0.0066198 0.999967 -0.999862
265 266 482 0.999995 0.00325009 5.04229e-05 0.0138675 -0.00325041 0.999954 0.00898106 -0.000584205 -2.12314e-05 -0.00898118 0.99996 -0.999904
265 267 463 0.999988 0.00467062 0.00170712 -0.0104358 -0.00466972 0.999989 -0.000530338 0.00965128 -0.00170958 0.00052236 0.999998 -0.999899
265 268 386 0.999947 0.00938762 0.00412635 -0.0233836 -0.00929883 0.999736 -0.0210328 0.0262588 -0.0043227 0.0209933 0.99977 -0.999382
265 269 298 0.999965 0.00749402 0.00363318 0.0102386 -0.00735932 0.999333 -0.0357704 0.0366816 -0.00389882 0.0357424 0.999353 -0.999275
270 271 419 0.999983 -0.00588398 4.83567e-05 0.0318736 0.00588246 0.999855 0.0159604 0.00985309 -0.000142261 -0.0159599 0.999873 -0.999443
270 272 425 0.999998 3.36882e-05 0.00202115 0.0441447 -8.52179e-05 0.999675 0.0255006 -0.0315646 -0.00201963 -0.0255007 0.999673 -0.998526
270 273 376 0.999988 0.000769008 0.0048784 -0.000505619 -0.000886831 0.999707 0.024196 0.00384961 -0.00485836 -0.0242 0.999695 -0.999992
270 274 339 0.999955 0.000802539 0.00945514 -0.0218341 -0.00102488 0.999723 0.0235342 0.00526296 -0.00943363 -0.0235428 0.999678 -0.999748
275 276 424 0.999988 -0.00040295 0.00478612 0.00536816 0.000396198 0.999999 0.00141143 0.0152375 -0.00478669 -0.00140952 0.999988 -0.999869
275 277 387 0.999951 -0.00723457 0.00680114 0.00900965 0.00722465 0.999973 0.00148346 0.0126642 -0.00681168 -0.00143425 0.999976 -0.999879
275 278 409 0.999881 -0.0125194 0.00898314 0.0284261 0.0125045 0.99992 0.00171522 0.0174523 -0.00900389 -0.00160269 0.999958 -0.999444
275 279 374 0.999831 -0.0138723 0.0120734 0.00707968 0.0138701 0.999904 0.000267036 0.0134245 -0.0120759 -9.95324e-05 0.999927 -0.999885
280 281 637 0.999997 0.00184133 0.00148621 -0.00164285 -0.00184078 0.999998 -0.000370397 0.0201337 -0.00148689 0.00036766 0.999999 -0.999796
280 282 679 0.999982 0.00369313 0.00473714 0.000547594 -0.0037084 0.999988 0.00321693 0.0118565 -0.0047252 -0.00323444 0.999984 -0.99993
280 283 580 0.999914 0.00923505 0.0093298 -0.0120695 -0.00930162 0.999931 0.00711677 0.011244 -0.00926344 -0.00720294 0.999931 -0.999864
280 284 472 0.999818 0.0115717 0.0151365 -0.00721968 -0.0116988 0.999897 0.00833108 0.00748348 -0.0150386 -0.00850665 0.999851 -0.999946
285 286 619 0.999984 0.000519905 0.00557608 -0.0285914 -0.000468493 0.999957 -0.00921734 0.0489843 -0.00558063 0.00921458 0.999942 -0.99839
285 287 671 0.999948 0.0018901 0.00997531 0.00469242 -0.00171045 0.999837 -0.0179881 0.0318118 -0.0100077 0.0179701 0.999788 -0.999483
285 288 567 0.999895 -0.00456823 0.0137789 0.0198961 0.00485098 0.999777 -0.0205569 0.0271858 -0.0136819 0.0206216 0.999694 -0.999432
285 289 491 0.999797 -0.00656337 0.0190399 0.00416997 0.0068452 0.999867 -0.0147751 0.0161385 -0.0189404 0.0149025 0.99971 -0.999861
290 291 645 0.999977 0.00500558 0.0045458 0.0170524 -0.00502541 0.999978 0.00436139 0.0110503 -0.00452387 -0.00438414 0.99998 -0.999794
290 292 599 0.999897 0.00523995 0.01337 -1.6735e-05 -0.00529984 0.999976 0.0044481 0.00816361 -0.0133464 -0.0045185 0.999901 -0.999967
290 293 493 0.999778 -0.00275849 0.0208832 0.00150671 0.00271516 0.999994 0.00210271 0.00619661 -0.0208889 -0.00204554 0.99978 -0.99998
290 294 395 0.999534 -0.00932174 0.029059 -0.00285855 0.00921974 0.999951 0.00364201 0.0108445 -0.0290915 -0.0033724 0.999571 -0.999937
295 296 649 0.999972 0.00149544 0.00733611 0.0277667 -0.00151858 0.999994 0.00315031 0.000749178 -0.00733136 -0.00316137 0.999968 -0.999614
295 297 575 0.999858 0.00172846 0.0167371 0.00381158 -0.00173057 0.999998 0.000111597 0.00551332 -0.0167369 -0.000140546 0.99986 -0.999978
295 298 474 0.999708 -0.00301417 0.0239902 0.00879229 0.00316372 0.999976 -0.00619828 0.0144027 -0.0239709 0.00627237 0.999693 -0.999858
295 299 389 0.999507 -0.0068543 0.0306287 0.0190291 0.00722009 0.999904 -0.0118479 0.0228073 -0.0305445 0.0120632 0.999461 -0.999559
300 301 495 0.99998 -0.000832096 0.00631461 0.00554396 0.000844679 0.999998 -0.00199034 0.0139615 -0.00631294 0.00199563 0.999978 -0.999887
300 302 494 0.999957 -0.00196763 0.00902249 0.0221068 0.00196497 0.999998 0.000303483 0.0208448 -0.00902306 -0.000285741 0.999959 -0.999538
300 303 461 0.999895 -0.00451478 0.0137704 0.0239308 0.00444159 0.999976 0.0053409 0.0175025 -0.0137942 -0.00527918 0.999891 -0.99956
300 304 381 0.999776 -0.0114115 0.0178463 0.00895991 0.0111867 0.999857 0.0126453 0.00504591 -0.0179881 -0.0124429 0.999761 -0.999947
305 306 496 0.999993 -0.0012174 0.00367041 0.00267633 0.00124186 0.999977 -0.00666934 0.0162077 -0.00366221 0.00667385 0.999971 -0.999865
305 307 496 0.999982 -0.00297204 0.0051338 0.0136556 0.00305743 0.999856 -0.0167064 0.0202974 -0.00508341 0.0167218 0.999847 -0.999701
305 308 436 0.999943 -0.00487673 0.00954332 0.0142388 0.00509319 0.999727 -0.0227903 0.0221415 -0.00942957 0.0228376 0.999695 -0.999653
305 309 429 0.99986 -0.00300264 0.0164746 -0.0239133 0.00329258 0.99984 -0.017601 0.010656 -0.0164191 0.0176528 0.999709 -0.999657
310 311 553 0.999963 0.00375274 0.00777458 0.018913 -0.00379491 0.999978 0.0054167 -0.0187881 -0.00775408 -0.00544601 0.999955 -0.999645
310 312 536 0.999911 -0.00137632 0.0132663 0.0130262 0.0013187 0.99999 0.00435072 0.000610239 -0.0132722 -0.00433284 0.999903 -0.999915
310 313 424 0.999767 0.000595364 0.0216007 0.00116545 -0.000558733 0.999998 -0.00170183 0.00951712 -0.0216017 0.00168936 0.999765 -0.999954
310 314 375 0.999549 0.00567874 0.0294722 -0.0123365 -0.00551377 0.999969 -0.00567596 0.0165148 -0.0295035 0.0055109 0.999549 -0.999788
315 316 611 0.999976 0.00313482 0.00617327 -0.0191442 -0.00313638 0.999995 0.000243901 0.0176747 -0.00617247 -0.000263257 0.999981 -0.99966
315 317 644 0.999871 0.008208 0.0137911 -0.033685 -0.00830158 0.999943 0.00674174 0.0164083 -0.0137349 -0.00685536 0.999882 -0.999298
315 318 545 0.999657 0.016978 0.0199561 -0.00780026 -0.0173211 0.999703 0.0171478 0.00136248 -0.019659 -0.0174876 0.999654 -0.999969
315 319 493 0.999358 0.0238299 0.0267426 -0.00873124 -0.0244006 0.999477 0.0212208 1.66935e-05 -0.026223 -0.0218597 0.999417 -0.999962
320 321 710 0.999919 -0.0110255 0.00642785 -0.0352415 0.0111081 0.999854 -0.0129674 0.0282005 -0.00628394 0.0130378 0.999895 -0.998981
320 322 635 0.999836 -0.0152332 0.00978677 0.0197993 0.015433 0.999667 -0.0206796 0.0270326 -0.0094685 0.0208272 0.999738 -0.999438
320 323 512 0.999819 -0.0130638 0.013796 0.0155007 0.0133055 0.999757 -0.0175744 0.0220509 -0.013563 0.0177548 0.99975 -0.999637
320 324 471 0.999752 -0.016409 0.0150673 0.0132069 0.0165195 0.999837 -0.00723988 0.0105618 -0.0149461 0.00748699 0.99986 -0.999857
325 326 662 0.999997 0.00167574 0.0018699 0.010932 -0.00168284 0.999991 0.0038015 -9.86557e-05 -0.00186352 -0.00380464 0.999991 -0.99994
325 327 646 0.999954 0.00811698 0.00512101 -0.0135151 -0.00811799 0.999967 0.000176204 -0.00834151 -0.00511941 -0.000217768 0.999987 -0.999874
325 328 498 0.999963 0.00734134 0.00457347 0.00405719 -0.00729251 0.999917 -0.0106025 0.0238531 -0.00465093 0.0105688 0.999933 -0.999707
325 329 431 0.999986 0.00437096 0.00298914 0.00926675 -0.00432485 0.999874 -0.0152634 0.0217869 -0.00305548 0.0152502 0.999879 -0.99972
330 331 664 0.999993 0.00282271 0.0023471 0.00131212 -0.00284292 0.999959 0.00865072 0.0183476 -0.00232259 -0.00865734 0.99996 -0.999831
330 332 639 0.999902 0.0131813 0.00466863 -0.0109378 -0.013276 0.999694 0.0208686 -0.00080683 -0.00439212 -0.0209286 0.999771 -0.99994
330 333 533 0.999754 0.0216439 0.0048793 0.00161584 -0.021762 0.999435 0.0256081 -0.00468345 -0.00432229 -0.025708 0.99966 -0.999988
330 334 416 0.999782 0.0199651 0.00609673 8.38261e-05 -0.0200819 0.999603 0.0197405 0.00655514 -0.00570019 -0.0198586 0.999787 -0.999979
335 336 721 0.999997 -0.00159999 0.00163135 -0.00838346 0.00160588 0.999992 -0.00361708 0.0326932 -0.00162555 0.00361969 0.999992 -0.99943
335 337 592 0.999996 0.000468188 0.00279698 -0.0098653 -0.000467964 1 -8.06195e-05 0.0180613 -0.00279702 7.93103e-05 0.999996 -0.999788
335 338 485 0.999998 -0.00168839 0.00123543 0.0119921 0.00168148 0.999983 0.00557122 0.0119484 -0.00124482 -0.00556913 0.999984 -0.999857
335 339 379 0.999978 -0.0057337 0.00322227 0.00608788 0.00570937 0.999955 0.00751142 0.00385026 -0.0032652 -0.00749286 0.999967 -0.999974
340 341 506 0.999995 -0.00284687 0.00152449 -0.00707424 0.00285204 0.99999 -0.00340246 0.0193369 -0.00151478 0.00340679 0.999993 -0.999788
340 342 373 0.999995 -0.00281163 0.00119598 -0.00319985 0.00281954 0.999974 -0.00666005 0.0175253 -0.00117723 0.00666339 0.999977 -0.999841
340 343 320 0.999959 -0.00891679 0.00158866 0.0126556 0.00892563 0.999944 -0.00564653 0.0190934 -0.00153822 0.00566048 0.999983 -0.999738
340 344 281 0.999976 -0.00650808 0.00216776 0.0071983 0.00651309 0.999976 -0.00230829 0.0163954 -0.00215268 0.00232235 0.999995 -0.99984
345 346 468 0.999999 -0.000717261 0.000866581 0.0309788 0.000716967 1 0.000339149 -0.000795858 -0.000866824 -0.000338528 1 -0.99952
345 347 442 0.999992 -0.00367148 0.00146149 0.0201388 0.00368449 0.999953 -0.00900475 0.0102807 -0.00142836 0.00901007 0.999958 -0.999744
345 348 359 0.999986 0.00122305 0.00513681 0.00546033 -0.00112498 0.999818 -0.0190522 0.0260509 -0.00515918 0.0190462 0.999805 -0.999646
345 349 292 0.999953 0.0076469 0.00588217 -0.00242928 -0.00752495 0.999762 -0.0204835 0.0281618 -0.0060374 0.0204383 0.999773 -0.9996
350 351 588 0.999999 -0.00128488 -0.000648913 0.0213737 0.00128814 0.999986 0.00504214 0.00559017 0.000642426 -0.00504297 0.999987 -0.999756
350 352 443 0.999999 -0.00116812 -0.00116004 0.00351258 0.00118097 0.999937 0.0111395 0.00582819 0.00114696 -0.0111409 0.999937 -0.999977
350 353 337 0.999998 0.000262532 -0.00200097 0.0111224 -0.000233731 0.999897 0.01438 0.00758704 0.00200454 -0.0143795 0.999895 -0.999909
350 354 308 0.999964 0.00807303 -0.00259833 -0.00660556 -0.00802143 0.999782 0.0192932 -0.00157096 0.00275352 -0.0192716 0.99981 -0.999977
355 356 415 0.999987 -0.00165222 -0.00490332 0.00974745 0.00162761 0.999986 -0.00501858 0.0201241 0.00491154 0.00501054 0.999975 -0.99975
355 357 424 0.99993 -0.00346701 -0.0112758 0.0201642 0.00330593 0.999893 -0.0142733 0.015863 0.0113241 0.0142351 0.999835 -0.999671
355 358 390 0.999785 -0.0115335 -0.017212 0.0254899 0.0112055 0.999756 -0.01903 0.0280503 0.0174273 0.018833 0.999671 -0.999281
355 359 399 0.999661 -0.0115795 -0.0233081 0.0230442 0.0112088 0.99981 -0.0159709 0.0144653 0.0234886 0.0157042 0.999601 -0.99963
360 361 438 0.999972 -0.00080727 -0.00741087 -0.000881062 0.000871282 0.999962 0.0086384 0.00975177 0.00740362 -0.00864462 0.999935 -0.999952
360 362 490 0.999893 -0.00359179 -0.0141454 0.0164336 0.00378826 0.999896 0.013887 -0.00149434 0.0140941 -0.0139391 0.999804 -0.999864
360 363 450 0.999722 -0.0017602 -0.023514 0.0397473 0.00203698 0.999929 0.0117522 0.00265758 0.0234916 -0.0117968 0.999654 -0.999206
360 364 387 0.999612 0.00252588 -0.0277332 0.00568959 -0.00235051 0.999977 0.00635413 0.0137187 0.0277487 -0.00628648 0.999595 -0.99989
365 366 496 0.999965 0.00543319 -0.00633329 0.0113347 -0.00544251 0.999984 -0.00145449 0.015667 0.00632529 0.0014889 0.999979 -0.999813
