0 1 1082 0.999993 0.00193123 0.00332565 0.00121513 -0.00193903 0.999995 0.00234286 -0.00319369 -0.00332111 -0.0023493 0.999992 -0.999994
0 2 829 0.999966 0.00117841 0.00820572 -0.00798805 -0.0012112 0.999991 0.00399218 -0.001789 -0.00820094 -0.00400198 0.999958 -0.999966
0 3 554 0.999953 0.000737316 0.00969605 0.00828564 -0.00077289 0.999993 0.00366565 0.00982885 -0.00969327 -0.00367297 0.999946 -0.999917
0 4 375 0.999848 0.00436657 0.0168866 -0.019441 -0.00444013 0.999981 0.00432084 0.00174312 -0.0168674 -0.00439516 0.999848 -0.999809
5 6 1187 0.999986 -0.00255834 0.00458693 -0.00528006 0.0025522 0.999996 0.00134405 0.0225901 -0.00459035 -0.00133233 0.999989 -0.999731
5 7 746 0.999947 -0.00540337 0.00870815 0.0114879 0.00538353 0.999983 0.00230018 0.000525108 -0.00872043 -0.00225318 0.999959 -0.999934
5 8 502 0.999911 -0.00503572 0.0123442 0.0192604 0.00503024 0.999987 0.000474511 0.00590852 -0.0123464 -0.000412375 0.999924 -0.999797
5 9 464 0.999786 -0.00553805 0.0199239 -0.0239595 0.00557416 0.999983 -0.00175736 0.00784343 -0.0199138 0.00186805 0.9998 -0.999682
10 11 1051 0.999996 -0.00251973 0.00154083 0.0367519 0.00251763 0.999996 0.00135973 -0.00273846 -0.00154425 -0.00135585 0.999998 -0.999321
10 12 767 0.99999 -0.000592112 0.00439969 0.00848584 0.000589413 1 0.000614858 0.00895944 -0.00440005 -0.000612259 0.99999 -0.999924
10 13 585 0.999976 -0.000771271 0.00684881 0.00728995 0.000761995 0.999999 0.00135697 0.0180891 -0.00684985 -0.00135172 0.999976 -0.99981
10 14 408 0.99995 0.00228722 0.00977766 -0.013967 -0.00229288 0.999997 0.000567458 0.00676606 -0.00977633 -0.000589848 0.999952 -0.99988
15 16 950 0.999992 -0.00392305 0.00122947 0.0236432 0.00392045 0.99999 0.00210687 0.0159973 -0.00123772 -0.00210203 0.999997 -0.999592
15 17 786 0.99999 -0.00242652 0.00384454 0.000751473 0.00240692 0.999984 0.00509436 0.00714871 -0.00385684 -0.00508506 0.99998 -0.999974
15 18 608 0.999951 -0.00752072 0.00639236 -0.000341621 0.0074728 0.999944 0.00748614 -0.000476672 -0.0064483 -0.00743801 0.999952 -1
15 19 322 0.999913 -0.0104793 0.0079829 -0.012437 0.0104225 0.99992 0.00712631 0.00732721 -0.00805694 -0.00704249 0.999943 -0.999896
20 21 1061 0.999998 0.00101737 0.00154592 -0.00404176 -0.00101355 0.999996 -0.00246832 0.0209709 -0.00154843 0.00246675 0.999996 -0.999772
20 22 736 0.999998 -0.00143068 0.00119433 0.0069254 0.00143218 0.999998 -0.00124972 0.0102581 -0.00119254 0.00125143 0.999999 -0.999923
20 23 441 0.999994 -0.00165632 0.00309597 0.0120962 0.00165903 0.999998 -0.000873208 0.0117194 -0.00309452 0.000878339 0.999995 -0.999858
20 24 275 0.99998 -0.0051205 0.00375426 0.0159157 0.00511718 0.999987 0.000891919 0.011153 -0.00375877 -0.00087269 0.999993 -0.999811
25 26 939 1 -0.00025641 -0.000248542 0.00557709 0.000255446 0.999992 -0.00387128 0.0132792 0.000249533 0.00387121 0.999992 -0.999896
25 27 680 0.999999 -0.000899389 -0.000889866 0.00208743 0.000893722 0.999979 -0.0063474 0.00635877 0.000895556 0.0063466 0.999979 -0.999978
25 28 422 0.999994 -0.00270744 -0.00216978 0.00619923 0.00268568 0.999947 -0.00996936 0.0171371 0.00219665 0.00996347 0.999948 -0.999834
25 29 295 0.999997 0.000187904 -0.00249278 -0.00721386 -0.000215486 0.999939 -0.0110689 0.0185619 0.00249055 0.0110694 0.999936 -0.999802
30 31 774 0.999999 -0.00126754 0.000167537 -0.0303136 0.00126671 0.999987 0.00489246 0.00419851 -0.000173737 -0.00489225 0.999988 -0.999532
30 32 539 0.999992 -0.00128106 -0.00371385 0.0143803 0.00130889 0.999971 0.00750146 0.0197462 0.00370414 -0.00750627 0.999965 -0.999702
30 33 385 0.999984 0.00319398 -0.00460371 0.0292027 -0.0031601 0.999968 0.00734757 -0.00410167 0.00462703 -0.0073329 0.999962 -0.999565
30 34 297 0.999985 0.0052188 -0.00143192 0.0109391 -0.00521442 0.999982 0.00304376 -0.00276331 0.00144778 -0.00303625 0.999994 -0.999936
35 36 744 0.999993 0.0036983 0.000388967 -0.0264641 -0.00369867 0.999993 0.000951671 0.0385522 -0.000385445 -0.000953103 0.999999 -0.998906
35 37 704 0.999923 0.0119107 0.0035579 -0.0163071 -0.0119326 0.99991 0.00620766 -0.0119869 -0.00348364 -0.00624963 0.999974 -0.999795
35 38 522 0.999939 0.0101108 0.0044086 -0.00980912 -0.0101458 0.999917 0.00799115 0.00990187 -0.00432744 -0.00803539 0.999958 -0.999903
35 39 430 0.999959 0.00778772 0.00454345 0.00326374 -0.00782626 0.999933 0.00852715 0.00810618 -0.00447674 -0.00856236 0.999953 -0.999962
40 41 913 0.999989 -0.00462139 0.0010895 -0.00635153 0.00462413 0.999986 -0.0025343 0.0276905 -0.00107778 0.00253931 0.999996 -0.999596
40 42 689 0.999977 -0.00668843 0.000741019 0.0227126 0.00669101 0.999971 -0.00352305 0.0179348 -0.000717434 0.00352792 0.999994 -0.999581
40 43 541 0.999994 -0.000327858 0.00342371 0.0168149 0.000349242 0.99998 -0.00624735 -0.000113391 -0.0034216 0.00624851 0.999975 -0.999859
40 44 417 0.999985 -0.00469933 0.00273474 0.0134343 0.00472566 0.999942 -0.00970567 0.018195 -0.00268897 0.00971845 0.999949 -0.999744
45 46 897 0.999999 -0.000878896 0.00133886 -0.0176628 0.000879549 0.999999 -0.000487259 0.033378 -0.00133843 0.000488436 0.999999 -0.999287
45 47 654 0.999998 0.00199144 -0.000508708 0.0220049 -0.00199023 0.999995 0.0023733 -0.00197307 0.000513432 -0.00237228 0.999997 -0.999756
45 48 435 0.999987 -0.00514384 -0.00059362 0.0078118 0.00514685 0.999973 0.005177 0.0114415 0.000566974 -0.00517999 0.999986 -0.999904
45 49 307 1 0.000946574 0.000237127 0.0097115 -0.000947603 0.99999 0.00437464 0.00617449 -0.000232984 -0.00437487 0.99999 -0.999934
50 51 833 0.999998 -0.000773091 0.00185263 -0.0126194 0.000774172 1 -0.000582819 0.0134214 -0.00185218 0.000584252 0.999998 -0.99983
50 52 685 0.999995 -0.00291418 0.000763933 0.0112303 0.00291244 0.999993 0.00226201 0.0136341 -0.00077052 -0.00225978 0.999997 -0.999844
50 53 468 0.999986 -0.00512628 0.00137755 0.0142473 0.0051172 0.999966 0.00652209 0.0116922 -0.00141093 -0.00651494 0.999978 -0.99983
50 54 370 0.99998 -0.00592495 0.00238443 0.00641634 0.00590349 0.999943 0.00890968 -0.000312507 -0.00243708 -0.00889542 0.999957 -0.999979
55 56 863 0.999999 0.00141003 -0.000212636 0.00877557 -0.00141081 0.999992 -0.00371461 0.0253219 0.000207397 0.0037149 0.999993 -0.999641
55 57 743 0.999992 0.00355691 0.00170415 -0.0257908 -0.00355061 0.999987 -0.00368254 0.0223387 -0.00171723 0.00367646 0.999992 -0.999418
55 58 476 0.999948 0.0102122 0.000546069 0.00734402 -0.0102107 0.999944 -0.00268981 0.00613931 -0.000573508 0.0026841 0.999996 -0.999954
55 59 374 0.999926 0.012013 0.00173767 -0.00884175 -0.0120107 0.999927 -0.00135334 0.0127572 -0.0017538 0.00133237 0.999998 -0.99988
60 61 891 0.999993 0.00352658 0.00125454 -0.0106257 -0.00352191 0.999987 -0.00369881 -0.000360615 -0.00126757 0.00369436 0.999992 -0.999943
60 62 677 0.999986 0.00471539 0.00231969 -0.00586303 -0.00469323 0.999944 -0.00946979 0.0212595 -0.00236421 0.00945878 0.999952 -0.999757
60 63 503 0.999993 0.00351331 0.00158655 0.00160587 -0.00349462 0.999926 -0.0116317 0.0186928 -0.0016273 0.0116261 0.999931 -0.999824
60 64 347 0.999995 0.00178792 0.00255532 0.00545435 -0.00176944 0.999972 -0.00721594 0.0168179 -0.00256815 0.00721138 0.999971 -0.999844
65 66 729 0.999997 -0.0021568 0.00120935 0.000355908 0.00215175 0.999989 0.00415874 0.0202701 -0.00121831 -0.00415613 0.999991 -0.999794
65 67 659 0.999964 -0.00814061 0.00241075 0.00325932 0.00813192 0.99996 0.00359457 0.0165963 -0.00243992 -0.00357483 0.999991 -0.999857
65 68 472 0.99996 -0.00805896 0.00399192 -6.5014e-05 0.00805298 0.999966 0.00151176 0.0163662 -0.00400397 -0.00147955 0.999991 -0.999866
65 69 388 0.999885 -0.0141373 0.00544068 -0.0140235 0.0141319 0.9999 0.00104419 0.00412766 -0.00545489 -0.000967188 0.999985 -0.999893
70 71 834 0.999997 -0.00254686 0.000358013 0.0204071 0.00254685 0.999997 2.1168e-05 0.0106222 -0.000358066 -2.02561e-05 1 -0.999735
70 72 811 0.999995 -0.00110563 0.00291771 0.00374781 0.00110974 0.999998 -0.00140841 0.00934688 -0.00291615 0.00141164 0.999995 -0.999949
70 73 602 0.99999 -0.00271726 0.00361922 0.0114082 0.00272208 0.999995 -0.00132613 0.0122275 -0.0036156 0.00133597 0.999993 -0.99986
70 74 514 0.999984 -0.00183834 0.0054037 0.0170673 0.00185192 0.999995 -0.00250833 0.0130504 -0.00539907 0.00251829 0.999982 -0.999769
75 76 829 0.999999 -0.00168376 -0.000221488 0.0507359 0.00168291 0.999991 -0.00376476 0.0152344 0.000227825 0.00376438 0.999993 -0.998596
75 77 864 0.999985 -0.00502528 0.00235576 0.0151059 0.00503802 0.999973 -0.00543551 0.0158895 -0.00232839 0.0054473 0.999982 -0.99976
75 78 766 0.999957 -0.00713045 0.00593671 -0.0242875 0.00714606 0.999971 -0.0026125 0.0293213 -0.00591791 0.00265481 0.999979 -0.999275
75 79 654 0.999944 -0.00772417 0.00719428 -0.0230483 0.00768921 0.999959 0.00487552 0.0160203 -0.00723164 -0.00481993 0.999962 -0.999606
80 81 1020 0.999999 -0.00100422 0.0010422 -0.00804722 0.00100276 0.999999 0.00139577 0.00222503 -0.0010436 -0.00139472 0.999998 -0.999965
80 82 1063 0.999993 -0.00326857 0.00153332 0.0059057 0.00327171 0.999993 -0.00205161 0.00961509 -0.00152661 0.00205661 0.999997 -0.999936
80 83 816 0.999979 -0.00349546 0.00537928 -0.0321532 0.00352478 0.999979 -0.0054507 0.0273637 -0.00536011 0.00546954 0.999971 -0.999108
80 84 702 0.999996 -0.000760932 0.00262653 0.0243454 0.000763793 0.999999 -0.00108863 0.0140083 -0.0026257 0.00109063 0.999996 -0.999605
85 86 1242 0.999995 0.00283148 0.0016026 -0.029862 -0.00283571 0.999992 0.0026444 0.0878049 -0.0015951 -0.00264893 0.999995 -0.99569
85 87 1013 0.999993 0.000985469 -0.00371718 -0.0199145 -0.000966141 0.999986 0.00519793 0.00151931 0.00372225 -0.0051943 0.99998 -0.999801
85 88 802 0.999956 -0.00378466 -0.00862433 0.0156781 0.00381934 0.999985 0.00400839 -0.0108361 0.00860903 -0.00404115 0.999955 -0.999818
85 89 709 0.999937 -0.00158618 -0.0111043 -0.033629 0.0015708 0.999998 -0.00139375 0.0181652 0.0111065 0.00137622 0.999937 -0.999269
90 91 832 0.999948 0.00457827 -0.0090847 -0.00486827 -0.00460559 0.999985 -0.0029882 0.013222 0.00907089 0.00302988 0.999954 -0.999901
90 92 927 0.999818 -0.000130106 -0.0190533 -0.00538879 7.18208e-05 0.999995 -0.0030597 0.0101788 0.0190536 0.00305777 0.999814 -0.999934
90 93 874 0.999386 -0.00406286 -0.0347963 0.0287988 0.00394092 0.999986 -0.00357222 0.0319874 0.0348103 0.00343289 0.999388 -0.999073
90 94 622 0.998568 -0.00938096 -0.0526643 0.0206503 0.00915514 0.999948 -0.00452754 0.0232079 0.052704 0.0040389 0.998602 -0.999517
95 96 866 0.999629 0.0033844 -0.0270128 -0.0183176 -0.00339971 0.999994 -0.000520924 -0.00312076 0.0270109 0.000612567 0.999635 -0.999827
95 97 892 0.998517 0.00443016 -0.0542591 -0.0524672 -0.00459837 0.999985 -0.00297569 0.0200692 0.0542451 0.00322078 0.998522 -0.998421
95 98 783 0.996023 0.00625627 -0.0888805 -0.00716426 -0.00679048 0.999961 -0.00570938 0.039229 0.0888413 0.00629021 0.996026 -0.999205
95 99 619 0.992108 0.00455647 -0.125304 0.00175537 -0.0052437 0.999973 -0.00515522 0.0194247 0.125277 0.00577159 0.992105 -0.99981
100 101 917 0.999006 -0.000144485 -0.044584 -0.0631525 0.000144754 1 2.81818e-06 0.00609619 0.044584 -9.2691e-06 0.999006 -0.997985
100 102 876 0.995414 -0.00185258 -0.095646 -0.0443978 0.00188225 0.999998 0.000220036 0.0320895 0.0956455 -0.000399056 0.995415 -0.998498
100 103 666 0.988442 -0.000772844 -0.151599 -0.0111696 0.00108477 0.999997 0.0019749 0.0375152 0.151597 -0.00211652 0.98844 -0.999234
100 104 544 0.978607 -0.00186816 -0.205728 -0.012023 0.0029572 0.999983 0.00498623 0.0081865 0.205716 -0.00548794 0.978596 -0.999894
105 106 827 0.997957 0.000574069 -0.0638933 -0.128756 -0.000482173 0.999999 0.00145368 0.000542954 0.0638941 -0.0014199 0.997956 -0.991676
105 107 678 0.991944 0.00332606 -0.126636 -0.120974 -0.00313294 0.999994 0.00172413 0.0324007 0.126641 -0.00131349 0.991948 -0.992127
105 108 542 0.981164 0.00241218 -0.193161 -0.0587666 -0.00160674 0.999989 0.00432637 -0.00212204 0.193169 -0.00393452 0.981158 -0.998269
105 109 449 0.966028 0.003438 -0.258414 -0.0101292 -0.0034981 0.999994 0.000227225 0.0277697 0.258413 0.000684453 0.966034 -0.999563
110 111 980 0.997919 0.000657854 -0.0644714 -0.0982857 -0.000735626 0.999999 -0.00118258 0.0167535 0.0644705 0.00122754 0.997919 -0.995017
110 112 765 0.992108 0.00172315 -0.125378 -0.0915653 -0.00188427 0.999998 -0.00116648 0.0297413 0.125376 0.00139352 0.992108 -0.995355
110 113 550 0.982502 0.00914219 -0.186029 -0.036782 -0.0092251 0.999957 0.00041999 0.0242353 0.186025 0.0013035 0.982544 -0.999029
110 114 377 0.970945 0.00607396 -0.239225 -0.0295811 -0.00607593 0.999981 0.000729238 0.0206894 0.239225 0.000745466 0.970964 -0.999348
115 116 937 0.998675 -0.00150068 -0.0514318 -0.0881559 0.00157407 0.999998 0.00138647 0.0276762 0.0514296 -0.00146559 0.998676 -0.995722
115 117 633 0.995227 0.0058942 -0.0974075 -0.0875547 -0.005684 0.999981 0.00243525 0.00852049 0.09742 -0.00186996 0.995242 -0.996123
115 118 467 0.989783 0.0178308 -0.141465 -0.0611789 -0.017859 0.99984 0.00106981 0.0156632 0.141462 0.00146756 0.989943 -0.998004
115 119 381 0.983637 0.0266235 -0.178186 -0.0396497 -0.0265816 0.999643 0.00262307 -0.00435352 0.178192 0.00215633 0.983993 -0.999204
120 121 914 0.999466 -0.00935459 -0.0312994 -0.0210014 0.0095215 0.999941 0.00518814 -0.00870068 0.0312491 -0.00548338 0.999497 -0.999742
120 122 581 0.99806 -0.0138863 -0.0606837 -0.0128289 0.0143687 0.999868 0.00751996 0.0203763 0.0605713 -0.00837732 0.998129 -0.99971
120 123 374 0.996103 -0.0135952 -0.0871485 -0.00546185 0.0144634 0.999852 0.0093384 0.0181268 0.0870086 -0.0105625 0.996152 -0.999821
120 124 373 0.993582 -0.0089056 -0.112765 0.0115131 0.010488 0.999855 0.0134472 0.015022 0.112628 -0.0145435 0.993531 -0.999821
125 126 581 0.9998 0.00136045 -0.019936 -0.0391702 -0.00121735 0.999973 0.00718845 -0.0357144 0.0199452 -0.00716275 0.999775 -0.998594
125 127 334 0.999248 -0.00228651 -0.0387117 0.00307485 0.0025671 0.999971 0.00720007 -0.0146761 0.0386941 -0.00729403 0.999224 -0.999888
125 128 276 0.998629 -0.00464441 -0.0521372 0.00629726 0.00477198 0.999986 0.00232258 0.00994547 0.0521257 -0.00256819 0.998637 -0.999931
125 129 348 0.997634 -0.00448352 -0.0686064 0.0165633 0.00445992 0.99999 -0.000497193 0.00379949 0.0686079 0.000190038 0.997644 -0.999856
130 131 622 0.999917 0.00330082 -0.0124537 0.00305667 -0.00330708 0.999994 -0.000482635 0.0075493 0.012452 0.00052378 0.999922 -0.999967
130 132 458 0.99972 0.00856431 -0.0220383 -0.0159726 -0.00855408 0.999963 0.000558802 0.0107089 0.0220423 -0.000370128 0.999757 -0.999815
130 133 481 0.999521 0.00890621 -0.0296447 -0.00952542 -0.00887114 0.99996 0.00131447 0.00245702 0.0296552 -0.00105086 0.99956 -0.999952
130 134 402 0.999327 0.01139 -0.0348666 -0.00505313 -0.0113462 0.999935 0.00145404 0.011877 0.0348809 -0.00105746 0.999391 -0.999917
135 136 489 0.99998 0.000682816 -0.00630488 -0.00492221 -0.000682218 1 9.70314e-05 0.0106481 0.00630495 -9.27281e-05 0.99998 -0.999931
135 137 520 0.999939 0.00371225 -0.0104268 -0.00635629 -0.00370247 0.999993 0.000957241 1.53873e-05 0.0104303 -0.000918577 0.999945 -0.99998
135 138 414 0.999902 0.00657767 -0.0123402 -0.0189388 -0.00656575 0.999978 0.0010063 -0.00167199 0.0123466 -0.00092518 0.999923 -0.999819
135 139 416 0.999847 0.00519411 -0.0167128 0.00980381 -0.00519415 0.999987 4.06088e-05 0.014203 0.0167128 4.62064e-05 0.99986 -0.999851
140 141 488 0.999992 0.00399796 -0.000675173 -0.0221514 -0.00399812 0.999992 -0.000226491 0.00813842 0.000674262 0.000229188 1 -0.999722
140 142 548 0.999969 0.00786846 0.000325235 -0.0119269 -0.00786839 0.999969 -0.00021917 -0.00251596 -0.000326949 0.000216604 1 -0.999926
140 143 584 0.999987 0.00510685 -0.000326422 0.0347025 -0.00510708 0.999987 -0.000693821 0.0183722 0.000322875 0.000695479 1 -0.999229
140 144 472 0.999907 0.0130254 0.00394613 0.0289876 -0.0130289 0.999915 0.000846568 -0.00688404 -0.00393477 -0.000897904 0.999992 -0.999556
145 146 648 0.99998 0.00417875 0.00478176 -0.0258068 -0.00416745 0.999989 -0.00237124 0.0168578 -0.00479161 0.00235126 0.999986 -0.999525
145 147 653 0.999967 0.00194436 0.00786399 0.0103809 -0.00192053 0.999994 -0.00303687 0.00770015 -0.00786984 0.00302167 0.999964 -0.999916
145 148 522 0.999908 -0.000878623 0.0135064 -0.0306584 0.000953751 0.999984 -0.00555696 0.0157656 -0.0135013 0.00556933 0.999893 -0.999406
145 149 488 0.99985 -0.00551518 0.0164479 -0.00829485 0.00564331 0.999954 -0.00775391 0.0274624 -0.0164043 0.00784557 0.999835 -0.999588
150 151 596 0.999992 -0.00294335 0.00271041 0.0302836 0.00293443 0.99999 0.00328955 0.0368926 -0.00272006 -0.00328157 0.999991 -0.99886
150 152 562 0.999977 -0.0035607 0.00578408 -0.00193028 0.00350583 0.999949 0.00946814 -0.0196393 -0.00581749 -0.00944764 0.999938 -0.999805
150 153 510 0.999979 -0.00341032 0.00545993 0.0238758 0.0033356 0.999901 0.013638 -0.0262832 -0.0055059 -0.0136195 0.999892 -0.999369
150 154 400 0.999894 -0.0144218 0.00220934 0.0197368 0.0143952 0.999829 0.0115964 0.00409209 -0.0023762 -0.0115634 0.99993 -0.999797
155 156 999 1 -0.000150851 0.000128986 -0.03519 0.000151174 0.999997 -0.00250659 0.0564349 -0.000128608 0.00250661 0.999997 -0.997786
155 157 916 0.999993 -0.00353324 -0.00105882 0.0117863 0.00352881 0.999985 -0.00415977 0.0426597 0.0010735 0.004156 0.999991 -0.99902
155 158 644 0.999994 -0.0032888 0.000911231 -0.00547037 0.00329082 0.999992 -0.00222521 0.0201601 -0.000903906 0.00222819 0.999997 -0.999782
155 159 437 0.999969 -0.00776935 -0.000963507 0.0179396 0.00776881 0.99997 -0.000561139 0.0112874 0.000967838 0.000553636 0.999999 -0.999775
160 161 1097 0.999993 -0.00351012 -0.00125929 -0.0191152 0.00350935 0.999994 -0.00061651 0.0149854 0.00126145 0.000612086 0.999999 -0.999705
160 162 875 0.999953 -0.00673899 -0.00695057 0.0169714 0.0067245 0.999975 -0.00210486 0.0142636 0.00696458 0.00205802 0.999974 -0.999754
160 163 469 0.999924 -0.00704 -0.0101354 0.00300785 0.00698813 0.999962 -0.00514341 0.019497 0.0101712 0.00507219 0.999935 -0.999805
160 164 282 0.999836 -0.0089184 -0.0157517 -0.00018657 0.00879118 0.999928 -0.00812722 0.0253068 0.0158231 0.00798741 0.999843 -0.99968
165 166 859 0.999961 0.000833138 -0.00879966 0.00290206 -0.0008176 0.999998 0.00176922 -0.00709974 0.00880112 -0.00176195 0.99996 -0.999971
165 167 493 0.999805 -0.0038419 -0.0193857 0.026938 0.00384311 0.999993 2.5049e-05 0.0214357 0.0193854 -9.95454e-05 0.999812 -0.999407
165 168 355 0.99957 0.000920257 -0.0293177 0.012625 -0.000853374 0.999997 0.00229372 0.0028124 0.0293198 -0.00226771 0.999568 -0.999916
165 169 205 0.999125 0.001082 -0.0418045 0.0369787 -0.00104419 0.999999 0.000926327 0.00653819 0.0418055 -0.000881865 0.999125 -0.999295
170 171 602 0.999926 -0.000912524 -0.0121576 -0.011846 0.000905177 0.999999 -0.000609776 0.0305207 0.0121581 0.000598726 0.999926 -0.999464
170 172 333 0.99982 0.000182796 -0.0189762 -0.0665661 -0.000175619 1 0.00037986 0.0328421 0.0189763 -0.000376459 0.99982 -0.997241
170 173 341 0.999298 0.00598859 -0.036985 0.0747583 -0.00578219 0.999967 0.00568504 -0.02838 0.0370178 -0.00546719 0.9993 -0.996798
170 174 293 0.999235 0.00511215 -0.0387689 -0.039162 -0.0049435 0.999978 0.00444457 -0.0106127 0.0387907 -0.00424952 0.999238 -0.999177
175 176 493 0.999959 0.000796406 -0.00903743 -0.0291336 -0.00079314 1 0.000364986 0.0241084 0.00903772 -0.000357803 0.999959 -0.999285
175 177 522 0.999808 0.00160873 -0.0195123 0.0167408 -0.00158118 0.999998 0.00142734 0.00798317 0.0195146 -0.00139621 0.999809 -0.999828
175 178 410 0.999605 -0.000715924 -0.0280989 0.0128701 0.000702944 1 -0.000471804 0.02555 0.0280992 0.000451865 0.999605 -0.999591
175 179 335 0.999376 -0.00158583 -0.0352982 0.010048 0.00147959 0.999994 -0.00303572 0.0384455 0.0353028 0.00298159 0.999372 -0.99921
180 181 686 0.999991 0.00259757 -0.00345288 -0.0204079 -0.00260505 0.999994 -0.00216306 0.0288647 0.00344724 0.00217204 0.999992 -0.999375
180 182 548 0.999975 0.00159217 -0.00689451 -0.00643821 -0.00162214 0.999989 -0.00434389 0.0427587 0.00688752 0.00435496 0.999967 -0.999065
180 183 437 0.999951 0.0048774 -0.00862709 0.00768075 -0.00491189 0.99998 -0.00398128 0.0198421 0.0086075 0.00402346 0.999955 -0.999774
180 184 354 0.99995 0.00401309 -0.00912792 -0.000110054 -0.0040423 0.999987 -0.00318422 0.0129353 0.00911502 0.00322096 0.999953 -0.999916
185 186 539 0.999996 0.00144484 0.00260088 0.0138475 -0.00144474 0.999999 -4.03187e-05 0.0572849 -0.00260094 3.65609e-05 0.999997 -0.998262
185 187 450 0.99996 0.00319471 0.00831118 -0.00285522 -0.00320935 0.999993 0.00174947 0.0161054 -0.00830554 -0.00177607 0.999964 -0.999866
185 188 452 0.999867 -0.00131749 0.0162256 -0.0164965 0.00128759 0.999997 0.00185285 0.0235224 -0.016228 -0.00183171 0.999867 -0.999587
185 189 401 0.999607 -0.00277938 0.027883 -0.0153225 0.00272173 0.999994 0.00210541 0.0223947 -0.0278886 -0.00202869 0.999609 -0.999632
190 191 634 0.999858 -0.00101161 0.0168192 0.0325125 0.00099104 0.999999 0.00123122 0.0176684 -0.0168204 -0.00121438 0.999858 -0.999315
190 192 492 0.999218 0.000221435 0.0395327 -0.00156023 -0.000408308 0.999989 0.00471905 -0.0132518 -0.0395312 -0.0047315 0.999207 -0.999911
190 193 477 0.997858 -0.00298399 0.0653452 -0.0127396 0.00252054 0.999971 0.00717367 0.0146155 -0.0653647 -0.0069936 0.997837 -0.999812
190 194 442 0.995668 -0.00452766 0.092865 -0.0177572 0.00377014 0.999958 0.00833107 0.0196602 -0.0928988 -0.00794487 0.995644 -0.999649
195 196 569 0.999157 0.00142666 0.0410387 -0.0217012 -0.00134178 0.999997 -0.00209575 -0.00257844 -0.0410415 0.00203891 0.999155 -0.999761
195 197 627 0.996838 -0.000331958 0.0794578 0.0313422 0.000778373 0.999984 -0.00558736 0.00599389 -0.0794546 0.00563154 0.996823 -0.999491
195 198 474 0.992436 -0.000899542 0.122758 0.0284357 0.0020547 0.999955 -0.00928379 0.00384155 -0.122744 0.0094658 0.992393 -0.999588
195 199 316 0.984564 -0.0058282 0.174928 -0.0160622 0.00864453 0.999845 -0.0153423 0.0323706 -0.174811 0.0166177 0.984462 -0.999347
200 201 712 0.998508 0.000435571 0.0546095 0.100744 -0.000431533 1 -8.57326e-05 0.0115006 -0.0546095 6.20389e-05 0.998508 -0.994846
200 202 379 0.992643 0.00436421 0.121001 -0.00136213 -0.00464699 0.999987 0.00205495 -0.00354335 -0.12099 -0.00260212 0.99265 -0.999993
200 203 70 0.984905 0.00645066 0.172976 0.0914907 -0.00702042 0.999972 0.00268225 0.034271 -0.172954 -0.00385613 0.984922 -0.995216
200 204 46 0.969999 0.00962014 0.242918 0.0121107 -0.0161299 0.999562 0.0248236 -0.106845 -0.242573 -0.0279971 0.969729 -0.994202
205 206 366 0.997617 -0.00170559 0.0689697 0.0900532 0.00147683 0.999993 0.00336758 -0.0343663 -0.0689749 -0.0032577 0.997613 -0.995344
205 207 225 0.990548 0.00175797 0.137156 0.0636689 -0.00205613 0.999996 0.00203217 0.0123417 -0.137152 -0.00229497 0.990547 -0.997895
205 208 89 0.979264 0.0054838 0.202513 0.0274703 -0.00564393 0.999984 0.000213218 0.0177775 -0.202509 -0.00135177 0.979279 -0.999465
205 209 47 0.963336 0.00715556 0.268203 -0.192706 -0.00548217 0.999961 -0.00698764 0.111827 -0.268242 0.00526111 0.963337 -0.974864
210 211 310 0.997908 -0.00209113 0.0646124 0.147814 0.00244995 0.999982 -0.00547468 0.00588961 -0.0645998 0.00562153 0.997895 -0.988998
210 212 292 0.992018 0.000199044 0.126099 0.0715408 0.00141508 0.999918 -0.0127107 0.0182551 -0.126092 0.0127877 0.991936 -0.997271
210 213 240 0.983171 -0.00152933 0.182681 0.0248347 0.00485608 0.99983 -0.0177648 0.0309455 -0.182623 0.0183529 0.983012 -0.999212
210 214 223 0.97282 -0.00453455 0.231517 -0.00153679 0.00923281 0.999773 -0.0192139 0.0294067 -0.231377 0.0208293 0.972641 -0.999566
215 216 387 0.999311 -0.00490816 0.0367757 0.085315 0.00482605 0.999986 0.00232098 0.00358795 -0.0367866 -0.0021419 0.999321 -0.996348
215 217 437 0.997591 -0.00442908 0.0692332 0.0497691 0.00422973 0.999986 0.00302573 -0.00525669 -0.0692457 -0.0027256 0.997596 -0.998747
215 218 485 0.995777 0.00216052 0.0917805 0.0193389 -0.0026202 0.999985 0.00488832 -0.0190857 -0.0917686 -0.00510816 0.995767 -0.999631
215 219 388 0.994167 0.0109266 0.107293 0.0407836 -0.0112676 0.999933 0.00257256 -0.0157333 -0.107258 -0.0037665 0.994224 -0.999044
220 221 413 0.999945 -0.00611593 0.00856089 0.07311 0.00611572 0.999981 5.02352e-05 -0.0013289 -0.00856103 2.12354e-06 0.999963 -0.997323
220 222 512 0.99979 -0.0134767 0.0154441 0.0434697 0.0134577 0.999909 0.00133385 0.00322983 -0.0154606 -0.00112573 0.99988 -0.99905
220 223 458 0.999639 -0.0192692 0.0187411 0.03351 0.0192044 0.999809 0.00362826 0.0201275 -0.0188075 -0.00326703 0.999818 -0.999236
220 224 519 0.999624 -0.0184158 0.0203005 0.0182534 0.0182183 0.999785 0.0098738 -0.0171902 -0.020478 -0.00950025 0.999745 -0.999686
225 226 385 0.999985 0.00296988 -0.00461585 0.0363707 -0.00294034 0.999975 0.0063935 -0.00166272 0.00463473 -0.00637983 0.999969 -0.999337
225 227 526 0.999967 0.00314719 -0.00755511 -0.0291178 -0.00306305 0.999933 0.0111222 -0.0157081 0.00758961 -0.0110987 0.99991 -0.999453
225 228 514 0.999875 -0.00120972 -0.0157417 0.0329721 0.00137882 0.999941 0.0107361 -0.00656633 0.0157278 -0.0107565 0.999818 -0.999435
225 229 494 0.999807 -0.00551989 -0.0188476 0.0129971 0.00563411 0.999966 0.00601237 0.000661222 0.0188138 -0.0061174 0.999804 -0.999915
230 231 400 0.99999 0.00411455 -0.0018266 -0.122792 -0.00412698 0.999968 -0.00685677 0.0447401 0.00179833 0.00686424 0.999975 -0.991423
230 232 467 0.999965 0.00446514 -0.00713919 -0.00829914 -0.0045414 0.999932 -0.0107019 0.0166031 0.00709093 0.0107339 0.999917 -0.999828
230 233 450 0.999899 0.00983968 -0.0102514 -0.0255832 -0.00995661 0.999885 -0.0114186 0.0161495 0.0101379 0.0115195 0.999882 -0.999542
230 234 482 0.999879 0.0113656 -0.0106262 -0.0162279 -0.0114474 0.999905 -0.00767145 0.00109521 0.010538 0.00779217 0.999914 -0.999868
235 236 383 0.999997 0.001357 0.00205668 -0.036208 -0.00136933 0.999981 0.00600825 0.00180365 -0.00204849 -0.00601105 0.99998 -0.999343
235 237 381 0.999989 -0.00257826 0.00401042 -0.00809329 0.00253688 0.999944 0.0102912 -0.00519307 -0.00403673 -0.0102809 0.999939 -0.999954
235 238 450 0.999979 -0.00298789 0.00582863 0.00530738 0.00295147 0.999976 0.00624771 -0.00267108 -0.00584716 -0.00623037 0.999963 -0.999982
235 239 445 0.999963 0.00123652 0.00849199 -0.0136823 -0.00122262 0.999998 -0.0016418 0.0154073 -0.008494 0.00163135 0.999963 -0.999788
240 241 308 0.999989 -0.00429013 0.00174293 0.00771812 0.00428871 0.99999 0.000818955 0.0121149 -0.00174643 -0.000811472 0.999998 -0.999897
240 242 456 0.99997 -0.0065143 0.00407186 0.00990929 0.00649303 0.999965 0.0052161 0.00776166 -0.0041057 -0.00518951 0.999978 -0.999921
240 243 426 0.999958 -0.00575285 0.00711203 0.0251457 0.005669 0.999915 0.0117543 -0.00394693 -0.00717904 -0.0117135 0.999906 -0.999676
240 244 375 0.999941 -0.00540522 0.00946171 0.0540008 0.00528606 0.999907 0.0125745 0.0203225 -0.00952879 -0.0125237 0.999876 -0.998334
245 246 390 0.999985 0.00384523 0.00400509 -0.00841983 -0.00383723 0.999991 -0.0020012 0.00905332 -0.00401275 0.0019858 0.99999 -0.999924
245 247 465 0.999976 0.00451926 0.00531761 -0.00278048 -0.00449239 0.999977 -0.00505475 0.0125935 -0.00534033 0.00503074 0.999973 -0.999917
245 248 449 0.999951 0.00604536 0.00783625 -0.0209927 -0.00598078 0.999948 -0.00823882 0.0282818 -0.00788565 0.00819155 0.999935 -0.99938
245 249 392 0.999922 0.00988376 0.00769471 -0.0227747 -0.00981269 0.999909 -0.00922092 0.0242186 -0.00778515 0.00914469 0.999928 -0.999447
250 251 353 0.999991 -0.00430064 -0.000270204 0.0105773 0.00430106 0.999989 0.00158198 0.00791623 0.000263398 -0.00158312 0.999999 -0.999913
250 252 481 0.999899 -0.0140402 -0.00218216 0.0159983 0.0140523 0.999886 0.00561117 0.0103011 0.00210312 -0.00564127 0.999982 -0.999819
250 253 415 0.999833 -0.0181389 -0.00200373 0.0136915 0.0181526 0.99981 0.00705903 0.0031407 0.0018753 -0.00709423 0.999973 -0.999901
250 254 353 0.999676 -0.0250033 -0.00486791 0.0143256 0.0250348 0.999665 0.0065082 0.00169274 0.00470356 -0.00662796 0.999967 -0.999896
255 256 367 0.999997 -0.000142222 -0.00258691 0.00159085 0.000144302 1 0.000804024 0.0114925 0.0025868 -0.000804394 0.999996 -0.999933
255 257 399 0.999988 0.00155607 -0.00463358 0.00135546 -0.00154182 0.999994 0.00307885 0.0181352 0.00463835 -0.00307167 0.999985 -0.999835
255 258 422 0.999959 0.00787984 -0.00452852 -0.0269988 -0.00787215 0.999968 0.00171294 0.0166293 0.00454187 -0.00167722 0.999988 -0.999497
255 259 348 0.999802 0.0189273 -0.00620829 0.0130263 -0.0188947 0.999808 0.00527417 -0.00940952 0.00630692 -0.00515582 0.999967 -0.999871
260 261 396 0.999995 -0.00256957 -0.00180363 0.0118167 0.0025651 0.999994 -0.00247233 0.000459582 0.00180997 0.00246769 0.999995 -0.99993
260 262 352 0.99997 -0.00674382 -0.00379173 0.0426386 0.00671187 0.999942 -0.00837768 0.00662589 0.00384801 0.00835198 0.999958 -0.999069
260 263 316 0.999907 -0.0130321 -0.00391489 0.00962156 0.0129782 0.999825 -0.0134825 0.0258046 0.00408991 0.0134304 0.999901 -0.999621
260 264 291 0.999973 -0.00596029 -0.00432412 -0.00341904 0.00592592 0.999951 -0.00791848 0.0238444 0.00437111 0.00789264 0.999959 -0.99971
265 266 404 0.999989 0.00468752 -0.000664375 0.0385952 -0.00468194 0.999956 0.00815426 0.0264553 0.000702569 -0.00815106 0.999967 -0.998905
265 267 360 0.999987 0.00488824 0.00170422 -0.0100089 -0.00488804 0.999988 -0.000123168 0.00329993 -0.0017048 0.000114836 0.999999 -0.999944
265 268 272 0.999969 0.00713019 0.00319925 -0.00947754 -0.00706184 0.999757 -0.020889 0.024942 -0.00334741 0.0208657 0.999777 -0.999644
265 269 186 0.999927 0.0114558 0.00380193 0.0208134 -0.011305 0.99923 -0.0375646 0.0622683 -0.00422934 0.0375189 0.999287 -0.997842
270 271 355 0.999984 -0.00566886 -0.000761477 0.0329839 0.00568009 0.999861 0.0156544 0.0118017 0.000672629 -0.0156585 0.999877 -0.999386
270 272 364 0.999985 -0.00121882 0.00526536 -0.0387769 0.00109587 0.999728 0.0232905 -0.0010238 -0.00529231 -0.0232844 0.999715 -0.999247
270 273 298 0.99999 0.00151954 0.00415621 0.0191145 -0.00162098 0.999698 0.0245145 -0.00174522 -0.0041177 -0.024521 0.999691 -0.999816
270 274 263 0.999963 0.00280827 0.00810039 0.00798431 -0.00299205 0.999736 0.0227655 0.0146268 -0.00803432 -0.0227889 0.999708 -0.999861
275 276 353 0.999987 -0.0002156 0.00512681 -0.018081 0.000207402 0.999999 0.0015996 0.0195062 -0.00512714 -0.00159851 0.999986 -0.999646
275 277 373 0.999949 -0.00635947 0.00788425 0.0028103 0.006344 0.999978 0.00198573 0.00824747 -0.0078967 -0.00193561 0.999967 -0.999962
275 278 326 0.999882 -0.0117284 0.00993809 0.0133554 0.011712 0.99993 0.0017124 0.0151141 -0.00995748 -0.0015958 0.999949 -0.999797
275 279 303 0.999769 -0.0179707 0.0117572 0.000937516 0.0179451 0.999836 0.00228178 -0.0104971 -0.0117963 -0.00207027 0.999928 -0.999944
280 281 566 0.999997 0.00233201 -7.39225e-05 0.0568175 -0.00233204 0.999997 -0.000308733 0.0355574 7.32023e-05 0.000308904 1 -0.997751
280 282 567 0.999984 0.0039223 0.00399271 0.00351159 -0.00393507 0.999987 0.00319618 0.0135187 -0.00398012 -0.00321184 0.999987 -0.999902
280 283 420 0.999897 0.0114713 0.0086018 0.00197988 -0.0115218 0.999917 0.00584991 0.0286308 -0.00853398 -0.00594842 0.999946 -0.999588
280 284 388 0.999829 0.0130314 0.0130926 0.0247068 -0.0131287 0.999887 0.007377 0.0190767 -0.012995 -0.00754763 0.999887 -0.999513
285 286 641 0.999994 0.00201951 0.0029839 0.154162 -0.00199229 0.999957 -0.00909685 0.0509946 -0.00300215 0.00909085 0.999954 -0.986729
285 287 682 0.999916 0.00262545 0.012676 -0.0393188 -0.00242627 0.999874 -0.015703 -0.000242558 -0.0127156 0.0156709 0.999796 -0.999227
285 288 463 0.999904 -0.00208068 0.0136749 0.0258363 0.00238297 0.999752 -0.0221266 0.0495118 -0.0136254 0.022157 0.999662 -0.998439
285 289 343 0.999766 -0.00721806 0.0203773 -0.0106487 0.00752707 0.999857 -0.0151285 0.0209313 -0.0202652 0.0152783 0.999678 -0.999724
290 291 664 0.999972 0.00443834 0.00605871 0.0129484 -0.00447222 0.999974 0.00558905 0.00383902 -0.00603375 -0.00561599 0.999966 -0.999909
290 292 375 0.999907 0.00578819 0.0123425 0.0175777 -0.00583108 0.999977 0.00344183 0.0151607 -0.0123223 -0.00351348 0.999918 -0.999731
290 293 360 0.999768 -0.00327161 0.0212729 -0.0109861 0.00323132 0.999993 0.00192809 0.0061689 -0.021279 -0.0018589 0.999772 -0.999921
290 294 274 0.999531 -0.00454468 0.0302714 -0.015625 0.00444308 0.999984 0.00342271 0.00744791 -0.0302865 -0.00328661 0.999536 -0.99985
295 296 544 0.999955 0.00110534 0.00943422 -0.0394695 -0.00113438 0.999995 0.00307293 -0.00310374 -0.00943077 -0.0030835 0.999951 -0.999216
295 297 439 0.999873 0.00164869 0.0158387 -0.00147899 -0.00165206 0.999999 0.000199949 0.00767136 -0.0158384 -0.00022609 0.999875 -0.999969
295 298 352 0.999734 -0.00109494 0.02303 0.0368377 0.00127047 0.99997 -0.00760874 0.0255955 -0.023021 0.00763598 0.999706 -0.998993
295 299 298 0.999429 -0.0011064 0.0337787 -0.0156871 0.00155684 0.99991 -0.0133117 0.0242964 -0.0337609 0.0133567 0.999341 -0.999582
300 301 390 0.99998 -0.00089727 0.00628251 0.0100331 0.0009122 0.999997 -0.00237397 0.0177953 -0.00628036 0.00237965 0.999977 -0.999791
300 302 419 0.999933 0.00156963 0.0114662 -0.0153731 -0.00157179 0.999999 0.000179254 0.00517157 -0.0114659 -0.000197264 0.999934 -0.999868
300 303 362 0.999898 -0.00260402 0.0140632 0.0232979 0.0025256 0.999981 0.00559131 0.0158224 -0.0140774 -0.00555522 0.999885 -0.999603
300 304 307 0.999771 -0.00802338 0.0198393 -0.0116441 0.0077744 0.99989 0.0125954 -4.33483e-05 -0.0199382 -0.0124383 0.999724 -0.999932
305 306 432 0.999992 -0.00159727 0.00365365 0.00612023 0.00161863 0.999982 -0.00585258 0.00870016 -0.00364424 0.00585845 0.999976 -0.999943
305 307 407 0.999975 -0.00449946 0.00540985 0.014353 0.00458301 0.999869 -0.0155325 0.014183 -0.00533926 0.0155569 0.999865 -0.999796
305 308 347 0.999935 -0.0057295 0.00982285 0.000742827 0.00595222 0.999722 -0.0227961 0.0179214 -0.00968951 0.0228531 0.999692 -0.999839
305 309 336 0.999892 -0.00474434 0.0138994 0.00378509 0.00502661 0.99978 -0.0203443 0.0299404 -0.0137999 0.020412 0.999696 -0.999545
310 311 520 0.999972 0.00233919 0.00714757 -0.0169802 -0.00237435 0.999985 0.00491443 0.00568794 -0.00713596 -0.00493126 0.999962 -0.99984
310 312 478 0.99991 0.00256837 0.013186 0.0215704 -0.0026308 0.999985 0.00471882 -0.0125123 -0.0131737 -0.00475308 0.999902 -0.999689
310 313 375 0.999778 0.000410544 0.0210453 0.00586044 -0.000365808 0.999998 -0.00212952 0.0127662 -0.0210461 0.00212135 0.999776 -0.999901
310 314 334 0.999466 0.00430503 0.0323791 -0.0487061 -0.0041057 0.999972 -0.00621992 0.0195912 -0.0324049 0.00608366 0.999456 -0.998621
315 316 578 0.999981 0.0021501 0.00578181 -0.00842697 -0.00215156 0.999998 0.000246987 0.025546 -0.00578126 -0.000259423 0.999983 -0.999638
315 317 544 0.999909 0.00645167 0.0118633 0.00549886 -0.0065336 0.999955 0.00688049 0.0126421 -0.0118184 -0.00695737 0.999906 -0.999905
315 318 457 0.999669 0.0141816 0.0214473 -0.0284003 -0.0145176 0.999773 0.015594 0.0161675 -0.0212213 -0.0159002 0.999648 -0.999466
315 319 352 0.99936 0.0245049 0.0260493 -0.0179686 -0.025035 0.999482 0.0202226 0.00796818 -0.0255403 -0.0208618 0.999456 -0.999807
320 321 650 0.999904 -0.0131739 0.00420287 0.0175879 0.0132303 0.999819 -0.0136934 0.049709 -0.00402171 0.0137477 0.999897 -0.998609
320 322 504 0.999854 -0.0134053 0.010605 0.00698789 0.0136414 0.999653 -0.0225133 0.0442004 -0.0102995 0.0226547 0.99969 -0.998998
320 323 400 0.999782 -0.0162309 0.0131268 0.0140032 0.0164955 0.999658 -0.0203124 0.0462511 -0.0127926 0.0205245 0.999708 -0.998832
320 324 382 0.999736 -0.0163267 0.0161942 0.00518072 0.0164354 0.999843 -0.0065988 0.00848276 -0.0160839 0.00686322 0.999847 -0.999951
325 326 586 0.999994 0.00257229 0.00238968 0.00783327 -0.00258138 0.999989 0.00380531 -0.00192825 -0.00237987 -0.00381145 0.99999 -0.999967
325 327 575 0.999941 0.00961613 0.00515025 0.000660292 -0.0096142 0.999954 -0.000398505 -0.00563097 -0.00515384 0.000348966 0.999987 -0.999984
325 328 427 0.999949 0.00934187 0.00394373 0.0152742 -0.00930174 0.999906 -0.0100724 0.0163571 -0.00403746 0.0100352 0.999941 -0.99975
325 329 319 0.999985 0.00418943 0.00347053 0.0166652 -0.00413493 0.99987 -0.0155647 0.0223505 -0.00353529 0.0155501 0.999873 -0.999611
330 331 565 0.999996 0.00277434 0.000799184 0.0361013 -0.00278188 0.99995 0.00958242 -0.000910234 -0.000772559 -0.0095846 0.999954 -0.999348
330 332 544 0.999923 0.0119381 0.00335721 0.00865189 -0.0120051 0.999714 0.0206831 0.00431731 -0.00310934 -0.0207218 0.99978 -0.999953
330 333 442 0.999718 0.0230241 0.00580536 -0.00498037 -0.0231626 0.999418 0.0250246 -0.0030785 -0.00522581 -0.025152 0.99967 -0.999983
330 334 245 0.999805 0.0183834 0.00719386 -0.0133711 -0.0185233 0.99963 0.0198951 0.00911288 -0.00682546 -0.0200245 0.999776 -0.999869
335 336 651 0.999998 -0.00102523 0.00146102 0.00396402 0.00103039 0.999993 -0.0035361 0.024801 -0.00145739 0.00353759 0.999993 -0.999685
335 337 519 0.999999 -0.000581422 0.00139993 0.00682656 0.000582427 1 -0.000717494 0.0241008 -0.00139951 0.000718309 0.999999 -0.999686
335 338 274 0.999998 -0.00145837 0.0013525 0.0238171 0.00144965 0.999978 0.00643115 0.00361072 -0.00136185 -0.00642918 0.999978 -0.99971
335 339 173 0.999968 -0.00742337 0.00287195 0.00286037 0.00740497 0.999952 0.00636415 0.0125855 -0.00291905 -0.00634268 0.999976 -0.999917
340 341 401 0.999992 -0.00397444 0.000937644 0.00393774 0.00397754 0.999987 -0.00332567 0.0174032 -0.000924414 0.00332937 0.999994 -0.999841
340 342 296 0.99996 -0.00893819 0.00063616 0.0195736 0.00894189 0.999942 -0.0060839 0.0183577 -0.000581744 0.00608935 0.999981 -0.99964
340 343 241 0.999954 -0.00944426 0.00188752 0.00750164 0.00945412 0.999941 -0.0052881 0.0135731 -0.00183747 0.0053057 0.999984 -0.99988
340 344 203 0.999964 -0.00807198 0.00262879 -0.0193352 0.00807872 0.999964 -0.00256371 0.0322853 -0.002608 0.00258486 0.999993 -0.999292
345 346 374 0.999997 -0.00202231 0.00133112 0.0145282 0.0020225 0.999998 -0.000142772 0.00371213 -0.00133082 0.000145464 0.999999 -0.999888
345 347 315 0.999992 -0.00123903 0.0037605 -0.0171437 0.00127667 0.999949 -0.010024 0.00882746 -0.00374788 0.0100287 0.999943 -0.999814
345 348 239 0.999987 -0.00086402 0.00499846 0.00245415 0.000959465 0.999817 -0.019124 0.031565 -0.00498102 0.0191285 0.999805 -0.999499
345 349 193 0.999934 0.00998464 0.00564237 -0.00485413 -0.00986904 0.999748 -0.0201565 0.0270371 -0.00584221 0.0200995 0.999781 -0.999623
350 351 535 0.999998 -0.00200087 -0.000613087 0.0156675 0.00200396 0.999985 0.00507814 0.00782358 0.000602917 -0.00507936 0.999987 -0.999847
350 352 368 0.999994 -0.00305104 -0.00180356 0.00570099 0.00307049 0.999936 0.0108835 0.0128113 0.00177024 -0.010889 0.999939 -0.999902
350 353 224 0.999987 0.00505132 0.000261069 -0.0301976 -0.00505446 0.999891 0.0138827 0.00749205 -0.000190914 -0.0138839 0.999904 -0.999516
350 354 208 0.999957 0.00828787 -0.00425381 0.0107553 -0.00820334 0.999776 0.0195182 -0.00788359 0.00441462 -0.0194824 0.9998 -0.999911
355 356 318 0.999979 -0.00292899 -0.00579996 0.0432806 0.00290255 0.999985 -0.00456104 0.0136943 0.00581323 0.00454411 0.999973 -0.998969
355 357 340 0.999915 -0.00559425 -0.01179 0.0185535 0.00542325 0.99988 -0.0144863 0.0264682 0.0118696 0.0144212 0.999826 -0.999477
355 358 264 0.999777 -0.0127245 -0.0168568 0.0043249 0.0123965 0.999735 -0.0194196 0.0388993 0.0170994 0.0192063 0.999669 -0.999234
355 359 278 0.999685 -0.00993812 -0.0230631 0.0268054 0.00954763 0.99981 -0.0169801 0.0156694 0.0232275 0.0167546 0.99959 -0.999518
360 361 402 0.999979 5.95854e-05 -0.00646202 -0.0380937 1.81641e-06 0.999955 0.00950152 -0.011558 0.0064623 -0.00950133 0.999934 -0.999207
360 362 400 0.999875 -0.00420619 -0.0152664 0.0202334 0.00442518 0.999887 0.0143393 -0.00589888 0.0152044 -0.0144051 0.999781 -0.999778
360 363 344 0.99979 -0.00262968 -0.0203022 -0.013864 0.00288128 0.999919 0.0123732 0.00660409 0.020268 -0.0124291 0.999717 -0.999882
360 364 286 0.999648 0.00267454 -0.0264141 -0.0218325 -0.00249752 0.999974 0.00673261 0.0154845 0.0264314 -0.00666427 0.999628 -0.999642
365 366 361 0.999966 0.00659737 -0.00489746 -0.0501046 -0.00660606 0.999977 -0.0017597 0.0374328 0.00488574 0.00179199 0.999986 -0.998042
