0 1 1395 0.999991 0.00272895 0.00333392 -0.00124291 -0.00273757 0.999993 0.00258255 -0.0119374 -0.00332685 -0.00259166 0.999991 -0.999928
0 2 1073 0.999957 0.000659646 0.0092179 -0.0331081 -0.000691708 0.999994 0.00347547 0.0148037 -0.00921555 -0.0034817 0.999951 -0.999342
0 3 785 0.999957 0.00206995 0.00906671 0.0219496 -0.00211561 0.999985 0.00502944 -0.000290336 -0.00905617 -0.0050484 0.999946 -0.999759
0 4 549 0.999826 0.000224423 0.0186599 -0.0123648 -0.000321102 0.999987 0.00517825 0.00975728 -0.0186585 -0.00518334 0.999812 -0.999876
5 6 1535 0.999984 -0.00109368 0.00552213 -0.0250165 0.00108191 0.999997 0.00213495 -0.00371915 -0.00552445 -0.00212894 0.999982 -0.99968
5 7 1107 0.999945 -0.00410854 0.00965912 0.000233959 0.00408817 0.999989 0.00212812 0.000253882 -0.00966777 -0.00208852 0.999951 -1
5 8 730 0.999894 -0.00271496 0.0142952 0.00467794 0.00270803 0.999996 0.00050456 -0.00237585 -0.0142965 -0.000465795 0.999898 -0.999986
5 9 568 0.999825 -0.0035666 0.0183815 0.00424631 0.00359665 0.999992 -0.00160214 0.00458826 -0.0183756 0.00166797 0.99983 -0.99998
10 11 1561 0.999993 -0.00186936 0.00308925 0.000107438 0.00187143 0.999998 -0.000669233 0.0295132 -0.00308799 0.00067501 0.999995 -0.999564
10 12 1120 0.999985 -0.00046399 0.00540388 -0.0151299 0.0004578 0.999999 0.00114663 0.00428598 -0.00540441 -0.00114414 0.999985 -0.999876
10 13 672 0.999962 0.00549187 0.00677095 -0.00368301 -0.00550217 0.999984 0.00150377 -0.00229725 -0.00676258 -0.00154097 0.999976 -0.999991
10 14 463 0.999948 0.00535733 0.00866222 -0.00283011 -0.00535924 0.999986 0.000197439 0.00905411 -0.00866104 -0.000243851 0.999962 -0.999955
15 16 1318 0.999996 -0.00164394 0.00214707 0.00232435 0.00163959 0.999997 0.0020253 0.0070477 -0.00215039 -0.00202177 0.999996 -0.999972
15 17 942 0.999988 -0.00295829 0.00386005 -0.000912823 0.00293731 0.999981 0.00543033 0.000303835 -0.00387604 -0.00541893 0.999978 -1
15 18 662 0.999936 -0.00831787 0.00765077 -0.0183297 0.00826076 0.999938 0.00746518 -0.00288509 -0.00771239 -0.0074015 0.999943 -0.999828
15 19 378 0.999953 -0.00587865 0.007652 -0.0170846 0.00583008 0.999963 0.00635464 -0.00124015 -0.00768907 -0.00630973 0.999951 -0.999853
20 21 1296 0.999998 -0.00155596 0.00123606 0.0119508 0.00155747 0.999998 -0.00121946 0.00861676 -0.00123416 0.00122139 0.999998 -0.999891
20 22 901 0.999992 0.000143059 0.00387885 -0.00860964 -0.00013845 0.999999 -0.00118848 0.00122534 -0.00387902 0.00118794 0.999992 -0.999962
20 23 520 0.999992 -0.0012292 0.00387772 0.0105983 0.00122474 0.999999 0.00115165 -0.00148635 -0.00387913 -0.00114689 0.999992 -0.999943
20 24 341 0.999981 -0.000581846 0.00607985 -0.00490564 0.000586888 0.999999 -0.000827544 0.0141226 -0.00607937 0.000831097 0.999981 -0.999888
25 26 1236 0.999999 2.69542e-05 0.00149207 -0.00478209 -2.33247e-05 0.999997 -0.00243247 -0.00625652 -0.00149213 0.00243243 0.999996 -0.999969
25 27 717 0.999989 -0.0037995 -0.0027118 0.0284279 0.0037806 0.999969 -0.00694254 0.0136587 0.00273809 0.00693221 0.999972 -0.999503
25 28 469 0.999989 -0.000723816 -0.00453993 0.0216999 0.000675829 0.999944 -0.0105626 0.0195811 0.00454732 0.0105594 0.999934 -0.999573
25 29 368 0.999963 0.00795146 -0.00328298 0.00354455 -0.00798923 0.9999 -0.0116575 0.00751498 0.00318996 0.0116833 0.999927 -0.999965
30 31 1152 0.999999 -0.000515223 0.00140259 -0.0441623 0.000509176 0.999991 0.00430828 0.0166582 -0.00140479 -0.00430756 0.99999 -0.998885
30 32 816 1 -0.000277157 -0.000356679 -0.00374136 0.000280528 0.999955 0.00948575 -0.0113846 0.000354034 -0.00948585 0.999955 -0.999928
30 33 591 0.999996 0.00247425 -0.00116048 -0.00518447 -0.00246532 0.999968 0.00763569 -0.000640206 0.00117933 -0.0076328 0.99997 -0.999986
30 34 412 0.999991 0.00326917 -0.00257388 0.0051955 -0.00325883 0.999987 0.00401024 -0.00460484 0.00258696 -0.00400182 0.999989 -0.999976
35 36 942 0.999957 0.00920538 0.000907398 0.000602794 -0.00920505 0.999958 -0.000367305 0.0168269 -0.000910741 0.000358936 1 -0.999858
35 37 829 0.999976 0.0057551 0.00395833 -0.0399966 -0.0057705 0.999976 0.00388909 0.0373927 -0.00393585 -0.00391184 0.999985 -0.9985
35 38 586 0.999928 0.0115708 0.00325534 0.000128679 -0.0115985 0.999896 0.0086291 -0.0024626 -0.00315515 -0.00866623 0.999957 -0.999997
35 39 455 0.999933 0.00875402 0.00755716 -0.024733 -0.00882083 0.999922 0.00885307 0.0110777 -0.00747907 -0.00891914 0.999932 -0.999633
40 41 1189 0.999997 -0.00224284 0.000210977 0.0438471 0.00224349 0.999993 -0.00311925 0.0194888 -0.00020398 0.00311971 0.999995 -0.998848
40 42 953 0.999984 -0.00244928 0.00513794 -0.026175 0.00247224 0.999987 -0.00446605 0.0241738 -0.00512694 0.00447868 0.999977 -0.999365
40 43 747 0.999975 -0.00569648 0.00428869 -0.00282122 0.00572178 0.999966 -0.00590939 0.0119783 -0.00425488 0.00593378 0.999973 -0.999924
40 44 553 0.999989 -0.00422343 0.00205142 0.00768271 0.00424027 0.999957 -0.008273 0.011287 -0.00201639 0.0082816 0.999964 -0.999907
45 46 1136 0.999999 -0.000965261 -0.00116611 0.00303022 0.000966097 0.999999 0.000716016 0.0214785 0.00116541 -0.000717141 0.999999 -0.999765
45 47 857 1 0.000827207 -0.000288227 0.00946201 -0.000826923 0.999999 0.000985328 0.0239342 0.000289041 -0.00098509 0.999999 -0.999669
45 48 608 0.999973 -0.00709061 -0.00183184 0.0204667 0.00709831 0.999966 0.00423301 0.0245875 0.00180176 -0.0042459 0.999989 -0.999488
45 49 498 0.999991 0.00319641 0.0028458 -0.0172679 -0.00320855 0.999986 0.00427308 0.00647061 -0.0028321 -0.00428217 0.999987 -0.99983
50 51 1317 0.999993 0.00131918 0.00362814 -0.0291607 -0.00131836 0.999999 -0.000226769 0.00294856 -0.00362844 0.000221984 0.999993 -0.99957
50 52 1079 0.999989 -0.00456409 0.000883315 0.00784322 0.00456153 0.999985 0.00288425 0.0182395 -0.000896466 -0.00288019 0.999995 -0.999803
50 53 714 0.999986 -0.00155259 0.00511118 -0.0113304 0.00151628 0.999974 0.00710035 0.00444005 -0.00512207 -0.0070925 0.999962 -0.999926
50 54 516 0.999978 -0.00602364 0.00269432 -0.000974579 0.00600203 0.99995 0.00796122 0.00965572 -0.00274214 -0.00794488 0.999965 -0.999953
55 56 1319 0.999995 0.00313842 0.000573281 0.00313654 -0.00313625 0.999988 -0.00375416 0.0198324 -0.000585057 0.00375235 0.999993 -0.999798
55 57 1008 0.999998 0.00166016 0.000727421 -0.0146413 -0.00165709 0.99999 -0.00419667 0.0337742 -0.000734381 0.00419546 0.999991 -0.999322
55 58 668 0.999984 0.0052999 -0.00187064 0.0193903 -0.00530289 0.999985 -0.00159545 0.00651466 0.00186216 0.00160534 0.999997 -0.999791
55 59 535 0.99997 0.00694509 0.00341377 -0.00713262 -0.00693943 0.999975 -0.00166529 0.022511 -0.00342525 0.00164155 0.999993 -0.999721
60 61 1491 0.999989 0.00442076 0.0017417 0.0106708 -0.00441305 0.999981 -0.00440518 0.0286211 -0.00176114 0.00439744 0.999989 -0.999533
60 62 1125 0.999955 0.00938674 0.00133457 -0.00030436 -0.00937312 0.999907 -0.00987135 0.0133818 -0.0014271 0.0098584 0.99995 -0.99991
60 63 780 0.999986 0.00521453 0.000341693 0.00556843 -0.00521011 0.999916 -0.0118689 0.0247341 -0.000403556 0.011867 0.99993 -0.999679
60 64 535 0.999992 -0.00330433 0.00203863 0.00993803 0.00332053 0.999963 -0.00799578 0.0292521 -0.00201213 0.00800249 0.999966 -0.999523
65 66 1350 0.999997 0.000295792 0.0023561 0.000810081 -0.000309296 0.999984 0.00573291 -0.0194734 -0.00235437 -0.00573362 0.999981 -0.99981
65 67 1051 0.999978 -0.00618842 0.00232647 0.00658509 0.00617719 0.999969 0.00480316 -0.00478276 -0.00235612 -0.00478868 0.999986 -0.999967
65 68 799 0.999931 -0.0114192 0.00277376 0.00815935 0.0114153 0.999934 0.00141816 0.0192702 -0.00278977 -0.0013864 0.999995 -0.999781
65 69 684 0.999962 -0.00798205 0.00358849 0.0117937 0.00798213 0.999968 -6.41514e-06 0.0121589 -0.00358832 3.50587e-05 0.999994 -0.999857
70 71 1205 0.999999 -0.000809985 -0.000748329 0.0404494 0.000809019 0.999999 -0.00129057 0.0102962 0.000749374 0.00128996 0.999999 -0.999129
70 72 1148 0.999993 -0.00271914 0.00272939 0.00981721 0.00272622 0.999993 -0.00259128 0.0412428 -0.00272232 0.00259871 0.999993 -0.999101
70 73 943 0.999978 -0.00117257 0.00653495 -0.0107469 0.00119108 0.999995 -0.00282939 0.0260848 -0.0065316 0.00283712 0.999975 -0.999602
70 74 737 0.999991 -0.00205417 0.00370425 0.0236128 0.00206647 0.999992 -0.00331875 0.0229216 -0.0036974 0.00332637 0.999988 -0.999458
75 76 1395 0.999998 -0.000629688 0.00169586 0.000983113 0.000637118 0.99999 -0.00438401 0.0220661 -0.00169309 0.00438509 0.999989 -0.999756
75 77 1267 0.999977 -0.003311 0.00588077 -0.0250403 0.00332949 0.99999 -0.00313732 -0.0262684 -0.00587032 0.00315682 0.999978 -0.999341
75 78 1121 0.999975 -0.00536128 0.00466302 0.00478543 0.00537533 0.999981 -0.00300687 0.0316438 -0.00464682 0.00303186 0.999985 -0.999488
75 79 971 0.999958 -0.00699205 0.0058772 0.0141218 0.00697197 0.99997 0.00343145 0.0269362 -0.00590102 -0.00339033 0.999977 -0.999537
80 81 1724 0.999996 -0.00123867 0.00235988 -0.095066 0.00123823 0.999999 0.000188756 0.0433671 -0.00236011 -0.000185833 0.999997 -0.994526
80 82 1604 0.999988 -0.00487833 0.000257747 0.0174825 0.00487884 0.999986 -0.00204717 0.00212792 -0.000247757 0.0020484 0.999998 -0.999845
80 83 1432 0.999992 -0.00245847 0.00326308 -0.00489564 0.00247721 0.99998 -0.00575367 0.0318526 -0.00324887 0.0057617 0.999978 -0.999481
80 84 1224 0.999986 0.000852975 0.00520718 -0.00852329 -0.000840877 0.999997 -0.00232502 0.026916 -0.00520915 0.00232061 0.999984 -0.999601
85 86 1761 0.999991 0.003239 -0.00278468 0.112986 -0.00322392 0.99998 0.00540484 -0.00375988 0.00280213 -0.00539581 0.999982 -0.993589
85 87 1819 0.999986 0.000548967 -0.00529088 0.00351627 -0.000522493 0.999987 0.00500384 0.00800016 0.00529356 -0.00500101 0.999973 -0.999962
85 88 1583 0.999959 -0.00278773 -0.00863763 0.00920227 0.0028024 0.999995 0.00168693 0.0191586 0.00863288 -0.00171107 0.999961 -0.999774
85 89 1384 0.999956 -0.00137874 -0.00931242 -0.0339402 0.00136095 0.999997 -0.00191561 0.0256906 0.00931504 0.00190285 0.999955 -0.999094
90 91 1727 0.999947 0.00379341 -0.00959807 -0.00801941 -0.00380576 0.999992 -0.00126914 -0.0393729 0.00959318 0.0013056 0.999953 -0.999192
90 92 1691 0.999831 0.000174028 -0.0183719 -0.0116722 -0.000241004 0.999993 -0.00364338 0.0264628 0.0183711 0.00364719 0.999825 -0.999582
90 93 1596 0.999494 -0.00440246 -0.0314962 -0.0248155 0.00432641 0.999988 -0.00248228 0.0192073 0.0315067 0.00234476 0.999501 -0.999508
90 94 1262 0.998543 -0.00952641 -0.0531186 0.0247 0.00937211 0.999951 -0.0031531 0.0217805 0.053146 0.00265067 0.998583 -0.999458
95 96 1739 0.999673 0.0030761 -0.0253676 -0.0683747 -0.00311073 0.999994 -0.0013257 0.0335175 0.0253633 0.00140417 0.999677 -0.997097
95 97 1616 0.998377 0.00541149 -0.0566972 -0.0379541 -0.005646 0.999976 -0.00397677 0.0431344 0.0566743 0.00429043 0.998384 -0.998348
95 98 1372 0.996081 0.00529197 -0.0882816 -0.00257899 -0.0057844 0.999969 -0.00532301 0.0297732 0.0882507 0.00581281 0.996081 -0.999553
95 99 1125 0.992058 0.00347908 -0.12573 -0.0147024 -0.00442397 0.999964 -0.00723678 0.0352963 0.1257 0.00773553 0.992038 -0.999269
100 101 1542 0.998958 0.000421732 -0.0456309 -0.0437278 -0.000461026 1 -0.000850598 0.0407815 0.0456305 0.000870749 0.998958 -0.998211
100 102 1669 0.995872 -0.00226468 -0.0907421 -0.130142 0.00263684 0.999989 0.00398156 -0.0274577 0.0907321 -0.00420439 0.995866 -0.991115
100 103 1297 0.988385 -0.00316753 -0.151935 -0.00344636 0.00351565 0.999992 0.00202262 0.021168 0.151928 -0.00253328 0.988388 -0.99977
100 104 1123 0.978296 -0.00203559 -0.2072 -0.00128172 0.00295916 0.999987 0.00414753 0.0180504 0.207189 -0.00467065 0.97829 -0.999836
105 106 1759 0.9979 0.00043553 -0.0647671 -0.0991489 -0.000270075 0.999997 0.00256334 -0.0249343 0.064768 -0.00254047 0.997897 -0.99476
105 107 1642 0.990897 0.0018419 -0.134608 0.00185129 -0.00175417 0.999998 0.000770289 0.0378759 0.134609 -0.000527152 0.990899 -0.999281
105 108 1298 0.98115 0.0038953 -0.19321 -0.0494591 -0.00343352 0.99999 0.00272483 0.0221942 0.193219 -0.00201007 0.981154 -0.99853
105 109 1143 0.966636 0.00497733 -0.256106 -0.0244054 -0.00573065 0.999981 -0.00219523 0.0526915 0.25609 0.00358964 0.966646 -0.998313
110 111 1950 0.997797 5.59289e-05 -0.0663426 -0.0134843 -0.000133662 0.999999 -0.00116726 0.0320218 0.0663425 0.00117355 0.997796 -0.999396
110 112 1598 0.992205 0.00252464 -0.124588 -0.0816056 -0.00256477 0.999997 -0.000161734 0.0174504 0.124587 0.000480013 0.992209 -0.996512
110 113 1296 0.983394 0.00921332 -0.181252 -0.0765247 -0.00862376 0.999955 0.00404052 -0.00750191 0.181281 -0.00241034 0.983428 -0.997039
110 114 1070 0.970891 0.00891111 -0.239354 -0.0128119 -0.00793575 0.999956 0.0050384 -0.00227554 0.239388 -0.00299229 0.970919 -0.999915
115 116 1733 0.998639 -0.00295431 -0.0520663 -0.0693273 0.00297548 0.999996 0.000329025 0.0605598 0.052065 -0.000483499 0.998644 -0.995754
115 117 1527 0.995067 0.000522895 -0.0991995 -0.0646616 -0.000583225 1 -0.000579175 0.0706054 0.0991991 0.000634174 0.995067 -0.995406
115 118 1296 0.989676 0.0175535 -0.142246 -0.0577819 -0.0174175 0.999846 0.00220073 0.0137795 0.142262 0.000299555 0.989829 -0.998234
115 119 1055 0.98372 0.0274759 -0.177598 -0.0425693 -0.0272643 0.999622 0.00363229 -0.0207757 0.17763 0.00126891 0.984096 -0.998877
120 121 1326 0.999418 -0.0113397 -0.0321856 -0.0159857 0.011483 0.999925 0.00427224 0.0291836 0.0321348 -0.00463934 0.999473 -0.999446
120 122 1036 0.997972 -0.0145822 -0.0619565 0.0151845 0.0151353 0.99985 0.0084661 0.00704141 0.0618237 -0.00938666 0.998043 -0.99986
120 123 953 0.995785 -0.0147607 -0.0905254 0.0306532 0.0158121 0.999815 0.0109078 0.0103689 0.0903477 -0.0122932 0.995834 -0.999476
120 124 641 0.993539 -0.00842263 -0.113179 0.0105251 0.00998932 0.999862 0.0132826 0.0171891 0.113051 -0.0143274 0.993486 -0.999797
125 126 1010 0.999794 0.000734018 -0.0202644 -0.0381505 -0.000591259 0.999975 0.00704993 -0.0293828 0.020269 -0.0070365 0.99977 -0.99884
125 127 675 0.999291 0.00407822 -0.0374352 -0.0131265 -0.00373852 0.999951 0.00913989 -0.0369366 0.0374706 -0.00899345 0.999257 -0.999231
125 128 574 0.998589 -0.00511681 -0.052866 -0.010276 0.00526845 0.999982 0.00272929 -0.00593252 0.0528511 -0.00300396 0.998598 -0.99993
125 129 497 0.997647 -0.00767959 -0.0681241 0.0196257 0.00754623 0.999969 -0.00221473 0.0190476 0.068139 0.00169544 0.997674 -0.999626
130 131 1000 0.999918 0.00600049 -0.0112892 -0.0446515 -0.00599994 0.999982 8.251e-05 -0.00709953 0.0112895 -1.47689e-05 0.999936 -0.998977
130 132 889 0.999748 0.0058894 -0.0216825 -0.0298778 -0.00587227 0.999982 0.000853516 0.00132245 0.0216871 -0.000725975 0.999765 -0.999553
130 133 807 0.999524 0.0114237 -0.0286696 -0.0158654 -0.0114072 0.999935 0.000739322 0.0207644 0.0286761 -0.000411931 0.999589 -0.999659
130 134 665 0.999325 0.0111782 -0.0350007 0.00250083 -0.0111197 0.999936 0.00186435 0.00792903 0.0350193 -0.00147389 0.999386 -0.999965
135 136 897 0.999979 -0.000898088 -0.00640928 0.00278745 0.000903975 0.999999 0.000915744 0.0030727 0.00640846 -0.000921519 0.999979 -0.999991
135 137 906 0.999932 0.00234343 -0.0114054 0.00876761 -0.00233096 0.999997 0.00110646 0.00382381 0.0114079 -0.0010798 0.999934 -0.999954
135 138 646 0.999902 0.00889376 -0.0107759 -0.0406157 -0.00889425 0.99996 2.10042e-06 0.0112446 0.0107754 9.37429e-05 0.999942 -0.999112
135 139 608 0.999858 0.00338025 -0.0165142 -0.00098974 -0.00335886 0.999993 0.00132299 -0.00637388 0.0165186 -0.00126733 0.999863 -0.999979
140 141 1058 0.999995 0.00286437 -0.00105732 0.000769177 -0.00286471 0.999996 -0.000321839 -0.00364779 0.00105639 0.000324866 0.999999 -0.999993
140 142 1062 0.999978 0.00654992 -0.000573245 0.0234785 -0.00655036 0.999978 -0.000766892 0.0149699 0.000568209 0.00077063 1 -0.999612
140 143 900 0.999958 0.00873742 0.00266424 -0.0114038 -0.00873851 0.999962 0.000399032 -0.00197946 -0.00266065 -0.000422297 0.999996 -0.999933
140 144 721 0.999847 0.0149937 0.00898443 -0.0212688 -0.0149812 0.999887 -0.00145849 0.0118978 -0.00900528 0.00132367 0.999959 -0.999703
145 146 1339 0.999997 0.00130024 0.00197817 0.0505556 -0.00129712 0.999998 -0.0015759 0.0023384 -0.00198021 0.00157333 0.999997 -0.998719
145 147 1236 0.999972 0.00117318 0.0073409 -0.00233935 -0.00114475 0.999992 -0.00387574 0.0229668 -0.00734538 0.00386723 0.999966 -0.999733
145 148 1026 0.999909 -0.00183893 0.0133869 -0.0133784 0.00191111 0.999984 -0.00538083 0.0103813 -0.0133768 0.00540592 0.999896 -0.999857
145 149 865 0.999871 -0.00547348 0.0150941 0.011424 0.00557438 0.999962 -0.00665042 0.0190127 -0.0150571 0.0067337 0.999864 -0.999754
150 151 1295 0.999995 -0.00269871 0.00184888 0.0171035 0.00269231 0.99999 0.00345236 0.0160451 -0.00185818 -0.00344736 0.999992 -0.999725
150 152 1208 0.999942 -0.0106388 0.00153788 0.0596924 0.0106228 0.999893 0.0100977 0.000259478 -0.00164515 -0.0100808 0.999948 -0.998217
150 153 971 0.999907 -0.0128691 0.00457242 0.00624657 0.0128116 0.999841 0.0123894 0.00147009 -0.00473113 -0.0123297 0.999913 -0.999979
150 154 718 0.999935 -0.0108392 0.0036136 0.0332395 0.0107986 0.99988 0.0110685 0.0079832 -0.00373314 -0.0110287 0.999932 -0.999416
155 156 1406 0.999999 0.00137236 0.000631674 -0.0437768 -0.00137137 0.999998 -0.00156802 0.0213432 -0.000633824 0.00156715 0.999999 -0.998813
155 157 1153 0.999999 0.000466689 0.00135252 -0.0114551 -0.000465014 0.999999 -0.00123861 -0.000848507 -0.00135309 0.00123798 0.999998 -0.999934
155 158 921 0.999989 -0.00473684 0.000707467 -0.00163647 0.00473808 0.999987 -0.00175912 0.0154208 -0.000699125 0.00176246 0.999998 -0.99988
155 159 574 0.99998 -0.00621553 0.00134368 -0.000392995 0.00621869 0.999978 -0.00235967 0.0233746 -0.00132898 0.00236797 0.999996 -0.999727
160 161 1497 0.999993 -0.00326975 -0.00156575 0.0123292 0.00327125 0.999994 0.000958344 -0.00152389 0.0015626 -0.000963459 0.999998 -0.999923
160 162 1033 0.999972 -0.00405709 -0.00631994 0.00571055 0.00404429 0.99999 -0.00203772 0.0126069 0.00632814 0.0020121 0.999978 -0.999904
160 163 697 0.9999 -0.00979099 -0.0102299 -0.00424874 0.00974828 0.999944 -0.00421644 0.0175737 0.0102706 0.00411629 0.999939 -0.999837
160 164 461 0.999786 -0.0118977 -0.0169112 0.011562 0.0117654 0.9999 -0.00790152 0.0291009 0.0170035 0.00770087 0.999826 -0.99951
165 166 1135 0.999965 -0.000930357 -0.0083274 0.0103978 0.000933347 1 0.00035519 0.0151041 0.00832706 -0.00036295 0.999965 -0.999832
165 167 904 0.999829 0.000357531 -0.018476 0.00526363 -0.0003298 0.999999 0.00150395 0.0112376 0.0184765 -0.0014976 0.999828 -0.999923
165 168 634 0.999567 0.00478355 -0.0290174 0.020475 -0.00473614 0.999987 0.00170247 0.000578522 0.0290251 -0.00156431 0.999577 -0.99979
165 169 450 0.999188 -0.00491529 -0.040002 0.0127032 0.00481289 0.999985 -0.00265587 0.0382814 0.0400145 0.00246119 0.999196 -0.999186
170 171 1233 0.999935 0.0011123 -0.0113342 -0.00564584 -0.00110328 0.999999 0.000802271 0.0106233 0.0113351 -0.000789714 0.999935 -0.999928
170 172 804 0.999742 0.00108984 -0.0226699 0.0302854 -0.00106574 0.999999 0.00107496 0.00919311 0.0226711 -0.00105053 0.999742 -0.999499
170 173 569 0.999462 -0.00463092 -0.0324628 0.000987077 0.00465207 0.999989 0.000575972 0.0416362 0.0324598 -0.000726681 0.999473 -0.999132
170 174 455 0.999057 0.00546858 -0.0430642 0.0221079 -0.00514519 0.999958 0.0076167 -0.0325645 0.0431041 -0.00738794 0.999043 -0.999225
175 176 904 0.999949 -0.000771477 -0.0100334 -0.0103211 0.0007683 1 -0.000320476 0.0478598 0.0100336 0.000312751 0.99995 -0.998801
175 177 730 0.999784 0.00103149 -0.0207443 0.0551963 -0.00097773 0.999996 0.00260165 -0.0118751 0.0207469 -0.00258081 0.999781 -0.998405
175 178 559 0.999605 0.00249099 -0.027985 0.00787833 -0.00245607 0.999996 0.00128212 -0.0022819 0.0279881 -0.00121288 0.999608 -0.999966
175 179 446 0.99937 0.00249643 -0.0353932 0.0168688 -0.00254676 0.999996 -0.00137706 0.0185445 0.0353896 0.00146633 0.999373 -0.999686
180 181 1061 0.999991 0.00243718 -0.0033659 -0.031434 -0.00244421 0.999995 -0.00208723 0.0342811 0.00336079 0.00209544 0.999992 -0.998918
180 182 825 0.999973 0.00372901 -0.00634678 -0.00464887 -0.00375076 0.999987 -0.00341811 0.0188542 0.00633396 0.00344182 0.999974 -0.999811
180 183 608 0.999921 0.0110471 -0.00604606 -0.0265772 -0.011076 0.999927 -0.00476073 0.0155191 0.00599303 0.00482732 0.99997 -0.999526
180 184 540 0.999928 0.00583559 -0.0105221 0.0244633 -0.00587648 0.999975 -0.00385934 0.0236577 0.0104993 0.00392089 0.999937 -0.999421
185 186 1088 0.999996 0.00016239 0.0028308 -0.000163314 -0.000166234 0.999999 0.00135769 0.0250328 -0.00283058 -0.00135815 0.999995 -0.999687
185 187 988 0.999973 0.00077857 0.00728781 0.0018754 -0.000794068 0.999997 0.00212382 0.011045 -0.00728614 -0.00212955 0.999971 -0.999937
185 188 891 0.999839 0.00818403 0.01599 0.0107538 -0.0083034 0.999938 0.00741315 -0.0454392 -0.0159283 -0.00754472 0.999845 -0.998909
185 189 712 0.999616 -0.00457476 0.0273381 -0.00231636 0.00454106 0.999989 0.0012945 0.037063 -0.0273437 -0.00116986 0.999625 -0.99931
190 191 1199 0.999847 -0.0013204 0.0174658 0.0167187 0.0013033 0.999999 0.000990533 0.032097 -0.0174671 -0.000967617 0.999847 -0.999345
190 192 1031 0.999242 -0.00366612 0.0387579 0.0120376 0.00355969 0.99999 0.00281459 0.030603 -0.0387678 -0.00267449 0.999245 -0.999459
190 193 1024 0.998039 -0.00834806 0.0620375 0.0207554 0.00802584 0.999953 0.00544119 0.031455 -0.06208 -0.00493262 0.998059 -0.99929
190 194 865 0.996107 -0.00365077 0.088076 0.012971 0.00257145 0.99992 0.0123648 -0.0171405 -0.0881141 -0.0120902 0.996037 -0.999769
195 196 1100 0.999273 0.000141045 0.0381221 0.0696673 -4.7833e-05 0.999997 -0.002446 0.00897746 -0.0381224 0.0024424 0.99927 -0.99753
195 197 1121 0.996743 -0.00018669 0.0806393 0.00811625 0.000681228 0.999981 -0.00610525 0.0117444 -0.0806367 0.0061403 0.996725 -0.999898
195 198 1015 0.991884 -0.00247297 0.127122 -0.0187792 0.00361583 0.999955 -0.00876029 0.000468236 -0.127095 0.00914884 0.991848 -0.999824
195 199 785 0.98531 -0.00787665 0.170595 0.00550182 0.0104603 0.999844 -0.0142514 0.018534 -0.170456 0.0158265 0.985238 -0.999813
200 201 1268 0.998582 0.00198486 0.0532041 0.124947 -0.0019477 0.999998 -0.000750249 0.0321171 -0.0532054 0.000645559 0.998583 -0.991643
200 202 725 0.993346 0.00386988 0.115105 0.0792777 -0.00389674 0.999992 8.34077e-06 0.0299535 -0.115104 -0.000456821 0.993353 -0.996402
200 203 349 0.983374 0.0062972 0.181483 0.0195073 -0.0065585 0.999978 0.000839687 0.0526438 -0.181474 -0.00201598 0.983394 -0.998423
200 204 185 0.969582 0.00428205 0.24473 0.00285194 -0.00966801 0.999737 0.0208107 -0.0653264 -0.244576 -0.0225437 0.969368 -0.99786
205 206 940 0.997335 -0.00108668 0.0729516 -0.0139671 0.000925454 0.999997 0.00224374 0.0052941 -0.0729538 -0.00217024 0.997333 -0.999888
205 207 618 0.990375 -0.00354332 0.138367 0.0579255 0.00273042 0.999978 0.00606429 -0.00782142 -0.138386 -0.00562812 0.990362 -0.99829
205 208 466 0.977532 0.00318267 0.210764 -0.0303695 -0.00384497 0.999989 0.00273265 0.00532222 -0.210753 -0.00348164 0.977533 -0.999525
205 209 329 0.961846 0.00370793 0.273566 -0.0398862 -0.00297473 0.999991 -0.00309494 0.0151703 -0.273574 0.00216307 0.961848 -0.999089
210 211 1070 0.997596 -0.000712403 0.0692897 -0.00503108 0.00112215 0.999982 -0.00587475 0.00968138 -0.0692843 0.00593839 0.997579 -0.99994
210 212 670 0.992213 -0.000306809 0.124553 0.0975213 0.0019087 0.999917 -0.0127419 0.020723 -0.124539 0.0128805 0.992131 -0.995018
210 213 589 0.983105 -0.00376359 0.183002 0.0289328 0.00693229 0.999837 -0.0166784 0.0253728 -0.18291 0.0176653 0.982971 -0.999259
210 214 463 0.973154 -0.000993446 0.230153 0.00801601 0.00577429 0.999781 -0.0200999 0.0283751 -0.230083 0.0208892 0.972947 -0.999565
215 216 888 0.999287 -0.00269621 0.0376712 0.0157455 0.00263105 0.999995 0.00177914 0.0125988 -0.0376758 -0.00167876 0.999289 -0.999797
215 217 881 0.997559 -0.00352301 0.0697364 0.021706 0.00336364 0.999991 0.00240271 0.00111508 -0.0697442 -0.00216227 0.997563 -0.999764
215 218 816 0.995896 -0.000283864 0.09051 0.0438077 8.95069e-05 0.999998 0.00215141 0.0177668 -0.0905104 -0.00213448 0.995893 -0.998882
215 219 668 0.994306 0.00204857 0.106538 0.00315579 -0.00250206 0.999988 0.00412302 0.00089305 -0.106529 -0.00436611 0.9943 -0.999995
220 221 896 0.999938 -0.00500042 0.00996407 0.0377416 0.00499918 0.999987 0.000149077 -0.0159665 -0.00996469 -9.92558e-05 0.99995 -0.99916
220 222 919 0.999798 -0.0114735 0.0165052 0.0266757 0.0114491 0.999933 0.00156795 -0.0106017 -0.0165221 -0.00137866 0.999863 -0.999588
220 223 960 0.999685 -0.0164008 0.0190112 0.0270727 0.016283 0.999847 0.00633773 -0.0125158 -0.0191123 -0.00602617 0.999799 -0.999555
220 224 796 0.999681 -0.017974 0.0177647 0.0515999 0.0178083 0.999797 0.00944222 -0.0134102 -0.0179308 -0.00912285 0.999798 -0.998578
225 226 976 0.999987 0.00272588 -0.00437089 -0.0228703 -0.00270497 0.999985 0.0047846 0.0344028 0.00438387 -0.00477271 0.999979 -0.999146
225 227 910 0.999956 0.00401025 -0.00846234 0.015228 -0.00391057 0.999923 0.011762 -0.0151817 0.00850886 -0.0117283 0.999895 -0.999769
225 228 771 0.99993 -0.00178827 -0.0116556 -0.00723373 0.00191581 0.999938 0.0109411 -0.0129463 0.0116353 -0.0109627 0.999872 -0.99989
225 229 690 0.999798 -0.00270486 -0.019924 0.035729 0.00283292 0.999975 0.00640228 0.0043215 0.0199062 -0.00645742 0.999781 -0.999352
230 231 1032 0.99998 0.00369195 -0.00505856 0.0901481 -0.00372145 0.999976 -0.00583369 0.0251555 0.0050369 0.0058524 0.99997 -0.995611
230 232 970 0.999969 0.00510708 -0.00604773 -0.00792931 -0.00517074 0.999931 -0.0105573 0.0273299 0.0059934 0.0105882 0.999926 -0.999595
230 233 858 0.999904 0.0087514 -0.0107532 0.00686615 -0.00887268 0.999897 -0.0112829 0.0104265 0.0106533 0.0113772 0.999879 -0.999922
230 234 743 0.999827 0.0137878 -0.0125117 0.000477699 -0.0138756 0.999879 -0.00696165 0.00583857 0.0124142 0.00713405 0.999897 -0.999983
235 236 984 0.999999 -0.00095249 -0.000586855 0.034051 0.000955668 0.999985 0.00543936 0.0265051 0.000581665 -0.00543992 0.999985 -0.999069
235 237 891 0.999991 -0.00194538 0.00368792 -0.016228 0.00190608 0.999942 0.0106295 -0.0165875 -0.00370838 -0.0106223 0.999937 -0.999731
235 238 804 0.999983 -0.00184192 0.00548734 0.00867313 0.00180474 0.999975 0.00677356 -0.00110484 -0.00549968 -0.00676354 0.999962 -0.999962
235 239 645 0.999971 0.00269886 0.00708361 0.021916 -0.00269227 0.999996 -0.000940606 0.00487242 -0.00708612 0.000921508 0.999974 -0.999748
240 241 823 0.999996 -0.00217033 0.00184068 -0.001258 0.00216798 0.999997 0.00127889 0.0116007 -0.00184345 -0.00127489 0.999997 -0.999932
240 242 733 0.999963 -0.00796279 0.00327711 0.0226416 0.00794406 0.999952 0.00568882 0.00551753 -0.00332225 -0.00566258 0.999978 -0.999728
240 243 643 0.999955 -0.00636775 0.00708678 0.0410904 0.00629058 0.999921 0.0108585 0.00231187 -0.00715537 -0.0108134 0.999916 -0.999153
240 244 473 0.999903 -0.00963743 0.0100515 -0.00284292 0.00949648 0.999857 0.013977 -0.00763003 -0.0101848 -0.0138801 0.999852 -0.999967
245 246 796 0.999989 0.00319832 0.00331598 0.0422252 -0.00319029 0.999992 -0.00242611 0.0211304 -0.00332372 0.00241551 0.999992 -0.998885
245 247 798 0.999971 0.00415494 0.00638577 -0.00986811 -0.0041159 0.999973 -0.00611474 0.0292791 -0.006411 0.00608828 0.999961 -0.999523
245 248 680 0.999975 0.00538417 0.00462059 0.0143838 -0.00535464 0.999965 -0.0063794 -0.0014421 -0.00465478 0.0063545 0.999969 -0.999896
245 249 614 0.999876 0.0140641 0.00704251 0.00898054 -0.0140136 0.999876 -0.00717215 -0.0037753 -0.00714251 0.00707257 0.999949 -0.999953
250 251 781 0.99998 -0.00632032 -0.000203139 -0.00130983 0.00632072 0.999978 0.00204708 0.0208374 0.000190197 -0.00204832 0.999998 -0.999782
250 252 877 0.999976 -0.00688586 -0.000115632 0.0342941 0.00688646 0.999956 0.00639877 -0.0210601 7.15661e-05 -0.00639941 0.99998 -0.99919
250 253 709 0.999832 -0.0181457 -0.00269702 0.0387645 0.018164 0.999811 0.00691083 -0.00866668 0.00257111 -0.00695865 0.999972 -0.999211
250 254 538 0.999661 -0.0255002 -0.00516318 0.00269384 0.0255263 0.999661 0.00504046 0.0228747 0.0050329 -0.00517055 0.999974 -0.999735
255 256 1036 0.999995 0.00148308 -0.00272801 -0.000195494 -0.00147685 0.999996 0.0022826 -0.0128989 0.00273139 -0.00227856 0.999994 -0.999917
255 257 815 0.999981 -0.000291922 -0.00612685 0.0420139 0.000312691 0.999994 0.0033892 0.00702412 0.00612582 -0.00339105 0.999975 -0.999092
255 258 688 0.999961 0.00618158 -0.00632576 0.013124 -0.0061678 0.999979 0.0021963 0.0104405 0.0063392 -0.0021572 0.999978 -0.999859
255 259 508 0.999849 0.0167773 -0.00448028 -0.0143271 -0.0167601 0.999852 0.00384654 0.00824065 0.00454415 -0.00377087 0.999983 -0.999863
260 261 762 0.999984 -0.00534116 -0.00179582 0.0170827 0.00533412 0.999978 -0.00390057 0.0268567 0.00181662 0.00389093 0.999991 -0.999493
260 262 658 0.999947 -0.00927568 -0.0043628 0.0232708 0.00923417 0.999913 -0.00944 0.0254839 0.00444998 0.00939922 0.999946 -0.999404
260 263 669 0.99991 -0.0132675 -0.00209264 -0.00185907 0.0132405 0.999835 -0.0124435 0.0122133 0.00225738 0.0124146 0.99992 -0.999924
260 264 511 0.999944 -0.00962646 -0.00434793 0.0107315 0.00959744 0.999932 -0.00664689 0.0153064 0.00441162 0.00660479 0.999968 -0.999825
265 266 1056 0.999987 0.00509422 0.000183075 -0.00653797 -0.00509584 0.999934 0.0103227 -0.0283212 -0.000130477 -0.0103235 0.999947 -0.999577
265 267 842 0.999993 0.00366378 0.00108815 -0.0102871 -0.00366369 0.999993 -8.08852e-05 0.00555341 -0.00108844 7.6898e-05 0.999999 -0.999932
265 268 585 0.999933 0.0111212 0.00315894 0.0047413 -0.0110583 0.999753 -0.0192671 0.00966286 -0.00337243 0.0192309 0.999809 -0.999942
265 269 442 0.999977 0.00542429 0.00414231 -0.00783641 -0.00527523 0.999367 -0.0351865 0.0333829 -0.00433055 0.0351638 0.999372 -0.999412
270 271 869 0.999985 -0.00539372 0.00135332 -0.00190686 0.00537067 0.99985 0.0164889 -0.00221379 -0.00144205 -0.0164813 0.999863 -0.999996
270 272 743 0.99999 -0.00429437 0.00122807 0.0123742 0.00426458 0.999719 0.023316 0.00750318 -0.00132785 -0.0233106 0.999727 -0.999895
270 273 697 0.99997 0.00217887 0.00737983 -0.0303873 -0.00236156 0.999689 0.0248379 0.00196525 -0.00732342 -0.0248546 0.999664 -0.999536
270 274 501 0.999983 0.000484774 0.00581855 0.027432 -0.000622178 0.99972 0.0236362 0.00448231 -0.00580546 -0.0236394 0.999704 -0.999614
275 276 933 0.999989 -0.00159924 0.00433313 0.00669863 0.00159156 0.999997 0.00177454 0.0141432 -0.00433596 -0.00176763 0.999989 -0.999878
275 277 865 0.999949 -0.00586914 0.00824977 -0.00338381 0.0058494 0.99998 0.00241512 0.00953371 -0.00826378 -0.00236674 0.999963 -0.999949
275 278 625 0.999909 -0.0102851 0.0087424 0.0458501 0.0102648 0.999945 0.00236237 0.0116622 -0.00876621 -0.00227241 0.999959 -0.99888
275 279 439 0.999872 -0.0108277 0.0117995 0.0037529 0.0108276 0.999941 7.15361e-05 0.0263747 -0.0117996 5.6233e-05 0.99993 -0.999645
280 281 1064 0.999996 0.00242229 0.00157456 0.00533811 -0.00242229 0.999997 1.05395e-06 0.0194312 -0.00157456 -4.868e-06 0.999999 -0.999797
280 282 808 0.999981 0.00500194 0.00357641 0.0125465 -0.00501897 0.999976 0.00476724 0.000761053 -0.00355248 -0.0047851 0.999982 -0.999921
280 283 679 0.99991 0.0110158 0.00764885 0.0149055 -0.0110701 0.999914 0.00708529 0.00802371 -0.00757014 -0.00716933 0.999946 -0.999857
280 284 544 0.99979 0.0118655 0.0166789 -0.0176785 -0.0119745 0.999907 0.0064506 0.0250636 -0.0166008 -0.00664897 0.99984 -0.99953
285 286 935 0.999974 0.00104371 0.00719844 -0.0218801 -0.000993667 0.999975 -0.00695144 -0.0167056 -0.00720552 0.0069441 0.99995 -0.999621
285 287 875 0.999945 0.0011325 0.010468 0.0197666 -0.000957859 0.999861 -0.0166737 0.0139705 -0.0104855 0.0166627 0.999806 -0.999707
285 288 706 0.999873 -0.00803959 0.0137473 0.00902774 0.00830838 0.999773 -0.0196083 0.0122338 -0.0135866 0.0197201 0.999713 -0.999884
285 289 539 0.999844 -0.00665474 0.0163885 0.0448737 0.00691425 0.999851 -0.0158296 0.0212678 -0.0162807 0.0159405 0.99974 -0.998766
290 291 1147 0.999976 0.00436636 0.00528776 0.0126456 -0.00439262 0.999978 0.00496457 0.0355728 -0.00526597 -0.00498768 0.999974 -0.999287
290 292 897 0.999877 0.00599683 0.0144977 -0.00699421 -0.00607083 0.999969 0.00506587 -0.00781849 -0.0144668 -0.00515326 0.999882 -0.999945
290 293 646 0.999778 -0.00146556 0.021034 0.00633957 0.00143801 0.999998 0.00132487 0.00854068 -0.0210359 -0.00129433 0.999778 -0.999943
290 294 478 0.999624 -0.00869928 0.0260197 0.0250983 0.00863038 0.999959 0.00275906 0.0176841 -0.0260427 -0.00253346 0.999658 -0.999529
295 296 1026 0.99996 0.00301471 0.00843354 0.00796928 -0.00303564 0.999992 0.00247011 -0.00307925 -0.00842603 -0.00249561 0.999961 -0.999964
295 297 843 0.99985 0.00134637 0.0172802 -0.0258056 -0.00134608 0.999999 -2.84871e-05 0.011663 -0.0172802 5.22233e-06 0.999851 -0.999599
295 298 610 0.999684 0.000415722 0.0251482 -0.0049148 -0.00023875 0.999975 -0.00703974 0.0150932 -0.0251505 0.00703151 0.999659 -0.999874
295 299 431 0.999451 -0.00452562 0.0328294 -7.52933e-05 0.00494987 0.999905 -0.0128529 0.0221953 -0.0327681 0.0130083 0.999378 -0.999754
300 301 1005 0.999983 -0.00127685 0.00563264 0.0159374 0.0012846 0.999998 -0.00137276 0.0135363 -0.00563088 0.00137997 0.999983 -0.999781
300 302 770 0.999946 -0.000720942 0.0103455 0.0122606 0.000720711 1 2.60141e-05 0.016448 -0.0103455 -1.85566e-05 0.999946 -0.99979
300 303 627 0.99991 -0.00279935 0.0130919 0.0316043 0.00271244 0.999974 0.00665166 -0.00103455 -0.0131101 -0.00661555 0.999892 -0.9995
300 304 528 0.999773 -0.0104637 0.0185659 -0.00297255 0.0102174 0.999859 0.0133147 0.00413587 -0.0187026 -0.013122 0.999739 -0.999987
305 306 985 0.999986 -0.000139449 0.00536675 -0.0133379 0.000166685 0.999987 -0.00507484 -0.0107296 -0.00536597 0.00507566 0.999973 -0.999853
305 307 758 0.999972 -0.00551627 0.00499506 0.0253429 0.00559592 0.999855 -0.0160753 0.0275095 -0.00490566 0.0161028 0.999858 -0.9993
305 308 565 0.999873 -0.010056 0.0123372 -0.0341552 0.0103586 0.999641 -0.0247097 0.0483456 -0.0120843 0.0248344 0.999619 -0.998247
305 309 476 0.999876 -0.00330051 0.0154191 -0.0119502 0.00361127 0.99979 -0.02017 0.027302 -0.0153493 0.0202232 0.999678 -0.999556
310 311 950 0.999976 0.00127788 0.00675556 0.00968493 -0.00131463 0.999984 0.00543901 -0.0149834 -0.00674851 -0.00544776 0.999962 -0.999841
310 312 773 0.999887 0.00114262 0.0150114 -0.0116095 -0.00118693 0.999995 0.00294355 0.00423143 -0.015008 -0.00296104 0.999883 -0.999924
310 313 656 0.999746 0.00109153 0.0225313 -0.0106748 -0.00105326 0.999998 -0.00171042 0.00778149 -0.0225331 0.00168625 0.999745 -0.999913
310 314 505 0.999585 0.00577047 0.0282128 0.0124263 -0.00559213 0.999964 -0.00639619 0.0163983 -0.0282486 0.00623577 0.999581 -0.999788
315 316 1048 0.999975 0.00378085 0.00593742 0.0203199 -0.00378107 0.999993 2.55134e-05 0.0274698 -0.00593728 -4.79626e-05 0.999982 -0.999416
315 317 886 0.999931 0.00452116 0.0108637 0.0152421 -0.00459138 0.999969 0.00644789 0.0178244 -0.0108342 -0.00649733 0.99992 -0.999725
315 318 694 0.999656 0.0177687 0.0192851 -0.000793401 -0.0181001 0.999689 0.0171481 0.00562737 -0.0189744 -0.0174913 0.999667 -0.999984
315 319 483 0.999385 0.0236557 0.0259033 -0.0124244 -0.0241928 0.999495 0.0206207 -0.00548958 -0.0254025 -0.0212347 0.999452 -0.999908
320 321 1143 0.999941 -0.00919314 0.00575049 -0.00074833 0.00927018 0.999866 -0.0135166 0.0227036 -0.00562545 0.0135692 0.999892 -0.999742
320 322 798 0.999859 -0.0130324 0.0105452 0.00725376 0.0132527 0.999689 -0.0211028 0.0289317 -0.0102669 0.0212396 0.999722 -0.999555
320 323 581 0.999829 -0.0133046 0.0128541 0.0220434 0.0135266 0.999758 -0.0173407 0.0144851 -0.0126203 0.0175116 0.999767 -0.999652
320 324 472 0.99973 -0.0172764 0.0155278 0.00548522 0.0173895 0.999823 -0.00717631 0.0171528 -0.0154011 0.0074444 0.999854 -0.999838
325 326 950 0.999999 0.0001337 0.00133342 0.0349018 -0.0001379 0.999995 0.00315022 0.0190687 -0.00133299 -0.0031504 0.999994 -0.999209
325 327 814 0.999976 0.00631905 0.00288198 0.0200164 -0.00631211 0.999977 -0.0024119 0.0289767 -0.00289715 0.00239365 0.999993 -0.99938
325 328 685 0.999978 0.00415973 0.00516937 -0.0080465 -0.00411493 0.999954 -0.00864679 0.0163125 -0.0052051 0.00862533 0.999949 -0.999835
325 329 534 0.999984 0.0045957 0.0032352 0.00722884 -0.00454709 0.999879 -0.0148751 0.018339 -0.00330317 0.0148602 0.999884 -0.999806
330 331 1251 0.999983 0.00471986 0.00335914 -0.028399 -0.00475311 0.999939 0.00995935 -0.001146 -0.00331193 -0.00997515 0.999945 -0.999596
330 332 941 0.999909 0.01297 0.00377249 -0.0225309 -0.0130436 0.999711 0.0202021 0.0112666 -0.00350938 -0.0202494 0.999789 -0.999683
330 333 710 0.999638 0.0261051 0.00646068 -0.00389443 -0.0262622 0.999328 0.0255624 -0.0067702 -0.00578903 -0.0257229 0.999652 -0.999969
330 334 542 0.999756 0.0207597 0.00749122 -0.00255387 -0.0209142 0.999557 0.0211811 -0.00215037 -0.00704819 -0.0213326 0.999748 -0.999994
335 336 1323 0.999996 -0.000402678 0.00265604 -0.0139392 0.000412411 0.999993 -0.00366493 0.0244184 -0.00265455 0.00366601 0.99999 -0.999605
335 337 1091 0.999993 -0.00352728 0.00116605 0.0177989 0.0035275 0.999994 -0.000191014 0.024459 -0.00116537 0.000195126 0.999999 -0.999542
335 338 786 0.999991 -0.00279547 0.00329539 -0.010704 0.00277254 0.999972 0.00694198 0.0105753 -0.0033147 -0.00693277 0.99997 -0.999887
335 339 408 0.999988 -0.00432833 0.00245076 0.0139095 0.00431237 0.99997 0.00647963 0.00698834 -0.00247873 -0.00646898 0.999976 -0.999879
340 341 1080 0.999991 -0.00393803 0.00183765 0.00717295 0.00394284 0.999989 -0.002624 0.0137823 -0.00182729 0.00263122 0.999995 -0.999879
340 342 649 0.999966 -0.00802824 -0.00210719 0.034175 0.00801555 0.99995 -0.00596375 0.0178782 0.00215496 0.00594665 0.99998 -0.999256
340 343 454 0.99995 -0.00964372 0.00251311 -0.00989125 0.00965697 0.999939 -0.00531702 0.0145644 -0.00246168 0.00534103 0.999983 -0.999845
340 344 328 0.999994 -0.00205789 0.00279522 0.00804728 0.00205404 0.999997 0.00137816 -0.0171842 -0.00279805 -0.00137241 0.999995 -0.99982
345 346 767 0.999996 -0.00240423 0.00122502 0.017616 0.00240454 0.999997 -0.000251315 0.00393065 -0.00122442 0.00025426 0.999999 -0.999837
345 347 619 0.999998 0.000531855 0.00182088 0.0380949 -0.000512288 0.999942 -0.0107293 0.0194114 -0.00182648 0.0107284 0.999941 -0.999086
345 348 428 0.999972 -0.00288941 0.00690996 -0.0226113 0.00302024 0.999815 -0.0189992 0.0396749 -0.00685378 0.0190195 0.999796 -0.998957
345 349 338 0.999951 0.00831575 0.00535086 0.00200592 -0.00821311 0.999787 -0.0189253 0.0130285 -0.0055071 0.0188805 0.999807 -0.999913
350 351 1165 0.999995 -0.00256785 -0.00201747 0.0384362 0.00257971 0.999979 0.00589609 -0.00883715 0.00200229 -0.00590126 0.999981 -0.999222
350 352 708 0.999996 -0.00242417 -0.00117498 0.00242331 0.00243687 0.999937 0.0109265 0.015907 0.00114842 -0.0109294 0.99994 -0.999871
350 353 475 0.999992 0.00387686 -0.00132459 0.001886 -0.0038567 0.999882 0.0148984 -0.000308817 0.00138219 -0.0148932 0.999888 -0.999998
350 354 415 0.999985 0.00027566 -0.00555754 0.016219 -0.000163921 0.999798 0.0200963 0.00490827 0.00556196 -0.020095 0.999783 -0.999856
355 356 846 0.999981 -0.00209726 -0.00587473 0.00820121 0.00206655 0.999984 -0.00522805 0.0236856 0.0058856 0.00521581 0.999969 -0.999686
355 357 825 0.99992 -0.00630975 -0.0109591 -0.0188607 0.00613925 0.999861 -0.0155223 0.04515 0.0110555 0.0154538 0.999819 -0.998802
355 358 604 0.999847 -0.00943232 -0.0147397 -0.00852467 0.00914751 0.999772 -0.0192722 0.0255513 0.0149181 0.0191344 0.999706 -0.999637
355 359 521 0.999706 -0.0126359 -0.0206703 -0.0256595 0.0123138 0.999802 -0.0156355 0.00192596 0.0208638 0.0153764 0.999664 -0.999669
360 361 1087 0.999985 0.000216042 -0.00547118 -0.0920397 -0.000155811 0.999939 0.0110068 -0.0548923 0.00547323 -0.0110058 0.999924 -0.994241
360 362 965 0.999907 -0.00333062 -0.0132223 -0.0307629 0.00350843 0.999903 0.0134473 0.00998352 0.0131762 -0.0134924 0.999822 -0.999477
360 363 705 0.999772 -0.00413814 -0.0209608 0.00205286 0.00437113 0.999929 0.0110821 0.0126685 0.0209135 -0.0111712 0.999719 -0.999918
360 364 495 0.999547 -0.000332653 -0.0301048 0.0343147 0.000517139 0.999981 0.00612057 0.0138859 0.0301022 -0.00613337 0.999528 -0.999315
