0 1 1206 0.999994 0.00207198 0.00284522 0.00962696 -0.00207818 0.999995 0.0021794 0.00404025 -0.00284069 -0.0021853 0.999994 -0.999945
0 2 917 0.99996 0.00317734 0.00836797 -0.0114852 -0.00320764 0.999988 0.00361017 -0.00507008 -0.00835641 -0.00363687 0.999958 -0.999921
0 3 703 0.999945 -0.000307981 0.0105256 0.00869054 0.000246867 0.999983 0.00580707 -0.000997554 -0.0105272 -0.00580415 0.999928 -0.999962
0 4 575 0.999822 -0.0001594 0.0188551 -0.0138417 2.54807e-05 0.999975 0.00710256 -0.00821857 -0.0188558 -0.00710082 0.999797 -0.99987
5 6 1286 0.999988 -0.00107752 0.00468975 0.00373625 0.00107094 0.999998 0.001405 0.00511477 -0.00469126 -0.00139996 0.999988 -0.99998
5 7 942 0.999952 -0.00583596 0.00785634 0.0245655 0.00581969 0.999981 0.00209119 5.14705e-05 -0.00786839 -0.00204537 0.999967 -0.999698
5 8 701 0.999882 -0.00672292 0.0138427 0.00809063 0.00670522 0.999977 0.00132447 0.00373323 -0.0138513 -0.00123149 0.999903 -0.99996
5 9 565 0.99984 -0.00315341 0.0176315 0.000235773 0.00320977 0.99999 -0.00316921 0.0117138 -0.0176213 0.00322529 0.99984 -0.999931
10 11 1423 0.999992 -0.000961269 0.00397122 -0.0204028 0.000954963 0.999998 0.00158953 -0.0102301 -0.00397275 -0.00158572 0.999991 -0.99974
10 12 1000 0.99999 -0.00205749 0.00407971 -0.000890447 0.00205322 0.999997 0.00105103 0.0124199 -0.00408186 -0.00104264 0.999991 -0.999922
10 13 672 0.999993 0.00127728 0.00361965 0.0262515 -0.00128252 0.999998 0.0014471 0.0103922 -0.00361779 -0.00145173 0.999992 -0.999601
10 14 522 0.999931 0.00570235 0.0102678 -0.00753315 -0.00571036 0.999983 0.000751071 0.00525713 -0.0102633 -0.000809652 0.999947 -0.999958
15 16 1171 0.999998 -0.00186354 8.7584e-05 0.0350397 0.00186332 0.999995 0.00236767 0.010984 -9.19958e-05 -0.0023675 0.999997 -0.999326
15 17 910 0.999989 -0.00258595 0.00382361 0.00949785 0.00256308 0.999979 0.00597208 -0.00196236 -0.00383897 -0.00596221 0.999975 -0.999953
15 18 664 0.999958 -0.00628383 0.00668582 -0.0209508 0.0062448 0.999963 0.00584185 0.00942444 -0.00672228 -0.00579985 0.999961 -0.999736
15 19 516 0.99994 -0.00942388 0.0055001 0.00981296 0.00937843 0.999922 0.00823174 0.00156456 -0.00557725 -0.00817967 0.999951 -0.999951
20 21 1142 1 -3.1581e-05 0.000634509 0.0183888 3.30811e-05 0.999997 -0.00236431 0.0196273 -0.000634432 0.00236433 0.999997 -0.999638
20 22 865 0.999995 -0.00050582 0.00322016 -0.00368608 0.000508516 1 -0.000836703 0.00761242 -0.00321974 0.000838336 0.999994 -0.999964
20 23 620 0.999975 0.00280262 0.00649216 -0.0224732 -0.00279985 0.999996 -0.000436407 0.00322007 -0.00649336 0.000418219 0.999979 -0.999742
20 24 420 0.999979 0.00290196 0.0057801 -0.000559643 -0.00290376 0.999996 0.000304633 0.00480785 -0.00577919 -0.000321411 0.999983 -0.999988
25 26 948 0.999992 -0.00279424 -0.00271884 0.0326517 0.00278377 0.999989 -0.00384738 0.0374337 0.00272956 0.00383979 0.999989 -0.998766
25 27 687 0.999994 -0.00340638 -0.00098016 0.00562093 0.00339936 0.999969 -0.00708154 0.0139225 0.00100425 0.00707816 0.999974 -0.999887
25 28 479 0.99999 -0.00086055 -0.00430354 0.0133376 0.000816196 0.999947 -0.0102973 0.0200284 0.00431218 0.0102937 0.999938 -0.99971
25 29 405 0.999995 0.0028891 -0.00145123 -0.0117066 -0.00290361 0.999945 -0.010093 0.00971718 0.00142199 0.0100971 0.999948 -0.999884
30 31 921 0.999999 7.13147e-05 -0.00162923 0.0118285 -6.32209e-05 0.999988 0.00496741 -0.00149448 0.00162957 -0.0049673 0.999986 -0.999929
30 32 631 0.999991 0.000651081 -0.00412942 0.0111617 -0.000622279 0.999976 0.00697219 0.0125955 0.00413385 -0.00696956 0.999967 -0.999858
30 33 578 0.999998 0.00146506 -0.0016053 -0.000724553 -0.00145375 0.999974 0.00702451 0.00691698 0.00161555 -0.00702216 0.999974 -0.999976
30 34 412 0.999991 0.00427293 -0.000830145 -0.010461 -0.0042701 0.999985 0.00337717 0.00663825 0.000844563 -0.00337359 0.999994 -0.999923
35 36 889 0.999986 0.00536432 0.000235205 0.00754222 -0.00536463 0.999985 0.0013102 0.0295176 -0.000228173 -0.00131144 0.999999 -0.999536
35 37 721 0.999938 0.0104167 0.00397511 -0.0143555 -0.0104342 0.999936 0.00441049 0.0064022 -0.00392891 -0.00445169 0.999982 -0.999876
35 38 552 0.999967 0.00770006 0.00240438 0.0139822 -0.00772178 0.999928 0.0091576 -7.30677e-05 -0.0023337 -0.00917587 0.999955 -0.999902
35 39 445 0.999941 0.00816904 0.00717236 -0.0153004 -0.0082338 0.999925 0.00904614 0.011282 -0.00709793 -0.00910466 0.999933 -0.999819
40 41 1050 0.999993 -0.00338883 0.0015184 0.00302416 0.00339273 0.999991 -0.00257586 0.0105642 -0.00150965 0.002581 0.999996 -0.99994
40 42 820 0.999991 -0.00380331 0.00168025 0.043232 0.00380943 0.999986 -0.00365315 0.00749578 -0.00166634 0.00365952 0.999992 -0.999037
40 43 610 0.999952 -0.00920607 0.00339695 -0.0178259 0.00922354 0.999944 -0.00516269 0.0244899 -0.00334923 0.00519377 0.999981 -0.999541
40 44 493 0.999994 -0.00155779 0.00320661 0.00308934 0.00159003 0.999948 -0.0100779 0.0157834 -0.00319075 0.010083 0.999944 -0.999871
45 46 1027 0.999996 0.00159945 0.00237477 -0.0454362 -0.00159952 0.999999 2.94453e-05 0.0173106 -0.00237472 -3.32437e-05 0.999997 -0.998817
45 47 776 0.999997 0.00139974 0.00213296 -0.0218267 -0.00140416 0.999997 0.00207207 0.0186693 -0.00213005 -0.00207506 0.999996 -0.999587
45 48 596 0.999999 -0.000304519 0.00115948 -0.00369036 0.000299746 0.999991 0.00411406 0.0164254 -0.00116072 -0.00411371 0.999991 -0.999858
45 49 509 0.999992 0.00226607 0.00333378 -0.00406409 -0.0022827 0.999985 0.00499269 0.00616856 -0.00332242 -0.00500026 0.999982 -0.999973
50 51 1136 0.999997 -0.00117735 0.00213096 0.000173881 0.00117751 0.999999 -7.34735e-05 0.00101442 -0.00213087 7.59825e-05 0.999998 -0.999999
50 52 908 0.99999 -0.00425303 0.00139374 -0.00490325 0.00424983 0.999988 0.0022891 0.0167234 -0.00140346 -0.00228315 0.999996 -0.999848
50 53 696 0.99999 -0.00449343 -0.000585627 0.0170081 0.0044973 0.999967 0.00677959 0.0115617 0.000555144 -0.00678215 0.999977 -0.999789
50 54 528 0.999985 -0.0031288 0.00453883 -0.00630769 0.00309448 0.999967 0.00754823 0.00874237 -0.0045623 -0.00753407 0.999961 -0.999942
55 56 1219 0.999997 0.00169673 0.0017769 -0.039276 -0.0016906 0.999993 -0.00344632 0.0260779 -0.00178274 0.0034433 0.999992 -0.998888
55 57 920 0.999989 0.00372362 0.00274932 -0.0269827 -0.00371387 0.999987 -0.00354218 0.0146911 -0.00276248 0.00353193 0.99999 -0.999528
55 58 686 0.999957 0.00915245 0.00114613 -0.0145364 -0.00914888 0.999953 -0.00308336 0.0183332 -0.0011743 0.00307274 0.999995 -0.999726
55 59 527 0.999927 0.0119388 0.00197036 -0.000615338 -0.0119341 0.999926 -0.00237081 0.0175364 -0.00199852 0.00234713 0.999995 -0.999846
60 61 1152 0.999997 0.00258083 -0.000234407 0.000576709 -0.00258197 0.999984 -0.00499227 0.0391789 0.00022152 0.00499286 0.999988 -0.999232
60 62 958 0.999975 0.00615427 0.00334774 -0.0184039 -0.00612525 0.999944 -0.00860984 0.0100966 -0.00340055 0.00858913 0.999957 -0.99978
60 63 678 0.999981 0.00443951 0.00432081 -0.0119988 -0.00438718 0.999918 -0.0120464 0.0231854 -0.00437393 0.0120272 0.999918 -0.999659
60 64 541 0.999992 -0.00234742 0.00327488 0.0048497 0.00237749 0.999955 -0.00920884 0.0304815 -0.00325311 0.00921655 0.999952 -0.999524
65 66 1085 0.999996 -0.00255672 0.00100458 -0.00253203 0.00255205 0.999986 0.00461971 0.0130422 -0.00101638 -0.00461713 0.999989 -0.999912
65 67 926 0.999975 -0.0055244 0.00441012 -0.0129443 0.00550612 0.999976 0.0041486 0.00494565 -0.00443293 -0.00412422 0.999982 -0.999904
65 68 720 0.999946 -0.00987155 0.00328602 0.00834476 0.00986624 0.99995 0.00162656 0.0138577 -0.00330191 -0.00159406 0.999993 -0.999869
65 69 587 0.999916 -0.0122894 0.00403176 0.00402656 0.0122904 0.999924 -0.000229951 0.0197675 -0.00402863 0.000279484 0.999992 -0.999796
70 71 1162 0.999996 0.000327999 0.00295402 -0.00854578 -0.000325966 1 -0.000688869 -0.013702 -0.00295425 0.000687903 0.999995 -0.99987
70 72 949 0.999989 -0.00352342 0.00311317 0.00113436 0.00353209 0.99999 -0.00278615 0.044121 -0.00310332 0.00279711 0.999991 -0.999026
70 73 776 0.999986 -0.00222822 0.00476737 0.00178007 0.0022371 0.999996 -0.00185852 0.019961 -0.00476321 0.00186916 0.999987 -0.999799
70 74 658 0.999987 -0.00323783 0.00403648 0.0187154 0.00325088 0.999989 -0.00323037 0.0162281 -0.00402597 0.00324345 0.999987 -0.999693
75 76 1293 0.999998 -0.000949976 0.00192738 0.0266116 0.000956724 0.999993 -0.00350317 0.000939576 -0.00192404 0.00350501 0.999992 -0.999645
75 77 1100 0.999984 -0.00545264 0.00147194 0.0268986 0.00545948 0.999974 -0.00468103 0.00164154 -0.00144638 0.00468899 0.999988 -0.999637
75 78 980 0.99996 -0.00767554 0.004628 -0.00558432 0.00768153 0.99997 -0.00127759 0.0204875 -0.00461806 0.00131309 0.999988 -0.999775
75 79 793 0.999941 -0.0088303 0.0064033 -0.00729161 0.00878549 0.999937 0.00699111 0.0072665 -0.00646463 -0.00693444 0.999955 -0.999947
80 81 1655 0.999999 -0.00042815 0.00156777 -0.00854772 0.000429777 0.999999 -0.00103766 0.0693155 -0.00156733 0.00103833 0.999998 -0.997558
80 82 1449 0.999988 -0.00464545 0.00128227 0.00541558 0.00464905 0.999985 -0.00281814 0.0280527 -0.00126916 0.00282407 0.999995 -0.999592
80 83 1248 0.999995 -0.00313368 -0.000334992 0.0460565 0.00313248 0.999989 -0.0035387 0.00370806 0.000346078 0.00353763 0.999994 -0.998932
80 84 986 0.999988 -0.00287105 0.00389184 0.00158175 0.00287638 0.999995 -0.0013644 0.0153723 -0.0038879 0.00137558 0.999991 -0.999881
85 86 1698 0.99999 0.00435565 0.000763441 -0.0664262 -0.00435851 0.999983 0.00378268 0.0371588 -0.000746952 -0.00378597 0.999993 -0.997099
85 87 1570 0.999987 0.000877843 -0.00510758 0.0365067 -0.000842204 0.999975 0.00697562 -0.016464 0.00511358 -0.00697122 0.999963 -0.999198
85 88 1272 0.999947 -0.00505934 -0.00896111 0.0115048 0.00507934 0.999985 0.00221124 0.00664351 0.00894979 -0.00225664 0.999957 -0.999912
85 89 1115 0.999927 1.14411e-05 -0.0120916 0.00318179 -1.69926e-05 1 -0.000459018 0.0133261 0.0120916 0.00045919 0.999927 -0.999906
90 91 1528 0.999956 0.00402029 -0.00847144 -0.0191619 -0.00405128 0.999985 -0.00364416 0.0279045 0.00845666 0.00367832 0.999957 -0.999427
90 92 1509 0.999846 0.000299205 -0.0175724 -0.0476656 -0.000370307 0.999992 -0.00404314 0.0413889 0.017571 0.00404902 0.999837 -0.998005
90 93 1340 0.999447 -0.00349591 -0.0330582 -0.0168146 0.003401 0.99999 -0.00292679 0.0160608 0.0330681 0.00281275 0.999449 -0.99973
90 94 1048 0.998484 -0.00822355 -0.0544223 0.0402299 0.00799759 0.999958 -0.00436848 0.0257366 0.054456 0.00392661 0.998508 -0.998859
95 96 1496 0.999644 0.00319639 -0.0264907 -0.0455022 -0.00324314 0.999993 -0.00172172 0.0315948 0.026485 0.00180702 0.999648 -0.998464
95 97 1437 0.998478 0.00390764 -0.0550103 -0.0447868 -0.00406229 0.999988 -0.00269988 0.0120281 0.0549991 0.00291924 0.998482 -0.998924
95 98 1270 0.996699 0.00476726 -0.0810505 -0.0971831 -0.00513472 0.999977 -0.00432588 0.0203209 0.081028 0.00472777 0.996701 -0.995059
95 99 1027 0.992168 0.00366029 -0.124856 -0.000549449 -0.00447125 0.999971 -0.00621556 0.0283956 0.124829 0.00672515 0.992155 -0.999597
100 101 1420 0.998984 0.000104733 -0.0450626 -0.0822356 -0.000102695 1 4.7545e-05 -0.00368097 0.0450626 -4.2869e-05 0.998984 -0.996606
100 102 1320 0.995326 -0.00338363 -0.0965171 -0.017731 0.00355363 0.999992 0.00158948 0.00999291 0.096511 -0.00192504 0.99533 -0.999793
100 103 1154 0.990244 -0.000930047 -0.139344 -0.137506 0.00135926 0.999995 0.00298513 0.0295922 0.13934 -0.00314541 0.99024 -0.990059
100 104 928 0.979096 0.000416326 -0.203399 -0.0248837 0.000132909 0.999996 0.00268662 0.0327732 0.203399 -0.00265749 0.979092 -0.999153
105 106 1566 0.997917 0.000832675 -0.0645045 -0.0919972 -0.000828356 1 9.36932e-05 0.0470748 0.0645046 -4.00654e-05 0.997917 -0.994646
105 107 1390 0.991707 0.00426763 -0.12845 -0.0826737 -0.0043212 0.999991 -0.000138292 0.0542645 0.128449 0.000692205 0.991716 -0.995098
105 108 1077 0.980134 0.00373073 -0.1983 -0.00694555 -0.00317876 0.99999 0.00310175 0.0152148 0.19831 -0.00240978 0.980136 -0.99986
105 109 892 0.964491 0.00291047 -0.264099 0.0421505 -0.00289604 0.999996 0.000443976 0.0199003 0.264099 0.00033663 0.964496 -0.998913
110 111 1761 0.997809 0.000618208 -0.0661641 -0.0299196 -0.000663109 1 -0.000656667 0.0163244 0.0661637 0.000699102 0.997809 -0.999419
110 112 1301 0.991949 0.0043386 -0.126564 -0.0505915 -0.00419514 0.99999 0.00140007 0.000961286 0.126569 -0.000857844 0.991957 -0.998719
110 113 1053 0.983178 0.00998263 -0.182374 -0.0690483 -0.00972975 0.99995 0.00228134 0.000353405 0.182388 -0.000468508 0.983227 -0.997613
110 114 852 0.970947 0.00765278 -0.239171 -0.0247407 -0.00714153 0.99997 0.00300412 0.00732378 0.239187 -0.00120879 0.970973 -0.999667
115 116 1460 0.998718 -0.000720138 -0.0506239 -0.110968 0.000783855 0.999999 0.0012388 0.03109 0.0506229 -0.00127689 0.998717 -0.993338
115 117 1165 0.995066 0.00386456 -0.0991413 -0.0471415 -0.00369156 0.999991 0.0019284 0.0136428 0.0991479 -0.0015529 0.995071 -0.998795
115 118 954 0.98998 0.0181443 -0.140036 -0.0611978 -0.0181836 0.999834 0.000998746 0.0295441 0.140031 0.00155762 0.990146 -0.997688
115 119 779 0.983784 0.0212798 -0.178092 -0.0427898 -0.0217824 0.999762 -0.000867417 0.0270273 0.178031 0.00473263 0.984013 -0.998718
120 121 1149 0.999462 -0.00975805 -0.0313223 -0.0339817 0.00986805 0.999946 0.00335922 0.026328 0.0312879 -0.0036665 0.999504 -0.999076
120 122 926 0.997924 -0.0150168 -0.0626325 0.0260264 0.0155566 0.999846 0.00814004 0.00716034 0.0625007 -0.00909749 0.998003 -0.999636
120 123 716 0.996055 -0.0135909 -0.087689 0.00787232 0.0145013 0.999847 0.00975436 0.021031 0.0875431 -0.0109875 0.9961 -0.999748
120 124 626 0.993688 -0.010637 -0.111675 0.0111076 0.0120995 0.99985 0.0124267 0.0224306 0.111526 -0.0136994 0.993667 -0.999687
125 126 921 0.999821 0.00100774 -0.0188985 -0.0573276 -0.000900959 0.999984 0.00565778 0.00331377 0.0189039 -0.00563974 0.999805 -0.99835
125 127 632 0.999359 0.00115711 -0.0357892 -0.0260545 -0.000843728 0.999961 0.00877008 -0.0345499 0.0357979 -0.00873426 0.999321 -0.999063
125 128 571 0.998562 -0.0046123 -0.0534143 -0.0243747 0.00476544 0.999985 0.00274011 -0.00176057 0.0534009 -0.00299071 0.998569 -0.999701
125 129 541 0.997623 -0.00213924 -0.0688752 0.0101627 0.0021194 0.999998 -0.000361062 0.00896571 0.0688759 0.000214229 0.997625 -0.999908
130 131 907 0.99992 0.00563315 -0.0113124 -0.0238106 -0.00563835 0.999984 -0.000427844 0.00500775 0.0113098 0.000491593 0.999936 -0.999704
130 132 739 0.999725 0.00729979 -0.022273 -0.00158658 -0.00729557 0.999973 0.000270757 0.0101276 0.0222743 -0.000108188 0.999752 -0.999947
130 133 677 0.999514 0.0105849 -0.0293061 -0.0218885 -0.0105769 0.999944 0.000428674 0.0178886 0.029309 -0.0001185 0.99957 -0.9996
130 134 636 0.999328 0.0102685 -0.0351913 -0.0082017 -0.0101854 0.999945 0.00253936 0.00199195 0.0352155 -0.00217922 0.999377 -0.999964
135 136 805 0.999983 0.00125377 -0.00577108 -0.0118742 -0.00125196 0.999999 0.000317114 0.00544705 0.00577147 -0.000309883 0.999983 -0.999915
135 137 749 0.999951 0.00286475 -0.00946175 -0.00237364 -0.00285782 0.999996 0.000745207 0.000679694 0.00946385 -0.000718131 0.999955 -0.999997
135 138 707 0.999898 0.00446829 -0.013537 0.00953176 -0.00445858 0.99999 0.00074741 0.00305798 0.0135402 -0.000686978 0.999908 -0.99995
135 139 621 0.999844 0.00712395 -0.0161415 0.00315841 -0.00712835 0.999975 -0.000214656 0.0161633 0.0161395 0.000329685 0.99987 -0.999864
140 141 855 0.999985 0.00505482 -0.00232326 0.0211592 -0.00505335 0.999987 0.000635615 -0.0174288 0.00232644 -0.000623865 0.999997 -0.999624
140 142 869 0.99996 0.00891408 0.00105921 -0.0302738 -0.00891278 0.99996 -0.00123109 0.0199765 -0.00107014 0.0012216 0.999999 -0.999342
140 143 781 0.999944 0.0102743 0.00267191 -0.00486769 -0.0102736 0.999947 -0.000271717 0.00480255 -0.00267456 0.000244251 0.999996 -0.999977
140 144 654 0.999908 0.0118446 0.00657976 -0.00977569 -0.0118426 0.99993 -0.000339107 0.00167574 -0.00658331 0.000261154 0.999978 -0.999951
145 146 1249 0.999995 0.000270235 0.00300634 0.000297906 -0.000271254 1 0.000338705 -0.0440505 -0.00300625 -0.000339519 0.999995 -0.999029
145 147 1012 0.999967 0.00206615 0.00783204 0.00882808 -0.00204545 0.999994 -0.00265083 -0.00317948 -0.00783748 0.00263472 0.999966 -0.999956
145 148 861 0.999932 -0.00153531 0.0115996 -0.00344523 0.00159651 0.999985 -0.00526819 0.0117864 -0.0115913 0.00528635 0.999919 -0.999925
145 149 733 0.999871 -0.00422707 0.0154888 0.00287864 0.00432925 0.999969 -0.00656973 0.0136347 -0.0154605 0.00663594 0.999858 -0.999903
150 151 1040 0.999986 -0.000960067 0.0051094 -0.0545967 0.000945754 0.999996 0.00280294 0.0266481 -0.00511207 -0.00279807 0.999983 -0.998153
150 152 949 0.999954 -0.00863322 0.00407121 0.00630213 0.00859633 0.999923 0.00899133 0.000839204 -0.00414851 -0.00895592 0.999951 -0.99998
150 153 769 0.999937 -0.00927125 0.00626918 -0.00534846 0.0091999 0.999894 0.0113154 0.00439663 -0.00637342 -0.011257 0.999916 -0.999976
150 154 608 0.999864 -0.0155223 0.00549332 -0.00410257 0.0154638 0.999825 0.0105386 0.0106397 -0.00565594 -0.0104522 0.999929 -0.999935
155 156 1202 0.999999 0.000687626 -0.00086342 0.0624797 -0.000688528 0.999999 -0.00104431 0.0174023 0.000862702 0.00104491 0.999999 -0.997895
155 157 1000 0.999996 -0.00293821 -0.000459645 0.0166806 0.00293703 0.999992 -0.00254488 0.0266962 0.000467119 0.00254352 0.999997 -0.999504
155 158 693 0.999992 -0.00145004 0.00384978 -0.022102 0.00146286 0.999993 -0.00333 0.0186944 -0.00384493 0.00333561 0.999987 -0.999581
155 159 633 0.999979 -0.00644796 0.000389355 0.00883645 0.00644858 0.999978 -0.00162533 0.0153799 -0.000378866 0.0016278 0.999999 -0.999843
160 161 1201 0.999992 -0.00294063 -0.00286382 0.027356 0.00293684 0.999995 -0.00132527 0.0296262 0.0028677 0.00131685 0.999995 -0.999187
160 162 966 0.999969 -0.00484039 -0.00620942 0.00375971 0.00483401 0.999988 -0.00104256 0.00359316 0.0062144 0.00101251 0.99998 -0.999986
160 163 683 0.999911 -0.00500769 -0.0124054 0.0155302 0.00497649 0.999984 -0.00254459 -0.00391745 0.012418 0.00248262 0.99992 -0.999872
160 164 518 0.999784 -0.0102851 -0.0180794 0.0170615 0.0101733 0.999929 -0.00626835 0.0139239 0.0181426 0.00608307 0.999817 -0.999757
165 166 1091 0.999967 0.00133017 -0.00802428 -0.0200788 -0.00131595 0.999998 0.00177746 -0.010945 0.00802663 -0.00176684 0.999966 -0.999738
165 167 834 0.999826 0.00174032 -0.0185459 -0.00425959 -0.00170017 0.999996 0.00218039 0.0118528 0.0185496 -0.00214848 0.999826 -0.999921
165 168 646 0.999498 -0.00124364 -0.0316653 0.0345503 0.00128407 0.999998 0.00125631 0.00604505 0.0316637 -0.00129633 0.999498 -0.999385
165 169 544 0.999215 0.0021885 -0.0395624 0.0219186 -0.00216024 0.999997 0.000757154 0.00473829 0.0395639 -0.000671095 0.999217 -0.999749
170 171 978 0.999951 0.00117652 -0.00978374 -0.0124443 -0.00117293 0.999999 0.000372608 0.00507574 0.00978417 -0.000361114 0.999952 -0.99991
170 172 756 0.999738 -0.000847289 -0.0228733 0.0192619 0.00084869 1 5.15247e-05 0.0268209 0.0228732 -7.09235e-05 0.999738 -0.999455
170 173 573 0.999544 -0.00057421 -0.0301826 -0.0206094 0.000637203 0.999998 0.00207749 0.0140642 0.0301814 -0.00209577 0.999542 -0.999689
170 174 435 0.999126 -0.000604593 -0.0417936 0.000219149 0.00070111 0.999997 0.00229476 0.016781 0.0417921 -0.00232205 0.999124 -0.999859
175 176 792 0.99994 0.00334246 -0.0104311 0.0507758 -0.0033185 0.999992 0.00231316 -0.0342654 0.0104387 -0.00227841 0.999943 -0.998122
175 177 674 0.999816 0.000966056 -0.0191632 -0.013664 -0.00093527 0.999998 0.00161546 0.0004836 0.0191647 -0.00159724 0.999815 -0.999907
175 178 546 0.999549 0.00380252 -0.0297775 0.0260045 -0.0037139 0.999989 0.00303064 -0.00940423 0.0297886 -0.00291868 0.999552 -0.999618
175 179 451 0.999378 0.00396044 -0.0350281 0.0148493 -0.00403487 0.99999 -0.00205446 0.0185224 0.0350196 0.00219451 0.999384 -0.999718
180 181 924 0.999979 0.00489432 -0.00418262 0.0111742 -0.0048991 0.999987 -0.0011324 -0.0131807 0.00417703 0.00115287 0.999991 -0.999851
180 182 670 0.999978 0.00434267 -0.00509576 -0.022096 -0.00436138 0.999984 -0.00366748 0.0252941 0.00507975 0.00368962 0.99998 -0.999436
180 183 613 0.999948 0.00550856 -0.00861847 0.00609141 -0.00553498 0.99998 -0.00304429 0.0014791 0.00860153 0.00309183 0.999958 -0.99998
180 184 473 0.999911 0.0103375 -0.00848782 -0.00873717 -0.0103672 0.99994 -0.003458 0.0217539 0.00845157 0.00354568 0.999958 -0.999725
185 186 940 0.999998 -0.000448773 0.00203509 0.0212679 0.000442786 0.999996 0.00294124 -0.00414624 -0.0020364 -0.00294033 0.999994 -0.999765
185 187 806 0.999965 0.00168129 0.00819538 -0.0117152 -0.00170926 0.999993 0.00340786 -0.00176215 -0.00818959 -0.00342175 0.999961 -0.99993
185 188 706 0.999865 0.00104955 0.0164135 -0.0010296 -0.00109159 0.999996 0.00255272 0.0247992 -0.0164107 -0.00257029 0.999862 -0.999692
185 189 566 0.999618 -0.000569242 0.0276439 -0.010218 0.000495487 0.999996 0.00267481 0.0245521 -0.0276454 -0.00266009 0.999614 -0.999646
190 191 1029 0.999852 -0.000806127 0.0171647 0.0302578 0.000786042 0.999999 0.00117687 0.0315089 -0.0171656 -0.0011632 0.999852 -0.999045
190 192 1036 0.999317 -0.00012566 0.0369418 0.0410038 -8.74685e-05 0.999983 0.00576763 -0.0122376 -0.0369419 -0.00576692 0.999301 -0.999084
190 193 848 0.998071 -0.00295777 0.0620162 0.00695354 0.0024374 0.999961 0.00846497 -0.00102575 -0.0620388 -0.00829748 0.998039 -0.999975
190 194 666 0.995836 0.000686359 0.0911652 -0.00774101 -0.00166986 0.999941 0.0107122 -0.0097329 -0.0911525 -0.0108199 0.995778 -0.999923
195 196 1009 0.999292 0.000523416 0.0376092 0.0521055 -0.00044866 0.999998 -0.00199613 -0.00421359 -0.0376102 0.00197784 0.999291 -0.998633
195 197 946 0.996874 -0.00180852 0.0789883 0.0545318 0.00233333 0.999976 -0.00655236 0.0200098 -0.0789745 0.00671619 0.996854 -0.998312
195 198 790 0.991922 -0.00120161 0.126844 0.00380397 0.00244658 0.99995 -0.00965957 0.00781558 -0.126827 0.00989188 0.991876 -0.999962
195 199 585 0.984687 -0.00563525 0.17424 -0.00935601 0.00829779 0.99986 -0.0145562 0.0298292 -0.174134 0.0157791 0.984596 -0.999511
200 201 978 0.998447 0.000840615 0.0557083 0.0945667 -0.000950217 0.999998 0.00194098 -0.0404865 -0.0557065 -0.0019909 0.998445 -0.994695
200 202 651 0.993144 0.00373083 0.11684 0.0513136 -0.00408204 0.999988 0.00276677 -0.0050266 -0.116828 -0.00322474 0.993147 -0.99867
200 203 368 0.983599 0.00507274 0.180298 0.0277905 -0.0063326 0.999959 0.00641271 0.00143758 -0.180258 -0.00744929 0.983591 -0.999613
200 204 257 0.968 0.00758728 0.250837 -0.043141 -0.0112507 0.99985 0.0131741 -0.0173091 -0.2507 -0.0155746 0.96794 -0.998919
205 206 901 0.99727 -0.00110708 0.0738362 -0.0165086 0.00095411 0.999997 0.00210696 0.00409246 -0.0738383 -0.00203076 0.997268 -0.999855
205 207 527 0.990369 -0.00106318 0.138447 0.0343663 0.000478485 0.999991 0.00425646 0.00341517 -0.13845 -0.00414923 0.990361 -0.999403
205 208 392 0.978705 0.00302172 0.205248 0.0168536 -0.00356797 0.999991 0.00229133 -0.00330599 -0.205239 -0.00297486 0.978707 -0.999853
205 209 326 0.963046 0.00136086 0.269333 -0.000359719 -0.000679597 0.999996 -0.00262267 0.0137859 -0.269336 0.00234271 0.963044 -0.999905
210 211 843 0.997851 -0.00115805 0.0655092 0.0911655 0.00160247 0.999976 -0.00673192 0.0398085 -0.0654998 0.00682243 0.997829 -0.99504
210 212 596 0.991976 0.000448977 0.126427 0.0405854 0.00114173 0.999921 -0.0125092 0.0134223 -0.126423 0.0125532 0.991897 -0.999086
210 213 516 0.983466 -0.0021337 0.18108 0.0492414 0.00508023 0.999862 -0.0158098 0.0172598 -0.181021 0.0164683 0.983341 -0.998638
210 214 417 0.972458 -0.0022304 0.233069 -0.00475408 0.00706934 0.999776 -0.0199286 0.0235909 -0.232972 0.0210273 0.972256 -0.99971
215 216 810 0.999308 -0.00369801 0.0370017 0.0592637 0.00362037 0.999991 0.00216509 0.00385546 -0.0370094 -0.00202964 0.999313 -0.998235
215 217 765 0.997592 -0.00763011 0.0689407 0.0794964 0.00743156 0.999967 0.00313595 0.00522447 -0.0689624 -0.00261606 0.997616 -0.996821
215 218 694 0.995817 0.000538544 0.0913715 0.049998 -0.000809474 0.999995 0.00292811 -0.00153149 -0.0913695 -0.00298982 0.995813 -0.998748
215 219 588 0.994246 0.00114814 0.107113 0.0280082 -0.00136692 0.999997 0.00196914 0.0130499 -0.10711 -0.00210423 0.994245 -0.999523
220 221 843 0.999925 -0.0062147 0.0105895 0.0166042 0.00621364 0.999981 0.000133506 -0.0032918 -0.0105901 -6.76964e-05 0.999944 -0.999857
220 222 890 0.999787 -0.0115894 0.0170921 0.026239 0.0115452 0.99993 0.00267866 -0.0185058 -0.0171219 -0.00248076 0.99985 -0.999484
220 223 770 0.999666 -0.0168348 0.019587 0.0438675 0.01674 0.999847 0.0049922 -0.00222562 -0.0196681 -0.00466265 0.999796 -0.999035
220 224 695 0.99956 -0.0226851 0.0190914 0.0212198 0.0225636 0.999724 0.00655616 0.0239315 -0.0192348 -0.00612251 0.999796 -0.999488
225 226 840 0.999985 0.00298736 -0.00463626 0.0120143 -0.00296025 0.999979 0.00584396 0.00402618 0.00465361 -0.00583015 0.999972 -0.99992
225 227 840 0.999968 0.00311305 -0.00743145 -0.0203544 -0.00303364 0.999938 0.0106721 -0.00949624 0.00746421 -0.0106492 0.999915 -0.999748
225 228 680 0.999922 -0.00100254 -0.012443 -0.0089208 0.001129 0.999948 0.0101608 0.00650419 0.0124322 -0.010174 0.999871 -0.999939
225 229 635 0.999788 -0.00775754 -0.0190702 0.0160424 0.00787731 0.99995 0.00621358 0.00400895 0.0190211 -0.00636248 0.999799 -0.999863
230 231 936 0.999993 0.00342268 -0.00175984 -0.0496142 -0.00343346 0.999975 -0.00615814 0.0236893 0.00173872 0.00616413 0.999979 -0.998487
230 232 851 0.999969 0.00373448 -0.0069089 -0.000318495 -0.00380398 0.999942 -0.010073 0.00854779 0.00687088 0.010099 0.999925 -0.999963
230 233 771 0.999906 0.0068539 -0.0118892 -0.00558358 -0.00698302 0.999917 -0.0108532 0.0103023 0.0118138 0.0109352 0.99987 -0.999931
230 234 732 0.999819 0.0161067 -0.0100813 -0.0100768 -0.0161882 0.999836 -0.00806074 0.0174492 0.00994982 0.00822248 0.999917 -0.999797
235 236 893 0.999999 -2.96174e-05 0.00114865 0.00668215 2.21534e-05 0.999979 0.00649747 0.00117373 -0.00114882 -0.00649744 0.999978 -0.999977
235 237 875 0.999993 -0.00264427 0.00270772 0.0297126 0.00261383 0.999934 0.0111839 -0.00436353 -0.00273712 -0.0111767 0.999934 -0.999549
235 238 722 0.99998 0.000749681 0.00630594 0.0171866 -0.000789806 0.999979 0.00636304 0.00571961 -0.00630104 -0.00636789 0.99996 -0.999836
235 239 633 0.999968 -0.000152332 0.00799299 -0.00620025 0.00015925 1 -0.000864958 0.00232711 -0.00799286 0.000866203 0.999968 -0.999978
240 241 724 0.999992 -0.00388094 0.00131628 0.0101857 0.00387977 0.999992 0.000887283 0.0129181 -0.00131972 -0.000882169 0.999999 -0.999865
240 242 756 0.999969 -0.00722516 0.00310016 0.0415078 0.00720686 0.999957 0.00587497 0.00974361 -0.00314248 -0.00585244 0.999978 -0.999091
240 243 607 0.999946 -0.00726649 0.00749525 0.0189297 0.00718428 0.999914 0.0109373 -0.000630077 -0.00757408 -0.0108828 0.999912 -0.999821
240 244 536 0.999932 -0.00471553 0.0106626 0.0160036 0.00456999 0.999897 0.013633 0.00265543 -0.0107258 -0.0135834 0.99985 -0.999868
245 246 790 0.999983 0.00416291 0.00415423 -0.0286647 -0.00415573 0.99999 -0.0017357 0.0078333 -0.00416142 0.0017184 0.99999 -0.999558
245 247 792 0.999981 0.00304058 0.00541709 0.00120545 -0.00301461 0.999984 -0.00479429 0.0112812 -0.00543158 0.00477786 0.999974 -0.999936
245 248 660 0.999963 0.0070643 0.00500824 0.00813586 -0.00703257 0.999955 -0.00632683 0.0034418 -0.00505271 0.00629138 0.999967 -0.999961
245 249 590 0.999872 0.0134146 0.00871092 -0.0286257 -0.0133445 0.999878 -0.00806044 0.0116388 -0.00881799 0.00794317 0.99993 -0.999522
250 251 713 0.99999 -0.00444845 -0.000540822 0.0049542 0.00444958 0.999988 0.00211229 -0.00069582 0.000531419 -0.00211468 0.999998 -0.999987
250 252 756 0.999955 -0.00949804 -0.000481533 0.0113491 0.00949999 0.999946 0.00422333 0.0170125 0.000441394 -0.00422771 0.999991 -0.999791
250 253 665 0.999787 -0.0202762 -0.00372427 0.0422293 0.0203007 0.999772 0.00665907 0.0107818 0.0035884 -0.00673326 0.999971 -0.99905
250 254 600 0.999652 -0.0255538 -0.00658372 0.029127 0.0255981 0.99965 0.00672827 0.00238708 0.00640948 -0.00689446 0.999956 -0.999573
255 256 768 0.999997 -0.00101188 -0.00223519 0.00350973 0.00101358 0.999999 0.000761054 0.0146543 0.00223442 -0.000763318 0.999997 -0.999886
255 257 773 0.999993 0.00100553 -0.00362299 -0.00414605 -0.000996482 0.999996 0.00249941 0.0107727 0.00362549 -0.00249578 0.99999 -0.999933
255 258 725 0.999949 0.00839232 -0.00558476 -0.00646695 -0.00837887 0.999962 0.00242828 0.00481385 0.00560493 -0.00238136 0.999981 -0.999968
255 259 613 0.999876 0.0147878 -0.00546981 -0.0113203 -0.0147654 0.999882 0.00412751 0.00273779 0.0055302 -0.00404624 0.999977 -0.999932
260 261 843 0.99999 -0.00377761 -0.00257797 0.0445449 0.00377232 0.999991 -0.00205369 -0.00142483 0.0025857 0.00204395 0.999995 -0.999006
260 262 759 0.999981 -0.00599391 -0.00154602 -0.0189399 0.00598098 0.999948 -0.00823698 0.0151657 0.00159531 0.00822758 0.999965 -0.999706
260 263 604 0.999896 -0.0137629 -0.00428883 0.0228179 0.0137007 0.999805 -0.0142141 0.0347013 0.00448362 0.0141538 0.99989 -0.999137
260 264 556 0.999958 -0.00796501 -0.00459273 -0.00106884 0.00794551 0.999959 -0.00424852 0.00296785 0.00462638 0.00421185 0.99998 -0.999995
265 266 855 0.999992 0.0038566 0.000940615 0.00258024 -0.00386442 0.999957 0.00845893 0.00389161 -0.000907951 -0.0084625 0.999964 -0.999989
265 267 814 0.999987 0.00482296 0.00158153 -0.00178077 -0.00482303 0.999988 3.97459e-05 0.000905636 -0.00158132 -4.73732e-05 0.999999 -0.999998
265 268 681 0.999979 0.00536694 0.00358004 -0.00378847 -0.00529211 0.999774 -0.0205932 0.0230262 -0.00368975 0.0205739 0.999782 -0.999728
265 269 513 0.999959 0.00771629 0.00477681 -0.0121224 -0.00754359 0.999353 -0.0351731 0.0344419 -0.00504512 0.0351356 0.99937 -0.999333
270 271 815 0.999985 -0.0051935 0.00157511 -0.0125617 0.00516754 0.999858 0.0160604 0.0153011 -0.0016583 -0.016052 0.99987 -0.999804
270 272 730 0.999995 -0.00212307 0.00241142 0.0132417 0.00206359 0.9997 0.0244061 -0.0102079 -0.00246251 -0.024401 0.999699 -0.99986
270 273 602 0.999989 0.000943649 0.0045851 0.00785816 -0.00105323 0.999712 0.0239556 0.0033166 -0.00456117 -0.0239601 0.999703 -0.999964
270 274 469 0.999975 0.00229042 0.00673687 0.0132438 -0.00243744 0.999757 0.0218962 0.0144501 -0.00668509 -0.0219121 0.999738 -0.999808
275 276 787 0.999988 -0.000552391 0.0049372 -0.00370592 0.000543611 0.999998 0.00177955 0.000985112 -0.00493818 -0.00177684 0.999986 -0.999993
275 277 707 0.999952 -0.00560471 0.00803575 0.0183112 0.00559909 0.999984 0.000721717 0.0237305 -0.00803967 -0.000676689 0.999967 -0.999551
275 278 572 0.999869 -0.0119551 0.0109385 -0.000555164 0.0119365 0.999927 0.00176237 0.0125149 -0.0109587 -0.00163157 0.999939 -0.999922
275 279 471 0.999838 -0.0146401 0.0104525 0.0289947 0.0146418 0.999893 -8.75389e-05 0.0205877 -0.0104501 0.000240567 0.999945 -0.999368
280 281 921 0.999996 0.00150032 0.00251729 -0.0176396 -0.00150053 0.999999 8.34433e-05 0.0136463 -0.00251717 -8.72203e-05 0.999997 -0.999751
280 282 815 0.999978 0.00547082 0.00375707 0.0123186 -0.00548572 0.999977 0.00396567 0.0122372 -0.00373528 -0.00398619 0.999985 -0.999849
280 283 700 0.99991 0.00925627 0.00975896 -0.00926473 -0.00931894 0.999936 0.00639549 0.0119198 -0.00969914 -0.00648586 0.999932 -0.999886
280 284 534 0.999849 0.00862454 0.0151155 -0.0149543 -0.00876672 0.999918 0.00936505 -0.0088529 -0.0150335 -0.00949615 0.999842 -0.999849
285 286 915 0.999956 0.00142232 0.00927776 -0.0832352 -0.00133624 0.999956 -0.00927691 0.0477771 -0.00929055 0.0092641 0.999914 -0.995384
285 287 741 0.999947 0.00362019 0.00965311 0.0335369 -0.00343562 0.999812 -0.0190687 0.0500984 -0.00972033 0.0190345 0.999772 -0.998181
285 288 644 0.99987 -0.0045335 0.0154775 -0.01478 0.00484201 0.999789 -0.019954 0.0234336 -0.0153838 0.0200264 0.999681 -0.999616
285 289 566 0.999767 -0.00932625 0.0194591 -0.00330334 0.00957478 0.999873 -0.0127177 -0.00128836 -0.0193381 0.012901 0.99973 -0.999994
290 291 1001 0.999981 0.00381859 0.00475749 0.0499374 -0.00384324 0.999979 0.00518164 0.00755732 -0.0047376 -0.00519983 0.999975 -0.998724
290 292 843 0.999891 0.00437648 0.0140681 -0.01647 -0.00448179 0.999962 0.00746231 -0.0191523 -0.0140349 -0.00752455 0.999873 -0.999681
290 293 662 0.999797 -0.00106967 0.0201004 0.017278 0.00100755 0.999995 0.00310046 -0.00307785 -0.0201036 -0.00307958 0.999793 -0.999846
290 294 522 0.999557 -0.00835388 0.0285622 -0.00127107 0.00827939 0.999962 0.00272552 0.0150189 -0.0285839 -0.00248783 0.999588 -0.999886
295 296 910 0.999963 0.0016193 0.00842666 0.010041 -0.0016397 0.999996 0.00241453 0.00833486 -0.00842271 -0.00242825 0.999962 -0.999915
295 297 749 0.99988 0.00084518 0.0154368 0.0135568 -0.000878054 0.999997 0.00212297 -0.00884141 -0.0154349 -0.00213627 0.999879 -0.999869
295 298 563 0.999769 -0.00415489 0.021084 0.0411675 0.00430455 0.999966 -0.00705756 0.0163298 -0.021054 0.00714669 0.999753 -0.999019
295 299 442 0.999491 -0.00716312 0.0310887 0.00605 0.0075292 0.999904 -0.0116741 0.0198502 -0.0310021 0.0119023 0.999448 -0.999785
300 301 835 0.999984 -0.00160716 0.0055074 0.0307065 0.00161637 0.999997 -0.00166845 0.0157554 -0.0055047 0.00167733 0.999983 -0.999404
300 302 669 0.999949 0.00081164 0.010099 0.0153471 -0.0008157 1 0.000397852 0.00831606 -0.0100986 -0.000406069 0.999949 -0.999848
300 303 551 0.999876 -0.00514643 0.0148618 0.00234537 0.00504821 0.999965 0.00663903 0.00609751 -0.0148954 -0.00656318 0.999868 -0.999979
300 304 490 0.999781 -0.0109674 0.0178095 0.0106407 0.0107317 0.999854 0.0132776 0.0031188 -0.0179526 -0.0130836 0.999753 -0.999939
305 306 812 0.999988 -0.00289602 0.00385668 -0.02774 0.00292184 0.999973 -0.00670557 0.0216477 -0.00383716 0.00671676 0.99997 -0.999381
305 307 693 0.999975 -0.00497719 0.00512049 0.0241351 0.00506141 0.99985 -0.016568 0.0190789 -0.00503726 0.0165935 0.99985 -0.999527
305 308 559 0.999946 -0.00503765 0.00908446 0.00346152 0.00524555 0.999722 -0.0230077 0.0250877 -0.00896603 0.0230541 0.999694 -0.999679
305 309 441 0.999899 -0.000219932 0.0141941 0.0146939 0.000492483 0.999816 -0.0192011 0.0183506 -0.0141872 0.0192062 0.999715 -0.999724
310 311 901 0.999973 0.00318013 0.00660326 0.0148551 -0.00322168 0.999975 0.0062915 -0.0207585 -0.00658309 -0.00631261 0.999958 -0.999674
310 312 712 0.999911 -0.000370479 0.0133365 0.0100471 0.000310497 0.99999 0.00449937 -0.00307091 -0.013338 -0.00449483 0.999901 -0.999945
310 313 568 0.99971 0.0017697 0.024037 -0.0170089 -0.00172253 0.999997 -0.00198279 0.0120068 -0.0240405 0.00194081 0.999709 -0.999783
310 314 430 0.999578 0.00922947 0.0275466 0.0196235 -0.00909074 0.999945 -0.00515704 0.0109602 -0.0275927 0.00490445 0.999607 -0.999747
315 316 981 0.999977 0.00475699 0.00479152 0.0426616 -0.00476409 0.999988 0.00147278 -0.0058192 -0.00478445 -0.00149558 0.999987 -0.999073
315 317 803 0.999908 0.00743975 0.0113315 0.0116161 -0.00752394 0.999944 0.0074052 0.0145301 -0.0112758 -0.00748977 0.999908 -0.999827
315 318 658 0.999673 0.0176977 0.0184501 0.00632961 -0.0180149 0.99969 0.0171733 0.00415917 -0.0181405 -0.0175 0.999682 -0.999971
315 319 544 0.99932 0.0263007 0.0258481 -0.0232968 -0.0268508 0.999415 0.0211703 -0.00101227 -0.0252762 -0.0218499 0.999442 -0.999728
320 321 1081 0.999933 -0.0102639 0.00536638 0.0129508 0.010328 0.999874 -0.0120525 0.00342753 -0.005242 0.0121071 0.999913 -0.99991
320 322 759 0.999831 -0.0162084 0.00872152 0.0310365 0.0163735 0.999681 -0.0192092 0.0172659 -0.00840739 0.0193487 0.999777 -0.999369
320 323 606 0.99983 -0.0126984 0.0133856 0.0137405 0.0129291 0.999767 -0.0172967 0.0213421 -0.0131628 0.0174668 0.999761 -0.999678
320 324 538 0.999759 -0.0153437 0.0157105 0.00226391 0.015444 0.999861 -0.00627796 0.00217992 -0.015612 0.00651908 0.999857 -0.999995
325 326 954 0.99999 0.00351459 0.00277853 -0.00670201 -0.00352604 0.999985 0.00412584 -0.00867281 -0.00276399 -0.00413559 0.999988 -0.99994
325 327 772 0.999954 0.00847686 0.00458177 0.000685417 -0.00847556 0.999964 -0.000301917 0.000833054 -0.00458416 0.00026307 0.999989 -0.999999
325 328 648 0.999942 0.00860261 0.00641937 -0.0198689 -0.00854434 0.999923 -0.00904966 0.0181437 -0.00649672 0.00899429 0.999938 -0.999638
325 329 499 0.999981 0.00451219 0.00418407 0.00223032 -0.00444671 0.99987 -0.0155283 0.0233911 -0.00425359 0.0155094 0.999871 -0.999724
330 331 1112 0.999994 0.00301496 0.0019436 0.0369442 -0.00303537 0.999939 0.0105818 -0.0117974 -0.00191158 -0.0105877 0.999942 -0.999248
330 332 883 0.999904 0.0129046 0.00506751 -0.0168608 -0.0130065 0.999703 0.0206101 0.000172693 -0.00480004 -0.020674 0.999775 -0.999858
330 333 677 0.999701 0.0230001 0.00830548 -0.0209395 -0.0232065 0.999401 0.0256698 -0.00676298 -0.0077101 -0.0258549 0.999636 -0.999758
330 334 559 0.999728 0.0219241 0.0079589 -0.0116884 -0.0220893 0.999529 0.0212886 -0.00102236 -0.00748842 -0.0214586 0.999742 -0.999931
335 336 1116 0.999998 0.000471398 0.00194204 -0.0352822 -0.000466621 0.999997 -0.00245912 -0.00235269 -0.00194319 0.00245821 0.999995 -0.999375
335 337 869 0.999997 0.000216763 0.0025485 0.00536014 -0.00021644 1 -0.000127361 0.0163199 -0.00254852 0.000126809 0.999997 -0.999852
335 338 697 0.999996 -0.000141106 0.00266672 -0.0109499 0.000124643 0.999981 0.00617261 0.0135075 -0.00266754 -0.00617225 0.999977 -0.999849
335 339 494 0.999979 -0.00618066 0.00195919 0.0119311 0.00616687 0.999957 0.00696556 0.00845502 -0.00200215 -0.00695333 0.999974 -0.999893
340 341 959 0.999995 -0.00309498 -0.000931973 0.0391049 0.00309245 0.999992 -0.00270426 0.0136688 0.000940335 0.00270136 0.999996 -0.999142
340 342 619 0.999964 -0.0084992 -0.000678513 0.0253333 0.00849501 0.999946 -0.00595562 0.0183793 0.000729094 0.00594964 0.999982 -0.99951
340 343 457 0.999942 -0.0107319 0.000971759 0.00649961 0.010738 0.999921 -0.00647769 0.0242312 -0.000902164 0.00648775 0.999979 -0.999685
340 344 357 0.999959 -0.00901423 0.00122551 0.0199694 0.00901755 0.999956 -0.00272315 0.016748 -0.0012009 0.00273409 0.999996 -0.99966
345 346 739 0.999998 -0.00116253 0.00137448 -0.00275675 0.00116232 0.999999 0.00015396 0.00327965 -0.00137466 -0.000152362 0.999999 -0.999991
345 347 599 0.999991 0.000365428 0.00428573 0.00649472 -0.000321819 0.999948 -0.0101717 0.0220567 -0.00428922 0.0101703 0.999939 -0.999736
345 348 426 0.999969 0.00597056 0.00508308 -0.00173167 -0.00587474 0.999809 -0.018661 0.0173951 -0.00519353 0.0186305 0.999813 -0.999847
345 349 365 0.999931 0.00971224 0.00661078 0.00518497 -0.00957644 0.999749 -0.020273 0.0148981 -0.00680602 0.0202083 0.999773 -0.999876
350 351 909 0.999997 -0.00219762 -0.000805469 0.0109777 0.00220195 0.999983 0.0054048 0.0182997 0.000793578 -0.00540656 0.999985 -0.999772
350 352 653 0.999987 -0.00453165 -0.00219414 0.0334919 0.00455405 0.999936 0.0103145 0.0141902 0.00214725 -0.0103244 0.999944 -0.999338
350 353 483 0.999998 -0.000820776 -0.00181273 0.0127437 0.000846675 0.999897 0.0143331 0.0103263 0.00180078 -0.0143346 0.999896 -0.999865
350 354 411 0.999984 0.00407577 -0.00396961 -0.0020278 -0.00400118 0.999819 0.0186206 0.00763532 0.00404478 -0.0186044 0.999819 -0.999969
355 356 750 0.99998 -0.00159278 -0.00616807 0.0187082 0.00156919 0.999991 -0.00382751 -0.00336035 0.00617411 0.00381775 0.999974 -0.999819
355 357 731 0.99994 -0.00407086 -0.010122 -0.0147044 0.00391914 0.99988 -0.0149639 0.0361076 0.0101817 0.0149233 0.999837 -0.99924
355 358 575 0.999778 -0.0136376 -0.0160389 -7.72886e-05 0.013336 0.999735 -0.0187618 0.0305632 0.0162905 0.0185438 0.999695 -0.999533
355 359 507 0.999635 -0.0150445 -0.0224576 -0.00518992 0.0146937 0.999769 -0.0157027 0.0101773 0.0226887 0.015367 0.999624 -0.999935
360 361 942 0.999984 -0.00152905 -0.00542831 -0.0838283 0.00157444 0.999964 0.00836711 0.0189284 0.00541532 -0.00837552 0.99995 -0.9963
360 362 795 0.999882 -0.00393934 -0.0148149 0.00829177 0.00414624 0.999894 0.013961 -0.000564953 0.0147584 -0.0140208 0.999793 -0.999965
360 363 711 0.999755 -0.00452633 -0.021679 0.00561691 0.00480242 0.999908 0.0127006 -0.00291038 0.0216196 -0.0128016 0.999684 -0.99998
360 364 575 0.999659 0.00227721 -0.0260249 0.00623835 -0.0020611 0.999963 0.00832782 -0.00094961 0.0260429 -0.00827134 0.999627 -0.99998
