0 1 38 0.999998 -0.00192098 0.000501595 -0.262396 0.00191989 0.999996 0.0021509 -0.00660453 -0.000505725 -0.00214994 0.999998 0.964938
0 2 18 0.999996 -0.00184639 -0.00198497 0.565636 0.00185032 0.999996 0.00197974 -0.0345729 0.0019813 -0.0019834 0.999996 0.82393
0 3 30 0.999995 -0.00320699 0.000225929 -0.204562 0.00320653 0.999993 0.00198569 0.0365217 -0.000232295 -0.00198496 0.999998 0.978172
0 4 26 0.999992 -0.00402891 0.000425761 -0.184514 0.00402776 0.999988 0.00267002 0.0266087 -0.000436514 -0.00266829 0.999996 -0.98247
0 5 35 0.999995 -0.00329734 -0.000280663 0.00262084 0.0032981 0.999991 0.00274442 0.0433973 0.000271611 -0.00274534 0.999996 0.999054
0 6 24 0.999973 -0.00732817 -0.000264364 -0.463986 0.00732843 0.999973 0.000979717 0.122983 0.000257177 -0.000981628 0.999999 0.877264
0 7 20 0.99999 -0.00455393 -0.00039641 -0.129417 0.00455485 0.999987 0.00232914 -0.380038 0.000385798 -0.00233092 0.999997 -0.915872
0 8 40 0.99999 -0.00434625 -0.00044688 0.236502 0.00434686 0.99999 0.00138929 0.0635805 0.000440837 -0.00139122 0.999999 0.969549
0 9 688 0.999825 -0.00275669 -0.0184864 0.973172 0.00283301 0.999988 0.00410372 -0.0946129 0.0184749 -0.00415537 0.999821 0.209723
0 10 58 0.99999 -0.00388288 -0.00228765 0.280487 0.00389187 0.999985 0.00393656 -0.138201 0.00227233 -0.00394543 0.99999 0.949857
0 11 52 0.999999 -0.000447063 -0.00145013 -0.0175174 0.000450436 0.999997 0.00232692 -0.0279061 0.00144909 -0.00232757 0.999996 0.999457
0 12 61 0.999999 0.0012381 -0.000404477 -0.0268203 -0.00123722 0.999997 0.00214815 -0.0813439 0.000407135 -0.00214765 0.999998 0.996325
0 13 76 0.99998 0.00624937 -0.000973776 0.321004 -0.00624665 0.999977 0.00277298 0.113101 0.000991083 -0.00276685 0.999996 0.9403
0 14 18 0.999952 0.00755176 -0.00628924 0.868132 -0.00751664 0.999956 0.00558928 -0.228027 0.00633117 -0.00554174 0.999965 0.440851
15 16 29 0.999997 -0.00116919 -0.00216372 0.00745265 0.00116967 0.999999 0.000219188 0.0870104 0.00216346 -0.000221719 0.999998 0.99618
15 17 44 0.999994 -0.000730127 -0.00325386 0.00391812 0.000730435 1 9.36275e-05 0.0661112 0.0032538 -9.60037e-05 0.999995 0.997805
15 18 41 0.999983 0.0055738 -0.00175327 0.254485 -0.00557632 0.999983 -0.00143613 0.386423 0.00174523 0.00144588 0.999997 0.886518
15 19 54 0.999982 0.00574578 0.00162903 0.0319919 -0.00574983 0.99998 0.00249267 -0.0485753 -0.00161468 -0.00250199 0.999996 0.998307
15 20 57 0.99997 0.00688064 0.00344449 -0.0734523 -0.00688797 0.999974 0.00212093 0.048885 -0.00342981 -0.00214459 0.999992 0.9961
15 21 10 0.999979 0.00543982 -0.0036226 0.851598 -0.00543439 0.999984 0.00150822 -0.0114945 0.00363074 -0.0014885 0.999992 0.52407
15 22 20 0.999966 0.00448653 -0.00688759 0.8394 -0.00444988 0.999976 0.00532648 -0.173914 0.00691133 -0.00529565 0.999962 0.514938
15 23 238 0.999976 0.00526559 0.00452553 0.0629451 -0.00527632 0.999983 0.00236227 -0.104345 -0.00451301 -0.00238609 0.999987 0.992547
15 24 10 0.999982 0.00539343 0.00279142 0.826491 -0.00540625 0.999975 0.00460487 -0.297052 -0.00276651 -0.00461988 0.999986 -0.478198
15 25 459 0.999909 0.0027236 -0.0132368 0.910656 -0.0026518 0.999982 0.00543837 0.0116394 0.0132514 -0.00540277 0.999898 0.413002
15 26 391 0.999976 0.00136368 -0.00680419 0.663292 -0.00134502 0.999995 0.00274623 -0.0200441 0.0068079 -0.00273701 0.999973 0.748092
15 27 1650 0.99987 0.00340281 -0.0157427 0.881214 -0.00336382 0.999991 0.00250271 -0.00471253 0.0157511 -0.00244943 0.999873 0.472693
15 28 1748 0.999826 0.00439275 -0.018137 0.873243 -0.00418917 0.999928 0.011247 -0.368868 0.0181851 -0.011169 0.999772 0.318407
15 29 1740 0.999843 0.00186317 -0.0176327 0.914072 -0.00178612 0.999989 0.00438431 -0.235151 0.0176406 -0.00435213 0.999835 0.33042
30 31 15 1 0.000253159 0.000804993 0.0912619 -0.000249655 0.999991 -0.00435048 -0.230373 -0.000806087 0.00435027 0.99999 -0.968813
30 32 46 0.999993 -0.00227123 0.00283903 0.375403 0.00228282 0.999989 -0.00408563 0.000826492 -0.00282972 0.00409208 0.999988 -0.926861
30 33 106 0.99998 -0.00169377 0.00605917 0.278808 0.00172426 0.999986 -0.00503108 -0.157765 -0.00605056 0.00504143 0.999969 0.947299
30 34 43 0.999947 -0.00110854 0.0101963 0.0639591 0.00123625 0.999921 -0.0125272 0.00924109 -0.0101816 0.0125392 0.99987 0.99791
30 35 48 0.999911 -0.00147571 0.0132761 -0.195595 0.00165758 0.999905 -0.0136986 -0.0950792 -0.0132546 0.0137193 0.999818 0.976065
30 36 16 0.999983 -0.000882061 0.00575087 0.954451 0.00094723 0.999935 -0.0113392 -0.240296 -0.00574049 0.0113444 0.999919 -0.176864
30 37 12 0.999956 -0.00729017 0.00588225 0.955173 0.00736914 0.999881 -0.0135179 0.163099 -0.005783 0.0135607 0.999891 0.24707
30 38 90 0.999903 -0.00333784 0.0135457 0.624941 0.00342076 0.999976 -0.00610282 -0.231737 -0.013525 0.00614857 0.99989 -0.745484
30 39 1739 0.999958 -0.00865783 -0.00300945 0.984396 0.0086279 0.999915 -0.00982144 0.0904835 0.00309422 0.00979506 0.999947 0.15092
30 40 205 0.9998 -0.0177944 0.00916689 0.947128 0.0178664 0.99981 -0.00783735 0.295776 -0.00902568 0.00799956 0.999927 -0.124357
30 41 1709 0.999942 -0.0100126 0.00395048 0.991767 0.0100075 0.999949 0.00131386 0.0325975 -0.00396343 -0.00127425 0.999991 0.123837
30 42 1725 0.999986 -0.00522145 -0.0011608 0.97592 0.0052169 0.999979 -0.00388816 0.0859351 0.00118107 0.00388205 0.999992 0.20049
30 43 1319 0.999956 -0.00829019 0.00431432 0.999858 0.0083074 0.999958 -0.00398691 0.0165313 -0.00428109 0.00402257 0.999983 0.00337182
30 44 1702 0.999941 -0.0108171 0.000442384 0.879153 0.0108219 0.999858 -0.0129117 0.470032 -0.000302654 0.0129158 0.999917 0.0784828
45 46 14 0.999897 0.0142784 -0.00125955 0.0890485 -0.0142672 0.999862 0.00849828 -0.937481 0.00138072 -0.00847944 0.999963 -0.33645
45 47 387 0.99988 0.0123309 -0.009427 0.681963 -0.0123629 0.999918 -0.00334433 0.708998 0.00938499 0.00346048 0.99995 0.17958
45 48 1293 0.999802 0.0161585 -0.0115956 0.947489 -0.0160729 0.999843 0.00743744 0.317804 0.011714 -0.00724959 0.999905 0.0355747
45 49 50 0.9998 0.0187887 0.00685194 -0.00161867 -0.0188975 0.999691 0.0161731 0.00485101 -0.00654595 -0.0162993 0.999846 0.999987
45 50 38 0.999791 0.0204324 0.00110258 0.245721 -0.0204482 0.999645 0.0170612 0.0584694 -0.000753589 -0.0170802 0.999854 0.967576
45 51 80 0.999794 0.0199263 -0.00397275 0.293771 -0.0198585 0.999668 0.0164258 0.0169855 0.00429874 -0.0163436 0.999857 0.955725
45 52 160 0.999576 0.0228815 -0.0179836 0.844189 -0.0227655 0.999719 0.00662718 0.449547 0.0181302 -0.00621496 0.999816 0.291981
45 53 113 0.999705 0.0222709 -0.00964955 0.456977 -0.0221675 0.999697 0.0106926 0.0461476 0.00988476 -0.0104756 0.999896 0.888281
45 54 1612 0.999165 0.0266497 -0.0309814 0.925771 -0.0266983 0.999643 -0.00115673 0.281531 0.0309396 0.00198292 0.999519 0.252364
45 55 1658 0.999 0.0256306 -0.0366305 0.999777 -0.0254757 0.999664 0.00469071 -0.0211378 0.0367384 -0.00375283 0.999318 -8.45935e-05
45 56 410 0.999063 0.0261643 -0.0344859 0.933063 -0.0262598 0.999652 -0.00231779 0.205719 0.0344133 0.00322121 0.999402 0.295083
45 57 1677 0.998082 0.0299403 -0.0541782 0.984431 -0.0303321 0.999519 -0.006425 0.175761 0.0539598 0.00805602 0.998511 -0.00209339
45 58 1447 0.998347 0.0276988 -0.050363 0.994223 -0.0278727 0.999608 -0.00275431 0.0385308 0.050267 0.00415351 0.998727 -0.100178
45 59 1654 0.996579 0.0304901 -0.0768176 0.978731 -0.0313948 0.999451 -0.0105973 0.184062 0.0764523 0.0129727 0.996989 0.0905945
60 61 38 0.999998 0.00182095 -0.000274562 -0.0210628 -0.00182034 0.999996 0.00222635 0.0282787 0.000278615 -0.00222584 0.999997 -0.999378
60 62 220 0.999926 0.00312944 -0.0117818 0.937969 -0.00303713 0.999965 0.00784472 0.0177695 0.0118059 -0.00780835 0.9999 -0.346263
60 63 172 0.999949 0.0058088 -0.00831318 0.985947 -0.00573299 0.999942 0.00911375 0.0775669 0.00836563 -0.00906563 0.999924 0.147958
60 64 1230 0.999954 0.00789628 -0.00549775 0.950146 -0.00786544 0.999953 0.00560806 0.0816613 0.00554177 -0.00556455 0.999969 0.300923
60 65 1759 0.999643 0.0148784 -0.0222025 0.995218 -0.014658 0.999842 0.0100568 -0.0961889 0.0223486 -0.00972776 0.999703 -0.0169688
60 66 223 0.999959 0.00729264 0.00541091 0.996589 -0.00730688 0.99997 0.00261808 0.0259174 -0.00539165 -0.00265751 0.999982 0.0783458
60 67 156 0.999957 0.00349593 0.00855304 0.941446 -0.00350831 0.999993 0.00143332 -0.137383 -0.00854797 -0.00146327 0.999962 0.307904
60 68 1692 0.999613 0.0111512 -0.025503 0.995753 -0.0111937 0.999936 -0.00152291 -0.0265206 0.0254844 0.00180779 0.999674 0.088158
60 69 1651 0.999954 0.00866959 -0.00422091 0.998703 -0.0086822 0.999958 -0.00297653 -0.0189106 0.00419492 0.00301304 0.999987 -0.0472632
60 70 1599 0.99987 0.0131933 -0.00930734 0.998068 -0.0132029 0.999912 -0.00096863 -0.0610033 0.00929374 0.00109139 0.999956 -0.0117508
60 71 1560 0.999818 0.0165367 -0.00950252 0.994043 -0.0165008 0.999856 0.0038484 -0.108943 0.00956479 -0.0036909 0.999947 -0.00318436
60 72 1534 0.999802 0.019718 -0.00255883 0.990053 -0.0197131 0.999804 0.00195045 -0.0699709 0.00259678 -0.00189962 0.999995 0.122066
60 73 1502 0.999834 0.0181952 0.000832703 0.995962 -0.0181946 0.999834 -0.00072583 -0.0564182 -0.000845771 0.000710559 0.999999 0.0698281
60 74 1433 0.999833 0.0173031 -0.00594908 0.965488 -0.0174049 0.999695 -0.0174941 0.136671 0.00564456 0.0175947 0.999829 0.221708
75 76 22 0.999994 -0.00301928 -0.00193623 0.553233 0.00301535 0.999993 -0.00203031 0.294562 0.00194235 0.00202446 0.999996 -0.779209
75 77 0 1 0 0 0 0 1 0 0 0 0 1 0
75 78 122 0.999997 0.00240315 0.000363096 0.271903 -0.00240333 0.999997 0.000511347 0.0237783 -0.000361866 -0.000512218 1 -0.962031
75 79 1246 0.99988 0.00360257 -0.0150968 0.997732 -0.00365455 0.999987 -0.00341729 0.0608146 0.0150843 0.00347205 0.99988 -0.0288422
75 80 1773 0.999879 0.0049631 -0.0147176 0.943792 -0.00504954 0.99997 -0.00584236 0.150386 0.0146882 0.00591597 0.999875 -0.294348
75 81 1736 0.999555 0.00524735 -0.0293612 0.973699 -0.00497361 0.999944 0.00938853 -0.190174 0.0294088 -0.00923832 0.999525 -0.125474
75 82 897 0.999856 -0.0022209 -0.0168457 0.998905 0.00226914 0.999993 0.00284497 -0.0467819 0.0168393 -0.00288278 0.999854 -0.00104967
75 83 1735 0.999304 -0.00322736 -0.0371505 0.999648 0.00322826 0.999995 -3.58836e-05 0.0263559 0.0371504 -8.40728e-05 0.99931 -0.00305088
75 84 1686 0.999438 -0.00303794 -0.0333797 0.999185 0.00316475 0.999988 0.00374657 -0.0179061 0.0333679 -0.0038501 0.999436 -0.0361687
75 85 1658 0.999439 -0.000165387 -0.0334965 0.99948 0.000369944 0.999981 0.00610074 0.00301013 0.0334948 -0.00610971 0.99942 -0.0321143
75 86 1556 0.99794 0.00733755 -0.0637333 0.97233 -0.0054934 0.999562 0.0290627 -0.230232 0.0639187 -0.0286527 0.997544 -0.0396026
75 87 1551 0.998926 0.00243202 -0.0462688 0.989809 -0.00200127 0.999954 0.0093536 0.106023 0.0462894 -0.00925096 0.998885 0.095063
75 88 1503 0.999127 0.00872371 -0.0408479 0.982008 -0.00761958 0.999603 0.0271085 -0.167368 0.0410682 -0.0267736 0.998798 0.0874517
75 89 1483 0.998749 0.0109178 -0.0487888 0.978392 -0.0103782 0.999882 0.0112981 0.095303 0.0489064 -0.0107777 0.998745 0.183482
90 91 1718 0.999885 0.000323598 -0.0151897 0.823615 -0.000391421 0.99999 -0.0044623 0.494469 0.0151881 0.00446773 0.999875 0.277776
90 92 493 0.99998 0.00621493 -0.000960429 0.718988 -0.00620962 0.999966 0.00543257 0.106528 0.000994159 -0.0054265 0.999985 0.68681
90 93 1492 0.999915 0.0129294 -0.00148584 0.952603 -0.0129083 0.999827 0.0134238 -0.24599 0.00165915 -0.0134035 0.999909 0.178985
90 94 1090 0.999872 0.0120621 0.0104959 0.796069 -0.0121729 0.99987 0.0105556 -0.179044 -0.0103673 -0.010682 0.999889 0.578115
90 95 1623 0.999955 0.00918723 -0.00236363 0.913219 -0.00917149 0.999936 0.00658752 -0.127474 0.002424 -0.00656555 0.999976 0.387015
90 96 1601 0.999963 0.00846738 0.00172144 0.881793 -0.00847452 0.999955 0.00418481 -0.13064 -0.00168593 -0.00419924 0.99999 0.453182
90 97 1587 0.999812 0.00886411 -0.0172511 0.8915 -0.00870963 0.999921 0.00900977 -0.247238 0.0173296 -0.00885783 0.999811 0.379607
90 98 1396 0.999983 0.00314498 0.0048593 0.652946 -0.00312111 0.999983 -0.00491273 -0.142659 -0.00487467 0.00489748 0.999976 0.743848
90 99 1415 0.999921 -0.00204599 -0.0124172 0.861337 0.00197221 0.99998 -0.00595078 -0.273564 0.0124291 0.00592582 0.999905 0.428091
90 100 1432 0.998392 0.00177246 -0.0566606 0.971294 -0.00237882 0.999941 -0.0106359 -0.10704 0.0566384 0.0107536 0.998337 0.212439
90 101 1241 0.999366 0.00107933 -0.0355818 0.950473 -0.00161317 0.999887 -0.0149781 -0.131677 0.0355616 0.015026 0.999255 0.281536
90 102 1267 0.999007 -0.0062515 -0.0441143 0.941368 0.00573731 0.999914 -0.0117729 -0.265411 0.0441842 0.0115081 0.998957 0.208286
90 103 1194 0.999763 -0.00971776 -0.0194607 0.93948 0.00932092 0.999749 -0.0203799 -0.256877 0.0196539 0.0201937 0.999603 0.226695
90 104 1191 0.999444 -0.00557924 -0.0328658 0.956317 0.00479081 0.9997 -0.0240193 -0.217406 0.03299 0.0238485 0.999171 0.195429
105 106 83 0.999986 0.00322411 0.00426997 0.297151 -0.00321396 0.999992 -0.002381 -0.16627 -0.00427761 0.00236724 0.999988 -0.940242
105 107 1499 0.999906 0.00299549 -0.0133669 0.919584 -0.00297601 0.999994 0.0014772 -0.321427 0.0133712 -0.00143728 0.99991 -0.225943
105 108 37 0.999929 0.00522867 0.0107489 0.844948 -0.00508602 0.999899 -0.0132561 0.0383191 -0.0108172 0.0132005 0.999854 -0.533473
105 109 320 0.999675 0.00834062 0.0241035 0.250057 -0.00795024 0.999836 -0.0162464 -0.0141748 -0.024235 0.0160495 0.999577 -0.968127
105 110 1325 0.999955 0.00599837 0.00736352 0.913772 -0.00586895 0.99983 -0.0174742 0.0734258 -0.00746709 0.0174302 0.99982 -0.399536
105 111 1478 0.999857 0.0123305 -0.0115653 0.841485 -0.0122688 0.99991 0.00539152 -0.402992 0.0116307 -0.00524886 0.999919 -0.359863
105 112 423 0.999727 0.008405 0.0217906 0.575176 -0.00805266 0.999836 -0.016207 0.00126205 -0.0219233 0.0160271 0.999631 -0.818029
105 113 1403 0.999956 0.00883104 0.00323454 0.75804 -0.00877889 0.999837 -0.0157975 -0.0791298 -0.00337352 0.0157684 0.99987 -0.64739
105 114 1232 0.999843 0.00745524 0.0161022 0.457288 -0.0071731 0.999821 -0.0175088 0.0832862 -0.0162299 0.0173906 0.999717 -0.88541
105 115 1331 0.999876 0.0139749 -0.00722022 0.837236 -0.0140067 0.999892 -0.004367 -0.0779122 0.00715842 0.00446759 0.999964 -0.541264
105 116 1305 0.999836 0.011709 -0.0138488 0.87528 -0.0119116 0.999822 -0.0146417 0.100994 0.0136749 0.0148043 0.999797 -0.472954
105 117 1204 0.999599 0.0137585 -0.0247585 0.854346 -0.0141613 0.999769 -0.0161667 0.15545 0.0245304 0.0165108 0.999563 -0.495912
105 118 1224 0.999924 0.00843421 0.0090255 0.688876 -0.00840274 0.999959 -0.00351962 0.0999897 -0.00905481 0.00344351 0.999953 -0.71795
105 119 1192 0.999665 0.0145556 -0.021388 0.853035 -0.014737 0.999857 -0.00835049 0.146273 0.0212634 0.00866289 0.999736 -0.500935
120 121 37 0.999999 4.8739e-05 0.00122312 0.326001 -5.3458e-05 0.999993 0.00385839 0.548478 -0.00122292 -0.00385845 0.999992 -0.769997
120 122 99 0.999941 0.00851798 0.00676374 -0.00882158 -0.00860416 0.999881 0.0128164 -0.0548072 -0.00665377 -0.0128739 0.999895 -0.998458
120 123 1483 0.999856 0.0145293 -0.00881298 0.797951 -0.0145246 0.999894 0.000599384 0.507919 0.00882076 -0.000471292 0.999961 -0.324488
120 124 1437 0.999767 0.0202553 -0.00742998 0.818927 -0.0202785 0.99979 -0.00307245 0.468589 0.00736618 0.0032224 0.999968 -0.331336
120 125 1437 0.999363 0.0282458 -0.02179 0.942867 -0.0281671 0.999596 0.00391103 0.121773 0.0218917 -0.00329477 0.999755 -0.310117
120 126 1429 0.999362 0.0325703 -0.014627 0.821231 -0.0328033 0.999334 -0.0159796 0.452661 0.0140968 0.0164492 0.999765 -0.347387
120 127 1256 0.999517 0.029862 0.00863042 0.394417 -0.0298744 0.999553 0.00131765 0.141511 -0.00858721 -0.00157485 0.999962 -0.90797
120 128 1388 0.999321 0.0300625 -0.021315 0.70607 -0.0303824 0.999428 -0.0148485 0.378358 0.0208564 0.015486 0.999663 -0.598591
120 129 1310 0.999491 0.0315737 -0.00452663 0.515678 -0.0316137 0.999459 -0.00907207 0.348975 0.00423774 0.00921055 0.999949 -0.782491
120 130 1336 0.998442 0.0346281 -0.0437468 0.722084 -0.0358925 0.998951 -0.0284535 0.437879 0.0427156 0.0299793 0.998637 -0.53559
120 131 1297 0.999275 0.034939 -0.0151073 0.384619 -0.0350149 0.999375 -0.00479199 0.251865 0.0149304 0.0053175 0.999874 -0.88805
120 132 1276 0.999076 0.0370196 -0.0218125 0.426631 -0.0371382 0.999297 -0.00505477 0.305006 0.0216101 0.00586017 0.999749 -0.851445
120 133 1246 0.997885 0.0410769 -0.05039 0.677488 -0.0419572 0.998983 -0.0165364 0.405732 0.0496595 0.0186156 0.998593 -0.613507
120 134 1213 0.998727 0.0350274 -0.0362888 0.472846 -0.0353801 0.999332 -0.00912378 0.350893 0.035945 0.0103961 0.9993 -0.808264
135 136 0 1 0 0 0 0 1 0 0 0 0 1 0
135 137 29 0.999908 -0.00104776 -0.01349 0.941832 0.00105752 0.999999 0.000715886 0.163917 0.0134892 -0.000730087 0.999909 -0.2934
135 138 250 0.999896 0.00383958 -0.0139183 0.635672 -0.00386769 0.999991 -0.001993 0.410841 0.0139105 0.00204663 0.999901 -0.653552
135 139 558 0.999976 3.81494e-05 -0.00687803 0.144182 7.65231e-06 0.999978 0.00665898 0.0997978 0.00687813 -0.00665888 0.999954 -0.984506
135 140 1079 0.999786 0.0078257 -0.019174 0.703725 -0.00778011 0.999967 0.00245131 0.422332 0.0191926 -0.00230161 0.999813 -0.57132
135 141 1130 0.999803 0.00592819 -0.0189376 0.579829 -0.00583133 0.99997 0.00516588 0.269379 0.0189677 -0.00505443 0.999807 -0.768917
135 142 1491 0.999226 0.010229 -0.0379803 0.737421 -0.0101563 0.999946 0.00210687 0.286432 0.0379998 -0.0017195 0.999276 -0.611693
135 143 1467 0.999557 0.00582135 -0.0291996 0.474058 -0.00570925 0.999976 0.00392091 0.317649 0.0292217 -0.00375246 0.999566 -0.821199
135 144 1429 0.998755 0.0141676 -0.0478311 0.669452 -0.0143856 0.999888 -0.0042163 0.466874 0.047766 0.00489913 0.998847 -0.577809
135 145 1371 0.999134 0.0178577 -0.0375729 0.467538 -0.0174746 0.999792 0.0105023 0.331252 0.0377526 -0.00983664 0.999239 -0.819561
135 146 1325 0.998289 0.0198105 -0.0550163 0.623313 -0.0193093 0.999767 0.00962645 0.359689 0.0551942 -0.00854765 0.998439 -0.694338
135 147 1255 0.997996 0.028267 -0.0566064 0.643152 -0.0270325 0.999382 0.0224579 0.26159 0.0572062 -0.0208827 0.998144 -0.719671
135 148 1235 0.996156 0.0366191 -0.0795767 0.711501 -0.036534 0.999329 0.00252533 0.472947 0.0796158 0.000391634 0.996826 -0.519699
135 149 1139 0.995788 0.0385209 -0.0832026 0.734024 -0.0380131 0.999248 0.00767837 0.479037 0.0834358 -0.00448324 0.996503 -0.481386
150 151 21 0.999862 0.0162891 0.00332833 -0.0235938 -0.0163443 0.999717 0.017288 -0.80396 -0.00304578 -0.01734 0.999845 -0.594215
150 152 1304 0.999782 0.0208558 0.000147486 0.135832 -0.0208359 0.998465 0.0513156 -0.970295 0.000922967 -0.0513075 0.998682 -0.200192
150 153 162 0.999713 0.0235109 0.00462618 0.00448199 -0.0235531 0.999679 0.00929589 -0.185051 -0.00440614 -0.00940218 0.999946 -0.982719
150 154 15 0.999708 0.0227839 -0.00807556 0.863234 -0.0226801 0.999662 0.0127311 0.025179 0.0083629 -0.0125443 0.999886 -0.504175
150 155 22 0.999601 0.0212447 -0.0186164 0.979397 -0.020988 0.999683 0.013877 0.17022 0.0189053 -0.0134808 0.99973 -0.108661
150 156 1133 0.998005 0.030284 -0.0553977 0.913716 -0.0304492 0.999534 -0.0021409 0.393908 0.055307 0.00382344 0.998462 -0.0998002
150 157 1103 0.998273 0.0383536 -0.0445062 0.862215 -0.0380847 0.999251 0.00687501 0.315638 0.0447365 -0.00516813 0.998985 -0.39618
150 158 701 0.999085 0.0398972 -0.0154238 0.30568 -0.0395476 0.998968 0.0223444 0.00166276 0.0162994 -0.021714 0.999631 -0.952133
150 159 418 0.999123 0.0372218 -0.019178 0.52612 -0.036857 0.999139 0.0190358 0.166452 0.0198701 -0.0183123 0.999635 -0.833961
150 160 589 0.999215 0.0333862 -0.0213135 0.29704 -0.0330837 0.999349 0.0143908 0.206208 0.0217801 -0.0136744 0.999669 -0.932333
150 161 988 0.997806 0.0365324 -0.0552086 0.638975 -0.0363797 0.999331 0.00376766 0.33791 0.0553093 -0.00175092 0.998468 -0.691034
150 162 938 0.997069 0.0405637 -0.0648705 0.694223 -0.0404876 0.999177 0.00248779 0.425376 0.064918 0.000145953 0.997891 -0.580611
150 163 880 0.995721 0.0444931 -0.0809881 0.815916 -0.0440018 0.999001 0.0078422 0.32787 0.0812561 -0.00424503 0.996684 -0.476216
150 164 867 0.997834 0.0456125 -0.0474063 0.394346 -0.0442068 0.998563 0.0302889 0.136956 0.0487197 -0.0281276 0.998416 -0.908699
165 166 31 0.999981 0.0055703 -0.00276502 0.137481 -0.00554835 0.999954 0.00788161 -0.40054 0.00280879 -0.00786612 0.999965 -0.905906
165 167 43 0.999956 0.00723555 -0.00602273 0.156143 -0.00719889 0.999956 0.00608564 0.408015 0.0060665 -0.00604201 0.999963 -0.899524
165 168 1615 0.99954 0.0136963 -0.0270727 0.856679 -0.0136358 0.999904 0.0024174 0.39502 0.0271032 -0.00204713 0.999631 -0.331753
165 169 1589 0.999453 0.0163964 -0.0287262 0.72053 -0.0163693 0.999865 0.00117916 0.42714 0.0287416 -0.000708285 0.999587 -0.54625
165 170 1678 0.999205 0.0171288 -0.0359921 0.741904 -0.0169731 0.999845 0.00462782 0.240062 0.0360658 -0.00401325 0.999341 -0.626058
165 171 1649 0.998473 0.018752 -0.0519618 0.721198 -0.0194826 0.999718 -0.0135882 0.55403 0.0516923 0.0145798 0.998557 -0.415841
165 172 1577 0.998266 0.0245967 -0.0534778 0.785445 -0.0248365 0.999684 -0.00382518 0.400887 0.0533669 0.00514675 0.998562 -0.471557
165 173 1549 0.997901 0.0157288 -0.0628228 0.68316 -0.0168109 0.999719 -0.016734 0.508239 0.0625419 0.017755 0.997884 -0.52439
165 174 1494 0.998209 0.0225404 -0.0554054 0.571343 -0.0223153 0.99974 0.00467835 0.285367 0.0554965 -0.00343358 0.998453 -0.769502
165 175 1401 0.998161 0.0332443 -0.0506927 0.496745 -0.0325991 0.999377 0.0135004 0.194581 0.05111 -0.0118231 0.998623 -0.845803
165 176 1327 0.994862 0.0379601 -0.0938506 0.77458 -0.0392765 0.999154 -0.0122188 0.386881 0.0933074 0.0158421 0.995511 -0.500349
165 177 1246 0.997988 0.0461573 -0.0434744 0.440646 -0.0456511 0.998878 0.0125661 0.219993 0.0440057 -0.0105562 0.998976 -0.870307
165 178 1231 0.996078 0.0536595 -0.0703552 0.659999 -0.0541266 0.998523 -0.00474818 0.341285 0.0699964 0.00853765 0.997511 -0.669272
165 179 1187 0.993432 0.0560208 -0.0997706 0.735009 -0.0595809 0.997676 -0.0330652 0.456856 0.0976864 0.0387925 0.994461 -0.501043
180 181 13 0.999984 0.00311815 -0.00473959 0.841534 -0.00313267 0.99999 -0.00305936 0.419041 0.00473001 0.00307416 0.999984 -0.340918
180 182 220 0.999914 0.00793549 -0.010411 0.900386 -0.00799681 0.999951 -0.00586216 0.184441 0.0103639 0.00594491 0.999929 -0.394064
180 183 695 0.999844 0.0176676 0.000592822 0.338047 -0.0176645 0.999832 -0.00489211 -0.0799642 -0.000679154 0.00488088 0.999988 -0.937726
180 184 816 0.999852 0.0172024 -3.31143e-05 0.380025 -0.0172016 0.999781 -0.0119147 0.132538 -0.000171855 0.0119135 0.999929 -0.915431
180 185 1943 0.999295 0.020935 -0.0311779 0.770394 -0.0215337 0.999588 -0.0189921 0.225386 0.0307674 0.0196501 0.999333 -0.596401
180 186 1864 0.999327 0.0241913 -0.0275639 0.731958 -0.0249348 0.999326 -0.0269587 0.417478 0.0268931 0.0276279 0.999256 -0.53847
180 187 1793 0.99937 0.027232 -0.0227382 0.675053 -0.0277068 0.999399 -0.0208332 0.23527 0.0221572 0.0214501 0.999524 -0.699251
180 188 1705 0.999468 0.0306192 -0.0112065 0.45004 -0.0308366 0.999329 -0.0197694 0.131733 0.0105936 0.0201045 0.999742 -0.883239
180 189 1675 0.997984 0.028573 -0.0566667 0.790196 -0.0307552 0.998804 -0.0380183 0.318644 0.0555126 0.0396845 0.997669 -0.523504
180 190 1603 0.999403 0.0219503 -0.0266796 0.468387 -0.0226482 0.999402 -0.0261418 0.256606 0.0260898 0.0267304 0.999302 -0.845439
180 191 1552 0.99802 0.0299127 -0.0553261 0.643558 -0.0313178 0.999204 -0.0247063 0.172691 0.054543 0.0263901 0.998163 -0.745661
180 192 1498 0.996395 0.0249195 -0.0810952 0.766762 -0.0284327 0.998694 -0.0424588 0.311877 0.0799312 0.0446115 0.995802 -0.561078
180 193 1468 0.996861 0.0269319 -0.0744566 0.696547 -0.0298654 0.998809 -0.0385702 0.278804 0.0733292 0.0406728 0.996478 -0.661128
180 194 1319 0.99704 0.0197885 -0.0742947 0.66022 -0.022982 0.998837 -0.0423786 0.328445 0.0733697 0.0439606 0.996335 -0.675451
195 196 28 0.999926 -0.00717357 -0.00981169 0.553144 0.00720824 0.999968 0.00350314 0.410634 0.00978624 -0.0035736 0.999946 -0.724853
195 197 866 0.999586 -0.0080985 -0.0275931 0.766401 0.00823722 0.999954 0.00491736 0.573319 0.027552 -0.00514262 0.999607 -0.289714
195 198 1617 0.998503 0.000660638 -0.0546847 0.900644 0.00143242 0.999268 0.038227 -0.336886 0.0546699 -0.0382482 0.997772 -0.274496
195 199 1035 0.99914 0.00329909 -0.0413386 0.635039 -0.00184116 0.999377 0.0352566 -0.114541 0.0414291 -0.0351502 0.998523 -0.763941
195 200 1438 0.9979 0.00915799 -0.0641296 0.858197 -0.00560659 0.998452 0.055341 -0.294298 0.0645371 -0.0548653 0.996406 -0.42058
195 201 1423 0.996177 0.00680816 -0.0870918 0.988997 -0.00350115 0.999269 0.038068 0.0196425 0.0872873 -0.0376176 0.995473 -0.146624
195 202 1202 0.998499 0.0103562 -0.0537834 0.734861 -0.00819374 0.999155 0.0402735 -0.0489693 0.0541551 -0.0397723 0.99774 -0.676447
195 203 1388 0.99393 0.0191565 -0.108334 0.957538 -0.0133102 0.998429 0.0544328 -0.0988194 0.109207 -0.0526604 0.992623 -0.270843
195 204 1347 0.994224 0.0246822 -0.104453 0.972293 -0.0194463 0.998517 0.0508521 -0.0586929 0.105553 -0.0485272 0.993229 -0.226279
195 205 1313 0.996138 0.0366618 -0.0797813 0.839979 -0.032276 0.997932 0.0555849 -0.21049 0.0816542 -0.0527952 0.995261 -0.50013
195 206 1315 0.99252 0.0321079 -0.117787 0.949936 -0.0263332 0.998389 0.0502601 -0.0947832 0.119211 -0.0467825 0.991766 -0.297722
195 207 1238 0.991342 0.0365298 -0.126125 0.949432 -0.0297224 0.99802 0.0554403 -0.14168 0.1279 -0.0512115 0.990464 -0.280188
195 208 1206 0.991462 0.046037 -0.121999 0.955292 -0.0399044 0.997837 0.0522434 -0.120778 0.124141 -0.0469291 0.991154 -0.269871
195 209 1208 0.991932 0.0510509 -0.116041 0.925651 -0.0450485 0.997536 0.053775 -0.16057 0.1185 -0.0481137 0.991788 -0.342619
210 211 29 0.999977 -0.000133361 0.0068039 -0.594003 0.000151138 0.999997 -0.00261229 -0.110991 -0.00680353 0.00261326 0.999973 0.796769
210 212 95 0.999942 0.0080068 0.00722681 0.697548 -0.00799314 0.999966 -0.0019184 -0.0356052 -0.00724193 0.00186052 0.999972 -0.715652
210 213 573 0.999885 0.0104239 0.0110542 0.619569 -0.0104173 0.999946 -0.000661105 0.016296 -0.0110605 0.000545874 0.999939 -0.784773
210 214 1640 0.999911 0.0051194 -0.0123116 0.945445 -0.00509132 0.999984 0.0023111 0.0542901 0.0123232 -0.00224822 0.999922 -0.321227
210 215 1282 0.999974 0.0053235 0.004794 0.856387 -0.00536634 0.999945 0.00896858 -0.0363764 -0.00474599 -0.00899408 0.999948 -0.515052
210 216 1515 0.999352 -0.00694637 -0.0353315 0.97418 0.00693887 0.999976 -0.000334843 0.163822 0.0353329 8.94651e-05 0.999376 -0.155358
210 217 1318 0.999833 -0.0176253 0.00487443 0.893946 0.0175459 0.99972 0.0158741 0.0923744 -0.00515285 -0.0157859 0.999862 -0.438552
210 218 1045 0.999791 -0.00670318 0.0193167 0.725729 0.00610741 0.999509 0.030738 -0.0761204 -0.0195133 -0.0306136 0.999341 -0.683757
210 219 1337 0.999644 -0.0254189 0.00811227 0.899427 0.0251515 0.999187 0.0315207 0.0269258 -0.00890689 -0.0313054 0.99947 -0.43624
210 220 1385 0.999851 -0.0171588 -0.00192201 0.886097 0.0172249 0.998951 0.0424257 -0.101383 0.00119202 -0.0424525 0.999098 -0.452276
210 221 1302 0.999502 -0.0135282 -0.0285181 0.954262 0.0146441 0.99912 0.0392922 -0.0830289 0.0279615 -0.0396902 0.998821 -0.287212
210 222 1330 0.999927 -0.00407411 -0.0113438 0.92106 0.00448989 0.99931 0.0368709 -0.148245 0.0111858 -0.0369192 0.999256 -0.3601
210 223 1332 0.999389 -0.00880057 -0.0338268 0.933161 0.00979893 0.999518 0.0294624 -0.0407081 0.0335512 -0.0297758 0.998993 -0.357145
210 224 1303 0.999019 -0.00384351 -0.0441144 0.954569 0.00542475 0.999345 0.0357804 -0.101514 0.043948 -0.0359846 0.998386 -0.280166
225 226 21 0.999995 0.00248914 0.00177626 0.218947 -0.00248262 0.99999 -0.00366482 0.500485 -0.00178537 0.00366039 0.999992 -0.837602
225 227 288 0.999924 0.0121278 -0.00213655 0.652453 -0.0121345 0.999921 -0.00313377 -0.197038 0.00209838 0.00315946 0.999993 -0.731766
225 228 324 0.999544 0.0295961 0.00605267 0.540841 -0.0295803 0.999559 -0.002683 -0.513868 -0.00612941 0.00250274 0.999978 -0.665906
225 229 1817 0.999583 0.0217962 -0.0189276 0.843287 -0.0216694 0.999742 0.00688078 -0.360537 0.0190727 -0.00646776 0.999797 -0.398597
225 230 1748 0.999371 0.0314166 -0.0164775 0.709041 -0.0311372 0.999371 0.0169498 -0.640971 0.0169996 -0.0164261 0.999721 -0.293968
225 231 1706 0.999425 0.02824 -0.0187804 0.819878 -0.0281442 0.99959 0.00534904 -0.463125 0.0189237 -0.0048174 0.999809 -0.336622
225 232 1680 0.999444 0.0250463 -0.022 0.894289 -0.0252663 0.999633 -0.00977855 -0.199656 0.021747 0.010329 0.99971 -0.40048
225 233 378 0.999564 0.0268952 0.0121549 0.623654 -0.0266379 0.999428 -0.0208553 -0.2607 -0.0127088 0.0205224 0.999709 -0.736947
225 234 1606 0.999175 0.0334049 -0.0231041 0.842881 -0.0335715 0.999413 -0.00686148 -0.42764 0.0228613 0.00763146 0.99971 -0.326614
225 235 771 0.999709 0.0240911 0.00156679 0.702281 -0.024045 0.999404 -0.0247518 -0.234741 -0.00216216 0.0247069 0.999692 -0.672085
225 236 1617 0.999069 0.0181386 -0.0391372 0.921061 -0.0188978 0.999639 -0.0191162 -0.235754 0.0387764 0.019838 0.999051 -0.309945
225 237 1445 0.999202 0.0340993 -0.0207781 0.850746 -0.034492 0.999227 -0.0188445 -0.370504 0.0201195 0.0195462 0.999606 -0.37277
225 238 924 0.999285 0.0376186 -0.00389743 0.811691 -0.0377123 0.998905 -0.0276897 -0.33491 0.00285151 0.0278169 0.999609 -0.478532
225 239 1465 0.998683 0.0354343 -0.0370969 0.939759 -0.0363004 0.999078 -0.0229408 -0.233257 0.0362498 0.0242572 0.999048 -0.249889
240 241 2075 0.999896 0.00552698 -0.0133267 0.5092 -0.00528507 0.999822 0.0181202 -0.854728 0.0134245 -0.0180479 0.999747 0.100772
240 242 585 0.999861 0.00454082 -0.0160582 0.962624 -0.00461444 0.999979 -0.00455042 -0.096653 0.0160372 0.00462389 0.999861 0.253009
240 243 1379 0.999727 0.00588554 -0.0226076 0.894073 -0.00613018 0.999923 -0.0107668 -0.0553678 0.0225425 0.0109024 0.999686 0.444486
240 244 830 0.999708 0.0189997 -0.0149054 0.917344 -0.0191269 0.999781 -0.00843655 -0.251987 0.0147418 0.00871919 0.999853 0.308192
240 245 1195 0.99969 0.0152849 -0.0196571 0.897231 -0.0155819 0.999765 -0.0150455 -0.146515 0.0194225 0.0153471 0.999694 0.416545
240 246 1666 0.999393 0.00631087 -0.034275 0.942405 -0.00725244 0.999598 -0.0274165 0.0793844 0.0340882 0.0276485 0.999036 0.324917
240 247 1389 0.999592 0.00504202 -0.028113 0.967557 -0.00562069 0.999773 -0.0205428 0.0564061 0.028003 0.0206925 0.999394 0.246276
240 248 1526 0.999154 0.00827156 -0.0402755 0.966348 -0.00901948 0.99979 -0.0184239 0.0802176 0.0401146 0.0187716 0.999019 0.24441
240 249 1308 0.999726 0.0130909 -0.0193982 0.942633 -0.0132688 0.999871 -0.00906868 0.0112378 0.0192769 0.00932359 0.999771 0.333642
240 250 806 0.999782 0.0208992 -0.000189786 0.926101 -0.0208993 0.999782 -0.000123473 -0.0747986 0.000187164 0.000127412 1 0.369786
240 251 1136 0.999701 0.0186547 -0.0157795 0.907141 -0.0187056 0.99982 -0.00308115 0.0143948 0.0157192 0.0033754 0.999871 0.420581
240 252 1080 0.999935 0.0103508 -0.00475784 0.860366 -0.0103624 0.999943 -0.00242461 0.0314879 0.00473247 0.00247375 0.999986 0.508703
240 253 1022 0.999972 0.00313196 -0.00679948 0.877055 -0.00314696 0.999993 -0.00219723 0.0462023 0.00679255 0.00221857 0.999974 0.478164
240 254 1042 0.999811 -0.00326734 -0.0191811 0.911836 0.0031562 0.999978 -0.00582147 0.0703362 0.0191997 0.00575983 0.999799 0.404484
255 256 26 0.999928 -0.0116446 0.00306494 0.602323 0.0116444 0.999932 9.24814e-05 0.256867 -0.00306581 -5.67852e-05 0.999995 -0.755795
255 257 0 1 0 0 0 0 1 0 0 0 0 1 0
255 258 775 0.999768 -0.02154 0.000445911 0.764502 0.0215378 0.999759 0.00432914 0.0530846 -0.000539053 -0.00431853 0.999991 0.642431
255 259 1785 0.999604 -0.0236569 -0.0152516 0.878823 0.023595 0.999713 -0.0042317 0.168907 0.0153473 0.00387016 0.999875 0.446251
255 260 1611 0.999733 -0.0200391 -0.0115097 0.899493 0.0200292 0.999799 -0.000971608 0.113013 0.0115268 0.00074082 0.999933 0.422067
255 261 1719 0.99976 -0.0201087 -0.00874025 0.806921 0.0200748 0.999791 -0.0039454 0.130883 0.00881775 0.00376899 0.999954 0.575976
255 262 1234 0.999749 -0.0217545 -0.00531771 0.882745 0.0217456 0.999762 -0.00172588 0.127084 0.00535399 0.00160981 0.999984 0.452339
255 263 1430 0.99937 -0.0320477 -0.0152342 0.830625 0.0320162 0.999485 -0.00230684 0.23739 0.0153003 0.00181765 0.999881 0.503694
255 264 1584 0.99936 -0.0262435 -0.0243 0.800196 0.0263207 0.999649 0.00285953 0.101079 0.0242165 -0.00349729 0.999701 0.591159
255 265 1534 0.999163 -0.0301442 -0.0276542 0.807007 0.0300918 0.999544 -0.00230764 0.11747 0.0277112 0.00147354 0.999615 0.578741
255 266 1387 0.999289 -0.027465 -0.0258298 0.801946 0.0275897 0.999609 0.00448466 0.0536401 0.0256965 -0.00519411 0.999656 0.594983
255 267 1409 0.998617 -0.0303123 -0.0429622 0.786532 0.0301383 0.999535 -0.00469213 0.0941123 0.0430844 0.00339083 0.999066 0.610336
255 268 1360 0.99845 -0.032794 -0.0449685 0.825785 0.0325457 0.999451 -0.00624163 0.0838343 0.0451485 0.00476842 0.998969 0.557719
255 269 1306 0.998349 -0.0299296 -0.0490172 0.814274 0.029707 0.999545 -0.00526285 0.0447731 0.0491524 0.00379801 0.998784 0.578751
270 271 1873 0.999939 0.00209166 -0.0108304 0.577282 -0.00188259 0.999812 0.0192784 -0.715358 0.0108687 -0.0192568 0.999755 0.393711
270 272 1082 0.999759 0.0134653 0.0173311 -0.309599 -0.0134537 0.999909 -0.000785779 0.0737156 -0.0173401 0.000552422 0.999849 0.948006
270 273 1502 0.999954 0.00906018 -0.0032337 0.713896 -0.00905703 0.999958 0.000989376 -0.0208603 0.00324253 -0.000960043 0.999994 0.699941
270 274 1706 0.999911 0.0120783 -0.00572494 0.709946 -0.0120463 0.999912 0.00559853 -0.108068 0.00579206 -0.00552906 0.999968 0.695915
270 275 1461 0.999916 0.0117709 -0.00542097 0.689813 -0.0117266 0.999898 0.00813926 -0.164194 0.00551622 -0.00807501 0.999952 0.705123
270 276 1616 0.999826 0.00875217 -0.0164778 0.813777 -0.00865305 0.999944 0.00607668 -0.0564507 0.0165301 -0.00593304 0.999846 0.57843
270 277 1607 0.999676 0.00612715 -0.0246927 0.805516 -0.00599582 0.999968 0.00538888 -0.0545849 0.0247249 -0.00523909 0.999681 0.590054
270 278 1484 0.999839 0.00938675 -0.0152704 0.72669 -0.00926747 0.999926 0.0078632 -0.0853981 0.0153431 -0.00772042 0.999852 0.681637
270 279 1290 0.999562 0.0275333 -0.0108905 0.758777 -0.0273068 0.999418 0.0204277 -0.195314 0.0114466 -0.0201214 0.999732 0.621378
270 280 1206 0.999806 0.0190814 -0.00483474 0.720981 -0.0190084 0.999711 0.0147375 -0.104601 0.00511456 -0.0146428 0.99988 0.685015
270 281 1307 0.999686 0.0244068 -0.00574744 0.748613 -0.0243099 0.99957 0.0163784 -0.145434 0.00614471 -0.0162335 0.999849 0.646859
270 282 1122 0.999765 0.0214422 -0.00311938 0.768156 -0.0213974 0.999677 0.013742 -0.101223 0.00341303 -0.013672 0.999901 0.632211
270 283 1115 0.999733 0.0230893 -0.000239606 0.710806 -0.0230823 0.9996 0.0163315 -0.10745 0.000616593 -0.0163216 0.999867 0.695133
270 284 1094 0.999675 0.0237566 -0.00927931 0.753348 -0.0236265 0.999624 0.0138929 -0.123581 0.00960588 -0.0136692 0.99986 0.645906
285 286 80 0.999994 0.00104834 0.00330243 0.453458 -0.00104569 0.999999 -0.000803442 -0.182211 -0.00330327 0.000799984 0.999994 0.872454
285 287 472 0.999991 0.00420517 -0.000611745 0.72653 -0.00420882 0.999973 -0.00610198 -0.285698 0.000586069 0.0061045 0.999981 0.624925
285 288 563 0.999982 0.00340184 0.00492522 0.773035 -0.00336665 0.999969 -0.0071359 -0.236148 -0.00494934 0.00711919 0.999962 0.588771
285 289 1814 0.999972 0.00156032 -0.0072959 0.836778 -0.00161589 0.99997 -0.00761799 -0.190806 0.00728379 0.00762957 0.999944 0.51322
285 290 1747 0.999953 0.00663663 -0.00705713 0.770665 -0.00670623 0.999929 -0.00988416 -0.264696 0.00699103 0.00993103 0.999926 0.579664
285 291 1375 0.999891 0.0135275 0.00595639 0.67431 -0.0134458 0.999818 -0.0135399 -0.261971 -0.00613847 0.0134583 0.999891 0.690419
285 292 1723 0.999663 0.0181998 -0.0185195 0.878051 -0.0184054 0.99977 -0.0109931 -0.219361 0.0183152 0.0113303 0.999768 0.425331
285 293 1682 0.999644 0.0191283 -0.0186148 0.774733 -0.0192594 0.999791 -0.00689031 -0.318745 0.0184791 0.00724637 0.999803 0.546068
285 294 1548 0.999704 0.0211994 -0.011954 0.735878 -0.0213975 0.999632 -0.0166951 -0.243771 0.0115957 0.0169459 0.999789 0.631712
285 295 1565 0.999205 0.0279386 -0.0284486 0.844543 -0.0284676 0.999426 -0.0183622 -0.170697 0.0279193 0.0191574 0.999427 0.507552
285 296 1356 0.999151 0.0353055 -0.0212254 0.790682 -0.03575 0.999141 -0.0209418 -0.206919 0.0204678 0.0216828 0.999555 0.576201
285 297 1450 0.998839 0.0435018 -0.0206849 0.817944 -0.043903 0.998848 -0.0193563 -0.281738 0.019819 0.0202419 0.999599 0.501588
285 298 1303 0.998766 0.0475249 -0.0144075 0.782512 -0.0477797 0.998698 -0.0178841 -0.268528 0.0135388 0.0185505 0.999736 0.561754
285 299 1314 0.998622 0.0484193 -0.0202518 0.750456 -0.0487536 0.998677 -0.0163503 -0.279857 0.0194334 0.0173151 0.999661 0.598745
300 301 157 0.999987 0.00499903 0.000901383 0.251865 -0.00499923 0.999987 0.000222396 -0.274993 -0.00090026 -0.000226899 1 -0.92787
300 302 22 0.999943 -0.00099333 -0.0106185 0.851442 0.00099907 0.999999 0.000535301 -0.271471 0.010618 -0.000545879 0.999943 0.448721
300 303 39 0.999886 -0.000850247 -0.0150539 0.913641 0.000801305 0.999994 -0.00325683 -0.0536163 0.0150565 0.00324439 0.999881 0.40297
300 304 1417 0.999722 -0.000159497 -0.0235936 0.973689 0.00018483 0.999999 0.00107154 -0.0826372 0.0235934 -0.0010756 0.999721 0.21237
300 305 1699 0.999627 0.002437 -0.0272157 0.957426 -0.00241689 0.999997 0.000771731 -0.0365382 0.0272175 -0.000705666 0.999629 0.286358
300 306 1997 0.998303 0.0051424 -0.0579999 0.987599 -0.00570062 0.999939 -0.00946322 0.152356 0.0579477 0.0097778 0.998272 0.0378911
300 307 1376 0.999635 0.0117407 -0.0243299 0.949774 -0.0116471 0.999924 0.00398817 -0.0568515 0.0243749 -0.00370335 0.999696 0.307728
300 308 1818 0.999169 0.0126455 -0.0387606 0.963527 -0.0125852 0.999919 0.00180073 0.00469972 0.0387803 -0.00131142 0.999247 0.267571
300 309 1733 0.99905 0.0138718 -0.0413137 0.971268 -0.0137175 0.999898 0.00401735 -0.0124157 0.0413652 -0.00344681 0.999138 0.237663
300 310 1682 0.997703 0.0137459 -0.0663297 0.985757 -0.0137981 0.999905 -0.000328869 0.0903595 0.0663189 0.00124334 0.997798 0.14184
300 311 1561 0.998701 0.0166031 -0.0481644 0.966925 -0.0162319 0.999836 0.00808815 -0.0156078 0.0482908 -0.00729585 0.998807 0.254582
300 312 1522 0.99868 0.0170496 -0.0484462 0.980718 -0.0166609 0.999826 0.00841419 0.0121193 0.0485813 -0.00759593 0.99879 0.195053
300 313 1350 0.998286 0.0256657 -0.0525921 0.980712 -0.0248642 0.999565 0.0158391 -0.0716368 0.0529758 -0.0145043 0.99849 0.18186
300 314 1186 0.996547 0.034765 -0.0754067 0.962999 -0.033945 0.99935 0.0121293 -0.0256843 0.0757794 -0.00952769 0.997079 0.26828
315 316 51 0.999952 0.00974636 0.00116942 -0.419933 -0.00973909 0.999934 -0.00606886 0.297489 -0.00122849 0.00605718 0.999981 -0.857413
315 317 366 0.999884 0.00680979 -0.013589 0.986756 -0.00690864 0.99995 -0.00724009 -0.117194 0.0135391 0.00733313 0.999881 -0.112155
315 318 465 0.999951 -0.00982115 0.00130066 0.267502 0.00983975 0.999837 -0.0151642 0.392523 -0.00115151 0.0151763 0.999884 -0.879982
315 319 1000 0.999809 0.00287241 -0.0193434 0.905611 -0.00321061 0.999842 -0.0174756 0.186322 0.0192901 0.0175344 0.99966 -0.38099
315 320 681 0.99974 0.0156154 -0.0166017 0.968749 -0.0158639 0.999762 -0.0149443 0.00124793 0.0163644 0.0152038 0.99975 -0.248039
315 321 381 0.999511 0.0278058 -0.0143193 0.951696 -0.0280208 0.999494 -0.0150349 -0.279445 0.013894 0.0154288 0.999784 0.127222
315 322 1464 0.998047 0.0397652 -0.0481731 0.984019 -0.0403543 0.999121 -0.0113174 -0.171966 0.0476807 0.0132393 0.998775 0.0461938
315 323 1331 0.997874 0.0462318 -0.0459288 0.997306 -0.0470319 0.998757 -0.0164945 -0.0128456 0.0451092 0.0186196 0.998809 -0.0722172
315 324 1309 0.996942 0.0506497 -0.059504 0.997453 -0.0515108 0.998587 -0.0130265 -0.0278564 0.0587601 0.0160518 0.998143 -0.065668
315 325 1335 0.995535 0.055109 -0.0766331 0.998953 -0.0563641 0.998308 -0.014312 0.0453354 0.0757147 0.0185674 0.996957 -0.00616267
