0 1 52 0.999999 -0.00111554 0.0003916 -0.0638224 0.00111474 0.999997 0.00204793 -0.163358 -0.000393884 -0.00204749 0.999998 -0.9845
0 2 46 0.999951 -0.00189898 -0.00966684 0.841008 0.00194534 0.999987 0.00478934 -0.272603 0.00965762 -0.00480792 0.999942 0.467325
0 3 30 0.999959 -0.000566251 -0.00907814 0.967589 0.000577494 0.999999 0.00123582 0.0919019 0.00907743 -0.00124101 0.999958 0.235213
0 4 14 0.999994 -0.00205057 -0.00268677 0.791686 0.00205598 0.999996 0.00201259 0.192263 0.00268264 -0.0020181 0.999994 0.579886
0 5 93 0.999988 -0.00476099 0.00105606 0.0452237 0.00475853 0.999986 0.0023177 0.0560816 -0.00106708 -0.00231264 0.999997 -0.997401
0 6 18 0.999974 -0.00538877 -0.00471257 0.987044 0.00539736 0.999984 0.00181224 0.0773318 0.00470273 -0.00183763 0.999987 0.140581
0 7 70 0.999987 -0.00471961 -0.00167612 0.367628 0.00472252 0.999987 0.00173516 0.229583 0.00166791 -0.00174306 0.999997 0.901189
0 8 56 0.999983 -0.00553917 -0.00157502 0.447232 0.00554326 0.999981 0.00260744 -0.166646 0.00156055 -0.00261613 0.999995 0.878756
0 9 69 0.999995 -0.00314426 0.000697259 0.182406 0.00314234 0.999991 0.00273392 -0.102827 -0.000705849 -0.00273172 0.999996 -0.977832
0 10 49 0.99992 -0.00350061 -0.0121162 0.888607 0.00353864 0.999989 0.0031183 -0.00713153 0.0121051 -0.00316093 0.999922 0.458614
0 11 1971 0.999703 -0.000588503 -0.0243685 0.971653 0.000561605 0.999999 -0.00111062 0.139092 0.0243692 0.0010966 0.999702 0.191164
0 12 79 0.999999 0.00123972 -0.000824443 0.108903 -0.00123859 0.999998 0.00136601 0.0336129 0.000826135 -0.00136499 0.999999 0.993484
0 13 1566 0.999802 0.00529221 -0.0191708 0.961979 -0.00526157 0.999985 0.00164807 0.0859991 0.0191793 -0.00154688 0.999815 0.25923
0 14 140 0.999888 0.00680717 -0.0132946 0.956329 -0.00677599 0.999974 0.00238871 0.0671113 0.0133105 -0.00229836 0.999909 0.284484
15 16 27 0.999999 -6.61325e-06 -0.0017128 0.162653 8.52039e-06 0.999999 0.00111346 -0.420855 0.00171279 -0.00111347 0.999998 -0.892426
15 17 81 0.999995 0.000295162 -0.00312898 0.0224747 -0.000290651 0.999999 0.00144188 -0.00276973 0.0031294 -0.00144097 0.999994 -0.999744
15 18 21 0.999985 0.00154809 -0.00525789 0.844902 -0.00154693 0.999999 0.000225304 0.212303 0.00525823 -0.000217167 0.999986 0.490987
15 19 75 0.99989 0.00491437 -0.0140081 0.965925 -0.00487609 0.999984 0.00276606 -0.0295992 0.0140215 -0.00269745 0.999898 0.257125
15 20 21 0.999982 0.00377922 -0.00476551 0.873114 -0.00376173 0.999986 0.00367535 -0.185457 0.00477933 -0.00365735 0.999982 0.450864
15 21 117 0.999975 0.00631114 0.00306682 -0.133994 -0.00631495 0.999979 0.00123529 0.177945 -0.00305896 -0.00125462 0.999995 0.974875
15 22 104 0.999946 0.00238964 -0.0101131 0.911793 -0.00237472 0.999996 0.00148669 0.117099 0.0101166 -0.00146259 0.999948 0.393601
15 23 134 0.999981 0.00522028 0.00319969 0.143768 -0.00522805 0.999983 0.00242354 0.0109655 -0.00318698 -0.00244022 0.999992 0.989551
15 24 1240 0.999832 0.00482748 -0.0176917 0.999409 -0.0047467 0.999978 0.00460521 -0.0258973 0.0177135 -0.00452046 0.999833 0.0226036
15 25 218 0.999982 0.00188727 -0.0056561 0.662445 -0.00185563 0.999983 0.00559432 -0.0114163 0.00566656 -0.00558372 0.999968 0.749024
15 26 1768 0.999871 0.00338329 -0.0156954 0.846083 -0.00329947 0.99998 0.0053636 -0.123189 0.0157133 -0.00531113 0.999862 0.518621
15 27 1253 0.999867 0.00306238 -0.0160156 0.960719 -0.00295255 0.999972 0.0068766 -0.180035 0.0160363 -0.0068284 0.999848 0.211204
15 28 1920 0.999558 0.00459952 -0.0293602 0.916231 -0.00447672 0.999981 0.00424671 -0.0878739 0.0293792 -0.00411339 0.99956 0.390895
15 29 1462 0.999893 0.00454115 -0.0139329 0.894852 -0.0044218 0.999953 0.00858477 -0.410247 0.0139712 -0.00852223 0.999866 0.175889
30 31 49 1 -0.000212669 0.000884187 -0.0910275 0.000216394 0.999991 -0.00421571 0.0860851 -0.000883282 0.0042159 0.999991 0.992121
30 32 68 0.999994 -0.000735572 0.00338992 0.0155047 0.000750167 0.99999 -0.00430617 -0.00685337 -0.00338672 0.00430869 0.999985 0.999856
30 33 20 0.999991 -0.00255873 0.00344477 0.795763 0.00257116 0.99999 -0.00361031 -0.492729 -0.0034355 0.00361913 0.999988 0.352107
30 34 181 0.999985 -0.00259152 -0.00476151 0.892129 0.00256854 0.999985 -0.00482507 -0.441964 0.00477394 0.00481277 0.999977 0.0936633
30 35 25 0.99999 0.0004541 0.00452381 0.899194 -0.000409702 0.999952 -0.00981048 -0.437501 -0.00452805 0.00980852 0.999942 -0.00650065
30 36 61 0.999942 -0.00172227 0.0106393 0.656637 0.00185852 0.999916 -0.0128099 -0.126857 -0.0106163 0.0128289 0.999861 -0.743462
30 37 107 0.999883 -0.00347035 0.0148647 0.448082 0.00363835 0.99993 -0.0112895 -0.0851369 -0.0148245 0.0113423 0.999826 -0.889929
30 38 56 0.999838 -0.00673658 0.0166954 0.544715 0.00686068 0.999949 -0.00738741 -0.323399 -0.0166448 0.00750075 0.999833 -0.773756
30 39 116 0.999918 -0.0103969 0.00748636 0.91446 0.0104158 0.999943 -0.00249589 -0.380304 -0.00745998 0.00257366 0.999969 0.138317
30 40 1734 0.999953 -0.00947749 -0.00189413 0.965298 0.009478 0.999955 0.000259293 -0.123412 0.00189159 -0.000277234 0.999998 -0.230152
30 41 119 0.999611 -0.00891042 0.0264431 0.534715 0.00884123 0.999957 0.00273242 -0.0516371 -0.0264663 -0.00249757 0.999647 -0.843453
30 42 1828 0.999979 -0.0061115 0.00230864 0.988755 0.00611757 0.999978 -0.00263161 0.0649367 -0.00229251 0.00264568 0.999994 0.134712
30 43 29 0.999679 -0.00545171 0.0247478 0.76177 0.00552619 0.99998 -0.0029421 -0.123127 -0.0247313 0.00307792 0.999689 -0.63604
30 44 51 0.999591 -0.0130892 0.0254332 -0.7141 0.0131075 0.999914 -0.000551223 -0.185431 -0.0254238 0.000884363 0.999676 0.675038
45 46 43 0.999919 0.00511352 -0.0116932 0.979815 -0.00504991 0.999972 0.00546247 -0.157194 0.0117208 -0.00540298 0.999917 -0.123503
45 47 20 0.999741 0.0225335 0.00308268 0.135538 -0.0225659 0.999686 0.0108946 -0.883611 -0.00283622 -0.0109613 0.999936 -0.448175
45 48 90 0.999853 0.0165491 -0.0043864 0.863538 -0.0165159 0.999835 0.00750789 0.427613 0.00450993 -0.00743434 0.999962 0.267299
45 49 15 0.999869 0.0159417 0.0027059 0.965721 -0.0159789 0.999769 0.014348 0.249024 -0.00247655 -0.0143894 0.999893 0.0732777
45 50 724 0.99972 0.020251 -0.0122726 0.780289 -0.0201848 0.999781 0.00549083 0.621001 0.0123811 -0.00524157 0.99991 0.0742119
45 51 352 0.999642 0.0195468 -0.0182649 0.926132 -0.0192667 0.999696 0.0153921 0.0496593 0.0185602 -0.0150347 0.999715 0.373916
45 52 47 0.999655 0.0209812 -0.0158075 0.906997 -0.0208133 0.999726 0.0107098 0.246562 0.0160279 -0.0103771 0.999818 0.341414
45 53 95 0.999661 0.0207961 -0.0156668 0.759726 -0.0206046 0.999712 0.0122875 -0.166747 0.0159178 -0.0119605 0.999802 0.6285
45 54 1739 0.999082 0.0276356 -0.0327407 0.977865 -0.0274175 0.999599 0.00709366 -0.0727269 0.0329236 -0.00618947 0.999439 0.19619
45 55 130 0.99955 0.0262983 -0.0144005 -0.0373704 -0.0262388 0.999646 0.00430277 -0.0411471 0.0145086 -0.00392298 0.999887 0.998454
45 56 1824 0.998282 0.0309853 -0.0497309 0.93839 -0.0314607 0.999466 -0.00880487 0.29806 0.0494315 0.0103543 0.998724 0.174884
45 57 669 0.998782 0.0276342 -0.040872 0.975572 -0.0277249 0.999614 -0.00165273 0.0295248 0.0408106 0.00278389 0.999163 0.217687
45 58 1688 0.998386 0.0269532 -0.0499845 0.944797 -0.0275007 0.999569 -0.0102993 0.310731 0.0496854 0.0116573 0.998697 0.10395
45 59 293 0.999055 0.0324221 -0.0289379 0.211467 -0.0324357 0.999474 -1.46222e-06 -0.000457198 0.0289227 0.000940084 0.999581 -0.977385
60 61 55 1 0.000496449 0.000158541 -0.0562905 -0.00049682 0.999997 0.0023463 0.272816 -0.000157376 -0.00234638 0.999997 -0.960418
60 62 229 0.999934 0.000797094 -0.0114251 0.91204 -0.000762082 0.999995 0.00306854 0.290459 0.0114275 -0.00305963 0.99993 -0.28951
60 63 1874 0.999723 0.00605822 -0.0227328 0.910003 -0.00613385 0.999976 -0.00325851 0.408936 0.0227125 0.00339705 0.999736 0.0683072
60 64 715 0.999961 0.00812965 -0.003386 0.958203 -0.00810074 0.999931 0.00846547 -0.0752285 0.00345458 -0.00843772 0.999958 0.276021
60 65 172 0.999631 0.0139083 0.0233242 -0.175014 -0.0140282 0.999889 0.00498445 0.0534285 -0.0232523 -0.00530981 0.999716 0.983115
60 66 1711 0.999973 0.00718607 -0.00126762 0.947882 -0.00717989 0.999963 0.00481721 -0.115201 0.00130219 -0.00480798 0.999988 0.297067
60 67 280 0.99995 0.00464705 0.00888347 0.888223 -0.00464116 0.999989 -0.000683328 0.0243323 -0.00888655 0.000642064 0.99996 0.458767
60 68 1893 0.99978 0.0116781 -0.017421 0.991606 -0.0117133 0.99993 -0.00192469 -0.0247519 0.0173973 0.00212833 0.999846 0.126908
60 69 1838 0.999806 0.00974428 -0.0171153 0.991211 -0.009901 0.99991 -0.00909579 0.088851 0.0170252 0.00926348 0.999812 0.0980129
60 70 1830 0.99929 0.0170374 -0.03361 0.996868 -0.0172206 0.999838 -0.00516897 0.0396482 0.0335165 0.00574408 0.999422 -0.0684238
60 71 1776 0.999848 0.0166893 -0.00505142 0.979118 -0.0166493 0.99983 0.00786223 -0.194301 0.00518178 -0.00777693 0.999956 -0.0597887
60 72 1822 0.999504 0.0209288 -0.0235363 0.995806 -0.0210058 0.999775 -0.00302699 0.0239792 0.0234677 0.00351989 0.999718 0.0882909
60 73 1772 0.999234 0.0247081 -0.0303566 0.998383 -0.0249012 0.999672 -0.00599935 0.0360459 0.0301984 0.00675067 0.999521 0.0439446
60 74 1708 0.999784 0.0173926 -0.0113942 0.982561 -0.0175279 0.999776 -0.0118811 0.0444846 0.011185 0.0120782 0.999864 0.180542
75 76 101 0.999999 -0.000812489 -0.00150537 0.301743 0.000810535 0.999999 -0.00129792 0.0285218 0.00150642 0.0012967 0.999998 -0.952963
75 77 121 0.999995 -0.000248308 -0.00302932 0.147095 0.000246599 1 -0.000564503 -0.107638 0.00302946 0.000563753 0.999995 -0.983248
75 78 1186 0.999795 -0.000731907 -0.0202385 0.999776 0.00073975 1 0.000380049 0.0207935 0.0202382 -0.000394943 0.999795 -0.0039693
75 79 1921 0.999532 0.00466007 -0.0302295 0.991568 -0.00459632 0.999987 0.00217807 -0.129494 0.0302393 -0.00203811 0.999541 -0.00493334
75 80 882 0.999951 0.00368187 -0.00916789 0.994364 -0.0037259 0.999982 -0.00478977 0.105758 0.00915008 0.0048237 0.999947 0.00748422
75 81 1848 0.999813 -0.000576876 -0.0193455 0.986576 0.000559058 0.999999 -0.000926475 0.0987129 0.019346 0.000915486 0.999812 -0.130091
75 82 1913 0.999458 -0.0040584 -0.0326539 0.999592 0.00409106 0.999991 0.000933429 0.0227304 0.0326498 -0.00106651 0.999466 0.0173053
75 83 1926 0.999127 -0.00610374 -0.0413306 0.991157 0.00587584 0.999967 -0.00563333 0.132689 0.0413636 0.00538556 0.99913 0.000738255
75 84 1883 0.999093 -0.00329007 -0.0424433 0.994745 0.00321873 0.999993 -0.00174904 0.102219 0.0424488 0.00161084 0.999097 -0.00586274
75 85 1854 0.999453 -0.000146569 -0.0330628 0.990627 0.000405563 0.999969 0.00782682 -0.0481452 0.0330606 -0.00783595 0.999423 0.127832
75 86 1794 0.998802 0.00336052 -0.0488274 0.997641 -0.00266464 0.999894 0.0143098 -0.0685726 0.0488703 -0.0141626 0.998705 0.0031101
75 87 1771 0.998275 0.00456644 -0.0585404 0.988416 -0.00418293 0.999969 0.00667199 0.114358 0.058569 -0.00641561 0.998263 0.099783
75 88 1712 0.999184 0.00698227 -0.0397721 0.992295 -0.00635765 0.999855 0.0158097 0.00411099 0.0398767 -0.015544 0.999084 0.12383
75 89 1741 0.999163 0.0109936 -0.0394056 0.990918 -0.0102406 0.999762 0.0192585 -0.0230951 0.0396079 -0.0188388 0.999038 0.132469
90 91 146 0.999991 0.0012424 0.00403286 0.155867 -0.00127009 0.999976 0.00687111 -0.0602593 -0.00402422 -0.00687617 0.999968 0.985938
90 92 1636 0.99994 0.00485561 -0.00980974 0.902236 -0.00474452 0.999925 0.0113164 -0.144107 0.00986395 -0.0112691 0.999888 0.406451
90 93 1663 0.999943 0.0102067 -0.00325238 0.925659 -0.0101905 0.999936 0.00494483 0.0856336 0.00330264 -0.0049114 0.999982 0.36854
90 94 1755 0.999919 0.0119391 0.00446607 0.864873 -0.0119782 0.999889 0.00884259 -0.109111 -0.00436 -0.00889536 0.999951 0.489989
90 95 1741 0.999922 0.0110203 0.00582877 0.845858 -0.011065 0.999909 0.00768796 -0.169876 -0.00574352 -0.00775186 0.999953 0.505634
90 96 899 0.999828 0.00289054 0.0183327 0.495731 -0.00295775 0.999989 0.00364027 -0.138054 -0.018322 -0.00369387 0.999825 0.857433
90 97 1743 0.999977 0.0066184 0.0016032 0.83463 -0.0066204 0.999977 0.00124446 -0.154517 -0.00159493 -0.00125504 0.999998 0.528694
90 98 1696 0.999783 0.00440995 -0.0203449 0.878525 -0.00446285 0.999987 -0.00255556 -0.132072 0.0203334 0.0026458 0.99979 0.459077
90 99 1668 0.999936 -0.000119891 -0.0112922 0.87155 5.08931e-05 0.999981 -0.00611032 -0.261414 0.0112928 0.00610935 0.999918 0.414805
90 100 1656 0.999886 0.000643262 -0.0150525 0.92877 -0.000750403 0.999974 -0.0071132 -0.251878 0.0150476 0.00712369 0.999861 0.271926
90 101 1454 0.999907 -0.0122294 0.00610446 0.595547 0.0123561 0.999699 -0.0211829 -0.134277 -0.00584357 0.0212563 0.999757 0.792019
90 102 1526 0.999908 -0.0115885 -0.00704928 0.892477 0.0114102 0.999627 -0.0248224 -0.227598 0.00733431 0.0247397 0.999667 0.389467
90 103 1497 0.998702 -0.00461045 -0.0507321 0.970774 0.00368342 0.999825 -0.0183513 -0.193832 0.0508078 0.0181406 0.998544 0.141516
90 104 1500 0.998926 0.00289538 -0.0462433 0.932043 -0.00315529 0.99998 -0.00554847 -0.350635 0.0462263 0.00568842 0.998915 0.0913822
105 106 47 0.999993 -0.000304528 0.00377309 0.460021 0.00031975 0.999992 -0.00403426 -0.00229577 -0.00377183 0.00403544 0.999985 -0.887905
105 107 204 0.999995 0.000844342 -0.00307574 0.96728 -0.00086898 0.999967 -0.00801778 -0.0189802 0.00306887 0.00802041 0.999963 -0.253001
105 108 1652 0.999922 0.00600652 -0.0109953 0.983743 -0.00620513 0.999817 -0.0181192 0.134742 0.0108844 0.018186 0.999775 -0.118716
105 109 196 0.999696 0.00806984 0.0232923 0.363236 -0.00770823 0.999849 -0.0155731 -0.0299399 -0.0234145 0.0153888 0.999607 -0.931216
105 110 341 0.999792 0.00642363 0.019367 0.615404 -0.00612657 0.999863 -0.0153592 -0.00720445 -0.019463 0.0152374 0.999694 -0.788179
105 111 1621 0.99998 0.00622809 0.0007489 0.873857 -0.00621443 0.999836 -0.0170364 0.0337404 -0.000854881 0.0170314 0.999855 -0.48501
105 112 1559 0.999969 0.00677177 0.00413404 0.858099 -0.00669638 0.999816 -0.0179863 0.0565558 -0.00425508 0.017958 0.99983 -0.51036
105 113 1523 0.999918 0.0105777 0.00715872 0.702868 -0.0104683 0.99983 -0.0151533 -0.103105 -0.00731779 0.0150771 0.99986 -0.703808
105 114 1256 0.999839 0.00423993 0.017418 0.420987 -0.00394577 0.99985 -0.0168881 0.0467811 -0.017487 0.0168167 0.999706 -0.90586
105 115 1493 0.999969 0.00698595 -0.00373959 0.759293 -0.00703846 0.999874 -0.0142175 0.0848834 0.0036398 0.0142434 0.999892 -0.645189
105 116 1484 0.999791 0.00736599 0.0190958 0.57217 -0.00715955 0.999915 -0.0108562 0.0684836 -0.0191741 0.0107172 0.999759 -0.817271
105 117 1398 0.999954 0.00913271 0.00294574 0.738574 -0.00910324 0.99991 -0.00986538 0.0918649 -0.00303557 0.00983811 0.999947 -0.667884
105 118 1425 0.999941 0.00885246 0.0063105 0.723245 -0.00884282 0.99996 -0.00155285 0.0720721 -0.00632399 0.00149696 0.999979 -0.686821
105 119 1400 0.999885 0.0151084 0.00145166 0.757182 -0.0151134 0.99988 0.00349683 0.0235476 -0.00139865 -0.00351837 0.999993 -0.652779
120 121 105 0.999985 0.00516905 0.00167843 0.327166 -0.00518115 0.99996 0.00728859 0.0807354 -0.00164068 -0.00729718 0.999972 -0.941512
120 122 236 0.999948 0.00978978 0.0029733 0.304813 -0.00983303 0.999841 0.0148995 -0.109292 -0.00282696 -0.0149279 0.999885 -0.946121
120 123 152 0.999838 0.0120959 0.0133227 -0.223562 -0.0122561 0.999853 0.0120112 0.1119 -0.0131755 -0.0121726 0.999839 -0.968245
120 124 286 0.999798 0.0175727 0.0097462 0.517634 -0.0176471 0.999815 0.00760099 0.28972 -0.00961083 -0.00777144 0.999924 -0.805057
120 125 1562 0.999368 0.0304817 -0.0182982 0.85421 -0.0306716 0.999478 -0.0101854 0.398895 0.0179782 0.0107402 0.999781 -0.333479
120 126 1523 0.999461 0.0325291 0.00441115 0.680235 -0.0325231 0.99947 -0.00142799 0.28052 -0.00445527 0.00128376 0.999989 -0.677192
120 127 1526 0.999493 0.0312705 -0.0059627 0.647896 -0.0313308 0.999456 -0.0102956 0.34916 0.00563751 0.0104772 0.999929 -0.676992
120 128 1400 0.999444 0.0332209 0.00284136 0.395658 -0.0332372 0.99943 0.0058931 0.0610843 -0.00264396 -0.00598426 0.999979 -0.916364
120 129 1533 0.998874 0.0333484 -0.0337365 0.749043 -0.0340666 0.9992 -0.0209397 0.39204 0.0330112 0.0220654 0.999211 -0.534078
120 130 1536 0.999175 0.0333891 -0.0231144 0.589717 -0.0338144 0.999261 -0.0182563 0.421959 0.0224878 0.0190228 0.999566 -0.68861
120 131 1541 0.99916 0.0354079 -0.0206057 0.511487 -0.0355105 0.999359 -0.00463389 0.236872 0.0204284 0.00536172 0.999777 -0.825998
120 132 1508 0.998186 0.0342795 -0.0494883 0.671713 -0.0359317 0.998813 -0.0328913 0.523792 0.0483021 0.0346098 0.998233 -0.523873
120 133 1482 0.999213 0.0335569 -0.0211609 0.421505 -0.0336518 0.999425 -0.00414301 0.333167 0.0210097 0.00485186 0.999767 -0.843405
120 134 1480 0.997235 0.0401175 -0.0625472 0.704582 -0.041558 0.998896 -0.0219012 0.43378 0.0615995 0.02444 0.997802 -0.561604
135 136 46 0.999942 -0.00155379 0.01067 -0.994912 0.00152223 0.999994 0.00296606 0.0247338 -0.0106746 -0.00294965 0.999939 0.0976621
135 137 1753 0.999881 0.00427928 -0.0148522 0.545595 -0.00454731 0.999827 -0.01806 0.812892 0.0147724 0.0181254 0.999727 -0.203797
135 138 239 0.99996 0.00215797 -0.00863403 0.353267 -0.00215732 0.999998 8.47521e-05 0.353109 0.00863419 -6.61224e-05 0.999963 -0.866324
135 139 1711 0.999663 0.00302592 -0.0257717 0.68086 -0.00319555 0.999973 -0.00654338 0.511633 0.0257512 0.00662353 0.999646 -0.524082
135 140 954 0.999875 0.0104268 -0.0118671 0.361292 -0.0102684 0.999858 0.0133393 -0.0210672 0.0120045 -0.0132157 0.999841 -0.932215
135 141 1615 0.999679 0.00722396 -0.0242893 0.63105 -0.00720811 0.999974 0.000740077 0.366474 0.024294 -0.000564759 0.999705 -0.683719
135 142 1649 0.999304 0.0109453 -0.0356631 0.698883 -0.0108762 0.999939 0.00213115 0.291914 0.0356842 -0.00174179 0.999362 -0.652954
135 143 1600 0.999332 0.00970142 -0.035226 0.605855 -0.00945858 0.99993 0.00705384 0.243937 0.035292 -0.00671594 0.999354 -0.757255
135 144 1639 0.998454 0.0133756 -0.0539551 0.72006 -0.0134528 0.999909 -0.00106718 0.37785 0.0539359 0.00179137 0.998543 -0.582017
135 145 1586 0.999132 0.0151079 -0.0388174 0.468606 -0.0146347 0.999815 0.012445 0.271058 0.0389982 -0.0118661 0.999169 -0.840795
135 146 1491 0.999009 0.0200908 -0.0397047 0.472482 -0.0192751 0.999597 0.0208216 0.23522 0.040107 -0.0200357 0.998994 -0.849372
135 147 1466 0.998689 0.0268848 -0.0435555 0.527888 -0.0259889 0.999442 0.0210061 0.319488 0.0440959 -0.0198467 0.99883 -0.786932
135 148 1463 0.998073 0.0355301 -0.0508724 0.575531 -0.0339883 0.998946 0.0308582 0.257022 0.0519152 -0.0290697 0.998228 -0.77634
135 149 1392 0.996236 0.0389665 -0.0774247 0.696168 -0.0377611 0.999143 0.0169735 0.409793 0.0780197 -0.013986 0.996854 -0.589424
150 151 45 0.999888 0.0138126 0.0056843 -0.264436 -0.0139341 0.999663 0.0219199 -0.948398 -0.00537961 -0.0219966 0.999744 -0.174971
150 152 1434 0.999902 0.012636 -0.00596943 0.249996 -0.0122783 0.998323 0.0565638 -0.950453 0.00667416 -0.056485 0.998381 -0.184773
150 153 10 0.999655 0.0257447 0.00528972 -0.75961 -0.0258047 0.9996 0.0116111 -0.490907 -0.00498867 -0.0117436 0.999919 -0.426618
150 154 314 0.999737 0.0227467 -0.00296851 0.184848 -0.0227088 0.999667 0.0122339 0.0718838 0.00324581 -0.0121633 0.999921 -0.980135
150 155 342 0.99956 0.0293561 -0.00432529 -0.0537289 -0.029279 0.999428 0.0169271 -0.174936 0.00481973 -0.016793 0.999847 -0.983113
150 156 679 0.99931 0.0283358 -0.0240156 0.730869 -0.0279254 0.999461 0.0172589 0.120661 0.0244917 -0.0165763 0.999563 -0.671767
150 157 1288 0.998505 0.0366527 -0.0405429 0.912867 -0.0363469 0.999305 0.00825584 0.305523 0.0408173 -0.00676989 0.999144 -0.270795
150 158 1145 0.998827 0.0356124 -0.0328088 0.829953 -0.0353066 0.999328 0.00985496 0.361308 0.0331377 -0.00868503 0.999413 -0.425012
150 159 1259 0.998028 0.0375773 -0.0502809 0.869216 -0.0372194 0.999275 0.00803576 0.300112 0.0505464 -0.00614849 0.998703 -0.392934
150 160 1211 0.99729 0.0391551 -0.0622908 0.80103 -0.0396548 0.99919 -0.00680546 0.459086 0.0619739 0.00925714 0.998035 -0.384177
150 161 1247 0.993944 0.0341448 -0.104447 0.779812 -0.0387842 0.998334 -0.042714 0.575905 0.102815 0.0465062 0.993613 -0.245412
150 162 1215 0.994006 0.0400701 -0.101722 0.819328 -0.0424573 0.998869 -0.0214118 0.496948 0.100749 0.0256022 0.994582 -0.285909
150 163 1068 0.99816 0.0427235 -0.0430158 0.460386 -0.0417874 0.998875 0.0224309 0.207226 0.0439257 -0.0205921 0.998823 -0.863193
150 164 1153 0.995673 0.0461595 -0.080645 0.681314 -0.0452948 0.998895 0.0125202 0.317447 0.0811338 -0.00881328 0.996664 -0.659574
165 166 83 0.999983 0.00430108 -0.00399792 0.352322 -0.00427688 0.999973 0.00604155 0.10968 0.0040238 -0.00602435 0.999974 -0.92943
165 167 87 0.999929 0.0096509 -0.00705987 0.391158 -0.00959574 0.999923 0.00780558 0.145709 0.00713466 -0.00773728 0.999945 -0.908716
165 168 387 0.999863 0.012763 -0.0105851 0.266383 -0.0126586 0.999871 0.00987613 0.0412457 0.0107098 -0.00974078 0.999895 -0.962984
165 169 1503 0.999493 0.0166385 -0.0271598 0.707829 -0.0164781 0.999846 0.00611955 0.248632 0.0272574 -0.00566891 0.999612 -0.661181
165 170 1378 0.99955 0.0186545 -0.0235087 0.356265 -0.0183828 0.999762 0.0117227 0.0514599 0.0237218 -0.0112853 0.999655 -0.932967
165 171 1792 0.999153 0.0238181 -0.0335563 0.575305 -0.0235482 0.999687 0.00841428 0.228131 0.0337462 -0.00761696 0.999401 -0.785481
165 172 1791 0.997385 0.0241601 -0.06812 0.779502 -0.0250013 0.999621 -0.011523 0.42184 0.0678158 0.013196 0.997611 -0.463064
165 173 1742 0.996841 0.0231021 -0.0759904 0.786237 -0.0240944 0.999636 -0.0121675 0.381549 0.0756816 0.01396 0.997034 -0.486056
165 174 1713 0.997604 0.0182163 -0.0667348 0.66326 -0.0189781 0.999762 -0.0107994 0.452715 0.0665221 0.0120401 0.997712 -0.595932
165 175 1692 0.994563 0.0335746 -0.098574 0.807342 -0.0342488 0.9994 -0.0051549 0.32187 0.0983418 0.00850292 0.995116 -0.494569
165 176 1670 0.996881 0.037358 -0.0695201 0.676394 -0.0374884 0.999297 -0.000571018 0.349626 0.0694499 0.00317543 0.99758 -0.64827
165 177 1643 0.994358 0.0467609 -0.0952102 0.769916 -0.0490283 0.998563 -0.0216154 0.454491 0.0940627 0.0261614 0.995222 -0.447959
165 178 1615 0.996676 0.0589558 -0.0562236 0.546967 -0.0585859 0.998249 0.00820545 0.226771 0.0566089 -0.00488426 0.998384 -0.805855
165 179 1561 0.996436 0.059934 -0.0593631 0.561818 -0.0599833 0.998199 0.00095392 0.240411 0.0593133 0.00261027 0.998236 -0.791557
180 181 97 0.999981 0.00611131 0.00127368 0.0115141 -0.00611186 0.999981 0.000433679 -0.235229 -0.00127101 -0.000441455 0.999999 -0.971872
180 182 122 0.999971 0.00762513 -0.00067799 0.505649 -0.00762854 0.999958 -0.00517304 0.220806 0.000638516 0.00517806 0.999986 -0.834004
180 183 632 0.999907 0.013662 0.000536636 0.392345 -0.013656 0.999858 -0.00991237 0.210916 -0.000671983 0.00990411 0.999951 -0.89531
180 184 1349 0.999822 0.0185764 -0.00335625 0.421065 -0.0186144 0.999759 -0.0116756 0.152025 0.00313855 0.011736 0.999926 -0.8942
180 185 1857 0.999602 0.0263041 -0.0102199 0.523505 -0.0264063 0.999601 -0.00999611 0.0627169 0.00995293 0.010262 0.999898 -0.849711
180 186 1948 0.999704 0.0208301 -0.0126064 0.521566 -0.0210495 0.999625 -0.0175344 0.251769 0.0122365 0.0177945 0.999767 -0.815219
180 187 2021 0.997929 0.028706 -0.0575691 0.855639 -0.0306324 0.99899 -0.0328633 0.295109 0.0565676 0.0345587 0.9978 -0.425197
180 188 1966 0.999249 0.0322248 -0.0215048 0.585149 -0.0327363 0.999179 -0.0238715 0.21038 0.0207179 0.0245576 0.999484 -0.783161
180 189 1957 0.998736 0.0212025 -0.0455682 0.677453 -0.0232178 0.998755 -0.0441611 0.434436 0.0445751 0.0451633 0.997985 -0.593568
180 190 1871 0.998635 0.0296646 -0.0429898 0.611208 -0.0306063 0.999302 -0.0214153 0.15358 0.0423245 0.0227018 0.998846 -0.776427
180 191 1901 0.997455 0.0251892 -0.0667002 0.723465 -0.0278351 0.99885 -0.0390407 0.324062 0.0656401 0.0407979 0.997009 -0.609576
180 192 1858 0.996112 0.0308052 -0.0825284 0.806677 -0.0331925 0.999065 -0.0277127 0.147517 0.0815976 0.0303443 0.996203 -0.572285
180 193 1838 0.994849 0.0260778 -0.0979554 0.785422 -0.0309984 0.998315 -0.0490509 0.314771 0.0965112 0.0518347 0.993981 -0.532945
180 194 1704 0.9974 0.0263265 -0.0670786 0.589875 -0.0285581 0.999063 -0.0325288 0.221064 0.0661594 0.0343599 0.997217 -0.776645
195 196 53 0.999896 -0.0074337 -0.0123515 0.681553 0.00744193 0.999972 0.000620383 0.613801 0.0123466 -0.000712238 0.999924 -0.398413
195 197 244 0.999815 -0.00609873 -0.0182487 0.506003 0.00636525 0.999873 0.0145825 0.192835 0.0181575 -0.0146959 0.999727 -0.840699
195 198 1716 0.998664 -0.00721976 -0.0511747 0.925311 0.00808797 0.999827 0.016779 0.210854 0.0510447 -0.0171705 0.998549 -0.315183
195 199 1603 0.998664 -0.00508471 -0.051426 0.841201 0.0066013 0.999547 0.0293642 0.0539714 0.0512534 -0.0296644 0.998245 -0.538023
195 200 1628 0.997193 0.00113332 -0.0748685 0.96258 0.00139016 0.999433 0.0336448 0.145051 0.0748641 -0.0336544 0.996626 -0.228912
195 201 1644 0.995672 0.0170954 -0.091355 0.935691 -0.0114333 0.998002 0.0621466 -0.304286 0.0922349 -0.0608331 0.993877 -0.178584
195 202 1668 0.995444 0.00555059 -0.095185 0.940828 -0.00308953 0.999658 0.0259834 0.187631 0.0952967 -0.0255709 0.99512 -0.282201
195 203 1615 0.994854 0.0206067 -0.0992002 0.934758 -0.0151154 0.998328 0.0557927 -0.122145 0.100184 -0.0540062 0.993502 -0.333627
195 204 1604 0.989462 0.0309986 -0.141433 0.979121 -0.0227026 0.997946 0.059898 -0.112659 0.142999 -0.0560559 0.988134 -0.169207
195 205 1613 0.995274 0.0360464 -0.0901672 0.876727 -0.0308995 0.997848 0.0578402 -0.212475 0.092058 -0.0547807 0.994246 -0.431514
195 206 1601 0.994139 0.0375235 -0.101387 0.926631 -0.0325648 0.998212 0.0501293 -0.110248 0.103086 -0.0465339 0.993583 -0.359444
195 207 1545 0.992634 0.0340791 -0.116257 0.958753 -0.0286011 0.998415 0.048467 -0.0843696 0.117725 -0.0447849 0.992036 -0.271431
195 208 1549 0.991262 0.0475529 -0.123038 0.937031 -0.0411962 0.997707 0.0537039 -0.129344 0.12531 -0.048166 0.990948 -0.324411
195 209 1511 0.990446 0.0624393 -0.122953 0.909485 -0.0547235 0.996373 0.0651635 -0.232362 0.126576 -0.0578126 0.990271 -0.34474
210 211 80 0.999981 -0.000560774 0.00621077 -0.389441 0.00058241 0.999994 -0.00348231 -0.102326 -0.00620878 0.00348586 0.999975 0.91535
210 212 968 0.999956 0.00609326 -0.00706417 0.960102 -0.00608045 0.99998 0.00183385 -0.166156 0.0070752 -0.00179082 0.999973 -0.224937
210 213 1036 0.999953 0.00962313 0.00152636 0.847805 -0.00962283 0.999954 -0.000200758 -0.0269206 -0.00152822 0.000186061 0.999999 -0.529624
210 214 1264 0.999972 -0.00663345 0.00338817 0.929747 0.00664793 0.999969 -0.0042811 0.316963 -0.00335966 0.0043035 0.999985 -0.187366
210 215 1764 0.999966 0.00822956 -0.000722968 0.86493 -0.00822006 0.999891 0.0122801 -0.0909866 0.000823949 -0.0122738 0.999924 -0.493577
210 216 1658 0.999992 -0.00397669 -0.000710089 0.848383 0.00398473 0.999924 0.0117069 0.0405933 0.00066348 -0.0117097 0.999931 -0.527825
210 217 1328 0.999935 -0.00538835 0.0100729 0.807553 0.00514467 0.999697 0.0240636 -0.0807675 -0.0101995 -0.0240102 0.99966 -0.584239
210 218 1694 0.99986 -0.0121078 -0.0115282 0.936697 0.0124436 0.999487 0.0295187 -0.0346407 0.0111649 -0.029658 0.999498 -0.348423
210 219 1652 0.999906 -0.0135054 0.0024715 0.85921 0.0134029 0.999202 0.03763 -0.0932806 -0.00297773 -0.0375933 0.999289 -0.503047
210 220 1527 0.999779 -0.017228 0.0120403 0.786901 0.0167242 0.999029 0.0407627 -0.077692 -0.0127309 -0.0405523 0.999096 -0.612169
210 221 1501 0.999918 -0.00864651 0.00949355 0.865117 0.00825131 0.999129 0.0409073 -0.172014 -0.00983898 -0.0408256 0.999118 -0.471152
210 222 1594 0.999982 -0.00456161 0.00396472 0.860147 0.00442548 0.999423 0.0336901 -0.120327 -0.00411611 -0.0336719 0.999424 -0.49565
210 223 1023 0.999035 -0.0165926 0.0406669 0.689974 0.0156775 0.999619 0.0227184 -0.00713803 -0.0410284 -0.0220589 0.998914 -0.723799
210 224 1644 0.999424 -0.00387526 -0.0337201 0.944522 0.00507973 0.999349 0.0357078 -0.109192 0.0335598 -0.0358585 0.998793 -0.309766
225 226 132 0.999999 6.47293e-05 0.00116084 0.407839 -5.9151e-05 0.999988 -0.00480479 0.109843 -0.00116113 0.00480471 0.999988 -0.906422
225 227 288 0.999967 0.00618863 -0.00528658 0.79993 -0.00622014 0.999963 -0.00596484 0.00918229 0.00524947 0.00599753 0.999968 -0.600023
225 228 1613 0.999799 0.0152954 -0.0129711 0.887691 -0.0154104 0.999842 -0.00880952 -0.0187033 0.0128343 0.00900764 0.999877 -0.460059
225 229 1926 0.999161 0.0358794 -0.0197296 0.596092 -0.0351729 0.998766 0.0350595 -0.791746 0.0209631 -0.0343362 0.99919 -0.133464
225 230 896 0.99983 0.017277 -0.00637081 0.758401 -0.0172836 0.99985 -0.000983442 -0.232785 0.00635286 0.00109339 0.999979 -0.608802
225 231 1478 0.999587 0.0250091 -0.0141328 0.840014 -0.0250462 0.999683 -0.00245191 -0.325112 0.014067 0.00280487 0.999897 -0.434372
225 232 1303 0.999688 0.0235111 -0.00848855 0.89963 -0.0236272 0.999625 -0.0138494 -0.177869 0.00815975 0.0140457 0.999868 -0.398784
225 233 1815 0.999326 0.0285721 -0.0230353 0.893686 -0.0288346 0.999522 -0.0111487 -0.245069 0.0227058 0.0118054 0.999672 -0.375854
225 234 1792 0.999409 0.0180495 -0.0292653 0.931036 -0.0186022 0.999652 -0.0187265 -0.154255 0.0289171 0.0192598 0.999396 -0.330722
225 235 1845 0.999099 0.00937991 -0.0413897 0.963753 -0.0102742 0.999717 -0.0214458 -0.149493 0.0411769 0.0218517 0.998913 -0.220981
225 236 937 0.999683 0.0251555 -0.00134794 0.776308 -0.0251817 0.999358 -0.0254739 -0.354095 0.00070627 0.0254998 0.999675 -0.5215
225 237 1260 0.999638 0.0240397 -0.0120806 0.846939 -0.0243604 0.999335 -0.0271446 -0.252305 0.01142 0.027429 0.999559 -0.468014
225 238 1448 0.999311 0.0321355 -0.018555 0.871272 -0.0326178 0.999122 -0.0262996 -0.259637 0.0176936 0.0268867 0.999482 -0.416502
225 239 871 0.999015 0.0441133 0.00479211 0.795449 -0.043943 0.998547 -0.0312005 -0.313919 -0.0061615 0.0309592 0.999502 -0.518378
240 241 54 0.999985 -0.00544219 -0.000161953 -0.216558 0.00544237 0.999985 0.00116002 -0.686904 0.000155637 -0.00116088 0.999999 0.693733
240 242 230 0.99994 0.00184851 -0.010838 0.886082 -0.0019092 0.999983 -0.00559207 -0.0984515 0.0108275 0.00561242 0.999926 0.452952
240 243 2089 0.999567 0.00520468 -0.0289736 0.947343 -0.00557214 0.999905 -0.012616 0.0191808 0.0289052 0.012772 0.999501 0.319646
240 244 2078 0.999327 0.0113022 -0.0349006 0.927521 -0.0117959 0.999833 -0.013971 -0.0260675 0.0347369 0.0143733 0.999293 0.372861
240 245 1912 0.999531 0.00905493 -0.0292503 0.864119 -0.00964252 0.999753 -0.0200102 -0.0169722 0.0290618 0.0202829 0.999372 0.503
240 246 2054 0.999211 0.0151187 -0.0367306 0.942368 -0.0159188 0.99964 -0.0215878 -0.044746 0.036391 0.0221555 0.999092 0.331573
240 247 1705 0.999519 0.00721544 -0.0301552 0.976851 -0.00781769 0.999771 -0.0199019 0.0246414 0.0300047 0.0201281 0.999347 0.212497
240 248 1722 0.999484 0.00898162 -0.0308477 0.953745 -0.00948483 0.999824 -0.0162053 0.05555 0.0306968 0.0164896 0.999393 0.29544
240 249 1638 0.999437 0.0161414 -0.0294221 0.944326 -0.0164071 0.999827 -0.00880958 0.00248486 0.0292748 0.00928735 0.999528 0.329002
240 250 1454 0.99972 0.0216289 -0.00959354 0.905192 -0.0216471 0.999764 -0.00179433 -0.029923 0.00955247 0.0020015 0.999952 0.423949
240 251 1606 0.999601 0.0169746 -0.0225967 0.910672 -0.0171202 0.999834 -0.00626192 0.0603311 0.0224866 0.00664628 0.999725 0.408701
240 252 1551 0.999831 0.013773 -0.0121909 0.905014 -0.0138068 0.999901 -0.00269058 0.0430065 0.0121527 0.00285844 0.999922 0.423203
240 253 1492 0.999823 0.0182451 0.00451987 0.905373 -0.0182856 0.999791 0.00909023 -0.0564794 -0.00435308 -0.00917127 0.999948 0.420843
240 254 1462 0.999999 0.000997713 0.000617028 0.893866 -0.000998716 0.999998 0.00162726 0.0222562 -0.000615404 -0.00162787 0.999998 0.447781
255 256 37 0.999871 -0.00882877 0.0134432 -0.974347 0.00883678 0.999961 -0.000536763 0.0719001 -0.0134379 0.000655488 0.999909 0.213255
255 257 58 0.999916 -0.0128669 0.00142435 0.95938 0.0128556 0.999888 0.00771248 -0.137431 -0.00152343 -0.00769353 0.999969 0.246378
255 258 1810 0.999656 -0.0239815 -0.0105841 0.883856 0.0239567 0.99971 -0.00246196 0.257932 0.01064 0.00220755 0.999941 0.390218
255 259 1915 0.999584 -0.0227516 -0.0177043 0.900925 0.0226663 0.999731 -0.00500572 0.180078 0.0178135 0.00460235 0.999831 0.394849
255 260 1769 0.999691 -0.0218347 -0.0118672 0.870834 0.0217873 0.999754 -0.00411026 0.174145 0.011954 0.00385043 0.999921 0.459698
255 261 1828 0.99984 -0.0161489 -0.00770158 0.830158 0.0161455 0.99987 -0.000509198 0.0726874 0.0077088 0.000384771 0.99997 0.552769
255 262 1610 0.999762 -0.0207395 -0.00680499 0.852591 0.0207293 0.999784 -0.00156444 0.0854298 0.00683596 0.00142301 0.999976 0.515548
255 263 1752 0.999004 -0.0273475 -0.0352585 0.876129 0.0269673 0.999573 -0.0112145 0.268616 0.0355502 0.0102525 0.999315 0.400305
255 264 1779 0.999482 -0.0252513 -0.0199755 0.77431 0.0253654 0.999663 0.00548099 0.0653246 0.0198304 -0.00598483 0.999785 0.629425
255 265 1859 0.998905 -0.0288046 -0.0368731 0.853906 0.0286045 0.999573 -0.00594213 0.150771 0.0370285 0.00488088 0.999302 0.498109
255 266 1786 0.998524 -0.0349151 -0.0416113 0.831627 0.034597 0.999367 -0.00834097 0.181577 0.0418761 0.00688903 0.999099 0.524811
255 267 1794 0.998478 -0.0333991 -0.0438978 0.8393 0.0332697 0.99944 -0.00367509 0.0960481 0.043996 0.00220903 0.999029 0.535117
255 268 1769 0.998129 -0.0306771 -0.0528909 0.860821 0.0302436 0.999502 -0.0089776 0.0987574 0.05314 0.0073612 0.99856 0.499234
255 269 1724 0.99856 -0.0301875 -0.0443476 0.795692 0.0300927 0.999543 -0.00280406 0.0223262 0.044412 0.00146548 0.999012 0.605289
270 271 478 0.999927 0.00179599 -0.0119231 0.805928 -0.00173832 0.999987 0.00484516 -0.146253 0.0119316 -0.00482408 0.999917 0.573664
270 272 1288 0.999888 0.0107372 -0.0104384 0.848411 -0.0106612 0.999916 0.00731041 -0.293949 0.010516 -0.0071983 0.999919 0.44022
270 273 1756 0.999895 0.0140094 -0.00359506 0.700786 -0.0139809 0.999871 0.00785401 -0.227835 0.00370463 -0.00780292 0.999963 0.67601
270 274 1870 0.999865 0.013707 -0.00905806 0.795019 -0.013646 0.999884 0.00675829 -0.144519 0.00914964 -0.00663377 0.999936 0.589118
270 275 1880 0.999626 0.00471856 -0.0269372 0.832634 -0.00487268 0.999972 -0.00565841 0.102419 0.0269098 0.00578755 0.999621 0.54427
270 276 1746 0.999844 0.0131234 -0.0118031 0.769761 -0.0130087 0.999868 0.0097454 -0.126423 0.0119294 -0.00959034 0.999883 0.625688
270 277 1878 0.999722 0.00869574 -0.0219023 0.767705 -0.00860645 0.999954 0.00416782 -0.0464925 0.0219376 -0.00397816 0.999751 0.639115
270 278 1771 0.999809 0.00658899 -0.0184004 0.748733 -0.0065116 0.99997 0.00426285 -0.0400983 0.0184279 -0.00414222 0.999822 0.661657
270 279 1525 0.999857 0.0149585 -0.00785872 0.71942 -0.0148546 0.999803 0.0131284 -0.114318 0.00805356 -0.0130098 0.999883 0.685103
270 280 1613 0.999795 0.0186594 -0.00787446 0.751539 -0.0185392 0.999715 0.0150667 -0.106068 0.00815335 -0.0149176 0.999855 0.651106
270 281 1682 0.999694 0.0203756 -0.0140126 0.764189 -0.0202346 0.999744 0.0101274 -0.0797001 0.0142154 -0.00984076 0.999851 0.64005
270 282 1584 0.999709 0.0234375 -0.00568042 0.756515 -0.0233498 0.999614 0.015051 -0.109796 0.00603098 -0.014914 0.999871 0.644693
270 283 1571 0.999736 0.0229613 -0.0011884 0.72165 -0.022935 0.999561 0.0187453 -0.134103 0.0016183 -0.0187131 0.999824 0.679144
270 284 1582 0.999769 0.0214985 -0.000790756 0.735667 -0.0214855 0.999674 0.0138226 -0.119042 0.00108766 -0.0138024 0.999904 0.666801
285 286 881 0.999973 0.00127765 -0.00727004 0.832365 -0.00133323 0.99997 -0.00764528 0.262348 0.00726006 0.00765477 0.999944 0.488203
285 287 1814 0.999963 0.00284896 -0.00814513 0.878523 -0.00289588 0.999979 -0.00575536 -0.190826 0.00812857 0.00577874 0.99995 0.43793
285 288 1334 0.999987 0.00468288 -0.00206844 0.895955 -0.00469459 0.999973 -0.00569708 -0.230513 0.0020417 0.00570671 0.999982 0.379642
285 289 1930 0.999991 0.00130022 -0.00405515 0.775839 -0.00133543 0.999961 -0.0086908 -0.149079 0.00404369 0.00869614 0.999954 0.613065
285 290 1944 0.999936 0.0090439 -0.00685973 0.749367 -0.00908211 0.999943 -0.00555905 -0.360767 0.00680907 0.00562099 0.999961 0.555245
285 291 1478 0.999895 0.014129 0.00331771 0.801813 -0.0140737 0.999771 -0.0161418 -0.19035 -0.00354502 0.0160934 0.999864 0.566447
285 292 1821 0.999893 0.0145532 0.00150939 0.727029 -0.014532 0.999807 -0.0132282 -0.260537 -0.00170161 0.0132049 0.999911 0.635256
285 293 1819 0.999845 0.0171078 -0.00426882 0.736893 -0.0171757 0.999718 -0.0164233 -0.243176 0.00398665 0.0164941 0.999856 0.630756
285 294 1849 0.999592 0.0236048 -0.0160582 0.787486 -0.0238333 0.999615 -0.0141883 -0.26208 0.0157171 0.0145652 0.99977 0.557836
285 295 1805 0.999192 0.0281256 -0.0287117 0.867945 -0.0285502 0.999487 -0.0144866 -0.235652 0.0282895 0.0152946 0.999483 0.437195
285 296 1686 0.999191 0.0346447 -0.0204089 0.79298 -0.0350255 0.999213 -0.0186071 -0.253411 0.0197482 0.0193069 0.999619 0.554045
285 297 1708 0.998806 0.0475276 -0.0113181 0.77905 -0.0477478 0.998658 -0.0200545 -0.293304 0.0103498 0.020571 0.999735 0.554124
285 298 1698 0.998562 0.0462801 -0.0270558 0.789265 -0.0465486 0.998872 -0.00937725 -0.314347 0.0265913 0.0106232 0.99959 0.527491
285 299 1740 0.99853 0.048559 -0.0240782 0.79212 -0.0490309 0.998609 -0.0194115 -0.239777 0.0231021 0.0205635 0.999522 0.561296
300 301 170 0.999992 0.00393645 0.00112318 0.304767 -0.00393672 0.999992 0.000238396 -0.250937 -0.00112224 -0.000242816 0.999999 -0.918775
300 302 49 0.999979 -0.00236294 -0.00603338 0.597231 0.00235243 0.999996 -0.00174876 -0.0948761 0.00603748 0.00173453 0.99998 0.796438
300 303 36 0.999931 -0.00131638 -0.011688 0.98316 0.00128694 0.999996 -0.00252588 -0.096816 0.0116913 0.00251066 0.999929 0.154992
300 304 2085 0.999539 -0.000912063 -0.0303573 0.984606 0.000921324 1 0.000291074 -0.0285111 0.0303571 -0.000318908 0.999539 0.172446
300 305 2121 0.999499 0.00101307 -0.0316322 0.959444 -0.00118566 0.999985 -0.00543791 0.18109 0.0316262 0.00547269 0.999485 0.21604
300 306 2079 0.999285 0.00552775 -0.0373983 0.981303 -0.00558328 0.999983 -0.00138065 0.0377267 0.0373901 0.00158847 0.999299 0.188736
300 307 1964 0.999389 0.0110783 -0.0331593 0.958993 -0.0110763 0.999939 0.000244259 0.0528647 0.03316 0.000123173 0.99945 0.278455
300 308 1885 0.999424 0.0128591 -0.0314201 0.948236 -0.0127485 0.999912 0.0037186 -0.0355017 0.0314652 -0.0033159 0.999499 0.315575
300 309 2104 0.996335 0.0107439 -0.084861 0.932928 -0.0131455 0.999527 -0.0277924 0.319667 0.0845222 0.0288061 0.996005 0.165703
300 310 1992 0.998387 0.0152364 -0.0546982 0.972716 -0.0152067 0.999884 0.000959462 0.0850915 0.0547064 -0.000126134 0.998502 0.21583
300 311 1926 0.998654 0.0190529 -0.0482371 0.954149 -0.0186173 0.999782 0.00946463 -0.0373034 0.0484069 -0.00855385 0.998791 0.296997
300 312 1965 0.997441 0.0174523 -0.0693306 0.9864 -0.0171375 0.99984 0.00513322 0.038711 0.0694091 -0.00393193 0.997581 0.159736
300 313 1770 0.997952 0.0234268 -0.0595216 0.977562 -0.0226392 0.999647 0.013871 -0.0353455 0.0598256 -0.0124951 0.998131 0.207662
300 314 1555 0.997072 0.0344667 -0.0682592 0.968117 -0.0338084 0.99937 0.0107775 -0.00789475 0.0685876 -0.00843821 0.997609 0.250374
315 316 11 0.999984 0.0038328 0.00423364 -0.922738 -0.00380434 0.99997 -0.00671049 0.260302 -0.00425924 0.00669427 0.999969 -0.28425
315 317 460 0.999985 -0.00521186 0.00159807 0.349556 0.00523108 0.999911 -0.0122688 0.275276 -0.00153399 0.012277 0.999923 -0.895564
315 318 696 0.999828 0.00455828 -0.0179509 0.99212 -0.0047494 0.999932 -0.0106185 -0.0959225 0.0179013 0.0107019 0.999782 -0.0806008
315 319 82 0.999904 0.0113857 -0.00786862 0.857441 -0.0114879 0.999849 -0.0130706 -0.295639 0.00771862 0.0131598 0.999884 0.42118
315 320 566 0.999673 0.019417 -0.0166539 0.931661 -0.0195809 0.999761 -0.00973595 -0.317024 0.0164609 0.0100589 0.999814 0.177492
315 321 571 0.99946 0.0282246 -0.0168544 0.968044 -0.028504 0.999456 -0.0165755 -0.0857383 0.0163774 0.0170469 0.999721 0.23567
315 322 1638 0.99831 0.0360609 -0.0455765 0.996248 -0.036828 0.999192 -0.0161054 -0.0775196 0.0449589 0.0177567 0.998831 -0.0384759
315 323 1213 0.998319 0.0468677 -0.0340998 0.993229 -0.0473767 0.998775 -0.0142752 -0.111402 0.033389 0.0158667 0.999316 -0.0329376
