0 1 418 1 -0.000581516 -0.000171004 0.308238 0.000581897 0.999997 0.00223891 -0.00608735 0.000169702 -0.00223901 0.999997 0.95129
0 2 58 0.999998 -0.00183348 0.000398971 -0.231977 0.00183147 0.999986 0.00498279 -0.862329 -0.000408101 -0.00498205 0.999988 0.450084
0 3 262 1 -0.000671517 6.20794e-05 0.216216 0.000671384 0.999998 0.00211889 -0.274301 -6.35021e-05 -0.00211885 0.999998 -0.937022
0 4 391 0.999989 -0.00458084 0.000429595 0.352519 0.00457947 0.999985 0.00314332 -0.0981515 -0.000443987 -0.00314132 0.999995 0.930643
0 5 85 0.999974 -0.00403686 -0.00602234 0.979685 0.00405162 0.999989 0.00244088 0.0672914 0.00601242 -0.00246522 0.999979 0.188917
0 6 368 0.999991 -0.00432353 0.00021224 0.192439 0.00432311 0.999989 0.00194676 0.0407838 -0.000220654 -0.00194582 0.999998 -0.980461
0 7 480 0.999995 -0.0030365 0.000373949 0.00392146 0.00303559 0.999993 0.00238893 -0.0181905 -0.0003812 -0.00238779 0.999997 0.999827
0 8 349 0.999994 -0.00342124 0.000549546 -0.210853 0.0034199 0.999991 0.00243006 0.118327 -0.000557855 -0.00242817 0.999997 0.97033
0 9 218 0.999945 -0.00434516 -0.00953131 0.875818 0.0043471 0.999991 0.000182231 0.235764 0.00953043 -0.000223655 0.999955 0.421139
0 10 528 0.999988 -0.00292692 -0.00380772 0.411346 0.00294086 0.999989 0.00366042 -0.082751 0.00379697 -0.00367158 0.999986 0.907715
0 11 699 0.999984 -0.00118242 -0.00552642 0.471967 0.00119746 0.999996 0.00271979 -0.0578997 0.00552318 -0.00272637 0.999981 0.879713
0 12 1594 0.999828 0.00387803 -0.0181221 0.985755 -0.00386397 0.999992 0.000810897 0.0922644 0.0181251 -0.000740735 0.999835 0.140624
0 13 218 0.999959 0.00542835 -0.0073001 0.805335 -0.00540738 0.999981 0.00288962 0.052018 0.00731565 -0.00285002 0.999969 0.590533
0 14 270 0.999936 0.00679206 -0.00904477 0.919794 -0.00673755 0.999959 0.00604411 -0.18179 0.00908545 -0.00598278 0.999941 0.347752
15 16 326 0.999916 0.000445935 -0.0129392 0.9357 -0.000440945 1 0.000388507 -0.00689083 0.0129394 -0.000382769 0.999916 0.352729
15 17 400 0.999997 0.00113814 -0.002173 0.0168902 -0.0011349 0.999998 0.00149222 -0.12574 0.0021747 -0.00148974 0.999997 0.991919
15 18 301 0.999987 0.00495085 -0.00072071 -0.149629 -0.00495 0.999987 0.00117355 0.267625 0.000726511 -0.00116997 0.999999 0.951834
15 19 546 0.999988 0.00472536 0.00107395 0.145959 -0.00472838 0.999985 0.00282947 -0.0455385 -0.00106056 -0.00283452 0.999995 0.988242
15 20 480 0.999971 0.00736904 0.00209199 -0.0347489 -0.00737461 0.999969 0.00266747 0.0183883 -0.00207227 -0.00268282 0.999994 0.999227
15 21 239 0.999967 0.00709018 -0.00399089 0.771268 -0.00708329 0.999973 0.00173629 0.0563154 0.00400309 -0.00170796 0.999991 0.634014
15 22 4501 0.999786 0.00819403 -0.0189937 0.962253 -0.00814076 0.999963 0.00288015 0.0117484 0.0190166 -0.00272491 0.999815 0.271902
15 23 228 0.999971 0.00445184 -0.00619934 0.915055 -0.00441795 0.999975 0.00546933 -0.270853 0.00622354 -0.00544178 0.999966 0.298852
15 24 1746 0.999897 0.00377138 -0.0138478 0.89534 -0.00368566 0.999974 0.00621079 -0.155205 0.0138709 -0.00615911 0.999885 0.417466
15 25 912 0.999936 0.00965418 0.00581874 -0.189801 -0.00969013 0.999934 0.00618158 0.0615855 -0.00575868 -0.00623757 0.999964 0.979889
15 26 1222 0.999978 0.00571608 0.00341998 0.0403206 -0.00572569 0.99998 0.00280641 0.005157 -0.00340387 -0.00282593 0.99999 0.999173
15 27 4913 0.999352 0.0031089 -0.0358504 0.970157 -0.00292018 0.999982 0.00531525 -0.0866024 0.0358662 -0.00520712 0.999343 0.226486
15 28 3611 0.999877 0.00435013 -0.015064 0.874601 -0.00428117 0.99998 0.00460706 -0.176783 0.0150837 -0.004542 0.999876 0.451466
15 29 4168 0.999876 0.000596801 -0.0157504 0.87628 -0.000564044 0.999998 0.00208414 -0.128775 0.0157516 -0.002075 0.999874 0.464274
30 31 291 0.999996 -0.00269523 0.000187633 0.447603 0.00269597 0.999988 -0.00411313 0.0205116 -0.000176545 0.00411362 0.999992 -0.893997
30 32 107 0.999979 -0.00441798 0.00464547 -0.777841 0.00443658 0.999982 -0.00399965 -0.243138 -0.00462772 0.00402018 0.999981 0.579524
30 33 359 0.999981 -0.00270866 0.00555518 0.433054 0.00273254 0.999987 -0.00429534 -0.247398 -0.00554347 0.00431044 0.999975 0.866751
30 34 527 0.999929 -0.00205806 0.0117034 -0.186687 0.00219928 0.999925 -0.012066 -0.0268088 -0.0116777 0.0120909 0.999859 0.982054
30 35 93 0.99996 -0.00484195 0.00752836 0.934262 0.00494691 0.99989 -0.0139869 0.0927936 -0.0074598 0.0140236 0.999874 0.344302
30 36 79 0.999897 -0.00356825 0.0139004 0.885695 0.00374955 0.999908 -0.0130384 0.0682803 -0.0138526 0.0130891 0.999818 -0.459219
30 37 944 0.99997 -0.00775955 -0.000147555 0.97981 0.00775639 0.999853 -0.0153099 0.199002 0.000266331 0.0153083 0.999883 0.0192562
30 38 314 0.999831 -0.0139488 0.012001 0.789936 0.0140625 0.999857 -0.00943945 0.169214 -0.0118676 0.00960662 0.999883 -0.589379
30 39 606 0.999732 -0.00693043 0.0221098 -0.166148 0.00709522 0.999948 -0.00738365 0.0785175 -0.0220575 0.00753854 0.999728 0.98297
30 40 3940 0.999917 -0.0125322 -0.00287296 0.975154 0.0125301 0.999921 -0.000733828 -0.0746701 0.00288193 0.000697769 0.999996 -0.208565
30 41 487 0.999568 -0.00333219 0.0291933 0.370419 0.00326568 0.999992 0.0023257 -0.118807 -0.0292008 -0.00222936 0.999571 -0.921236
30 42 669 0.999488 -0.00327638 0.0318366 -0.20253 0.00332057 0.999994 -0.00133543 0.118827 -0.0318321 0.00144046 0.999492 0.97204
30 43 4204 0.999992 -0.00399086 0.000643827 0.999614 0.00399275 0.999988 -0.00295838 0.00541153 -0.000632012 0.00296093 0.999995 0.0272347
30 44 358 0.999867 -0.0113331 0.0117271 0.969021 0.0113769 0.999929 -0.00367581 0.212997 -0.0116846 0.00380874 0.999924 0.12502
45 46 411 0.99998 0.00614855 -0.00122493 0.224836 -0.00614205 0.999967 0.00524203 -0.128541 0.00125712 -0.0052344 0.999986 -0.965881
45 47 582 0.999901 0.0140869 0.000701003 0.32024 -0.0140934 0.999846 0.010422 0.0161073 -0.000554082 -0.0104309 0.999945 -0.9472
45 48 105 0.999884 0.0121024 0.0092273 -0.821693 -0.0122292 0.99983 0.0138148 -0.101081 -0.00905854 -0.013926 0.999862 0.560896
45 49 138 0.999793 0.0193572 0.00620237 0.690983 -0.0194526 0.999687 0.0157024 0.204652 -0.00589648 -0.0158198 0.999857 -0.693296
45 50 119 0.999756 0.022012 -0.00176305 0.832042 -0.0219775 0.999603 0.0176574 -0.0224678 0.00215102 -0.0176143 0.999843 0.554258
45 51 145 0.999838 0.0174141 0.00456373 -0.996855 -0.0174874 0.99971 0.0165478 0.0304629 -0.00427424 -0.0166249 0.999853 0.073155
45 52 474 0.999611 0.0214044 -0.0178978 0.940654 -0.0212388 0.99973 0.00939494 0.314464 0.0180941 -0.00901116 0.999796 0.127603
45 53 509 0.99967 0.0248706 -0.00636571 0.0434155 -0.0248013 0.999635 0.010734 0.151886 0.00663035 -0.0105726 0.999922 0.987444
45 54 413 0.999566 0.027752 -0.00984927 0.209803 -0.0276964 0.9996 0.00573651 -0.0229331 0.0100045 -0.00546123 0.999935 -0.977475
45 55 122 0.999526 0.0224586 -0.0210413 0.978929 -0.0223469 0.999735 0.00552826 -0.182114 0.0211599 -0.00505543 0.999763 -0.0923684
45 56 4228 0.998565 0.027206 -0.0461257 0.970569 -0.0268367 0.999603 0.00860766 -0.232425 0.0463415 -0.00735745 0.998899 0.0630405
45 57 4181 0.997924 0.0303365 -0.0568131 0.946958 -0.0307906 0.9995 -0.0071338 0.163128 0.0565683 0.00886829 0.998359 0.276874
45 58 641 0.998803 0.0242363 -0.0424845 0.9787 -0.0244057 0.999696 -0.00347302 0.0278773 0.0423874 0.00450573 0.999091 0.203392
45 59 4078 0.997582 0.0330506 -0.0611341 0.974017 -0.0328057 0.999449 0.00500517 -0.192396 0.0612658 -0.00298752 0.998117 -0.11948
60 61 83 0.999991 1.12353e-05 -0.00418363 0.987107 -3.43498e-06 0.999998 0.00186449 0.145598 0.00418365 -0.00186446 0.99999 -0.0664878
60 62 149 0.999997 0.00235283 0.000276994 0.707613 -0.00235482 0.99997 0.00739202 0.135205 -0.000259594 -0.00739265 0.999973 -0.693544
60 63 429 0.999984 0.00520581 -0.00220644 0.805628 -0.00518175 0.999929 0.0107728 -0.0542479 0.00226236 -0.0107612 0.99994 0.589933
60 64 172 0.99991 0.00454569 0.0126046 -0.919043 -0.00464737 0.999957 0.00804906 0.191509 -0.0125675 -0.00810692 0.999888 -0.344505
60 65 400 0.999915 0.0106267 0.00761822 0.98637 -0.0106685 0.999928 0.00546873 -0.113108 -0.00755956 -0.00554954 0.999956 0.119499
60 66 2705 0.99993 0.0117691 0.000857538 0.99137 -0.0117729 0.99992 0.00457221 -0.0544271 -0.000803659 -0.00458198 0.999989 -0.119264
60 67 3952 0.999988 0.00427251 -0.00241301 0.960239 -0.00427513 0.99999 -0.00108416 0.0460195 0.00240835 0.00109446 0.999997 0.27536
60 68 4232 0.999929 0.0105279 -0.00566752 0.967931 -0.0105018 0.999934 0.00462049 -0.222193 0.00571579 -0.00456064 0.999973 0.117218
60 69 4284 0.999877 0.0143357 -0.00640629 0.994211 -0.0143437 0.999896 -0.00121489 -0.102943 0.00638821 0.00130663 0.999979 0.0307779
60 70 4234 0.999925 0.0107993 -0.00577709 0.99928 -0.0108064 0.999941 -0.00119967 -0.0299124 0.0057638 0.00126201 0.999983 -0.0233195
60 71 4077 0.999796 0.0173186 -0.0103536 0.981578 -0.0172391 0.999822 0.00772248 -0.184421 0.0104855 -0.00754242 0.999917 0.0499278
60 72 4092 0.999886 0.0151133 0.000182518 0.962957 -0.0151125 0.999879 -0.00375623 0.0372864 -0.000239265 0.00375304 0.999993 0.267064
60 73 3884 0.999581 0.0204422 0.0204757 0.979508 -0.0205124 0.999784 0.00322517 -0.195911 -0.0204054 -0.00364383 0.999785 -0.0467294
60 74 4070 0.99962 0.0214496 -0.0173293 0.983948 -0.0215094 0.999763 -0.00327037 -0.0749215 0.017255 0.00364187 0.999844 0.161965
75 76 190 0.999932 0.000574087 -0.0116068 0.984945 -0.000598385 0.999998 -0.00209007 0.0611565 0.0116055 0.00209687 0.99993 -0.161689
75 77 472 0.999881 5.37128e-05 -0.0154221 0.935895 -4.69391e-05 1 0.00043958 -0.0620053 0.0154221 -0.000438804 0.999881 -0.346779
75 78 4705 0.99916 0.000913454 -0.0409595 0.986621 -0.00116348 0.999981 -0.00608068 0.144108 0.0409532 0.00612323 0.999142 0.0762392
75 79 2315 0.99991 0.00236099 -0.0131841 0.960866 -0.00241605 0.999988 -0.00416213 0.115781 0.0131741 0.00419361 0.999904 0.251655
75 80 1422 0.999993 0.00225512 -0.00288466 0.821266 -0.00226733 0.999988 -0.00423852 0.135869 0.00287507 0.00424504 0.999987 -0.554131
75 81 4518 0.999504 -0.000410194 -0.0314927 0.99415 0.000348729 0.999998 -0.00195718 0.0811107 0.0314935 0.00194523 0.999502 -0.0713249
75 82 138 0.999989 -0.00204014 0.00413425 -0.847284 0.00202988 0.999995 0.00248615 -0.00552456 -0.00413931 -0.00247773 0.999988 0.531112
75 83 248 0.999976 -0.00653137 0.00236351 0.782685 0.00653075 0.999979 0.00027081 0.0382731 -0.00236523 -0.000255368 0.999997 -0.62124
75 84 4358 0.999423 0.0026793 -0.0338627 0.972886 -0.00225478 0.999918 0.0125685 -0.221849 0.0338936 -0.0124849 0.999347 -0.0653933
75 85 4442 0.999182 -0.000218672 -0.0404432 0.996537 0.000287734 0.999999 0.00170183 0.0811286 0.0404428 -0.00171208 0.99918 0.0182318
75 86 4195 0.999276 -0.00161921 -0.0380137 0.993096 0.00177787 0.99999 0.00414026 0.106586 0.0380066 -0.00420485 0.999269 0.0489938
75 87 4126 0.998993 -0.00174382 -0.0448419 0.986614 0.00211108 0.999965 0.00814391 0.100874 0.0448261 -0.00823037 0.998961 0.12813
75 88 4053 0.997464 0.0113929 -0.0702583 0.990564 -0.00941547 0.999552 0.028412 -0.123406 0.0705505 -0.0276785 0.997124 0.0596212
75 89 4104 0.998534 0.00719049 -0.053653 0.984585 -0.00666318 0.999928 0.0100006 0.103827 0.0537211 -0.00962842 0.99851 0.140757
90 91 392 0.999993 -0.000106752 0.00363508 0.122696 8.09542e-05 0.999975 0.00709633 -0.0178078 -0.00363575 -0.00709599 0.999968 -0.992285
90 92 3931 0.999896 0.00608533 -0.0130817 0.867207 -0.00606385 0.99998 0.00168177 0.190791 0.0130917 -0.00160227 0.999913 0.459946
90 93 4019 0.999815 0.0110294 -0.0157537 0.95533 -0.0108984 0.999906 0.00837219 -0.0351478 0.0158446 -0.00819895 0.999841 0.293443
90 94 4288 0.999785 0.0161687 -0.0129616 0.924832 -0.0161059 0.999858 0.00493599 0.00510494 0.0130396 -0.00472618 0.999904 0.380341
90 95 2107 0.999831 0.0082336 0.0164347 0.584282 -0.00831556 0.999953 0.00492517 -0.0939583 -0.0163934 -0.005061 0.999853 0.806094
90 96 4012 0.999958 0.00892772 -0.00221813 0.890952 -0.0089058 0.999913 0.00970514 -0.236373 0.00230458 -0.00968498 0.99995 0.387727
90 97 4056 0.999277 0.0120932 -0.0360347 0.935324 -0.0119142 0.999916 0.00517565 -0.130734 0.0360942 -0.00474258 0.999337 0.328752
90 98 3856 0.999408 0.00939 -0.0330914 0.945548 -0.00948548 0.999951 -0.00272966 -0.0971955 0.0330642 0.00304194 0.999449 0.310632
90 99 3868 0.999256 0.00536156 -0.0381959 0.935153 -0.00549632 0.999979 -0.00342392 -0.214239 0.0381768 0.00363131 0.999264 0.282119
90 100 3839 0.999868 -0.00123549 -0.0161893 0.917863 0.0011713 0.999991 -0.00397383 -0.305749 0.016194 0.00395434 0.999861 0.253071
90 101 3390 0.999707 -0.00127206 -0.0241742 0.917101 0.000741151 0.999759 -0.021958 -0.0691401 0.0241963 0.0219336 0.999467 0.392614
90 102 3394 0.999536 -0.00691201 -0.0296546 0.9436 0.00653082 0.999895 -0.0129322 -0.2912 0.0297408 0.0127325 0.999477 0.157552
90 103 3241 0.999557 -0.00264319 -0.029635 0.950969 0.00212368 0.999844 -0.0175482 -0.249178 0.0296768 0.0174775 0.999407 0.183218
90 104 3267 0.999232 -0.00745902 -0.0384707 0.943805 0.00679411 0.999826 -0.0173852 -0.264017 0.0385937 0.0171105 0.999108 0.198815
105 106 66 0.999998 -0.00136442 0.00163431 0.915095 0.00137342 0.999984 -0.00551866 0.402581 -0.00162676 0.00552089 0.999983 0.0230373
105 107 252 0.999968 0.000497137 0.00801985 0.628501 -0.00043917 0.999974 -0.00722814 -0.190729 -0.00802323 0.00722438 0.999942 -0.754062
105 108 663 0.999961 0.00329192 0.00819985 0.829697 -0.00318102 0.999904 -0.0135006 -0.00169891 -0.00824351 0.013474 0.999875 -0.558211
105 109 1021 0.999805 0.00988905 0.0170864 0.565077 -0.00962722 0.999836 -0.0153388 -0.0365571 -0.0172352 0.0151713 0.999736 -0.824228
105 110 1668 0.999883 0.0070122 0.0135591 0.774501 -0.00680176 0.999857 -0.0155048 -0.0257938 -0.0136659 0.0154108 0.999788 -0.632047
105 111 3715 0.999997 0.00204275 0.00134532 0.847102 -0.00202179 0.999879 -0.0153988 -0.0243029 -0.00137661 0.015396 0.999881 -0.530874
105 112 3355 0.999927 0.0063618 0.0103182 0.697863 -0.00618229 0.999831 -0.0173368 0.0142529 -0.0104268 0.0172718 0.999796 -0.716089
105 113 2888 0.999906 0.00877084 0.0105627 0.666037 -0.00857336 0.99979 -0.0185985 -0.0306984 -0.0107236 0.0185062 0.999771 -0.745286
105 114 3265 0.999949 0.0096733 -0.0030615 0.74482 -0.00969078 0.999937 -0.00574746 -0.19364 0.00300571 0.00577683 0.999979 -0.638551
105 115 3532 0.999966 0.00728351 -0.00383045 0.782934 -0.00734566 0.999837 -0.0164697 0.133433 0.00370987 0.0164972 0.999857 -0.607626
105 116 3461 0.999915 0.0129858 0.000672909 0.831974 -0.0129778 0.999858 -0.010747 0.0354059 -0.000812371 0.0107373 0.999942 -0.553684
105 117 3175 0.999951 0.0076768 -0.00618334 0.799331 -0.00776894 0.999857 -0.0150172 0.148429 0.00606717 0.0150645 0.999868 -0.582271
105 118 3375 0.99961 0.0109243 -0.0256938 0.870423 -0.0112942 0.999834 -0.0142956 0.194679 0.0255333 0.0145802 0.999568 -0.452176
105 119 3274 0.99982 0.0178092 -0.00649645 0.823325 -0.0178229 0.999839 -0.0020547 0.100212 0.00645882 0.00217011 0.999977 -0.558653
120 121 478 0.999986 0.00382276 0.0035759 0.0618488 -0.00384856 0.999966 0.00723353 0.029806 -0.00354813 -0.00724719 0.999967 -0.99764
120 122 601 0.999949 0.00972295 0.0025885 0.397919 -0.009749 0.9999 0.0102491 0.287357 -0.00248859 -0.0102738 0.999944 -0.871256
120 123 3521 0.999848 0.012598 -0.0120918 0.937444 -0.0125217 0.999901 0.00636507 0.270718 0.0121708 -0.00621269 0.999907 -0.218887
120 124 3212 0.999836 0.017716 -0.00370822 0.894144 -0.0176669 0.999761 0.0128918 -0.113721 0.00393572 -0.0128241 0.99991 -0.433099
120 125 3730 0.999526 0.0290174 -0.0103125 0.799838 -0.0291497 0.999492 -0.0129165 0.511475 0.00993249 0.013211 0.999863 -0.314091
120 126 3720 0.999552 0.0298899 -0.00151666 0.736764 -0.0298973 0.99954 -0.00508592 0.334328 0.00136395 0.00512898 0.999986 -0.58771
120 127 3291 0.999398 0.0341636 0.00606273 0.524626 -0.0341871 0.999408 0.00381515 0.0624904 -0.0059288 -0.00402012 0.999974 -0.849036
120 128 3433 0.999511 0.0312622 2.39058e-05 0.494231 -0.0312622 0.999511 0.000565411 0.147471 -6.21817e-06 -0.000565881 1 -0.856731
120 129 3613 0.999253 0.0307519 -0.0233912 0.683527 -0.0311577 0.999367 -0.0171892 0.398169 0.0228478 0.0179052 0.999579 -0.611761
120 130 3587 0.999152 0.0344568 -0.0225547 0.619386 -0.0346803 0.999352 -0.00959312 0.288572 0.0222095 0.0103672 0.9997 -0.730128
120 131 3596 0.998429 0.0377804 -0.0413669 0.676801 -0.0389138 0.998879 -0.0269437 0.469008 0.0403026 0.0285111 0.998781 -0.567426
120 132 3512 0.999094 0.0348306 -0.0244707 0.515734 -0.0349564 0.999378 -0.00473134 0.28669 0.0242907 0.00558246 0.999689 -0.807358
120 133 3546 0.998244 0.0389173 -0.0446573 0.632223 -0.0397664 0.999042 -0.018284 0.436834 0.043903 0.0200278 0.998835 -0.639899
120 134 3425 0.99791 0.0376459 -0.0525211 0.608022 -0.0389523 0.998951 -0.0240764 0.484718 0.0515596 0.0260719 0.99833 -0.628775
135 136 421 0.999997 -0.00204616 -0.00109416 0.30412 0.00204911 0.999994 0.00270694 -0.0502578 0.00108862 -0.00270917 0.999996 -0.951307
135 137 479 0.999884 0.00309037 -0.0149415 0.948 -0.00305681 0.999993 0.00226841 0.0650168 0.0149484 -0.00222248 0.999886 -0.311558
135 138 1081 0.999985 0.00501722 -0.00237788 0.0885559 -0.00500551 0.999975 0.00490619 -0.0473076 0.00240244 -0.00489421 0.999985 -0.994947
135 139 734 0.999916 0.00157509 -0.0128579 0.544404 -0.00152012 0.99999 0.0042834 0.294535 0.0128645 -0.0042635 0.999908 -0.785413
135 140 1466 0.999943 0.010323 -0.00289634 0.0046877 -0.0102823 0.999853 0.0137337 -0.17188 0.00303769 -0.0137031 0.999901 -0.985107
135 141 1725 0.999974 0.00553599 -0.00452542 0.0119702 -0.0054851 0.999922 0.0111819 -0.0368339 0.00458697 -0.0111568 0.999927 -0.99925
135 142 3896 0.999369 0.00641757 -0.0349366 0.671725 -0.00655199 0.999972 -0.00373447 0.411432 0.0349117 0.00396101 0.999383 -0.616043
135 143 3903 0.999342 0.0112644 -0.0344911 0.505822 -0.0111815 0.999934 0.00259361 0.343722 0.0345181 -0.00220624 0.999402 -0.791201
135 144 3886 0.997547 0.0163552 -0.0680612 0.811784 -0.0171718 0.999787 -0.0114297 0.442425 0.0678598 0.0125704 0.997616 -0.381138
135 145 3930 0.998455 0.0150563 -0.0534962 0.646462 -0.0154465 0.999857 -0.00688763 0.512629 0.0533848 0.00770332 0.998544 -0.565065
135 146 3533 0.999102 0.0243117 -0.0347057 0.396662 -0.0235186 0.999457 0.023081 0.220705 0.035248 -0.022244 0.999131 -0.891038
135 147 3606 0.998411 0.0254962 -0.0502466 0.598407 -0.0248281 0.999595 0.0138764 0.409361 0.0505801 -0.0126068 0.99864 -0.688718
135 148 3610 0.998359 0.0326158 -0.047073 0.532028 -0.0312232 0.999061 0.0300226 0.298925 0.048008 -0.0285036 0.99844 -0.792206
135 149 3300 0.99633 0.0415923 -0.0748107 0.694884 -0.0406722 0.999078 0.0137811 0.446308 0.0753149 -0.0106878 0.997103 -0.563866
150 151 101 0.999948 0.00976217 0.0028029 0.0263756 -0.0097937 0.999886 0.0114661 0.665966 -0.00269065 -0.0114929 0.99993 0.745515
150 152 125 0.999819 0.0183976 0.00477133 0.0125495 -0.0184692 0.99971 0.0154229 -0.818459 -0.0044862 -0.0155083 0.99987 -0.574428
150 153 364 0.999938 0.0111679 0.000375803 0.104137 -0.0111681 0.999937 0.000680855 0.940564 -0.000368176 -0.00068501 1 -0.323256
150 154 667 0.999817 0.0189967 -0.00210706 0.0727444 -0.0189737 0.999766 0.0104354 -0.102392 0.0023048 -0.0103935 0.999943 -0.992081
150 155 730 0.999702 0.0233101 -0.00730619 -0.0119596 -0.0231912 0.999604 0.015959 -0.125359 0.00767531 -0.0157848 0.999846 -0.992039
150 156 939 0.999619 0.0266247 -0.00725979 -0.0188051 -0.0264818 0.999466 0.0191171 -0.0948165 0.0077649 -0.0189175 0.999791 -0.995317
150 157 852 0.999409 0.0338409 -0.00604554 0.0208105 -0.0337259 0.999265 0.0182108 -0.166877 0.00665737 -0.0179962 0.999816 -0.985758
150 158 1084 0.998981 0.0449439 -0.00403074 -0.00119744 -0.0448366 0.998715 0.0236317 -0.181829 0.00508766 -0.0234269 0.999713 -0.983329
150 159 2638 0.998347 0.0381761 -0.0429684 0.735778 -0.0378975 0.999255 0.00727973 0.36209 0.0432143 -0.00563929 0.99905 -0.572295
150 160 1254 0.999384 0.0303848 -0.0175832 0.217553 -0.0301168 0.999429 0.015314 0.157788 0.0180384 -0.0147751 0.999728 -0.96321
150 161 2719 0.995558 0.0351523 -0.0873474 0.766368 -0.0377405 0.998891 -0.0281579 0.567007 0.0862607 0.0313293 0.99578 -0.301967
150 162 2601 0.996124 0.0399396 -0.0783687 0.742944 -0.040826 0.999119 -0.00974068 0.498649 0.0779106 0.0129024 0.996877 -0.446524
150 163 1484 0.999375 0.0267739 -0.0230899 0.0786707 -0.0263007 0.999443 0.0205589 0.323772 0.0236275 -0.0199388 0.999522 -0.942859
150 164 2348 0.996435 0.0445818 -0.0716212 0.651915 -0.0435074 0.998917 0.0164919 0.308138 0.0722789 -0.013317 0.997296 -0.692862
165 166 404 0.999975 0.00560668 -0.004273 0.175094 -0.00557669 0.99996 0.00699976 -0.237649 0.00431208 -0.00697576 0.999966 -0.95544
165 167 498 0.999912 0.0126002 -0.00408436 -0.00379556 -0.012555 0.999861 0.0109264 -0.350643 0.00422147 -0.0108742 0.999932 -0.936501
165 168 1307 0.999812 0.0115545 -0.0155436 0.450952 -0.0115155 0.99993 0.00259469 0.522697 0.0155725 -0.00241521 0.999876 -0.723485
165 169 1904 0.999739 0.0148305 -0.017404 0.330554 -0.0146588 0.999843 0.00995652 0.106696 0.0175489 -0.0096988 0.999799 -0.937737
165 170 3059 0.999595 0.0176219 -0.0223454 0.3245 -0.0174449 0.999815 0.00809261 0.142514 0.0224839 -0.00769952 0.999718 -0.935088
165 171 3924 0.999348 0.0210671 -0.0293288 0.497889 -0.0207536 0.999725 0.0109535 0.160835 0.0295515 -0.0103377 0.99951 -0.852196
165 172 4115 0.998695 0.0230262 -0.0455825 0.689599 -0.0229923 0.999735 0.00126827 0.331028 0.0455996 -0.000218569 0.99896 -0.644107
165 173 3598 0.999456 0.0169988 -0.0282718 0.320907 -0.0168406 0.999841 0.00582275 0.290752 0.0283663 -0.00534347 0.999583 -0.901378
165 174 4228 0.997885 0.0275984 -0.0588483 0.614277 -0.0270606 0.999585 0.00991507 0.1957 0.0590975 -0.00830163 0.998218 -0.764438
165 175 3827 0.998116 0.0345194 -0.0507332 0.513275 -0.0337412 0.999301 0.0161172 0.162216 0.0512541 -0.014375 0.998582 -0.842754
165 176 3893 0.995418 0.0383026 -0.0876138 0.741959 -0.0392328 0.99919 -0.0089187 0.383402 0.0872013 0.0123152 0.996115 -0.55
165 177 3712 0.997274 0.0506701 -0.0536434 0.521045 -0.0500769 0.998669 0.0123463 0.216128 0.0541976 -0.00962635 0.998484 -0.825712
165 178 3616 0.996403 0.0538096 -0.065458 0.615964 -0.0538042 0.99855 0.00184551 0.273256 0.0654624 0.00168305 0.997854 -0.738864
165 179 3651 0.994012 0.0622713 -0.0897894 0.746149 -0.0636509 0.997893 -0.0125813 0.329279 0.0888168 0.0182211 0.995881 -0.578651
180 181 711 0.999989 0.00439477 0.00144362 0.0234876 -0.00439406 0.99999 -0.000497204 -0.0666284 -0.00144579 0.000490855 0.999999 -0.997501
180 182 2671 0.999874 0.0110427 -0.011429 0.828852 -0.0110878 0.999931 -0.00389564 0.0782698 0.0113852 0.00402187 0.999927 -0.553965
180 183 3112 0.999839 0.0166393 -0.00666154 0.68021 -0.0166845 0.999838 -0.00678679 0.051775 0.00654754 0.00689685 0.999955 -0.731186
180 184 3059 0.999827 0.0185806 0.000147429 0.380812 -0.0185784 0.999783 -0.00939904 0.076366 -0.000322037 0.00939468 0.999956 -0.921494
180 185 4951 0.999771 0.0187069 -0.01036 0.509257 -0.0188433 0.999735 -0.0132324 0.127331 0.0101097 0.0134246 0.999859 -0.851143
180 186 4557 0.999685 0.0234576 -0.00897179 0.434326 -0.02357 0.999642 -0.0126339 0.121069 0.00867222 0.0128414 0.99988 -0.892582
180 187 5447 0.999326 0.0257992 -0.0261322 0.664971 -0.0264077 0.999382 -0.0232139 0.255976 0.0255171 0.0238884 0.999389 -0.701634
180 188 5392 0.999251 0.0309797 -0.0231941 0.612055 -0.0315799 0.999164 -0.0259766 0.264567 0.0223699 0.0266896 0.999393 -0.745247
180 189 5154 0.998019 0.0316693 -0.0543642 0.749905 -0.033556 0.998853 -0.0341507 0.285454 0.0532203 0.0359073 0.997937 -0.59679
180 190 4911 0.998707 0.0262375 -0.0435435 0.633786 -0.0273087 0.999334 -0.0241894 0.208867 0.0428798 0.0253472 0.998759 -0.744775
180 191 4991 0.998236 0.0271479 -0.0527926 0.625216 -0.0285252 0.999267 -0.0255139 0.169867 0.0520613 0.0269748 0.99828 -0.761741
180 192 4844 0.996283 0.0325599 -0.0797442 0.763314 -0.0350408 0.998938 -0.0299113 0.178236 0.0786856 0.0325944 0.996366 -0.620954
180 193 4545 0.998501 0.0248544 -0.0487684 0.519872 -0.0265083 0.999085 -0.0335657 0.258659 0.0478896 0.0348082 0.998246 -0.814143
180 194 4230 0.995171 0.0202047 -0.0960586 0.731692 -0.0247747 0.998605 -0.0466227 0.317447 0.0949826 0.0487774 0.994283 -0.603203
195 196 580 0.999959 -0.00560868 -0.00704107 0.177159 0.00564099 0.999974 0.00457717 0.196403 0.00701521 -0.00461671 0.999965 -0.964386
195 197 4046 0.999508 0.00561327 -0.0308524 0.737553 -0.00470894 0.999559 0.0293063 -0.485386 0.0310033 -0.0291466 0.999094 -0.469485
195 198 4681 0.9988 0.000397515 -0.0489817 0.914968 0.000993073 0.999597 0.0283623 -0.102893 0.0489733 -0.0283769 0.998397 -0.390189
195 199 2114 0.999315 -0.00371615 -0.0368225 0.612529 0.00476262 0.999586 0.0283725 0.0978869 0.0367019 -0.0285284 0.998919 -0.784364
195 200 4111 0.998102 0.000320948 -0.0615778 0.934252 0.00213567 0.999204 0.0398246 0.00791634 0.0615416 -0.0398805 0.997307 -0.356526
195 201 4085 0.996963 0.0154255 -0.076338 0.910669 -0.0111563 0.998366 0.0560391 -0.2856 0.0770778 -0.0550173 0.995506 -0.298521
195 202 3912 0.998123 0.0105322 -0.0603342 0.802441 -0.00800713 0.999088 0.0419407 -0.0483013 0.0607209 -0.0413788 0.997297 -0.594774
195 203 2950 0.99848 0.0151014 -0.0530095 0.672209 -0.0126076 0.998812 0.0470675 -0.034172 0.0536573 -0.0463276 0.997484 -0.739573
195 204 3935 0.991342 0.02306 -0.129265 0.99159 -0.0166859 0.998601 0.0501782 -0.0420767 0.130241 -0.0475869 0.99034 -0.122386
195 205 3811 0.990701 0.0351894 -0.131427 0.972046 -0.027661 0.997894 0.0586754 -0.150501 0.133215 -0.0544944 0.989588 -0.180209
195 206 2752 0.997989 0.0399946 -0.0491752 0.529222 -0.0376071 0.998112 0.0485548 -0.164242 0.0510243 -0.0466078 0.997609 -0.832435
195 207 3734 0.994201 0.0402272 -0.0997299 0.883846 -0.0350005 0.997948 0.0536157 -0.148087 0.101682 -0.0498142 0.993569 -0.44372
195 208 3555 0.98805 0.0482509 -0.146385 0.95434 -0.0394303 0.997261 0.0625721 -0.172141 0.149003 -0.0560524 0.987247 -0.244135
195 209 3473 0.989149 0.0464491 -0.139378 0.970353 -0.0407069 0.998212 0.0437713 -0.0587003 0.141162 -0.0376227 0.989271 -0.234454
210 211 212 0.999996 0.00188669 0.00212953 0.761545 -0.00188094 0.999995 -0.00269862 -0.0448555 -0.00213461 0.0026946 0.999994 -0.646558
210 212 1101 0.999967 0.00784381 -0.00186559 0.954953 -0.00784388 0.999969 -2.6441e-05 -0.169425 0.00186533 4.10736e-05 0.999998 -0.243637
210 213 3905 0.999861 0.0164977 -0.00231417 0.886543 -0.0164873 0.999854 0.00445075 -0.158436 0.00238726 -0.00441198 0.999987 -0.434673
210 214 1492 0.999793 -0.000977321 0.020335 0.633725 0.00094984 0.999999 0.00136102 0.144903 -0.0203363 -0.00134142 0.999792 -0.759866
210 215 5078 0.999753 0.00744935 -0.0209181 0.955218 -0.00709292 0.999829 0.017062 -0.154502 0.0210417 -0.0169094 0.999636 -0.252363
210 216 4566 0.999836 -0.00049962 -0.0180812 0.920635 0.000749123 0.999905 0.0137949 -0.0014636 0.0180725 -0.0138062 0.999741 -0.390422
210 217 3054 0.999866 -0.00666734 0.0149294 0.720337 0.00635463 0.999761 0.0208959 -0.019715 -0.0150652 -0.0207983 0.99967 -0.693344
210 218 4094 0.999869 -0.0159798 0.00268753 0.86432 0.0159114 0.99959 0.0237961 0.0697144 -0.00306669 -0.0237502 0.999713 -0.498088
210 219 4061 0.99981 -0.019431 -0.00163027 0.841006 0.0194739 0.999276 0.0326857 0.0233374 0.000993969 -0.0327112 0.999464 -0.540522
210 220 4632 0.999458 -0.0145197 -0.0295354 0.945551 0.0158247 0.998887 0.0444426 -0.0845273 0.0288572 -0.044886 0.998575 -0.314306
210 221 3885 0.999871 -0.01596 -0.00177625 0.918582 0.0160162 0.999143 0.0381783 -0.0927772 0.0011654 -0.0382018 0.999269 -0.384188
210 222 4247 0.999639 -0.0158426 -0.0217214 0.944213 0.0163519 0.999591 0.0234767 0.0139907 0.0213405 -0.0238234 0.999488 -0.329037
210 223 4136 0.999141 -0.0143593 -0.0388636 0.955597 0.0153883 0.999535 0.0263102 -0.0101604 0.0384678 -0.0268856 0.998898 -0.294503
210 224 4196 0.999685 -0.00709969 -0.0240797 0.929288 0.00781157 0.999531 0.0295997 -0.0543071 0.0238582 -0.0297785 0.999272 -0.365341
225 226 470 0.999997 0.00195528 0.00158671 0.120609 -0.00194773 0.999987 -0.00474588 0.265355 -0.00159596 0.00474278 0.999987 -0.956577
225 227 1740 0.99976 0.0218307 -0.00175155 0.446541 -0.0218154 0.999728 0.00828702 -0.868661 0.00193198 -0.00824682 0.999964 -0.214543
225 228 5040 0.999462 0.0315655 -0.0088683 0.656965 -0.0314597 0.999435 0.0118299 -0.666265 0.00923671 -0.0115446 0.999891 -0.352828
225 229 3696 0.999813 0.017155 -0.00892784 0.769127 -0.0172086 0.999834 -0.00596289 -0.0133594 0.00882406 0.00611541 0.999942 -0.638956
225 230 5324 0.999309 0.0143566 -0.0342986 0.982717 -0.0145178 0.999885 -0.0044559 -0.0223685 0.0342306 0.00495075 0.999402 -0.18376
225 231 5359 0.999045 0.0283436 -0.0332562 0.902196 -0.0282042 0.999591 0.00465311 -0.333139 0.0333745 -0.0037107 0.999436 -0.273971
225 232 5467 0.999057 0.0343969 -0.0264836 0.882422 -0.0344177 0.999407 -0.000329277 -0.370489 0.0264566 0.00124047 0.999649 -0.289948
225 233 5190 0.999332 0.0200461 -0.0305569 0.938418 -0.0203873 0.999733 -0.0108957 -0.239015 0.0303303 0.0115114 0.999474 -0.249487
225 234 5158 0.999292 0.0173093 -0.033401 0.930584 -0.0177589 0.999755 -0.0132098 -0.263398 0.0331642 0.0137936 0.999355 -0.254234
225 235 3246 0.999862 0.0152767 -0.00648123 0.769793 -0.0154392 0.999548 -0.0258073 -0.137355 0.00608405 0.0259039 0.999646 -0.62334
225 236 4857 0.999313 0.0087113 -0.0360169 0.959258 -0.00960538 0.999648 -0.0247258 -0.164417 0.0357888 0.0250548 0.999045 -0.229762
225 237 2192 0.999278 0.0378089 0.0036134 0.697457 -0.0376902 0.998878 -0.0286584 -0.368461 -0.00469289 0.0285015 0.999583 -0.614646
225 238 3199 0.999439 0.0320005 -0.0099096 0.848469 -0.0322759 0.999058 -0.029005 -0.274022 0.0089721 0.0293085 0.99953 -0.452783
225 239 1622 0.999507 0.0272273 0.0156657 0.770523 -0.0266047 0.998898 -0.0386687 -0.127993 -0.0167012 0.0382328 0.999129 -0.62443
240 241 474 0.999998 -0.000946207 -0.00192261 0.541997 0.000938927 0.999992 -0.00378388 0.189855 0.00192617 0.00378206 0.999991 -0.818654
240 242 2202 0.9999 0.00518105 0.0131219 -0.922067 -0.00504303 0.999932 -0.0105297 0.279819 -0.0131756 0.0104624 0.999858 0.267383
240 243 6049 0.999034 0.00669465 -0.0434356 0.983133 -0.00728324 0.999884 -0.0134068 0.0352955 0.0433408 0.0137102 0.998966 0.179452
240 244 5485 0.999158 0.00797347 -0.0402517 0.938233 -0.00874352 0.999781 -0.0189912 0.0823128 0.0400914 0.0193271 0.999009 0.336069
240 245 3306 0.999627 0.0250045 -0.0109998 0.727232 -0.0251268 0.999622 -0.011128 -0.333849 0.0107174 0.0114002 0.999878 0.599732
240 246 5075 0.999501 0.0137418 -0.0284379 0.956764 -0.0142819 0.99972 -0.0188773 -0.0984158 0.0281705 0.019274 0.999417 0.27371
240 247 4611 0.999219 0.0117873 -0.0377105 0.979747 -0.0124507 0.999771 -0.0174066 -0.0278495 0.0374967 0.0178625 0.999137 0.198294
240 248 4549 0.999639 0.00981399 -0.025029 0.961023 -0.0101829 0.999841 -0.0146555 0.042095 0.0248812 0.0149051 0.999579 0.273246
240 249 4457 0.999473 0.0121613 -0.030089 0.946125 -0.0125231 0.999851 -0.0118636 0.0539968 0.0299403 0.0122342 0.999477 0.319269
240 250 3515 0.999835 0.0157284 -0.00910059 0.891111 -0.0157551 0.999872 -0.00286767 -0.0158412 0.00905432 0.00301058 0.999954 0.453509
240 251 4050 0.999515 0.0162007 -0.0266042 0.915151 -0.0164437 0.999825 -0.00894398 0.0744727 0.0264547 0.00937711 0.999606 0.396173
240 252 3826 0.999861 0.0159383 -0.00489241 0.869196 -0.0159365 0.999873 0.000407377 0.00110637 0.00489828 -0.000329353 0.999988 0.494466
240 253 3639 0.999975 0.00700044 0.000677875 0.89314 -0.00700218 0.999972 0.00260113 0.0141504 -0.000659647 -0.00260581 0.999996 0.449555
240 254 3833 0.999966 -0.000370768 -0.00824417 0.875813 0.00034524 0.999995 -0.00309773 0.0525779 0.00824528 0.00309477 0.999961 0.479779
255 256 232 0.999857 -0.0163676 -0.0043145 0.783384 0.0163442 0.999852 -0.00540635 0.607098 0.00440235 0.00533506 0.999976 0.133195
255 257 1843 0.999722 -0.0229656 -0.00532571 0.913378 0.0229665 0.999736 0.000112839 0.33025 0.00532171 -0.00023512 0.999986 0.238066
255 258 3570 0.999865 -0.0163287 -0.00207324 0.777102 0.0163457 0.99983 0.0085045 -0.142256 0.00193402 -0.00853724 0.999962 0.613087
255 259 4071 0.999755 -0.0207285 -0.00781529 0.902244 0.0207431 0.999783 0.00179074 0.0374627 0.00777647 -0.00195242 0.999968 0.429597
255 260 5087 0.999742 -0.0161415 -0.0159904 0.927856 0.0161308 0.99987 -0.000798057 0.0983164 0.0160012 0.000539912 0.999872 0.359747
255 261 5359 0.99985 -0.0118034 -0.0127098 0.864095 0.0118044 0.99993 9.95476e-07 0.055974 0.0127089 -0.000151027 0.999919 0.500206
255 262 4180 0.999715 -0.0230542 -0.00615011 0.806923 0.023042 0.999732 -0.00204491 0.101599 0.00619561 0.00190262 0.999979 0.581853
255 263 4715 0.999431 -0.0271295 -0.0200561 0.856932 0.0271641 0.99963 0.00145329 0.141908 0.0200092 -0.00199727 0.999798 0.495509
255 264 4994 0.998928 -0.0318194 -0.033622 0.830722 0.031617 0.999479 -0.00653363 0.206625 0.0338124 0.0054636 0.999413 0.516921
255 265 5010 0.999132 -0.0228585 -0.034835 0.847325 0.0228901 0.999738 0.000509535 0.0814521 0.0348143 -0.00130647 0.999393 0.524792
255 266 4756 0.997913 -0.0310196 -0.0566268 0.888405 0.0305019 0.999485 -0.00998408 0.184099 0.0569073 0.00823603 0.998345 0.420527
255 267 4681 0.998831 -0.0301654 -0.0377585 0.768061 0.0301293 0.999545 -0.00152368 0.0640057 0.0377873 0.000384256 0.999286 0.637171
255 268 4359 0.999055 -0.0276388 -0.033532 0.75863 0.0276817 0.999616 0.000815466 0.00455521 0.0334966 -0.00174292 0.999437 0.651506
255 269 4531 0.997952 -0.0269311 -0.0580159 0.843633 0.0266807 0.999631 -0.00508521 0.0418763 0.0581315 0.00352689 0.998303 0.535285
270 271 1101 0.999995 0.0024542 0.00172883 0.101922 -0.00245729 0.999995 0.0017886 0.0213236 -0.00172444 -0.00179284 0.999997 0.994564
270 272 1986 0.999975 0.00698876 0.000566862 0.510857 -0.00699166 0.999962 0.0052873 -0.285813 -0.000529888 -0.00529113 0.999986 0.810762
270 273 5297 0.999847 0.0114803 -0.0132227 0.831588 -0.0115567 0.999917 -0.00571526 0.167361 0.013156 0.0058672 0.999896 0.529576
270 274 4483 0.999803 0.0198341 -0.000445789 0.617837 -0.0198282 0.999746 0.0106835 -0.266631 0.000657574 -0.0106726 0.999943 0.73972
270 275 4590 0.999849 0.0162994 -0.00596301 0.68703 -0.0162381 0.999816 0.0101993 -0.182932 0.00612816 -0.0101009 0.99993 0.703225
270 276 4857 0.999814 0.00748222 -0.0177597 0.808105 -0.00737356 0.999954 0.00617645 -0.0734537 0.0178051 -0.00604435 0.999823 0.584441
270 277 4775 0.99991 0.00755769 -0.011128 0.710371 -0.00747642 0.999945 0.00732715 -0.0869034 0.0111827 -0.00724329 0.999911 0.698442
270 278 4599 0.999673 0.0170656 -0.0190246 0.78025 -0.0168385 0.999786 0.012035 -0.143824 0.0192259 -0.0117108 0.999747 0.608707
270 279 3717 0.99983 0.016788 -0.00766413 0.695188 -0.0166667 0.999739 0.0156262 -0.146572 0.00792446 -0.0154958 0.999849 0.703726
270 280 3794 0.999773 0.0208973 -0.00417808 0.719929 -0.0208189 0.999621 0.0180038 -0.149281 0.00455272 -0.0179128 0.999829 0.677804
270 281 3863 0.999873 0.015804 -0.00219941 0.701289 -0.0157841 0.999837 0.00876986 -0.075576 0.00233765 -0.00873403 0.999959 0.70886
270 282 3720 0.999648 0.0264263 -0.00236731 0.74626 -0.026376 0.999467 0.0192322 -0.156146 0.00287428 -0.019163 0.999812 0.647081
270 283 3632 0.999652 0.0256313 0.00618648 0.672413 -0.0257405 0.999502 0.0182742 -0.136616 -0.00571501 -0.0184271 0.999814 0.727459
270 284 3716 0.9996 0.0275641 0.00629269 0.684681 -0.0276629 0.999486 0.0161877 -0.147493 -0.00584325 -0.0163553 0.999849 0.713763
285 286 661 0.999991 -0.000225894 0.00425945 0.387612 0.00022429 1 0.000376973 -0.289166 -0.00425953 -0.000376014 0.999991 0.875294
285 287 2405 0.999989 0.00172058 -0.0042788 0.857325 -0.00175774 0.999961 -0.00869777 -0.070126 0.00426367 0.0087052 0.999953 0.509977
285 288 3936 0.999978 0.00574254 -0.00337076 0.885839 -0.00575878 0.999972 -0.00482898 -0.221532 0.00334293 0.00484829 0.999983 0.407692
285 289 3500 0.999991 0.00373036 0.00194917 0.74842 -0.00371267 0.999953 -0.00900153 -0.156871 -0.00198266 0.00899421 0.999958 0.644405
285 290 4366 0.999954 0.00958357 -0.000865402 0.651213 -0.00958949 0.999929 -0.00712021 -0.334312 0.000797103 0.00712818 0.999974 0.68129
285 291 4213 0.999894 0.0145095 0.000920037 0.736635 -0.0144959 0.999805 -0.0133986 -0.244653 -0.00111426 0.0133838 0.99991 0.630487
285 292 4126 0.999858 0.0168226 -0.00041012 0.792404 -0.0168266 0.999765 -0.0136363 -0.25474 0.000180627 0.0136412 0.999907 0.55426
285 293 4227 0.999854 0.0143401 -0.00929612 0.778362 -0.0144925 0.999758 -0.0165311 -0.251599 0.00905682 0.0166634 0.99982 0.575196
285 294 4420 0.999523 0.0183154 -0.0248589 0.860031 -0.0187624 0.999664 -0.0178723 -0.19923 0.0245232 0.0183302 0.999531 0.469738
285 295 4238 0.999466 0.0286004 -0.0158164 0.795093 -0.0288342 0.999475 -0.0147522 -0.277272 0.0153862 0.0152004 0.999766 0.539396
285 296 3698 0.999167 0.0338395 -0.0228076 0.80068 -0.0343023 0.999207 -0.0202139 -0.232208 0.0221055 0.0209795 0.999535 0.55226
285 297 3662 0.999098 0.0410309 -0.0109189 0.816816 -0.0412885 0.998847 -0.0245137 -0.247043 0.00990049 0.0249425 0.99964 0.521326
285 298 3904 0.998819 0.0434367 -0.0217455 0.814498 -0.0439031 0.998805 -0.021453 -0.201451 0.0207877 0.0223823 0.999533 0.544069
285 299 3783 0.998142 0.0411978 -0.0448896 0.87327 -0.0421717 0.99889 -0.0209692 -0.194203 0.0439759 0.0228233 0.998772 0.446861
300 301 280 0.999935 0.000592404 -0.011349 0.86256 -0.000666374 0.999979 -0.00651511 0.494478 0.0113449 0.00652225 0.999914 0.107148
300 302 447 0.999995 -0.00308077 9.19488e-05 0.290994 0.00308086 0.999995 -0.0009863 0.222289 -8.89098e-05 0.000986579 1 -0.930543
300 303 248 0.999956 -0.00224563 -0.00912666 0.645797 0.00222373 0.999995 -0.00240964 -0.131314 0.00913202 0.00238924 0.999955 0.752132
300 304 4802 0.999527 -0.00552732 -0.030248 0.968563 0.00530289 0.999958 -0.0074949 0.248443 0.0302882 0.00733096 0.999514 0.0127219
300 305 5616 0.99844 0.00375579 -0.055709 0.963159 -0.00444196 0.999916 -0.0121983 0.189717 0.0556585 0.0124268 0.998373 0.19061
300 306 5083 0.999239 0.00537036 -0.0386371 0.981913 -0.00550498 0.999979 -0.00337876 0.0781612 0.0386182 0.00358889 0.999248 0.172448
300 307 5184 0.997543 0.0075171 -0.0696516 0.968702 -0.00861683 0.999843 -0.0155019 0.231414 0.0695242 0.016064 0.997451 0.0898007
300 308 3471 0.999655 0.0139508 -0.022267 0.942752 -0.0138622 0.999895 0.00412598 -0.0292422 0.0223223 -0.00381589 0.999744 0.332211
300 309 4685 0.999053 0.0105874 -0.0422066 0.989029 -0.0105095 0.999943 0.00206648 0.0361471 0.0422261 -0.00162096 0.999107 0.14323
300 310 4378 0.9987 0.0163984 -0.04826 0.984664 -0.0161717 0.999856 0.00508376 0.0166043 0.0483364 -0.0042967 0.998822 0.173672
300 311 4612 0.995264 0.0151508 -0.0960179 0.975105 -0.0159307 0.999846 -0.00736197 0.133068 0.0958915 0.00885674 0.995352 0.177378
300 312 4538 0.995821 0.0168816 -0.0897483 0.978678 -0.0172318 0.999847 -0.00312926 0.104752 0.0896817 0.00466271 0.99596 0.176682
300 313 3929 0.997335 0.0205514 -0.0700063 0.986683 -0.0199448 0.999757 0.009352 0.0254399 0.0701815 -0.00793081 0.997503 0.160652
300 314 3066 0.99818 0.0372405 -0.047442 0.928095 -0.0363138 0.999135 0.0202474 -0.132388 0.048155 -0.0184877 0.998669 0.348014
315 316 455 0.999923 0.00349205 0.0118802 -0.902325 -0.00338004 0.99995 -0.00943581 0.30458 -0.0119126 0.00939493 0.999885 -0.305026
315 317 218 0.999983 0.00574857 0.00106916 -0.669609 -0.00573853 0.999942 -0.00916426 0.324218 -0.00112177 0.00915797 0.999957 -0.668212
315 318 124 0.999971 0.0074022 -0.00178506 -0.862039 -0.00742205 0.999908 -0.0113806 0.0224317 0.00170065 0.0113935 0.999934 0.506346
315 319 3795 0.999277 0.00879506 -0.036977 0.990242 -0.00916644 0.999909 -0.00988605 -0.136463 0.0368867 0.0102179 0.999267 0.0282765
315 320 2352 0.999668 0.0148138 -0.0210679 0.918294 -0.0151573 0.999753 -0.0162373 -0.00165281 0.0208222 0.0165513 0.999646 -0.395895
315 321 2717 0.999362 0.0230464 -0.0272748 0.984303 -0.0235429 0.99956 -0.0180251 0.0381674 0.0268474 0.0186557 0.999465 -0.172311
315 322 3630 0.998144 0.0334027 -0.0509274 0.999017 -0.0345616 0.999159 -0.0220476 0.0442805 0.0501481 0.0237668 0.998459 0.00225763
