0 1 43 0.999999 0.000873881 0.000577522 0.0105167 -0.000873767 1 -0.000199121 0.978337 -0.000577696 0.000198617 1 0.206752
0 2 175 0.999996 -0.00265146 -0.000797006 0.286773 0.0026532 0.999994 0.00218156 -0.140225 0.000791217 -0.00218367 0.999997 0.94768
0 3 126 0.99999 -0.00438969 -0.000577428 0.0454434 0.00439047 0.999989 0.0013632 -0.139589 0.000571437 -0.00136572 0.999999 -0.989166
0 4 172 0.999988 -0.00479498 0.00104873 -0.295867 0.00479299 0.999987 0.00189293 0.111114 -0.00105779 -0.00188788 0.999998 0.948745
0 5 69 0.999987 -0.00480731 -0.00177748 0.565136 0.00480979 0.999987 0.00139628 0.154729 0.00177075 -0.00140481 0.999997 0.810358
0 6 121 0.999993 -0.00300278 -0.00210829 0.506225 0.00300606 0.999994 0.00155406 0.00935609 0.00210361 -0.00156039 0.999997 0.862351
0 7 155 0.99998 -0.0062935 -0.000324349 -0.0968113 0.00629408 0.999978 0.0018402 0.117864 0.000312761 -0.00184221 0.999998 0.988299
0 8 115 0.999993 -0.00314877 -0.00193079 0.559394 0.00315307 0.999993 0.00222975 -0.0142195 0.00192375 -0.00223583 0.999996 0.82878
0 9 174 0.999994 -0.00319114 -0.0015547 0.358437 0.00319378 0.999993 0.00169425 0.169375 0.00154928 -0.00169921 0.999997 0.918061
0 10 97 0.999971 -0.00494787 -0.00584605 0.639526 0.00496404 0.999984 0.0027548 0.0749793 0.00583233 -0.00278374 0.999979 0.765104
0 11 326 0.999997 0.000401785 -0.00236863 0.338502 -0.000396866 0.999998 0.00207658 0.00233261 0.00236946 -0.00207563 0.999995 0.940963
0 12 249 0.999999 0.000902936 0.00093749 -0.267399 -0.000905133 0.999997 0.00234579 -0.0752721 -0.000935368 -0.00234664 0.999997 0.960641
0 13 195 0.999898 0.00465434 -0.0134708 0.957578 -0.00465068 0.999989 0.000303074 0.237297 0.013472 -0.000240395 0.999909 0.163505
0 14 616 0.999856 0.00928537 -0.0141919 0.95682 -0.00922855 0.999949 0.00406382 -0.0322479 0.0142289 -0.00393227 0.999891 0.288887
15 16 156 0.999997 0.000605707 -0.00251268 -0.301369 -0.000604378 1 0.00052967 -0.0423659 0.002513 -0.000528149 0.999997 -0.952566
15 17 99 0.99996 0.00205139 -0.00866568 0.77628 -0.00206552 0.999997 -0.00162133 0.269417 0.00866232 0.00163917 0.999961 0.569915
15 18 132 0.999987 0.00514687 -0.000120177 -0.136254 -0.00514679 0.999987 0.000648134 0.297666 0.000123511 -0.000647507 1 0.944897
15 19 203 0.999991 0.00393379 0.00187381 -0.250987 -0.00393887 0.999989 0.0027129 -0.200374 -0.00186312 -0.00272025 0.999995 0.947025
15 20 201 0.99996 0.00818207 0.00363089 -0.160664 -0.00819389 0.999961 0.00325366 0.098245 -0.00360413 -0.00328329 0.999988 0.982107
15 21 44 0.99999 0.00432121 0.00128565 0.821924 -0.00432457 0.999987 0.00261795 -0.128295 -0.00127432 -0.00262348 0.999996 0.554961
15 22 161 0.999936 0.00592658 -0.00959425 0.921496 -0.00589206 0.999976 0.00362263 -0.0496155 0.00961549 -0.00356586 0.999947 0.385205
15 23 99 0.999988 0.00420533 -0.00258917 0.668705 -0.00419834 0.999988 0.00269787 -0.091163 0.00260048 -0.00268696 0.999993 0.737918
15 24 2162 0.999848 0.00235798 -0.0173024 0.967805 -0.00233497 0.999996 0.00134981 0.0700129 0.0173056 -0.0013092 0.999849 0.241768
15 25 457 0.999951 0.00832929 0.00536186 -0.16538 -0.00835262 0.999956 0.0043432 0.150749 -0.00532544 -0.00438777 0.999976 0.974641
15 26 669 0.999956 0.00561762 -0.00749237 0.707904 -0.00560828 0.999983 0.0012665 0.0493763 0.00749936 -0.00122442 0.999971 0.704581
15 27 473 0.99998 0.00226548 0.0059649 -0.195304 -0.00228197 0.999994 0.00275926 0.0152304 -0.00595861 -0.00277282 0.999978 0.980625
15 28 3087 0.999417 0.00322028 -0.0339977 0.927534 -0.00294653 0.999963 0.00809908 -0.163531 0.0340226 -0.00799418 0.999389 0.336064
15 29 3094 0.999548 0.00693129 -0.0292616 0.926585 -0.00669385 0.999944 0.0082046 -0.248826 0.0293169 -0.00800502 0.999538 0.282004
30 31 101 0.999996 -0.00278765 -0.000308819 -0.101001 0.00278641 0.999988 -0.00396897 0.370207 0.000319879 0.0039681 0.999992 0.923442
30 32 80 0.999972 -0.00719958 0.00206738 0.677989 0.00721042 0.99996 -0.00528478 0.177837 -0.00202925 0.00529953 0.999984 -0.713235
30 33 41 0.999998 -0.00111402 0.00182331 -0.877017 0.00112021 0.999994 -0.00339383 0.388816 -0.00181952 0.00339586 0.999993 -0.282248
30 34 149 0.999941 -0.00287374 0.0104567 0.352321 0.00300257 0.99992 -0.012325 -0.110036 -0.0104205 0.0123557 0.999869 -0.929388
30 35 92 0.999996 -0.0021227 0.00209979 0.971267 0.00215194 0.999899 -0.0140246 0.105302 -0.00206981 0.014029 0.999899 -0.213427
30 36 215 0.999885 -0.0055787 0.0140748 0.307869 0.00577591 0.999885 -0.0140103 0.236448 -0.013995 0.01409 0.999803 -0.92158
30 37 1224 0.999989 -0.00416694 -0.00204116 0.973896 0.00414699 0.999945 -0.00968018 -0.0801035 0.00208139 0.00967161 0.999951 -0.212392
30 38 271 0.999839 -0.0042235 0.0174436 0.452524 0.00436439 0.999958 -0.00804674 -0.023763 -0.0174089 0.00812157 0.999815 -0.891435
30 39 178 0.999917 -0.0105285 0.00742517 0.999039 0.0105765 0.999923 -0.00644705 -0.0226529 -0.00735672 0.00652504 0.999952 0.0375304
30 40 2475 0.999871 -0.0158916 -0.00251786 0.917024 0.0158524 0.999764 -0.0148846 0.394588 0.0027538 0.0148427 0.999886 -0.058033
30 41 258 0.999561 -0.00771998 0.0286043 0.314504 0.00766054 0.999968 0.00218715 0.0020921 -0.0286202 -0.00196706 0.999588 -0.949254
30 42 146 0.999794 -0.00996349 0.0176932 0.970564 0.0099663 0.99995 -7.08464e-05 -0.0432752 -0.0176916 0.000247167 0.999843 0.236923
30 43 218 0.999576 -0.00553757 0.0285694 -0.443576 0.00563826 0.999978 -0.00344485 0.0389985 -0.0285497 0.00360448 0.999586 0.895388
30 44 1117 0.999974 -0.00466417 0.00542285 0.994178 0.00466436 0.999989 -2.20147e-05 -0.0408279 -0.00542269 4.73083e-05 0.999985 0.0997117
45 46 177 0.999988 0.00455982 -0.00182623 0.223807 -0.0045535 0.999984 0.00344852 -0.0560195 0.00184192 -0.00344016 0.999992 -0.973022
45 47 68 0.999789 0.0203633 0.00258786 0.107902 -0.0203917 0.999726 0.0114985 -0.679099 -0.00235301 -0.0115488 0.999931 -0.726072
45 48 44 0.999876 0.0133102 0.00840296 -0.876318 -0.0134286 0.999809 0.0141969 -0.0831676 -0.00821239 -0.014308 0.999864 -0.474499
45 49 45 0.999827 0.0183972 0.00276107 0.965335 -0.0184392 0.999701 0.0160408 -0.087176 -0.00246514 -0.016089 0.999868 -0.246027
45 50 74 0.999789 0.0185204 0.00883486 -0.975304 -0.0186672 0.999684 0.0168273 0.0448315 -0.00852042 -0.0169886 0.999819 -0.216267
45 51 106 0.999807 0.0188829 -0.00551258 -0.564517 -0.0187853 0.999675 0.0172401 0.181592 0.00583633 -0.0171332 0.999836 -0.805199
45 52 2951 0.999316 0.0210178 -0.0304182 0.955658 -0.0207984 0.999755 0.00751002 0.246288 0.0305686 -0.00687224 0.999509 0.161434
45 53 246 0.999618 0.0243894 -0.0130016 0.640717 -0.0242511 0.999649 0.0106883 0.0563788 0.0132577 -0.0103689 0.999858 0.765705
45 54 223 0.999566 0.0275565 -0.0104612 -0.114103 -0.0274935 0.999603 0.00612513 0.0829504 0.0106259 -0.00583485 0.999927 0.99
45 55 2859 0.99884 0.0274708 -0.0395413 0.870322 -0.0278786 0.999563 -0.00979828 0.472463 0.0392549 0.0108893 0.99917 0.138986
45 56 2378 0.998888 0.0269421 -0.0386914 0.958607 -0.0270644 0.99963 -0.00264139 0.186366 0.0386059 0.00368561 0.999248 0.215266
45 57 234 0.998851 0.0306998 -0.0367955 0.989461 -0.030806 0.999523 -0.00232333 0.13112 0.0367067 0.00345418 0.99932 0.0614331
45 58 92 0.99922 0.0241068 -0.0312886 -0.662933 -0.0242154 0.999702 -0.00309613 -0.108465 0.0312047 0.00385138 0.999506 -0.74078
45 59 2536 0.998003 0.028143 -0.0565454 0.990897 -0.0280273 0.999603 0.00283731 -0.134592 0.0566028 -0.00124683 0.998396 0.00290924
60 61 108 0.999989 0.000215852 -0.00478843 0.757712 -0.000205481 0.999998 0.00216631 0.0992619 0.00478889 -0.0021653 0.999986 -0.644996
60 62 141 0.999997 0.00233782 -0.00037267 0.567931 -0.00233539 0.999977 0.00637434 0.23735 0.000387564 -0.00637345 0.99998 -0.788111
60 63 140 0.999986 0.00523437 -3.73698e-05 0.856156 -0.00523339 0.999896 0.0134745 -0.334241 0.000107896 -0.0134741 0.999909 -0.394055
60 64 2710 0.999789 0.0128307 -0.0160232 0.955234 -0.0125528 0.999771 0.0173255 -0.279011 0.0162418 -0.0171207 0.999722 0.0983901
60 65 825 0.99993 0.0114285 0.00316646 0.980492 -0.0114496 0.999912 0.00674018 -0.112243 -0.00308915 -0.00677596 0.999972 0.161357
60 66 2898 0.999924 0.0118957 -0.00335695 0.971388 -0.0118663 0.999892 0.00862428 -0.232272 0.00345918 -0.00858379 0.999957 0.0495546
60 67 2662 0.999977 0.00643262 -0.00203985 0.966164 -0.00642388 0.99997 0.00426123 -0.18811 0.0020672 -0.00424803 0.999989 0.176471
60 68 2682 0.999901 0.00991024 -0.0100333 0.972828 -0.00986691 0.999942 0.00435913 -0.185151 0.0100759 -0.00425969 0.99994 0.139016
60 69 2789 0.999206 0.0141007 -0.0372658 0.997673 -0.0141152 0.9999 -0.000126016 -0.0525438 0.0372603 0.00065193 0.999305 -0.043459
60 70 2571 0.999925 0.011573 -0.0039864 0.997792 -0.0115785 0.999932 -0.00135417 -0.0646822 0.00397045 0.00140023 0.999991 -0.0150617
60 71 2486 0.999719 0.0158665 -0.0176336 0.955618 -0.0161421 0.999748 -0.0155932 0.213332 0.0173817 0.0158735 0.999723 0.203184
60 72 2493 0.999577 0.0224368 -0.0184863 0.980375 -0.0222339 0.999691 0.0111081 -0.188832 0.0187299 -0.0106924 0.999767 0.0566274
60 73 2547 0.999808 0.0194942 -0.0017474 0.98211 -0.0195118 0.999752 -0.0107185 0.109383 0.00153802 0.0107506 0.999941 0.153281
60 74 2332 0.999816 0.0185147 0.00502452 0.996934 -0.0184844 0.999811 -0.00602322 -0.0495164 -0.00513509 0.00592924 0.999969 0.0605903
75 76 71 0.999998 -0.000247576 -0.00218823 0.662503 0.000243638 0.999998 -0.00179983 -0.0269642 0.00218867 0.00179929 0.999996 -0.748574
75 77 249 0.999984 -0.00355517 -0.00442367 0.34521 0.00355234 0.999993 -0.000646379 -0.130412 0.00442593 0.000630655 0.99999 -0.929421
75 78 2252 0.999778 -0.00186227 -0.0209751 0.97078 0.00196582 0.999986 0.00491705 -0.208793 0.0209657 -0.00495719 0.999768 -0.118285
75 79 340 0.999971 -0.000107682 -0.0076554 0.99991 8.85699e-05 0.999997 -0.00249681 -0.00936417 0.00765564 0.00249606 0.999968 0.00959183
75 80 2311 0.999921 0.00289072 -0.0122212 0.994967 -0.00295253 0.999983 -0.00504297 0.0791345 0.0122064 0.00507865 0.999913 -0.0614659
75 81 2730 0.999726 -0.00585392 -0.0226474 0.917778 0.00559865 0.99992 -0.0113186 0.391166 0.0227119 0.0111887 0.999679 -0.0683631
75 82 1280 0.999864 -0.00423915 -0.0159401 0.993451 0.00423346 0.999991 -0.000390944 0.109176 0.0159416 0.000323409 0.999873 -0.0336872
75 83 2901 0.999032 -0.00240506 -0.0439125 0.995352 0.00255002 0.999991 0.00324533 -0.0461029 0.0439043 -0.00335416 0.99903 0.0845549
75 84 1747 0.9998 -0.0115139 -0.0163629 0.983092 0.0114954 0.999933 -0.00122329 0.183024 0.0163759 0.00103495 0.999865 0.00569374
75 85 2710 0.99875 0.00112418 -0.0499692 0.998514 -0.000908317 0.99999 0.00434244 0.0239314 0.0499736 -0.00429163 0.998741 0.0489507
75 86 2513 0.999317 0.000991317 -0.0369463 0.995823 -0.000658569 0.999959 0.00901735 0.0196484 0.0369537 -0.00898686 0.999277 0.0891663
75 87 2440 0.999488 0.000671438 -0.0319869 0.99587 -7.62418e-05 0.999827 0.018605 -0.0740412 0.0319939 -0.0185931 0.999315 0.0525389
75 88 2382 0.998868 0.00620006 -0.0471609 0.997403 -0.00524567 0.999779 0.0203338 -0.0403212 0.0472766 -0.0200634 0.99868 0.05968
75 89 2377 0.999268 0.00931169 -0.0371122 0.993773 -0.00852228 0.999735 0.0213724 -0.0389338 0.0373014 -0.0210405 0.999083 0.104398
90 91 180 0.999994 0.000469112 0.00332759 -0.030444 -0.000493275 0.999973 0.00726441 0.015743 -0.0033241 -0.00726601 0.999968 0.999412
90 92 468 0.999968 0.0037645 0.00700683 0.450443 -0.00382441 0.999956 0.00855631 -0.0540522 -0.00697431 -0.00858284 0.999939 0.891167
90 93 2422 0.999668 0.0139643 -0.0216421 0.964011 -0.0135227 0.9997 0.0204211 -0.264866 0.0219207 -0.0201216 0.999557 0.0229808
90 94 2379 0.999888 0.0128381 0.00772307 0.836333 -0.0129381 0.999831 0.0130471 -0.283209 -0.00755426 -0.0131455 0.999885 0.469404
90 95 2470 0.999934 0.00903062 0.0071104 0.787569 -0.00909676 0.999915 0.00932509 -0.22774 -0.00702559 -0.00938915 0.999931 0.572599
90 96 2580 0.999835 0.00959001 -0.0154283 0.953758 -0.00945479 0.999916 0.00881339 -0.178624 0.0155115 -0.00866607 0.999842 0.241743
90 97 2271 0.999966 0.00566553 0.00602129 0.776383 -0.00569339 0.999973 0.00462018 -0.27241 -0.00599496 -0.0046543 0.999971 0.568351
90 98 2277 0.999819 0.0064353 -0.0178787 0.826465 -0.00615885 0.999861 0.0154745 -0.440481 0.0179759 -0.0153616 0.99972 0.350617
90 99 2204 0.999837 0.00470091 -0.0174192 0.891229 -0.00475955 0.999983 -0.00332681 -0.267172 0.0174033 0.00340917 0.999843 0.366509
90 100 2276 0.99968 0.000425054 -0.0252742 0.939603 -0.000561196 0.999985 -0.00537975 -0.241016 0.0252716 0.00539222 0.999666 0.243016
90 101 1842 0.998537 0.00117413 -0.0540659 0.966402 -0.0018278 0.999926 -0.0120424 -0.140068 0.0540477 0.0121236 0.998465 0.215517
90 102 1859 0.999852 -0.0114238 -0.0128395 0.896795 0.0111192 0.999661 -0.0235494 -0.237573 0.0131042 0.0234032 0.99964 0.373254
90 103 1763 0.997135 -0.00258015 -0.0756013 0.97222 0.0014529 0.999887 -0.0149616 -0.179507 0.0756314 0.0148089 0.997026 0.150217
90 104 1825 0.998642 -0.0043398 -0.0519164 0.95691 0.00327094 0.999781 -0.0206553 -0.202326 0.0519947 0.0204575 0.998438 0.208295
105 106 40 0.999997 -0.000904697 -0.0023132 0.973596 0.000894551 0.99999 -0.00438345 0.0297535 0.00231714 0.00438136 0.999988 -0.226331
105 107 53 0.999941 0.00224521 0.0106418 0.75246 -0.00216517 0.999969 -0.00752679 -0.0828982 -0.0106584 0.00750331 0.999915 0.653401
105 108 2618 0.999824 0.00698419 -0.0174174 0.987973 -0.00713852 0.999936 -0.00881408 -0.114639 0.0173547 0.00893687 0.999809 -0.103769
105 109 2265 0.999885 0.0141336 0.00544416 0.839513 -0.014092 0.999872 -0.0075988 -0.324549 -0.00555086 0.00752121 0.999956 -0.435759
105 110 2488 0.999949 0.00893412 -0.00467307 0.898464 -0.008994 0.999876 -0.0129539 -0.0540176 0.00455676 0.0129953 0.999905 -0.435712
105 111 2214 0.999932 0.00582366 0.0101109 0.765298 -0.0056897 0.999896 -0.013228 -0.0848061 -0.0101869 0.0131696 0.999861 -0.638065
105 112 2364 0.999933 0.0111957 -0.00297137 0.920514 -0.0112435 0.999799 -0.0165697 0.0178942 0.00278527 0.016602 0.999858 -0.3903
105 113 2238 0.999939 0.0108435 -0.00201533 0.796057 -0.0108906 0.999627 -0.0250491 0.184775 0.00174296 0.0250695 0.999684 -0.576326
105 114 1973 0.999524 0.0059514 -0.0302843 0.92333 -0.00679579 0.999589 -0.027856 0.173032 0.0301061 0.0280485 0.999153 -0.342815
105 115 2191 0.99986 0.0124214 -0.0111672 0.836554 -0.0125547 0.99985 -0.0119492 0.052874 0.0110171 0.0120877 0.999866 -0.545327
105 116 2015 0.999772 0.0141213 -0.0160465 0.855133 -0.014287 0.999845 -0.0102634 0.0400048 0.0158991 0.0104903 0.999819 -0.516863
105 117 1783 0.999737 0.0103749 0.0204656 0.589699 -0.010217 0.999917 -0.00780486 0.0752213 -0.0205448 0.00759371 0.99976 -0.804113
105 118 1928 0.999918 0.0112225 -0.00612689 0.797212 -0.0112723 0.999903 -0.00816176 0.150534 0.0060347 0.00823016 0.999948 -0.58463
105 119 1861 0.99957 0.0155917 -0.0248481 0.868162 -0.0157635 0.999853 -0.00673172 0.119596 0.0247395 0.00712052 0.999669 -0.481654
120 121 181 0.999982 0.0044715 0.00394996 -0.139838 -0.00450461 0.999954 0.00841149 -0.0313406 -0.00391217 -0.00842914 0.999957 -0.989678
120 122 360 0.99998 0.00363295 0.00516482 0.239607 -0.00368432 0.999944 0.00997055 0.310102 -0.00512831 -0.00998938 0.999937 -0.920014
120 123 192 0.999836 0.0128097 0.0128004 -0.402152 -0.0129707 0.999837 0.0125759 0.0810797 -0.0126372 -0.0127398 0.999839 -0.911976
120 124 896 0.99944 0.0272652 0.01938 0.0762068 -0.0275927 0.999477 0.0168371 -0.242539 -0.0189108 -0.0173624 0.99967 -0.967144
120 125 2380 0.999528 0.028627 -0.0111441 0.84471 -0.0285764 0.999581 0.00467569 0.169437 0.0112733 -0.00435502 0.999927 -0.507696
120 126 2380 0.999451 0.0325484 -0.00626043 0.729947 -0.0326218 0.999396 -0.0120159 0.445152 0.00586555 0.0122135 0.999908 -0.518668
120 127 2352 0.999444 0.0298657 -0.0148222 0.767267 -0.0300318 0.999487 -0.0111155 0.317124 0.0144826 0.0115544 0.999828 -0.557435
120 128 2337 0.999535 0.0282996 -0.0113306 0.597153 -0.0285166 0.999404 -0.0194677 0.499004 0.0107729 0.0197817 0.999746 -0.628015
120 129 2246 0.998888 0.0324943 -0.0341601 0.808266 -0.0328553 0.999409 -0.0100599 0.248202 0.0338131 0.0111711 0.999366 -0.533949
120 130 2157 0.998957 0.0347431 -0.0296289 0.632038 -0.0354736 0.99907 -0.0244969 0.47342 0.0287503 0.0255224 0.999261 -0.613516
120 131 2099 0.999482 0.0319135 -0.00411519 0.282298 -0.0319413 0.999466 -0.00687871 0.302029 0.00389347 0.0070066 0.999968 -0.910542
120 132 2158 0.998668 0.0364345 -0.0365315 0.576431 -0.0371128 0.999148 -0.0180651 0.42495 0.0358422 0.0193968 0.999169 -0.697958
120 133 2047 0.998999 0.0376208 -0.024219 0.447259 -0.0376121 0.999292 0.000816741 0.260437 0.0242326 9.50044e-05 0.999706 -0.855647
120 134 2009 0.997784 0.0395906 -0.0534685 0.599236 -0.0407687 0.998945 -0.0211253 0.452341 0.0525757 0.0232583 0.998346 -0.660533
135 136 118 0.999998 0.00142007 -0.00157988 0.0424287 -0.0014326 0.999967 -0.00795587 0.97088 0.00156853 0.00795812 0.999967 -0.235778
135 137 266 0.999991 0.00419206 -0.000439299 0.0850305 -0.00419017 0.999982 0.00423018 -0.145225 0.000457025 -0.0042283 0.999991 -0.985738
135 138 149 0.999935 0.00344479 -0.0108581 0.643858 -0.00345605 0.999994 -0.00101851 0.462431 0.0108545 0.00105597 0.999941 -0.609594
135 139 737 0.999938 0.00100029 -0.011064 0.359507 -0.000908802 0.999965 0.00827079 0.0603782 0.0110719 -0.00826022 0.999905 -0.931187
135 140 2421 0.999711 0.00446833 -0.0236375 0.724188 -0.0043628 0.99998 0.00451407 0.234943 0.0236572 -0.00440964 0.99971 -0.648347
135 141 1983 0.999727 0.00721556 -0.0222065 0.726472 -0.00716253 0.999971 0.00246646 0.340859 0.0222237 -0.00230673 0.99975 -0.596702
135 142 2207 0.999514 0.0126213 -0.0285178 0.611106 -0.0125293 0.999916 0.00340082 0.300829 0.0285583 -0.00304186 0.999587 -0.732155
135 143 2322 0.999757 0.00504025 -0.0214478 0.295193 -0.00494784 0.999978 0.00435959 0.319099 0.0214693 -0.00425241 0.99976 -0.900576
135 144 2264 0.99944 0.014249 -0.0302628 0.42193 -0.0139228 0.999843 0.0109612 0.241293 0.0304143 -0.0105338 0.999482 -0.87393
135 145 2397 0.998255 0.0157659 -0.0569112 0.65133 -0.0159922 0.999866 -0.00352431 0.453297 0.056848 0.0044283 0.998373 -0.608516
135 146 2150 0.998772 0.0223736 -0.0442143 0.553036 -0.0216248 0.999616 0.0173439 0.273777 0.0445853 -0.0163665 0.998872 -0.786891
135 147 2010 0.999044 0.0301466 -0.0316715 0.363266 -0.0292441 0.999164 0.0285818 0.241452 0.0325067 -0.0276282 0.99909 -0.899855
135 148 2101 0.997908 0.0336245 -0.0552198 0.62601 -0.0323851 0.999206 0.0231892 0.342675 0.0559557 -0.0213523 0.998205 -0.70049
135 149 1819 0.997388 0.0381757 -0.0613102 0.606542 -0.0363024 0.998848 0.0313829 0.303573 0.0624376 -0.0290753 0.997625 -0.734813
150 151 141 0.999938 0.0110825 0.00126938 0.138332 -0.0110841 0.999938 0.0012321 0.990386 -0.00125564 -0.00124609 0.999998 0.000713114
150 152 70 0.999839 0.0173028 0.0046607 0.0661749 -0.0173521 0.999792 0.0107555 0.797721 -0.00447362 -0.0108346 0.999931 0.599384
150 153 77 0.999851 0.0170566 0.002624 0.119802 -0.0170642 0.99985 0.00291091 0.944108 -0.00257395 -0.00295525 0.999992 0.307094
150 154 1333 0.999477 0.0228151 -0.022911 0.669107 -0.0229154 0.999729 -0.004126 0.616238 0.0228107 0.00464885 0.999729 -0.415388
150 155 437 0.99978 0.0198113 -0.00690022 0.0706753 -0.0196978 0.999676 0.0161464 0.149537 0.00721786 -0.016007 0.999846 -0.986227
150 156 494 0.99959 0.0278873 -0.00654565 0.0695094 -0.0277554 0.999426 0.0194443 0.0753525 0.00708414 -0.0192546 0.99979 -0.994731
150 157 502 0.999193 0.0398501 -0.00512328 0.0360756 -0.0397392 0.999006 0.0201704 -0.0860501 0.00592198 -0.0199506 0.999783 -0.995637
150 158 1341 0.997488 0.0372335 -0.0602668 0.873677 -0.03759 0.999282 -0.00479247 0.424693 0.060045 0.00704585 0.998171 -0.237326
150 159 1138 0.998373 0.0428585 -0.0376166 0.809859 -0.0422874 0.99898 0.0158484 0.216901 0.0382574 -0.0142319 0.999167 -0.545053
150 160 1172 0.997845 0.0395078 -0.0523957 0.765337 -0.0393848 0.999218 0.00337921 0.365192 0.0524883 -0.00130833 0.998621 -0.529995
150 161 1302 0.997479 0.0388289 -0.0594023 0.736612 -0.0383621 0.999224 0.00897897 0.258609 0.0597048 -0.00667754 0.998194 -0.62492
150 162 1205 0.995694 0.0374153 -0.0848146 0.786406 -0.0382906 0.999229 -0.0087159 0.468969 0.0844231 0.011926 0.996359 -0.402037
150 163 1088 0.997423 0.0499672 -0.0514937 0.537991 -0.0487363 0.998502 0.0248878 0.181796 0.0526601 -0.022314 0.998363 -0.823114
150 164 682 0.999132 0.0323112 -0.0262757 0.109367 -0.0316507 0.999182 0.0251763 0.281826 0.0270676 -0.0243228 0.999338 -0.953212
165 166 190 0.999989 0.00412944 -0.00243011 -0.412632 -0.00411228 0.999967 0.00702358 -0.0351039 0.00245903 -0.00701351 0.999972 -0.910221
165 167 258 0.999928 0.0108662 -0.0051555 0.0474765 -0.0108225 0.999906 0.008425 -0.0112132 0.00524656 -0.0083686 0.999951 -0.998809
165 168 673 0.999798 0.0142473 -0.0141819 0.408662 -0.014032 0.999787 0.0151661 -0.241491 0.0143949 -0.014964 0.999784 -0.880158
165 169 2041 0.999552 0.0173968 -0.0243679 0.525625 -0.017253 0.999833 0.00609723 0.260758 0.0244698 -0.00567408 0.999684 -0.809768
165 170 2414 0.999317 0.0221664 -0.0295593 0.563704 -0.0218646 0.999706 0.0104932 0.0832752 0.0297832 -0.00983975 0.999508 -0.821768
165 171 2295 0.999288 0.0247565 -0.0284755 0.475385 -0.0243545 0.9996 0.0143808 0.0789618 0.0288201 -0.0136771 0.999491 -0.876227
165 172 2410 0.997785 0.0192474 -0.0636817 0.720769 -0.0206596 0.999553 -0.0215917 0.558597 0.0632377 0.0228595 0.997737 -0.41044
165 173 2416 0.999061 0.0228701 -0.0368075 0.416585 -0.0226622 0.999725 0.00605498 0.236385 0.0369358 -0.00521516 0.999304 -0.877826
165 174 2565 0.998408 0.0177669 -0.0535321 0.571932 -0.0177868 0.999842 0.000104012 0.369522 0.0535255 0.000848317 0.998566 -0.732357
165 175 2123 0.997862 0.0260232 -0.0599561 0.61788 -0.0256513 0.999647 0.00696529 0.283921 0.0601162 -0.00541245 0.998177 -0.733221
165 176 2131 0.995113 0.0353086 -0.0922089 0.78398 -0.0365025 0.99927 -0.0112927 0.38423 0.0917429 0.0146033 0.995676 -0.487589
165 177 2121 0.995327 0.0470447 -0.0843236 0.73168 -0.0478407 0.998827 -0.00744262 0.37004 0.0838746 0.0114419 0.996411 -0.572463
165 178 1965 0.992128 0.062039 -0.108783 0.806078 -0.0631015 0.997987 -0.00634886 0.274384 0.108171 0.0131633 0.994045 -0.524358
165 179 1966 0.9968 0.0575673 -0.0554658 0.540369 -0.0578207 0.998323 -0.0029732 0.294716 0.0552016 0.00617075 0.998456 -0.788127
180 181 124 0.999937 0.00393698 -0.0105495 0.977757 -0.00394935 0.999992 -0.00115176 0.114733 0.0105449 0.00119335 0.999944 -0.175579
180 182 616 0.999868 0.0161515 0.00191379 0.263558 -0.0161524 0.999869 0.000462354 -0.316567 -0.00190607 -0.000493206 0.999998 -0.91122
180 183 1319 0.999888 0.0149449 0.0002386 0.404183 -0.0149422 0.999848 -0.00897898 0.173243 -0.000372754 0.00897441 0.99996 -0.898122
180 184 3839 0.999604 0.0166018 -0.0227414 0.727938 -0.0172873 0.999392 -0.0302847 0.534133 0.0222248 0.0306658 0.999283 -0.429892
180 185 3554 0.99971 0.0189252 -0.0148773 0.632689 -0.0191096 0.999741 -0.0123501 0.108536 0.0146397 0.0126309 0.999813 -0.766763
180 186 3475 0.999547 0.0254306 -0.0160909 0.575749 -0.0257028 0.999526 -0.0169454 0.212725 0.0156524 0.0173513 0.999727 -0.789469
180 187 3205 0.999449 0.030596 -0.0128711 0.483021 -0.0308069 0.999389 -0.0165155 0.162029 0.0123579 0.0169029 0.999781 -0.860487
180 188 3096 0.999601 0.0263554 -0.0101648 0.406954 -0.0266066 0.999323 -0.0254181 0.261778 0.00948803 0.0256784 0.999625 -0.875135
180 189 3057 0.998751 0.0307188 -0.0394067 0.693595 -0.0319127 0.999039 -0.0300356 0.27486 0.0384462 0.0312556 0.998772 -0.665866
180 190 2758 0.999157 0.0203722 -0.0356386 0.546551 -0.0214142 0.999347 -0.0291053 0.283498 0.0350224 0.029844 0.998941 -0.787979
180 191 2749 0.998702 0.0246366 -0.0445729 0.582712 -0.0258061 0.999333 -0.0258564 0.19584 0.0439062 0.0269731 0.998671 -0.788729
180 192 2779 0.996238 0.0235883 -0.0833885 0.760449 -0.0271622 0.998749 -0.0419866 0.300187 0.0822938 0.0440937 0.995632 -0.575852
180 193 2570 0.998032 0.0263986 -0.0568805 0.563346 -0.0282771 0.999072 -0.0324769 0.227197 0.0559704 0.0340214 0.997853 -0.794369
180 194 2242 0.994141 0.0339892 -0.10261 0.759158 -0.0378506 0.998638 -0.0359213 0.218459 0.10125 0.0395947 0.994073 -0.613151
195 196 513 0.999908 -0.00464858 -0.0127363 0.606449 0.00472338 0.999972 0.00584933 0.131384 0.0127087 -0.00590895 0.999902 -0.784193
195 197 403 0.999851 -0.00783109 -0.0153904 0.479316 0.00806296 0.999854 0.0150621 0.184747 0.0152702 -0.0151839 0.999768 -0.857977
195 198 3094 0.998443 -0.0049503 -0.0555584 0.947151 0.00598346 0.999812 0.0184451 0.161114 0.0554567 -0.0187489 0.998285 -0.277395
195 199 2395 0.998654 -0.00957334 -0.0509833 0.882019 0.0108892 0.999613 0.0255952 0.196101 0.0507186 -0.0261159 0.998371 -0.42847
195 200 2226 0.998115 0.000780967 -0.0613596 0.87417 0.00184291 0.999086 0.0426941 -0.0696133 0.0613369 -0.0427267 0.997202 -0.480605
195 201 2234 0.995308 0.00801936 -0.0964279 0.990078 -0.00347711 0.99888 0.0471812 -0.103037 0.0966983 -0.0466245 0.994221 -0.0955456
195 202 2067 0.998442 0.014272 -0.0539388 0.687974 -0.0119533 0.999001 0.0430684 -0.0897756 0.0544995 -0.0423566 0.997615 -0.720161
195 203 1776 0.998215 0.0230281 -0.0551023 0.656559 -0.0201493 0.998431 0.0522421 -0.140947 0.0562189 -0.0510385 0.997113 -0.740989
195 204 2199 0.99506 0.0310625 -0.0942936 0.917125 -0.0252749 0.997758 0.061964 -0.225228 0.096007 -0.0592746 0.993614 -0.328867
195 205 2001 0.992829 0.0305863 -0.115566 0.946859 -0.0242823 0.99816 0.0555686 -0.123791 0.117053 -0.0523639 0.991744 -0.296872
195 206 2069 0.993226 0.0368305 -0.110203 0.928229 -0.0307767 0.997948 0.0561392 -0.159706 0.112045 -0.0523672 0.992322 -0.335983
195 207 1966 0.990866 0.0385161 -0.129234 0.956018 -0.0311599 0.997803 0.0584694 -0.151645 0.131202 -0.0539084 0.989889 -0.251063
195 208 1841 0.994254 0.0532604 -0.0928562 0.86277 -0.0479434 0.997131 0.0585816 -0.235149 0.0957099 -0.0537931 0.993955 -0.447585
195 209 1888 0.992417 0.0577081 -0.10853 0.894331 -0.0514595 0.9969 0.059522 -0.212804 0.111629 -0.0534857 0.99231 -0.393557
210 211 1149 0.99994 0.00991303 -0.00455868 0.671886 -0.00986402 0.999895 0.0106509 -0.728385 0.00466378 -0.0106053 0.999933 -0.134254
210 212 3296 0.999892 0.00329834 -0.0143367 0.986307 -0.00333936 0.99999 -0.00283784 0.0337074 0.0143272 0.0028854 0.999893 -0.161437
210 213 122 0.999855 0.00161089 0.0169443 0.846136 -0.0015577 0.999994 -0.00315206 0.209658 -0.0169493 0.00312521 0.999851 -0.489997
210 214 2926 0.999638 0.0110502 -0.0245399 0.958224 -0.0108448 0.999905 0.00848795 -0.061038 0.0246314 -0.00821875 0.999663 -0.279429
210 215 2832 0.999953 0.00781658 -0.00568225 0.916994 -0.00774273 0.999887 0.012904 -0.115849 0.00578247 -0.0128594 0.999901 -0.381709
210 216 1484 0.999829 -0.0133224 0.0128059 0.861776 0.013235 0.999889 0.00688456 0.119053 -0.0128962 -0.0067139 0.999894 -0.49312
210 217 1097 0.999501 -0.0138505 0.0283939 0.618417 0.0133304 0.999741 0.0184284 0.0526827 -0.0286418 -0.0180407 0.999427 -0.784082
210 218 2440 0.999772 -0.0167125 -0.0133142 0.949369 0.0170282 0.999568 0.0239612 0.0561221 0.0129079 -0.0241824 0.999624 -0.309111
210 219 2206 0.999628 -0.0269846 0.00391071 0.868867 0.0268505 0.999158 0.0310367 0.0422792 -0.00474492 -0.0309201 0.999511 -0.493237
210 220 1798 0.999444 -0.0226744 0.0244501 0.762999 0.0217799 0.999105 0.0362512 -0.0321983 -0.0252502 -0.0356985 0.999044 -0.645597
210 221 1975 0.999999 -0.00121221 -0.000856287 0.897994 0.00125032 0.99894 0.046014 -0.228181 0.000799601 -0.0460151 0.99894 -0.376218
210 222 2368 0.999797 -0.00723293 -0.0188258 0.923005 0.00785495 0.999419 0.0331791 -0.0879555 0.0185749 -0.0333202 0.999272 -0.3746
210 223 2257 0.999117 -0.0107449 -0.0406165 0.951144 0.0119601 0.999484 0.0297957 -0.0425929 0.0402754 -0.0302551 0.99873 -0.305794
210 224 2087 0.999982 -0.00452648 0.00396444 0.8541 0.00439785 0.999482 0.0318749 -0.11261 -0.00410667 -0.0318569 0.999484 -0.507772
225 226 1158 0.999896 0.00537549 -0.0133764 0.891009 -0.00533925 0.999982 0.00274346 -0.327434 0.0133909 -0.00267176 0.999907 -0.314467
225 227 3294 0.99965 0.00968512 -0.024601 0.961876 -0.00969068 0.999953 -0.000106679 -0.165839 0.0245988 0.000345042 0.999697 -0.217466
225 228 3366 0.999492 0.0151791 -0.0280144 0.964258 -0.015421 0.999845 -0.00843996 -0.0265073 0.027882 0.00886768 0.999572 -0.263634
225 229 3195 0.999758 0.0114947 -0.0187674 0.932832 -0.0116298 0.999907 -0.00710541 0.0242114 0.0186839 0.00732195 0.999799 -0.359498
225 230 1303 0.999665 0.0254889 -0.00450509 0.724544 -0.0254825 0.999674 0.00148005 -0.388966 0.00454135 -0.00136475 0.999989 -0.568983
225 231 1858 0.999616 0.0266054 -0.00773866 0.825892 -0.0266343 0.999639 -0.00365066 -0.385887 0.00763874 0.00385537 0.999963 -0.411087
225 232 3135 0.999482 0.0244716 -0.0208968 0.923318 -0.0247259 0.999622 -0.0119988 -0.175537 0.0205953 0.0125093 0.99971 -0.34157
225 233 2913 0.999431 0.0280594 -0.0187435 0.88059 -0.0282674 0.999541 -0.0109313 -0.308455 0.0184282 0.0114549 0.999765 -0.359744
225 234 2929 0.99931 0.0237225 -0.0285934 0.906882 -0.0240838 0.999634 -0.0123602 -0.298674 0.0282897 0.0130403 0.999515 -0.297252
225 235 2893 0.998984 0.00897785 -0.044169 0.963454 -0.0100811 0.999641 -0.0248185 -0.0843562 0.0439304 0.0252385 0.998716 -0.254246
225 236 2234 0.999682 0.0185672 -0.0170397 0.876973 -0.0189717 0.999534 -0.0238962 -0.26241 0.0165881 0.0242119 0.999569 -0.402567
225 237 2704 0.997985 0.0183811 -0.0607261 0.957575 -0.019698 0.999582 -0.0211587 -0.160184 0.0603118 0.0223123 0.99793 -0.239563
225 238 2553 0.998413 0.0261823 -0.04986 0.956666 -0.0272935 0.999391 -0.021738 -0.221478 0.0492605 0.0230644 0.99852 -0.189046
225 239 2445 0.998489 0.0395975 -0.0380984 0.917645 -0.0403251 0.999015 -0.0185228 -0.293247 0.0373274 0.0200311 0.999102 -0.268206
240 241 102 0.999987 -0.00505954 -0.000365046 -0.436573 0.00505894 0.999986 -0.00163353 -0.5922 0.000373306 0.00163167 0.999999 0.677277
240 242 331 0.999943 0.00650393 -0.00845226 0.859128 -0.00654342 0.999968 -0.00465354 -0.225201 0.00842172 0.00470858 0.999953 0.459548
240 243 3917 0.999142 0.00406518 -0.0412113 0.968889 -0.00482803 0.999819 -0.018428 0.155147 0.0411289 0.0186111 0.998981 0.192828
240 244 3234 0.999344 0.00915402 -0.035045 0.965481 -0.00974519 0.999812 -0.0167354 0.0835208 0.0348852 0.017066 0.999246 0.246721
240 245 2967 0.999428 0.0128213 -0.0312883 0.916191 -0.0134531 0.999708 -0.0200662 -0.0207367 0.0310219 0.0204756 0.999309 0.400205
240 246 3021 0.999639 0.00306326 -0.0267093 0.879251 -0.00376413 0.999649 -0.0262299 0.0651288 0.0266195 0.026321 0.999299 0.471885
240 247 1081 0.999903 0.0137242 -0.00251504 0.926301 -0.013762 0.999782 -0.0156819 -0.149329 0.00229927 0.015715 0.999874 0.345931
240 248 2473 0.999586 0.00401272 -0.0284872 0.933847 -0.00454724 0.999814 -0.0187234 0.0899814 0.0284068 0.0188452 0.999419 0.346169
240 249 2001 0.999663 0.0207804 -0.0155519 0.953219 -0.020858 0.999771 -0.00484617 -0.0538078 0.0154477 0.00516892 0.999867 0.297453
240 250 2086 0.999149 0.0172578 -0.0374694 0.94406 -0.0176561 0.999791 -0.0103253 0.0711944 0.0372833 0.010978 0.999244 0.321998
240 251 1761 0.999803 0.0164601 -0.0110487 0.891668 -0.0165041 0.999856 -0.00390361 0.0250122 0.0109829 0.0040852 0.999931 0.451999
240 252 1863 0.999812 0.0176777 -0.00793408 0.905097 -0.0176724 0.999844 0.000740169 0.00121047 0.00794593 -0.000599816 0.999968 0.425203
240 253 1745 0.999972 0.00649348 -0.00379272 0.897364 -0.00649163 0.999979 0.000499332 0.0367609 0.00379588 -0.000474697 0.999993 0.439758
240 254 1573 0.999995 -0.00310856 0.000547093 0.871237 0.00310922 0.999994 -0.00119859 0.0388913 -0.000543364 0.00120028 0.999999 0.48932
255 256 67 0.999891 -0.0136355 0.00562261 -0.789443 0.0136245 0.999905 0.00198959 -0.435359 -0.0056492 -0.00191277 0.999982 0.432716
255 257 400 0.999915 -0.0129227 -0.00166374 0.887427 0.0129361 0.999882 0.00831625 -0.244205 0.00155608 -0.00833707 0.999964 0.390944
255 258 2149 0.99991 -0.0133899 -0.00101716 0.729395 0.0134008 0.999842 0.0116446 -0.215618 0.000861075 -0.0116572 0.999932 0.649224
255 259 3162 0.999663 -0.0228195 -0.0123671 0.868767 0.0227618 0.999729 -0.00478019 0.216222 0.0124728 0.00449708 0.999912 0.445524
255 260 2015 0.999857 -0.0167408 -0.00240775 0.879956 0.0167471 0.999856 0.0026047 0.0474418 0.0023638 -0.00264465 0.999994 0.47268
255 261 3069 0.999748 -0.0204896 -0.00921255 0.836293 0.0204412 0.999777 -0.00532683 0.18604 0.00931964 0.00513717 0.999943 0.515754
255 262 1929 0.999895 -0.0144842 0.000491569 0.748108 0.0144829 0.999892 0.00247199 -0.0212041 -0.000527321 -0.00246461 0.999997 0.663238
255 263 1807 0.999783 -0.020562 -0.00344393 0.758408 0.0205978 0.99973 0.0107236 -0.039555 0.00322251 -0.0107922 0.999937 0.650578
255 264 2821 0.998791 -0.0320873 -0.0372451 0.867551 0.0318239 0.999464 -0.00764615 0.219777 0.0374705 0.00645162 0.999277 0.446154
255 265 2826 0.998691 -0.0398824 -0.0320246 0.789121 0.0395099 0.999145 -0.0121819 0.214238 0.032483 0.0109006 0.999413 0.575665
255 266 2402 0.999177 -0.0283986 -0.0289604 0.796119 0.028505 0.999588 0.00326702 0.060651 0.0288557 -0.00408985 0.999575 0.602093
255 267 2582 0.99848 -0.033996 -0.043383 0.822436 0.0338043 0.999415 -0.00514379 0.108409 0.0435325 0.00366944 0.999045 0.558433
255 268 2525 0.998692 -0.0302795 -0.0412024 0.810062 0.0302201 0.999541 -0.00206577 0.0385585 0.041246 0.000817935 0.999149 0.585075
255 269 2398 0.998866 -0.0241525 -0.0410321 0.822396 0.024107 0.999708 -0.00160431 0.0129639 0.0410588 0.000613329 0.999157 0.568768
270 271 614 0.999996 0.00151933 0.00248522 0.0606508 -0.0015184 0.999999 -0.000377322 0.131447 -0.00248579 0.000373547 0.999997 0.989466
270 272 2515 0.99989 0.00750406 -0.0127903 0.847125 -0.00742535 0.999953 0.00619021 -0.236507 0.0128361 -0.00609456 0.999899 0.475861
270 273 1665 0.999872 0.0155592 0.00383826 0.70196 -0.0155826 0.99986 0.00613594 -0.255693 -0.00374226 -0.00619496 0.999974 0.664736
270 274 3042 0.999916 0.0122458 -0.00419812 0.623152 -0.0122178 0.999903 0.00664439 -0.142527 0.00427908 -0.00659254 0.999969 0.769004
270 275 2984 0.999864 0.005642 -0.015469 0.78177 -0.00563133 0.999984 0.000733613 0.00531021 0.0154729 -0.000646403 0.99988 0.623545
270 276 2816 0.999832 0.0106114 -0.0149135 0.795105 -0.0104773 0.999904 0.00904172 -0.108961 0.015008 -0.00888395 0.999848 0.596604
270 277 2716 0.999819 0.0174418 -0.00756743 0.684463 -0.0173276 0.999739 0.0149049 -0.213213 0.00782542 -0.0147711 0.99986 0.697173
270 278 2659 0.999683 0.0063265 -0.024379 0.803511 -0.0062316 0.999973 0.00396685 -0.0377602 0.0244035 -0.00381367 0.999695 0.594091
270 279 2111 0.999693 0.00967167 -0.0228298 0.826775 -0.00951913 0.999932 0.0067809 -0.0245161 0.0228938 -0.00656149 0.999716 0.561999
270 280 2096 0.99973 0.0144528 -0.0181867 0.77845 -0.0142591 0.999841 0.0107337 -0.060001 0.018339 -0.0104715 0.999777 0.624833
270 281 2301 0.999761 0.013125 -0.0174551 0.760915 -0.0130459 0.999904 0.00464114 -0.0334005 0.0175143 -0.00441232 0.999837 0.647991
270 282 1955 0.99979 0.0197651 -0.00532238 0.799372 -0.0196924 0.999717 0.013379 -0.0948503 0.00558531 -0.0132714 0.999896 0.593303
270 283 2014 0.999752 0.0212864 -0.006552 0.750034 -0.0212039 0.999698 0.012412 -0.0743476 0.00681423 -0.01227 0.999902 0.657208
270 284 2111 0.999747 0.0187391 -0.0124146 0.764828 -0.0185949 0.999759 0.0116297 -0.0976534 0.0126296 -0.0113959 0.999855 0.636791
285 286 539 0.999979 0.00109918 0.00637855 0.265192 -0.00108032 0.999995 -0.0029594 0.0143189 -0.00638177 0.00295245 0.999975 0.964089
285 287 1367 1 0.000796197 0.00058115 0.636181 -0.000791209 0.999963 -0.00853286 -0.0829141 -0.000587923 0.00853239 0.999963 0.767072
285 288 1635 0.999996 0.00184135 0.00196983 0.805228 -0.00182967 0.999981 -0.00591472 -0.29267 -0.00198068 0.00591109 0.999981 0.515706
285 289 2687 0.999992 0.0029307 -0.00265081 0.789565 -0.00294554 0.99998 -0.00561069 -0.244748 0.00263431 0.00561846 0.999981 0.562748
285 290 2677 0.999966 0.00624324 -0.00542615 0.762665 -0.00630742 0.999909 -0.0118924 -0.232899 0.00535142 0.0119262 0.999915 0.603408
285 291 2879 0.999906 0.0136385 -0.00111907 0.710784 -0.0136505 0.999841 -0.0114664 -0.274616 0.000962512 0.0114806 0.999934 0.647589
285 292 2352 0.999899 0.0142072 0.00068617 0.779565 -0.0141956 0.999791 -0.0146806 -0.231493 -0.000894596 0.0146693 0.999892 0.581971
285 293 2556 0.999657 0.019564 -0.01742 0.827945 -0.0197295 0.999761 -0.00938254 -0.308281 0.0172322 0.00972301 0.999804 0.468477
285 294 2353 0.999758 0.0214277 -0.00505096 0.70073 -0.021506 0.999641 -0.0160011 -0.28459 0.00470628 0.0161058 0.999859 0.654206
285 295 2553 0.999359 0.0263653 -0.0242213 0.83412 -0.0267141 0.999542 -0.0141911 -0.245784 0.023836 0.014829 0.999606 0.493796
285 296 2008 0.999293 0.0353261 -0.0128628 0.733248 -0.0355392 0.999228 -0.0167282 -0.293243 0.0122619 0.0171735 0.999777 0.613478
285 297 2086 0.999074 0.0413093 -0.011999 0.814 -0.0415928 0.998836 -0.0244266 -0.227743 0.0109759 0.024903 0.99963 0.534356
285 298 2078 0.998706 0.0483833 -0.0156398 0.764753 -0.048624 0.998699 -0.0153951 -0.295147 0.0148746 0.0161357 0.999759 0.572749
285 299 2094 0.998541 0.0434621 -0.0320311 0.843917 -0.0441878 0.998774 -0.022307 -0.193342 0.0310223 0.0236898 0.999238 0.500422
300 301 165 0.999999 -0.00133506 7.92267e-05 0.460473 0.0013351 0.999999 -0.000593339 0.123368 -7.84345e-05 0.000593444 1 -0.879059
300 302 3774 0.999687 0.00178651 -0.0249419 0.893885 -0.00207949 0.999929 -0.0117256 0.324936 0.0249191 0.0117738 0.99962 0.308847
300 303 79 0.999919 -0.00498228 -0.0117496 0.954222 0.0049318 0.999979 -0.00432103 0.112453 0.0117709 0.00426273 0.999922 0.277153
300 304 145 0.99993 0.00184312 -0.0116639 0.900809 -0.00184324 0.999998 1.74248e-07 -0.112122 0.0116639 2.13253e-05 0.999932 0.41949
300 305 3220 0.99956 0.00109454 -0.0296268 0.958374 -0.00112483 0.999999 -0.00100601 0.00810046 0.0296256 0.0010389 0.999561 0.2854
300 306 3403 0.999105 0.0101005 -0.0410701 0.995406 -0.0100131 0.999947 0.00233273 -0.0470222 0.0410915 -0.00191941 0.999154 0.0833987
300 307 3198 0.998645 0.0107896 -0.0509185 0.984158 -0.0109574 0.999935 -0.003018 0.0969519 0.0508827 0.00357185 0.998698 0.148435
300 308 3194 0.996728 0.0105802 -0.0801347 0.97262 -0.0116854 0.999843 -0.0133345 0.167523 0.079981 0.0142273 0.996695 0.161081
300 309 2883 0.998773 0.0170758 -0.0464837 0.97218 -0.0168906 0.999848 0.00437429 -0.0316694 0.0465513 -0.00358378 0.998909 0.232083
300 310 2561 0.99907 0.0171789 -0.0395469 0.951235 -0.0169068 0.999831 0.00720634 -0.0215766 0.039664 -0.00653103 0.999192 0.307712
300 311 2359 0.999302 0.0166651 -0.0334234 0.924576 -0.0163483 0.999819 0.00972863 -0.0560351 0.0335795 -0.00917542 0.999394 0.376855
300 312 2148 0.99928 0.0209934 -0.0315915 0.966021 -0.0206752 0.999733 0.0103654 -0.0555201 0.0318006 -0.00970475 0.999447 0.252428
300 313 2186 0.996855 0.0219609 -0.0761414 0.978731 -0.021501 0.999745 0.00685503 0.0495573 0.0762726 -0.00519636 0.997073 0.199071
300 314 1602 0.997527 0.0323038 -0.0624248 0.966161 -0.0315378 0.999415 0.0132184 -0.0309839 0.0628153 -0.011217 0.997962 0.256074
315 316 427 0.999999 -0.00119154 0.000975894 0.224412 0.00119474 0.999994 -0.00328377 -0.51719 -0.000971975 0.00328493 0.999994 0.825926
315 317 61 0.999983 0.00569368 -0.00124673 0.847317 -0.00570517 0.999939 -0.00941782 0.0652641 0.00119303 0.00942477 0.999955 -0.527061
315 318 777 0.999864 0.00489709 -0.0157693 0.963784 -0.00505498 0.999937 -0.00998828 -0.089429 0.0157194 0.0100666 0.999826 -0.251241
315 319 390 0.99998 0.00635366 2.56364e-06 -0.802628 -0.0063529 0.999866 -0.0150903 0.182579 -9.84418e-05 0.01509 0.999886 -0.56785
315 320 1750 0.999497 0.0161869 -0.0272798 0.981878 -0.0165633 0.99977 -0.0136261 -0.0399984 0.027053 0.0140711 0.999535 -0.185244
315 321 1789 0.999201 0.0255325 -0.0307449 0.986068 -0.0259917 0.999555 -0.0146279 -0.121817 0.0303577 0.0154153 0.99942 0.113272
315 322 1976 0.997405 0.0345889 -0.0631361 0.994148 -0.0354608 0.99929 -0.0127406 -0.0976317 0.0626505 0.0149464 0.997924 0.0462409
315 323 1906 0.997143 0.042059 -0.0627487 0.979361 -0.0436872 0.998737 -0.0248061 0.125934 0.0616261 0.0274766 0.997721 -0.158094
