0 1 83 0.999993 -0.00360915 0.000648186 0.198932 0.00360815 0.999992 0.00152967 0.376409 -0.000653702 -0.00152733 0.999999 -0.904844
0 2 19 0.999988 -0.00346311 0.00346599 0.98143 0.00345761 0.999993 0.00159316 0.073639 -0.00347149 -0.00158115 0.999993 -0.177123
0 3 42 0.999997 -0.00215953 -0.00105718 0.426982 0.0021617 0.999996 0.00205196 0.00491099 0.00105275 -0.00205424 0.999997 0.904247
0 4 17 0.999999 -0.00103417 0.000560889 -0.0823132 0.00103244 0.999995 0.00307228 -0.810449 -0.000564063 -0.0030717 0.999995 -0.579998
0 5 42 0.999991 -0.00424912 -0.000412409 -0.147004 0.00425013 0.999988 0.00249152 -0.115982 0.000401817 -0.00249325 0.999997 -0.982313
0 6 52 0.99999 -0.00436344 -0.000474568 0.0297498 0.00436438 0.999988 0.00200558 -0.0167419 0.000465811 -0.00200763 0.999998 -0.999417
0 7 29 0.999974 -0.00694054 -0.00198243 0.672368 0.00694856 0.999968 0.00406448 -0.260583 0.00195416 -0.00407815 0.99999 0.692833
0 8 49 0.999995 -0.00293068 -0.00113065 0.452489 0.00293271 0.999994 0.00179787 0.241323 0.00112537 -0.00180118 0.999998 0.858497
0 9 31 0.999979 -0.00369657 -0.00530513 0.900591 0.00370375 0.999992 0.00134352 0.245373 0.00530012 -0.00136314 0.999985 0.358786
0 10 57 0.99999 -0.00375049 -0.00241327 0.211108 0.00375915 0.999986 0.00359739 -0.0659106 0.00239975 -0.00360643 0.999991 0.975238
0 11 80 0.999928 -0.000602376 -0.0119467 0.822227 0.000581027 0.999998 -0.00179038 0.28629 0.0119478 0.00178331 0.999927 0.491915
0 12 38 0.999962 0.00213785 -0.00844842 0.878141 -0.00213115 0.999997 0.000801938 0.157242 0.00845011 -0.000783903 0.999964 0.451823
0 13 34 0.999972 0.00427909 -0.00611287 0.982941 -0.00425379 0.999982 0.00414656 -0.0849292 0.00613051 -0.00412044 0.999973 0.163139
0 14 47 0.999947 0.00683638 -0.00764364 0.853662 -0.00679919 0.999965 0.00488081 -0.130006 0.00767674 -0.00482858 0.999959 0.50434
15 16 43 0.999998 0.000128105 -0.00176599 0.1961 -0.000126489 1 0.000915381 0.0630119 0.0017661 -0.000915156 0.999998 0.978557
15 17 21 0.999985 -0.000527688 -0.00553332 0.986451 0.000535878 0.999999 0.00147879 0.00791445 0.00553253 -0.00148174 0.999984 0.163866
15 18 56 0.999991 0.00421356 -0.000720731 0.0190259 -0.00421269 0.99999 0.00119185 0.0505435 0.000725746 -0.0011888 0.999999 0.998541
15 19 32 0.999987 0.00512729 0.000346867 0.674246 -0.00512803 0.999984 0.00218052 -0.184536 -0.000335681 -0.00218227 0.999998 -0.715079
15 20 52 0.999948 0.00505914 -0.00888871 0.943274 -0.00503 0.999982 0.00329745 -0.0783831 0.00890524 -0.00325257 0.999955 0.32263
15 21 62 0.999934 0.00572351 -0.00991703 0.967086 -0.00570501 0.999982 0.00189278 -0.0113567 0.00992768 -0.00183608 0.999949 0.254198
15 22 1291 0.999889 0.00622864 -0.0135654 0.853282 -0.00624913 0.999979 -0.00146874 0.213583 0.013556 0.00155335 0.999907 0.475702
15 23 53 0.999968 0.00327174 -0.00729947 0.931045 -0.00324331 0.999987 0.00390296 -0.099156 0.00731215 -0.00387916 0.999966 0.351175
15 24 892 0.999865 0.00429336 -0.0158581 0.989804 -0.00421124 0.999978 0.00520865 -0.053188 0.0158801 -0.00514116 0.999861 0.132134
15 25 116 0.999991 0.00223522 -0.00353215 -0.587199 -0.00220483 0.999961 0.00858647 0.257902 0.0035512 -0.00857861 0.999957 -0.767257
15 26 683 0.999934 0.00302619 -0.011113 0.812934 -0.00294691 0.99997 0.00714316 -0.253536 0.0111343 -0.00710993 0.999913 0.524269
15 27 1935 0.999757 0.00258389 -0.0218964 0.949018 -0.00250147 0.99999 0.00379081 -0.0477447 0.021906 -0.00373512 0.999753 0.311585
15 28 1913 0.999782 0.0042241 -0.0204647 0.923368 -0.00407918 0.999966 0.00711789 -0.217712 0.0204941 -0.00703286 0.999765 0.316216
15 29 1813 0.999858 0.0045404 -0.0162429 0.917394 -0.0045003 0.999987 0.00250464 -0.176803 0.0162541 -0.00243119 0.999865 0.356551
30 31 49 1 0.000352077 0.000649893 0.212415 -0.000349525 0.999992 -0.00392229 -0.235632 -0.000651269 0.00392206 0.999992 -0.948345
30 32 21 0.999978 0.00532992 0.00384593 0.296147 -0.0053169 0.99998 -0.00338934 -0.788598 -0.00386392 0.00336882 0.999987 -0.538897
30 33 76 0.999969 -0.000506434 0.00779665 -0.244908 0.000565147 0.999971 -0.0075302 0.271391 -0.00779262 0.00753438 0.999941 0.930788
30 34 45 0.999998 -0.00133059 -0.00166984 0.904301 0.00131992 0.999979 -0.00637432 -0.412098 0.00167829 0.0063721 0.999978 0.111426
30 35 33 0.999985 -0.00121129 0.00538518 0.966366 0.00127426 0.999931 -0.0117061 -0.253766 -0.00537063 0.0117128 0.999917 -0.0417152
30 36 941 0.999991 0.00099664 -0.00402692 0.925972 -0.00102208 0.99998 -0.0063197 -0.35012 0.00402053 0.00632376 0.999972 -0.141394
30 37 508 0.999994 -0.00326391 0.00136794 0.903214 0.00327583 0.999956 -0.00880633 -0.115257 -0.00133914 0.00881075 0.99996 -0.413425
30 38 26 0.99991 -0.00785264 0.0108965 0.993452 0.00795262 0.999926 -0.00916303 0.0672305 -0.0108237 0.00924886 0.999899 -0.0923797
30 39 131 0.999942 -0.00795098 0.00719907 0.971266 0.00798124 0.999959 -0.00418486 -0.207249 -0.00716551 0.00424208 0.999965 -0.117008
30 40 421 0.999914 -0.0112148 0.00683243 0.994224 0.011234 0.999933 -0.00278277 -0.0602192 -0.00680076 0.00285928 0.999973 -0.0888402
30 41 1957 0.999968 -0.0067173 -0.00426091 0.98465 0.00673311 0.99997 0.00370714 -0.0102936 0.00423588 -0.00373572 0.999984 -0.174238
30 42 2006 0.999983 -0.00531949 -0.00257461 0.973713 0.00533057 0.999976 0.004313 -0.159241 0.0025516 -0.00432665 0.999987 0.162864
30 43 1065 0.999964 -0.00410861 0.0073808 0.971107 0.00410362 0.999991 0.000690114 -0.210012 -0.00738357 -0.000659802 0.999973 0.113343
30 44 1028 0.999948 -0.0094398 0.00372903 0.989384 0.00944514 0.999954 -0.00141869 -0.00146852 -0.00371546 0.00145384 0.999992 0.145317
45 46 77 0.999986 0.00502208 -0.00155992 -0.140304 -0.00501516 0.999978 0.00441151 0.277508 0.00158204 -0.00440362 0.999989 0.950423
45 47 32 0.999945 0.0104537 0.000702961 -0.771186 -0.0104595 0.999905 0.00897732 -0.459849 -0.000609049 -0.00898418 0.999959 0.44024
45 48 23 0.999878 0.0143317 0.00619041 -0.942948 -0.0144122 0.99981 0.0131568 -0.265184 -0.00600067 -0.0132444 0.999894 0.201312
45 49 42 0.999826 0.0169509 0.00774987 -0.650985 -0.0170722 0.999729 0.0158571 -0.255784 -0.00747897 -0.0159867 0.999844 0.714698
45 50 106 0.999805 0.0197487 0.000918048 -0.618313 -0.0197619 0.999646 0.0178074 0.186824 -0.00056605 -0.0178221 0.999841 -0.763404
45 51 30 0.999789 0.0182886 -0.00939635 0.90754 -0.0181164 0.999672 0.0180945 -0.16184 0.00972419 -0.0179205 0.999792 0.387528
45 52 1072 0.999484 0.0225303 -0.0228843 0.956382 -0.0222491 0.999675 0.0124662 0.0514884 0.0231577 -0.0119507 0.99966 0.287546
45 53 1955 0.999119 0.0232326 -0.0349508 0.952916 -0.0230254 0.999715 0.00631897 0.123636 0.0350876 -0.00550864 0.999369 0.276885
45 54 945 0.9992 0.0269954 -0.0294947 0.985906 -0.0268413 0.999624 0.00561023 -0.0269633 0.0296351 -0.00481406 0.999549 0.165114
45 55 1807 0.99889 0.0276763 -0.038113 0.971282 -0.027699 0.999616 -6.65362e-05 0.182205 0.0380965 0.00112215 0.999273 0.153011
45 56 1988 0.998114 0.0302887 -0.0533897 0.994696 -0.0303921 0.999537 -0.00112583 0.101162 0.0533309 0.00274633 0.998573 0.0186105
45 57 205 0.998901 0.0268857 -0.0383845 0.999817 -0.0269202 0.999638 -0.000383126 -0.0188805 0.0383603 0.00141603 0.999263 0.0029162
45 58 1230 0.998475 0.0257144 -0.0488608 0.997861 -0.0258614 0.999663 -0.0023795 -0.0268736 0.0487831 0.00363948 0.998803 0.0595885
45 59 1800 0.997277 0.0316939 -0.066594 0.99779 -0.0319916 0.999482 -0.00340763 0.061693 0.0664515 0.0055288 0.997774 -0.0246903
60 61 13 0.999989 0.00464475 0.000321294 0.314219 -0.00464562 0.999985 0.00274693 -0.801278 -0.000308531 -0.00274839 0.999996 -0.509136
60 62 48 0.999983 0.00114227 -0.00576542 0.889941 -0.00112368 0.999994 0.00322591 0.454824 0.00576907 -0.00321937 0.999978 -0.0337788
60 63 1846 0.999832 0.00643425 -0.0171523 0.965899 -0.00635731 0.99997 0.00453595 0.21459 0.017181 -0.00442615 0.999843 0.144881
60 64 650 0.999943 0.0100605 -0.00358019 0.987799 -0.0100234 0.999898 0.0102073 -0.115643 0.00368252 -0.0101709 0.999941 0.104304
60 65 56 0.999887 0.00747988 0.0130082 0.972882 -0.0075485 0.999958 0.00523378 0.0469895 -0.0129685 -0.00533138 0.999902 -0.226477
60 66 1788 0.999941 0.00988596 -0.00442824 0.982138 -0.00987177 0.999946 0.00321527 -0.0122121 0.00445979 -0.00317137 0.999985 0.187767
60 67 1749 0.999953 0.00864504 -0.00446775 0.982779 -0.00863588 0.999961 0.00206658 -0.0681398 0.00448544 -0.00202789 0.999988 0.171764
60 68 1891 0.9998 0.00973836 -0.0174905 0.991105 -0.0097794 0.99995 -0.00226233 -0.0101098 0.0174676 0.00243292 0.999844 0.132699
60 69 1925 0.999692 0.0114621 -0.0220306 0.980559 -0.0116289 0.999905 -0.00745814 0.0407351 0.021943 0.00771204 0.999729 0.19195
60 70 1709 0.999915 0.0119222 -0.00528539 0.992832 -0.0119624 0.999899 -0.00763419 0.109212 0.00519384 0.00769677 0.999957 0.0485447
60 71 1790 0.999776 0.0153344 -0.0146215 0.999573 -0.0153493 0.999882 -0.000903949 -0.00181935 0.0146059 0.00112818 0.999893 0.0291805
60 72 1643 0.999863 0.0143727 0.00826379 0.995833 -0.0143722 0.999897 -0.000113178 -0.0396779 -0.00826456 -5.60633e-06 0.999966 0.0821173
60 73 1647 0.999822 0.0187524 -0.00210547 0.99713 -0.0187544 0.999824 -0.000941931 -0.0705481 0.00208744 0.00098125 0.999997 0.0274753
60 74 1690 0.999742 0.020514 -0.00971417 0.991946 -0.0205477 0.999783 -0.00338599 -0.0966943 0.0096426 0.00358472 0.999947 0.0818173
75 76 83 0.999997 3.87592e-05 -0.00241282 0.434057 -4.25448e-05 0.999999 -0.00156892 0.0115777 0.00241276 0.00156902 0.999996 -0.900811
75 77 52 0.99992 -0.00486304 -0.0116853 0.873249 0.00481841 0.999981 -0.00384416 0.271417 0.0117037 0.00378755 0.999924 -0.404684
75 78 140 0.999911 -0.00235133 -0.0131441 0.995443 0.00236956 0.999996 0.00137113 -0.0756627 0.0131408 -0.00140215 0.999913 -0.0580451
75 79 1714 0.999854 0.00528543 -0.0162429 0.99942 -0.00531627 0.999984 -0.00185599 -0.0324141 0.0162328 0.00194207 0.999866 -0.0104522
75 80 109 0.99996 0.00471218 0.00755054 0.575761 -0.00469489 0.999986 -0.00230586 -0.00887446 -0.0075613 0.00227032 0.999969 -0.81757
75 81 80 0.999995 -0.00296361 -0.0014596 0.942545 0.00296365 0.999996 2.52531e-05 0.100385 0.00145952 -2.95787e-05 0.999999 -0.31864
75 82 1818 0.999658 -0.00304404 -0.0259926 0.986353 0.0030145 0.999995 -0.00117561 0.0971045 0.025996 0.00109685 0.999661 0.132958
75 83 1789 0.99942 -0.00507958 -0.0336756 0.999968 0.00511279 0.999987 0.000900202 -0.00402592 0.0336706 -0.00107186 0.999432 -0.0069174
75 84 1770 0.999643 -0.00548667 -0.0261306 0.999169 0.00554228 0.999983 0.00205611 -0.00698938 0.0261188 -0.0022002 0.999656 -0.0401433
75 85 1763 0.999291 -0.00138771 -0.0376346 0.993137 0.00178132 0.999944 0.0104273 -0.0996705 0.037618 -0.0104869 0.999237 -0.06119
75 86 1691 0.999269 -0.000942292 -0.0382305 0.994892 0.00118686 0.999979 0.00637512 0.0800961 0.0382237 -0.00641583 0.999249 0.0614335
75 87 1678 0.99897 0.00255205 -0.0453022 0.992019 -0.00202176 0.999929 0.0117474 0.059084 0.045329 -0.0116438 0.998904 0.111392
75 88 1605 0.999389 0.00399194 -0.0347365 0.984519 -0.00358926 0.999926 0.0116471 0.0751766 0.0347805 -0.0115153 0.999329 0.158341
75 89 1559 0.999356 0.0116456 -0.0339294 0.985827 -0.0109754 0.999742 0.019872 -0.031046 0.0341521 -0.0194868 0.999227 0.164866
90 91 72 0.999953 -0.000552429 -0.00969603 0.988961 0.000625028 0.999972 0.00748603 -0.0410727 0.00969162 -0.00749174 0.999925 0.142368
90 92 577 0.999985 0.0036746 -0.00401204 0.841543 -0.00362888 0.999929 0.0113435 -0.194058 0.00405344 -0.0113288 0.999928 0.50413
90 93 1887 0.999789 0.0130884 -0.0158144 0.986314 -0.0129158 0.999856 0.0109638 -0.0673385 0.0159557 -0.0107573 0.999815 0.150503
90 94 1768 0.999902 0.0138771 -0.00190883 0.905788 -0.0138506 0.999816 0.0132768 -0.206998 0.00209273 -0.013249 0.99991 0.369729
90 95 1719 0.999935 0.0108191 0.00362035 0.85964 -0.0108516 0.9999 0.00907457 -0.222323 -0.00352181 -0.00911326 0.999952 0.45999
90 96 1699 0.999962 0.00800778 -0.00355666 0.900577 -0.00799376 0.99996 0.00393751 -0.0949195 0.00358805 -0.00390893 0.999986 0.424206
90 97 1481 0.999935 0.00695926 0.00905072 0.661572 -0.00699405 0.999968 0.00381742 -0.267409 -0.00902387 -0.00388047 0.999952 0.700582
90 98 1656 0.999788 0.00432346 -0.0201525 0.893444 -0.00423786 0.999982 0.00428835 -0.255531 0.0201706 -0.00420203 0.999788 0.369407
90 99 1531 0.99997 -0.00133809 -0.00765211 0.820624 0.0012693 0.999959 -0.00898804 -0.215163 0.00766382 0.00897805 0.99993 0.529416
90 100 1641 0.999388 0.00166168 -0.0349387 0.956452 -0.00178294 0.999992 -0.00343952 -0.230184 0.0349327 0.00349971 0.999384 0.179484
90 101 1426 0.99949 -0.00670537 -0.0312211 0.900905 0.00644209 0.999943 -0.00852565 -0.237348 0.0312765 0.00832017 0.999476 0.363367
90 102 1427 0.999466 -0.00804699 -0.0316712 0.945729 0.00742002 0.999775 -0.0198643 -0.203697 0.0318239 0.0196187 0.999301 0.253189
90 103 1390 0.999069 -0.00317378 -0.0430232 0.946619 0.00266161 0.999925 -0.0119566 -0.269113 0.0430579 0.011831 0.999003 0.177457
90 104 1365 0.999306 -0.00826717 -0.0363161 0.958076 0.00746194 0.999725 -0.0222529 -0.227539 0.03649 0.0219665 0.999093 0.174117
105 106 77 0.999989 0.000986909 0.00464273 0.216108 -0.000969543 0.999993 -0.00374123 -0.0392614 -0.00464638 0.00373669 0.999982 -0.97558
105 107 869 0.999983 0.00137282 -0.00558543 0.936552 -0.00138836 0.999995 -0.00277926 -0.247543 0.00558159 0.00278697 0.999981 -0.248179
105 108 134 0.999834 0.00470153 0.017614 0.412296 -0.0044879 0.999916 -0.0121488 -0.186479 -0.0176696 0.0120677 0.999771 -0.891761
105 109 215 0.999895 0.00518482 0.01354 0.819188 -0.00495953 0.99985 -0.0166196 0.0362606 -0.0136241 0.0165507 0.99977 -0.572378
105 110 676 0.999852 0.00519143 0.0163932 0.638915 -0.00489487 0.999825 -0.0180788 0.213752 -0.0164842 0.0179958 0.999702 -0.738984
105 111 840 0.99973 0.00902677 0.0213972 0.487492 -0.00866897 0.999822 -0.0167557 0.0959497 -0.0215446 0.0165657 0.999631 -0.86784
105 112 1658 0.999816 0.00741486 -0.0176803 0.94405 -0.00775388 0.999786 -0.0191845 0.0632866 0.0175342 0.0193181 0.99966 -0.323672
105 113 1393 0.999963 0.0037124 0.00781203 0.776028 -0.00352404 0.999706 -0.0239878 0.134669 -0.00789878 0.0239594 0.999682 -0.616153
105 114 1489 0.999496 0.00443064 -0.0314321 0.905524 -0.00513039 0.99974 -0.0222168 0.0957904 0.0313255 0.0223669 0.999259 -0.413341
105 115 1546 0.999704 0.00824887 -0.0229068 0.892697 -0.0086452 0.999814 -0.0172568 0.109504 0.0227602 0.0174497 0.999589 -0.437152
105 116 1477 0.99988 0.0152052 0.00297545 0.767337 -0.0151881 0.999869 -0.00568014 -0.0461764 -0.00306142 0.00563426 0.999979 -0.639579
105 117 1325 0.999958 0.00913727 -0.00120469 0.779294 -0.00914872 0.999909 -0.00986652 0.0931477 0.00111442 0.00987712 0.999951 -0.619697
105 118 1400 0.999701 0.016151 -0.0183594 0.834392 -0.0161266 0.999869 0.00147685 0.0261941 0.0183809 -0.00118034 0.99983 -0.550548
105 119 1370 0.999827 0.018568 0.00118005 0.759148 -0.0185717 0.999822 0.00321524 0.0382203 -0.00112014 -0.00323659 0.999994 -0.649795
120 121 112 0.999989 0.00345074 0.00304001 0.237544 -0.0034729 0.999967 0.00731418 0.147289 -0.00301467 -0.00732466 0.999969 -0.960145
120 122 120 0.99996 0.00779615 0.00443837 0.331464 -0.0078483 0.999899 0.0118555 0.154622 -0.0043455 -0.0118899 0.99992 -0.930711
120 123 209 0.999864 0.0120171 0.0113384 -0.00455625 -0.0121664 0.999839 0.013191 -0.0205226 -0.011178 -0.0133271 0.999849 -0.999779
120 124 1704 0.999693 0.0228206 -0.00967272 0.799516 -0.0228656 0.999728 -0.00456848 0.450246 0.00956583 0.00478825 0.999943 -0.397558
120 125 1721 0.999594 0.0281255 -0.00452533 0.840289 -0.0281186 0.999603 0.00159439 0.26039 0.00456837 -0.0014665 0.999988 -0.475513
120 126 1564 0.999549 0.0289163 0.00816288 0.63457 -0.028913 0.999582 -0.000527549 0.290503 -0.00817472 0.000291297 0.999967 -0.716191
120 127 1685 0.999505 0.0301779 -0.00885484 0.721732 -0.0302213 0.999532 -0.00481451 0.223548 0.0087054 0.00507973 0.999949 -0.655079
120 128 1663 0.9994 0.0312833 -0.0148561 0.650455 -0.0313827 0.999486 -0.00650158 0.25707 0.0146451 0.00696391 0.999869 -0.714719
120 129 1600 0.999453 0.0315596 -0.00989737 0.549861 -0.031614 0.999486 -0.00538595 0.242351 0.0097223 0.0056959 0.999937 -0.799324
120 130 1583 0.999335 0.0343783 -0.0121251 0.488012 -0.0344686 0.999379 -0.00731376 0.287018 0.0118661 0.00772683 0.9999 -0.824297
120 131 1571 0.998952 0.0391862 -0.0236322 0.572628 -0.0393834 0.999193 -0.00793786 0.28498 0.023302 0.00886026 0.999689 -0.768689
120 132 1570 0.997787 0.0397444 -0.0533089 0.695209 -0.0414123 0.998675 -0.0305549 0.493374 0.0520238 0.0326949 0.99811 -0.52275
120 133 1515 0.998367 0.0382258 -0.0424614 0.622961 -0.0389951 0.999087 -0.0174397 0.441289 0.041756 0.019067 0.998946 -0.645898
120 134 1475 0.997755 0.0410265 -0.0529268 0.617915 -0.0421557 0.998903 -0.020397 0.450811 0.0520319 0.0225823 0.99839 -0.644167
135 136 75 1 0.000158592 -0.000645927 -0.12421 -0.000156112 0.999993 0.00383732 -0.217985 0.000646531 -0.00383722 0.999992 -0.968016
135 137 63 0.999991 0.00158227 -0.00406048 0.429129 -0.0015706 0.999995 0.00287596 0.0905381 0.00406501 -0.00286956 0.999988 -0.898694
135 138 152 0.999926 0.00453695 -0.0113186 0.569145 -0.00452048 0.999989 0.00148022 0.281177 0.0113252 -0.00142895 0.999935 -0.772667
135 139 1081 0.999846 0.00171443 -0.0174616 0.607467 -0.00171083 0.999999 0.000221233 0.431418 0.0174619 -0.000191326 0.999848 -0.66698
135 140 1257 0.999822 0.00553701 -0.0180168 0.60223 -0.00548844 0.999981 0.00274434 0.386661 0.0180317 -0.00264497 0.999834 -0.698436
135 141 1821 0.999473 0.00775217 -0.0315272 0.705198 -0.00790502 0.999958 -0.00472662 0.428445 0.0314892 0.00497335 0.999492 -0.564917
135 142 1788 0.999038 0.00990104 -0.0427178 0.703969 -0.0102803 0.99991 -0.00866753 0.443 0.0426281 0.00909834 0.99905 -0.555139
135 143 1768 0.998661 0.0111012 -0.0505321 0.672258 -0.0117882 0.999842 -0.0133175 0.506745 0.0503763 0.0138954 0.998634 -0.539702
135 144 1686 0.997754 0.0163916 -0.0649557 0.781827 -0.0173151 0.999756 -0.01368 0.47993 0.0647156 0.0147739 0.997794 -0.398013
135 145 1655 0.998699 0.0195352 -0.0470965 0.656958 -0.0189744 0.999744 0.0123242 0.257178 0.0473252 -0.0114145 0.998814 -0.708707
135 146 1618 0.997941 0.0254764 -0.0588637 0.684846 -0.0247306 0.999605 0.0133645 0.298358 0.0591809 -0.0118812 0.998177 -0.664807
135 147 1471 0.998987 0.0285634 -0.0347654 0.404941 -0.0274724 0.999127 0.0314662 0.186618 0.0356338 -0.0304792 0.9989 -0.895096
135 148 1510 0.998282 0.0336015 -0.0480068 0.573588 -0.032244 0.999066 0.0287775 0.300378 0.0489289 -0.0271801 0.998432 -0.762083
135 149 1367 0.995011 0.0401982 -0.0913127 0.760054 -0.0398144 0.999189 0.00602134 0.461939 0.0914806 -0.00235574 0.995804 -0.45709
150 151 29 0.999947 0.0100124 0.00249152 0.0103486 -0.0100424 0.999874 0.0123011 0.971207 -0.00236805 -0.0123254 0.999921 -0.238014
150 152 63 0.999622 0.0268374 0.00589038 -0.247883 -0.0269053 0.999569 0.0117538 -0.683632 -0.0055724 -0.0119078 0.999914 -0.686441
150 153 1330 0.999515 0.0245764 -0.0191273 0.690803 -0.0248145 0.999616 -0.0123137 0.714851 0.0188173 0.0127824 0.999741 -0.108531
150 154 842 0.999536 0.0238951 -0.0188984 0.711082 -0.0237695 0.999694 0.00684267 0.353488 0.0190561 -0.00639029 0.999798 -0.60779
150 155 1145 0.999253 0.0231774 -0.0309269 0.83636 -0.0229728 0.999712 0.00695573 0.36186 0.0310792 -0.00624006 0.999497 -0.411775
150 156 973 0.999195 0.0275061 -0.0292038 0.811226 -0.0271526 0.999554 0.0124344 0.281786 0.0295328 -0.0116314 0.999496 -0.512357
150 157 980 0.998932 0.0352971 -0.0298037 0.870223 -0.0350068 0.999335 0.010205 0.350001 0.0301441 -0.00915079 0.999504 -0.346716
150 158 1118 0.99867 0.0385629 -0.0342118 0.706 -0.0381402 0.999189 0.0129241 0.263692 0.0346825 -0.0116021 0.999331 -0.65729
150 159 1134 0.998058 0.038018 -0.0493357 0.900949 -0.0373015 0.999186 0.015364 0.148049 0.0498796 -0.0134939 0.998664 -0.407888
150 160 1063 0.997869 0.038361 -0.0527748 0.889875 -0.0378228 0.999222 0.0111606 0.182334 0.0531619 -0.00914073 0.998544 -0.418183
150 161 1135 0.997323 0.0375336 -0.062751 0.722959 -0.0373201 0.999293 0.00457041 0.29222 0.0628781 -0.0022163 0.998019 -0.62605
150 162 972 0.998684 0.0322027 -0.0399164 0.531873 -0.0317542 0.999426 0.0118194 0.389032 0.0402741 -0.0105364 0.999133 -0.752173
150 163 1022 0.995427 0.0411227 -0.086225 0.736865 -0.0420684 0.999073 -0.00917924 0.484592 0.0857676 0.0127646 0.996233 -0.471381
150 164 1030 0.996423 0.0448538 -0.0716137 0.666248 -0.043814 0.998911 0.0160263 0.30022 0.0722546 -0.0128313 0.997304 -0.682628
165 166 29 0.99997 0.0055326 -0.00541468 0.746098 -0.00550268 0.99997 0.00552533 0.282027 0.00544509 -0.00549537 0.99997 -0.603157
165 167 66 0.999868 0.0126799 -0.010205 0.524984 -0.0126134 0.999899 0.00655704 0.36251 0.0102871 -0.00642746 0.999926 -0.770051
165 168 373 0.999842 0.0120756 -0.0130181 0.334977 -0.0120045 0.999913 0.00552219 0.382906 0.0130836 -0.00536504 0.9999 -0.860915
165 169 2005 0.999238 0.0156193 -0.0357558 0.75129 -0.0158766 0.99985 -0.00692175 0.56794 0.0356423 0.00748416 0.999337 -0.336166
165 170 1813 0.999425 0.0154465 -0.0301986 0.563995 -0.0153226 0.999873 0.00433072 0.264714 0.0302616 -0.00386551 0.999535 -0.7822
165 171 1795 0.999246 0.0172734 -0.0347612 0.523265 -0.0172629 0.999851 0.000600685 0.38052 0.0347664 -1.5217e-07 0.999395 -0.762495
165 172 1796 0.998725 0.0244134 -0.0441897 0.680572 -0.0242643 0.999698 0.00390531 0.302424 0.0442717 -0.00282809 0.999016 -0.667354
165 173 1785 0.998411 0.020869 -0.0523446 0.642152 -0.020827 0.999782 0.00134669 0.279748 0.0523613 -0.000254366 0.998628 -0.713709
165 174 1736 0.99867 0.0186854 -0.0480451 0.500248 -0.0186133 0.999825 0.00194965 0.338876 0.0480731 -0.00105279 0.998843 -0.796816
165 175 1732 0.997182 0.0279224 -0.0696268 0.719436 -0.0276763 0.999607 0.00449643 0.291039 0.0697249 -0.00255675 0.997563 -0.63064
165 176 1711 0.996577 0.03575 -0.0745439 0.699547 -0.0360424 0.999347 -0.00258077 0.354258 0.074403 0.00525868 0.997214 -0.620592
165 177 1665 0.996315 0.0475835 -0.0713595 0.687487 -0.0477281 0.99886 -0.000321481 0.334205 0.0712629 0.00372615 0.997451 -0.644723
165 178 1599 0.995665 0.0583774 -0.072404 0.671316 -0.0583743 0.998292 0.00216041 0.267832 0.0724065 0.00207548 0.997373 -0.691086
165 179 1545 0.995148 0.0599452 -0.0780226 0.690459 -0.0607416 0.998122 -0.00787233 0.308632 0.0774042 0.0125734 0.996921 -0.654227
180 181 29 0.999968 0.00794033 -0.00133339 0.486242 -0.00794394 0.999965 -0.00272537 0.865652 0.0013117 0.00273587 0.999995 0.119232
180 182 149 0.999898 0.00993992 -0.0102441 0.987245 -0.00998956 0.999939 -0.00480596 0.105377 0.0101957 0.0049078 0.999936 -0.119346
180 183 2187 0.999791 0.0157287 -0.0130397 0.785811 -0.0159647 0.999707 -0.0182017 0.451737 0.0127496 0.018406 0.999749 -0.422416
180 184 2174 0.999794 0.0160245 -0.0124773 0.658647 -0.0162369 0.999722 -0.0171095 0.302561 0.0121997 0.0173086 0.999776 -0.688942
180 185 2226 0.999455 0.0180489 -0.0276529 0.789203 -0.0186988 0.999551 -0.0234273 0.333247 0.0272176 0.0239316 0.999343 -0.515854
180 186 2118 0.999542 0.0225764 -0.0201385 0.636601 -0.0229506 0.999565 -0.0185489 0.262664 0.019711 0.0190026 0.999625 -0.725084
180 187 2080 0.998768 0.02682 -0.0417394 0.819699 -0.0282621 0.99901 -0.0343521 0.381055 0.0407768 0.0354894 0.998538 -0.427657
180 188 2016 0.998918 0.0295741 -0.0358932 0.699537 -0.0307377 0.999005 -0.032311 0.315033 0.0349019 0.0333793 0.998833 -0.641406
180 189 1958 0.998872 0.0284725 -0.0379992 0.641318 -0.0296047 0.999124 -0.0295716 0.275621 0.0371239 0.0306632 0.99884 -0.716061
180 190 1878 0.998858 0.0247876 -0.0408476 0.615008 -0.0259197 0.999288 -0.0274225 0.260327 0.0401388 0.02845 0.998789 -0.744308
180 191 1801 0.998539 0.0247737 -0.0480278 0.580116 -0.0260725 0.999306 -0.0266071 0.208214 0.0473353 0.0278205 0.998492 -0.787473
180 192 1782 0.998167 0.0269947 -0.0541733 0.601756 -0.0285374 0.999203 -0.0279095 0.190753 0.0533767 0.0294043 0.998141 -0.775566
180 193 1713 0.996409 0.0294835 -0.0793723 0.729838 -0.0322702 0.998899 -0.0340579 0.209047 0.0782807 0.036497 0.996263 -0.650873
180 194 1625 0.99698 0.0227043 -0.0742698 0.630356 -0.0255437 0.99897 -0.037507 0.271537 0.0733417 0.0392909 0.996533 -0.727268
195 196 88 0.999976 0.00247865 -0.00649938 0.300311 -0.00241565 0.99995 0.00968301 -0.495556 0.00652306 -0.00966708 0.999932 -0.815008
195 197 484 0.999765 -0.00289881 -0.0214771 0.667607 0.00326656 0.999848 0.0171078 -0.00253135 0.0214243 -0.0171739 0.999623 -0.74451
195 198 1127 0.999337 -0.00153592 -0.0363818 0.787878 0.00254903 0.99961 0.0278166 -0.147291 0.0363249 -0.0278908 0.998951 -0.597958
195 199 466 0.99941 -0.00908372 -0.0331167 0.602122 0.0100036 0.999566 0.0277174 0.120481 0.0328505 -0.0280324 0.999067 -0.789261
195 200 1631 0.997249 0.00212998 -0.0740934 0.943212 0.000910044 0.99916 0.0409716 -0.00582366 0.0741184 -0.0409264 0.996409 -0.332141
195 201 1659 0.994855 0.00352606 -0.101245 0.983841 -0.00100403 0.999688 0.0249502 0.177492 0.101301 -0.0247202 0.994549 -0.0235285
195 202 1596 0.998331 0.0142459 -0.0559696 0.698122 -0.0118652 0.99902 0.04264 -0.0793829 0.0565222 -0.0419047 0.997522 -0.711565
195 203 1598 0.995795 0.0202507 -0.0893443 0.904852 -0.0154809 0.998434 0.0537597 -0.107897 0.0902931 -0.0521505 0.994549 -0.411826
195 204 1557 0.994863 0.0299733 -0.0966901 0.928737 -0.0244439 0.998025 0.057873 -0.161366 0.0982337 -0.0552122 0.993631 -0.333778
195 205 1514 0.993124 0.0248923 -0.114387 0.96598 -0.0198679 0.998796 0.0448563 -0.0240706 0.115366 -0.0422752 0.992423 -0.257493
195 206 1491 0.991969 0.0427717 -0.119027 0.917257 -0.0347324 0.997025 0.0688161 -0.269774 0.121617 -0.0641293 0.990503 -0.293023
195 207 1459 0.992508 0.0393536 -0.115667 0.926292 -0.0332188 0.997961 0.0544966 -0.139323 0.117576 -0.050246 0.991792 -0.350103
195 208 1445 0.991178 0.0482517 -0.123443 0.936142 -0.0411348 0.997376 0.0595675 -0.180611 0.125994 -0.0539642 0.990562 -0.30169
195 209 1420 0.993023 0.0562475 -0.103639 0.893733 -0.0505738 0.997116 0.0565839 -0.208332 0.106523 -0.0509477 0.993004 -0.39729
210 211 52 0.999987 0.00496741 0.00145509 0.768561 -0.00496555 0.999987 -0.00128129 -0.14114 -0.00146143 0.00127405 0.999998 -0.624015
210 212 2194 0.99986 0.0117863 -0.0118999 0.879645 -0.0116791 0.999891 0.0090365 -0.383117 0.0120051 -0.00889626 0.999888 -0.281862
210 213 448 0.999935 0.00112963 0.0113715 0.817314 -0.00108968 0.999993 -0.00351911 0.160048 -0.0113754 0.00350649 0.999929 -0.553518
210 214 1841 0.999987 0.00307022 -0.00398453 0.912645 -0.00307278 0.999995 -0.000638731 0.133074 0.00398255 0.000650966 0.999992 -0.386485
210 215 2053 0.999936 0.000495358 -0.0113128 0.945965 -0.000440558 0.999988 0.004846 0.0615485 0.0113151 -0.0048407 0.999924 -0.318375
210 216 1259 0.999932 -0.000971531 0.011627 0.780906 0.000818926 0.999914 0.0131226 -0.028693 -0.0116388 -0.0131122 0.999846 -0.623989
210 217 1241 0.999825 -0.0131629 0.0133292 0.839861 0.0128914 0.999712 0.0202543 0.000959285 -0.0135919 -0.0200789 0.999706 -0.542801
210 218 1636 0.9999 -0.0136676 -0.00349771 0.892312 0.0137629 0.999489 0.0288508 -0.0142974 0.0031016 -0.0288961 0.999578 -0.451193
210 219 1801 0.999704 -0.0162143 -0.0181571 0.922038 0.0168453 0.99924 0.0351525 -0.0329272 0.0175733 -0.0354479 0.999217 -0.385696
210 220 1570 0.999774 -0.0182077 0.0109856 0.849072 0.0177462 0.999012 0.040735 -0.0940303 -0.0117165 -0.0405308 0.99911 -0.519842
210 221 1633 0.999662 -0.0106851 -0.023691 0.961427 0.0116262 0.999134 0.0399479 -0.0994301 0.0232436 -0.0402098 0.998921 -0.25646
210 222 1569 0.999936 -0.00867208 0.00720841 0.871076 0.0084441 0.999481 0.0310779 -0.0986149 -0.00747418 -0.031015 0.999491 -0.481146
210 223 1237 0.999569 -0.0144203 0.0255722 0.749075 0.0137833 0.999595 0.0249154 -0.00249419 -0.0259211 -0.0245522 0.999362 -0.66248
210 224 1598 0.999857 -0.000345829 -0.0169278 0.911647 0.000983818 0.999289 0.0376951 -0.159333 0.0169027 -0.0377063 0.999146 -0.37883
225 226 291 0.999982 0.00587623 -0.00117752 0.15116 -0.00586258 0.999919 0.0112793 -0.988485 0.00124371 -0.0112722 0.999936 -0.00697115
225 227 155 0.999956 0.00844265 0.00410921 0.458725 -0.00841328 0.999939 -0.00711283 -0.0224827 -0.00416901 0.00707795 0.999966 -0.888294
225 228 447 0.999665 0.0255927 0.00385925 0.57618 -0.025577 0.999665 -0.00408732 -0.353909 -0.00396256 0.00398724 0.999984 -0.736726
225 229 869 0.999916 0.0129938 0.000179092 0.590978 -0.0129913 0.999863 -0.0102393 0.153458 -0.000312115 0.0102361 0.999948 -0.791957
225 230 581 0.999842 0.0176028 0.00238566 0.578644 -0.0175897 0.999831 -0.00540854 -0.066404 -0.00248046 0.00536572 0.999983 -0.812873
225 231 2090 0.999315 0.026326 -0.025997 0.861321 -0.0262307 0.999648 0.00400224 -0.378551 0.0260932 -0.00331758 0.999654 -0.338858
225 232 2015 0.999388 0.0236696 -0.0257391 0.933583 -0.0239708 0.999647 -0.011456 -0.178756 0.0254589 0.0120659 0.999603 -0.310594
225 233 614 0.999793 0.0196441 0.00537531 0.776715 -0.0195189 0.999558 -0.0224265 -0.13438 -0.00581348 0.0223169 0.999734 -0.61535
225 234 1537 0.999765 0.0152267 -0.0154335 0.883426 -0.0155858 0.999604 -0.023422 -0.144443 0.0150707 0.0236571 0.999607 -0.445752
225 235 1030 0.999908 0.0120266 -0.00620283 0.845296 -0.0121921 0.999551 -0.0273733 -0.164435 0.00587084 0.0274464 0.999606 -0.508366
225 236 1799 0.999481 0.0189547 -0.0260338 0.903342 -0.0194788 0.99961 -0.0200299 -0.295688 0.025644 0.0205266 0.99946 -0.310711
225 237 1895 0.998674 0.017841 -0.0482859 0.94954 -0.0189823 0.999549 -0.0232816 -0.192326 0.0478488 0.0241674 0.998562 -0.24776
225 238 1754 0.998921 0.0400196 -0.0235851 0.858213 -0.040437 0.999029 -0.0174934 -0.391467 0.0228622 0.0184282 0.999569 -0.332
225 239 1646 0.999058 0.0382304 -0.0205341 0.91 -0.0387159 0.998967 -0.0237885 -0.295368 0.0196034 0.0245611 0.999506 -0.290961
240 241 35 0.999982 0.00207982 -0.00563543 0.669956 -0.00208127 0.999998 -0.00025145 -0.537131 0.00563489 0.000263174 0.999984 0.512493
240 242 2223 0.99965 -0.000441369 -0.0264587 0.89984 0.000100484 0.999917 -0.0128836 0.204032 0.0264622 0.0128764 0.999567 0.385564
240 243 1240 0.999731 0.00927317 -0.0212688 0.946591 -0.00944191 0.999925 -0.00784701 -0.134673 0.0211944 0.00804571 0.999743 0.292964
240 244 1136 0.999716 0.0155295 -0.0181007 0.908998 -0.0156844 0.999841 -0.00844421 -0.222795 0.0179667 0.00872571 0.999801 0.352256
240 245 1944 0.999428 0.0136797 -0.030938 0.901833 -0.0142663 0.999721 -0.0188181 -0.0228151 0.0306719 0.0192487 0.999344 0.431482
240 246 1570 0.999664 0.0126252 -0.0226226 0.939015 -0.0131035 0.999691 -0.0211216 -0.0534016 0.0223489 0.0214109 0.999521 0.339705
240 247 1404 0.999735 0.00536265 -0.0223717 0.955184 -0.00581149 0.999782 -0.020046 0.026959 0.0222593 0.0201707 0.999549 0.294783
240 248 1721 0.999504 0.0116673 -0.0292651 0.963772 -0.0120893 0.999825 -0.0142846 0.0294809 0.0290933 0.0146313 0.99947 0.265094
240 249 1243 0.999686 0.0220609 -0.0118468 0.919015 -0.0221205 0.999743 -0.00492139 -0.0723281 0.0117352 0.0051819 0.999918 0.38753
240 250 1454 0.99963 0.0200304 -0.0184136 0.931971 -0.0200833 0.999795 -0.00268779 -0.0244108 0.018356 0.0030566 0.999827 0.36171
240 251 1388 0.999664 0.0257002 -0.00347062 0.916486 -0.0256862 0.999662 0.00403041 -0.068028 0.00357303 -0.00393991 0.999986 0.39424
240 252 1529 0.999809 0.011796 -0.0155865 0.895957 -0.0118758 0.999917 -0.00503838 0.0609957 0.0155258 0.00522252 0.999866 0.439931
240 253 1365 0.999992 0.00206232 -0.00328068 0.878264 -0.00206325 0.999998 -0.000282278 0.0331214 0.00328009 0.000289045 0.999995 0.477027
240 254 1340 0.999991 -0.00105523 -0.00409933 0.902306 0.00104748 0.999998 -0.00189305 0.0428527 0.00410132 0.00188874 0.99999 0.42896
255 256 26 0.999985 -0.00535555 -0.00133399 0.946748 0.00535838 0.999983 0.00212353 -0.318639 0.0013226 -0.00213065 0.999997 0.0462298
255 257 585 0.999774 -0.0205377 -0.00543733 0.965728 0.0205471 0.999787 0.00166688 0.255571 0.00540194 -0.00177823 0.999984 0.0453168
255 258 1758 0.999782 -0.0195738 -0.00725235 0.874979 0.0196054 0.999798 0.00431471 0.0653851 0.00716643 -0.00445595 0.999964 0.479726
255 259 2052 0.999737 -0.0202848 -0.0107096 0.887941 0.0202756 0.999794 -0.000968201 0.111976 0.010727 0.000750804 0.999942 0.44612
255 260 1945 0.999705 -0.0208404 -0.012485 0.906955 0.0208149 0.999781 -0.0021678 0.138561 0.0125274 0.00190729 0.99992 0.397786
255 261 2151 0.999654 -0.0214754 -0.0151605 0.869355 0.021336 0.999729 -0.00929841 0.224286 0.015356 0.00897173 0.999842 0.440362
255 262 1873 0.999666 -0.0229296 -0.0119487 0.882145 0.0228719 0.999726 -0.00494861 0.159022 0.0120589 0.00467367 0.999916 0.44332
255 263 1823 0.999623 -0.0224623 -0.0157656 0.834465 0.022561 0.999727 0.00610595 0.0720145 0.0156241 -0.00645934 0.999857 0.546336
255 264 1969 0.998854 -0.0292032 -0.0379175 0.885721 0.0290356 0.999566 -0.00496148 0.182142 0.038046 0.00385484 0.999269 0.426993
255 265 1916 0.999246 -0.0259716 -0.0288766 0.833456 0.0259822 0.999662 -1.0438e-05 0.0916064 0.0288671 -0.000739847 0.999583 0.54494
255 266 1878 0.998217 -0.0306604 -0.0512155 0.853706 0.0302687 0.999506 -0.00840597 0.162704 0.0514479 0.00684075 0.998652 0.494685
255 267 1797 0.9987 -0.0291558 -0.041815 0.828336 0.0291561 0.999575 -0.000603138 0.061839 0.0418148 -0.00061681 0.999125 0.556808
255 268 1760 0.998708 -0.03028 -0.0408196 0.807996 0.0301683 0.999539 -0.00334952 0.0566436 0.0409022 0.00211373 0.999161 0.586458
255 269 1704 0.998614 -0.0297425 -0.0434334 0.798952 0.0295989 0.999554 -0.00394537 0.0384421 0.0435314 0.00265432 0.999049 0.600165
270 271 523 0.999994 0.00324493 0.00107805 0.193527 -0.00324589 0.999994 0.000894121 0.020171 -0.00107514 -0.000897615 0.999999 0.980888
270 272 1054 0.999904 0.0124841 -0.00602136 0.761743 -0.0124354 0.99989 0.00806916 -0.342563 0.00612144 -0.0079935 0.999949 0.549907
270 273 1718 0.999928 0.011538 -0.00339358 0.769601 -0.0115267 0.999928 0.00330518 -0.0799185 0.00343147 -0.00326583 0.999989 0.633504
270 274 2030 0.99993 0.0108781 -0.00468266 0.694214 -0.010853 0.999927 0.0053564 -0.123354 0.00474058 -0.0053052 0.999975 0.709119
270 275 1930 0.999926 0.0102967 -0.00648195 0.644414 -0.0102476 0.999919 0.00756205 -0.15557 0.00655929 -0.00749506 0.99995 0.748685
270 276 1930 0.999883 0.00804014 -0.0130124 0.733471 -0.00796059 0.999949 0.00615365 -0.0643069 0.0130612 -0.00604934 0.999896 0.676672
270 277 1852 0.999909 0.0103739 -0.00859386 0.717228 -0.0103207 0.999928 0.00620113 -0.0768299 0.00865757 -0.00611187 0.999944 0.69259
270 278 1911 0.999727 0.0120777 -0.020002 0.771656 -0.0119413 0.999905 0.00692921 -0.076104 0.0200838 -0.00668847 0.999776 0.631471
270 279 1679 0.999829 0.0131022 -0.0130643 0.753725 -0.01293 0.99983 0.0131767 -0.107869 0.0132347 -0.0130055 0.999828 0.648277
270 280 1636 0.999761 0.0212079 -0.00526912 0.722574 -0.0211105 0.999617 0.0178893 -0.139022 0.0056465 -0.0177738 0.999826 0.67717
270 281 1697 0.99972 0.0229197 -0.00595414 0.741895 -0.0228285 0.999628 0.0149532 -0.134683 0.00629465 -0.014813 0.99987 0.656851
270 282 1384 0.999625 0.0270337 0.00440576 0.70282 -0.0271109 0.999461 0.0185328 -0.154383 -0.00390237 -0.0186453 0.999819 0.694414
270 283 1553 0.999728 0.0232184 -0.00232234 0.740588 -0.0231784 0.999604 0.0159695 -0.103572 0.00269221 -0.0159113 0.99987 0.663929
270 284 1459 0.999741 0.0224481 0.00384084 0.686042 -0.0225088 0.999609 0.0165749 -0.138601 -0.00346726 -0.016657 0.999855 0.714238
285 286 252 0.999999 0.00133132 9.33028e-05 0.608357 -0.00133079 0.999984 -0.00541562 0.182918 -0.000100511 0.00541549 0.999985 0.772297
285 287 966 0.999999 0.00122645 0.00107223 0.600166 -0.00122137 0.999988 -0.00472789 -0.281216 -0.00107802 0.00472658 0.999988 0.748812
285 288 1642 0.999995 0.00193728 -0.00237815 0.864145 -0.00195567 0.999968 -0.00775517 -0.121474 0.00236305 0.00775979 0.999967 0.488361
285 289 2009 0.999999 0.00141461 -0.000756631 0.748953 -0.0014199 0.999974 -0.00704225 -0.220009 0.00074665 0.00704331 0.999975 0.625033
285 290 2135 0.999923 0.00852438 -0.00899389 0.799082 -0.0086287 0.999895 -0.0116251 -0.195323 0.00889385 0.0117018 0.999892 0.56861
285 291 1947 0.999885 0.0150664 -0.00179783 0.759806 -0.0150869 0.999815 -0.0119548 -0.248933 0.00161738 0.0119806 0.999927 0.600606
285 292 2103 0.999767 0.0136262 -0.0167531 0.872323 -0.0139019 0.999768 -0.0164469 -0.128978 0.0165251 0.0166759 0.999724 0.471612
285 293 1999 0.999757 0.0180012 -0.0127064 0.798778 -0.018174 0.999742 -0.013618 -0.250792 0.0124579 0.0138457 0.999827 0.546861
285 294 1917 0.999645 0.0222265 -0.0147002 0.809064 -0.0224347 0.999648 -0.0141498 -0.308615 0.0143806 0.0144746 0.999792 0.500172
285 295 1879 0.999364 0.024538 -0.025881 0.874056 -0.0249817 0.999544 -0.0169631 -0.202503 0.025453 0.0175989 0.999521 0.441609
285 296 1642 0.999204 0.0335375 -0.0215853 0.834822 -0.0340051 0.999187 -0.0216687 -0.210165 0.0208411 0.0223855 0.999532 0.508825
285 297 1764 0.998673 0.0428877 -0.0285066 0.872538 -0.0433978 0.998904 -0.0175227 -0.280753 0.0277239 0.0187366 0.99944 0.399819
285 298 1702 0.998577 0.044785 -0.0289607 0.825835 -0.0453031 0.99882 -0.0174872 -0.216886 0.0281434 0.0187743 0.999428 0.520535
285 299 1641 0.998159 0.0468612 -0.0385063 0.833438 -0.0476143 0.998687 -0.0188785 -0.220189 0.0375711 0.0206772 0.99908 0.506851
300 301 108 0.999994 -0.00310582 0.00151381 0.152819 0.00310527 0.999995 0.000369855 0.309628 -0.00151495 -0.000365152 0.999999 -0.938497
300 302 248 0.999991 -0.00421817 -0.000417688 -0.0670509 0.00421824 0.999991 0.000149979 -0.324357 0.000417052 -0.00015174 1 0.943555
300 303 63 0.999963 0.00215252 -0.00833799 -0.701924 -0.00216591 0.999996 -0.00159759 0.183187 0.00833452 0.00161559 0.999964 -0.688291
300 304 435 0.999844 -0.00135188 -0.0176071 0.965418 0.00134601 0.999999 -0.000345476 -0.0302478 0.0176076 0.000321723 0.999845 0.258948
300 305 2203 0.999341 -6.8787e-05 -0.0363055 0.965602 -0.000152049 0.999982 -0.0060799 0.172503 0.0363053 0.00608141 0.999322 0.194564
300 306 2124 0.999219 0.000838276 -0.0395097 0.972645 -0.0010621 0.999984 -0.00564437 0.151427 0.0395043 0.00568192 0.999203 0.17616
300 307 1781 0.999408 0.0141022 -0.0313779 0.963397 -0.013958 0.999891 0.00481156 -0.0601578 0.0314423 -0.00437074 0.999496 0.261242
300 308 1970 0.999212 0.0132242 -0.0374119 0.953119 -0.0132045 0.999913 0.000772392 0.0527823 0.0374188 -0.000277779 0.9993 0.297957
300 309 2033 0.99786 0.0154199 -0.0635472 0.981487 -0.0157274 0.999867 -0.00434209 0.10697 0.0634718 0.00533223 0.997969 0.158874
300 310 1523 0.999286 0.0162952 -0.0340888 0.951624 -0.0160418 0.999842 0.00769183 -0.0478638 0.0342087 -0.00713949 0.999389 0.303514
300 311 1905 0.998205 0.0163922 -0.0575967 0.976935 -0.0159625 0.999841 0.00791263 -0.0146704 0.0577172 -0.00697904 0.998309 0.213032
300 312 1668 0.99888 0.0170863 -0.0441145 0.985769 -0.0166861 0.999816 0.00942425 -0.014269 0.0442674 -0.0086776 0.998982 0.167499
300 313 1705 0.997439 0.0217893 -0.0681155 0.987894 -0.0211283 0.999723 0.0104106 0.0113476 0.0683234 -0.0089448 0.997623 0.154712
300 314 1348 0.997523 0.0348297 -0.0611081 0.96977 -0.0339379 0.999303 0.0155715 -0.0601066 0.0616078 -0.0134591 0.99801 0.236503
315 316 1970 0.999979 0.00397545 -0.00518509 0.306723 -0.00388998 0.999858 0.0163917 -0.94726 0.00524951 -0.0163712 0.999852 0.0928461
315 317 122 0.999929 0.00608758 -0.0102491 0.965258 -0.00616284 0.999954 -0.00732741 -0.124915 0.010204 0.00739005 0.999921 -0.229507
315 318 696 0.999826 0.00690719 -0.0173262 0.964133 -0.00704177 0.999945 -0.00771841 -0.201655 0.017272 0.00783907 0.99982 -0.172576
315 319 1049 0.999736 0.00583195 -0.022219 0.999352 -0.00615626 0.999875 -0.0145555 0.0354181 0.0221314 0.0146884 0.999647 -0.00641014
315 320 489 0.999691 0.0195745 -0.0152961 0.961164 -0.01977 0.999723 -0.0127343 -0.183942 0.0150426 0.0130328 0.999802 -0.205738
315 321 549 0.999655 0.0219698 -0.0143966 0.929256 -0.0222319 0.999585 -0.0183073 0.0423088 0.0139884 0.018621 0.999729 -0.367006
315 322 1386 0.998647 0.036461 -0.0370848 0.989424 -0.0371796 0.99913 -0.0188746 -0.0275374 0.0363644 0.0202279 0.999134 -0.142417
315 323 1481 0.997639 0.0427668 -0.0537354 0.99101 -0.0439409 0.998816 -0.0208598 0.0849036 0.0527797 0.0231718 0.998337 -0.103398
