0 1 50 0.999998 -0.00191299 0.000356437 -0.229196 0.0019123 0.999996 0.00190907 -0.490643 -0.000360088 -0.00190839 0.999998 0.840677
0 2 50 0.999993 -0.00366591 0.000816717 -0.618567 0.00366346 0.999989 0.00297978 -0.223255 -0.000827631 -0.00297677 0.999995 0.753347
0 3 24 0.999999 -0.00106917 -0.00021393 0.0420407 0.00106904 0.999999 -0.000605107 0.887546 0.000214577 0.000604878 1 0.458798
0 4 98 0.999991 -0.00411433 0.000596578 -0.401907 0.00411222 0.999985 0.00349853 -0.342849 -0.000610963 -0.00349604 0.999994 0.849073
0 5 74 0.999988 -0.00495924 0.000264755 -0.275594 0.00495875 0.999986 0.00181132 0.270275 -0.000273734 -0.00180998 0.999998 0.922496
0 6 78 0.999994 -0.00346382 -0.000296787 0.145212 0.0034645 0.999991 0.00232322 -0.0427935 0.000288737 -0.00232424 0.999997 -0.988475
0 7 89 0.99999 -0.00424795 -0.00130788 0.416808 0.00425188 0.999986 0.00301267 -0.108386 0.00129507 -0.00301821 0.999995 0.90251
0 8 97 0.999989 -0.00460853 -0.00126038 0.325923 0.00461106 0.999987 0.00201625 0.040865 0.00125107 -0.00202204 0.999997 0.944513
0 9 40 0.999976 -0.00414278 -0.00560431 0.906183 0.00415879 0.999987 0.00284716 -0.0145423 0.00559245 -0.0028704 0.99998 0.422636
0 10 93 0.999989 -0.0031088 -0.00347363 0.281692 0.00312024 0.99999 0.00329296 -0.0553722 0.00346335 -0.00330377 0.999989 0.957906
0 11 840 0.99983 0.000564722 -0.018428 0.941348 -0.000492515 0.999992 0.00392264 -0.0935281 0.01843 -0.0039129 0.999822 0.324218
0 12 49 0.999969 0.00118161 -0.0078274 0.886198 -0.0011685 0.999998 0.00167809 0.00798079 0.00782936 -0.00166889 0.999968 0.463237
0 13 53 0.999949 0.0052942 -0.00857218 0.880345 -0.00527581 0.999984 0.00216658 0.134737 0.00858351 -0.00212124 0.999961 0.454795
0 14 142 0.999958 0.00877258 0.00260566 0.0125406 -0.00878186 0.999955 0.00357279 -0.0680518 -0.0025742 -0.00359553 0.99999 0.997603
15 16 87 0.999998 -0.000988945 -0.00174664 0.374163 0.000990112 0.999999 0.000667283 0.098578 0.00174598 -0.000669012 0.999998 -0.922109
15 17 29 1 0.000360861 -6.49144e-05 -0.882496 -0.000360791 0.999999 0.00107973 -0.0652629 6.5304e-05 -0.00107971 0.999999 0.46577
15 18 29 0.999982 0.00269944 -0.00544875 0.948447 -0.00268582 0.999993 0.00250573 -0.29021 0.00545548 -0.00249105 0.999982 0.12738
15 19 41 0.999956 0.00455743 -0.00814792 0.907733 -0.00456147 0.999989 -0.000476749 0.288226 0.00814566 0.000513894 0.999967 0.304871
15 20 64 0.999933 0.00648374 -0.00954712 0.932124 -0.00645723 0.999975 0.00280438 -0.0204544 0.00956507 -0.00274254 0.99995 0.361561
15 21 56 0.999952 0.00678431 -0.00701706 0.936299 -0.00675213 0.999967 0.00460011 -0.230582 0.00704804 -0.00455251 0.999965 0.264907
15 22 188 0.999987 0.00493493 0.00148369 -0.547723 -0.00494091 0.99998 0.00405807 0.294711 -0.00146363 -0.00406535 0.999991 -0.783036
15 23 2085 0.999795 0.00662647 -0.0191538 0.876714 -0.00670297 0.99997 -0.00393295 0.228175 0.0191272 0.00406053 0.999809 0.423448
15 24 1405 0.999839 0.00359274 -0.0175594 0.98796 -0.00349165 0.999977 0.00578417 -0.0986045 0.0175798 -0.00572193 0.999829 0.119217
15 25 1854 0.999832 0.0039984 -0.0178625 0.94264 -0.00392013 0.999983 0.00441463 0.0459982 0.0178799 -0.00434386 0.999831 0.330628
15 26 678 0.999923 0.00342076 -0.0119609 0.862625 -0.00334345 0.999973 0.00647738 -0.215743 0.0119827 -0.00643689 0.999907 0.457529
15 27 1792 0.999843 0.00293913 -0.0174652 0.940486 -0.00278903 0.999959 0.00861245 -0.259665 0.0174898 -0.00856239 0.99981 0.219227
15 28 1969 0.999783 0.00383142 -0.0204621 0.894688 -0.00371152 0.999976 0.00589419 -0.174597 0.0204842 -0.00581696 0.999773 0.411157
15 29 1696 0.999895 0.00266436 -0.0142105 0.885046 -0.00262966 0.999994 0.00245987 -0.169747 0.014217 -0.00242224 0.999896 0.43345
30 31 72 0.999999 -0.000611458 0.000833937 0.178867 0.00061526 0.999989 -0.00456542 -0.228139 -0.000831136 0.00456593 0.999989 -0.957058
30 32 27 0.999983 0.00496471 0.00306906 0.356659 -0.00495755 0.999985 -0.00233613 -0.732428 -0.00308061 0.00232088 0.999993 -0.579951
30 33 178 0.999966 -0.00255145 -0.00781356 0.925476 0.00254365 0.999996 -0.00100801 -0.285134 0.0078161 0.000988103 0.999969 0.249386
30 34 54 0.999993 -0.00376286 -0.000671269 0.977443 0.00375464 0.999923 -0.0118521 0.0449818 0.000715815 0.0118495 0.99993 0.206355
30 35 57 0.999919 0.0043608 0.0119462 0.44964 -0.00421432 0.999916 -0.0122601 -0.424559 -0.0119986 0.0122088 0.999853 -0.785858
30 36 119 0.999895 0.00186538 0.0143795 0.452469 -0.00169629 0.999929 -0.0117624 -0.185496 -0.0144004 0.0117368 0.999827 -0.872275
30 37 40 0.999964 -0.00556189 0.00642756 0.989102 0.00563111 0.999926 -0.0108015 -0.133564 -0.00636701 0.0108373 0.999921 -0.0619442
30 38 223 0.999797 -0.00546395 0.0193915 -0.302173 0.00563513 0.999946 -0.00878378 -0.0441018 -0.0193424 0.00889127 0.999773 0.952232
30 39 124 0.999944 -0.00740022 0.00762556 0.969158 0.00743046 0.999965 -0.00394485 -0.239385 -0.00759609 0.00400129 0.999963 -0.0585491
30 40 404 0.999872 -0.0126427 0.00979182 0.925908 0.0126801 0.999913 -0.00376742 0.0220229 -0.00974333 0.0038911 0.999945 -0.377106
30 41 2169 0.999923 -0.00795335 -0.00947718 0.997717 0.00797932 0.999965 0.00270517 -0.00907794 0.00945533 -0.00278059 0.999951 0.0669268
30 42 406 0.99989 -0.00621965 0.0134784 0.971664 0.00618772 0.999978 0.00240962 -0.18102 -0.0134931 -0.00232595 0.999906 0.151991
30 43 648 0.999932 -0.00756839 0.0088963 0.995691 0.00761019 0.99996 -0.00467404 0.083824 -0.00886057 0.00474142 0.99995 0.0396524
30 44 58 0.999777 -0.0103068 0.0184489 0.956331 0.0103327 0.999946 -0.00130814 0.0425914 -0.0184344 0.00149848 0.999829 -0.289167
45 46 48 0.99997 0.00776876 -0.00074343 0.0111709 -0.00776628 0.999964 0.00329324 -0.372916 0.000768988 -0.00328736 0.999994 -0.927798
45 47 23 0.999776 0.0210026 0.00260947 -0.0424101 -0.0210221 0.999749 0.00768391 -0.911503 -0.00244743 -0.00773704 0.999967 -0.409102
45 48 1362 0.999824 0.0144217 -0.0119737 0.959178 -0.0143243 0.999864 0.00818057 0.280646 0.01209 -0.00800762 0.999895 0.0348704
45 49 105 0.999706 0.0227486 0.00833607 0.217102 -0.0228831 0.999604 0.0163995 -0.0373352 -0.0079597 -0.0165855 0.999831 -0.975435
45 50 48 0.999797 0.0193552 -0.00558373 0.939639 -0.0192711 0.999706 0.0147394 0.33621 0.00586737 -0.0146288 0.999876 -0.0635729
45 51 96 0.99977 0.0190667 -0.00985663 0.70765 -0.0189091 0.999696 0.0158428 0.0557794 0.0101557 -0.0156528 0.999826 0.704358
45 52 1860 0.999484 0.0210572 -0.0242571 0.894508 -0.0209203 0.999764 0.00588395 0.339683 0.0243753 -0.00537345 0.999688 0.290639
45 53 428 0.999594 0.0202793 -0.0199902 0.822295 -0.0200688 0.999742 0.0106723 -0.046173 0.0202014 -0.0102668 0.999743 0.567185
45 54 433 0.999231 0.0282613 -0.0271975 0.949905 -0.0282513 0.999601 0.000748356 0.256089 0.0272078 2.05873e-05 0.99963 0.179164
45 55 1877 0.998772 0.0288557 -0.0402792 0.966852 -0.0289118 0.999582 -0.000811386 0.165354 0.0402389 0.00197493 0.999188 0.194563
45 56 1706 0.998802 0.0286884 -0.0396455 0.983591 -0.02879 0.999583 -0.00199277 0.172447 0.0395718 0.00313177 0.999212 0.0530128
45 57 1819 0.99833 0.0292634 -0.0498011 0.982744 -0.029408 0.999565 -0.00217143 0.0331753 0.0497159 0.00363235 0.998757 0.18197
45 58 1909 0.997669 0.0303771 -0.0610973 0.994782 -0.0303923 0.999538 0.000681031 -0.0765776 0.0610898 0.00117744 0.998132 -0.0674204
45 59 1869 0.997771 0.0281314 -0.0605116 0.999037 -0.0283614 0.999593 -0.0029462 0.0418473 0.0604041 0.00465583 0.998163 0.0132045
60 61 56 0.999983 -0.00282744 -0.00502715 0.753109 0.00282454 0.999996 -0.000582054 0.441451 0.00502877 0.000567845 0.999987 -0.487799
60 62 79 0.999995 0.0012783 -0.00285379 0.666361 -0.00126287 0.999985 0.00540304 0.372315 0.00286065 -0.00539941 0.999981 -0.646022
60 63 520 0.999942 0.00461947 -0.00972083 0.975079 -0.00454486 0.99996 0.00768319 0.15029 0.00975594 -0.00763857 0.999923 0.163201
60 64 1739 0.999908 0.0102735 -0.00886791 0.974722 -0.0101901 0.999904 0.00939417 -0.0671069 0.00896357 -0.00930294 0.999917 0.213104
60 65 153 0.999924 0.00995614 0.00721568 0.995586 -0.00999708 0.999934 0.00565946 -0.0616609 -0.00715886 -0.00573116 0.999958 0.0707577
60 66 207 0.999949 0.00762008 0.00670044 0.973351 -0.00765066 0.99996 0.00455046 -0.113016 -0.0066655 -0.00460149 0.999967 0.199535
60 67 140 0.999893 0.00350904 0.0141877 -0.991429 -0.00351607 0.999994 0.000470611 0.128951 -0.014186 -0.000520446 0.999899 -0.0209915
60 68 2127 0.99968 0.012494 -0.0219918 0.992138 -0.0125507 0.999918 -0.00243968 -0.0168969 0.0219595 0.00271492 0.999755 0.123999
60 69 1896 0.999849 0.0129521 -0.0115702 0.995548 -0.0129652 0.999915 -0.00105839 -0.0870163 0.0115555 0.00120824 0.999933 -0.0362315
60 70 2014 0.999755 0.0145593 -0.0166654 0.999145 -0.0145852 0.999893 -0.00143488 -0.0409305 0.0166427 0.0016776 0.99986 0.00586655
60 71 1996 0.99974 0.015773 -0.016456 0.996998 -0.0158481 0.999865 -0.00443937 0.0510582 0.0163837 0.00469901 0.999855 0.0582097
60 72 1868 0.999752 0.0204739 -0.00878124 0.99588 -0.0204525 0.999788 0.00252036 -0.0530393 0.00883098 -0.00234013 0.999958 -0.0735518
60 73 1980 0.999735 0.0204662 -0.0105665 0.976333 -0.0205182 0.999778 -0.00483932 0.00335499 0.0104651 0.00505485 0.999932 0.216246
60 74 1782 0.999838 0.0175652 0.00386527 0.98422 -0.0175406 0.999826 -0.0063046 -0.0475608 -0.00397534 0.00623578 0.999973 0.170438
75 76 106 0.999998 -0.000200609 -0.00187885 0.402427 0.000197586 0.999999 -0.00160853 0.0582981 0.00187917 0.00160815 0.999997 -0.913594
75 77 2120 0.999779 0.00561324 -0.0202765 0.648462 -0.00522672 0.999805 0.0190655 -0.738792 0.0203796 -0.0189553 0.999613 -0.18353
75 78 2014 0.999653 -0.00164323 -0.0262799 0.999653 0.0016446 0.999999 3.05033e-05 0.0258651 0.0262798 -7.37128e-05 0.999655 -0.00500418
75 79 1795 0.99986 0.00547699 -0.0158009 0.940074 -0.00541085 0.999976 0.00422542 -0.275113 0.0158237 -0.00413933 0.999866 -0.201431
75 80 404 0.999985 0.00367846 -0.00399013 0.924233 -0.00368804 0.99999 -0.00239563 0.00188427 0.00398128 0.00241031 0.999989 -0.381825
75 81 1820 0.999851 -0.000157737 -0.017237 0.977011 0.000185759 0.999999 0.00162412 0.00388445 0.0172367 -0.00162708 0.99985 -0.213153
75 82 1793 0.99974 -0.00588029 -0.0220491 0.999793 0.00590899 0.999982 0.00123693 0.0149694 0.0220414 -0.0013669 0.999756 0.013749
75 83 2122 0.998717 -0.00192978 -0.0505988 0.97827 0.00149857 0.999962 -0.0085587 0.149925 0.0506134 0.00847189 0.998682 0.143213
75 84 1860 0.999614 -0.00412528 -0.0274685 0.998278 0.00415523 0.999991 0.0010333 0.058427 0.027464 -0.00114704 0.999622 -0.00517854
75 85 2019 0.999125 -0.00172827 -0.0417768 0.999272 0.00192581 0.999987 0.00468859 0.0267374 0.0417682 -0.00476495 0.999116 0.0272161
75 86 1876 0.999075 -0.0016032 -0.0429613 0.995398 0.00180957 0.999987 0.00476506 0.0910115 0.0429531 -0.00483839 0.999065 0.0300113
75 87 1904 0.998617 0.000778953 -0.0525726 0.997359 -0.000147556 0.999928 0.0120128 0.0417505 0.0525782 -0.0119884 0.998545 0.0594348
75 88 1827 0.999045 0.00656981 -0.0431861 0.98771 -0.00587849 0.999853 0.0161156 0.0011304 0.0432857 -0.0158463 0.998937 0.156294
75 89 1805 0.999163 0.00688948 -0.0403332 0.976445 -0.00632214 0.99988 0.014177 0.0428108 0.040426 -0.0139102 0.999086 0.211478
90 91 778 0.999892 0.000529872 -0.0146647 0.98879 -0.000455989 0.999987 0.00504102 0.0964141 0.0146672 -0.00503379 0.99988 0.114012
90 92 83 0.999979 0.00511397 0.00400716 0.76716 -0.00516213 0.999913 0.0121008 -0.453901 -0.00394493 -0.0121213 0.999919 0.453255
90 93 1572 0.999937 0.0111987 3.26441e-05 0.931929 -0.0111985 0.999899 0.00877906 -0.0490928 6.56728e-05 -0.00877888 0.999961 0.359303
90 94 1672 0.999889 0.011421 0.00954974 0.695344 -0.0115485 0.999843 0.0134097 -0.250012 -0.00939509 -0.0135185 0.999864 0.673788
90 95 477 0.999793 0.0130465 0.0156335 0.771312 -0.0131914 0.999871 0.00919742 -0.347089 -0.0155115 -0.00940174 0.999835 0.533486
90 96 1834 0.999961 0.00877412 -0.000743351 0.841429 -0.00876982 0.999946 0.0055996 -0.128563 0.000792442 -0.00559287 0.999984 0.524852
90 97 1779 0.999931 0.00819653 -0.00839277 0.894341 -0.00812651 0.999932 0.00834326 -0.289336 0.00846059 -0.00827448 0.99993 0.34123
90 98 1724 0.999863 0.00456979 -0.015906 0.837133 -0.00450397 0.999981 0.00417151 -0.251628 0.0159247 -0.0040993 0.999865 0.485687
90 99 1706 0.999946 -0.000432278 -0.0104093 0.880636 0.000342851 0.999963 -0.00859137 -0.214552 0.0104126 0.00858733 0.999909 0.422431
90 100 1633 0.999975 0.000246701 -0.00708384 0.939124 -0.000337004 0.999919 -0.0127495 -0.175068 0.00708012 0.0127515 0.999894 0.295631
90 101 1626 0.999187 -0.0017779 -0.0402719 0.927638 0.00135254 0.999943 -0.0105868 -0.192626 0.0402885 0.0105237 0.999133 0.319972
90 102 1579 0.999509 -0.00646485 -0.0306695 0.943486 0.00581075 0.999755 -0.0213689 -0.180147 0.0308001 0.0211802 0.999301 0.278175
90 103 1525 0.999679 -0.0105479 -0.0230177 0.954944 0.0100331 0.999699 -0.0223679 -0.211995 0.0232467 0.0221298 0.999485 0.207701
90 104 1499 0.999962 -0.00827067 -0.00269742 0.956457 0.0081867 0.999523 -0.0297823 -0.214771 0.00294245 0.0297591 0.999553 0.197645
105 106 140 0.999986 0.00312734 0.00436766 0.270715 -0.00311636 0.999992 -0.00251714 -0.0581433 -0.0043755 0.0025035 0.999987 -0.960902
105 107 72 0.999933 0.00420691 0.0107641 0.523074 -0.0041238 0.999962 -0.00773221 -0.15261 -0.0107962 0.00768731 0.999912 -0.838513
105 108 259 0.999744 0.0104297 0.0200902 0.22269 -0.0102138 0.999889 -0.0108173 -0.16956 -0.0202008 0.0106093 0.99974 -0.960031
105 109 443 0.999911 0.00428506 0.0126074 0.750437 -0.00405809 0.99983 -0.0179741 0.0930324 -0.0126823 0.0179214 0.999759 -0.654362
105 110 1764 0.999971 0.0064784 0.00399501 0.851895 -0.00640256 0.999804 -0.0187134 0.136628 -0.00411546 0.0186873 0.999817 -0.505576
105 111 1808 0.999964 0.00538897 -0.00662428 0.897204 -0.00553808 0.999727 -0.0227008 0.181959 0.00650014 0.0227366 0.99972 -0.402387
105 112 1788 0.999908 0.0106022 -0.00850489 0.894805 -0.0106489 0.999928 -0.00547417 -0.246582 0.00844624 0.00556423 0.999949 -0.372185
105 113 1234 0.999862 0.0104609 0.0129207 0.611758 -0.0102707 0.999839 -0.0146999 -0.156114 -0.0130724 0.0145651 0.999808 -0.775487
105 114 1596 0.999957 0.00648278 -0.00655864 0.781995 -0.00660139 0.999812 -0.0182272 0.0670314 0.00643924 0.0182697 0.999812 -0.61967
105 115 1687 0.999697 0.0108619 -0.0220969 0.884104 -0.0110692 0.999896 -0.00928092 0.00569347 0.0219938 0.0095227 0.999713 -0.467256
105 116 1587 0.999806 0.0108343 0.0164416 0.627664 -0.010678 0.999897 -0.00956578 0.0399655 -0.0165435 0.00938836 0.999819 -0.777457
105 117 1521 0.999887 0.0135032 0.00658622 0.71611 -0.0134383 0.999862 -0.00980928 0.096081 -0.00671777 0.00971966 0.99993 -0.691342
105 118 1615 0.999877 0.0146046 -0.0056795 0.812826 -0.0146339 0.99988 -0.00514405 0.107589 0.00560369 0.00522653 0.999971 -0.572484
105 119 1567 0.999862 0.0165614 -0.00118495 0.761961 -0.016562 0.999863 -0.000543406 0.07877 0.00117578 0.000562956 0.999999 -0.642815
120 121 63 0.999997 0.00181652 0.00169238 0.289955 -0.00182276 0.999992 0.00369102 0.59479 -0.00168566 -0.00369409 0.999992 -0.749767
120 122 189 0.999955 0.00628004 0.00707561 0.0702102 -0.00637076 0.999897 0.012873 0.00952377 -0.00699404 -0.0129175 0.999892 -0.997487
120 123 1219 0.999906 0.0113186 -0.00776704 0.954006 -0.0112247 0.999865 0.0120196 0.0603566 0.00790203 -0.0119313 0.999898 -0.293648
120 124 404 0.999614 0.0189457 0.0202995 -0.168983 -0.0191712 0.999756 0.0109721 0.0329628 -0.0200867 -0.011357 0.999734 -0.985068
120 125 1705 0.999589 0.0277211 0.0072401 0.646774 -0.0277252 0.999615 0.000468628 0.359482 -0.00722432 -0.000669169 0.999974 -0.672649
120 126 1798 0.999499 0.0316623 -0.000423507 0.764429 -0.0316646 0.999467 -0.00787928 0.431152 0.000173806 0.00788874 0.999969 -0.47933
120 127 1806 0.999523 0.029873 -0.00778146 0.662063 -0.0299447 0.999509 -0.00926253 0.323832 0.00750093 0.00949113 0.999927 -0.675874
120 128 1765 0.999534 0.0298565 -0.00633982 0.573067 -0.0298782 0.999548 -0.00334886 0.234409 0.00623697 0.00353672 0.999974 -0.785268
120 129 1819 0.999188 0.0348061 -0.0202782 0.687231 -0.0350633 0.999307 -0.012467 0.337565 0.0198302 0.0131679 0.999717 -0.643244
120 130 1785 0.999272 0.0325706 -0.0198709 0.584539 -0.0327444 0.999428 -0.00848104 0.282169 0.0195833 0.00912552 0.999767 -0.76072
120 131 1760 0.99903 0.0323688 -0.0298545 0.579987 -0.0329226 0.999291 -0.0182496 0.396726 0.0292427 0.0192148 0.999388 -0.711494
120 132 1739 0.999032 0.0363141 -0.0248101 0.505858 -0.0363029 0.99934 0.000904102 0.208472 0.0248266 -2.54841e-06 0.999692 -0.837047
120 133 1648 0.999122 0.0370869 -0.019495 0.413122 -0.0370999 0.999312 -0.000305136 0.275798 0.0194703 0.00102813 0.99981 -0.867909
120 134 1636 0.998426 0.038787 -0.0405047 0.530626 -0.0391094 0.999209 -0.00719757 0.337007 0.0401935 0.00877036 0.999153 -0.777729
135 136 104 0.999999 0.00151606 -0.000500621 0.187134 -0.00151415 0.999992 0.00380221 0.206706 0.000506381 -0.00380145 0.999993 0.96034
135 137 82 0.999952 0.00316985 -0.00926071 0.647176 -0.00321799 0.999981 -0.00518814 0.660203 0.00924409 0.00521769 0.999944 -0.381177
135 138 131 0.99993 0.003154 -0.011424 0.558199 -0.00316118 0.999995 -0.000610259 0.433974 0.011422 0.000646329 0.999935 -0.707163
135 139 797 0.99988 0.00251639 -0.0152782 0.537332 -0.00246753 0.999992 0.00321568 0.308634 0.0152862 -0.00317759 0.999878 -0.784869
135 140 989 0.999854 0.00458108 -0.0164561 0.574191 -0.00450677 0.999979 0.00455024 0.33202 0.0164767 -0.00447541 0.999854 -0.748376
135 141 1664 0.999657 0.00904887 -0.0245887 0.6941 -0.00895408 0.999952 0.00396217 0.313338 0.0246234 -0.00374064 0.99969 -0.648108
135 142 1877 0.999215 0.00945931 -0.0384799 0.714476 -0.00965241 0.999942 -0.00483532 0.420475 0.0384319 0.00520294 0.999248 -0.559218
135 143 1830 0.999212 0.0116313 -0.0379606 0.635596 -0.0113516 0.999907 0.00757349 0.203203 0.0380451 -0.00713661 0.999251 -0.744799
135 144 1812 0.998217 0.0152007 -0.0577227 0.712466 -0.0159538 0.999793 -0.0126087 0.519188 0.0575191 0.0135071 0.998253 -0.472055
135 145 1751 0.998475 0.0185885 -0.0519794 0.675217 -0.0180897 0.999786 0.0100489 0.279853 0.0521551 -0.00909331 0.998598 -0.682469
135 146 1719 0.998124 0.0243059 -0.0561883 0.675783 -0.0238901 0.999682 0.0080587 0.390123 0.0563663 -0.00670124 0.998388 -0.625397
135 147 1701 0.99853 0.0295157 -0.0454592 0.527275 -0.0284282 0.999298 0.0243866 0.265757 0.0461471 -0.0230584 0.998668 -0.807065
135 148 1704 0.998133 0.037981 -0.0478275 0.571848 -0.0363595 0.998749 0.0343292 0.229001 0.0490716 -0.0325261 0.998266 -0.787749
135 149 1586 0.997593 0.0419508 -0.0552082 0.585848 -0.0401048 0.998612 0.0341311 0.308199 0.0565634 -0.0318348 0.997891 -0.74953
150 151 18 0.999886 0.0149382 0.00228847 0.193389 -0.0149676 0.999798 0.0134493 0.968333 -0.0020871 -0.013482 0.999907 -0.1579
150 152 309 0.999582 0.0289096 -0.000433397 0.500715 -0.0289082 0.999577 0.0030234 0.81224 0.000520619 -0.00300961 0.999995 0.299251
150 153 237 0.99977 0.0207633 0.00533702 0.0424712 -0.0208171 0.999731 0.0102263 0.136452 -0.00512325 -0.0103351 0.999933 -0.989736
150 154 643 0.999701 0.0204826 -0.0133874 0.441855 -0.0203886 0.999767 0.00712096 0.342672 0.0135301 -0.00684588 0.999885 -0.82906
150 155 504 0.99948 0.0221435 -0.0234353 0.87249 -0.0219342 0.999718 0.00914788 0.424744 0.0236312 -0.00862909 0.999684 -0.241566
150 156 975 0.99916 0.0295761 -0.0283772 0.875809 -0.0292574 0.999505 0.0115823 0.380066 0.0287057 -0.0107423 0.99953 -0.297503
150 157 1115 0.999088 0.0318113 -0.0284755 0.766364 -0.0314852 0.999434 0.0118268 0.292153 0.0288356 -0.0109194 0.999525 -0.57213
150 158 592 0.999459 0.0319065 -0.00798623 0.14091 -0.0317516 0.999319 0.0188214 0.156055 0.00858132 -0.0185577 0.999791 -0.977646
150 159 1094 0.998823 0.0363692 -0.0320771 0.620121 -0.0358539 0.999221 0.0164974 0.199577 0.0326521 -0.0153279 0.999349 -0.758695
150 160 1326 0.997319 0.0348463 -0.0643466 0.782373 -0.0354979 0.999329 -0.00901099 0.448913 0.0639894 0.011271 0.997887 -0.431705
150 161 1284 0.997267 0.0400352 -0.0620874 0.735869 -0.0398538 0.999197 0.00415701 0.330291 0.0622039 -0.00167124 0.998062 -0.591105
150 162 1206 0.997695 0.0420641 -0.0532503 0.570723 -0.0411697 0.998994 0.0177843 0.214684 0.0539448 -0.015551 0.998423 -0.792581
150 163 1203 0.996867 0.0437982 -0.0658559 0.626262 -0.0428946 0.998966 0.0150731 0.279603 0.066448 -0.0122011 0.997715 -0.727748
150 164 1228 0.99496 0.0508786 -0.0864083 0.769828 -0.0496891 0.998639 0.0158629 0.282162 0.0870978 -0.0114894 0.996134 -0.572495
165 166 85 0.999982 0.00431442 -0.00428167 0.306393 -0.00428564 0.999968 0.00670949 -0.0631582 0.00431048 -0.00669101 0.999968 -0.949807
165 167 60 0.999861 0.0112563 -0.0123299 0.786594 -0.0111925 0.999924 0.00523528 0.381078 0.0123879 -0.00509655 0.99991 -0.485849
165 168 258 0.999748 0.0127286 -0.0185069 0.708891 -0.0126399 0.999908 0.00490224 0.371902 0.0185676 -0.00466708 0.999817 -0.599302
165 169 1524 0.99955 0.015473 -0.0257161 0.598309 -0.0153712 0.999873 0.00415026 0.329242 0.0257771 -0.0037531 0.999661 -0.730497
165 170 1587 0.999459 0.0180126 -0.0275117 0.527155 -0.0177925 0.999808 0.00822498 0.181328 0.0276546 -0.00773103 0.999588 -0.830197
165 171 2062 0.998085 0.021338 -0.058056 0.77582 -0.0222843 0.999628 -0.0156999 0.533067 0.0576994 0.0169636 0.99819 -0.337555
165 172 1942 0.998521 0.0249772 -0.0482888 0.768038 -0.0247238 0.999677 0.0058392 0.229888 0.048419 -0.00463669 0.998816 -0.59772
165 173 1882 0.998664 0.0213753 -0.0470439 0.545728 -0.0213403 0.999771 0.00124562 0.304904 0.0470598 -0.000240029 0.998892 -0.780522
165 174 2014 0.997852 0.0213501 -0.0619311 0.652796 -0.0212258 0.999771 0.00266471 0.295822 0.0619738 -0.00134445 0.998077 -0.697386
165 175 1868 0.99793 0.0294404 -0.0571787 0.585085 -0.0288261 0.999518 0.0115379 0.225116 0.0574908 -0.00986575 0.998297 -0.779101
165 176 1789 0.99799 0.0327571 -0.0542476 0.5306 -0.0325989 0.999461 0.0037993 0.328709 0.0543428 -0.00202325 0.99852 -0.78129
165 177 1811 0.996947 0.0476283 -0.0618807 0.608903 -0.0472318 0.998853 0.00785423 0.244305 0.0621838 -0.00490751 0.998053 -0.754687
165 178 1851 0.995312 0.0575777 -0.0777035 0.703428 -0.0577485 0.998331 4.87867e-05 0.281698 0.0775767 0.00443871 0.996977 -0.65256
165 179 1834 0.993137 0.0585243 -0.101264 0.770483 -0.0617638 0.997665 -0.0291541 0.430365 0.0993215 0.0352084 0.994432 -0.470256
180 181 87 0.999953 0.00362876 -0.00898924 0.90889 -0.00366671 0.999984 -0.00420838 0.416275 0.00897383 0.00424114 0.999951 -0.0251797
180 182 574 0.999898 0.0107612 -0.00939931 0.782545 -0.010884 0.999855 -0.0131124 0.578164 0.00925684 0.0132134 0.99987 -0.230978
180 183 952 0.999888 0.0149366 -0.000732886 0.396048 -0.0149438 0.999828 -0.0110063 0.238469 0.000568362 0.0110161 0.999939 -0.886723
180 184 1564 0.999857 0.0163724 -0.00421564 0.434397 -0.0164298 0.999768 -0.0139643 0.258642 0.00398603 0.0140316 0.999894 -0.862788
180 185 2239 0.999726 0.0179467 -0.0150291 0.611121 -0.0182153 0.999673 -0.017925 0.270991 0.0147025 0.0181938 0.999726 -0.743703
180 186 2256 0.999293 0.0253959 -0.0277171 0.755955 -0.0259572 0.999461 -0.0200817 0.273366 0.0271922 0.020787 0.999414 -0.594814
180 187 2224 0.998965 0.0266957 -0.0368405 0.751477 -0.0279525 0.99903 -0.0340296 0.391628 0.0358963 0.0350241 0.998742 -0.530952
180 188 2128 0.999165 0.0336838 -0.0231161 0.589125 -0.0341958 0.99917 -0.0221235 0.173153 0.0223517 0.0228955 0.999488 -0.789272
180 189 2074 0.998174 0.0241833 -0.0553459 0.73511 -0.0269479 0.998397 -0.0497631 0.467504 0.0540537 0.0511637 0.997226 -0.490972
180 190 1987 0.998578 0.0263762 -0.0463267 0.656671 -0.0276709 0.999238 -0.0275309 0.244475 0.0455653 0.0287737 0.998547 -0.713453
180 191 1969 0.998208 0.0227233 -0.0553656 0.660114 -0.0246697 0.999092 -0.0347299 0.295392 0.0545261 0.0360335 0.997862 -0.690647
180 192 1986 0.996504 0.0244297 -0.079897 0.774323 -0.0275568 0.998887 -0.0382728 0.261096 0.0788731 0.0403407 0.996068 -0.576414
180 193 1927 0.99619 0.0263588 -0.083131 0.730472 -0.0298675 0.998702 -0.0412495 0.273704 0.0819358 0.0435752 0.995685 -0.625697
180 194 1850 0.997362 0.0296397 -0.0662577 0.592724 -0.0312769 0.999227 -0.0238105 0.122336 0.0655008 0.02582 0.997518 -0.79606
195 196 157 0.999958 -0.00624133 -0.0066475 0.260114 0.00627519 0.999967 0.00508514 0.232324 0.00661555 -0.00512664 0.999965 -0.937212
195 197 1878 0.999336 -0.00488785 -0.0360964 0.958349 0.00552501 0.99983 0.0175728 -0.0163289 0.0360044 -0.0177606 0.999194 -0.285132
195 198 1927 0.998517 -0.0056225 -0.0541487 0.950829 0.00658084 0.999825 0.0175363 0.188307 0.0540406 -0.0178666 0.998379 -0.245894
195 199 1379 0.998998 -0.00584501 -0.0443826 0.754614 0.00718406 0.999522 0.0300712 0.0135 0.0441856 -0.0303599 0.998562 -0.65603
195 200 1780 0.996774 -0.00413153 -0.0801568 0.948588 0.00631068 0.999617 0.0269518 0.224245 0.0800147 -0.0273707 0.996418 -0.223373
195 201 1813 0.995813 0.0151932 -0.090144 0.947677 -0.00998357 0.998269 0.0579639 -0.266204 0.0908686 -0.0568212 0.994241 -0.17619
195 202 1820 0.995758 0.0117178 -0.091261 0.94479 -0.00819374 0.99921 0.0388941 0.00620518 0.0916446 -0.0379813 0.995067 -0.327617
195 203 1775 0.996635 0.0163205 -0.0803289 0.910872 -0.0125345 0.998797 0.0474119 -0.0350768 0.081006 -0.0462455 0.99564 -0.411196
195 204 1733 0.994076 0.0307216 -0.104251 0.933598 -0.0245123 0.997878 0.0603286 -0.171285 0.105883 -0.0574158 0.99272 -0.314732
195 205 1722 0.992554 0.0326867 -0.117341 0.946159 -0.0258849 0.997921 0.0590293 -0.175835 0.119027 -0.0555523 0.991336 -0.271783
195 206 1700 0.992402 0.0376696 -0.117127 0.943617 -0.0316255 0.998091 0.0530402 -0.124523 0.118901 -0.0489331 0.9917 -0.306727
195 207 1682 0.991835 0.0438003 -0.119771 0.918732 -0.0368911 0.997558 0.059309 -0.178612 0.122076 -0.0544063 0.991028 -0.352177
195 208 1656 0.994092 0.051897 -0.0953264 0.860214 -0.0467098 0.997345 0.055865 -0.186496 0.0979725 -0.0510823 0.993877 -0.474606
195 209 1648 0.987203 0.0541579 -0.14999 0.960824 -0.0461602 0.997346 0.056302 -0.144035 0.152641 -0.048658 0.987083 -0.236792
210 211 121 0.999977 0.00195824 0.00655602 0.405302 -0.00193851 0.999994 -0.00301397 0.102468 -0.00656188 0.00300119 0.999974 -0.908422
210 212 447 0.999994 0.0034048 -0.00101056 0.937467 -0.00341001 0.999981 -0.00520291 0.232315 0.000992824 0.00520632 0.999986 -0.259202
210 213 1864 0.999969 0.00519336 -0.00587406 0.885031 -0.00522165 0.999975 -0.00480974 0.130899 0.00584893 0.00484026 0.999971 -0.446751
210 214 1476 0.999989 0.00106339 0.00460025 0.779467 -0.00106887 0.999999 0.00118956 0.148008 -0.00459898 -0.00119446 0.999989 -0.608707
210 215 2049 0.999945 -0.00409484 -0.0096099 0.967071 0.00411465 0.999989 0.00204208 0.118051 0.00960144 -0.00208151 0.999952 -0.225471
210 216 1879 0.999979 0.00166251 -0.00629032 0.888949 -0.0015468 0.99983 0.0183545 -0.104556 0.00631977 -0.0183444 0.999812 -0.445912
210 217 1765 0.999949 -0.00850882 -0.00551468 0.905643 0.00861826 0.99976 0.0201356 0.00731963 0.00534202 -0.020182 0.999782 -0.423977
210 218 1265 0.999632 -0.0162138 0.0217697 0.736722 0.0156186 0.999507 0.0272386 0.00598375 -0.0222007 -0.0268886 0.999392 -0.676169
210 219 1354 0.999601 -0.02127 0.0185792 0.765923 0.0206602 0.999261 0.0324156 -0.00995264 -0.019255 -0.0320188 0.999302 -0.642856
210 220 1792 0.99988 -0.0151407 0.00315575 0.84598 0.0149944 0.999 0.0421216 -0.0876192 -0.00379034 -0.0420692 0.999108 -0.525967
210 221 1097 0.999189 -0.0209651 0.0343914 0.753761 0.0198565 0.999282 0.0322635 -0.0570575 -0.0350431 -0.0315545 0.998888 -0.654666
210 222 1814 0.999917 -0.00413187 -0.0122428 0.918232 0.00456642 0.999353 0.0356818 -0.127627 0.0120874 -0.0357347 0.999288 -0.374916
210 223 1841 0.999806 -0.00954159 -0.017206 0.912529 0.0100674 0.999477 0.0307363 -0.0744481 0.0169037 -0.0309036 0.999379 -0.402179
210 224 1844 0.999331 -0.00625876 -0.0360369 0.951306 0.00752459 0.999356 0.0350981 -0.099956 0.035794 -0.0353458 0.998734 -0.29159
225 226 372 0.999948 0.00581018 -0.00842703 0.83174 -0.00583771 0.999978 -0.00324645 -0.0144436 0.00840798 0.00329547 0.999959 -0.554978
225 227 292 0.999905 0.0128267 0.00499783 0.39748 -0.0128002 0.999904 -0.00528662 -0.105774 -0.00506516 0.00522215 0.999974 -0.911494
225 228 2291 0.999582 0.0178079 -0.0227614 0.931151 -0.0179593 0.999818 -0.00646133 -0.0615413 0.0226422 0.00686741 0.99972 -0.359403
225 229 1009 0.999502 0.0315487 -0.000162 0.565881 -0.0315471 0.999483 0.00621125 -0.571139 0.000357873 -0.00620305 0.999981 -0.594625
225 230 2216 0.99936 0.0283725 -0.0217724 0.787286 -0.0280362 0.999485 0.0155997 -0.551797 0.0222038 -0.0149794 0.999641 -0.275136
225 231 1210 0.999267 0.0378719 -0.00551406 0.650395 -0.0378518 0.999276 0.00371189 -0.578889 0.00565065 -0.00350045 0.999978 -0.491808
225 232 2157 0.999139 0.0209482 -0.0358036 0.969382 -0.0215106 0.99965 -0.0153934 -0.0556059 0.0354686 0.0161503 0.99924 -0.239179
225 233 1988 0.99951 0.0257397 -0.0177974 0.891604 -0.0259936 0.999561 -0.0141864 -0.230579 0.0174245 0.0146421 0.999741 -0.389711
225 234 2053 0.999455 0.0106262 -0.031247 0.98849 -0.0114814 0.999561 -0.0273183 -0.0284153 0.030943 0.0276622 0.999138 -0.148596
225 235 2027 0.999413 0.0146395 -0.0309641 0.945015 -0.0152548 0.999689 -0.0197276 -0.218069 0.0306657 0.0201884 0.999326 -0.243706
225 236 2094 0.99925 0.0169606 -0.0348159 0.918779 -0.0176312 0.999663 -0.0190433 -0.269058 0.0344812 0.0196429 0.999212 -0.288883
225 237 2062 0.998732 0.023497 -0.0445187 0.924891 -0.024393 0.999509 -0.019691 -0.218856 0.0440341 0.020752 0.998814 -0.310932
225 238 1940 0.999133 0.0303516 -0.0285056 0.91137 -0.031009 0.999256 -0.0229113 -0.283143 0.027789 0.0237753 0.999331 -0.298723
225 239 1513 0.999356 0.0326822 -0.0147829 0.901725 -0.0331122 0.999006 -0.0298461 -0.218494 0.0137928 0.0303164 0.999445 -0.373031
240 241 156 0.999997 -0.00233216 0.000659338 -0.23251 0.00233083 0.999995 0.00201217 -0.603753 -0.000664028 -0.00201062 0.999998 0.76251
240 242 1236 0.999777 0.00326251 -0.0208455 0.959632 -0.00340272 0.999972 -0.00669404 0.00572345 0.020823 0.00676348 0.99976 0.2812
240 243 1795 0.999631 0.00900277 -0.0256436 0.957676 -0.00920391 0.999928 -0.00773646 -0.119876 0.0255721 0.00796962 0.999641 0.2617
240 244 1872 0.999584 0.0104284 -0.0269032 0.92517 -0.0107949 0.99985 -0.013515 -0.0149946 0.0267582 0.0137998 0.999547 0.379257
240 245 2017 0.999492 0.0180605 -0.0262407 0.925338 -0.0184094 0.999744 -0.0131187 -0.166965 0.0259971 0.0135952 0.99957 0.3404
240 246 1396 0.999673 0.0186323 -0.017492 0.936908 -0.0189457 0.99966 -0.0179224 -0.167098 0.0171522 0.0182479 0.999686 0.307054
240 247 1050 0.999798 0.0166176 -0.011267 0.944849 -0.0167779 0.999757 -0.0142895 -0.130374 0.0110268 0.0144756 0.999834 0.300438
240 248 2013 0.999268 0.0112976 -0.0365531 0.958431 -0.0119413 0.999777 -0.0174405 0.0631364 0.0363479 0.0178642 0.99918 0.27825
240 249 1794 0.999634 0.020803 -0.0172729 0.926406 -0.0208962 0.999768 -0.00522995 -0.0699212 0.0171601 0.00558898 0.999837 0.369977
240 250 1629 0.999637 0.0203424 -0.0176676 0.93404 -0.0203998 0.999787 -0.00307851 -0.00807928 0.0176012 0.00343781 0.999839 0.357077
240 251 1583 0.999713 0.0199974 -0.0131587 0.925586 -0.02002 0.999798 -0.00158991 0.00892122 0.0131242 0.0018529 0.999912 0.378431
240 252 1612 0.999845 0.0138428 -0.0109006 0.90775 -0.0138704 0.999901 -0.00246378 0.0464246 0.0108654 0.00261459 0.999938 0.416936
240 253 1537 0.999966 0.00811992 -0.00158578 0.891881 -0.00811842 0.999967 0.000950658 0.0293449 0.00159344 -0.000937752 0.999998 0.451316
240 254 1600 1 0.000973447 6.29829e-05 0.89707 -0.000973425 0.999999 -0.000358659 0.0318513 -6.3332e-05 0.000358598 1 0.440739
255 256 37 0.999948 -0.0100222 -0.00171662 0.97644 0.0100228 0.99995 0.000333523 -0.0607289 0.00171319 -0.000350711 0.999998 0.207065
255 257 189 0.999819 -0.00906651 0.0167547 -0.777664 0.00900735 0.999953 0.00360324 0.2661 -0.0167866 -0.00345167 0.999853 0.569587
255 258 2320 0.999549 -0.02091 -0.0215729 0.854717 0.020664 0.99972 -0.0115666 0.373369 0.0218087 0.0111156 0.9997 0.36063
255 259 1579 0.999762 -0.0203957 -0.00774439 0.895387 0.0204156 0.999788 0.00250869 -0.0120486 0.00769158 -0.0026662 0.999967 0.445126
255 260 1938 0.99981 -0.0187154 -0.00536865 0.810526 0.018718 0.999825 0.000436022 0.0828798 0.00535955 -0.00053643 0.999985 0.57981
255 261 1945 0.999787 -0.0203974 -0.00304495 0.813991 0.0203911 0.99979 -0.00207351 0.125753 0.0030866 0.00201098 0.999993 0.567103
255 262 1877 0.999799 -0.0181225 -0.00859792 0.888436 0.0181134 0.999835 -0.0011344 0.0885698 0.00861706 0.000978434 0.999962 0.450374
255 263 1553 0.999707 -0.0227352 -0.00828301 0.839544 0.0227806 0.999726 0.00543642 0.0817389 0.00815714 -0.00562352 0.999951 0.537108
255 264 2143 0.999365 -0.0258493 -0.0245376 0.821865 0.025911 0.999662 0.00219922 0.114432 0.0244725 -0.00283361 0.999696 0.558071
255 265 2103 0.999284 -0.0242725 -0.0290245 0.835798 0.0243448 0.999701 0.00214213 0.0682139 0.0289639 -0.00284719 0.999576 0.544782
255 266 2035 0.998788 -0.0319738 -0.0374192 0.848832 0.0318423 0.999484 -0.00410445 0.150574 0.0375311 0.00290796 0.999291 0.506766
255 267 1963 0.998901 -0.0299812 -0.0360151 0.783434 0.0300327 0.999549 0.000890252 0.038866 0.0359722 -0.0019709 0.999351 0.620259
255 268 1925 0.998788 -0.031368 -0.0379185 0.786273 0.031258 0.999505 -0.00349079 0.0554808 0.0380093 0.00230131 0.999275 0.615383
255 269 1942 0.998715 -0.0294358 -0.0412532 0.801452 0.0293936 0.999567 -0.00162917 0.0142796 0.0412833 0.000414497 0.999147 0.597888
270 271 1991 0.999959 0.00369736 -0.00829281 0.526209 -0.00354925 0.999835 0.0178038 -0.728967 0.00835727 -0.0177736 0.999807 0.437848
270 272 792 0.999962 0.00872015 -0.000365166 0.571488 -0.00871858 0.999954 0.00409616 -0.208447 0.000400868 -0.00409282 0.999992 0.793695
270 273 1632 0.999906 0.0136571 -0.000929021 0.717553 -0.0136517 0.999891 0.00559388 -0.188141 0.00100532 -0.00558067 0.999984 0.670612
270 274 2142 0.99988 0.0146776 -0.00502503 0.701385 -0.014646 0.999873 0.00627805 -0.130379 0.00511653 -0.0062037 0.999968 0.700757
270 275 1821 0.999942 0.0104328 -0.00269685 0.593256 -0.010413 0.999919 0.0072514 -0.173291 0.00277229 -0.0072229 0.99997 0.786141
270 276 1936 0.999917 0.00873713 -0.00942211 0.751326 -0.00865823 0.999927 0.0083818 -0.120171 0.00949466 -0.00829952 0.99992 0.648898
270 277 2183 0.999862 0.00566717 -0.0156287 0.743989 -0.00557538 0.999967 0.00591032 -0.0710176 0.0156617 -0.00582236 0.99986 0.664407
270 278 1955 0.999851 0.011755 -0.0126247 0.740622 -0.0116393 0.99989 0.0092035 -0.109668 0.0127315 -0.00905519 0.999878 0.662911
270 279 1791 0.999786 0.0154192 -0.0138159 0.759663 -0.0152403 0.9998 0.0129571 -0.105873 0.0140129 -0.0127438 0.999821 0.64164
270 280 1726 0.99983 0.0183295 -0.00196372 0.678163 -0.0182957 0.999705 0.0159953 -0.116953 0.00225633 -0.0159567 0.99987 0.725546
270 281 1904 0.999734 0.0227785 -0.00359611 0.694688 -0.0227183 0.999614 0.0159804 -0.140502 0.00395874 -0.0158944 0.999866 0.705456
270 282 1691 0.999699 0.0243437 -0.00288164 0.735666 -0.0242951 0.999579 0.0158424 -0.112985 0.00326609 -0.0157676 0.99987 0.667855
270 283 1819 0.999717 0.0236689 -0.00228979 0.725938 -0.0236246 0.999563 0.0177646 -0.12001 0.00270925 -0.0177054 0.99984 0.677209
270 284 1825 0.999747 0.0224831 -0.000569401 0.715661 -0.0224706 0.999611 0.0165331 -0.133117 0.000940893 -0.0165161 0.999863 0.685645
285 286 374 0.999985 -0.0028687 0.00470126 0.352884 0.00286522 0.999996 0.000745815 -0.277073 -0.00470337 -0.000732333 0.999989 0.893702
285 287 2369 0.99986 0.00333709 -0.0164224 0.922072 -0.00340155 0.999987 -0.00389852 -0.211076 0.0164092 0.00395383 0.999858 0.324392
285 288 1158 0.999995 0.00299713 0.00100626 0.834586 -0.0029893 0.999966 -0.00768917 -0.169331 -0.00102927 0.00768613 0.99997 0.524206
285 289 1881 0.999987 0.00280176 0.00427772 0.620516 -0.00277649 0.999979 -0.00590139 -0.261069 -0.00429417 0.00588944 0.999973 0.739461
285 290 2280 0.999956 0.00585182 -0.00734961 0.777227 -0.00592008 0.999939 -0.00930081 -0.283498 0.00729474 0.00934391 0.99993 0.561736
285 291 2065 0.999859 0.0165455 -0.00283436 0.774545 -0.0165726 0.999814 -0.00982171 -0.300957 0.00267133 0.0098673 0.999948 0.556332
285 292 2072 0.999846 0.0175221 -0.00138785 0.726463 -0.0175364 0.999785 -0.0110938 -0.298694 0.00119317 0.0111165 0.999937 0.618897
285 293 2038 0.999862 0.0150831 -0.00694761 0.745583 -0.0151971 0.999746 -0.0166603 -0.211651 0.00669455 0.0167636 0.999837 0.63191
285 294 1996 0.999764 0.0180652 -0.0120636 0.730711 -0.0182832 0.999667 -0.0182101 -0.218234 0.0117306 0.0184264 0.999761 0.646866
285 295 2026 0.999458 0.0294144 -0.0147665 0.804076 -0.0296287 0.999456 -0.0145057 -0.263828 0.0143318 0.0149354 0.999786 0.532781
285 296 1928 0.998935 0.0357832 -0.0291195 0.833694 -0.0363734 0.999138 -0.0199969 -0.216891 0.0283788 0.0210347 0.999376 0.507852
285 297 1985 0.998921 0.0426106 -0.0184761 0.825074 -0.0430171 0.998828 -0.022195 -0.248166 0.0175087 0.0229658 0.999583 0.507609
285 298 1879 0.998832 0.0456777 -0.0157359 0.772389 -0.045956 0.998785 -0.0178022 -0.271129 0.0149036 0.0185046 0.999718 0.574373
285 299 1869 0.998701 0.0468892 -0.0199341 0.73058 -0.0472603 0.99871 -0.0185726 -0.259291 0.0190375 0.0194905 0.999629 0.631681
300 301 149 0.999991 0.00411424 0.00127798 0.234038 -0.00411328 0.999991 -0.000747533 -0.329888 -0.00128104 0.000742269 0.999999 -0.914549
300 302 203 0.999946 0.00123694 -0.0103487 0.666438 -0.00122686 0.999999 0.000980398 -0.289955 0.0103499 -0.000967649 0.999946 0.686867
300 303 685 0.999791 -0.00198274 -0.0203286 0.972072 0.00188183 0.999986 -0.00498155 0.0904747 0.0203382 0.00494226 0.999781 0.216543
300 304 95 0.99991 0.000480147 -0.0134373 0.999065 -0.000490825 1 -0.00079137 0.0343995 0.0134369 0.000797894 0.999909 0.026171
300 305 1093 0.999813 0.00184264 -0.0192573 0.83713 -0.00182348 0.999998 0.00101241 -0.0952622 0.0192591 -0.000977103 0.999814 0.538645
300 306 2222 0.999379 0.00707155 -0.0345136 0.980073 -0.00714256 0.999973 -0.00193447 0.0543817 0.034499 0.00217979 0.999402 0.191051
300 307 2380 0.997459 0.00948718 -0.0706019 0.969454 -0.0103456 0.999877 -0.0118023 0.18084 0.0704812 0.0125027 0.997435 0.165695
300 308 1510 0.999583 0.0146143 -0.0249205 0.942462 -0.0144978 0.999883 0.0048496 -0.0667531 0.0249885 -0.00448629 0.999678 0.327581
300 309 2192 0.998558 0.0145706 -0.0516722 0.980696 -0.01445 0.999892 0.00270743 0.00110113 0.0517061 -0.00195686 0.99866 0.195534
300 310 1641 0.999249 0.0176276 -0.0345059 0.970676 -0.0173416 0.999813 0.00856947 -0.0565564 0.0346505 -0.00796465 0.999368 0.233642
300 311 1982 0.998604 0.0165422 -0.0501717 0.962742 -0.016194 0.999842 0.00733929 -0.000967662 0.0502852 -0.00651656 0.998714 0.270419
300 312 1951 0.998651 0.020735 -0.047612 0.967582 -0.0202338 0.999735 0.010985 -0.0463235 0.0478271 -0.0100068 0.998806 0.248273
300 313 1987 0.9973 0.0233449 -0.069629 0.986334 -0.0225906 0.999677 0.0116015 -0.000448043 0.0698774 -0.00999723 0.997505 0.164757
300 314 1651 0.997475 0.0357894 -0.0613333 0.974475 -0.034743 0.999233 0.0180445 -0.0898816 0.0619321 -0.015868 0.997954 0.205719
315 316 186 0.999998 0.0018651 0.000700656 0.331715 -0.00186011 0.999973 -0.00705122 0.375404 -0.000713789 0.0070499 0.999975 -0.865469
315 317 46 0.999984 0.00517628 0.00236176 -0.822248 -0.00515458 0.999945 -0.00910626 0.207501 -0.00240877 0.00909394 0.999956 0.529954
315 318 611 0.999951 -0.00956504 -0.00260173 0.420731 0.00952272 0.99983 -0.0158195 0.352453 0.0027526 0.0157939 0.999871 -0.83592
315 319 1025 0.999736 0.00777118 -0.0216284 0.984892 -0.00806842 0.999874 -0.0136896 -0.0381436 0.0215193 0.0138605 0.999672 -0.168916
315 320 1273 0.999572 0.01532 -0.0249131 0.994307 -0.015701 0.999762 -0.0151706 -0.0257406 0.0246748 0.0155552 0.999575 -0.1034
315 321 1366 0.999262 0.0259926 -0.028284 0.9934 -0.0264858 0.999501 -0.017207 -0.086531 0.0278226 0.0179434 0.999452 0.0752893
315 322 1269 0.998926 0.0347635 -0.0306219 0.995624 -0.0353325 0.999209 -0.0182424 -0.0112314 0.0299635 0.0193048 0.999365 -0.0927706
315 323 1630 0.997318 0.043114 -0.0591493 0.993599 -0.0443524 0.99882 -0.0197858 0.0413631 0.0582264 0.0223561 0.998053 -0.105115
