0 1 71 0.999992 0.00049809 -0.00406605 0.975613 -0.000490073 0.999998 0.00197245 0.054419 0.00406702 -0.00197044 0.99999 -0.212645
0 2 58 0.99999 -0.00234556 -0.00371864 -0.849879 0.00234807 0.999997 0.000670166 -0.364345 0.00371705 -0.000678891 0.999993 -0.380734
0 3 70 0.999997 -0.00253694 -0.000416603 0.00144536 0.00253447 0.99998 -0.00581907 0.986419 0.000431357 0.005818 0.999983 0.164244
0 4 402 0.999996 -0.00267699 0.00134955 0.236551 0.00267242 0.999991 0.00337957 0.0160571 -0.00135858 -0.00337595 0.999993 -0.971486
0 5 379 0.999997 -0.00156916 -0.00203913 0.402806 0.0015703 0.999999 0.000558676 0.220651 0.00203825 -0.000561876 0.999998 0.888291
0 6 411 0.999989 -0.00462827 -0.000837032 0.131043 0.00462977 0.999988 0.0017953 -0.104746 0.000828712 -0.00179915 0.999998 0.985828
0 7 466 0.999991 -0.00414395 -0.000609065 0.301453 0.00414555 0.999988 0.00263771 0.0182755 0.000598128 -0.00264021 0.999996 0.953306
0 8 289 0.999993 -0.00304025 0.00230914 -0.51386 0.00303669 0.999994 0.00154379 0.0402807 -0.00231382 -0.00153677 0.999996 0.856928
0 9 180 0.999997 -0.00245711 0.000488508 0.288793 0.00245596 0.999994 0.00232825 -0.333214 -0.000494226 -0.00232704 0.999997 -0.897534
0 10 93 0.999961 -0.00588676 -0.00651922 0.678448 0.00592773 0.999963 0.00628186 -0.380845 0.006482 -0.00632027 0.999959 0.628224
0 11 224 0.999991 -0.000804077 -0.00409165 0.436537 0.000805965 1 0.000459849 0.305921 0.00409128 -0.000463142 0.999992 0.846078
0 12 403 0.999998 0.00144221 -0.000987544 0.154206 -0.00144063 0.999998 0.00159246 0.0947571 0.000989838 -0.00159103 0.999998 0.983484
0 13 736 0.999988 0.00465294 -0.00122208 0.297699 -0.0046486 0.999983 0.00353197 -0.0827374 0.0012385 -0.00352625 0.999993 0.951068
0 14 1071 0.99996 0.00878736 0.00192448 0.208804 -0.00879396 0.999955 0.00344691 -0.0679256 -0.0018941 -0.00346369 0.999992 0.975596
15 16 273 0.999999 0.00111228 -0.00100519 -0.00985252 -0.00111084 0.999998 0.00143162 0.138056 0.00100678 -0.0014305 0.999998 0.990375
15 17 265 0.999997 0.0012966 -0.0020103 0.0476699 -0.00129321 0.999998 0.00168712 0.275301 0.00201249 -0.00168452 0.999997 -0.960175
15 18 62 0.999992 0.000445989 0.00389497 -0.920329 -0.000447364 1 0.000352133 -0.0407593 -0.00389482 -0.000353872 0.999992 0.389015
15 19 411 0.999995 0.00313325 0.000835708 0.0384966 -0.003136 0.99999 0.00330508 -0.218623 -0.000825344 -0.00330768 0.999994 0.97505
15 20 137 0.999986 0.0053558 -0.000227981 -0.554441 -0.00535485 0.999978 0.00396219 0.175398 0.000249196 -0.00396091 0.999992 -0.81353
15 21 2844 0.999869 0.00720865 -0.0144784 0.955806 -0.00714312 0.999964 0.00457278 -0.160371 0.0145108 -0.00446876 0.999885 0.246408
15 22 406 0.999972 0.00581526 0.00461225 -0.221811 -0.00582582 0.99998 0.0022803 0.10662 -0.0045989 -0.00230711 0.999987 0.969243
15 23 235 0.999973 0.00360362 -0.00636771 0.828953 -0.0035792 0.999986 0.00384134 -0.125114 0.00638146 -0.00381844 0.999972 0.545145
15 24 1150 0.999896 0.00631711 -0.0130021 0.970966 -0.00623573 0.999961 0.00629013 -0.114956 0.0130413 -0.00620839 0.999896 0.209787
15 25 5919 0.999879 0.003959 -0.0150711 0.824008 -0.0038489 0.999966 0.00732702 -0.073164 0.0150996 -0.00726812 0.99986 0.561834
15 26 5846 0.999906 0.0029211 -0.0133959 0.762644 -0.00286885 0.999988 0.00391854 -0.0590466 0.0134072 -0.00387974 0.999903 0.644118
15 27 447 0.999961 0.00636234 0.00616317 -0.292547 -0.00636313 0.99998 0.000108386 0.286457 -0.00616235 -0.000147598 0.999981 0.912337
15 28 6939 0.999831 0.00308497 -0.0181484 0.867279 -0.00300656 0.999986 0.00434613 -0.139187 0.0181615 -0.00429083 0.999826 0.477969
15 29 2742 0.999934 0.00669219 0.00932934 -0.0796483 -0.00666331 0.999973 -0.00312281 0.0887405 -0.00934999 0.00306044 0.999952 0.992865
30 31 56 0.99999 -0.00252976 0.00368063 -0.954533 0.00254838 0.999984 -0.00506384 0.228477 -0.00366776 0.00507317 0.99998 0.191482
30 32 132 0.999987 -0.00487063 -0.00176122 0.79276 0.00485901 0.999967 -0.00654576 0.351458 0.00179305 0.00653711 0.999977 -0.498005
30 33 399 0.999974 0.000881282 0.00710978 -0.172173 -0.000845785 0.999987 -0.00499411 0.0708665 -0.00711409 0.00498797 0.999962 0.982514
30 34 102 0.999935 -0.000843923 0.0113606 -0.388372 0.000986912 0.99992 -0.0125867 0.510379 -0.0113491 0.0125971 0.999856 0.767255
30 35 360 0.999915 -0.00158213 0.012955 -0.181253 0.00175523 0.999909 -0.0133613 -0.102772 -0.0129327 0.0133829 0.999827 0.978052
30 36 503 0.9999 -0.00160369 0.0140693 -0.0526218 0.00179607 0.999905 -0.0136718 0.0327176 -0.014046 0.0136957 0.999808 0.998078
30 37 675 0.999872 -0.00445492 0.015336 0.0370544 0.00465048 0.999908 -0.0127395 0.0340066 -0.0152778 0.0128092 0.999801 0.998734
30 38 443 0.999793 -0.00942459 0.0180185 -0.147852 0.00959878 0.999908 -0.00960536 -0.105085 -0.0179263 0.00977633 0.999792 0.983411
30 39 265 0.999762 -0.00734761 0.0205615 0.536175 0.00749108 0.999948 -0.00690899 -0.0320707 -0.0205097 0.00706137 0.999765 -0.843497
30 40 4225 0.999952 -0.00912398 0.00363619 0.885792 0.00913961 0.999949 -0.00430348 0.0769015 -0.00359674 0.0043365 0.999984 -0.457667
30 41 1677 0.999885 -0.0088575 0.0123005 0.966947 0.00878386 0.999943 0.0060279 -0.156622 -0.0123532 -0.00591916 0.999906 -0.201203
30 42 3579 0.999917 -0.00765394 0.0103716 0.988291 0.00766218 0.99997 -0.00075455 0.0382238 -0.0103655 0.000833956 0.999946 0.147717
30 43 90 0.999645 -0.00580885 0.0260143 -0.868556 0.00590858 0.999975 -0.00375852 0.124775 -0.0259919 0.0039109 0.999655 0.479627
30 44 400 0.99964 -0.0103685 0.0247501 0.380114 0.0103943 0.999946 -0.000914733 0.101295 -0.0247392 0.00117166 0.999693 -0.919376
45 46 108 0.999936 0.0111385 0.00191874 -0.29547 -0.0111284 0.999925 -0.00515467 0.951497 -0.00197601 0.00513298 0.999985 -0.0857422
45 47 328 0.999867 0.0159411 0.00338515 0.0389932 -0.0159748 0.999821 0.0101714 -0.0868297 -0.0032224 -0.0102241 0.999943 -0.99546
45 48 7442 0.999747 0.0141654 -0.0174692 0.9015 -0.0141433 0.999899 0.00138527 0.425833 0.017487 -0.00113784 0.999846 0.0772291
45 49 118 0.999852 0.0157407 0.0068985 0.581721 -0.015847 0.999752 0.015635 0.343974 -0.00665068 -0.015742 0.999854 -0.737077
45 50 83 0.999816 0.0190585 0.00229786 -0.761669 -0.0190967 0.999657 0.01794 -0.0837601 -0.00195516 -0.0179805 0.999836 -0.64253
45 51 604 0.999785 0.0204593 -0.00331823 0.234936 -0.0204013 0.999653 0.016661 0.00191049 0.00365795 -0.0165897 0.999856 0.972009
45 52 545 0.999787 0.0201085 -0.0046477 0.0790685 -0.0200417 0.999701 0.0139949 -0.0463338 0.00492773 -0.0138988 0.999891 0.995792
45 53 130 0.999775 0.0187754 -0.00990925 0.680646 -0.0186602 0.999759 0.0115897 -0.150257 0.0101245 -0.0114022 0.999884 0.717038
45 54 603 0.999648 0.024305 -0.0106651 0.0347792 -0.0242438 0.999689 0.00583362 -0.0562966 0.0108036 -0.00557301 0.999926 0.997808
45 55 6996 0.998637 0.0251154 -0.0457573 0.982177 -0.0251842 0.999682 -0.000927514 0.162536 0.0457194 0.00207861 0.998952 0.0943905
45 56 3755 0.998987 0.0254099 -0.0371344 0.968835 -0.0255003 0.999673 -0.0019617 0.133102 0.0370724 0.00290665 0.999308 0.20891
45 57 625 0.999385 0.0287931 -0.0200076 -0.134218 -0.0288039 0.999585 -0.000247861 0.010476 0.0199922 0.000824006 0.9998 0.990896
45 58 6476 0.997096 0.0280206 -0.0708129 0.999049 -0.0281649 0.999603 -0.00104049 -0.0310097 0.0707556 0.00303191 0.997489 -0.0306412
45 59 6283 0.997736 0.0273894 -0.0614257 0.999337 -0.0275076 0.999621 -0.00107951 -0.0363061 0.0613729 0.00276675 0.998111 -0.00276442
60 61 328 0.999999 0.00119057 0.00038122 0.216437 -0.00119152 0.999996 0.00249653 -0.0946168 -0.000378247 -0.00249699 0.999997 -0.971701
60 62 2593 0.99992 0.00581941 -0.0112342 0.801666 -0.00571148 0.999937 0.00961575 -0.083416 0.0112895 -0.00955081 0.999891 -0.591923
60 63 7091 0.999805 0.00889028 -0.0176056 0.995023 -0.00873952 0.999925 0.00862168 0.0626535 0.0176809 -0.00846614 0.999808 0.0774784
60 64 182 0.999916 0.00641678 0.0112998 0.66852 -0.00650564 0.999948 0.00784445 0.126197 -0.0112488 -0.0079173 0.999905 0.732908
60 65 1152 0.999719 0.0102834 0.0213606 -0.0079549 -0.0103948 0.999933 0.00511069 -0.078128 -0.0213066 -0.00533129 0.999759 0.996912
60 66 6254 0.999962 0.00860656 -0.000990678 0.957607 -0.00860438 0.999961 0.0021817 0.0351123 0.00100942 -0.00217309 0.999997 0.28593
60 67 6856 0.999931 0.0094989 -0.00686141 0.990407 -0.00948371 0.999953 0.00224351 -0.0582711 0.0068824 -0.00217828 0.999974 0.125292
60 68 6555 0.999514 0.0109666 -0.0291719 0.984632 -0.0108872 0.999937 0.00287807 -0.103769 0.0292016 -0.00255907 0.99957 0.140474
60 69 6547 0.999608 0.0137426 -0.0244115 0.990745 -0.013902 0.999883 -0.00636846 0.0265484 0.0243211 0.00670533 0.999682 0.133115
60 70 6228 0.999575 0.0144293 -0.0253444 0.996316 -0.0145469 0.999884 -0.00446157 0.0307273 0.0252771 0.00482836 0.999669 -0.0800644
60 71 5854 0.999561 0.0189689 -0.0227788 0.993493 -0.0188669 0.999811 0.00468666 -0.101767 0.0228634 -0.00425484 0.99973 0.0511346
60 72 5827 0.999761 0.0196551 -0.00962085 0.995341 -0.0196298 0.999804 0.00272283 -0.0793424 0.00967248 -0.00253332 0.99995 -0.0547869
60 73 5684 0.999325 0.0257574 -0.0261847 0.999356 -0.0258154 0.999665 -0.00188262 -0.0211264 0.0261275 0.00255732 0.999655 0.0290123
60 74 5381 0.999723 0.020298 -0.0119339 0.982563 -0.0204492 0.99971 -0.0126888 0.0526893 0.0116729 0.0129293 0.999848 0.178308
75 76 62 0.999996 0.00110102 -0.00257208 0.608953 -0.00110315 0.999999 -0.000828549 -0.510732 0.00257116 0.000831383 0.999996 -0.606901
75 77 769 0.999995 0.00171776 -0.00282774 0.304472 -0.00171847 0.999998 -0.000248478 -0.0520941 0.00282731 0.000253336 0.999996 -0.951096
75 78 1637 0.999852 -0.000742323 -0.0172025 0.975181 0.000801477 0.999994 0.00343202 -0.158938 0.0171998 -0.0034453 0.999846 -0.154143
75 79 224 0.999993 0.00051825 -0.00373552 0.990015 -0.000524566 0.999998 -0.0016901 -0.0400625 0.00373464 0.00169205 0.999992 0.13515
75 80 736 0.999924 0.0051405 0.0112123 0.215034 -0.00511037 0.999983 -0.00271497 0.0281622 -0.0112261 0.00265746 0.999933 -0.9762
75 81 6656 0.999532 0.00105953 -0.0305647 0.982457 -0.00124716 0.99998 -0.00612034 0.185544 0.0305576 0.00615559 0.999514 0.0187599
75 82 796 0.999965 -0.00680955 0.00494244 -0.206526 0.00680559 0.999977 0.000816579 -0.00875005 -0.00494788 -0.000782914 0.999987 0.978402
75 83 2228 0.999838 -0.0100503 -0.0149412 0.977254 0.0100041 0.999945 -0.00315926 0.172681 0.0149722 0.00300927 0.999883 0.123106
75 84 6267 0.999667 -0.00357147 -0.0255717 0.978823 0.0037673 0.999964 0.00761409 -0.139521 0.0255436 -0.00770789 0.999644 -0.149796
75 85 6224 0.999531 -0.00613349 -0.0299943 0.988286 0.00632267 0.999961 0.00621667 -0.022563 0.029955 -0.0064034 0.999531 0.150934
75 86 5760 0.999276 -0.00229988 -0.0379651 0.992619 0.0025185 0.999981 0.00571154 0.102291 0.0379513 -0.00580302 0.999263 -0.0651522
75 87 5662 0.999341 -0.00129306 -0.0362847 0.975081 0.00160208 0.999963 0.00848881 0.125504 0.0362723 -0.00854135 0.999305 0.182939
75 88 5343 0.998807 0.00156033 -0.0488028 0.98616 -0.000941051 0.999919 0.0127099 0.0501062 0.0488187 -0.0126488 0.998728 0.158042
75 89 5311 0.999223 0.00651782 -0.0388602 0.983361 -0.00558845 0.999697 0.0239764 -0.0974101 0.0390047 -0.0237406 0.998957 0.153335
90 91 2642 0.999893 0.00222621 -0.0144334 0.981346 -0.0020823 0.999948 0.00997798 -0.147909 0.0144549 -0.00994686 0.999846 -0.122816
90 92 200 0.999963 0.00497906 0.00707107 0.524425 -0.00506018 0.999921 0.0115015 -0.377566 -0.00701325 -0.0115369 0.999909 0.763166
90 93 5787 0.999964 0.00770177 -0.00366256 0.910636 -0.00765003 0.999874 0.0139353 -0.24988 0.00376943 -0.0139067 0.999896 0.329092
90 94 6591 0.999788 0.0146246 -0.0144836 0.928468 -0.0145631 0.999885 0.00433981 0.0473405 0.0145454 -0.00412797 0.999886 0.368384
90 95 2980 0.999604 0.0116441 0.0256111 0.178494 -0.0117021 0.999929 0.0021169 0.00504909 -0.0255846 -0.00241576 0.99967 0.983928
90 96 6043 0.999776 0.0110894 -0.0180228 0.936791 -0.0110139 0.99993 0.00427977 -0.0858025 0.018069 -0.00408031 0.999828 0.339206
90 97 5227 0.99995 0.00450556 0.00894944 0.687746 -0.00450467 0.99999 -0.000119052 -0.122423 -0.00894988 7.87319e-05 0.99996 0.715555
90 98 5364 0.999378 0.00725849 -0.034505 0.928976 -0.00726529 0.999974 -7.17582e-05 -0.126028 0.0345036 0.000322403 0.999405 0.348023
90 99 5270 0.998922 0.00464817 -0.0461962 0.969559 -0.00532707 0.999879 -0.0145838 -0.032789 0.0461228 0.0148142 0.998826 0.242652
90 100 5082 0.999205 0.00705492 -0.0392431 0.959396 -0.00710202 0.999974 -0.00106098 -0.246812 0.0392346 0.00133884 0.999229 0.13654
90 101 4310 0.999923 -0.00467268 -0.0114562 0.792422 0.00458743 0.999962 -0.00745677 -0.33843 0.0114906 0.00740364 0.999907 0.507477
90 102 4392 0.999705 -0.00735137 -0.0231493 0.929475 0.00694693 0.999823 -0.0175031 -0.279959 0.0232739 0.0173371 0.999579 0.240206
90 103 4044 0.999029 -0.00760634 -0.0433953 0.941074 0.00698946 0.999873 -0.0143496 -0.248918 0.0434989 0.0140323 0.998955 0.228954
90 104 4046 0.998635 -0.00634876 -0.0518468 0.965475 0.00499191 0.999643 -0.026258 -0.161708 0.051995 0.0259634 0.99831 0.204229
105 106 310 0.999982 0.0010159 0.00590179 0.00151077 -0.000991827 0.999991 -0.00408012 0.0278616 -0.00590589 0.00407419 0.999974 -0.999611
105 107 540 0.999908 0.00493303 0.012668 0.320227 -0.00483313 0.999957 -0.00790474 -0.0706829 -0.0127064 0.00784279 0.999889 -0.9447
105 108 1076 0.999754 0.0105062 0.0195302 0.317253 -0.01028 0.999879 -0.011648 -0.0558859 -0.0196503 0.0114443 0.999741 -0.946693
105 109 5999 0.999931 0.00846756 -0.00812044 0.952728 -0.00863766 0.999739 -0.0211462 0.171422 0.00793926 0.0212149 0.999743 -0.250848
105 110 4752 0.999942 0.00625288 0.00876012 0.818207 -0.00614113 0.9999 -0.0127254 -0.066716 -0.00883882 0.0126709 0.999881 -0.571039
105 111 3367 0.999854 0.00479821 0.0163981 0.624643 -0.00451131 0.999837 -0.0174886 0.0993413 -0.0164793 0.0174121 0.999713 -0.774566
105 112 3173 0.999834 0.00978 0.0153664 0.6664 -0.00956076 0.999852 -0.014277 -0.0570371 -0.0155038 0.0141278 0.99978 -0.74341
105 113 5206 0.999873 0.00553198 -0.0149667 0.87573 -0.00599294 0.999504 -0.0309313 0.255093 0.0147881 0.0310171 0.999409 -0.409908
105 114 4404 0.999309 0.00677872 -0.0365576 0.911312 -0.00747642 0.999792 -0.018982 0.0488197 0.0364214 0.0192422 0.999151 -0.408812
105 115 4556 0.999967 0.00807029 0.000116453 0.816723 -0.00806873 0.999918 -0.00993061 0.00224463 -0.000196587 0.00992935 0.999951 -0.577025
105 116 4480 0.999837 0.0124839 -0.0130385 0.854008 -0.0127066 0.999772 -0.0171377 0.134648 0.0128216 0.0173006 0.999768 -0.502534
105 117 3881 0.999973 0.00581196 0.00458803 0.703161 -0.00573602 0.999849 -0.0163962 0.19661 -0.00468263 0.0163694 0.999855 -0.683307
105 118 4064 0.999841 0.0173362 0.00419727 0.699387 -0.0173513 0.999843 0.00358549 0.0134604 -0.00413445 -0.00365774 0.999985 -0.714616
105 119 3928 0.999653 0.0211536 -0.0156942 0.862401 -0.0210311 0.999747 0.00793261 -0.0279121 0.015858 -0.00759979 0.999845 -0.505455
120 121 409 0.99999 0.0043563 0.00120112 0.314015 -0.00436183 0.99998 0.0046412 0.381128 -0.00118087 -0.00464639 0.999989 -0.869561
120 122 706 0.999918 0.0112454 0.00612309 0.224913 -0.0113378 0.999819 0.0152684 -0.217605 -0.00595028 -0.0153366 0.999865 -0.94977
120 123 767 0.999839 0.0133683 0.0119471 -0.119058 -0.013526 0.999821 0.0132159 0.0727286 -0.0117683 -0.0133754 0.999841 -0.99022
120 124 2209 0.999801 0.0176291 0.00933416 0.419435 -0.0177396 0.999772 0.0118926 0.0328677 -0.00912237 -0.0120558 0.999886 -0.90719
120 125 5289 0.999697 0.0245814 0.00162516 0.72752 -0.0245901 0.999682 0.00558898 0.166645 -0.00148726 -0.00562724 0.999983 -0.66554
120 126 5196 0.999602 0.0281627 0.00147576 0.743474 -0.0281646 0.999602 0.00128776 0.204091 -0.00143891 -0.00132881 0.999998 -0.636863
120 127 5004 0.999602 0.0281163 -0.0022284 0.707152 -0.0281292 0.999586 -0.00598153 0.265826 0.0020593 0.00604184 0.99998 -0.655189
120 128 4972 0.999503 0.0247782 -0.0194744 0.670087 -0.0250927 0.999556 -0.0160772 0.405601 0.0190674 0.0165579 0.999681 -0.621668
120 129 4656 0.999532 0.0301443 -0.00523051 0.42809 -0.0301741 0.999528 -0.00570233 0.25644 0.00505615 0.00585749 0.99997 -0.86659
120 130 4625 0.998964 0.0323985 -0.0319651 0.70798 -0.0329132 0.999335 -0.0157082 0.356404 0.0314349 0.016744 0.999366 -0.609705
120 131 4436 0.998704 0.0386031 -0.0331646 0.658456 -0.0393872 0.998952 -0.0233211 0.470291 0.0322296 0.0245971 0.999178 -0.58759
120 132 4270 0.998971 0.034078 -0.0299191 0.552827 -0.034509 0.999306 -0.0140087 0.399155 0.0294209 0.0150267 0.999454 -0.731476
120 133 4105 0.999262 0.0337605 -0.018315 0.322997 -0.033849 0.999417 -0.00454042 0.34085 0.018151 0.00515701 0.999822 -0.88289
120 134 4111 0.996858 0.0381541 -0.0694129 0.678314 -0.040766 0.998498 -0.0366089 0.524378 0.0679118 0.0393236 0.996916 -0.514701
135 136 244 0.999999 0.00162783 -0.000581089 0.283814 -0.00162552 0.999991 0.00395023 0.0727583 0.000587514 -0.00394928 0.999992 0.956115
135 137 464 0.999992 0.00394313 0.000936454 -0.00797614 -0.00394663 0.999985 0.00376606 -0.229007 -0.00092159 -0.00376973 0.999992 -0.973392
135 138 1137 0.999954 0.00259783 -0.00923676 0.411814 -0.00256221 0.999989 0.00386652 0.111025 0.0092467 -0.00384267 0.99995 -0.904479
135 139 2962 0.999884 0.00148906 -0.015142 0.470853 -0.00141566 0.999987 0.00485653 0.223947 0.015149 -0.00483453 0.999874 -0.853314
135 140 1982 0.999908 0.00510522 -0.0125349 0.420148 -0.00503374 0.999971 0.00572675 0.293036 0.0125638 -0.00566312 0.999905 -0.858839
135 141 4330 0.999769 0.00931701 -0.0193685 0.564504 -0.00916349 0.999926 0.00799991 0.157156 0.0194416 -0.00782058 0.99978 -0.810332
135 142 5441 0.999031 0.00964377 -0.042941 0.732966 -0.00973009 0.999951 -0.00180177 0.312882 0.0429215 0.00221784 0.999076 -0.604041
135 143 5415 0.999092 0.00789886 -0.041874 0.652066 -0.00807477 0.999959 -0.00403333 0.43392 0.0418405 0.00436779 0.999115 -0.621711
135 144 5025 0.998629 0.011522 -0.0510585 0.650711 -0.0119682 0.999893 -0.00844197 0.508634 0.0509557 0.00904148 0.99866 -0.563797
135 145 4940 0.998512 0.0155395 -0.0522643 0.645959 -0.0154774 0.999879 0.00159262 0.402857 0.0522828 -0.000781331 0.998632 -0.648416
135 146 4349 0.999289 0.019415 -0.0323097 0.434047 -0.0188557 0.999669 0.0175282 0.305482 0.0326393 -0.0169066 0.999324 -0.847517
135 147 4316 0.996307 0.0306667 -0.0801945 0.732493 -0.0315373 0.999456 -0.0096116 0.524163 0.0798562 0.0121052 0.996733 -0.434404
135 148 4064 0.997797 0.0348294 -0.0564641 0.637446 -0.0333588 0.999085 0.0267827 0.299032 0.0573452 -0.0248401 0.998045 -0.7101
135 149 3784 0.998211 0.0377345 -0.0463816 0.470512 -0.0360658 0.99869 0.0363029 0.294085 0.0476907 -0.0345651 0.998264 -0.831945
150 151 281 0.999922 0.0122872 0.00217534 0.0845834 -0.0123315 0.999689 0.0216626 -0.862764 -0.00190849 -0.0216878 0.999763 -0.498481
150 152 1239 0.999704 0.0241926 -0.00250419 0.617626 -0.0241799 0.999695 0.00498307 0.559966 0.00262398 -0.00492105 0.999984 0.552247
150 153 323 0.999663 0.0255255 0.00471202 0.274081 -0.0255743 0.999617 0.0105953 0.232887 -0.00443976 -0.0107122 0.999933 0.933083
150 154 709 0.999644 0.0266409 -0.00116786 0.0127273 -0.0266218 0.999546 0.0140787 -0.235903 0.0015424 -0.0140426 0.9999 -0.971693
150 155 3179 0.999394 0.0196787 -0.0287278 0.777829 -0.0195425 0.999796 0.00501099 0.455794 0.0288206 -0.00444654 0.999575 -0.432705
150 156 1182 0.999562 0.0281853 -0.00897873 0.119815 -0.0279981 0.999401 0.0203288 -0.0599364 0.00954633 -0.0200686 0.999753 -0.990985
150 157 3342 0.998178 0.0344916 -0.0495033 0.818852 -0.0349324 0.999357 -0.00806706 0.549159 0.0491932 0.00978163 0.998741 -0.167051
150 158 3125 0.996573 0.0403079 -0.0722365 0.855876 -0.0417086 0.998968 -0.0179881 0.501171 0.0714369 0.0209393 0.997225 -0.127689
150 159 2996 0.998426 0.0373817 -0.0418027 0.695288 -0.0372318 0.999297 0.0043573 0.410505 0.0419362 -0.00279405 0.999116 -0.589966
150 160 2870 0.996475 0.0397204 -0.0738963 0.805665 -0.040868 0.999065 -0.0140825 0.475315 0.0732678 0.0170529 0.997166 -0.353526
150 161 2877 0.99834 0.0343905 -0.0461958 0.58626 -0.0341797 0.999401 0.00534641 0.350469 0.046352 -0.00375857 0.998918 -0.730391
150 162 2893 0.996121 0.0425529 -0.0770212 0.758643 -0.0426218 0.999091 0.000750089 0.378089 0.0769831 0.0025356 0.997029 -0.530574
150 163 2622 0.994982 0.0436651 -0.0900216 0.773656 -0.0445646 0.998974 -0.00800526 0.453011 0.0895798 0.0119769 0.995908 -0.442986
150 164 2703 0.996928 0.0400711 -0.0673029 0.625507 -0.0392712 0.999142 0.0131668 0.356407 0.0677728 -0.0104833 0.997646 -0.694057
165 166 456 0.999966 0.00699744 -0.00434801 0.365331 -0.00696932 0.999955 0.00644893 0.122609 0.00439294 -0.00641841 0.99997 -0.922768
165 167 150 0.999873 0.012916 -0.00931712 0.635943 -0.0128296 0.999875 0.00927953 -0.015988 0.00943581 -0.00915881 0.999914 -0.77157
165 168 1576 0.999903 0.0109946 -0.008504 0.154666 -0.0109329 0.999914 0.0072681 0.263389 0.00858317 -0.00717443 0.999937 -0.95221
165 169 6476 0.999004 0.0163733 -0.0415083 0.768616 -0.0169663 0.999758 -0.0139757 0.603225 0.0412695 0.0146661 0.99904 -0.212953
165 170 6062 0.99919 0.0156628 -0.0370585 0.677192 -0.0156835 0.999877 -0.00026771 0.350816 0.0370498 0.0008487 0.999313 -0.646791
165 171 5744 0.999275 0.0181267 -0.0334849 0.521329 -0.0178736 0.99981 0.00784085 0.199848 0.0336206 -0.00723667 0.999408 -0.829624
165 172 5483 0.998906 0.0205599 -0.0419981 0.616332 -0.020286 0.99977 0.00693912 0.226681 0.0421311 -0.00607956 0.999094 -0.754155
165 173 5325 0.997708 0.023435 -0.0634746 0.752128 -0.0237079 0.999713 -0.00354964 0.342344 0.0633732 0.00504635 0.997977 -0.56312
165 174 5252 0.997906 0.0257684 -0.0593241 0.618626 -0.0257306 0.999668 0.00140174 0.31699 0.0593405 0.00012764 0.998238 -0.718901
165 175 4710 0.998609 0.0241729 -0.0468532 0.488429 -0.0237807 0.999677 0.0089101 0.291456 0.0470535 -0.0077835 0.998862 -0.822491
165 176 4519 0.998667 0.033785 -0.0390149 0.350556 -0.0333431 0.999373 0.0119225 0.228252 0.0393932 -0.0106057 0.999168 -0.908302
165 177 4388 0.997475 0.044557 -0.05531 0.539195 -0.0442398 0.998997 0.00694763 0.270048 0.0555641 -0.00448318 0.998445 -0.797711
165 178 4363 0.996357 0.0582355 -0.0623004 0.609321 -0.0576825 0.998278 0.0106411 0.194648 0.0628128 -0.00700872 0.998001 -0.768661
165 179 4051 0.994002 0.0599704 -0.0914498 0.737688 -0.0613991 0.99803 -0.0128879 0.318374 0.0904967 0.0184256 0.995726 -0.595361
180 181 548 0.999968 0.00794255 -0.000357233 0.328312 -0.00794159 0.999965 0.00260376 -0.376093 0.000377901 -0.00260084 0.999997 -0.866467
180 182 603 0.999952 0.00962682 -0.00201312 0.572877 -0.00963445 0.999946 -0.00381399 0.0694065 0.00197629 0.0038332 0.999991 -0.816697
180 183 2628 0.999875 0.0157888 0.000673697 0.399225 -0.0157823 0.999837 -0.00871331 0.148915 -0.00081116 0.00870159 0.999962 -0.904679
180 184 6057 0.999829 0.0174778 -0.00608595 0.486083 -0.0175602 0.999751 -0.0137531 0.192074 0.00584406 0.0138576 0.999887 -0.852544
180 185 7801 0.999069 0.0183461 -0.0390489 0.813369 -0.0195159 0.999366 -0.0297907 0.38296 0.0384776 0.0305251 0.998793 -0.437918
180 186 7326 0.999587 0.0192913 -0.0213025 0.615515 -0.0197728 0.999548 -0.0226319 0.362974 0.0208563 0.0230438 0.999517 -0.699565
180 187 6773 0.999159 0.0300061 -0.0279369 0.697094 -0.0306865 0.999235 -0.0242554 0.280552 0.0271877 0.0250923 0.999315 -0.659811
180 188 5705 0.999715 0.0219604 -0.00938591 0.42335 -0.0222092 0.999381 -0.0272793 0.305234 0.00878103 0.0274799 0.999584 -0.852999
180 189 5995 0.999342 0.0283488 -0.022623 0.494337 -0.0288683 0.999319 -0.0229766 0.202771 0.0219563 0.0236146 0.99948 -0.84529
180 190 5188 0.999655 0.0185655 -0.0186016 0.403026 -0.019018 0.99952 -0.0244501 0.26387 0.0181387 0.0247955 0.999528 -0.876323
180 191 5321 0.999366 0.0223856 -0.0276975 0.392145 -0.0230321 0.999464 -0.0232497 0.159368 0.0271622 0.0238729 0.999346 -0.905993
180 192 5390 0.998856 0.0257927 -0.0402592 0.480585 -0.0267861 0.999345 -0.024335 0.167481 0.0396052 0.0253856 0.998893 -0.860807
180 193 5028 0.998772 0.0256369 -0.0423916 0.46014 -0.0268795 0.999218 -0.0290065 0.201926 0.0416148 0.0301104 0.99868 -0.864579
180 194 4500 0.994282 0.0211215 -0.104673 0.764452 -0.026709 0.998276 -0.052269 0.347683 0.103388 0.0547658 0.993132 -0.54289
195 196 637 0.999957 -0.00586615 -0.00722612 0.362511 0.00590032 0.999971 0.00471626 0.213504 0.00719825 -0.0047587 0.999963 -0.907195
195 197 3303 0.999701 0.00192297 -0.0243631 0.642514 -0.00123533 0.999601 0.0282084 -0.550178 0.0244077 -0.0281699 0.999305 -0.533367
195 198 3549 0.999413 -0.00141039 -0.0342171 0.721709 0.00242138 0.999561 0.0295228 -0.222937 0.0341604 -0.0295884 0.998978 -0.655313
195 199 5927 0.997718 0.00132795 -0.0675114 0.912143 0.00122538 0.999286 0.0377653 -0.117941 0.0675134 -0.0377618 0.997004 -0.392537
195 200 5314 0.997744 0.00758283 -0.0667046 0.880689 -0.00417812 0.998688 0.0510338 -0.191262 0.0670041 -0.05064 0.996467 -0.433365
195 201 5112 0.996703 0.00938702 -0.0805937 0.978275 -0.00550865 0.998822 0.0482106 -0.159613 0.0809513 -0.0476077 0.99558 -0.132295
195 202 4408 0.998445 0.0069637 -0.0553148 0.76152 -0.00492938 0.999309 0.0368289 0.048048 0.0555331 -0.0364989 0.99779 -0.646358
195 203 4752 0.997208 0.020165 -0.0718973 0.835579 -0.0165539 0.998588 0.0504726 -0.0975743 0.0728136 -0.0491415 0.996134 -0.540635
195 204 4574 0.99344 0.0229489 -0.112028 0.986168 -0.0184144 0.998975 0.0413448 0.0583281 0.112862 -0.0390107 0.992845 -0.155149
195 205 4269 0.991655 0.0312146 -0.125084 0.964566 -0.0238521 0.997917 0.0599317 -0.170884 0.126694 -0.056448 0.990334 -0.201027
195 206 4178 0.991989 0.0357738 -0.121153 0.960619 -0.0297038 0.998229 0.0515436 -0.0964531 0.122782 -0.047532 0.991295 -0.260593
195 207 4010 0.991948 0.0397969 -0.120231 0.929839 -0.0327472 0.997658 0.0600534 -0.188239 0.122339 -0.0556326 0.990928 -0.316173
195 208 3816 0.984008 0.0461742 -0.172033 0.984097 -0.0374545 0.99786 0.0535934 -0.0888371 0.174139 -0.046293 0.983632 -0.153823
195 209 3706 0.992841 0.0558492 -0.105581 0.89311 -0.0500877 0.997148 0.0564566 -0.194568 0.108433 -0.0507641 0.992807 -0.405584
210 211 516 0.999991 0.00278781 0.00331755 0.597561 -0.00277722 0.999991 -0.00319404 0.101686 -0.00332642 0.0031848 0.999989 -0.795349
210 212 7933 0.999787 0.00637137 -0.0196443 0.985012 -0.00645755 0.99997 -0.00432658 0.0772906 0.0196162 0.00445252 0.999798 -0.154198
210 213 1839 0.99974 0.016778 0.0154238 0.552111 -0.0167976 0.999858 0.00114372 -0.0516783 -0.0154025 -0.00140251 0.99988 -0.832167
210 214 376 0.999667 -0.00530087 0.0252724 0.751198 0.005249 0.999984 0.00211816 0.301263 -0.0252832 -0.0019848 0.999678 -0.587318
210 215 1709 0.999628 -0.00461304 0.0268929 0.610142 0.00446508 0.999975 0.00555935 0.0647736 -0.0269179 -0.0054372 0.999623 -0.78964
210 216 5672 0.99971 0.000433351 -0.0240633 0.950933 -1.24954e-05 0.999847 0.0174869 -0.0665309 0.0240672 -0.0174815 0.999557 -0.302159
210 217 3026 0.999722 0.000697506 0.0235468 0.616768 -0.001258 0.999716 0.0237971 -0.096308 -0.0235235 -0.0238202 0.999439 -0.781231
210 218 5053 0.99995 -0.00998704 -0.000316041 0.887541 0.00999199 0.999548 0.0283671 -0.0206592 3.25952e-05 -0.0283688 0.999598 -0.460265
210 219 5154 0.999428 -0.0184014 -0.0283894 0.951435 0.0193642 0.999234 0.03402 -0.0141684 0.0277417 -0.0345503 0.999018 -0.307524
210 220 5150 0.999825 -0.00877878 -0.0165074 0.904239 0.009582 0.998742 0.049226 -0.159518 0.0160544 -0.0493756 0.998651 -0.396113
210 221 3146 0.999532 -0.00779297 0.0295757 0.701953 0.00670691 0.999306 0.0366446 -0.117005 -0.0298407 -0.0364291 0.998891 -0.702547
210 222 4577 0.998399 -0.00716173 -0.0561113 0.973207 0.00894812 0.999459 0.0316503 -0.0509286 0.0558542 -0.0321017 0.997923 -0.224218
210 223 4508 0.999486 -0.00474995 -0.031699 0.945144 0.00578149 0.999454 0.0325297 -0.0768347 0.0315272 -0.0326962 0.998968 -0.317488
210 224 3096 0.999629 0.00434541 0.0269064 0.739956 -0.00527112 0.999393 0.0344301 -0.192521 -0.0267405 -0.0345592 0.999045 -0.644516
225 226 1187 0.999997 0.000448767 -0.00230354 0.500146 -0.000463951 0.999978 -0.00659543 0.29447 0.00230053 0.00659648 0.999976 -0.814335
225 227 7706 0.999757 0.0109473 -0.0191243 0.946379 -0.0109847 0.999938 -0.00185346 -0.124963 0.0191028 0.00206308 0.999815 -0.297912
225 228 1548 0.999687 0.0244405 0.00539061 0.52252 -0.0244153 0.999691 -0.00468449 -0.405792 -0.00550343 0.00455141 0.999974 -0.74987
225 229 6934 0.999768 0.0144527 -0.0159831 0.898498 -0.0145962 0.999854 -0.00889862 0.0793275 0.0158521 0.00912985 0.999833 -0.43175
225 230 7258 0.999369 0.0140857 -0.032616 0.942419 -0.0142975 0.999878 -0.00626737 0.0210627 0.0325238 0.00672974 0.999448 -0.333772
225 231 3024 0.999788 0.0203485 -0.003247 0.749485 -0.0203739 0.99976 -0.00799499 -0.227853 0.00308353 0.00805944 0.999963 -0.621575
225 232 6910 0.99846 0.0227628 -0.050594 0.985664 -0.0235928 0.999596 -0.0158692 -0.0246135 0.0502123 0.0170384 0.998593 -0.166917
225 233 3730 0.99938 0.0352191 -0.000272138 0.746884 -0.0352192 0.999262 -0.0153288 -0.305563 -0.000267928 0.0153288 0.999882 -0.59059
225 234 6164 0.999585 0.0170575 -0.0232326 0.91886 -0.0175224 0.999647 -0.0199568 -0.183913 0.022884 0.0203556 0.999531 -0.349101
225 235 5258 0.999685 0.0154541 -0.0197674 0.900645 -0.0159072 0.99961 -0.0229737 -0.196351 0.0194047 0.0232809 0.999541 -0.387666
225 236 3105 0.999949 0.0101389 -0.000301909 0.767934 -0.0101433 0.999397 -0.0332162 -0.0706603 -3.50486e-05 0.0332175 0.999448 -0.63662
225 237 3585 0.999662 0.0242829 -0.00927445 0.814197 -0.0245424 0.999279 -0.0289726 -0.188498 0.00856422 0.0291904 0.999537 -0.549137
225 238 3046 0.999347 0.0360849 -0.0018808 0.764891 -0.0361244 0.998925 -0.0290438 -0.297121 0.000830739 0.0290928 0.999576 -0.571542
225 239 3673 0.999146 0.0396775 -0.0115122 0.908187 -0.0399926 0.998791 -0.028573 -0.256454 0.0103646 0.029009 0.999525 -0.330799
240 241 1025 0.999987 -0.00517081 -0.00046509 -0.0311791 0.00516986 0.999985 -0.0020137 -0.290027 0.000475495 0.00201127 0.999998 0.95651
240 242 7356 0.999747 0.00562579 -0.0217845 0.852736 -0.00567671 0.999981 -0.00227644 -0.217814 0.0217713 0.00239953 0.99976 0.474761
240 243 4688 0.999811 0.00496493 -0.0187921 0.860627 -0.0051593 0.999934 -0.010309 -0.0703807 0.0187397 0.010404 0.99977 0.504348
240 244 2818 0.999871 0.0116129 -0.0111372 0.9108 -0.0117414 0.999864 -0.0115432 -0.147644 0.0110017 0.0116725 0.999871 0.385545
240 245 6920 0.999112 0.0152703 -0.0392775 0.964563 -0.0159024 0.999748 -0.0158328 -0.0550814 0.0390258 0.0164433 0.999103 0.258039
240 246 4768 0.999777 0.0113883 -0.0177584 0.889373 -0.0117719 0.999696 -0.0216476 -0.0792304 0.0175065 0.0218518 0.999608 0.450265
240 247 3577 0.999649 0.0214924 -0.0154703 0.957145 -0.0216678 0.999702 -0.0112601 -0.19919 0.0152237 0.0115913 0.999817 0.210229
240 248 5516 0.999448 0.0147697 -0.0297494 0.968464 -0.0151034 0.999825 -0.0110233 -0.0332523 0.0295814 0.0114665 0.999497 0.246925
240 249 5178 0.999387 0.0174448 -0.0303402 0.971994 -0.0177503 0.999794 -0.00982675 0.0344385 0.0301625 0.0103593 0.999491 0.232467
240 250 3986 0.999627 0.0257686 -0.00906598 0.925629 -0.025751 0.999666 0.00206008 -0.090202 0.00911604 -0.00182585 0.999957 0.367526
240 251 4044 0.999806 0.0105739 -0.0166206 0.880128 -0.010694 0.999917 -0.00715063 0.0649317 0.0165436 0.00732698 0.999836 0.470275
240 252 4051 0.999845 0.0175594 0.00107596 0.893761 -0.0175632 0.999839 0.00358032 -0.0240807 -0.00101292 -0.00359867 0.999993 0.447897
240 253 3587 0.999831 0.0134647 0.0125143 0.875155 -0.0135773 0.999868 0.00896067 -0.0701725 -0.0123919 -0.00912907 0.999882 0.478727
240 254 3597 0.999977 0.0028391 0.00622457 0.903056 -0.00287307 0.999981 0.00545528 -0.0198784 -0.00620896 -0.00547304 0.999966 0.429063
255 256 6618 0.999755 -0.0152277 -0.0160655 0.841331 0.0150347 0.999814 -0.0120703 0.527783 0.0162464 0.0118258 0.999798 0.116645
255 257 2338 0.999766 -0.0207629 -0.00599392 0.936992 0.0207724 0.999783 0.00151399 0.200589 0.00596118 -0.00163814 0.999981 0.286023
255 258 2229 0.999856 -0.0155385 0.0068105 0.560732 0.0154887 0.999853 0.00729714 -0.107523 -0.00692289 -0.00719061 0.99995 0.820986
255 259 5439 0.999758 -0.0210997 -0.0062645 0.841969 0.0211042 0.999777 0.000649923 0.0578948 0.00624939 -0.000781972 0.99998 0.536411
255 260 5211 0.999724 -0.0232731 -0.00334284 0.818537 0.0232643 0.999726 -0.00262353 0.161033 0.00340298 0.00254503 0.999991 0.551422
255 261 6677 0.99978 -0.018719 -0.00948123 0.807045 0.0186629 0.999808 -0.00597377 0.165113 0.00959124 0.00579551 0.999937 0.566936
255 262 5981 0.999493 -0.0197347 -0.0249695 0.891254 0.0195157 0.999769 -0.00898777 0.170609 0.0251411 0.00849593 0.999648 0.42019
255 263 5584 0.999076 -0.0294314 -0.0313155 0.873955 0.0293047 0.99956 -0.00449627 0.195017 0.0314341 0.00357442 0.999499 0.445164
255 264 5503 0.999371 -0.0296447 -0.0194636 0.754217 0.0297047 0.999555 0.00279685 0.0995249 0.019372 -0.00337325 0.999807 0.649039
255 265 5507 0.99901 -0.0245101 -0.0371377 0.868661 0.0245162 0.999699 -0.000291644 0.0887641 0.0371336 -0.000619119 0.99931 0.48739
255 266 5147 0.998961 -0.0281273 -0.0358457 0.810006 0.0281465 0.999604 3.06633e-05 0.0878763 0.0358307 -0.00103956 0.999357 0.5798
255 267 4189 0.999605 -0.0225364 -0.0168071 0.669525 0.022715 0.999687 0.010515 -0.0736036 0.0165649 -0.0108926 0.999803 0.739134
255 268 4809 0.997896 -0.0337672 -0.055351 0.853751 0.0332923 0.999401 -0.00948065 0.100459 0.0556379 0.00761794 0.998422 0.510898
255 269 4590 0.998858 -0.0247099 -0.0408929 0.799345 0.0247558 0.999693 0.000616643 -0.00312702 0.0408651 -0.00162828 0.999163 0.600864
270 271 170 0.999988 0.00152709 -0.00472607 0.709231 -0.00149884 0.999981 0.00597443 -0.354898 0.0047351 -0.00596727 0.999971 0.60913
270 272 4180 0.999921 0.0093774 -0.00831168 0.824023 -0.00933317 0.999942 0.00534528 -0.225692 0.00836132 -0.00526729 0.999951 0.519663
270 273 6410 0.999882 0.0145439 -0.00499861 0.816676 -0.0145055 0.999866 0.00763564 -0.230572 0.00510899 -0.00756223 0.999958 0.529034
270 274 6850 0.999888 0.0143795 -0.00406557 0.669678 -0.014345 0.999862 0.00840148 -0.161498 0.00418582 -0.00834223 0.999956 0.724879
270 275 6458 0.999912 0.0052236 -0.0122187 0.72234 -0.00527284 0.999978 -0.00400092 0.0881291 0.0121976 0.00406499 0.999917 0.685899
270 276 5710 0.99989 0.0129196 -0.00733229 0.693887 -0.0128422 0.999862 0.0105081 -0.170403 0.00746704 -0.0104128 0.999918 0.699632
270 277 5549 0.99991 0.0117074 -0.00658566 0.689885 -0.0116542 0.9999 0.00806777 -0.114159 0.00667945 -0.00799029 0.999946 0.714861
270 278 5381 0.999482 0.00763347 -0.0312517 0.839312 -0.00755425 0.999968 0.00265233 -0.0257489 0.0312709 -0.00241488 0.999508 0.54304
270 279 4461 0.999877 0.00875057 -0.0129798 0.721621 -0.008633 0.999921 0.00908686 -0.0746361 0.0130583 -0.0089737 0.999874 0.688254
270 280 4256 0.999692 0.0245834 -0.00338042 0.746073 -0.0245135 0.999512 0.0193769 -0.164929 0.00385512 -0.019288 0.999807 0.645116
270 281 4168 0.999765 0.0213843 0.00350978 0.675756 -0.0214261 0.999694 0.0123251 -0.117924 -0.00324515 -0.0123974 0.999918 0.727631
270 282 4030 0.999733 0.0225106 -0.00520675 0.747353 -0.0224491 0.999681 0.011588 -0.079397 0.00546594 -0.011468 0.999919 0.659666
270 283 3618 0.999333 0.0351083 0.0100163 0.677771 -0.0353533 0.999051 0.0254405 -0.190094 -0.00911364 -0.0257777 0.999626 0.710275
270 284 4055 0.999753 0.0221784 0.00136703 0.735801 -0.0221949 0.999661 0.0135891 -0.111679 -0.00106518 -0.0136161 0.999907 0.667926
285 286 7564 0.999701 0.00223075 -0.0243675 0.902473 -0.00258668 0.99989 -0.014585 0.305003 0.0243323 0.0146437 0.999597 0.304163
285 287 3045 0.999954 0.00078143 0.00955966 0.27745 -0.000709646 0.999972 -0.00751018 -0.203118 -0.00956526 0.00750305 0.999926 0.939023
285 288 2262 0.999973 0.00298089 0.00672551 0.689227 -0.00292685 0.999963 -0.0080306 -0.216024 -0.0067492 0.00801069 0.999945 0.691592
285 289 4695 0.999987 0.00306074 0.00419716 0.691375 -0.00302387 0.999957 -0.00876296 -0.192878 -0.0042238 0.00875015 0.999953 0.696275
285 290 5837 0.999969 0.00768911 -0.0019657 0.711049 -0.00771038 0.999909 -0.0110488 -0.25679 0.00188057 0.0110636 0.999937 0.654574
285 291 6600 0.99984 0.00908526 -0.0154205 0.93366 -0.00932072 0.99984 -0.0152667 -0.145973 0.0152793 0.0154079 0.999765 0.327063
285 292 5494 0.999898 0.0141889 -0.00168528 0.740415 -0.0142111 0.999801 -0.0139937 -0.225397 0.00148639 0.0140162 0.999901 0.633231
285 293 5568 0.99949 0.0146386 -0.028389 0.880666 -0.0151457 0.999728 -0.017731 -0.152957 0.0281217 0.018152 0.99944 0.448365
285 294 5426 0.999105 0.0160596 -0.039127 0.914125 -0.0168311 0.999669 -0.0194692 -0.143071 0.0388013 0.0201103 0.999045 0.379349
285 295 4868 0.9995 0.0282925 -0.014132 0.817989 -0.0285323 0.999447 -0.0170598 -0.241166 0.0136415 0.0174544 0.999755 0.522239
285 296 4236 0.998607 0.0371389 -0.0374844 0.853622 -0.0378889 0.999092 -0.0195002 -0.198972 0.0367261 0.0208933 0.999107 0.481394
285 297 4410 0.998777 0.0472857 -0.0144619 0.802903 -0.047552 0.998695 -0.018657 -0.30771 0.0135608 0.0193218 0.999721 0.510549
285 298 3972 0.998726 0.0496445 -0.00900096 0.738844 -0.0497968 0.998605 -0.0175809 -0.298676 0.00811561 0.0180067 0.999805 0.604072
285 299 4047 0.998813 0.0426299 -0.0235726 0.777629 -0.0430855 0.998887 -0.0191686 -0.250234 0.0227292 0.0201615 0.999538 0.576781
300 301 121 1 -4.996e-15 -3.77476e-15 0.66689 5.16254e-15 1 3.38618e-15 0.321895 3.77476e-15 -3.27516e-15 1 -0.672042
300 302 8065 0.999756 0.000101681 -0.0220749 0.851915 -0.000410383 0.999902 -0.0139803 0.486958 0.0220713 0.0139859 0.999659 0.192646
300 303 5108 0.999721 -0.000212712 -0.0236179 0.999971 0.000138844 0.999995 -0.00312923 -0.002905 0.0236184 0.00312508 0.999716 0.00709216
300 304 313 0.999943 0.00321549 -0.0101535 0.820475 -0.00320465 0.999994 0.0010837 -0.193422 0.0101569 -0.0010511 0.999948 0.537967
300 305 7345 0.999386 -0.000209994 -0.035034 0.974826 5.29187e-05 0.99999 -0.00448439 0.113073 0.0350346 0.00447978 0.999376 0.192169
300 306 7110 0.998737 0.002352 -0.0501882 0.971964 -0.00287099 0.999943 -0.0102713 0.187722 0.0501612 0.0104024 0.998687 0.141584
300 307 4358 0.999722 0.0117707 -0.020433 0.92637 -0.0116602 0.999917 0.00552001 -0.100118 0.0204963 -0.00528022 0.999776 0.363063
300 308 6027 0.99915 0.0116288 -0.039545 0.962407 -0.0115055 0.999928 0.00334409 -0.00443744 0.0395811 -0.00288626 0.999212 0.271575
300 309 6032 0.995629 0.00805207 -0.0930466 0.938716 -0.0108875 0.99949 -0.0300063 0.301086 0.0927575 0.0308882 0.99521 0.167807
300 310 5560 0.997327 0.011589 -0.0721474 0.983977 -0.0118759 0.999923 -0.0035482 0.125042 0.0721008 0.00439553 0.997388 0.127094
300 311 5346 0.99836 0.0101548 -0.0563326 0.983112 -0.0100009 0.999945 0.00301239 0.0746801 0.0563601 -0.00244407 0.998408 0.167076
300 312 5011 0.997049 0.0167353 -0.0749229 0.986854 -0.0163807 0.999852 0.00534433 0.0322264 0.0750012 -0.00410127 0.997175 0.158368
300 313 4293 0.997655 0.0189654 -0.0657615 0.979482 -0.0182631 0.99977 0.011264 0.00765243 0.06596 -0.0100366 0.997772 0.201387
300 314 3385 0.993477 0.0351096 -0.108492 0.982436 -0.0345952 0.999379 0.006621 0.0215818 0.108657 -0.0028245 0.994075 0.185347
315 316 220 0.999996 -0.0028122 0.000102264 0.395047 0.00281307 0.999948 -0.00981981 0.646649 -7.46432e-05 0.00982006 0.999952 -0.652521
315 317 364 0.999987 0.00482324 0.00154941 -0.652219 -0.00480755 0.999939 -0.00997517 0.0791088 -0.00159743 0.00996759 0.999949 -0.753891
315 318 4250 0.999696 0.00646912 -0.0237842 0.981526 -0.00688878 0.999821 -0.0176049 0.189836 0.0236661 0.0177634 0.999562 -0.0238453
315 319 4052 0.999613 0.00491669 -0.027374 0.97902 -0.00535412 0.999859 -0.0159294 0.035228 0.0272918 0.0160698 0.999498 -0.200696
315 320 4922 0.998088 0.0130248 -0.0604138 0.957403 -0.0151602 0.999271 -0.0350238 0.288507 0.0599136 0.0358728 0.997559 0.0119507
315 321 4217 0.999124 0.0222694 -0.0354178 0.998629 -0.0229217 0.999573 -0.0181213 0.00290743 0.0349991 0.0189173 0.999208 -0.0522639
315 322 4439 0.997955 0.0400292 -0.0498378 0.970957 -0.0404587 0.999152 -0.00763865 -0.237459 0.0494897 0.0096394 0.998728 0.0292705
315 323 3223 0.998345 0.0441597 -0.0368376 0.998605 -0.0448152 0.998848 -0.0171635 -0.00155017 0.0360372 0.018786 0.999174 -0.0527763
