0 1 780 0.999998 -0.00189732 0.000433412 0.0539148 0.00189635 0.999996 0.00221922 -0.0627582 -0.00043762 -0.00221839 0.999997 -0.996571
0 2 255 0.999993 -0.00337235 0.00137151 -0.717216 0.0033696 0.999992 0.00199877 0.00303773 -0.00137824 -0.00199414 0.999997 0.696844
0 3 597 0.999997 -0.00231347 -5.22194e-06 -0.0555701 0.00231347 0.999996 0.00150509 0.187914 1.73993e-06 -0.0015051 0.999999 0.980612
0 4 798 0.99999 -0.00425507 0.00111368 -0.197613 0.00425224 0.999988 0.00253089 0.0857669 -0.00112444 -0.00252613 0.999996 0.976521
0 5 278 0.999988 -0.00382508 -0.00304369 0.665092 0.00382959 0.999992 0.00147643 0.150317 0.00303802 -0.00148807 0.999994 0.731476
0 6 496 0.999994 -0.00324108 -0.000782139 0.321091 0.00324262 0.999993 0.00197063 -0.308354 0.000775746 -0.00197315 0.999998 -0.895443
0 7 1035 0.999988 -0.00478016 0.000544062 0.000874087 0.00477816 0.999982 0.00360711 -0.130854 -0.000561295 -0.00360447 0.999993 0.991401
0 8 241 0.999987 -0.00478798 0.00195502 -0.708823 0.00478191 0.999984 0.00310028 -0.25054 -0.00196983 -0.00309089 0.999993 0.659393
0 9 665 0.999959 -0.00888244 -0.00175649 -0.199799 0.00888665 0.999958 0.00240552 0.3019 0.00173505 -0.00242103 0.999996 0.932168
0 10 1105 0.999979 -0.00553821 -0.00345334 0.397151 0.00555106 0.999978 0.00372272 -0.0922499 0.00343264 -0.00374181 0.999987 0.913105
0 11 591 0.999987 -0.00462159 -0.00200584 -0.183485 0.00462484 0.999988 0.00161905 0.32713 0.00199834 -0.0016283 0.999997 0.926995
0 12 960 0.999994 0.00338992 0.000882586 -0.22105 -0.00339199 0.999991 0.0023593 0.0645173 -0.000874581 -0.00236228 0.999997 0.973126
0 13 1210 0.999985 0.0047694 -0.00285065 0.414119 -0.00475801 0.999981 0.00398742 -0.107014 0.00286961 -0.0039738 0.999988 0.90391
0 14 568 0.99993 0.00653699 -0.00982997 0.943526 -0.00648564 0.999965 0.00524593 -0.201234 0.00986392 -0.00518181 0.999938 0.26318
15 16 947 1 -0.000653731 -0.000591648 -0.249386 0.000653903 1 0.000289879 0.0200438 0.000591459 -0.000290265 1 0.968197
15 17 1041 0.999995 0.00056092 -0.00296155 0.114306 -0.000556941 0.999999 0.00134416 -0.0482001 0.0029623 -0.0013425 0.999995 0.992276
15 18 882 0.999993 0.00360848 -0.00131413 0.0083722 -0.00360714 0.999993 0.00102488 0.0921921 0.00131782 -0.00102013 0.999999 0.995706
15 19 979 0.99997 0.00755972 0.00144416 -0.0446576 -0.00756299 0.999969 0.00226768 0.0488517 -0.00142697 -0.00227854 0.999996 0.997807
15 20 10761 0.999815 0.00704828 -0.0179171 0.933289 -0.00709964 0.999971 -0.00280412 0.224357 0.0178968 0.00293081 0.999836 0.280422
15 21 1368 0.999984 0.00522717 0.00223545 0.0278908 -0.00522969 0.999986 0.00112458 0.0235795 -0.00222954 -0.00113625 0.999997 0.999333
15 22 445 0.999966 0.00680911 -0.0045994 0.800376 -0.00678837 0.999967 0.00450997 -0.125726 0.00462996 -0.0044786 0.999979 0.586166
15 23 612 0.999971 0.0046132 0.00605707 -0.519649 -0.00462243 0.999988 0.00151063 0.1661 -0.00605003 -0.00153858 0.999981 0.838079
15 24 349 0.999998 -8.61645e-05 -0.00208182 0.727735 9.43724e-05 0.999992 0.00394288 0.0876495 0.00208146 -0.00394307 0.99999 0.680235
15 25 1653 0.999983 0.00411446 0.00414591 -0.176996 -0.00413518 0.999979 0.00500024 0.108753 -0.00412525 -0.0050173 0.999979 0.978185
15 26 9595 0.999865 0.00280307 -0.0162125 0.899102 -0.00279566 0.999996 0.0004799 0.0676799 0.0162138 -0.00043451 0.999868 0.432475
15 27 3359 0.999988 0.00171088 0.00463652 -0.020997 -0.00171781 0.999997 0.00149184 0.00806615 -0.00463395 -0.00149979 0.999988 0.999747
15 28 10260 0.999887 0.00103875 -0.0149928 0.804802 -0.00108329 0.999995 -0.00296264 0.129777 0.0149897 0.00297855 0.999883 0.579182
15 29 11810 0.999704 0.00252261 -0.0241865 0.892009 -0.00249913 0.999996 0.001001 -0.0627895 0.0241889 -0.000940256 0.999707 0.447636
30 31 923 1 -0.000597905 0.000534262 0.0102747 0.000599784 0.999994 -0.00352478 0.00559692 -0.000532151 0.0035251 0.999994 -0.999932
30 32 497 0.999976 -0.00496363 -0.00483751 0.878478 0.00494303 0.999979 -0.00425984 0.102843 0.00485855 0.00423582 0.999979 -0.466584
30 33 503 0.999985 -0.00456222 -0.00288245 0.902083 0.00455228 0.999984 -0.00344726 -0.163652 0.00289813 0.00343408 0.99999 0.39933
30 34 1311 0.999952 -0.00132345 0.00972073 0.0359316 0.00144944 0.999915 -0.0129654 -0.00932158 -0.00970274 0.0129788 0.999869 0.999311
30 35 536 0.999928 -0.00131936 0.0119217 0.528931 0.00147834 0.99991 -0.0133361 0.0149431 -0.011903 0.0133528 0.99984 -0.848533
30 36 359 0.999884 -0.00517851 0.014329 -0.61883 0.00537292 0.999894 -0.0135625 -0.0283144 -0.0142572 0.0136379 0.999805 0.785014
30 37 984 0.999863 -0.00408121 0.016055 0.402047 0.00425782 0.999931 -0.0109813 -0.0275144 -0.0160091 0.0110482 0.999811 -0.915206
30 38 614 0.999843 -0.00651083 0.0164866 0.607552 0.00665127 0.999942 -0.00847818 -0.00362295 -0.0164305 0.0085865 0.999828 -0.794272
30 39 1535 0.999762 -0.00866565 0.0200349 0.0128337 0.00882212 0.999931 -0.00773485 0.0157814 -0.0199665 0.00790976 0.999769 0.999793
30 40 1564 0.999805 -0.00575054 0.01891 0.673037 0.0057661 0.999983 -0.000768725 -0.189797 -0.0189052 0.000877612 0.999821 -0.714842
30 41 1232 0.999591 -0.00763447 0.0275615 0.43969 0.00756761 0.999968 0.0025294 -0.0151065 -0.02758 -0.00231979 0.999617 -0.898022
30 42 9444 0.999965 -0.00434362 0.00712935 0.99575 0.00434939 0.99999 -0.000793422 0.00258205 -0.00712583 0.000824403 0.999974 0.0920569
30 43 8556 0.999986 -0.002542 0.00459385 0.989815 0.00254197 0.999997 1.36347e-05 -0.138041 -0.00459387 -1.95715e-06 0.999989 -0.0347989
30 44 11135 0.999936 -0.00790792 -0.00803504 0.992936 0.00788438 0.999965 -0.00295751 0.103092 0.00805814 0.00289397 0.999963 -0.0587441
45 46 10877 0.999666 0.00626459 -0.0250914 0.996227 -0.00618066 0.999975 0.00342131 0.0110525 0.0251122 -0.00326508 0.999679 -0.0860825
45 47 1183 0.99996 0.00891602 -0.000396901 0.20829 -0.00891189 0.999916 0.00940477 -0.0274021 0.00048072 -0.00940086 0.999956 -0.977683
45 48 304 0.999864 0.0164068 0.00141209 0.850729 -0.0164221 0.999798 0.0116193 0.178393 -0.00122117 -0.0116409 0.999931 0.494405
45 49 188 0.999863 0.0164978 0.000924041 0.97366 -0.0165114 0.999711 0.0174966 -0.227583 -0.000635119 -0.0175095 0.999846 -0.013839
45 50 858 0.999798 0.0200087 0.00186349 -0.0555971 -0.0200385 0.999644 0.0176036 0.107912 -0.0015106 -0.0176374 0.999843 0.992605
45 51 549 0.999773 0.0211705 -0.0023186 0.0442384 -0.021132 0.999656 0.0155247 0.32521 0.00264647 -0.0154722 0.999877 0.944606
45 52 11423 0.999236 0.0221365 -0.0321934 0.999744 -0.0217031 0.99967 0.0137492 0.0157482 0.0324871 -0.01304 0.999387 0.0162454
45 53 8501 0.999432 0.0204032 -0.0268241 0.92669 -0.0200335 0.999702 0.0139818 -0.138326 0.0271014 -0.0134364 0.999542 0.349446
45 54 1344 0.999488 0.030715 -0.00892529 0.0156489 -0.0306731 0.999518 0.00478573 0.193839 0.00906798 -0.00450951 0.999949 0.980909
45 55 593 0.999377 0.027915 -0.0215984 0.763316 -0.0278846 0.99961 0.00170599 0.220208 0.0216376 -0.00110266 0.999765 0.607336
45 56 1593 0.999175 0.0236043 -0.0330422 0.9821 -0.0235358 0.99972 0.00246046 -0.0400728 0.0330911 -0.00168075 0.999451 0.184046
45 57 10792 0.997881 0.027734 -0.0588522 0.982372 -0.0276443 0.999615 0.002337 -0.0938947 0.0588943 -0.000705118 0.998264 0.161648
45 58 10942 0.997459 0.0292122 -0.0649721 0.977403 -0.0299089 0.999505 -0.00977609 0.171541 0.0646543 0.0116945 0.997839 0.12352
45 59 10979 0.997112 0.0341112 -0.0678472 0.991182 -0.0343721 0.999406 -0.00268124 0.0449382 0.0677154 0.00500555 0.997692 -0.124652
60 61 862 0.999988 0.00481046 0.000862666 0.170735 -0.00481299 0.999984 0.00295554 -0.112702 -0.000848435 -0.00295966 0.999995 -0.97885
60 62 1199 0.999981 0.00598012 0.00168405 0.401569 -0.00599369 0.999949 0.00817111 -0.0984644 -0.0016351 -0.00818105 0.999965 -0.91052
60 63 1147 0.999942 0.00804623 0.00709757 -0.0545444 -0.0081226 0.999909 0.010798 0.0650276 -0.00701003 -0.010855 0.999917 0.996392
60 64 2299 0.99993 0.0117943 -0.00084476 0.98583 -0.0117871 0.999898 0.0080397 -0.0507333 0.000939496 -0.00802918 0.999967 0.159893
60 65 11672 0.999907 0.00993747 -0.0093127 0.994363 -0.00990773 0.999946 0.00323444 0.0662722 0.00934433 -0.00314187 0.999951 0.0827617
60 66 3821 0.999961 0.0079496 0.00387711 0.948812 -0.00796128 0.999964 0.00300635 -0.0150968 -0.00385307 -0.0030371 0.999988 0.31548
60 67 493 0.999781 0.00195187 0.0208367 -0.73564 -0.00194167 0.999998 -0.000509918 -0.02622 -0.0208377 0.000469348 0.999783 0.676865
60 68 10910 0.999976 0.0059015 -0.00354014 0.968625 -0.00591059 0.999979 -0.00256125 -0.00568476 0.00352495 0.00258211 0.99999 0.248463
60 69 8583 0.999935 0.00961551 0.00610351 0.941515 -0.00962888 0.999951 0.00216424 -0.265718 -0.0060824 -0.00222287 0.999979 -0.207229
60 70 11096 0.999361 0.0170692 -0.0314119 0.999177 -0.0172592 0.999834 -0.00578688 0.0401974 0.0313079 0.00632533 0.99949 -0.00546836
60 71 10674 0.999835 0.0150437 -0.0101361 0.998613 -0.0150749 0.999882 -0.00300495 0.0421843 0.0100897 0.00315725 0.999944 0.0315092
60 72 10858 0.99945 0.0254603 -0.0212713 0.997366 -0.0253791 0.99967 0.00407864 -0.0686031 0.0213681 -0.00353655 0.999765 -0.0235332
60 73 10828 0.999099 0.0283231 -0.0315997 0.9863 -0.0279665 0.999541 0.0116695 -0.164859 0.0319157 -0.0107753 0.999432 -0.00583557
60 74 10439 0.999747 0.0194717 -0.0112515 0.98371 -0.0195172 0.999802 -0.00394746 -0.0708225 0.0111724 0.00416606 0.999929 0.165224
75 76 909 0.99999 -0.00371768 -0.00252446 0.144195 0.00371188 0.99999 -0.00229986 0.0508277 0.00253299 0.00229047 0.999994 -0.988243
75 77 1317 0.999989 -0.000331201 -0.00473648 0.371844 0.000324572 0.999999 -0.00140034 -0.029417 0.00473694 0.00139878 0.999988 -0.927829
75 78 426 0.999988 -0.00474293 -0.00128199 0.651323 0.00474391 0.999988 0.000763462 0.0819578 0.00127835 -0.000769535 0.999999 -0.754361
75 79 3751 0.999929 0.00401455 -0.0112552 0.972453 -0.00407805 0.999976 -0.00562455 0.181534 0.0112323 0.00567005 0.999921 0.146225
75 80 453 0.999953 0.0050988 0.00824955 0.71825 -0.00508556 0.999986 -0.00162582 -0.0303524 -0.00825772 0.00158379 0.999965 -0.695123
75 81 774 0.999992 0.00268825 0.00294868 0.75635 -0.00269198 0.999996 0.00126284 -0.0600692 -0.00294527 -0.00127077 0.999995 -0.651404
75 82 735 0.999963 -0.00635164 -0.00578424 0.889046 0.00635892 0.999979 0.00123966 0.040544 0.00577625 -0.00127639 0.999983 0.456019
75 83 11240 0.999453 -0.00542825 -0.0326172 0.980599 0.00521739 0.999965 -0.00654611 0.196002 0.0326516 0.00637236 0.999446 -0.00292172
75 84 11092 0.998698 0.000849786 -0.0510049 0.995038 -0.000429888 0.999966 0.00824292 -0.0909065 0.0510102 -0.00821026 0.998664 0.0404376
75 85 10968 0.998833 -0.00214591 -0.0482591 0.997449 0.00231016 0.999992 0.00334794 0.0479244 0.0482515 -0.00345552 0.998829 0.0529072
75 86 10442 0.999434 -0.00534349 -0.033226 0.999497 0.00569015 0.99993 0.0103476 -0.00930319 0.0331684 -0.0105308 0.999394 -0.0303172
75 87 10341 0.999679 0.000776492 -0.0253043 0.982927 -0.000304415 0.999826 0.0186545 -0.111963 0.0253144 -0.0186409 0.999506 0.146006
75 88 10163 0.99857 0.00864279 -0.0527543 0.985969 -0.00777959 0.999833 0.016546 -0.00605533 0.0528885 -0.0161119 0.99847 0.166817
75 89 10165 0.999189 0.0106938 -0.0388109 0.996675 -0.00995929 0.999769 0.0190708 -0.000129018 0.0390059 -0.0186688 0.999065 0.0814816
90 91 8297 0.999873 0.00124666 -0.0158934 0.933399 -0.00120661 0.999996 0.00252951 0.215497 0.0158965 -0.00251001 0.99987 0.286928
90 92 1318 0.999978 0.00234992 0.00615721 0.529156 -0.00240984 0.99995 0.00974166 -0.220481 -0.006134 -0.00975628 0.999934 0.819379
90 93 10431 0.999765 0.0125895 -0.0176671 0.94098 -0.0125193 0.999913 0.00407881 0.0734295 0.0177169 -0.00385667 0.999836 0.330401
90 94 10908 0.99972 0.0173641 -0.016099 0.948074 -0.0170824 0.999701 0.0174721 -0.221561 0.0163976 -0.0171922 0.999718 0.22818
90 95 5803 0.999863 0.0123124 0.011044 0.862046 -0.0123429 0.99992 0.00269957 -0.0197036 -0.0110099 -0.00283551 0.999935 0.506446
90 96 10566 0.999939 0.00664445 -0.00880482 0.879159 -0.00663313 0.999977 0.00131432 -0.0291823 0.00881336 -0.00125583 0.99996 0.475633
90 97 8677 0.999908 0.00718191 0.0114687 0.589914 -0.00717449 0.999974 -0.000687923 -0.0937829 -0.0114733 0.000605578 0.999934 0.802002
90 98 9960 0.999541 0.00442615 -0.0299831 0.914817 -0.00450157 0.999987 -0.00244852 -0.116309 0.0299719 0.00258237 0.999547 0.386759
90 99 9877 0.999507 0.00484321 -0.0310099 0.915249 -0.00513013 0.999945 -0.00917966 -0.149056 0.0309638 0.00933422 0.999477 0.374302
90 100 9733 0.999596 0.000159205 -0.0284383 0.943751 -0.000433985 0.999953 -0.00965641 -0.165622 0.0284354 0.00966484 0.999549 0.286187
90 101 8991 0.999432 -0.00666019 -0.0330469 0.944973 0.00613453 0.999853 -0.0159824 -0.142234 0.0331485 0.0157706 0.999326 0.294612
90 102 8922 0.999077 -0.00950019 -0.0418929 0.950177 0.00824332 0.999514 -0.0300735 -0.0618688 0.0421582 0.0297004 0.998669 0.30551
90 103 8590 0.999022 -0.00458976 -0.043975 0.939084 0.00406802 0.99992 -0.0119467 -0.271443 0.0440263 0.0117561 0.998961 0.210806
90 104 8276 0.999945 -0.0104943 0.000500189 0.917676 0.0105048 0.999449 -0.0314901 -0.226996 -0.000169447 0.0314936 0.999504 0.326104
105 106 212 0.999999 0.000668979 -0.000946848 0.827348 -0.000669596 1 -0.000651505 -0.422826 0.000946411 0.000652138 0.999999 -0.369747
105 107 8094 0.999962 0.00178026 -0.00856393 0.975498 -0.0018891 0.999917 -0.012718 0.213117 0.00854058 0.0127337 0.999882 0.0546356
105 108 9837 0.999916 0.00915305 -0.00920921 0.998835 -0.00927108 0.999874 -0.0128565 -0.0345248 0.00909038 0.0129408 0.999875 -0.0337097
105 109 2886 0.99974 0.00584897 0.0220585 0.248685 -0.00547625 0.999842 -0.0169197 0.114757 -0.022154 0.0167945 0.999613 -0.961762
105 110 2735 0.999783 0.0114037 0.017422 0.722512 -0.0111491 0.999831 -0.0146389 -0.0627406 -0.017586 0.0144415 0.999741 -0.688506
105 111 9038 0.999942 0.00838689 0.00671829 0.888453 -0.00827245 0.999823 -0.0168839 0.033726 -0.0068587 0.0168274 0.999835 -0.457726
105 112 9447 0.999937 0.0108494 -0.00299562 0.813145 -0.0108503 0.999941 -0.000280937 -0.36102 0.00299239 0.000313423 0.999995 -0.456574
105 113 3916 0.999655 0.00968769 0.0244042 0.351096 -0.00922075 0.999774 -0.0191739 0.00701075 -0.0245844 0.0189423 0.999518 -0.936313
105 114 8519 0.999954 0.00195344 -0.00934838 0.829771 -0.00212989 0.999819 -0.0189025 0.0599738 0.00930976 0.0189216 0.999778 -0.554872
105 115 8849 0.999929 0.00670075 -0.0098716 0.841293 -0.00688572 0.999799 -0.0188239 0.153314 0.00974348 0.0188906 0.999774 -0.518384
105 116 8651 0.999906 0.0135033 0.002324 0.736877 -0.0134888 0.99989 -0.00613681 -0.0432924 -0.00240661 0.00610489 0.999978 -0.674639
105 117 8228 0.999787 0.0144857 -0.0146927 0.821234 -0.0146599 0.999823 -0.01182 0.0995299 0.0145189 0.0120329 0.999822 -0.561843
105 118 8226 0.999932 0.00837618 -0.00817309 0.81696 -0.00842365 0.999948 -0.00579007 0.113171 0.00812417 0.00585852 0.99995 -0.565481
105 119 8256 0.999261 0.0200839 -0.0327872 0.885649 -0.0199513 0.999791 0.00436575 0.0175555 0.0328681 -0.00370837 0.999453 -0.464022
120 121 1157 0.999989 0.00358497 0.00306123 0.163257 -0.00360204 0.999978 0.00558955 0.303377 -0.00304113 -0.00560051 0.99998 -0.938781
120 122 1066 0.999952 0.00879145 0.00441147 0.372173 -0.00885584 0.999851 0.0147938 -0.147687 -0.00428076 -0.0148322 0.999881 -0.916338
120 123 2283 0.999836 0.0143092 0.0111406 0.0377453 -0.0144754 0.999783 0.0149875 -0.0707283 -0.0109237 -0.0151463 0.999826 -0.996781
120 124 9163 0.999732 0.0203977 -0.0109815 0.923875 -0.0203082 0.99976 0.00820019 0.101397 0.0111462 -0.00797498 0.999906 -0.369017
120 125 8305 0.999703 0.023669 0.00583594 0.672609 -0.0237022 0.999703 0.00569565 0.224757 -0.00569939 -0.00583228 0.999967 -0.70504
120 126 8175 0.999578 0.0275591 0.00922676 0.529968 -0.0275985 0.99961 0.00417695 0.158851 -0.00910805 -0.00442983 0.999949 -0.833007
120 127 8846 0.9994 0.0342949 -0.00482795 0.703016 -0.0342925 0.999412 0.000581767 0.107297 0.00484506 -0.000415855 0.999988 -0.703033
120 128 8360 0.999737 0.02102 0.00912351 0.242593 -0.0209666 0.999763 -0.00590898 0.314118 -0.00924555 0.00571614 0.999941 -0.917866
120 129 8706 0.999497 0.0303909 -0.00904244 0.528435 -0.0304585 0.999508 -0.00743673 0.289742 0.00881198 0.00770841 0.999931 -0.798001
120 130 8663 0.999113 0.0398625 -0.0135961 0.525448 -0.0398553 0.999205 0.000798651 0.146555 0.0136171 -0.000256065 0.999907 -0.838109
120 131 8764 0.998504 0.0380765 -0.0392537 0.706879 -0.0388092 0.999083 -0.0180759 0.371699 0.0385294 0.0195722 0.999066 -0.601799
120 132 8618 0.998644 0.0354968 -0.0380938 0.627037 -0.0359114 0.999302 -0.0102556 0.33617 0.0377032 0.0116096 0.999222 -0.70272
120 133 8281 0.999068 0.0380517 -0.0203925 0.431543 -0.0380875 0.999273 -0.00136999 0.301178 0.0203256 0.00214541 0.999791 -0.850331
120 134 8308 0.998978 0.0338476 -0.0299688 0.424161 -0.0342178 0.999343 -0.0119272 0.414557 0.0295454 0.0129405 0.99948 -0.805127
135 136 1044 0.999993 0.00369492 -0.000777239 0.280236 -0.00369141 0.999983 0.00447406 -0.019115 0.000793757 -0.00447116 0.99999 -0.959741
135 137 1143 0.999988 0.00460202 0.00142308 -0.0137318 -0.00460798 0.999981 0.00421474 -0.25623 -0.00140365 -0.00422125 0.99999 -0.966518
135 138 2866 0.999972 0.00687747 -0.00307583 0.121381 -0.00685811 0.999957 0.00625965 -0.0768175 0.00311875 -0.00623838 0.999976 -0.989629
135 139 3758 0.999954 0.00361066 -0.00883152 0.233657 -0.00354472 0.999966 0.00747093 0.0489888 0.00885819 -0.00743928 0.999933 -0.971084
135 140 5000 0.999914 0.00404114 -0.0124917 0.337684 -0.00392159 0.999946 0.00957988 0.0413005 0.0125297 -0.00953007 0.999876 -0.940353
135 141 8309 0.999817 0.0033738 -0.0188151 0.504437 -0.00338037 0.999994 -0.000317691 0.445452 0.0188139 0.000381235 0.999823 -0.739673
135 142 8420 0.999792 0.00805571 -0.0187467 0.337502 -0.00797542 0.999959 0.00435369 0.268409 0.0187809 -0.00420327 0.999815 -0.902247
135 143 9386 0.999305 0.0126442 -0.0350592 0.576396 -0.0125388 0.999916 0.00322625 0.31859 0.0350971 -0.0027844 0.99938 -0.752508
135 144 9423 0.999064 0.0135638 -0.0410868 0.625226 -0.0133702 0.999898 0.00498146 0.359905 0.0411502 -0.00442746 0.999143 -0.692503
135 145 9062 0.999001 0.021472 -0.0391846 0.498678 -0.020937 0.999683 0.0140125 0.26127 0.0394731 -0.0131781 0.999134 -0.826473
135 146 8850 0.998037 0.0219263 -0.0586682 0.645063 -0.0220107 0.999757 -0.000791807 0.473093 0.0586366 0.00208158 0.998277 -0.600064
135 147 8441 0.998682 0.0327628 -0.0395084 0.452746 -0.0315509 0.999024 0.0309186 0.190853 0.0404828 -0.0296313 0.998741 -0.870974
135 148 8349 0.998667 0.0371243 -0.0358498 0.397177 -0.0358707 0.998743 0.0349999 0.243416 0.0371041 -0.0336673 0.998744 -0.884872
135 149 7945 0.998208 0.0336341 -0.0494903 0.514306 -0.0321458 0.999016 0.0305692 0.334709 0.0504697 -0.0289235 0.998307 -0.789594
150 151 191 0.999957 0.00916195 0.00137378 0.090718 -0.00917165 0.999932 0.00722913 0.883983 -0.00130745 -0.00724142 0.999973 -0.458634
150 152 774 0.999742 0.0220723 0.00529863 -0.0475039 -0.0221579 0.999615 0.0166817 -0.716867 -0.00492839 -0.0167948 0.999847 -0.69559
150 153 1505 0.99953 0.0302569 0.00494724 0.0132444 -0.0303126 0.999473 0.0116092 -0.380535 -0.00459337 -0.0117537 0.99992 -0.924672
150 154 2303 0.999727 0.023312 -0.00185141 0.129925 -0.0232841 0.999633 0.0138598 -0.00289337 0.00217383 -0.0138129 0.999902 -0.99152
150 155 2095 0.99969 0.0241582 -0.00604416 -0.0140264 -0.0240598 0.999585 0.0158548 -0.148995 0.00642467 -0.0157044 0.999856 -0.988738
150 156 2930 0.999353 0.0353324 -0.00678403 0.0907229 -0.0351757 0.999139 0.0219758 -0.194118 0.00755465 -0.021723 0.999735 -0.976774
150 157 3118 0.999328 0.0358141 -0.00785603 0.0507117 -0.0356472 0.999155 0.020442 -0.126201 0.0085815 -0.0201482 0.99976 -0.990708
150 158 2966 0.998903 0.0466978 -0.00347535 0.0325443 -0.0466078 0.998658 0.0225935 -0.19705 0.00452576 -0.0224067 0.999739 -0.979853
150 159 6960 0.998384 0.0368473 -0.0432731 0.872109 -0.0365519 0.999303 0.00759992 0.369464 0.043523 -0.00600592 0.999034 -0.320814
150 160 6847 0.998063 0.0380857 -0.049191 0.758997 -0.037601 0.999235 0.0107405 0.207566 0.0495624 -0.00887004 0.998732 -0.617122
150 161 7108 0.997738 0.0356156 -0.0570197 0.632485 -0.0354003 0.999362 0.00478278 0.308532 0.0571537 -0.00275345 0.998362 -0.710472
150 162 6967 0.994798 0.0395246 -0.0938865 0.854348 -0.0397219 0.999211 -0.000232043 0.327225 0.0938032 0.00396018 0.995583 -0.403749
150 163 6693 0.996709 0.0457857 -0.0668943 0.68178 -0.0445342 0.998806 0.0200822 0.202584 0.0677339 -0.017037 0.997558 -0.702948
150 164 6694 0.995109 0.0457373 -0.0875606 0.73177 -0.0453191 0.99895 0.00675933 0.374351 0.0877778 -0.0027581 0.996136 -0.569539
165 166 646 0.999976 0.0049973 -0.00477042 0.45403 -0.00497099 0.999972 0.00551047 0.268599 0.00479782 -0.00548662 0.999973 -0.849536
165 167 1009 0.999917 0.00943372 -0.00879323 0.456941 -0.00934662 0.999907 0.00989529 -0.136655 0.00888576 -0.00981228 0.999912 -0.878937
165 168 3096 0.999794 0.0107455 -0.0172366 0.593916 -0.0106906 0.999937 0.00327258 0.428945 0.0172707 -0.00308764 0.999846 -0.68064
165 169 6822 0.999649 0.0146372 -0.0221036 0.472449 -0.0145163 0.999879 0.00562304 0.325172 0.0221832 -0.0053002 0.99974 -0.81918
165 170 10669 0.999437 0.0146933 -0.0301696 0.507667 -0.0146382 0.999891 0.00204884 0.330832 0.0301964 -0.00160606 0.999543 -0.795503
165 171 11095 0.998028 0.0232249 -0.0583174 0.796804 -0.0237683 0.99968 -0.0086416 0.421873 0.0580981 0.0100107 0.998261 -0.432581
165 172 10457 0.999037 0.0204275 -0.0388204 0.617052 -0.020123 0.999764 0.00821917 0.195337 0.0389791 -0.00743007 0.999212 -0.762292
165 173 10479 0.998645 0.022921 -0.0467114 0.565932 -0.0228169 0.999736 0.00276107 0.269928 0.0467623 -0.00169153 0.998905 -0.779012
165 174 9882 0.999016 0.0185395 -0.0402963 0.44553 -0.0183503 0.999819 0.00505994 0.329947 0.0403828 -0.00431551 0.999175 -0.832249
165 175 9847 0.998484 0.0251039 -0.0489912 0.486011 -0.0246029 0.999639 0.0108036 0.242612 0.0492447 -0.00958187 0.998741 -0.839603
165 176 9675 0.997731 0.0392507 -0.0547091 0.542632 -0.0384075 0.999128 0.0163798 0.150251 0.0553043 -0.0142414 0.998368 -0.826423
165 177 9519 0.997235 0.0465999 -0.0578919 0.562396 -0.0465664 0.998913 0.00192814 0.329857 0.0579189 0.000773012 0.998321 -0.758225
165 178 9419 0.995519 0.0526436 -0.0785471 0.695753 -0.0538828 0.998453 -0.013739 0.4015 0.0777023 0.0179097 0.996816 -0.595589
165 179 8992 0.994662 0.0648112 -0.0802914 0.683611 -0.0648176 0.997894 0.00252979 0.198414 0.0802862 0.00268801 0.996768 -0.702359
180 181 1607 0.999967 0.00761845 -0.00276842 0.47756 -0.0076095 0.999966 0.00322979 -0.329941 0.00279294 -0.00320862 0.999991 -0.814294
180 182 2174 0.999928 0.0119832 -0.000233632 0.436849 -0.0119836 0.999926 -0.00203951 -0.140648 0.000209175 0.00204216 0.999998 -0.888471
180 183 12680 0.999699 0.0223347 -0.0101757 0.650444 -0.0222966 0.999744 0.0038339 -0.373347 0.0102587 -0.00360586 0.999941 -0.661464
180 184 10009 0.999758 0.0204668 -0.00809999 0.637864 -0.0205376 0.999751 -0.00875398 0.0354965 0.00791881 0.00891822 0.999929 -0.769331
180 185 12660 0.999729 0.0202003 -0.0115824 0.505079 -0.0203535 0.999705 -0.0132649 0.150465 0.011311 0.0134971 0.999845 -0.849856
180 186 13667 0.998416 0.0258938 -0.0499507 0.862195 -0.0270229 0.999391 -0.0220617 0.234547 0.049349 0.0233766 0.998508 -0.449007
180 187 12377 0.999522 0.0285948 -0.0117238 0.450849 -0.0288085 0.999414 -0.0184876 0.199615 0.0111883 0.0188166 0.99976 -0.869994
180 188 13009 0.998943 0.0342551 -0.0306475 0.683352 -0.0348901 0.999182 -0.0204324 0.12151 0.0299225 0.0214801 0.999321 -0.719906
180 189 12458 0.998443 0.0363213 -0.0423293 0.703298 -0.037274 0.999064 -0.0219375 0.165645 0.0414929 0.0234811 0.998863 -0.691327
180 190 12073 0.997633 0.0249391 -0.0640854 0.758069 -0.0270547 0.99911 -0.032358 0.255864 0.0632214 0.0340152 0.99742 -0.599888
180 191 11606 0.999256 0.0175158 -0.0343668 0.476259 -0.018525 0.9994 -0.0292723 0.26802 0.0338335 0.0298872 0.998981 -0.837462
180 192 11601 0.994994 0.0312593 -0.0949238 0.797732 -0.0345411 0.998854 -0.0331285 0.192555 0.0937795 0.0362414 0.994933 -0.571442
180 193 11114 0.998006 0.0229224 -0.0588121 0.583135 -0.0249101 0.999135 -0.0332905 0.220617 0.0579981 0.0346891 0.997714 -0.781845
180 194 10313 0.992392 0.0314961 -0.119019 0.835413 -0.0360878 0.998677 -0.0366229 0.198849 0.117708 0.0406394 0.992216 -0.51239
195 196 2466 0.999837 0.000339498 -0.0180765 0.775815 -8.40515e-05 0.9999 0.0141303 -0.48205 0.0180795 -0.0141265 0.999737 -0.40711
195 197 9053 0.999444 -0.00488857 -0.0329776 0.936896 0.00549485 0.999817 0.0183191 -0.0805923 0.032882 -0.0184901 0.999288 -0.340193
195 198 11514 0.998579 0.00188196 -0.0532648 0.917038 4.06107e-05 0.999349 0.0360706 -0.299864 0.053298 -0.0360214 0.997929 -0.262913
195 199 5768 0.999267 -0.00611554 -0.0377911 0.599476 0.00719803 0.999566 0.0285749 0.0714657 0.0376 -0.028826 0.998877 -0.797196
195 200 9765 0.998688 -0.000953612 -0.0512055 0.791492 0.003099 0.99912 0.0418346 -0.0236102 0.0511205 -0.0419384 0.997812 -0.610724
195 201 10270 0.995885 0.00412384 -0.090527 0.993395 -0.000468879 0.999185 0.0403585 -0.00102388 0.0906197 -0.04015 0.995076 -0.114737
195 202 6097 0.998969 0.0162773 -0.04237 0.515549 -0.014478 0.998994 0.0424323 -0.122556 0.043018 -0.0417752 0.998201 -0.84805
195 203 9767 0.996942 0.0247483 -0.0741208 0.851202 -0.0204061 0.998063 0.0587778 -0.250792 0.0754318 -0.0570855 0.995516 -0.461042
195 204 9568 0.99604 0.0254833 -0.0851712 0.890563 -0.020812 0.998253 0.0552909 -0.148762 0.0864314 -0.0532994 0.994831 -0.429846
195 205 9405 0.991159 0.0240734 -0.130477 0.983327 -0.0182749 0.998799 0.0454575 -0.0170624 0.131415 -0.0426712 0.990409 -0.181042
195 206 9273 0.99228 0.0368562 -0.118413 0.92331 -0.0300365 0.997814 0.05887 -0.167749 0.120324 -0.0548589 0.991218 -0.345484
195 207 9037 0.992668 0.0372306 -0.114992 0.93151 -0.0310356 0.997993 0.0552017 -0.157827 0.116817 -0.0512282 0.991831 -0.327689
195 208 8851 0.990597 0.0545261 -0.125474 0.927173 -0.0471058 0.997003 0.0613655 -0.187395 0.128444 -0.0548779 0.990197 -0.324397
195 209 8630 0.99439 0.0548617 -0.0904311 0.857049 -0.0502094 0.997334 0.0529436 -0.200336 0.0930946 -0.0481061 0.994494 -0.474693
210 211 488 0.999981 0.00513143 -0.00326718 0.92132 -0.00512869 0.999986 0.000845245 -0.307093 0.00327147 -0.000828473 0.999994 -0.238461
210 212 1218 0.999978 0.00338476 0.00576422 0.75067 -0.00337329 0.999992 -0.00199767 -0.0430069 -0.00577094 0.00197818 0.999981 -0.659276
210 213 10777 0.999932 0.0103634 -0.00535135 0.896033 -0.0103585 0.999946 0.000948746 -0.0656806 0.0053609 -0.000893249 0.999985 -0.439101
210 214 5643 0.999845 0.00859038 0.0153872 0.618136 -0.00867834 0.999946 0.00565853 -0.0633569 -0.0153377 -0.00579119 0.999866 -0.783514
210 215 12077 0.999795 -0.00249676 -0.0201004 0.982104 0.00245866 0.999995 -0.00192023 0.158996 0.0201051 0.00187042 0.999796 -0.100957
210 216 7319 0.999913 -0.0024693 0.0129226 0.813018 0.00228386 0.999894 0.0143454 -0.087898 -0.0129566 -0.0143146 0.999814 -0.575565
210 217 10512 0.999935 -0.00159686 -0.0112603 0.917624 0.00194501 0.999518 0.0309751 -0.167374 0.0112054 -0.030995 0.999457 -0.36049
210 218 10271 0.999936 -0.0112976 0.000606064 0.906926 0.0112725 0.999427 0.0319282 -0.0659345 -0.000966428 -0.0319193 0.99949 -0.416098
210 219 10712 0.999524 -0.00616697 -0.0302433 0.910586 0.00754626 0.998926 0.0457063 -0.14517 0.029929 -0.0459128 0.998497 -0.386987
210 220 10619 0.999368 -0.0216942 -0.028177 0.956656 0.0227388 0.999046 0.0372964 -0.0110292 0.027341 -0.0379135 0.998907 -0.291013
210 221 6656 0.999399 -0.0112418 0.03278 0.744277 0.0101075 0.999351 0.0345672 -0.0938588 -0.0331473 -0.0342151 0.998865 -0.661243
210 222 7504 0.999545 -0.00577035 0.0296099 0.759987 0.00487818 0.999535 0.030115 -0.110764 -0.0297698 -0.0299568 0.999108 -0.640431
210 223 10017 0.999703 0.00250418 -0.0242589 0.923796 -0.00155946 0.999243 0.0388839 -0.147484 0.0243379 -0.0388345 0.998949 -0.353341
210 224 7297 0.999557 -0.00331235 0.0295899 0.777072 0.00246922 0.999591 0.028485 -0.133289 -0.0296722 -0.0283993 0.999156 -0.615137
225 226 5373 0.999894 0.0125942 -0.00737386 0.540037 -0.0125132 0.999862 0.0109176 -0.814634 0.00751034 -0.0108242 0.999913 -0.211498
225 227 13072 0.99966 0.00710858 -0.025087 0.971434 -0.00723211 0.999962 -0.00483675 -0.00695604 0.0250516 0.00501654 0.999674 -0.237209
225 228 12419 0.999765 0.0150327 -0.0156343 0.880572 -0.0151058 0.999875 -0.00456942 -0.168405 0.0155636 0.00480451 0.999867 -0.442981
225 229 5034 0.999923 0.0123636 0.001337 0.593474 -0.0123554 0.999906 -0.00599913 0.00758766 -0.00141105 0.00598215 0.999981 -0.804817
225 230 11446 0.999671 0.0181828 -0.0180634 0.898773 -0.0182239 0.999832 -0.00211576 -0.128459 0.0180219 0.00244425 0.999835 -0.419172
225 231 11397 0.999615 0.0204668 -0.0187594 0.875857 -0.0205533 0.999779 -0.00442912 -0.247349 0.0186646 0.00481298 0.999814 -0.414357
225 232 12445 0.999387 0.0228228 -0.0265546 0.948311 -0.0230469 0.999701 -0.00816378 -0.220239 0.0263604 0.00877078 0.999614 -0.228478
225 233 6540 0.999734 0.022865 0.00286024 0.711378 -0.0228065 0.999558 -0.0190673 -0.135003 -0.00329495 0.018997 0.999814 -0.689722
225 234 9407 0.999573 0.0266524 -0.0119808 0.853795 -0.026871 0.999468 -0.0184739 -0.273684 0.011482 0.018788 0.999758 -0.442866
225 235 12029 0.999245 0.0170599 -0.0348989 0.916073 -0.0174741 0.99978 -0.0115999 -0.32608 0.0346933 0.012201 0.999324 -0.233415
225 236 11878 0.998769 0.00593325 -0.0492569 0.977256 -0.00740277 0.999531 -0.0297051 -0.0797384 0.0490575 0.0300332 0.998344 -0.196501
225 237 11113 0.999305 0.0192356 -0.0319354 0.934205 -0.0201111 0.999424 -0.0273236 -0.185735 0.0313914 0.0279468 0.999116 -0.304572
225 238 10689 0.999113 0.0251701 -0.0337654 0.945257 -0.0261144 0.999272 -0.0278212 -0.165887 0.0330406 0.0286783 0.999042 -0.281018
225 239 10647 0.99884 0.0348003 -0.0332946 0.951955 -0.0356527 0.999042 -0.0253596 -0.217996 0.0323802 0.0265173 0.999124 -0.21508
240 241 88 0.999993 0.000346895 -0.00365505 0.927573 -0.000359468 0.999994 -0.00343984 -0.0715833 0.00365384 0.00344113 0.999987 0.366722
240 242 6198 0.999812 0.00718716 -0.0180191 0.935457 -0.00724123 0.999969 -0.00293684 -0.205916 0.0179974 0.00306677 0.999833 0.28726
240 243 6340 0.999876 0.00277237 -0.0155331 0.844209 -0.00291229 0.999955 -0.00899222 -0.109146 0.0155075 0.00903633 0.999839 0.524783
240 244 5647 0.999679 0.018141 0.0176962 -0.907279 -0.0178167 0.999673 -0.018317 0.256283 -0.0180227 0.0179958 0.999676 0.333414
240 245 12588 0.999392 0.0140604 -0.0318914 0.93965 -0.0145716 0.999768 -0.0158538 -0.0830679 0.0316611 0.0163089 0.999366 0.331899
240 246 6839 0.999481 0.0108224 0.0303335 -0.88094 -0.0101559 0.999705 -0.0220416 -0.02456 -0.0305631 0.0217221 0.999297 0.47259
240 247 9468 0.999664 0.0138632 -0.0218903 0.969935 -0.0141837 0.999794 -0.0145513 -0.0713908 0.0216841 0.0148569 0.999654 0.232656
240 248 10319 0.999631 0.0203391 -0.0179831 0.922445 -0.020495 0.999754 -0.00852519 -0.0911262 0.0178053 0.00889061 0.999802 0.375222
240 249 9607 0.999768 0.0172227 -0.0129182 0.920155 -0.0173075 0.999829 -0.0064801 -0.0457779 0.0128044 0.00670218 0.999896 0.38887
240 250 10472 0.999453 0.0173196 -0.0281611 0.911068 -0.0175708 0.999808 -0.00869651 0.0401412 0.028005 0.00918656 0.999566 0.410297
240 251 10165 0.999728 0.0066932 -0.0223402 0.899068 -0.00694444 0.999913 -0.0111876 0.113801 0.0222634 0.0113397 0.999688 0.422759
240 252 9168 0.999676 0.0242136 0.00789532 0.8971 -0.0242617 0.999687 0.00605892 -0.0634661 -0.00774614 -0.00624851 0.99995 0.437245
240 253 9268 0.999981 0.00581205 0.00221194 0.857087 -0.00581789 0.99998 0.00264224 -0.00685469 -0.00219654 -0.00265506 0.999994 0.515126
240 254 9446 0.999956 -0.000185196 -0.00937391 0.899665 0.000158844 0.999996 -0.00281188 0.0482028 0.0093744 0.00281026 0.999952 0.433912
255 256 526 0.999914 -0.0117268 0.005877 0.502694 0.0117211 0.999931 0.00100129 0.226264 -0.00588834 -0.000932322 0.999982 -0.834328
255 257 12637 0.999682 -0.0171268 -0.0185136 0.930955 0.017051 0.999846 -0.00424407 0.334453 0.0185834 0.00392705 0.99982 0.146506
255 258 11595 0.999697 -0.0233892 -0.00761266 0.820218 0.0233865 0.999726 -0.000438302 0.199695 0.00762083 0.000260136 0.999971 0.536063
255 259 13063 0.999369 -0.0227241 -0.0273025 0.855728 0.0221894 0.999559 -0.0197315 0.385313 0.0277388 0.0191132 0.999432 0.345346
255 260 12527 0.999632 -0.020345 -0.017967 0.897664 0.0202515 0.999781 -0.00536891 0.169202 0.0180723 0.00500307 0.999824 0.406904
255 261 12558 0.999768 -0.0188576 -0.0104031 0.771863 0.0188225 0.999817 -0.00346333 0.0962691 0.0104665 0.00326672 0.99994 0.628458
255 262 11386 0.999758 -0.0192957 -0.0105424 0.890034 0.0192642 0.99981 -0.00308086 0.110833 0.0105998 0.00287702 0.99994 0.442217
255 263 11243 0.999646 -0.0221403 -0.0147252 0.853847 0.0221949 0.999747 0.00355555 0.114604 0.0146428 -0.00388112 0.999885 0.507752
255 264 12002 0.998848 -0.0321497 -0.0356163 0.854168 0.031953 0.999471 -0.00607811 0.2082 0.0357928 0.00493307 0.999347 0.476497
255 265 11009 0.999543 -0.0254605 -0.0163096 0.764052 0.0255686 0.999652 0.00645343 0.0191034 0.0161396 -0.00686749 0.999846 0.644871
255 266 11084 0.999219 -0.0279854 -0.02789 0.817547 0.0280225 0.999607 0.000940454 0.0915849 0.0278527 -0.00172127 0.999611 0.568533
255 267 10553 0.999366 -0.0253705 -0.0249926 0.758018 0.0255546 0.999648 0.00707544 -0.0402918 0.0248043 -0.00770962 0.999663 0.650988
255 268 10604 0.998807 -0.0333182 -0.0357052 0.768011 0.0331505 0.999436 -0.00527792 0.080535 0.035861 0.00408798 0.999348 0.635353
255 269 10803 0.998113 -0.031268 -0.0528411 0.812933 0.0306457 0.999452 -0.0125465 0.106442 0.0532045 0.0109034 0.998524 0.572548
270 271 2057 0.999943 0.000859319 -0.0106239 0.827866 -0.000822833 0.999994 0.00343819 -0.105132 0.0106268 -0.00342925 0.999938 0.550985
270 272 12233 0.999854 0.0134875 -0.0104838 0.697992 -0.0133052 0.999762 0.0172636 -0.558257 0.0107141 -0.0171215 0.999796 0.448505
270 273 12720 0.999818 0.0175736 -0.00743802 0.786082 -0.0174815 0.999772 0.0122599 -0.319146 0.00765177 -0.0121276 0.999897 0.529359
270 274 12294 0.999951 0.00613558 -0.00780297 0.70919 -0.00613829 0.999981 -0.000322909 0.0233039 0.00780084 0.00037079 0.99997 0.704632
270 275 12393 0.99984 0.00373839 -0.017491 0.765491 -0.00374522 0.999993 -0.000357773 0.00901525 0.0174895 0.000423223 0.999847 0.643383
270 276 11529 0.999844 0.0141808 -0.0105096 0.784558 -0.0140742 0.99985 0.0101427 -0.148516 0.0106519 -0.00999318 0.999893 0.602006
270 277 12083 0.999701 0.00888213 -0.0227716 0.790941 -0.00877127 0.999949 0.00496341 -0.0492414 0.0228146 -0.00476219 0.999728 0.609907
270 278 11029 0.999889 0.00910879 -0.0118067 0.743432 -0.00900277 0.999919 0.00900124 -0.103324 0.0118877 -0.00889394 0.99989 0.660782
270 279 10577 0.999743 0.011046 -0.0197922 0.774598 -0.0109146 0.999918 0.00673506 -0.0302957 0.0198649 -0.0065173 0.999781 0.631728
270 280 10302 0.99981 0.0165804 -0.0102517 0.74775 -0.0164681 0.999805 0.0109361 -0.0727903 0.010431 -0.0107652 0.999888 0.659978
270 281 9942 0.999755 0.0219701 0.00283047 0.663507 -0.0220145 0.999618 0.0167175 -0.158749 -0.0024621 -0.0167757 0.999856 0.731134
270 282 9246 0.999593 0.0284096 0.00258698 0.720967 -0.0284544 0.999407 0.0193859 -0.169851 -0.0020347 -0.0194517 0.999809 0.671832
270 283 9565 0.999757 0.0174037 -0.0135384 0.781045 -0.0172478 0.999785 0.0115449 -0.0597036 0.0137364 -0.0113086 0.999842 0.621614
270 284 9688 0.999824 0.0181381 -0.00485563 0.749324 -0.0180817 0.999771 0.01142 -0.106838 0.00506165 -0.0113301 0.999923 0.653529
285 286 2606 0.999983 -0.00024451 0.00574721 0.186945 0.00025084 0.999999 -0.00110074 -0.172302 -0.00574694 0.00110217 0.999983 0.967142
285 287 9497 0.999982 0.00459589 -0.00394469 0.725422 -0.00462649 0.999959 -0.00778305 -0.13207 0.00390876 0.00780115 0.999962 0.675515
285 288 7286 0.999988 0.00468643 0.00162936 0.776273 -0.0046775 0.999974 -0.00544432 -0.260207 -0.00165483 0.00543663 0.999984 0.574188
285 289 11957 0.999803 0.00394118 -0.0194669 0.905952 -0.00396563 0.999991 -0.00121774 -0.268844 0.0194619 0.0012947 0.99981 0.327068
285 290 11044 0.999968 0.0074505 -0.00289545 0.723671 -0.00747443 0.999937 -0.00834593 -0.326764 0.00283309 0.00836731 0.999961 0.607886
285 291 11103 0.999889 0.0148826 -0.000180135 0.710901 -0.0148835 0.99986 -0.0076702 -0.368649 6.5957e-05 0.00767203 0.999971 0.598931
285 292 10382 0.999882 0.0153504 0.000314223 0.774819 -0.0153446 0.999786 -0.0138702 -0.256753 -0.000527069 0.0138637 0.999904 0.577697
285 293 9773 0.999933 0.0115268 0.000548095 0.641064 -0.011515 0.99977 -0.0181154 -0.211531 -0.000756782 0.0181079 0.999836 0.737761
285 294 10774 0.999492 0.0252308 -0.0194711 0.826542 -0.0254895 0.999589 -0.0131557 -0.253595 0.0191312 0.0136453 0.999724 0.502511
285 295 10361 0.999025 0.0257287 -0.0358689 0.898491 -0.0263581 0.999505 -0.0171882 -0.187229 0.0354089 0.0181169 0.999209 0.397063
285 296 9496 0.998494 0.0395698 -0.0380032 0.832541 -0.0398493 0.999184 -0.00662598 -0.318458 0.03771 0.0081304 0.999256 0.453278
285 297 9117 0.998891 0.0464636 -0.00761664 0.712146 -0.0466254 0.998655 -0.022657 -0.271215 0.00655368 0.022987 0.999714 0.647526
285 298 9586 0.998514 0.0437372 -0.0324952 0.866305 -0.0442769 0.99889 -0.0160802 -0.243959 0.0317558 0.0174951 0.999343 0.435889
285 299 9356 0.998101 0.0401823 -0.0466782 0.900753 -0.0412827 0.998886 -0.0228541 -0.174812 0.0457079 0.0247378 0.998649 0.397598
300 301 437 0.999999 0.00101026 0.000825691 -0.557005 -0.00101015 0.999999 -0.000130829 -0.18401 -0.000825823 0.000129995 1 0.809868
300 302 10573 0.999778 0.00193612 -0.0209939 0.876778 -0.00216174 0.99994 -0.0107295 0.403602 0.0209719 0.0107725 0.999722 0.261469
300 303 12997 0.99899 -0.00252052 -0.0448639 0.880768 0.00141697 0.999696 -0.0246126 0.44277 0.0449123 0.0245241 0.99869 0.167938
300 304 12601 0.999421 0.00295895 -0.033891 0.9901 -0.00304721 0.999992 -0.00255311 0.0421847 0.0338832 0.0026549 0.999422 0.133877
300 305 11181 0.999569 0.000768176 -0.0293447 0.943788 -0.000815241 0.999998 -0.00159195 0.0548125 0.0293434 0.00161518 0.999568 0.325976
300 306 12328 0.998074 0.00529295 -0.0618135 0.937011 -0.00641872 0.999817 -0.018028 0.270625 0.0617067 0.0183901 0.997925 0.220844
300 307 9453 0.999549 0.0141019 -0.0265201 0.944821 -0.0139504 0.999885 0.00589218 -0.118525 0.0266001 -0.00551956 0.999631 0.305392
300 308 11336 0.999026 0.0129369 -0.0421908 0.974945 -0.0128736 0.999916 0.00177163 -0.00911851 0.0422102 -0.00122675 0.999108 0.222259
300 309 10666 0.999187 0.0117169 -0.0385765 0.967044 -0.0116954 0.999931 0.000784201 0.0377019 0.038583 -0.000332397 0.999255 0.251804
300 310 10891 0.998013 0.0126932 -0.0617141 0.988367 -0.0125287 0.999917 0.00305169 0.0421139 0.0617477 -0.00227243 0.998089 0.146141
300 311 10642 0.998409 0.0159615 -0.0540729 0.984175 -0.0155171 0.999842 0.00862834 -0.022325 0.0542021 -0.00777556 0.9985 0.175788
300 312 9977 0.998648 0.01458 -0.0498989 0.986222 -0.0142585 0.999875 0.00679192 0.0163452 0.0499917 -0.00607125 0.998731 0.16462
300 313 9147 0.998651 0.0260788 -0.0449019 0.950353 -0.0253162 0.999527 0.0174692 -0.107538 0.0453362 -0.0163088 0.998839 0.292001
300 314 8580 0.997694 0.033275 -0.059157 0.948691 -0.0325784 0.999388 0.0127022 -0.0307657 0.0595435 -0.0107457 0.998168 0.314703
315 316 256 0.999982 0.00598222 0.000816276 0.64153 -0.00597799 0.999969 -0.0050881 -0.0737936 -0.000846689 0.00508313 0.999987 -0.763541
315 317 98 0.999995 0.00285119 0.00139113 -0.941313 -0.00283717 0.999946 -0.00998338 0.00558725 -0.00141952 0.00997939 0.999949 -0.337488
315 318 86 0.999978 0.00632807 -0.0017397 -0.98326 -0.00634928 0.999902 -0.0124718 0.0586789 0.00166061 0.0124825 0.999921 -0.172502
315 319 7139 0.999648 0.0088881 -0.0250146 0.990209 -0.00920788 0.999877 -0.0126981 -0.0851775 0.0248986 0.012924 0.999606 -0.110595
315 320 5723 0.99964 0.0162955 -0.0213041 0.996083 -0.016593 0.999766 -0.0138663 -0.0876474 0.0210731 0.0142148 0.999677 -0.0116727
315 321 9142 0.998635 0.0245219 -0.0461201 0.992654 -0.0252561 0.999562 -0.0154038 -0.0567779 0.0457222 0.0165476 0.998817 -0.106839
