0 1 27 0.999997 0.000325598 -0.00255408 -0.84714 -0.000322162 0.999999 0.0013455 -0.197007 0.00255452 -0.00134467 0.999996 -0.4935
0 2 45 0.999991 -0.00425189 3.13231e-05 0.159684 0.00425183 0.999989 0.00189611 -0.242936 -3.93849e-05 -0.00189596 0.999998 0.956809
0 3 23 0.999998 -0.00147003 -0.00119641 -0.512799 0.00147185 0.999998 0.00152187 -0.306361 0.00119417 -0.00152362 0.999998 -0.801985
0 4 29 0.999985 -0.00235214 -0.004917 0.865202 0.00236397 0.999994 0.00240139 0.0800792 0.00491133 -0.00241298 0.999985 0.494988
0 5 37 0.99999 -0.00257502 -0.0036473 0.627788 0.00258525 0.999993 0.00280263 -0.0650553 0.00364005 -0.00281203 0.999989 0.775661
0 6 24 0.999987 -0.00423409 -0.00299271 0.770449 0.00423687 0.999991 0.000923465 0.199941 0.00298878 -0.000936132 0.999995 0.605337
0 7 40 0.999983 -0.00423938 -0.00389744 0.618619 0.00424208 0.999991 0.000683953 0.275146 0.0038945 -0.000700475 0.999992 0.735939
0 8 41 0.999934 -0.00344864 -0.0109597 0.997787 0.00346681 0.999993 0.0016387 0.0605884 0.010954 -0.00167659 0.999939 0.0273815
0 9 37 0.99999 -0.00300379 -0.00337096 0.513139 0.00300892 0.999994 0.00151747 0.114156 0.00336638 -0.0015276 0.999993 0.85068
0 10 49 0.999982 -0.0042623 -0.00414452 0.473133 0.00427801 0.999984 0.00378907 -0.0700504 0.0041283 -0.00380673 0.999984 0.878202
0 11 34 0.999945 -0.00255752 -0.0101841 0.911204 0.00257842 0.999995 0.00204018 0.0180899 0.0101788 -0.00206632 0.999946 0.411558
0 12 47 0.99991 0.00334077 -0.0130143 0.919258 -0.00335963 0.999993 -0.00142694 0.252238 0.0130094 0.00147053 0.999914 0.302227
0 13 79 0.999994 0.00343667 -6.90852e-05 0.101822 -0.00343641 0.999988 0.00356339 -0.0891882 8.13306e-05 -0.00356313 0.999994 0.990796
0 14 161 0.99986 0.00745993 -0.0149551 0.965816 -0.00739223 0.999962 0.00457689 -0.0661498 0.0149887 -0.0044657 0.999878 0.250648
15 16 56 0.999996 -0.00182675 -0.00201748 -0.273029 0.00182881 0.999998 0.00101653 0.244262 0.00201562 -0.00102022 0.999997 -0.930479
15 17 72 0.999858 0.000495855 -0.0168461 0.94203 -0.000559465 0.999993 -0.00377143 0.310876 0.0168441 0.00378032 0.999851 0.126234
15 18 35 0.999972 0.00442105 -0.00610951 0.789639 -0.00442199 0.99999 -0.000139025 0.188786 0.00610883 0.000166037 0.999981 0.583806
15 19 25 0.99998 0.00568418 -0.00281395 0.866657 -0.00567012 0.999972 0.00497662 -0.498902 0.00284216 -0.00496056 0.999984 -0.00161469
15 20 42 0.999962 0.00645282 -0.00586005 0.827692 -0.00644533 0.999978 0.00129708 0.0626577 0.00586829 -0.00125926 0.999982 0.557673
15 21 67 0.999946 0.00208685 0.0102082 -0.811214 -0.0021283 0.99999 0.00405144 -0.24486 -0.0101997 -0.00407295 0.99994 0.531014
15 22 38 0.999965 0.00176096 0.0081873 -0.936133 -0.00179321 0.999991 0.00393274 -0.105995 -0.0081803 -0.00394728 0.999959 0.33529
15 23 142 0.999924 0.00459138 -0.0114474 0.886233 -0.00454109 0.99998 0.00441495 -0.105884 0.0114674 -0.00436263 0.999925 0.450977
15 24 409 0.999865 0.00400909 -0.0159129 0.969661 -0.00388259 0.999961 0.00797307 -0.214573 0.0159442 -0.00791022 0.999842 0.11712
15 25 139 0.999941 0.00107205 -0.0107893 0.824728 -0.0010312 0.999992 0.00379165 0.0790736 0.0107933 -0.0037803 0.999935 0.559974
15 26 863 0.999857 0.00273349 -0.016699 0.862942 -0.00259811 0.999964 0.00812365 -0.225164 0.0167205 -0.0080791 0.999828 0.452363
15 27 432 0.999909 6.38272e-05 -0.0134711 0.869804 -5.83228e-05 1 0.000409005 0.0850421 0.0134711 -0.000408182 0.999909 0.486013
15 28 877 0.999657 0.00235163 -0.0260825 0.913052 -0.00213064 0.999962 0.0084974 -0.228517 0.0261015 -0.00843891 0.999624 0.337811
15 29 888 0.999842 0.00442529 -0.0172125 0.913983 -0.00433883 0.999978 0.00505745 -0.248866 0.0172345 -0.00498197 0.999839 0.320471
30 31 18 0.999974 0.000269843 -0.00719512 0.999697 -0.000300606 0.999991 -0.00427489 0.0244849 0.0071939 0.00427694 0.999965 -0.00261637
30 32 23 0.999989 -0.00224788 -0.0040503 0.889781 0.00222815 0.999986 -0.0048686 0.102608 0.00406119 0.00485952 0.99998 -0.444704
30 33 38 0.999974 -0.0014022 0.00702834 -0.0323813 0.00143637 0.999987 -0.00485901 -0.0586535 -0.00702144 0.00486898 0.999963 0.997753
30 34 53 0.999946 -0.00033008 0.0103517 -0.0613719 0.000453419 0.999929 -0.0119148 -0.0388581 -0.0103471 0.0119188 0.999875 0.997358
30 35 12 0.999934 -0.00350892 0.01094 0.987929 0.00366255 0.999895 -0.0140543 -0.154067 -0.0108895 0.0140934 0.999841 0.016138
30 36 687 0.999973 0.000785024 -0.00723962 0.997605 -0.000882851 0.999908 -0.0135194 0.0258099 0.00722834 0.0135255 0.999882 -0.0641673
30 37 742 0.999915 -0.00399501 -0.0124027 0.969056 0.00377391 0.999834 -0.0177995 0.228563 0.0124718 0.0177512 0.999765 -0.0932132
30 38 731 0.999916 -0.00805031 -0.0101564 0.958371 0.00789405 0.999851 -0.0153326 0.251689 0.0102783 0.0152511 0.999831 -0.134824
30 39 20 0.999743 -0.0150073 0.016987 -0.832435 0.0151361 0.999857 -0.00747876 -0.165819 -0.0168723 0.00773395 0.999828 0.52873
30 40 102 0.99947 -0.0224657 0.0235487 -0.418459 0.0226128 0.999726 -0.00599636 -0.220864 -0.0234076 0.00652569 0.999705 0.880972
30 41 777 0.999961 -0.00748567 0.00466993 0.99207 0.00748265 0.999972 0.000663835 0.075179 -0.00467477 -0.000628866 0.999989 0.100728
30 42 114 0.999843 -0.00780251 0.0159322 0.849646 0.00779335 0.999969 0.00063726 -0.116194 -0.0159366 -0.000512995 0.999873 0.514394
30 43 337 0.999956 -0.00241 0.00901927 0.964711 0.00239757 0.999996 0.00138821 -0.262887 -0.00902258 -0.00136653 0.999958 0.0149238
30 44 881 0.999875 -0.00371846 -0.015351 0.993257 0.0037501 0.999991 0.00203284 -0.0537486 0.0153433 -0.00209015 0.99988 -0.102719
45 46 0 1 0 0 0 0 1 0 0 0 0 1 0
45 47 59 0.999871 0.0158664 0.002328 0.265398 -0.0158897 0.99982 0.0103831 -0.0323503 -0.00216284 -0.0104188 0.999943 -0.963596
45 48 21 0.999892 0.01203 0.00846102 -0.869623 -0.0121437 0.999835 0.0135106 0.225281 -0.00829709 -0.0136119 0.999873 -0.439323
45 49 15 0.999867 0.0156742 0.00445813 -0.901482 -0.0157372 0.999772 0.0144661 -0.414206 -0.00423037 -0.0145344 0.999885 -0.125553
45 50 808 0.999581 0.0221351 -0.0186501 0.956349 -0.02193 0.999698 0.011132 0.288795 0.0188908 -0.0107184 0.999764 0.0446502
45 51 328 0.999594 0.0200578 -0.0202462 0.954637 -0.0197045 0.999653 0.0175013 -0.0349982 0.0205902 -0.0170952 0.999642 0.295708
45 52 86 0.999667 0.0245827 -0.00788895 0.423839 -0.0244857 0.999626 0.0121654 0.128489 0.00818506 -0.0119682 0.999895 0.896577
45 53 708 0.99844 0.0273361 -0.0486824 0.9576 -0.0273768 0.999625 -0.000169512 0.252815 0.0486595 0.00150202 0.998814 0.138156
45 54 13 0.999536 0.0252737 -0.0169923 0.884062 -0.0251787 0.999666 0.00577793 -0.0216123 0.0171326 -0.00534741 0.999839 0.46687
45 55 862 0.998802 0.0274646 -0.0405107 0.960668 -0.0275903 0.999616 -0.00254625 0.254854 0.0404252 0.0036609 0.999176 0.110302
45 56 842 0.998204 0.0282375 -0.0528401 0.948748 -0.028716 0.999553 -0.00831952 0.269056 0.0525816 0.00982193 0.998568 0.165787
45 57 739 0.998443 0.0291561 -0.0475499 0.982401 -0.0293305 0.999565 -0.00297349 0.0697212 0.0474425 0.00436352 0.998864 0.173283
45 58 808 0.997628 0.0299169 -0.0620026 0.99036 -0.0304135 0.999512 -0.00708163 0.131603 0.0617605 0.00895055 0.998051 0.043227
45 59 639 0.998217 0.0267492 -0.0533583 0.978872 -0.0270734 0.999619 -0.00536184 0.189957 0.0531946 0.00679688 0.998561 -0.075673
60 61 30 0.999946 0.00079393 -0.0103878 0.952908 -0.00080602 0.999999 -0.0011598 0.296741 0.0103868 0.00116811 0.999945 -0.0625346
60 62 41 0.999941 0.00172239 -0.0107467 0.936057 -0.00168766 0.999993 0.00323972 0.319586 0.0107522 -0.00322139 0.999937 0.14718
60 63 53 0.999966 0.00681682 0.00459729 0.453179 -0.00686701 0.999916 0.0109896 0.083653 -0.00452199 -0.0110208 0.999929 -0.887486
60 64 484 0.999903 0.00708026 -0.0120135 0.980193 -0.00697707 0.999939 0.00860993 -0.0520828 0.0120737 -0.00852527 0.999891 0.191071
60 65 379 0.999945 0.00998335 0.00330442 0.879576 -0.00998521 0.99995 0.000547266 0.237559 -0.00329879 -0.000580231 0.999994 0.412203
60 66 811 0.999935 0.0107268 -0.00392662 0.997993 -0.0107113 0.999935 0.00393492 -0.0269033 0.00396857 -0.0038926 0.999985 0.0573225
60 67 925 0.999884 0.0111729 -0.0103863 0.990954 -0.0111318 0.99993 0.00401429 -0.117161 0.0104304 -0.0038982 0.999938 0.0654461
60 68 792 0.99987 0.00972417 -0.0128825 0.989419 -0.00975334 0.99995 -0.00220329 0.00612927 0.0128605 0.00232865 0.999915 0.144955
60 69 822 0.999934 0.0103776 -0.00499579 0.962515 -0.010367 0.999944 0.00213934 -0.219369 0.00501771 -0.00208741 0.999985 0.159508
60 70 780 0.999956 0.00879594 -0.00324237 0.950047 -0.00883986 0.999866 -0.0137879 0.252305 0.00312065 0.0138159 0.9999 0.183718
60 71 679 0.999647 0.0180246 -0.0194972 0.999946 -0.0180527 0.999836 -0.00127005 0.00533878 0.0194711 0.00162158 0.999809 -0.00887759
60 72 723 0.999533 0.0206766 -0.0225201 0.989882 -0.0206003 0.999781 0.0036137 -0.0763294 0.0225899 -0.00314809 0.99974 0.119611
60 73 701 0.999684 0.023181 -0.00972057 0.991966 -0.0231553 0.999728 0.00275282 -0.104177 0.00978174 -0.00252686 0.999949 0.0717681
60 74 574 0.999877 0.0156986 -0.000112437 0.975708 -0.0156988 0.999803 -0.0121736 0.0572152 -7.86938e-05 0.0121739 0.999926 0.211471
75 76 23 0.999954 -0.0018288 -0.00944785 0.781724 0.00175662 0.999969 -0.00764258 0.58588 0.00946154 0.00762563 0.999926 -0.213666
75 77 17 0.999946 -0.00476405 -0.0092828 0.805674 0.00472282 0.999979 -0.00445903 0.482704 0.00930385 0.00441495 0.999947 -0.343346
75 78 45 0.999987 -0.0047404 -0.00205671 0.498524 0.00474112 0.999989 0.000346496 0.055475 0.00205504 -0.000356243 0.999998 -0.865099
75 79 23 0.999999 0.00117895 -3.06705e-06 0.859244 -0.00117895 0.999995 -0.00285105 0.0491836 -2.94192e-07 0.00285105 0.999996 0.509197
75 80 254 0.999963 0.0049404 -0.00705701 0.958067 -0.004971 0.999978 -0.00432415 0.108714 0.00703549 0.00435907 0.999966 -0.26512
75 81 17 0.999981 -0.00369441 0.00485852 -0.767429 0.00369128 0.999993 0.000652906 -0.176564 -0.0048609 -0.000634959 0.999988 0.616343
75 82 766 0.999809 -0.0040904 -0.0191159 0.961247 0.00417317 0.999982 0.00429183 -0.129209 0.019098 -0.00437078 0.999808 0.243534
75 83 382 0.999837 -0.00606394 -0.0170209 0.980538 0.00610931 0.999978 0.00261482 -0.081923 0.0170047 -0.00271838 0.999852 -0.17842
75 84 813 0.999385 -0.00500205 -0.0346933 0.989655 0.00491984 0.999985 -0.00245457 0.122568 0.0347051 0.00228237 0.999395 0.0745642
75 85 438 0.99989 -0.00274138 -0.0145583 0.997141 0.00279998 0.999988 0.00400644 0.0602298 0.0145471 -0.00404677 0.999886 -0.0456381
75 86 715 0.999087 0.000892432 -0.0427085 0.999558 -0.000399243 0.999933 0.0115549 -0.0256331 0.0427159 -0.0115273 0.999021 -0.0150817
75 87 643 0.999 -0.00268916 -0.0446195 0.974882 0.00286939 0.999988 0.00397572 0.190177 0.0446083 -0.00409977 0.998996 0.115926
75 88 696 0.998537 0.0104519 -0.0530527 0.985733 -0.00917769 0.999665 0.0242043 -0.108004 0.0532879 -0.023682 0.998298 0.129099
75 89 756 0.998903 0.0128424 -0.0450391 0.982993 -0.0117233 0.999618 0.0250251 -0.109702 0.0453433 -0.0244696 0.998672 0.147276
90 91 427 0.999865 0.000919675 -0.0163943 0.998905 -0.000785733 0.999966 0.00817462 -0.0454123 0.0164013 -0.00816063 0.999832 -0.0112584
90 92 451 0.999889 0.00659489 -0.0133242 0.891802 -0.00645584 0.999925 0.010452 -0.117339 0.0133921 -0.0103648 0.999857 0.436945
90 93 122 0.999927 0.0106038 0.00584748 0.826102 -0.0106727 0.999872 0.0118812 -0.255786 -0.00572075 -0.0119428 0.999912 0.502125
90 94 833 0.999912 0.0131169 0.00214389 0.876992 -0.0131326 0.999886 0.00751196 -0.0502558 -0.00204511 -0.00753945 0.999969 0.477869
90 95 755 0.999912 0.0132566 0.000768772 0.857696 -0.013259 0.999907 0.00322728 -0.0286535 -0.000725917 -0.00323719 0.999994 0.513359
90 96 500 0.999895 0.00419173 0.0138844 0.606141 -0.00422569 0.999988 0.00241704 -0.101516 -0.0138741 -0.00247545 0.999901 0.788852
90 97 790 0.999915 0.00918083 -0.00920761 0.885151 -0.00913018 0.999943 0.00552852 -0.219147 0.00925784 -0.00544398 0.999942 0.410466
90 98 508 0.999979 0.000605797 0.00640079 0.635086 -0.000576604 0.999989 -0.00456164 -0.142844 -0.00640349 0.00455785 0.999969 0.759119
90 99 681 0.999381 0.0019098 -0.035117 0.933237 -0.00230603 0.999934 -0.0112462 -0.113051 0.0350932 0.0113203 0.99932 0.341009
90 100 640 0.999703 0.00303871 -0.0241855 0.915759 -0.00308861 0.999993 -0.00202628 -0.296731 0.0241791 0.00210038 0.999705 0.270805
90 101 337 0.999906 -0.0101573 -0.0091563 0.834316 0.00996564 0.999735 -0.0207409 -0.12691 0.00936455 0.0206477 0.999743 0.53648
90 102 493 0.998897 0.0013699 -0.0469322 0.94415 -0.00158104 0.999989 -0.00446201 -0.316281 0.0469256 0.00453129 0.998888 0.0924491
90 103 377 0.999169 -0.00755149 -0.0400442 0.968275 0.00674583 0.999773 -0.0202163 -0.191898 0.0401878 0.0199294 0.998993 0.160058
90 104 528 0.999501 -0.000968141 -0.031571 0.935148 0.00046396 0.999872 -0.0159732 -0.307756 0.0315824 0.0159505 0.999374 0.175458
105 106 25 0.999999 -0.00100632 -0.00130733 0.835527 0.00100129 0.999992 -0.00383525 0.0477755 0.00131118 0.00383394 0.999992 -0.547369
105 107 575 0.999776 0.00526726 -0.0205065 0.99232 -0.00538817 0.999968 -0.00584505 -0.0526584 0.020475 0.00595423 0.999773 -0.111928
105 108 766 0.999982 0.00468211 -0.00367235 0.989966 -0.00473354 0.999889 -0.0141215 0.0154244 0.00360583 0.0141387 0.999894 -0.140461
105 109 849 0.999965 0.00764082 -0.00338864 0.915773 -0.0077054 0.999781 -0.0194723 0.118295 0.00323912 0.0194977 0.999805 -0.383882
105 110 359 0.999858 0.00835054 0.0146522 0.691423 -0.00810989 0.999832 -0.0164075 0.102197 -0.0147867 0.0162863 0.999758 -0.715186
105 111 594 0.999855 0.0111042 0.0129428 0.706943 -0.0109132 0.999832 -0.0147363 -0.00802483 -0.0131043 0.0145929 0.999808 -0.707225
105 112 667 0.999942 0.00946198 -0.00517801 0.896208 -0.00956502 0.999749 -0.0202502 0.0984781 0.0049851 0.0202986 0.999782 -0.432566
105 113 740 0.999962 0.00499999 -0.00708984 0.810203 -0.00512784 0.999822 -0.0181299 -0.00840649 0.00699794 0.0181655 0.999811 -0.586089
105 114 231 0.999614 -0.00792815 0.0266246 0.19705 0.00858661 0.999658 -0.0247088 0.285568 -0.0264196 0.0249279 0.99934 -0.937882
105 115 591 0.999898 0.0133171 -0.00510554 0.791493 -0.0133594 0.999876 -0.00835478 -0.0114108 0.00499365 0.00842213 0.999952 -0.611072
105 116 337 0.999345 0.0119724 0.0341572 0.370539 -0.0116141 0.999876 -0.0106706 0.0622167 -0.0342807 0.0102669 0.99936 -0.926731
105 117 420 0.99976 0.00883479 -0.0200402 0.872388 -0.00919498 0.999797 -0.0179532 0.159456 0.0198775 0.0181331 0.999638 -0.462074
105 118 532 0.999474 0.0124305 0.0299401 0.448403 -0.0123727 0.999921 -0.00211539 0.106079 -0.029964 0.00174383 0.999549 -0.887515
105 119 545 0.999882 0.0153232 0.00111475 0.775026 -0.0153219 0.999882 -0.00113729 0.0890961 -0.00113205 0.00112008 0.999999 -0.625617
120 121 74 0.999963 0.00424104 -0.00748659 0.6784 -0.00426119 0.999987 -0.00267815 0.633021 0.00747514 0.00270995 0.999968 -0.372904
120 122 35 0.999964 0.00727009 -0.00428359 0.774981 -0.00720082 0.999847 0.0159722 -0.190344 0.00439906 -0.0159407 0.999863 -0.602639
120 123 31 0.999927 0.0120537 0.000893824 0.88511 -0.0120639 0.999849 0.012525 0.00661678 -0.000742716 -0.0125349 0.999921 -0.465335
120 124 492 0.999786 0.0206721 0.000511011 0.744618 -0.0206743 0.999774 0.00488839 0.308644 -0.000409842 -0.00489791 0.999988 -0.591847
120 125 635 0.999676 0.0246817 0.00622035 0.646538 -0.0246676 0.999693 -0.00232884 0.492727 -0.00627592 0.00217465 0.999978 -0.582417
120 126 741 0.99949 0.0316008 -0.00449917 0.792816 -0.0316459 0.999446 -0.0103205 0.428863 0.00417054 0.0104577 0.999937 -0.433035
120 127 345 0.999493 0.0246605 0.0201442 0.158834 -0.024603 0.999692 -0.00309933 0.295335 -0.0202144 0.00260215 0.999792 -0.942098
120 128 684 0.999389 0.030322 -0.0173671 0.706871 -0.030491 0.999489 -0.00954763 0.303677 0.0170687 0.0100713 0.999804 -0.638838
120 129 687 0.999351 0.0341312 -0.0115277 0.53635 -0.0342539 0.999357 -0.0106211 0.34218 0.0111578 0.0110091 0.999877 -0.771519
120 130 670 0.999284 0.0349028 -0.0145845 0.489747 -0.0350228 0.999354 -0.00805537 0.288154 0.0142939 0.00856039 0.999861 -0.82287
120 131 663 0.998824 0.03711 -0.031204 0.627229 -0.0375528 0.9992 -0.0137276 0.34741 0.0306697 0.0148833 0.999419 -0.697059
120 132 678 0.998441 0.0398125 -0.0391314 0.591876 -0.0401273 0.999168 -0.00729253 0.292804 0.0388085 0.0088514 0.999207 -0.750965
120 133 638 0.997878 0.0408931 -0.0506584 0.662078 -0.0419354 0.998926 -0.0196854 0.435834 0.049799 0.0217681 0.998522 -0.609673
120 134 566 0.996954 0.0434536 -0.064767 0.705232 -0.0448029 0.998805 -0.0195284 0.402763 0.063841 0.0223707 0.997709 -0.583463
135 136 17 0.999996 -0.000863053 -0.00254595 0.792538 0.000872282 0.999993 0.00362619 -0.0752135 0.00254281 -0.0036284 0.99999 0.605166
135 137 66 0.999901 0.00422941 -0.0134476 0.874482 -0.00428756 0.999982 -0.00429799 0.474127 0.0134292 0.00435522 0.9999 -0.102392
135 138 83 0.999997 0.00101523 -0.00236017 -0.171099 -0.0010066 0.999993 0.0036556 0.0930391 0.00236386 -0.00365321 0.999991 -0.980851
135 139 790 0.999674 0.00463485 -0.0251081 0.660631 -0.00485319 0.999951 -0.00864207 0.595306 0.0250668 0.0087611 0.999647 -0.457359
135 140 153 0.999982 0.00331057 -0.00491167 0.0282712 -0.00325978 0.999942 0.010311 0.0320573 0.00494552 -0.0102948 0.999935 -0.999086
135 141 576 0.999734 0.00957133 -0.0209674 0.601954 -0.00935337 0.999901 0.010469 0.0787953 0.0210656 -0.0102701 0.999725 -0.794633
135 142 672 0.998904 0.0115687 -0.0453574 0.796578 -0.0116522 0.999931 -0.00157721 0.304434 0.045336 0.002104 0.99897 -0.522286
135 143 812 0.998977 0.011552 -0.043711 0.687386 -0.0115839 0.999933 -0.000475766 0.35098 0.0437026 0.000981624 0.999044 -0.635857
135 144 665 0.998903 0.0144761 -0.0445438 0.62775 -0.0141098 0.999864 0.00852554 0.274612 0.0446611 -0.00788768 0.998971 -0.728367
135 145 784 0.998019 0.0180434 -0.0602666 0.725906 -0.0181783 0.999833 -0.00169095 0.419829 0.060226 0.00278315 0.998181 -0.544798
135 146 683 0.998774 0.0233376 -0.043659 0.518284 -0.0226107 0.999599 0.0170709 0.301519 0.0440399 -0.0160628 0.998901 -0.800292
135 147 570 0.999183 0.024954 -0.0317794 0.353499 -0.0241043 0.999349 0.0268475 0.245984 0.0324286 -0.0260595 0.999134 -0.902513
135 148 619 0.998241 0.0394981 -0.0442109 0.538465 -0.037854 0.998582 0.037428 0.19643 0.0456265 -0.0356886 0.998321 -0.819433
135 149 480 0.998314 0.0372887 -0.0444897 0.497619 -0.0357229 0.998732 0.0354842 0.294233 0.0457565 -0.0338351 0.998379 -0.815967
150 151 233 0.999997 0.00109471 -0.00195701 0.0790933 -0.00100564 0.998989 0.0449479 -0.965637 0.00200423 -0.0449458 0.998987 -0.247566
150 152 17 0.99962 0.0273228 0.00375517 0.521323 -0.0273674 0.999549 0.0123853 0.364565 -0.00341508 -0.0124834 0.999916 0.771567
150 153 15 0.999715 0.023533 0.00398005 0.221475 -0.0235776 0.999655 0.0115528 0.0626914 -0.0037068 -0.0116433 0.999925 0.973149
150 154 94 0.999563 0.0169049 0.0242479 -0.900464 -0.0174057 0.999636 0.0205939 -0.348849 -0.0238909 -0.021007 0.999494 0.259747
150 155 17 0.999641 0.0258765 -0.00688869 0.215458 -0.025739 0.999481 0.0193603 0.0301539 0.00738609 -0.0191761 0.999789 0.976047
150 156 31 0.999185 0.0401133 -0.00443731 0.249949 -0.0399983 0.998923 0.0235182 0.206603 0.00537592 -0.0233215 0.999714 0.94596
150 157 10 0.999397 0.0335994 -0.00880578 0.528821 -0.0334497 0.999302 0.0166299 0.199405 0.00935839 -0.0163253 0.999823 0.824976
150 158 0 1 0 0 0 0 1 0 0 0 0 1 0
150 159 12 0.999432 0.0316989 -0.0114817 0.535537 -0.0315103 0.999371 0.016253 0.226652 0.0119897 -0.0158819 0.999802 0.813529
150 160 15 0.99964 0.0157143 -0.0217685 -0.158425 -0.0155335 0.999844 0.00845388 0.0712757 0.021898 -0.00811269 0.999727 -0.984795
150 161 87 0.993183 0.0408843 -0.10916 0.871413 -0.0413579 0.999142 -0.00207713 0.235026 0.108982 0.00657762 0.994022 -0.430583
150 162 67 0.966816 0.0498546 -0.250563 0.93336 -0.0587056 0.997883 -0.0279707 0.243714 0.248638 0.041752 0.967696 -0.263521
150 163 19 0.999526 0.0154041 -0.0266499 -0.399256 -0.0146203 0.999462 0.0293634 -0.293962 0.0270879 -0.0289599 0.999213 -0.868436
150 164 57 0.995674 0.0681516 -0.0631565 0.56606 -0.0676667 0.99766 0.00978629 0.558486 0.0636757 -0.00547036 0.997956 -0.606358
165 166 15 0.999977 0.00524756 -0.0043634 -0.938525 -0.00522352 0.999971 0.00550172 -0.20263 0.00439214 -0.0054788 0.999975 -0.279485
165 167 62 0.999953 0.00852916 -0.00462042 0.155468 -0.00849439 0.999936 0.00749335 0.239062 0.00468403 -0.00745375 0.999961 -0.958477
165 168 376 0.9996 0.0139619 -0.0246103 0.876208 -0.0137613 0.999871 0.00830057 0.110461 0.024723 -0.00795857 0.999663 -0.469103
165 169 476 0.999523 0.0171912 -0.0256615 0.640233 -0.017111 0.999848 0.00333942 0.374323 0.0257151 -0.00289873 0.999665 -0.670809
165 170 675 0.999204 0.0188581 -0.0351568 0.784261 -0.0188342 0.999822 0.00101359 0.377945 0.0351697 -0.00035063 0.999381 -0.492029
165 171 210 0.999666 0.0195633 -0.0168858 0.260752 -0.0193839 0.999755 0.0107235 0.216834 0.0170914 -0.0103926 0.9998 -0.94074
165 172 354 0.999505 0.0224694 -0.022026 0.284927 -0.0222167 0.999685 0.0116495 0.177583 0.0222808 -0.0111544 0.99969 -0.941956
165 173 591 0.998548 0.0271866 -0.046515 0.51977 -0.026833 0.999606 0.00821082 0.193566 0.04672 -0.00695076 0.998884 -0.832088
165 174 760 0.998388 0.021243 -0.0526348 0.577797 -0.0212063 0.999774 0.00125568 0.3703 0.0526496 -0.000137465 0.998613 -0.727344
165 175 462 0.99929 0.0217448 -0.03077 0.200579 -0.0212785 0.999655 0.0154036 0.167724 0.0310943 -0.014738 0.999408 -0.965213
165 176 481 0.998694 0.0361589 -0.0360876 0.344811 -0.0356841 0.999269 0.0137161 0.215296 0.0365572 -0.0124105 0.999254 -0.913648
165 177 533 0.996725 0.0455654 -0.0668043 0.684948 -0.0457225 0.998954 -0.000823348 0.354024 0.0666969 0.00387511 0.997766 -0.6368
165 178 515 0.994752 0.057076 -0.0849122 0.760537 -0.0577121 0.99832 -0.00505342 0.314646 0.0844812 0.00992736 0.996376 -0.567962
165 179 468 0.998141 0.052421 -0.0310995 0.305902 -0.0523081 0.998621 0.00443568 0.24655 0.0312891 -0.00280068 0.999506 -0.919585
180 181 62 0.999993 0.00370178 0.00111058 -0.458081 -0.00370245 0.999993 0.000598038 -0.00432169 -0.00110836 -0.000602146 0.999999 -0.8889
180 182 187 0.99993 0.0115504 -0.0026817 0.463805 -0.0115437 0.99993 0.0025216 -0.363694 0.00271064 -0.00249046 0.999993 -0.807843
180 183 396 0.999775 0.021199 -0.0010807 0.405112 -0.0212007 0.999774 -0.00163516 -0.239911 0.00104579 0.0016577 0.999998 -0.882228
180 184 703 0.999849 0.0161936 -0.00635201 0.576226 -0.0162743 0.999785 -0.0128593 0.15803 0.0061424 0.0129608 0.999897 -0.801866
180 185 1093 0.998864 0.0169172 -0.0445368 0.836929 -0.0184455 0.999247 -0.0341314 0.415864 0.0439259 0.0349141 0.998425 -0.35582
180 186 1031 0.999403 0.0297449 -0.0175795 0.556007 -0.0299549 0.999482 -0.0118021 0.109855 0.0172194 0.0123216 0.999776 -0.823886
180 187 915 0.999214 0.0251543 -0.0306241 0.763896 -0.0259049 0.999367 -0.0243654 0.262844 0.0299918 0.0251396 0.999234 -0.589387
180 188 994 0.998617 0.0353212 -0.038948 0.759905 -0.0361119 0.999152 -0.019787 0.127246 0.0382161 0.0211661 0.999045 -0.637458
180 189 775 0.999603 0.0243594 -0.0141599 0.418844 -0.024718 0.999363 -0.0257276 0.269177 0.0135241 0.0260673 0.999569 -0.867245
180 190 701 0.997639 0.0277795 -0.0628026 0.78612 -0.0301216 0.998874 -0.0366599 0.318127 0.0617135 0.0384651 0.997352 -0.529915
180 191 802 0.995656 0.0295825 -0.0882859 0.825492 -0.0329886 0.998757 -0.0373736 0.258814 0.0870705 0.0401237 0.995394 -0.501575
180 192 841 0.99836 0.0268444 -0.0505618 0.56849 -0.0282302 0.99924 -0.0268968 0.182869 0.0498013 0.02828 0.998359 -0.802109
180 193 762 0.994815 0.0283301 -0.0976794 0.808276 -0.0331734 0.998281 -0.048321 0.320874 0.0961425 0.0513108 0.994044 -0.49369
180 194 552 0.996898 0.0288804 -0.0732161 0.649476 -0.0312951 0.998996 -0.03205 0.211447 0.072217 0.0342419 0.996801 -0.730391
195 196 26 0.999974 0.00326083 -0.00642842 0.0780042 -0.0032777 0.999991 -0.00261502 0.87208 0.00641984 0.00263603 0.999976 0.483107
195 197 163 0.999803 0.00101983 -0.0198015 0.514203 -0.000638427 0.999814 0.0192583 -0.0948835 0.0198175 -0.0192418 0.999618 -0.852404
195 198 826 0.998536 -0.00768994 -0.0535381 0.945151 0.00879777 0.999751 0.0204874 0.104872 0.0533673 -0.0209285 0.998356 -0.30934
195 199 44 0.999439 -0.0143652 -0.0302413 0.115309 0.0151544 0.999546 0.0260305 0.0510098 0.0298537 -0.0264742 0.999204 -0.992019
195 200 58 0.999488 -0.0010439 -0.0319669 0.65663 0.00233359 0.999184 0.0403339 0.0316153 0.0318987 -0.0403879 0.998675 -0.75355
195 201 439 0.997056 0.0111924 -0.0758554 0.957837 -0.00762346 0.998858 0.0471759 -0.13148 0.0762967 -0.0464587 0.996002 -0.255461
195 202 560 0.996265 0.0125354 -0.0854354 0.916748 -0.00899586 0.99909 0.0416887 -0.0367583 0.0858802 -0.0407644 0.995471 -0.397772
195 203 510 0.997929 0.0202598 -0.0610456 0.734342 -0.0173011 0.998668 0.0486119 -0.0783458 0.0619492 -0.0474551 0.996951 -0.674243
195 204 466 0.98922 0.0238193 -0.144489 0.992358 -0.0173192 0.998788 0.0460791 -0.00371854 0.145411 -0.0430799 0.988433 -0.123338
195 205 465 0.990421 0.0282201 -0.135164 0.993644 -0.0231976 0.998986 0.0385907 0.0413232 0.136116 -0.0350855 0.990071 -0.104708
195 206 492 0.992677 0.0446775 -0.112237 0.907817 -0.0376534 0.997243 0.063942 -0.224789 0.114785 -0.0592476 0.991622 -0.354032
195 207 484 0.992581 0.0395661 -0.114964 0.927339 -0.0336202 0.998017 0.0532067 -0.124415 0.116842 -0.0489468 0.991944 -0.352935
195 208 405 0.992251 0.0525793 -0.112576 0.929435 -0.0463246 0.997272 0.0574742 -0.17357 0.115291 -0.0518138 0.99198 -0.325612
195 209 448 0.997332 0.0474107 -0.0555083 0.693918 -0.0452183 0.998172 0.0401094 -0.0813891 0.0573085 -0.0374924 0.997652 -0.71544
210 211 37 0.999984 0.0019862 0.00521358 0.554293 -0.00197195 0.999994 -0.00273774 0.0609692 -0.00521899 0.00272742 0.999983 -0.830086
210 212 26 0.999964 0.000827445 0.00841847 0.847398 -0.000794195 0.999992 -0.00395223 0.153966 -0.00842167 0.0039454 0.999957 -0.508145
210 213 85 0.999851 0.00156639 0.0171622 0.632981 -0.00150729 0.999993 -0.00345607 0.115775 -0.0171675 0.00342969 0.999847 -0.765462
210 214 710 0.999943 0.00442445 -0.00969194 0.892572 -0.00441488 0.99999 0.00100864 0.106269 0.00969631 -0.000965792 0.999953 -0.438202
210 215 894 0.999912 0.00345368 -0.0128241 0.947209 -0.00334578 0.999959 0.00842575 -0.00356778 0.0128527 -0.0083821 0.999882 -0.320596
210 216 210 0.99963 -0.0101126 0.0252617 0.7075 0.00989657 0.999914 0.00866076 0.0801542 -0.0253471 -0.00840755 0.999643 -0.702153
210 217 328 0.999818 -0.0147146 -0.0121282 0.931382 0.0148944 0.999778 0.0148721 0.0899158 0.0119067 -0.01505 0.999816 -0.352766
210 218 388 0.999664 -0.0229694 0.0119795 0.864856 0.0226467 0.999395 0.0264117 0.0168542 -0.0125789 -0.0261315 0.999579 -0.501738
210 219 551 0.999895 -0.0131979 0.00594188 0.8018 0.0129659 0.999211 0.0375275 -0.0738683 -0.00643248 -0.0374465 0.999278 -0.593009
210 220 363 0.998929 -0.0288039 0.0362068 0.629679 0.0275604 0.999028 0.0343875 0.0446188 -0.0371622 -0.0333528 0.998753 -0.775573
210 221 386 0.999999 -0.00114439 -0.000457953 0.902354 0.00116377 0.998994 0.044833 -0.214964 0.000406186 -0.0448335 0.998994 -0.373562
210 222 522 0.999771 -0.00183298 0.0213129 0.818063 0.00117302 0.999521 0.0309365 -0.136469 -0.0213593 -0.0309044 0.999294 -0.558703
210 223 537 0.999798 0.00166447 0.0200391 0.772647 -0.0023366 0.999434 0.0335644 -0.140855 -0.0199719 -0.0336045 0.999236 -0.619013
210 224 523 0.999986 -0.00440865 -0.00286046 0.877373 0.00450229 0.999425 0.0336007 -0.125083 0.00271068 -0.0336131 0.999431 -0.463217
225 226 376 0.999872 0.00831444 -0.013699 0.884128 -0.00825284 0.999956 0.00454703 -0.419516 0.0137362 -0.00443339 0.999896 -0.205727
225 227 149 0.999788 0.0202912 0.00359995 0.470673 -0.0202816 0.999791 -0.00268802 -0.350279 -0.00365374 0.00261444 0.99999 -0.809797
225 228 71 0.999914 0.0116272 0.00605137 0.583246 -0.0115563 0.999866 -0.0116236 0.101319 -0.00618571 0.0115526 0.999914 -0.805952
225 229 902 0.999452 0.030959 -0.0116829 0.632945 -0.0307244 0.999333 0.0197558 -0.746988 0.0122867 -0.019386 0.999737 -0.203445
225 230 590 0.999542 0.0278322 -0.0119187 0.745605 -0.027716 0.999568 0.00980476 -0.566272 0.0121864 -0.00946993 0.999881 -0.351297
225 231 725 0.999457 0.0306328 -0.0121748 0.769602 -0.0306417 0.99953 -0.00054214 -0.345812 0.0121525 0.000914903 0.999926 -0.536774
225 232 838 0.999425 0.0259391 -0.0218297 0.906564 -0.0261695 0.999604 -0.0103354 -0.19086 0.021553 0.0109007 0.999708 -0.37645
225 233 358 0.999411 0.0335966 0.00706331 0.662366 -0.033476 0.999303 -0.0165443 -0.348624 -0.00761422 0.0162981 0.999838 -0.663123
225 234 495 0.999486 0.0310409 -0.00802943 0.79552 -0.0311698 0.999379 -0.016453 -0.361012 0.00751372 0.0166949 0.999832 -0.48664
225 235 567 0.999229 0.0236058 -0.0313564 0.876336 -0.0239033 0.999672 -0.00914521 -0.372846 0.0311302 0.00988768 0.999466 -0.304993
225 236 550 0.999673 0.0214018 -0.0139895 0.848323 -0.0217301 0.999482 -0.0237572 -0.27185 0.0134738 0.0240534 0.99962 -0.454363
225 237 536 0.999272 0.0279501 -0.0259659 0.864682 -0.0284088 0.999444 -0.0174675 -0.357991 0.0254632 0.0181925 0.99951 -0.352375
225 238 608 0.997467 0.0242245 -0.066872 0.975991 -0.0257835 0.999413 -0.0225493 -0.181688 0.0662865 0.0242163 0.997507 -0.120126
225 239 468 0.999314 0.0319769 -0.018656 0.906453 -0.0325001 0.999067 -0.0284505 -0.194523 0.0177288 0.0290373 0.999421 -0.374838
240 241 26 0.999995 -0.00255698 -0.00191597 -0.664266 0.00255006 0.99999 -0.00360829 -0.346655 0.00192518 0.00360338 0.999992 0.662255
240 242 220 0.999898 0.00892167 -0.0111333 0.881518 -0.00895707 0.999955 -0.00313382 -0.292438 0.0111049 0.00323323 0.999933 0.370684
240 243 460 0.999834 0.0051377 -0.0174792 0.853204 -0.00532419 0.999929 -0.0106395 -0.0597241 0.0174233 0.0107308 0.999791 0.518147
240 244 736 0.999502 0.0132995 -0.0286099 0.956896 -0.0136301 0.999842 -0.0113904 -0.083465 0.0284539 0.0117747 0.999526 0.278178
240 245 687 0.999306 0.0174619 -0.0328992 0.951655 -0.0179561 0.999729 -0.0147863 -0.10356 0.0326321 0.0153668 0.999349 0.289185
240 246 316 0.999758 0.0204581 -0.00811996 0.859029 -0.0206018 0.999625 -0.018037 -0.215917 0.00774791 0.0181999 0.999804 0.464165
240 247 112 0.999907 0.00659156 -0.0119791 0.947256 -0.00680296 0.99982 -0.0176936 -0.0774421 0.0118603 0.0177734 0.999772 0.310979
240 248 514 0.999605 0.0060089 -0.0274547 0.889475 -0.00646625 0.999841 -0.0166 0.0359342 0.0273505 0.016771 0.999485 0.455569
240 249 535 0.999695 0.0153541 -0.0193567 0.974431 -0.0155093 0.999849 -0.00789466 0.000670905 0.0192326 0.00819246 0.999781 0.224686
240 250 224 0.99973 0.0149475 -0.0177681 0.909769 -0.0150468 0.999872 -0.00547293 0.0169017 0.017684 0.0057388 0.999827 0.414772
240 251 353 0.999534 0.013306 -0.0274614 0.900488 -0.0136359 0.999837 -0.0118612 0.117025 0.0272991 0.0122301 0.999552 0.41884
240 252 316 0.999913 0.0101162 -0.00847327 0.899065 -0.010138 0.999945 -0.00252734 0.0363615 0.00844724 0.00261302 0.999961 0.436303
240 253 297 0.99991 0.0127219 -0.00430917 0.856079 -0.0127169 0.999918 0.00117389 0.0290249 0.00432375 -0.00111898 0.99999 0.516029
240 254 399 0.999975 0.00272452 -0.00652878 0.874398 -0.0027306 0.999996 -0.00092204 0.0481018 0.00652624 0.000939845 0.999978 0.48282
255 256 23 0.999918 -0.00674155 0.0108925 -0.860533 0.00676061 0.999976 -0.00171439 0.223999 -0.0108807 0.00178789 0.999939 0.457501
255 257 608 0.999651 -0.0199144 -0.0173472 0.914725 0.0198296 0.999791 -0.00504917 0.353363 0.0174441 0.00470343 0.999837 0.195993
255 258 924 0.999663 -0.0179775 -0.018742 0.864777 0.0178793 0.999826 -0.00539391 0.284379 0.0188357 0.005057 0.99981 0.413872
255 259 723 0.999823 -0.0152617 -0.010981 0.899636 0.0153044 0.999876 0.00380804 -0.0368734 0.0109216 -0.00397542 0.999932 0.43508
255 260 460 0.999741 -0.0225009 -0.00336558 0.812513 0.0225024 0.999747 0.000411464 0.0770264 0.00335547 -0.000487091 0.999994 0.577832
255 261 776 0.999604 -0.0231171 -0.0160519 0.855483 0.0229725 0.999694 -0.00913763 0.205065 0.0162583 0.00876526 0.999829 0.475498
255 262 336 0.999799 -0.0199357 -0.00201346 0.791284 0.0199358 0.999801 3.46873e-05 0.0772144 0.00201237 -7.48202e-05 0.999998 0.606553
255 263 247 0.999801 -0.0198654 -0.00174795 0.707553 0.0198831 0.999744 0.010796 -0.0318038 0.00153304 -0.0108287 0.99994 0.705944
255 264 625 0.999602 -0.020554 -0.0193159 0.799449 0.020719 0.99975 0.00838233 0.0210379 0.0191387 -0.0087792 0.999778 0.600366
255 265 727 0.999367 -0.0236759 -0.0265493 0.831945 0.0237701 0.999712 0.00323719 0.0597149 0.026465 -0.00386622 0.999642 0.551636
255 266 686 0.998946 -0.0342608 -0.0305396 0.780401 0.0341833 0.999411 -0.00305569 0.127284 0.0306263 0.00200853 0.999529 0.612187
255 267 706 0.998767 -0.0325402 -0.037479 0.802567 0.0324609 0.999469 -0.00272213 0.0891399 0.0375477 0.00150217 0.999294 0.589865
255 268 657 0.998032 -0.03102 -0.0545053 0.805008 0.0303852 0.999461 -0.0124365 0.126538 0.0548617 0.0107558 0.998436 0.579612
255 269 677 0.998281 -0.0263455 -0.0523533 0.844698 0.0261457 0.999648 -0.00449848 0.0529459 0.0524534 0.00312194 0.998618 0.532619
270 271 61 0.999991 0.000198283 0.00431827 -0.179519 -0.00019247 0.999999 -0.00134634 0.246847 -0.00431853 0.0013455 0.99999 0.952281
270 272 521 0.999915 0.00251239 -0.0127596 0.820315 -0.00252203 0.999997 -0.000739274 -0.00395856 0.0127577 0.000771391 0.999918 0.571898
270 273 819 0.999731 0.0122343 -0.0196789 0.891547 -0.012254 0.999925 -0.000883297 0.0303712 0.0196666 0.00112421 0.999806 0.451908
270 274 726 0.999948 0.00983654 -0.00257947 0.671218 -0.00982605 0.999944 0.00404905 -0.087537 0.00261915 -0.0040235 0.999988 0.736073
270 275 616 0.999711 0.0240385 0.000425128 0.564366 -0.0240419 0.999633 0.0125146 -0.260726 -0.000124141 -0.0125212 0.999922 0.783271
270 276 556 0.999933 0.00978274 -0.0061912 0.713643 -0.00974049 0.999929 0.00681833 -0.0882411 0.00625746 -0.00675757 0.999958 0.69493
270 277 742 0.999829 0.0105286 -0.0151865 0.744339 -0.0104473 0.999931 0.00542122 -0.0553576 0.0152425 -0.00526164 0.99987 0.665503
270 278 697 0.999772 0.0175677 -0.0121784 0.75492 -0.0174404 0.999793 0.0104827 -0.116136 0.01236 -0.0102679 0.999871 0.645452
270 279 311 0.99983 0.0179652 -0.00418233 0.714256 -0.0179055 0.999743 0.0139022 -0.127051 0.00443101 -0.013825 0.999895 0.688256
270 280 392 0.999847 0.0138844 -0.0106222 0.738915 -0.0137657 0.999843 0.0111694 -0.0662028 0.0107756 -0.0110215 0.999881 0.670538
270 281 625 0.999543 0.0261936 -0.0150716 0.789044 -0.0259908 0.999571 0.0134995 -0.0899091 0.0154188 -0.0131016 0.999795 0.607721
270 282 434 0.999701 0.0224675 -0.00965127 0.790738 -0.0223617 0.99969 0.0109313 -0.0703396 0.00989388 -0.0107122 0.999894 0.6081
270 283 445 0.999924 0.0121242 -0.00238021 0.702739 -0.0121013 0.999883 0.00940645 -0.0769008 0.00249398 -0.00937693 0.999953 0.707279
270 284 533 0.999683 0.0206212 -0.0144374 0.78975 -0.0204686 0.999734 0.0106388 -0.0898765 0.014653 -0.0103399 0.999839 0.606809
285 286 51 0.999999 0.000868392 0.00066489 0.615962 -0.000867821 0.999999 -0.000859113 -0.105187 -0.000665635 0.000858535 0.999999 0.780721
285 287 142 0.999994 0.00340034 0.000854503 0.657559 -0.00339384 0.999966 -0.00750279 -0.169379 -0.000879986 0.00749985 0.999971 0.734116
285 288 343 0.999997 0.0018449 -0.00170577 0.935387 -0.00186343 0.999939 -0.0109271 0.0326822 0.00168551 0.0109303 0.999939 0.352112
285 289 602 0.999956 -0.00648091 -0.00677826 0.825382 0.00638716 0.999885 -0.013763 -0.0464242 0.00686668 0.0137191 0.999882 0.562663
285 290 426 0.999938 0.0111413 0.000911616 0.687133 -0.011133 0.9999 -0.00872682 -0.311089 -0.00100875 0.00871612 0.999962 0.65656
285 291 836 0.999563 0.0105214 -0.02762 0.959699 -0.011019 0.999779 -0.0179291 -0.0710064 0.0274252 0.0182256 0.999458 0.271913
285 292 576 0.999678 0.0249823 0.0043666 0.586802 -0.0249542 0.999668 -0.00636949 -0.362036 -0.00452428 0.00625848 0.99997 0.724288
285 293 661 0.999795 0.0156264 -0.0128919 0.778172 -0.0158188 0.999763 -0.0149545 -0.238356 0.0126552 0.0151553 0.999805 0.581063
285 294 601 0.999627 0.0200157 -0.0185927 0.828423 -0.0203163 0.999664 -0.0161237 -0.245313 0.0182638 0.0164955 0.999697 0.503525
285 295 618 0.999349 0.0307709 -0.0188355 0.810761 -0.0310235 0.999431 -0.0132688 -0.277706 0.0184165 0.0138445 0.999735 0.515312
285 296 241 0.999322 0.0361644 -0.00689258 0.7009 -0.0362869 0.999169 -0.018564 -0.2848 0.0062155 0.0188015 0.999804 0.653932
285 297 517 0.998845 0.042701 -0.022026 0.817979 -0.0431694 0.998842 -0.0212482 -0.251753 0.0210932 0.0221745 0.999532 0.517233
285 298 488 0.998617 0.0304897 -0.0428215 0.911913 -0.0318877 0.998968 -0.0323531 -0.0692411 0.0417909 0.0336739 0.998559 0.4045
285 299 457 0.998761 0.0393862 -0.0304008 0.822896 -0.0401405 0.998891 -0.0246142 -0.179833 0.0293976 0.025804 0.999235 0.538983
300 301 86 1 0.000587679 0.000635919 0.0553252 -0.000587361 1 -0.000500105 -0.145915 -0.000636213 0.000499731 1 0.987749
300 302 1113 0.999317 -0.00190021 -0.0369151 0.916251 0.00122022 0.999829 -0.0184341 0.390157 0.0369439 0.0183764 0.999148 0.0908918
300 303 1144 0.99954 0.00225235 -0.030229 0.994712 -0.00239905 0.999986 -0.00481766 0.0653663 0.0302177 0.00488797 0.999531 0.0792215
300 304 66 0.999894 -0.00227824 -0.0143767 0.945686 0.00227735 0.999997 -7.8226e-05 -0.065118 0.0143769 4.54768e-05 0.999897 0.318492
300 305 459 0.99978 0.0014971 -0.0209326 0.967501 -0.00150302 0.999999 -0.000267057 0.0284598 0.0209322 0.00029846 0.999781 0.251262
300 306 370 0.999818 0.000549369 -0.019083 0.92955 -0.000544187 1 0.000276767 -0.012254 0.0190832 -0.000266332 0.999818 0.368491
300 307 928 0.999132 0.0119078 -0.0399151 0.974904 -0.011884 0.999929 0.000833353 0.0413324 0.0399222 -0.000358278 0.999203 0.218756
300 308 1020 0.998773 0.00970196 -0.0485556 0.978054 -0.00985847 0.999947 -0.00298486 0.106823 0.0485241 0.00345988 0.998816 0.178882
300 309 926 0.996802 0.0115001 -0.0790854 0.972345 -0.0125601 0.999838 -0.0129195 0.171098 0.078924 0.0138715 0.996784 0.158966
300 310 401 0.999467 0.0184425 -0.0269244 0.975213 -0.0182049 0.999793 0.00904618 -0.0762351 0.0270857 -0.00855121 0.999597 0.207721
300 311 722 0.998807 0.0173061 -0.0456651 0.955919 -0.0168495 0.999804 0.010364 -0.0559167 0.0458355 -0.00958221 0.998903 0.288257
300 312 816 0.996585 0.0197357 -0.0801786 0.988746 -0.01953 0.999804 0.00334999 0.0567821 0.080229 -0.00177266 0.996775 0.138406
300 313 630 0.996221 0.0253204 -0.0830837 0.987154 -0.0244281 0.999633 0.0117394 0.000466277 0.0833505 -0.00966549 0.996473 0.159773
300 314 120 0.998267 0.0338995 -0.0480983 0.943963 -0.0330622 0.999289 0.0180981 -0.0986799 0.0486776 -0.0164765 0.998679 0.314955
315 316 15 0.999979 0.00576408 0.00282351 0.73203 -0.00574398 0.999958 -0.0070738 -0.22475 -0.00286417 0.00705744 0.999971 0.643133
315 317 17 0.999984 0.00413438 0.00376077 -0.85818 -0.00409695 0.999943 -0.00990611 0.144537 -0.00380151 0.00989055 0.999944 -0.492581
315 318 0 1 0 0 0 0 1 0 0 0 0 1 0
315 319 178 0.999703 0.0104464 -0.0219984 0.975448 -0.0107656 0.999838 -0.0144411 0.00280026 0.021844 0.0146737 0.999654 -0.220214
315 320 138 0.999763 0.0132617 -0.0172651 0.932963 -0.0135243 0.999793 -0.0151811 0.0153439 0.0170602 0.015411 0.999736 -0.359645
315 321 383 0.99877 0.0279454 -0.0409674 0.991842 -0.0285455 0.999492 -0.0141386 -0.112176 0.0405515 0.0152906 0.99906 -0.0605443
315 322 269 0.998218 0.0369498 -0.0468651 0.976039 -0.0374116 0.999259 -0.00901579 -0.216246 0.0464972 0.010753 0.998861 -0.0241875
315 323 239 0.997499 0.0458127 -0.0538216 0.993809 -0.0466676 0.998802 -0.0147354 -0.0606333 0.0530821 0.0172102 0.998442 -0.0931013
315 324 229 0.996899 0.0522159 -0.0588701 0.996468 -0.0529173 0.998545 -0.0104182 -0.0769627 0.0582405 0.0135012 0.998211 -0.0335866
315 325 261 0.996921 0.0506281 -0.0598808 0.998971 -0.0513216 0.998631 -0.0100996 0.00768648 0.0592875 0.0131416 0.998154 -0.0447076
315 326 139 0.996702 0.0613835 -0.0530851 0.999124 -0.0619501 0.998038 -0.00909257 -0.0398572 0.0524228 0.0123512 0.998549 0.0127344
315 327 189 0.995361 0.067668 -0.068391 0.997006 -0.0684645 0.99761 -0.00936695 -0.0752124 0.0675936 0.0140058 0.997615 -0.0179592
315 328 297 0.994824 0.0624185 -0.0801841 0.990824 -0.0639427 0.997816 -0.016581 0.133758 0.078974 0.0216223 0.996642 -0.0194247
