0 1 80 0.999973 -0.00133369 -0.00726152 -0.896227 0.0013164 0.999996 -0.00238562 -0.427294 0.00726468 0.002376 0.999971 -0.11915
0 2 76 0.999993 -0.00206949 -0.00322453 -0.857756 0.00207273 0.999997 0.00100278 -0.22955 0.00322245 -0.00100946 0.999994 -0.459959
0 3 82 0.99998 -0.000939987 -0.00628696 0.978092 0.000956716 0.999996 0.00265845 -0.0137288 0.00628444 -0.00266441 0.999977 0.207721
0 4 61 0.999993 -0.00370251 -0.000292293 -0.17947 0.0037034 0.999988 0.00310471 0.206565 0.000280794 -0.00310577 0.999995 -0.961832
0 5 71 0.999963 -0.00534775 -0.00669249 0.792261 0.00537344 0.999978 0.00382678 -0.185847 0.00667188 -0.0038626 0.99997 0.581192
0 6 81 0.999987 -0.00460792 -0.00210461 -0.391002 0.00461311 0.999986 0.00246543 0.0957469 0.00209322 -0.00247511 0.999995 -0.915396
0 7 63 0.999994 -0.00346912 -0.000164261 0.11099 0.00346962 0.999989 0.00315585 -0.160289 0.000153311 -0.0031564 0.999995 0.98081
0 8 86 0.999975 -0.00539369 -0.00448221 -0.879048 0.0054019 0.999984 0.00182118 -0.0196264 0.00447232 -0.00184535 0.999988 -0.476329
0 9 68 0.999992 -0.0039291 0.000139634 0.0572279 0.00392867 0.999988 0.00294579 0.0410934 -0.000151207 -0.00294522 0.999996 -0.997515
0 10 79 0.999959 -0.00371643 -0.00825219 -0.85203 0.00372548 0.999992 0.00108081 -0.320606 0.00824811 -0.00111151 0.999965 -0.413831
0 11 91 0.999919 -0.00346668 -0.0122602 0.871614 0.00352847 0.999981 0.00502223 -0.209922 0.0122425 -0.00506508 0.999912 0.44297
0 12 74 0.999946 0.00174679 -0.0102168 0.948884 -0.00172514 0.999996 0.00212733 0.00146393 0.0102205 -0.0021096 0.999946 0.315621
0 13 130 0.999895 0.00446831 -0.0137584 0.933355 -0.00441491 0.999983 0.00390871 0.007579 0.0137756 -0.00384755 0.999898 0.358874
0 14 102 0.999914 0.00814523 -0.0102658 0.892459 -0.00808183 0.999948 0.00620209 -0.20349 0.0103158 -0.00611859 0.999928 0.402627
15 16 82 1 -0.000210038 -0.000335806 -0.829841 0.000210253 1 0.000638246 -0.0539254 0.000335672 -0.000638316 1 0.555389
15 17 53 0.999996 0.000213966 -0.00278174 -0.152223 -0.000209848 0.999999 0.00148052 0.183727 0.00278205 -0.00147993 0.999995 -0.971119
15 18 73 0.999982 0.00125807 -0.00592172 -0.955613 -0.00124953 0.999998 0.00144573 0.0219941 0.00592352 -0.00143831 0.999981 -0.293804
15 19 70 0.999993 0.00315625 -0.00177234 0.947713 -0.00315199 0.999992 0.00240249 -0.043921 0.00177991 -0.00239688 0.999996 0.316088
15 20 93 0.999955 0.00595829 -0.0073958 0.786089 -0.00594144 0.99998 0.00229724 -0.0412301 0.00740934 -0.0022532 0.99997 0.616736
15 21 83 0.99997 0.0069619 -0.00340172 -0.931308 -0.00695546 0.999974 0.00190251 0.0780271 0.00341488 -0.00187879 0.999992 -0.355778
15 22 86 0.999973 0.00460729 -0.00570156 0.835771 -0.0045803 0.999978 0.0047379 -0.176565 0.00572326 -0.00471165 0.999973 0.519915
15 23 99 0.99999 0.00403796 -0.00187056 -0.521041 -0.00403102 0.999985 0.00369392 0.131345 0.00188545 -0.00368635 0.999991 -0.843365
15 24 572 0.999859 0.00478495 -0.0160983 0.967856 -0.00468856 0.999971 0.00602034 -0.119563 0.0161266 -0.00594401 0.999852 0.221266
15 25 101 0.999956 0.00453185 -0.0081586 0.837444 -0.00445688 0.999948 0.009184 -0.247121 0.00819979 -0.00914724 0.999925 0.487462
15 26 969 0.999735 0.00275616 -0.0228452 0.940909 -0.00270323 0.999994 0.00234742 -0.0101531 0.0228515 -0.00228504 0.999736 0.338507
15 27 952 0.999799 0.0012371 -0.019997 0.960475 -0.00111344 0.99998 0.00619405 -0.161093 0.0200043 -0.00617054 0.999781 0.227019
15 28 958 0.999831 0.00236454 -0.018252 0.880112 -0.00224408 0.999976 0.00661751 -0.215947 0.0182672 -0.00657543 0.999812 0.422812
15 29 980 0.999641 0.00379781 -0.026512 0.923217 -0.00371458 0.999988 0.00318793 -0.13088 0.0265238 -0.00308831 0.999643 0.361304
30 31 53 0.999999 -0.000824088 0.00107858 0.0282682 0.000827993 0.999993 -0.00362538 0.304924 -0.00107559 0.00362627 0.999993 -0.951957
30 32 87 0.999996 -0.00282306 -0.000296842 0.724785 0.00282156 0.999984 -0.00492028 0.167466 0.000310727 0.00491942 0.999988 -0.668313
30 33 78 0.999972 -0.00115695 0.00738786 0.0430619 0.00119248 0.999988 -0.00480763 -0.122121 -0.00738221 0.00481631 0.999961 0.991581
30 34 106 0.999998 7.69139e-05 -0.00214866 0.890239 -8.78393e-05 0.999987 -0.00508511 -0.451867 0.00214824 0.00508528 0.999985 -0.0573592
30 35 910 0.999956 -0.00111998 -0.00928178 0.998756 0.000997942 0.999913 -0.0131419 -0.026746 0.00929569 0.013132 0.999871 0.0420886
30 36 85 0.999989 0.000476861 0.00461335 0.880952 -0.000437616 0.999964 -0.0085039 -0.457396 -0.00461724 0.00850179 0.999953 -0.121293
30 37 90 0.999965 -0.00458051 0.00693464 0.909103 0.00465436 0.999932 -0.0106706 -0.0244841 -0.0068853 0.0107025 0.999919 -0.415851
30 38 358 0.999983 -0.00580512 0.000525132 0.979325 0.00580841 0.999962 -0.00649152 -0.0838611 -0.000487428 0.00649446 0.999979 -0.184092
30 39 81 0.999762 -0.0108202 0.0189581 0.712214 0.0109637 0.999912 -0.00747955 -0.0755993 -0.0188755 0.00768561 0.999792 -0.69788
30 40 133 0.999538 -0.0187354 0.0239238 -0.661023 0.0188499 0.999812 -0.00456831 -0.248451 -0.0238337 0.00501716 0.999703 0.70804
30 41 427 0.999911 -0.00955321 0.00926679 0.997907 0.00952445 0.99995 0.003142 -0.0297732 -0.00929634 -0.00305346 0.999952 -0.0574073
30 42 967 0.999983 -0.00590323 9.61386e-05 0.979862 0.00590297 0.999979 0.00251418 -0.103212 -0.000110978 -0.00251357 0.999997 0.17093
30 43 419 0.999944 -0.00696057 0.00792079 0.995606 0.00698073 0.999972 -0.00252059 -0.0287341 -0.00790303 0.00257574 0.999965 -0.0891184
30 44 151 0.99956 -0.0163496 0.0247374 -0.440501 0.0163611 0.999866 -0.000263004 -0.332876 -0.0247298 0.000667621 0.999694 0.833758
45 46 107 0.999887 0.00496272 -0.0141712 0.941242 -0.00489564 0.999977 0.00476407 -0.0423122 0.0141945 -0.00469415 0.999888 -0.335073
45 47 74 0.999976 0.00683129 -0.00085829 0.907309 -0.00682386 0.999942 0.00838345 0.330683 0.00091551 -0.0083774 0.999964 0.259691
45 48 91 0.999924 0.0123317 -0.000937055 0.982441 -0.0123179 0.999833 0.013477 -0.00785402 0.00110309 -0.0134645 0.999909 -0.18641
45 49 75 0.999838 0.017716 0.00319384 0.924185 -0.0177657 0.99971 0.0162526 -0.125547 -0.00290499 -0.0163067 0.999863 0.360721
45 50 67 0.999789 0.0204351 0.00215939 -0.614272 -0.0204702 0.999634 0.0177098 0.0730687 -0.0017967 -0.0177502 0.999841 0.785704
45 51 79 0.99966 0.0228679 -0.0125449 0.776471 -0.0227183 0.999671 0.0119449 0.356562 0.0128139 -0.0116558 0.99985 0.519573
45 52 1008 0.999264 0.0235336 -0.0303013 0.98911 -0.0231378 0.999643 0.013346 0.0762936 0.0306045 -0.0126351 0.999452 -0.125858
45 53 894 0.999146 0.0264692 -0.0317281 0.934391 -0.0263513 0.999644 0.00412905 0.250365 0.0318261 -0.00328944 0.999488 0.253437
45 54 905 0.9991 0.0268368 -0.0328566 0.915156 -0.026836 0.99964 0.00046545 0.190302 0.0328573 0.000416709 0.99946 0.355352
45 55 757 0.999066 0.0265832 -0.0340663 0.952602 -0.0266569 0.999643 -0.00170913 0.293731 0.0340087 0.00261563 0.999418 0.0791926
45 56 848 0.998855 0.0271356 -0.0393888 0.995449 -0.0270331 0.99963 0.00313384 -0.0552202 0.0394592 -0.00206545 0.999219 0.0776633
45 57 353 0.998759 0.0297087 -0.039983 0.93457 -0.0297933 0.999555 -0.00152206 0.00952773 0.03992 0.0027114 0.999199 0.355653
45 58 1027 0.996861 0.0305693 -0.0730355 0.997516 -0.0309742 0.99951 -0.00441754 0.0484774 0.0728647 0.00666588 0.99732 0.0511032
45 59 966 0.99763 0.0271881 -0.0632145 0.999091 -0.0272887 0.999627 -0.000728262 -0.00677421 0.0631711 0.00245158 0.998 0.0420952
60 61 77 0.999997 0.00013152 0.00262588 -0.524501 -0.00014739 0.999982 0.00604432 -0.809175 -0.00262504 -0.00604469 0.999978 0.264827
60 62 99 0.999965 -0.000607461 -0.00834414 0.880516 0.000625359 0.999998 0.00214259 0.471384 0.00834282 -0.00214773 0.999963 0.0498904
60 63 129 0.999986 0.00207326 0.00479206 -0.845907 -0.00212711 0.999934 0.0112617 0.158533 -0.0047684 -0.0112717 0.999925 -0.509224
60 64 172 0.999971 0.00762411 0.000238255 0.95241 -0.00762598 0.999928 0.00921204 -0.103474 -0.000168004 -0.00921359 0.999958 0.286719
60 65 218 0.999944 0.00981826 0.00404481 0.984695 -0.00984086 0.999936 0.00560436 -0.0374561 -0.00398952 -0.00564385 0.999976 0.170211
60 66 111 0.999934 0.00914386 0.00694934 0.98266 -0.00917253 0.99995 0.00410482 -0.0771703 -0.00691146 -0.00416829 0.999967 0.168597
60 67 1038 0.999819 0.00806949 -0.0172483 0.994138 -0.00806658 0.999967 0.000237977 -0.00939254 0.0172496 -9.87994e-05 0.999851 0.107714
60 68 962 0.999471 0.0125521 -0.0299962 0.990006 -0.0127437 0.9999 -0.00620657 0.0533084 0.0299153 0.00658555 0.999531 0.13056
60 69 921 0.999931 0.0117795 9.51296e-05 0.995024 -0.0117791 0.999926 -0.00309255 -0.0412718 -0.000131551 0.00309122 0.999995 0.0906874
60 70 962 0.999718 0.015852 -0.0176754 0.998914 -0.0159302 0.999864 -0.00429468 0.018774 0.0176049 0.00457504 0.999835 -0.0426306
60 71 792 0.99989 0.0146727 -0.00229458 0.998918 -0.0146747 0.999892 -0.000872616 -0.00516434 0.00228152 0.000906192 0.999997 -0.0462247
60 72 840 0.999874 0.0147937 0.00577052 0.974901 -0.014788 0.99989 -0.00101839 -0.03826 -0.00578495 0.000932925 0.999983 0.219328
60 73 893 0.999672 0.0231425 -0.0109593 0.999219 -0.0231529 0.999732 -0.000823548 -0.034318 0.0109373 0.00107702 0.99994 0.0195951
60 74 809 0.999536 0.0221806 -0.0208644 0.987473 -0.0222898 0.999739 -0.00501966 -0.0543728 0.0207476 0.0054824 0.99977 0.148123
75 76 93 0.999996 -0.000671285 -0.00285025 0.703008 0.000666557 0.999998 -0.00165945 -0.349064 0.00285136 0.00165755 0.999995 -0.619624
75 77 78 0.999981 -0.00430455 -0.00437389 0.458924 0.00429642 0.999989 -0.00186758 0.166483 0.00438188 0.00184876 0.999989 -0.872739
75 78 387 0.999828 -0.00226965 -0.018398 0.971656 0.002239 0.999996 -0.00168632 0.146163 0.0184018 0.00164483 0.999829 -0.1858
75 79 900 0.99976 0.00365815 -0.0215787 0.999399 -0.00370484 0.999991 -0.00212418 -0.0181195 0.0215708 0.00220362 0.999765 0.0295581
75 80 1040 0.999645 0.00597101 -0.0259821 0.988265 -0.00605908 0.999976 -0.00331225 0.0309384 0.0259617 0.0034685 0.999657 -0.149583
75 81 881 0.999845 -0.000252034 -0.0176211 0.99821 0.000253709 1 9.28077e-05 0.0482351 0.0176211 -9.72639e-05 0.999845 -0.0353591
75 82 324 0.999868 -0.00627147 -0.0149648 0.99687 0.00629387 0.999979 0.00145026 -8.54259e-05 0.0149554 -0.00154426 0.999887 0.0790558
75 83 975 0.999541 -0.00362309 -0.030079 0.999659 0.00367659 0.999992 0.00172346 -0.0256534 0.0300725 -0.00183326 0.999546 0.00493816
75 84 970 0.999406 -0.00523852 -0.0340728 0.976399 0.00509827 0.999978 -0.00420179 0.193449 0.0340941 0.00402558 0.999411 -0.0960357
75 85 996 0.999403 -0.00592768 -0.0340322 0.99122 0.00595914 0.999982 0.000823044 0.107401 0.0340267 -0.00102536 0.99942 0.0771216
75 86 898 0.999087 0.000827395 -0.0427039 0.9911 -0.000121052 0.999863 0.0165404 -0.132483 0.0427118 -0.0165201 0.998951 0.012967
75 87 886 0.998608 0.000158855 -0.052749 0.982918 0.000186872 0.999979 0.0065492 0.120323 0.0527489 -0.00654994 0.998586 0.139267
75 88 825 0.9987 0.005701 -0.0506526 0.987551 -0.00510018 0.999915 0.011983 0.0490584 0.0507166 -0.0117091 0.998644 0.149451
75 89 886 0.998996 0.0134055 -0.0427574 0.98086 -0.0121599 0.999498 0.0292607 -0.166591 0.0431281 -0.0287114 0.998657 0.100803
90 91 66 0.999979 0.00507673 0.00413526 0.0878742 -0.00509559 0.999977 0.00456318 0.364304 -0.004112 -0.00458416 0.999981 0.927125
90 92 780 0.999714 0.0078628 -0.0225961 0.95184 -0.00769332 0.999942 0.00757762 0.00425336 0.0226544 -0.00740162 0.999716 0.306565
90 93 690 0.999862 0.0143712 -0.00827715 0.947774 -0.0142814 0.99984 0.0108082 -0.125151 0.00843115 -0.0106885 0.999907 0.293363
90 94 955 0.999886 0.014264 -0.00497421 0.919415 -0.0142054 0.999831 0.0116288 -0.143049 0.00513925 -0.0115568 0.99992 0.366352
90 95 874 0.999949 0.00877943 0.00505407 0.807088 -0.00883901 0.99989 0.0118899 -0.324633 -0.00494913 -0.011934 0.999917 0.493176
90 96 841 0.999944 0.00807931 -0.00686631 0.868358 -0.00801554 0.999925 0.00926413 -0.203038 0.00694064 -0.00920857 0.999934 0.45247
90 97 860 0.999963 0.0084025 -0.00200992 0.82652 -0.00839028 0.999947 0.00601195 -0.257771 0.00206033 -0.00599486 0.99998 0.500419
90 98 771 0.999769 0.00572878 -0.0207008 0.892635 -0.00575694 0.999983 -0.00130083 -0.138013 0.020693 0.0014197 0.999785 0.429133
90 99 811 0.999804 0.00532227 -0.0190775 0.91399 -0.00553326 0.999924 -0.0110243 -0.135474 0.0190174 0.0111277 0.999757 0.382452
90 100 784 0.999624 0.00154091 -0.0273831 0.953154 -0.00184067 0.999939 -0.0109251 -0.142458 0.0273646 0.0109714 0.999565 0.266838
90 101 604 0.99951 -0.00517972 -0.0308723 0.899522 0.00479298 0.999909 -0.0125878 -0.18112 0.0309347 0.0124336 0.999444 0.397562
90 102 680 0.999616 -0.00508348 -0.027236 0.943115 0.00456936 0.999811 -0.0189054 -0.227019 0.027327 0.0187737 0.99945 0.242893
90 103 622 0.999174 -0.00634838 -0.0401263 0.974183 0.00548761 0.999753 -0.0215253 -0.174025 0.0402531 0.0212873 0.998963 0.143816
90 104 633 0.999857 -0.00794095 -0.0149566 0.931664 0.00753963 0.999615 -0.0267006 -0.23628 0.0151629 0.026584 0.999532 0.275997
105 106 63 0.999986 0.0024447 0.00472297 0.300942 -0.00242836 0.999991 -0.00346276 -0.247604 -0.00473139 0.00345124 0.999983 -0.920938
105 107 219 0.99999 0.00119986 -0.00441465 0.976332 -0.0012207 0.999988 -0.00471988 -0.16162 0.00440893 0.00472522 0.999979 -0.143719
105 108 890 0.999978 0.00615509 -0.00234522 0.944663 -0.00619428 0.999835 -0.0170856 0.171245 0.00223967 0.0170997 0.999851 -0.279799
105 109 893 0.999967 0.00802103 0.00140917 0.840146 -0.00799784 0.999844 -0.0157611 0.00922386 -0.00153537 0.0157493 0.999875 -0.542282
105 110 892 0.999883 0.00931977 -0.0121393 0.940556 -0.00948362 0.999864 -0.0135109 -0.0199155 0.0120118 0.0136244 0.999835 -0.339054
105 111 517 0.999824 0.0103383 0.0156619 0.653343 -0.0100864 0.99982 -0.0160826 0.0275264 -0.0158253 0.0159218 0.999748 -0.756561
105 112 759 0.999952 0.00971748 -0.00105572 0.856609 -0.00973103 0.999859 -0.0136896 -0.0509098 0.00092254 0.0136993 0.999906 -0.513449
105 113 825 0.999964 0.00687524 -0.0049666 0.831813 -0.00699796 0.99966 -0.0251294 0.168771 0.00479214 0.0251633 0.999672 -0.528775
105 114 598 0.999989 0.00452485 -0.000744109 0.737888 -0.00453768 0.999823 -0.0182517 0.0620264 0.000661391 0.0182549 0.999833 -0.672067
105 115 757 0.999955 0.00950246 -0.000776755 0.775063 -0.0095095 0.999908 -0.00963358 0.0123438 0.000685141 0.00964053 0.999953 -0.631764
105 116 762 0.999779 0.0148011 -0.0149407 0.859983 -0.0149074 0.999864 -0.00702526 -0.00886505 0.0148347 0.00724644 0.999864 -0.510246
105 117 566 0.999872 0.0118677 -0.0106898 0.796398 -0.0120329 0.999807 -0.0155259 0.158076 0.0105035 0.0156525 0.999822 -0.583749
105 118 721 0.999744 0.0111476 -0.0197058 0.86198 -0.0113493 0.999884 -0.0101502 0.140577 0.0195904 0.0103712 0.999754 -0.487061
105 119 722 0.999639 0.0137198 -0.0231194 0.860131 -0.0139644 0.999848 -0.010449 0.164391 0.0229725 0.010768 0.999678 -0.482857
120 121 82 0.999988 0.00377561 0.0030707 0.248305 -0.00379246 0.999978 0.00549983 0.300322 -0.00304987 -0.00551141 0.99998 -0.920952
120 122 118 0.999921 0.0103544 0.0071793 0.111613 -0.0104522 0.999851 0.0137093 -0.0465934 -0.00703628 -0.0137833 0.99988 -0.992659
120 123 375 0.999849 0.0169738 -0.00377268 0.861163 -0.0169558 0.999845 0.00474465 0.452577 0.00385263 -0.00467996 0.999982 -0.231458
120 124 742 0.999762 0.0204407 -0.00763114 0.892195 -0.0203805 0.999761 0.00789035 0.123311 0.0077906 -0.00773295 0.99994 -0.434492
120 125 788 0.999557 0.0295383 -0.00371786 0.810005 -0.0295647 0.999536 -0.00726621 0.4626 0.0035015 0.00737291 0.999967 -0.360408
120 126 845 0.999619 0.0267862 0.00673036 0.583915 -0.0267585 0.999633 -0.00416641 0.377182 -0.0068395 0.00398473 0.999969 -0.718872
120 127 833 0.999291 0.0332595 -0.0176512 0.725003 -0.0336638 0.999166 -0.0231238 0.502383 0.0168674 0.0237016 0.999577 -0.47115
120 128 605 0.999656 0.0224763 0.0135287 0.199679 -0.022423 0.99974 -0.00407703 0.288238 -0.0136168 0.00377227 0.9999 -0.936508
120 129 798 0.99957 0.0287676 -0.00562233 0.484539 -0.0288266 0.999527 -0.0107023 0.367451 0.00531179 0.0108598 0.999927 -0.793853
120 130 813 0.998667 0.0359483 -0.0370273 0.715074 -0.0369022 0.998996 -0.025409 0.441357 0.0360767 0.0267415 0.998991 -0.542101
120 131 781 0.999152 0.0342443 -0.0228739 0.501167 -0.0344947 0.999348 -0.0106453 0.313815 0.0224944 0.0114253 0.999682 -0.806444
120 132 775 0.998929 0.0345829 -0.0307531 0.524733 -0.0349439 0.999326 -0.011278 0.344389 0.0303424 0.0123405 0.999463 -0.778493
120 133 766 0.997654 0.0412051 -0.0546699 0.725849 -0.0419561 0.999039 -0.0126599 0.35658 0.0540958 0.014924 0.998424 -0.588212
120 134 756 0.99769 0.0395093 -0.0552689 0.665526 -0.0406954 0.998961 -0.0205021 0.440526 0.0544015 0.0227039 0.998261 -0.602505
135 136 67 0.999959 0.00607405 -0.00667488 0.829071 -0.00607781 0.999981 -0.000543454 0.542117 0.00667146 0.000584 0.999978 0.136928
135 137 65 0.999998 0.00184284 0.000325329 -0.0909175 -0.00184376 0.999994 0.00283781 -0.0222793 -0.000320097 -0.0028384 0.999996 -0.995609
135 138 102 0.999914 0.00452552 -0.0123273 0.655918 -0.004504 0.999988 0.00177343 0.233383 0.0123352 -0.00171776 0.999922 -0.717847
135 139 870 0.999723 0.00213846 -0.0234327 0.819636 -0.00207808 0.999994 0.00260074 0.252121 0.0234382 -0.00255132 0.999722 -0.514423
135 140 492 0.999871 0.0037473 -0.0156022 0.471637 -0.00369364 0.999987 0.00346653 0.335419 0.015615 -0.00340846 0.999872 -0.815508
135 141 836 0.999164 0.0111085 -0.0393316 0.820604 -0.0112448 0.999932 -0.00324736 0.359515 0.0392928 0.00368693 0.999221 -0.444251
135 142 811 0.999672 0.0100477 -0.0235399 0.438064 -0.0099445 0.99994 0.00449589 0.271384 0.0235837 -0.00426033 0.999713 -0.857001
135 143 928 0.999412 0.0125561 -0.0319093 0.518436 -0.012358 0.999903 0.00639661 0.263327 0.0319866 -0.00599851 0.99947 -0.813562
135 144 795 0.998738 0.0137177 -0.048315 0.66341 -0.0137523 0.999905 -0.000383358 0.388855 0.0483051 0.00104732 0.998832 -0.63928
135 145 916 0.998218 0.0188134 -0.056632 0.684458 -0.0186275 0.999819 0.00380986 0.363142 0.0566934 -0.00274816 0.998388 -0.632175
135 146 819 0.998944 0.0210751 -0.040833 0.506053 -0.0204559 0.99967 0.0155229 0.317965 0.0411466 -0.0146712 0.999045 -0.801754
135 147 751 0.997827 0.0300354 -0.058648 0.658034 -0.0289463 0.999394 0.0193323 0.307881 0.0591931 -0.0175927 0.998092 -0.687168
135 148 808 0.996727 0.0344949 -0.0731128 0.704353 -0.0338517 0.999377 0.0100184 0.426681 0.0734128 -0.00751066 0.997273 -0.5673
135 149 680 0.998691 0.0346973 -0.0375866 0.439681 -0.0332036 0.998661 0.0396609 0.256589 0.0389124 -0.038361 0.998506 -0.860722
150 151 48 0.999959 0.00868731 0.00255958 -0.0752373 -0.00872429 0.999852 0.0148099 0.485118 -0.00243054 -0.0148316 0.999887 -0.871206
150 152 67 0.999776 0.0206383 0.00478854 0.466053 -0.0207068 0.999677 0.0147347 0.872308 -0.00448289 -0.0148306 0.99988 0.147896
150 153 59 0.999582 0.0272693 0.00964958 -0.877689 -0.0274153 0.999507 0.0153332 -0.474801 -0.00922669 -0.0155913 0.999836 -0.0650077
150 154 67 0.999752 0.0222215 -0.00136051 -0.759821 -0.0222033 0.999679 0.0121826 -0.230687 0.00163079 -0.0121493 0.999925 -0.607829
150 155 77 0.999705 0.0232883 -0.00682502 0.0788743 -0.0231711 0.999591 0.0167792 -0.107733 0.00721298 -0.0166162 0.999836 -0.991046
150 156 319 0.9983 0.0264506 -0.0519413 0.827285 -0.0270319 0.999579 -0.0105203 0.542081 0.0516411 0.0119064 0.998595 -0.147471
150 157 300 0.998786 0.0325048 -0.0370186 0.890385 -0.0321623 0.999435 0.00980923 0.273132 0.0373165 -0.00860671 0.999266 -0.364161
150 158 236 0.99894 0.0390976 -0.0242871 0.621157 -0.0386712 0.999094 0.0177857 0.161205 0.0249605 -0.0168277 0.999547 -0.766927
150 159 301 0.998282 0.0389338 -0.043788 0.850885 -0.0386651 0.999228 0.00696555 0.35547 0.0440254 -0.00526051 0.999017 -0.386829
150 160 269 0.998136 0.0365105 -0.0489043 0.725923 -0.0364714 0.999333 0.00169044 0.406491 0.0489334 9.63229e-05 0.998802 -0.554798
150 161 291 0.99823 0.0367084 -0.046796 0.461695 -0.036405 0.99931 0.00732027 0.312274 0.0470325 -0.0056037 0.998878 -0.830255
150 162 279 0.996707 0.0389943 -0.0710982 0.737594 -0.0388099 0.999239 0.00397379 0.353906 0.0711991 -0.00120139 0.997461 -0.57507
150 163 272 0.995958 0.0431917 -0.0787569 0.717604 -0.0427076 0.999057 0.00782115 0.329837 0.0790204 -0.00442602 0.996863 -0.613395
150 164 298 0.994927 0.0469391 -0.0889737 0.766152 -0.0466557 0.998897 0.00526422 0.39692 0.0891227 -0.00108639 0.99602 -0.505436
165 166 71 0.999975 0.00507932 -0.00484337 0.431496 -0.00505337 0.999973 0.00535507 0.336697 0.00487044 -0.00533046 0.999974 -0.836926
165 167 81 0.999917 0.01081 -0.00699019 0.244161 -0.0107568 0.999913 0.00760915 0.140606 0.00707184 -0.00753333 0.999947 -0.959487
165 168 905 0.999204 0.0152428 -0.0368734 0.819672 -0.0155308 0.999851 -0.00753574 0.491235 0.036753 0.00810241 0.999292 -0.294662
165 169 863 0.999078 0.0168662 -0.0394747 0.89334 -0.0167599 0.999855 0.00302326 0.26691 0.0395199 -0.00235888 0.999216 -0.361529
165 170 735 0.999397 0.0210738 -0.0275902 0.476386 -0.0208028 0.999733 0.0100743 0.134932 0.0277952 -0.00949426 0.999569 -0.868821
165 171 758 0.999254 0.0197916 -0.03315 0.519509 -0.0195519 0.99978 0.00754067 0.240787 0.0332919 -0.0068869 0.999422 -0.819837
165 172 786 0.998644 0.0219818 -0.0471973 0.70925 -0.0218678 0.999757 0.00293074 0.289251 0.0472503 -0.00189466 0.998881 -0.642883
165 173 770 0.998483 0.0288385 -0.0469045 0.581347 -0.0284349 0.999553 0.00924817 0.169826 0.0471502 -0.00790042 0.998857 -0.795735
165 174 909 0.998517 0.0184735 -0.0512152 0.561545 -0.0184515 0.999829 0.000903565 0.365607 0.0512232 4.27701e-05 0.998687 -0.742292
165 175 736 0.997759 0.0281678 -0.0606921 0.635984 -0.0280387 0.999602 0.0029778 0.339742 0.0607519 -0.0012694 0.998152 -0.692892
165 176 710 0.997209 0.0361243 -0.0653428 0.644085 -0.0359848 0.999347 0.0033107 0.314175 0.0654198 -0.000950108 0.997857 -0.697459
165 177 716 0.996789 0.0477773 -0.0642567 0.645338 -0.0477961 0.998856 0.00124622 0.335689 0.0642428 0.001829 0.997933 -0.686187
165 178 775 0.99485 0.0544736 -0.0854748 0.740782 -0.0557826 0.998358 -0.0129992 0.384618 0.0846263 0.0177003 0.996256 -0.550737
165 179 672 0.993861 0.0609382 -0.0923421 0.746078 -0.062751 0.997887 -0.0168538 0.353549 0.0911199 0.0225449 0.995585 -0.564244
180 181 75 0.999973 0.00353027 -0.00651327 0.89149 -0.0035499 0.999989 -0.00300476 0.29415 0.00650259 0.0030278 0.999974 -0.344558
180 182 135 0.999905 0.00939099 -0.0101078 0.901365 -0.0094639 0.999929 -0.00718974 0.228521 0.0100396 0.00728472 0.999923 -0.367858
180 183 297 0.999861 0.0161873 0.00407566 0.200947 -0.0161576 0.999843 -0.0072248 -0.0213357 -0.00419197 0.00715794 0.999966 -0.97937
180 184 1170 0.99976 0.017682 -0.0129199 0.702441 -0.0178729 0.999731 -0.0148113 0.229438 0.0126546 0.0150387 0.999807 -0.673746
180 185 1164 0.999696 0.019202 -0.0154524 0.642559 -0.0194663 0.999664 -0.0171374 0.252133 0.0151181 0.017433 0.999734 -0.723565
180 186 1141 0.999148 0.0234776 -0.0339506 0.79148 -0.0242615 0.999444 -0.0228635 0.28678 0.0333949 0.0236677 0.999162 -0.539738
180 187 1040 0.998822 0.0270734 -0.0402764 0.775201 -0.0282141 0.999209 -0.0280265 0.295676 0.0394858 0.0291298 0.998795 -0.558247
180 188 1044 0.99938 0.0296171 -0.0190118 0.553809 -0.0300233 0.999319 -0.0214486 0.164318 0.0183636 0.0220061 0.999589 -0.816269
180 189 961 0.998542 0.0317203 -0.0436699 0.709622 -0.0330556 0.998997 -0.0302011 0.260517 0.0426681 0.0316006 0.998589 -0.654651
180 190 854 0.998957 0.0270029 -0.0368149 0.615139 -0.028004 0.999244 -0.0269521 0.258865 0.0360593 0.0279549 0.998959 -0.74471
180 191 943 0.997932 0.0247241 -0.0593252 0.673494 -0.0264746 0.999232 -0.0289042 0.214665 0.058565 0.0304151 0.99782 -0.707337
180 192 969 0.999034 0.0204188 -0.0389187 0.450319 -0.0216429 0.999276 -0.0312958 0.255444 0.0382515 0.0321079 0.998752 -0.855547
180 193 935 0.997626 0.0242662 -0.0644426 0.624309 -0.026477 0.999082 -0.0336767 0.240057 0.0635663 0.035303 0.997353 -0.743378
180 194 733 0.997986 0.0246211 -0.0584641 0.532562 -0.0265521 0.999119 -0.032486 0.237025 0.0576128 0.0339729 0.997761 -0.812525
195 196 90 0.999872 -0.00459997 -0.0153507 0.807091 0.00466988 0.999979 0.00452103 0.266146 0.0153296 -0.00459214 0.999872 -0.52704
195 197 502 0.99953 -0.00288125 -0.030531 0.855243 0.00350143 0.999788 0.020279 -0.167615 0.0304661 -0.0203764 0.999328 -0.490372
195 198 381 0.999507 -0.00500854 -0.0309841 0.675011 0.00574146 0.999705 0.023611 0.0562053 0.0308567 -0.0237773 0.999241 -0.735664
195 199 757 0.99856 0.000533375 -0.0536487 0.848041 0.00115524 0.999505 0.0314395 0.00285677 0.053639 -0.0314562 0.998065 -0.529923
195 200 585 0.997055 -0.00180647 -0.076663 0.960032 0.00421974 0.9995 0.0313286 0.151408 0.0765681 -0.0315599 0.996565 -0.235402
195 201 653 0.993724 0.00528072 -0.111734 0.990606 -0.00219331 0.999613 0.0277366 0.135682 0.111838 -0.0273174 0.993351 -0.0170476
195 202 748 0.997488 0.0132724 -0.069574 0.855575 -0.0102971 0.999024 0.0429493 -0.076331 0.0700762 -0.042125 0.996652 -0.51202
195 203 706 0.995661 0.0240968 -0.0898753 0.901269 -0.0189799 0.998173 0.0573598 -0.153279 0.0910933 -0.0554051 0.9943 -0.405241
195 204 622 0.996149 0.0288292 -0.0827968 0.875901 -0.0239368 0.997942 0.0594859 -0.226072 0.0843414 -0.057275 0.994789 -0.42625
195 205 597 0.993105 0.0375036 -0.111068 0.929119 -0.030862 0.997665 0.0609251 -0.198763 0.113093 -0.0570772 0.991944 -0.311818
195 206 675 0.990013 0.0332224 -0.137005 0.972974 -0.0261615 0.998251 0.0530199 -0.100025 0.138527 -0.0489061 0.98915 -0.208127
195 207 652 0.992736 0.051484 -0.108745 0.875723 -0.0442999 0.996737 0.0674778 -0.264865 0.111865 -0.0621702 0.991777 -0.403677
195 208 606 0.989577 0.0492584 -0.135315 0.947138 -0.0410677 0.997189 0.0626706 -0.185204 0.138022 -0.0564603 0.988819 -0.26197
195 209 675 0.987256 0.0509966 -0.150749 0.966454 -0.0437804 0.997748 0.0508083 -0.104203 0.153 -0.043561 0.987266 -0.23475
210 211 83 0.999997 0.00219785 -0.00136858 0.986889 -0.00220287 0.999991 -0.00367723 0.119849 0.00136049 0.00368024 0.999992 -0.108104
210 212 585 0.9999 0.0135887 -0.0039031 0.825474 -0.0135671 0.999893 0.00551979 -0.345272 0.00397769 -0.00546628 0.999977 -0.446521
210 213 258 0.999895 0.00119598 0.0144379 0.653215 -0.00113607 0.999991 -0.00415725 0.223968 -0.0144428 0.00414041 0.999887 -0.72329
210 214 858 0.999852 0.0163914 -0.00517614 0.877778 -0.0163297 0.999798 0.0117456 -0.161418 0.00536762 -0.0116594 0.999918 -0.451054
210 215 336 0.999605 0.00422676 0.0277872 0.565228 -0.00442443 0.999965 0.00705597 0.0206648 -0.0277564 -0.00717612 0.999589 -0.824676
210 216 684 0.999972 0.00396324 0.00640109 0.786934 -0.00406072 0.999875 0.0152875 -0.0683973 -0.0063397 -0.0153131 0.999863 -0.613235
210 217 621 0.999753 -0.0133831 -0.0177467 0.933724 0.0137006 0.999746 0.0178903 0.0532328 0.0175028 -0.0181291 0.999682 -0.354013
210 218 574 0.999554 -0.0246116 0.0168856 0.795876 0.0242226 0.999445 0.0228678 0.105554 -0.0174391 -0.0224486 0.999596 -0.596188
210 219 552 0.999595 -0.0210004 0.0192083 0.755794 0.0203672 0.999261 0.0325883 0.00790537 -0.0198784 -0.0321839 0.999284 -0.654762
210 220 951 0.999794 -0.00968599 -0.0178107 0.917627 0.0105478 0.998746 0.04895 -0.154739 0.0173142 -0.0491278 0.998642 -0.366084
210 221 625 0.999941 -0.00889039 -0.00618605 0.920377 0.00913537 0.999127 0.0407695 -0.134372 0.00581819 -0.0408236 0.999149 -0.367219
210 222 808 0.998191 -0.0108113 -0.0591392 0.979782 0.0122995 0.999615 0.0248573 0.00199981 0.0588477 -0.0255397 0.99794 -0.200057
210 223 728 0.999934 -0.0100683 0.00551115 0.847431 0.00990333 0.999525 0.0291802 -0.0600876 -0.00580233 -0.0291237 0.999559 -0.527494
210 224 736 0.999904 0.000585011 0.0138212 0.806889 -0.00105752 0.999414 0.0342049 -0.150632 -0.0137931 -0.0342162 0.999319 -0.571174
225 226 605 0.99993 0.00865884 -0.00800291 0.518428 -0.00855126 0.999874 0.0133804 -0.849813 0.00811776 -0.0133111 0.999878 -0.0951283
225 227 134 0.99985 0.0172889 0.00133684 0.566545 -0.0172862 0.999849 -0.00198273 -0.455344 -0.00137092 0.00195932 0.999997 -0.686796
225 228 342 0.99993 0.0113019 0.0035516 0.547122 -0.0112568 0.999859 -0.0124821 0.156562 -0.00369217 0.0124412 0.999916 -0.822281
225 229 458 0.999511 0.0312413 -0.00121738 0.6723 -0.0312374 0.999507 0.00312651 -0.473346 0.00131446 -0.00308695 0.999994 -0.569172
225 230 586 0.999711 0.0210696 -0.0115558 0.816698 -0.0210368 0.999774 0.00294705 -0.379163 0.0116153 -0.0027031 0.999929 -0.435017
225 231 931 0.999572 0.023709 -0.0171289 0.860706 -0.0237592 0.999714 -0.0027349 -0.292389 0.0170591 0.0031407 0.99985 -0.416766
225 232 700 0.999606 0.0271991 -0.00689219 0.795391 -0.0272732 0.999569 -0.0108941 -0.254667 0.00659291 0.0110778 0.999917 -0.549998
225 233 878 0.999452 0.0271186 -0.0190045 0.895054 -0.0273322 0.999565 -0.0110733 -0.300575 0.0186959 0.0115866 0.999758 -0.329444
225 234 646 0.999464 0.0323046 -0.00528348 0.76522 -0.0323739 0.999383 -0.013616 -0.483602 0.00484036 0.0137798 0.999893 -0.424932
225 235 593 0.999605 0.0263631 -0.00976084 0.812911 -0.0265509 0.999455 -0.0196366 -0.337844 0.00923784 0.019888 0.99976 -0.474381
225 236 815 0.999547 0.0228275 -0.0195884 0.863162 -0.0232027 0.999547 -0.019145 -0.345881 0.0191425 0.0195909 0.999625 -0.367857
225 237 726 0.999528 0.0207916 -0.0226353 0.895317 -0.0213942 0.999414 -0.0267143 -0.201134 0.0220666 0.0271859 0.999387 -0.397433
225 238 767 0.998827 0.0370824 -0.0311264 0.886879 -0.037591 0.999166 -0.0159177 -0.377759 0.0305102 0.0170691 0.999389 -0.265976
225 239 423 0.998767 0.049415 0.0048616 0.77099 -0.0492567 0.998378 -0.0285664 -0.355014 -0.00626532 0.0282917 0.99958 -0.528714
240 241 67 0.999967 0.00667421 -0.00454608 0.745435 -0.00667572 0.999978 -0.000316803 -0.662069 0.00454386 0.000347141 0.99999 0.0774036
240 242 907 0.999727 0.00247894 -0.0232454 0.941356 -0.00265575 0.999968 -0.00757842 0.043954 0.0232259 0.00763808 0.999701 0.334541
240 243 541 0.999781 0.0118193 -0.0172548 0.912111 -0.0119282 0.999909 -0.00622391 -0.273593 0.0171796 0.00642836 0.999832 0.305287
240 244 711 0.999667 0.00747408 -0.0247085 0.949813 -0.0078401 0.99986 -0.0147501 0.0304717 0.0245948 0.0149389 0.999586 0.31133
240 245 499 0.999769 0.0152434 -0.0151435 0.867224 -0.0154865 0.999751 -0.0160714 -0.143025 0.0148948 0.0163022 0.999756 0.476935
240 246 762 0.99965 0.0139265 -0.0224717 0.937009 -0.0143808 0.999693 -0.0201821 -0.0824448 0.0221838 0.0204983 0.999544 0.339437
240 247 538 0.999688 0.00832078 -0.0235348 0.947669 -0.00873163 0.99981 -0.0174083 -0.025498 0.0233855 0.0176083 0.999571 0.318235
240 248 461 0.999638 0.0243632 -0.0114391 0.93861 -0.0244309 0.999685 -0.00582296 -0.176244 0.0112937 0.00610032 0.999918 0.296564
240 249 730 0.99958 0.0176239 -0.0230222 0.954609 -0.0178218 0.999806 -0.00841729 0.00308431 0.0228694 0.00882404 0.9997 0.297846
240 250 511 0.999601 0.0201694 -0.0197959 0.9442 -0.0202425 0.999789 -0.00349772 -0.00260122 0.0197212 0.00389705 0.999798 0.329361
240 251 550 0.999629 0.0225594 -0.0152751 0.917709 -0.022579 0.999744 -0.00111371 0.0137682 0.0152461 0.00145819 0.999883 0.397016
240 252 573 0.999796 0.0195797 -0.00498836 0.912011 -0.019567 0.999805 0.00257794 -0.0103268 0.00503786 -0.00247981 0.999984 0.410036
240 253 527 0.999942 0.00764311 -0.0075815 0.904198 -0.00764406 0.999971 -9.61748e-05 0.0321738 0.00758055 0.000154123 0.999971 0.425901
240 254 574 0.999999 0.000298439 -0.00123484 0.874971 -0.000297766 1 0.000544808 0.0212581 0.00123501 -0.00054444 0.999999 0.483708
255 256 75 0.999943 -0.0106149 0.00135273 -0.898811 0.0106148 0.999944 7.37253e-05 0.0710199 -0.00135343 -5.93622e-05 0.999999 -0.432544
255 257 342 0.999535 -0.0225042 0.0205859 -0.835858 0.0223594 0.999724 0.00724067 -0.157496 -0.0207431 -0.00677702 0.999762 0.525868
255 258 904 0.999772 -0.0198935 -0.00778947 0.863279 0.019916 0.999798 0.00281921 0.0911433 0.00773181 -0.0029737 0.999966 0.49643
255 259 1019 0.999578 -0.0233848 -0.0172494 0.933658 0.0233244 0.999721 -0.00369739 0.14254 0.0173311 0.00329349 0.999844 0.32858
255 260 963 0.999629 -0.0193488 -0.0191606 0.89798 0.0192283 0.999794 -0.00645075 0.201335 0.0192815 0.00607993 0.999796 0.391275
255 261 940 0.999735 -0.0210213 -0.0094118 0.781469 0.0209463 0.999749 -0.00798909 0.203656 0.00957738 0.00778983 0.999924 0.589772
255 262 773 0.999714 -0.0195755 -0.0137695 0.908792 0.0195214 0.999801 -0.00404702 0.131814 0.013846 0.00377706 0.999897 0.395881
255 263 739 0.999314 -0.0279683 -0.0242786 0.8824 0.0278906 0.999605 -0.00353378 0.221809 0.0243679 0.00285421 0.999699 0.414936
255 264 816 0.999678 -0.0198016 -0.0158951 0.760954 0.0199526 0.999757 0.00940239 0.00261427 0.0157051 -0.00971651 0.999829 0.6488
255 265 826 0.999232 -0.0308991 -0.0240868 0.811929 0.0308715 0.999522 -0.00151729 0.122208 0.0241222 0.000772528 0.999709 0.570821
255 266 883 0.998743 -0.0335077 -0.0372898 0.82489 0.0333448 0.999431 -0.00498161 0.148025 0.0374356 0.00373192 0.999292 0.545568
255 267 882 0.998843 -0.0300281 -0.0375639 0.82624 0.0300707 0.999548 0.000570261 0.0449055 0.0375297 -0.00169917 0.999294 0.561526
255 268 863 0.998418 -0.0296325 -0.0477869 0.834658 0.0294128 0.999553 -0.005294 0.0725963 0.0479225 0.00388008 0.998844 0.545963
255 269 836 0.998406 -0.0353862 -0.043976 0.801505 0.0349895 0.99934 -0.00975883 0.0888391 0.0442923 0.00820458 0.998985 0.591353
270 271 126 0.999968 -0.000509406 -0.0079224 0.767916 0.000554202 0.999984 0.00565322 -0.275505 0.00791939 -0.00565743 0.999953 0.578275
270 272 366 0.999945 0.00963819 -0.00408075 0.698779 -0.00960289 0.999917 0.0085835 -0.408485 0.00416314 -0.00854384 0.999955 0.587238
270 273 847 0.99991 0.0119662 -0.00609883 0.827752 -0.0119529 0.999926 0.00221674 -0.0343493 0.00612491 -0.00214364 0.999979 0.560041
270 274 1047 0.999754 0.0139908 -0.0172205 0.813163 -0.0139375 0.999898 0.00320847 -0.0420794 0.0172636 -0.00296767 0.999847 0.580513
270 275 912 0.999893 0.0110465 -0.00961636 0.702173 -0.0109933 0.999924 0.00556637 -0.0996579 0.00967712 -0.00546006 0.999938 0.704997
270 276 882 0.999833 0.00764962 -0.01659 0.784677 -0.00756964 0.999959 0.00487841 -0.0489966 0.0166266 -0.00475202 0.99985 0.617965
270 277 889 0.999825 0.0101916 -0.0157041 0.751649 -0.0101083 0.999934 0.00537287 -0.0522134 0.0157579 -0.00521319 0.999862 0.657494
270 278 896 0.999633 0.0116664 -0.0244316 0.794046 -0.0114502 0.999894 0.00896778 -0.0906127 0.0245336 -0.00868474 0.999661 0.601066
270 279 667 0.999645 0.0124649 -0.0235529 0.787578 -0.0123001 0.999899 0.00713085 -0.0365288 0.0236394 -0.00683861 0.999697 0.615132
270 280 607 0.999884 0.0141623 -0.00565501 0.726525 -0.0140935 0.999828 0.0120379 -0.0783913 0.00582452 -0.0119568 0.999912 0.682654
270 281 800 0.999641 0.0261947 -0.00554571 0.710088 -0.0260984 0.999518 0.0167886 -0.140733 0.00598282 -0.0166379 0.999844 0.689905
270 282 709 0.999859 0.0156544 -0.00604536 0.767795 -0.0155899 0.999823 0.0105735 -0.0749752 0.00620981 -0.0104778 0.999926 0.636294
270 283 741 0.999634 0.0270285 -0.00128487 0.729415 -0.026998 0.999441 0.0196982 -0.134671 0.00181656 -0.0196563 0.999805 0.670685
270 284 742 0.999787 0.0206462 -0.000631958 0.727086 -0.0206329 0.99965 0.0165281 -0.136626 0.000972979 -0.0165116 0.999863 0.672814
285 286 104 0.999994 0.00017633 0.00340608 0.385341 -0.000177673 1 0.000394103 -0.285112 -0.00340601 -0.000394706 0.999994 0.877624
285 287 860 0.999916 0.00261802 -0.0126789 0.85757 -0.00265555 0.999992 -0.00294376 -0.249438 0.0126711 0.00297718 0.999915 0.449838
285 288 447 0.999977 0.00673821 0.00121976 0.844288 -0.00673161 0.999963 -0.00533242 -0.293617 -0.00125565 0.00532409 0.999985 0.448293
285 289 745 0.999986 0.00527924 -0.000115916 0.704192 -0.00527987 0.999966 -0.00636677 -0.246744 8.23009e-05 0.00636729 0.99998 0.665756
285 290 684 0.99996 0.00850079 -0.00261402 0.761721 -0.00853095 0.999895 -0.0117525 -0.214075 0.00251384 0.0117743 0.999928 0.611517
285 291 847 0.999848 0.0173578 -0.00175031 0.765679 -0.0173743 0.9998 -0.00991006 -0.299003 0.00157795 0.00993896 0.999949 0.569503
285 292 863 0.999827 0.0164612 -0.00860716 0.845304 -0.0165879 0.999752 -0.0148602 -0.168546 0.00836041 0.0150004 0.999853 0.507004
285 293 788 0.999778 0.0156023 -0.0141634 0.81621 -0.0158196 0.999757 -0.0153677 -0.223458 0.0139202 0.0155884 0.999782 0.532792
285 294 842 0.999563 0.0224188 -0.019258 0.826175 -0.0226893 0.999645 -0.013945 -0.265365 0.0189386 0.0143759 0.999717 0.497007
285 295 835 0.999458 0.0271704 -0.0185834 0.843998 -0.0275001 0.999465 -0.0177252 -0.216746 0.0180919 0.0182267 0.99967 0.4906
285 296 561 0.999054 0.0361943 -0.0241143 0.80367 -0.0366841 0.999123 -0.0201876 -0.224375 0.0233624 0.0210531 0.999505 0.551154
285 297 630 0.998843 0.0471432 -0.00948563 0.734271 -0.0473239 0.998683 -0.0198296 -0.304797 0.00853831 0.0202556 0.999758 0.606584
285 298 600 0.998848 0.0472983 -0.00804146 0.732669 -0.047438 0.998709 -0.0181824 -0.271136 0.00717108 0.018543 0.999802 0.624245
285 299 603 0.998681 0.0481418 -0.0178405 0.744704 -0.0484591 0.998667 -0.0177976 -0.267359 0.0169599 0.0186386 0.999682 0.611502
300 301 66 0.999993 0.000608415 -0.00364054 0.789843 -0.000606014 1 0.000660565 -0.142357 0.00364094 -0.000658354 0.999993 0.596558
300 302 101 0.999933 0.00116858 -0.011509 0.783308 -0.00117631 0.999999 -0.000664931 -0.160648 0.0115082 0.000678425 0.999934 0.600516
300 303 1240 0.999323 -0.0049618 -0.0364606 0.951453 0.00446594 0.999897 -0.0136686 0.287443 0.0365247 0.0134965 0.999242 0.110062
300 304 1087 0.999467 -0.000616813 -0.0326417 0.983902 0.000456632 0.999988 -0.00491446 0.133785 0.0326444 0.00489694 0.999455 0.118483
300 305 712 0.999716 0.00300539 -0.0236453 0.918992 -0.00297704 0.999995 0.00123428 -0.0605734 0.0236489 -0.00116354 0.99972 0.389596
300 306 727 0.999629 0.00990937 -0.0253722 0.931877 -0.0098165 0.999945 0.00378247 -0.113102 0.0254082 -0.003532 0.999671 0.344694
300 307 1016 0.999127 0.0101968 -0.0405084 0.982192 -0.0101285 0.999947 0.00189088 0.00740856 0.0405256 -0.00147894 0.999177 0.187733
300 308 772 0.999602 0.0116609 -0.0256948 0.905433 -0.011571 0.999926 0.00364436 -0.0350201 0.0257354 -0.0033456 0.999663 0.423041
300 309 999 0.998787 0.0127809 -0.0475566 0.971892 -0.0127591 0.999918 0.000763117 0.0256954 0.0475624 -0.000155413 0.998868 0.234022
300 310 979 0.99772 0.0168525 -0.0653478 0.9862 -0.0166496 0.999855 0.00364768 0.0414149 0.0653998 -0.00255135 0.997856 0.160297
300 311 989 0.997732 0.0168927 -0.0651622 0.979646 -0.0165844 0.999849 0.00526951 0.0242282 0.0652413 -0.00417689 0.997861 0.199267
300 312 850 0.998925 0.0183752 -0.0425523 0.946403 -0.017939 0.999783 0.0106089 -0.0603961 0.042738 -0.00983418 0.999038 0.31729
300 313 733 0.998017 0.0257807 -0.0574173 0.960864 -0.0249359 0.999571 0.0153822 -0.077917 0.0577892 -0.01392 0.998232 0.265836
300 314 508 0.99687 0.0315231 -0.0724951 0.962237 -0.0308477 0.99947 0.0104172 -0.00138326 0.072785 -0.00814824 0.997314 0.272209
315 316 62 0.999976 0.00658983 0.00213604 -0.663243 -0.00657513 0.999955 -0.00681678 0.298846 -0.00218086 0.00680257 0.999974 -0.686148
315 317 65 0.999975 0.00575617 0.00420444 -0.849805 -0.00571236 0.99993 -0.010358 0.281464 -0.00426377 0.0103338 0.999938 -0.445656
315 318 72 0.999966 0.0067164 -0.00482197 0.782306 -0.00677538 0.999901 -0.0123208 0.0110176 0.00473874 0.0123531 0.999912 -0.622797
315 319 291 0.999796 0.00730867 -0.0188372 0.900716 -0.00758834 0.999861 -0.0148184 0.00864409 0.0187263 0.0149583 0.999713 -0.434322
315 320 505 0.999334 0.0128646 -0.0341378 0.986903 -0.013463 0.999759 -0.0173573 0.0588772 0.0339063 0.0178053 0.999266 -0.150188
315 321 459 0.999115 0.0291498 -0.0303293 0.986321 -0.029591 0.999461 -0.0142028 -0.15468 0.0298989 0.0150877 0.999439 0.0569635
315 322 423 0.998905 0.0358657 -0.0300488 0.984063 -0.0363167 0.999234 -0.0145996 -0.172036 0.0295022 0.0156748 0.999442 0.0449937
315 323 491 0.997684 0.0455354 -0.0505329 0.982721 -0.0463711 0.998804 -0.0154897 -0.0491485 0.0497671 0.0177971 0.998602 -0.178447
315 324 491 0.996858 0.0493493 -0.0619577 0.997369 -0.0504851 0.998582 -0.0169011 0.0504439 0.0610357 0.0199759 0.997936 -0.052053
315 325 442 0.997368 0.0507663 -0.051759 0.994795 -0.0515642 0.998569 -0.0141975 0.087267 0.0509641 0.016829 0.998559 -0.0526137
