0 1 39 0.999999 -0.00165782 0.000205319 0.326147 0.00165753 0.999998 0.00139725 0.653344 -0.000207635 -0.00139691 0.999999 -0.683205
0 2 85 0.999986 -0.00517305 -0.000821067 -0.310932 0.00517447 0.999985 0.00173234 0.236018 0.000812094 -0.00173656 0.999998 0.920661
0 3 70 0.999997 -0.0024692 -0.000474092 0.0757429 0.00247014 0.999995 0.00199237 -0.370025 0.00046917 -0.00199354 0.999998 -0.925929
0 4 25 0.999992 -0.00384605 0.00109729 -0.0714538 0.00383416 0.999936 0.0106371 -0.995096 -0.00113813 -0.0106328 0.999943 0.0683921
0 5 69 0.99998 -0.00624824 -0.00131678 0.447669 0.00625138 0.999978 0.00238898 -0.0831393 0.00130183 -0.00239716 0.999996 0.890326
0 6 39 0.999966 -0.00374525 -0.00735879 0.970137 0.0037732 0.999986 0.00378868 -0.204778 0.0073445 -0.00381631 0.999966 0.130003
0 7 102 0.999975 -0.00689616 -0.00122496 -0.145646 0.00689848 0.999974 0.00189827 0.332392 0.00121183 -0.00190668 0.999997 0.931828
0 8 103 0.999989 -0.0047076 7.81369e-05 0.0196588 0.00470745 0.999987 0.0018139 -0.056166 -8.6675e-05 -0.00181351 0.999998 -0.998228
0 9 106 0.999988 -0.00451277 -0.00212697 0.278993 0.00451854 0.999986 0.00271614 -0.0326835 0.00211469 -0.00272572 0.999994 0.959737
0 10 79 0.999985 -0.00540783 -0.000577175 -0.451206 0.00540931 0.999982 0.00259505 0.289471 0.000563131 -0.00259814 0.999996 0.844168
0 11 129 0.999991 -0.0031724 -0.00281055 0.337438 0.0031823 0.999989 0.00352705 -0.243546 0.00279933 -0.00353597 0.99999 0.909297
0 12 102 0.999997 0.0023402 0.000481177 -0.218228 -0.00234123 0.999995 0.0021529 0.223727 -0.000476137 -0.00215402 0.999998 0.949907
0 13 121 0.999992 0.00400291 0.000773716 -0.213041 -0.00400503 0.999988 0.00276084 0.115376 -0.000762655 -0.00276392 0.999996 0.970207
0 14 146 0.999964 0.0084832 0.000530891 0.305571 -0.00848523 0.999956 0.00394805 0.00971375 -0.000497375 -0.00395241 0.999992 0.95212
15 16 73 0.999998 -0.000812668 -0.00164556 -0.199591 0.000813101 1 0.000262426 0.384523 0.00164535 -0.000263764 0.999999 0.90128
15 17 109 0.999994 -0.000612724 -0.00341705 -0.14679 0.000616481 0.999999 0.00109845 0.267373 0.00341638 -0.00110055 0.999994 0.952347
15 18 115 0.999991 0.00421592 -0.000263992 -0.228583 -0.0042155 0.99999 0.00158018 0.0758853 0.000270651 -0.00157906 0.999999 0.970562
15 19 128 0.999991 0.00433936 0.000271137 0.291073 -0.00434012 0.999987 0.00284755 -0.195233 -0.000258777 -0.0028487 0.999996 -0.936569
15 20 30 0.999981 0.00559042 -0.00244767 0.910766 -0.00558019 0.999976 0.00416374 -0.182394 0.00247089 -0.00415001 0.999988 0.370457
15 21 131 0.999979 0.00582024 0.00295491 0.369241 -0.005826 0.999981 0.00194547 0.0710319 -0.00294353 -0.00196264 0.999994 -0.926615
15 22 117 0.999917 0.00803583 -0.0101139 0.976423 -0.00800725 0.999964 0.00286319 0.0153325 0.0101365 -0.00278197 0.999945 0.21532
15 23 73 0.999979 0.00284293 -0.0057438 0.883837 -0.00282586 0.999992 0.00297783 -0.0370544 0.00575222 -0.00296153 0.999979 0.466325
15 24 70 0.999971 0.00335718 -0.00678358 0.98108 -0.00331791 0.999978 0.00579145 -0.174386 0.00680287 -0.00576878 0.99996 0.0840889
15 25 580 0.999897 0.00121512 -0.0143229 0.914659 -0.00111353 0.999974 0.00709893 -0.0765091 0.0143311 -0.00708224 0.999872 0.39692
15 26 1440 0.999801 0.00261849 -0.0197544 0.898476 -0.00262504 0.999997 -0.000305589 0.100361 0.0197535 0.000357385 0.999805 0.427398
15 27 305 0.999956 0.00279588 -0.0089157 0.806056 -0.0027782 0.999994 0.00199437 0.0306558 0.00892122 -0.00196952 0.999958 0.591045
15 28 1328 0.999864 0.000999128 -0.0164397 0.846185 -0.000955823 0.999996 0.00264186 -0.0659601 0.0164422 -0.00262579 0.999861 0.528791
15 29 1357 0.999851 0.00329601 -0.0169206 0.902179 -0.00325108 0.999991 0.00268212 -0.148997 0.0169293 -0.00262671 0.999853 0.404813
30 31 22 1 0.000274239 -0.000524228 -0.929245 -0.000276506 0.999991 -0.00432832 0.0298109 0.000523036 0.00432846 0.99999 -0.368259
30 32 63 0.999979 -0.00208735 -0.00605972 0.966497 0.00205906 0.999987 -0.00467204 0.0636009 0.00606939 0.00465946 0.999971 -0.248675
30 33 33 0.999969 0.00306367 0.00724594 -0.0504705 -0.00299991 0.999957 -0.00879439 0.7164 -0.00727257 0.00877238 0.999935 0.695861
30 34 120 0.999935 -0.00357485 0.010801 -0.266729 0.00369155 0.999935 -0.010804 -0.257562 -0.0107616 0.0108432 0.999883 0.928718
30 35 139 0.999948 -0.000394472 0.0101714 0.559077 0.000528438 0.999913 -0.0131716 -0.175404 -0.0101653 0.0131763 0.999862 -0.81035
30 36 80 0.999994 -0.000969971 0.00322673 0.965243 0.00101386 0.999907 -0.0136288 -0.033815 -0.00321321 0.013632 0.999902 -0.259158
30 37 204 0.999992 -0.002081 0.00352918 0.886396 0.00209883 0.999985 -0.00505674 -0.425867 -0.0035186 0.00506411 0.999981 -0.181492
30 38 628 0.999951 -0.00988371 -0.00074995 0.996038 0.0098769 0.999914 -0.00858983 -0.018366 0.000834785 0.008582 0.999963 0.0870074
30 39 46 0.999858 -0.00916428 0.0141682 0.982453 0.00925695 0.999936 -0.00648926 -0.163722 -0.0141078 0.00661949 0.999879 -0.0893425
30 40 1375 0.999865 -0.0133857 -0.00954721 0.968219 0.0132796 0.99985 -0.0110972 0.220533 0.00969433 0.0109689 0.999893 -0.117966
30 41 1537 0.999954 -0.00648537 -0.00699741 0.994715 0.00647878 0.999979 -0.000963378 0.102492 0.00700351 0.000918 0.999975 0.00606125
30 42 1198 0.999929 -0.00837948 0.00844698 0.955572 0.00837221 0.999965 0.000895802 -0.0826825 -0.00845418 -0.000825019 0.999964 0.282924
30 43 703 0.999955 -0.00501926 0.00802907 0.993851 0.00504409 0.999983 -0.00307494 -0.0387443 -0.0080135 0.0031153 0.999963 0.103724
30 44 1510 0.999921 -0.00889946 -0.00887433 0.997691 0.00887696 0.999957 -0.00257153 0.0623204 0.00889684 0.00249255 0.999957 0.0269883
45 46 273 0.99983 0.00740091 -0.0168882 0.979563 -0.0073152 0.99996 0.00513145 -0.0381962 0.0169255 -0.00500704 0.999844 -0.197475
45 47 83 0.999902 0.00990737 -0.00987767 0.991 -0.00983131 0.999922 0.00771959 0.128759 0.00995338 -0.00762173 0.999921 0.0366092
45 48 38 0.999891 0.0147346 -0.00053799 0.99731 -0.0147262 0.999804 0.0132184 0.0688921 0.000732654 -0.0132091 0.999912 -0.0250378
45 49 43 0.999863 0.0160896 0.00378774 0.696692 -0.0161476 0.999745 0.0158121 -0.0052014 -0.00353236 -0.0158711 0.999868 0.717352
45 50 35 0.999819 0.0190043 -0.00107674 0.7845 -0.0189834 0.999676 0.0169364 0.0659332 0.00139826 -0.0169129 0.999856 0.616613
45 51 51 0.999724 0.019967 -0.01239 0.941267 -0.0197645 0.999673 0.0162538 0.0503714 0.0127105 -0.0160044 0.999791 0.333886
45 52 64 0.999632 0.0222675 -0.0154857 0.997639 -0.0220487 0.999657 0.014158 -0.0438645 0.0157956 -0.0138114 0.99978 0.0528399
45 53 1358 0.999151 0.0257885 -0.0321263 0.943392 -0.0256994 0.999665 0.00318202 0.289941 0.0321976 -0.00235369 0.999479 0.161074
45 54 386 0.999291 0.0254335 -0.0277703 0.955723 -0.0252812 0.999663 0.00582133 -0.0351144 0.027909 -0.00511514 0.999597 0.292165
45 55 1198 0.998917 0.0292105 -0.0362053 0.998819 -0.029012 0.999561 0.00599624 -0.0462969 0.0363645 -0.00493936 0.999326 -0.0147507
45 56 1281 0.99882 0.0265324 -0.0406888 0.993833 -0.0264367 0.999646 0.00288915 -0.0301394 0.0407511 -0.00181006 0.999168 0.106709
45 57 1257 0.998329 0.0295182 -0.0496808 0.990902 -0.0297391 0.999551 -0.00371365 0.109055 0.0495488 0.0051849 0.998758 0.078874
45 58 1386 0.997845 0.0270925 -0.0597674 0.99688 -0.0273831 0.999617 -0.00404867 0.0526586 0.0596348 0.00567656 0.998204 -0.0587989
45 59 1354 0.997324 0.0299208 -0.066701 0.989903 -0.030359 0.999524 -0.00556561 0.114722 0.0665027 0.0075757 0.997757 0.083257
60 61 42 0.999999 -0.0011028 0.000300852 0.656599 0.00110207 0.999996 0.00241436 0.422252 -0.000303514 -0.00241402 0.999997 -0.624965
60 62 788 0.999903 0.000650432 -0.0139089 0.840174 -0.000688063 0.999996 -0.00270091 0.529444 0.013907 0.00271021 0.9999 0.117457
60 63 519 0.999914 0.00747852 -0.0107973 0.989192 -0.00734164 0.999893 0.0126611 -0.133191 0.0108908 -0.0125807 0.999862 0.0613132
60 64 416 0.999965 0.00820711 -0.00132303 0.940804 -0.00819453 0.999924 0.0092457 -0.0713279 0.00139881 -0.00923454 0.999956 0.33136
60 65 343 0.999946 0.00929251 0.00472948 0.957539 -0.00931213 0.999948 0.00414356 0.020261 -0.00469073 -0.00418738 0.99998 0.28759
60 66 264 0.99995 0.00836511 0.00552973 0.995522 -0.00838725 0.999957 0.00399375 -0.0533574 -0.00549608 -0.00403993 0.999977 0.0780315
60 67 1473 0.999852 0.00906097 -0.0146055 0.99958 -0.00904097 0.999958 0.00143453 -0.0283221 0.0146179 -0.00130227 0.999892 0.0061973
60 68 1384 0.999916 0.00930678 -0.00900424 0.970036 -0.00934171 0.999949 -0.00384538 0.0332082 0.00896799 0.00392917 0.999952 0.240682
60 69 1396 0.999821 0.0131969 -0.0135891 0.996416 -0.0132114 0.999912 -0.000984538 -0.0803998 0.013575 0.00116389 0.999907 -0.0262733
60 70 1391 0.999595 0.0148204 -0.0242819 0.998216 -0.0148261 0.99989 -5.51751e-05 -0.0447171 0.0242784 0.000415157 0.999705 0.0395598
60 71 1271 0.999789 0.0168247 -0.011783 0.9996 -0.0168355 0.999858 -0.000821759 -0.0278445 0.0117675 0.00101996 0.99993 0.00494978
60 72 1327 0.999693 0.0156904 -0.0191561 0.991713 -0.0158221 0.999852 -0.00673949 0.0693425 0.0190475 0.00704051 0.999794 0.108149
60 73 1192 0.999739 0.0190437 0.0126521 0.999626 -0.0190048 0.999814 -0.00318229 -0.0110607 -0.0127104 0.00294101 0.999915 0.0250238
60 74 1197 0.999656 0.0202601 -0.0166709 0.990021 -0.0204195 0.999747 -0.00944731 0.0294085 0.0164753 0.00978447 0.999816 0.137818
75 76 110 0.999997 -0.000349373 -0.00225288 -0.311908 0.0003449 0.999998 -0.00198554 0.133452 0.00225357 0.00198475 0.999995 0.940693
75 77 105 0.999982 0.00589556 -0.00123718 0.163226 -0.00589606 0.999983 -0.000402431 -0.362846 0.00123479 0.000409718 0.999999 -0.917442
75 78 157 0.999999 0.0010193 -7.53247e-06 0.24665 -0.00101928 0.999997 0.00211406 -0.109232 9.68732e-06 -0.00211405 0.999998 -0.962929
75 79 1054 0.999857 0.00721324 -0.0152947 0.998326 -0.00723725 0.999973 -0.00151496 -0.0449956 0.0152833 0.00162544 0.999882 -0.0363504
75 80 114 0.999948 0.00531534 0.0087557 0.566696 -0.00528879 0.999981 -0.00305224 -0.132217 -0.00877176 0.00300578 0.999957 -0.813249
75 81 906 0.999909 -0.00188443 -0.0133605 0.998277 0.00188037 0.999998 -0.000315932 0.0567571 0.013361 0.00029078 0.999911 0.0148754
75 82 1416 0.999209 -0.00351227 -0.0396174 0.980962 0.00329863 0.99998 -0.00545653 0.168193 0.0396357 0.00532153 0.9992 0.0970799
75 83 1381 0.999371 -0.00214105 -0.0354097 0.99898 0.00211759 0.999998 -0.000700057 0.0437156 0.0354111 0.000624633 0.999373 0.0113216
75 84 1333 0.999361 -0.0020676 -0.0356861 0.997473 0.00212612 0.999996 0.00160212 0.0473433 0.0356827 -0.00167697 0.999362 -0.0529743
75 85 1334 0.999292 -0.00354608 -0.0374561 0.990534 0.00373648 0.99998 0.00501438 0.00763714 0.0374376 -0.00515078 0.999286 0.137058
75 86 1260 0.998683 -0.00478031 -0.0510742 0.979653 0.0047434 0.999988 -0.000843933 0.183264 0.0510776 0.000600557 0.998695 0.0818219
75 87 1209 0.998754 0.00332643 -0.0497933 0.999009 -0.00258506 0.999885 0.014946 0.0130552 0.0498373 -0.0147987 0.998648 0.0425618
75 88 1223 0.99828 0.00955323 -0.0578394 0.990931 -0.00848981 0.999791 0.0186038 -0.0329607 0.058005 -0.0180807 0.998153 0.130265
75 89 1239 0.999063 0.0124191 -0.0414667 0.986926 -0.0114148 0.999638 0.024368 -0.0891194 0.0417543 -0.0238718 0.998843 0.134295
90 91 72 0.999977 0.00481003 0.00487993 -0.114092 -0.00483799 0.999972 0.00573464 0.313983 -0.0048522 -0.00575811 0.999972 0.942549
90 92 380 0.999993 0.00340731 -0.00135273 0.74628 -0.00339118 0.999925 0.0117563 -0.23855 0.00139269 -0.0117516 0.99993 0.621418
90 93 1267 0.999736 0.0106044 -0.020364 0.968946 -0.0103429 0.999863 0.0129031 -0.139753 0.020498 -0.012689 0.999709 0.203994
90 94 423 0.999786 0.0103992 0.0178616 0.589113 -0.0105437 0.999912 0.00801439 -0.0744753 -0.0177767 -0.00820101 0.999808 0.804611
90 95 1388 0.999741 0.0149621 -0.0171291 0.937952 -0.0146671 0.999744 0.0172186 -0.268031 0.0173824 -0.0169629 0.999705 0.220012
90 96 1325 0.999909 0.010772 -0.00806871 0.908756 -0.0107234 0.999924 0.00604006 -0.132914 0.00813317 -0.00595299 0.999949 0.395596
90 97 1253 0.999954 0.00652041 -0.00697903 0.883636 -0.00653829 0.999975 -0.00254305 -0.0238444 0.00696228 0.00258857 0.999972 0.467567
90 98 1156 0.999803 0.00593589 -0.0189477 0.894657 -0.00587875 0.999978 0.00307019 -0.238781 0.0189655 -0.00295819 0.999816 0.377587
90 99 1178 0.999355 0.00571097 -0.0354529 0.93193 -0.0060795 0.999929 -0.0102959 -0.118972 0.0353915 0.0105048 0.999318 0.342568
90 100 1122 0.999599 -0.000478555 -0.0283298 0.966159 0.000187586 0.999947 -0.0102726 -0.1315 0.0283332 0.0102631 0.999546 0.22191
90 101 953 0.999158 -0.00122173 -0.0410139 0.954017 0.000381137 0.99979 -0.0204969 -0.0597273 0.0410303 0.020464 0.998948 0.293742
90 102 1004 0.999754 -0.00991022 -0.0198296 0.932103 0.00948981 0.999731 -0.0211841 -0.229847 0.0200342 0.0209907 0.999579 0.27992
90 103 889 0.999662 -0.00898284 -0.0244038 0.955215 0.0083679 0.999648 -0.0251849 -0.162244 0.0246215 0.0249722 0.999385 0.247469
90 104 931 0.999477 -0.00449333 -0.032035 0.951994 0.00369 0.999678 -0.025092 -0.202838 0.0321374 0.0249607 0.999172 0.229269
105 106 81 0.999978 0.00387281 0.00531463 0.25592 -0.00385418 0.999986 -0.00351138 -0.198264 -0.00532816 0.00349082 0.99998 -0.946148
105 107 152 0.999995 0.00234351 -0.00212568 0.967287 -0.00235598 0.99998 -0.00588338 -0.136352 0.00211185 0.00588836 0.99998 -0.213923
105 108 1248 0.999973 0.00535025 -0.00511774 0.952317 -0.00540948 0.999918 -0.0116293 -0.0574043 0.0050551 0.0116567 0.999919 -0.299663
105 109 1219 0.999957 0.00927838 -0.000274002 0.887639 -0.00928119 0.999869 -0.0132384 -0.0729819 0.000151135 0.0132404 0.999912 -0.454721
105 110 1176 0.999966 0.00675131 0.00477306 0.924613 -0.00666881 0.999832 -0.017094 0.0506639 -0.00488766 0.0170616 0.999842 -0.377522
105 111 1232 0.999988 0.00278156 -0.00398728 0.91785 -0.00284055 0.999885 -0.0148658 -0.0371453 0.00394547 0.014877 0.999882 -0.395185
105 112 1203 0.999868 0.0112489 -0.011752 0.923483 -0.0113605 0.999891 -0.00947484 -0.137921 0.0116442 0.00960709 0.999886 -0.35799
105 113 1181 0.999883 0.0111517 -0.0104878 0.878639 -0.0113375 0.999777 -0.0178282 -0.00714964 0.0102866 0.017945 0.999786 -0.477433
105 114 967 0.999982 0.00468556 0.00363766 0.695159 -0.00460619 0.999758 -0.0215295 0.170962 -0.00373766 0.0215124 0.999762 -0.698231
105 115 1071 0.999971 0.00653664 -0.00385473 0.828306 -0.00657989 0.999914 -0.0113153 0.0489161 0.00378044 0.0113403 0.999929 -0.558137
105 116 1079 0.999898 0.0142152 -0.00144772 0.80714 -0.0142289 0.99985 -0.00990368 0.0411992 0.00130672 0.00992327 0.99995 -0.588921
105 117 900 0.999917 0.0104078 0.00765185 0.684025 -0.0103301 0.999895 -0.0101282 0.116607 -0.00775646 0.0100483 0.999919 -0.720078
105 118 1009 0.999912 0.00886566 -0.00990033 0.799324 -0.00888384 0.999959 -0.00179342 0.0701512 0.00988403 0.00188122 0.999949 -0.596791
105 119 1022 0.999933 0.0113188 -0.00238616 0.773223 -0.0113321 0.99992 -0.00563193 0.148242 0.00232222 0.00565859 0.999981 -0.616564
120 121 212 0.999987 0.00509436 0.000249151 0.35094 -0.00509646 0.999944 0.00929753 -0.0415315 -0.000201772 -0.00929868 0.999957 -0.935477
120 122 224 0.999949 0.00944871 0.00359481 0.329274 -0.0095017 0.999842 0.0150215 -0.128014 -0.0034523 -0.0150549 0.999881 -0.935516
120 123 352 0.999783 0.015752 0.013641 -0.0604409 -0.0159311 0.999787 0.0131268 0.0523687 -0.0134313 -0.0133412 0.999821 -0.996797
120 124 413 0.99984 0.0169339 0.00569429 0.664036 -0.0169658 0.99984 0.00561124 0.297445 -0.00559836 -0.00570696 0.999968 -0.685991
120 125 1114 0.999518 0.0310425 0.000294241 0.815479 -0.0310434 0.999512 0.00340286 0.248551 -0.000188464 -0.00341035 0.999994 -0.522701
120 126 1209 0.999552 0.0296212 -0.0043838 0.80937 -0.0296434 0.999548 -0.00509967 0.309382 0.00423076 0.00522733 0.999977 -0.499202
120 127 981 0.999485 0.0316879 0.0051116 0.542227 -0.0316758 0.999495 -0.00242764 0.234249 -0.00518595 0.00226447 0.999984 -0.806918
120 128 1050 0.999678 0.0253824 0.000457044 0.486778 -0.0253803 0.999669 -0.00421819 0.263897 -0.000563961 0.00420523 0.999991 -0.832709
120 129 1048 0.999537 0.0302687 -0.00311954 0.427719 -0.0302866 0.999524 -0.00584478 0.28167 0.00294114 0.00593655 0.999978 -0.858905
120 130 1074 0.999268 0.0329427 -0.0194231 0.574209 -0.0331949 0.999367 -0.0128064 0.339574 0.0189889 0.0134418 0.999729 -0.744965
120 131 1060 0.999093 0.0374098 -0.0203184 0.478826 -0.0376241 0.999239 -0.0102672 0.311954 0.0199189 0.0110224 0.999741 -0.820616
120 132 1023 0.998982 0.0379326 -0.0244144 0.492259 -0.0380025 0.999275 -0.00240472 0.265948 0.0243055 0.00333008 0.999699 -0.828826
120 133 1024 0.998738 0.0416429 -0.0280595 0.502929 -0.0414521 0.999113 0.00734807 0.176546 0.0283406 -0.00617568 0.999579 -0.846105
120 134 1003 0.998439 0.035239 -0.0433416 0.579158 -0.0356299 0.999331 -0.00828081 0.357197 0.0430208 0.00981214 0.999026 -0.732793
135 136 108 0.999993 0.00377278 -0.000873862 0.0746168 -0.00376901 0.999984 0.00428277 -0.326749 0.000890006 -0.00427945 0.99999 -0.942161
135 137 154 0.999989 0.004627 0.000527559 -0.0607473 -0.00462896 0.999982 0.00376892 -0.213595 -0.000510111 -0.00377132 0.999993 -0.975032
135 138 269 0.999957 0.00273732 -0.00883405 0.418876 -0.00273068 0.999996 0.000763599 0.264922 0.00883611 -0.000739443 0.999961 -0.868539
135 139 596 0.999914 0.00350558 -0.0126125 0.393437 -0.00344546 0.999983 0.00478522 0.265392 0.012629 -0.00474135 0.999909 -0.880213
135 140 756 0.9999 0.0067791 -0.012433 0.350846 -0.00664875 0.999923 0.0104959 0.0542156 0.0125032 -0.0104122 0.999868 -0.934862
135 141 1005 0.999856 0.00904616 -0.0143653 0.342354 -0.0088322 0.99985 0.0148884 -0.071609 0.0144978 -0.0147594 0.999786 -0.936838
135 142 1202 0.999694 0.00841601 -0.0232586 0.418321 -0.00842336 0.999964 -0.000218078 0.39406 0.023256 0.000413927 0.999729 -0.818367
135 143 1257 0.999013 0.008686 -0.043552 0.673358 -0.00868706 0.999962 0.000164962 0.333755 0.0435518 0.000213539 0.999051 -0.659695
135 144 1209 0.998327 0.0129411 -0.0563547 0.743923 -0.0131279 0.999909 -0.00294691 0.384391 0.0563114 0.0036818 0.998406 -0.546646
135 145 1192 0.998 0.0166925 -0.0609763 0.674978 -0.0171318 0.999831 -0.00668783 0.470975 0.0608543 0.00771908 0.998117 -0.567967
135 146 1087 0.997763 0.0229104 -0.062809 0.71445 -0.0222077 0.999683 0.0118634 0.295701 0.0630609 -0.010442 0.997955 -0.634131
135 147 1039 0.998943 0.0288201 -0.0357983 0.403847 -0.0277552 0.999168 0.0298956 0.206807 0.0366301 -0.0288704 0.998912 -0.891144
135 148 1112 0.997422 0.034678 -0.0628222 0.669535 -0.0335414 0.999256 0.0190577 0.372823 0.0634363 -0.0169015 0.997843 -0.642437
135 149 947 0.998467 0.0332158 -0.0442764 0.425373 -0.0318417 0.999 0.0313866 0.331021 0.0452747 -0.0299287 0.998526 -0.842308
150 151 33 0.999898 0.0141615 0.00170199 -0.0475937 -0.0141827 0.999813 0.0131836 -0.918219 -0.00151497 -0.0132064 0.999912 -0.393204
150 152 266 0.999683 0.0246172 0.00530336 0.0586471 -0.0247326 0.999431 0.0229143 -0.759068 -0.00473625 -0.0230382 0.999723 -0.648364
150 153 256 0.999622 0.0268366 0.00592796 0.0294527 -0.0268973 0.999584 0.0104009 -0.189456 -0.00564637 -0.0105565 0.999928 -0.981447
150 154 207 0.999693 0.0247486 -0.00139414 -0.012077 -0.0247288 0.999613 0.0127767 -0.221194 0.00170981 -0.0127383 0.999917 -0.975155
150 155 432 0.999597 0.0207496 -0.0193766 0.41296 -0.0205891 0.999752 0.0084461 0.366613 0.0195471 -0.00804375 0.999777 -0.833702
150 156 306 0.999587 0.0274511 -0.00848194 0.0152332 -0.0272817 0.999438 0.0194801 -0.0934274 0.00901192 -0.0192406 0.999774 -0.99551
150 157 329 0.999425 0.0329854 -0.00787135 0.0321182 -0.0328352 0.999289 0.0185065 -0.075901 0.0084762 -0.0182374 0.999798 -0.996598
150 158 340 0.999174 0.0403923 -0.00442503 0.0125451 -0.0402803 0.998924 0.0229988 -0.18326 0.00534924 -0.0228016 0.999726 -0.982984
150 159 292 0.999399 0.0329646 -0.0107252 0.0330348 -0.0327448 0.999262 0.0200667 -0.0443147 0.0113787 -0.0197034 0.999741 -0.998471
150 160 578 0.997445 0.0389922 -0.0598584 0.843023 -0.0392156 0.999227 -0.00256208 0.401689 0.0597122 0.00490292 0.998204 -0.357712
150 161 662 0.996715 0.0310824 -0.0747881 0.766332 -0.0321332 0.9994 -0.0128889 0.468478 0.0743427 0.0152498 0.997116 -0.439617
150 162 664 0.997732 0.0386824 -0.0550899 0.577273 -0.0378506 0.999154 0.0160645 0.238445 0.0556647 -0.0139429 0.998352 -0.780961
150 163 516 0.996991 0.0442921 -0.0636174 0.709387 -0.0434628 0.998952 0.0143608 0.322274 0.0641868 -0.0115526 0.997871 -0.626825
150 164 377 0.999074 0.0331588 -0.0274312 0.123548 -0.0324482 0.999136 0.0259557 0.237998 0.0282682 -0.0250416 0.999287 -0.963376
165 166 131 0.999957 0.0075893 -0.00525456 0.419056 -0.00756015 0.999956 0.00554488 0.280074 0.00529641 -0.00550492 0.999971 -0.863684
165 167 197 0.99993 0.0110427 -0.004273 -0.0112488 -0.0109983 0.999887 0.0102873 -0.257323 0.00438611 -0.0102396 0.999938 -0.96626
165 168 369 0.999789 0.0146167 -0.0144209 0.474218 -0.0144573 0.999834 0.0110935 0.0841321 0.0145807 -0.0108827 0.999834 -0.876379
165 169 1021 0.999534 0.018109 -0.024566 0.511139 -0.0179465 0.999816 0.00682264 0.217256 0.024685 -0.00637859 0.999675 -0.831587
165 170 1207 0.999425 0.0196553 -0.0276197 0.465151 -0.0194418 0.999779 0.00797879 0.150747 0.0277704 -0.00743723 0.999587 -0.872302
165 171 1169 0.999204 0.023301 -0.0323773 0.559073 -0.0228756 0.999648 0.0134479 0.103936 0.0326793 -0.0126965 0.999385 -0.822578
165 172 1243 0.998058 0.0250462 -0.0570356 0.805349 -0.0252515 0.999677 -0.00288095 0.353519 0.056945 0.00431559 0.998368 -0.475853
165 173 1249 0.998177 0.0195886 -0.0570927 0.658453 -0.0202568 0.999733 -0.011148 0.472126 0.0568591 0.0122841 0.998307 -0.58612
165 174 1309 0.997647 0.0222702 -0.0648365 0.681468 -0.022451 0.999746 -0.00206134 0.363086 0.0647741 0.00351214 0.997894 -0.635429
165 175 1067 0.998528 0.0265221 -0.047302 0.466466 -0.0260092 0.999596 0.0114254 0.243873 0.0475859 -0.0101783 0.998815 -0.850256
165 176 1111 0.995476 0.0353119 -0.0882061 0.775796 -0.0368278 0.9992 -0.0156168 0.441502 0.0875841 0.0187946 0.99598 -0.450795
165 177 1068 0.996972 0.0470532 -0.0619043 0.623089 -0.0465925 0.998875 0.00886534 0.237679 0.0622518 -0.00595422 0.998043 -0.745164
165 178 1001 0.992073 0.0597844 -0.110531 0.823334 -0.0619787 0.997941 -0.0165212 0.3527 0.109315 0.0232407 0.993735 -0.444662
165 179 1001 0.994057 0.0588565 -0.0915731 0.754292 -0.0612324 0.99785 -0.0233535 0.420965 0.0900018 0.0288219 0.995524 -0.503818
180 181 266 0.999957 0.0091283 -0.00144783 0.420405 -0.00912387 0.999954 0.00303792 -0.381413 0.0014755 -0.00302458 0.999994 -0.823276
180 182 323 0.999902 0.0132154 0.00458005 0.0679708 -0.0132106 0.999912 -0.00107578 -0.235808 -0.00459387 0.00101517 0.999989 -0.96942
180 183 850 0.999806 0.019678 -0.00112945 0.44399 -0.0196802 0.999804 -0.00193992 -0.283831 0.00109106 0.00196177 0.999997 -0.84989
180 184 1354 0.999837 0.0176548 -0.00375106 0.443308 -0.0176916 0.999793 -0.0100254 0.103995 0.00357329 0.0100901 0.999943 -0.890316
180 185 1954 0.999287 0.0182302 -0.0330581 0.83035 -0.0190148 0.999541 -0.0235791 0.324094 0.032613 0.0241909 0.999175 -0.453301
180 186 1816 0.999566 0.0250874 -0.0154265 0.561121 -0.0252498 0.999627 -0.010425 0.0646042 0.0151592 0.01081 0.999827 -0.825209
180 187 1709 0.999399 0.0308368 -0.0158564 0.568741 -0.0310488 0.999429 -0.0133047 0.0683161 0.0154371 0.013789 0.999786 -0.819675
180 188 1827 0.998505 0.0306194 -0.0452774 0.805614 -0.0320242 0.999017 -0.0306349 0.261917 0.0442949 0.0320391 0.998505 -0.5314
180 189 1652 0.999038 0.0292778 -0.0326522 0.584545 -0.0302373 0.999114 -0.0292895 0.280891 0.0317657 0.0302487 0.999038 -0.761188
180 190 1480 0.999279 0.019569 -0.0325222 0.554373 -0.0206059 0.99928 -0.0318578 0.340498 0.0318754 0.0325049 0.998963 -0.759429
180 191 1549 0.999088 0.0248675 -0.0347037 0.481436 -0.0256437 0.999427 -0.0221024 0.172594 0.0341342 0.0229722 0.999153 -0.85932
180 192 1554 0.99792 0.0264774 -0.0587801 0.62662 -0.0281692 0.999207 -0.0281424 0.187119 0.0579883 0.0297397 0.997874 -0.756528
180 193 1523 0.995336 0.0371509 -0.0890245 0.754614 -0.0399077 0.998771 -0.0293895 0.166369 0.0878232 0.0328052 0.995596 -0.634727
180 194 1319 0.994652 0.0254216 -0.100107 0.783225 -0.0294423 0.99881 -0.0388932 0.247573 0.0989992 0.0416326 0.994216 -0.570321
195 196 32 0.999979 -0.00139501 -0.0063997 0.210303 0.00144441 0.999969 0.00772138 0.913227 0.00638873 -0.00773046 0.99995 -0.348984
195 197 729 0.999736 -0.0027036 -0.022835 0.642084 0.00313533 0.999817 0.0188921 -0.138407 0.0227798 -0.0189587 0.999561 -0.754037
195 198 1603 0.998861 -0.0019741 -0.0476817 0.914087 0.0035193 0.999471 0.0323444 -0.254491 0.0475926 -0.0324753 0.998339 -0.315719
195 199 609 0.999363 -0.0109815 -0.0339689 0.481479 0.0119419 0.999531 0.0282013 0.103248 0.0336433 -0.028589 0.999025 -0.870355
195 200 1225 0.997617 0.00257558 -0.0689518 0.94309 -3.58195e-05 0.999322 0.0368098 0.0936559 0.0689999 -0.0367196 0.996941 -0.319076
195 201 1214 0.998541 0.0062876 -0.053637 0.870067 -0.0040607 0.999129 0.0415264 -0.066585 0.0538514 -0.0412479 0.997697 -0.488416
195 202 1353 0.995612 0.0184601 -0.0917348 0.925132 -0.0141661 0.998783 0.0472413 -0.104726 0.0924952 -0.0457345 0.994662 -0.364916
195 203 1322 0.996621 0.0165006 -0.0804675 0.885298 -0.0121028 0.998422 0.0548381 -0.154463 0.0812453 -0.0536789 0.995248 -0.438622
195 204 1328 0.993832 0.025565 -0.107912 0.959816 -0.0196912 0.998284 0.0551506 -0.112074 0.109137 -0.0526855 0.992629 -0.257279
195 205 1279 0.992943 0.0329161 -0.11393 0.944233 -0.0266019 0.998048 0.0565049 -0.149844 0.115568 -0.0530754 0.991881 -0.293208
195 206 1300 0.994164 0.0329256 -0.102736 0.920541 -0.0276755 0.998257 0.0521164 -0.147279 0.104273 -0.0489689 0.993342 -0.361819
195 207 1251 0.994364 0.0436259 -0.0966264 0.87188 -0.0381278 0.997586 0.0580351 -0.208061 0.098925 -0.0540238 0.993627 -0.443323
195 208 1224 0.99344 0.0499205 -0.102887 0.89443 -0.0444089 0.997488 0.0551822 -0.170276 0.105383 -0.0502511 0.993161 -0.413523
195 209 1224 0.993749 0.0467315 -0.101383 0.891969 -0.0421793 0.998023 0.0465908 -0.10852 0.10336 -0.0420233 0.993756 -0.438879
210 211 121 0.999993 0.0031096 0.00188166 0.779109 -0.0031058 0.999993 -0.00202225 -0.0765998 -0.00188793 0.0020164 0.999996 -0.622191
210 212 713 0.999926 0.0121163 -0.0012062 0.848041 -0.0121144 0.999925 0.00156246 -0.204999 0.00122504 -0.00154773 0.999998 -0.488673
210 213 1448 0.999955 0.00632003 -0.00711014 0.92116 -0.00631944 0.99998 0.000104206 -0.0338196 0.00711066 -5.92689e-05 0.999975 -0.387712
210 214 1563 0.999881 0.0141337 -0.00615407 0.88827 -0.0140439 0.999798 0.0143957 -0.233675 0.00635629 -0.0143076 0.999877 -0.395439
210 215 1692 0.999883 0.00448458 -0.0146556 0.958264 -0.00435039 0.999948 0.009175 -0.0236816 0.0146959 -0.00911017 0.999851 -0.284902
210 216 1218 0.999993 -0.00120309 0.00360275 0.837459 0.00116259 0.999936 0.0112222 0.0272248 -0.00361602 -0.011218 0.999931 -0.545822
210 217 1313 0.999398 -0.00376111 -0.0345033 0.969771 0.00445956 0.999786 0.0201884 -0.00878697 0.0344199 -0.0203301 0.999201 -0.243858
210 218 803 0.99922 -0.0229531 0.0321354 0.712573 0.0221401 0.999431 0.025428 0.0515677 -0.0327008 -0.0246966 0.99916 -0.6997
210 219 1148 0.99974 -0.0193888 0.0119803 0.83202 0.0189753 0.999251 0.0337151 -0.0190014 -0.012625 -0.033479 0.99936 -0.55442
210 220 1467 0.999781 -0.0184937 -0.00979797 0.904685 0.0188949 0.998915 0.0425644 -0.091914 0.00900016 -0.0427402 0.999046 -0.41605
210 221 1220 0.999894 -0.0145539 -0.00021577 0.920635 0.0145516 0.999169 0.0380723 -0.116918 -0.000338511 -0.0380714 0.999275 -0.372506
210 222 1118 0.999625 -0.00957881 0.0256413 0.779811 0.00885577 0.999564 0.0281649 -0.0682622 -0.0258999 -0.0279272 0.999274 -0.622283
210 223 1301 0.999937 -0.00945938 -0.00605554 0.894779 0.00965328 0.999414 0.0328351 -0.100234 0.00574139 -0.0328915 0.999442 -0.435114
210 224 1331 0.998243 -0.0081825 -0.0586903 0.978111 0.00997419 0.999491 0.0303001 -0.0551251 0.0584125 -0.0308322 0.997816 -0.200647
225 226 678 0.999972 0.00525254 0.00533917 -0.193599 -0.00532735 0.999886 0.0140962 -0.980303 -0.00526452 -0.0141243 0.999886 -0.0390642
225 227 1111 0.999852 0.0102981 -0.0137565 0.904964 -0.0103285 0.999944 -0.00213766 -0.137582 0.0137337 0.00227943 0.999903 -0.402631
225 228 1447 0.999736 0.0202868 -0.0107578 0.837582 -0.0203186 0.999789 -0.00285806 -0.233627 0.0106975 0.00307589 0.999938 -0.493837
225 229 1812 0.999028 0.0165091 -0.0408792 0.972375 -0.0168853 0.999818 -0.00887414 0.0402615 0.0407252 0.00955577 0.999125 -0.229927
225 230 1636 0.999493 0.0246608 -0.020153 0.831651 -0.0244778 0.999657 0.00927826 -0.437467 0.0203749 -0.00878025 0.999754 -0.342021
225 231 1355 0.99968 0.018729 -0.0170188 0.932602 -0.0188593 0.999794 -0.00753011 -0.166549 0.0168743 0.00784867 0.999827 -0.32018
225 232 1033 0.999473 0.0324558 -0.000491517 0.730076 -0.0324594 0.99939 -0.0128723 -0.248508 7.34379e-05 0.0128814 0.999917 -0.636579
225 233 1264 0.999572 0.0274421 -0.0101065 0.845876 -0.0276019 0.99949 -0.0160349 -0.25111 0.00966129 0.016307 0.99982 -0.470571
225 234 1616 0.99929 0.0284019 -0.0247381 0.856622 -0.0287181 0.999509 -0.0125208 -0.319131 0.0243703 0.0132223 0.999616 -0.405407
225 235 1003 0.999773 0.0210674 -0.00333053 0.79418 -0.021135 0.99954 -0.0217645 -0.362909 0.00287047 0.0218299 0.999758 -0.487418
225 236 1664 0.998697 0.0217315 -0.0461681 0.894945 -0.0220546 0.999736 -0.00649886 -0.401789 0.0460147 0.00750861 0.998913 -0.194006
225 237 1480 0.999456 0.0232431 -0.0233811 0.889893 -0.0237984 0.999434 -0.0237594 -0.271206 0.0228156 0.0243029 0.999444 -0.366794
225 238 1122 0.999195 0.0384982 -0.0112898 0.837215 -0.0387528 0.998978 -0.0232732 -0.399399 0.0103823 0.023692 0.999665 -0.373565
225 239 1301 0.99949 0.0262531 -0.0181766 0.940309 -0.0268162 0.999145 -0.0314655 -0.180026 0.017335 0.0319368 0.99934 -0.288808
240 241 36 0.999985 0.00549819 -7.24595e-06 -0.749857 -0.00549818 0.999978 -0.00375617 0.586885 -1.34064e-05 0.00375616 0.999993 -0.305419
240 242 780 0.999823 0.0118834 -0.0145936 0.870482 -0.0118778 0.999929 0.000468567 -0.393415 0.0145981 -0.000295144 0.999893 0.29578
240 243 757 0.999825 0.0123903 0.0139888 -0.865212 -0.0122037 0.999837 -0.0133424 0.138308 -0.0141518 0.0131694 0.999813 0.481954
240 244 929 0.999695 0.0180069 -0.0169115 0.923784 -0.0181299 0.99981 -0.00714463 -0.268836 0.0167796 0.00744906 0.999831 0.272672
240 245 1348 0.999258 0.0189946 0.0334928 -0.739972 -0.0182356 0.999573 -0.0228238 0.0976864 -0.0339121 0.0221961 0.999178 0.665507
240 246 1585 0.999504 0.0134511 -0.0284809 0.945411 -0.0140183 0.999705 -0.0198096 -0.0752163 0.0282061 0.020199 0.999398 0.317082
240 247 775 0.999694 0.0191166 -0.0157093 0.953011 -0.0193372 0.999715 -0.0140115 -0.139735 0.0154369 0.0143109 0.999778 0.268782
240 248 1048 0.999697 0.0151459 -0.019422 0.932248 -0.015358 0.999824 -0.0108165 -0.0384431 0.0192547 0.0111115 0.999753 0.359773
240 249 813 0.999662 0.0254039 -0.00551874 0.921918 -0.025424 0.99967 -0.00361855 -0.108424 0.005425 0.00375763 0.999978 0.371902
240 250 806 0.99974 0.0197822 -0.0113055 0.914241 -0.0198072 0.999802 -0.00209978 -0.030342 0.0112617 0.00232317 0.999934 0.404033
240 251 884 0.99948 0.032231 -0.0012737 0.89961 -0.0322221 0.999459 0.00653124 -0.113579 0.00148352 -0.0064868 0.999978 0.421666
240 252 1004 0.999749 0.0203485 0.0093657 0.870038 -0.020407 0.999773 0.00620002 -0.0600659 -0.00923741 -0.00638959 0.999937 0.489311
240 253 990 0.999932 0.0104754 -0.00504209 0.893582 -0.0104707 0.999945 0.000956762 0.0249617 0.00505183 -0.000903903 0.999987 0.448205
240 254 1041 0.999962 -0.00246992 -0.00836197 0.916081 0.00245164 0.999995 -0.00219603 0.0415208 0.00836734 0.00217545 0.999963 0.398837
255 256 125 0.999905 -0.013227 0.00378812 0.459779 0.0132252 0.999912 0.000499805 0.208965 -0.0037944 -0.000449659 0.999993 -0.863097
255 257 232 0.999921 -0.012403 -0.00213415 0.961269 0.012422 0.999881 0.00913372 -0.240122 0.00202062 -0.00915951 0.999956 0.135292
255 258 1684 0.999511 -0.0274778 -0.0149442 0.872652 0.027375 0.9996 -0.00703944 0.35291 0.0151316 0.0066269 0.999864 0.337539
255 259 896 0.999833 -0.0182619 0.000243208 0.773935 0.0182605 0.999821 0.00493781 -0.11874 -0.000333338 -0.00493254 0.999988 0.622034
255 260 1368 0.99967 -0.0242717 -0.00839734 0.808515 0.0242285 0.999693 -0.00520349 0.206164 0.00852106 0.00499832 0.999951 0.551181
255 261 1604 0.999741 -0.0170136 -0.0151357 0.862618 0.0169348 0.999842 -0.00531581 0.161921 0.0152238 0.00505811 0.999871 0.479241
255 262 1071 0.999829 -0.018443 -0.00117715 0.802157 0.0184451 0.999828 0.00186871 0.0237152 0.00114248 -0.00189011 0.999998 0.596642
255 263 1011 0.99979 -0.0195101 -0.00630406 0.807169 0.0195665 0.999768 0.00902255 0.0180899 0.00612657 -0.009144 0.999939 0.590043
255 264 1419 0.999336 -0.0254342 -0.026093 0.831136 0.0255802 0.999659 0.00527739 0.0400285 0.0259499 -0.00594135 0.999646 0.554627
255 265 1342 0.999518 -0.0224919 -0.0214185 0.7805 0.0226408 0.999721 0.00673362 -0.00966653 0.0212611 -0.0072153 0.999748 0.625081
255 266 1301 0.999081 -0.0317823 -0.0287633 0.771067 0.0318004 0.999494 0.000173275 0.0857439 0.0287433 -0.0010878 0.999586 0.630954
255 267 1307 0.999007 -0.0276168 -0.0349705 0.782026 0.0277373 0.999611 0.00296562 0.0219009 0.034875 -0.00393266 0.999384 0.622861
255 268 1187 0.999053 -0.030224 -0.0313078 0.761376 0.0302691 0.999541 0.000966116 0.00926375 0.0312643 -0.00191286 0.999509 0.648245
255 269 1153 0.999334 -0.0191239 -0.0310748 0.757638 0.0193229 0.999795 0.00611474 -0.0620531 0.0309514 -0.00671113 0.999498 0.649719
270 271 117 0.999996 0.00117728 -0.00262131 0.529729 -0.00116319 0.999985 0.00536892 -0.257628 0.00262759 -0.00536585 0.999982 0.808093
270 272 615 0.999959 0.00828927 -0.00351144 0.705161 -0.00827523 0.999958 0.00399465 -0.185695 0.0035444 -0.00396543 0.999986 0.684299
270 273 1378 0.999943 0.0102039 -0.00304269 0.735145 -0.0101964 0.999945 0.00245666 -0.0554192 0.00306759 -0.0024255 0.999992 0.67564
270 274 1681 0.999913 0.0107784 -0.00764869 0.706739 -0.0107554 0.999938 0.00304054 -0.0598552 0.00768098 -0.002958 0.999966 0.704938
270 275 1269 0.99992 0.0121158 -0.00363247 0.669432 -0.0120989 0.999916 0.00464507 -0.0869277 0.00368844 -0.00460075 0.999983 0.73777
270 276 1315 0.999922 0.0106571 -0.00648105 0.712145 -0.0105777 0.99987 0.012165 -0.193604 0.00660985 -0.0120955 0.999905 0.674809
270 277 1507 0.999842 0.012312 -0.0127834 0.764915 -0.0121954 0.999884 0.00916002 -0.11154 0.0128947 -0.00900268 0.999876 0.634401
270 278 1253 0.999875 0.0148104 -0.00549959 0.658383 -0.0147541 0.99984 0.0101263 -0.137536 0.00564869 -0.0100439 0.999934 0.74001
270 279 980 0.999744 0.0215384 -0.00689982 0.708555 -0.0214012 0.999583 0.0193713 -0.191188 0.00731417 -0.0192187 0.999789 0.679262
270 280 1143 0.999756 0.0149978 -0.0161984 0.767547 -0.0148389 0.999841 0.00988481 -0.0467332 0.0163441 -0.00964203 0.99982 0.639287
270 281 1235 0.99975 0.0217631 -0.00511272 0.709917 -0.0216792 0.999638 0.0159222 -0.137868 0.00545738 -0.0158074 0.99986 0.69066
270 282 1043 0.999818 0.0156395 -0.0109235 0.747626 -0.0155592 0.999852 0.00739656 -0.0510209 0.0110375 -0.00722526 0.999913 0.662157
270 283 992 0.999725 0.0228681 0.0051767 0.677942 -0.022955 0.999585 0.0174125 -0.126522 -0.00477636 -0.0175266 0.999835 0.724146
270 284 1158 0.999558 0.0240329 -0.0175162 0.773123 -0.0238115 0.999635 0.012742 -0.103449 0.0178161 -0.0123193 0.999765 0.625762
285 286 209 0.999989 0.00176942 0.0043025 0.441165 -0.00176274 0.999997 -0.00155774 -0.121232 -0.00430525 0.00155014 0.99999 0.8892
285 287 358 0.999983 0.00439032 0.0038708 0.519527 -0.00436608 0.999971 -0.00624977 -0.273576 -0.00389812 0.00623276 0.999973 0.809474
285 288 996 0.999987 0.00511421 -0.000298458 0.892285 -0.00511595 0.999968 -0.00615816 -0.229804 0.000266954 0.00615961 0.999981 0.388609
285 289 1226 0.999986 0.00285469 0.00452417 0.604032 -0.00283373 0.999985 -0.00463176 -0.334003 -0.00453733 0.00461887 0.999979 0.723593
285 290 1543 0.999926 0.00755921 -0.00950004 0.819571 -0.00764694 0.999928 -0.00923265 -0.253385 0.00942957 0.00930462 0.999912 0.513906
285 291 1667 0.999869 0.0136103 -0.00870417 0.814921 -0.0136936 0.99986 -0.00958659 -0.268317 0.00857247 0.00970453 0.999916 0.513721
285 292 1318 0.999906 0.0136893 -0.000213928 0.749187 -0.0136908 0.99984 -0.011513 -0.280745 5.62898e-05 0.0115148 0.999934 0.599918
285 293 1392 0.999688 0.0177684 -0.0175804 0.799341 -0.0179881 0.999761 -0.0124162 -0.259126 0.0173556 0.0127285 0.999768 0.542133
285 294 1427 0.999733 0.0182386 -0.01416 0.768221 -0.0184755 0.999688 -0.0167844 -0.221364 0.0138494 0.0170415 0.999759 0.600695
285 295 1381 0.999454 0.0305307 -0.012636 0.774518 -0.0307127 0.999424 -0.0144679 -0.280557 0.012187 0.0148481 0.999815 0.56693
285 296 1280 0.999248 0.0357786 -0.0149468 0.764373 -0.0360216 0.999218 -0.0163165 -0.293009 0.0143514 0.0168426 0.999755 0.574352
285 297 1216 0.999158 0.0391444 -0.0123026 0.805369 -0.0394505 0.998891 -0.0257113 -0.233032 0.0112824 0.026175 0.999594 0.545048
285 298 1233 0.998492 0.0447935 -0.0317399 0.860932 -0.0454218 0.99878 -0.0193597 -0.203826 0.030834 0.0207722 0.999309 0.466103
285 299 1272 0.998152 0.048549 -0.0365423 0.842693 -0.0492365 0.998622 -0.0181533 -0.230406 0.0356107 0.0199189 0.999167 0.486602
300 301 253 0.999991 0.00423332 0.000767844 0.29454 -0.00423365 0.999991 0.000436479 -0.253778 -0.000765989 -0.000439726 1 -0.921327
300 302 1084 0.999796 -0.00243671 -0.0200266 0.971032 0.00231127 0.999978 -0.00628451 0.207843 0.0200414 0.00623694 0.99978 0.117889
300 303 304 0.999972 -0.00738006 -0.00146645 -0.312823 0.00737675 0.99997 -0.00225077 -0.241361 0.00148301 0.00223989 0.999996 0.918633
300 304 1885 0.999555 -0.000550873 -0.0298119 0.994347 0.000566968 1 0.00053143 -0.0394238 0.0298116 -0.000548096 0.999555 0.0985882
300 305 2113 0.998992 -0.00161242 -0.0448604 0.952442 0.00113449 0.999942 -0.0106771 0.236931 0.0448751 0.0106155 0.998936 0.191617
300 306 2028 0.997585 0.00512218 -0.0692614 0.96676 -0.0062591 0.999849 -0.0162079 0.2186 0.069168 0.0166022 0.997467 0.132625
300 307 1956 0.998848 0.0119039 -0.0464914 0.970688 -0.0120096 0.999926 -0.0019952 0.0868368 0.0464642 0.00255125 0.998917 0.224106
300 308 1379 0.999612 0.0137403 -0.0242279 0.89705 -0.0136087 0.999892 0.00558734 -0.103639 0.024302 -0.00525546 0.999691 0.429605
300 309 1827 0.99825 0.0171623 -0.0565813 0.980482 -0.0171607 0.999853 0.000514107 0.0389415 0.0565818 0.000457769 0.998398 0.192715
300 310 1662 0.99733 0.0114447 -0.0721176 0.973263 -0.012108 0.999888 -0.0087673 0.187855 0.0720092 0.00961709 0.997358 0.132172
300 311 1542 0.998805 0.0161332 -0.0461416 0.965929 -0.0157756 0.999843 0.00810384 -0.0209217 0.0462651 -0.00736624 0.998902 0.257961
300 312 1405 0.998789 0.0188016 -0.0454754 0.96942 -0.0182833 0.999763 0.0117856 -0.0846666 0.0456862 -0.0109399 0.998896 0.230342
300 313 1213 0.996419 0.0215132 -0.0817687 0.975939 -0.0213516 0.999768 0.00285043 0.0913828 0.0818111 -0.00109433 0.996647 0.197972
300 314 916 0.997705 0.0326725 -0.0593146 0.978408 -0.0319647 0.999406 0.0128431 -0.0177015 0.059699 -0.0109176 0.998157 0.205924
315 316 76 0.999987 0.00481123 -0.00148738 0.709848 -0.00481893 0.999975 -0.00521804 0.0410478 0.00146224 0.00522514 0.999985 -0.703157
315 317 46 0.999969 0.00663068 0.0041443 -0.981096 -0.00659115 0.999933 -0.00948073 0.165901 -0.00420688 0.00945313 0.999946 -0.0996357
315 318 207 0.999908 0.00550571 -0.0123862 0.982599 -0.00565073 0.999916 -0.0117032 -0.033849 0.0123208 0.0117721 0.999855 -0.182627
315 319 1109 0.999608 0.00729321 -0.0270257 0.98294 -0.00760817 0.999904 -0.0115695 -0.116839 0.0269387 0.0117706 0.999568 -0.14205
315 320 1220 0.999381 0.0152159 -0.0317168 0.993235 -0.0156855 0.99977 -0.0146118 -0.0453466 0.0314872 0.0151003 0.99939 -0.106901
315 321 1140 0.999123 0.0266182 -0.0323122 0.996279 -0.0271467 0.999503 -0.0160307 -0.0852605 0.0318694 0.0168938 0.999349 0.0125677
315 322 1252 0.997469 0.0340122 -0.0624336 0.999804 -0.0353891 0.999151 -0.0210815 0.0178931 0.0616636 0.0232376 0.997826 -0.00850178
315 323 980 0.998349 0.0405744 -0.0406586 0.977595 -0.0413872 0.998956 -0.0193524 0.0941769 0.0398309 0.0210032 0.998986 -0.188249
