0 1 36 0.999998 -0.00210574 0.000651413 -0.240647 0.00210396 0.999994 0.00271677 -0.615237 -0.00065713 -0.00271539 0.999996 0.750715
0 2 61 0.999988 -0.00484221 6.6443e-05 -0.300879 0.00484213 0.999988 0.00117798 0.184106 -7.21462e-05 -0.00117765 0.999999 0.935723
0 3 36 0.999953 -0.00180067 -0.00950943 0.968452 0.00182994 0.999994 0.00307034 -0.0976167 0.00950384 -0.00308759 0.99995 0.229285
0 4 59 0.999995 -0.00321822 -0.000278288 -0.165328 0.00321886 0.999992 0.00230945 -0.207021 0.000270853 -0.00231034 0.999997 -0.964266
0 5 44 0.999984 -0.00526525 -0.00194721 0.488959 0.00527074 0.999982 0.00282644 -0.171861 0.00193229 -0.00283666 0.999994 0.855209
0 6 62 0.999992 -0.00394974 -0.000132311 0.02426 0.00395002 0.99999 0.00219553 -0.0437064 0.000123638 -0.00219603 0.999998 0.99875
0 7 68 0.999996 -0.00263687 0.000288778 0.0256719 0.00263625 0.999994 0.00211809 0.106521 -0.000294362 -0.00211733 0.999998 0.993979
0 8 72 0.999991 -0.00426836 0.00022463 -0.158747 0.00426782 0.999988 0.0023478 0.00390701 -0.000234649 -0.00234682 0.999997 0.987311
0 9 44 0.999958 -0.00525611 -0.00751146 0.885422 0.00526282 0.999986 0.000872788 0.2265 0.00750677 -0.000912282 0.999971 0.405864
0 10 37 0.99996 -0.00412029 -0.0079058 0.968416 0.00415796 0.99998 0.00475517 -0.174925 0.00788605 -0.00478785 0.999957 0.177685
0 11 105 0.999967 -0.00207016 -0.00784505 0.621364 0.002092 0.999994 0.00277681 -0.0318175 0.00783925 -0.00279313 0.999965 0.782876
0 12 82 0.999999 0.00122169 -0.000409632 -0.00952336 -0.00122081 0.999997 0.00214739 -0.0879461 0.000412255 -0.00214689 0.999998 0.99608
0 13 82 0.99998 0.00625883 -0.000197968 0.0287548 -0.0062581 0.999974 0.00348697 0.0526318 0.000219787 -0.00348566 0.999994 0.9982
0 14 42 0.999955 0.00671464 -0.00673005 0.859811 -0.00669167 0.999972 0.00342968 -0.0157252 0.00675289 -0.00338449 0.999971 0.51037
15 16 25 0.999992 -0.000503979 -0.00399408 -0.987451 0.000506173 1 0.000548302 -0.157769 0.00399381 -0.000550319 0.999992 -0.00698378
15 17 44 0.99994 0.000775147 -0.0109304 0.926622 -0.000788564 0.999999 -0.00122317 0.268233 0.0109295 0.00123172 0.99994 0.263482
15 18 31 0.999991 0.00139512 -0.00405208 0.873487 -0.00138613 0.999997 0.00221983 -0.0972388 0.00405517 -0.00221419 0.999989 0.477038
15 19 37 0.999967 0.00366963 -0.00730037 0.985362 -0.00365367 0.999991 0.00219813 0.00737481 0.00730837 -0.00217138 0.999971 0.170313
15 20 72 0.999949 0.00970621 0.00291319 -0.323786 -0.00971139 0.999951 0.00176896 0.270716 -0.00289588 -0.00179716 0.999994 0.906574
15 21 39 0.999979 0.00641451 0.000224579 0.877623 -0.00641507 0.999976 0.00258592 -0.169374 -0.000207986 -0.0025873 0.999997 0.448431
15 22 107 0.999957 0.00826873 0.00418138 -0.19912 -0.00827916 0.999963 0.00248286 0.125998 -0.00416069 -0.00251737 0.999988 0.971842
15 23 34 0.999974 0.00567242 0.00446696 -0.913232 -0.00568459 0.99998 0.00271632 0.291408 -0.00445146 -0.00274164 0.999986 0.284762
15 24 149 0.999932 0.00204757 -0.0114919 0.962756 -0.00200862 0.999992 0.0034005 0.0178969 0.0114987 -0.00337719 0.999928 0.269778
15 25 707 0.999871 0.00408352 -0.0155649 0.95776 -0.00396511 0.999963 0.00763056 -0.0894835 0.0155955 -0.00756786 0.99985 0.273292
15 26 1315 0.99967 0.00236164 -0.02559 0.880679 -0.0023244 0.999996 0.0014846 0.0316317 0.0255934 -0.00142462 0.999671 0.472655
15 27 1296 0.999725 0.00146626 -0.0233855 0.946925 -0.00133257 0.999983 0.00573162 -0.100201 0.0233935 -0.00569888 0.99971 0.305438
15 28 1168 0.999853 0.00432471 -0.0165709 0.858816 -0.00431465 0.99999 0.000643238 0.0359191 0.0165735 -0.000571646 0.999862 0.511023
15 29 1262 0.999608 0.00552156 -0.0274649 0.915989 -0.00527726 0.999946 0.00895941 -0.278449 0.0275129 -0.00881095 0.999583 0.288842
30 31 26 0.999993 -0.001447 -0.0033591 -0.997357 0.00143505 0.999993 -0.00355694 0.00141273 0.00336422 0.00355209 0.999988 0.0726426
30 32 41 1 0.000189764 -0.000418194 0.662927 -0.00019027 0.999999 -0.00120905 -0.361665 0.000417964 0.00120913 0.999999 -0.655535
30 33 33 0.99997 0.00179237 0.00759801 -0.110706 -0.00174084 0.999975 -0.00678387 0.601951 -0.00760999 0.00677043 0.999948 0.790822
30 34 44 0.999899 -0.00344883 0.0138128 -0.907692 0.00361445 0.999922 -0.0119829 0.0105459 -0.0137704 0.0120316 0.999833 0.419504
30 35 29 0.999967 -0.000945195 0.00803143 -0.853724 0.00104503 0.999922 -0.012435 0.311369 -0.00801905 0.012443 0.99989 0.417379
30 36 33 0.999933 -0.00193469 0.0114446 0.801013 0.00207716 0.99992 -0.0124502 -0.140067 -0.0114196 0.0124731 0.999857 -0.582031
30 37 123 0.999901 -0.00411859 0.0134423 0.595822 0.00425576 0.999939 -0.0101918 -0.131678 -0.0133995 0.010248 0.999858 -0.792248
30 38 220 0.999982 -0.0025477 0.00550022 0.864712 0.00255762 0.999995 -0.00179685 -0.450151 -0.00549561 0.00181088 0.999983 -0.222796
30 39 41 0.999804 -0.00851359 0.0178646 0.836776 0.0086305 0.999942 -0.0064769 -0.232229 -0.0178084 0.00662981 0.999819 -0.495859
30 40 1104 0.999881 -0.0148775 -0.00402811 0.974815 0.0148385 0.999844 -0.0095457 0.21594 0.0041695 0.00948479 0.999946 -0.0557338
30 41 1178 0.999945 -0.00970866 0.00390945 0.99293 0.00971134 0.999953 -0.000666041 0.118068 -0.0039028 0.000703971 0.999992 0.0122849
30 42 1185 0.999988 -0.00356458 0.00334032 0.980328 0.00355366 0.999988 0.00326993 -0.119502 -0.00335194 -0.00325802 0.999989 0.157089
30 43 1207 0.999975 -0.00634109 -0.00320279 0.987242 0.0063167 0.999951 -0.00756909 0.15406 0.00325063 0.00754866 0.999966 -0.0402399
30 44 92 0.999824 -0.00993966 0.0158805 0.868918 0.00995416 0.99995 -0.000834357 0.0666995 -0.0158714 0.000992287 0.999874 -0.490442
45 46 33 0.999937 0.0111291 -0.00158924 0.0981946 -0.0111314 0.999937 -0.00146562 0.940676 0.00157283 0.00148322 0.999998 0.324787
45 47 53 0.999953 0.00971536 0.000267541 0.818816 -0.00971748 0.999907 0.00957125 0.279648 -0.000174528 -0.00957339 0.999954 0.501336
45 48 83 0.999797 0.018561 0.00781815 -0.224609 -0.0186701 0.999726 0.0141191 0.0960513 -0.00755394 -0.0142622 0.99987 0.969704
45 49 112 0.999729 0.0216355 0.00858442 0.300113 -0.0217718 0.999633 0.0161126 -0.0433289 -0.00823267 -0.0162951 0.999833 -0.952919
45 50 76 0.999693 0.0223005 -0.0107825 0.993807 -0.0221196 0.999617 0.016615 0.06905 0.0111489 -0.0163714 0.999804 -0.0870576
45 51 62 0.999814 0.0164339 -0.0100926 0.769514 -0.0162738 0.999744 0.0157448 0.052002 0.0103488 -0.0155776 0.999825 0.636509
45 52 1158 0.999475 0.0201994 -0.02532 0.899503 -0.0200428 0.999778 0.00642155 0.317816 0.0254441 -0.0059107 0.999659 0.299812
45 53 81 0.999699 0.0219252 -0.0110319 -0.616687 -0.0217868 0.999684 0.0125088 0.171001 0.0113026 -0.0122647 0.999861 -0.768411
45 54 212 0.999246 0.0282331 -0.0266417 0.994304 -0.0280705 0.999585 0.00646068 -0.0330586 0.026813 -0.00570796 0.999624 -0.101323
45 55 598 0.999184 0.0249661 -0.0317599 0.883845 -0.0250147 0.999686 -0.00113371 0.264574 0.0317216 0.00192725 0.999495 0.385771
45 56 1241 0.998404 0.0280956 -0.048986 0.988587 -0.0281967 0.999601 -0.00137225 0.103742 0.0489279 0.0027513 0.998799 0.109238
45 57 978 0.99867 0.0257187 -0.0446828 0.955201 -0.0259228 0.999656 -0.0039947 0.159177 0.0445647 0.00514769 0.998993 0.249505
45 58 1181 0.997723 0.0274463 -0.0616109 0.960939 -0.0270691 0.999609 0.00694779 -0.271908 0.0617776 -0.00526421 0.998076 0.0515949
45 59 1120 0.997977 0.0271389 -0.0574923 0.976121 -0.0275854 0.999595 -0.00698759 0.199081 0.0572794 0.0085594 0.998321 0.0869149
60 61 53 0.999997 -0.00220133 -0.000528978 0.379641 0.00220225 0.999996 0.00175849 0.472604 0.000525105 -0.00175965 0.999998 -0.79531
60 62 67 0.999997 0.00252509 0.000700642 0.60594 -0.00252913 0.99998 0.00581826 0.255747 -0.000685936 -0.00582001 0.999983 -0.75328
60 63 91 0.999985 0.00350462 -0.00412458 0.961471 -0.0034722 0.999963 0.0078406 0.180596 0.00415191 -0.00782617 0.999961 0.207266
60 64 141 0.999959 0.00872775 0.00231141 0.942947 -0.00875128 0.999908 0.0103734 -0.187463 -0.00222066 -0.0103932 0.999944 0.275153
60 65 491 0.999943 0.0104437 0.00223962 0.992747 -0.0104578 0.999925 0.00640265 -0.0770936 -0.00217258 -0.0064257 0.999977 0.0922476
60 66 1185 0.999954 0.00898026 -0.00338677 0.954091 -0.00899129 0.999954 -0.00325378 0.249276 0.0033574 0.00328408 0.999989 0.166049
60 67 1240 0.999826 0.00866952 -0.0165075 0.993907 -0.00861216 0.999957 0.00354267 -0.0954553 0.0165375 -0.00339989 0.999857 0.0551061
60 68 1133 0.999974 0.00630765 -0.00341942 0.980214 -0.00632413 0.999968 -0.00482966 0.0632067 0.00338884 0.00485116 0.999982 0.18758
60 69 1167 0.999855 0.0125883 -0.0114461 0.992972 -0.0126278 0.999915 -0.00338214 -0.0271761 0.0114026 0.00352619 0.999929 0.115189
60 70 1089 0.999918 0.0124086 -0.0030224 0.999304 -0.0124153 0.99992 -0.00221062 -0.0319711 0.00299473 0.00224797 0.999993 -0.019238
60 71 1114 0.99966 0.0200395 -0.0166881 0.997783 -0.0200164 0.999798 0.00155369 -0.042786 0.0167158 -0.00121912 0.99986 0.0509769
60 72 1048 0.999761 0.0199596 -0.00891324 0.995731 -0.0199547 0.999801 0.000638789 -0.0476741 0.00892422 -0.000460775 0.99996 0.0790437
60 73 1001 0.999782 0.0191364 0.00839355 0.991674 -0.0191261 0.999816 -0.00131168 -0.0455816 -0.00841711 0.00115085 0.999964 0.120433
60 74 955 0.999879 0.0148858 -0.00461744 0.99388 -0.0149178 0.999864 -0.00697822 -0.0287242 0.00451294 0.00704625 0.999965 0.106669
75 76 67 0.999996 -0.0016396 -0.00210977 0.0447819 0.001635 0.999996 -0.00218003 -0.0321952 0.00211334 0.00217657 0.999995 0.998478
75 77 103 0.999991 0.00292922 -0.00311533 0.393211 -0.00292852 0.999996 0.000230158 -0.283335 0.00311599 -0.000221032 0.999995 -0.874704
75 78 33 0.999974 -0.00515107 -0.00510027 0.986434 0.00515376 0.999987 0.000513105 0.119142 0.00509756 -0.000539377 0.999987 -0.112927
75 79 700 0.999893 0.00500489 -0.0137444 0.98881 -0.00500214 0.999987 0.000234858 -0.137351 0.0137454 -0.000166082 0.999906 -0.0582144
75 80 857 0.999923 0.0055451 -0.0110961 0.981991 -0.00559024 0.999976 -0.00404114 0.0558271 0.0110734 0.00410286 0.99993 -0.180493
75 81 822 0.9999 -0.00288646 -0.0138158 0.980793 0.0028489 0.999992 -0.00273761 0.172548 0.0138236 0.00269798 0.999901 -0.0909518
75 82 762 0.999824 -0.00355182 -0.0184105 0.99982 0.00359288 0.999991 0.0021977 -0.00804918 0.0184025 -0.00226346 0.999828 0.0172098
75 83 1121 0.999432 -0.00408509 -0.0334517 0.998988 0.00407424 0.999992 -0.000392308 0.0384883 0.033453 0.000255795 0.99944 -0.0232777
75 84 1103 0.999561 -0.00393557 -0.0293549 0.999224 0.00399635 0.99999 0.00201199 0.0373972 0.0293467 -0.00212842 0.999567 -0.0123671
75 85 1083 0.999632 -0.00144109 -0.0270808 0.992093 0.00171569 0.999947 0.0101196 -0.120063 0.0270648 -0.0101623 0.999582 0.0365545
75 86 1066 0.998379 -0.00567227 -0.0566371 0.951219 0.00503638 0.999923 -0.011364 0.30426 0.0566972 0.0110603 0.99833 0.0510765
75 87 1032 0.998552 0.00600895 -0.0534646 0.99927 -0.00505719 0.999827 0.0179191 -0.0307852 0.053563 -0.0176228 0.998409 -0.0226431
75 88 981 0.998898 0.00551092 -0.0466091 0.991119 -0.0047171 0.999842 0.0171243 -0.0178765 0.0466961 -0.0168856 0.998766 0.13177
75 89 956 0.999438 0.0103415 -0.0318826 0.990126 -0.0096406 0.99971 0.0220595 -0.0745977 0.0321015 -0.0217398 0.999248 0.118682
90 91 47 0.999979 -0.000542581 -0.00652915 0.992268 0.000586656 0.999977 0.00675046 0.0588688 0.00652534 -0.00675414 0.999956 0.109264
90 92 1024 0.999933 0.00443293 -0.0106526 0.866997 -0.00429634 0.999909 0.0128106 -0.191416 0.0107085 -0.012764 0.999861 0.460083
90 93 530 0.999974 0.00619756 0.00361201 0.844637 -0.0062399 0.999911 0.0118312 -0.178066 -0.00353836 -0.0118535 0.999923 0.504857
90 94 714 0.99988 0.0109031 0.0110121 0.769341 -0.0110087 0.999894 0.00957456 -0.147909 -0.0109065 -0.00969464 0.999894 0.62148
90 95 1097 0.999896 0.013765 -0.00439071 0.87916 -0.0137011 0.999805 0.0142503 -0.290337 0.004586 -0.0141886 0.999889 0.377866
90 96 1062 0.999968 0.00765534 0.00214221 0.851447 -0.00767078 0.999944 0.00729024 -0.175861 -0.00208628 -0.00730644 0.999971 0.494075
90 97 1059 0.999906 0.00941863 -0.00999158 0.921849 -0.00938624 0.999951 0.00328337 -0.159434 0.010022 -0.00318928 0.999945 0.353236
90 98 947 0.999943 0.00388232 -0.00993506 0.821131 -0.00390704 0.999989 -0.00247035 -0.152723 0.00992537 0.00250902 0.999948 0.549928
90 99 950 0.999865 0.00049932 -0.0164521 0.885344 -0.000633432 0.999967 -0.00814744 -0.204612 0.0164475 0.00815676 0.999831 0.417492
90 100 920 0.999519 0.0016276 -0.0309794 0.956786 -0.00216912 0.999845 -0.0174544 -0.0327869 0.0309462 0.0175132 0.999368 0.28894
90 101 776 0.999827 -0.00305503 -0.0183643 0.872323 0.00287766 0.999949 -0.00967695 -0.270939 0.0183929 0.00962243 0.999785 0.406995
90 102 802 0.999876 -0.00358674 -0.0153342 0.939841 0.00330369 0.999824 -0.0184442 -0.278276 0.0153977 0.0183912 0.999712 0.198145
90 103 747 0.999702 -0.00968132 -0.0224163 0.934717 0.00928032 0.999796 -0.0179243 -0.274998 0.0225852 0.0177109 0.999588 0.225123
90 104 782 0.999513 -0.00782287 -0.0302186 0.9533 0.00705488 0.999652 -0.0254379 -0.216629 0.030407 0.0252123 0.99922 0.210454
105 106 38 0.999984 0.00349515 0.00440877 0.200279 -0.00348636 0.999992 -0.00200035 -0.533998 -0.00441572 0.00198495 0.999988 -0.821422
105 107 546 0.999977 0.000636635 -0.00670735 0.998224 -0.000693679 0.999964 -0.00850585 0.0487224 0.00670169 0.00851031 0.999941 0.0342893
105 108 83 0.999823 0.00462627 0.0182628 0.497454 -0.00438996 0.999906 -0.0129584 -0.139847 -0.018321 0.0128759 0.999749 -0.856144
105 109 953 0.999962 0.00766465 0.00423312 0.879377 -0.0075877 0.999811 -0.0179033 0.0661581 -0.00436954 0.0178705 0.999831 -0.471507
105 110 390 0.999793 0.00724687 0.0189991 0.55311 -0.00698526 0.99988 -0.0138001 -0.0737223 -0.0190968 0.0136645 0.999724 -0.82984
105 111 1015 0.999957 0.00724584 0.00586549 0.836253 -0.00715799 0.999864 -0.0148629 -0.0346838 -0.00597238 0.0148202 0.999872 -0.547245
105 112 986 0.999961 0.00883385 0.000961829 0.908905 -0.0088167 0.999824 -0.0165769 0.0162796 -0.0011081 0.0165678 0.999862 -0.416684
105 113 1008 0.999857 0.0120722 -0.0118171 0.871838 -0.0122267 0.99984 -0.0130903 -0.100312 0.0116571 0.0132329 0.999844 -0.479413
105 114 849 0.999979 0.00431993 0.00489378 0.638549 -0.00424653 0.99988 -0.01491 0.00435758 -0.00495761 0.0148889 0.999877 -0.769569
105 115 888 0.999852 0.0112569 -0.0129811 0.815589 -0.0114742 0.999793 -0.0167845 0.128443 0.0127895 0.016931 0.999775 -0.564197
105 116 843 0.999852 0.017023 0.00235053 0.776712 -0.0170111 0.999843 -0.0050033 -0.0438578 -0.00243533 0.00496258 0.999985 -0.628327
105 117 801 0.999903 0.0139305 -0.000781394 0.736592 -0.0139352 0.999883 -0.00631578 0.0569121 0.00069332 0.00632606 0.99998 -0.673939
105 118 807 0.999826 0.0125176 0.0138364 0.676685 -0.0125655 0.999915 0.00337602 0.0109522 -0.013793 -0.00354929 0.999899 -0.736191
105 119 847 0.999671 0.0150206 -0.0207679 0.877016 -0.0152162 0.999841 -0.00929503 0.151334 0.0206249 0.00960798 0.999741 -0.456006
120 121 78 0.999992 0.00384236 0.000803846 0.342991 -0.0038462 0.999981 0.00484038 0.413415 -0.000785232 -0.00484344 0.999988 -0.843472
120 122 171 0.999966 0.00740572 0.00352302 0.302236 -0.00744453 0.99991 0.0111339 0.23842 -0.00344025 -0.0111597 0.999932 -0.922935
120 123 722 0.999849 0.0159984 -0.00684143 0.912707 -0.0159514 0.999849 0.00686385 0.315657 0.00695021 -0.00675368 0.999953 -0.259473
120 124 258 0.999734 0.022413 0.00541785 0.785456 -0.0224352 0.99974 0.00407373 0.42061 -0.00532514 -0.00419419 0.999977 -0.454033
120 125 911 0.999683 0.0240251 0.00755922 0.663328 -0.0240534 0.999704 0.00367497 0.283415 -0.00746869 -0.00385563 0.999965 -0.692583
120 126 886 0.99954 0.0297494 0.00587708 0.769804 -0.0297568 0.999556 0.00117661 0.219676 -0.00583947 -0.00135095 0.999982 -0.599287
120 127 958 0.999525 0.0300735 -0.00677971 0.687232 -0.0301068 0.999535 -0.00486892 0.23972 0.00663013 0.00507073 0.999965 -0.685745
120 128 899 0.99953 0.0305874 0.00194964 0.441487 -0.0305809 0.999527 -0.00329501 0.264356 -0.00204951 0.00323384 0.999993 -0.857441
120 129 910 0.999448 0.0315062 -0.010582 0.541743 -0.0315713 0.999483 -0.00604171 0.252698 0.0103862 0.00637246 0.999926 -0.80166
120 130 875 0.999324 0.035872 -0.0080466 0.445437 -0.0358501 0.999353 0.00285038 0.0823277 0.00814364 -0.00255998 0.999964 -0.89152
120 131 839 0.999253 0.0327409 -0.0205197 0.48116 -0.0330642 0.999331 -0.0156167 0.404334 0.0199946 0.0162835 0.999667 -0.777817
120 132 843 0.998954 0.0381492 -0.0252185 0.503354 -0.038248 0.999262 -0.00344312 0.27142 0.0250686 0.00440407 0.999676 -0.820345
120 133 818 0.998404 0.0435965 -0.0359015 0.591656 -0.0436261 0.999048 -4.24367e-05 0.247914 0.0358655 0.00160861 0.999355 -0.767126
120 134 821 0.998231 0.0377189 -0.0459539 0.58129 -0.0386638 0.999055 -0.0198484 0.465653 0.0451618 0.02159 0.998746 -0.667285
135 136 52 0.999993 0.00272219 -0.00247541 0.715403 -0.00271776 0.999995 0.00179196 0.494623 0.00248027 -0.00178522 0.999995 0.493504
135 137 49 0.999995 0.00121339 0.00308493 -0.627491 -0.00123422 0.999976 0.00675965 -0.661477 -0.00307665 -0.00676342 0.999972 -0.410734
135 138 260 0.999962 0.00384852 -0.00785367 0.372436 -0.00381049 0.999981 0.00485129 0.0813868 0.00787219 -0.00482118 0.999957 -0.924482
135 139 424 0.999929 0.00228004 -0.011678 0.371644 -0.00217549 0.999958 0.00895823 0.013448 0.011698 -0.00893219 0.999892 -0.928278
135 140 992 0.999694 0.00557258 -0.0240831 0.760861 -0.00543481 0.999969 0.00578228 0.226656 0.0241146 -0.00564962 0.999693 -0.608044
135 141 965 0.999631 0.00773288 -0.0260456 0.751495 -0.00768346 0.999968 0.00199713 0.345941 0.0260602 -0.00179628 0.999659 -0.561765
135 142 1122 0.999089 0.00953089 -0.0415855 0.762365 -0.0097588 0.999938 -0.00528087 0.391109 0.0415326 0.00568188 0.999121 -0.515591
135 143 1064 0.999139 0.0107888 -0.0400561 0.619837 -0.010678 0.999939 0.0029787 0.307111 0.0400857 -0.00254841 0.999193 -0.722139
135 144 1010 0.998769 0.0149504 -0.0472887 0.673928 -0.014991 0.999888 -0.000503584 0.403298 0.0472759 0.00121187 0.998881 -0.619008
135 145 1010 0.998266 0.0189286 -0.055741 0.707095 -0.0188051 0.999819 0.00274012 0.390777 0.0557828 -0.00168716 0.998442 -0.58933
135 146 897 0.999059 0.0272793 -0.0337052 0.386647 -0.0262933 0.999223 0.0293566 0.0943343 0.0344798 -0.0284428 0.999001 -0.917391
135 147 846 0.998877 0.027145 -0.0388444 0.458216 -0.02619 0.999347 0.0248858 0.269187 0.0394945 -0.0238405 0.998935 -0.847099
135 148 909 0.996509 0.0359331 -0.0753533 0.745086 -0.0346602 0.999235 0.0181327 0.345973 0.0759472 -0.0154576 0.996992 -0.57022
135 149 792 0.997728 0.0441085 -0.0509257 0.533726 -0.0422019 0.998389 0.0379273 0.265803 0.0525166 -0.035692 0.997982 -0.802798
150 151 131 0.999961 0.00875287 0.00141662 0.228047 -0.00877516 0.999824 0.0165814 -0.533382 -0.00127123 -0.0165932 0.999862 -0.814554
150 152 142 0.999695 0.0237533 0.00679944 -0.0950835 -0.0238595 0.999588 0.0159812 -0.607369 -0.00641703 -0.0161385 0.999849 -0.788709
150 153 82 0.999659 0.0260445 -0.00194132 0.717472 -0.0260298 0.999635 0.00722938 0.212904 0.00212889 -0.00717639 0.999972 0.663254
150 154 203 0.999721 0.0235941 -0.00125307 0.0774822 -0.0235753 0.999633 0.0133233 -0.0530639 0.00156696 -0.0132901 0.99991 -0.995581
150 155 219 0.999682 0.0241415 -0.00728324 -0.0283931 -0.0240133 0.999564 0.0172049 -0.127384 0.00769542 -0.0170245 0.999825 -0.991447
150 156 265 0.999465 0.0320633 -0.00641681 0.00799606 -0.0319262 0.999281 0.0204376 -0.156218 0.0070675 -0.0202218 0.999771 -0.98769
150 157 269 0.999387 0.0340806 -0.00805795 0.109429 -0.0339231 0.999245 0.0189424 -0.0148186 0.00869744 -0.0186575 0.999788 -0.993884
150 158 586 0.998707 0.0365855 -0.0353002 0.724871 -0.0362628 0.999295 0.00973808 0.325823 0.0356315 -0.00844541 0.999329 -0.606961
150 159 560 0.997689 0.0387997 -0.0557741 0.884041 -0.0386628 0.999246 0.00353245 0.355246 0.0558691 -0.00136791 0.998437 -0.303762
150 160 501 0.998054 0.0405201 -0.0473992 0.779491 -0.0399046 0.999107 0.0138609 0.152057 0.0479185 -0.0119425 0.99878 -0.607678
150 161 531 0.998121 0.0380962 -0.0479927 0.609866 -0.0374514 0.999197 0.0142625 0.193884 0.0484975 -0.0124383 0.998746 -0.768422
150 162 579 0.99726 0.0395592 -0.062507 0.694656 -0.0391559 0.999204 0.00766334 0.367274 0.0627603 -0.00519483 0.998015 -0.618516
150 163 545 0.995052 0.0468818 -0.0875944 0.799985 -0.0469345 0.998897 0.00145921 0.385377 0.0875662 0.00265921 0.996155 -0.459901
150 164 540 0.996823 0.0466655 -0.064542 0.572267 -0.0453408 0.998733 0.0218389 0.253091 0.0654793 -0.0188432 0.997676 -0.780035
165 166 102 0.99997 0.00670888 -0.00378229 0.363333 -0.00668775 0.999962 0.00557055 0.207296 0.00381952 -0.00554509 0.999977 -0.908305
165 167 138 0.999874 0.0114116 -0.0110592 0.514319 -0.0113598 0.999924 0.00472984 0.391769 0.0111123 -0.00460361 0.999928 -0.762885
165 168 302 0.999791 0.0137351 -0.0151422 0.498734 -0.0135923 0.999863 0.0094901 0.139607 0.0152705 -0.0092823 0.99984 -0.855438
165 169 1134 0.999381 0.0160084 -0.0313318 0.658186 -0.0160785 0.999869 -0.00198472 0.464279 0.031296 0.00248726 0.999507 -0.592652
165 170 1152 0.998696 0.0177265 -0.0478767 0.807512 -0.0180915 0.99981 -0.00720217 0.456621 0.0477399 0.00805894 0.998827 -0.373393
165 171 1097 0.998552 0.0199016 -0.0499843 0.743163 -0.0202221 0.999778 -0.00591459 0.429135 0.0498555 0.00691682 0.998732 -0.513373
165 172 1053 0.998927 0.0227053 -0.0403607 0.618014 -0.0225668 0.999738 0.00388461 0.305686 0.0404383 -0.00296964 0.999178 -0.724303
165 173 1019 0.998842 0.0245287 -0.0413874 0.492135 -0.024276 0.999684 0.00659653 0.226412 0.0415361 -0.00558417 0.999121 -0.84056
165 174 1038 0.998714 0.0198962 -0.0466285 0.470882 -0.0194977 0.99977 0.00898499 0.244031 0.0467965 -0.00806429 0.998872 -0.847773
165 175 938 0.998286 0.028762 -0.0509751 0.542899 -0.0281865 0.999531 0.0119732 0.2209 0.0512956 -0.0105159 0.998628 -0.810224
165 176 926 0.997369 0.0412435 -0.0596082 0.595853 -0.0405692 0.999099 0.0124803 0.199868 0.0600692 -0.0100292 0.998144 -0.777825
165 177 911 0.994177 0.0500172 -0.0954449 0.787542 -0.0506588 0.998707 -0.00430961 0.304723 0.0951059 0.00911963 0.995425 -0.535651
165 178 883 0.993178 0.0556049 -0.1025 0.790972 -0.0582959 0.998024 -0.0234454 0.430414 0.100994 0.0292607 0.994457 -0.434865
165 179 855 0.994965 0.0602922 -0.0800608 0.717628 -0.0614716 0.998032 -0.0123478 0.357833 0.0791588 0.0172071 0.996713 -0.597466
180 181 114 0.999914 0.00300688 -0.0127539 0.990732 -0.00299853 0.999995 0.000673668 -0.0551535 0.0127559 -0.000635367 0.999918 -0.124128
180 182 196 0.999885 0.014227 0.00517904 -0.0267869 -0.0142152 0.999896 -0.00230283 -0.17886 -0.00521126 0.00222894 0.999984 -0.98351
180 183 637 0.999783 0.020786 -0.00132012 0.479819 -0.0207949 0.999759 -0.00705207 0.0547167 0.00117322 0.00707799 0.999974 -0.875659
180 184 938 0.999893 0.0146281 -0.0005109 0.363465 -0.0146337 0.999804 -0.0133695 0.191578 0.00031523 0.0133755 0.99991 -0.911697
180 185 1580 0.999635 0.0191927 -0.0190109 0.665243 -0.0195554 0.999627 -0.0190849 0.277493 0.0186375 0.0194497 0.999637 -0.693145
180 186 1237 0.999652 0.0250034 -0.00845393 0.420482 -0.0251193 0.999588 -0.013888 0.181764 0.0081032 0.0140955 0.999868 -0.888908
180 187 1402 0.999347 0.0309921 -0.0185952 0.608988 -0.0312756 0.999396 -0.0151518 0.0855457 0.0181144 0.0157235 0.999712 -0.788552
180 188 1340 0.999303 0.0343475 -0.0146526 0.506783 -0.0345975 0.999254 -0.0171647 0.10907 0.0140521 0.0176596 0.999745 -0.855146
180 189 1286 0.998738 0.0262805 -0.0427979 0.723239 -0.0278901 0.998909 -0.0374578 0.374665 0.0417668 0.0386042 0.998381 -0.58013
180 190 1154 0.998493 0.0264387 -0.0480817 0.689299 -0.0277551 0.999252 -0.0269195 0.218155 0.047334 0.0282134 0.998481 -0.690851
180 191 1199 0.998748 0.0250378 -0.0433103 0.552229 -0.026198 0.999307 -0.0264332 0.204134 0.0426185 0.0275348 0.998712 -0.808315
180 192 1216 0.996404 0.0247395 -0.0810352 0.761007 -0.0283003 0.99867 -0.0430918 0.317213 0.0798614 0.0452302 0.995779 -0.565902
180 193 1163 0.997622 0.032124 -0.0609788 0.606327 -0.0338256 0.999061 -0.0270806 0.1538 0.0600516 0.0290789 0.997772 -0.780201
180 194 985 0.99573 0.0291549 -0.0875885 0.699724 -0.0323151 0.998869 -0.0348816 0.220308 0.0864725 0.0375631 0.995546 -0.679596
195 196 148 0.999953 -0.00485701 -0.00842007 0.51755 0.00490664 0.999971 0.00588327 0.137082 0.00839125 -0.0059243 0.999947 -0.844601
195 197 369 0.999867 0.0023382 -0.0161479 0.4299 -0.00200631 0.999787 0.0205394 -0.259438 0.0161925 -0.0205042 0.999659 -0.864799
195 198 1321 0.999038 -0.00660653 -0.0433562 0.898979 0.00748915 0.999767 0.0202266 0.15438 0.0432125 -0.0205318 0.998855 -0.409882
195 199 423 0.999382 -0.00711781 -0.0344195 0.636982 0.00811529 0.999549 0.0289278 0.0835141 0.034198 -0.0291893 0.998989 -0.766342
195 200 930 0.997531 0.00162682 -0.0702136 0.937613 0.00144174 0.999047 0.0436304 -0.0466078 0.0702177 -0.0436239 0.996577 -0.344544
195 201 967 0.996766 0.00658769 -0.0800838 0.986772 -0.0032902 0.999144 0.0412379 -0.0414109 0.0802869 -0.040841 0.995935 -0.156736
195 202 1019 0.998299 0.00830396 -0.0577023 0.808486 -0.00598694 0.999173 0.0402121 -0.0554445 0.0579885 -0.0397983 0.997524 -0.585898
195 203 973 0.994955 0.0113533 -0.099673 0.953574 -0.00706369 0.999038 0.0432845 0.0367151 0.100068 -0.0423621 0.994078 -0.298913
195 204 990 0.9916 0.0295382 -0.125928 0.970124 -0.0220156 0.997912 0.0607165 -0.14984 0.127458 -0.0574341 0.99018 -0.190809
195 205 964 0.993471 0.0352267 -0.10851 0.937804 -0.0291943 0.997965 0.0566888 -0.160327 0.110286 -0.0531508 0.992478 -0.307928
195 206 993 0.992992 0.0330732 -0.113455 0.934326 -0.0271224 0.998194 0.0535991 -0.131338 0.115023 -0.0501463 0.992096 -0.331339
195 207 961 0.992506 0.0403719 -0.115336 0.922755 -0.0340392 0.99783 0.0563588 -0.164001 0.117361 -0.0520105 0.991726 -0.34875
195 208 861 0.991582 0.0456972 -0.121152 0.948115 -0.0396653 0.997872 0.0517414 -0.117672 0.123259 -0.0465003 0.991285 -0.295348
195 209 924 0.98837 0.0653361 -0.13732 0.933886 -0.056676 0.996205 0.0660596 -0.223006 0.141115 -0.0575086 0.988321 -0.279508
210 211 169 0.999974 0.000715621 0.00712629 0.237417 -0.00069306 0.999995 -0.00316792 0.147926 -0.00712852 0.0031629 0.99997 -0.960079
210 212 1579 0.999781 0.0138973 -0.0156376 0.896244 -0.0137387 0.999854 0.0102032 -0.37906 0.0157771 -0.00998608 0.999826 -0.230346
210 213 1189 0.999932 0.0109596 -0.00389233 0.891425 -0.0109658 0.999939 -0.00155622 0.028967 0.00387503 0.0015988 0.999991 -0.452242
210 214 547 0.999851 0.00333794 0.0169407 0.699741 -0.00339831 0.999988 0.00353589 0.0251955 -0.0169287 -0.00359293 0.99985 -0.713952
210 215 555 0.999792 -0.00457278 0.0198897 0.804811 0.00446842 0.999976 0.00528837 0.15091 -0.0199134 -0.00519839 0.999788 -0.574026
210 216 980 0.999993 -0.000443718 0.00374783 0.877845 0.000386554 0.999884 0.0152395 -0.0974789 -0.00375416 -0.0152379 0.999877 -0.468921
210 217 905 0.999969 -0.00664928 0.00429192 0.832437 0.00654584 0.999698 0.0236814 -0.0489819 -0.00444809 -0.0236526 0.99971 -0.551951
210 218 850 0.999712 -0.0167526 0.0171876 0.804051 0.0162774 0.999491 0.0274255 0.00208528 -0.0176383 -0.0271379 0.999476 -0.594557
210 219 877 0.999581 -0.0231147 0.0174294 0.791215 0.0225021 0.999149 0.034557 -0.0544062 -0.0182134 -0.0341503 0.999251 -0.609113
210 220 1119 0.999716 -0.0237999 0.000775717 0.89898 0.0237545 0.999023 0.0372531 -0.0145811 -0.00166158 -0.0372241 0.999306 -0.437746
210 221 1028 0.999666 -0.0104379 -0.0236353 0.953767 0.0114522 0.999001 0.0431933 -0.134981 0.0231608 -0.0434496 0.998787 -0.268532
210 222 879 0.999634 -0.0103855 0.0249837 0.796827 0.00969409 0.999571 0.0276362 -0.0712415 -0.02526 -0.0273839 0.999306 -0.599992
210 223 1078 0.998666 -0.00434467 -0.0514441 0.965876 0.00602684 0.999451 0.0325892 -0.0652811 0.0512743 -0.0328558 0.998144 -0.250641
210 224 1050 0.999903 0.00144421 -0.0138838 0.888603 -0.000896741 0.999225 0.0393577 -0.173432 0.0139299 -0.0393414 0.999129 -0.424624
225 226 160 0.999925 0.00922601 -0.00800334 0.835585 -0.00921607 0.999957 0.00127786 -0.404917 0.00801479 -0.00120401 0.999967 -0.371267
225 227 258 0.999959 0.00902521 0.000986395 0.542138 -0.00901894 0.99994 -0.00618323 0.0446823 -0.00104214 0.00617408 0.99998 -0.839101
225 228 1267 0.999853 0.0109557 -0.013206 0.911334 -0.0111007 0.999878 -0.0109579 0.0861651 0.0130843 0.0111029 0.999853 -0.40255
225 229 1018 0.999678 0.0239419 -0.00839768 0.796607 -0.0239148 0.999709 0.00331061 -0.372151 0.0084745 -0.00310871 0.999959 -0.476363
225 230 709 0.999716 0.0230774 -0.00599316 0.728238 -0.0230771 0.999734 0.000124186 -0.310986 0.00599443 1.41542e-05 0.999982 -0.610703
225 231 1224 0.9996 0.0233913 -0.0159208 0.894967 -0.0234591 0.999716 -0.00408137 -0.259574 0.0158208 0.00445323 0.999865 -0.362845
225 232 705 0.999748 0.022202 0.00329757 0.699197 -0.0221378 0.999586 -0.0183656 -0.0906785 -0.00370396 0.018288 0.999826 -0.709155
225 233 1022 0.999584 0.0273649 -0.009081 0.860459 -0.0274822 0.999537 -0.0130544 -0.317069 0.00871957 0.0132985 0.999874 -0.398845
225 234 1279 0.999468 0.0225829 -0.0235465 0.905493 -0.0229345 0.999628 -0.0147681 -0.268623 0.0232042 0.0153003 0.999614 -0.328518
225 235 1196 0.999466 0.0233882 -0.022798 0.845228 -0.023791 0.999563 -0.0175605 -0.268411 0.0223773 0.0180936 0.999586 -0.46211
225 236 1230 0.999521 0.015063 -0.0270274 0.922928 -0.015668 0.999628 -0.0223166 -0.231878 0.0266812 0.0227294 0.999386 -0.307305
225 237 1113 0.999361 0.0212931 -0.0287148 0.912964 -0.0219454 0.999504 -0.022598 -0.282253 0.0282193 0.0232138 0.999332 -0.294669
225 238 1097 0.998973 0.0297044 -0.0342217 0.935004 -0.030491 0.999277 -0.0226951 -0.25776 0.0335229 0.0237152 0.999157 -0.243573
225 239 1083 0.998897 0.0376996 -0.0280063 0.91197 -0.0383499 0.998998 -0.0230572 -0.267565 0.027109 0.0241058 0.999342 -0.310999
240 241 136 0.999987 -0.00503272 -0.000109052 -0.210562 0.0050326 0.999987 -0.00108411 -0.482205 0.000114507 0.00108355 0.999999 0.850377
240 242 270 0.999925 0.00475301 -0.0113272 0.888954 -0.0048037 0.999979 -0.00445192 -0.195998 0.0113057 0.00450599 0.999926 0.413938
240 243 708 0.999829 0.0094941 -0.0158767 0.935335 -0.00964346 0.99991 -0.00935726 -0.120985 0.0157864 0.00950876 0.99983 0.332431
240 244 751 0.999833 0.011009 -0.0145829 0.912321 -0.0111757 0.999873 -0.0114007 -0.146357 0.0144555 0.0115618 0.999829 0.382425
240 245 841 0.99986 0.0138846 -0.00938928 0.796386 -0.0140291 0.999781 -0.0155055 -0.18794 0.00917194 0.015635 0.999836 0.574847
240 246 1293 0.99935 0.0105348 -0.0344789 0.934395 -0.0113388 0.999666 -0.023207 -0.00932995 0.0342229 0.0235828 0.999136 0.356117
240 247 772 0.999814 0.00995494 -0.016512 0.932126 -0.0102304 0.999809 -0.0166818 -0.0327462 0.0163428 0.0168477 0.999724 0.36065
240 248 945 0.999684 0.013705 -0.0210921 0.965824 -0.0139444 0.99984 -0.0112429 -0.0315597 0.0209346 0.0115335 0.999714 0.257272
240 249 883 0.999684 0.0160944 -0.0192952 0.946185 -0.0162394 0.999841 -0.00737973 -0.0134352 0.0191733 0.00769074 0.999787 0.323347
240 250 719 0.999735 0.0222733 -0.00582955 0.917434 -0.022271 0.999752 0.000456561 -0.0772149 0.00583828 -0.00032661 0.999983 0.390323
240 251 920 0.99944 0.0226816 -0.0246024 0.942664 -0.0227437 0.999739 -0.00224367 0.0181749 0.0245451 0.00280197 0.999695 0.333249
240 252 845 0.999856 0.0148938 -0.00812024 0.897933 -0.014903 0.999888 -0.00107445 0.03086 0.00810333 0.00119531 0.999966 0.439048
240 253 790 0.999934 0.010393 -0.00497877 0.90851 -0.0103808 0.999943 0.00245657 0.00604328 0.00500402 -0.00240472 0.999985 0.41782
240 254 762 0.999995 -0.00317382 0.000121514 0.911918 0.00317372 0.999995 0.000816549 0.00692354 -0.000124105 -0.000816159 1 0.410315
255 256 50 0.999968 -0.00801106 -1.68917e-05 -0.812414 0.00801107 0.999967 0.000992923 0.202311 8.93682e-06 -0.000993027 1 -0.546858
255 257 469 0.999877 -0.0139715 -0.00716776 0.99953 0.014015 0.999883 0.00605329 -0.00146575 0.00708235 -0.006153 0.999956 -0.0306283
255 258 771 0.999827 -0.0185985 -0.00100257 0.815901 0.0186051 0.999802 0.00702295 -0.0445743 0.000871751 -0.00704038 0.999975 0.576471
255 259 893 0.999734 -0.0230448 -0.000466288 0.711541 0.0230458 0.999732 0.00219059 0.0115102 0.000415681 -0.00220076 0.999997 0.70255
255 260 1272 0.999584 -0.0253685 -0.0137204 0.838854 0.0252599 0.999649 -0.00803198 0.257641 0.0139193 0.00768206 0.999874 0.479526
255 261 1245 0.999826 -0.0172275 -0.00720052 0.837694 0.0172186 0.999851 -0.00129272 0.105522 0.00722171 0.00116852 0.999973 0.535849
255 262 1111 0.999711 -0.0205041 -0.0125445 0.902563 0.0204425 0.999778 -0.00502236 0.184 0.0126447 0.00476447 0.999909 0.389261
255 263 1020 0.999457 -0.0286777 -0.0162502 0.813167 0.0286469 0.999587 -0.00212482 0.219197 0.0163045 0.00165814 0.999866 0.539177
255 264 1055 0.999581 -0.0239884 -0.0161917 0.775771 0.0241134 0.999681 0.00757261 0.0254392 0.0160049 -0.00795987 0.99984 0.630502
255 265 1169 0.998945 -0.0271538 -0.0370335 0.838162 0.0268742 0.999607 -0.00802729 0.185962 0.0372369 0.00702358 0.999282 0.512741
255 266 1059 0.998859 -0.0302415 -0.0369607 0.841253 0.0301655 0.999542 -0.00261266 0.136649 0.0370228 0.00149475 0.999313 0.523087
255 267 1079 0.998956 -0.027732 -0.0363091 0.783745 0.0278797 0.999605 0.00356658 0.0137988 0.0361959 -0.00457514 0.999334 0.620929
255 268 1032 0.998885 -0.0299039 -0.0365341 0.774843 0.0298585 0.999553 -0.00179002 0.0367838 0.0365713 0.00069717 0.999331 0.631082
255 269 946 0.998991 -0.0250846 -0.0372508 0.788771 0.0251076 0.999685 0.000149495 -0.00508439 0.0372354 -0.00108462 0.999306 0.614667
270 271 236 0.999998 0.00117907 0.00144423 0.151863 -0.00118227 0.999997 0.00221872 -0.0116959 -0.00144161 -0.00222042 0.999996 0.988332
270 272 585 0.999924 0.0112037 -0.0051354 0.818759 -0.0111774 0.999924 0.00513041 -0.257672 0.00519249 -0.00507262 0.999974 0.513068
270 273 1191 0.999909 0.0130638 -0.00341185 0.798647 -0.0130417 0.999894 0.00641523 -0.186664 0.0034953 -0.00637015 0.999974 0.572118
270 274 1282 0.999926 0.0120263 -0.00185304 0.644016 -0.0120177 0.999917 0.00460769 -0.0975954 0.0019083 -0.00458508 0.999988 0.758761
270 275 1142 0.999912 0.012042 -0.00549178 0.637648 -0.0119936 0.99989 0.00876081 -0.190897 0.00559668 -0.00869418 0.999947 0.7463
270 276 1114 0.999906 0.0126936 -0.00511043 0.666709 -0.0126306 0.999846 0.0121772 -0.198462 0.00526422 -0.0121115 0.999913 0.71841
270 277 1164 0.999918 0.00967781 -0.00838203 0.668924 -0.00960243 0.999914 0.00898707 -0.118737 0.00846828 -0.00890584 0.999924 0.733786
270 278 1066 0.999893 0.00725971 -0.0126977 0.717658 -0.00716043 0.999944 0.00784647 -0.0963229 0.012754 -0.00775471 0.999889 0.689703
270 279 939 0.999824 0.0119517 -0.0144303 0.751965 -0.0118031 0.999877 0.0103405 -0.0632814 0.0145521 -0.0101684 0.999842 0.656159
270 280 957 0.99983 0.0174415 -0.00590272 0.711147 -0.0173574 0.999751 0.0140099 -0.0868907 0.00614561 -0.013905 0.999884 0.697653
270 281 1051 0.999697 0.0220609 -0.0108891 0.753908 -0.0218884 0.999637 0.0157079 -0.128317 0.0112317 -0.0154648 0.999817 0.644327
270 282 909 0.999553 0.0298815 0.0009188 0.718652 -0.0298936 0.99937 0.019111 -0.147937 -0.000347154 -0.01913 0.999817 0.679452
270 283 925 0.999746 0.0213763 -0.00720618 0.753596 -0.0212504 0.999628 0.0171139 -0.113379 0.00756933 -0.0169564 0.999828 0.647486
270 284 954 0.999753 0.0214767 -0.0056719 0.757045 -0.0213904 0.999661 0.0148602 -0.120765 0.00598912 -0.0147353 0.999873 0.642105
285 286 176 0.999999 0.000618003 0.00112516 0.542434 -0.000618769 1 0.000680054 -0.227235 -0.00112474 -0.000680749 0.999999 0.808783
285 287 519 0.999997 0.00127726 0.00221295 0.555327 -0.00126371 0.999981 -0.00611407 -0.227068 -0.00222072 0.00611125 0.999979 0.800033
285 288 284 0.999973 0.00328133 0.00660754 0.840587 -0.0032312 0.999966 -0.00758216 -0.2557 -0.0066322 0.00756061 0.999949 0.477526
285 289 1083 0.999993 0.000803079 0.00360941 0.616361 -0.000782649 0.999984 -0.00565803 -0.272039 -0.00361389 0.00565516 0.999977 0.738982
285 290 1143 0.999983 0.00571048 -0.00073071 0.680999 -0.00571814 0.999924 -0.0109478 -0.255874 0.000668137 0.0109518 0.99994 0.686126
285 291 1405 0.999854 0.0149281 -0.00834803 0.860002 -0.0150276 0.999815 -0.0119886 -0.232941 0.00816752 0.0121123 0.999893 0.454021
285 292 1103 0.999912 0.0132389 -0.000670876 0.763518 -0.0132476 0.999793 -0.015447 -0.204169 0.000466236 0.0154545 0.99988 0.612663
285 293 1150 0.999752 0.0169383 -0.0144376 0.808177 -0.0171379 0.999758 -0.0138158 -0.244907 0.0142001 0.0140598 0.9998 0.535603
285 294 1104 0.999676 0.0224365 -0.0120577 0.767825 -0.0226076 0.999643 -0.0142475 -0.297686 0.0117337 0.0145154 0.999826 0.567299
285 295 1101 0.999473 0.0306569 -0.0106933 0.755811 -0.0308059 0.999426 -0.0140674 -0.295399 0.0102559 0.0143894 0.999844 0.584371
285 296 987 0.999223 0.0357466 -0.0166095 0.767167 -0.0361301 0.999073 -0.0233937 -0.19133 0.0157579 0.0239756 0.999588 0.612248
285 297 963 0.999128 0.0396088 -0.0131723 0.781563 -0.0399199 0.998908 -0.0242605 -0.23701 0.012197 0.0247652 0.999619 0.577049
285 298 999 0.998724 0.043851 -0.0250578 0.850992 -0.044281 0.998877 -0.0168729 -0.242025 0.0242898 0.017961 0.999544 0.466086
285 299 984 0.998475 0.0489819 -0.0254818 0.755001 -0.0494361 0.998624 -0.0175117 -0.26421 0.024589 0.0187448 0.999522 0.600139
300 301 140 1 -0.000645951 0.000163233 -0.251456 0.000645953 1 -1.03591e-05 -0.348481 -0.000163227 1.04645e-05 1 0.902957
300 302 55 0.999959 -0.00314622 -0.00851213 0.77326 0.00313458 0.999994 -0.0013805 -0.0856999 0.00851643 0.00135376 0.999963 0.628271
300 303 258 0.999998 -0.00122038 -0.00151872 0.343049 0.00121662 0.999996 -0.00247704 0.132433 0.00152174 0.00247519 0.999996 -0.929935
300 304 994 0.999762 -0.00172717 -0.0217422 0.981724 0.00169608 0.999998 -0.0014484 0.0389826 0.0217447 0.00141118 0.999763 0.186273
300 305 1172 0.99971 0.00230272 -0.0239837 0.979089 -0.00226156 0.999996 0.00174335 -0.0738489 0.0239876 -0.0016886 0.999711 0.189553
300 306 1616 0.999159 0.00635274 -0.0405126 0.977769 -0.00645777 0.999976 -0.00246214 0.0582294 0.040496 0.00272169 0.999176 0.201436
300 307 1118 0.999676 0.0106259 -0.0231155 0.940817 -0.0105634 0.99994 0.00282361 -0.0135792 0.0231441 -0.00257852 0.999729 0.338642
300 308 1212 0.999542 0.0132766 -0.0271875 0.92988 -0.0131885 0.999907 0.0034162 -0.0257136 0.0272303 -0.00305607 0.999625 0.366962
300 309 1456 0.998214 0.0110459 -0.0587123 0.98475 -0.0113638 0.999923 -0.00508443 0.129373 0.0586516 0.00574255 0.998262 0.11632
300 310 1116 0.999349 0.0165464 -0.0320448 0.953084 -0.0162574 0.999825 0.00925703 -0.05535 0.0321923 -0.00873005 0.999444 0.297603
300 311 1257 0.998886 0.0144371 -0.0449284 0.963775 -0.0140738 0.999866 0.00839253 -0.000586906 0.0450435 -0.00775087 0.998955 0.266714
300 312 1232 0.997316 0.0179377 -0.0709899 0.988943 -0.0174032 0.999815 0.00814069 0.00158847 0.0711229 -0.00688339 0.997444 0.148286
300 313 1103 0.996782 0.0206504 -0.0774536 0.966135 -0.0203094 0.99978 0.00518734 0.0733396 0.0775437 -0.00359761 0.996982 0.247397
300 314 770 0.997024 0.0322618 -0.0700097 0.966994 -0.0313049 0.999401 0.0147223 -0.0404006 0.0704428 -0.0124868 0.997438 0.251576
315 316 83 0.999982 0.00601535 0.000588755 0.358728 -0.00601167 0.999964 -0.00606725 -0.358709 -0.000625231 0.0060636 0.999981 0.861767
315 317 42 0.999982 0.00566033 -0.00182371 0.998181 -0.0056779 0.999936 -0.00978106 -0.0280106 0.00176823 0.00979124 0.999951 -0.0533862
315 318 453 0.999836 0.00825281 -0.0161345 0.976234 -0.00845072 0.999889 -0.0122366 -0.0168564 0.0160318 0.012371 0.999795 -0.21606
315 319 979 0.999455 0.00374331 -0.0327939 0.984779 -0.0043313 0.999831 -0.0178773 0.107211 0.0327214 0.0180096 0.999302 -0.136809
315 320 140 0.999906 0.0134429 -0.00255438 -0.99186 -0.0134825 0.999778 -0.0161786 0.0376377 0.00233633 0.0162115 0.999866 0.121641
315 321 377 0.999495 0.0275819 -0.0157661 0.978111 -0.0278248 0.999494 -0.0154008 -0.156504 0.0153333 0.0158317 0.999757 -0.137136
315 322 669 0.998968 0.03844 -0.0241949 0.985954 -0.0388555 0.999101 -0.0169466 -0.119786 0.0235218 0.0178692 0.999564 -0.116389
315 323 956 0.997233 0.0453896 -0.0588653 0.995064 -0.0466447 0.998709 -0.0201241 0.0482924 0.0578759 0.0228142 0.998063 -0.0866869
315 324 748 0.997575 0.0525425 -0.0456502 0.99179 -0.0531024 0.998527 -0.0111405 -0.11387 0.0449976 0.0135376 0.998895 0.0581875
