0 1 194 0.999873 0.00489496 -0.0151621 0.95697 -0.00518698 0.999801 -0.0192805 0.065133 0.0150647 0.0193567 0.999699 0.282783
0 2 290 0.994105 0.0432927 -0.0994014 0.951662 -0.0472746 0.998157 -0.0380579 0.0305909 0.0975706 0.0425327 0.994319 -0.305622
0 3 172 0.981662 0.0537675 -0.182892 0.98589 -0.0556755 0.998435 -0.00531009 0.0952676 0.18232 0.0153953 0.983119 -0.137641
0 4 104 0.978744 0.0994593 -0.179355 0.959802 -0.0985096 0.995035 0.0142166 0.0258281 0.179878 0.00375374 0.983682 -0.279487
0 5 79 0.83839 0.0727292 -0.540197 0.959567 -0.126453 0.989972 -0.0629722 0.130697 0.5302 0.121105 0.839179 0.249296
0 6 51 0.978476 0.20616 -0.00912787 0.838391 -0.205565 0.977625 0.0446418 0.0184382 0.018127 -0.0418045 0.998961 -0.544757
0 7 38 0.922241 -0.0276192 -0.385628 0.309517 0.20099 -0.817812 0.539247 -0.294817 -0.330265 -0.574823 -0.748668 0.904036
0 8 32 -0.945588 -0.115951 0.304004 -0.121669 -0.00167814 0.93607 0.351809 -0.225509 -0.325362 0.332156 -0.885332 0.966614
0 9 26 -0.695668 0.433718 -0.572655 0.299143 0.154153 0.868727 0.470691 -0.261198 0.701628 0.239168 -0.671205 0.917763
0 10 28 0.901972 -0.383499 -0.198431 0.201681 -0.271642 -0.861184 0.42962 -0.284316 -0.335644 -0.333603 -0.880938 0.937278
0 11 26 -0.997486 0.0704785 0.00743896 -0.19876 0.0686894 0.935614 0.346277 -0.170106 0.0174451 0.345917 -0.938103 0.965173
0 12 49 0.747356 0.194265 -0.635389 0.987436 -0.23636 0.97148 0.0190119 -0.0573686 0.620961 0.135972 0.771958 0.147235
0 13 26 -0.961926 -0.130338 0.240232 -0.141456 -0.136746 0.990554 -0.0101261 -0.00856179 -0.236643 -0.0425913 -0.970663 0.989908
0 14 32 -0.973015 -0.0213062 0.229755 -0.125355 0.14728 0.709157 0.689496 -0.453885 -0.177623 0.704729 -0.686883 0.882199
0 15 17 -0.895314 0.285757 0.341694 -0.0826862 0.376265 0.895742 0.236793 -0.247843 -0.238404 0.340572 -0.909491 0.965265
0 16 38 0.353972 -0.198853 0.913872 -0.750272 0.198216 0.970888 0.134484 -0.146757 -0.91401 0.13354 0.383083 0.644635
0 17 0 1 0 0 0 0 1 0 0 0 0 1 0
0 18 24 -0.638898 0.309774 0.704166 -0.364178 0.582283 0.792925 0.179491 -0.257866 -0.502749 0.5247 -0.686974 0.894919
0 19 0 1 0 0 0 0 1 0 0 0 0 1 0
0 20 19 0.630495 -0.762415 0.145598 0.0604289 -0.655257 -0.623362 -0.426682 0.090891 0.41607 0.173617 -0.892605 0.994026
0 21 17 0.546491 0.830813 -0.105345 0.245441 0.776214 -0.54972 -0.308706 0.258859 -0.314387 0.0869351 -0.945306 0.934211
0 22 22 0.950859 0.251717 -0.180292 0.181182 0.0223161 -0.636497 -0.770956 0.273355 -0.308818 0.729048 -0.610836 0.944696
0 23 10 0.907994 0.372994 -0.190845 0.424058 -0.414809 0.864408 -0.284135 0.147187 0.0589874 0.337157 0.939599 -0.893594
0 24 19 -0.684106 -0.653944 0.323042 -0.261021 -0.541058 0.752 0.376499 -0.173908 -0.489137 0.0827814 -0.86827 0.949539
0 25 10 -0.914862 0.00109976 -0.403764 0.356463 0.0918803 -0.973194 -0.210836 0.213617 -0.393173 -0.229984 0.890237 -0.909561
0 26 11 -0.991861 -0.1175 -0.0490475 -0.127388 0.125164 -0.970462 -0.206245 -0.20745 -0.023365 -0.210705 0.97727 0.969916
0 27 27 -0.822986 -0.52238 -0.223191 -0.0447569 -0.427452 0.828246 -0.362344 -0.084368 0.374138 -0.202801 -0.904927 0.995429
0 28 19 0.774707 0.132096 0.618369 -0.291233 0.0140939 -0.9813 0.191969 -0.234599 0.632164 -0.140004 -0.762081 0.927441
0 29 0 1 0 0 0 0 1 0 0 0 0 1 0
0 30 13 0.829848 0.510491 0.225281 0.417543 -0.531229 0.846328 0.0390462 -0.200148 -0.170729 -0.152078 0.973511 0.88634
0 31 22 0.242583 0.72112 -0.648953 0.42393 0.958354 -0.0742148 0.275771 0.0179742 0.150702 -0.688824 -0.709091 0.905517
0 32 30 0.499669 0.431076 0.751335 -0.397275 -0.628998 0.776922 -0.0274461 -0.287816 -0.59556 -0.458875 0.65935 0.871398
0 33 12 0.699982 0.662398 -0.266934 0.330304 0.710199 -0.606329 0.357748 -0.225656 0.0751214 -0.439994 -0.894853 0.916503
0 34 0 1 0 0 0 0 1 0 0 0 0 1 0
0 35 14 0.676691 0.735881 0.0238415 -0.288173 -0.727757 0.673428 -0.129861 -0.0138657 -0.111618 0.0705252 0.991245 -0.957478
0 36 31 -0.99339 -0.114785 0.000450689 0.28963 -0.107694 0.93065 -0.349704 -0.00637671 0.0397212 -0.347441 -0.93686 0.957117
0 37 30 0.75089 0.657702 -0.0599386 -0.0882211 0.568744 -0.597846 0.564899 -0.278736 0.335701 -0.458266 -0.82298 0.956307
0 38 16 0.680712 -0.704816 0.199664 -0.0151837 0.618295 0.698961 0.359395 -0.28548 -0.392864 -0.121194 0.911575 -0.958264
0 39 0 1 0 0 0 0 1 0 0 0 0 1 0
0 40 0 1 0 0 0 0 1 0 0 0 0 1 0
0 41 18 0.607081 0.637964 -0.473767 0.277787 0.792382 -0.530914 0.300435 0.0204509 -0.0598626 -0.557793 -0.827819 0.960425
0 42 21 -0.309935 -0.77837 0.545968 -0.369643 -0.913114 0.403678 0.0571554 -0.2723 -0.264883 -0.480816 -0.835854 0.888379
0 43 0 1 0 0 0 0 1 0 0 0 0 1 0
0 44 0 1 0 0 0 0 1 0 0 0 0 1 0
0 45 21 -0.472204 0.881217 0.0218983 0.442729 -0.788105 -0.433177 0.437319 -0.252921 0.394859 0.189246 0.89904 0.860245
0 46 10 -0.409246 0.831515 0.375632 -0.400431 -0.844478 -0.189291 -0.501024 0.109689 -0.345506 -0.522256 0.779663 -0.909738
0 47 21 -0.219606 0.301575 -0.927807 0.648887 0.476148 0.863193 0.167872 -0.00720055 0.851502 -0.404908 -0.333157 0.76085
0 48 23 -0.971283 -0.00724189 0.237817 -0.149829 0.0472404 0.973767 0.22259 -0.178148 -0.233191 0.227432 -0.945461 0.97253
0 49 13 0.992476 0.0350335 0.117319 0.635622 -0.021519 0.993185 -0.11454 0.0924885 -0.120532 0.111154 0.986467 -0.766441
0 50 15 -0.155225 0.932929 0.324883 -0.211285 -0.944876 -0.0442346 -0.324426 -0.19211 -0.288295 -0.357334 0.888369 -0.958359
0 51 22 -0.719254 -0.463459 -0.51757 0.330642 -0.694393 0.455803 0.556832 -0.0850318 -0.022159 0.759901 -0.649661 0.939918
0 52 33 0.362078 -0.881473 -0.303158 0.351368 -0.346395 0.174698 -0.921678 0.661755 0.865396 0.438731 -0.242083 0.662284
0 53 25 -0.263055 0.948508 0.176453 0.38982 -0.933063 -0.296626 0.203484 -0.214068 0.245346 -0.111114 0.963047 0.895665
0 54 19 0.871649 -0.0335355 -0.488981 0.543488 0.112971 -0.957047 0.267016 -0.21133 -0.476933 -0.287985 -0.830421 0.812379
0 55 12 0.698986 -0.543024 0.465343 -0.405083 0.560066 0.820293 0.115958 0.197159 -0.444685 0.17957 0.877502 -0.892769
0 56 27 -0.648145 0.21432 -0.730736 0.39448 -0.239932 0.853233 0.463061 -0.247181 0.722731 0.475458 -0.501596 0.885035
0 57 20 0.176409 0.877122 -0.446695 0.377165 0.920419 0.01385 0.390688 -0.208911 0.348868 -0.480068 -0.804877 0.902277
0 58 21 -0.415321 0.197618 -0.88795 0.549718 0.636816 0.760203 -0.128671 0.0228945 0.649595 -0.618901 -0.441574 0.835037
0 59 17 -0.549884 -0.458198 0.698342 0.219096 -0.00183705 -0.835431 -0.549592 -0.171483 0.835239 -0.303495 0.458548 0.960516
0 60 0 1 0 0 0 0 1 0 0 0 0 1 0
0 61 0 1 0 0 0 0 1 0 0 0 0 1 0
0 62 0 1 0 0 0 0 1 0 0 0 0 1 0
0 63 16 0.971934 -0.223032 0.0748439 0.305427 -0.207272 -0.962319 -0.176012 0.00945733 0.11128 0.155559 -0.981539 0.952168
0 64 12 -0.885377 -0.0450485 -0.462687 0.258499 0.183799 -0.94812 -0.259398 0.0968467 -0.426997 -0.314706 0.847723 -0.961145
0 65 11 0.623085 -0.354231 -0.697341 -0.163998 0.332672 0.926925 -0.173606 -0.12146 0.70788 -0.123814 0.695396 0.978955
0 66 17 -0.00121437 0.905466 0.424417 -0.261488 0.954633 -0.125334 0.270124 -0.129485 0.297782 0.40549 -0.864236 0.956482
0 67 11 -0.789508 0.601466 0.122126 0.291227 -0.605169 -0.796054 0.00829332 0.145484 0.102207 -0.0673596 0.99248 -0.945527
1 2 481 0.996953 0.0516887 -0.058424 0.847691 -0.0535502 0.998091 -0.0307585 0.241006 0.0567227 0.0337934 0.997818 -0.472585
1 3 324 0.987782 0.0479049 -0.148294 0.957779 -0.0462308 0.998822 0.0147177 0.100615 0.148825 -0.00768209 0.988834 -0.269326
1 4 173 0.963803 0.0953877 -0.248967 0.988531 -0.0930209 0.995437 0.0212821 0.0626211 0.249861 0.00264741 0.968278 -0.137422
1 5 141 0.930474 0.0968434 -0.353327 0.99703 -0.102445 0.994735 0.00286276 0.0753018 0.351743 0.0335327 0.935496 -0.0161544
1 6 93 0.93264 0.151369 -0.327521 0.990669 -0.146426 0.988418 0.0398558 0.056484 0.329761 0.0107863 0.944003 -0.124031
1 7 54 0.985162 0.167641 -0.036763 0.565526 -0.165168 0.984295 0.0623117 -0.107109 0.0466316 -0.055315 0.997379 -0.817746
1 8 73 0.857844 0.254437 -0.446503 0.997162 -0.277923 0.96051 0.0133814 -0.0643533 0.432275 0.112614 0.894682 -0.0390827
1 9 52 -0.69775 -0.643786 0.314143 -0.126841 -0.689652 0.722304 -0.0515534 0.0487116 -0.193717 -0.25262 -0.947975 0.990726
1 10 67 0.525388 0.0291047 -0.850365 0.895791 -0.115056 0.992666 -0.0371109 0.0519567 0.843048 0.117337 0.524883 0.441428
1 11 61 0.582132 0.173785 -0.794305 0.917344 -0.219711 0.974172 0.0521153 -0.0739607 0.782847 0.14418 0.605279 0.391165
1 12 58 0.660158 0.23247 -0.714248 0.95987 -0.26996 0.960795 0.0631996 -0.0875602 0.700938 0.151097 0.697034 0.266425
1 13 52 0.589761 0.201133 -0.78213 0.944439 -0.249597 0.966469 0.0603309 -0.0738512 0.768038 0.159636 0.620188 0.320282
1 14 16 -0.89616 0.443349 -0.0183741 0.0500673 -0.441052 -0.894531 -0.0727159 0.118981 -0.0486748 -0.0570611 0.997183 -0.991633
1 15 46 0.430161 0.233094 -0.87214 0.852181 -0.339685 0.936882 0.0828566 -0.0374738 0.836406 0.260612 0.482189 0.521903
1 16 24 -0.577501 0.67908 -0.453149 0.287598 0.532426 0.734061 0.421517 -0.44168 0.618883 0.00215859 -0.78548 0.849827
1 17 37 0.53562 0.366172 -0.76094 0.968963 -0.339137 0.918511 0.203281 -0.246431 0.773368 0.149181 0.616155 0.0195475
1 18 24 -0.992081 0.116997 0.0456859 0.0932423 0.125548 0.913221 0.38764 -0.255804 0.00363154 0.390306 -0.920678 0.962222
1 19 26 -0.961653 0.26858 0.0555706 0.083718 0.265251 0.859218 0.437478 -0.258853 0.0697504 0.435442 -0.89751 0.962282
1 20 28 -0.086527 -0.974961 -0.20485 0.0399828 -0.974017 0.0395912 0.222987 -0.173793 -0.209293 0.218822 -0.953055 0.98397
1 21 10 0.0853502 -0.98552 -0.146509 -0.0347024 0.971985 0.114679 -0.205168 -0.00444864 0.218999 -0.124893 0.967699 -0.999388
1 22 23 -0.532163 0.413196 0.738967 -0.150227 0.846291 0.234454 0.478355 -0.17695 0.0244005 0.879943 -0.474452 0.972687
1 23 27 -0.313966 -0.773376 0.55074 -0.287302 -0.741399 0.562064 0.366622 -0.197929 -0.593088 -0.293211 -0.749849 0.937167
1 24 10 0.859272 -0.448145 -0.246613 -0.264083 0.402179 0.889804 -0.215641 -0.146062 0.316076 0.0861122 0.944818 0.953376
1 25 14 -0.905848 -0.341135 -0.251132 0.339687 0.370306 -0.925595 -0.0783985 0.140287 -0.205702 -0.164013 0.964773 -0.930017
1 26 12 -0.993593 0.0492441 -0.101726 0.180319 -0.0461724 -0.99841 -0.0323351 0.067053 -0.103156 -0.027431 0.994287 -0.98132
1 27 12 -0.83236 -0.455467 -0.315794 -0.250356 0.424839 -0.890249 0.164221 -0.0705602 -0.355932 0.00252961 0.934508 0.965579
1 28 0 1 0 0 0 0 1 0 0 0 0 1 0
1 29 20 0.986168 0.160831 0.0400773 -0.0496496 0.144318 -0.952096 0.269603 -0.190187 0.081518 -0.26009 -0.962137 0.980492
1 30 22 -0.0315427 -0.991283 0.127917 -0.11354 -0.998016 0.0382145 0.050042 -0.226665 -0.0544941 -0.126085 -0.990522 0.967332
1 31 22 -0.921385 0.360411 -0.145441 0.448784 -0.367838 -0.9295 0.0269403 -0.0156725 -0.125478 0.0783211 0.989 0.893503
1 32 38 -0.305352 -0.916533 0.258315 -0.0392927 -0.803562 0.102462 -0.586336 0.314337 0.510929 -0.386611 -0.767778 0.948498
1 33 0 1 0 0 0 0 1 0 0 0 0 1 0
1 34 26 0.0437071 -0.819101 0.571981 -0.351143 -0.995651 0.0114322 0.0924525 -0.221054 -0.082267 -0.573535 -0.81504 0.909853
1 35 21 0.143205 -0.923697 0.355355 -0.387814 0.911646 0.262871 0.315912 -0.020916 -0.385219 0.278718 0.879729 -0.9215
1 36 26 -0.926307 -0.163276 0.339554 0.287319 -0.150203 -0.666479 -0.730236 0.0249471 0.345536 -0.727425 0.592839 0.95751
1 37 53 -0.690421 -0.453189 -0.56386 0.659021 0.722078 -0.478964 -0.499196 0.736436 -0.0438391 -0.751806 0.657925 0.152816
1 38 50 -0.394499 -0.846987 -0.356348 0.0428979 -0.702829 0.527943 -0.476768 0.283748 0.591948 0.0623672 -0.80356 0.957939
1 39 14 0.397122 -0.873595 0.281292 0.0354534 0.910554 0.413388 -0.00166067 0.234276 -0.114832 0.256791 0.959621 0.971524
1 40 29 -0.736411 -0.451648 -0.503699 0.0429238 -0.114657 0.817077 -0.565012 0.27426 0.666748 -0.358329 -0.653489 0.960697
1 41 11 0.984773 -0.170554 0.033661 0.14037 0.168397 0.983954 0.0589651 0.0766235 -0.0431776 -0.0523988 0.997692 -0.98713
1 42 14 -0.60241 0.766529 0.222564 -0.0949787 -0.64906 -0.632723 0.422353 0.274916 0.464567 0.109972 0.878683 0.956765
1 43 20 0.822101 0.306696 0.479675 -0.170929 -0.369808 0.928234 0.0403055 0.288771 -0.432889 -0.210523 0.87652 0.942016
1 44 13 0.796835 -0.452863 0.399961 -0.163725 0.432131 0.889818 0.146583 -0.274924 -0.422275 0.0560331 0.904734 -0.947423
1 45 14 0.538922 -0.842324 0.0073065 -0.0451171 0.842324 0.538806 -0.0133642 -0.125291 0.00732021 0.0133567 0.999884 -0.991094
1 46 17 -0.759547 -0.650397 -0.00846914 -0.0578857 -0.633474 0.736703 0.236599 -0.295214 -0.147644 0.185073 -0.971571 0.953676
1 47 14 -0.108948 -0.97081 0.213677 -0.401363 0.953826 -0.162623 -0.252527 0.156466 0.279905 0.176299 0.943701 -0.902456
1 48 15 -0.601835 -0.766902 -0.222835 0.124174 0.768559 -0.632013 0.0993817 -0.158848 -0.217051 -0.111451 0.969777 -0.979463
1 49 22 -0.996467 0.0734238 0.040785 0.0240966 0.0760029 0.994936 0.0657687 -0.043418 -0.0357495 0.0686361 -0.997001 0.998766
1 50 31 -0.279864 -0.810487 -0.514574 0.376334 -0.950336 0.157864 0.268218 -0.0716982 -0.136155 0.564083 -0.814415 0.923706
1 51 17 0.621664 0.75192 0.21943 -0.33005 -0.781094 0.574167 0.245408 0.0562733 0.0585377 -0.323957 0.944259 -0.942285
1 52 32 0.126636 0.687338 0.715213 -0.362542 0.904831 -0.375515 0.200669 -0.0399059 0.406501 0.621735 -0.669479 0.931113
1 53 47 -0.648504 0.308815 -0.695755 0.481317 -0.723936 0.0323075 0.689111 -0.35704 0.235286 0.950573 0.202611 0.800535
1 54 21 0.47283 0.715604 -0.514143 0.479469 0.877277 -0.436982 0.198575 -0.162805 -0.0825702 -0.544938 -0.834401 0.862325
1 55 16 -0.634849 -0.770323 -0.0597395 0.385105 0.764872 -0.615656 -0.189573 0.407777 0.109254 -0.166044 0.980048 -0.827896
1 56 14 0.958946 0.283275 0.013359 0.151989 -0.279853 0.937637 0.206201 -0.312779 0.0458855 -0.201474 0.978419 -0.937587
1 57 15 -0.4611 0.887316 0.00751947 0.235269 0.852374 0.440555 0.281726 -0.0894401 0.246667 0.136313 -0.959465 0.967806
1 58 0 1 0 0 0 0 1 0 0 0 0 1 0
1 59 13 -0.0538355 -0.994789 0.0865832 -0.149644 0.88754 -0.0079368 0.460663 -0.163555 -0.457576 0.101646 0.883342 -0.975119
1 60 18 0.509263 0.768125 0.388118 -0.305883 0.682636 -0.635166 0.361347 -0.135657 0.524079 0.0809222 -0.847816 0.942355
1 61 25 -0.381085 -0.924466 0.0116871 -0.0128505 0.709293 -0.284231 0.645071 -0.815893 -0.593025 0.254117 0.764033 -0.57806
1 62 18 0.911164 0.410767 0.0324081 -0.0568559 0.400473 -0.901343 0.164933 -0.0961599 0.0969599 -0.137303 -0.985772 0.993741
1 63 0 1 0 0 0 0 1 0 0 0 0 1 0
1 64 20 -0.193348 -0.109602 0.974989 -0.244548 0.000998921 0.993718 0.111905 -0.132562 -0.98113 0.0226105 -0.192024 0.960533
1 65 22 -0.038537 -0.868511 0.49417 -0.261026 0.997857 -0.0072813 0.0650193 -0.135127 -0.0528717 0.495617 0.86693 0.955827
1 66 10 0.628182 0.0573295 0.775951 0.224317 -0.0550276 0.998058 -0.029191 -0.17328 -0.776118 -0.0243614 0.630117 0.958987
1 67 18 -0.982309 -0.0230639 0.18584 -0.476086 -0.00249826 -0.990684 -0.136156 -0.108129 0.187249 -0.134211 0.973101 0.872726
2 3 196 0.99853 0.0141498 -0.0523137 0.928248 -0.0121924 0.99922 0.037548 0.161416 0.0528042 -0.0368549 0.997925 -0.335112
2 4 155 0.99409 0.0567882 -0.0925159 0.984955 -0.0525372 0.997476 0.0477556 0.0763118 0.0949943 -0.0426128 0.994565 -0.155051
2 5 156 0.985329 0.0654237 -0.157628 0.988093 -0.060273 0.997487 0.0372434 0.0521702 0.159669 -0.0271963 0.986796 -0.144745
2 6 95 0.969247 0.114249 -0.217962 0.987986 -0.102901 0.99271 0.062761 0.059768 0.223544 -0.0384023 0.973937 -0.142521
2 7 52 0.959869 0.116871 -0.254936 0.985268 -0.106055 0.992792 0.0558176 0.0398931 0.259622 -0.0265404 0.965346 -0.1663
2 8 85 0.862849 0.195763 -0.466013 0.998034 -0.214444 0.976647 0.0132158 -0.0340021 0.457718 0.0885304 0.884679 0.052655
2 9 54 0.863686 0.156717 -0.479048 0.985687 -0.167284 0.985688 0.0208606 0.0515191 0.475461 0.0621202 0.877541 0.160521
2 10 68 0.932894 0.323732 -0.157815 0.902924 -0.320673 0.946111 0.0451955 -0.172042 0.163942 0.00844437 0.986434 -0.393866
2 11 79 0.786351 0.188111 -0.588445 0.969227 -0.210453 0.977108 0.0311237 -0.0389793 0.580829 0.0993659 0.807938 0.243061
2 12 57 0.779179 0.261416 -0.569685 0.978204 -0.274083 0.959479 0.0654113 -0.0906277 0.563701 0.105174 0.819256 0.186827
2 13 49 0.617792 0.215955 -0.756106 0.945736 -0.235646 0.968202 0.083994 -0.08782 0.750203 0.126283 0.649037 0.312843
2 14 39 0.639986 0.336272 -0.690898 0.960107 -0.360285 0.92551 0.116725 -0.15055 0.678684 0.174218 0.713467 0.235648
2 15 50 0.266208 0.234834 -0.934872 0.868932 -0.296336 0.942838 0.152452 -0.113668 0.917234 0.236453 0.320581 0.481703
2 16 40 -0.884477 0.0886723 -0.45808 0.261276 -0.0185637 0.97431 0.224444 -0.116723 0.466214 0.207019 -0.860109 0.958181
2 17 12 0.72293 0.330744 -0.606615 -0.301677 -0.296705 0.941514 0.159743 0.145372 0.62397 0.0645028 0.778782 -0.942262
2 18 43 0.570424 0.350074 -0.743011 0.921167 -0.31479 0.928724 0.195905 -0.259566 0.758633 0.122143 0.639966 -0.289961
2 19 21 -0.971887 -0.203772 0.117952 0.0853933 -0.125964 0.87325 0.47071 -0.25865 -0.198919 0.442619 -0.874368 0.962189
2 20 17 -0.913416 0.215582 0.345246 -0.320178 -0.289381 -0.940448 -0.178371 -0.143387 0.286233 -0.262834 0.921406 0.936443
2 21 12 -0.291474 -0.810464 -0.508125 -0.303139 0.952535 -0.294697 -0.0763565 -0.382279 -0.0878587 -0.506263 0.857892 0.872909
2 22 16 0.943497 -0.207749 -0.258174 0.286022 0.110583 0.931811 -0.345687 0.329013 0.312386 0.297605 0.902134 -0.899968
2 23 18 0.983747 0.168676 0.0615614 -0.269785 0.147771 -0.955292 0.256088 -0.223232 0.102005 -0.242829 -0.964691 0.936687
2 24 10 -0.832205 0.501406 -0.2367 -0.2601 -0.390783 -0.833246 -0.39114 -0.119864 -0.393348 -0.23301 0.889372 0.958113
2 25 11 -0.818819 0.487561 -0.303017 0.344321 -0.4696 -0.872509 -0.134924 0.188136 -0.330169 0.0318185 0.943385 -0.919808
2 26 0 1 0 0 0 0 1 0 0 0 0 1 0
2 27 10 0.522486 -0.61169 -0.594007 -0.253716 0.596972 0.759855 -0.257381 -0.0652807 0.608797 -0.220127 0.762175 0.965073
2 28 13 -0.757792 -0.591138 -0.276238 -0.312452 0.649213 -0.725492 -0.228437 -0.040995 -0.0653703 -0.352445 0.933547 0.949049
2 29 14 0.999717 0.0102827 0.0214327 -0.400769 -0.0127909 0.992644 0.120388 -0.041634 -0.0200371 -0.120628 0.992496 0.915233
2 30 21 0.0140787 0.724387 -0.68925 0.417543 0.991909 0.0768628 0.101042 -0.200148 0.126171 -0.685095 -0.717444 0.88634
2 31 32 0.527093 0.674841 -0.516491 0.466878 0.847984 -0.457469 0.267668 -0.00725785 -0.0556449 -0.579062 -0.813383 0.884292
2 32 35 -0.320046 0.770472 0.55131 -0.039214 0.640697 0.60469 -0.473135 0.315318 -0.697909 0.201798 -0.687168 0.948176
2 33 27 -0.70646 0.594593 -0.383892 0.336432 0.707753 0.593695 -0.382899 0.00384163 0.000246111 -0.542203 -0.840247 0.9417
2 34 13 -0.582941 -0.792527 0.179109 0.0845756 0.768529 -0.466274 0.438123 -0.324957 -0.263711 0.39305 0.88089 -0.941939
2 35 26 -0.841868 -0.113069 -0.527706 0.341422 -0.258154 0.943053 0.209779 -0.231867 0.473935 0.312836 -0.823116 0.910861
2 36 11 -0.909256 -0.00780077 0.416165 0.287319 -0.0698975 -0.982765 -0.171136 0.0249471 0.410327 -0.184696 0.893039 0.95751
2 37 26 -0.730805 -0.641037 0.23451 -0.120288 -0.682338 0.69534 -0.22565 -0.0404498 -0.0184141 -0.324922 -0.945562 0.991915
2 38 30 -0.0437029 -0.940739 -0.336303 0.0188536 -0.816012 0.227822 -0.531246 0.278273 0.576381 0.25121 -0.777611 0.960317
2 39 24 0.247835 -0.848014 -0.468455 0.104834 -0.962192 -0.159066 -0.221097 0.273216 0.112978 0.50554 -0.855374 0.956223
2 40 37 0.0883774 0.944216 0.317246 0.0259839 0.985852 -0.0373737 -0.1634 0.271801 -0.142428 0.327199 -0.93416 0.962003
2 41 14 0.358769 -0.921129 0.151019 0.138167 0.914733 0.379169 0.139623 0.0560539 -0.185873 0.0880498 0.978621 -0.988821
2 42 49 0.575219 0.325848 0.750298 -0.902325 -0.482659 0.875748 -0.0102975 0.046615 -0.660427 -0.356214 0.66102 0.428529
2 43 21 0.727061 -0.000538584 -0.686573 0.0847146 -0.0757701 0.993828 -0.0810179 0.305646 0.682379 0.110927 0.722533 0.948369
2 44 0 1 0 0 0 0 1 0 0 0 0 1 0
2 45 24 0.174792 -0.970688 -0.164962 0.310709 0.887998 0.227789 -0.399465 0.586329 0.425333 -0.0766628 0.901784 -0.748116
2 46 18 0.64749 0.278657 0.709301 -0.442065 0.33178 -0.940988 0.0668113 -0.116404 0.686061 0.192072 -0.701733 0.889398
2 47 12 0.679886 0.728766 0.0815723 -0.393364 -0.733317 0.675616 0.0760861 -0.173657 0.000337449 -0.111548 0.993759 -0.902833
2 48 11 -0.82632 -0.56116 -0.0478926 0.0989341 0.548927 -0.821485 0.154406 -0.0998859 -0.12599 0.101299 0.986846 -0.990068
2 49 13 -0.590891 0.781168 -0.201554 0.177445 0.7768 0.618354 0.119245 0.20343 0.217783 -0.0861063 -0.972192 0.962876
2 50 24 -0.487461 -0.868426 0.0906536 0.373805 0.801973 -0.404251 0.439796 0.0240424 -0.345283 0.287085 0.893511 0.927196
2 51 39 -0.773219 -0.141436 -0.618165 0.350401 -0.33016 0.922056 0.202007 -0.126916 0.541412 0.360289 -0.759648 0.927961
2 52 17 -0.998904 -0.0165897 0.0437638 0.35716 0.00880184 -0.984974 -0.172477 0.0111917 0.0459676 -0.171903 0.984041 0.933976
2 53 18 0.808997 -0.452592 -0.375078 0.41869 -0.427021 -0.891011 0.154116 -0.287098 -0.403951 0.0354867 -0.914092 0.861553
2 54 0 1 0 0 0 0 1 0 0 0 0 1 0
2 55 27 -0.0369855 0.616904 -0.786169 0.408092 0.613932 0.634764 0.469215 -0.183951 0.788492 -0.4653 -0.402214 0.894216
2 56 18 0.0935413 -0.939447 -0.329681 0.181079 -0.922803 0.0424947 -0.382921 0.300654 0.373743 0.34005 -0.86295 0.936385
2 57 15 0.610821 0.728945 -0.309092 0.372196 0.791742 -0.559094 0.246088 0.0130712 0.00657315 -0.395037 -0.918642 0.928062
2 58 30 0.596741 -0.80189 -0.0295397 0.294036 -0.748083 -0.569263 0.341045 -0.313432 -0.290296 -0.181417 -0.939583 0.902941
2 59 36 -0.692035 -0.656482 0.300197 -0.087325 -0.709311 0.541198 -0.451644 0.342821 0.13403 -0.525487 -0.840178 0.935333
2 60 16 0.644211 -0.757736 -0.104059 0.326967 -0.685355 -0.632284 0.361254 -0.217136 -0.33953 -0.161407 -0.926643 0.919752
2 61 0 1 0 0 0 0 1 0 0 0 0 1 0
2 62 0 1 0 0 0 0 1 0 0 0 0 1 0
2 63 0 1 0 0 0 0 1 0 0 0 0 1 0
2 64 20 -0.492107 -0.58899 0.641031 -0.453367 0.732942 -0.677643 -0.0599652 -0.101422 0.469709 0.440329 0.765169 0.885535
2 65 0 1 0 0 0 0 1 0 0 0 0 1 0
2 66 14 0.551015 0.821788 0.145078 0.349891 -0.761568 0.566279 -0.315185 0.199435 -0.34117 0.063185 0.937876 -0.915315
2 67 24 0.36823 0.814835 -0.447718 0.417691 0.910407 -0.218334 0.351411 -0.181348 0.18859 -0.537005 -0.822228 0.890307
3 4 249 0.997437 0.048245 -0.0528438 0.995318 -0.048016 0.998831 0.00559535 0.0556096 0.053052 -0.00304366 0.998587 -0.0790554
3 5 266 0.992948 0.057569 -0.103639 0.977341 -0.0583108 0.99829 -0.00413939 0.0445936 0.103224 0.0101535 0.994606 -0.206919
3 6 163 0.983218 0.0905463 -0.15838 0.990782 -0.0888119 0.995886 0.0180093 0.0761589 0.159359 -0.00364108 0.987214 -0.112034
3 7 105 0.955381 0.0955836 -0.279482 0.995097 -0.0968755 0.995254 0.00922003 0.0366752 0.279037 0.0182663 0.960107 -0.0918512
3 8 86 0.928077 0.192984 -0.318482 0.996693 -0.216363 0.975518 -0.0393815 -0.0351328 0.303085 0.105457 0.94711 -0.0732691
3 9 83 0.94119 0.0996437 -0.32285 0.994587 -0.115831 0.992777 -0.0312699 0.0908854 0.317402 0.0668271 0.945933 0.0503704
3 10 70 0.847603 0.15145 -0.508559 0.973434 -0.201457 0.978492 -0.0443664 0.0554963 0.490902 0.140058 0.859883 0.22214
3 11 91 0.757355 0.125688 -0.640793 0.953591 -0.196721 0.979629 -0.0403555 0.00555715 0.622667 0.156621 0.766652 0.301053
3 12 51 0.71876 0.17936 -0.671725 0.947704 -0.22075 0.975032 0.0241409 -0.0819562 0.659283 0.130932 0.740407 0.308448
3 13 50 0.735614 0.22866 -0.637642 0.965681 -0.258918 0.964742 0.0472587 -0.118306 0.625966 0.130333 0.768882 0.231221
3 14 15 -0.768511 0.629019 -0.117154 0.0750379 -0.609135 -0.775304 -0.166911 0.212786 -0.19582 -0.0569105 0.978987 -0.974213
3 15 34 0.782872 0.211089 -0.585281 0.29295 -0.254014 0.967158 0.00904811 -0.1926 0.567969 0.141586 0.81078 0.936528
3 16 71 0.83786 -0.0196564 -0.545531 -0.162659 -0.416014 0.624058 -0.661426 0.869385 0.353444 0.781131 0.514696 0.466596
3 17 26 0.718231 0.203575 -0.665358 0.365156 -0.20151 0.97612 0.081134 0.0660933 0.665986 0.0758033 0.742103 -0.928597
3 18 29 0.676121 0.25685 -0.690571 0.339836 -0.265532 0.95923 0.0967993 0.0937906 0.687279 0.117921 0.716758 -0.935796
3 19 14 -0.819703 0.548198 -0.166031 0.0332021 -0.547131 -0.835153 -0.0562786 -0.185321 -0.169513 0.0447091 0.984513 0.982117
3 20 24 -0.964337 -0.0342548 -0.262453 0.0653704 -0.0881598 0.976538 0.196472 -0.26367 0.249565 0.212603 -0.944731 0.962395
3 21 30 -0.994107 0.0530299 0.0945469 0.225095 -0.0913156 -0.879668 -0.466739 0.377335 0.0584188 -0.472622 0.879327 0.898304
3 22 18 -0.15283 -0.988058 -0.0196158 -0.153688 -0.988169 0.153045 -0.00995552 -0.17723 0.0128387 0.0178622 -0.999758 0.972095
3 23 30 -0.790118 0.182798 0.585062 -0.402479 0.248544 0.968052 0.0331945 -0.197085 -0.560303 0.171641 -0.810309 0.893962
3 24 15 -0.213713 -0.959773 -0.182103 -0.24173 0.971951 -0.227638 0.0590994 -0.17676 -0.0981756 -0.164365 0.981502 0.954108
3 25 25 -0.0479685 -0.993092 0.10709 -0.339687 -0.96988 0.0206755 -0.242703 -0.140287 0.238812 -0.115506 -0.964172 0.930017
3 26 22 -0.67709 -0.712464 -0.184238 0.207971 -0.705307 0.699712 -0.113783 0.0645998 0.209979 0.052903 -0.976274 0.975999
3 27 10 0.198451 -0.980035 0.0121835 -0.0388488 0.97827 0.197301 -0.0637206 0.0141237 0.0600446 0.0245641 0.997893 0.999145
3 28 26 -0.6807 0.550112 0.48376 -0.444987 -0.688824 -0.705411 -0.167082 -0.180808 0.249336 -0.446958 0.859104 0.877095
3 29 17 0.821496 0.494404 0.284095 -0.0894053 0.564838 -0.773817 -0.286643 -0.0855346 0.07812 0.395944 -0.914946 0.992316
3 30 30 -0.577672 0.467422 -0.669187 0.418287 0.183984 0.873276 0.451154 -0.200219 0.795264 0.137499 -0.590465 0.885973
3 31 30 0.652249 0.555476 -0.515768 0.460436 0.749019 -0.576768 0.326051 -0.0132813 -0.116365 -0.598987 -0.792259 0.887594
3 32 24 -0.690322 0.706541 0.155741 0.039214 -0.642739 -0.697716 0.316352 -0.315318 0.332179 0.118284 0.93577 -0.948176
3 33 0 1 0 0 0 0 1 0 0 0 0 1 0
3 34 39 0.544873 -0.266087 -0.79518 0.965568 0.097184 0.961964 -0.255305 0.187959 0.832868 0.0618299 0.550008 0.179861
3 35 32 0.270543 -0.851309 -0.449532 0.281761 -0.956922 -0.288919 -0.0287624 -0.0149875 -0.105393 0.437949 -0.892801 0.959367
3 36 21 0.641892 0.363382 -0.675224 0.287319 -0.53746 0.84128 -0.0581816 0.0249471 0.54691 0.400252 0.735315 0.95751
3 37 21 0.804971 -0.565802 0.17858 0.039139 0.591053 0.738463 -0.324544 0.358492 0.0517534 0.366799 0.92886 -0.932712
3 38 13 0.731622 -0.559073 0.390086 -0.0403889 0.548088 0.822663 0.151082 -0.283757 -0.405375 0.103266 0.908299 -0.958045
3 39 55 0.250338 -0.394371 -0.884196 0.752633 -0.0300303 0.909674 -0.414237 0.283461 0.967693 0.130252 0.215883 0.594301
3 40 28 -0.299968 -0.750431 -0.588959 0.041518 -0.667448 0.606207 -0.432465 0.275239 0.681566 0.263374 -0.682716 0.960479
3 41 0 1 0 0 0 0 1 0 0 0 0 1 0
3 42 46 -0.820405 -0.406946 -0.40166 0.181818 -0.135883 0.821106 -0.554366 0.2838 0.555402 -0.400226 -0.728936 0.941488
3 43 26 0.337425 -0.151661 -0.929055 0.0269475 -0.194236 0.954481 -0.226357 0.296988 0.921096 0.256835 0.292607 0.954501
3 44 20 0.38514 -0.904267 0.184303 0.160477 0.911213 0.404245 0.0792217 0.327656 -0.146141 0.137428 0.979671 -0.931069
3 45 12 0.773547 0.583678 0.246872 -0.258353 -0.62725 0.760751 0.166781 0.068954 -0.0904619 -0.283863 0.954588 -0.963587
3 46 17 -0.762037 -0.425856 0.487798 0.0340097 -0.302957 0.900256 0.31266 -0.257737 -0.572291 0.0904766 -0.815044 0.965616
3 47 23 0.131806 0.358409 0.924213 -0.281823 -0.990935 0.072089 0.113366 -0.181584 -0.0259943 -0.930777 0.364661 0.942127
3 48 0 1 0 0 0 0 1 0 0 0 0 1 0
3 49 19 0.115496 -0.959682 -0.256263 0.173824 -0.959492 -0.0410444 -0.27873 0.30148 0.256974 0.278074 -0.925548 0.937494
3 50 42 -0.114626 -0.983756 0.138149 -0.0112276 -0.861614 0.029235 -0.506722 0.332524 0.494452 -0.177114 -0.850969 0.943028
3 51 35 -0.525952 -0.771716 -0.357531 0.29828 -0.848495 0.447141 0.283058 -0.207582 -0.0585741 0.452238 -0.889972 0.931632
3 52 22 -0.561467 -0.457359 -0.689622 0.352639 -0.655769 0.754208 0.0337122 0.0123978 0.5047 0.471161 -0.723385 0.935677
3 53 48 0.535817 -0.794353 -0.286187 0.433558 0.263863 -0.164438 0.95044 -0.313747 -0.802045 -0.584776 0.121491 0.844743
3 54 23 -0.291538 0.906943 -0.304073 0.294872 0.919831 0.178563 -0.349322 0.145198 -0.262519 -0.381537 -0.886292 0.944441
3 55 17 -0.749278 0.62374 0.222556 -0.409968 -0.659449 -0.733616 -0.164119 0.193174 0.0609035 -0.269735 0.961007 -0.891409
3 56 27 0.206404 0.877415 -0.43306 0.319189 0.91077 -0.0105178 0.412779 -0.223924 0.357624 -0.479617 -0.801294 0.920856
3 57 22 -0.34694 -0.788744 -0.507459 0.27352 -0.937858 0.287516 0.194309 -0.343037 -0.00735748 0.543339 -0.839481 0.898617
3 58 14 0.932109 0.347797 0.101047 -0.16643 -0.327522 0.928542 -0.174754 -0.13159 -0.154605 0.129795 0.979413 -0.977233
3 59 44 0.352449 -0.925952 -0.135619 0.246843 -0.269152 -0.239093 0.932948 -0.35061 -0.89629 -0.292315 -0.33349 0.903405
3 60 0 1 0 0 0 0 1 0 0 0 0 1 0
3 61 13 -0.726766 -0.20603 -0.655258 0.336786 -0.425846 0.883648 0.194477 -0.230445 0.538949 0.420378 -0.729943 0.912946
3 62 10 0.435193 0.837914 -0.329403 0.267877 -0.893338 0.356341 -0.273802 0.120529 -0.112042 0.413425 0.903618 -0.955884
3 63 0 1 0 0 0 0 1 0 0 0 0 1 0
3 64 12 0.962026 -0.269518 0.043194 0.465873 0.272585 0.940346 -0.203583 -0.137165 0.014252 0.207626 0.978104 0.874156
3 65 11 -0.832895 0.549643 -0.0646498 0.293057 -0.518007 -0.815367 -0.258546 -0.283525 -0.194821 -0.181853 0.963833 0.913089
3 66 10 0.948841 0.0912037 0.302296 -0.300692 -0.0964551 0.995334 0.00245579 0.243187 -0.300662 -0.0314881 0.953211 -0.922195
3 67 20 -0.30058 -0.107282 0.947704 -0.786233 0.0683773 0.988673 0.133607 -0.0603679 -0.951303 0.104961 -0.289839 0.614975
4 5 420 0.998518 0.00443016 -0.0542432 0.947316 -0.00491972 0.999948 -0.00889505 0.00664684 0.054201 0.00914872 0.998488 -0.320231
4 6 248 0.995746 0.0379859 -0.0839481 0.931507 -0.036949 0.999221 0.0138713 0.0736831 0.0844097 -0.0107105 0.996374 -0.356183
4 7 139 0.983574 0.0469652 -0.174287 0.956535 -0.0474982 0.998871 0.0011141 0.0589693 0.174142 0.00718251 0.984694 -0.285591
4 8 88 0.956804 0.150324 -0.248854 0.986817 -0.168417 0.984292 -0.0529581 -0.0288428 0.236984 0.0925817 0.967092 -0.159249
4 9 80 0.918744 0.0657422 -0.389342 0.974615 -0.0457056 0.99712 0.0605154 -0.186859 0.392199 -0.037803 0.919103 0.123327
4 10 25 0.997983 0.0622607 -0.0123983 -0.0803751 -0.0626381 0.997496 -0.0328215 0.0590119 0.0103238 0.033532 0.999384 0.995016
4 11 63 0.769926 0.0717629 -0.634085 0.953283 -0.122184 0.991851 -0.036106 -0.0195502 0.626326 0.105274 0.77242 0.301446
4 12 72 0.823569 0.132674 -0.551481 0.983958 -0.173103 0.984666 -0.0216195 -0.0386352 0.540157 0.113268 0.833907 0.174167
4 13 51 0.806544 0.195149 -0.558036 0.961168 -0.186904 0.979701 0.0724706 -0.196753 0.560851 0.0458484 0.826646 0.193503
4 14 64 0.173758 0.128838 -0.976324 0.776932 -0.243476 0.966247 0.084176 -0.113925 0.954216 0.223085 0.199262 0.619191
4 15 29 0.823266 0.102491 -0.558326 -0.260712 -0.143907 0.989117 -0.0306238 -0.112724 0.549112 0.105558 0.829056 0.958813
4 16 48 0.784059 0.129896 -0.606942 0.274358 -0.140154 0.989652 0.0307498 0.284632 0.604656 0.0609555 0.794151 -0.918538
4 17 54 0.760461 0.161158 -0.629068 0.32068 -0.159776 0.985371 0.059289 0.269957 0.62942 0.0554228 0.775086 -0.907903
4 18 35 0.719074 0.196363 -0.666614 0.391275 -0.211099 0.975641 0.0596803 0.333978 0.662095 0.097807 0.74301 -0.857533
4 19 37 -0.77091 0.633669 0.0645146 0.0767518 0.63694 0.76656 0.0818176 -0.216938 0.00239101 0.104166 -0.994557 0.973163
4 20 13 0.994787 -0.00876153 -0.101596 0.0657513 -0.0191044 0.962649 -0.270079 -0.169369 0.100168 0.270612 0.957463 0.983357
4 21 11 -0.936218 0.18084 0.301318 0.173688 -0.309121 -0.831624 -0.461352 -0.256249 0.167152 -0.52507 0.834483 0.950878
4 22 27 0.307502 -0.0787999 0.948279 -0.252911 -0.354162 -0.934444 0.0371952 -0.141829 0.883183 -0.347282 -0.315251 0.957037
4 23 23 -0.186498 -0.980277 0.065395 -0.370985 0.952143 -0.19675 -0.233908 -0.276428 0.242161 0.018642 0.970057 0.886543
4 24 12 -0.975704 0.219091 -0.000233896 -0.302014 -0.217088 -0.966926 -0.133894 -0.0708422 -0.0295611 -0.13059 0.990996 0.950668
4 25 40 0.730037 -0.636444 0.248967 -0.358052 -0.653491 -0.543501 0.526836 -0.164647 -0.199988 -0.547308 -0.812686 0.91907
4 26 15 -0.958223 0.201757 -0.202736 -0.214101 -0.167965 -0.970656 -0.172092 -0.0577594 -0.231508 -0.13085 0.963993 -0.975102
4 27 20 0.999115 0.0229226 -0.0352652 0.286765 -0.0290152 0.982622 -0.183335 0.108708 0.0304499 0.184196 0.982418 0.951813
4 28 35 -0.0775894 -0.799841 0.595176 -0.25275 -0.590832 0.517742 0.618757 -0.261776 -0.803055 -0.30364 -0.512743 0.931446
4 29 35 0.483261 0.784896 0.38781 -0.13821 0.532685 -0.615156 0.581231 -0.390137 0.69477 -0.0743055 -0.715383 0.910325
4 30 22 -0.518192 -0.65397 -0.551181 0.417543 -0.825836 0.550197 0.123607 -0.200148 0.222422 0.519237 -0.82518 0.88634
4 31 28 0.248523 0.943222 -0.220383 0.414166 -0.964958 0.26087 0.0283346 0.0196144 0.0842174 0.205619 0.975002 0.90999
4 32 17 0.72959 0.140673 -0.66926 0.407273 0.0255585 -0.983541 -0.178869 0.00993134 -0.683407 0.113396 -0.721177 0.913253
4 33 11 -0.130354 -0.671599 0.729358 0.318155 0.975496 -0.218384 -0.0267446 0.0302095 0.177242 0.708 0.683609 0.947557
4 34 30 -0.310896 -0.614011 -0.725489 0.427671 -0.742511 0.633406 -0.217887 0.0146628 0.593314 0.470943 -0.652833 0.903815
4 35 23 -0.233993 0.891884 0.387027 0.279839 -0.896447 -0.0438312 -0.440978 0.0209383 -0.376337 -0.450135 0.809783 0.959819
4 36 24 -0.402625 -0.516851 0.755485 0.287319 -0.0551701 -0.810135 -0.583641 0.0249471 0.913701 -0.276669 0.297666 0.95751
4 37 20 0.991633 -0.0807993 0.100677 0.0863237 0.0932256 0.987697 -0.125554 0.396173 -0.0892934 0.133889 0.986965 -0.914109
4 38 58 -0.983937 0.0414008 0.173647 -0.0103142 -0.150318 -0.716845 -0.680836 0.917514 0.0962907 -0.696002 0.711554 0.39757
4 39 30 -0.992901 -0.0386932 0.112473 -0.0170229 -0.0448073 0.997623 -0.0523508 0.122838 -0.11018 -0.0570187 -0.992275 0.992281
4 40 21 0.935278 0.293736 -0.197419 0.10355 -0.133128 0.808839 0.572762 -0.039684 0.327921 -0.50941 0.795594 0.993832
4 41 12 0.940911 -0.308653 0.139358 0.226573 0.283302 0.942845 0.17545 0.0475594 -0.185546 -0.125602 0.974575 0.972832
4 42 37 -0.660087 -0.685071 0.30816 -0.0945564 -0.739788 0.664053 -0.108385 0.188957 -0.130383 -0.299516 -0.94514 0.977422
4 43 19 0.675381 0.650196 -0.348001 -0.150175 -0.652437 0.746776 0.129044 0.240422 0.343782 0.139895 0.92857 0.958981
4 44 0 1 0 0 0 0 1 0 0 0 0 1 0
4 45 13 0.993619 -0.0767517 0.0826468 -0.252877 0.0558672 0.971465 0.230509 -0.022698 -0.0979804 -0.224421 0.969554 -0.967232
4 46 13 -0.318971 0.390281 0.863677 -0.163384 0.920473 0.344676 0.184194 -0.190582 -0.225801 0.853745 -0.469184 0.967979
4 47 11 -0.344322 0.707905 0.616695 -0.299858 -0.841165 -0.524356 0.132257 0.0849263 0.416994 -0.473203 0.776012 -0.950196
4 48 34 0.303442 -0.935718 0.179872 -0.125067 -0.943092 -0.321881 -0.0834853 0.158636 0.136016 -0.144303 -0.980141 0.979384
4 49 17 -0.159468 -0.751668 -0.639972 0.393256 -0.941084 -0.0800798 0.328556 0.0419819 -0.298214 0.654662 -0.694613 0.91847
4 50 17 0.463724 0.796188 -0.388643 0.263514 -0.876454 0.476399 -0.0698052 0.294662 0.129571 0.372998 0.91874 -0.91855
4 51 16 0.911713 0.373458 0.171199 0.215463 -0.363071 0.927441 -0.0896234 0.222348 -0.192248 0.0195533 0.981152 0.950861
4 52 23 0.465011 0.885304 -0.00104638 0.373362 -0.575547 0.303206 0.759481 -0.180977 0.67269 -0.352565 0.650528 0.909862
4 53 32 0.220628 0.90101 -0.373501 0.295315 0.95632 -0.275124 -0.0987896 -0.0566184 -0.191769 -0.335391 -0.922354 0.953721
4 54 21 -0.835935 0.305617 0.455863 -0.239946 0.229988 0.949229 -0.214639 0.166091 -0.498316 -0.0745815 -0.863782 0.956472
4 55 26 -0.666987 0.185665 0.721566 -0.387918 0.539368 0.788445 0.295697 -0.316046 -0.514014 0.586416 -0.626024 0.865814
4 56 12 -0.0624736 -0.965209 0.253906 0.191102 0.992688 -0.0337658 0.115892 0.115824 -0.103287 0.259289 0.960261 0.974713
4 57 21 0.797541 -0.370001 0.476474 -0.170904 -0.432981 -0.901055 0.0250353 -0.182446 0.420066 -0.226271 -0.878832 0.968249
4 58 21 -0.601125 -0.686295 -0.409447 0.303297 -0.779039 0.389007 0.491703 -0.317384 -0.178176 0.614551 -0.768493 0.898487
4 59 10 -0.958101 -0.257815 0.124796 -0.260166 0.229927 -0.952083 -0.201673 0.359069 0.170811 -0.164529 0.97147 -0.896316
4 60 15 0.927781 -0.35734 -0.107382 0.264274 -0.349728 -0.93312 0.0835334 -0.225191 -0.13005 -0.0399462 -0.990702 0.937789
4 61 0 1 0 0 0 0 1 0 0 0 0 1 0
4 62 18 0.917165 0.264892 0.297725 -0.311421 -0.259972 0.963945 -0.0567776 -0.146839 -0.302031 -0.0253258 0.952962 0.938858
4 63 0 1 0 0 0 0 1 0 0 0 0 1 0
4 64 0 1 0 0 0 0 1 0 0 0 0 1 0
4 65 0 1 0 0 0 0 1 0 0 0 0 1 0
4 66 17 0.833635 0.535904 -0.133641 -0.0817782 0.513508 -0.841127 -0.169752 -0.0015913 -0.20338 0.0728859 -0.976383 0.996649
4 67 24 0.377937 -0.178232 -0.908514 0.574318 -0.450044 -0.892925 -0.0120415 -0.0395663 -0.809089 0.413422 -0.417681 0.817676
5 6 185 0.999408 0.0343005 -0.0026386 0.88503 -0.034217 0.99905 0.02697 0.193963 0.00356118 -0.0268637 0.999633 -0.423203
5 7 236 0.991056 0.045244 -0.125545 0.972679 -0.0445365 0.998972 0.00843802 0.0855138 0.125797 -0.00277122 0.992052 -0.215831
5 8 127 0.971229 0.142412 -0.190877 0.988164 -0.154322 0.986806 -0.0489808 -0.0165565 0.181383 0.0770281 0.980391 -0.152508
5 9 103 0.952789 0.0835377 -0.291916 0.977947 -0.0860903 0.996279 0.00411426 -0.0284092 0.291173 0.0212111 0.956435 0.206911
5 10 94 0.926457 0.105799 -0.361226 0.978306 -0.119079 0.992777 -0.014636 -0.0099641 0.357068 0.0565741 0.932363 0.206925
5 11 92 0.765673 0.0702732 -0.63938 0.934166 -0.105663 0.994252 -0.017258 -0.0341738 0.634492 0.080773 0.768698 0.355198
5 12 91 0.863238 0.138037 -0.485556 0.984674 -0.166959 0.985825 -0.0165688 -0.0360703 0.476386 0.0953711 0.874048 0.170632
5 13 35 0.992798 0.118599 0.016906 -0.100847 -0.118793 0.992859 0.0109563 -0.204496 -0.0154858 -0.0128857 0.999797 0.973659
5 14 43 -0.904346 0.349966 0.244298 -0.119835 0.394943 0.903185 0.168159 -0.235334 -0.161796 0.248558 -0.955008 0.964498
5 15 33 0.839051 0.118159 -0.531068 0.23666 -0.148567 0.988793 -0.0147262 0.104865 0.523376 0.0912552 0.847202 -0.965917
5 16 53 0.801824 0.149527 -0.578549 0.269935 -0.154926 0.9871 0.0404024 0.284962 0.577127 0.0572367 0.814646 -0.919745
5 17 50 0.779138 0.163595 -0.605128 0.325907 -0.157178 0.985491 0.0640496 0.266166 0.606827 0.0452092 0.793547 -0.907161
5 18 59 0.738023 0.211416 -0.640801 0.387686 -0.219498 0.97322 0.06829 0.256348 0.638078 0.0902547 0.764664 -0.885429
5 19 62 -0.82369 0.311889 -0.473561 0.290314 0.0599723 0.878377 0.47419 -0.320407 0.56386 0.362185 -0.742215 0.901697
5 20 21 -0.962446 0.246701 0.113299 0.267947 -0.269144 -0.921675 -0.279421 -0.279988 0.0354916 -0.299421 0.953461 0.921852
5 21 35 -0.236311 -0.61467 -0.752554 0.305511 -0.78723 -0.332885 0.519092 -0.309457 -0.569585 0.7151 -0.405223 0.9005
5 22 42 0.305785 -0.419194 0.854852 -0.383377 0.951461 0.101643 -0.2905 -0.153319 0.0348861 0.902189 0.429928 0.910777
5 23 34 0.840632 -0.416986 0.34563 -0.0184529 -0.541188 -0.671783 0.50579 -0.331645 0.0212812 -0.612234 -0.79039 0.943224
5 24 14 0.327408 0.917984 -0.22385 0.264926 -0.923318 0.260502 -0.282174 0.0953201 -0.200717 0.299071 0.932882 -0.959546
5 25 42 -0.7905 -0.180602 0.585229 -0.336972 -0.0533771 0.972214 0.227927 -0.136885 -0.610132 0.148938 -0.778175 0.931511
5 26 21 -0.933828 0.237034 0.267918 -0.0312699 0.259676 0.964297 0.0519624 -0.0603109 -0.246036 0.118096 -0.962039 0.99769
5 27 21 0.967585 0.16838 -0.188223 -0.0361381 0.130663 -0.971566 -0.197448 0.133277 -0.216117 0.166454 -0.962074 0.99042
5 28 12 0.325299 -0.907759 -0.264867 -0.253932 0.778632 0.416075 -0.469696 -0.261549 0.536575 -0.0534426 0.842159 0.931188
5 29 12 0.517273 -0.809561 0.277561 0.382776 0.847934 0.440874 -0.294344 -0.0900028 0.11592 0.38761 0.914506 0.919447
5 30 21 0.0785236 0.900155 -0.428434 -0.111776 -0.919895 -0.100211 -0.379146 -0.234961 -0.384224 0.423886 0.820179 0.965557
5 31 31 0.144732 -0.728767 0.669292 0.412447 -0.194601 -0.684168 -0.702883 0.0200299 0.970146 -0.0285155 -0.240839 0.910761
