0 1 660 0.998975 0.00903492 -0.0443484 0.981142 -0.00979567 0.999808 -0.0169667 -0.0315327 0.0441866 0.0173838 0.998872 -0.190698
0 2 360 0.991244 0.0482891 -0.122898 0.996563 -0.0542013 0.997505 -0.0452253 0.0766277 0.120407 0.0514905 0.991388 0.0314714
0 3 242 0.983172 0.0543555 -0.174408 0.969948 -0.0555344 0.998455 -0.00188272 0.0558085 0.174036 0.0115367 0.984672 -0.236827
0 4 42 0.991943 0.125628 0.0163554 0.663538 -0.125992 0.991754 0.0234701 0.0197326 -0.013272 -0.0253416 0.999591 -0.747882
0 5 41 0.993295 0.0632663 0.0967581 -0.411125 -0.0654558 0.997663 0.0196211 -0.0786295 -0.0952905 -0.0258229 0.995115 -0.908182
0 6 48 0.962802 0.267961 -0.0347613 0.53355 -0.266936 0.963201 0.0314641 0.00782711 0.0419132 -0.0210146 0.9989 -0.845732
0 7 0 1 0 0 0 0 1 0 0 0 0 1 0
0 8 0 1 0 0 0 0 1 0 0 0 0 1 0
0 9 0 1 0 0 0 0 1 0 0 0 0 1 0
0 10 0 1 0 0 0 0 1 0 0 0 0 1 0
0 11 0 1 0 0 0 0 1 0 0 0 0 1 0
0 12 0 1 0 0 0 0 1 0 0 0 0 1 0
0 13 0 1 0 0 0 0 1 0 0 0 0 1 0
0 14 0 1 0 0 0 0 1 0 0 0 0 1 0
0 15 0 1 0 0 0 0 1 0 0 0 0 1 0
0 16 0 1 0 0 0 0 1 0 0 0 0 1 0
0 17 0 1 0 0 0 0 1 0 0 0 0 1 0
0 18 0 1 0 0 0 0 1 0 0 0 0 1 0
0 19 0 1 0 0 0 0 1 0 0 0 0 1 0
0 20 0 1 0 0 0 0 1 0 0 0 0 1 0
0 21 0 1 0 0 0 0 1 0 0 0 0 1 0
0 22 0 1 0 0 0 0 1 0 0 0 0 1 0
0 23 0 1 0 0 0 0 1 0 0 0 0 1 0
0 24 0 1 0 0 0 0 1 0 0 0 0 1 0
0 25 0 1 0 0 0 0 1 0 0 0 0 1 0
0 26 0 1 0 0 0 0 1 0 0 0 0 1 0
0 27 0 1 0 0 0 0 1 0 0 0 0 1 0
0 28 0 1 0 0 0 0 1 0 0 0 0 1 0
0 29 0 1 0 0 0 0 1 0 0 0 0 1 0
0 30 0 1 0 0 0 0 1 0 0 0 0 1 0
0 31 0 1 0 0 0 0 1 0 0 0 0 1 0
0 32 0 1 0 0 0 0 1 0 0 0 0 1 0
0 33 0 1 0 0 0 0 1 0 0 0 0 1 0
0 34 0 1 0 0 0 0 1 0 0 0 0 1 0
0 35 0 1 0 0 0 0 1 0 0 0 0 1 0
0 36 0 1 0 0 0 0 1 0 0 0 0 1 0
0 37 0 1 0 0 0 0 1 0 0 0 0 1 0
0 38 0 1 0 0 0 0 1 0 0 0 0 1 0
0 39 0 1 0 0 0 0 1 0 0 0 0 1 0
0 40 0 1 0 0 0 0 1 0 0 0 0 1 0
0 41 0 1 0 0 0 0 1 0 0 0 0 1 0
0 42 0 1 0 0 0 0 1 0 0 0 0 1 0
0 43 0 1 0 0 0 0 1 0 0 0 0 1 0
0 44 0 1 0 0 0 0 1 0 0 0 0 1 0
0 45 0 1 0 0 0 0 1 0 0 0 0 1 0
0 46 0 1 0 0 0 0 1 0 0 0 0 1 0
0 47 0 1 0 0 0 0 1 0 0 0 0 1 0
0 48 0 1 0 0 0 0 1 0 0 0 0 1 0
0 49 0 1 0 0 0 0 1 0 0 0 0 1 0
0 50 0 1 0 0 0 0 1 0 0 0 0 1 0
0 51 0 1 0 0 0 0 1 0 0 0 0 1 0
0 52 0 1 0 0 0 0 1 0 0 0 0 1 0
0 53 0 1 0 0 0 0 1 0 0 0 0 1 0
0 54 0 1 0 0 0 0 1 0 0 0 0 1 0
0 55 0 1 0 0 0 0 1 0 0 0 0 1 0
0 56 0 1 0 0 0 0 1 0 0 0 0 1 0
0 57 0 1 0 0 0 0 1 0 0 0 0 1 0
0 58 0 1 0 0 0 0 1 0 0 0 0 1 0
0 59 0 1 0 0 0 0 1 0 0 0 0 1 0
0 60 0 1 0 0 0 0 1 0 0 0 0 1 0
0 61 0 1 0 0 0 0 1 0 0 0 0 1 0
0 62 0 1 0 0 0 0 1 0 0 0 0 1 0
0 63 0 1 0 0 0 0 1 0 0 0 0 1 0
0 64 0 1 0 0 0 0 1 0 0 0 0 1 0
0 65 0 1 0 0 0 0 1 0 0 0 0 1 0
0 66 0 1 0 0 0 0 1 0 0 0 0 1 0
0 67 0 1 0 0 0 0 1 0 0 0 0 1 0
1 2 640 0.994611 0.0435819 -0.0940675 0.941744 -0.0455063 0.998794 -0.0184087 0.0206604 0.0931518 0.0225902 0.995396 -0.335695
1 3 436 0.984104 0.0581995 -0.167786 0.96968 -0.058002 0.998298 0.00608228 0.147423 0.167854 0.00374632 0.985805 -0.194901
1 4 233 0.97053 0.0997965 -0.219345 0.992939 -0.0955173 0.994974 0.0300554 0.0388547 0.221242 -0.00821834 0.975184 -0.112078
1 5 182 0.936943 0.0958043 -0.336094 0.985485 -0.108469 0.993917 -0.0190662 0.125677 0.332223 0.0543198 0.941636 -0.114126
1 6 89 0.913011 0.195176 0.358214 -0.995459 -0.24144 0.966339 0.0888592 -0.071599 -0.328813 -0.167617 0.929401 0.062722
1 7 63 0.489798 0.00409925 -0.871827 0.879738 -0.0926855 0.994567 -0.0473949 0.103146 0.866895 0.10402 0.487516 0.464135
1 8 12 0.930455 0.364244 0.0397509 -0.0390231 -0.3607 0.92963 -0.0753922 -0.00327165 -0.0644148 0.0558109 0.996361 -0.999233
1 9 0 1 0 0 0 0 1 0 0 0 0 1 0
1 10 36 0.967965 0.249437 -0.028724 -0.330282 -0.249002 0.968337 0.0179212 -0.116157 0.0322847 -0.0101947 0.999427 -0.936708
1 11 16 0.523271 0.84809 -0.0832539 -0.118756 -0.851034 0.525111 0.000238364 0.294796 0.0439197 0.0707271 0.996528 0.948152
1 12 38 0.720452 0.237462 -0.651583 0.980913 -0.278655 0.959491 0.0415676 -0.0668631 0.635059 0.15162 0.757437 0.182591
1 13 20 -0.0556345 -0.231671 -0.971202 0.512475 -0.631137 0.761886 -0.145587 0.217838 0.773674 0.604862 -0.188603 0.830612
1 14 0 1 0 0 0 0 1 0 0 0 0 1 0
1 15 0 1 0 0 0 0 1 0 0 0 0 1 0
1 16 0 1 0 0 0 0 1 0 0 0 0 1 0
1 17 0 1 0 0 0 0 1 0 0 0 0 1 0
1 18 0 1 0 0 0 0 1 0 0 0 0 1 0
1 19 21 -0.105988 -0.994351 -0.0057401 0.127266 -0.821531 0.084312 0.563896 -0.260819 -0.560226 0.0644819 -0.825826 0.956962
1 20 0 1 0 0 0 0 1 0 0 0 0 1 0
1 21 0 1 0 0 0 0 1 0 0 0 0 1 0
1 22 0 1 0 0 0 0 1 0 0 0 0 1 0
1 23 0 1 0 0 0 0 1 0 0 0 0 1 0
1 24 0 1 0 0 0 0 1 0 0 0 0 1 0
1 25 0 1 0 0 0 0 1 0 0 0 0 1 0
1 26 0 1 0 0 0 0 1 0 0 0 0 1 0
1 27 0 1 0 0 0 0 1 0 0 0 0 1 0
1 28 0 1 0 0 0 0 1 0 0 0 0 1 0
1 29 0 1 0 0 0 0 1 0 0 0 0 1 0
1 30 0 1 0 0 0 0 1 0 0 0 0 1 0
1 31 0 1 0 0 0 0 1 0 0 0 0 1 0
1 32 0 1 0 0 0 0 1 0 0 0 0 1 0
1 33 0 1 0 0 0 0 1 0 0 0 0 1 0
1 34 0 1 0 0 0 0 1 0 0 0 0 1 0
1 35 0 1 0 0 0 0 1 0 0 0 0 1 0
1 36 12 0.952979 0.302884 0.00964142 -0.0325065 -0.303037 0.952451 0.0317124 0.304219 0.000422208 -0.033143 0.999451 0.952047
1 37 0 1 0 0 0 0 1 0 0 0 0 1 0
1 38 47 -0.708097 -0.678743 -0.194696 0.114321 -0.483483 0.667002 -0.56688 0.301722 0.514629 -0.307274 -0.800462 0.946517
1 39 31 0.256209 0.197542 0.946221 -0.831984 -0.569012 0.822142 -0.0175661 -0.00385506 -0.781398 -0.53391 0.323044 0.554786
1 40 0 1 0 0 0 0 1 0 0 0 0 1 0
1 41 0 1 0 0 0 0 1 0 0 0 0 1 0
1 42 25 -0.922636 -0.370688 -0.106458 -0.00621993 -0.264962 0.809815 -0.523445 0.280645 0.280246 -0.454742 -0.845383 0.959791
1 43 0 1 0 0 0 0 1 0 0 0 0 1 0
1 44 0 1 0 0 0 0 1 0 0 0 0 1 0
1 45 0 1 0 0 0 0 1 0 0 0 0 1 0
1 46 0 1 0 0 0 0 1 0 0 0 0 1 0
1 47 0 1 0 0 0 0 1 0 0 0 0 1 0
1 48 0 1 0 0 0 0 1 0 0 0 0 1 0
1 49 0 1 0 0 0 0 1 0 0 0 0 1 0
1 50 0 1 0 0 0 0 1 0 0 0 0 1 0
1 51 0 1 0 0 0 0 1 0 0 0 0 1 0
1 52 0 1 0 0 0 0 1 0 0 0 0 1 0
1 53 0 1 0 0 0 0 1 0 0 0 0 1 0
1 54 0 1 0 0 0 0 1 0 0 0 0 1 0
1 55 0 1 0 0 0 0 1 0 0 0 0 1 0
1 56 0 1 0 0 0 0 1 0 0 0 0 1 0
1 57 0 1 0 0 0 0 1 0 0 0 0 1 0
1 58 0 1 0 0 0 0 1 0 0 0 0 1 0
1 59 0 1 0 0 0 0 1 0 0 0 0 1 0
1 60 0 1 0 0 0 0 1 0 0 0 0 1 0
1 61 0 1 0 0 0 0 1 0 0 0 0 1 0
1 62 0 1 0 0 0 0 1 0 0 0 0 1 0
1 63 0 1 0 0 0 0 1 0 0 0 0 1 0
1 64 0 1 0 0 0 0 1 0 0 0 0 1 0
1 65 0 1 0 0 0 0 1 0 0 0 0 1 0
1 66 0 1 0 0 0 0 1 0 0 0 0 1 0
1 67 0 1 0 0 0 0 1 0 0 0 0 1 0
2 3 299 0.998515 0.0114506 -0.053266 0.938403 -0.00937455 0.999193 0.0390626 0.122777 0.0536703 -0.0385052 0.997816 -0.322995
2 4 264 0.990878 0.0663081 -0.117322 0.991812 -0.0612029 0.997037 0.0465985 0.0651316 0.120064 -0.0389929 0.992 -0.109848
2 5 224 0.953707 0.0692358 -0.292659 0.994097 -0.0679067 0.997583 0.0147112 0.106025 0.29297 0.00584335 0.956104 0.0230279
2 6 103 0.989581 0.0926953 -0.110166 0.947863 -0.0840315 0.993178 0.0808505 -0.0104241 0.116908 -0.0707508 0.990619 -0.318507
2 7 39 0.999239 -0.0126522 0.0368884 0.1757 0.0118029 0.999662 0.0231517 -0.00347779 -0.0371689 -0.0226987 0.999051 -0.984438
2 8 27 0.00977409 0.99717 0.0745446 0.0646826 -0.999426 0.0121605 -0.0316267 0.281757 -0.0324437 -0.0741927 0.996716 0.957303
2 9 21 0.0135594 0.0739223 -0.997172 0.646199 -0.136565 0.988055 0.0713895 -0.00274238 0.990538 0.135211 0.0234927 0.763164
2 10 57 0.930073 0.322016 -0.176834 0.983057 -0.318743 0.946655 0.0474115 -0.134478 0.182668 0.0122684 0.983098 -0.124558
2 11 28 0.906433 0.421111 -0.0323056 -0.132558 -0.420368 0.906938 0.0274522 0.291968 0.0408596 -0.0113034 0.999101 0.947198
2 12 62 0.617354 0.147168 -0.772797 0.93582 -0.193727 0.980534 0.0319683 -0.0234341 0.762459 0.129976 0.633847 0.351699
2 13 23 0.427761 0.112693 -0.896839 0.889391 -0.145162 0.987884 0.0548965 -0.0423009 0.892159 0.106704 0.438937 0.455187
2 14 27 0.142834 0.0145553 -0.98964 0.817429 -0.0743606 0.997224 0.0039344 -0.0167195 0.986949 0.0730282 0.14352 0.575787
2 15 0 1 0 0 0 0 1 0 0 0 0 1 0
2 16 10 0.707736 0.244362 -0.66287 -0.322369 -0.228319 0.967039 0.112718 -0.110347 0.668566 0.0715714 0.740201 0.94016
2 17 0 1 0 0 0 0 1 0 0 0 0 1 0
2 18 0 1 0 0 0 0 1 0 0 0 0 1 0
2 19 20 0.921803 -0.375217 0.0974275 0.120292 -0.380066 -0.825238 0.417771 -0.257509 -0.0763539 -0.422131 -0.903314 0.958759
2 20 0 1 0 0 0 0 1 0 0 0 0 1 0
2 21 0 1 0 0 0 0 1 0 0 0 0 1 0
2 22 0 1 0 0 0 0 1 0 0 0 0 1 0
2 23 0 1 0 0 0 0 1 0 0 0 0 1 0
2 24 0 1 0 0 0 0 1 0 0 0 0 1 0
2 25 0 1 0 0 0 0 1 0 0 0 0 1 0
2 26 0 1 0 0 0 0 1 0 0 0 0 1 0
2 27 0 1 0 0 0 0 1 0 0 0 0 1 0
2 28 0 1 0 0 0 0 1 0 0 0 0 1 0
2 29 0 1 0 0 0 0 1 0 0 0 0 1 0
2 30 17 0.33694 -0.791166 0.510419 -0.215707 -0.92752 -0.185758 0.324347 -0.242039 -0.161798 -0.582709 -0.796411 0.945985
2 31 0 1 0 0 0 0 1 0 0 0 0 1 0
2 32 13 -0.869089 -0.376908 0.320351 0.41295 0.431034 -0.894767 0.116626 -0.00720868 0.242683 0.23944 0.940092 0.910725
2 33 0 1 0 0 0 0 1 0 0 0 0 1 0
2 34 0 1 0 0 0 0 1 0 0 0 0 1 0
2 35 19 0.280172 0.952108 -0.122448 -0.0779401 0.937545 -0.298795 -0.17813 0.29219 -0.206186 -0.0648936 -0.976359 0.953179
2 36 0 1 0 0 0 0 1 0 0 0 0 1 0
2 37 0 1 0 0 0 0 1 0 0 0 0 1 0
2 38 28 -0.781453 -0.614616 -0.107606 0.0855541 -0.472437 0.695469 -0.541411 0.295021 0.407596 -0.372251 -0.833843 0.951653
2 39 47 -0.25587 -0.58773 -0.767531 0.555315 -0.158166 0.808714 -0.566538 0.349077 0.953684 -0.0235633 -0.299884 0.754832
2 40 30 0.976642 0.193108 0.0942364 -0.0254688 -0.196417 0.980145 0.0271154 -0.271631 -0.0871291 -0.0449917 0.995181 -0.962065
2 41 0 1 0 0 0 0 1 0 0 0 0 1 0
2 42 29 0.968771 0.244994 0.0382166 -0.189237 -0.246044 0.968919 0.0256686 -0.290327 -0.0307402 -0.03427 0.99894 -0.93803
2 43 39 0.285846 -0.89697 -0.337248 0.0739161 -0.911521 -0.145918 -0.384498 0.30526 0.295673 0.417315 -0.859317 0.949396
2 44 0 1 0 0 0 0 1 0 0 0 0 1 0
2 45 0 1 0 0 0 0 1 0 0 0 0 1 0
2 46 0 1 0 0 0 0 1 0 0 0 0 1 0
2 47 0 1 0 0 0 0 1 0 0 0 0 1 0
2 48 0 1 0 0 0 0 1 0 0 0 0 1 0
2 49 0 1 0 0 0 0 1 0 0 0 0 1 0
2 50 23 0.855592 0.515589 -0.046167 -0.131036 -0.513661 0.856665 0.0477149 0.325516 0.0641509 -0.0171102 0.997794 0.936413
2 51 22 -0.844342 -0.150048 -0.514365 0.237311 0.0446736 0.93693 -0.346649 0.197985 0.533939 -0.315669 -0.784387 0.951044
2 52 10 0.797805 0.601344 -0.0435158 0.0437189 -0.599833 0.798945 0.0434443 0.287048 0.0608917 -0.00855789 0.998108 0.956918
2 53 0 1 0 0 0 0 1 0 0 0 0 1 0
2 54 0 1 0 0 0 0 1 0 0 0 0 1 0
2 55 0 1 0 0 0 0 1 0 0 0 0 1 0
2 56 0 1 0 0 0 0 1 0 0 0 0 1 0
2 57 0 1 0 0 0 0 1 0 0 0 0 1 0
2 58 0 1 0 0 0 0 1 0 0 0 0 1 0
2 59 0 1 0 0 0 0 1 0 0 0 0 1 0
2 60 0 1 0 0 0 0 1 0 0 0 0 1 0
2 61 0 1 0 0 0 0 1 0 0 0 0 1 0
2 62 0 1 0 0 0 0 1 0 0 0 0 1 0
2 63 0 1 0 0 0 0 1 0 0 0 0 1 0
2 64 0 1 0 0 0 0 1 0 0 0 0 1 0
2 65 0 1 0 0 0 0 1 0 0 0 0 1 0
2 66 0 1 0 0 0 0 1 0 0 0 0 1 0
2 67 0 1 0 0 0 0 1 0 0 0 0 1 0
3 4 437 0.996491 0.0534196 -0.0644393 0.99847 -0.0531791 0.99857 0.00544397 0.0515844 0.064638 -0.00199805 0.997907 0.0198961
3 5 352 0.993102 0.0548829 -0.103612 0.989074 -0.0555488 0.99845 -0.00355003 0.0355427 0.103256 0.00928106 0.994611 -0.143072
3 6 159 0.975161 0.0958444 -0.199689 0.986012 -0.097771 0.995209 0.000214035 0.131627 0.198753 0.0193151 0.979859 -0.102244
3 7 145 0.968388 0.117252 -0.220173 0.985518 -0.117556 0.992997 0.0117686 0.0386392 0.220011 0.0144861 0.97539 -0.165108
3 8 40 0.973197 0.229952 -0.00295522 0.743038 -0.229825 0.972041 -0.0481412 -0.0484219 -0.00819757 0.04753 0.998836 -0.667496
3 9 17 -0.991782 0.021357 -0.126145 -0.0471411 -0.091543 -0.807256 0.583059 0.317087 -0.0893793 0.589815 0.802577 0.947224
3 10 51 0.898808 0.321168 0.29832 -0.758787 -0.335377 0.942076 -0.00377311 -0.237749 -0.282252 -0.0966584 0.954458 -0.606398
3 11 24 0.995092 -0.0953508 -0.0264479 -0.110346 0.0955836 0.995392 0.00767726 0.291121 0.025594 -0.0101676 0.999621 0.950301
3 12 52 0.749978 0.16149 -0.641447 0.963116 -0.212 0.977268 -0.00183364 -0.0480684 0.626569 0.137362 0.767165 0.264758
3 13 26 -0.119998 0.0945784 -0.988259 0.679356 -0.0943047 0.989865 0.106183 -0.0952829 0.988285 0.105939 -0.109863 0.727596
3 14 0 1 0 0 0 0 1 0 0 0 0 1 0
3 15 26 0.783136 0.215068 -0.583475 -0.256884 -0.256567 0.966453 0.0118708 -0.176485 0.566454 0.140404 0.812044 0.950191
3 16 35 0.745837 0.189723 -0.638539 0.26609 -0.201121 0.977984 0.0556622 0.102374 0.635041 0.0869085 0.767574 -0.958496
3 17 43 0.722219 0.222401 -0.654933 0.278002 -0.215511 0.972115 0.0924571 0.0734381 0.657232 0.074371 0.75001 -0.957769
3 18 34 0.676224 0.289893 -0.677262 0.275873 -0.299633 0.948076 0.106637 0.117982 0.673009 0.130819 0.727973 -0.953926
3 19 0 1 0 0 0 0 1 0 0 0 0 1 0
3 20 0 1 0 0 0 0 1 0 0 0 0 1 0
3 21 0 1 0 0 0 0 1 0 0 0 0 1 0
3 22 0 1 0 0 0 0 1 0 0 0 0 1 0
3 23 0 1 0 0 0 0 1 0 0 0 0 1 0
3 24 0 1 0 0 0 0 1 0 0 0 0 1 0
3 25 0 1 0 0 0 0 1 0 0 0 0 1 0
3 26 0 1 0 0 0 0 1 0 0 0 0 1 0
3 27 0 1 0 0 0 0 1 0 0 0 0 1 0
3 28 0 1 0 0 0 0 1 0 0 0 0 1 0
3 29 0 1 0 0 0 0 1 0 0 0 0 1 0
3 30 0 1 0 0 0 0 1 0 0 0 0 1 0
3 31 0 1 0 0 0 0 1 0 0 0 0 1 0
3 32 0 1 0 0 0 0 1 0 0 0 0 1 0
3 33 0 1 0 0 0 0 1 0 0 0 0 1 0
3 34 0 1 0 0 0 0 1 0 0 0 0 1 0
3 35 0 1 0 0 0 0 1 0 0 0 0 1 0
3 36 0 1 0 0 0 0 1 0 0 0 0 1 0
3 37 0 1 0 0 0 0 1 0 0 0 0 1 0
3 38 0 1 0 0 0 0 1 0 0 0 0 1 0
3 39 33 0.218273 0.195091 0.956189 -0.791348 -0.490671 0.868896 -0.065273 0.00907204 -0.843563 -0.454927 0.285382 0.611298
3 40 17 0.97281 0.215093 0.0858832 0.0485613 -0.212948 0.976489 -0.0335104 0.275263 -0.0910719 0.0143106 0.995741 0.960142
3 41 0 1 0 0 0 0 1 0 0 0 0 1 0
3 42 22 0.96579 0.256538 0.0379202 -0.104254 -0.255611 0.966385 -0.0276257 -0.306102 -0.0437326 0.0169878 0.998899 -0.946273
3 43 0 1 0 0 0 0 1 0 0 0 0 1 0
3 44 0 1 0 0 0 0 1 0 0 0 0 1 0
3 45 0 1 0 0 0 0 1 0 0 0 0 1 0
3 46 0 1 0 0 0 0 1 0 0 0 0 1 0
3 47 0 1 0 0 0 0 1 0 0 0 0 1 0
3 48 0 1 0 0 0 0 1 0 0 0 0 1 0
3 49 0 1 0 0 0 0 1 0 0 0 0 1 0
3 50 0 1 0 0 0 0 1 0 0 0 0 1 0
3 51 0 1 0 0 0 0 1 0 0 0 0 1 0
3 52 21 0.964595 -0.118327 0.235703 0.0313357 0.113614 0.992959 0.0335309 0.285157 -0.238011 -0.00556471 0.971247 0.957969
3 53 31 0.872677 0.445041 0.200934 -0.321358 -0.449318 0.892982 -0.0263977 -0.260052 -0.191178 -0.0672463 0.979249 -0.91055
3 54 0 1 0 0 0 0 1 0 0 0 0 1 0
3 55 0 1 0 0 0 0 1 0 0 0 0 1 0
3 56 0 1 0 0 0 0 1 0 0 0 0 1 0
3 57 0 1 0 0 0 0 1 0 0 0 0 1 0
3 58 0 1 0 0 0 0 1 0 0 0 0 1 0
3 59 0 1 0 0 0 0 1 0 0 0 0 1 0
3 60 0 1 0 0 0 0 1 0 0 0 0 1 0
3 61 0 1 0 0 0 0 1 0 0 0 0 1 0
3 62 0 1 0 0 0 0 1 0 0 0 0 1 0
3 63 0 1 0 0 0 0 1 0 0 0 0 1 0
3 64 0 1 0 0 0 0 1 0 0 0 0 1 0
3 65 0 1 0 0 0 0 1 0 0 0 0 1 0
3 66 0 1 0 0 0 0 1 0 0 0 0 1 0
3 67 0 1 0 0 0 0 1 0 0 0 0 1 0
4 5 572 0.997424 0.0049295 -0.0715609 0.973454 -0.00574811 0.99992 -0.0112379 0.0392422 0.0714998 0.0116203 0.997373 -0.225494
4 6 313 0.99555 0.0380176 -0.0862237 0.938419 -0.0370588 0.999232 0.0126933 0.0948848 0.0866401 -0.00944148 0.996195 -0.332214
4 7 130 0.99919 -0.0131706 0.0380263 0.114267 0.0115271 0.999003 0.0431215 -0.362682 -0.0385563 -0.0426482 0.998346 -0.924881
4 8 39 0.996841 0.0538801 0.0583562 0.151123 -0.0500492 0.996614 -0.0652306 0.165502 -0.0616732 0.0621038 0.996162 -0.974562
4 9 47 0.996879 -0.0516908 0.0596632 -0.185437 0.0491471 0.997851 0.0433428 -0.561616 -0.0617754 -0.0402752 0.997277 0.80635
4 10 36 0.999544 -0.029818 -0.00469256 0.204017 0.0297092 0.999322 -0.0217604 0.24422 0.00533823 0.0216111 0.999752 -0.948016
4 11 0 1 0 0 0 0 1 0 0 0 0 1 0
4 12 17 0.998198 0.0252431 0.054433 -0.137338 -0.0219745 0.997967 -0.0598312 0.0588464 -0.0558327 0.0585273 0.996723 0.988775
4 13 34 0.76195 0.177782 -0.622756 0.96384 -0.188086 0.980884 0.0498931 -0.141169 0.619722 0.0791156 0.780823 0.226019
4 14 0 1 0 0 0 0 1 0 0 0 0 1 0
4 15 41 0.823364 0.119397 -0.554812 0.211187 -0.157243 0.987339 -0.0208772 0.16521 0.545295 0.10443 0.831714 -0.963382
4 16 67 0.78385 0.132035 -0.60675 0.283452 -0.143537 0.989195 0.0298265 0.314904 0.604132 0.0637114 0.794333 -0.905809
4 17 72 0.760825 0.152029 -0.630898 0.318897 -0.148705 0.987147 0.0585468 0.249503 0.63169 0.0492735 0.773654 -0.914359
4 18 66 0.719503 0.191655 -0.667521 0.383815 -0.207442 0.976597 0.0567994 0.285879 0.662785 0.0976044 0.742422 -0.878043
4 19 0 1 0 0 0 0 1 0 0 0 0 1 0
4 20 0 1 0 0 0 0 1 0 0 0 0 1 0
4 21 0 1 0 0 0 0 1 0 0 0 0 1 0
4 22 0 1 0 0 0 0 1 0 0 0 0 1 0
4 23 0 1 0 0 0 0 1 0 0 0 0 1 0
4 24 0 1 0 0 0 0 1 0 0 0 0 1 0
4 25 20 -0.818445 -0.108177 0.564309 -0.358294 0.247342 0.820132 0.51595 -0.164386 -0.518622 0.561855 -0.644477 0.919023
4 26 0 1 0 0 0 0 1 0 0 0 0 1 0
4 27 0 1 0 0 0 0 1 0 0 0 0 1 0
4 28 0 1 0 0 0 0 1 0 0 0 0 1 0
4 29 0 1 0 0 0 0 1 0 0 0 0 1 0
4 30 0 1 0 0 0 0 1 0 0 0 0 1 0
4 31 0 1 0 0 0 0 1 0 0 0 0 1 0
4 32 0 1 0 0 0 0 1 0 0 0 0 1 0
4 33 0 1 0 0 0 0 1 0 0 0 0 1 0
4 34 0 1 0 0 0 0 1 0 0 0 0 1 0
4 35 0 1 0 0 0 0 1 0 0 0 0 1 0
4 36 0 1 0 0 0 0 1 0 0 0 0 1 0
4 37 11 0.996119 -0.0115135 0.0872646 -0.0787178 0.009522 0.999685 0.023203 0.308387 -0.0875043 -0.022282 0.995915 0.947999
4 38 0 1 0 0 0 0 1 0 0 0 0 1 0
4 39 16 0.984177 0.11908 0.131212 -0.0058556 -0.113073 0.992207 -0.0523469 0.259464 -0.136422 0.0366821 0.989971 0.965735
4 40 0 1 0 0 0 0 1 0 0 0 0 1 0
4 41 0 1 0 0 0 0 1 0 0 0 0 1 0
4 42 0 1 0 0 0 0 1 0 0 0 0 1 0
4 43 0 1 0 0 0 0 1 0 0 0 0 1 0
4 44 0 1 0 0 0 0 1 0 0 0 0 1 0
4 45 0 1 0 0 0 0 1 0 0 0 0 1 0
4 46 0 1 0 0 0 0 1 0 0 0 0 1 0
4 47 0 1 0 0 0 0 1 0 0 0 0 1 0
4 48 0 1 0 0 0 0 1 0 0 0 0 1 0
4 49 0 1 0 0 0 0 1 0 0 0 0 1 0
4 50 0 1 0 0 0 0 1 0 0 0 0 1 0
4 51 0 1 0 0 0 0 1 0 0 0 0 1 0
4 52 0 1 0 0 0 0 1 0 0 0 0 1 0
4 53 0 1 0 0 0 0 1 0 0 0 0 1 0
4 54 0 1 0 0 0 0 1 0 0 0 0 1 0
4 55 0 1 0 0 0 0 1 0 0 0 0 1 0
4 56 0 1 0 0 0 0 1 0 0 0 0 1 0
4 57 0 1 0 0 0 0 1 0 0 0 0 1 0
4 58 0 1 0 0 0 0 1 0 0 0 0 1 0
4 59 0 1 0 0 0 0 1 0 0 0 0 1 0
4 60 0 1 0 0 0 0 1 0 0 0 0 1 0
4 61 0 1 0 0 0 0 1 0 0 0 0 1 0
4 62 0 1 0 0 0 0 1 0 0 0 0 1 0
4 63 0 1 0 0 0 0 1 0 0 0 0 1 0
4 64 0 1 0 0 0 0 1 0 0 0 0 1 0
4 65 0 1 0 0 0 0 1 0 0 0 0 1 0
4 66 0 1 0 0 0 0 1 0 0 0 0 1 0
4 67 0 1 0 0 0 0 1 0 0 0 0 1 0
5 6 394 0.997427 0.0437435 -0.0567913 0.969173 -0.0427993 0.998926 0.0177378 0.197648 0.0575062 -0.0152615 0.998228 -0.1471
5 7 198 0.999734 -0.000353994 0.0230494 0.180311 0.000149633 0.999961 0.00886736 0.299237 -0.0230516 -0.00886155 0.999695 -0.936987
5 8 136 0.951744 0.138216 -0.274006 0.99779 -0.15276 0.987733 -0.0323647 -0.0594027 0.266171 0.07266 0.961183 -0.0297743
5 9 65 0.998454 -0.0362917 0.0420983 -0.145628 0.0358809 0.999301 0.0104733 -0.250602 -0.042449 -0.00894659 0.999059 0.957074
5 10 131 0.911691 0.0823934 -0.40253 0.973772 -0.102103 0.994388 -0.0277139 0.0293536 0.397988 0.0663662 0.914987 0.225625
5 11 53 0.956113 0.14497 -0.254622 0.988457 -0.152233 0.988304 -0.00894648 -0.15143 0.250347 0.0473158 0.966999 0.00468021
5 12 64 0.868002 0.167449 -0.467476 0.977906 -0.179278 0.983606 0.0194442 -0.122297 0.463068 0.0669307 0.883792 0.16954
5 13 63 0.709904 0.203099 -0.674379 0.939474 -0.179156 0.978096 0.105974 -0.195383 0.681131 0.0455875 0.730741 0.281449
5 14 0 1 0 0 0 0 1 0 0 0 0 1 0
5 15 28 0.839452 0.118413 -0.530375 -0.214841 -0.152454 0.988094 -0.0206921 -0.344739 0.52161 0.0982276 0.84751 0.913782
5 16 171 0.804092 0.376386 -0.460184 -0.0506265 0.154218 0.615508 0.772895 -0.988009 0.574154 -0.692447 0.436879 0.145863
5 17 87 0.778302 0.169706 -0.604521 0.309503 -0.165177 0.984209 0.0636353 0.231955 0.605774 0.0503255 0.794043 -0.922174
5 18 79 0.738126 0.211509 -0.640651 0.383915 -0.220616 0.973052 0.0670669 0.268839 0.637572 0.0918342 0.764897 -0.883365
5 19 0 1 0 0 0 0 1 0 0 0 0 1 0
5 20 0 1 0 0 0 0 1 0 0 0 0 1 0
5 21 0 1 0 0 0 0 1 0 0 0 0 1 0
5 22 0 1 0 0 0 0 1 0 0 0 0 1 0
5 23 0 1 0 0 0 0 1 0 0 0 0 1 0
5 24 0 1 0 0 0 0 1 0 0 0 0 1 0
5 25 0 1 0 0 0 0 1 0 0 0 0 1 0
5 26 0 1 0 0 0 0 1 0 0 0 0 1 0
5 27 0 1 0 0 0 0 1 0 0 0 0 1 0
5 28 0 1 0 0 0 0 1 0 0 0 0 1 0
5 29 0 1 0 0 0 0 1 0 0 0 0 1 0
5 30 0 1 0 0 0 0 1 0 0 0 0 1 0
5 31 0 1 0 0 0 0 1 0 0 0 0 1 0
5 32 19 0.791211 -0.401006 0.461714 0.384082 0.302499 0.912796 0.274403 -0.0130035 -0.531488 -0.0774426 0.843518 0.923207
5 33 0 1 0 0 0 0 1 0 0 0 0 1 0
5 34 0 1 0 0 0 0 1 0 0 0 0 1 0
5 35 0 1 0 0 0 0 1 0 0 0 0 1 0
5 36 0 1 0 0 0 0 1 0 0 0 0 1 0
5 37 0 1 0 0 0 0 1 0 0 0 0 1 0
5 38 0 1 0 0 0 0 1 0 0 0 0 1 0
5 39 19 0.987346 0.00468819 0.158513 -0.0134462 0.00159739 0.999218 -0.0395028 0.247512 -0.158574 0.0392561 0.986566 0.968792
5 40 14 0.990054 0.140285 0.0106042 0.0483666 -0.139584 0.988923 -0.0504813 0.275208 -0.0175685 0.0484991 0.998669 0.960167
5 41 0 1 0 0 0 0 1 0 0 0 0 1 0
5 42 19 0.981959 0.187593 0.0237803 -0.0134116 -0.186588 0.981659 -0.0391163 0.303366 -0.0306821 0.0339735 0.998952 0.95278
5 43 0 1 0 0 0 0 1 0 0 0 0 1 0
5 44 0 1 0 0 0 0 1 0 0 0 0 1 0
5 45 0 1 0 0 0 0 1 0 0 0 0 1 0
5 46 0 1 0 0 0 0 1 0 0 0 0 1 0
5 47 0 1 0 0 0 0 1 0 0 0 0 1 0
5 48 20 0.471687 -0.777012 0.416849 -0.0867107 -0.749531 -0.602324 -0.274606 0.365383 0.464451 -0.182914 -0.866503 0.92681
5 49 0 1 0 0 0 0 1 0 0 0 0 1 0
5 50 52 -0.644956 -0.755067 0.117925 -0.0207607 -0.65104 0.462047 -0.602212 0.328811 0.400224 -0.465174 -0.789579 0.944168
5 51 22 -0.851485 0.296957 0.432191 -0.34528 -0.0925175 0.726191 -0.681239 0.373984 -0.516152 -0.62005 -0.590868 0.860766
5 52 22 0.872768 0.485405 -0.0515576 -0.157755 -0.486635 0.873493 -0.0140072 0.364939 0.0382361 0.0373148 0.998572 0.917569
5 53 0 1 0 0 0 0 1 0 0 0 0 1 0
5 54 0 1 0 0 0 0 1 0 0 0 0 1 0
5 55 0 1 0 0 0 0 1 0 0 0 0 1 0
5 56 0 1 0 0 0 0 1 0 0 0 0 1 0
5 57 0 1 0 0 0 0 1 0 0 0 0 1 0
5 58 0 1 0 0 0 0 1 0 0 0 0 1 0
5 59 0 1 0 0 0 0 1 0 0 0 0 1 0
5 60 0 1 0 0 0 0 1 0 0 0 0 1 0
5 61 0 1 0 0 0 0 1 0 0 0 0 1 0
5 62 0 1 0 0 0 0 1 0 0 0 0 1 0
5 63 0 1 0 0 0 0 1 0 0 0 0 1 0
5 64 0 1 0 0 0 0 1 0 0 0 0 1 0
5 65 0 1 0 0 0 0 1 0 0 0 0 1 0
5 66 0 1 0 0 0 0 1 0 0 0 0 1 0
5 67 0 1 0 0 0 0 1 0 0 0 0 1 0
6 7 256 0.998517 0.0157028 -0.0521186 0.895213 -0.0162696 0.999813 -0.0104691 -0.00653567 0.0519444 0.0113015 0.998586 -0.445591
6 8 85 0.997921 0.0612312 0.0201149 0.175251 -0.0591462 0.994036 -0.0916159 0.3541 -0.0256047 0.0902357 0.995591 -0.91864
6 9 56 0.999504 -0.0265676 0.0168948 -0.176102 0.0270115 0.999281 -0.0266119 -0.24285 -0.0161756 0.0270551 0.999503 0.953946
6 10 77 0.99901 -0.0229513 -0.0381133 -0.19007 0.0219464 0.999406 -0.0265769 -0.459267 0.0387007 0.0257141 0.99892 0.867725
6 11 25 0.972756 0.115301 -0.201123 0.983236 -0.129195 0.98996 -0.0573331 -0.109094 0.192493 0.0817552 0.977887 0.146104
6 12 0 1 0 0 0 0 1 0 0 0 0 1 0
6 13 44 0.987914 0.150372 -0.0375964 0.301041 -0.152959 0.985027 -0.0795325 -0.287348 0.025074 0.084322 0.996123 0.909289
6 14 0 1 0 0 0 0 1 0 0 0 0 1 0
6 15 14 0.8529 0.114526 -0.509357 0.205893 -0.15289 0.98766 -0.0339393 0.175782 0.499185 0.106823 0.859886 -0.962657
6 16 48 0.818046 0.117181 -0.563089 -0.279729 -0.131674 0.99118 0.0149745 -0.30238 0.559878 0.0618946 0.82626 0.911218
6 17 123 0.603767 0.439083 -0.665336 0.305873 0.0650264 0.804723 0.590078 -0.924614 0.794505 -0.399534 0.457313 0.227004
6 18 102 0.748924 0.208833 -0.628889 0.527103 -0.223818 0.972988 0.0565597 0.226317 0.623713 0.0983977 0.775435 -0.819111
6 19 0 1 0 0 0 0 1 0 0 0 0 1 0
6 20 0 1 0 0 0 0 1 0 0 0 0 1 0
6 21 0 1 0 0 0 0 1 0 0 0 0 1 0
6 22 0 1 0 0 0 0 1 0 0 0 0 1 0
6 23 0 1 0 0 0 0 1 0 0 0 0 1 0
6 24 0 1 0 0 0 0 1 0 0 0 0 1 0
6 25 0 1 0 0 0 0 1 0 0 0 0 1 0
6 26 0 1 0 0 0 0 1 0 0 0 0 1 0
6 27 0 1 0 0 0 0 1 0 0 0 0 1 0
6 28 0 1 0 0 0 0 1 0 0 0 0 1 0
6 29 0 1 0 0 0 0 1 0 0 0 0 1 0
6 30 0 1 0 0 0 0 1 0 0 0 0 1 0
6 31 17 0.411173 0.841432 -0.350614 0.425816 0.910917 -0.393686 0.123452 0.0150135 -0.0341552 -0.37014 -0.928348 0.904685
6 32 27 0.848349 -0.141948 0.510053 0.370159 0.227804 0.967515 -0.109638 0.00980485 -0.477921 0.209204 0.853127 0.928917
6 33 40 0.86887 -0.302462 0.391894 0.335731 0.0969653 0.88029 0.464422 -0.188264 -0.485451 -0.365522 0.794186 0.922953
6 34 20 0.887106 -0.0570357 0.458029 0.302336 -0.0399431 0.979127 0.199286 -0.0245884 -0.459835 -0.195083 0.866311 0.952884
6 35 0 1 0 0 0 0 1 0 0 0 0 1 0
6 36 0 1 0 0 0 0 1 0 0 0 0 1 0
6 37 0 1 0 0 0 0 1 0 0 0 0 1 0
6 38 0 1 0 0 0 0 1 0 0 0 0 1 0
6 39 0 1 0 0 0 0 1 0 0 0 0 1 0
6 40 0 1 0 0 0 0 1 0 0 0 0 1 0
6 41 0 1 0 0 0 0 1 0 0 0 0 1 0
6 42 0 1 0 0 0 0 1 0 0 0 0 1 0
6 43 0 1 0 0 0 0 1 0 0 0 0 1 0
6 44 0 1 0 0 0 0 1 0 0 0 0 1 0
6 45 0 1 0 0 0 0 1 0 0 0 0 1 0
6 46 0 1 0 0 0 0 1 0 0 0 0 1 0
6 47 0 1 0 0 0 0 1 0 0 0 0 1 0
6 48 0 1 0 0 0 0 1 0 0 0 0 1 0
6 49 0 1 0 0 0 0 1 0 0 0 0 1 0
6 50 0 1 0 0 0 0 1 0 0 0 0 1 0
6 51 0 1 0 0 0 0 1 0 0 0 0 1 0
6 52 0 1 0 0 0 0 1 0 0 0 0 1 0
6 53 0 1 0 0 0 0 1 0 0 0 0 1 0
6 54 0 1 0 0 0 0 1 0 0 0 0 1 0
6 55 0 1 0 0 0 0 1 0 0 0 0 1 0
6 56 0 1 0 0 0 0 1 0 0 0 0 1 0
6 57 0 1 0 0 0 0 1 0 0 0 0 1 0
6 58 0 1 0 0 0 0 1 0 0 0 0 1 0
6 59 0 1 0 0 0 0 1 0 0 0 0 1 0
6 60 0 1 0 0 0 0 1 0 0 0 0 1 0
6 61 0 1 0 0 0 0 1 0 0 0 0 1 0
6 62 0 1 0 0 0 0 1 0 0 0 0 1 0
6 63 0 1 0 0 0 0 1 0 0 0 0 1 0
6 64 0 1 0 0 0 0 1 0 0 0 0 1 0
6 65 0 1 0 0 0 0 1 0 0 0 0 1 0
6 66 0 1 0 0 0 0 1 0 0 0 0 1 0
6 67 0 1 0 0 0 0 1 0 0 0 0 1 0
7 8 217 0.991652 0.0897609 -0.09257 0.982753 -0.0960025 0.993235 -0.0653288 -0.0931759 0.0860798 0.0736704 0.993561 0.159732
7 9 159 0.999649 -0.0151198 0.0217581 -0.149098 0.0152698 0.999861 -0.00674328 -0.240226 -0.0216531 0.00707315 0.999741 0.959198
7 10 113 0.99911 -0.0157626 -0.0391248 -0.204155 0.0150103 0.999698 -0.0194479 -0.168827 0.0394195 0.0188433 0.999045 0.964271
7 11 117 0.893478 0.0837267 -0.441233 0.946515 -0.106288 0.993979 -0.0266148 -0.0829938 0.436348 0.0706775 0.896998 0.311803
7 12 63 0.98807 0.148868 0.0394383 -0.705587 -0.145598 0.986438 -0.0757648 0.201942 -0.0501824 0.0691188 0.996345 0.679239
7 13 72 0.910228 0.153996 -0.384408 0.984724 -0.168911 0.985618 -0.0051171 -0.122967 0.378092 0.0695887 0.923149 0.123283
7 14 42 0.942039 0.181695 -0.282044 0.983968 -0.193558 0.980981 -0.0145369 -0.176984 0.274039 0.0682863 0.959291 0.0219766
7 15 27 0.994989 0.0977881 -0.0208195 -0.240592 -0.0990422 0.992503 -0.0716123 0.282123 0.0136605 0.0733155 0.997215 -0.928721
7 16 77 0.604908 0.23397 -0.761147 0.937344 -0.247109 0.963826 0.0998861 -0.0888943 0.756983 0.127665 0.640842 0.336873
7 17 51 0.822178 0.186096 -0.537951 0.343838 -0.176827 0.981793 0.0693819 0.194906 0.541069 0.0380802 0.840116 -0.918579
7 18 66 0.984306 0.0205584 0.175269 -0.9913 -0.0171653 0.999635 -0.0208532 0.00352648 -0.175634 0.0175173 0.9843 0.131575
7 19 43 -0.0847109 0.243462 -0.966204 0.599479 -0.263199 0.929781 0.25736 -0.212839 0.961015 0.276105 -0.0146837 0.771573
7 20 0 1 0 0 0 0 1 0 0 0 0 1 0
7 21 0 1 0 0 0 0 1 0 0 0 0 1 0
7 22 0 1 0 0 0 0 1 0 0 0 0 1 0
7 23 0 1 0 0 0 0 1 0 0 0 0 1 0
7 24 0 1 0 0 0 0 1 0 0 0 0 1 0
7 25 20 0.992242 0.119652 0.0337532 -0.341869 0.124047 -0.970907 -0.204821 -0.104924 0.00826404 0.207419 -0.978217 0.933872
7 26 0 1 0 0 0 0 1 0 0 0 0 1 0
7 27 0 1 0 0 0 0 1 0 0 0 0 1 0
7 28 0 1 0 0 0 0 1 0 0 0 0 1 0
7 29 0 1 0 0 0 0 1 0 0 0 0 1 0
7 30 0 1 0 0 0 0 1 0 0 0 0 1 0
7 31 0 1 0 0 0 0 1 0 0 0 0 1 0
7 32 53 0.954612 0.295429 0.0379137 0.343625 0.188392 -0.500288 -0.845116 0.234748 -0.230704 0.8139 -0.533237 0.909294
7 33 10 0.769455 0.321762 0.551732 0.336615 -0.444919 0.889792 0.101577 0.0156308 -0.458243 -0.323635 0.827812 0.941512
7 34 0 1 0 0 0 0 1 0 0 0 0 1 0
7 35 0 1 0 0 0 0 1 0 0 0 0 1 0
7 36 0 1 0 0 0 0 1 0 0 0 0 1 0
7 37 14 0.960154 0.0156342 0.279035 -0.102453 0.00237824 -0.998855 0.0477819 -0.182084 0.279462 -0.0452144 -0.959092 0.977931
7 38 0 1 0 0 0 0 1 0 0 0 0 1 0
7 39 0 1 0 0 0 0 1 0 0 0 0 1 0
7 40 0 1 0 0 0 0 1 0 0 0 0 1 0
7 41 0 1 0 0 0 0 1 0 0 0 0 1 0
7 42 0 1 0 0 0 0 1 0 0 0 0 1 0
7 43 0 1 0 0 0 0 1 0 0 0 0 1 0
7 44 0 1 0 0 0 0 1 0 0 0 0 1 0
7 45 0 1 0 0 0 0 1 0 0 0 0 1 0
7 46 0 1 0 0 0 0 1 0 0 0 0 1 0
7 47 0 1 0 0 0 0 1 0 0 0 0 1 0
7 48 0 1 0 0 0 0 1 0 0 0 0 1 0
7 49 0 1 0 0 0 0 1 0 0 0 0 1 0
7 50 0 1 0 0 0 0 1 0 0 0 0 1 0
7 51 0 1 0 0 0 0 1 0 0 0 0 1 0
7 52 0 1 0 0 0 0 1 0 0 0 0 1 0
7 53 0 1 0 0 0 0 1 0 0 0 0 1 0
7 54 0 1 0 0 0 0 1 0 0 0 0 1 0
7 55 0 1 0 0 0 0 1 0 0 0 0 1 0
7 56 0 1 0 0 0 0 1 0 0 0 0 1 0
7 57 0 1 0 0 0 0 1 0 0 0 0 1 0
7 58 0 1 0 0 0 0 1 0 0 0 0 1 0
7 59 0 1 0 0 0 0 1 0 0 0 0 1 0
7 60 0 1 0 0 0 0 1 0 0 0 0 1 0
7 61 0 1 0 0 0 0 1 0 0 0 0 1 0
7 62 0 1 0 0 0 0 1 0 0 0 0 1 0
7 63 0 1 0 0 0 0 1 0 0 0 0 1 0
7 64 0 1 0 0 0 0 1 0 0 0 0 1 0
7 65 0 1 0 0 0 0 1 0 0 0 0 1 0
7 66 0 1 0 0 0 0 1 0 0 0 0 1 0
7 67 0 1 0 0 0 0 1 0 0 0 0 1 0
8 9 228 0.995722 -0.0862189 -0.033233 0.208812 0.0874218 0.995498 0.0366207 0.314769 0.029926 -0.0393693 0.998776 0.925915
8 10 220 0.982954 -0.0211392 -0.182634 0.841353 0.0291213 0.998729 0.0411343 -0.0599243 0.181532 -0.0457517 0.98232 0.537153
8 11 154 0.960088 -0.00167625 -0.279694 0.950195 0.00563131 0.999895 0.0133377 0.0145204 0.279642 -0.0143804 0.959997 0.311317
8 12 115 0.930644 0.0183885 -0.365464 0.95951 0.0048562 0.998028 0.0625826 -0.129569 0.365894 -0.0600169 0.928719 0.250104
8 13 112 0.722207 0.0806423 -0.68696 0.940373 0.0102148 0.991828 0.12717 -0.15427 0.691602 -0.0988601 0.715481 0.303149
8 14 24 0.985511 0.169227 -0.011422 -0.498621 -0.168953 0.985384 0.0217521 0.181648 0.0149361 -0.0195072 0.999698 0.847574
8 15 42 0.990572 -0.1284 -0.0477489 -0.278373 0.128592 0.991697 0.000966232 0.168429 0.0472284 -0.00709725 0.998859 -0.94559
8 16 14 0.999986 -0.00440464 -0.00276694 -0.298733 0.0046213 0.996463 0.0839089 0.222655 0.00238756 -0.0839206 0.99647 -0.928
8 17 0 1 0 0 0 0 1 0 0 0 0 1 0
8 18 20 0.963336 -0.197555 -0.181539 0.341127 -0.0454894 0.546568 -0.836178 0.794244 0.264414 0.813779 0.517542 0.5028
8 19 14 0.974039 -0.173217 0.145749 -0.0412299 0.165547 0.984169 0.063296 0.298444 -0.154406 -0.0375244 0.987295 -0.953536
8 20 0 1 0 0 0 0 1 0 0 0 0 1 0
8 21 0 1 0 0 0 0 1 0 0 0 0 1 0
8 22 0 1 0 0 0 0 1 0 0 0 0 1 0
8 23 0 1 0 0 0 0 1 0 0 0 0 1 0
8 24 0 1 0 0 0 0 1 0 0 0 0 1 0
8 25 0 1 0 0 0 0 1 0 0 0 0 1 0
8 26 0 1 0 0 0 0 1 0 0 0 0 1 0
8 27 0 1 0 0 0 0 1 0 0 0 0 1 0
8 28 0 1 0 0 0 0 1 0 0 0 0 1 0
8 29 0 1 0 0 0 0 1 0 0 0 0 1 0
8 30 0 1 0 0 0 0 1 0 0 0 0 1 0
8 31 0 1 0 0 0 0 1 0 0 0 0 1 0
8 32 14 -0.0564307 -0.905002 0.421648 0.430653 0.990997 0.000584539 0.133883 0.00085131 -0.121411 0.425407 0.896821 0.902517
8 33 0 1 0 0 0 0 1 0 0 0 0 1 0
8 34 0 1 0 0 0 0 1 0 0 0 0 1 0
8 35 0 1 0 0 0 0 1 0 0 0 0 1 0
8 36 0 1 0 0 0 0 1 0 0 0 0 1 0
8 37 0 1 0 0 0 0 1 0 0 0 0 1 0
8 38 0 1 0 0 0 0 1 0 0 0 0 1 0
8 39 0 1 0 0 0 0 1 0 0 0 0 1 0
8 40 0 1 0 0 0 0 1 0 0 0 0 1 0
8 41 0 1 0 0 0 0 1 0 0 0 0 1 0
8 42 0 1 0 0 0 0 1 0 0 0 0 1 0
8 43 0 1 0 0 0 0 1 0 0 0 0 1 0
8 44 0 1 0 0 0 0 1 0 0 0 0 1 0
8 45 0 1 0 0 0 0 1 0 0 0 0 1 0
8 46 0 1 0 0 0 0 1 0 0 0 0 1 0
8 47 0 1 0 0 0 0 1 0 0 0 0 1 0
8 48 0 1 0 0 0 0 1 0 0 0 0 1 0
8 49 0 1 0 0 0 0 1 0 0 0 0 1 0
8 50 0 1 0 0 0 0 1 0 0 0 0 1 0
8 51 0 1 0 0 0 0 1 0 0 0 0 1 0
8 52 25 0.724587 0.308949 0.616055 0.193922 -0.0613661 0.919263 -0.38883 0.23712 -0.686445 0.243937 0.685046 0.951929
8 53 21 0.765536 -0.237618 0.597907 0.209509 0.534606 0.751985 -0.385636 0.225949 -0.357983 0.614862 0.702704 0.951343
8 54 0 1 0 0 0 0 1 0 0 0 0 1 0
8 55 0 1 0 0 0 0 1 0 0 0 0 1 0
8 56 0 1 0 0 0 0 1 0 0 0 0 1 0
8 57 0 1 0 0 0 0 1 0 0 0 0 1 0
8 58 0 1 0 0 0 0 1 0 0 0 0 1 0
8 59 0 1 0 0 0 0 1 0 0 0 0 1 0
8 60 0 1 0 0 0 0 1 0 0 0 0 1 0
8 61 0 1 0 0 0 0 1 0 0 0 0 1 0
8 62 0 1 0 0 0 0 1 0 0 0 0 1 0
8 63 0 1 0 0 0 0 1 0 0 0 0 1 0
8 64 0 1 0 0 0 0 1 0 0 0 0 1 0
8 65 0 1 0 0 0 0 1 0 0 0 0 1 0
8 66 0 1 0 0 0 0 1 0 0 0 0 1 0
8 67 0 1 0 0 0 0 1 0 0 0 0 1 0
9 10 160 0.998262 0.00878066 -0.058282 -0.189253 -0.010016 0.999731 -0.0209372 -0.18662 0.0580825 0.0214845 0.998081 0.964031
9 11 208 0.985375 0.0483388 -0.163398 0.969181 -0.0547068 0.997899 -0.0346976 -0.0123308 0.161378 0.0431292 0.98595 -0.246041
9 12 127 1 8.40367e-05 0.000917564 -0.0782174 -1.9429e-05 0.997534 -0.0701865 0.787342 -0.000921199 0.0701864 0.997533 0.611535
9 13 32 0.999969 -0.00450217 -0.00638498 0.141567 0.0044031 0.999871 -0.015447 -0.0140677 0.0064537 0.0154185 0.99986 -0.989829
9 14 78 0.998203 -0.0107501 0.0589457 -0.165924 0.00227025 0.989853 0.142078 -0.709399 -0.059875 -0.141689 0.988099 0.684998
9 15 41 0.999115 -0.0403856 -0.0117366 -0.213086 0.0401583 0.999013 -0.0189998 -0.268264 0.0124923 0.0185117 0.999751 -0.939483
9 16 36 0.995166 -0.00942728 0.0977525 -0.0553606 0.00887096 0.999942 0.0061242 -0.236994 -0.0978046 -0.00522744 0.995192 0.969933
9 17 17 0.995436 0.0663945 0.0685448 0.334122 -0.069471 0.996634 0.0435179 -0.219752 -0.0654248 -0.0480812 0.996698 0.916554
9 18 0 1 0 0 0 0 1 0 0 0 0 1 0
9 19 41 0.985212 -0.0529753 0.162942 -0.0033581 0.133474 0.833586 -0.536022 0.879302 -0.107431 0.549844 0.82833 0.476254
9 20 0 1 0 0 0 0 1 0 0 0 0 1 0
9 21 0 1 0 0 0 0 1 0 0 0 0 1 0
9 22 0 1 0 0 0 0 1 0 0 0 0 1 0
9 23 0 1 0 0 0 0 1 0 0 0 0 1 0
9 24 0 1 0 0 0 0 1 0 0 0 0 1 0
9 25 0 1 0 0 0 0 1 0 0 0 0 1 0
9 26 37 0.926637 0.122711 0.355366 0.13811 0.180926 0.683026 -0.707631 0.550207 -0.329558 0.720012 0.610716 0.823528
9 27 0 1 0 0 0 0 1 0 0 0 0 1 0
9 28 0 1 0 0 0 0 1 0 0 0 0 1 0
9 29 0 1 0 0 0 0 1 0 0 0 0 1 0
9 30 0 1 0 0 0 0 1 0 0 0 0 1 0
9 31 0 1 0 0 0 0 1 0 0 0 0 1 0
9 32 25 -0.774664 0.342715 -0.531452 0.376557 0.441164 0.895003 -0.0659012 0.0218098 0.453066 -0.285509 -0.844521 0.926137
9 33 0 1 0 0 0 0 1 0 0 0 0 1 0
9 34 0 1 0 0 0 0 1 0 0 0 0 1 0
9 35 0 1 0 0 0 0 1 0 0 0 0 1 0
9 36 0 1 0 0 0 0 1 0 0 0 0 1 0
9 37 12 -0.931443 -0.357675 -0.0669476 -0.110824 -0.361428 0.888007 0.284276 -0.234947 -0.0422286 0.288984 -0.956402 0.96567
9 38 0 1 0 0 0 0 1 0 0 0 0 1 0
9 39 0 1 0 0 0 0 1 0 0 0 0 1 0
9 40 0 1 0 0 0 0 1 0 0 0 0 1 0
9 41 0 1 0 0 0 0 1 0 0 0 0 1 0
9 42 0 1 0 0 0 0 1 0 0 0 0 1 0
9 43 0 1 0 0 0 0 1 0 0 0 0 1 0
9 44 0 1 0 0 0 0 1 0 0 0 0 1 0
9 45 0 1 0 0 0 0 1 0 0 0 0 1 0
9 46 0 1 0 0 0 0 1 0 0 0 0 1 0
9 47 0 1 0 0 0 0 1 0 0 0 0 1 0
9 48 0 1 0 0 0 0 1 0 0 0 0 1 0
9 49 0 1 0 0 0 0 1 0 0 0 0 1 0
9 50 0 1 0 0 0 0 1 0 0 0 0 1 0
9 51 0 1 0 0 0 0 1 0 0 0 0 1 0
9 52 0 1 0 0 0 0 1 0 0 0 0 1 0
9 53 0 1 0 0 0 0 1 0 0 0 0 1 0
9 54 0 1 0 0 0 0 1 0 0 0 0 1 0
9 55 0 1 0 0 0 0 1 0 0 0 0 1 0
9 56 0 1 0 0 0 0 1 0 0 0 0 1 0
9 57 0 1 0 0 0 0 1 0 0 0 0 1 0
9 58 0 1 0 0 0 0 1 0 0 0 0 1 0
9 59 0 1 0 0 0 0 1 0 0 0 0 1 0
9 60 0 1 0 0 0 0 1 0 0 0 0 1 0
9 61 0 1 0 0 0 0 1 0 0 0 0 1 0
9 62 0 1 0 0 0 0 1 0 0 0 0 1 0
9 63 0 1 0 0 0 0 1 0 0 0 0 1 0
9 64 0 1 0 0 0 0 1 0 0 0 0 1 0
9 65 0 1 0 0 0 0 1 0 0 0 0 1 0
9 66 0 1 0 0 0 0 1 0 0 0 0 1 0
9 67 0 1 0 0 0 0 1 0 0 0 0 1 0
10 11 275 0.997363 0.0188987 -0.0700662 0.987152 -0.0203132 0.999603 -0.0195311 -0.0211386 0.0696693 0.0209029 0.997351 -0.158378
10 12 227 0.990801 0.0416946 -0.128742 0.988241 -0.045199 0.99868 -0.0244184 0.0303148 0.127554 0.0300128 0.991377 -0.14987
10 13 103 0.992346 0.0599013 0.107985 -0.118964 -0.113067 0.792325 0.599531 -0.810367 -0.0496468 -0.607152 0.793033 0.573719
10 14 105 0.994197 -0.0417504 0.0991416 -0.0234771 0.0736462 0.935934 -0.344388 0.990668 -0.0784117 0.349691 0.933578 0.134258
10 15 71 0.997504 -0.0385137 0.0591892 0.249284 0.0423091 0.997035 -0.0642678 0.0929818 -0.0565385 0.0666116 0.996176 0.963956
10 16 28 0.996267 -0.0451337 0.0735864 0.309585 0.0440599 0.998898 0.0161517 -0.225994 -0.0742343 -0.0128492 0.997158 0.923625
10 17 31 0.972911 -0.0242036 0.22991 0.00807428 0.0139816 0.998844 0.0459863 -0.214319 -0.230757 -0.0415261 0.972125 0.97673
10 18 29 0.963238 -0.107397 0.24625 0.0735338 0.109712 0.993954 0.00434326 0.330567 -0.245227 0.0228329 0.969197 -0.940913
10 19 90 -0.353072 0.435027 -0.828307 0.506744 -0.248828 0.809778 0.53136 -0.344889 0.901901 0.393714 -0.177663 0.790103
10 20 53 -0.195873 -0.783511 -0.589698 0.0957753 -0.980122 0.175757 0.0920337 0.110981 0.0315344 0.596003 -0.802363 0.989197
10 21 57 0.898629 -0.186179 0.397244 -0.751058 -0.317284 0.349534 0.881565 -0.577567 -0.302979 -0.918239 0.25503 0.319889
10 22 27 0.379877 -0.893411 -0.239814 -0.237361 -0.893286 -0.421636 0.155765 -0.0398125 -0.240276 0.155051 -0.958241 0.970605
10 23 17 -0.451335 -0.87053 0.196149 0.2195 0.831019 -0.490119 -0.263041 -0.0276223 0.325122 0.0442839 0.944635 0.975221
10 24 0 1 0 0 0 0 1 0 0 0 0 1 0
10 25 0 1 0 0 0 0 1 0 0 0 0 1 0
10 26 0 1 0 0 0 0 1 0 0 0 0 1 0
10 27 0 1 0 0 0 0 1 0 0 0 0 1 0
10 28 0 1 0 0 0 0 1 0 0 0 0 1 0
10 29 0 1 0 0 0 0 1 0 0 0 0 1 0
10 30 0 1 0 0 0 0 1 0 0 0 0 1 0
10 31 0 1 0 0 0 0 1 0 0 0 0 1 0
10 32 0 1 0 0 0 0 1 0 0 0 0 1 0
10 33 0 1 0 0 0 0 1 0 0 0 0 1 0
10 34 0 1 0 0 0 0 1 0 0 0 0 1 0
10 35 0 1 0 0 0 0 1 0 0 0 0 1 0
10 36 0 1 0 0 0 0 1 0 0 0 0 1 0
10 37 0 1 0 0 0 0 1 0 0 0 0 1 0
10 38 0 1 0 0 0 0 1 0 0 0 0 1 0
10 39 0 1 0 0 0 0 1 0 0 0 0 1 0
10 40 0 1 0 0 0 0 1 0 0 0 0 1 0
10 41 0 1 0 0 0 0 1 0 0 0 0 1 0
10 42 0 1 0 0 0 0 1 0 0 0 0 1 0
10 43 0 1 0 0 0 0 1 0 0 0 0 1 0
10 44 0 1 0 0 0 0 1 0 0 0 0 1 0
10 45 0 1 0 0 0 0 1 0 0 0 0 1 0
10 46 0 1 0 0 0 0 1 0 0 0 0 1 0
10 47 0 1 0 0 0 0 1 0 0 0 0 1 0
10 48 0 1 0 0 0 0 1 0 0 0 0 1 0
10 49 0 1 0 0 0 0 1 0 0 0 0 1 0
10 50 0 1 0 0 0 0 1 0 0 0 0 1 0
10 51 0 1 0 0 0 0 1 0 0 0 0 1 0
10 52 0 1 0 0 0 0 1 0 0 0 0 1 0
10 53 0 1 0 0 0 0 1 0 0 0 0 1 0
10 54 0 1 0 0 0 0 1 0 0 0 0 1 0
10 55 0 1 0 0 0 0 1 0 0 0 0 1 0
10 56 0 1 0 0 0 0 1 0 0 0 0 1 0
10 57 0 1 0 0 0 0 1 0 0 0 0 1 0
10 58 0 1 0 0 0 0 1 0 0 0 0 1 0
10 59 0 1 0 0 0 0 1 0 0 0 0 1 0
10 60 0 1 0 0 0 0 1 0 0 0 0 1 0
10 61 0 1 0 0 0 0 1 0 0 0 0 1 0
10 62 0 1 0 0 0 0 1 0 0 0 0 1 0
10 63 0 1 0 0 0 0 1 0 0 0 0 1 0
10 64 0 1 0 0 0 0 1 0 0 0 0 1 0
10 65 0 1 0 0 0 0 1 0 0 0 0 1 0
10 66 0 1 0 0 0 0 1 0 0 0 0 1 0
10 67 0 1 0 0 0 0 1 0 0 0 0 1 0
11 12 433 0.99728 0.0381064 -0.0630901 0.993981 -0.0381365 0.999272 0.000727061 -0.0106274 0.0630719 0.00168095 0.998008 -0.109038
11 13 282 0.98943 0.0448368 -0.137906 0.987596 -0.0470704 0.998807 -0.0129763 0.0837791 0.13716 0.0193304 0.99036 -0.132799
11 14 156 0.983265 0.151829 -0.100688 0.932793 -0.148026 0.987992 0.0442709 -0.347697 0.106201 -0.0286255 0.993933 -0.0948878
11 15 101 0.926895 0.154989 -0.341823 0.949259 -0.115942 0.984449 0.131976 -0.28956 0.356963 -0.082696 0.930451 0.122727
11 16 10 0.97808 -0.165041 0.126966 0.0357102 0.15745 0.985202 0.0677278 0.264636 -0.136265 -0.0462524 0.989592 -0.963687
11 17 16 0.981018 0.00572829 0.193833 -0.153125 -0.0195219 0.997403 0.0693275 -0.1934 -0.192932 -0.0717955 0.978582 0.969097
11 18 0 1 0 0 0 0 1 0 0 0 0 1 0
11 19 30 -0.370669 -0.678411 -0.634321 0.227876 -0.874348 0.485233 -0.00803133 -0.112691 0.313242 0.55164 -0.773028 0.967147
11 20 31 0.826249 0.217595 -0.519582 -0.512938 -0.172941 0.975822 0.133648 0.181816 0.536101 -0.020569 0.843904 -0.83895
11 21 86 0.989766 0.126251 0.0665172 -0.995377 -0.133622 0.98356 0.121471 -0.0842642 -0.0500878 -0.129116 0.990364 0.0460862
11 22 39 0.789095 0.270939 -0.55129 0.313709 -0.231069 0.962478 0.142281 0.0747209 0.569154 0.0151128 0.822092 -0.946575
11 23 39 -0.610102 0.322279 -0.723817 0.511727 -0.10324 0.873415 0.475908 -0.256232 0.785568 0.365079 -0.4996 0.820049
11 24 14 0.717212 0.227363 -0.65872 0.365619 -0.170304 0.973801 0.15069 0.174514 0.675724 0.00410595 0.737143 -0.914258
11 25 0 1 0 0 0 0 1 0 0 0 0 1 0
11 26 0 1 0 0 0 0 1 0 0 0 0 1 0
11 27 0 1 0 0 0 0 1 0 0 0 0 1 0
11 28 0 1 0 0 0 0 1 0 0 0 0 1 0
11 29 0 1 0 0 0 0 1 0 0 0 0 1 0
11 30 0 1 0 0 0 0 1 0 0 0 0 1 0
11 31 0 1 0 0 0 0 1 0 0 0 0 1 0
11 32 0 1 0 0 0 0 1 0 0 0 0 1 0
11 33 0 1 0 0 0 0 1 0 0 0 0 1 0
11 34 0 1 0 0 0 0 1 0 0 0 0 1 0
11 35 0 1 0 0 0 0 1 0 0 0 0 1 0
11 36 0 1 0 0 0 0 1 0 0 0 0 1 0
11 37 0 1 0 0 0 0 1 0 0 0 0 1 0
11 38 16 0.950756 0.271547 0.149415 0.243778 -0.247973 0.955648 -0.15889 -0.175858 -0.185934 0.114015 0.975925 0.953754
11 39 0 1 0 0 0 0 1 0 0 0 0 1 0
11 40 0 1 0 0 0 0 1 0 0 0 0 1 0
11 41 0 1 0 0 0 0 1 0 0 0 0 1 0
11 42 0 1 0 0 0 0 1 0 0 0 0 1 0
11 43 0 1 0 0 0 0 1 0 0 0 0 1 0
11 44 0 1 0 0 0 0 1 0 0 0 0 1 0
11 45 0 1 0 0 0 0 1 0 0 0 0 1 0
11 46 0 1 0 0 0 0 1 0 0 0 0 1 0
11 47 0 1 0 0 0 0 1 0 0 0 0 1 0
11 48 21 -0.856863 0.301981 0.417842 -0.101642 0.00666788 0.816913 -0.576723 0.315029 -0.5155 -0.491386 -0.701996 0.943624
11 49 14 0.998639 0.00717679 0.0516572 0.23471 -0.00718385 0.999974 -4.89944e-05 0.271891 -0.0516562 -0.00032217 0.998665 0.933267
11 50 0 1 0 0 0 0 1 0 0 0 0 1 0
11 51 56 0.981468 0.178939 -0.0685613 0.487563 -0.179522 0.983751 -0.0023965 0.12349 0.0670184 0.0146604 0.997644 0.86431
11 52 13 0.986418 0.154511 0.0557292 0.27308 -0.153993 0.98798 -0.0135062 0.221167 -0.0571462 0.00474089 0.998355 0.936222
11 53 20 0.932212 0.361199 -0.0227032 0.241131 -0.360364 0.932193 0.0339714 0.214844 0.0334342 -0.0234871 0.999165 0.946413
11 54 0 1 0 0 0 0 1 0 0 0 0 1 0
11 55 25 0.926125 -0.354753 0.128229 0.426211 0.359505 0.933018 -0.0152561 -0.23474 -0.114228 0.060228 0.991627 0.873637
11 56 0 1 0 0 0 0 1 0 0 0 0 1 0
