0 1 479 0.999922 0.00619362 -0.0108427 0.989432 -0.00641654 0.999766 -0.020647 0.0872893 0.0107122 0.020715 0.999728 -0.115783
0 2 1137 0.994775 0.0403895 -0.0937662 0.964391 -0.0443918 0.998173 -0.0409975 0.0836113 0.091939 0.0449458 0.99475 -0.250918
0 3 711 0.987598 0.0508661 -0.148536 0.948933 -0.0515281 0.998671 -0.000609678 0.0568043 0.148308 0.00825591 0.988907 -0.310322
0 4 286 0.974732 0.102733 -0.198352 0.983986 -0.101466 0.994701 0.0165711 -0.0023297 0.199003 0.00397356 0.979991 -0.17823
0 5 144 0.986455 0.0941633 -0.134309 0.932409 -0.0946388 0.995508 0.00285415 0.0419055 0.133974 0.00989535 0.990935 -0.358967
0 6 79 0.980921 -0.179443 0.0747933 0.0802785 0.0851904 0.742582 0.664315 -0.991496 -0.174747 -0.645269 0.743702 0.102424
0 7 39 0.997591 0.0666263 0.0193405 0.0764035 -0.0674288 0.996739 0.0443233 -0.134557 -0.0163243 -0.0455206 0.99883 -0.987956
0 8 28 -0.744369 -0.245803 0.620883 -0.351855 -0.399111 0.909207 -0.118541 0.0414511 -0.535374 -0.33604 -0.774888 0.935136
0 9 22 0.265728 0.380332 0.885853 -0.720774 -0.368244 0.889256 -0.271332 0.245498 -0.890946 -0.254109 0.376355 0.64824
0 10 27 -0.489253 -0.0131749 -0.872043 0.544837 -0.287175 0.94656 0.146817 -0.111321 0.823506 0.32226 -0.46689 0.83112
0 11 22 -0.979948 -0.199252 -0.00074256 -0.0114319 -0.195648 0.962916 -0.18578 0.0818316 0.0377322 -0.18191 -0.982591 0.996581
0 12 24 -0.945067 -0.270987 -0.182795 0.083828 -0.267217 0.962565 -0.0454304 0.00986312 0.188263 0.00591107 -0.982101 0.996431
0 13 13 0.928075 0.368649 -0.052684 -0.0793156 -0.36937 0.929272 -0.00431978 0.107567 0.0473653 0.023469 0.998602 0.991029
0 14 24 0.559081 0.220366 0.799292 -0.923303 -0.279211 0.957765 -0.068757 0.0366456 -0.780685 -0.18473 0.596997 -0.382319
0 15 19 0.709314 0.238234 -0.663414 -0.213996 -0.289506 0.956573 0.0339727 -0.17115 0.642698 0.167965 0.747481 0.961724
0 16 29 0.671078 0.310715 -0.673135 0.0940001 -0.324103 0.939538 0.110572 0.153915 0.666792 0.143963 0.731207 -0.983603
0 17 92 0.563427 0.237786 -0.791206 0.843421 -0.245516 0.962611 0.114465 -0.0238263 0.788842 0.129761 0.600742 0.536725
0 18 35 0.892982 0.298388 -0.336969 -0.962195 -0.290929 0.953901 0.0737108 0.0948087 0.34343 0.0322116 0.938626 -0.255326
0 19 0 1 0 0 0 0 1 0 0 0 0 1 0
0 20 38 0.986471 0.136287 -0.0911129 0.225642 0.135425 -0.990665 -0.0156014 -0.200001 -0.0923886 0.00305132 -0.995718 0.95346
0 21 0 1 0 0 0 0 1 0 0 0 0 1 0
0 22 0 1 0 0 0 0 1 0 0 0 0 1 0
0 23 0 1 0 0 0 0 1 0 0 0 0 1 0
0 24 0 1 0 0 0 0 1 0 0 0 0 1 0
0 25 0 1 0 0 0 0 1 0 0 0 0 1 0
0 26 70 -0.127201 -0.91835 0.37477 -0.161782 -0.991828 0.114014 -0.0572509 -0.160334 0.00984718 -0.37899 -0.925349 0.973714
0 27 0 1 0 0 0 0 1 0 0 0 0 1 0
0 28 31 -0.131573 -0.982574 -0.131291 0.364067 0.693318 -0.185872 0.696248 -0.129121 -0.708518 0.000581069 0.705692 0.922379
0 29 0 1 0 0 0 0 1 0 0 0 0 1 0
0 30 0 1 0 0 0 0 1 0 0 0 0 1 0
0 31 0 1 0 0 0 0 1 0 0 0 0 1 0
0 32 0 1 0 0 0 0 1 0 0 0 0 1 0
0 33 12 -0.89121 -0.3422 -0.297732 -0.242511 0.407615 -0.892149 -0.194729 -0.245806 -0.198985 -0.294905 0.934578 0.938492
0 34 0 1 0 0 0 0 1 0 0 0 0 1 0
0 35 0 1 0 0 0 0 1 0 0 0 0 1 0
0 36 0 1 0 0 0 0 1 0 0 0 0 1 0
0 37 0 1 0 0 0 0 1 0 0 0 0 1 0
0 38 0 1 0 0 0 0 1 0 0 0 0 1 0
0 39 37 -0.184059 0.288407 -0.939651 -0.309072 -0.280175 0.900929 0.331403 0.241015 0.942138 0.324265 -0.0850195 0.919992
0 40 0 1 0 0 0 0 1 0 0 0 0 1 0
0 41 0 1 0 0 0 0 1 0 0 0 0 1 0
0 42 0 1 0 0 0 0 1 0 0 0 0 1 0
0 43 0 1 0 0 0 0 1 0 0 0 0 1 0
0 44 0 1 0 0 0 0 1 0 0 0 0 1 0
0 45 19 -0.12746 -0.981038 0.14601 -0.0741501 -0.853306 0.183503 0.488053 -0.235527 -0.505592 -0.0623841 -0.860515 0.969035
0 46 0 1 0 0 0 0 1 0 0 0 0 1 0
0 47 24 0.49761 -0.712598 0.494558 0.370436 0.519169 0.701437 0.488313 0.036725 -0.694872 0.0137694 0.719001 0.928132
0 48 0 1 0 0 0 0 1 0 0 0 0 1 0
0 49 0 1 0 0 0 0 1 0 0 0 0 1 0
0 50 44 0.415359 -0.855496 0.309198 0.272722 0.64072 0.516422 0.568142 0.188545 -0.64572 -0.0378735 0.762635 0.943437
0 51 46 0.363598 0.451773 0.814676 0.303712 0.149888 -0.89151 0.427484 0.119384 0.919418 -0.0333219 -0.391867 0.945255
0 52 27 -0.163006 0.802734 0.573626 0.319074 -0.960253 0.00444766 -0.279097 0.127833 -0.226592 -0.59632 0.770103 0.939069
0 53 0 1 0 0 0 0 1 0 0 0 0 1 0
0 54 0 1 0 0 0 0 1 0 0 0 0 1 0
0 55 0 1 0 0 0 0 1 0 0 0 0 1 0
0 56 0 1 0 0 0 0 1 0 0 0 0 1 0
0 57 0 1 0 0 0 0 1 0 0 0 0 1 0
0 58 0 1 0 0 0 0 1 0 0 0 0 1 0
0 59 0 1 0 0 0 0 1 0 0 0 0 1 0
0 60 0 1 0 0 0 0 1 0 0 0 0 1 0
0 61 0 1 0 0 0 0 1 0 0 0 0 1 0
0 62 19 0.948724 0.306412 0.0776856 -0.205377 -0.281869 0.931264 -0.230862 -0.11473 -0.143085 0.197128 0.96988 0.971935
0 63 104 0.874453 -0.478761 0.0782315 -0.215775 0.482274 0.875375 -0.0336204 -0.151253 -0.0523858 0.0671285 0.996368 0.964657
0 64 27 -0.99062 -0.0304293 -0.133216 -0.219942 -0.0815518 0.913891 0.397683 -0.164765 0.109644 0.404817 -0.9078 0.961498
0 65 66 -0.955596 0.291593 -0.0425281 -0.210958 0.232557 0.834885 0.498883 -0.166375 0.180977 0.466841 -0.865625 0.963232
0 66 53 -0.940076 -0.273126 -0.204108 -0.202846 -0.32751 0.889828 0.317717 -0.176307 0.0948443 0.365526 -0.925957 0.963208
0 67 0 1 0 0 0 0 1 0 0 0 0 1 0
1 2 1835 0.995585 0.0366771 -0.0863981 0.955065 -0.0389209 0.998944 -0.02443 0.11313 0.0854108 0.0276848 0.995961 -0.273956
1 3 1252 0.985266 0.0496159 -0.163674 0.969366 -0.0482234 0.998759 0.0124729 0.111335 0.164089 -0.00439627 0.986436 -0.218938
1 4 524 0.96998 0.103005 -0.220292 0.989005 -0.0985858 0.994646 0.0309934 0.031633 0.222305 -0.00834531 0.974941 -0.144461
1 5 297 0.922664 0.0821043 -0.376762 0.993725 -0.093063 0.9956 -0.0109429 0.10568 0.374206 0.0451593 0.926245 -0.036635
1 6 51 0.988877 -0.023825 0.146815 -0.273387 0.0183807 0.999096 0.0383287 0.217079 -0.147596 -0.0352038 0.988421 -0.937089
1 7 59 0.880883 0.178166 -0.438523 0.999436 -0.179377 0.983005 0.0390589 0.0264472 0.438029 0.0442546 0.897871 -0.0207134
1 8 71 0.637192 0.170422 -0.751626 0.958535 -0.25737 0.966313 0.000913813 -0.0234769 0.726462 0.192864 0.659588 0.284005
1 9 27 -0.397029 -0.0711203 -0.915046 0.545434 -0.15511 0.987852 -0.00947853 0.0271913 0.904604 0.138169 -0.403237 0.837713
1 10 62 0.923668 0.245238 0.294441 -0.999522 -0.260978 0.965232 0.0147565 0.00107951 -0.280585 -0.0904728 0.955556 0.0308886
1 11 50 0.974935 0.210728 0.0713842 -0.995698 -0.211573 0.977352 0.00440602 -0.0658009 -0.068839 -0.0193986 0.997439 -0.0652284
1 12 86 0.664644 0.239849 -0.707616 0.972635 -0.307025 0.951094 0.0339969 -0.0507349 0.681164 0.19466 0.705779 0.226733
1 13 120 0.703007 0.315102 -0.637568 0.974625 -0.335833 0.937324 0.0929475 -0.143659 0.626896 0.148773 0.764767 0.171662
1 14 27 -0.988874 -0.0454206 0.141651 -0.0710919 -0.0541802 0.99681 -0.0586067 0.0252061 -0.138537 -0.0656294 -0.98818 0.997151
1 15 22 0.715788 0.2497 -0.652148 -0.241361 -0.288053 0.956308 0.0499963 -0.151246 0.636139 0.152067 0.756441 0.958577
1 16 53 -0.226522 0.201195 -0.953 0.727163 -0.281525 0.923146 0.26181 -0.13924 0.932433 0.327599 -0.152472 0.672195
1 17 93 0.499544 -0.0101115 0.86623 -0.857423 -0.0940182 0.993393 0.065815 -0.00330855 -0.861172 -0.114319 0.495292 0.514601
1 18 54 0.428133 0.360431 -0.828729 0.976092 -0.344402 0.912895 0.219113 -0.216681 0.835517 0.191606 0.514974 0.0171413
1 19 0 1 0 0 0 0 1 0 0 0 0 1 0
1 20 0 1 0 0 0 0 1 0 0 0 0 1 0
1 21 0 1 0 0 0 0 1 0 0 0 0 1 0
1 22 32 -0.937191 -0.214657 -0.274948 0.424152 -0.315775 0.856962 0.407311 -0.227031 0.148188 0.46855 -0.87092 0.876671
1 23 21 -0.017703 -0.943152 -0.33189 0.389555 -0.964239 -0.071689 0.255155 -0.323846 -0.264443 0.324538 -0.908155 0.862189
1 24 0 1 0 0 0 0 1 0 0 0 0 1 0
1 25 0 1 0 0 0 0 1 0 0 0 0 1 0
1 26 51 0.336841 0.929187 0.152149 -0.161782 0.885841 -0.257978 -0.38566 -0.160334 -0.319099 0.264686 -0.910009 0.973714
1 27 94 0.543691 0.787314 -0.290753 -0.422022 0.470106 -0.572662 -0.671609 -0.172865 -0.69527 0.228462 -0.681472 0.889952
1 28 51 0.801815 -0.512424 -0.307432 0.359781 -0.358092 -0.823885 0.4393 -0.116911 -0.478396 -0.242148 -0.844098 0.925683
1 29 0 1 0 0 0 0 1 0 0 0 0 1 0
1 30 0 1 0 0 0 0 1 0 0 0 0 1 0
1 31 0 1 0 0 0 0 1 0 0 0 0 1 0
1 32 0 1 0 0 0 0 1 0 0 0 0 1 0
1 33 0 1 0 0 0 0 1 0 0 0 0 1 0
1 34 0 1 0 0 0 0 1 0 0 0 0 1 0
1 35 0 1 0 0 0 0 1 0 0 0 0 1 0
1 36 0 1 0 0 0 0 1 0 0 0 0 1 0
1 37 46 0.908203 0.130242 0.39775 -0.936558 -0.214133 0.961142 0.174218 -0.308428 -0.359604 -0.243397 0.900801 0.166527
1 38 47 0.60602 -0.332054 -0.722828 0.889763 0.0303869 0.917704 -0.3961 0.378559 0.794869 0.21808 0.566237 0.254981
1 39 30 0.972007 0.207744 0.109752 0.347882 -0.210012 0.977654 0.00939402 -0.170911 -0.105348 -0.0321803 0.993915 -0.921828
1 40 0 1 0 0 0 0 1 0 0 0 0 1 0
1 41 0 1 0 0 0 0 1 0 0 0 0 1 0
1 42 0 1 0 0 0 0 1 0 0 0 0 1 0
1 43 0 1 0 0 0 0 1 0 0 0 0 1 0
1 44 0 1 0 0 0 0 1 0 0 0 0 1 0
1 45 0 1 0 0 0 0 1 0 0 0 0 1 0
1 46 21 -0.00241484 0.959164 -0.282839 0.0365087 0.839731 -0.151637 -0.5214 -0.286104 -0.542997 -0.238768 -0.805074 0.957503
1 47 55 -0.411898 0.821833 -0.393611 0.366361 0.699315 0.562032 0.441678 0.0541459 0.584208 -0.0933317 -0.80622 0.928896
1 48 26 0.964705 0.248838 0.0861568 0.329054 0.262628 -0.933077 -0.245751 -0.0236347 0.0192388 0.259704 -0.965497 0.944015
1 49 13 0.794975 0.602456 -0.071147 -0.44067 -0.598615 0.798058 0.069019 -0.17168 0.0983603 -0.0122787 0.995075 -0.881099
1 50 0 1 0 0 0 0 1 0 0 0 0 1 0
1 51 13 0.0967454 0.759485 0.643291 -0.318339 -0.940379 0.281495 -0.190915 -0.132664 -0.326081 -0.586467 0.741437 -0.938648
1 52 83 -0.191221 0.813198 0.549676 0.317499 -0.955806 -0.0268583 -0.29277 0.127086 -0.223317 -0.581367 0.782395 0.939704
1 53 37 -0.322822 0.917356 -0.232905 0.354734 0.945624 0.302276 -0.120105 0.149777 -0.0397772 -0.259013 -0.965055 0.922892
1 54 33 -0.799546 0.575276 -0.172578 0.367671 -0.434752 -0.752601 -0.494553 0.165886 -0.414387 -0.32039 0.851842 0.915041
1 55 0 1 0 0 0 0 1 0 0 0 0 1 0
1 56 0 1 0 0 0 0 1 0 0 0 0 1 0
1 57 0 1 0 0 0 0 1 0 0 0 0 1 0
1 58 0 1 0 0 0 0 1 0 0 0 0 1 0
1 59 0 1 0 0 0 0 1 0 0 0 0 1 0
1 60 0 1 0 0 0 0 1 0 0 0 0 1 0
1 61 14 -0.888162 -0.459329 -0.0136163 -0.210261 -0.403253 0.793257 -0.456213 -0.113894 0.220353 -0.3997 -0.889766 0.970988
1 62 42 -0.716502 0.260136 -0.647266 -0.172537 -0.333467 -0.942711 -0.00973814 -0.214998 -0.612719 0.208865 0.762202 0.961253
1 63 79 0.912024 -0.391423 0.122473 -0.215848 0.396202 0.918016 -0.0164307 -0.147705 -0.106001 0.0635093 0.992336 0.965191
1 64 16 -0.188889 0.890006 0.414981 -0.211698 0.798312 -0.106918 0.592677 -0.167744 0.571855 0.443235 -0.690308 0.962832
1 65 55 -0.377873 0.852943 0.360139 -0.219036 0.810769 0.117018 0.573551 -0.156137 0.447063 0.508719 -0.735758 0.963143
1 66 107 -0.983564 0.148929 -0.102092 -0.209709 0.0818144 0.871626 0.483296 -0.150314 0.160963 0.467 -0.869484 0.966141
1 67 25 0.496241 0.815602 0.297553 -0.209146 0.649504 -0.576186 0.496139 -0.123936 0.576098 -0.0529424 -0.815664 0.969999
2 3 1288 0.996975 0.0134481 -0.0765535 0.972135 -0.0106558 0.999267 0.0367677 0.113843 0.0769919 -0.0358407 0.996387 -0.204922
2 4 734 0.986175 0.0707104 -0.149864 0.997457 -0.0642957 0.996813 0.0472312 0.0542292 0.152726 -0.0369426 0.987578 -0.0462486
2 5 258 0.997703 0.0639888 -0.0222151 0.959292 -0.0628984 0.996925 0.0467297 0.0493571 0.025137 -0.0452251 0.998661 -0.278069
2 6 60 0.998773 0.0188015 0.0458228 0.189737 -0.0218745 0.997479 0.0675106 0.211162 -0.0444379 -0.06843 0.996666 -0.958859
2 7 82 0.776541 0.0727393 -0.625853 0.971438 -0.0810869 0.996591 0.0152176 0.079009 0.624827 0.0389314 0.779792 0.223752
2 8 86 0.951875 0.279023 -0.12681 0.952237 -0.281308 0.959618 -0.000110829 -0.0198509 0.121658 0.035778 0.991927 -0.304713
2 9 25 0.955735 0.26956 0.117931 -0.639751 -0.275583 0.960532 0.0378484 0.106128 -0.103074 -0.0686728 0.9923 0.761219
2 10 22 -0.315795 0.872962 -0.371766 0.0985974 0.779144 0.462191 0.423454 -0.107287 0.541486 -0.155934 -0.826122 0.989327
2 11 23 0.973899 0.207368 0.0922992 0.351465 -0.215124 0.972976 0.0839069 0.277432 -0.0724052 -0.101573 0.99219 0.89415
2 12 22 0.939901 0.337387 0.0525005 -0.874945 -0.338167 0.941064 0.00649524 0.130229 -0.0472149 -0.0238588 0.9986 -0.466381
2 13 93 0.413513 0.10971 -0.903864 0.879399 -0.150018 0.987356 0.051212 -0.0338906 0.898054 0.114419 0.424743 0.474877
2 14 33 0.946023 0.321517 -0.040826 0.192878 -0.321411 0.946894 0.00930499 -0.0372692 0.0416496 0.00431918 0.999123 -0.980515
2 15 41 0.748479 0.243056 -0.617011 0.251423 -0.261341 0.963227 0.0624128 0.166323 0.609491 0.114536 0.784476 -0.953479
2 16 25 0.702977 0.254712 -0.664037 0.326567 -0.235964 0.964313 0.120091 0.110612 0.670928 0.072268 0.737993 -0.938679
2 17 63 -0.0830305 -0.283009 0.955517 -0.633102 -0.163584 0.949692 0.267069 -0.0740013 -0.983029 -0.134132 -0.125149 0.770523
2 18 68 0.749842 0.32841 -0.574355 -0.479099 -0.315627 0.940519 0.125715 0.231105 0.581477 0.0870153 0.808896 -0.846791
2 19 14 -0.965248 -0.256613 -0.0494466 -0.458965 -0.259445 0.918253 0.299166 -0.155498 -0.0313654 0.301598 -0.952919 0.874741
2 20 0 1 0 0 0 0 1 0 0 0 0 1 0
2 21 0 1 0 0 0 0 1 0 0 0 0 1 0
2 22 0 1 0 0 0 0 1 0 0 0 0 1 0
2 23 0 1 0 0 0 0 1 0 0 0 0 1 0
2 24 14 0.900075 -0.411522 0.143234 0.356524 0.301106 0.825019 0.478204 -0.333943 -0.314962 -0.387291 0.86649 0.872567
2 25 0 1 0 0 0 0 1 0 0 0 0 1 0
2 26 32 -0.101411 -0.939192 0.328077 -0.161782 -0.951151 0.188193 0.244735 -0.160334 -0.291595 -0.287232 -0.912398 0.973714
2 27 28 0.580201 0.808701 -0.0967957 -0.422022 0.646967 -0.529805 -0.548397 -0.172865 -0.494772 0.255557 -0.830597 0.889952
2 28 33 -0.690707 0.121951 -0.712777 0.35945 -0.0773392 0.967566 0.240488 -0.116339 0.718987 0.221233 -0.658873 0.925884
2 29 0 1 0 0 0 0 1 0 0 0 0 1 0
2 30 0 1 0 0 0 0 1 0 0 0 0 1 0
2 31 24 -0.517112 0.766958 0.379962 0.0839514 0.70353 0.633703 -0.321662 0.101232 -0.487484 0.100979 -0.867273 0.991314
2 32 0 1 0 0 0 0 1 0 0 0 0 1 0
2 33 0 1 0 0 0 0 1 0 0 0 0 1 0
2 34 23 -0.0122073 0.829329 0.558627 -0.383426 -0.986531 -0.101123 0.128568 0.309342 0.163116 -0.549533 0.819394 -0.870225
2 35 0 1 0 0 0 0 1 0 0 0 0 1 0
2 36 37 0.994562 0.00407394 0.104064 -0.742535 -0.011464 0.997445 0.0705155 -0.0591372 -0.103511 -0.0713251 0.992068 0.667192
2 37 93 0.987459 0.0518535 0.149116 -0.854084 -0.0677376 0.992321 0.103495 -0.0990338 -0.142605 -0.112298 0.983389 0.510621
2 38 20 0.986537 0.0875959 0.138101 0.00899456 -0.0931345 0.995068 0.034154 -0.281301 -0.134428 -0.0465562 0.989829 -0.959577
2 39 18 -0.852627 -0.509189 0.117278 0.209461 -0.491451 0.705229 -0.511008 0.313515 0.177492 -0.493335 -0.851538 0.926193
2 40 0 1 0 0 0 0 1 0 0 0 0 1 0
2 41 0 1 0 0 0 0 1 0 0 0 0 1 0
2 42 0 1 0 0 0 0 1 0 0 0 0 1 0
2 43 0 1 0 0 0 0 1 0 0 0 0 1 0
2 44 0 1 0 0 0 0 1 0 0 0 0 1 0
2 45 0 1 0 0 0 0 1 0 0 0 0 1 0
2 46 0 1 0 0 0 0 1 0 0 0 0 1 0
2 47 39 -0.357423 0.735761 0.575243 0.332671 -0.867991 -0.0343452 -0.495391 0.0906618 -0.344733 -0.67637 0.650909 0.938675
2 48 0 1 0 0 0 0 1 0 0 0 0 1 0
2 49 26 0.829666 0.55161 -0.0859162 0.321205 -0.546271 0.833899 0.0787422 -0.383802 0.11508 -0.0183962 0.993186 -0.86575
2 50 0 1 0 0 0 0 1 0 0 0 0 1 0
2 51 0 1 0 0 0 0 1 0 0 0 0 1 0
2 52 83 -0.190608 0.791672 0.580451 0.319074 -0.936115 0.0314428 -0.350285 0.127833 -0.295562 -0.610137 0.735103 0.939069
2 53 0 1 0 0 0 0 1 0 0 0 0 1 0
2 54 0 1 0 0 0 0 1 0 0 0 0 1 0
2 55 0 1 0 0 0 0 1 0 0 0 0 1 0
2 56 0 1 0 0 0 0 1 0 0 0 0 1 0
2 57 20 -0.532131 0.769918 -0.352225 0.266062 0.595359 0.0444776 -0.802228 -0.340145 -0.601984 -0.63659 -0.482046 0.901949
2 58 0 1 0 0 0 0 1 0 0 0 0 1 0
2 59 0 1 0 0 0 0 1 0 0 0 0 1 0
2 60 0 1 0 0 0 0 1 0 0 0 0 1 0
2 61 0 1 0 0 0 0 1 0 0 0 0 1 0
2 62 24 0.856253 -0.503022 0.117473 -0.197357 0.498152 0.864273 0.0698356 -0.105859 -0.136658 -0.00127746 0.990618 0.974599
2 63 75 -0.160251 0.892079 0.422511 -0.21562 0.984098 0.111167 0.138536 -0.152893 0.0766156 0.437993 -0.895708 0.964434
2 64 47 0.58999 0.700838 0.400921 -0.219955 0.430941 -0.693244 0.57767 -0.163119 0.682789 -0.168046 -0.711027 0.961776
2 65 41 0.998403 0.0420001 -0.0377802 -0.220034 0.0563788 -0.698476 0.713409 -0.162122 0.00357473 -0.7144 -0.699728 0.961926
2 66 92 -0.963253 0.158044 -0.217179 -0.206008 -0.0291028 0.742395 0.66933 -0.153434 0.267016 0.651054 -0.710514 0.966446
2 67 0 1 0 0 0 0 1 0 0 0 0 1 0
3 4 1023 0.996045 0.0511577 -0.0726408 0.994714 -0.0508472 0.998688 0.00611824 0.0514448 0.0728585 -0.00240046 0.997339 -0.0888668
3 5 759 0.991662 0.0562924 -0.11592 0.976562 -0.0570586 0.998365 -0.00329955 0.0273612 0.115545 0.00988629 0.993253 -0.213491
3 6 380 0.977481 0.102403 -0.184511 0.996163 -0.101161 0.994739 0.0161574 0.0859021 0.185195 0.00287181 0.982698 0.0167635
3 7 184 0.94889 0.0950404 -0.300956 0.993416 -0.102323 0.994715 -0.00849027 0.0938123 0.298558 0.038851 0.9536 -0.0657603
3 8 36 0.743802 0.181542 -0.643273 0.959911 -0.211509 0.97688 0.0311276 -0.113817 0.634052 0.112905 0.765004 0.256157
3 9 41 0.962442 0.121138 -0.242964 0.999218 -0.127083 0.991852 -0.00888828 0.0339338 0.239908 0.0394312 0.969995 0.0202987
3 10 47 0.477714 0.146877 -0.866151 0.835827 -0.172433 0.982424 0.0714907 -0.0882296 0.861427 0.115201 0.494644 0.541856
3 11 20 0.953236 0.290838 -0.0821892 0.0579686 -0.294347 0.955089 -0.0341354 0.0785457 0.0685701 0.0567312 0.996032 0.995224
3 12 0 1 0 0 0 0 1 0 0 0 0 1 0
3 13 68 0.647334 0.126377 -0.751657 0.940058 -0.177131 0.984103 0.0129118 -0.0531274 0.741339 0.124783 0.659428 0.33685
3 14 17 0.863777 0.496087 -0.0882461 0.235407 -0.497491 0.867442 0.00685843 -0.349374 0.0799508 0.0379775 0.996075 -0.90693
3 15 53 0.782558 0.212644 -0.585137 -0.176328 -0.255226 0.96683 0.0100177 -0.172409 0.567858 0.141503 0.810873 0.969115
3 16 54 0.737933 0.264307 -0.620964 0.214635 -0.273421 0.95831 0.0829704 0.134058 0.617006 0.108558 0.779435 -0.96745
3 17 101 0.720278 0.21181 -0.660558 0.304923 -0.205795 0.97462 0.0881144 0.0792546 0.662456 0.0724729 0.745587 -0.949074
3 18 96 0.671879 0.290061 -0.681501 0.332111 -0.300008 0.947843 0.10765 0.10918 0.677181 0.132128 0.723857 -0.9369
3 19 27 0.588822 0.222953 -0.776905 -0.459186 -0.243689 0.965445 0.0923652 -0.10971 0.770652 0.134937 0.622806 0.881539
3 20 0 1 0 0 0 0 1 0 0 0 0 1 0
3 21 0 1 0 0 0 0 1 0 0 0 0 1 0
3 22 0 1 0 0 0 0 1 0 0 0 0 1 0
3 23 0 1 0 0 0 0 1 0 0 0 0 1 0
3 24 0 1 0 0 0 0 1 0 0 0 0 1 0
3 25 0 1 0 0 0 0 1 0 0 0 0 1 0
3 26 0 1 0 0 0 0 1 0 0 0 0 1 0
3 27 0 1 0 0 0 0 1 0 0 0 0 1 0
3 28 0 1 0 0 0 0 1 0 0 0 0 1 0
3 29 0 1 0 0 0 0 1 0 0 0 0 1 0
3 30 0 1 0 0 0 0 1 0 0 0 0 1 0
3 31 0 1 0 0 0 0 1 0 0 0 0 1 0
3 32 0 1 0 0 0 0 1 0 0 0 0 1 0
3 33 0 1 0 0 0 0 1 0 0 0 0 1 0
3 34 0 1 0 0 0 0 1 0 0 0 0 1 0
3 35 0 1 0 0 0 0 1 0 0 0 0 1 0
3 36 45 0.535267 0.094283 0.839405 -0.786499 -0.368405 0.920311 0.131552 -0.0853487 -0.76011 -0.379657 0.527346 0.611666
3 37 56 0.993543 0.00243996 0.11343 -0.814695 -0.00714006 0.999132 0.0410482 -0.078439 -0.113232 -0.0415931 0.992698 0.57456
3 38 47 0.572386 -0.372299 -0.730594 0.876612 0.0843112 0.912984 -0.399188 0.352179 0.815638 0.166893 0.553969 0.327904
3 39 45 0.989078 0.101139 0.107222 0.945448 -0.0974232 0.994465 -0.0393572 0.249382 -0.110609 0.0284814 0.993456 0.209612
3 40 0 1 0 0 0 0 1 0 0 0 0 1 0
3 41 0 1 0 0 0 0 1 0 0 0 0 1 0
3 42 0 1 0 0 0 0 1 0 0 0 0 1 0
3 43 0 1 0 0 0 0 1 0 0 0 0 1 0
3 44 0 1 0 0 0 0 1 0 0 0 0 1 0
3 45 0 1 0 0 0 0 1 0 0 0 0 1 0
3 46 0 1 0 0 0 0 1 0 0 0 0 1 0
3 47 17 -0.10408 0.958933 -0.263848 0.365035 0.850884 -0.0515008 -0.522824 0.0941499 -0.514941 -0.278919 -0.81058 0.926221
3 48 0 1 0 0 0 0 1 0 0 0 0 1 0
3 49 0 1 0 0 0 0 1 0 0 0 0 1 0
3 50 0 1 0 0 0 0 1 0 0 0 0 1 0
3 51 0 1 0 0 0 0 1 0 0 0 0 1 0
3 52 0 1 0 0 0 0 1 0 0 0 0 1 0
3 53 28 0.52853 0.204969 -0.823798 0.931481 -0.220297 0.970285 0.100079 -0.18838 0.819832 0.128586 0.557979 0.311218
3 54 0 1 0 0 0 0 1 0 0 0 0 1 0
3 55 0 1 0 0 0 0 1 0 0 0 0 1 0
3 56 0 1 0 0 0 0 1 0 0 0 0 1 0
3 57 0 1 0 0 0 0 1 0 0 0 0 1 0
3 58 0 1 0 0 0 0 1 0 0 0 0 1 0
3 59 0 1 0 0 0 0 1 0 0 0 0 1 0
3 60 0 1 0 0 0 0 1 0 0 0 0 1 0
3 61 26 0.976109 -0.095969 0.194939 -0.215358 0.0613246 0.982378 0.176559 -0.203982 -0.208448 -0.160386 0.964793 0.954994
3 62 43 0.583593 0.812045 -0.0015023 -0.206233 0.788052 -0.566794 -0.240247 -0.113115 -0.195943 0.139023 -0.970711 0.971943
3 63 49 0.627813 -0.77176 0.101182 -0.204808 0.292886 0.354671 0.887934 -0.1271 -0.721158 -0.527821 0.448704 0.970515
3 64 39 0.253162 -0.957479 0.138355 -0.216997 0.0693249 0.160601 0.984582 -0.157708 -0.964937 -0.239667 0.107035 0.963349
3 65 12 0.524696 0.780212 0.340534 -0.212872 0.580077 -0.620458 0.527772 -0.100542 0.623061 -0.0793836 -0.778135 0.971893
3 66 44 -0.0427272 0.94937 -0.311241 -0.216755 -0.942051 -0.142034 -0.303918 -0.144612 -0.332737 0.280219 0.900424 0.965456
3 67 23 0.967201 0.0248596 0.252793 -0.0455833 -0.211274 0.631223 0.746272 -0.945252 -0.141017 -0.775203 0.615771 0.323142
4 5 1222 0.99869 0.00338187 -0.0510667 0.860829 -0.00374078 0.999969 -0.00693428 -0.0736882 0.0510416 0.00711622 0.998671 -0.50353
4 6 304 0.998116 0.0378066 -0.0483249 0.290568 -0.0369263 0.999138 0.0189819 0.198511 0.0490009 -0.0171617 0.998651 0.936036
4 7 379 0.967419 0.0604173 -0.245868 0.993338 -0.0633086 0.997987 -0.00386474 0.0577873 0.245139 0.0193043 0.969296 -0.0996978
4 8 46 0.952178 0.121996 -0.280133 0.996446 -0.14464 0.987568 -0.0615532 0.0016612 0.269141 0.0991279 0.957986 -0.0842154
4 9 63 0.993037 0.0411264 0.110393 -0.0843986 -0.104549 0.739526 0.66496 -0.909852 -0.0542909 -0.671871 0.738676 0.406259
4 10 28 0.990094 0.134688 -0.0396682 0.882961 -0.135801 0.990373 -0.0268339 -0.0440482 0.0356721 0.0319551 0.998853 -0.467376
4 11 23 0.982406 0.175178 -0.0647323 0.916244 -0.178081 0.983113 -0.0421512 -0.0508779 0.0562552 0.0529372 0.997012 -0.397377
4 12 78 0.847892 0.141625 -0.510904 0.984352 -0.173504 0.984719 -0.0149776 -0.0573935 0.500975 0.101343 0.859508 0.166603
4 13 30 0.991109 0.12049 0.0564333 0.191353 -0.1165 0.990767 -0.069349 0.163334 -0.0642682 0.0621579 0.995995 -0.967836
4 14 0 1 0 0 0 0 1 0 0 0 0 1 0
4 15 137 0.965621 0.0679474 0.250918 -0.977292 -0.0516759 0.996145 -0.0708843 0.00450953 -0.254767 0.0554809 0.96541 0.211851
4 16 295 0.810402 0.136767 -0.569687 -0.601141 -0.146859 0.988748 0.0284599 0.190528 0.567169 0.0605996 0.821369 -0.776098
4 17 363 0.497843 0.200356 -0.843807 0.946192 -0.197619 0.973561 0.11457 -0.0712249 0.844452 0.109714 0.524274 0.315671
4 18 232 0.715025 0.250863 -0.65254 0.356343 -0.255555 0.962593 0.090034 0.0980938 0.650716 0.102383 0.752387 -0.929192
4 19 114 0.628281 0.23204 -0.742577 0.451062 -0.249829 0.964109 0.0898884 0.245863 0.736782 0.129042 0.663702 -0.857959
4 20 0 1 0 0 0 0 1 0 0 0 0 1 0
4 21 0 1 0 0 0 0 1 0 0 0 0 1 0
4 22 0 1 0 0 0 0 1 0 0 0 0 1 0
4 23 0 1 0 0 0 0 1 0 0 0 0 1 0
4 24 0 1 0 0 0 0 1 0 0 0 0 1 0
4 25 0 1 0 0 0 0 1 0 0 0 0 1 0
4 26 0 1 0 0 0 0 1 0 0 0 0 1 0
4 27 0 1 0 0 0 0 1 0 0 0 0 1 0
4 28 0 1 0 0 0 0 1 0 0 0 0 1 0
4 29 0 1 0 0 0 0 1 0 0 0 0 1 0
4 30 0 1 0 0 0 0 1 0 0 0 0 1 0
4 31 0 1 0 0 0 0 1 0 0 0 0 1 0
4 32 0 1 0 0 0 0 1 0 0 0 0 1 0
4 33 0 1 0 0 0 0 1 0 0 0 0 1 0
4 34 0 1 0 0 0 0 1 0 0 0 0 1 0
4 35 0 1 0 0 0 0 1 0 0 0 0 1 0
4 36 0 1 0 0 0 0 1 0 0 0 0 1 0
4 37 0 1 0 0 0 0 1 0 0 0 0 1 0
4 38 0 1 0 0 0 0 1 0 0 0 0 1 0
4 39 0 1 0 0 0 0 1 0 0 0 0 1 0
4 40 0 1 0 0 0 0 1 0 0 0 0 1 0
4 41 0 1 0 0 0 0 1 0 0 0 0 1 0
4 42 0 1 0 0 0 0 1 0 0 0 0 1 0
4 43 0 1 0 0 0 0 1 0 0 0 0 1 0
4 44 0 1 0 0 0 0 1 0 0 0 0 1 0
4 45 0 1 0 0 0 0 1 0 0 0 0 1 0
4 46 0 1 0 0 0 0 1 0 0 0 0 1 0
4 47 0 1 0 0 0 0 1 0 0 0 0 1 0
4 48 0 1 0 0 0 0 1 0 0 0 0 1 0
4 49 0 1 0 0 0 0 1 0 0 0 0 1 0
4 50 0 1 0 0 0 0 1 0 0 0 0 1 0
4 51 0 1 0 0 0 0 1 0 0 0 0 1 0
4 52 0 1 0 0 0 0 1 0 0 0 0 1 0
4 53 0 1 0 0 0 0 1 0 0 0 0 1 0
4 54 0 1 0 0 0 0 1 0 0 0 0 1 0
4 55 0 1 0 0 0 0 1 0 0 0 0 1 0
4 56 0 1 0 0 0 0 1 0 0 0 0 1 0
4 57 0 1 0 0 0 0 1 0 0 0 0 1 0
4 58 0 1 0 0 0 0 1 0 0 0 0 1 0
4 59 0 1 0 0 0 0 1 0 0 0 0 1 0
4 60 0 1 0 0 0 0 1 0 0 0 0 1 0
4 61 0 1 0 0 0 0 1 0 0 0 0 1 0
4 62 15 0.80255 0.276069 -0.528866 -0.198653 -0.2552 0.960152 0.113936 -0.0959703 0.539246 0.0435272 0.841023 0.97536
4 63 41 -0.102755 -0.951127 0.291203 -0.215848 -0.660203 0.284187 0.695248 -0.147705 -0.744025 -0.120813 -0.657139 0.965191
4 64 0 1 0 0 0 0 1 0 0 0 0 1 0
4 65 59 -0.842608 -0.322313 0.431423 -0.202518 -0.241881 0.942273 0.231549 -0.115349 -0.481149 0.0907522 -0.871928 0.972461
4 66 26 0.424994 -0.900979 -0.087279 -0.203633 -0.810724 -0.421752 0.406019 -0.111156 -0.402624 -0.101796 -0.909687 0.972717
4 67 28 0.949298 0.293772 -0.111944 -0.220256 0.263912 -0.938171 -0.224021 -0.068768 -0.170834 0.183119 -0.968134 0.973015
5 6 349 0.999297 0.033324 -0.0171686 0.423301 -0.0327852 0.998989 0.0307638 0.206703 0.0181765 -0.0301793 0.999379 0.882094
5 7 756 0.988393 0.052006 -0.142742 0.980848 -0.0513923 0.998647 0.00798543 0.0831756 0.142964 -0.000556919 0.989728 -0.176125
5 8 149 0.971474 0.139841 -0.191529 0.987305 -0.151406 0.98735 -0.047068 -0.0219401 0.182524 0.074724 0.980358 -0.157313
5 9 124 0.902191 0.0474704 -0.428717 0.934555 -0.0360182 0.998745 0.0347911 -0.0656711 0.429831 -0.0159466 0.902769 0.349706
5 10 29 0.999848 -0.00364719 -0.01705 -0.185326 0.00289915 0.999041 -0.0436941 0.0550623 0.017193 0.0436381 0.998899 0.981133
5 11 99 0.86339 0.100567 -0.494413 0.969557 -0.13083 0.99104 -0.0268836 -0.0236545 0.48728 0.0878952 0.868811 0.24372
5 12 87 0.865042 0.150444 -0.478612 0.976633 -0.163195 0.986478 0.0151249 -0.0994657 0.474415 0.0650232 0.877896 0.190511
5 13 60 0.915502 0.198593 -0.349881 0.9743 -0.196353 0.979622 0.0422558 -0.219335 0.351143 0.0300149 0.935841 0.0513015
5 14 0 1 0 0 0 0 1 0 0 0 0 1 0
5 15 216 0.675096 0.176149 -0.716392 0.98576 -0.219671 0.975025 0.0327338 -0.0761534 0.704265 0.135272 0.69693 0.149927
5 16 205 0.801966 0.157355 -0.576272 -0.268383 -0.16577 0.985417 0.0383822 -0.210915 0.573908 0.0647474 0.816356 0.939939
5 17 410 0.632945 0.310231 -0.709322 0.615694 -0.120482 0.944512 0.305584 -0.78209 0.764764 -0.107958 0.635202 0.0962084
5 18 204 0.738047 0.216988 -0.638907 0.383614 -0.224823 0.971856 0.0703573 0.284408 0.636193 0.0917139 0.766059 -0.878608
5 19 123 0.65038 0.250375 -0.71716 0.433238 -0.261652 0.960181 0.0979317 0.227771 0.713123 0.123954 0.689993 -0.872024
5 20 0 1 0 0 0 0 1 0 0 0 0 1 0
5 21 0 1 0 0 0 0 1 0 0 0 0 1 0
5 22 0 1 0 0 0 0 1 0 0 0 0 1 0
5 23 0 1 0 0 0 0 1 0 0 0 0 1 0
5 24 0 1 0 0 0 0 1 0 0 0 0 1 0
5 25 0 1 0 0 0 0 1 0 0 0 0 1 0
5 26 0 1 0 0 0 0 1 0 0 0 0 1 0
5 27 0 1 0 0 0 0 1 0 0 0 0 1 0
5 28 0 1 0 0 0 0 1 0 0 0 0 1 0
5 29 0 1 0 0 0 0 1 0 0 0 0 1 0
5 30 0 1 0 0 0 0 1 0 0 0 0 1 0
5 31 0 1 0 0 0 0 1 0 0 0 0 1 0
5 32 0 1 0 0 0 0 1 0 0 0 0 1 0
5 33 43 -0.924078 -0.303905 -0.231777 0.466736 -0.336468 0.934503 0.11616 -0.283095 0.181295 0.185327 -0.965808 0.837863
5 34 0 1 0 0 0 0 1 0 0 0 0 1 0
5 35 0 1 0 0 0 0 1 0 0 0 0 1 0
5 36 0 1 0 0 0 0 1 0 0 0 0 1 0
5 37 0 1 0 0 0 0 1 0 0 0 0 1 0
5 38 0 1 0 0 0 0 1 0 0 0 0 1 0
5 39 0 1 0 0 0 0 1 0 0 0 0 1 0
5 40 0 1 0 0 0 0 1 0 0 0 0 1 0
5 41 0 1 0 0 0 0 1 0 0 0 0 1 0
5 42 0 1 0 0 0 0 1 0 0 0 0 1 0
5 43 0 1 0 0 0 0 1 0 0 0 0 1 0
5 44 0 1 0 0 0 0 1 0 0 0 0 1 0
5 45 0 1 0 0 0 0 1 0 0 0 0 1 0
5 46 0 1 0 0 0 0 1 0 0 0 0 1 0
5 47 0 1 0 0 0 0 1 0 0 0 0 1 0
5 48 0 1 0 0 0 0 1 0 0 0 0 1 0
5 49 0 1 0 0 0 0 1 0 0 0 0 1 0
5 50 0 1 0 0 0 0 1 0 0 0 0 1 0
5 51 0 1 0 0 0 0 1 0 0 0 0 1 0
5 52 0 1 0 0 0 0 1 0 0 0 0 1 0
5 53 0 1 0 0 0 0 1 0 0 0 0 1 0
5 54 0 1 0 0 0 0 1 0 0 0 0 1 0
5 55 0 1 0 0 0 0 1 0 0 0 0 1 0
5 56 0 1 0 0 0 0 1 0 0 0 0 1 0
5 57 0 1 0 0 0 0 1 0 0 0 0 1 0
5 58 0 1 0 0 0 0 1 0 0 0 0 1 0
5 59 0 1 0 0 0 0 1 0 0 0 0 1 0
5 60 0 1 0 0 0 0 1 0 0 0 0 1 0
5 61 0 1 0 0 0 0 1 0 0 0 0 1 0
5 62 0 1 0 0 0 0 1 0 0 0 0 1 0
5 63 20 0.805205 0.337705 -0.487442 0.215833 -0.314436 0.940074 0.131876 0.147744 0.502767 0.0470826 0.863139 -0.965188
5 64 25 0.596457 0.717128 -0.360507 0.201793 -0.637804 0.696141 0.329535 0.125843 0.487283 0.0333795 0.872606 -0.97131
5 65 16 -0.977905 0.0692023 0.197265 -0.20303 -0.114675 -0.966552 -0.229405 -0.117498 0.174792 -0.246958 0.953132 0.972097
5 66 26 -0.706892 -0.599245 0.375777 -0.198283 -0.45349 0.791675 0.409387 -0.111563 -0.542816 0.118981 -0.831381 0.973775
5 67 29 0.833059 0.0752539 -0.548041 -0.218662 -0.0652984 0.997155 0.0376657 -0.149739 0.549316 0.00440847 0.835603 0.964243
6 7 735 0.995654 0.0123298 -0.0923135 0.97986 -0.0136842 0.999808 -0.0140527 0.045309 0.0921225 0.0152549 0.995631 -0.194476
6 8 67 0.98884 0.10763 -0.103008 0.950047 -0.116389 0.989715 -0.0831743 -0.00885136 0.092997 0.0942352 0.991197 -0.311982
6 9 86 0.999047 -0.0395329 0.0185042 0.148878 0.0400647 0.998767 -0.0293101 0.162667 -0.0173227 0.0300235 0.999399 -0.975384
6 10 33 0.998871 -0.0273917 -0.0388023 -0.19715 0.0260056 0.999021 -0.0357877 0.0220644 0.0397446 0.0347383 0.998606 0.980125
6 11 27 0.998521 -0.0355163 -0.0411609 -0.196267 0.0326299 0.997097 -0.0687921 0.0410405 0.0434847 0.0673473 0.996782 0.979691
6 12 0 1 0 0 0 0 1 0 0 0 0 1 0
6 13 0 1 0 0 0 0 1 0 0 0 0 1 0
6 14 0 1 0 0 0 0 1 0 0 0 0 1 0
6 15 58 0.852978 0.0889174 -0.514316 0.241984 -0.128054 0.990917 -0.0410589 0.190214 0.505994 0.100882 0.856617 -0.951453
6 16 156 0.816399 0.11613 -0.565691 -0.240688 -0.132528 0.991104 0.0121982 -0.265379 0.562075 0.0650116 0.824527 0.933618
6 17 331 0.789078 0.159653 -0.593184 -0.113335 -0.15279 0.986299 0.0622108 -0.5186 0.594988 0.0415431 0.80266 0.847472
6 18 181 0.753419 0.207543 -0.623928 0.370209 -0.222097 0.973437 0.0556123 0.230797 0.618897 0.0966734 0.779501 -0.899821
6 19 128 0.669619 0.203199 -0.714367 0.486863 -0.224227 0.972274 0.0663775 0.22575 0.708048 0.115733 0.696616 -0.843802
6 20 0 1 0 0 0 0 1 0 0 0 0 1 0
6 21 0 1 0 0 0 0 1 0 0 0 0 1 0
6 22 0 1 0 0 0 0 1 0 0 0 0 1 0
6 23 0 1 0 0 0 0 1 0 0 0 0 1 0
6 24 0 1 0 0 0 0 1 0 0 0 0 1 0
6 25 0 1 0 0 0 0 1 0 0 0 0 1 0
6 26 0 1 0 0 0 0 1 0 0 0 0 1 0
6 27 0 1 0 0 0 0 1 0 0 0 0 1 0
6 28 0 1 0 0 0 0 1 0 0 0 0 1 0
6 29 0 1 0 0 0 0 1 0 0 0 0 1 0
6 30 0 1 0 0 0 0 1 0 0 0 0 1 0
6 31 0 1 0 0 0 0 1 0 0 0 0 1 0
6 32 0 1 0 0 0 0 1 0 0 0 0 1 0
6 33 0 1 0 0 0 0 1 0 0 0 0 1 0
6 34 0 1 0 0 0 0 1 0 0 0 0 1 0
6 35 0 1 0 0 0 0 1 0 0 0 0 1 0
6 36 0 1 0 0 0 0 1 0 0 0 0 1 0
6 37 0 1 0 0 0 0 1 0 0 0 0 1 0
6 38 0 1 0 0 0 0 1 0 0 0 0 1 0
6 39 0 1 0 0 0 0 1 0 0 0 0 1 0
6 40 0 1 0 0 0 0 1 0 0 0 0 1 0
6 41 0 1 0 0 0 0 1 0 0 0 0 1 0
6 42 0 1 0 0 0 0 1 0 0 0 0 1 0
6 43 16 0.992521 0.0394253 -0.115532 -0.130103 -0.0522035 0.992587 -0.109754 -0.356778 0.110349 0.114964 0.987222 -0.925085
6 44 14 0.996934 0.0512887 -0.0590923 0.184076 -0.0585625 0.989942 -0.128782 0.296743 0.0518928 0.131848 0.989911 0.937048
6 45 0 1 0 0 0 0 1 0 0 0 0 1 0
6 46 0 1 0 0 0 0 1 0 0 0 0 1 0
6 47 0 1 0 0 0 0 1 0 0 0 0 1 0
6 48 0 1 0 0 0 0 1 0 0 0 0 1 0
6 49 0 1 0 0 0 0 1 0 0 0 0 1 0
6 50 0 1 0 0 0 0 1 0 0 0 0 1 0
6 51 0 1 0 0 0 0 1 0 0 0 0 1 0
6 52 0 1 0 0 0 0 1 0 0 0 0 1 0
6 53 0 1 0 0 0 0 1 0 0 0 0 1 0
6 54 0 1 0 0 0 0 1 0 0 0 0 1 0
6 55 0 1 0 0 0 0 1 0 0 0 0 1 0
6 56 0 1 0 0 0 0 1 0 0 0 0 1 0
6 57 0 1 0 0 0 0 1 0 0 0 0 1 0
6 58 0 1 0 0 0 0 1 0 0 0 0 1 0
6 59 0 1 0 0 0 0 1 0 0 0 0 1 0
6 60 0 1 0 0 0 0 1 0 0 0 0 1 0
6 61 0 1 0 0 0 0 1 0 0 0 0 1 0
6 62 0 1 0 0 0 0 1 0 0 0 0 1 0
6 63 0 1 0 0 0 0 1 0 0 0 0 1 0
6 64 0 1 0 0 0 0 1 0 0 0 0 1 0
6 65 0 1 0 0 0 0 1 0 0 0 0 1 0
6 66 0 1 0 0 0 0 1 0 0 0 0 1 0
6 67 11 -0.573115 -0.816693 0.0674605 0.195222 0.767623 -0.563848 -0.304681 0.185672 0.286868 -0.122833 0.950062 -0.963023
7 8 314 0.995373 0.0841369 -0.0463984 0.99248 -0.0872705 0.993705 -0.0702488 -0.102591 0.0401958 0.073973 0.99645 -0.0667712
7 9 436 0.985376 0.0285801 -0.16798 0.883239 -0.0297057 0.99955 -0.00419084 -0.102527 0.167785 0.00911951 0.985782 0.457578
7 10 169 0.998533 -0.033189 -0.042776 -0.0908073 0.0280799 0.992974 -0.114951 0.724731 0.0462905 0.113581 0.99245 0.683022
7 11 185 0.999772 0.00798529 -0.0198137 -0.18599 -0.00535386 0.991569 0.129472 -0.863329 0.0206806 -0.129336 0.991385 0.469117
7 12 139 0.958965 0.0970355 -0.266403 0.988366 -0.111995 0.992841 -0.0415093 -0.0696237 0.260468 0.0696418 0.962967 0.135221
7 13 73 0.900318 0.119653 -0.418463 0.980846 -0.137895 0.990355 -0.0135045 -0.0948145 0.412811 0.0698625 0.908133 0.170153
7 14 38 0.850123 0.171264 -0.497955 0.984193 -0.188993 0.981863 0.0150427 -0.171166 0.4915 0.0813217 0.867072 -0.0454593
7 15 25 -0.0425753 -0.0730102 0.996422 -0.942363 0.203885 0.975704 0.0802038 -0.00606853 -0.978069 0.206571 -0.0266552 0.334536
7 16 84 0.846758 0.126404 -0.516743 -0.247629 -0.132582 0.990854 0.0251264 -0.250562 0.515192 0.0472346 0.855772 0.935894
7 17 234 0.634343 0.511576 -0.579569 0.222631 0.184682 0.62772 0.756214 -0.93944 0.750668 -0.586735 0.303711 0.260555
7 18 177 0.678667 0.238524 -0.694635 0.96173 -0.214535 0.968927 0.123108 -0.272724 0.702415 0.0654739 0.70875 -0.0264072
7 19 106 0.709415 0.236154 -0.66405 0.456586 -0.249416 0.965342 0.0768471 0.245278 0.659183 0.111108 0.743729 -0.8552
7 20 0 1 0 0 0 0 1 0 0 0 0 1 0
7 21 25 -0.114436 0.828204 -0.548619 0.24477 0.98784 0.0363609 -0.151161 -0.223451 -0.105244 -0.559246 -0.822294 0.943482
7 22 0 1 0 0 0 0 1 0 0 0 0 1 0
7 23 14 -0.377286 -0.836669 -0.39704 -0.467527 0.860465 -0.158176 -0.484335 0.0103498 0.342426 -0.524372 0.779601 0.883918
7 24 37 -0.339352 0.829431 -0.443716 0.355363 0.874126 0.103811 -0.474476 -0.323996 -0.347483 -0.548878 -0.760255 0.87678
7 25 29 -0.742382 0.669976 0.000832153 0.263035 0.601163 0.665583 0.44227 -0.32696 0.295756 0.328833 -0.896882 0.907695
7 26 0 1 0 0 0 0 1 0 0 0 0 1 0
7 27 56 0.0110448 0.424676 0.905278 -0.422022 0.981752 -0.17649 0.0708156 -0.172865 0.189846 0.887976 -0.418876 0.889952
7 28 24 0.95198 -0.302674 0.0460781 0.364067 0.201846 0.733634 0.648876 -0.129121 -0.230202 -0.608416 0.759498 0.922379
7 29 0 1 0 0 0 0 1 0 0 0 0 1 0
7 30 0 1 0 0 0 0 1 0 0 0 0 1 0
7 31 0 1 0 0 0 0 1 0 0 0 0 1 0
7 32 0 1 0 0 0 0 1 0 0 0 0 1 0
7 33 0 1 0 0 0 0 1 0 0 0 0 1 0
7 34 0 1 0 0 0 0 1 0 0 0 0 1 0
7 35 0 1 0 0 0 0 1 0 0 0 0 1 0
7 36 0 1 0 0 0 0 1 0 0 0 0 1 0
7 37 0 1 0 0 0 0 1 0 0 0 0 1 0
7 38 29 -0.630037 -0.366018 0.684897 -0.339235 -0.21468 -0.765494 -0.606574 0.206332 0.746302 -0.529198 0.403713 0.917795
7 39 0 1 0 0 0 0 1 0 0 0 0 1 0
7 40 23 -0.284123 -0.513189 0.809884 -0.440739 -0.942452 -0.0057773 -0.334291 -0.142344 0.176233 -0.858256 -0.482015 0.886278
7 41 0 1 0 0 0 0 1 0 0 0 0 1 0
7 42 0 1 0 0 0 0 1 0 0 0 0 1 0
7 43 0 1 0 0 0 0 1 0 0 0 0 1 0
7 44 27 0.978638 0.204458 -0.0215468 0.449576 -0.193659 0.951952 0.237242 0.00361638 0.0690175 -0.228002 0.971212 0.893235
7 45 0 1 0 0 0 0 1 0 0 0 0 1 0
7 46 0 1 0 0 0 0 1 0 0 0 0 1 0
7 47 73 -0.33042 0.811082 0.482668 0.368192 -0.940145 -0.237665 -0.24422 0.106888 -0.0833687 -0.534473 0.841064 0.923585
7 48 13 -0.664105 -0.15012 0.732412 0.329569 0.140894 -0.987211 -0.0745921 -0.00814294 0.734243 0.0536553 0.676763 0.944097
7 49 19 0.814563 0.572077 -0.0959962 0.287381 -0.533418 0.803743 0.263557 -0.00642821 0.227931 -0.163477 0.959855 0.957795
7 50 0 1 0 0 0 0 1 0 0 0 0 1 0
7 51 0 1 0 0 0 0 1 0 0 0 0 1 0
7 52 25 -0.614756 0.528589 -0.585379 0.319074 0.444695 -0.380678 -0.810759 0.127833 -0.651399 -0.758734 -0.00103655 0.939069
7 53 0 1 0 0 0 0 1 0 0 0 0 1 0
7 54 0 1 0 0 0 0 1 0 0 0 0 1 0
7 55 0 1 0 0 0 0 1 0 0 0 0 1 0
7 56 0 1 0 0 0 0 1 0 0 0 0 1 0
7 57 0 1 0 0 0 0 1 0 0 0 0 1 0
7 58 15 -0.385949 -0.668598 0.635626 0.47758 0.856897 -0.515042 -0.0214551 0.216386 0.341719 0.536385 0.771699 0.851525
7 59 0 1 0 0 0 0 1 0 0 0 0 1 0
7 60 13 0.0147369 0.973537 -0.228055 0.423766 0.634189 -0.185434 -0.750612 0.247402 -0.773038 -0.133568 -0.620139 0.871329
7 61 38 -0.495106 0.782658 0.377249 -0.205894 0.809694 0.573096 -0.126319 -0.0987459 -0.315065 0.242915 -0.917457 0.973579
7 62 24 -0.221683 0.961857 0.160277 -0.172537 0.967912 0.197105 0.155874 -0.214998 0.118337 0.189688 -0.974687 0.961253
7 63 20 0.267276 0.88156 -0.389122 -0.194679 -0.864719 0.397618 0.306856 -0.10762 0.425234 0.254466 0.868575 0.974945
7 64 14 0.453084 0.746638 -0.48708 -0.205759 -0.843435 0.535956 0.0369924 -0.115177 0.288673 0.39406 0.872574 0.971801
7 65 31 0.293942 -0.875257 -0.384087 -0.200565 0.718866 0.467273 -0.514673 -0.117805 0.629945 -0.124824 0.766543 0.972572
7 66 19 -0.745461 0.232647 0.62463 -0.203633 0.249219 0.966427 -0.0625216 -0.111156 -0.618205 0.109063 -0.778414 0.972717
7 67 18 0.759306 -0.0958431 -0.643637 -0.20897 0.0254376 0.99271 -0.117814 -0.106182 0.650236 0.0730845 0.756209 0.97214
8 9 756 0.996301 -0.0511029 -0.0690871 0.665051 0.0552405 0.996707 0.0593674 -0.064231 0.0658257 -0.0629642 0.995843 0.744031
8 10 534 0.985749 -0.0158454 -0.167474 0.791282 0.0238074 0.998674 0.0456415 -0.0998246 0.166529 -0.0489782 0.984819 0.603248
8 11 254 0.964513 0.0209038 -0.263206 0.93894 -0.00999311 0.999037 0.0427239 -0.139973 0.263846 -0.0385775 0.963793 0.314325
8 12 121 0.932065 0.0273712 -0.361256 0.976215 -0.0147448 0.999182 0.0376621 -0.0543204 0.361992 -0.0297768 0.931706 0.209889
8 13 86 0.993232 0.0926321 -0.0700704 -0.273394 -0.0908815 0.995474 0.0277781 0.168275 0.0723264 -0.021222 0.997155 0.947069
8 14 47 0.741335 0.05647 -0.668755 0.881667 0.11529 0.970926 0.209788 -0.296199 0.661158 -0.232624 0.713271 0.367327
8 15 40 0.277579 0.0715013 -0.958038 0.890953 -5.60703e-05 0.997228 0.0744099 -0.0446868 0.960703 -0.0206009 0.276813 0.451892
8 16 0 1 0 0 0 0 1 0 0 0 0 1 0
8 17 0 1 0 0 0 0 1 0 0 0 0 1 0
8 18 0 1 0 0 0 0 1 0 0 0 0 1 0
8 19 14 0.981993 -0.160138 -0.100225 0.250215 0.185281 0.919955 0.345476 0.0704941 0.0368783 -0.357825 0.93306 0.96562
8 20 0 1 0 0 0 0 1 0 0 0 0 1 0
8 21 0 1 0 0 0 0 1 0 0 0 0 1 0
8 22 0 1 0 0 0 0 1 0 0 0 0 1 0
8 23 0 1 0 0 0 0 1 0 0 0 0 1 0
8 24 0 1 0 0 0 0 1 0 0 0 0 1 0
8 25 31 -0.721049 -0.318852 0.615159 0.257514 -0.480768 -0.409093 -0.775568 -0.277371 0.498949 -0.854972 0.141682 0.925609
8 26 0 1 0 0 0 0 1 0 0 0 0 1 0
8 27 0 1 0 0 0 0 1 0 0 0 0 1 0
8 28 0 1 0 0 0 0 1 0 0 0 0 1 0
8 29 0 1 0 0 0 0 1 0 0 0 0 1 0
8 30 0 1 0 0 0 0 1 0 0 0 0 1 0
8 31 0 1 0 0 0 0 1 0 0 0 0 1 0
8 32 0 1 0 0 0 0 1 0 0 0 0 1 0
8 33 0 1 0 0 0 0 1 0 0 0 0 1 0
8 34 0 1 0 0 0 0 1 0 0 0 0 1 0
8 35 0 1 0 0 0 0 1 0 0 0 0 1 0
8 36 0 1 0 0 0 0 1 0 0 0 0 1 0
8 37 37 0.146337 0.0558276 -0.987658 0.419288 -0.980514 -0.124096 -0.152293 -0.300094 -0.131067 0.990698 0.0365798 0.85682
8 38 0 1 0 0 0 0 1 0 0 0 0 1 0
8 39 41 -0.31205 0.278242 0.908409 -0.332194 -0.130412 0.934558 -0.33105 0.251109 -0.941072 -0.221771 -0.255343 0.909171
8 40 0 1 0 0 0 0 1 0 0 0 0 1 0
8 41 0 1 0 0 0 0 1 0 0 0 0 1 0
8 42 0 1 0 0 0 0 1 0 0 0 0 1 0
8 43 36 0.37469 -0.596969 -0.709391 0.447109 -0.668545 -0.704088 0.239391 0.0522338 -0.642382 0.384562 -0.662915 0.892953
8 44 50 0.214818 -0.748163 -0.627778 0.437993 -0.933007 -0.347219 0.0945389 0.0545934 -0.288707 0.565412 -0.77263 0.897319
8 45 0 1 0 0 0 0 1 0 0 0 0 1 0
8 46 0 1 0 0 0 0 1 0 0 0 0 1 0
8 47 25 -0.320661 -0.652798 0.686317 0.364381 0.891252 -0.453269 -0.0147207 0.0862875 0.320696 0.606961 0.727154 0.927244
8 48 20 0.243485 0.92549 0.290143 0.359622 -0.901348 0.105442 0.420064 -0.0212223 0.358172 -0.363799 0.859862 0.932857
8 49 21 0.35255 0.818303 -0.453971 0.298224 0.795795 -0.517407 -0.314642 -0.030156 -0.49236 -0.250341 -0.833613 0.954019
8 50 45 0.989455 0.101652 -0.103173 0.311541 -0.100623 0.994809 0.0151439 0.228842 0.104177 -0.00460257 0.994548 0.922265
8 51 42 0.989053 0.119076 -0.0871559 0.261404 -0.121273 0.99241 -0.0203525 0.222037 0.0840709 0.0306994 0.995987 0.939344
8 52 0 1 0 0 0 0 1 0 0 0 0 1 0
8 53 25 0.262845 0.0452399 -0.963777 0.808599 0.23412 0.966056 0.109197 -0.0976904 0.936002 -0.254341 0.243332 0.580193
8 54 50 -0.0794341 0.243977 -0.966522 0.37493 -0.989996 0.0941166 0.105121 0.169085 0.116613 0.965203 0.23406 0.911503
8 55 0 1 0 0 0 0 1 0 0 0 0 1 0
8 56 0 1 0 0 0 0 1 0 0 0 0 1 0
8 57 0 1 0 0 0 0 1 0 0 0 0 1 0
8 58 0 1 0 0 0 0 1 0 0 0 0 1 0
8 59 0 1 0 0 0 0 1 0 0 0 0 1 0
8 60 0 1 0 0 0 0 1 0 0 0 0 1 0
8 61 39 -0.72435 0.632052 -0.275366 -0.212896 -0.115582 -0.505086 -0.855294 -0.0867354 -0.679675 -0.587705 0.438913 0.973217
8 62 56 -0.249418 0.95106 0.182414 -0.190262 0.80943 0.30815 -0.499868 -0.096246 -0.531615 0.022975 -0.846674 0.977004
8 63 50 -0.161451 -0.955989 0.244986 -0.19577 -0.839213 0.263617 0.475634 -0.0999273 -0.519283 -0.128804 -0.84484 0.975545
8 64 26 0.787014 -0.137114 -0.601505 -0.205451 0.0915479 0.990151 -0.105925 -0.115378 0.610105 0.0282979 0.791815 0.971842
