0 1 989 0.999338 0.0091338 -0.0352017 0.98268 -0.00963635 0.999854 -0.0141333 -0.168086 0.0350674 0.0144632 0.99928 -0.0780143
0 2 539 0.994445 0.043293 -0.0959456 0.956945 -0.0472137 0.998124 -0.0389769 0.03351 0.0940782 0.0432903 0.994623 -0.288329
0 3 381 0.98231 0.0548568 -0.179046 0.981969 -0.0556995 0.998448 0.000320909 0.0466909 0.178786 0.00965756 0.983841 -0.183183
0 4 261 0.974593 0.0953871 -0.202655 0.997121 -0.0959883 0.995359 0.00688284 0.0681064 0.202371 0.0127446 0.979226 -0.0333282
0 5 163 0.924968 0.10065 -0.366476 0.998895 -0.111249 0.993762 -0.00785703 0.0469942 0.363399 0.0480374 0.930395 -0.000529543
0 6 109 0.981806 0.019946 0.188834 -0.263693 0.0184442 0.979748 -0.199385 0.535081 -0.188987 0.19924 0.961555 -0.802592
0 7 128 0.813747 0.0903326 -0.574157 0.994576 -0.104142 0.994523 0.00887009 0.0284387 0.571813 0.0525756 0.818698 0.100051
0 8 76 -0.317599 0.945552 -0.0711534 0.131441 0.829594 0.313424 0.462103 -0.188388 0.459244 0.087735 -0.883967 0.973259
0 9 104 0.719433 -0.657054 -0.225157 0.287015 -0.543932 -0.734573 0.405635 -0.300641 -0.431919 -0.169357 -0.885869 0.909526
0 10 47 0.964595 0.249262 0.0861657 -0.244509 -0.253201 0.966663 0.0381121 -0.0531499 -0.0737932 -0.05858 0.995552 0.968189
0 11 34 0.953238 0.101264 -0.28475 0.201716 -0.124926 0.989958 -0.0661538 0.204807 0.275192 0.0986331 0.956316 -0.957791
0 12 97 -0.800413 0.0250764 -0.598924 0.328419 -0.184145 0.940529 0.285474 -0.172616 0.570464 0.338786 -0.748194 0.928625
0 13 100 -0.977017 0.209819 0.0375866 0.193682 -0.200884 -0.965301 0.166853 -0.928905 0.0712913 0.155468 0.985265 0.315631
0 14 92 -0.979141 -0.0437892 0.198408 -0.105663 0.0399632 0.915921 0.399364 -0.283218 -0.199214 0.398962 -0.895066 0.953217
0 15 80 -0.891246 0.0581745 -0.449774 0.280288 -0.0975039 0.943969 0.315303 -0.205819 0.442915 0.324867 -0.835636 0.937591
0 16 25 -0.82756 0.265707 -0.494515 -0.00959401 -0.155824 -0.955003 -0.252364 -0.0476737 -0.539318 -0.131789 0.831726 0.998817
0 17 77 -0.92737 0.16168 -0.337407 0.273109 0.0297743 0.930841 0.364209 -0.226432 0.372958 0.32771 -0.868049 0.934955
0 18 98 -0.745724 0.263736 -0.611832 0.36205 -0.0436462 0.897005 0.43986 -0.296975 0.664824 0.354719 -0.657407 0.883587
0 19 37 0.916345 -0.0730839 0.393664 -0.175504 -0.098864 0.911456 0.399342 -0.324236 -0.387993 -0.404854 0.827983 -0.929553
0 20 34 0.67701 0.674772 -0.293838 0.112763 -0.676789 0.727659 0.111663 -0.197883 0.289161 0.12327 0.949311 0.973718
0 21 56 -0.786973 0.0548107 -0.614548 0.394373 -0.303752 0.832557 0.463231 -0.244124 0.537037 0.551221 -0.638551 0.885931
0 22 41 0.899101 -0.162863 0.406317 -0.275912 0.213601 0.973433 -0.0824809 0.232841 -0.38209 0.160949 0.910002 -0.932554
0 23 97 0.760914 0.508011 -0.40365 0.216772 0.648712 -0.608567 0.456967 -0.228111 -0.0135036 -0.609566 -0.792621 0.949197
0 24 69 0.503381 -0.462083 0.730128 -0.287872 -0.86127 -0.200422 0.466953 -0.29501 -0.0694376 -0.863893 -0.498866 0.911098
0 25 80 -0.734809 0.301823 -0.607419 0.257514 -0.0869668 0.846221 0.525688 -0.277371 0.672675 0.439105 -0.595562 0.925609
0 26 68 -0.272769 -0.0660493 -0.95981 0.264218 -0.290703 0.956666 0.0167822 -0.0634243 0.917109 0.283597 -0.28015 0.962375
0 27 99 -0.0508316 -0.648842 -0.759224 0.245131 -0.0739757 0.760564 -0.645035 0.344779 0.995964 0.0233759 -0.0866592 0.906112
0 28 41 -0.409433 0.846649 0.339926 -0.268732 0.871703 0.472989 -0.128121 0.31224 -0.269255 0.243858 -0.931684 0.911202
0 29 21 0.522216 -0.85236 -0.0278083 -0.00671896 0.814017 0.507918 -0.281774 0.294928 0.254297 0.124511 0.959078 -0.955496
0 30 41 0.798848 -0.601487 0.0074096 0.403082 0.598584 0.796089 0.089105 0.15325 -0.0594942 -0.0667461 0.995995 -0.902241
0 31 31 -0.841553 0.394 -0.36953 0.397927 -0.0593017 -0.747346 -0.661784 -0.162285 -0.536909 -0.535012 0.652296 0.902949
0 32 57 0.370285 -0.8385 -0.399758 0.294763 -0.788171 -0.0558489 -0.612917 0.399188 0.491605 0.542032 -0.681561 0.868195
0 33 44 -0.584921 -0.801326 0.125475 -0.535192 0.800599 -0.595206 -0.0690681 0.214772 0.130029 0.0600557 0.98969 -0.816971
0 34 25 0.553965 -0.220603 0.802781 0.354259 0.0277651 0.968614 0.247014 -0.0468362 -0.832077 -0.114548 0.542704 0.933974
0 35 65 0.698486 -0.671063 -0.24858 0.222131 -0.613833 -0.383263 -0.690159 0.355313 0.367868 0.634653 -0.679624 0.90797
0 36 68 -0.850519 -0.276154 -0.447611 0.336963 -0.25598 0.960811 -0.106378 0.00121109 0.459446 0.0241024 -0.887878 0.941517
0 37 25 -0.225508 -0.922411 0.313534 0.320146 0.911664 -0.313277 -0.265943 -0.0470937 0.343532 0.225866 0.911576 0.946197
0 38 54 0.452198 0.682712 0.573952 -0.329495 0.873894 -0.467849 -0.132009 0.218767 0.178398 0.561267 -0.808179 0.918463
0 39 29 0.172466 -0.96212 0.211141 -0.326065 0.984101 0.177537 0.0051493 0.28555 -0.0424396 0.206896 0.977442 -0.90119
0 40 32 -0.827827 0.221283 -0.515496 0.421346 -0.0462952 -0.942729 -0.330333 0.137665 -0.55907 -0.249593 0.790661 -0.896391
0 41 24 0.841317 -0.347708 -0.413866 -0.197409 0.294956 0.936922 -0.187556 0.000637389 0.452975 0.0357217 0.890807 0.980321
0 42 83 -0.700517 0.641206 0.313258 0.102342 0.385785 0.70955 -0.589669 0.303651 -0.600371 -0.292223 -0.74442 0.947271
0 43 65 -0.809467 0.315282 -0.495338 0.319819 0.386525 0.921165 -0.0453275 0.0501312 0.441997 -0.228152 -0.867517 0.946152
0 44 78 -0.312493 0.78622 0.533109 -0.284935 0.767604 -0.121602 0.629283 -0.285874 0.559582 0.605863 -0.565506 0.914925
0 45 77 -0.804944 0.592879 -0.0236448 -0.0712051 0.473205 0.665486 0.577239 -0.258464 0.357968 0.453457 -0.816233 0.963393
0 46 72 -0.455956 0.59685 0.660208 -0.348553 -0.845473 -0.522176 -0.111841 0.0223656 0.277992 -0.609182 0.74271 0.937022
0 47 54 0.892066 0.357809 -0.276028 0.213051 0.210166 -0.869219 -0.447536 0.176919 -0.400061 0.34122 -0.8506 0.96089
0 48 22 -0.668699 0.571205 0.47599 0.300433 -0.722665 -0.348691 -0.5968 0.0783286 -0.174921 -0.74306 0.645959 0.950581
0 49 34 -0.906574 0.322653 0.272065 -0.50395 -0.351552 -0.933993 -0.0637793 -0.123265 0.233529 -0.153466 0.960163 -0.854892
0 50 74 -0.651252 -0.415467 -0.635026 0.230818 -0.303907 0.909569 -0.283416 0.265929 0.69535 0.00841351 -0.718622 0.935951
0 51 27 0.578422 -0.671259 0.463508 0.320348 0.615436 0.732046 0.292142 0.146809 -0.535412 0.116278 0.836548 0.935855
0 52 37 0.993775 0.0957748 0.0569017 0.470983 -0.106599 0.9659 0.235953 0.140606 -0.032363 -0.24055 0.970097 0.870865
0 53 68 -0.761641 -0.0109683 -0.647906 0.354734 -0.0276904 0.999494 0.015631 0.149777 0.647407 0.029846 -0.76156 0.922892
0 54 73 -0.251519 -0.497981 -0.829911 0.293235 -0.240286 0.86276 -0.444869 0.135843 0.93755 0.0875233 -0.336659 0.94634
0 55 25 0.882278 -0.442565 0.16038 0.287188 0.456196 0.887887 -0.0595084 0.0981249 -0.116063 0.125668 0.98526 0.952835
0 56 111 0.0281697 0.188579 0.981654 -0.712786 0.452906 -0.877867 0.155645 -0.208006 0.891113 0.440213 -0.110138 0.669828
0 57 65 -0.324484 0.944518 -0.0509493 0.229412 0.871003 0.277355 -0.405498 0.145789 -0.368869 -0.175955 -0.912675 0.962349
0 58 20 -0.164202 0.924589 0.343764 -0.333809 -0.898383 0.00374619 -0.439196 0.184305 -0.407363 -0.380948 0.83002 -0.924448
0 59 25 -0.970996 0.23548 -0.0414231 -0.182371 -0.207949 -0.917239 -0.33975 -0.069651 -0.117999 -0.321282 0.939603 -0.98076
0 60 49 -0.965455 -0.111245 -0.235628 -0.19428 0.202574 -0.88921 -0.410207 0.33423 -0.163889 -0.443768 0.881028 -0.92225
0 61 34 0.906924 -0.199545 0.37104 -0.211669 0.124516 0.968329 0.216414 -0.0393102 -0.402473 -0.150071 0.903047 0.97655
0 62 73 0.188411 -0.958715 0.212994 -0.169871 -0.942821 -0.237288 -0.234058 -0.191088 0.274936 -0.156716 -0.948604 0.966762
0 63 82 0.53288 0.398239 0.746622 -0.228066 0.266223 -0.916429 0.298803 -0.19166 0.803221 0.039542 -0.594367 0.954595
0 64 66 0.0538361 0.885975 0.460597 -0.257567 0.817193 -0.30417 0.489566 -0.131308 0.573844 0.350041 -0.740388 0.957297
0 65 64 0.560325 -0.827921 0.0241485 0.0328964 -0.679413 -0.476102 -0.558323 0.193601 0.473745 0.296436 -0.829272 0.980529
0 66 79 0.844043 -0.0238116 0.535746 -0.430303 -0.107008 0.971445 0.211763 -0.00844435 -0.52549 -0.236066 0.817394 0.902645
0 67 70 0.915566 -0.264641 0.302827 -0.333221 0.211035 0.957133 0.198395 -0.156641 -0.342349 -0.117737 0.932167 0.929746
1 2 847 0.996869 0.0385981 -0.0690121 0.843165 -0.0401403 0.998971 -0.0211018 0.0944537 0.0681266 0.0238059 0.997393 -0.529294
1 3 579 0.986193 0.0484109 -0.158368 0.971137 -0.046967 0.998814 0.0128499 0.110196 0.158802 -0.00523438 0.987297 -0.21154
1 4 392 0.969083 0.10439 -0.223565 0.988245 -0.100864 0.994529 0.0271637 0.0565942 0.225178 -0.00377421 0.97431 -0.142017
1 5 245 0.963595 0.120986 -0.238425 0.967845 -0.121408 0.992518 0.0129723 0.0622842 0.238211 0.0164466 0.971074 -0.243714
1 6 185 0.936241 0.151385 -0.317074 0.98839 -0.144996 0.988462 0.0437973 0.0427609 0.320046 0.00496969 0.947389 -0.145797
1 7 175 0.887339 0.146292 -0.437296 0.997149 -0.152759 0.988049 0.0205696 0.0615696 0.435079 0.0485488 0.899082 -0.0436286
1 8 185 0.891541 0.303488 -0.336228 0.987346 -0.319698 0.94749 0.00751823 -0.0556938 0.320854 0.100788 0.941751 -0.148482
1 9 158 0.912542 0.258408 -0.317005 0.996451 -0.262954 0.964368 0.0291582 -0.00739015 0.313244 0.0567499 0.947975 -0.083853
1 10 162 0.743196 0.174881 -0.645815 0.97003 -0.215945 0.976277 0.0158595 -0.00413676 0.633267 0.127674 0.76333 0.242951
1 11 156 0.689382 0.170951 -0.703938 0.951079 -0.196321 0.979479 0.0456045 -0.0756462 0.697288 0.106759 0.708796 0.299544
1 12 186 0.692792 0.268863 -0.669143 0.969935 -0.300555 0.951119 0.0709834 -0.101332 0.655519 0.151938 0.739736 0.221264
1 13 171 0.481213 0.151936 -0.863336 0.918821 -0.241514 0.969728 0.0360427 -0.0367828 0.842677 0.191163 0.50334 0.392956
1 14 47 0.825131 0.440954 0.353156 -0.0981914 -0.408423 0.897503 -0.16637 0.302047 -0.390319 -0.00696016 0.920653 -0.948223
1 15 149 -0.976074 -0.080999 0.201789 -0.0901926 -0.0110141 0.945253 0.326152 -0.187447 -0.21716 0.316126 -0.923529 0.978125
1 16 96 -0.774045 0.228804 -0.590342 0.480912 -0.0261123 0.920087 0.390843 -0.25938 0.632592 0.317946 -0.706214 0.837523
1 17 68 -0.911981 0.200222 -0.358054 0.322865 0.0425713 0.914283 0.402832 -0.252341 0.408018 0.352132 -0.842332 0.912185
1 18 47 0.968981 -0.0551304 0.240906 -0.116365 0.0604208 0.998066 -0.0146235 0.274208 -0.239634 0.0287256 0.970438 -0.954604
1 19 58 -0.508485 0.802896 0.31113 -0.183218 -0.860866 -0.481909 -0.163322 -0.307579 0.0188064 -0.350888 0.936229 -0.933716
1 20 38 -0.879334 -0.165158 -0.446647 0.455724 0.3209 -0.898503 -0.299527 0.0388876 -0.351844 -0.406713 0.843084 -0.889271
1 21 100 0.938145 -0.149452 -0.312328 0.439762 0.189909 0.976359 0.103237 -0.275155 0.289515 -0.156165 0.944348 0.854926
1 22 94 0.569117 -0.794278 0.212668 0.258013 -0.420844 -0.503568 -0.754526 -0.0372464 0.706396 0.339914 -0.620856 0.965423
1 23 41 -0.590551 0.728445 0.347299 -0.450053 -0.795993 -0.596631 -0.102108 -0.043464 0.132829 -0.336748 0.932179 -0.891943
1 24 45 -0.857294 0.492547 0.149813 -0.280605 -0.509599 -0.770504 -0.382927 0.291023 -0.0731782 -0.404625 0.91155 -0.91464
1 25 73 -0.974469 -0.0889147 -0.206167 -0.268556 -0.108428 0.990434 0.0853466 -0.193137 0.196606 0.105522 -0.974788 0.943703
1 26 44 -0.999837 -0.0172879 0.00512058 -0.360312 0.0177858 -0.99228 0.122734 0.0307441 0.00295922 0.122806 0.992426 -0.932325
1 27 81 -0.878384 0.0838808 -0.470537 0.0176247 -0.00904305 0.981387 0.191829 -0.00512162 0.477869 0.172755 -0.861276 0.999832
1 28 62 0.646746 -0.755863 0.101932 -0.159587 -0.470091 -0.500286 -0.727138 -0.0104468 0.600612 0.422356 -0.678882 0.987129
1 29 85 -0.202408 0.940543 0.272782 -0.100819 0.817343 0.315679 -0.481972 0.260796 -0.539427 0.125402 -0.832642 0.960115
1 30 124 0.0475915 -0.625884 -0.778463 0.317148 -0.409701 0.698541 -0.586673 0.112833 0.910978 0.346857 -0.22318 0.94164
1 31 57 -0.810504 0.580818 0.0757198 -0.473592 -0.581802 -0.783357 -0.218765 -0.00555354 -0.0677471 -0.221364 0.972835 -0.880727
1 32 84 0.991474 -0.0812564 0.101863 -0.05479 0.0759911 0.995615 0.0545524 -0.782754 -0.105849 -0.0463466 0.993302 -0.619915
1 33 45 0.42089 0.881445 0.214258 0.429777 -0.871913 0.45827 -0.172502 0.0074768 -0.250239 -0.114209 0.961424 0.902904
1 34 92 -0.872858 0.0196684 -0.487578 0.456877 0.0778312 -0.980785 -0.178896 0.0218996 -0.481728 -0.1941 0.854555 0.88926
1 35 41 -0.806865 -0.214267 0.550507 0.360017 0.405512 -0.878552 0.252402 -0.0194559 0.429567 0.426892 0.795761 0.932743
1 36 35 -0.42754 -0.898294 0.10138 -0.333188 0.903031 -0.419208 0.093805 0.00104918 -0.0417652 0.131655 0.990415 -0.94286
1 37 100 0.99735 0.0722158 0.00883592 0.657503 -0.0726103 0.995645 0.0584638 0.43774 -0.00457543 -0.0589504 0.99825 0.613248
1 38 48 0.491368 0.870914 -0.00809119 0.334765 -0.870789 0.491076 -0.0238927 -0.197043 -0.0168351 0.0187858 0.999682 -0.92147
1 39 122 0.673761 -0.18183 -0.716229 0.917749 -0.0289015 0.962027 -0.271419 0.281034 0.738384 0.203572 0.642921 0.280637
1 40 112 -0.766744 -0.471285 0.435883 -0.440739 -0.303187 0.864347 0.401226 -0.142344 -0.565846 0.175484 -0.80562 0.886278
1 41 99 -0.668553 0.702831 -0.243032 0.18626 0.583758 0.293518 -0.757017 0.165501 -0.460721 -0.647978 -0.606516 0.968461
1 42 57 0.875119 0.350331 0.333818 0.0243399 -0.386429 0.921155 0.0463191 -0.296178 -0.291271 -0.169532 0.941499 -0.954823
1 43 27 -0.941117 -0.173627 0.290092 -0.339743 0.218275 -0.9673 0.129178 -0.0495606 0.258177 0.184891 0.94824 -0.939212
1 44 113 0.557245 -0.237219 0.795742 -0.332282 -0.199908 0.891809 0.40585 -0.0760882 -0.805925 -0.385233 0.449534 0.940106
1 45 52 -0.952806 0.299082 0.0520597 -0.28687 -0.293814 -0.951642 0.0897213 -0.332601 0.0763762 0.0701912 0.994605 -0.898377
1 46 31 -0.309351 -0.906542 -0.287198 -0.0365087 0.948612 -0.315337 -0.0264211 0.286104 -0.0666123 -0.280613 0.957507 -0.957503
1 47 93 0.0997035 0.9656 0.240158 -0.149674 0.91414 0.00642596 -0.405348 0.0544754 -0.392948 0.259953 -0.882052 0.987234
1 48 66 -0.96742 -0.112412 0.226851 -0.12351 0.0286256 0.84171 0.539171 -0.340195 -0.251552 0.528099 -0.811069 0.932208
1 49 82 -0.965165 -0.0595342 0.25478 -0.13813 0.0723702 0.875033 0.478622 -0.310686 -0.251436 0.480388 -0.840243 0.940422
1 50 51 0.723466 0.6849 0.0866591 -0.393642 -0.687865 0.725812 0.00621918 -0.175444 -0.0586387 -0.0641092 0.996219 -0.902367
1 51 47 0.928689 0.34981 0.123168 0.277004 -0.359126 0.931141 0.0632784 0.102996 -0.0925516 -0.102999 0.990366 -0.955333
1 52 82 -0.410474 -0.82945 -0.378845 0.354128 -0.847618 0.500255 -0.176885 0.0277688 0.336237 0.248509 -0.908399 0.934785
1 53 53 -0.917635 -0.105436 0.383182 0.325714 0.272759 -0.868321 0.414271 0.122652 0.289046 0.484666 0.825561 0.937479
1 54 68 0.404363 0.884208 0.233811 0.223324 -0.851233 0.457341 -0.257375 0.0918398 -0.334504 -0.0949548 0.937598 -0.970408
1 55 49 0.889345 -0.412851 -0.196519 0.337106 0.443076 0.884279 0.147427 0.116072 0.112912 -0.218186 0.969353 0.934284
1 56 65 0.95517 -0.294639 -0.02896 0.263219 0.294306 0.955589 -0.0152741 0.324916 0.0321742 0.0060663 0.999464 -0.908375
1 57 37 0.534399 -0.816108 0.219966 -0.273813 0.840657 0.540233 -0.037996 0.356507 -0.087824 0.205221 0.974767 -0.893269
1 58 95 -0.236782 -0.865419 0.441571 -0.432821 -0.65569 0.477725 0.584679 -0.152406 -0.716942 -0.151092 -0.680563 0.888504
1 59 97 -0.626744 -0.297863 0.720048 -0.396219 -0.014228 0.928277 0.371617 -0.184507 -0.779095 0.222664 -0.58603 0.899426
1 60 39 0.270373 0.905927 -0.325876 -0.459239 -0.962685 0.250284 -0.102935 -0.115246 -0.01169 0.341547 0.939792 0.880805
1 61 110 -0.597274 0.469918 -0.649954 0.272742 0.451863 0.866684 0.211375 0.0635725 0.662634 -0.167442 -0.729986 0.959985
1 62 88 0.386509 -0.870055 0.305964 -0.172537 -0.888694 -0.262623 0.375834 -0.214998 -0.246643 -0.417172 -0.87472 0.961253
1 63 42 0.901341 -0.429308 0.0572665 0.1732 0.423169 0.901086 0.0947157 0.224053 -0.0922643 -0.0611377 0.993856 -0.959063
1 64 98 -0.276728 -0.853855 0.440855 -0.273953 -0.959681 0.269116 -0.0811702 -0.0894304 -0.0493333 -0.445542 -0.893901 0.957576
1 65 49 0.762991 0.192282 0.617149 -0.170299 -0.166921 0.980961 -0.0992658 -0.231706 -0.624486 -0.027276 0.78056 0.957763
1 66 112 0.848359 -0.257294 0.462695 -0.385299 0.142844 0.952793 0.26792 -0.142726 -0.509787 -0.161199 0.845064 0.911687
1 67 96 0.3907 -0.810197 -0.436961 0.276687 -0.88286 -0.195423 -0.427046 0.0386383 0.260599 0.552622 -0.791642 0.960183
2 3 515 0.997552 0.00988943 -0.0692295 0.953566 -0.00729002 0.999263 0.0377001 0.148497 0.0695513 -0.0371031 0.996888 -0.262032
2 4 306 0.991324 0.0647609 -0.114379 0.987961 -0.0595396 0.997047 0.0484935 0.0594618 0.117181 -0.0412627 0.992253 -0.142823
2 5 250 0.976859 0.0721182 -0.201359 0.993654 -0.0667614 0.997214 0.0332775 0.0617629 0.203197 -0.0190645 0.978952 -0.0940015
2 6 189 0.962197 0.118541 -0.245204 0.995089 -0.106004 0.99232 0.0637573 0.0471713 0.250878 -0.0353544 0.967373 -0.0870201
2 7 142 0.952817 0.150473 -0.263623 0.974763 -0.14108 0.988507 0.0543206 0.0306603 0.268767 -0.0145656 0.963095 -0.221128
2 8 152 0.819838 0.156763 -0.550718 0.991584 -0.18959 0.98186 -0.00274931 -0.00227832 0.540297 0.106665 0.834687 0.129445
2 9 94 0.953825 0.297435 -0.0418394 0.94059 -0.294798 0.953715 0.0593419 -0.131538 0.0575532 -0.0442677 0.997361 -0.31303
2 10 131 0.879991 0.184724 0.437598 -0.885544 -0.201247 0.979501 -0.00877843 0.0785295 -0.430249 -0.0803405 0.899128 0.45787
2 11 84 0.999917 -0.00930471 -0.00886416 0.472812 0.00925005 0.999938 -0.00618713 -0.266516 0.00892119 0.00610462 0.999942 0.839892
2 12 131 -0.875949 0.0835583 -0.475112 0.292603 -0.0927433 0.937342 0.335839 -0.185079 0.473405 0.338241 -0.813315 0.938152
2 13 149 0.639689 0.222156 -0.73583 0.949591 -0.246632 0.966026 0.0772472 -0.0787006 0.727991 0.132065 0.672746 0.303452
2 14 113 -0.814957 0.436253 -0.381482 0.141566 0.092886 0.74809 0.657064 -0.312349 0.572029 0.500045 -0.650183 0.93936
2 15 119 -0.877212 0.099675 -0.469642 0.283063 -0.0839553 0.931291 0.354468 -0.207153 0.472705 0.350373 -0.808572 0.936463
2 16 107 -0.629715 0.0799367 -0.772703 0.521786 -0.218953 0.9361 0.275276 -0.110425 0.745332 0.342531 -0.571973 0.845899
2 17 127 0.227527 0.282679 -0.931839 0.864397 -0.259238 0.939988 0.221853 -0.109984 0.93863 0.19109 0.287154 0.490633
2 18 69 0.963233 -0.198098 -0.181491 0.165152 -0.180263 -0.977431 0.110151 -0.257683 -0.199215 -0.0733851 -0.977204 0.952011
2 19 44 0.0738859 0.993149 0.09053 -0.182048 -0.97602 0.0906516 -0.197907 -0.303323 -0.204758 -0.0737366 0.976031 -0.935336
2 20 96 0.850753 -0.0769261 -0.519905 0.465416 0.232768 -0.831769 0.503963 -0.23116 -0.471209 -0.549766 -0.689724 0.854373
2 21 31 -0.490873 -0.72994 -0.475638 -0.221477 0.856194 -0.50516 -0.108371 0.241348 -0.161169 -0.460435 0.87294 -0.944827
2 22 41 -0.863361 -0.420538 -0.278848 0.279009 0.485299 -0.843379 -0.230644 -0.238108 -0.13818 -0.334453 0.932227 0.9303
2 23 105 0.67753 -0.519929 0.520218 -0.355276 -0.418289 -0.854169 -0.308916 -0.0734076 0.604969 -0.00830104 -0.796206 0.931874
2 24 127 -0.185607 -0.754258 -0.629798 0.356061 0.588607 -0.598563 0.543383 -0.325352 -0.786824 -0.269848 0.555059 0.875995
2 25 102 -0.00796858 0.652699 0.757576 -0.468627 -0.509505 0.649233 -0.564713 -0.0880991 -0.860431 -0.390489 0.32738 0.878992
2 26 103 -0.405491 -0.10916 0.907558 -0.4012 -0.212822 0.976834 0.0224055 -0.306911 -0.888979 -0.184063 -0.419329 0.863044
2 27 76 -0.353024 -0.422517 -0.834777 -0.0926075 0.0431836 0.883915 -0.46565 0.0165349 0.934617 -0.200434 -0.293797 0.995565
2 28 27 0.957268 -0.272558 0.096695 -0.305439 0.207737 0.880658 0.425778 -0.0490652 -0.201204 -0.387496 0.899646 0.950947
2 29 34 0.303331 -0.941093 -0.149447 -0.0968142 0.929861 0.326607 -0.169369 -0.209994 0.208203 -0.0875905 0.974156 -0.972898
2 30 94 -0.595427 -0.708989 -0.377892 0.317148 -0.56313 0.703778 -0.433107 0.112833 0.57302 -0.0450816 -0.818301 0.94164
2 31 48 -0.787827 0.613929 0.0491977 0.473592 -0.603192 -0.752969 -0.263054 0.00555354 -0.124452 -0.236917 0.963526 0.880727
2 32 75 -0.0647939 -0.538981 0.839822 -0.222175 -0.593961 0.697106 0.401564 -0.312034 -0.80188 -0.472803 -0.365302 0.923728
2 33 29 0.0538111 -0.960728 0.272225 0.464859 0.912914 -0.0631263 -0.40324 -0.263231 0.404588 0.270217 0.873665 0.845349
2 34 30 0.166769 -0.983851 0.0650072 0.357047 0.982609 0.160375 -0.0935934 -0.0500673 0.0816565 0.0794851 0.993486 0.932744
2 35 90 0.55566 -0.740033 0.378937 0.213632 0.509506 -0.0570684 -0.858572 0.366937 0.656997 0.670146 0.345341 0.905383
2 36 36 0.242651 0.900165 0.361695 -0.240215 -0.897415 0.0666719 0.436121 -0.32168 0.368466 -0.430416 0.823999 -0.915871
2 37 108 0.970536 -0.0430745 -0.237074 0.745274 0.0396213 0.999028 -0.0193135 0.40842 0.237675 0.00935125 0.9713 0.527029
2 38 107 -0.601894 0.524677 0.602028 -0.339235 0.48893 0.83818 -0.241667 0.206332 -0.631405 0.148891 -0.761025 0.917795
2 39 108 -0.511389 -0.765715 -0.39008 0.101267 -0.581761 0.642567 -0.498661 0.307269 0.632484 -0.0280764 -0.774064 0.946219
2 40 93 0.859509 -0.311816 0.404988 -0.440739 0.211882 0.938432 0.272858 -0.142344 -0.465135 -0.148714 0.872659 0.886278
2 41 128 0.21982 -0.975533 -0.00392475 0.127706 -0.452089 -0.0983039 -0.886539 0.357111 0.864462 0.196653 -0.462636 0.925291
2 42 49 0.558293 0.685122 0.467886 -0.0802786 -0.805614 0.582435 0.108422 -0.308701 -0.198231 -0.437467 0.877113 -0.947765
2 43 104 -0.662767 0.573185 -0.48187 0.344875 0.712087 0.681509 -0.168754 0.0462123 0.231671 -0.454977 -0.85984 0.93751
2 44 86 0.716459 -0.262355 0.646418 -0.332282 0.0439365 0.941722 0.33351 -0.0760882 -0.696244 -0.210545 0.686232 0.940106
2 45 34 0.952263 0.286668 0.104955 0.254353 -0.298193 0.947101 0.118663 -0.0386269 -0.0653859 -0.144296 0.987372 -0.96634
2 46 98 0.201957 -0.260318 -0.944165 0.0365087 0.790258 -0.526149 0.314102 -0.286104 -0.578538 -0.809569 0.099459 0.957503
2 47 26 0.576001 0.794545 -0.192149 -0.125277 -0.787886 0.47697 -0.389532 -0.106662 -0.217851 0.375762 0.900746 0.986372
2 48 52 -0.239361 -0.71934 -0.652117 0.390187 -0.852077 0.477624 -0.214103 0.0541159 0.465479 0.504406 -0.727258 0.919144
2 49 64 -0.335311 0.734895 0.589488 -0.377166 0.877297 0.0155004 0.479698 -0.128175 0.34339 0.678004 -0.649918 0.917234
2 50 32 -0.14344 -0.953427 0.265335 0.272722 0.936415 -0.217509 -0.27535 0.188545 0.320239 0.208967 0.924002 0.943437
2 51 92 0.824288 0.516891 -0.231027 0.759998 -0.516555 0.853639 0.0668672 -0.377272 0.231776 0.0642203 0.970647 -0.529215
2 52 83 -0.0608042 -0.926282 0.371893 0.309432 -0.510127 0.349086 0.786072 -0.0770845 -0.857947 -0.141916 -0.493747 0.947792
2 53 109 0.277481 -0.755614 -0.59334 0.353158 0.941515 0.336776 0.0114276 0.148364 0.191188 -0.56181 0.804871 0.923725
2 54 102 -0.0279179 0.714026 -0.699563 0.293235 0.921283 -0.253186 -0.295187 0.135843 -0.38789 -0.652736 -0.650751 0.94634
2 55 92 -0.920012 0.358792 0.157626 -0.145318 0.177969 0.740871 -0.64764 0.302802 -0.349149 -0.567784 -0.745464 0.94191
2 56 93 -0.328076 -0.83266 0.446143 -0.469304 -0.488081 0.553773 0.67462 -0.214989 -0.808791 0.00357236 -0.588085 0.856466
2 57 55 -0.862588 -0.503182 -0.0524396 0.284153 0.50569 -0.860608 -0.0602596 0.265826 -0.0148084 -0.0784974 0.996804 -0.921191
2 58 27 0.0384442 0.944325 0.32676 -0.212843 -0.907601 0.169809 -0.38396 0.332817 -0.41807 -0.281807 0.863598 -0.918657
2 59 58 0.916236 -0.39803 -0.04564 0.426506 0.40045 0.913335 0.0738785 0.115606 0.0122788 -0.0859667 0.996222 -0.897066
2 60 84 0.238693 -0.919286 0.312951 -0.435458 -0.960796 -0.270372 -0.0613972 -0.109107 0.141055 -0.286027 -0.947783 0.893573
2 61 68 0.681714 0.542236 0.491168 0.235938 0.470118 -0.83906 0.273802 0.0575383 0.560585 0.0442521 -0.826914 0.970063
2 62 79 -0.953669 0.268273 0.136183 -0.478264 -0.281173 -0.955779 -0.086184 -0.078072 0.10704 -0.120482 0.986928 0.874739
2 63 77 -0.0077761 0.960746 0.277321 -0.208708 0.956402 0.0881145 -0.278444 -0.140701 -0.29195 0.263065 -0.919544 0.967804
2 64 67 -0.744757 0.470677 -0.473074 0.29328 0.612738 0.763139 -0.205356 0.0504611 0.264365 -0.442811 -0.856755 0.954694
2 65 41 0.881809 -0.380485 -0.278647 0.470494 0.310646 0.913174 -0.263843 0.0888017 0.354841 0.146098 0.923441 -0.877923
2 66 111 -0.559052 0.798684 0.22263 0.117924 0.595243 0.57353 -0.562805 0.32986 -0.577188 -0.182119 -0.796044 0.936636
2 67 61 0.524359 0.106705 -0.844785 0.25486 -0.235421 0.971612 -0.0234017 0.0467514 0.818306 0.211151 0.534594 0.965847
3 4 656 0.995553 0.054319 -0.0769704 0.997175 -0.0539958 0.998521 0.00627503 0.0271014 0.0771974 -0.00209104 0.997014 0.0700488
3 5 398 0.991417 0.0567149 -0.117799 0.987614 -0.0575602 0.998335 -0.00378296 0.0435656 0.117388 0.010531 0.99303 -0.150735
3 6 300 0.986441 0.0885892 -0.138152 0.975483 -0.0864953 0.996029 0.0210991 0.0624674 0.139472 -0.00886354 0.990186 -0.211022
3 7 206 0.966171 0.111384 -0.232607 0.981648 -0.112539 0.993612 0.00834427 0.0472201 0.232051 0.0181154 0.972535 -0.184765
3 8 132 -0.870677 0.0637483 -0.487707 0.300699 0.00493914 0.992649 0.120932 -0.183248 0.491831 0.102884 -0.864591 0.935949
3 9 77 0.997519 -0.020586 0.0673216 0.143143 0.0225034 0.999359 -0.0278483 0.0233217 -0.0667051 0.0292942 0.997343 -0.989427
3 10 94 0.999846 -0.0157409 0.0077702 0.200613 0.0161378 0.998411 -0.0539832 0.330422 -0.00690812 0.0541003 0.998512 -0.922267
3 11 150 -0.297546 0.543153 -0.785144 0.468224 0.436089 0.808908 0.394329 -0.265029 0.84929 -0.225061 -0.47755 0.842927
3 12 50 -0.980324 0.189271 0.0560512 0.272826 -0.187194 -0.981497 0.0402818 -0.140896 0.0626382 0.0289967 0.997615 0.95169
3 13 169 0.684936 0.188623 -0.703764 0.950382 -0.22317 0.973795 0.0437973 -0.101815 0.693583 0.127061 0.709083 0.293953
3 14 98 -0.870038 0.492264 -0.026657 0.152691 -0.492823 -0.869867 0.0213644 -0.31796 -0.0126711 0.031725 0.999416 0.935728
3 15 81 -0.997301 -0.0528284 0.0509982 0.0872371 0.0423673 -0.981263 -0.187959 0.585159 0.0599722 -0.185291 0.980852 -0.806213
3 16 175 0.148064 0.205588 -0.967373 0.846551 -0.265563 0.950495 0.161355 -0.102224 0.952656 0.233008 0.19533 0.5224
3 17 156 0.601238 0.289404 -0.744821 0.957992 -0.276121 0.949937 0.146211 -0.193374 0.749847 0.117753 0.651048 0.211795
3 18 114 0.652688 0.212518 -0.72721 0.831284 -0.233111 0.96962 0.0741376 0.133133 0.720873 0.121132 0.682399 -0.539669
3 19 57 -0.846001 0.46259 0.265128 -0.17576 -0.413049 -0.883053 0.222729 -0.31792 0.337154 0.0789175 0.938136 -0.931684
3 20 80 0.817131 0.139415 -0.559338 0.196531 0.159917 -0.987053 -0.012403 -0.211325 -0.553826 -0.0793126 -0.828847 0.957453
3 21 79 0.3388 0.940619 -0.0212414 0.22039 0.927296 -0.337651 -0.161596 -0.242075 -0.159173 0.0350518 -0.986628 0.944896
3 22 86 -0.433956 0.238652 -0.86875 0.238611 0.00994276 0.965487 0.26026 -0.213614 0.900879 0.104304 -0.421352 0.94733
3 23 76 0.754561 0.558167 0.345091 -0.355276 0.634211 -0.755347 -0.165003 -0.0734076 0.168564 0.343366 -0.923951 0.931874
3 24 119 0.515267 0.372087 -0.772043 0.355363 -0.635612 0.770185 -0.0530211 -0.323996 0.574888 0.518041 0.633354 0.87678
3 25 44 0.0539897 0.990259 -0.128344 0.472762 -0.964351 0.0183627 -0.263987 0.0852115 -0.259059 0.138022 0.955949 -0.87706
3 26 66 0.173062 -0.939625 0.295219 -0.41436 -0.965523 -0.102674 0.239214 -0.281509 -0.19446 -0.32644 -0.924999 0.865482
3 27 80 0.399482 0.817215 0.41542 -0.474317 -0.908599 0.413211 0.060869 -0.0388212 -0.121913 -0.401766 0.907591 0.879498
3 28 38 -0.891852 0.159988 -0.423089 -0.124621 -0.243682 -0.957962 0.151422 0.0160598 -0.381078 0.238145 0.893346 0.992074
3 29 81 0.510645 0.50613 -0.695036 0.416408 0.519532 -0.825746 -0.219613 -0.104262 -0.685076 -0.248949 -0.684613 0.90318
3 30 146 0.964273 -0.253784 0.0759653 -0.10425 -0.23078 -0.663964 0.711261 -0.371047 -0.130068 -0.703381 -0.698811 0.922744
3 31 27 -0.508891 0.814773 0.277804 -0.473592 -0.742302 -0.57876 0.337676 -0.00555354 0.435911 -0.0343747 0.899333 -0.880727
3 32 104 -0.651467 -0.431082 0.624306 -0.293357 -0.406462 0.893144 0.192568 -0.168678 -0.640608 -0.128305 -0.757073 0.941004
3 33 33 0.0295585 -0.993766 0.107497 -0.448034 0.897935 -0.0208475 -0.439634 0.261774 0.439134 0.10952 0.891721 -0.854833
3 34 77 0.0127143 -0.734084 -0.678939 0.355552 -0.903397 0.282619 -0.322492 -0.0503587 0.428617 0.617452 -0.659576 0.933299
3 35 52 -0.379521 -0.876561 0.29598 0.220791 0.898136 -0.425852 -0.109549 0.358044 0.22207 0.224255 0.948891 0.907224
3 36 87 -0.918092 -0.0772673 -0.388764 0.335483 -0.120729 0.988724 0.0886003 -0.000789848 0.377534 0.128278 -0.917067 0.942046
3 37 50 0.00556388 0.970325 0.241741 0.0036502 -0.999982 0.00594419 -0.000843954 -0.320138 -0.00225586 -0.241732 0.97034 -0.947364
3 38 39 -0.0542828 0.998342 -0.0191737 -0.339235 -0.781199 -0.0305007 0.623536 0.206332 0.621917 0.0488257 0.781559 0.917795
3 39 103 -0.790589 -0.507409 0.34279 0.0526683 -0.592416 0.492122 -0.637856 0.263303 0.154959 -0.707356 -0.689663 0.963275
3 40 131 -0.58255 -0.439284 0.683861 -0.440739 -0.275892 0.898286 0.342002 -0.142344 -0.764539 0.0105614 -0.644492 0.886278
3 41 53 -0.850954 -0.0525756 0.522602 0.126747 -0.181371 -0.904362 -0.386309 0.354104 0.492932 -0.423516 0.760035 0.926577
3 42 96 -0.87958 -0.467438 -0.0885429 0.0802786 -0.325639 0.727214 -0.604252 0.308701 0.34684 -0.502655 -0.791859 0.947765
3 43 106 -0.320654 -0.253372 -0.91268 0.348942 -0.250839 0.951872 -0.176124 0.0479833 0.913379 0.172461 -0.368777 0.935915
3 44 94 -0.482783 -0.653474 0.583003 -0.332282 -0.845689 0.520788 -0.116573 -0.0760882 -0.227444 -0.549319 -0.804063 0.940106
3 45 63 -0.96032 0.274043 0.0518161 -0.408298 -0.268502 -0.958679 0.0940236 -0.36191 0.0754415 0.0763801 0.994221 -0.838041
3 46 40 0.729991 0.672186 0.123607 0.0365087 -0.567333 0.696818 -0.438837 -0.286104 -0.381112 0.250221 0.890024 0.957503
3 47 66 -0.510529 -0.489319 0.707055 -0.125825 0.505121 -0.836118 -0.213916 -0.122186 0.695855 0.247938 0.674028 0.984499
3 48 79 -0.531965 -0.66142 -0.528713 0.370717 -0.72537 0.67809 -0.118458 0.00142682 0.436866 0.320497 -0.840494 0.928745
3 49 58 0.907379 0.322641 -0.269382 -0.101995 0.175498 -0.87319 -0.454686 -0.0394259 -0.381922 0.365297 -0.848937 0.994003
3 50 38 -0.942021 -0.155904 0.297137 -0.0863802 0.175723 -0.983584 0.0410269 0.17063 0.285863 0.0908621 0.953953 0.981542
3 51 115 7.30423e-05 -0.0432919 -0.999062 0.753717 -0.0139669 0.998965 -0.0432887 -0.0298642 0.999902 0.013957 -0.000531688 0.656521
3 52 33 -0.0304385 0.884947 0.464697 -0.31752 -0.947705 0.122216 -0.294818 -0.144012 -0.317692 -0.449369 0.834949 -0.937252
3 53 110 -0.937207 0.266141 -0.225414 -0.0585582 0.335236 0.86572 -0.37168 0.315277 0.0962258 -0.423908 -0.900579 0.947191
3 54 119 -0.329405 0.281277 -0.901319 0.295189 0.624037 0.781236 0.0157353 0.136156 0.708569 -0.557273 -0.432871 0.945688
3 55 41 0.873441 0.478628 0.0895272 0.104877 -0.479005 0.877614 -0.0186325 -0.319033 -0.0874884 -0.0266096 0.99581 -0.941923
3 56 44 -0.816678 0.175153 -0.549872 0.47066 0.0186688 -0.944312 -0.328522 0.214636 -0.576792 -0.278562 0.767929 -0.85581
3 57 116 -0.439331 0.762691 -0.474648 0.235079 0.87243 0.236296 -0.427821 0.168331 -0.214138 -0.602052 -0.769206 0.957289
3 58 82 -0.307077 0.947419 0.0900035 0.0959659 0.770952 0.303094 -0.560148 0.302572 -0.557975 -0.102621 -0.823488 0.948283
3 59 67 -0.826264 0.542435 -0.151833 0.350054 0.536429 0.675509 -0.505897 0.268872 -0.171851 -0.499452 -0.849126 0.897313
3 60 74 -0.917792 0.390536 0.0716873 -0.474538 -0.397054 -0.901617 -0.171565 -0.20054 -0.00236801 -0.185925 0.982561 -0.857086
3 61 43 0.296201 0.656043 0.69417 0.26638 -0.838975 0.526069 -0.139185 0.060294 -0.456493 -0.541165 0.706226 0.96198
3 62 110 -0.00237912 -0.248908 0.968524 -0.473772 0.0583611 -0.966911 -0.24835 -0.0744132 0.998293 0.0559333 0.0168269 0.877498
3 63 78 0.97666 -0.113058 0.18263 -0.46312 0.0841311 0.983681 0.15904 -0.0882899 -0.19763 -0.139963 0.970233 0.881887
3 64 65 -0.832843 0.282226 -0.476152 0.299383 -0.172031 -0.949622 -0.26196 0.061804 -0.526096 -0.136259 0.839438 0.952129
3 65 141 0.42306 -0.294932 0.856759 -0.470494 -0.171662 -0.954508 -0.243816 -0.0888017 0.889692 -0.0439243 -0.454443 0.877923
3 66 35 0.410059 0.904619 0.116262 -0.117725 -0.784625 0.284899 0.550633 -0.328893 0.46499 -0.317014 0.826612 -0.937001
3 67 48 0.0393981 0.987905 0.149969 0.278934 -0.917332 -0.0237457 0.397414 0.0404208 0.396169 -0.153228 0.905302 0.959459
4 5 887 0.997923 0.00477309 -0.0642379 0.955814 -0.00550877 0.999921 -0.0112802 0.0421972 0.064179 0.0116106 0.997871 -0.290927
4 6 522 0.995035 0.0372894 -0.092275 0.94151 -0.0362233 0.999257 0.0132024 0.0697523 0.0926987 -0.00979434 0.995646 -0.329688
4 7 378 0.983621 0.0473093 -0.173929 0.963967 -0.0478624 0.998853 0.00101535 0.055782 0.173778 0.00732595 0.984758 -0.260108
4 8 204 0.961043 0.14548 -0.235016 0.98702 -0.158781 0.986559 -0.0385958 -0.0717844 0.226242 0.0744083 0.971225 -0.143659
4 9 69 0.997711 -0.0419735 0.0530279 0.134874 0.042399 0.999077 -0.00692307 -0.0297107 -0.0526884 0.00915555 0.998569 -0.990417
4 10 163 0.853378 0.0969321 -0.512201 0.955638 -0.0941219 0.995062 0.0314953 -0.116337 0.512725 0.0213319 0.858288 0.270594
4 11 186 0.860411 0.108599 -0.497896 0.979115 -0.140761 0.989665 -0.027386 -0.0403042 0.489776 0.0936473 0.866804 0.199273
4 12 60 0.985245 0.169806 -0.0214075 0.255554 -0.170374 0.984974 -0.0282795 -0.338171 0.0162838 0.0315095 0.999371 0.905722
4 13 114 -0.970162 0.239203 0.0395988 0.269562 -0.227357 -0.954259 0.194162 -0.354082 0.0842315 0.179365 0.98017 0.895524
4 14 76 -0.982784 0.154782 0.10089 -0.292992 -0.168294 -0.975294 -0.143107 0.399643 0.0762473 -0.157622 0.984551 -0.868586
4 15 167 0.495134 0.169039 -0.852214 0.932708 -0.243492 0.968579 0.0506521 -0.0763081 0.833999 0.182428 0.520736 0.352468
4 16 203 0.756388 0.201962 -0.622165 0.937424 -0.202373 0.97673 0.0710264 -0.24766 0.622031 0.0721857 0.779658 -0.244746
4 17 163 0.734384 0.207437 -0.646259 0.794706 -0.195819 0.976419 0.090891 -0.0451222 0.649873 0.0598007 0.757686 -0.605315
4 18 200 0.617853 0.286896 -0.732085 0.96402 -0.274287 0.951213 0.141283 -0.265795 0.736902 0.113509 0.666401 -0.00427744
4 19 156 0.570289 0.276045 -0.773673 0.962431 -0.277352 0.951242 0.13496 -0.268325 0.773205 0.137614 0.619045 -0.0415635
4 20 62 0.916265 0.124411 0.380763 0.241848 0.250932 0.562659 -0.787685 0.0614476 -0.312237 0.817274 0.484326 0.968366
4 21 33 0.898839 0.0306095 0.437208 0.220855 -0.0429743 0.998906 0.0184145 -0.241163 -0.436166 -0.0353404 0.899172 0.945021
4 22 110 0.981051 0.193694 -0.0045437 0.284935 0.154733 -0.7974 -0.583275 0.193865 -0.1166 0.57152 -0.812262 0.938738
4 23 32 -0.987815 0.100725 -0.118647 -0.355276 -0.0666674 -0.9627 -0.262229 -0.0734076 -0.140634 -0.251123 0.957684 0.931874
4 24 43 0.736926 0.675971 -0.00199284 0.304861 -0.649693 0.707458 -0.278212 0.284827 -0.186653 0.206316 0.960518 -0.908809
4 25 64 0.971693 0.00734192 0.236135 -0.441913 0.203129 0.484403 -0.850936 -0.136638 -0.120632 0.874814 0.469199 0.886591
4 26 107 -0.646358 -0.45346 0.613673 -0.413188 -0.189417 0.874434 0.446639 -0.284045 -0.73915 0.172449 -0.65109 0.865213
4 27 36 0.87283 -0.395675 -0.285672 -0.463315 0.33823 0.912432 -0.230366 -0.032192 0.351807 0.104447 0.930227 0.885609
4 28 68 -0.32295 0.061503 -0.944415 -0.0017647 -0.0373446 0.996281 0.077651 0.0309245 0.945679 0.0603462 -0.319453 0.99952
4 29 57 -0.791478 0.566712 -0.228911 0.102778 0.396332 0.760991 0.513628 -0.374936 0.465278 0.3158 -0.826914 0.921336
4 30 40 0.0780752 0.9879 0.134006 -0.0975756 -0.99398 0.0667732 0.0868615 -0.365556 0.0768624 -0.139981 0.987166 0.925661
4 31 48 -0.765376 -0.184249 -0.616646 0.473592 -0.312681 0.943918 0.106062 0.00555354 0.562522 0.27399 -0.780063 0.880727
4 32 35 0.948814 0.311011 0.0549986 0.150293 -0.287159 0.921985 -0.259774 0.2388 -0.131501 0.230684 0.964102 -0.959368
4 33 51 0.947471 -0.21872 0.233366 0.442878 0.2336 0.971598 -0.0378 -0.3248 -0.21847 0.0903286 0.971654 0.835682
4 34 28 -0.728745 0.56493 0.38702 0.491576 -0.678323 -0.672983 -0.294909 -0.0423514 0.0938547 -0.477438 0.873638 0.869804
4 35 63 0.922167 0.292425 0.253171 0.351747 -0.340467 0.92429 0.17254 -0.0870576 -0.183548 -0.245308 0.951911 -0.932038
4 36 40 -0.366857 -0.930048 -0.0206343 -0.377947 0.929992 -0.367204 0.0166302 0.0438167 -0.0230439 -0.0130889 0.999649 -0.92479
4 37 115 0.937674 -0.22896 -0.261428 0.93155 0.205979 0.972063 -0.112542 0.355146 0.279893 0.0516792 0.958639 0.0780191
4 38 58 0.876926 0.431399 0.211887 -0.339235 -0.476021 0.840447 0.258947 0.206332 -0.06637 -0.32794 0.942364 0.917795
4 39 119 0.975229 -0.0979837 -0.198311 0.971377 0.0716499 0.988132 -0.135876 0.232921 0.209271 0.118301 0.970675 -0.0466249
4 40 145 -0.19915 -0.703012 0.682725 -0.440739 -0.976447 0.201367 -0.0774774 -0.142344 -0.0830109 -0.682075 -0.726556 0.886278
4 41 42 -0.488539 -0.869463 0.0732347 0.222928 0.86701 -0.493166 -0.0712891 0.0339584 0.0981 0.0286677 0.994764 -0.974243
4 42 35 0.88494 0.42194 -0.197098 -0.091385 -0.381584 0.899572 0.212516 -0.100544 0.266973 -0.112855 0.957073 0.990727
4 43 116 0.764097 -0.102903 -0.636841 0.344875 -0.0597411 0.971666 -0.228685 0.0462123 0.642329 0.212783 0.7363 0.93751
4 44 58 -0.465618 0.49225 -0.735452 -0.094802 -0.363027 -0.864134 -0.348545 0.0334936 -0.807101 0.1047 0.581056 0.994933
4 45 39 0.142189 -0.897011 0.418514 0.121055 0.974964 0.199943 0.0973006 -0.315327 -0.170959 0.394201 0.902983 0.94123
4 46 55 -0.879743 -0.00368448 -0.475436 0.0365087 0.121107 -0.968722 -0.216588 -0.286104 -0.459767 -0.24812 0.852672 0.957503
4 47 71 0.0115071 -0.868096 0.496264 -0.126059 -0.999852 -0.0163333 -0.00538711 -0.122294 0.0127821 -0.496128 -0.868155 0.984456
4 48 50 0.772544 -0.516771 -0.36895 0.375472 -0.625172 -0.72069 -0.299609 -0.0949612 -0.111069 0.462118 -0.879836 0.921956
4 49 57 0.590293 -0.785738 -0.184853 0.220224 -0.765367 -0.617592 0.181087 -0.00329956 -0.256451 0.0345854 -0.965938 0.975444
4 50 32 0.999299 0.0180541 0.0327958 -0.272167 -0.0204343 0.997067 0.0737558 -0.188216 -0.031368 -0.0743743 0.996737 -0.943663
4 51 81 -0.536888 -0.5066 -0.674617 0.24824 -0.642504 0.763753 -0.062204 0.124403 0.546753 0.400048 -0.735543 0.960677
4 52 64 0.461423 0.798096 0.38747 0.0726623 0.886704 -0.40056 -0.230883 0.294697 -0.0290615 0.450106 -0.892502 0.952824
4 53 44 0.90537 0.421335 0.0527383 -0.0546494 -0.421998 0.906595 0.0015904 0.307769 -0.0471422 -0.0236954 0.998607 0.94989
4 54 31 0.825795 -0.563447 -0.0242729 0.291584 0.545849 0.7877 0.285618 0.134491 -0.141811 -0.249111 0.958036 0.947043
4 55 69 -0.266526 0.954808 0.131552 -0.10961 0.952262 0.281944 -0.117066 0.327222 -0.148866 0.0940708 -0.984373 0.938569
4 56 96 0.139803 0.0669423 0.987914 -0.338652 -0.798955 0.596991 0.0726099 -0.275731 -0.584915 -0.79945 0.136945 0.899604
4 57 31 -0.959723 0.243559 -0.140041 -0.238647 -0.234861 -0.969064 -0.0758585 -0.166443 -0.154185 -0.039913 0.987236 -0.956736
4 58 65 0.0533197 0.96078 0.272138 -0.0764269 0.869729 0.0892208 -0.485397 0.286361 -0.49064 0.262568 -0.830861 0.955069
4 59 68 -0.60644 0.610086 -0.509927 0.350054 0.776168 0.593431 -0.213081 0.268872 0.172609 -0.52501 -0.833409 0.897313
4 60 50 -0.529822 -0.846274 -0.0557646 -0.459239 0.429497 -0.211034 -0.878064 -0.115246 0.731314 -0.489169 0.475282 0.880805
4 61 71 0.38439 -0.709857 -0.590209 0.273954 -0.800849 -0.574435 0.16931 0.0611926 -0.459223 0.407587 -0.789295 0.959794
4 62 38 -0.895695 0.444586 -0.00863787 0.473772 -0.435693 -0.88133 -0.182837 0.0744132 -0.0888998 -0.160003 0.983105 -0.877498
4 63 46 0.832891 -0.516309 -0.199291 0.269621 0.519152 0.853654 -0.0419071 0.0513383 0.191762 -0.0685583 0.979044 0.961597
4 64 33 0.696917 0.665213 0.267953 0.129373 -0.674078 0.735155 -0.0718709 0.139329 -0.244797 -0.130534 0.960747 -0.981759
4 65 112 0.647496 -0.489109 0.584398 -0.470494 -0.743275 -0.57458 0.342636 -0.0888017 0.168197 -0.656224 -0.735581 0.877923
4 66 95 -0.104062 -0.22281 -0.969292 0.262868 -0.195535 0.960146 -0.199715 0.0505908 0.97516 0.168748 -0.143482 0.963505
4 67 91 -0.807789 0.173347 0.563408 -0.386778 -0.198665 -0.979926 0.016663 -0.0626525 0.554986 -0.098469 0.826011 0.920042
5 6 743 0.998411 0.0319627 -0.0464005 0.925665 -0.0312639 0.999388 0.0157098 0.226211 0.0468742 -0.0142342 0.998799 -0.30327
