0 1 272 0.999768 0.00677813 -0.0204325 0.966286 -0.00717379 0.999787 -0.0193537 0.00721017 0.020297 0.0194958 0.999604 -0.25737
0 2 441 0.992397 0.0456414 -0.114307 0.974997 -0.0506522 0.997861 -0.0413213 0.0531662 0.112176 0.046797 0.992586 -0.215766
0 3 293 0.984223 0.0488861 -0.170044 0.969139 -0.0502007 0.998733 -0.00343763 0.0770098 0.16966 0.0119197 0.985431 -0.234177
0 4 166 0.962001 0.105869 -0.251684 0.994268 -0.105249 0.994318 0.0159632 0.00145941 0.251944 0.0111331 0.967678 -0.106906
0 5 105 0.962986 0.122113 -0.240306 0.964238 -0.127537 0.991808 -0.00708984 0.0581999 0.237472 0.0374755 0.970671 -0.258569
0 6 97 0.930348 0.114295 -0.34841 0.997135 -0.105865 0.993441 0.0432081 -0.0036567 0.351063 -0.00331432 0.936346 -0.0755501
0 7 52 0.769401 0.145971 -0.621864 0.968124 -0.165315 0.985874 0.0268795 -0.0131083 0.617003 0.0821223 0.782664 0.250128
0 8 27 0.866734 0.468683 0.17061 0.896721 -0.46797 0.882498 -0.0469258 -0.0713233 -0.172556 -0.039168 0.984221 0.436812
0 9 43 -0.387029 0.797272 -0.463212 0.137024 0.908514 0.415547 -0.0438621 0.0454876 0.157516 -0.43781 -0.885161 0.989523
0 10 20 -0.995611 -0.0927756 -0.0123301 0.00366988 0.0898892 -0.984581 0.15007 -0.0816769 -0.0260628 0.148303 0.988598 -0.996652
0 11 40 -0.0677477 -0.997219 -0.0310544 0.226789 0.943989 -0.0741445 0.321538 0.115846 -0.322946 -0.00753157 0.946387 -0.96703
0 12 76 0.881338 0.172422 -0.439903 0.877506 -0.197306 0.980279 -0.0110752 -0.0878014 0.429318 0.0965566 0.897977 0.47146
0 13 52 0.825558 0.188507 -0.531902 0.485461 -0.220682 0.975341 0.00314461 -0.102512 0.519379 0.114785 0.8468 0.868227
0 14 46 -0.0815206 0.793355 0.603276 0.0281987 0.994092 0.108247 -0.00802136 0.0884294 -0.0716664 0.599058 -0.797492 0.995683
0 15 60 0.76311 0.214195 -0.609741 0.602266 -0.262601 0.96485 0.0102877 -0.22562 0.590512 0.152268 0.792534 0.765749
0 16 35 0.989464 0.116856 -0.0854719 -0.98893 -0.117431 0.99308 -0.00170703 0.0494411 0.0846809 0.0117261 0.996339 -0.139901
0 17 68 0.528616 0.20465 -0.823822 0.90294 -0.213626 0.97134 0.10422 -0.0400609 0.821541 0.120898 0.557185 0.427896
0 18 54 -0.972898 0.154854 -0.171727 0.113658 0.0839367 0.928496 0.361731 -0.230021 0.215464 0.337513 -0.91633 0.966526
0 19 36 0.88157 -0.0969662 0.461987 -0.770118 0.0461093 0.991683 0.120157 -0.0158064 -0.469796 -0.0846253 0.878709 -0.637706
0 20 15 -0.685628 -0.324942 -0.651404 0.226122 0.576374 -0.788905 -0.213124 0.375563 -0.444643 -0.521577 0.728183 -0.898789
0 21 14 -0.743897 -0.27673 -0.608307 0.383682 0.622061 -0.619399 -0.478941 0.298036 -0.244248 -0.734687 0.632912 -0.87405
0 22 35 0.721122 -0.535946 0.439027 -0.288364 0.546323 0.829591 0.115369 -0.280602 -0.426045 0.156656 0.891036 0.915483
0 23 33 -0.99354 0.0691453 -0.0899789 0.208927 -0.00612641 0.759079 0.65097 -0.261788 0.113313 0.647317 -0.753752 0.94224
0 24 17 0.972403 -0.23196 -0.025024 0.276462 0.23327 0.968532 0.0867756 0.282277 0.00410807 -0.0902183 0.995914 -0.918634
0 25 41 -0.711873 -0.60946 0.348992 -0.40135 -0.478382 0.784606 0.39439 -0.294995 -0.514187 0.113804 -0.850095 0.867119
0 26 28 0.748802 0.637576 -0.181087 0.223274 0.56571 -0.757165 -0.326609 0.108078 -0.345351 0.142123 -0.92765 0.968746
0 27 28 -0.58405 -0.0329614 -0.811049 0.39843 -0.628422 0.650795 0.426089 -0.399363 0.513782 0.758538 -0.40081 0.825689
0 28 26 0.508667 0.855476 -0.0970473 0.418446 -0.749121 0.384211 -0.539629 -0.364731 -0.424353 0.347192 0.836291 0.83179
0 29 23 0.796908 0.360463 0.484772 -0.0265117 0.558449 -0.745599 -0.363618 0.337627 0.230374 0.56049 -0.795474 0.940906
0 30 25 -0.0614803 -0.604018 -0.794596 0.502969 -0.922429 0.338467 -0.185917 0.0614465 0.381241 0.721528 -0.577972 0.862117
0 31 43 0.476701 -0.545529 0.689314 -0.392554 -0.875846 -0.36179 0.319376 -0.26181 0.0751585 -0.75598 -0.650265 0.881678
0 32 32 0.97765 -0.187389 0.0953228 0.565417 0.18519 0.982198 0.0314962 0.387217 -0.0995279 -0.0131394 0.994948 -0.728262
0 33 41 0.552119 0.747315 -0.36971 0.441518 0.755838 -0.6358 -0.156421 -0.254513 -0.351957 -0.193078 -0.915886 0.860398
0 34 36 0.962125 -0.263215 0.0709539 -0.775238 0.257721 0.963067 0.0779861 -0.319385 -0.0888605 -0.056746 0.994426 0.544976
0 35 17 0.839104 -0.421827 -0.343462 0.320649 0.366002 0.904911 -0.217208 0.365481 0.402426 0.0565524 0.913704 -0.873846
0 36 25 -0.112105 0.928226 -0.354723 -0.46289 -0.992939 -0.0907036 0.0764548 -0.344072 0.0387928 0.360789 0.93184 0.816913
0 37 40 0.201574 0.911749 0.357884 -0.278367 0.069552 -0.377785 0.923277 -0.0780667 0.977001 -0.161218 -0.139566 0.957297
0 38 35 0.92682 0.276427 -0.25415 0.182902 -0.270922 0.960903 0.0571475 -0.447171 0.260011 0.0158895 0.965475 0.875549
0 39 19 0.357922 0.874661 0.326894 -0.0202526 -0.933744 0.333879 0.129022 -0.251391 0.00370744 -0.351415 0.936212 -0.967674
0 40 17 -0.971151 -0.194462 -0.138021 -0.334757 0.238459 -0.788315 -0.567183 0.377558 0.00149157 -0.583733 0.811945 -0.863358
0 41 29 -0.960404 0.0506872 -0.273961 -0.420074 0.0163037 -0.971402 -0.236879 -0.116976 -0.278133 -0.231967 0.932112 0.899919
0 42 19 -0.6662 0.731986 -0.142734 0.0518479 -0.631642 -0.65557 -0.413832 -0.166501 -0.396491 -0.185538 0.899094 -0.984677
0 43 28 0.628494 -0.673421 0.389229 -0.09145 0.399457 0.708832 0.58137 -0.0717484 -0.667405 -0.209907 0.714499 0.993222
0 44 17 -0.924685 0.214007 0.314894 0.506528 -0.138262 -0.95936 0.245991 0.0244614 0.354741 0.183926 0.916695 0.861877
0 45 26 0.261464 0.950657 -0.166996 -0.0279233 0.955776 -0.279138 -0.0925976 0.319059 -0.134643 -0.1354 -0.9816 0.947323
0 46 13 -0.845678 0.51533 0.138793 0.112227 -0.530665 -0.839611 -0.115966 0.142351 0.0567712 -0.171723 0.983508 -0.983433
0 47 38 0.376366 -0.872485 -0.31164 0.190774 -0.82135 -0.158593 -0.547934 0.234579 0.42864 0.462189 -0.776305 0.953194
0 48 18 0.626178 -0.418158 0.658061 0.382378 0.681796 0.703106 -0.201981 0.0589153 -0.378227 0.575139 0.725368 0.922126
0 49 39 -0.527311 -0.436541 -0.728955 0.198591 -0.429053 0.877314 -0.215019 0.263876 0.733387 0.199378 -0.649916 0.943891
0 50 28 0.982837 -0.0364336 -0.180842 0.376597 0.0646611 0.986148 0.152744 0.0239726 0.172772 -0.161816 0.971579 0.926067
0 51 45 -0.66091 -0.0202853 -0.750191 0.338678 -0.276061 0.936116 0.217894 0.0230974 0.697846 0.351107 -0.624288 0.940619
0 52 25 -0.259684 -0.965223 0.030161 0.313289 0.41301 -0.0827762 0.906957 -0.344149 -0.872919 0.247979 0.420142 0.885105
0 53 29 -0.254414 0.614645 0.746649 0.276805 -0.690887 0.424726 -0.58505 0.092647 -0.676719 -0.664695 0.316594 0.95645
0 54 48 -0.593597 0.79368 -0.133096 0.233627 0.801389 0.598096 -0.00755688 0.179648 0.0736066 -0.111148 -0.991074 0.955586
0 55 21 -0.630613 0.263801 -0.729888 0.417749 -0.295801 0.787774 0.54029 -0.204786 0.717516 0.556616 -0.418747 0.885183
0 56 22 0.340434 0.121308 0.93241 0.367727 0.606601 0.729348 -0.316366 -0.19177 -0.718429 0.673303 0.174709 0.909946
0 57 12 -0.971048 0.0391598 -0.235652 0.396907 0.0969243 -0.837039 -0.53849 -0.170216 -0.218337 -0.54574 0.809009 0.901937
0 58 0 1 0 0 0 0 1 0 0 0 0 1 0
0 59 23 -0.269328 -0.771131 -0.576905 0.337157 -0.919652 0.383736 -0.0835893 -0.226556 0.285838 0.508039 -0.812523 0.913782
0 60 24 -0.314289 -0.910358 -0.269205 -0.159207 0.911288 -0.36878 0.183183 -0.192112 -0.26604 -0.187751 0.945501 -0.968373
0 61 32 -0.458826 0.745143 -0.483983 0.289103 0.374295 0.656107 0.655307 -0.389572 0.805842 0.11952 -0.579942 0.874444
0 62 17 0.697771 -0.688123 0.199003 -0.295394 0.665166 0.725536 0.176502 -0.146448 -0.265839 0.0092126 0.963973 -0.944084
0 63 19 -0.924813 0.34827 0.153065 0.329957 -0.374985 -0.766769 -0.52101 -0.233455 -0.0640862 -0.539234 0.839714 0.914673
0 64 29 -0.0525606 -0.841443 -0.537784 0.207895 -0.781394 0.369986 -0.502528 0.242833 0.621821 0.393808 -0.676945 0.947529
0 65 45 -0.19321 0.76899 0.609364 -0.208309 0.981018 0.161881 0.106763 -0.143624 -0.0165442 0.618424 -0.78567 0.96746
0 66 33 -0.743823 -0.507207 -0.435281 0.13084 0.654696 -0.683997 -0.321747 0.400933 -0.134538 -0.5243 0.840838 -0.906716
0 67 42 -0.651978 -0.758197 -0.00788321 -0.132371 -0.677412 0.577777 0.455287 -0.411016 -0.340642 0.302177 -0.89031 0.901966
1 2 611 0.996164 0.0390921 -0.0782826 0.912234 -0.040908 0.998927 -0.0217276 0.08569 0.0773492 0.0248466 0.996694 -0.400607
1 3 423 0.987425 0.0526017 -0.149083 0.949521 -0.0509658 0.998591 0.0147753 0.108021 0.14965 -0.00699133 0.988714 -0.294517
1 4 225 0.965533 0.107777 -0.236918 0.994983 -0.104652 0.994175 0.0257623 0.0599621 0.238315 -8.03548e-05 0.971188 -0.0800873
1 5 159 0.961608 0.0997825 -0.255642 0.983603 -0.0982816 0.994983 0.0186728 0.0490056 0.256223 0.00716905 0.966591 -0.173561
1 6 77 0.948201 0.135797 -0.287184 0.987539 -0.127868 0.990711 0.0462788 0.0455029 0.290801 -0.00715979 0.956757 -0.150651
1 7 75 0.920093 0.164657 -0.355411 0.991712 -0.161895 0.986087 0.0377255 0.0258687 0.356677 0.0228282 0.933949 -0.125846
1 8 71 0.872962 0.272697 -0.404442 0.993927 -0.301337 0.953488 -0.00752292 -0.0262778 0.383579 0.128441 0.914533 -0.106855
1 9 86 -0.779012 0.137516 0.611744 -0.124758 -0.0966131 0.937675 -0.333813 0.193761 -0.619522 -0.319147 -0.717174 0.973084
1 10 17 -0.97206 0.234232 0.0153459 -0.0433463 -0.232898 -0.970555 0.0614932 0.150139 0.0292977 0.056201 0.99799 -0.987714
1 11 92 0.701686 0.195403 -0.685167 0.962943 -0.255584 0.966686 0.013943 -0.026158 0.665066 0.165334 0.728252 0.268432
1 12 121 0.712876 0.25487 -0.653337 0.974734 -0.285458 0.956408 0.0616277 -0.0952178 0.640563 0.142567 0.754555 0.202057
1 13 73 0.658172 0.243222 -0.712497 0.969337 -0.28354 0.956776 0.0646896 -0.0904984 0.697434 0.159444 0.698686 0.228464
1 14 104 0.169905 0.199328 -0.965091 0.781317 -0.429126 0.896567 0.109628 -0.044933 0.887121 0.395519 0.237868 0.622515
1 15 91 0.417228 0.261358 -0.870409 0.925392 -0.327283 0.936704 0.124383 -0.122892 0.847825 0.232974 0.476357 0.358534
1 16 42 0.980147 0.127288 -0.15202 0.985174 -0.120923 0.991379 0.0504452 -0.00234272 0.15713 -0.0310611 0.987089 0.171541
1 17 78 0.358633 0.332248 -0.87235 0.951699 -0.347564 0.91485 0.205547 -0.0741109 0.866361 0.229482 0.443572 0.297953
1 18 77 -0.343052 0.262855 -0.901789 0.624243 -0.228649 0.907802 0.351589 -0.232945 0.911062 0.326807 -0.251322 0.745693
1 19 26 0.992354 -0.0728848 0.0996063 -0.434773 0.0774686 0.996069 -0.0429485 -0.301392 -0.0960845 0.0503365 0.9941 0.848608
1 20 15 0.600731 0.795859 -0.075704 0.284927 -0.753579 0.532101 -0.385988 0.362954 -0.26691 0.288924 0.919392 -0.887176
1 21 42 -0.818948 0.53469 0.208401 -0.321394 0.531196 0.568883 0.627856 -0.319266 0.217153 0.624883 -0.74991 0.891501
1 22 35 0.903337 0.371942 -0.213639 0.409522 -0.327971 0.919937 0.214826 -0.239586 0.276437 -0.123993 0.953 0.880279
1 23 57 0.356491 0.909659 -0.213154 0.214841 0.874912 -0.244988 0.417743 -0.233824 0.327784 -0.335413 -0.883208 0.948245
1 24 41 0.348057 0.272767 0.896914 -0.878166 0.232345 0.901787 -0.364413 0.274174 -0.908225 0.33523 0.250497 0.391986
1 25 48 0.875687 -0.275467 0.396599 -0.401699 0.28607 0.957623 0.0334999 -0.295124 -0.38902 0.0841196 0.917381 0.866914
1 26 27 0.69397 0.719992 -0.00405966 0.224571 0.669212 -0.647085 -0.365289 0.1083 -0.265632 0.250783 -0.930885 0.968421
1 27 10 -0.878954 0.202301 -0.431873 -0.364665 -0.0550877 -0.942578 -0.329413 -0.312811 -0.473714 -0.265748 0.839627 0.877023
1 28 30 0.767909 -0.620987 0.157136 -0.012795 -0.633706 -0.700695 0.327785 -0.413138 -0.093446 -0.351287 -0.931593 0.910579
1 29 19 -0.194408 -0.963031 -0.186484 -0.0402185 -0.9312 0.240947 -0.273516 0.0395499 0.308337 0.12048 -0.943617 0.998408
1 30 23 0.904884 -0.337935 -0.258815 0.483516 -0.402815 -0.876354 -0.264091 -0.213038 -0.137568 0.343226 -0.929124 0.849015
1 31 33 -0.656997 -0.68396 0.317103 -0.387214 -0.496787 0.709156 0.5003 -0.260703 -0.56706 0.171163 -0.805696 0.884364
1 32 51 0.729506 -0.239271 0.640758 -0.903896 0.358142 0.931749 -0.0598139 0.233253 -0.582714 0.273117 0.765409 -0.358561
1 33 32 -0.151369 0.8131 0.5621 -0.442466 0.875804 0.373981 -0.305133 0.35121 -0.458318 0.446101 -0.768725 0.825152
1 34 22 0.768982 -0.639199 0.00952863 0.286574 0.618874 0.74063 -0.261652 0.378008 0.160191 0.207103 0.965115 -0.880332
1 35 30 0.994671 0.0435504 -0.0934532 0.325989 -0.0635524 0.972717 -0.223122 0.368357 0.0811864 0.227872 0.9703 -0.870658
1 36 35 0.983836 -0.143884 0.1066 0.0539698 0.153719 0.983951 -0.0906113 0.395907 -0.0918517 0.105533 0.990165 -0.916703
1 37 29 0.985874 -0.121803 0.114963 -0.155364 0.109649 0.988224 0.106722 0.161261 -0.126608 -0.0926088 0.98762 -0.974606
1 38 50 -0.875347 -0.469861 -0.114011 -0.00253405 -0.33136 0.754714 -0.566222 0.2431 0.352092 -0.457862 -0.81633 0.969998
1 39 25 0.991684 0.0797614 0.101001 0.19065 -0.0719339 0.994283 -0.0789075 0.20872 -0.106717 0.0709859 0.991752 -0.959212
1 40 16 0.992224 -0.0592425 0.109459 0.0767278 0.0968627 0.919814 -0.38021 0.346683 -0.0781574 0.387856 0.9184 -0.934839
1 41 62 -0.508302 0.67877 0.530001 -0.420074 0.807056 0.160719 0.568182 -0.116976 0.300483 0.716548 -0.629499 0.899919
1 42 39 -0.684153 -0.694474 -0.222803 -0.0798978 -0.624891 0.715683 -0.311944 0.119483 0.376094 -0.0741897 -0.923607 0.989616
1 43 29 0.810024 -0.378327 0.448029 -0.506614 0.339937 0.925515 0.16693 -0.0226935 -0.477812 0.017084 0.878296 -0.861874
1 44 25 -0.113936 -0.986684 0.116074 -0.506528 0.885024 -0.0477182 0.463093 -0.0244614 -0.451388 0.155491 0.878676 -0.861877
1 45 47 0.00734066 0.259761 -0.965645 0.505563 0.639335 0.741299 0.204272 0.0710721 0.768893 -0.61887 -0.160633 0.859857
1 46 28 0.938214 -0.0941664 -0.332997 0.471174 0.133528 0.986255 0.0973158 0.173326 0.319256 -0.135767 0.937893 -0.864843
1 47 13 0.000485583 0.939642 0.342158 0.178475 -0.999967 -0.00231878 0.00778702 0.323446 0.00811041 -0.342151 0.93961 0.929263
1 48 49 0.411761 -0.200425 0.888979 -0.282809 0.00332234 0.975838 0.218469 -0.269591 -0.911286 -0.0870034 0.402478 0.920511
1 49 31 0.679772 0.647976 0.343566 0.284347 -0.5959 0.761051 -0.25633 0.27434 -0.427567 -0.0304847 0.90347 -0.918632
1 50 16 0.0416667 0.797516 0.601857 0.406183 -0.931213 0.2493 -0.265878 -0.106048 -0.362085 -0.549379 0.753045 0.907617
1 51 41 0.659981 0.651946 -0.373352 0.294492 0.673889 -0.733402 -0.089416 -0.0188614 -0.332111 -0.192585 -0.923371 0.955468
1 52 53 0.198639 0.966989 -0.15961 0.311203 0.685886 -0.0208293 0.727411 -0.345587 0.700074 -0.253966 -0.667382 0.885281
1 53 39 0.30296 -0.833663 0.46176 0.27437 0.833465 -0.00317307 -0.552564 0.0976889 0.462117 0.552265 0.693867 0.956649
1 54 57 0.449488 0.596226 0.665188 -0.340066 0.435434 -0.796435 0.419629 -0.31141 0.779973 0.101027 -0.617605 0.887344
1 55 21 -0.244587 0.85342 0.460272 -0.216711 -0.850527 0.0391057 -0.524475 -0.163907 -0.465597 -0.519754 0.716292 -0.962378
1 56 16 0.479406 0.776445 0.409026 0.410328 -0.706568 0.617929 -0.344856 -0.197727 -0.520511 -0.123679 0.84485 0.890244
1 57 12 -0.460816 0.764122 0.451404 0.394342 -0.813189 -0.159806 -0.55963 -0.169577 -0.355488 -0.624963 0.695017 0.903182
1 58 33 -0.118469 -0.907465 -0.403078 0.347179 -0.719677 -0.201211 0.664514 -0.303231 -0.684127 0.368811 -0.629245 0.887422
1 59 29 -0.604668 0.768006 0.211055 0.164478 0.69733 0.63851 -0.325632 0.157632 -0.384848 -0.0497241 -0.92164 0.973704
1 60 60 0.448683 -0.892528 -0.0455831 0.159207 -0.575491 -0.24953 -0.77881 0.192112 0.683735 0.375671 -0.625601 0.968373
1 61 41 -0.295901 -0.817168 -0.494651 0.289103 -0.927604 0.122206 0.353009 -0.389572 -0.228019 0.563296 -0.79417 0.874444
1 62 27 0.0874609 -0.793164 -0.602695 0.461467 -0.914423 -0.303943 0.2673 -0.281168 -0.395197 0.52774 -0.751871 0.841423
1 63 33 0.0165909 -0.844202 -0.535768 0.254549 -0.937225 0.173545 -0.302475 -0.0221583 0.348329 0.507153 -0.788329 0.966806
1 64 40 -0.425529 -0.892269 0.150931 -0.210988 -0.897422 0.437542 0.0564854 -0.13885 -0.116439 -0.111413 -0.986929 0.967577
1 65 31 -0.606084 0.427169 0.670961 -0.207562 0.586446 0.809865 0.0141383 -0.145491 -0.537349 0.402051 -0.741358 0.967342
1 66 33 0.448281 -0.579796 -0.680354 -0.124685 0.820135 -0.0359724 0.571038 -0.423439 -0.355559 -0.813967 0.459385 0.897303
1 67 57 -0.333799 0.867972 0.3677 -0.132371 0.601572 -0.104166 0.791998 -0.411016 0.725733 0.485566 -0.487378 0.901966
2 3 513 0.996999 0.014268 -0.0760904 0.962822 -0.0115512 0.999284 0.036026 0.112616 0.07655 -0.0350389 0.99645 -0.245542
2 4 267 0.990032 0.0647728 -0.125065 0.99645 -0.059344 0.997147 0.0466595 0.0777751 0.127731 -0.0387725 0.991051 -0.0322116
2 5 183 0.979358 0.0747423 -0.187805 0.988742 -0.0689215 0.996923 0.037344 0.0560217 0.190018 -0.0236294 0.981496 -0.138747
2 6 95 0.966573 0.113646 -0.229828 0.989225 -0.102113 0.992869 0.0615096 0.0660438 0.23518 -0.0359851 0.971286 -0.13066
2 7 69 0.932459 0.110944 -0.34382 0.996414 -0.0991685 0.993726 0.0517067 0.0363788 0.3474 -0.0141182 0.937611 -0.0763901
2 8 77 0.925138 0.275142 -0.261566 0.981208 -0.284704 0.958614 0.00139515 -0.0163766 0.251125 0.0731783 0.965185 -0.192256
2 9 78 0.884772 0.163858 -0.436268 0.989745 -0.168188 0.985329 0.0289873 0.037337 0.434617 0.0477276 0.89935 0.137876
2 10 81 0.880933 0.244727 -0.40505 0.990667 -0.245486 0.968058 0.0509887 -0.0575363 0.40459 0.0545164 0.912872 0.123562
2 11 87 0.809179 0.228318 -0.541387 0.9816 -0.248757 0.967882 0.0363809 -0.0581157 0.532306 0.105235 0.839986 0.18189
2 12 106 0.722763 0.212041 -0.657763 0.962104 -0.22741 0.971735 0.0633715 -0.0733219 0.652608 0.103779 0.750554 0.262639
2 13 81 0.685623 0.238153 -0.687898 0.965639 -0.257668 0.963189 0.0766443 -0.0908011 0.680829 0.1247 0.721749 0.243509
2 14 88 0.573682 0.258679 -0.777158 0.921114 -0.312147 0.946264 0.0845469 -0.0734177 0.757267 0.194084 0.623601 0.382308
2 15 72 0.551226 0.244408 -0.797756 0.936981 -0.280034 0.954867 0.099047 -0.0910425 0.785959 0.168801 0.59479 0.337309
2 16 59 0.714647 0.197516 -0.671019 0.211362 -0.200903 0.976845 0.0735722 0.650397 0.670013 0.0822315 0.73778 -0.729595
2 17 32 0.688895 0.206167 -0.694923 0.303253 -0.180289 0.977306 0.111219 0.277914 0.702082 0.0486688 0.710431 -0.911483
2 18 73 -0.57196 0.284841 -0.769239 0.469345 -0.122359 0.897656 0.423371 -0.261867 0.811105 0.336274 -0.47857 0.843292
2 19 25 0.980981 0.18582 0.0561013 -0.489309 -0.189679 0.979068 0.0738041 0.239938 -0.0412127 -0.0830416 0.995694 -0.838455
2 20 39 -0.452645 0.207601 0.867187 -0.280163 0.373333 -0.839056 0.395736 -0.363441 0.809774 0.502878 0.302291 0.888493
2 21 37 -0.957778 -0.286502 0.0240212 -0.339477 0.282916 -0.954059 -0.0986431 -0.309587 0.0511791 -0.0876822 0.994833 0.888207
2 22 17 0.740422 0.671961 0.0156013 0.299285 -0.619537 0.691291 -0.371873 0.394593 -0.260669 0.265678 0.928152 -0.868749
2 23 75 0.135054 -0.238948 0.961595 -0.559509 -0.383465 -0.907466 -0.17164 -0.199284 0.913627 -0.345557 -0.214185 0.804509
2 24 43 -0.289722 0.953187 -0.0865775 0.191228 0.809269 0.195668 -0.553893 0.223494 -0.511024 -0.230539 -0.828074 0.955763
2 25 46 0.426595 0.277855 0.860705 -0.401913 -0.061246 -0.940582 0.333997 -0.295854 0.902366 -0.195196 -0.384231 0.866566
2 26 15 -0.826826 -0.52269 0.207733 -0.464137 0.525699 -0.849478 -0.0450195 0.0453872 0.199996 0.0719817 0.977149 -0.8846
2 27 17 0.417762 0.861222 0.289435 -0.367547 0.768285 -0.504909 0.393453 -0.374614 0.484988 0.057999 -0.872595 0.851219
2 28 14 0.857789 0.161827 0.487863 -0.0168708 0.0202841 0.937749 -0.346721 -0.411321 -0.513602 0.307309 0.801108 0.911334
2 29 18 -0.414741 0.104223 -0.903951 0.379882 -0.147442 0.972594 0.179785 -0.0905618 0.897915 0.207844 -0.388008 0.920591
2 30 15 -0.885356 0.377918 0.270782 0.457045 -0.464855 -0.710315 -0.528547 -0.205891 -0.00740733 -0.593827 0.804559 0.865285
2 31 27 0.799145 -0.524759 0.293248 -0.0539466 -0.601014 -0.687554 0.407495 -0.272965 -0.0122128 -0.501893 -0.864843 0.96051
2 32 45 0.210523 -0.66336 0.718076 -0.123764 -0.781667 0.326904 0.53116 -0.414076 -0.587092 -0.673117 -0.449706 0.901789
2 33 29 0.94472 -0.32339 0.0540645 0.0765411 0.326358 0.943328 -0.0601873 -0.318798 -0.0315365 0.0745045 0.996722 -0.944727
2 34 18 0.915432 -0.389871 -0.099925 0.0888795 0.40218 0.895594 0.190164 -0.299558 0.0153527 -0.21427 0.976654 -0.949929
2 35 30 0.43454 -0.677841 -0.593049 0.336897 -0.694831 -0.671258 0.258113 -0.0149699 -0.573048 0.299909 -0.762673 0.941423
2 36 21 0.290908 -0.909495 -0.296971 0.463971 0.686021 0.414646 -0.597866 0.342194 0.666894 -0.0298042 0.744556 -0.817089
2 37 15 -0.238251 0.955124 0.175996 -0.0749949 -0.969715 -0.243976 0.0113161 0.306141 0.0537472 -0.16797 0.984326 0.949027
2 38 31 0.328939 0.943469 -0.0408079 -0.372302 -0.892864 0.324788 0.311942 -0.337043 0.307561 -0.0661739 0.949224 0.86475
2 39 32 0.824507 -0.558653 -0.0899739 0.136521 0.559569 0.828608 -0.0170756 0.299093 0.0840924 -0.0362676 0.995798 0.944407
2 40 31 0.765066 0.603954 0.223413 -0.133685 -0.637982 0.758026 0.135559 -0.293263 -0.0874817 -0.246245 0.965251 -0.946639
2 41 39 0.814007 0.567112 -0.125603 -0.420074 -0.580223 0.783802 -0.221351 -0.116976 -0.0270825 0.253059 0.967072 0.899919
2 42 39 -0.0709839 -0.858798 0.507372 -0.0811056 -0.67274 0.416773 0.611327 0.117791 -0.736466 -0.297935 -0.607332 0.989721
2 43 28 -0.621026 -0.660116 0.422578 0.125341 0.595657 -0.747915 -0.292945 0.168571 0.50943 0.0697851 0.857678 0.977688
2 44 46 0.214676 0.139689 -0.966644 0.506528 0.69875 0.669535 0.251935 0.0244614 0.682394 -0.729527 0.0461252 0.861877
2 45 39 0.889892 -0.252421 -0.379969 0.505563 0.347655 0.914567 0.206647 0.0710721 0.295345 -0.315992 0.901621 0.859857
2 46 21 0.984491 -0.175371 -0.00475608 0.398831 0.17046 0.949804 0.262327 -0.081035 -0.0414873 -0.25907 0.964967 -0.913437
2 47 28 0.338931 -0.907875 -0.246756 0.191756 -0.93934 -0.311893 -0.142698 0.225623 0.052591 0.280152 -0.958514 0.955157
2 48 35 -0.830571 0.494063 0.257009 0.246915 0.556404 0.755888 0.345034 -0.399196 -0.023801 0.429576 -0.902717 0.882992
2 49 61 -0.0635441 -0.200254 -0.977681 0.749677 -0.173098 0.967024 -0.186821 0.134128 0.982853 0.157363 -0.0961123 0.648069
2 50 38 -0.828018 0.0970844 -0.552232 0.319228 0.0287166 0.990946 0.131154 0.0717875 0.559965 0.0927398 -0.823309 0.944955
2 51 18 -0.47423 -0.879682 0.035577 0.30858 0.839647 -0.439756 0.31876 0.0421463 -0.264762 0.181037 0.947168 0.950264
2 52 50 0.429827 -0.887916 -0.16387 0.307209 -0.625844 -0.423801 0.654761 -0.35761 -0.650821 -0.178877 -0.737858 0.881894
2 53 13 0.376138 0.790313 0.483658 0.275215 -0.857175 0.494998 -0.142223 0.0954264 -0.351811 -0.361084 0.863625 0.956635
2 54 52 -0.350905 -0.222767 0.909528 -0.476212 0.841413 0.35126 0.410658 -0.355505 -0.410961 0.909391 0.0641803 0.804263
2 55 23 0.313817 0.757562 -0.57238 0.49996 0.905598 -0.419968 -0.0593307 -0.0785335 -0.285328 -0.499727 -0.81784 0.862481
2 56 37 -0.536989 0.478774 -0.694563 0.475462 0.537652 0.828693 0.155555 -0.267556 0.650056 -0.289902 -0.702413 0.838063
2 57 19 -0.953969 0.0125643 -0.299643 0.464648 0.0726776 -0.959656 -0.271622 0.311308 -0.290967 -0.280896 0.914569 -0.828969
2 58 19 -0.457709 0.696089 -0.553139 0.483544 0.823382 0.566601 0.0317007 -0.2704 0.335476 -0.440935 -0.832485 0.832508
2 59 16 -0.615381 0.744143 0.259917 0.342196 -0.573641 -0.196649 -0.795151 -0.186198 -0.540594 -0.63842 0.547885 0.920995
2 60 34 -0.0224577 -0.91677 0.398785 0.159207 0.987933 -0.0814939 -0.131711 0.192112 0.153248 0.391014 0.907537 0.968373
2 61 53 -0.288739 0.791814 -0.538201 0.289103 0.626936 0.581228 0.518773 -0.389572 0.72359 -0.187627 -0.66424 0.874444
2 62 24 0.0633732 -0.396424 0.915878 -0.500472 0.993068 -0.0659786 -0.0972722 -0.0964399 0.0989894 0.915694 0.389495 0.860364
2 63 38 0.118478 0.344857 0.931148 -0.499566 -0.982342 -0.0960416 0.160561 -0.100663 0.1448 -0.933729 0.327388 0.860407
2 64 24 -0.974592 0.150513 -0.165882 0.504993 -0.0591835 -0.887301 -0.457377 0.105993 -0.216028 -0.435938 0.873664 -0.856591
2 65 11 -0.888941 -0.065873 -0.453259 0.213969 0.29813 -0.834481 -0.463422 0.157226 -0.347709 -0.547085 0.761443 -0.964104
2 66 41 -0.796325 0.374684 0.474846 -0.501179 -0.604696 -0.511916 -0.610151 -0.100006 0.0144675 -0.773016 0.634221 0.859545
2 67 14 -0.317863 0.918425 0.235495 0.13317 -0.765958 -0.102352 -0.634691 0.41138 -0.558813 -0.382124 0.736009 -0.901683
3 4 316 0.99742 0.0479642 -0.0534182 0.998994 -0.0476222 0.998836 0.00765723 0.0444896 0.0537233 -0.00509358 0.998543 -0.00559372
3 5 336 0.99227 0.0587775 -0.109298 0.98888 -0.0593309 0.998237 -0.00181513 0.0274322 0.108998 0.00828583 0.994007 -0.146161
3 6 197 0.98579 0.0897335 -0.142008 0.975483 -0.0874334 0.995919 0.0223674 0.0490541 0.143435 -0.00963337 0.989613 -0.214537
3 7 116 0.959935 0.107223 -0.258896 0.990795 -0.108954 0.994017 0.00769842 0.0456135 0.258173 0.0208178 0.965874 -0.127458
3 8 115 0.915315 0.181396 -0.359575 0.997796 -0.204687 0.978443 -0.027442 -0.0616735 0.346846 0.0987183 0.932713 -0.0244948
3 9 114 0.926806 0.160474 -0.339527 0.9933 -0.170028 0.985438 0.00163145 -0.00279419 0.334844 0.0562172 0.940595 0.115532
3 10 121 0.865788 0.159341 -0.474364 0.97305 -0.173776 0.984691 0.0135939 -0.067811 0.469269 0.0706636 0.880224 0.220398
3 11 126 0.812765 0.162439 -0.559488 0.969418 -0.204552 0.97877 -0.01298 -0.0467391 0.545501 0.124994 0.828737 0.240922
3 12 140 0.806341 0.206871 -0.554092 0.977441 -0.241524 0.970335 0.0107984 -0.0803112 0.539889 0.125119 0.832385 0.195344
3 13 78 0.706842 0.137483 -0.693882 0.923096 -0.252051 0.965497 -0.0654589 0.0955584 0.660942 0.221163 0.717107 0.372509
3 14 95 -0.165269 -0.798239 -0.579224 0.0808088 -0.540409 0.56458 -0.623865 0.28212 0.825012 0.209912 -0.524683 0.95597
3 15 65 0.792641 0.202211 -0.575178 0.996293 -0.243959 0.969774 0.0047417 -0.0453844 0.558752 0.136561 0.818014 -0.0730811
3 16 66 0.747243 0.180735 -0.639502 0.271185 -0.200875 0.978721 0.0418873 0.359606 0.633464 0.0971598 0.767648 -0.892828
3 17 71 0.723302 0.191289 -0.663508 0.27507 -0.210099 0.976274 0.0524265 0.513199 0.657794 0.101482 0.74633 -0.812997
3 18 49 0.695741 0.290489 -0.656933 -0.0683162 -0.278379 0.952144 0.126203 -0.149716 0.662155 0.0950714 0.743312 -0.986366
3 19 55 -0.213641 0.656688 0.723269 -0.472252 0.914941 -0.124993 0.383744 -0.175542 0.342404 0.743732 -0.574127 0.863807
3 20 20 -0.833298 -0.534812 -0.139967 0.282097 0.549726 -0.774865 -0.312066 0.361847 0.0584407 -0.336988 0.939694 -0.888531
3 21 52 0.117872 0.842957 0.524909 -0.320577 0.729225 -0.432275 0.530443 -0.313581 0.674046 0.320252 -0.665658 0.89381
3 22 36 -0.966616 -0.252854 -0.0414563 0.202955 -0.256217 0.955462 0.146439 -0.149285 0.00258232 0.152172 -0.988351 0.967741
3 23 54 0.760129 0.462613 -0.456282 0.181448 0.636932 -0.669402 0.382386 -0.181326 -0.128539 -0.581283 -0.803485 0.966539
3 24 44 0.985964 0.150627 -0.0720184 -0.12691 0.166925 -0.880752 0.443184 -0.387019 0.003325 -0.448985 -0.893533 0.913296
3 25 44 0.232698 -0.35954 0.90365 -0.40135 -0.797813 0.460803 0.388786 -0.294995 -0.556188 -0.811414 -0.179618 0.867119
3 26 46 -0.308707 0.50071 -0.808697 0.426468 0.311934 0.856497 0.41123 -0.145591 0.898553 -0.125311 -0.420595 0.892708
3 27 27 0.715728 0.692397 0.0912177 0.378419 -0.597391 0.67464 -0.433572 0.383685 -0.361743 0.255827 0.89649 -0.842369
3 28 24 -0.516788 -0.815906 0.259284 -0.429601 0.701918 -0.577204 -0.417309 -0.374481 0.490144 -0.0336642 0.870991 0.821709
3 29 22 0.811746 -0.565449 -0.146068 0.382624 0.579519 0.810863 0.0816066 -0.0900664 0.0722964 -0.150893 0.985903 0.919503
3 30 12 0.747993 -0.641358 0.170783 -0.142251 0.645194 0.642293 -0.413745 -0.250172 0.155666 0.419667 0.89423 0.957695
3 31 22 0.224523 -0.957258 -0.182338 0.0267427 0.972638 0.20868 0.102114 0.348003 -0.0596991 -0.200276 0.977919 0.937112
3 32 16 0.519341 -0.820584 0.238595 -0.0867835 0.85418 0.506868 -0.116025 -0.405895 -0.0257282 0.264059 0.964163 0.90979
3 33 44 0.174678 -0.982606 0.06303 -0.0766934 -0.871892 -0.184104 -0.453773 0.319192 0.457484 0.024309 -0.888885 0.944582
3 34 44 0.735357 0.051385 0.675729 -0.92021 -0.224417 0.959325 0.17127 -0.248156 -0.639443 -0.277589 0.716978 0.302707
3 35 35 0.988042 -0.145904 0.0498571 0.682121 0.145813 0.989297 0.00547983 0.0972115 -0.050123 0.00185549 0.998741 -0.724749
3 36 27 0.851173 -0.431098 -0.299432 0.48071 0.254706 0.838039 -0.482509 0.221739 0.458944 0.334432 0.823119 -0.848381
3 37 79 0.956447 -0.135745 -0.258422 0.9159 0.11585 0.989109 -0.0907901 0.3608 0.267932 0.0568979 0.961756 0.175929
3 38 18 0.206554 -0.955364 -0.211224 -0.40991 0.845317 0.282957 -0.453184 -0.18132 0.492723 -0.0849446 0.866031 0.893922
3 39 31 0.37082 -0.908809 -0.191206 0.135737 0.92808 0.370182 0.0404041 0.298127 0.0340615 -0.192437 0.980718 0.944826
3 40 31 0.803582 0.585049 0.109428 -0.133658 -0.586711 0.809556 -0.0197387 -0.293128 -0.100136 -0.0483411 0.993799 -0.946684
3 41 93 0.540261 -0.412554 0.733429 -0.420074 -0.841345 -0.248228 0.480126 -0.116976 -0.0160208 -0.87646 -0.481208 0.899919
3 42 39 0.987405 -0.0869804 0.132158 0.0635728 0.0968027 0.992853 -0.0698003 0.274916 -0.125142 0.0817144 0.988768 -0.959364
3 43 51 0.97389 0.226569 -0.0143397 -0.967903 -0.2267 0.97393 -0.00827184 0.0174808 0.0120918 0.0113067 0.999863 0.250714
3 44 72 -0.658814 -0.0422372 -0.751119 0.506528 0.166583 0.965448 -0.200401 0.0244614 0.733631 -0.257151 -0.629015 0.861877
3 45 51 0.935035 0.353292 -0.0298874 0.979725 -0.351529 0.934746 0.0517477 0.0179694 0.0462192 -0.0378796 0.998213 0.199541
3 46 42 -0.388674 0.755246 0.527765 -0.418294 0.894011 0.170569 0.414307 -0.146895 0.222884 0.632858 -0.741494 0.896355
3 47 19 -0.943971 -0.329686 -0.015045 0.432087 0.31518 -0.914081 0.255179 -0.0583755 -0.0978815 0.23614 0.966777 0.899941
3 48 67 0.434492 0.0237229 -0.900363 0.898395 -0.089133 0.995878 -0.0167737 -0.0300742 0.896254 0.0875401 0.434816 0.438157
3 49 34 -0.165762 -0.939686 0.299186 -0.284347 -0.977148 0.197439 0.0787369 -0.27434 -0.133059 -0.279298 -0.950941 0.918632
3 50 43 -0.666407 -0.125424 -0.734963 0.333387 -0.393491 0.896454 0.203804 -0.127934 0.633298 0.425017 -0.646756 0.934069
3 51 15 -0.74952 0.634946 0.187251 0.270154 -0.660652 -0.699546 -0.272348 -0.0249884 -0.0419358 -0.327839 0.943803 0.962493
3 52 51 0.0322685 -0.993663 0.107673 0.307162 0.374005 0.111907 0.92065 -0.358881 -0.926865 0.0105622 0.375246 0.881394
3 53 25 0.487203 -0.613239 0.621749 0.275215 0.837102 0.530771 -0.132447 0.0954264 -0.248784 0.584996 0.771937 0.956635
3 54 36 -0.636568 -0.446735 0.628656 0.0914182 -0.254233 -0.648026 -0.717933 0.283383 0.728111 -0.616839 0.298938 0.95464
3 55 12 -0.769686 -0.627167 0.119353 0.075154 0.586788 -0.768616 -0.254772 -0.183571 0.251521 -0.126059 0.959607 -0.980129
3 56 21 -0.701978 0.60334 -0.378429 0.0894983 0.653726 0.756706 -0.00621015 0.294985 0.282612 -0.251748 -0.92561 0.951301
3 57 35 -0.668745 -0.740272 -0.0691242 -0.128647 -0.689897 0.58319 0.428873 -0.403824 -0.27717 0.334495 -0.900716 0.905746
3 58 26 0.571233 0.34695 0.743854 0.237851 0.190778 -0.937571 0.290798 -0.307674 0.798308 -0.0242028 -0.601763 0.921283
3 59 39 -0.429009 0.642953 -0.634478 0.302491 0.586868 0.732353 0.345319 -0.288687 0.686686 -0.22421 -0.691514 0.908383
3 60 33 0.0827635 -0.984414 -0.155177 0.159207 0.793329 -0.0291584 0.608095 0.192112 -0.603142 -0.173435 0.77855 0.968373
3 61 61 -0.825607 -0.114223 -0.552564 0.28928 -0.468922 0.683565 0.559331 -0.390026 0.313825 0.720896 -0.617918 0.874184
3 62 44 -0.845179 -0.212465 0.490439 -0.500472 -0.21884 0.974716 0.045132 -0.0964399 -0.487628 -0.069183 -0.870306 0.860364
3 63 45 0.170682 -0.407906 0.896928 -0.500224 -0.185309 -0.907331 -0.377374 -0.0996275 0.967744 -0.101799 -0.230454 0.860146
3 64 39 -0.197835 0.467942 0.861331 -0.504993 0.949358 -0.12734 0.287235 -0.105993 0.244091 0.874537 -0.419052 0.856591
3 65 26 -0.508274 -0.754809 -0.414634 -0.126162 -0.750643 0.152302 0.642914 -0.392756 -0.422128 0.638019 -0.644004 0.910948
3 66 44 -0.892527 0.447566 0.0554905 -0.13084 0.365374 0.645461 0.670732 -0.400933 0.26438 0.618922 -0.739621 0.906716
3 67 31 0.180447 0.978104 0.103686 -0.132371 0.911367 -0.205914 0.356383 -0.411016 0.369931 0.0301877 -0.928569 0.901966
4 5 736 0.997297 0.00894715 -0.0729298 0.978421 -0.00963683 0.999912 -0.00911047 0.011875 0.0728419 0.00978866 0.997295 -0.206277
4 6 402 0.994652 0.0377212 -0.096147 0.940439 -0.036761 0.999255 0.0117388 0.0688986 0.0965182 -0.00814154 0.995298 -0.332907
4 7 199 0.981851 0.052473 -0.182252 0.966109 -0.0533275 0.998577 0.000212138 0.0642397 0.182004 0.00951078 0.983252 -0.250015
4 8 145 0.950429 0.139993 -0.277646 0.99386 -0.158085 0.986455 -0.043768 -0.0548615 0.267758 0.0854901 0.959686 -0.0960885
4 9 154 0.949731 0.0788965 -0.302962 0.990798 -0.0796845 0.996772 0.00977993 -0.053653 0.302756 0.0148531 0.952952 0.124264
4 10 148 0.889742 0.0875127 -0.447997 0.984148 -0.111482 0.99339 -0.0273575 -0.000502399 0.442642 0.0742849 0.893616 0.17735
4 11 151 0.873385 0.123364 -0.471148 0.979162 -0.147454 0.988964 -0.0143923 -0.0702554 0.464173 0.0820425 0.881937 0.190539
4 12 165 0.86365 0.172179 -0.473775 0.987664 -0.199122 0.979951 -0.00684898 -0.0741489 0.463097 0.100254 0.880619 0.137918
4 13 32 0.968284 0.127009 0.215164 -0.150969 -0.138086 0.989722 0.0371946 -0.103374 -0.208228 -0.0657261 0.975869 -0.983119
4 14 24 0.287504 -0.9088 0.302365 -0.0687058 0.879632 0.375442 0.292046 -0.276318 -0.378932 0.182005 0.90735 -0.958607
4 15 42 -0.985003 -0.168796 0.0357468 0.277965 0.172493 -0.968185 0.181285 -0.0798778 0.00400924 0.184733 0.982781 -0.957264
4 16 64 0.785146 0.134103 -0.604618 0.276857 -0.146651 0.988767 0.0288679 0.307718 0.601698 0.066002 0.795992 -0.910307
4 17 65 0.761153 0.145538 -0.632032 0.316519 -0.143995 0.988098 0.0541176 0.294978 0.632385 0.0498175 0.77305 -0.901556
4 18 52 0.721596 0.181657 -0.668056 -0.369027 -0.195973 0.979091 0.0545552 -0.29624 0.663998 0.0915538 0.742108 0.880943
4 19 117 -0.642307 0.259348 -0.721236 0.489309 0.0553644 0.954252 0.293833 -0.239938 0.764446 0.1488 -0.627281 0.838455
4 20 57 -0.143514 -0.943743 0.297913 -0.294092 -0.63496 0.318709 0.703741 -0.364146 -0.759098 -0.0881659 -0.644978 0.88369
4 21 80 0.518928 -0.567246 0.639489 -0.32063 -0.68367 -0.724484 -0.0878594 -0.313358 0.513137 -0.391606 -0.763764 0.89387
4 22 69 -0.184589 0.916037 0.356095 -0.297692 0.739374 -0.109273 0.664369 -0.393976 0.647498 0.385923 -0.657123 0.869576
4 23 57 -0.574663 0.769461 0.278734 -0.382989 0.645599 0.216914 0.732223 -0.367225 0.502955 0.600732 -0.621416 0.847623
4 24 39 -0.99879 -0.034358 -0.0351788 0.232651 -0.0486304 0.796182 0.6031 -0.228896 0.00728738 0.604081 -0.796889 0.945241
4 25 30 0.274298 0.961635 0.00419246 0.40113 -0.868341 0.249556 -0.428608 0.295426 -0.413211 0.113926 0.903481 -0.867075
4 26 17 0.989102 0.130923 0.0673529 0.261143 -0.138204 0.983332 0.118147 -0.0340033 -0.0507621 -0.126168 0.990709 0.964701
4 27 28 -0.316693 -0.876195 0.363302 -0.367412 0.905095 -0.393722 -0.160582 -0.374511 0.283741 0.277968 0.917728 0.851322
4 28 22 -0.912736 -0.292366 -0.285369 -0.429601 0.321442 -0.945032 -0.0599086 -0.374481 -0.252168 -0.14641 0.956543 0.821709
4 29 37 0.446968 -0.884969 0.130573 0.382624 -0.887631 -0.45688 -0.058065 -0.0900664 0.111042 -0.0899475 -0.989737 0.919503
4 30 21 0.822875 0.165662 0.543537 -0.38106 0.182662 -0.982906 0.0230388 -0.239849 0.538063 0.0803255 -0.839069 0.892898
4 31 50 -0.14595 -0.981866 -0.120988 0.167405 -0.307012 0.161213 -0.937952 0.552243 0.940448 -0.0997492 -0.324973 0.816703
4 32 31 -0.19857 0.918137 0.342921 -0.350487 0.972317 0.140575 0.186649 -0.291623 0.123163 0.370491 -0.920634 0.890008
4 33 59 0.733642 -0.679532 -0.00259953 -0.0767049 -0.563735 -0.606479 -0.560701 0.319167 0.379438 0.412819 -0.828014 0.944589
4 34 83 0.689022 -0.170689 0.704353 -0.776945 -0.126474 0.928638 0.348762 -0.398309 -0.713619 -0.329388 0.618265 0.487551
4 35 58 0.975932 -0.181682 0.12062 -0.794351 0.179604 0.983341 0.0279735 -0.495277 -0.123693 -0.00563643 0.992305 -0.35172
4 36 44 0.678247 0.702003 -0.217196 -0.0403732 0.71852 -0.571622 0.396203 -0.412372 0.153981 -0.424783 -0.892104 0.910121
4 37 80 0.932719 -0.232945 -0.275266 0.940698 0.207202 0.970961 -0.119591 0.338251 0.295131 0.0545087 0.953901 0.0259652
4 38 29 0.980977 -0.0840832 0.174967 0.0159105 0.0872004 0.996139 -0.0101906 0.370008 -0.173435 0.0252539 0.984521 -0.928892
4 39 24 0.96664 -0.253992 0.0330872 0.135737 0.255082 0.966308 -0.034373 0.298127 -0.0232419 0.0416662 0.998861 0.944826
4 40 17 0.878664 -0.476411 -0.0313211 -0.133685 0.471406 0.855293 0.215058 -0.293263 -0.0756676 -0.203729 0.976099 -0.946639
4 41 52 0.939643 -0.14884 -0.308088 -0.420074 -0.00528784 0.894003 -0.448029 -0.116976 0.342117 0.422616 0.839257 0.899919
4 42 37 0.99933 0.03507 0.0105147 0.418191 -0.0340418 0.995736 -0.0857402 0.0964244 -0.0134767 0.0853248 0.996262 -0.903227
4 43 70 0.986887 0.132968 -0.0915042 0.978377 -0.135584 0.9905 -0.0229545 -0.00850765 0.0875827 0.0350599 0.99554 -0.206655
4 44 56 0.823906 0.545856 0.152384 -0.506528 -0.526991 0.836832 -0.148301 -0.0244614 -0.208471 0.0418808 0.977131 -0.861877
4 45 92 0.944973 0.159674 -0.285536 0.960431 -0.1562 0.987103 0.0350591 -0.134718 0.287451 0.0114706 0.957727 -0.243768
4 46 34 0.76748 0.626103 0.137728 0.111613 0.623941 -0.680193 -0.384753 0.384764 -0.147213 0.381225 -0.912686 0.916242
4 47 28 0.526606 -0.844067 0.101174 0.332097 0.808812 0.534106 0.246075 0.212459 -0.261742 -0.0477541 0.963956 -0.919006
4 48 85 0.689804 0.0952282 -0.717706 0.961577 -0.114947 0.993143 0.0212966 -0.0988304 0.714813 0.0678073 0.696021 0.256131
4 49 77 0.423808 0.0309074 -0.905225 0.907183 -0.0262611 0.999417 0.0218285 -0.0906784 0.905371 0.0145211 0.424373 0.410848
4 50 55 0.200446 0.869632 0.451179 0.110973 0.959814 -0.0819858 -0.268393 0.29109 -0.196413 0.486846 -0.851118 0.950238
4 51 52 -0.334794 0.881913 -0.331878 0.22475 0.889255 0.4122 0.198286 0.120308 0.311671 -0.228739 -0.922247 0.966961
4 52 43 -0.94239 -0.0728388 0.32649 -0.470548 -0.0287541 -0.954755 -0.295999 -0.345841 0.333279 -0.288334 0.897657 0.811775
4 53 18 0.630021 -0.741869 0.229573 -0.275215 0.691368 0.670456 0.269257 -0.0954264 -0.353672 -0.0109187 0.935306 -0.956635
4 54 35 -0.782879 0.576868 0.233075 -0.0890201 -0.586991 -0.809012 0.0306784 -0.286029 0.206258 -0.112795 0.971975 -0.954077
4 55 22 0.987089 0.154515 -0.0421883 0.394185 -0.153251 0.987678 0.0317116 0.33671 0.0465684 -0.0248368 0.998606 -0.855128
4 56 14 0.747751 0.359237 0.558406 0.0743842 -0.591736 0.742035 0.315012 0.309733 -0.301193 -0.565979 0.767431 0.947909
4 57 16 -0.824276 -0.565192 0.0335816 0.12918 0.508583 -0.765174 -0.394782 0.404208 0.248823 -0.308331 0.918161 -0.905499
4 58 20 -0.354815 0.880757 0.313646 0.34514 -0.758657 -0.0751752 -0.647138 -0.21803 -0.546393 -0.467564 0.694866 0.912875
4 59 21 -0.564117 -0.818194 0.111045 0.337157 0.776133 -0.571331 -0.26683 -0.226556 0.281762 -0.0643378 0.957325 0.913782
4 60 32 0.396475 -0.905137 0.153409 0.159207 0.918003 0.392483 -0.0568069 0.192112 -0.00879248 0.163353 0.986529 0.968373
4 61 101 -0.203157 0.169751 0.964319 -0.505818 -0.88141 0.397213 -0.255612 -0.0932194 -0.426431 -0.90189 0.0689238 0.857589
4 62 56 0.548075 0.245864 0.799478 -0.5 0.545181 -0.829897 -0.118526 -0.0963009 0.634343 0.500821 -0.588886 0.860655
4 63 64 0.105979 0.335665 0.936001 -0.49953 0.994358 -0.0313985 -0.101327 -0.100655 -0.00462287 0.941458 -0.337098 0.860429
4 64 68 0.343255 0.671494 0.656713 -0.504993 -0.770644 0.60105 -0.211772 -0.105993 -0.536921 -0.4334 0.723796 0.856591
4 65 37 -0.973296 0.226241 -0.038852 0.257583 0.227205 0.973589 -0.0224311 -0.0668051 0.032751 -0.0306595 -0.998993 0.963944
4 66 61 0.631738 0.523372 0.571829 -0.501159 0.775075 -0.438727 -0.454728 -0.100022 0.0128851 0.73048 -0.682813 0.859555
4 67 48 0.678995 0.228139 0.697795 -0.504714 0.424957 -0.897201 -0.120175 -0.105879 0.598646 0.378131 -0.706145 0.856769
5 6 501 0.998389 0.0361627 -0.0437176 0.941139 -0.0353026 0.999171 0.0202882 0.150337 0.0444151 -0.0187121 0.998838 -0.302747
5 7 341 0.988535 0.0515546 -0.141919 0.971168 -0.0509861 0.99867 0.00764154 0.0910286 0.142124 -0.000318048 0.989849 -0.220334
5 8 189 0.965047 0.137884 -0.222873 0.995129 -0.150828 0.987665 -0.0420565 -0.0378842 0.214325 0.074202 0.97394 -0.0910116
