0 1 318 0.999746 0.00407877 -0.022164 0.994951 -0.00448031 0.999826 -0.0180974 -0.021991 0.0220863 0.0181921 0.999591 -0.0979216
0 2 511 0.994108 0.0421934 -0.0998488 0.983711 -0.0462085 0.998199 -0.0382451 0.029694 0.0980553 0.0426336 0.994267 -0.17729
0 3 324 0.980859 0.0520613 -0.187628 0.986234 -0.0541912 0.998511 -0.00623667 0.091148 0.187024 0.0162851 0.98222 -0.137967
0 4 188 0.962285 0.103875 -0.251431 0.997136 -0.104104 0.994489 0.0124291 0.021317 0.251337 0.0142146 0.967795 -0.0725613
0 5 87 0.955151 0.136472 0.262798 -0.886707 -0.143775 0.989572 0.00866878 -0.0333937 -0.258875 -0.0460637 0.964812 -0.461123
0 6 46 0.922735 0.129794 -0.362923 0.998535 -0.123211 0.991519 0.0413369 0.000641717 0.36521 0.00657294 0.930902 -0.054114
0 7 0 1 0 0 0 0 1 0 0 0 0 1 0
0 8 0 1 0 0 0 0 1 0 0 0 0 1 0
0 9 0 1 0 0 0 0 1 0 0 0 0 1 0
0 10 0 1 0 0 0 0 1 0 0 0 0 1 0
0 11 0 1 0 0 0 0 1 0 0 0 0 1 0
0 12 14 0.82963 0.3738 -0.414715 0.994207 -0.397405 0.917098 0.031617 -0.107395 0.392153 0.138579 0.909402 0.00433385
0 13 0 1 0 0 0 0 1 0 0 0 0 1 0
0 14 0 1 0 0 0 0 1 0 0 0 0 1 0
0 15 18 0.676478 0.323283 -0.661714 0.657379 -0.372198 0.925388 0.0715998 0.169305 0.635489 0.197853 0.74633 -0.734295
0 16 25 0.986624 0.110305 -0.120025 -0.991188 -0.109643 0.993897 0.0121232 0.0223389 0.12063 0.0011989 0.992697 -0.130566
0 17 12 0.625826 0.298137 -0.720733 -0.371371 -0.294725 0.945943 0.135382 -0.0838054 0.722135 0.127692 0.679865 0.924695
0 18 0 1 0 0 0 0 1 0 0 0 0 1 0
0 19 0 1 0 0 0 0 1 0 0 0 0 1 0
0 20 0 1 0 0 0 0 1 0 0 0 0 1 0
0 21 0 1 0 0 0 0 1 0 0 0 0 1 0
0 22 0 1 0 0 0 0 1 0 0 0 0 1 0
0 23 0 1 0 0 0 0 1 0 0 0 0 1 0
0 24 0 1 0 0 0 0 1 0 0 0 0 1 0
0 25 0 1 0 0 0 0 1 0 0 0 0 1 0
0 26 0 1 0 0 0 0 1 0 0 0 0 1 0
0 27 0 1 0 0 0 0 1 0 0 0 0 1 0
0 28 0 1 0 0 0 0 1 0 0 0 0 1 0
0 29 0 1 0 0 0 0 1 0 0 0 0 1 0
0 30 0 1 0 0 0 0 1 0 0 0 0 1 0
0 31 0 1 0 0 0 0 1 0 0 0 0 1 0
0 32 0 1 0 0 0 0 1 0 0 0 0 1 0
0 33 0 1 0 0 0 0 1 0 0 0 0 1 0
0 34 0 1 0 0 0 0 1 0 0 0 0 1 0
0 35 0 1 0 0 0 0 1 0 0 0 0 1 0
0 36 0 1 0 0 0 0 1 0 0 0 0 1 0
0 37 0 1 0 0 0 0 1 0 0 0 0 1 0
0 38 0 1 0 0 0 0 1 0 0 0 0 1 0
0 39 0 1 0 0 0 0 1 0 0 0 0 1 0
0 40 0 1 0 0 0 0 1 0 0 0 0 1 0
0 41 0 1 0 0 0 0 1 0 0 0 0 1 0
0 42 0 1 0 0 0 0 1 0 0 0 0 1 0
0 43 0 1 0 0 0 0 1 0 0 0 0 1 0
0 44 0 1 0 0 0 0 1 0 0 0 0 1 0
0 45 0 1 0 0 0 0 1 0 0 0 0 1 0
0 46 0 1 0 0 0 0 1 0 0 0 0 1 0
0 47 0 1 0 0 0 0 1 0 0 0 0 1 0
0 48 0 1 0 0 0 0 1 0 0 0 0 1 0
0 49 0 1 0 0 0 0 1 0 0 0 0 1 0
0 50 0 1 0 0 0 0 1 0 0 0 0 1 0
0 51 0 1 0 0 0 0 1 0 0 0 0 1 0
0 52 0 1 0 0 0 0 1 0 0 0 0 1 0
0 53 0 1 0 0 0 0 1 0 0 0 0 1 0
0 54 0 1 0 0 0 0 1 0 0 0 0 1 0
0 55 0 1 0 0 0 0 1 0 0 0 0 1 0
0 56 0 1 0 0 0 0 1 0 0 0 0 1 0
0 57 0 1 0 0 0 0 1 0 0 0 0 1 0
0 58 0 1 0 0 0 0 1 0 0 0 0 1 0
0 59 0 1 0 0 0 0 1 0 0 0 0 1 0
0 60 0 1 0 0 0 0 1 0 0 0 0 1 0
0 61 0 1 0 0 0 0 1 0 0 0 0 1 0
0 62 0 1 0 0 0 0 1 0 0 0 0 1 0
0 63 0 1 0 0 0 0 1 0 0 0 0 1 0
0 64 0 1 0 0 0 0 1 0 0 0 0 1 0
0 65 0 1 0 0 0 0 1 0 0 0 0 1 0
0 66 0 1 0 0 0 0 1 0 0 0 0 1 0
0 67 0 1 0 0 0 0 1 0 0 0 0 1 0
1 2 647 0.995787 0.0397122 -0.0826497 0.952573 -0.0418623 0.998824 -0.0244453 0.121472 0.0815817 0.0278022 0.996279 -0.279013
1 3 508 0.986462 0.0484234 -0.156678 0.969832 -0.0466496 0.998799 0.0149813 0.100497 0.157215 -0.00746953 0.987536 -0.222097
1 4 292 0.966874 0.107661 -0.23144 0.991837 -0.103929 0.994182 0.0282942 0.0391621 0.23314 -0.00330358 0.972438 -0.121353
1 5 190 0.952338 0.104133 -0.286721 0.988538 -0.102614 0.994513 0.020364 0.0368511 0.287268 0.010028 0.957798 -0.146403
1 6 19 0.988482 -0.0312513 0.148076 0.244044 0.0214701 0.997508 0.0672001 -0.0895566 -0.149807 -0.0632469 0.98669 0.96562
1 7 21 0.668369 -0.0251311 -0.743405 0.989264 0.0330073 0.999447 -0.00411089 0.0295901 0.743097 -0.0217902 0.668829 0.143111
1 8 0 1 0 0 0 0 1 0 0 0 0 1 0
1 9 0 1 0 0 0 0 1 0 0 0 0 1 0
1 10 0 1 0 0 0 0 1 0 0 0 0 1 0
1 11 0 1 0 0 0 0 1 0 0 0 0 1 0
1 12 38 0.533707 0.149674 -0.832319 0.927894 -0.207475 0.977308 0.0427084 -0.0540864 0.819824 0.149891 0.552649 0.368899
1 13 28 0.852488 0.151746 -0.500237 -0.618765 -0.165666 0.986039 0.0167903 -0.0246479 0.495801 0.0685588 0.865726 -0.785189
1 14 0 1 0 0 0 0 1 0 0 0 0 1 0
1 15 22 0.8593 0.276999 -0.429971 -0.949612 -0.29531 0.955072 0.0251037 0.121743 0.417607 0.105403 0.902493 -0.288817
1 16 26 0.783646 0.12241 -0.609027 -0.763643 -0.129896 0.99101 0.0320463 0.136398 0.607475 0.0539972 0.792502 -0.631067
1 17 28 0.535262 0.353803 -0.767019 0.97638 -0.355422 0.91809 0.175457 0.0584361 0.76627 0.1787 0.617168 -0.20801
1 18 10 0.567495 0.383847 -0.72843 -0.381064 -0.383164 0.90617 0.178998 -0.0928862 0.72879 0.177528 0.661324 0.919871
1 19 0 1 0 0 0 0 1 0 0 0 0 1 0
1 20 0 1 0 0 0 0 1 0 0 0 0 1 0
1 21 0 1 0 0 0 0 1 0 0 0 0 1 0
1 22 0 1 0 0 0 0 1 0 0 0 0 1 0
1 23 0 1 0 0 0 0 1 0 0 0 0 1 0
1 24 0 1 0 0 0 0 1 0 0 0 0 1 0
1 25 0 1 0 0 0 0 1 0 0 0 0 1 0
1 26 0 1 0 0 0 0 1 0 0 0 0 1 0
1 27 0 1 0 0 0 0 1 0 0 0 0 1 0
1 28 0 1 0 0 0 0 1 0 0 0 0 1 0
1 29 0 1 0 0 0 0 1 0 0 0 0 1 0
1 30 0 1 0 0 0 0 1 0 0 0 0 1 0
1 31 0 1 0 0 0 0 1 0 0 0 0 1 0
1 32 0 1 0 0 0 0 1 0 0 0 0 1 0
1 33 0 1 0 0 0 0 1 0 0 0 0 1 0
1 34 0 1 0 0 0 0 1 0 0 0 0 1 0
1 35 0 1 0 0 0 0 1 0 0 0 0 1 0
1 36 0 1 0 0 0 0 1 0 0 0 0 1 0
1 37 0 1 0 0 0 0 1 0 0 0 0 1 0
1 38 0 1 0 0 0 0 1 0 0 0 0 1 0
1 39 0 1 0 0 0 0 1 0 0 0 0 1 0
1 40 0 1 0 0 0 0 1 0 0 0 0 1 0
1 41 0 1 0 0 0 0 1 0 0 0 0 1 0
1 42 0 1 0 0 0 0 1 0 0 0 0 1 0
1 43 0 1 0 0 0 0 1 0 0 0 0 1 0
1 44 0 1 0 0 0 0 1 0 0 0 0 1 0
1 45 0 1 0 0 0 0 1 0 0 0 0 1 0
1 46 0 1 0 0 0 0 1 0 0 0 0 1 0
1 47 0 1 0 0 0 0 1 0 0 0 0 1 0
1 48 0 1 0 0 0 0 1 0 0 0 0 1 0
1 49 0 1 0 0 0 0 1 0 0 0 0 1 0
1 50 0 1 0 0 0 0 1 0 0 0 0 1 0
1 51 0 1 0 0 0 0 1 0 0 0 0 1 0
1 52 0 1 0 0 0 0 1 0 0 0 0 1 0
1 53 0 1 0 0 0 0 1 0 0 0 0 1 0
1 54 0 1 0 0 0 0 1 0 0 0 0 1 0
1 55 0 1 0 0 0 0 1 0 0 0 0 1 0
1 56 0 1 0 0 0 0 1 0 0 0 0 1 0
1 57 0 1 0 0 0 0 1 0 0 0 0 1 0
1 58 0 1 0 0 0 0 1 0 0 0 0 1 0
1 59 0 1 0 0 0 0 1 0 0 0 0 1 0
1 60 0 1 0 0 0 0 1 0 0 0 0 1 0
1 61 0 1 0 0 0 0 1 0 0 0 0 1 0
1 62 0 1 0 0 0 0 1 0 0 0 0 1 0
1 63 0 1 0 0 0 0 1 0 0 0 0 1 0
1 64 0 1 0 0 0 0 1 0 0 0 0 1 0
1 65 0 1 0 0 0 0 1 0 0 0 0 1 0
1 66 0 1 0 0 0 0 1 0 0 0 0 1 0
1 67 0 1 0 0 0 0 1 0 0 0 0 1 0
2 3 626 0.996273 0.0133225 -0.0852176 0.974106 -0.0103803 0.999338 0.0348756 0.138434 0.0856258 -0.033861 0.995752 -0.178756
2 4 406 0.985623 0.0721541 -0.152781 0.997184 -0.0655429 0.9967 0.0478817 0.0385477 0.155732 -0.0371795 0.987099 -0.0643263
2 5 234 0.98216 0.0716983 -0.173845 0.9851 -0.0663043 0.997126 0.0366473 0.0602347 0.175973 -0.0244669 0.984091 -0.161089
2 6 101 0.967823 0.115875 -0.223365 0.985624 -0.105079 0.992672 0.0596717 0.0668687 0.228643 -0.0342806 0.972907 -0.155156
2 7 27 0.999092 -0.00457997 0.0423691 0.168191 0.00232556 0.998586 0.053106 0.236312 -0.0425524 -0.0529592 0.99769 -0.95701
2 8 37 0.905446 0.235849 -0.352905 0.960363 -0.284117 0.954453 -0.0910894 0.184651 0.315348 0.182743 0.931215 -0.208822
2 9 34 0.707384 0.0437577 -0.705474 0.875431 -0.0955862 0.994836 -0.0341393 0.146965 0.700336 0.0915832 0.707913 0.460459
2 10 16 0.999943 -0.009786 0.00432756 0.154311 0.00943207 0.99711 0.075377 -0.301343 -0.0050527 -0.0753319 0.997146 -0.940946
2 11 44 0.443143 -0.0241533 -0.896125 0.902834 -0.098476 0.992276 -0.0754422 0.0571808 0.891025 0.121679 0.437342 0.42617
2 12 31 0.892235 0.45072 -0.0277236 -0.220386 -0.449475 0.892326 0.0415592 -0.278686 0.04347 -0.0246195 0.998751 -0.934753
2 13 45 0.78902 0.343214 -0.509559 0.949243 -0.33412 0.935743 0.112908 -0.124864 0.515568 0.0811675 0.852995 0.288697
2 14 21 0.673255 0.344838 -0.654075 0.962154 -0.348537 0.928155 0.13058 -0.192219 0.652112 0.140056 0.745073 0.193162
2 15 31 0.606035 -0.0820579 0.791194 -0.890125 0.122131 0.99247 0.00938375 -0.0598762 -0.786006 0.0909423 0.611493 0.451766
2 16 48 0.752046 0.100147 -0.651458 -0.0915152 -0.304867 0.929157 -0.209103 0.99243 0.584365 0.355863 0.7293 0.0819002
2 17 29 0.680978 0.253012 -0.687208 0.35816 -0.21729 0.965968 0.140324 0.0791848 0.699325 0.0537658 0.712779 -0.930296
2 18 15 0.615676 0.374938 -0.693084 0.405296 -0.355203 0.917171 0.18063 0.0969035 0.703402 0.134976 0.697859 -0.909035
2 19 0 1 0 0 0 0 1 0 0 0 0 1 0
2 20 0 1 0 0 0 0 1 0 0 0 0 1 0
2 21 0 1 0 0 0 0 1 0 0 0 0 1 0
2 22 0 1 0 0 0 0 1 0 0 0 0 1 0
2 23 0 1 0 0 0 0 1 0 0 0 0 1 0
2 24 0 1 0 0 0 0 1 0 0 0 0 1 0
2 25 0 1 0 0 0 0 1 0 0 0 0 1 0
2 26 0 1 0 0 0 0 1 0 0 0 0 1 0
2 27 0 1 0 0 0 0 1 0 0 0 0 1 0
2 28 0 1 0 0 0 0 1 0 0 0 0 1 0
2 29 0 1 0 0 0 0 1 0 0 0 0 1 0
2 30 0 1 0 0 0 0 1 0 0 0 0 1 0
2 31 0 1 0 0 0 0 1 0 0 0 0 1 0
2 32 0 1 0 0 0 0 1 0 0 0 0 1 0
2 33 0 1 0 0 0 0 1 0 0 0 0 1 0
2 34 0 1 0 0 0 0 1 0 0 0 0 1 0
2 35 0 1 0 0 0 0 1 0 0 0 0 1 0
2 36 0 1 0 0 0 0 1 0 0 0 0 1 0
2 37 0 1 0 0 0 0 1 0 0 0 0 1 0
2 38 0 1 0 0 0 0 1 0 0 0 0 1 0
2 39 29 0.94768 0.165636 0.272885 -0.975708 -0.183664 0.982104 0.0417134 -0.211526 -0.261093 -0.0896501 0.961142 0.0570084
2 40 21 0.959826 0.225188 0.167407 -0.0436221 -0.239025 0.968669 0.0674408 0.180333 -0.146975 -0.104746 0.983579 0.982638
2 41 0 1 0 0 0 0 1 0 0 0 0 1 0
2 42 21 0.964256 0.261025 0.0455747 -0.263352 -0.262324 0.96465 0.0252148 -0.297879 -0.037382 -0.0362689 0.998643 -0.917559
2 43 0 1 0 0 0 0 1 0 0 0 0 1 0
2 44 0 1 0 0 0 0 1 0 0 0 0 1 0
2 45 0 1 0 0 0 0 1 0 0 0 0 1 0
2 46 0 1 0 0 0 0 1 0 0 0 0 1 0
2 47 0 1 0 0 0 0 1 0 0 0 0 1 0
2 48 0 1 0 0 0 0 1 0 0 0 0 1 0
2 49 0 1 0 0 0 0 1 0 0 0 0 1 0
2 50 0 1 0 0 0 0 1 0 0 0 0 1 0
2 51 0 1 0 0 0 0 1 0 0 0 0 1 0
2 52 24 0.265677 0.120769 -0.956468 0.847424 -0.0759522 0.991661 0.104115 -0.106696 0.961066 0.0449849 0.272634 0.520086
2 53 0 1 0 0 0 0 1 0 0 0 0 1 0
2 54 0 1 0 0 0 0 1 0 0 0 0 1 0
2 55 0 1 0 0 0 0 1 0 0 0 0 1 0
2 56 0 1 0 0 0 0 1 0 0 0 0 1 0
2 57 0 1 0 0 0 0 1 0 0 0 0 1 0
2 58 0 1 0 0 0 0 1 0 0 0 0 1 0
2 59 0 1 0 0 0 0 1 0 0 0 0 1 0
2 60 0 1 0 0 0 0 1 0 0 0 0 1 0
2 61 0 1 0 0 0 0 1 0 0 0 0 1 0
2 62 0 1 0 0 0 0 1 0 0 0 0 1 0
2 63 0 1 0 0 0 0 1 0 0 0 0 1 0
2 64 0 1 0 0 0 0 1 0 0 0 0 1 0
2 65 0 1 0 0 0 0 1 0 0 0 0 1 0
2 66 0 1 0 0 0 0 1 0 0 0 0 1 0
2 67 0 1 0 0 0 0 1 0 0 0 0 1 0
3 4 606 0.994916 0.0542412 -0.084852 0.999643 -0.0539626 0.998527 0.00557515 0.0263974 0.0850294 -0.000967979 0.996378 -0.00415163
3 5 527 0.990671 0.0583875 -0.123134 0.989076 -0.0592633 0.998236 -0.00345833 0.0385691 0.122715 0.0107234 0.992384 -0.142272
3 6 208 0.979559 0.094492 -0.17758 0.989791 -0.0923713 0.99552 0.020191 0.0586631 0.178693 -0.00337494 0.983899 -0.129893
3 7 61 0.998366 0.0150593 0.055129 0.081758 -0.0188981 0.997383 0.0697889 -0.41418 -0.0539337 -0.0707167 0.996037 -0.906516
3 8 40 0.986461 0.100363 0.129699 -0.163158 -0.128009 0.96558 0.226425 -0.972826 -0.102511 -0.239962 0.965355 -0.164284
3 9 65 0.997575 -0.0113785 0.0686686 0.0979319 0.00933157 0.999505 0.0300557 -0.470683 -0.0689766 -0.029342 0.997187 -0.876851
3 10 17 0.999959 -0.00492961 0.00758674 -0.108435 0.00506034 0.999837 -0.0173101 0.518926 -0.00750018 0.0173478 0.999821 0.847913
3 11 79 0.690986 0.0715614 -0.719317 0.935999 -0.158982 0.985768 -0.0546515 0.0228864 0.705168 0.152122 0.692529 0.351258
3 12 69 0.794493 0.19796 -0.574101 0.97613 -0.235799 0.971762 0.00876002 -0.0763198 0.559624 0.128413 0.818737 0.203337
3 13 59 0.878287 0.41588 -0.235916 0.918781 -0.420212 0.906785 0.0341089 -0.295264 0.22811 0.0691775 0.971175 -0.262032
3 14 27 0.564935 0.129286 -0.814944 0.908572 -0.175364 0.983898 0.0345235 -0.074179 0.806285 0.123408 0.57851 0.41109
3 15 42 0.809282 0.20991 -0.548634 -0.887558 -0.244513 0.969591 0.0102931 -0.00460707 0.534112 0.125818 0.835999 -0.460673
3 16 67 0.745957 0.184461 -0.639939 0.289258 -0.202166 0.978255 0.046321 0.288041 0.634568 0.0948201 0.767028 -0.912887
3 17 56 0.72324 0.194433 -0.662661 0.219915 -0.246589 0.969001 0.0151849 0.783297 0.645072 0.152423 0.748766 -0.58145
3 18 63 0.180186 0.327419 -0.92754 0.825195 -0.241594 0.92882 0.280938 -0.318245 0.953502 0.173467 0.246462 0.466663
3 19 0 1 0 0 0 0 1 0 0 0 0 1 0
3 20 0 1 0 0 0 0 1 0 0 0 0 1 0
3 21 0 1 0 0 0 0 1 0 0 0 0 1 0
3 22 0 1 0 0 0 0 1 0 0 0 0 1 0
3 23 0 1 0 0 0 0 1 0 0 0 0 1 0
3 24 0 1 0 0 0 0 1 0 0 0 0 1 0
3 25 0 1 0 0 0 0 1 0 0 0 0 1 0
3 26 0 1 0 0 0 0 1 0 0 0 0 1 0
3 27 0 1 0 0 0 0 1 0 0 0 0 1 0
3 28 0 1 0 0 0 0 1 0 0 0 0 1 0
3 29 0 1 0 0 0 0 1 0 0 0 0 1 0
3 30 0 1 0 0 0 0 1 0 0 0 0 1 0
3 31 16 -0.735893 -0.676275 0.0333665 0.0216697 -0.548522 0.566538 -0.614945 0.346081 0.396969 -0.470837 -0.787863 0.937954
3 32 0 1 0 0 0 0 1 0 0 0 0 1 0
3 33 0 1 0 0 0 0 1 0 0 0 0 1 0
3 34 0 1 0 0 0 0 1 0 0 0 0 1 0
3 35 15 0.987035 -0.113375 0.113613 -0.430096 0.110055 0.993306 0.0351024 -0.471335 -0.116832 -0.0221436 0.992905 -0.769974
3 36 0 1 0 0 0 0 1 0 0 0 0 1 0
3 37 31 0.991309 -0.00922164 0.13123 -0.132216 0.00279876 0.998793 0.0490442 0.286212 -0.131524 -0.0482507 0.990138 0.949
3 38 12 0.981723 -0.0426775 0.185468 0.00758903 0.0417093 0.999088 0.0091206 -0.263828 -0.185688 -0.00121816 0.982608 -0.96454
3 39 29 0.981802 0.11516 0.151004 0.0238463 -0.111545 0.993237 -0.0322264 0.268435 -0.153694 0.0147962 0.988008 0.963003
3 40 25 0.918865 -0.0284793 -0.393542 0.979349 -0.0254874 0.991025 -0.131226 0.185585 0.393748 0.13061 0.909892 0.0802095
3 41 0 1 0 0 0 0 1 0 0 0 0 1 0
3 42 0 1 0 0 0 0 1 0 0 0 0 1 0
3 43 0 1 0 0 0 0 1 0 0 0 0 1 0
3 44 0 1 0 0 0 0 1 0 0 0 0 1 0
3 45 0 1 0 0 0 0 1 0 0 0 0 1 0
3 46 0 1 0 0 0 0 1 0 0 0 0 1 0
3 47 0 1 0 0 0 0 1 0 0 0 0 1 0
3 48 0 1 0 0 0 0 1 0 0 0 0 1 0
3 49 0 1 0 0 0 0 1 0 0 0 0 1 0
3 50 0 1 0 0 0 0 1 0 0 0 0 1 0
3 51 0 1 0 0 0 0 1 0 0 0 0 1 0
3 52 23 -0.907682 -0.140696 -0.395371 0.268458 0.0790206 0.867971 -0.490287 0.229266 0.412152 -0.476267 -0.776724 0.935611
3 53 15 0.796228 0.60046 -0.0739467 0.432772 -0.601347 0.798896 0.012109 0.138061 0.0663467 0.0348261 0.997189 0.890869
3 54 0 1 0 0 0 0 1 0 0 0 0 1 0
3 55 0 1 0 0 0 0 1 0 0 0 0 1 0
3 56 0 1 0 0 0 0 1 0 0 0 0 1 0
3 57 0 1 0 0 0 0 1 0 0 0 0 1 0
3 58 0 1 0 0 0 0 1 0 0 0 0 1 0
3 59 0 1 0 0 0 0 1 0 0 0 0 1 0
3 60 0 1 0 0 0 0 1 0 0 0 0 1 0
3 61 0 1 0 0 0 0 1 0 0 0 0 1 0
3 62 0 1 0 0 0 0 1 0 0 0 0 1 0
3 63 0 1 0 0 0 0 1 0 0 0 0 1 0
3 64 0 1 0 0 0 0 1 0 0 0 0 1 0
3 65 0 1 0 0 0 0 1 0 0 0 0 1 0
3 66 0 1 0 0 0 0 1 0 0 0 0 1 0
3 67 0 1 0 0 0 0 1 0 0 0 0 1 0
4 5 791 0.998439 0.00485664 -0.0556432 0.947658 -0.00541155 0.999937 -0.00982631 0.0330845 0.0555919 0.0101121 0.998402 -0.317569
4 6 484 0.994514 0.036442 -0.0980539 0.949941 -0.0354532 0.999302 0.011809 0.079447 0.0984157 -0.00826785 0.995111 -0.302159
4 7 200 0.976119 0.079364 -0.202218 0.982736 -0.0766591 0.996832 0.0211861 -0.0447445 0.203259 -0.00517828 0.979111 -0.179524
4 8 88 0.995435 0.0586574 0.0752898 -0.07889 -0.0605845 0.997885 0.0235698 -0.784263 -0.073748 -0.0280236 0.996883 -0.615392
4 9 106 0.983134 0.15612 -0.0952569 0.973115 -0.156328 0.987691 0.00531756 -0.163193 0.0949145 0.00966347 0.995439 -0.162527
4 10 102 0.997672 -0.0670703 -0.0123533 0.00999849 0.0630453 0.976103 -0.207962 0.964205 0.0260062 0.206699 0.978059 0.26497
4 11 76 0.776537 0.0555506 -0.627618 0.942062 -0.101661 0.994101 -0.0377942 -0.000296369 0.621817 0.0931526 0.777603 0.335439
4 12 107 0.688135 0.0688949 -0.722304 0.920782 -0.0797536 0.996632 0.0190801 -0.0642173 0.721186 0.0444767 0.691312 0.384755
4 13 79 0.688164 0.110388 -0.717108 0.941863 -0.140611 0.989911 0.0174455 -0.0671903 0.711799 0.0888283 0.696743 0.329211
4 14 55 0.447587 0.0787538 -0.890766 0.856615 -0.0566697 0.99661 0.0596365 -0.0914309 0.892443 0.0237869 0.450533 0.50779
4 15 29 0.823916 0.159973 -0.543665 0.0485711 -0.19846 0.980031 -0.01239 0.291902 0.530826 0.118104 0.839211 -0.955214
4 16 88 0.784288 0.150429 -0.601883 -0.260069 -0.162546 0.986092 0.0346489 -0.281026 0.598724 0.0706587 0.797833 0.92379
4 17 84 0.761142 0.136165 -0.634131 0.315617 -0.135961 0.989488 0.0492774 0.298225 0.634175 0.0487101 0.771654 -0.900804
4 18 76 0.722082 0.183876 -0.666924 -0.373804 -0.198873 0.978511 0.0544626 -0.292167 0.662607 0.0933068 0.743133 0.880289
4 19 0 1 0 0 0 0 1 0 0 0 0 1 0
4 20 0 1 0 0 0 0 1 0 0 0 0 1 0
4 21 0 1 0 0 0 0 1 0 0 0 0 1 0
4 22 0 1 0 0 0 0 1 0 0 0 0 1 0
4 23 0 1 0 0 0 0 1 0 0 0 0 1 0
4 24 0 1 0 0 0 0 1 0 0 0 0 1 0
4 25 0 1 0 0 0 0 1 0 0 0 0 1 0
4 26 0 1 0 0 0 0 1 0 0 0 0 1 0
4 27 0 1 0 0 0 0 1 0 0 0 0 1 0
4 28 0 1 0 0 0 0 1 0 0 0 0 1 0
4 29 0 1 0 0 0 0 1 0 0 0 0 1 0
4 30 0 1 0 0 0 0 1 0 0 0 0 1 0
4 31 22 0.991628 -0.124037 0.0358906 0.0267427 0.12388 0.992275 0.00656703 0.348003 -0.0364279 -0.00206593 0.999334 0.937112
4 32 0 1 0 0 0 0 1 0 0 0 0 1 0
4 33 0 1 0 0 0 0 1 0 0 0 0 1 0
4 34 28 0.791969 -0.261919 0.551528 -0.659392 0.0925423 0.944372 0.315592 -0.256918 -0.603507 -0.198899 0.772152 0.706537
4 35 46 0.651399 -0.486014 -0.58264 0.846361 0.307074 0.871081 -0.383306 0.467856 0.693819 0.0707715 0.716664 0.254526
4 36 0 1 0 0 0 0 1 0 0 0 0 1 0
4 37 26 0.971956 -0.12423 0.199673 -0.50257 0.115346 0.99177 0.0555742 0.166504 -0.204934 -0.0309842 0.978285 0.848351
4 38 41 0.965496 -0.0700713 0.250814 -0.12879 0.0670671 0.997538 0.0205163 0.198883 -0.251634 -0.00298703 0.967818 0.971524
4 39 39 -0.0732318 0.0969547 0.992591 -0.662987 -0.490334 0.863165 -0.120489 0.0493395 -0.868452 -0.495525 -0.0156709 0.747003
4 40 32 0.836475 -0.157766 -0.524804 0.947767 0.0741637 0.981443 -0.176833 0.214794 0.542964 0.108995 0.832653 0.235798
4 41 0 1 0 0 0 0 1 0 0 0 0 1 0
4 42 49 0.990722 0.135381 -0.0119228 0.824302 -0.135752 0.98995 -0.039627 -0.112781 0.00643825 0.0408778 0.999143 -0.554804
4 43 21 -0.569024 -0.37375 -0.732477 0.427593 0.0663909 0.866955 -0.493944 0.27701 0.819636 -0.329696 -0.468505 0.860482
4 44 0 1 0 0 0 0 1 0 0 0 0 1 0
4 45 0 1 0 0 0 0 1 0 0 0 0 1 0
4 46 0 1 0 0 0 0 1 0 0 0 0 1 0
4 47 0 1 0 0 0 0 1 0 0 0 0 1 0
4 48 0 1 0 0 0 0 1 0 0 0 0 1 0
4 49 0 1 0 0 0 0 1 0 0 0 0 1 0
4 50 0 1 0 0 0 0 1 0 0 0 0 1 0
4 51 0 1 0 0 0 0 1 0 0 0 0 1 0
4 52 0 1 0 0 0 0 1 0 0 0 0 1 0
4 53 0 1 0 0 0 0 1 0 0 0 0 1 0
4 54 0 1 0 0 0 0 1 0 0 0 0 1 0
4 55 0 1 0 0 0 0 1 0 0 0 0 1 0
4 56 0 1 0 0 0 0 1 0 0 0 0 1 0
4 57 0 1 0 0 0 0 1 0 0 0 0 1 0
4 58 0 1 0 0 0 0 1 0 0 0 0 1 0
4 59 0 1 0 0 0 0 1 0 0 0 0 1 0
4 60 0 1 0 0 0 0 1 0 0 0 0 1 0
4 61 0 1 0 0 0 0 1 0 0 0 0 1 0
4 62 0 1 0 0 0 0 1 0 0 0 0 1 0
4 63 0 1 0 0 0 0 1 0 0 0 0 1 0
4 64 0 1 0 0 0 0 1 0 0 0 0 1 0
4 65 0 1 0 0 0 0 1 0 0 0 0 1 0
4 66 0 1 0 0 0 0 1 0 0 0 0 1 0
4 67 0 1 0 0 0 0 1 0 0 0 0 1 0
5 6 240 0.999313 0.0330574 -0.0167444 0.842153 -0.0326454 0.999171 0.024307 0.152066 0.0175341 -0.0237437 0.999564 -0.517353
5 7 303 0.985362 0.0573216 -0.160547 0.946347 -0.0538944 0.998218 0.0256246 -0.0919878 0.16173 -0.016597 0.986696 -0.309783
5 8 94 0.996666 0.0641697 0.0503894 0.0792843 -0.0619777 0.997111 -0.0439225 -0.26792 -0.0530623 0.0406531 0.997763 -0.960173
5 9 161 0.998886 -0.020721 0.0423897 0.0354814 0.016978 0.996079 0.0868282 -0.970407 -0.0440227 -0.0860118 0.995321 -0.238854
5 10 134 0.999911 -0.00719538 -0.0112005 0.126909 0.00765281 0.999116 0.0413478 -0.512022 0.0108931 -0.0414298 0.999082 -0.849545
5 11 142 0.890984 0.127369 -0.435803 0.977862 -0.151759 0.988185 -0.0214551 -0.0401544 0.427921 0.085253 0.899786 0.205362
5 12 146 0.746988 0.0746667 -0.660632 0.935951 -0.109455 0.993926 -0.011426 -0.017686 0.655766 0.0808445 0.750623 0.351687
5 13 121 0.817379 0.18044 -0.547112 0.96669 -0.188951 0.981118 0.0412872 -0.123652 0.544232 0.0696301 0.83604 0.224099
5 14 31 0.942823 0.243238 -0.227861 0.962701 -0.25104 0.967962 -0.00544442 -0.165471 0.219236 0.0623352 0.973678 -0.21407
5 15 15 0.993559 -0.0769983 0.083137 -0.0968037 0.0800665 0.996202 -0.0342201 -0.289023 -0.0801863 0.0406562 0.99595 0.952415
5 16 190 0.452093 0.726622 -0.517333 0.181104 0.455679 0.310447 0.834254 -0.858594 0.766791 -0.612898 -0.190755 0.479601
5 17 216 0.756273 0.239639 -0.608789 0.0721986 -0.0823821 0.957979 0.274752 -0.994986 0.649049 -0.157634 0.744236 0.0692103
5 18 172 0.646303 0.490691 -0.584393 0.0820702 0.0737608 0.722074 0.687872 -0.988377 0.759508 -0.487679 0.430485 0.127968
5 19 28 -0.789908 0.201615 -0.579135 0.220386 -0.0928715 0.894182 0.437965 -0.250864 0.606152 0.399737 -0.687597 0.942601
5 20 0 1 0 0 0 0 1 0 0 0 0 1 0
5 21 0 1 0 0 0 0 1 0 0 0 0 1 0
5 22 0 1 0 0 0 0 1 0 0 0 0 1 0
5 23 0 1 0 0 0 0 1 0 0 0 0 1 0
5 24 0 1 0 0 0 0 1 0 0 0 0 1 0
5 25 0 1 0 0 0 0 1 0 0 0 0 1 0
5 26 0 1 0 0 0 0 1 0 0 0 0 1 0
5 27 0 1 0 0 0 0 1 0 0 0 0 1 0
5 28 0 1 0 0 0 0 1 0 0 0 0 1 0
5 29 0 1 0 0 0 0 1 0 0 0 0 1 0
5 30 0 1 0 0 0 0 1 0 0 0 0 1 0
5 31 39 0.41056 -0.60413 0.682984 -0.300446 0.0393273 0.760058 0.648664 -0.208753 -0.910985 -0.239456 0.335808 0.930674
5 32 0 1 0 0 0 0 1 0 0 0 0 1 0
5 33 0 1 0 0 0 0 1 0 0 0 0 1 0
5 34 0 1 0 0 0 0 1 0 0 0 0 1 0
5 35 41 0.963584 -0.265452 -0.032267 0.861334 0.264099 0.963632 -0.0408011 0.253241 0.0419243 0.0307936 0.998646 -0.440423
5 36 0 1 0 0 0 0 1 0 0 0 0 1 0
5 37 30 0.987475 -0.0947402 0.126163 -0.226659 0.0907514 0.995186 0.0370104 0.256667 -0.129062 -0.0250973 0.991319 0.939547
5 38 0 1 0 0 0 0 1 0 0 0 0 1 0
5 39 16 0.98864 0.0127981 0.149755 -0.00446233 -0.00669833 0.99913 -0.0411656 0.275207 -0.150152 0.0396949 0.987866 0.961375
5 40 0 1 0 0 0 0 1 0 0 0 0 1 0
5 41 0 1 0 0 0 0 1 0 0 0 0 1 0
5 42 28 0.993419 0.111746 0.0251249 0.416572 -0.110779 0.993153 -0.0370739 -0.227957 -0.0290957 0.0340466 0.998997 -0.880059
5 43 24 -0.864877 -0.0131882 0.50181 -0.259875 -0.323448 0.779116 -0.536991 0.286083 -0.383886 -0.626741 -0.678105 0.922291
5 44 0 1 0 0 0 0 1 0 0 0 0 1 0
5 45 0 1 0 0 0 0 1 0 0 0 0 1 0
5 46 0 1 0 0 0 0 1 0 0 0 0 1 0
5 47 0 1 0 0 0 0 1 0 0 0 0 1 0
5 48 21 0.929564 0.354985 -0.0994778 0.268429 -0.356531 0.93428 0.0023798 -0.341467 0.0937849 0.0332548 0.995037 -0.900747
5 49 0 1 0 0 0 0 1 0 0 0 0 1 0
5 50 0 1 0 0 0 0 1 0 0 0 0 1 0
5 51 0 1 0 0 0 0 1 0 0 0 0 1 0
5 52 0 1 0 0 0 0 1 0 0 0 0 1 0
5 53 0 1 0 0 0 0 1 0 0 0 0 1 0
5 54 0 1 0 0 0 0 1 0 0 0 0 1 0
5 55 0 1 0 0 0 0 1 0 0 0 0 1 0
5 56 0 1 0 0 0 0 1 0 0 0 0 1 0
5 57 0 1 0 0 0 0 1 0 0 0 0 1 0
5 58 0 1 0 0 0 0 1 0 0 0 0 1 0
5 59 0 1 0 0 0 0 1 0 0 0 0 1 0
5 60 0 1 0 0 0 0 1 0 0 0 0 1 0
5 61 0 1 0 0 0 0 1 0 0 0 0 1 0
5 62 0 1 0 0 0 0 1 0 0 0 0 1 0
5 63 0 1 0 0 0 0 1 0 0 0 0 1 0
5 64 0 1 0 0 0 0 1 0 0 0 0 1 0
5 65 0 1 0 0 0 0 1 0 0 0 0 1 0
5 66 0 1 0 0 0 0 1 0 0 0 0 1 0
5 67 0 1 0 0 0 0 1 0 0 0 0 1 0
6 7 436 0.992599 0.00424554 -0.121365 0.980028 -0.00724415 0.999679 -0.0242768 0.110907 0.121223 0.0249763 0.992311 -0.165062
6 8 55 0.998693 0.0472305 0.0195192 0.165005 -0.0450978 0.994151 -0.098128 0.304139 -0.0240397 0.0971195 0.994982 -0.938229
6 9 53 0.999218 -0.0343454 0.0196121 0.148807 0.0348825 0.999007 -0.0277329 0.247227 -0.0186401 0.0283953 0.999423 -0.957463
6 10 127 0.998574 -0.0355996 -0.0397817 -0.105569 0.0316175 0.994821 -0.0965987 0.786646 0.0430146 0.0952031 0.994528 0.608312
6 11 106 0.999118 -0.00687731 -0.0414285 -0.104599 0.00905314 0.998577 0.0525637 -0.855715 0.041008 -0.0528924 0.997758 0.506766
6 12 85 0.990651 -0.136424 4.69413e-05 0.0433339 0.10547 0.765659 -0.63454 0.959223 0.0865308 0.628613 0.77289 0.279309
6 13 66 0.868556 0.153325 -0.471278 0.97479 -0.167817 0.985752 0.0114187 -0.166707 0.466314 0.0691708 0.881911 0.148302
6 14 29 0.99826 -0.0367792 0.0460826 0.13513 0.0390328 0.998036 -0.0489986 0.0863185 -0.0441899 0.0507121 0.997735 -0.987061
6 15 12 0.992056 -0.11228 0.0567304 -0.0989252 0.115899 0.991123 -0.0651382 -0.294927 -0.0489131 0.0711957 0.996262 0.950385
6 16 193 0.641865 0.444318 -0.624973 0.23233 0.176643 0.707428 0.684356 -0.942524 0.746195 -0.549661 0.375587 0.240147
6 17 215 0.450284 0.750779 -0.483296 0.144171 0.505629 0.231716 0.831052 -0.836539 0.735923 -0.618578 -0.275278 0.528599
6 18 191 0.557722 0.677499 -0.479522 0.0704873 0.344074 0.337034 0.876368 -0.922877 0.755353 -0.653761 -0.0451388 0.378589
6 19 41 0.601867 0.261501 -0.754568 0.995333 -0.277106 0.954548 0.109777 -0.0943099 0.748978 0.143024 0.646974 0.0204238
6 20 0 1 0 0 0 0 1 0 0 0 0 1 0
6 21 0 1 0 0 0 0 1 0 0 0 0 1 0
6 22 0 1 0 0 0 0 1 0 0 0 0 1 0
6 23 0 1 0 0 0 0 1 0 0 0 0 1 0
6 24 0 1 0 0 0 0 1 0 0 0 0 1 0
6 25 31 0.388567 0.141172 -0.910542 0.716368 -0.181023 0.980631 0.0747882 0.0649082 0.903464 0.135769 0.406596 0.694697
6 26 0 1 0 0 0 0 1 0 0 0 0 1 0
6 27 0 1 0 0 0 0 1 0 0 0 0 1 0
6 28 0 1 0 0 0 0 1 0 0 0 0 1 0
6 29 0 1 0 0 0 0 1 0 0 0 0 1 0
6 30 0 1 0 0 0 0 1 0 0 0 0 1 0
6 31 0 1 0 0 0 0 1 0 0 0 0 1 0
6 32 0 1 0 0 0 0 1 0 0 0 0 1 0
6 33 0 1 0 0 0 0 1 0 0 0 0 1 0
6 34 0 1 0 0 0 0 1 0 0 0 0 1 0
6 35 18 -0.711664 -0.292567 0.638701 -0.295426 -0.60046 0.725248 -0.336844 0.179185 -0.364667 -0.623234 -0.691807 0.938411
6 36 0 1 0 0 0 0 1 0 0 0 0 1 0
6 37 18 0.983091 -0.147922 0.107945 -0.224022 0.149531 0.988733 -0.00691843 0.258932 -0.105705 0.0229425 0.994133 0.939557
6 38 21 0.365927 0.922554 -0.122442 -0.0550957 0.863885 -0.385657 -0.323993 0.376457 -0.346122 0.0127823 -0.938102 0.924795
6 39 0 1 0 0 0 0 1 0 0 0 0 1 0
6 40 0 1 0 0 0 0 1 0 0 0 0 1 0
6 41 0 1 0 0 0 0 1 0 0 0 0 1 0
6 42 0 1 0 0 0 0 1 0 0 0 0 1 0
6 43 0 1 0 0 0 0 1 0 0 0 0 1 0
6 44 0 1 0 0 0 0 1 0 0 0 0 1 0
6 45 19 0.966142 0.257882 -0.00816252 -0.0909255 -0.257835 0.966168 0.00632359 0.354568 0.0095171 -0.0040049 0.999947 0.930599
6 46 0 1 0 0 0 0 1 0 0 0 0 1 0
6 47 0 1 0 0 0 0 1 0 0 0 0 1 0
6 48 0 1 0 0 0 0 1 0 0 0 0 1 0
6 49 0 1 0 0 0 0 1 0 0 0 0 1 0
6 50 0 1 0 0 0 0 1 0 0 0 0 1 0
6 51 0 1 0 0 0 0 1 0 0 0 0 1 0
6 52 0 1 0 0 0 0 1 0 0 0 0 1 0
6 53 0 1 0 0 0 0 1 0 0 0 0 1 0
6 54 0 1 0 0 0 0 1 0 0 0 0 1 0
6 55 0 1 0 0 0 0 1 0 0 0 0 1 0
6 56 0 1 0 0 0 0 1 0 0 0 0 1 0
6 57 0 1 0 0 0 0 1 0 0 0 0 1 0
6 58 0 1 0 0 0 0 1 0 0 0 0 1 0
6 59 0 1 0 0 0 0 1 0 0 0 0 1 0
6 60 0 1 0 0 0 0 1 0 0 0 0 1 0
6 61 0 1 0 0 0 0 1 0 0 0 0 1 0
6 62 0 1 0 0 0 0 1 0 0 0 0 1 0
6 63 0 1 0 0 0 0 1 0 0 0 0 1 0
6 64 0 1 0 0 0 0 1 0 0 0 0 1 0
6 65 0 1 0 0 0 0 1 0 0 0 0 1 0
6 66 0 1 0 0 0 0 1 0 0 0 0 1 0
6 67 0 1 0 0 0 0 1 0 0 0 0 1 0
7 8 210 0.993068 0.0831877 -0.0830462 0.995611 -0.088798 0.99384 -0.066314 -0.0921692 0.0770181 0.0732287 0.994337 -0.0162602
7 9 236 0.9994 -0.0278536 0.0205742 -0.135177 0.0272606 0.99922 0.0285599 -0.706495 -0.0213536 -0.0279819 0.99938 0.694689
7 10 185 0.998519 -0.032936 -0.043298 -0.0857374 0.0277931 0.993042 -0.114435 0.732754 0.0467658 0.113062 0.992487 0.67507
7 11 132 0.938733 0.0729592 -0.336835 0.95594 -0.0978188 0.993547 -0.0574089 -0.00658186 0.330473 0.0868404 0.939812 0.293488
7 12 46 0.99947 -0.0263319 0.0191316 0.140684 0.0270876 0.998817 -0.0403816 0.156857 -0.0180457 0.0408785 0.999001 -0.97755
7 13 97 0.880186 0.158094 -0.447525 0.960734 -0.165493 0.985947 0.0228085 -0.179709 0.444842 0.0539866 0.893981 0.21141
7 14 34 0.997624 0.0167891 0.066821 -0.109271 -0.0113046 0.996599 -0.081624 -0.307102 -0.0679641 0.0806746 0.994421 0.945382
7 15 44 0.931751 -0.0958679 -0.350215 0.491814 -0.145377 0.785338 -0.601756 0.561978 0.332726 0.6116 0.717802 0.665056
7 16 35 0.848304 0.122877 -0.515055 0.600142 -0.129555 0.991303 0.0231179 -0.189601 0.513416 0.0471169 0.856845 0.777098
7 17 48 0.825648 0.169444 -0.538139 0.816073 -0.163899 0.984735 0.0586004 0.110728 0.539854 0.039817 0.840817 -0.567243
7 18 116 0.778694 0.215207 -0.589339 0.921783 -0.223008 0.97293 0.060621 0.0551008 0.586432 0.084222 0.805608 -0.383771
7 19 69 0.932384 0.129727 -0.33739 -0.967933 -0.136645 0.990615 0.0032711 0.0894527 0.334647 0.0430526 0.941359 -0.234742
7 20 17 0.775098 0.506027 0.378365 0.00351035 0.610011 -0.75536 -0.239413 -0.111664 0.164652 0.416376 -0.894159 0.99374
7 21 0 1 0 0 0 0 1 0 0 0 0 1 0
7 22 0 1 0 0 0 0 1 0 0 0 0 1 0
7 23 0 1 0 0 0 0 1 0 0 0 0 1 0
7 24 0 1 0 0 0 0 1 0 0 0 0 1 0
7 25 0 1 0 0 0 0 1 0 0 0 0 1 0
7 26 0 1 0 0 0 0 1 0 0 0 0 1 0
7 27 0 1 0 0 0 0 1 0 0 0 0 1 0
7 28 13 -0.939847 -0.27994 -0.195758 0.392563 -0.256595 0.956847 -0.136391 -0.214509 0.225492 -0.0779561 -0.971121 0.89436
7 29 0 1 0 0 0 0 1 0 0 0 0 1 0
7 30 0 1 0 0 0 0 1 0 0 0 0 1 0
7 31 0 1 0 0 0 0 1 0 0 0 0 1 0
7 32 0 1 0 0 0 0 1 0 0 0 0 1 0
7 33 0 1 0 0 0 0 1 0 0 0 0 1 0
7 34 0 1 0 0 0 0 1 0 0 0 0 1 0
7 35 0 1 0 0 0 0 1 0 0 0 0 1 0
7 36 0 1 0 0 0 0 1 0 0 0 0 1 0
7 37 0 1 0 0 0 0 1 0 0 0 0 1 0
7 38 0 1 0 0 0 0 1 0 0 0 0 1 0
7 39 0 1 0 0 0 0 1 0 0 0 0 1 0
7 40 0 1 0 0 0 0 1 0 0 0 0 1 0
7 41 0 1 0 0 0 0 1 0 0 0 0 1 0
7 42 0 1 0 0 0 0 1 0 0 0 0 1 0
7 43 13 0.998582 0.0258452 -0.046547 -0.236734 -0.0283685 0.998117 -0.0543901 0.277649 0.0450537 0.0556334 0.997434 0.931057
7 44 0 1 0 0 0 0 1 0 0 0 0 1 0
7 45 28 0.0643704 0.401395 0.91364 -0.691122 -0.439877 0.833209 -0.335068 0.286679 -0.895748 -0.380321 0.230199 0.663449
7 46 0 1 0 0 0 0 1 0 0 0 0 1 0
7 47 0 1 0 0 0 0 1 0 0 0 0 1 0
7 48 0 1 0 0 0 0 1 0 0 0 0 1 0
7 49 0 1 0 0 0 0 1 0 0 0 0 1 0
7 50 0 1 0 0 0 0 1 0 0 0 0 1 0
7 51 0 1 0 0 0 0 1 0 0 0 0 1 0
7 52 0 1 0 0 0 0 1 0 0 0 0 1 0
7 53 0 1 0 0 0 0 1 0 0 0 0 1 0
7 54 0 1 0 0 0 0 1 0 0 0 0 1 0
7 55 0 1 0 0 0 0 1 0 0 0 0 1 0
7 56 0 1 0 0 0 0 1 0 0 0 0 1 0
7 57 0 1 0 0 0 0 1 0 0 0 0 1 0
7 58 0 1 0 0 0 0 1 0 0 0 0 1 0
7 59 0 1 0 0 0 0 1 0 0 0 0 1 0
7 60 0 1 0 0 0 0 1 0 0 0 0 1 0
7 61 0 1 0 0 0 0 1 0 0 0 0 1 0
7 62 0 1 0 0 0 0 1 0 0 0 0 1 0
7 63 0 1 0 0 0 0 1 0 0 0 0 1 0
7 64 0 1 0 0 0 0 1 0 0 0 0 1 0
7 65 0 1 0 0 0 0 1 0 0 0 0 1 0
7 66 0 1 0 0 0 0 1 0 0 0 0 1 0
7 67 0 1 0 0 0 0 1 0 0 0 0 1 0
8 9 334 0.994813 -0.0554308 -0.0852931 0.771257 0.0584453 0.997736 0.0332596 0.221838 0.0832565 -0.038072 0.995801 0.596616
8 10 285 0.984166 -0.0263465 -0.175279 0.821492 0.0334428 0.998731 0.0376556 -0.0309695 0.174065 -0.0429212 0.983798 0.569378
8 11 125 0.973761 0.011058 -0.227303 0.921921 -0.00342632 0.999418 0.033942 -0.132962 0.227546 -0.0322726 0.973232 0.363844
8 12 66 0.996105 -0.0874003 -0.0116847 -0.097458 0.0871651 0.996007 -0.0193179 0.162779 0.0133264 0.0182242 0.999745 0.981838
8 13 57 0.932392 0.091736 -0.349613 0.977966 -0.0706694 0.994856 0.0725731 -0.154535 0.354472 -0.0429597 0.934079 0.140361
8 14 43 0.932992 0.142644 -0.330421 0.974608 -0.125028 0.989383 0.0740836 -0.202093 0.337481 -0.0278074 0.940922 0.0964278
8 15 35 0.996024 -0.0807838 -0.0375466 0.204828 0.0816037 0.996447 0.0208416 -0.0143066 0.0357295 -0.0238227 0.999078 0.978693
8 16 31 0.998659 -0.0506308 -0.0108029 0.299358 0.0512981 0.995887 0.0746829 -0.227467 0.00697719 -0.075137 0.997149 0.92663
8 17 33 0.905043 0.290315 -0.310829 0.485551 0.0993637 0.566265 0.818212 -0.729241 0.413551 -0.771402 0.483647 0.482129
8 18 0 1 0 0 0 0 1 0 0 0 0 1 0
8 19 0 1 0 0 0 0 1 0 0 0 0 1 0
8 20 0 1 0 0 0 0 1 0 0 0 0 1 0
8 21 0 1 0 0 0 0 1 0 0 0 0 1 0
8 22 0 1 0 0 0 0 1 0 0 0 0 1 0
8 23 0 1 0 0 0 0 1 0 0 0 0 1 0
8 24 0 1 0 0 0 0 1 0 0 0 0 1 0
8 25 0 1 0 0 0 0 1 0 0 0 0 1 0
8 26 0 1 0 0 0 0 1 0 0 0 0 1 0
8 27 0 1 0 0 0 0 1 0 0 0 0 1 0
8 28 0 1 0 0 0 0 1 0 0 0 0 1 0
8 29 0 1 0 0 0 0 1 0 0 0 0 1 0
8 30 0 1 0 0 0 0 1 0 0 0 0 1 0
8 31 0 1 0 0 0 0 1 0 0 0 0 1 0
8 32 0 1 0 0 0 0 1 0 0 0 0 1 0
8 33 0 1 0 0 0 0 1 0 0 0 0 1 0
8 34 0 1 0 0 0 0 1 0 0 0 0 1 0
8 35 0 1 0 0 0 0 1 0 0 0 0 1 0
8 36 0 1 0 0 0 0 1 0 0 0 0 1 0
8 37 0 1 0 0 0 0 1 0 0 0 0 1 0
8 38 0 1 0 0 0 0 1 0 0 0 0 1 0
8 39 0 1 0 0 0 0 1 0 0 0 0 1 0
8 40 0 1 0 0 0 0 1 0 0 0 0 1 0
8 41 0 1 0 0 0 0 1 0 0 0 0 1 0
8 42 0 1 0 0 0 0 1 0 0 0 0 1 0
8 43 0 1 0 0 0 0 1 0 0 0 0 1 0
8 44 0 1 0 0 0 0 1 0 0 0 0 1 0
8 45 0 1 0 0 0 0 1 0 0 0 0 1 0
8 46 0 1 0 0 0 0 1 0 0 0 0 1 0
8 47 0 1 0 0 0 0 1 0 0 0 0 1 0
8 48 16 -0.537145 0.530893 -0.65546 0.433242 0.772783 0.62118 -0.130161 -0.000751257 0.338057 -0.576444 -0.743929 0.901277
8 49 0 1 0 0 0 0 1 0 0 0 0 1 0
8 50 0 1 0 0 0 0 1 0 0 0 0 1 0
8 51 0 1 0 0 0 0 1 0 0 0 0 1 0
8 52 0 1 0 0 0 0 1 0 0 0 0 1 0
8 53 0 1 0 0 0 0 1 0 0 0 0 1 0
8 54 0 1 0 0 0 0 1 0 0 0 0 1 0
8 55 0 1 0 0 0 0 1 0 0 0 0 1 0
8 56 0 1 0 0 0 0 1 0 0 0 0 1 0
8 57 0 1 0 0 0 0 1 0 0 0 0 1 0
8 58 0 1 0 0 0 0 1 0 0 0 0 1 0
8 59 0 1 0 0 0 0 1 0 0 0 0 1 0
8 60 0 1 0 0 0 0 1 0 0 0 0 1 0
8 61 0 1 0 0 0 0 1 0 0 0 0 1 0
8 62 0 1 0 0 0 0 1 0 0 0 0 1 0
8 63 0 1 0 0 0 0 1 0 0 0 0 1 0
8 64 0 1 0 0 0 0 1 0 0 0 0 1 0
8 65 0 1 0 0 0 0 1 0 0 0 0 1 0
8 66 0 1 0 0 0 0 1 0 0 0 0 1 0
8 67 0 1 0 0 0 0 1 0 0 0 0 1 0
9 10 489 0.98972 0.0242485 -0.140945 0.978758 -0.0289423 0.999089 -0.0313482 0.189636 0.140056 0.0351053 0.989521 -0.0779121
9 11 241 0.980173 0.0486106 -0.192089 0.995321 -0.0564548 0.997771 -0.0355731 -0.00538702 0.189932 0.0457122 0.980732 -0.09647
9 12 142 0.999991 0.00420078 -0.000535505 -0.0240743 -0.00422793 0.997547 -0.0698681 0.642456 0.000240691 0.0698698 0.997556 0.765944
9 13 112 0.999907 -0.0115688 -0.00724302 -0.0825755 0.0110716 0.997805 -0.0652862 0.629463 0.00798241 0.0651999 0.99784 0.77263
9 14 93 0.999534 -0.00811493 0.0294239 -0.0625576 0.0112793 0.993975 -0.109027 0.575901 -0.0283619 0.109308 0.993603 0.815122
9 15 54 0.999441 -0.0327599 -0.00671957 0.162503 0.0322614 0.997412 -0.0642512 0.553786 0.00880704 0.0639985 0.997911 0.816648
9 16 62 0.999375 -0.0330931 0.0123988 0.266745 0.0333775 0.999167 -0.023479 -0.101551 -0.0116115 0.0238782 0.999647 0.958402
9 17 34 0.983159 -0.00794629 0.182579 0.031053 0.00342596 0.99968 0.0250602 -0.217008 -0.18272 -0.0240127 0.982872 0.975676
9 18 0 1 0 0 0 0 1 0 0 0 0 1 0
9 19 14 0.984975 -0.0770439 0.154559 -0.0237083 0.0770108 0.997011 0.00621027 0.186057 -0.154575 0.00578572 0.987964 -0.982253
9 20 0 1 0 0 0 0 1 0 0 0 0 1 0
9 21 0 1 0 0 0 0 1 0 0 0 0 1 0
9 22 0 1 0 0 0 0 1 0 0 0 0 1 0
9 23 0 1 0 0 0 0 1 0 0 0 0 1 0
9 24 0 1 0 0 0 0 1 0 0 0 0 1 0
9 25 0 1 0 0 0 0 1 0 0 0 0 1 0
9 26 0 1 0 0 0 0 1 0 0 0 0 1 0
9 27 0 1 0 0 0 0 1 0 0 0 0 1 0
9 28 0 1 0 0 0 0 1 0 0 0 0 1 0
9 29 0 1 0 0 0 0 1 0 0 0 0 1 0
9 30 0 1 0 0 0 0 1 0 0 0 0 1 0
9 31 0 1 0 0 0 0 1 0 0 0 0 1 0
9 32 0 1 0 0 0 0 1 0 0 0 0 1 0
9 33 0 1 0 0 0 0 1 0 0 0 0 1 0
9 34 0 1 0 0 0 0 1 0 0 0 0 1 0
9 35 0 1 0 0 0 0 1 0 0 0 0 1 0
9 36 0 1 0 0 0 0 1 0 0 0 0 1 0
9 37 0 1 0 0 0 0 1 0 0 0 0 1 0
9 38 0 1 0 0 0 0 1 0 0 0 0 1 0
9 39 0 1 0 0 0 0 1 0 0 0 0 1 0
9 40 0 1 0 0 0 0 1 0 0 0 0 1 0
9 41 0 1 0 0 0 0 1 0 0 0 0 1 0
9 42 0 1 0 0 0 0 1 0 0 0 0 1 0
9 43 0 1 0 0 0 0 1 0 0 0 0 1 0
9 44 0 1 0 0 0 0 1 0 0 0 0 1 0
9 45 0 1 0 0 0 0 1 0 0 0 0 1 0
9 46 0 1 0 0 0 0 1 0 0 0 0 1 0
9 47 0 1 0 0 0 0 1 0 0 0 0 1 0
9 48 0 1 0 0 0 0 1 0 0 0 0 1 0
9 49 30 -0.405934 0.332812 -0.851149 0.348046 0.746483 0.658041 -0.0987128 0.1489 0.527238 -0.675439 -0.51556 0.925577
9 50 0 1 0 0 0 0 1 0 0 0 0 1 0
9 51 13 0.967371 0.24745 -0.0544188 -0.268389 -0.249545 0.967704 -0.0357244 -0.209606 0.0438213 0.0481387 0.997879 -0.94023
9 52 15 0.963515 0.265282 -0.0355473 0.27457 -0.266023 0.963799 -0.0179605 0.236486 0.0294958 0.0267616 0.999207 0.932033
9 53 0 1 0 0 0 0 1 0 0 0 0 1 0
9 54 0 1 0 0 0 0 1 0 0 0 0 1 0
9 55 0 1 0 0 0 0 1 0 0 0 0 1 0
9 56 0 1 0 0 0 0 1 0 0 0 0 1 0
9 57 0 1 0 0 0 0 1 0 0 0 0 1 0
9 58 0 1 0 0 0 0 1 0 0 0 0 1 0
9 59 0 1 0 0 0 0 1 0 0 0 0 1 0
9 60 0 1 0 0 0 0 1 0 0 0 0 1 0
9 61 0 1 0 0 0 0 1 0 0 0 0 1 0
9 62 0 1 0 0 0 0 1 0 0 0 0 1 0
9 63 0 1 0 0 0 0 1 0 0 0 0 1 0
9 64 0 1 0 0 0 0 1 0 0 0 0 1 0
9 65 0 1 0 0 0 0 1 0 0 0 0 1 0
9 66 0 1 0 0 0 0 1 0 0 0 0 1 0
9 67 0 1 0 0 0 0 1 0 0 0 0 1 0
10 11 236 0.998497 0.0188401 -0.0514733 0.99385 -0.0198599 0.999615 -0.019374 -0.00888695 0.0510885 0.0203671 0.998486 -0.110373
10 12 322 0.991736 0.0544273 -0.116176 0.987968 -0.0568088 0.998235 -0.0172851 -0.0037574 0.11503 0.023742 0.993078 -0.154613
10 13 77 0.998456 -0.0245128 0.0498504 -0.0267332 0.0266867 0.9987 -0.0434219 0.905141 -0.0487213 0.0446852 0.997812 0.424271
10 14 63 0.995686 -0.0301647 0.0877468 -0.17038 0.0325274 0.999142 -0.0256226 -0.826632 -0.0868987 0.0283663 0.995813 0.536331
10 15 75 0.997021 -0.0450092 0.0626427 0.101188 0.0494262 0.996262 -0.070846 0.526396 -0.0592198 0.0737311 0.995518 0.844197
10 16 23 0.98414 0.0361589 0.173672 -0.560457 -0.0400811 0.999013 0.0191287 0.277106 -0.172809 -0.0257863 0.984618 -0.780449
10 17 27 0.972727 -0.0736596 0.219947 0.0280283 0.0655768 0.996884 0.0438366 -0.241489 -0.222491 -0.0282176 0.974526 0.969999
10 18 10 0.95959 -0.0874512 0.267468 0.0821391 0.0855669 0.996157 0.018716 -0.254444 -0.268077 0.00492675 0.963385 0.963593
10 19 23 0.791692 0.397554 -0.463869 0.0445082 -0.383693 0.914428 0.128844 -0.191801 0.475398 0.0759785 0.876484 0.980424
10 20 22 0.680505 -0.698876 0.220192 -0.479521 -0.599892 -0.358816 0.715108 -0.3405 -0.420764 -0.618727 -0.663427 0.808777
10 21 17 -0.71487 0.377252 0.588762 -0.266515 0.621279 0.729059 0.287204 -0.265148 -0.320894 0.571099 -0.755561 0.926642
10 22 32 -0.982809 0.0785693 -0.167072 0.189657 -0.0158411 0.865705 0.500303 -0.23846 0.183944 0.494349 -0.849579 0.952453
10 23 0 1 0 0 0 0 1 0 0 0 0 1 0
10 24 0 1 0 0 0 0 1 0 0 0 0 1 0
10 25 0 1 0 0 0 0 1 0 0 0 0 1 0
10 26 0 1 0 0 0 0 1 0 0 0 0 1 0
10 27 0 1 0 0 0 0 1 0 0 0 0 1 0
10 28 0 1 0 0 0 0 1 0 0 0 0 1 0
10 29 0 1 0 0 0 0 1 0 0 0 0 1 0
10 30 0 1 0 0 0 0 1 0 0 0 0 1 0
10 31 0 1 0 0 0 0 1 0 0 0 0 1 0
10 32 0 1 0 0 0 0 1 0 0 0 0 1 0
10 33 0 1 0 0 0 0 1 0 0 0 0 1 0
10 34 0 1 0 0 0 0 1 0 0 0 0 1 0
10 35 0 1 0 0 0 0 1 0 0 0 0 1 0
10 36 0 1 0 0 0 0 1 0 0 0 0 1 0
10 37 0 1 0 0 0 0 1 0 0 0 0 1 0
10 38 0 1 0 0 0 0 1 0 0 0 0 1 0
10 39 0 1 0 0 0 0 1 0 0 0 0 1 0
10 40 0 1 0 0 0 0 1 0 0 0 0 1 0
10 41 0 1 0 0 0 0 1 0 0 0 0 1 0
10 42 0 1 0 0 0 0 1 0 0 0 0 1 0
10 43 0 1 0 0 0 0 1 0 0 0 0 1 0
10 44 11 0.99653 -0.0582229 0.0594734 0.121764 0.0590942 0.998168 -0.0129972 -0.291882 -0.0586077 0.0164666 0.998145 -0.948672
10 45 0 1 0 0 0 0 1 0 0 0 0 1 0
10 46 0 1 0 0 0 0 1 0 0 0 0 1 0
10 47 0 1 0 0 0 0 1 0 0 0 0 1 0
10 48 0 1 0 0 0 0 1 0 0 0 0 1 0
10 49 11 0.978575 0.205862 -0.00347965 0.109879 -0.205817 0.978536 0.0103348 -0.337958 0.00553251 -0.00939721 0.999941 -0.934725
10 50 0 1 0 0 0 0 1 0 0 0 0 1 0
10 51 0 1 0 0 0 0 1 0 0 0 0 1 0
10 52 0 1 0 0 0 0 1 0 0 0 0 1 0
10 53 0 1 0 0 0 0 1 0 0 0 0 1 0
10 54 0 1 0 0 0 0 1 0 0 0 0 1 0
10 55 0 1 0 0 0 0 1 0 0 0 0 1 0
10 56 0 1 0 0 0 0 1 0 0 0 0 1 0
10 57 0 1 0 0 0 0 1 0 0 0 0 1 0
10 58 0 1 0 0 0 0 1 0 0 0 0 1 0
10 59 0 1 0 0 0 0 1 0 0 0 0 1 0
10 60 0 1 0 0 0 0 1 0 0 0 0 1 0
10 61 0 1 0 0 0 0 1 0 0 0 0 1 0
10 62 0 1 0 0 0 0 1 0 0 0 0 1 0
10 63 0 1 0 0 0 0 1 0 0 0 0 1 0
10 64 0 1 0 0 0 0 1 0 0 0 0 1 0
10 65 0 1 0 0 0 0 1 0 0 0 0 1 0
10 66 0 1 0 0 0 0 1 0 0 0 0 1 0
10 67 0 1 0 0 0 0 1 0 0 0 0 1 0
11 12 508 0.997838 0.0324064 -0.0571819 0.99252 -0.0326437 0.999462 -0.00322106 0.0355565 0.0570467 0.00508072 0.998359 -0.116793
11 13 329 0.978856 0.0240034 -0.20314 0.977553 -0.0316102 0.998912 -0.0342845 0.132381 0.202096 0.0399808 0.978549 -0.163904
11 14 163 0.986806 0.116912 -0.112005 0.957767 -0.118449 0.992934 -0.00714825 -0.0376364 0.110378 0.0203209 0.993682 -0.285073
11 15 93 0.777747 0.0736869 -0.624244 0.934218 0.0138611 0.990853 0.134232 -0.15057 0.628425 -0.113051 0.769611 0.323365
11 16 27 0.968242 -0.0403363 0.246739 -0.852287 0.0159596 0.994859 0.100009 -0.452485 -0.249504 -0.0928952 0.963908 -0.262422
11 17 37 0.673491 0.245435 -0.69726 0.989948 -0.187505 0.969141 0.160024 -0.059932 0.715018 0.0229654 0.698728 0.128107
11 18 25 0.985199 0.0434475 0.165815 -0.396375 -0.0489394 0.998375 0.0291779 0.26129 -0.164278 -0.036861 0.985725 -0.880122
11 19 34 0.800438 0.231563 -0.552881 0.743969 -0.213192 0.972036 0.0984669 -0.19799 0.560221 0.0390534 0.827422 0.638208
11 20 0 1 0 0 0 0 1 0 0 0 0 1 0
11 21 100 0.832626 0.234104 -0.501926 -0.762486 -0.221566 0.971388 0.0855206 0.185539 0.507586 0.0400029 0.860672 -0.619831
11 22 104 0.919289 0.267412 -0.288788 -0.938981 -0.231141 0.960688 0.153794 -0.0160528 0.318562 -0.07463 0.94496 -0.343593
11 23 75 0.63624 0.337647 -0.693681 0.974605 -0.282124 0.938693 0.198143 -0.0237271 0.718056 0.0696375 0.692492 -0.222671
11 24 48 0.746727 0.294291 -0.596483 -0.258632 -0.237509 0.955645 0.174161 0.141087 0.62128 0.0116198 0.783502 -0.955617
11 25 29 0.650235 0.342959 -0.677918 0.366485 -0.304336 0.935173 0.181196 0.080656 0.696113 0.0884951 0.712457 -0.926921
11 26 20 0.509876 0.362491 -0.780145 0.823809 -0.343409 0.917259 0.20176 0.07217 0.788731 0.165036 0.592171 -0.562254
11 27 0 1 0 0 0 0 1 0 0 0 0 1 0
11 28 0 1 0 0 0 0 1 0 0 0 0 1 0
11 29 0 1 0 0 0 0 1 0 0 0 0 1 0
11 30 0 1 0 0 0 0 1 0 0 0 0 1 0
11 31 0 1 0 0 0 0 1 0 0 0 0 1 0
11 32 0 1 0 0 0 0 1 0 0 0 0 1 0
11 33 0 1 0 0 0 0 1 0 0 0 0 1 0
11 34 0 1 0 0 0 0 1 0 0 0 0 1 0
11 35 0 1 0 0 0 0 1 0 0 0 0 1 0
11 36 0 1 0 0 0 0 1 0 0 0 0 1 0
11 37 0 1 0 0 0 0 1 0 0 0 0 1 0
11 38 0 1 0 0 0 0 1 0 0 0 0 1 0
11 39 13 0.933794 -0.259394 0.246462 -0.0133666 0.264403 0.964323 0.0131529 0.269169 -0.24108 0.0528831 0.969063 0.963
11 40 0 1 0 0 0 0 1 0 0 0 0 1 0
