0 1 1755 0.999693 0.00662599 -0.0238882 0.991758 -0.00714566 0.999738 -0.0217347 0.128124 0.023738 0.0218987 0.999478 -0.00108697
0 2 2799 0.994368 0.0403106 -0.0980127 0.955854 -0.0443462 0.998241 -0.0393491 0.0441301 0.0962541 0.043474 0.994407 -0.290508
0 3 1785 0.984897 0.0466571 -0.166734 0.959501 -0.0476119 0.998864 -0.00173196 0.0601997 0.166463 0.00964432 0.986 -0.275199
0 4 998 0.973667 0.0926738 -0.208288 0.981173 -0.0925667 0.995653 0.0102828 0.0359543 0.208335 0.00926851 0.978014 -0.189757
0 5 466 0.972993 0.0925361 -0.211474 0.971557 -0.0952323 0.995452 -0.00257802 0.0434192 0.210274 0.0226476 0.97738 -0.232792
0 6 281 0.984424 -0.0204086 0.174623 -0.271842 0.0174847 0.99968 0.0182661 0.206911 -0.17494 -0.0149283 0.984466 -0.939835
0 7 238 0.999522 0.00796664 0.0298599 0.138986 -0.00350319 0.989182 -0.14665 0.855435 -0.0307052 0.146475 0.988738 -0.498913
0 8 125 0.983373 0.181597 0.000899777 0.318241 -0.181331 0.982177 -0.0494723 0.0597275 -0.00986774 0.0484865 0.998775 -0.946127
0 9 135 0.923319 -0.254143 0.287913 -0.112678 -0.0580978 -0.833515 -0.549434 0.338602 0.379614 0.490575 -0.784365 0.934159
0 10 147 0.911184 0.270053 -0.311152 0.998975 -0.285479 0.958376 -0.00421672 -0.0195769 0.297062 0.0926696 0.950351 0.0408108
0 11 89 0.964844 0.137283 -0.22412 0.0993214 0.0572378 -0.942026 -0.330622 0.197575 -0.256515 0.30617 -0.916766 0.975243
0 12 144 0.184881 0.0884954 -0.978768 0.802156 -0.215738 0.975299 0.0474305 -0.0587639 0.958789 0.202389 0.199406 0.594215
0 13 176 0.714363 0.28931 -0.637169 0.977591 -0.323309 0.943979 0.0661403 -0.138224 0.62061 0.158754 0.767881 0.158777
0 14 40 0.826015 0.561874 0.0446904 -0.0896343 -0.542966 0.771919 0.330648 0.331626 0.151285 -0.297385 0.942696 0.939143
0 15 34 -0.944946 -0.122137 0.303579 -0.195378 0.0911318 0.792802 0.602627 -0.153177 -0.314282 0.597116 -0.738024 0.968692
0 16 0 1 0 0 0 0 1 0 0 0 0 1 0
0 17 56 0.675015 0.299836 -0.674132 0.872527 -0.290823 0.947852 0.130376 -0.0409814 0.678069 0.108047 0.727013 0.486844
0 18 73 -0.455281 -0.361231 -0.813776 0.592953 -0.349107 0.913234 -0.210066 0.121532 0.81905 0.188455 -0.541887 0.796013
0 19 85 0.958747 0.254815 -0.125989 0.468989 -0.265841 0.960695 -0.0799591 0.159044 0.100663 0.110154 0.988804 -0.868766
0 20 101 0.107069 0.223357 -0.968838 0.389282 0.57889 -0.806243 -0.121898 -0.213405 -0.808346 -0.547799 -0.215623 0.896057
0 21 217 -0.50558 -0.0373428 -0.861971 0.768649 -0.438116 0.871782 0.219204 -0.135358 0.743265 0.488469 -0.457116 0.625186
0 22 206 -0.28959 -0.27794 0.915908 -0.135387 0.15631 0.930332 0.331739 -0.321826 -0.944301 0.239233 -0.22597 0.937069
0 23 101 0.995441 -0.00643994 0.0951667 0.34228 0.0203262 0.989123 -0.145677 -0.234306 -0.0931934 0.146948 0.984744 0.909915
0 24 67 -0.786218 -0.188404 -0.588528 0.576838 -0.390544 0.889566 0.236956 -0.122626 0.478891 0.416145 -0.772973 0.807602
0 25 22 -0.156381 0.953198 -0.258763 -0.134796 0.986661 0.162758 0.0032667 -0.148695 0.0452295 -0.254801 -0.965935 0.979653
0 26 23 0.835132 0.436663 -0.334486 -0.371774 -0.503136 0.852174 -0.143718 -0.0967394 0.222284 0.288315 0.931378 0.923269
0 27 77 0.623429 -0.670073 0.402912 -0.109849 -0.697469 -0.709498 -0.100749 0.00545636 0.353374 -0.218209 -0.909677 0.993933
0 28 21 -0.920073 -0.387633 0.0566293 -0.153151 -0.390216 0.919618 -0.0450931 -0.00854844 -0.0345978 -0.0635866 -0.997376 0.988166
0 29 0 1 0 0 0 0 1 0 0 0 0 1 0
0 30 54 -0.264126 -0.961139 -0.0803025 -0.433639 -0.927801 0.230452 0.293388 -0.0167087 -0.263481 0.151996 -0.952615 0.900932
0 31 91 -0.0568136 -0.40927 0.910643 -0.464305 -0.849733 0.498675 0.171106 -0.0485471 -0.524143 -0.764082 -0.376102 0.884344
0 32 46 0.885843 -0.261485 0.383286 -0.126989 -0.463895 -0.515492 0.720465 -0.263537 0.00919023 -0.816023 -0.577946 0.956254
0 33 34 0.968542 0.187818 -0.163253 0.386114 -0.228052 0.932454 -0.280217 0.240237 0.0995956 0.308632 0.945953 -0.890619
0 34 110 0.992182 -0.0671142 0.105217 0.432007 0.0571522 0.993836 0.0949951 0.134544 -0.110944 -0.088239 0.989902 -0.891778
0 35 79 0.996464 -0.0450421 0.070929 0.342584 0.0416689 0.997961 0.0483409 -0.141442 -0.0729617 -0.0452144 0.996309 -0.928779
0 36 46 0.995349 0.0944689 0.0188794 0.242707 -0.0948203 0.995319 0.0186722 -0.219308 -0.0170271 -0.0203755 0.999647 -0.944986
0 37 46 0.993924 0.0974528 0.0511655 0.395244 -0.100043 0.993687 0.050768 -0.173436 -0.0458951 -0.0555783 0.997399 -0.902054
0 38 62 -0.503447 -0.771247 -0.389511 0.283105 -0.462217 0.621283 -0.632743 0.346318 0.729997 -0.138514 -0.669267 0.89438
0 39 66 -0.11952 -0.669471 -0.73316 0.5065 -0.295092 0.729036 -0.617598 0.365678 0.947964 0.142534 -0.28469 0.780856
0 40 23 0.901948 -0.337488 0.269428 -0.0196846 -0.407668 -0.871239 0.273404 0.259257 0.142466 -0.356433 -0.923395 0.965608
0 41 0 1 0 0 0 0 1 0 0 0 0 1 0
0 42 32 0.282118 0.957612 -0.0582165 -0.0867941 0.937812 -0.288062 -0.193724 0.318309 -0.202283 5.71067e-05 -0.979327 0.944005
0 43 0 1 0 0 0 0 1 0 0 0 0 1 0
0 44 49 0.147558 -0.962886 -0.226002 0.205261 -0.145118 0.204953 -0.967954 0.675395 0.978349 0.175627 -0.10949 0.708315
0 45 0 1 0 0 0 0 1 0 0 0 0 1 0
0 46 0 1 0 0 0 0 1 0 0 0 0 1 0
0 47 21 0.588327 0.308823 0.747328 -0.349891 -0.56983 0.814068 0.112191 -0.182999 -0.573729 -0.491855 0.654915 -0.918743
0 48 16 0.181193 -0.982246 0.0486073 0.194762 0.977858 0.174681 -0.115242 0.167235 0.104705 0.0684121 0.992147 0.966489
0 49 39 0.739217 -0.461638 0.490356 0.301615 -0.407676 -0.886278 -0.219797 0.0552473 0.536059 -0.0374284 -0.84335 0.951828
0 50 185 0.73734 -0.0577424 0.67305 0.201285 -0.235314 0.911982 0.336032 -0.434586 -0.633212 -0.406147 0.658852 0.877849
0 51 52 0.0887387 -0.81298 -0.57549 0.404331 -0.581802 -0.511268 0.632544 -0.32752 -0.808475 0.27869 -0.518363 0.85396
0 52 55 0.214233 0.914367 0.343566 0.890811 -0.957463 0.266186 -0.111397 -0.0981951 -0.19331 -0.305087 0.932498 0.443637
0 53 31 -0.318985 0.946262 -0.0532598 0.356767 0.93882 0.307777 -0.154568 0.142797 -0.12987 -0.0993064 -0.986545 0.923215
0 54 25 -0.678988 -0.733237 -0.0365962 -0.254065 0.674028 -0.602851 -0.426916 -0.0779528 0.290968 -0.314537 0.903551 0.964041
0 55 29 0.507581 -0.691757 0.513647 0.385803 0.707864 0.674681 0.209126 -0.212433 -0.491212 0.257444 0.832126 0.897791
0 56 11 0.0599308 0.805938 0.588958 0.338193 -0.792318 0.397287 -0.463028 -0.192727 -0.607158 -0.438893 0.662369 0.921131
0 57 77 -0.272064 0.806219 0.52535 -0.380075 0.952653 0.302691 0.0288317 -0.144669 -0.135774 0.50832 -0.850398 0.913572
0 58 0 1 0 0 0 0 1 0 0 0 0 1 0
0 59 28 -0.00381887 0.781008 -0.624509 -0.212841 -0.995632 -0.0612304 -0.0704862 -0.127478 -0.0932892 0.621512 0.77783 0.968735
0 60 0 1 0 0 0 0 1 0 0 0 0 1 0
0 61 47 -0.634729 0.620603 -0.460403 -0.216269 -0.604184 -0.770022 -0.205007 -0.0895762 -0.481749 0.148045 0.863713 0.972216
0 62 137 -0.130545 0.0835021 0.98792 -0.568956 0.019369 -0.996042 0.0867481 -0.183209 0.991253 0.0304596 0.128411 0.8017
0 63 62 0.125963 -0.960613 0.247701 -0.167913 -0.978113 -0.161947 -0.130648 -0.167812 0.165617 -0.225823 -0.959987 0.971414
0 64 48 0.866329 0.494428 0.0708167 -0.235893 -0.448304 0.832233 -0.326208 -0.101367 -0.220222 0.250856 0.942642 0.966478
0 65 65 -0.832273 0.159848 -0.53082 0.216847 0.0274615 -0.944463 -0.327467 0.125675 -0.553685 -0.287119 0.781662 -0.968082
0 66 77 -0.815733 0.092408 -0.570999 -0.150262 0.127327 -0.934256 -0.333096 -0.110675 -0.56424 -0.344421 0.750338 0.982432
0 67 98 0.465485 0.0939966 -0.88005 0.0168864 0.50922 -0.841723 0.179439 -0.223398 -0.723892 -0.531665 -0.439674 0.974581
1 2 4204 0.995979 0.0401104 -0.080101 0.949718 -0.0423124 0.998766 -0.0259836 0.161217 0.07896 0.0292684 0.996448 -0.268413
1 3 2916 0.988323 0.0504718 -0.143772 0.953447 -0.048559 0.998679 0.0167848 0.0824859 0.14443 -0.00960734 0.989468 -0.290061
1 4 1621 0.97111 0.0985241 -0.217345 0.986206 -0.0948434 0.995117 0.0273281 0.0547122 0.218976 -0.00592479 0.975712 -0.15622
1 5 975 0.961121 0.101889 -0.256641 0.983596 -0.100257 0.994771 0.0194712 0.0448071 0.257283 0.00701593 0.966311 -0.174733
1 6 518 0.998116 0.0461849 0.0403893 0.094563 -0.0528012 0.981864 0.182087 -0.558421 -0.0312471 -0.183877 0.982453 -0.824151
1 7 332 0.999196 0.0258319 0.0306577 0.149202 -0.0277029 0.997675 0.0622616 -0.0838327 -0.0289781 -0.0630609 0.997589 -0.985247
1 8 284 0.862481 0.246509 -0.441995 0.997279 -0.268432 0.963205 0.0133967 -0.0657654 0.429035 0.107091 0.896917 -0.0333192
1 9 194 0.892271 0.212379 -0.398432 0.999568 -0.220874 0.97498 0.0250622 0.00557004 0.393786 0.0656411 0.916855 0.0288418
1 10 243 0.771165 0.192749 -0.606756 0.976606 -0.233479 0.972286 0.0121239 1.06471e-05 0.592277 0.132316 0.794796 0.215037
1 11 252 0.783767 0.240172 -0.572736 0.989571 -0.294239 0.95573 -0.00187771 -0.0102927 0.54693 0.169993 0.819737 0.14368
1 12 197 0.655658 0.233211 -0.71814 0.960512 -0.271819 0.96024 0.0636619 -0.088795 0.704433 0.153464 0.692981 0.263691
1 13 248 0.660204 0.272209 -0.700023 0.968869 -0.31659 0.946028 0.0692882 -0.0949945 0.681103 0.175876 0.710751 0.228625
1 14 140 -0.174899 -0.0383248 -0.98384 0.703327 0.00222089 0.999224 -0.0393189 0.00823222 0.984584 -0.00906181 -0.174678 0.710818
1 15 264 0.483548 0.278105 -0.829963 0.926815 -0.347749 0.931181 0.109418 -0.0946426 0.803276 0.23571 0.546982 0.363396
1 16 122 0.660679 0.599241 -0.45212 0.912857 -0.533139 0.798574 0.27936 -0.343616 0.528456 0.0564756 0.84708 0.220501
1 17 106 0.517598 0.230994 -0.823853 0.959933 -0.222986 0.966012 0.130759 -0.0600789 0.826057 0.116027 0.551514 0.273712
1 18 119 -0.0513893 0.0649581 -0.996564 0.792093 -0.104667 0.992036 0.0700604 -0.0261565 0.993179 0.107908 -0.044181 0.60984
1 19 207 -0.118475 -0.331907 0.935843 -0.48262 -0.283476 0.914563 0.288472 -0.160397 -0.951633 -0.231112 -0.202441 0.861017
1 20 127 -0.871636 -0.154344 0.465218 0.175123 0.0117112 0.9423 0.334565 -0.222827 -0.490013 0.297067 -0.819535 0.959
1 21 252 -0.287889 -0.0134131 -0.95757 0.839468 -0.443642 0.888006 0.12094 -0.0767912 0.848706 0.459636 -0.261597 0.537957
1 22 258 -0.272196 -0.72839 -0.628774 0.417045 0.943099 -0.331638 -0.0240871 -0.244931 -0.190981 -0.599553 0.777215 0.875261
1 23 99 -0.906474 -0.141692 -0.397779 0.350775 -0.301795 0.876264 0.375609 -0.234047 0.295339 0.460527 -0.837072 0.906741
1 24 52 0.98537 -0.123855 -0.117071 0.439654 0.100925 0.977588 -0.184761 0.374383 0.137331 0.170243 0.975786 -0.81642
1 25 0 1 0 0 0 0 1 0 0 0 0 1 0
1 26 61 0.624642 0.603897 0.495107 -0.415098 0.530516 -0.793407 0.298427 -0.17804 0.57304 0.0762527 -0.815972 0.892186
1 27 111 0.519812 0.436722 0.734213 -0.11521 -0.437853 0.874181 -0.209983 0.00994765 -0.733539 -0.212326 0.64563 0.993291
1 28 0 1 0 0 0 0 1 0 0 0 0 1 0
1 29 0 1 0 0 0 0 1 0 0 0 0 1 0
1 30 73 0.507583 0.226418 -0.831321 0.324445 -0.168528 0.972307 0.161918 -0.0377056 0.84496 0.0579139 0.531685 0.945153
1 31 131 -0.182642 -0.165242 0.969194 -0.668699 -0.0501478 0.986058 0.158667 -0.0408105 -0.9819 -0.0196237 -0.188382 0.742412
1 32 116 0.914551 -0.368885 0.165894 -0.148176 0.347482 0.926482 0.144525 -0.51708 -0.207011 -0.07453 0.975496 -0.843014
1 33 69 0.943988 -0.329724 0.0129826 0.586076 0.328672 0.943018 0.0518751 0.741494 -0.0293473 -0.0447025 0.998569 0.326652
1 34 118 0.989345 -0.138293 0.045507 0.770029 0.134651 0.988035 0.0752021 0.282419 -0.0553625 -0.0682732 0.996129 -0.572097
1 35 287 0.0507639 -0.669849 -0.74076 0.488525 -0.0668986 0.73777 -0.671729 0.488596 0.996468 0.0836554 -0.00735986 0.722923
1 36 106 0.0803873 -0.0253126 0.996442 -0.690829 -0.661391 0.746546 0.0723218 -0.00654416 -0.745721 -0.664852 0.0432713 0.722989
1 37 175 0.995561 0.0685525 -0.0644822 0.877139 -0.0662351 0.997102 0.0374173 0.378198 0.0668604 -0.0329803 0.997217 0.295962
1 38 128 0.130272 -0.511595 -0.849294 0.706644 -0.100837 0.845315 -0.524666 0.378963 0.986337 0.153989 0.0585329 0.597529
1 39 222 0.923939 0.233354 0.303122 -0.963339 -0.258362 0.965018 0.0445989 -0.255177 -0.282111 -0.119522 0.951907 -0.0828418
1 40 54 0.30182 -0.606871 0.735263 -0.357264 -0.817873 0.231474 0.526785 -0.301998 -0.489886 -0.760346 -0.42648 0.883832
1 41 77 0.992224 -0.121272 0.0280148 0.102029 0.092876 0.871238 0.481995 -0.982829 -0.0828601 -0.475645 0.875726 0.153747
1 42 72 -0.796587 -0.0263552 0.603949 0.422972 0.0499 -0.998506 0.0222434 -0.00359797 0.60246 0.0478559 0.796713 0.906136
1 43 0 1 0 0 0 0 1 0 0 0 0 1 0
1 44 83 -0.835769 -0.207841 0.508225 -0.359225 -0.472234 0.744339 -0.472181 0.253987 -0.280153 -0.634635 -0.720245 0.898025
1 45 0 1 0 0 0 0 1 0 0 0 0 1 0
1 46 0 1 0 0 0 0 1 0 0 0 0 1 0
1 47 29 0.0517385 0.773547 0.631623 -0.349891 -0.953143 0.227019 -0.199954 -0.182999 -0.298064 -0.591682 0.749047 -0.918743
1 48 116 0.0364106 0.612695 -0.78948 0.342502 0.985563 0.108694 0.129809 0.0809432 0.165345 -0.782809 -0.599892 0.936024
1 49 139 0.811863 0.583157 -0.0283899 0.815804 -0.581332 0.811918 0.0533057 -0.0229607 0.0541358 -0.026773 0.998175 0.577873
1 50 136 -0.443963 0.816685 0.368677 0.298455 -0.888299 -0.347161 -0.300672 0.044233 -0.117564 -0.460983 0.879587 0.953398
1 51 55 -0.684681 -0.00973847 -0.728778 0.265775 0.115384 0.985853 -0.121576 0.136325 0.719651 -0.16733 -0.673871 0.954347
1 52 158 0.520537 0.219235 -0.825214 0.592954 -0.292339 0.953822 0.0689981 0.120525 0.802234 0.205326 0.560591 0.796165
1 53 59 0.728216 0.685159 0.0160391 0.451227 -0.685272 0.72759 0.0318498 0.135196 0.0101523 -0.0341847 0.999364 0.882109
1 54 28 -0.678789 0.734254 0.010742 -0.243774 0.711671 0.654165 0.256109 -0.0852841 0.181022 0.181489 -0.966588 0.966075
1 55 43 0.597394 0.220877 0.77093 0.389221 -0.222605 0.969217 -0.105191 -0.196831 -0.770433 -0.108772 0.628173 0.899869
1 56 37 0.67727 -0.640691 0.361691 0.152975 0.510471 0.76323 0.396104 -0.335172 -0.529834 -0.083637 0.843967 -0.929655
1 57 73 -0.862067 0.479382 -0.164419 -0.38821 -0.421338 -0.49765 0.758168 -0.107953 0.281628 0.722867 0.63099 0.915226
1 58 0 1 0 0 0 0 1 0 0 0 0 1 0
1 59 0 1 0 0 0 0 1 0 0 0 0 1 0
1 60 0 1 0 0 0 0 1 0 0 0 0 1 0
1 61 45 0.96736 -0.239365 -0.0831792 0.00911826 0.226263 0.963689 -0.141807 0.0411351 0.114102 0.118358 0.986393 0.999112
1 62 129 -0.203483 0.0902022 0.974915 -0.256155 0.25848 -0.95547 0.142353 -0.120681 0.944343 0.280962 0.171106 0.959073
1 63 113 -0.965327 -0.242933 -0.0955383 -0.206945 -0.239346 0.96977 -0.0475369 -0.164325 0.104198 -0.0230219 -0.99429 0.964454
1 64 46 -0.107017 0.928795 -0.354807 -0.22076 -0.942 -0.208886 -0.262684 -0.119207 -0.318093 0.306116 0.897279 0.968016
1 65 126 0.934249 0.289362 -0.208444 0.44767 -0.329114 0.924677 -0.191459 -0.228841 0.137342 0.247472 0.959111 0.864421
1 66 114 -0.953167 -0.296024 -0.0619947 -0.217306 -0.290267 0.952942 -0.0874404 -0.145002 0.0849618 -0.0653502 -0.994239 0.965273
1 67 31 0.351807 0.914492 -0.199841 -0.219029 -0.895155 0.266244 -0.357507 -0.119608 -0.273731 0.304662 0.912279 0.968359
2 3 2471 0.997456 0.0131425 -0.0700592 0.967193 -0.0106363 0.999294 0.0360266 0.147021 0.0704832 -0.0351898 0.996892 -0.207178
2 4 1803 0.983933 0.0723112 -0.163237 0.998565 -0.0656397 0.996787 0.0459071 0.0525745 0.166032 -0.0344547 0.985518 -0.0101593
2 5 1236 0.980661 0.0692016 -0.18307 0.988559 -0.0637195 0.99733 0.0356669 0.0516136 0.18505 -0.023312 0.982453 -0.14173
2 6 326 0.99888 0.015093 0.0448376 0.176606 -0.0181229 0.997524 0.0679557 0.209449 -0.0437009 -0.0686922 0.99668 -0.961739
2 7 296 0.999236 -0.0158785 0.0357116 -0.0109022 0.0172579 0.999104 -0.0386556 0.909868 -0.0350658 0.0392424 0.998614 0.414755
2 8 297 0.879065 0.194588 -0.435179 0.99977 -0.218308 0.975869 -0.00462986 -0.00137377 0.423776 0.0990731 0.900332 0.0214195
2 9 270 0.795262 0.0813217 -0.600787 0.963516 -0.0976747 0.995204 0.00541722 0.0625556 0.598346 0.0543736 0.799391 0.260237
2 10 325 0.836798 0.181278 -0.516631 0.975577 -0.189931 0.981114 0.0366229 -0.0169499 0.513513 0.0674784 0.855424 0.219001
2 11 255 0.825572 0.205295 -0.525628 0.974639 -0.212879 0.975956 0.046823 -0.0750919 0.522602 0.0732395 0.849425 0.210807
2 12 273 0.791683 0.267302 -0.549352 0.984531 -0.281835 0.957598 0.0597875 -0.0871386 0.54204 0.107494 0.833449 0.152002
2 13 229 0.646519 0.246847 -0.721858 0.95066 -0.2528 0.962066 0.102573 -0.116396 0.719795 0.11617 0.684397 0.287572
2 14 236 0.691937 0.339232 -0.637295 0.95231 -0.329359 0.933845 0.139487 -0.195377 0.642453 0.113383 0.757891 0.234378
2 15 245 0.409274 0.201398 -0.889907 0.922774 -0.232468 0.966164 0.111742 -0.115966 0.8823 0.161141 0.442244 0.367479
2 16 133 0.748634 0.564854 -0.347113 0.761444 -0.513738 0.825187 0.234817 -0.0374937 0.419071 0.00253321 0.90795 0.647146
2 17 158 -0.881512 0.248297 -0.401602 0.268377 0.098372 0.928478 0.358122 -0.21135 0.461799 0.276183 -0.842891 0.939843
2 18 228 0.299546 0.213988 -0.929775 0.8852 -0.198138 0.967229 0.158774 -0.0818427 0.933281 0.136664 0.332128 0.457955
2 19 49 0.99204 -0.0351057 0.120928 0.458166 0.0317532 0.999059 0.0295402 0.169302 -0.121852 -0.0254652 0.992222 -0.872594
2 20 93 -0.647427 0.333026 -0.685516 0.492726 -0.0889993 0.860285 0.501984 -0.240316 0.756913 0.386008 -0.527332 0.836343
2 21 171 0.151598 0.134458 -0.979254 0.975244 -0.369768 0.926486 0.0699688 -0.0218625 0.916673 0.35149 0.190172 0.220046
2 22 98 0.56072 -0.54644 -0.622091 0.397855 -0.523175 -0.816148 0.245337 -0.235363 -0.64178 0.187897 -0.743514 0.886745
2 23 221 -0.324346 -0.269452 0.90675 -0.143025 0.147815 0.932359 0.329935 -0.284575 -0.934318 0.241045 -0.262578 0.947925
2 24 88 -0.478422 -0.260126 -0.838717 0.321144 0.507223 -0.861531 -0.0221294 -0.213593 -0.716824 -0.436004 0.544117 0.922629
2 25 66 0.920887 -0.117273 0.371772 -0.186926 0.0530582 0.982508 0.178499 0.185717 -0.386203 -0.144652 0.911001 -0.964659
2 26 115 0.236251 -0.720852 0.651581 -0.418801 -0.904463 0.081952 0.418606 -0.261303 -0.355151 -0.688226 -0.632623 0.86967
2 27 140 -0.612741 0.0101111 0.790219 -0.137848 0.0424787 0.998894 0.0201571 0.0101859 -0.789141 0.0459185 -0.612493 0.990401
2 28 28 0.905734 0.229466 0.356358 -0.340973 0.209966 -0.973271 0.0930505 -0.0370731 0.368185 -0.00945602 -0.929704 0.939342
2 29 47 0.0457972 -0.0826172 -0.995529 -0.0297927 -0.739546 -0.672753 0.0218093 -0.359144 -0.671546 0.73524 -0.0919094 0.932806
2 30 38 0.510259 -0.363807 -0.779282 -0.433639 0.449704 0.88524 -0.118816 -0.0167087 0.733077 -0.28982 0.615307 0.900932
2 31 60 -0.0614088 -0.968618 -0.240851 0.463094 -0.990556 0.0887799 -0.104484 -0.00283611 0.122588 0.23216 -0.964922 0.886305
2 32 100 -0.997561 -0.0660064 -0.0227161 -0.287982 0.0618385 -0.986579 0.151123 0.0411234 -0.0323863 0.14935 0.988254 -0.956753
2 33 103 -0.679425 -0.145173 0.71924 -0.358785 0.353005 0.794663 0.49386 -0.303792 -0.643249 0.589437 -0.488667 0.8826
2 34 104 0.983369 -0.144129 0.11051 -0.642518 0.131008 0.984332 0.118012 -0.217494 -0.125788 -0.101572 0.986844 0.734757
2 35 220 0.990283 -0.0666274 0.122071 -0.385938 0.0551531 0.993941 0.095081 0.138732 -0.127666 -0.0874245 0.987957 0.912034
2 36 153 0.971428 -0.0892129 -0.21993 0.734242 0.0795006 0.995444 -0.0526413 0.439442 0.223624 0.0336527 0.974094 0.517474
2 37 204 -0.305583 -0.62851 -0.715258 0.439454 -0.101154 0.768369 -0.631963 0.424171 0.946777 -0.120766 -0.298376 0.791808
2 38 140 0.958776 0.133937 0.25062 -0.675229 -0.153731 0.986225 0.0610544 0.0221923 -0.23899 -0.0970654 0.966158 0.737275
2 39 138 0.966454 0.0189119 -0.256143 0.967798 -0.0372353 0.997066 -0.0668762 0.133608 0.254126 0.0741703 0.964323 -0.213347
2 40 26 0.934825 -0.267896 0.233097 -0.0162784 -0.261282 -0.963433 -0.0594016 0.27304 0.240486 -0.00537388 -0.970638 0.961865
2 41 52 0.524692 -0.236767 -0.817704 0.821833 0.0539322 0.96786 -0.245638 0.306895 0.849582 0.0847837 0.520598 0.480006
2 42 109 0.256719 -0.248887 -0.93389 0.806034 0.00449597 0.966571 -0.256361 0.213562 0.966476 0.0616139 0.249256 0.551997
2 43 0 1 0 0 0 0 1 0 0 0 0 1 0
2 44 73 0.954159 0.290239 -0.0730898 0.425118 -0.289346 0.956954 0.0227499 -0.254143 0.0765465 -0.000558791 0.997066 -0.868726
2 45 0 1 0 0 0 0 1 0 0 0 0 1 0
2 46 20 -0.269019 0.851935 -0.449261 -0.0610493 0.3824 -0.333637 -0.861659 0.145412 -0.883968 -0.4036 -0.236025 0.987486
2 47 38 -0.441358 -0.759902 0.477233 0.371752 0.640736 -0.639222 -0.425268 0.0514859 0.62822 0.118085 0.769023 0.926903
2 48 62 -0.894889 0.0851403 0.438092 -0.0923841 -0.232146 0.749572 -0.619879 0.341045 -0.381158 -0.656424 -0.651019 0.935497
2 49 138 0.638046 0.267165 -0.722164 0.923404 -0.252744 0.95858 0.131322 -0.11903 0.727336 0.0987329 0.679142 0.364907
2 50 51 0.85147 0.520489 -0.0639501 -0.333482 -0.517904 0.853781 0.0532336 -0.206093 0.0823069 -0.0122069 0.996532 -0.919954
2 51 138 -0.10469 -0.0414357 -0.993641 0.685412 -0.0159165 0.999073 -0.0399852 0.0230435 0.994378 0.0116292 -0.105252 0.72779
2 52 131 0.818452 0.573004 -0.0424666 0.565873 -0.571399 0.819462 0.0445554 0.0947562 0.0603302 -0.012201 0.998104 0.819029
2 53 81 0.759291 0.648874 -0.0493927 0.393417 -0.646213 0.760769 0.0603249 0.161013 0.0767197 -0.0138859 0.996956 0.905151
2 54 71 0.976122 0.0400758 -0.213494 0.0185404 0.0474651 -0.998434 0.0295965 0.316445 -0.211973 -0.0390233 -0.976496 0.94843
2 55 45 0.667695 0.636068 -0.386782 0.856475 -0.60991 0.765312 0.20569 -0.379619 0.426841 0.0985639 0.898939 0.349771
2 56 61 -0.576021 -0.746784 -0.332436 0.0376206 -0.290258 0.567037 -0.770856 0.429579 0.764167 -0.347537 -0.543385 0.902246
2 57 69 -0.0665829 0.980538 0.184697 -0.379106 0.909555 -0.0164562 0.415257 -0.129312 0.410214 0.195641 -0.890757 0.916273
2 58 20 -0.145539 -0.668545 0.729292 -0.450996 -0.970974 0.237942 0.0243534 -0.0954555 -0.189811 -0.704579 -0.683769 0.887407
2 59 0 1 0 0 0 0 1 0 0 0 0 1 0
2 60 38 -0.762236 0.0126259 0.647176 -0.506002 -0.144315 0.97133 -0.188923 -0.109454 -0.631007 -0.237401 -0.73856 0.855559
2 61 32 -0.988506 -0.0766323 -0.130317 -0.215914 -0.0716218 0.996517 -0.0427167 -0.158764 0.133137 -0.0328922 -0.990552 0.963418
2 62 157 -0.988624 -0.0803358 0.127154 -0.212821 -0.095347 0.988575 -0.116744 -0.15107 -0.116323 -0.127539 -0.984989 0.965342
2 63 147 -0.96888 -0.213273 -0.125646 -0.210005 -0.206699 0.97635 -0.0633749 -0.15305 0.13619 -0.0354318 -0.990049 0.965647
2 64 86 0.480624 -0.709464 0.515423 -0.238667 -0.812498 -0.581403 -0.0426416 -0.143463 0.329921 -0.398285 -0.855875 0.960446
2 65 106 -0.979708 -0.161057 -0.119303 -0.227111 -0.154313 0.985959 -0.0638173 -0.15529 0.127906 -0.0441124 -0.990805 0.961408
2 66 239 0.762954 0.157474 -0.62698 -0.215217 -0.446582 0.829639 -0.335058 -0.121681 0.467404 0.535632 0.703301 0.968956
2 67 62 -0.975448 -0.181864 -0.124205 -0.184592 -0.178176 0.983174 -0.0402764 -0.172762 0.12944 -0.0171572 -0.991439 0.967512
3 4 2885 0.994282 0.0531141 -0.0926349 0.997542 -0.0529957 0.998588 0.00373899 0.0630276 0.0927027 0.00119164 0.995693 -0.0306268
3 5 2122 0.990594 0.0584164 -0.123735 0.989159 -0.0591396 0.998247 -0.00217654 0.0248317 0.123391 0.00947373 0.992313 -0.144735
3 6 1243 0.980108 0.0927286 -0.175469 0.995103 -0.0902724 0.995675 0.021946 0.0416913 0.176745 -0.0056695 0.98424 -0.0896198
3 7 662 0.956322 0.103906 -0.273226 0.991202 -0.107877 0.994164 0.000492863 0.067495 0.271683 0.0290035 0.96195 -0.113859
3 8 320 0.924972 0.190079 -0.329085 0.995029 -0.207441 0.97808 -0.018125 -0.0877881 0.318426 0.0850309 0.944126 -0.0470168
3 9 349 0.929221 0.150639 -0.337425 0.992387 -0.169661 0.985121 -0.0274269 0.0738383 0.328273 0.0827334 0.940953 0.0985692
3 10 275 0.948333 0.118001 -0.294517 0.997714 -0.131817 0.990894 -0.0274353 0.0336663 0.288598 0.0648402 0.955252 0.0585864
3 11 267 0.999218 -0.0395282 0.000431012 -0.0872389 0.0392434 0.990588 -0.131134 0.703926 0.00475653 0.131048 0.991365 0.704895
3 12 157 0.807115 0.198627 -0.555979 0.973244 -0.229633 0.973172 0.0143139 -0.0854654 0.543906 0.116118 0.831073 0.213286
3 13 160 0.613137 0.122406 -0.780436 0.931851 -0.203757 0.979 -0.00652893 -0.0250233 0.763248 0.163022 0.625202 0.361978
3 14 108 0.747359 0.313779 -0.58566 0.95219 -0.320237 0.942433 0.0962724 -0.222061 0.582154 0.1156 0.804819 0.209815
3 15 321 0.604538 0.238235 -0.760117 0.96898 -0.281849 0.956474 0.0756158 -0.170214 0.745047 0.168526 0.645372 0.179181
3 16 322 0.932252 0.232373 -0.277325 -0.983898 -0.224987 0.972596 0.0586335 0.0204747 0.28335 0.00773318 0.958985 -0.177555
3 17 281 0.720678 0.204263 -0.662495 0.31395 -0.21057 0.974958 0.0715395 0.30854 0.660517 0.0879445 0.745642 -0.897908
3 18 237 0.675194 0.258028 -0.691038 0.376122 -0.269709 0.958313 0.0943008 0.120949 0.686564 0.122708 0.71664 -0.918642
3 19 67 0.578039 0.278143 -0.767143 0.460714 -0.301128 0.94647 0.116263 0.169025 0.758415 0.163804 0.630853 -0.871305
3 20 40 0.980053 0.181221 0.0815838 0.167362 -0.174918 0.981427 -0.0787713 -0.208374 -0.0943436 0.0629296 0.993549 0.963624
3 21 30 0.993479 -0.0261421 0.110981 0.345202 0.0464609 0.981703 -0.184664 -0.270994 -0.104123 0.188616 0.976516 0.898553
3 22 42 -0.771937 0.545442 -0.326506 0.407704 0.512698 0.837842 0.187513 -0.233278 0.375838 -0.0226501 -0.926409 0.882813
3 23 56 -0.910858 -0.370625 0.181591 0.360955 0.407471 -0.877503 0.252896 -0.25537 0.0656173 0.304346 0.950299 0.896938
3 24 24 -0.689521 -0.516157 0.508077 0.274249 -0.361374 0.85313 0.37627 -0.216351 -0.62767 0.07584 -0.774777 0.937006
3 25 40 0.911632 -0.175783 0.371522 -0.214959 0.0774897 0.961225 0.264654 -0.00223156 -0.403637 -0.212478 0.889905 -0.97662
3 26 119 0.700114 -0.514285 0.49533 -0.388263 -0.707905 -0.409255 0.575657 -0.232126 -0.0933355 -0.753672 -0.65059 0.891835
3 27 52 -0.889822 0.327335 0.317912 -0.100534 0.352474 0.935531 0.0233007 0.000738081 -0.28979 0.132789 -0.947834 0.994933
3 28 0 1 0 0 0 0 1 0 0 0 0 1 0
3 29 53 0.843299 -0.333243 -0.421659 -0.039154 0.172812 0.911029 -0.374383 -0.348982 0.508903 0.242849 0.825858 0.936311
3 30 16 -0.733347 0.43851 0.519529 -0.101605 0.612725 0.757411 0.225604 -0.336179 -0.294567 0.483775 -0.824131 0.936301
3 31 18 -0.830239 -0.476957 -0.288471 -0.464305 0.550012 -0.785008 -0.285042 -0.0485471 -0.090499 -0.395315 0.914076 0.884344
3 32 94 0.961861 0.0220476 0.272647 0.683854 0.0899481 0.915822 -0.391382 0.122519 -0.258325 0.400979 0.87891 0.719259
3 33 164 -0.400317 0.588423 0.702499 -0.358672 -0.0160497 -0.77099 0.636645 -0.321196 0.916236 0.243585 0.318084 0.876463
3 34 115 0.99993 -0.00576123 0.0103539 0.391646 0.00510193 0.998025 0.0626124 0.00750811 -0.0106942 -0.0625551 0.997984 0.920085
3 35 191 0.985451 -0.0454215 0.163778 -0.301868 0.0372368 0.997916 0.0527041 0.196028 -0.165831 -0.0458387 0.985088 0.932979
3 36 179 -0.404817 -0.673181 -0.618829 0.38865 -0.146109 0.715687 -0.682967 0.403583 0.902649 -0.18606 -0.38808 0.828295
3 37 134 0.993739 -0.00779931 0.111455 -0.330261 0.00327786 0.999166 0.0406933 0.210866 -0.111679 -0.0400732 0.992936 0.920034
3 38 133 0.375531 0.193685 0.906346 -0.749526 -0.444479 0.89576 -0.00725938 0.0202865 -0.813274 -0.400126 0.422475 0.661664
3 39 81 -0.721334 -0.585039 -0.370684 0.218636 -0.294369 0.743446 -0.600529 0.295264 0.626916 -0.324064 -0.70849 0.930063
3 40 14 0.979041 -0.086056 0.184589 -0.0115646 0.0831 0.996259 0.0237055 0.268368 -0.185938 -0.00786932 0.98253 0.963247
3 41 130 0.229787 -0.375362 -0.897943 0.645853 0.0585562 0.926292 -0.372228 0.325759 0.971478 0.0329529 0.234829 0.690475
3 42 75 0.970861 0.218791 0.0977682 -0.255773 -0.217844 0.975771 -0.0203887 -0.295823 -0.0998602 -0.0015036 0.995 -0.920363
3 43 40 0.99987 -0.013117 0.00939916 -0.105397 0.013773 0.997199 -0.073511 0.994266 -0.00840859 0.0736309 0.99725 -0.0180974
3 44 119 0.959933 0.280016 0.010958 -0.233637 -0.279646 0.959724 -0.0269914 -0.277196 -0.0180746 0.0228456 0.999576 -0.931974
3 45 27 0.913049 0.0171408 -0.407489 0.269503 -0.161687 -0.902038 -0.400232 0.442105 -0.374431 0.431317 -0.820833 0.855518
3 46 38 0.948404 -0.27323 -0.160859 0.263949 0.148937 -0.063975 0.986775 -0.408558 -0.279908 -0.959819 -0.0199802 0.873734
3 47 21 -0.361674 0.350583 0.863877 0.261035 -0.818148 -0.563635 -0.113792 0.327405 0.447018 -0.747935 0.490681 0.908111
3 48 91 0.766305 0.578275 0.279954 -0.789167 -0.585328 0.808033 -0.0668865 0.318934 -0.264891 -0.112609 0.957681 0.524878
3 49 24 0.978343 -0.0966999 -0.183016 0.364181 -0.158977 -0.917259 -0.365188 0.0641337 -0.132559 0.386375 -0.912767 0.929117
3 50 121 0.879171 0.439703 -0.183629 0.833318 -0.443777 0.895902 0.0205559 -0.314702 0.173552 0.0634182 0.982781 -0.45447
3 51 99 -0.73351 -0.122496 -0.668549 0.328489 0.129201 0.940561 -0.31409 0.161044 0.667286 -0.316765 -0.674084 0.930677
3 52 85 0.832268 0.554271 0.0106138 -0.614716 -0.553922 0.832211 -0.0243852 -0.0748842 -0.0223489 0.0144158 0.999646 -0.785186
3 53 62 0.78043 0.618876 -0.0890063 0.447275 -0.619966 0.784418 0.0181745 -0.45486 0.0810659 0.040997 0.995865 -0.770096
3 54 28 0.75518 0.641275 -0.135899 0.076238 -0.641123 0.765758 0.0507581 -0.357224 0.136616 0.0487965 0.989422 -0.930902
3 55 47 -0.246523 0.668092 0.702054 -0.629331 -0.512537 0.524938 -0.679519 0.529817 -0.822516 -0.527346 0.213013 0.568538
3 56 37 -0.193464 -0.961073 0.197256 0.0489328 -0.601809 -0.0425406 -0.797506 0.649423 0.774853 -0.272999 -0.570153 0.758852
3 57 23 -0.913809 0.17481 -0.366599 -0.144374 -0.362879 -0.756806 0.543658 0.351576 -0.182407 0.629831 0.755011 0.92496
3 58 0 1 0 0 0 0 1 0 0 0 0 1 0
3 59 40 0.278437 0.955093 -0.101343 -0.421496 0.941471 -0.292285 -0.167933 -0.121007 -0.190013 -0.048653 -0.980575 0.898721
3 60 14 0.79543 0.299075 -0.527111 -0.465776 -0.545228 0.732889 -0.406939 -0.108657 0.264609 0.611087 0.746026 0.878206
3 61 25 -0.75602 -0.386921 0.527944 -0.227074 -0.564046 0.794338 -0.225562 -0.0195972 -0.332092 -0.468314 -0.818778 0.97368
3 62 186 -0.888894 -0.31371 -0.333847 -0.111616 -0.26943 0.94738 -0.172856 -0.128925 0.370506 -0.0637026 -0.926643 0.985353
3 63 107 0.803021 0.131215 -0.581326 -0.204954 -0.414849 0.823392 -0.387202 -0.127937 0.427853 0.552094 0.715636 0.970374
3 64 27 0.773362 -0.0630194 -0.630825 0.217527 0.0498109 0.998011 -0.0386355 0.157217 0.632005 -0.00154271 0.774963 -0.963309
3 65 102 -0.966568 -0.19992 -0.160554 -0.208779 -0.177808 0.973756 -0.142071 -0.143863 0.184743 -0.108773 -0.976749 0.967323
3 66 148 0.745709 -0.0306174 -0.665567 0.0593634 -0.325752 0.854654 -0.404292 -0.0907697 0.581208 0.518294 0.62735 0.994101
3 67 28 0.776538 -0.0173385 -0.629832 0.228163 0.0210458 0.999777 -0.00157476 0.0771113 0.629719 -0.0120324 0.77673 -0.970565
4 5 2340 0.998787 0.00400808 -0.0490844 0.921362 -0.00444018 0.999952 -0.00869722 0.00758089 0.0490472 0.00890461 0.998757 -0.388633
4 6 2092 0.995377 0.0369552 -0.0886482 0.940623 -0.0360771 0.999283 0.0114882 0.106107 0.0890092 -0.00823692 0.995997 -0.322444
4 7 1180 0.978907 0.0546965 -0.196848 0.97958 -0.0558503 0.998439 -0.000310806 0.0537365 0.196524 0.0112983 0.980434 -0.193741
4 8 340 0.952107 0.13477 -0.274462 0.995034 -0.153951 0.986838 -0.0494873 -0.0334415 0.26418 0.089371 0.960324 -0.0937509
4 9 181 0.997581 -0.0453982 0.052636 0.150087 0.0458513 0.998921 -0.00743316 0.239825 -0.0522418 0.00982861 0.998586 -0.959144
4 10 248 0.902705 0.0990069 -0.418715 0.981234 -0.116184 0.993104 -0.0156557 -0.0282571 0.414277 0.0627802 0.907983 0.190737
4 11 413 0.857998 0.111205 -0.50147 0.977766 -0.147023 0.988605 -0.03232 -0.0285392 0.492162 0.101458 0.864571 0.20775
4 12 399 0.849228 0.161573 -0.502699 0.979454 -0.17816 0.983883 0.0152598 -0.111862 0.497063 0.0766016 0.864327 0.167799
4 13 173 0.773712 0.136616 -0.618632 0.975374 -0.177195 0.984166 -0.00427623 -0.0557243 0.608253 0.112927 0.785669 0.2134
4 14 180 0.717754 0.097775 -0.689397 0.95793 -0.162923 0.98619 -0.0297569 -0.0132136 0.676967 0.133677 0.723772 0.286697
4 15 337 0.897071 0.165164 -0.409859 -0.93766 -0.192835 0.980865 -0.0267978 0.13153 0.39759 0.103075 0.911755 -0.321704
4 16 674 0.748677 0.158539 -0.643698 0.832897 -0.148331 0.986427 0.070429 -0.326089 0.646127 0.0427518 0.762032 -0.447156
4 17 412 0.76038 0.152218 -0.631388 0.330527 -0.151285 0.986918 0.0557382 0.243999 0.631613 0.0531372 0.773461 -0.911711
4 18 335 0.719044 0.20477 -0.664112 0.381357 -0.21716 0.973957 0.0651836 0.274842 0.660164 0.0973488 0.744786 -0.882626
4 19 189 0.626783 0.251611 -0.737452 0.460023 -0.269424 0.958035 0.0978793 0.269137 0.731132 0.137338 0.66827 -0.846135
4 20 50 -0.838773 -0.0192814 0.54414 -0.254675 0.196243 0.921499 0.335155 -0.163685 -0.507887 0.387903 -0.769144 0.953073
4 21 16 0.942819 -0.0255191 0.332326 0.154263 0.13788 0.937614 -0.319171 -0.241718 -0.303448 0.346741 0.887519 0.958006
4 22 63 0.496895 0.779323 0.381775 -0.432445 -0.356486 0.584401 -0.728967 0.814808 -0.79121 0.226122 0.568204 -0.386107
4 23 18 0.890662 -0.206239 0.405199 0.210577 0.332526 0.903267 -0.271175 -0.200907 -0.310076 0.376264 0.873085 0.95671
4 24 0 1 0 0 0 0 1 0 0 0 0 1 0
4 25 51 0.891793 -0.294996 0.343048 -0.219292 0.212841 0.942609 0.25727 0.0253333 -0.399254 -0.156417 0.903399 -0.97533
4 26 28 0.89904 -0.127909 0.418768 -0.236483 0.181003 0.979407 -0.0894386 0.0269952 -0.398705 0.156207 0.903678 -0.971261
4 27 121 0.837466 -0.334377 0.432254 -0.152437 -0.167708 -0.910049 -0.379058 0.0250299 0.52012 0.244956 -0.818212 0.987996
4 28 0 1 0 0 0 0 1 0 0 0 0 1 0
4 29 29 0.75941 -0.199572 0.619247 -0.370278 -0.221102 -0.974309 -0.0428549 -0.175647 0.611891 -0.104372 -0.784026 0.912163
4 30 0 1 0 0 0 0 1 0 0 0 0 1 0
4 31 0 1 0 0 0 0 1 0 0 0 0 1 0
4 32 0 1 0 0 0 0 1 0 0 0 0 1 0
4 33 117 0.862077 -0.339006 0.376694 0.222883 -0.0163771 0.724288 0.689303 -0.815529 -0.506512 -0.600401 0.618841 0.534075
4 34 107 0.989967 0.12511 0.0656696 0.34764 -0.121308 0.990859 -0.0590127 0.0144778 -0.0724524 0.0504544 0.996095 0.937516
4 35 36 0.989473 -0.105027 0.0995635 -0.487117 0.104427 0.994469 0.0112325 0.165997 -0.100193 -0.000717135 0.994968 0.857416
4 36 47 0.99132 -0.115684 0.0624703 0.213503 0.116401 0.993171 -0.00794747 0.395574 -0.0611243 0.0151501 0.998015 0.893274
4 37 79 0.46616 0.104702 0.878483 -0.801437 -0.357036 0.930784 0.0785226 -0.0333106 -0.809457 -0.350254 0.471277 0.59715
4 38 61 0.580709 0.131992 0.80334 -0.817923 -0.291385 0.955097 0.0537067 -0.0746092 -0.760179 -0.265269 0.593093 0.57047
4 39 69 0.98745 0.00723377 0.157769 -0.515613 -0.000929048 0.999199 -0.039999 0.0977885 -0.157932 0.0393505 0.986666 0.851223
4 40 43 -0.865102 -0.462314 -0.19459 0.0881549 -0.270059 0.756207 -0.596003 0.288589 0.42269 -0.463052 -0.779048 0.953386
4 41 0 1 0 0 0 0 1 0 0 0 0 1 0
4 42 18 0.996681 0.0148612 0.0800415 0.0699603 -0.0131711 0.99968 -0.0216023 -0.284005 -0.0803369 0.0204764 0.996557 -0.956267
4 43 26 0.980261 0.177329 -0.0874205 0.284257 -0.179992 0.983387 -0.0235205 -0.283285 0.0817973 0.0387912 0.995894 -0.915941
4 44 21 0.987601 -0.13947 0.0720617 -0.125534 0.139295 0.990223 0.00747568 0.302546 -0.0723997 0.00265483 0.997372 0.944832
4 45 11 0.986134 -0.115955 0.118715 0.247847 0.127245 0.987559 -0.0923862 0.207564 -0.106526 0.106211 0.988621 0.946303
4 46 29 0.012161 0.83329 -0.552702 0.409574 -0.967995 0.148379 0.202408 -0.0429236 0.250674 0.532551 0.808426 -0.911266
4 47 30 -0.711821 0.701682 -0.0308827 0.366714 0.694484 0.696591 -0.180145 0.0423318 -0.104892 -0.149678 -0.983155 0.92937
4 48 0 1 0 0 0 0 1 0 0 0 0 1 0
4 49 26 -0.233073 0.537029 0.810726 -0.590084 -0.415251 0.698896 -0.582332 0.416382 -0.879342 -0.472381 0.0601079 0.691684
4 50 44 -0.423645 0.420217 0.80246 -0.643134 -0.360498 0.734493 -0.574944 0.361779 -0.831003 -0.532858 -0.159677 0.674903
4 51 57 -0.313159 -0.0717853 -0.946984 0.585544 0.168146 0.977195 -0.12968 0.0470724 0.934697 -0.199842 -0.293947 0.809273
4 52 20 0.765173 -0.0406107 -0.642542 0.477999 -0.62941 -0.257184 -0.73328 0.671239 -0.135473 0.965509 -0.222351 0.566529
4 53 19 0.818167 0.570798 -0.0692278 -0.0121809 -0.572097 0.820185 0.00129531 0.341862 0.0575189 0.0385452 0.9976 0.939671
4 54 0 1 0 0 0 0 1 0 0 0 0 1 0
4 55 0 1 0 0 0 0 1 0 0 0 0 1 0
4 56 0 1 0 0 0 0 1 0 0 0 0 1 0
4 57 15 0.933823 -0.352845 0.0589488 -0.199842 0.347548 0.933873 0.0842111 0.306387 -0.0847641 -0.0581507 0.994703 0.930694
4 58 0 1 0 0 0 0 1 0 0 0 0 1 0
4 59 0 1 0 0 0 0 1 0 0 0 0 1 0
4 60 16 0.0327776 0.888883 0.45696 0.225878 -0.919815 0.205683 -0.334119 -0.321915 -0.390982 -0.409367 0.824349 0.919429
4 61 21 0.813762 -0.00360272 -0.581188 0.197951 0.00579933 0.999981 0.00192127 0.184952 0.58117 -0.00493396 0.813767 -0.962605
4 62 81 0.818161 0.0395397 -0.573628 0.209421 0.00132811 0.9975 0.0706511 -0.0613368 0.574988 -0.0585658 0.816063 -0.9759
4 63 58 0.795002 -0.150693 -0.587591 0.213958 0.13665 0.988244 -0.0685582 0.153152 0.591014 -0.0257906 0.806249 -0.964762
4 64 109 -0.822693 0.0018926 -0.568482 0.38373 -0.0217714 0.999156 0.0348335 -0.0203747 0.568068 0.041034 -0.821958 0.92322
4 65 78 0.898825 0.43753 0.0261058 -0.264455 0.364257 -0.712518 -0.599695 0.0697462 -0.243784 0.54853 -0.799802 0.961873
4 66 56 0.814856 0.0899894 -0.572635 0.223537 -0.0667428 0.995871 0.0615262 0.0698835 0.575808 -0.0119157 0.817498 -0.972187
4 67 42 0.782759 -0.18798 -0.593255 0.219855 0.171643 0.981525 -0.0845372 0.147065 0.598186 -0.0356559 0.800564 -0.964384
5 6 2697 0.998349 0.0365148 -0.0443352 0.954615 -0.0356938 0.999179 0.0191726 0.204118 0.0449988 -0.0175584 0.998833 -0.2169
5 7 2182 0.986698 0.0542219 -0.153258 0.975878 -0.0539743 0.998526 0.00577892 0.0869208 0.153345 0.00256994 0.988169 -0.200265
5 8 866 0.964845 0.133977 -0.226108 0.994557 -0.146491 0.988426 -0.0394228 -0.0514429 0.218209 0.0711595 0.973304 -0.0906052
5 9 742 0.962824 0.0666246 -0.261783 0.983607 -0.06742 0.997707 0.00595218 -0.0258789 0.26158 0.0119185 0.965108 0.17846
5 10 98 0.999668 -0.0205691 -0.015546 0.101904 0.0203653 0.999706 -0.013152 0.919604 0.0158119 0.012831 0.999793 -0.379401
5 11 448 0.902832 0.119799 -0.412968 0.980718 -0.142236 0.989544 -0.0238972 -0.036012 0.405787 0.0803141 0.910432 0.192081
5 12 359 0.860743 0.135819 -0.490586 0.977934 -0.156491 0.987679 -0.00112658 -0.0689155 0.484388 0.077742 0.871392 0.197218
5 13 337 0.848902 0.19396 -0.491676 0.969542 -0.192558 0.979796 0.0540569 -0.17588 0.492227 0.0487869 0.869099 0.170456
5 14 236 0.90605 0.252778 -0.339378 0.946367 -0.248156 0.966998 0.0577368 -0.309394 0.342772 0.0319062 0.938877 -0.0930895
5 15 372 0.883206 0.184925 -0.430987 -0.669644 -0.211103 0.977374 -0.0132409 0.208803 0.418787 0.102677 0.902261 -0.712726
5 16 421 0.802004 0.15803 -0.576035 0.259413 -0.166471 0.985293 0.0385318 0.231169 0.573652 0.0649901 0.816517 -0.937692
5 17 494 0.779288 0.178685 -0.600651 0.305576 -0.174317 0.982468 0.0661101 0.229785 0.601933 0.0531847 0.796774 -0.924025
5 18 430 0.738371 0.216376 -0.63874 0.358426 -0.226732 0.971646 0.0670517 0.242992 0.635138 0.0953136 0.766495 -0.90138
5 19 218 0.651911 0.232725 -0.7217 0.460208 -0.247459 0.964928 0.0876292 0.220357 0.716782 0.121464 0.686637 -0.86003
5 20 55 -0.820281 0.174398 -0.544724 0.3416 -0.102347 0.892253 0.439784 -0.214552 0.562729 0.416497 -0.714049 0.915029
5 21 28 -0.853341 -0.280861 0.439233 0.338228 0.230658 -0.958934 -0.165053 -0.270166 0.467552 -0.0395337 0.883081 0.90145
5 22 11 -0.998928 -0.00539001 0.0459814 0.208145 -0.000129894 -0.992869 -0.119207 -0.225441 0.0462961 -0.119086 0.991804 0.951762
5 23 51 0.917276 -0.0916138 0.387572 0.192841 0.188892 0.956834 -0.22088 -0.319334 -0.350606 0.275817 0.894986 0.927813
5 24 0 1 0 0 0 0 1 0 0 0 0 1 0
5 25 66 0.924941 -0.224675 0.306603 0.201731 0.169815 0.965889 0.195502 0.0428765 -0.340069 -0.128762 0.931544 0.978502
5 26 44 0.907955 -0.101722 0.406534 0.234494 0.151981 0.983977 -0.0932261 -0.0263562 -0.390537 0.14643 0.908867 0.97176
5 27 120 -0.154628 -0.923191 -0.351864 -0.112894 0.968456 -0.212075 0.130832 -0.0127191 -0.195404 -0.320535 0.926863 0.993526
5 28 60 -0.732189 0.411532 -0.542715 0.354358 0.519531 0.852724 -0.0543042 0.0366316 0.440439 -0.321718 -0.838159 0.934392
5 29 0 1 0 0 0 0 1 0 0 0 0 1 0
5 30 0 1 0 0 0 0 1 0 0 0 0 1 0
5 31 15 0.775333 -0.392852 0.494496 0.398254 0.249859 0.909908 0.331115 0.122111 -0.580025 -0.13317 0.80364 0.909111
5 32 15 0.866787 -0.442458 -0.230026 0.371067 -0.373768 -0.881781 0.287679 0.0397805 -0.330118 -0.16338 -0.929693 0.927754
5 33 76 -0.868194 0.425554 -0.25523 0.336124 -0.336524 -0.126935 0.933081 -0.0531531 0.364679 0.895986 0.253413 0.940317
