0 1 331 0.999977 0.00247229 -0.00629532 0.977721 -0.00259251 0.999813 -0.01916 0.0184268 0.00624678 0.0191759 0.999797 -0.2091
0 2 920 0.994334 0.0411239 -0.0980238 0.987646 -0.0457828 0.997903 -0.0457619 0.121754 0.0959363 0.0499904 0.994131 -0.0986452
0 3 608 0.98369 0.0503973 -0.17267 0.972905 -0.0516972 0.998658 -0.00303675 0.0614058 0.172285 0.0119138 0.984975 -0.2229
0 4 404 0.970883 0.0960411 -0.219457 0.986904 -0.0960006 0.995322 0.0108739 0.0282908 0.219475 0.0105107 0.975562 -0.158805
0 5 281 0.968871 0.130318 -0.210491 0.883692 -0.128165 0.991465 0.0238992 -0.130948 0.211809 0.00382228 0.977304 -0.449379
0 6 276 0.94816 0.29729 0.112298 0.0416734 0.00241817 0.346609 -0.938007 0.856792 -0.317783 0.889652 0.327922 0.513975
0 7 229 0.853464 0.139694 -0.502081 0.997417 -0.161854 0.986815 -0.0005667 0.0514211 0.495381 0.0817476 0.864821 0.0501586
0 8 78 0.949706 0.285743 0.128103 -0.379874 -0.270243 0.954549 -0.125715 0.218058 -0.158203 0.0847739 0.983761 -0.89897
0 9 102 -0.149848 -0.984532 -0.0907846 -0.245467 0.94755 -0.169221 0.271134 -0.188396 -0.282303 -0.045394 0.958251 -0.950922
0 10 173 -0.886387 0.13933 -0.441481 0.131814 0.0130709 0.960787 0.276978 -0.0703129 0.46276 0.239739 -0.853451 0.988778
0 11 50 -0.193946 -0.964829 -0.177453 -0.19217 0.948969 -0.23037 0.215375 0.0167657 -0.24868 -0.126626 0.960273 -0.981218
0 12 119 0.0967917 -0.99512 0.0191815 0.205553 0.995244 0.0965555 -0.01288 0.245642 0.0109651 0.0203369 0.999733 0.947316
0 13 145 -0.642009 0.747735 -0.169456 0.152986 0.724337 0.663987 0.185628 0.112694 0.251317 -0.0035688 -0.967898 0.981782
0 14 171 0.127371 0.969013 0.211638 0.124706 0.748769 -0.233876 0.620199 -0.349095 0.650478 0.0794724 -0.755356 0.928752
0 15 222 -0.0294678 0.741157 -0.670685 0.580367 0.0345441 -0.66982 -0.741719 0.561264 -0.998969 -0.045025 -0.00586443 0.590048
0 16 163 -0.50291 -0.553256 -0.66407 0.257239 -0.783957 0.615523 0.0808919 -0.15738 0.363996 0.561284 -0.743282 0.953446
0 17 153 0.369726 -0.877866 -0.304391 0.192645 -0.894487 -0.247658 -0.372235 -0.048354 0.251387 0.409899 -0.876805 0.980076
0 18 117 -0.686178 0.318021 -0.654234 0.446509 -0.135286 0.827893 0.544326 -0.37252 0.714743 0.462014 -0.525058 0.813547
0 19 85 0.00516192 -0.99813 0.0609077 -0.371179 0.998682 0.00825552 0.0506499 0.264326 -0.051058 0.060566 0.996857 -0.890145
0 20 75 0.879538 0.268531 0.392815 0.0658984 -0.290537 0.956857 -0.00358129 0.213824 -0.37683 -0.110978 0.91961 -0.974647
0 21 69 0.365142 -0.813702 -0.452284 0.324832 0.929624 0.292763 0.223805 0.128323 -0.0496984 -0.502175 0.863337 -0.937026
0 22 140 -0.722182 -0.0854723 -0.686402 0.348014 -0.427897 0.834878 0.346242 -0.242835 0.543467 0.543759 -0.639507 0.905493
0 23 65 0.998079 -0.0259148 -0.0562739 0.391537 0.0155171 0.983926 -0.177899 0.325216 0.0599796 0.176684 0.982438 -0.860775
0 24 137 -0.594925 0.688642 0.414531 -0.39475 0.718515 0.224472 0.658292 -0.218497 0.360277 0.689481 -0.628344 0.89243
0 25 90 0.948055 0.0391083 -0.315692 0.242322 0.0437166 -0.999016 0.00752616 -0.236848 -0.315087 -0.0209362 -0.948832 0.940841
0 26 69 0.974367 -0.191141 -0.118633 0.338978 0.205061 0.971493 0.11896 0.142365 0.0925125 -0.140238 0.985786 -0.92996
0 27 118 -0.821233 -0.241405 0.517011 -0.224041 0.0229403 0.891392 0.452652 -0.127093 -0.570132 0.383593 -0.726502 0.966257
0 28 112 -0.398987 -0.676142 0.619388 -0.172492 -0.818322 0.567321 0.0921719 0.0212969 -0.413713 -0.470083 -0.779656 0.984781
0 29 79 0.838434 -0.107064 0.534384 -0.298746 -0.0427424 -0.990412 -0.131367 -0.0391708 0.543325 0.087302 -0.834971 0.953528
0 30 52 0.781796 -0.594149 -0.189162 0.278147 0.605394 0.795923 0.00210225 0.369506 0.149309 -0.116161 0.981944 -0.886623
0 31 89 0.4583 0.466433 0.756572 -0.379492 0.622908 -0.775757 0.100929 0.0114973 0.633993 0.425019 -0.646074 0.925123
0 32 78 0.0216235 0.884749 0.465565 -0.391429 -0.975555 0.120535 -0.183752 0.0313285 -0.218691 -0.450211 0.865728 0.919675
0 33 103 -0.44949 -0.892817 -0.0289186 -0.136471 -0.892947 0.448194 0.0420445 -0.173153 -0.0245769 0.0447214 -0.998697 0.975394
0 34 48 0.789694 0.33889 0.511407 -0.254054 -0.282612 0.940821 -0.187047 0.252686 -0.54453 0.00318032 0.838735 -0.933598
0 35 104 -0.721679 -0.02175 -0.691886 0.434113 -0.269443 0.929508 0.251825 0.0105951 0.637636 0.368161 -0.676667 0.900796
0 36 59 0.939777 0.196738 0.279489 0.13883 -0.245354 0.957615 0.150915 -0.0337745 -0.237952 -0.2104 0.948215 -0.98974
0 37 66 -0.396525 -0.917947 -0.0118464 -0.349835 0.913374 -0.395781 0.0954193 0.0174669 -0.0922784 0.027016 0.995367 -0.936648
0 38 117 0.853129 -0.201694 0.481134 -0.793134 0.120143 0.973412 0.195027 -0.149123 -0.507678 -0.108578 0.854678 -0.590509
0 39 69 0.737599 -0.656286 0.158858 0.0121541 0.662204 0.74906 0.0198709 0.33232 -0.132035 0.0905397 0.987101 -0.943088
0 40 96 0.458057 -0.882527 -0.106442 0.0576393 -0.23504 -0.00476204 -0.971974 0.872812 0.857286 0.470238 -0.20961 0.484641
0 41 102 0.356749 0.869053 0.342749 -0.111906 -0.636169 0.494672 -0.592106 0.5289 -0.68412 -0.00681275 0.729338 -0.841274
0 42 136 0.656262 0.754373 0.0155754 -0.15796 0.746025 -0.645632 -0.163113 -0.129165 -0.112992 0.118664 -0.986484 0.978961
0 43 72 0.080749 0.991191 0.104979 0.192203 -0.942855 0.110119 -0.31448 0.0516728 -0.32327 -0.0735859 0.943441 -0.979994
0 44 169 0.347506 0.753864 -0.557609 0.309737 0.936559 -0.308091 0.167144 -0.103915 -0.0457905 -0.580317 -0.813102 0.945127
0 45 142 0.800414 0.452241 -0.393466 0.256023 0.241879 -0.844232 -0.478295 0.0481409 -0.548481 0.287663 -0.785123 0.965471
0 46 152 -0.566919 -0.261989 -0.781002 0.44198 -0.334351 0.939655 -0.0725081 0.106821 0.752869 0.220023 -0.620305 0.890642
0 47 87 0.157246 -0.849438 0.503715 0.24165 0.878066 0.353692 0.322338 0.332104 -0.451966 0.391609 0.80148 0.911763
0 48 129 -0.386073 -0.706486 -0.593149 0.2478 -0.735955 0.623568 -0.263693 0.110124 0.556164 0.334726 -0.760684 0.962532
0 49 64 0.754198 -0.434699 0.49216 -0.249644 0.272973 0.889228 0.367097 -0.231178 -0.597219 -0.142517 0.789315 -0.940337
0 50 75 0.226982 0.742141 0.630639 0.265146 -0.848349 0.468697 -0.246225 0.227367 -0.478312 -0.479114 0.73598 0.937017
0 51 98 0.644412 -0.600889 -0.472933 0.410884 -0.644161 -0.759845 0.0877022 -0.246852 -0.412055 0.248129 -0.876723 0.877632
0 52 96 -0.236049 -0.942053 0.238364 -0.546597 0.868307 -0.314604 -0.383494 0.518074 0.436262 0.11645 0.892253 -0.657899
0 53 51 -0.927948 0.294022 0.229051 0.151587 -0.338379 -0.922235 -0.187034 0.0387608 0.156247 -0.251064 0.955277 0.987684
0 54 83 0.127467 -0.984181 -0.123046 -0.301487 0.989197 0.11709 0.0881955 -0.157448 -0.0723929 -0.132959 0.988474 -0.940381
0 55 41 -0.917702 0.00159961 -0.397267 0.18902 -0.012394 -0.99962 0.0246057 0.032071 -0.397076 0.0275044 0.917373 -0.981449
0 56 76 -0.811223 0.515441 0.276113 -0.46468 -0.55938 -0.821624 -0.109676 -0.179158 0.17033 -0.243424 0.954847 -0.867165
0 57 110 0.941203 -0.137692 0.30851 0.0287157 -0.140678 -0.989975 -0.0126577 -0.231771 0.30716 -0.031487 -0.951137 0.972347
0 58 51 0.750485 0.198913 0.630243 -0.102312 -0.263546 0.964601 0.00938549 0.164797 -0.606066 -0.173142 0.776341 -0.981007
0 59 46 -0.0878723 -0.991733 0.0935097 -0.219237 0.984143 -0.0719114 0.162144 0.227503 -0.154079 0.106275 0.982326 -0.948777
0 60 139 -0.762215 0.503918 -0.406318 0.223236 0.110449 0.719726 0.685416 -0.342594 0.637832 0.477557 -0.604243 0.912576
0 61 107 0.817203 0.555514 -0.153567 0.221049 0.53939 -0.83103 -0.135821 0.0531939 -0.203069 0.0281609 -0.978759 0.973811
0 62 124 0.0526138 -0.998037 0.0339724 -0.178853 -0.998615 -0.0526131 0.000916739 -0.217499 0.000872451 -0.0339735 -0.999422 0.959534
0 63 93 0.282483 -0.60303 0.746028 -0.120257 0.739622 0.632162 0.230933 -0.197287 -0.61087 0.486544 0.624589 0.972942
0 64 123 0.526351 0.0779081 -0.846691 0.981382 -0.0416665 0.99696 0.0658329 0.0815607 0.849246 0.00062738 0.527997 -0.173888
0 65 53 -0.243552 0.903526 0.352594 -0.290374 -0.885256 -0.0585686 -0.461401 -0.0278687 -0.396237 -0.424512 0.814117 -0.956507
0 66 53 0.966367 -0.244026 0.0811497 0.19133 0.231983 0.963384 0.134444 0.143062 -0.110986 -0.111097 0.987593 -0.971044
0 67 58 -0.959282 -0.247827 -0.135496 0.182261 0.280343 -0.893892 -0.349806 0.221277 -0.0344275 -0.373548 0.926972 -0.958028
1 2 1550 0.996695 0.0412495 -0.0699856 0.874145 -0.0431923 0.998716 -0.0264777 0.157037 0.0688035 0.0294131 0.997197 -0.459575
1 3 934 0.988681 0.0482576 -0.142061 0.926684 -0.0466612 0.998805 0.014549 0.109577 0.142593 -0.00775558 0.989751 -0.359513
1 4 586 0.969059 0.102324 -0.22462 0.989373 -0.0982555 0.994731 0.0292454 0.0414035 0.226429 -0.00627042 0.974007 -0.139381
1 5 427 0.967817 0.10056 -0.230691 0.967149 -0.0988047 0.994922 0.0191784 0.0613582 0.231448 0.00423219 0.972838 -0.246693
1 6 202 0.999365 0.0238445 0.0264689 0.167776 -0.0243274 0.999541 0.0180725 0.170818 -0.0260258 -0.0187049 0.999486 -0.970913
1 7 279 0.984916 0.116801 -0.127663 0.743542 -0.115024 0.993136 0.0212327 0.16104 0.129266 -0.00622821 0.99159 -0.649008
1 8 247 0.930917 0.335682 -0.143915 0.994443 -0.335451 0.941682 0.0266023 -0.0617975 0.144452 0.0235119 0.989232 0.0852273
1 9 211 -0.0195165 -0.8127 -0.582355 0.267948 -0.962189 -0.143009 0.23182 -0.26683 -0.271682 0.56486 -0.77918 0.925746
1 10 299 0.838696 0.153348 -0.522565 0.983279 -0.163992 0.986114 0.0261772 -0.0391888 0.519323 0.0637419 0.852197 0.177838
1 11 315 0.752114 0.202455 -0.627165 0.978222 -0.287966 0.956948 -0.036425 0.0499631 0.59279 0.207998 0.778034 0.201457
1 12 300 0.619832 0.21676 -0.754204 0.942924 -0.232293 0.968702 0.0875015 -0.112976 0.749565 0.12096 0.650784 0.313259
1 13 215 0.706147 0.609309 0.360692 -0.97611 -0.633255 0.771353 -0.0632692 0.216825 -0.316771 -0.183733 0.930536 0.0139938
1 14 188 0.669507 0.642772 0.372296 0.124729 0.476697 -0.756174 0.448288 -0.348985 0.569667 -0.12266 -0.812671 0.92879
1 15 221 -0.73878 -0.168285 -0.652598 0.27503 -0.426062 0.866892 0.258784 -0.112856 0.522183 0.469231 -0.712143 0.954789
1 16 178 -0.609417 0.308494 -0.730372 0.558971 -0.201853 0.830474 0.5192 -0.330645 0.766724 0.463837 -0.443834 0.760411
1 17 284 0.44067 0.257353 -0.859988 0.988153 -0.260818 0.953401 0.15166 -0.0365104 0.858943 0.157468 0.487258 0.149067
1 18 253 0.182419 0.350857 -0.918489 0.900414 -0.310426 0.906935 0.28479 -0.262496 0.93293 0.233172 0.274358 0.346915
1 19 169 -0.881246 -0.0808145 0.465697 -0.132261 0.0548596 0.961127 0.2706 -0.193486 -0.469463 0.264014 -0.842557 0.972147
1 20 88 -0.0301551 0.998549 0.0446255 0.243102 -0.992745 -0.0247213 -0.117668 -0.20652 -0.116394 -0.04785 0.99205 0.947761
1 21 89 -0.46169 0.885472 -0.0527405 0.295767 -0.793095 -0.438691 -0.422553 0.308646 -0.397296 -0.15326 0.904803 -0.904024
1 22 84 0.28388 -0.892538 -0.350411 0.344395 0.941947 0.32792 -0.0721467 0.131029 0.1793 -0.309587 0.933813 -0.929636
1 23 254 -0.476562 0.552828 -0.683572 0.351074 0.0979835 0.806101 0.58361 -0.239079 0.873663 0.211148 -0.438325 0.905311
1 24 94 -0.169986 0.961716 -0.214958 -0.421037 -0.945667 -0.220547 -0.238901 -0.295364 -0.277163 0.162669 0.946953 0.857606
1 25 75 0.834245 0.512951 0.202281 0.245852 -0.516813 0.85528 -0.0374158 0.0607455 -0.192199 -0.0733272 0.978613 -0.967402
1 26 92 -0.827338 0.0396833 -0.5603 -0.156131 0.173736 -0.930509 -0.322442 -0.0726161 -0.53416 -0.364113 0.762952 0.985063
1 27 145 -0.950101 0.22485 -0.216217 -0.081771 0.0707949 0.830472 0.552544 -0.292597 0.303802 0.509666 -0.80495 0.952733
1 28 58 -0.0420405 0.999101 0.00554019 -0.0880548 -0.998858 -0.0421549 0.0224782 -0.0879874 0.0226915 -0.00458887 0.999732 -0.992222
1 29 130 -0.598356 -0.507865 -0.619713 0.248625 -0.717989 0.683154 0.133389 -0.150827 0.355616 0.524761 -0.773411 0.956785
1 30 117 0.557782 -0.801303 0.216317 -0.276789 -0.829987 -0.538138 0.146729 -0.313188 -0.00116544 -0.261383 -0.965234 0.908461
1 31 57 0.950416 0.309615 -0.0291235 0.360158 -0.30973 0.950824 0.000595537 0.0777218 0.0278757 0.0084544 0.999576 -0.929648
1 32 58 0.463797 -0.885037 -0.0400371 0.303055 0.844092 0.455162 -0.283435 0.225681 0.269074 0.0976614 0.958155 -0.925865
1 33 63 -0.553999 -0.761357 -0.336781 -0.179964 0.813293 -0.581377 -0.0235407 0.0406748 -0.177874 -0.286943 0.941289 -0.982832
1 34 92 0.407011 -0.899151 -0.160841 0.0680643 0.815971 0.278767 0.506438 -0.298824 -0.410527 -0.337367 0.847143 -0.951878
1 35 64 -0.0694583 0.953697 0.292639 -0.402747 -0.974236 -0.127944 0.185726 0.0135657 0.214567 -0.272199 0.938013 -0.915211
1 36 189 -0.58965 0.562579 -0.579498 0.413769 0.28832 0.816849 0.49963 -0.0706302 0.754443 0.127525 -0.643858 0.907638
1 37 109 0.983647 -0.117406 0.136584 -0.0424015 0.121125 0.992451 -0.019212 0.354147 -0.133298 0.0354415 0.990442 -0.934228
1 38 113 0.738774 0.312809 0.596962 -0.0114915 -0.496843 0.851265 0.168807 0.280527 -0.455369 -0.421306 0.784309 0.959777
1 39 177 0.194923 -0.974522 0.110962 -0.0121541 -0.922365 -0.143657 0.358617 -0.33232 -0.333539 -0.17225 -0.926866 0.943088
1 40 150 -0.151857 0.968204 -0.198799 0.305231 0.8954 0.219932 0.387155 0.0312537 0.418567 -0.119213 -0.900328 0.951765
1 41 220 0.474123 -0.880423 0.00794939 0.205475 -0.41593 -0.231925 -0.879326 0.238354 0.776022 0.413602 -0.476155 0.949193
1 42 249 -0.211965 -0.456093 -0.864321 0.600107 -0.124549 0.889813 -0.439 0.283093 0.969308 0.0145972 -0.245415 0.748151
1 43 72 -0.964984 -0.0332644 0.260191 0.146143 -0.024014 -0.976558 -0.213911 0.031951 0.261207 -0.212669 0.941564 0.988747
1 44 195 -0.226047 -0.972666 0.0531384 -0.124585 -0.883512 0.181743 -0.431713 0.117731 0.410255 -0.144536 -0.900445 0.9852
1 45 76 -0.853251 0.422101 -0.306256 0.169065 -0.270127 -0.860066 -0.432802 0.0439049 -0.446087 -0.286561 0.847873 -0.984626
1 46 98 0.44512 0.894983 -0.0295565 0.419493 -0.867696 0.422921 -0.261232 -0.0825819 -0.221298 0.141926 0.964823 -0.903995
1 47 222 -0.738611 -0.629925 -0.2401 0.24165 -0.507939 0.754198 -0.416153 0.332104 0.443228 -0.185419 -0.877023 0.911763
1 48 155 -0.674707 -0.373747 -0.636462 0.218333 -0.486787 0.873515 0.00308706 0.0892414 0.554806 0.311905 -0.771302 0.971785
1 49 83 0.0741241 0.95767 -0.278162 0.249644 -0.996003 0.0571554 -0.0686359 0.231178 -0.049832 0.282138 0.958079 0.940337
1 50 59 -0.734305 0.615087 0.287165 -0.272259 -0.677863 -0.686875 -0.262116 -0.0629951 0.0360217 -0.387132 0.921321 -0.96016
1 51 54 0.544499 -0.804211 0.238254 -0.176128 0.752193 0.593869 0.285526 -0.109708 -0.371115 0.0237441 0.928283 -0.978235
1 52 127 0.397347 -0.729915 -0.556184 0.322079 -0.831974 -0.542276 0.117287 0.0600226 -0.387214 0.416127 -0.822741 0.944808
1 53 146 0.0520224 -0.970365 -0.235977 0.00324022 -0.907177 0.0528731 -0.417413 0.0348464 0.41752 0.235788 -0.877543 0.999387
1 54 74 0.811539 -0.539102 -0.22533 0.302507 0.584252 0.743825 0.324614 0.144667 -0.00739371 -0.395086 0.918614 0.942104
1 55 93 -0.886982 -0.452989 0.0897947 -0.438387 0.449574 -0.891464 -0.0563486 -0.0639648 0.105574 -0.0096109 0.994365 -0.896507
1 56 68 0.48142 -0.823914 0.298999 -0.298184 0.842109 0.529398 0.102911 0.2494 -0.243079 0.202246 0.948688 -0.92135
1 57 139 -0.770588 0.0689338 0.633594 -0.611572 0.21948 0.962028 0.162269 -0.0181121 -0.59835 0.264104 -0.756457 0.790982
1 58 62 0.710854 -0.265464 0.651319 -0.424932 0.179106 0.963831 0.19736 0.21231 -0.680153 -0.0236392 0.732689 -0.879976
1 59 191 -0.135605 0.985288 -0.104013 0.24308 0.587505 0.164501 0.792324 -0.40529 0.797777 0.0463345 -0.601169 0.881279
1 60 142 0.633774 0.244406 -0.733891 0.284656 0.0768614 -0.963973 -0.254654 -0.0936557 -0.76969 0.104985 -0.629726 0.954044
1 61 57 0.973859 0.0820183 0.211828 0.138972 -0.141796 0.948035 0.28482 0.0130965 -0.17746 -0.307411 0.934883 -0.99021
1 62 74 0.978783 0.193281 0.0680191 0.177687 -0.183556 0.974624 -0.128123 0.216494 -0.0910568 0.11292 0.989423 -0.959978
1 63 150 0.664141 0.669769 0.332154 0.126678 0.747403 -0.584451 -0.315919 0.344055 -0.0174654 0.458068 -0.888746 0.930365
1 64 64 0.765989 0.637017 0.0864355 0.298655 -0.617886 0.766661 -0.17449 0.152391 -0.17742 0.0802498 0.980858 -0.942116
1 65 193 0.395433 -0.901112 -0.177848 0.13787 -0.748387 -0.203844 -0.631161 0.325155 0.532494 0.38268 -0.754988 0.935557
1 66 199 0.711611 0.151425 0.686061 -0.189709 -0.0593701 -0.960044 0.273479 -0.222903 0.700061 -0.235342 -0.674188 0.956203
1 67 191 -0.67946 0.465613 -0.567044 0.352445 0.103242 0.825825 0.554395 -0.320678 0.726412 0.318147 -0.609186 0.879175
2 3 992 0.99739 0.0121305 -0.0711823 0.959521 -0.00961696 0.999322 0.0355483 0.138977 0.0715652 -0.0347709 0.99683 -0.244957
2 4 406 0.992397 0.0628136 -0.105845 0.987158 -0.0579437 0.997142 0.0484762 0.0563312 0.108588 -0.0419746 0.9932 -0.149487
2 5 405 0.98575 0.0717351 -0.152156 0.975793 -0.0668243 0.997073 0.0371534 0.0656799 0.154375 -0.0264563 0.987658 -0.208601
2 6 324 0.950177 0.117774 -0.288604 0.998724 -0.0994428 0.992026 0.0774303 0.00653218 0.295422 -0.0448729 0.954313 -0.0500849
2 7 293 0.874285 0.155987 -0.459667 0.996584 -0.157492 0.986887 0.0353502 0.0678489 0.459153 0.0414875 0.887388 0.0470809
2 8 264 0.900871 0.217617 -0.375599 0.991503 -0.214054 0.97545 0.0517573 -0.130033 0.377642 0.0337719 0.925336 -0.00361864
2 9 258 0.82325 0.105167 -0.557852 0.964853 -0.165343 0.984505 -0.0584054 0.174789 0.543066 0.140319 0.827883 0.196235
2 10 265 0.844839 0.170694 -0.507061 0.964348 -0.151676 0.985271 0.078961 -0.102024 0.513071 0.0101995 0.858286 0.24418
2 11 281 0.776024 0.198099 -0.598786 0.967976 -0.209236 0.976488 0.0518874 -0.0714689 0.594986 0.0850214 0.799227 0.240655
2 12 294 0.63908 0.270781 -0.719899 0.935296 -0.232389 0.960213 0.154873 -0.178578 0.733193 0.0683206 0.67658 0.305503
2 13 282 0.577155 0.180942 -0.796336 0.922802 -0.165784 0.9808 0.102701 -0.103072 0.799629 0.0727459 0.596071 0.37123
2 14 132 0.0696054 0.991632 -0.108726 0.307302 -0.977876 0.089377 0.189133 -0.433902 0.197268 0.0931561 0.975914 -0.846933
2 15 273 -0.202538 -0.282895 0.937523 -0.579617 0.240069 0.913807 0.327602 -0.237069 -0.949392 0.291422 -0.117166 0.779643
2 16 255 0.620132 0.449046 -0.643269 0.967399 -0.428242 0.880794 0.202016 -0.167635 0.657302 0.150198 0.738509 0.189837
2 17 184 -0.639014 -0.202635 -0.742024 0.426236 -0.431407 0.893083 0.127632 0.0718724 0.636827 0.401673 -0.658111 0.901752
2 18 219 -0.66182 0.222992 -0.715729 0.435786 -0.258388 0.828379 0.497015 -0.265181 0.703726 0.51387 -0.49062 0.860099
2 19 204 0.303037 -0.215909 0.928198 -0.422304 -0.609645 -0.792538 0.014683 -0.176722 0.732462 -0.570321 -0.371797 0.889061
2 20 145 0.0723291 -0.684589 -0.725332 0.238538 0.847874 0.425181 -0.316749 -0.182652 0.525241 -0.59208 0.611198 0.953802
2 21 92 0.863564 -0.495342 -0.0943035 0.267089 0.501398 0.823725 0.264721 0.193476 -0.0534476 -0.275888 0.959703 -0.94405
2 22 95 -0.620429 -0.776635 -0.109114 -0.39918 0.783201 -0.606326 -0.13771 0.235159 0.0407912 -0.170898 0.984444 -0.886203
2 23 82 0.832375 0.425773 0.35478 -0.360655 -0.442592 0.895965 -0.0368538 0.237968 -0.333562 -0.126346 0.934223 -0.901831
2 24 121 -0.647957 -0.303235 -0.698714 0.142909 0.515508 -0.849897 -0.109213 -0.172367 -0.560717 -0.430957 0.707016 0.974611
2 25 67 -0.976493 0.201729 0.0759386 0.0628458 -0.199526 -0.979245 0.0356313 -0.0453549 0.0815503 0.019642 0.996476 -0.996992
2 26 199 0.0860074 0.749955 0.655874 -0.446517 0.757531 -0.476811 0.445868 -0.248545 0.647109 0.458497 -0.609123 0.859563
2 27 102 -0.0588897 -0.912469 -0.404885 -0.114293 0.946858 0.0774199 -0.312196 0.00842829 0.316216 -0.401753 0.85942 0.993411
2 28 136 0.41736 -0.869772 -0.263264 -0.0107065 0.837935 0.256225 0.481885 -0.313682 -0.351675 -0.421718 0.83575 0.949468
2 29 106 0.837682 -0.52843 0.138023 -0.00707916 -0.546132 -0.812934 0.202186 -0.367666 0.00536285 -0.244746 -0.969572 0.929931
2 30 151 -0.00294897 0.981794 -0.189924 0.035414 0.991838 0.0270812 0.124594 -0.326918 0.127469 -0.188006 -0.973861 0.944389
2 31 119 0.804517 -0.58334 0.111656 -0.141839 -0.564866 -0.809594 -0.159635 -0.196879 0.183517 0.0653582 -0.980841 0.970113
2 32 54 0.764584 0.578235 -0.284703 0.395071 -0.599023 0.800547 0.0172132 0.2991 0.237871 0.157383 0.958461 -0.868595
2 33 107 0.799462 -0.520112 0.300573 -0.450865 0.492194 0.853997 0.168624 -0.185363 -0.344392 0.0131318 0.938734 -0.873133
2 34 82 0.255008 -0.952411 0.166985 -0.354411 0.933685 0.287439 0.213568 0.317309 -0.251403 0.10145 0.962551 -0.879607
2 35 179 -0.130381 0.204526 -0.970139 0.429784 0.188173 0.965811 0.178324 0.00996961 0.973443 -0.159304 -0.164409 0.902877
2 36 61 -0.546923 0.785465 0.289689 -0.360172 -0.835974 -0.530986 -0.138568 -0.00565958 0.0449804 -0.317958 0.947037 -0.932869
2 37 149 0.997357 0.0228803 0.0689561 0.673075 -0.0285845 0.996147 0.0829045 -0.0300648 -0.0667936 -0.0846565 0.994169 -0.738963
2 38 244 0.994668 -0.0926638 0.0452663 0.0164911 -0.0228194 -0.625805 -0.779646 0.356145 0.100573 0.774456 -0.624583 0.934285
2 39 217 -0.175914 0.216561 0.960289 -0.651274 -0.401601 0.874844 -0.270861 0.193999 -0.898761 -0.433301 -0.0669264 0.733626
2 40 186 0.228 -0.957587 0.176189 -0.242111 0.603318 -0.00308416 -0.797495 0.958383 0.764214 0.288127 0.577027 -0.151276
2 41 47 -0.320104 -0.799343 -0.508512 0.184097 0.906298 -0.414724 0.0814084 0.0594626 -0.275965 -0.434804 0.857198 -0.981108
2 42 52 0.147374 0.975129 -0.16554 -0.0724887 -0.863124 0.0450603 -0.502977 0.42084 -0.483008 0.217008 0.848299 -0.904234
2 43 63 0.915479 -0.0820885 0.393903 -0.389232 -0.0485453 0.949283 0.310654 -0.0326004 -0.399426 -0.303519 0.865063 -0.920563
2 44 132 -0.206318 0.976738 0.058442 0.0960155 -0.9671 -0.194468 -0.164012 -0.356811 -0.148831 -0.0903577 0.984726 -0.929229
2 45 132 -0.341333 -0.764611 -0.546683 0.293921 -0.716576 0.588071 -0.375088 0.307793 0.608285 0.26371 -0.74863 0.904917
2 46 154 0.276189 0.909986 0.309265 -0.0864021 0.937903 -0.184912 -0.293506 0.228063 -0.2099 0.371123 -0.904549 0.969805
2 47 181 0.52672 0.769504 -0.361151 0.24165 0.469542 -0.617547 -0.631004 0.332104 -0.708588 0.162787 -0.686589 0.911763
2 48 71 0.914165 -0.38494 -0.126977 -0.257039 0.40376 0.892411 0.201445 -0.264694 0.0357714 -0.235422 0.971235 -0.929445
2 49 52 0.525872 0.500136 0.687984 -0.249644 -0.721265 0.690922 0.0490389 -0.231178 -0.450817 -0.522007 0.724067 -0.940337
2 50 184 -0.987866 0.0293262 -0.152514 0.264014 0.11065 0.821988 -0.558653 0.217289 0.108981 -0.56875 -0.815259 0.939724
2 51 142 -0.745329 -0.565536 0.353063 -0.376694 -0.660615 0.697839 -0.276782 -0.0636409 -0.089851 -0.439532 -0.893721 0.924149
2 52 177 -0.947176 0.207042 -0.244931 0.266387 0.309899 0.787496 -0.53274 0.20133 0.0825826 -0.580503 -0.81006 0.942605
2 53 85 0.579134 0.754244 0.309386 0.196483 -0.710921 0.652989 -0.261145 0.0892149 -0.398993 -0.0687109 0.914376 -0.97644
2 54 186 -0.540671 -0.573202 -0.615722 0.222599 -0.489877 0.809555 -0.323484 0.245006 0.683883 0.126729 -0.718501 0.943622
2 55 141 0.970794 -0.00479797 0.239865 0.150898 0.124574 -0.844372 -0.521073 0.264607 0.205036 0.535735 -0.819114 0.952477
2 56 162 -0.289013 -0.749733 -0.595292 0.19081 -0.680011 0.598465 -0.423585 0.286565 0.673837 0.282383 -0.682791 0.938868
2 57 108 -0.114705 0.990135 0.0804649 0.3883 -0.898228 -0.0687789 -0.434116 0.109162 -0.424299 -0.122071 0.897256 -0.915045
2 58 178 -0.607429 0.623438 -0.492295 0.392619 0.291436 0.751411 0.591985 -0.173602 0.738982 0.216116 -0.638121 0.903168
2 59 76 0.475299 -0.849689 0.228299 -0.252046 0.79894 0.525497 0.292484 0.296574 -0.368491 0.0433801 0.928618 -0.921149
2 60 70 -0.83927 0.169013 -0.516778 0.422964 -0.0363091 -0.96576 -0.256886 0.064888 -0.542501 -0.196833 0.81667 -0.90382
2 61 141 0.313194 -0.926367 0.209175 -0.267882 -0.869573 -0.368274 -0.328964 -0.123339 0.381775 -0.0788634 -0.920885 0.955524
2 62 66 0.968928 0.0222998 0.246335 -0.181456 -0.0363394 0.997955 0.0525951 -0.219418 -0.244658 -0.0599126 0.967757 0.958608
2 63 61 0.800552 0.507456 0.318755 -0.264205 -0.513331 0.855151 -0.0721649 -0.0542902 -0.309204 -0.105855 0.945086 -0.962937
2 64 61 -0.891039 -0.453841 0.00888174 -0.25752 0.452145 -0.885638 0.10588 -0.136086 -0.0401868 0.0983593 0.994339 0.956642
2 65 60 0.79408 -0.512264 0.327144 -0.265525 0.514323 0.853125 0.0874591 -0.0481825 -0.323897 0.0988081 0.940919 -0.962899
2 66 133 0.57124 -0.759141 0.312074 -0.176553 -0.811481 -0.579433 0.0758754 -0.230532 0.123226 -0.296585 -0.947023 0.956914
2 67 142 -0.899261 -0.417624 -0.130074 -0.165506 -0.432983 0.892097 0.129185 -0.214594 0.0620876 0.172491 -0.983052 0.962578
3 4 939 0.995955 0.0543165 -0.0715754 0.977296 -0.0539968 0.998521 0.00639536 0.00946108 0.0718169 -0.00250465 0.997415 0.211666
3 5 784 0.989261 0.0579105 -0.134198 0.99392 -0.0589087 0.998257 -0.0034757 0.0317454 0.133763 0.0113438 0.990948 -0.105431
3 6 535 0.983264 0.0920096 -0.157246 0.985141 -0.0899933 0.995743 0.0199102 0.0622967 0.158409 -0.00542589 0.987359 -0.16005
3 7 196 0.998913 0.00686234 0.0460973 0.189879 -0.00704255 0.999968 0.00374812 0.234933 -0.0460701 -0.00406869 0.99893 -0.953285
3 8 292 0.801173 0.109652 -0.588301 0.974775 -0.143352 0.989613 -0.0107711 -0.0619857 0.581009 0.0929639 0.80857 0.214408
3 9 129 0.997161 0.0343815 0.0669855 -0.409051 -0.0342495 0.999408 -0.00311838 0.216217 -0.0670531 0.000815306 0.997749 -0.886526
3 10 261 0.906431 0.133583 -0.400672 0.982926 -0.155678 0.987541 -0.0229431 0.00518447 0.392616 0.0831724 0.915934 0.183926
3 11 257 0.814519 0.161676 -0.557154 0.969521 -0.212218 0.976855 -0.0267814 -0.0160828 0.539928 0.140052 0.829978 0.244478
3 12 259 0.95728 0.143001 -0.251326 0.98361 -0.160283 0.985825 -0.0495819 0.0719218 0.240673 0.087747 0.966632 -0.165341
3 13 246 0.894316 0.341542 -0.289047 0.950193 -0.355962 0.934496 0.00286086 -0.130171 0.27109 0.100331 0.957311 -0.283175
3 14 232 0.861231 0.196248 -0.468795 0.992841 -0.235282 0.971592 -0.0255103 -0.061031 0.450471 0.132269 0.882939 0.102674
3 15 295 -0.20282 0.220405 -0.954089 0.658613 -0.330338 0.901823 0.278555 -0.217348 0.921814 0.371668 -0.1101 0.720409
3 16 283 0.704329 0.192921 -0.683156 0.970695 -0.208414 0.97615 0.0607885 -0.0468682 0.67859 0.0995642 0.727738 0.235699
3 17 277 -0.532276 0.165714 -0.830193 0.526432 -0.221978 0.919023 0.325765 -0.179238 0.81695 0.357682 -0.452389 0.831109
3 18 209 0.704974 0.27923 -0.651952 0.695452 -0.291821 0.952019 0.0921946 -0.22417 0.646415 0.125258 0.752634 0.682711
3 19 157 0.937162 -0.335964 0.0941043 0.0671035 -0.347286 -0.924139 0.159246 -0.304995 0.0334647 -0.18192 -0.982744 0.949987
3 20 190 -0.677387 -0.24265 -0.694455 0.217734 -0.524659 0.821076 0.22487 -0.203397 0.515636 0.516676 -0.683495 0.954579
3 21 147 -0.852601 0.220471 0.473777 -0.311144 0.399949 0.858828 0.320087 -0.12389 -0.336323 0.462393 -0.820415 0.942253
3 22 179 0.559914 0.818207 -0.130512 0.246082 0.796018 -0.487507 0.358737 -0.22078 0.229896 -0.304752 -0.92427 0.943769
3 23 82 0.982428 -0.097335 0.159254 -0.387672 0.121645 0.981051 -0.150805 -0.343312 -0.141558 0.167528 0.975652 0.855481
3 24 219 0.473534 -0.746802 0.466961 -0.415236 -0.756189 -0.0728771 0.650282 -0.333198 -0.451601 -0.661042 -0.599233 0.846498
3 25 235 -0.08532 0.554539 -0.827772 0.522013 0.386942 -0.747149 -0.540411 0.100747 -0.918149 -0.366407 -0.150827 0.846966
3 26 108 -0.311475 0.945102 -0.098824 -0.445605 -0.94974 -0.306198 0.0650868 -0.245264 0.0312539 0.11413 0.992974 0.860977
3 27 127 0.635917 -0.768301 -0.0729632 -0.420573 0.753113 0.597119 0.27617 -0.31795 -0.168614 -0.23057 0.958335 0.849721
3 28 225 0.241383 0.963192 0.118305 -0.00570643 0.326914 -0.195493 0.924613 -0.314895 0.913708 -0.18451 -0.362069 0.949109
3 29 62 0.469564 -0.881462 -0.0503481 -0.0279781 0.879053 0.461441 0.119744 -0.354917 -0.0823175 -0.100486 0.991527 0.934479
3 30 129 0.19269 -0.970989 -0.141604 -0.0474645 -0.924668 -0.131378 -0.357391 -0.0319068 0.328419 0.199803 -0.923158 0.998363
3 31 77 -0.994461 -0.101255 -0.0282026 -0.428358 0.104741 -0.977072 -0.185363 -0.0490311 -0.00878711 -0.187291 0.982265 0.902278
3 32 48 0.993624 0.0956599 0.0596761 0.181177 -0.106969 0.967099 0.23082 -0.00598049 -0.0356325 -0.235731 0.971165 -0.983432
3 33 199 0.220711 0.725747 0.651596 -0.362623 0.542954 -0.646408 0.536058 -0.328266 0.810239 0.235473 -0.536717 0.872208
3 34 143 -0.0800355 -0.794907 -0.60143 0.389699 -0.995811 0.0905203 0.0128778 0.00512118 0.0442049 0.599941 -0.798822 0.920928
3 35 143 -0.685048 -0.255441 -0.682246 0.256447 -0.451561 0.883789 0.122515 -0.0281226 0.571666 0.392004 -0.720785 0.966149
3 36 246 -0.614578 -0.580668 -0.533965 0.249744 -0.194781 0.767627 -0.61058 0.329409 0.764431 -0.271243 -0.58487 0.910559
3 37 175 0.899584 0.0314874 0.435612 -0.887778 -0.105222 0.983644 0.146194 -0.237955 -0.423884 -0.17735 0.888183 0.39399
3 38 97 0.984486 -0.0147047 0.174847 0.275865 0.0153695 0.999879 -0.00244858 0.382617 -0.17479 0.00509792 0.984592 0.881761
3 39 157 -0.282235 -0.959246 0.0138001 -0.0757351 -0.903629 0.270647 0.331971 -0.164517 -0.322177 0.0812237 -0.943189 0.983462
3 40 142 0.95132 -0.191321 0.241632 -0.0258195 -0.0817501 -0.912557 -0.400694 0.195281 0.297164 0.361435 -0.883775 0.980407
3 41 56 -0.993142 0.09073 -0.0737307 0.22584 -0.0848677 -0.993248 -0.0790933 -0.00252697 -0.080409 -0.0722936 0.994137 -0.974161
3 42 68 0.993784 0.0264838 0.108125 -0.260871 -0.0253997 0.999612 -0.0113917 0.160988 -0.108385 0.00857455 0.994072 -0.951856
3 43 140 0.871824 0.182403 -0.454589 0.0930746 0.0544973 -0.958436 -0.280054 0.0156861 -0.486778 0.219384 -0.845528 0.995536
3 44 64 0.17808 -0.967149 -0.181414 0.130425 0.960745 0.131031 0.24454 0.151499 -0.212736 -0.217841 0.952517 -0.979815
3 45 67 -0.247415 -0.945155 -0.21323 0.301381 0.923254 -0.296736 0.244028 -0.0423241 -0.293917 -0.13649 0.946036 -0.952564
3 46 174 -0.386167 0.753288 0.532383 -0.312132 0.907023 0.20505 0.367783 -0.136286 0.167881 0.624909 -0.762433 0.940213
3 47 88 0.963762 -0.105628 0.244961 -0.24165 0.0540406 0.976535 0.208469 -0.332104 -0.261233 -0.187677 0.946855 -0.911763
3 48 136 -0.223657 0.968513 -0.109359 0.246089 0.921831 0.173756 -0.346462 0.108728 -0.316551 -0.1783 -0.931668 0.963129
3 49 116 -0.256774 0.966448 -0.00676808 0.249644 0.870286 0.228168 -0.436511 0.231178 -0.420321 -0.117975 -0.899674 0.940337
3 50 52 -0.836802 -0.106421 -0.537063 0.249854 0.213878 -0.966525 -0.141724 0.0461948 -0.504003 -0.233461 0.831551 -0.967181
3 51 47 -0.215646 -0.972195 0.091293 0.341812 0.911747 -0.166999 0.375272 -0.0836221 -0.349591 0.164162 0.922408 0.936041
3 52 172 -0.710084 -0.638732 -0.296315 -0.0473728 -0.456784 0.738137 -0.49649 0.302186 0.535845 -0.217197 -0.815902 0.952071
3 53 169 0.710009 -0.610207 -0.351475 0.319978 -0.679889 -0.724008 -0.11646 -0.110889 -0.183406 0.321652 -0.928925 0.940913
3 54 63 0.9927 -0.119707 -0.014732 -0.0512061 0.120404 0.990722 0.0630362 0.281953 0.00704947 -0.0643498 0.997903 0.958061
3 55 94 -0.619273 0.763492 -0.183251 0.113928 -0.716324 -0.644939 -0.266332 -0.308025 -0.321528 -0.0336649 0.946301 -0.944532
3 56 148 -0.104157 0.878194 0.466825 -0.208465 0.933962 -0.0749713 0.349421 0.0833318 0.341858 0.472392 -0.812391 0.974473
3 57 135 -0.954634 0.256445 0.151361 -0.165774 0.22932 0.957362 -0.175701 0.321219 -0.189965 -0.13302 -0.972738 0.932383
3 58 55 0.000658767 -0.874155 -0.485647 0.224255 0.983103 -0.0883321 0.16033 -0.331803 -0.183051 -0.477547 0.859326 -0.916306
3 59 141 0.653397 -0.752666 -0.0810367 0.124647 -0.717888 -0.582095 -0.381841 0.0821183 0.240228 0.307669 -0.920669 0.988797
3 60 70 -0.867739 -0.330825 -0.370923 0.279304 0.379838 -0.922722 -0.065624 0.149809 -0.320549 -0.197835 0.926342 -0.948444
3 61 135 -0.562534 -0.328616 0.758661 -0.267882 -0.0513376 -0.901962 -0.428754 -0.123339 0.825178 -0.280137 0.490514 0.955524
3 62 41 0.993059 0.116379 0.0170333 0.191088 -0.117283 0.990717 0.0687386 0.123045 -0.00887551 -0.0702592 0.997489 -0.97383
3 63 73 0.988653 0.0813614 0.126273 0.264205 -0.0581856 0.982411 -0.177433 0.0542902 -0.138488 0.168072 0.975998 0.962937
3 64 169 0.141158 -0.202884 0.968975 -0.579853 -0.0331887 -0.979195 -0.200189 -0.101674 0.989431 -0.00390081 -0.144954 0.808352
3 65 48 0.384444 0.854881 0.348399 -0.13787 -0.923022 0.362212 0.129742 -0.325155 -0.0152808 -0.371458 0.928324 -0.935557
3 66 48 -0.941231 0.337629 -0.00955123 -0.279109 -0.330661 -0.926838 -0.177861 -0.0575972 -0.0689036 -0.16425 0.984009 -0.958531
3 67 138 -0.826675 -0.466984 0.313901 -0.268842 -0.386679 0.876751 0.285985 -0.142395 -0.408763 0.115037 -0.905361 0.9526
4 5 1204 0.998589 0.00404209 -0.052959 0.944164 -0.00456679 0.999942 -0.0097903 0.0438959 0.0529163 0.0100183 0.998549 -0.32654
4 6 861 0.994128 0.0429242 -0.0993293 0.956276 -0.0417146 0.999028 0.0142237 0.06057 0.0998433 -0.00999674 0.994953 -0.286124
4 7 581 0.982034 0.052915 -0.181133 0.964767 -0.0539142 0.998545 -0.000593902 0.0659995 0.180839 0.0103489 0.983458 -0.254692
4 8 270 0.962344 0.152284 -0.225176 0.975944 -0.167849 0.984464 -0.0515592 -0.0387734 0.213826 0.0874133 0.972953 -0.214547
4 9 268 0.945017 0.0636066 -0.320776 0.996238 -0.06872 0.997625 -0.00463248 -0.010581 0.31972 0.0264215 0.947144 0.0860056
4 10 146 0.999629 0.00154932 -0.0271752 0.407523 -0.00244596 0.999453 -0.032993 0.250761 0.0271092 0.0330472 0.999086 -0.878091
4 11 294 0.900051 0.107044 -0.422433 0.987352 -0.135111 0.99014 -0.0369719 -0.024891 0.414311 0.0903521 0.90564 0.156574
4 12 239 0.980362 0.0936985 -0.173524 0.999646 -0.10553 0.99259 -0.0602442 0.0263517 0.166594 0.0773732 0.982985 -0.00375162
4 13 96 0.998465 -5.94261e-05 0.0553873 0.127466 0.00344791 0.998127 -0.0610845 0.311755 -0.0552799 0.0611817 0.996595 -0.941574
4 14 102 0.937077 -0.337834 0.0880637 -0.343917 0.347992 0.924127 -0.157768 -0.194862 -0.0280828 0.178486 0.983542 0.918559
4 15 310 0.138489 0.198786 -0.970209 0.807664 -0.297824 0.942662 0.15063 -0.147297 0.944522 0.26809 0.189751 0.570949
4 16 192 0.790613 0.198622 -0.579207 0.876971 -0.207364 0.976884 0.0519422 -0.129743 0.576134 0.0790405 0.813524 -0.462698
4 17 215 0.735447 0.199441 -0.647565 0.773183 -0.180783 0.978813 0.0961435 -0.216498 0.65302 0.0463601 0.755921 -0.596084
4 18 115 0.733629 0.22094 -0.64263 -0.0847089 -0.23291 0.970142 0.0676498 0.286493 0.638389 0.100045 0.763184 -0.95433
4 19 274 -0.187276 0.298675 -0.9358 0.651479 -0.325099 0.880124 0.345966 -0.24803 0.926951 0.369019 -0.0677271 0.716977
4 20 80 0.965837 0.188102 0.178257 0.275868 -0.196099 0.980179 0.0281958 0.0915036 -0.16942 -0.0621887 0.98358 -0.95683
4 21 131 -0.883414 0.174034 -0.435076 0.277736 -0.0464155 0.891409 0.450817 -0.250988 0.466288 0.418453 -0.779405 0.92729
4 22 147 -0.88554 0.114044 -0.450347 0.286578 0.0377082 0.983847 0.174997 -0.174414 0.46303 0.137985 -0.875536 0.942047
4 23 110 -0.970716 -0.18656 -0.151347 -0.382828 0.182643 -0.982385 0.0395026 -0.344359 -0.156051 0.0107033 0.987691 0.85724
4 24 196 0.446446 -0.548801 0.706755 -0.420561 -0.812298 0.0827181 0.577347 -0.332923 -0.37531 -0.83185 -0.408861 0.843973
4 25 127 0.150447 -0.82895 -0.538708 0.254012 0.988438 0.136529 0.0659577 -0.234005 0.0188735 -0.542403 0.839906 0.938467
4 26 248 0.164744 -0.253759 0.953135 -0.465655 -0.984719 0.0130111 0.173667 -0.23731 -0.0564709 -0.96718 -0.247738 0.852555
4 27 147 0.610467 -0.139982 0.779574 -0.284577 -0.7873 -0.214783 0.57795 -0.305829 0.0865366 -0.966578 -0.241325 0.908562
4 28 60 0.567794 0.58704 0.577056 -0.35488 -0.589621 0.779214 -0.212539 0.00792799 -0.574419 -0.219566 0.788565 -0.934878
4 29 127 0.858997 0.00718047 -0.511931 0.11409 -0.186832 -0.926551 -0.326492 0.0260914 -0.476674 0.376101 -0.794563 0.993128
4 30 82 0.649204 -0.702451 0.291713 -0.303778 0.749923 0.527057 -0.399783 -0.231914 0.127078 0.478303 0.868952 0.924086
4 31 152 0.513172 0.573925 0.638174 -0.320497 0.309215 -0.817241 0.486317 -0.315526 0.80065 -0.0522314 -0.596851 0.893154
4 32 51 0.926568 -0.261629 -0.270226 0.434454 0.205599 0.953911 -0.218592 0.271989 0.314962 0.146982 0.937654 -0.858645
4 33 154 -0.859385 -0.291558 0.420062 -0.323464 -0.0328214 0.851268 0.523703 -0.326875 -0.510275 0.436275 -0.741137 0.887988
4 34 127 0.573184 0.590104 -0.568539 0.371562 0.78472 -0.59508 0.173479 -0.242107 -0.235955 -0.545579 -0.804157 0.896284
4 35 91 -0.922787 -0.370509 -0.105768 0.417358 0.384671 -0.901672 -0.197523 0.0108779 -0.0221842 -0.222957 0.974576 0.908677
4 36 155 -0.338735 0.754698 -0.561863 0.393201 0.791 0.551788 0.264289 0.00327828 0.509488 -0.35491 -0.783876 0.919447
4 37 139 0.933228 -0.126817 -0.336158 0.437606 0.212792 0.948975 0.232738 0.0337517 0.289491 -0.288729 0.912596 0.898533
4 38 55 -0.997776 -0.0582452 0.0324204 -0.37481 0.0515693 -0.982632 -0.178253 0.064136 0.0422397 -0.176185 0.98345 -0.92488
4 39 204 0.403334 0.14621 -0.903296 0.453939 -0.219575 -0.942846 -0.250655 -0.00787274 -0.888318 0.299439 -0.348178 0.890998
4 40 117 0.827826 0.251882 0.501257 -0.331116 0.238779 -0.966758 0.0914541 -0.299845 0.50763 0.0439813 -0.860452 0.894681
4 41 65 -0.882672 -0.467542 -0.0478977 -0.292071 0.46267 -0.882318 0.0863175 -0.0898544 -0.082618 0.0540292 0.995116 -0.952166
4 42 197 -0.320781 0.878726 0.353468 -0.117333 0.775027 0.0290001 0.631262 -0.278165 0.544456 0.476445 -0.690339 0.95334
4 43 202 0.570249 -0.770972 0.283581 -0.179504 -0.477251 -0.591907 -0.649522 0.270083 0.668616 0.23505 -0.705481 0.945956
4 44 56 -0.200728 -0.869593 -0.451128 -0.131804 0.961792 -0.262451 0.0779524 -0.255892 -0.186186 -0.418244 0.889048 0.957678
4 45 150 -0.0506424 -0.766577 0.640152 -0.237835 -0.997962 0.0139324 -0.0622648 0.0520351 0.0388119 -0.642001 -0.765721 0.969911
4 46 65 0.929249 -0.255773 0.266603 0.0864021 0.146273 0.917345 0.370246 -0.228063 -0.339266 -0.305054 0.889855 -0.969805
4 47 185 -0.461677 0.871499 -0.165359 0.241674 0.727634 0.265449 -0.632523 0.332353 -0.507349 -0.412342 -0.756684 0.911666
4 48 51 -0.362291 0.926386 -0.102736 -0.233278 -0.920253 -0.338028 0.197157 -0.244802 0.147916 0.165971 0.974974 -0.941092
4 49 41 0.309126 0.94262 0.126133 -0.120687 -0.909132 0.331828 -0.251734 0.188314 -0.279143 -0.0368538 0.959542 0.974665
4 50 77 0.202822 0.97 0.13403 -0.310183 -0.978629 0.205528 -0.00652849 0.178578 -0.0338796 -0.129842 0.990956 -0.933754
4 51 175 0.717933 -0.273086 0.640309 -0.266198 -0.272145 -0.956738 -0.102903 -0.149695 0.64071 -0.100379 -0.761193 0.952224
4 52 80 -0.980381 0.106049 0.166152 0.0482075 -0.0941658 -0.992507 0.0778567 -0.300984 0.173164 0.0606834 0.983022 -0.95241
4 53 59 -0.972782 -0.204474 0.109023 -0.0476258 0.199353 -0.978322 -0.0560815 0.208004 0.118126 -0.0328212 0.992456 0.976968
4 54 107 -0.519656 -0.523161 -0.675471 0.246483 -0.628889 0.769375 -0.112072 0.0561348 0.578322 0.366557 -0.728821 0.96752
4 55 143 0.35579 0.663471 0.658194 -0.418932 0.675688 -0.669169 0.309287 -0.229416 0.645646 0.334693 -0.686383 0.878558
4 56 61 -0.435956 -0.899748 -0.0198966 0.195408 0.858469 -0.422387 0.290895 -0.257164 -0.270136 0.109737 0.956548 -0.946405
4 57 71 0.466379 -0.877373 -0.11273 0.179977 0.76685 0.337484 0.545935 -0.325529 -0.440944 -0.341059 0.830209 -0.928245
4 58 47 0.948526 0.120709 -0.292794 -0.0654786 -0.0428157 0.964903 0.259092 0.133158 0.313793 -0.233219 0.920404 0.988929
4 59 163 -0.616147 -0.587751 -0.524319 0.125389 -0.39711 0.806706 -0.437641 0.269539 0.680195 -0.0614385 -0.730452 0.954791
4 60 129 0.748123 -0.572412 -0.335644 0.229983 -0.505039 -0.819277 0.271517 -0.356647 -0.430405 -0.033615 -0.90201 0.905489
4 61 43 -0.719008 0.608007 -0.336681 0.30523 -0.503382 -0.789599 -0.350913 0.135044 -0.479201 -0.08283 0.873788 -0.942655
4 62 79 0.693173 -0.71829 0.0597468 -0.168929 0.709889 0.666009 -0.229104 0.456751 0.124771 0.201222 0.971567 -0.873408
4 63 163 -0.419555 -0.810343 0.409045 -0.232595 -0.857112 0.502032 0.115422 -0.089787 -0.298886 -0.302172 -0.905185 0.96842
4 64 111 -0.938252 -0.259772 0.228478 -0.436436 0.113655 -0.855226 -0.505639 -0.0972236 0.326751 -0.448449 0.831942 0.894467
4 65 136 -0.370871 0.252893 0.893588 -0.698655 0.210064 0.960114 -0.184536 0.189024 -0.904615 0.119272 -0.409202 0.690037
4 66 147 -0.675207 -0.0856864 -0.732635 0.342182 -0.220682 0.971204 0.0897951 0.0603494 0.703843 0.22231 -0.674672 0.937694
4 67 146 -0.522838 0.827942 0.202863 -0.188118 0.679541 0.261141 0.685587 -0.223893 0.51465 0.496305 -0.699155 0.956286
