0 1 456 0.998939 0.00879146 -0.0452069 0.983035 -0.0093121 0.999893 -0.0113191 -0.17811 0.0451026 0.011728 0.998914 -0.0438019
0 2 223 0.993274 0.0435245 -0.107295 0.960726 -0.0476994 0.998189 -0.0366549 0.00607754 0.105506 0.0415263 0.993551 -0.277433
0 3 167 0.983563 0.0548547 -0.172032 0.972733 -0.05558 0.998454 0.000601185 0.0438176 0.171799 0.00897022 0.985091 -0.22775
0 4 165 0.964815 0.103783 -0.241582 0.993773 -0.103987 0.994507 0.0119403 0.0332253 0.241494 0.0136012 0.970307 -0.10635
0 5 127 0.94884 0.111257 -0.295507 0.987681 -0.111637 0.993626 0.0156408 -0.0522919 0.295363 0.018149 0.955213 -0.147482
0 6 54 0.995333 0.0949019 0.0174616 0.176294 -0.0942855 0.994989 -0.0332679 0.393453 -0.0205313 0.0314663 0.999294 -0.902283
0 7 37 -0.802413 -0.344898 -0.48701 0.352933 0.502216 -0.831089 -0.238893 0.141995 -0.322355 -0.436275 0.84009 -0.924811
0 8 25 0.947981 0.272501 0.164547 0.264911 -0.282141 0.958623 0.0379149 0.152808 -0.147407 -0.0823682 0.98564 -0.952088
0 9 35 -0.788074 -0.543338 0.289349 0.131224 0.49981 -0.839159 -0.21448 -0.228211 0.359345 -0.0244069 0.932886 0.964728
0 10 33 0.825731 0.145949 0.544855 -0.391238 -0.00509919 0.967838 -0.251524 0.194892 -0.564041 0.204912 0.799918 -0.899416
0 11 68 -0.270934 -0.93977 0.208393 -0.235707 -0.955029 0.289525 0.0639964 -0.316837 -0.120477 -0.181682 -0.975949 0.918725
0 12 124 0.775408 0.225651 -0.589766 0.995632 -0.271488 0.962376 0.0112697 0.0869085 0.57012 0.151376 0.807495 0.0341219
0 13 83 -0.86789 0.208508 -0.450879 0.30166 -0.0832384 0.833772 0.545799 -0.345644 0.489734 0.511224 -0.706266 0.888556
0 14 31 0.241076 -0.894723 -0.375969 0.0159769 0.968291 0.195583 0.155436 -0.326161 -0.0655386 -0.401519 0.913503 0.945179
0 15 70 -0.707474 -0.696504 -0.11984 -0.31719 -0.664981 0.59861 0.446617 -0.309269 -0.239333 0.395661 -0.886663 0.896517
0 16 84 0.46932 0.852437 0.230413 0.185073 0.83349 -0.341475 -0.434383 0.340192 -0.291604 0.395911 -0.870759 0.921964
0 17 47 0.899589 -0.421009 0.116151 -0.408924 0.425388 0.904892 -0.0146961 0.218253 -0.0989173 0.0626299 0.993123 -0.886085
0 18 108 -0.60728 -0.559006 -0.564556 0.250394 -0.344346 0.825573 -0.447052 0.325953 0.715987 -0.0770831 -0.693845 0.911624
0 19 42 0.814455 -0.540275 -0.21158 0.411879 0.507539 0.840087 -0.191464 0.266537 0.281188 0.0485538 0.958424 -0.871386
0 20 54 0.750302 -0.147151 -0.64451 0.0621323 -0.189877 -0.981803 0.00311573 -0.206079 -0.633241 0.12004 -0.764589 0.976561
0 21 68 0.800547 -0.00792681 0.599217 -0.165786 -0.170398 -0.96165 0.214928 -0.389532 0.574534 -0.274165 -0.771197 0.905969
0 22 72 0.366278 0.802713 0.470629 -0.17669 0.682006 -0.575668 0.451081 -0.341821 0.633015 0.155751 -0.75831 0.923006
0 23 90 0.137591 -0.538171 0.831529 -0.439463 -0.941803 -0.33105 -0.05842 -0.316483 0.306718 -0.775099 -0.5524 0.840661
0 24 96 -0.305555 -0.359914 0.881532 -0.486028 -0.0875496 0.932507 0.35038 -0.184461 -0.948141 0.0298825 -0.316442 0.854255
0 25 77 0.991134 0.100771 0.0865984 -0.113306 0.111794 -0.984704 -0.133639 -0.113311 0.0718068 0.142136 -0.987239 0.987078
0 26 103 0.781149 0.0697309 -0.620439 0.237403 0.317148 -0.900303 0.298113 -0.350364 -0.537795 -0.429641 -0.725386 0.906027
0 27 28 -0.740338 -0.199694 -0.641889 -0.0987891 0.406522 -0.893473 -0.190908 -0.261023 -0.535387 -0.402279 0.742652 0.960264
0 28 105 0.948752 0.195695 -0.248138 -0.0131125 -0.149357 -0.414299 -0.897802 0.25637 -0.278499 0.888853 -0.363838 0.96649
0 29 43 -0.627251 -0.643915 -0.438098 -0.42215 0.774733 -0.573419 -0.266421 -0.0107063 -0.0796608 -0.506522 0.858539 0.906463
0 30 108 0.0912007 -0.833189 0.545415 -0.395058 -0.108937 0.536064 0.837119 -0.233242 -0.989856 -0.135762 -0.041876 0.888554
0 31 53 0.355143 0.887792 -0.292742 0.434428 -0.863577 0.191677 -0.466363 0.0201779 -0.357921 0.418431 0.83475 0.900481
0 32 77 -0.366738 -0.919728 -0.140011 -0.103404 -0.848378 0.268865 0.456034 -0.403721 -0.381784 0.286027 -0.87888 0.90902
0 33 62 0.76258 -0.524874 0.378127 -0.191729 -0.497058 -0.849519 -0.176777 -0.241056 0.414011 -0.0531447 -0.908719 0.951384
0 34 26 0.642123 0.69495 0.323607 -0.142488 -0.654295 0.716798 -0.241036 -0.160189 -0.399469 -0.0569593 0.914976 0.976748
0 35 43 0.740955 0.667804 -0.0708821 0.277278 -0.647625 0.738485 0.187674 0.0595988 0.177675 -0.0931529 0.97967 0.95894
0 36 21 0.516999 0.827293 0.219769 -0.16871 -0.696 0.555737 -0.454687 -0.202573 -0.498293 0.0821135 0.863112 0.964625
0 37 76 -0.873092 0.320889 0.367069 -0.376761 0.482238 0.679254 0.553228 -0.176092 -0.0718083 0.660034 -0.747796 0.909419
0 38 31 -0.724142 0.659817 0.200649 -0.410063 -0.574582 -0.416314 -0.704655 0.263179 -0.38141 -0.625559 0.680589 -0.873261
0 39 62 -0.978808 -0.105829 0.175312 -0.390207 -0.0813711 0.986621 0.141271 -0.195793 -0.187917 0.124011 -0.974325 0.899668
0 40 33 -0.275935 0.924267 0.263798 0.308138 -0.822103 -0.0847483 -0.562996 -0.191048 -0.498002 -0.37222 0.783228 0.931961
0 41 65 -0.752434 -0.322144 0.574514 -0.421066 -0.403085 0.915042 -0.0148287 -0.0799547 -0.520927 -0.242735 -0.818361 0.903499
0 42 67 -0.861111 -0.249823 0.442806 -0.453683 0.0834137 0.789727 0.607761 -0.28869 -0.501528 0.560286 -0.659203 0.843107
0 43 94 -0.495826 0.833392 0.244158 -0.291414 0.580061 0.108592 0.807303 -0.392753 0.646286 0.541908 -0.537261 0.872252
0 44 80 0.19223 0.830972 -0.522048 0.498602 0.753985 0.215438 0.620559 -0.183299 0.628135 -0.512906 -0.585127 0.84723
0 45 74 -0.407764 0.761794 0.503387 -0.334018 0.655155 -0.139907 0.742427 -0.359479 0.636004 0.632532 -0.442044 0.871325
0 46 44 0.878989 -0.445265 -0.170637 0.411225 0.442495 0.895015 -0.0560878 0.250766 0.177697 -0.0262055 0.983736 -0.876362
0 47 96 0.372107 0.402638 0.836313 -0.1604 0.160072 -0.915352 0.369469 -0.233906 0.914283 -0.00361189 -0.40506 0.958937
0 48 67 -0.936332 0.350897 0.0123695 -0.232553 0.273452 0.706675 0.652559 -0.277171 0.22024 0.614395 -0.757637 0.932253
0 49 88 0.706641 0.346696 -0.616815 0.433652 0.385866 -0.919519 -0.0747793 -0.273278 -0.593099 -0.185165 -0.783548 0.858642
0 50 83 -0.728611 0.356698 -0.584716 0.375474 0.222403 0.930642 0.29059 0.0361542 0.647814 0.0816842 -0.757407 0.926128
0 51 30 -0.613002 -0.711284 -0.343953 -0.134197 0.786785 -0.589289 -0.183597 -0.359905 -0.0720978 -0.383162 0.920863 0.923288
0 52 85 -0.302107 0.897718 -0.320678 0.393878 0.562306 0.439457 0.700492 -0.175978 0.769768 0.0313043 -0.637555 0.902159
0 53 32 0.707181 -0.706905 0.0134632 -0.226934 0.704801 0.706333 0.0659514 -0.255881 -0.0561309 -0.0371507 0.997732 -0.939695
0 54 47 0.554172 0.0468167 0.831085 0.254752 -0.0802628 0.99677 -0.00263037 -0.187661 -0.828524 -0.0652475 0.55614 0.948622
0 55 72 -0.5936 0.758444 0.269075 0.16044 0.708315 0.651104 -0.272678 0.243191 -0.382007 0.0287287 -0.923713 0.956618
0 56 43 -0.660751 -0.74829 0.058913 0.350284 0.734541 -0.660766 -0.154397 -0.0247306 0.154462 -0.0587442 0.986251 0.936317
0 57 81 0.32291 0.934964 0.146874 0.280702 0.935851 -0.33857 0.0977367 0.141335 0.141107 0.105892 -0.984315 0.949332
0 58 79 -0.800271 -0.073503 -0.595117 0.373402 -0.417324 0.780937 0.464734 -0.20357 0.430589 0.62027 -0.655636 0.905058
0 59 69 -0.734226 -0.461185 -0.498217 0.354573 -0.515764 0.856118 -0.0323966 -0.257372 0.441473 0.233176 -0.866447 0.898909
0 60 40 -0.941944 -0.335098 0.0212499 -0.348337 0.330247 -0.936021 -0.121659 0.204728 0.060658 -0.107578 0.992344 -0.914739
0 61 79 -0.719689 0.0231246 -0.693912 0.35875 -0.317266 0.87804 0.358312 -0.190461 0.617568 0.478028 -0.624579 0.913796
0 62 94 -0.232811 -0.588305 -0.774401 0.364118 -0.821902 0.54469 -0.166705 -0.205817 0.519881 0.597671 -0.610339 0.908327
0 63 68 0.362583 0.927013 -0.0958135 0.363987 0.908569 -0.328728 0.25776 -0.211246 0.20745 -0.180513 -0.961447 0.907132
0 64 41 -0.110455 -0.993271 0.0348147 0.361775 0.988005 -0.105931 0.112359 -0.212734 -0.107915 0.0468077 0.993058 0.907669
0 65 84 -0.982709 0.0978621 0.157182 -0.441532 0.160503 0.873481 0.459641 -0.115917 -0.0923141 0.476921 -0.874085 0.889726
0 66 81 0.582061 -0.754461 0.303304 -0.103447 0.615394 0.652525 0.442156 -0.369797 -0.531503 -0.0707106 0.8441 -0.923336
0 67 77 -0.744363 0.388642 -0.543029 0.118169 0.488461 0.871376 -0.0459259 0.344369 0.455334 -0.299434 -0.838457 0.931368
1 2 289 0.996247 0.0388068 -0.0773748 0.88333 -0.0403646 0.999011 -0.0186714 0.0308399 0.0765736 0.0217245 0.996827 -0.467736
1 3 245 0.985226 0.0520466 -0.163161 0.965346 -0.0505576 0.998633 0.0132679 0.0961688 0.163628 -0.00482288 0.98651 -0.242609
1 4 208 0.971124 0.102485 -0.215441 0.984873 -0.0986086 0.994712 0.0286957 0.0456242 0.217243 -0.00662278 0.976095 -0.167165
1 5 167 0.95521 0.1061 -0.276255 0.990676 -0.10393 0.994329 0.0225249 0.0264874 0.277078 0.00719533 0.96082 -0.133642
1 6 59 0.788598 0.546573 -0.281728 0.0617053 -0.579435 0.813888 -0.0429203 0.281551 0.205836 0.19709 0.958534 0.95756
1 7 125 0.894747 0.159049 -0.417291 0.9995 -0.156453 0.986848 0.0406702 0.0128448 0.418272 0.0288969 0.907862 -0.0288789
1 8 47 0.962859 0.249001 0.104406 -0.146304 -0.253889 0.966553 0.0362753 -0.189207 -0.0918811 -0.0614355 0.993873 -0.970977
1 9 72 0.99919 0.0375872 0.0143627 0.469402 -0.0392172 0.989577 0.13856 -0.223459 -0.00900487 -0.139011 0.99025 -0.854241
1 10 105 -0.837807 -0.0656882 -0.542 0.171286 -0.369208 0.79949 0.473816 -0.247676 0.402199 0.597077 -0.694071 0.953582
1 11 95 0.414771 0.34455 0.84217 0.0184281 0.792393 0.318206 -0.52044 0.204204 -0.447301 0.883193 -0.141037 0.978755
1 12 83 0.342713 0.936854 -0.0696592 0.0570941 -0.939254 0.340224 -0.0452732 0.202895 -0.0187146 0.0809434 0.996543 0.977535
1 13 144 0.587401 0.23734 -0.773712 0.954975 -0.279522 0.956695 0.0812573 -0.109157 0.759491 0.168539 0.628305 0.275876
1 14 99 -0.701407 0.00390951 -0.71275 0.408317 -0.297351 0.907204 0.297595 -0.164205 0.647774 0.420672 -0.635157 0.89795
1 15 57 0.265523 0.951966 -0.152507 0.124765 -0.920194 0.297434 0.25451 -0.344181 0.287645 0.0727574 0.954969 -0.930577
1 16 98 -0.91727 0.162615 -0.363554 0.235375 -0.0427644 0.867351 0.495856 -0.282767 0.395963 0.470381 -0.788641 0.929861
1 17 44 -0.732364 0.610341 0.301871 -0.262337 -0.68051 -0.640811 -0.355341 -0.095792 -0.0234373 -0.465665 0.884651 -0.96021
1 18 109 -0.537295 -0.640396 0.548824 -0.232282 -0.328137 0.758189 0.56345 -0.335894 -0.776943 0.12265 -0.617508 0.912809
1 19 61 -0.432505 -0.539967 0.722063 0.167789 -0.722581 -0.271409 -0.635778 0.06098 0.539274 -0.796726 -0.272784 0.983935
1 20 109 -0.0300396 0.651713 -0.75787 0.421123 0.332567 0.721531 0.607282 -0.217106 0.942601 -0.2338 -0.238413 0.880636
1 21 99 -0.935024 0.340031 -0.100541 0.216197 0.339644 0.77743 -0.529381 0.0592429 -0.101842 -0.529133 -0.842405 0.974551
1 22 129 -0.217246 0.975933 0.0189578 -0.17669 0.655579 0.13149 0.743591 -0.341821 0.723202 0.173971 -0.668366 0.923006
1 23 80 -0.785661 -0.612928 -0.0840031 -0.0855012 -0.604136 0.789361 -0.109224 -0.0723432 0.133255 -0.0350635 -0.990461 0.993708
1 24 55 -0.368704 0.918266 0.144374 -0.372024 -0.70732 -0.176379 -0.684536 0.352297 -0.603122 -0.35451 0.71454 -0.858769
1 25 66 -0.961811 0.10091 -0.254434 -0.113945 0.00675913 -0.920522 -0.390633 -0.12293 -0.273631 -0.377435 0.884686 0.985852
1 26 65 0.209392 0.643871 0.735925 -0.40441 0.458421 -0.729416 0.507743 -0.116544 0.863716 0.231046 -0.447897 0.907122
1 27 52 -0.296712 -0.687353 -0.662954 -0.0987891 0.868262 -0.483208 0.112392 -0.261023 -0.397597 -0.542269 0.740176 0.960264
1 28 132 0.715145 -0.697709 -0.0420715 -0.0162626 -0.359427 -0.315452 -0.878238 0.250278 0.599483 0.643189 -0.476369 0.968037
1 29 132 0.688086 0.177979 0.703463 -0.477193 -0.221228 0.974754 -0.0302236 -0.0253551 -0.691083 -0.13483 0.710089 0.878433
1 30 84 0.709712 -0.635396 0.304271 -0.398886 0.292366 0.658598 0.693376 -0.204857 -0.64096 -0.403139 0.653183 0.893825
1 31 89 -0.735267 0.17036 -0.656018 0.434428 0.346266 0.926468 -0.147504 0.0201779 0.582651 -0.335612 -0.740191 0.900481
1 32 65 0.468812 0.881502 -0.0562972 -0.103404 -0.871488 0.471991 0.133167 -0.403721 0.143959 -0.0133681 0.989493 0.90902
1 33 37 -0.82198 -0.514797 -0.243582 -0.217308 0.564623 -0.792564 -0.230311 -0.385113 -0.0744906 -0.326843 0.942138 0.89692
1 34 36 0.914049 -0.248337 0.320692 -0.320673 0.219942 0.967785 0.122545 0.14921 -0.340794 -0.0414785 0.939223 -0.935364
1 35 51 0.333694 -0.784726 0.522354 0.277278 0.889317 0.445847 0.10167 0.0595988 -0.312673 0.430611 0.846646 0.95894
1 36 36 0.698968 -0.540651 0.468124 -0.36077 0.459004 0.841115 0.286079 -0.00357156 -0.548415 0.0149104 0.836074 -0.932648
1 37 36 -0.623915 -0.0577593 -0.779355 -0.277221 0.162821 -0.984988 -0.0573478 -0.299451 -0.764343 -0.162676 0.623953 0.91295
1 38 37 0.993933 -0.10993 -0.00352497 0.335299 0.106766 0.972025 -0.209207 0.257982 0.0264246 0.207561 0.977865 -0.906102
1 39 87 -0.258504 0.865746 0.428555 -0.181582 0.647775 -0.173757 0.741752 -0.215313 0.716634 0.469353 -0.515892 0.959515
1 40 43 -0.152269 0.98785 0.0310761 -0.308138 -0.976198 -0.145411 -0.160912 0.191048 -0.154438 -0.0548384 0.986479 -0.931961
1 41 77 -0.442869 -0.871148 0.212059 -0.423949 -0.896397 0.42535 -0.124701 -0.0801495 0.0184334 -0.245315 -0.969268 0.902133
1 42 31 0.99989 0.00444255 -0.0141614 -0.134861 -0.0105163 0.885365 -0.464777 -0.205372 0.0104732 0.464875 0.885315 0.969348
1 43 112 -0.338864 0.833344 0.436703 -0.291414 0.600283 -0.165907 0.78239 -0.392753 0.724452 0.527269 -0.444023 0.872252
1 44 45 -0.188309 -0.951713 0.24245 -0.498651 0.973862 -0.149022 0.17142 0.18731 -0.127012 0.268393 0.954899 -0.846323
1 45 109 0.58265 0.487253 0.650463 -0.334018 0.110674 -0.840464 0.530445 -0.359479 0.805152 -0.237075 -0.543623 0.871325
1 46 60 -0.812121 -0.429857 -0.394567 0.394189 0.501689 -0.859703 -0.0960114 0.352951 -0.29794 -0.275923 0.913837 -0.848552
1 47 177 0.0865672 -0.727995 0.680096 -0.1604 -0.649569 0.476349 0.59258 -0.233906 -0.755358 -0.493067 -0.431646 0.958937
1 48 43 -0.908218 0.294798 0.297043 -0.169853 -0.383271 -0.870946 -0.307501 -0.289913 0.168058 -0.393126 0.903996 0.94186
1 49 105 0.930716 0.315698 -0.18467 0.433652 0.335162 -0.938308 0.0851155 -0.273278 -0.146407 -0.141113 -0.979108 0.858642
1 50 122 0.730396 -0.664565 0.157721 0.375474 -0.43929 -0.633882 -0.636568 0.0361542 0.523016 0.395661 -0.754921 0.926128
1 51 51 0.136261 0.676072 0.724126 0.197997 -0.846184 0.459536 -0.269812 0.240562 -0.515175 -0.57598 0.634699 0.950225
1 52 105 0.771685 0.629765 -0.088878 0.825995 -0.627122 0.776715 0.0585842 -0.405158 0.105927 0.0105288 0.994318 -0.391892
1 53 41 0.976142 0.215425 0.0271707 0.259071 -0.217015 0.972054 0.0895272 0.194873 -0.00712501 -0.0932877 0.995614 -0.945995
1 54 48 -0.737703 -0.506991 -0.445819 0.399194 0.54545 -0.836712 0.0489557 0.0455487 -0.397843 -0.207057 0.893783 -0.915734
1 55 33 -0.973145 0.0626046 0.221515 -0.48535 -0.0840562 -0.992499 -0.0887704 0.214218 0.214296 -0.105006 0.971108 -0.847671
1 56 113 -0.711706 0.312137 -0.629321 0.39585 -0.0305897 0.881239 0.47168 -0.196127 0.701811 0.354948 -0.617635 0.897127
1 57 32 -0.551337 -0.717823 0.425156 0.41145 0.833693 -0.493193 0.248428 -0.18787 0.0313565 0.491417 0.87036 0.89186
1 58 113 0.772475 -0.455414 0.442583 0.157997 0.249784 -0.422862 -0.871089 0.127659 0.583858 0.783445 -0.212895 0.979153
1 59 50 -0.854428 -0.507916 0.109428 0.357583 0.513758 -0.857333 0.0321317 -0.263899 0.0774961 0.0836738 0.993475 0.895819
1 60 133 0.534053 -0.816392 -0.219754 0.0885256 -0.662318 -0.242441 -0.708913 0.318611 0.525473 0.524144 -0.670187 0.943743
1 61 64 0.233156 0.7122 0.662125 0.121459 -0.843859 0.486554 -0.226201 0.346002 -0.48326 -0.505999 0.71444 0.930339
1 62 90 0.546262 0.831602 -0.100178 0.360008 0.835254 -0.531843 0.13962 -0.214242 0.0628292 -0.159943 -0.985125 0.908017
1 63 145 -0.221024 0.677924 -0.701119 0.365214 0.183571 0.734967 0.652782 -0.211103 0.957836 0.0155754 -0.286893 0.906672
1 64 54 0.0141098 -0.809617 0.586789 0.354711 0.986227 -0.0854516 -0.141616 -0.217557 0.164796 0.580705 0.79726 0.909313
1 65 145 -0.25251 -0.934602 -0.250515 -0.171755 -0.477096 0.345505 -0.808087 0.163043 0.841794 -0.0845309 -0.533139 0.971554
1 66 136 0.44048 -0.863423 -0.245924 0.103447 -0.736248 -0.190665 -0.649296 0.369797 0.513728 0.467063 -0.719678 0.923336
1 67 151 0.720414 -0.590992 0.362948 0.116318 -0.291904 -0.733092 -0.614303 0.345152 0.629123 0.336606 -0.700643 0.931311
2 3 200 0.995923 0.0130564 -0.0892573 0.973553 -0.0101347 0.9994 0.0331095 0.148988 0.089636 -0.0320699 0.995458 -0.173199
2 4 118 0.989253 0.0681517 -0.129363 0.994472 -0.0623254 0.996873 0.0485695 0.0558072 0.132268 -0.0399849 0.990407 -0.088944
2 5 120 0.978367 0.0749714 -0.192815 0.994976 -0.0689827 0.996909 0.0375972 0.0402371 0.195037 -0.023483 0.980515 -0.0916676
2 6 113 0.968543 0.113711 -0.221348 0.982498 -0.102246 0.992786 0.0626214 0.0538968 0.226872 -0.0380196 0.973182 -0.178308
2 7 74 0.924349 -0.349487 0.153093 -0.114103 -0.166488 -0.730476 -0.662334 0.086999 0.343308 0.586739 -0.733401 0.989652
2 8 76 -0.243727 -0.726489 -0.642503 0.11373 -0.713272 0.583155 -0.38881 0.184795 0.657145 0.363516 -0.660315 0.976174
2 9 22 0.778896 0.205833 0.592413 -0.130405 -0.294007 0.954219 0.0550139 -0.103495 -0.553968 -0.217024 0.803754 -0.986044
2 10 80 0.802555 0.234361 -0.548617 0.970223 -0.218603 0.971171 0.0950818 -0.121678 0.555084 0.0436208 0.83065 0.209433
2 11 63 -0.897642 -0.384903 -0.214684 0.0184281 -0.296087 0.887481 -0.353142 0.204204 0.326454 -0.25343 -0.910605 0.978755
2 12 96 0.838037 -0.532322 -0.119696 0.220699 -0.483593 -0.826267 0.288826 0.026974 -0.252649 -0.184163 -0.94987 0.974969
2 13 97 0.749827 0.262526 -0.607321 0.985136 -0.272531 0.958976 0.0780548 -0.14064 0.602898 0.106986 0.790613 0.0986288
2 14 20 -0.744495 -0.667393 -0.017746 -0.275677 0.561371 -0.611394 -0.557728 -0.241637 0.361373 -0.425187 0.829834 0.930384
2 15 80 -0.603438 -0.779487 0.168113 -0.0424939 -0.450413 0.507159 0.734791 -0.291697 -0.65802 0.36768 -0.657131 0.955566
2 16 50 -0.957269 0.249463 0.146303 0.172859 -0.287426 -0.876613 -0.385922 0.345634 0.0319775 -0.411483 0.910856 0.922311
2 17 69 0.0925901 -0.806755 -0.583587 0.221535 -0.446641 0.490179 -0.74849 0.0621373 0.88991 0.329956 -0.314944 0.973171
2 18 27 -0.605634 -0.791405 -0.0829829 0.0445537 0.726822 -0.507709 -0.462559 0.0704217 0.32394 -0.340455 0.882696 -0.996522
2 19 51 0.412273 -0.899515 -0.144583 0.00462848 -0.903985 -0.384148 -0.187725 -0.191024 0.11332 0.208095 -0.971522 0.981575
2 20 70 0.610483 -0.0630008 -0.789519 0.408526 -0.155056 -0.987049 -0.0411314 -0.214512 -0.776703 0.14753 -0.612346 0.887182
2 21 30 -0.825096 0.560165 0.073698 -0.210216 -0.539156 -0.741645 -0.39909 -0.065488 -0.168899 -0.369023 0.913945 -0.975459
2 22 68 -0.627564 0.736039 0.253792 -0.17669 0.689733 0.374383 0.619762 -0.341821 0.361154 0.563989 -0.74262 0.923006
2 23 54 0.514841 0.550573 0.657121 -0.30828 0.48254 -0.819669 0.308704 -0.37862 0.708586 0.158153 -0.687672 0.872703
2 24 24 -0.293534 0.944387 0.148223 -0.374975 -0.743002 -0.127828 -0.656969 0.368785 -0.601486 -0.302973 0.739203 -0.850524
2 25 73 -0.331279 0.928497 -0.167773 -0.113945 0.801455 0.370746 0.469274 -0.12293 0.497921 0.0209977 -0.866968 0.985852
2 26 63 0.527265 -0.84962 0.011754 -0.0840342 -0.672117 -0.425492 -0.605983 0.337016 0.519857 0.311614 -0.79539 0.937741
2 27 43 0.0781033 -0.986537 -0.143685 -0.43724 0.994458 0.0872688 -0.0586238 0.364198 0.0703737 -0.13831 0.987886 -0.822302
2 28 71 -0.197344 0.836748 -0.510791 -0.0162626 -0.490206 -0.535447 -0.687746 0.250278 -0.848972 0.11467 0.515846 0.968037
2 29 65 0.487018 0.421509 0.764947 -0.477193 0.478492 -0.861468 0.170054 -0.0253551 0.730656 0.283202 -0.621239 0.878433
2 30 44 0.990592 -0.13642 -0.0108423 -0.398886 0.129936 0.962448 -0.238352 -0.204857 0.0429512 0.2347 0.971118 0.893825
2 31 57 0.256117 0.534323 -0.805545 0.434428 0.961335 -0.0535619 0.270121 0.0201779 0.101186 -0.843581 -0.527382 0.900481
2 32 79 0.617425 0.566785 0.545474 -0.103404 0.26545 -0.802879 0.533781 -0.403721 0.740488 -0.184773 -0.64617 0.90902
2 33 34 -0.97313 0.0928086 -0.210723 -0.217308 -0.0784907 -0.994064 -0.0753409 -0.385113 -0.216464 -0.0567767 0.974638 0.89692
2 34 64 -0.515519 0.643189 -0.56617 0.320673 0.467891 0.764832 0.442844 -0.14921 0.717857 -0.0366111 -0.695227 0.935364
2 35 68 -0.478475 0.762068 -0.43625 0.277278 0.669977 0.637976 0.379629 0.0595988 0.56762 -0.110635 -0.815823 0.95894
2 36 33 -0.00351381 0.999989 -0.00314797 -0.290875 -0.999974 -0.00349401 0.0062726 0.00587999 0.00626153 0.00316993 0.999975 -0.956743
2 37 58 0.620009 -0.63383 -0.462438 0.299868 -0.778476 -0.57043 -0.261887 -0.16256 -0.0977966 0.52237 -0.847093 0.940028
2 38 62 -0.878568 -0.466717 0.101459 0.00751437 -0.328908 0.745243 0.580027 -0.336905 -0.346321 0.476223 -0.808254 0.941508
2 39 22 -0.30394 0.952415 0.0229399 -0.0377135 -0.68777 -0.202696 -0.697056 0.378833 -0.659237 -0.227641 0.71665 -0.924696
2 40 24 -0.509894 0.813479 0.279751 -0.333536 -0.742357 -0.251792 -0.620892 0.319309 -0.434644 -0.524264 0.732279 -0.887015
2 41 42 -0.308298 0.949548 -0.0575343 0.423949 -0.948589 -0.302306 0.0937519 0.0801495 0.071629 0.0834799 0.993932 -0.902133
2 42 20 0.382603 0.91629 -0.118436 -0.374409 -0.919108 0.364416 -0.149804 0.0295886 -0.0941044 0.166171 0.981596 0.926791
2 43 58 0.158986 0.0964563 -0.982558 0.82964 0.014386 0.994884 0.0999941 0.0326112 0.987176 -0.0300327 0.156785 0.557345
2 44 40 0.991921 0.0659895 0.108345 -0.498651 -0.0660802 0.997811 -0.00275731 0.18731 -0.108289 -0.00442439 0.99411 -0.846323
2 45 80 -0.676028 -0.404742 0.615768 -0.334018 0.0783075 0.791455 0.606191 -0.359479 -0.732704 0.458021 -0.503351 0.871325
2 46 34 0.0526347 -0.933329 -0.355142 0.394189 0.950719 0.155651 -0.268154 0.352951 0.305554 -0.323526 0.895526 -0.848552
2 47 114 -0.131467 0.443422 0.886619 -0.1604 0.0854787 -0.88598 0.455777 -0.233906 0.987628 0.135707 0.0785741 0.958937
2 48 24 0.0729519 -0.865424 0.495701 0.288919 0.981847 0.149574 0.116638 0.00447462 -0.175085 0.478194 0.860625 0.957343
2 49 77 -0.600236 0.020314 -0.799565 0.433652 -0.446567 0.820838 0.356094 -0.273278 0.663547 0.5708 -0.483625 0.858642
2 50 43 -0.0920557 -0.920268 0.380307 0.375474 0.663535 0.228084 0.71253 0.0361542 -0.74246 0.31794 0.589633 0.926128
2 51 79 0.451844 0.884543 -0.115846 0.598994 -0.87099 0.465499 0.157124 -0.754517 0.192909 0.0299053 0.980761 -0.268162
2 52 54 0.777324 -0.586795 -0.226802 0.339622 -0.498201 -0.794325 0.347624 -0.028217 -0.384138 -0.157224 -0.90979 0.940139
2 53 54 0.314661 0.941251 0.122617 0.0725948 0.830793 -0.210622 -0.51519 0.30685 -0.459098 0.26398 -0.848259 0.948985
2 54 70 0.559424 0.812327 -0.164831 0.708949 -0.805282 0.579756 0.124109 -0.666832 0.196379 0.0633062 0.978482 -0.229622
2 55 24 -0.970833 -0.194261 -0.140521 -0.311854 0.23456 -0.890931 -0.388875 0.241234 -0.0496512 -0.410493 0.910511 -0.918996
2 56 28 0.948704 -0.239217 -0.206728 0.452888 0.200044 0.960505 -0.193423 0.0349928 0.244833 0.142147 0.959089 -0.89088
2 57 21 -0.388912 0.794686 0.46607 -0.286823 -0.854322 -0.12176 -0.50528 -0.0255516 -0.344791 -0.594683 0.726272 -0.957643
2 58 39 -0.663247 0.742979 0.0899151 -0.0667263 -0.748081 -0.65465 -0.108668 -0.307319 -0.0218754 -0.139338 0.990003 -0.949264
2 59 49 0.723026 -0.528831 0.44449 -0.222037 0.43312 0.848272 0.304698 -0.198241 -0.538182 -0.0277871 0.842371 0.954673
2 60 102 0.200958 0.562601 -0.801933 0.599489 -0.262193 0.819656 0.509332 -0.263188 0.943859 0.107907 0.312226 0.755874
2 61 84 -0.621925 0.341295 0.704788 0.141921 -0.380417 0.655006 -0.652879 0.339583 -0.684465 -0.674155 -0.27753 0.929807
2 62 35 -0.831863 -0.538006 -0.136212 -0.402532 0.523859 -0.842232 0.127349 -0.111094 -0.183236 0.0345813 0.98246 -0.90864
2 63 34 0.214674 -0.870852 0.442189 0.130586 0.976349 0.203234 -0.0737482 0.28451 -0.025644 0.447563 0.893885 0.949738
2 64 44 0.808475 0.292171 0.510886 -0.110373 -0.381655 0.921074 0.0772144 -0.326858 -0.448004 -0.257408 0.856174 -0.938606
2 65 107 0.347097 -0.360463 0.865789 -0.436667 -0.400735 0.777654 0.484424 -0.109845 -0.847901 -0.515094 0.125471 0.892892
2 66 92 -0.918237 -0.269899 -0.28982 0.0975728 -0.0885282 0.85318 -0.51405 0.372443 0.38601 -0.446363 -0.807315 0.922912
2 67 122 0.0394882 0.456707 -0.88874 0.61411 -0.0465543 0.889309 0.454931 -0.20159 0.998135 0.0234102 0.0563789 0.76304
3 4 182 0.996078 0.0525219 -0.0712056 0.999769 -0.0521103 0.998612 0.00762747 0.0202545 0.0715073 -0.00388701 0.997432 -0.00717517
3 5 169 0.988323 0.0577761 -0.140992 0.992717 -0.0589823 0.998249 -0.00438736 0.0372517 0.140492 0.0126522 0.990001 -0.114568
3 6 117 0.985887 0.092035 -0.139841 0.980306 -0.089563 0.995695 0.0238828 0.0480739 0.141437 -0.0110211 0.989886 -0.191542
3 7 116 0.957519 0.104183 -0.268893 0.995243 -0.104947 0.994411 0.0115722 0.0363072 0.268596 0.0171389 0.963101 -0.0904012
3 8 29 0.993481 0.0765802 0.0844451 0.152106 -0.0751445 0.996971 -0.020055 0.00767238 -0.0857251 0.0135787 0.996226 -0.988334
3 9 96 0.877681 0.103032 -0.468038 0.988689 -0.136104 0.989992 -0.0372943 0.0590721 0.459512 0.0964345 0.882921 0.13786
3 10 89 0.896084 0.203699 0.394385 -0.341378 -0.124456 0.968145 -0.217267 -0.036815 -0.426079 0.145606 0.892892 0.939205
3 11 116 0.786487 0.136434 -0.602349 0.953597 -0.16992 0.985457 0.00134586 -0.0644472 0.593772 0.101292 0.798232 0.294109
3 12 37 0.705179 0.448132 0.549454 0.220699 -0.413106 0.889499 -0.195283 0.026974 -0.576251 -0.0892728 0.812382 0.974969
3 13 113 -0.775554 -0.440053 -0.452625 0.17323 -0.197558 0.850166 -0.488046 0.291442 0.599573 -0.289086 -0.746285 0.940772
3 14 33 -0.975618 0.202874 -0.0837347 -0.0812322 -0.202711 -0.979182 -0.0105317 -0.349337 -0.0841281 0.00669902 0.996432 0.93347
3 15 108 -0.850054 -0.0852728 -0.519746 0.311264 -0.0242877 0.992104 -0.123048 0.0556474 0.526135 -0.0919738 -0.845413 0.948693
3 16 116 0.717994 0.251733 -0.648934 0.991745 -0.261698 0.961535 0.0834486 -0.111199 0.64498 0.109909 0.756255 0.0638464
3 17 79 0.744184 0.174007 -0.644912 0.436347 -0.167656 0.983226 0.0718248 0.0411466 0.646592 0.0546726 0.760874 0.898837
3 18 78 -0.746926 0.160038 -0.64536 0.262852 -0.00637891 0.968832 0.247637 -0.200081 0.664877 0.189083 -0.722625 0.943862
3 19 31 -0.723181 0.679149 0.125563 -0.387035 -0.5611 -0.471724 -0.680179 0.36462 -0.402712 -0.562346 0.722212 -0.84691
3 20 49 0.901445 0.146911 -0.407202 -0.167606 -0.190613 -0.70985 -0.67807 0.0420347 -0.388668 0.688861 -0.611888 0.984958
3 21 31 0.574731 0.817693 0.0326074 0.229559 -0.715792 0.521622 -0.464275 0.349368 -0.396643 0.243493 0.885091 -0.90843
3 22 33 -0.482194 0.819952 0.308493 -0.382623 -0.869099 -0.403404 -0.286239 -0.0214747 -0.110255 -0.406133 0.907138 -0.923655
3 23 33 -0.163379 0.969219 -0.184178 -0.0821703 -0.686947 -0.245755 -0.683892 -0.261086 -0.708104 0.0147869 0.705953 0.961812
3 24 93 0.586045 0.44895 -0.674534 0.490725 -0.411182 0.882097 0.229858 0.03867 0.698199 0.142649 0.701548 0.870456
3 25 58 0.900229 0.0895048 -0.426118 -0.113945 -0.0284738 0.988651 0.147509 -0.12293 0.434484 -0.120658 0.892561 0.985852
3 26 54 0.95294 -0.0991608 0.286482 -0.40441 0.113883 0.992872 -0.0351485 -0.116544 -0.280955 0.0661198 0.957441 0.907122
3 27 35 0.799839 0.539647 -0.262755 -0.423499 -0.596938 0.669511 -0.442063 -0.0520462 -0.0626408 0.510427 0.857636 0.9044
3 28 48 -0.915155 0.226139 -0.333694 -0.0162626 -0.191716 -0.972372 -0.13318 0.250278 -0.354592 -0.0579062 0.933226 0.968037
3 29 102 -0.261325 0.0671509 0.962912 -0.438091 -0.135233 0.985191 -0.105405 -0.0106097 -0.955731 -0.157762 -0.248374 0.898868
3 30 109 0.185194 -0.631198 0.753188 -0.458089 -0.698839 -0.623441 -0.350635 -0.00187646 0.690888 -0.461422 -0.556564 0.888904
3 31 54 -0.199421 0.957405 -0.208822 0.472269 -0.940668 -0.246742 -0.232942 0.00556453 -0.274545 0.149979 0.949806 0.881437
3 32 37 -0.281992 0.862085 -0.421059 -0.0826379 -0.621194 -0.498517 -0.604648 -0.170519 -0.731163 0.0910529 0.6761 0.981883
3 33 32 0.848916 -0.305334 0.431408 -0.164248 0.43227 0.87077 -0.234313 -0.345361 -0.304114 0.385397 0.871197 0.923985
3 34 114 0.60303 0.128666 -0.787274 0.666871 -0.385618 0.910955 -0.146493 -0.185817 0.698322 0.391926 0.598949 0.721634
3 35 30 -0.520451 0.838672 -0.160498 0.274446 -0.673395 -0.518696 -0.526777 0.0536394 -0.525043 -0.166083 0.834713 0.960105
3 36 71 -0.323547 -0.81479 -0.481076 0.36077 -0.895091 0.428411 -0.1236 0.00357156 0.306806 0.390616 -0.867922 0.932648
3 37 91 -0.619821 0.568141 -0.54133 0.300009 0.421942 0.822898 0.380532 -0.164271 0.661655 0.00745185 -0.749771 0.939686
3 38 89 -0.459534 -0.386285 -0.799758 0.477359 -0.56853 0.819741 -0.0692643 0.000709433 0.68235 0.422857 -0.596314 0.878708
3 39 68 -0.905667 -0.422188 -0.0390453 0.00732139 -0.420325 0.906105 -0.0479564 -0.0697274 0.0556258 -0.0270208 -0.998086 0.997539
3 40 55 0.842061 0.146436 0.519124 -0.0362753 -0.060322 -0.930837 0.360421 -0.345696 0.535998 -0.334811 -0.774989 0.937645
3 41 37 0.0778573 0.844293 -0.530195 -0.129745 -0.96767 -0.0639726 -0.24397 0.318264 -0.239901 0.532049 0.812017 0.939082
3 42 25 -0.604111 0.781017 0.158311 -0.408121 -0.628651 -0.344979 -0.696985 0.364852 -0.489744 -0.520578 0.699392 -0.836851
3 43 43 0.759707 -0.64926 -0.0361467 0.291414 0.64204 0.757752 -0.116603 0.392753 0.103096 0.0653765 0.992521 -0.872252
3 44 63 0.0878346 0.895459 -0.436392 0.495737 0.991438 -0.0360942 0.125488 -0.187463 0.0966178 -0.443678 -0.890963 0.847999
3 45 44 -0.524542 0.842246 0.124408 -0.334018 -0.850177 -0.510397 -0.129204 -0.359479 -0.0453236 -0.173542 0.983783 0.871325
3 46 131 0.195048 -0.172932 -0.965428 0.407036 0.475616 -0.844175 0.247302 -0.332612 -0.857756 -0.507409 -0.082406 0.8507
3 47 33 -0.751415 -0.40065 -0.524266 -0.160016 0.449446 -0.892504 0.0378847 -0.233877 -0.483088 -0.207162 0.850711 0.959008
3 48 67 -0.970364 -0.0055884 -0.241583 0.15197 -0.0744629 0.957999 0.276934 -0.365912 0.229888 0.286716 -0.930024 0.918158
3 49 35 0.815087 -0.422421 0.396477 -0.433652 0.488302 0.869201 -0.0777841 0.273278 -0.311761 0.257001 0.914743 -0.858642
3 50 53 -0.157709 0.983184 0.0920663 0.375474 -0.961533 -0.131661 -0.241082 0.0361542 -0.224906 -0.126546 0.966128 0.926128
3 51 118 -0.233073 -0.1363 -0.96286 0.476389 -0.0854264 0.989171 -0.119346 0.125005 0.9687 0.0544372 -0.242192 0.870303
3 52 55 -0.558112 -0.809158 -0.18378 -0.10713 -0.743602 0.586015 -0.321935 -0.0600103 0.368194 -0.0430168 -0.928753 0.992432
3 53 52 -0.752912 -0.61731 0.228148 0.0725948 0.617971 -0.782369 -0.077525 0.30685 0.226353 0.0826193 0.970535 0.948985
3 54 66 -0.738234 0.428162 -0.521237 0.253402 0.203341 0.878034 0.433253 -0.185967 0.643167 0.213854 -0.735257 0.949317
3 55 80 -0.401465 -0.803115 0.440263 -0.412171 -0.879298 0.472471 0.0600585 -0.214581 -0.256245 -0.363011 -0.895858 0.885477
3 56 96 -0.0393249 0.759211 0.649656 -0.0407352 -0.548539 0.52703 -0.64911 0.369916 -0.8352 -0.381888 0.395731 0.928172
3 57 62 0.276864 0.936962 0.213185 0.24984 -0.958077 0.252148 0.13605 -0.317243 0.0737194 -0.241915 0.967493 0.914842
3 58 90 -0.432246 0.637044 0.63823 -0.243867 0.885495 0.166051 0.433966 -0.0636813 0.170477 0.75273 -0.635874 0.967716
3 59 75 0.702899 0.0472778 0.709717 -0.368809 0.0663112 0.989088 -0.131562 -0.231433 -0.708192 0.139537 0.692093 0.900232
3 60 61 0.552258 0.762052 -0.338064 0.32359 -0.734081 0.63671 0.236063 0.0789029 0.395141 0.117799 0.911036 0.942902
3 61 73 0.753436 -0.431488 0.496137 -0.314359 0.299917 0.897015 0.324675 -0.119699 -0.585135 -0.0958216 0.805254 0.941727
3 62 65 0.762135 -0.643549 -0.0706746 0.294797 -0.579585 -0.629561 -0.517431 0.149188 0.288498 0.435314 -0.852801 0.943842
3 63 88 0.713309 -0.0612865 -0.698165 0.909415 -0.0341998 0.991939 -0.122016 0.179106 0.700015 0.110913 0.705463 0.375346
3 64 22 0.392655 0.89073 0.228957 -0.371402 -0.874222 0.438798 -0.207825 -0.0896813 -0.285582 -0.118556 0.950993 -0.924131
3 65 81 0.540562 0.0297885 0.840777 -0.229226 -0.28025 0.948671 0.14657 0.136375 -0.793254 -0.314858 0.521164 0.963773
3 66 76 -0.828486 0.405014 -0.38675 0.306562 0.55698 0.667689 -0.493927 0.125699 0.0581811 -0.624623 -0.778756 0.943514
3 67 77 -0.474441 -0.800086 0.367107 -0.216583 -0.880005 0.420514 -0.220816 -0.0601771 0.022298 -0.42782 -0.903589 0.974408
4 5 340 0.997914 0.00779694 -0.0640898 0.988716 -0.00840841 0.999922 -0.00927663 0.000781385 0.0640124 0.00979617 0.997901 -0.1498
4 6 175 0.995532 0.0371837 -0.0867935 0.938968 -0.0361932 0.999261 0.0129592 0.0840575 0.0872113 -0.00975994 0.996142 -0.333577
4 7 184 0.979774 0.053534 -0.192815 0.974187 -0.0544561 0.998516 0.000518296 0.0577268 0.192557 0.00999215 0.981235 -0.218237
4 8 107 0.946726 0.144234 -0.287936 0.995417 -0.162486 0.985883 -0.0403986 -0.0740697 0.278045 0.085032 0.956797 -0.0604935
4 9 103 0.957972 0.0942725 -0.270929 0.999216 -0.102218 0.994644 -0.0153322 0.0132867 0.268033 0.0423816 0.962477 0.0373048
4 10 97 0.151026 -0.97254 0.177079 -0.341012 -0.949763 -0.093082 0.298808 -0.037517 -0.27412 -0.213311 -0.93774 0.93931
4 11 90 0.705216 -0.694659 0.14184 -0.0959248 -0.679054 -0.60426 0.41684 -0.291441 -0.203853 -0.39028 -0.897845 0.951767
4 12 113 0.794818 0.117526 -0.595359 0.975279 -0.15293 0.988195 -0.00909179 -0.0580227 0.587262 0.0982747 0.803408 0.213226
4 13 119 -0.391725 0.303814 -0.868475 0.446925 -0.250095 0.873211 0.418276 -0.309559 0.88544 0.381051 -0.266077 0.839304
4 14 28 -0.0987592 0.994772 0.0259907 0.226203 -0.754085 -0.057771 -0.654231 0.291112 -0.649309 -0.0842105 0.755848 -0.929562
4 15 88 0.131547 -0.985046 -0.111265 -0.124765 -0.905063 -0.0735526 -0.41887 0.344181 0.404422 0.155803 -0.901204 0.930577
4 16 139 0.441054 0.232961 -0.866718 0.748423 -0.251734 0.959069 0.129682 -0.171754 0.861453 0.160986 0.481645 0.640596
4 17 157 0.608142 0.176486 -0.773962 0.920238 -0.175774 0.980709 0.0855161 -0.0821192 0.774124 0.0840366 0.627432 0.382647
4 18 110 0.765068 0.276861 -0.581394 0.470923 -0.287015 0.954826 0.0770015 -0.269844 0.576449 0.107958 0.80997 0.83989
4 19 37 -0.974927 0.0703335 0.211119 -0.234822 -0.157328 -0.88881 -0.430423 -0.148884 0.157372 -0.452846 0.87759 0.960569
4 20 40 -0.891218 0.407795 0.198579 0.272201 -0.453264 -0.784498 -0.42322 0.380899 -0.0168024 -0.46719 0.883997 -0.883641
4 21 35 0.986246 0.00784103 0.165101 0.230411 0.0142251 0.991141 -0.132047 0.350094 -0.164674 0.132579 0.977397 -0.907934
4 22 42 -0.610349 -0.61785 -0.495718 -0.17669 0.787795 -0.538858 -0.298348 -0.341821 -0.0827876 -0.57262 0.81563 0.923006
4 23 78 0.7986 -0.349323 0.490114 -0.200621 -0.369123 -0.927468 -0.0595877 -0.240433 0.47538 -0.133326 -0.869619 0.949707
4 24 85 0.477231 -0.729519 -0.489953 0.263337 -0.727053 -0.0146069 -0.686426 0.0991303 0.493604 0.683805 -0.53737 0.959597
4 25 86 0.667128 -0.0712877 0.741524 -0.46695 -0.0133992 -0.996398 -0.0837356 -0.160073 0.744823 0.0459265 -0.66568 0.869675
4 26 96 -0.969334 -0.0583889 -0.23871 -0.201831 -0.0522604 0.998123 -0.0319281 -0.0672026 0.240126 -0.0184739 -0.970566 0.977112
4 27 75 -0.848298 -0.497146 -0.182309 -0.277241 -0.458729 0.861936 -0.215949 -0.0282173 0.264496 -0.0995586 -0.959234 0.960386
4 28 35 0.853977 -0.403666 0.328295 -0.0243159 0.410772 0.910322 0.0507942 0.329801 -0.319358 0.0914773 0.943209 -0.943737
4 29 40 0.965707 0.168733 -0.197329 0.421126 -0.160614 0.985395 0.0565694 0.00972375 0.203993 -0.0229357 0.978704 -0.90695
4 30 54 0.977293 0.211811 -0.00587477 0.458089 -0.211827 0.97593 -0.0518661 0.00187648 -0.00525245 0.0519328 0.998637 -0.888904
4 31 36 0.852438 -0.521186 -0.0414014 -0.434428 0.521524 0.853231 -0.00303046 -0.0201779 0.0369044 -0.0190085 0.999138 -0.900481
4 32 43 -0.912347 0.34474 0.220856 0.244826 -0.40401 -0.845462 -0.349242 0.285448 0.0663278 -0.407858 0.910633 -0.926596
4 33 44 0.334471 -0.457223 0.824061 -0.0268699 0.932759 0.285408 -0.220234 -0.398042 -0.134497 0.842312 0.521939 0.916974
4 34 78 -0.631806 0.556602 -0.539458 0.128903 0.232871 0.800112 0.552803 -0.401744 0.739319 0.223641 -0.635132 0.906635
4 35 62 0.249475 -0.443615 -0.860795 0.39471 -0.469884 0.721791 -0.50816 0.00761164 0.846741 0.531248 -0.0283789 0.918774
4 36 86 -0.456343 -0.590997 -0.665187 0.361184 -0.542536 0.777336 -0.318438 0.00448002 0.70527 0.215571 -0.675369 0.932484
4 37 40 0.97207 -0.195114 0.130427 -0.365598 0.194444 0.980749 0.017982 0.0339397 -0.131424 0.00788094 0.991295 -0.930154
4 38 82 0.771574 0.454437 -0.445153 0.353189 0.549003 -0.829187 0.105095 -0.251552 -0.321356 -0.325479 -0.889266 0.901099
4 39 57 0.681219 -0.67863 -0.274595 0.452291 0.73095 0.651338 0.203645 -0.0100753 0.0406539 -0.339442 0.939748 0.891813
4 40 86 0.0285744 -0.947763 0.317692 -0.374953 -0.804983 0.166603 0.569426 -0.296964 -0.592609 -0.272007 -0.758173 0.878193
4 41 88 0.606808 0.334652 0.720966 -0.439253 0.159426 -0.939859 0.302074 -0.21795 0.778696 -0.0683602 -0.623666 0.871524
4 42 91 -0.63452 0.47088 0.612908 -0.438921 -0.149547 -0.852802 0.500364 -0.279411 0.7583 0.225832 0.611539 0.853977
4 43 58 0.605786 0.526508 0.5965 -0.0109712 0.694887 -0.715263 -0.0743688 0.254635 0.387499 0.459552 -0.79916 0.966975
4 44 35 -0.27081 -0.77893 -0.565623 0.497375 0.880436 -0.437996 0.181636 0.136308 -0.389222 -0.448806 0.804412 -0.856761
4 45 51 -0.978314 0.150108 0.142722 0.334018 -0.20289 -0.833162 -0.514468 0.359479 0.041685 -0.532268 0.845549 -0.871325
4 46 135 0.442078 -0.573861 -0.689384 0.600156 0.148888 0.804849 -0.5745 0.40557 0.884534 0.151333 0.441247 0.689439
4 47 94 0.767481 0.089013 0.634862 -0.0903672 0.0246597 -0.99368 0.109511 -0.284402 0.640597 -0.0683923 -0.764825 0.954437
4 48 30 -0.933696 -0.351502 0.0682441 -0.232553 0.290329 -0.854738 -0.430271 -0.277171 0.209572 -0.381929 0.900117 0.932253
4 49 75 0.890676 -0.0734253 0.448669 0.00127544 -0.218999 -0.934123 0.281876 -0.393607 0.398415 -0.349319 -0.848081 0.919278
4 50 89 -0.568568 -0.665666 -0.483341 0.386568 -0.614336 0.734339 -0.288684 0.148998 0.547103 0.132797 -0.826464 0.910145
4 51 112 -0.797618 -0.413469 0.439146 -0.14296 -0.185076 0.860721 0.474242 -0.341557 -0.574066 0.296989 -0.76305 0.928925
4 52 46 -0.927237 0.189752 -0.32284 0.265129 -0.053569 -0.920459 -0.387151 0.165774 -0.370624 -0.341687 0.863648 -0.949856
4 53 42 0.999208 0.0371423 -0.0142689 0.411148 -0.0343247 0.986029 0.163001 0.042169 0.0201237 -0.162382 0.986523 -0.910593
4 54 79 0.851454 -0.0311562 0.523502 -0.398464 -0.113145 -0.985638 0.125366 -0.046718 0.512078 -0.165975 -0.842751 0.915993
4 55 55 -0.904851 0.392952 -0.163808 0.41197 -0.353915 -0.908161 -0.223578 0.21451 -0.23662 -0.144331 0.960822 -0.885588
4 56 96 0.499136 0.643645 0.580159 -0.272347 0.450425 -0.764684 0.460842 -0.318273 0.740257 0.0312955 -0.671595 0.908036
4 57 28 -0.70445 0.701566 0.107496 0.283495 -0.707231 -0.681093 -0.189569 0.144826 -0.0597802 -0.209567 0.975965 0.947975
4 58 84 0.69343 0.618916 -0.368914 0.191776 0.549842 -0.785436 -0.284192 0.107695 -0.465649 -0.00577694 -0.884951 0.975512
4 59 72 -0.697583 -0.0805296 -0.711964 0.240338 -0.385605 0.879687 0.278316 -0.231118 0.603893 0.468686 -0.644707 0.942774
4 60 58 -0.96744 0.175046 0.182805 -0.330105 -0.203474 -0.967455 -0.150432 -0.196068 0.150523 -0.18273 0.971572 0.923357
4 61 32 0.0344492 0.811683 0.583082 -0.495224 -0.856004 0.325086 -0.401965 -0.0472093 -0.51582 -0.485273 0.706003 -0.867482
4 62 110 -0.798846 0.316764 -0.511376 0.543705 -0.10123 -0.908786 -0.404797 0.0404662 -0.592956 -0.271604 0.758046 0.8383
4 63 35 -0.78142 0.623899 0.0114862 0.297384 -0.595899 -0.740636 -0.310424 0.139904 -0.185166 -0.249416 0.950529 0.944452
4 64 72 0.910548 -0.411268 -0.0419603 0.305504 -0.365717 -0.754033 -0.545605 0.125726 0.19275 0.512145 -0.836991 0.943854
4 65 103 -0.921857 -0.124232 -0.367078 0.191468 -0.0338769 0.969431 -0.243013 0.21303 0.386046 -0.211588 -0.897886 0.958101
4 66 25 -0.952842 -0.283868 -0.107287 0.306562 0.267435 -0.95257 0.145222 0.125699 -0.143422 0.109681 0.983565 0.943514
4 67 46 -0.971545 0.0474063 0.232063 -0.216613 -0.10807 -0.960559 -0.256216 -0.0601097 0.210764 -0.274004 0.93835 0.974405
5 6 183 0.998516 0.0351811 -0.0415597 0.935634 -0.0343386 0.999193 0.0208155 0.190615 0.0422585 -0.0193575 0.998919 -0.297078
