0 1 407 0.9996 0.0061926 -0.0276121 0.986299 -0.00671509 0.999799 -0.0188702 0.0210358 0.0274897 0.019048 0.999441 -0.163618
0 2 404 0.994971 0.0415131 -0.0911578 0.917518 -0.0451074 0.998269 -0.0377291 0.0259918 0.0894338 0.0416512 0.995121 -0.396844
0 3 366 0.979068 0.0528482 -0.196552 0.991646 -0.0556707 0.99841 -0.00885915 0.104441 0.195772 0.0196159 0.980453 -0.075697
0 4 262 0.968603 0.0997158 -0.227737 0.988143 -0.0994513 0.994962 0.0126664 0.014759 0.227853 0.01038 0.97364 -0.152826
0 5 132 0.989115 -0.0917967 0.115001 -0.223865 0.0933062 0.995607 -0.00780036 0.210741 -0.11378 0.0184458 0.993335 -0.951563
0 6 156 0.995544 0.0859481 -0.038783 0.868575 -0.0850197 0.996066 0.0249886 0.0775372 0.0407782 -0.02158 0.998935 -0.489454
0 7 112 0.948412 0.155488 -0.276293 0.976424 -0.155101 0.987622 0.0233958 0.0445065 0.27651 0.0206643 0.960789 -0.211221
0 8 50 -0.158124 -0.983427 -0.0887019 -0.307252 0.978849 -0.144308 -0.145014 0.263825 0.129811 -0.109756 0.985445 -0.914326
0 9 96 -0.622019 0.763403 0.174093 0.0931617 0.671807 0.634537 -0.38215 0.3025 -0.402203 -0.120747 -0.907553 0.948586
0 10 36 -0.527505 -0.798028 0.29136 -0.41312 0.83912 -0.435846 0.325448 0.145475 -0.132728 0.416161 0.899552 -0.898982
0 11 142 -0.362998 0.550158 0.752036 -0.270681 0.918749 0.345884 0.190434 -0.0617478 -0.155348 0.760059 -0.631012 0.960687
0 12 122 0.294534 0.206007 -0.933173 0.861024 -0.299407 0.947217 0.114607 -0.116528 0.907527 0.245643 0.340668 0.495034
0 13 145 0.527583 0.307608 -0.791854 0.927197 -0.368648 0.922697 0.112819 -0.160658 0.765346 0.232394 0.600199 0.338372
0 14 154 -0.998563 -0.0335227 -0.0418199 0.0856356 0.0523806 -0.775689 -0.628938 0.996031 -0.0113555 -0.630225 0.77633 -0.0242689
0 15 139 -0.762122 0.102629 -0.639248 0.265248 -0.167527 0.92247 0.347828 -0.224209 0.625384 0.372179 -0.685841 0.937749
0 16 122 -0.995692 0.0181028 0.0909349 -0.0162212 0.046894 0.944392 0.325462 -0.178569 -0.0799864 0.328324 -0.941172 0.983794
0 17 49 -0.979017 0.168689 0.114321 0.360446 -0.200045 -0.902477 -0.381466 -0.300412 0.0388226 -0.396331 0.917286 0.883081
0 18 55 -0.97054 -0.219419 0.099531 -0.102673 0.206868 -0.970652 -0.122637 0.394837 0.123519 -0.098434 0.987448 -0.912996
0 19 139 -0.996903 0.000967968 0.0786321 0.0369639 0.0653261 -0.546458 0.834935 -0.85195 0.0437773 0.837486 0.544702 0.522317
0 20 94 -0.860971 0.357787 -0.36155 0.148731 0.414091 0.905803 -0.0897145 -0.128687 0.295394 -0.226956 -0.928026 0.980469
0 21 114 -0.879919 0.110785 0.462028 -0.323451 0.374737 0.759636 0.531531 -0.287763 -0.292087 0.640843 -0.709934 0.901428
0 22 37 0.32714 -0.933219 0.148602 0.313183 0.917791 0.276328 -0.285135 0.0302929 0.225031 0.229664 0.946898 0.94921
0 23 139 -0.96118 -0.266232 0.0724865 0.194832 -0.103906 0.105876 -0.988936 0.331272 0.255612 -0.958077 -0.129429 0.923201
0 24 111 -0.985315 0.170548 -0.00825753 0.220765 0.0321932 0.23305 0.971932 -0.263103 0.167685 0.957393 -0.235118 0.93917
0 25 158 -0.840819 -0.339802 0.421377 -0.117809 -0.466386 0.8499 -0.245265 -0.0304558 -0.274786 -0.402748 -0.87309 0.992569
0 26 137 -0.122949 -0.0443167 -0.991423 0.263972 -0.982389 -0.136197 0.127917 -0.361945 -0.140697 0.98969 -0.026791 0.894044
0 27 116 0.538696 0.574866 0.615902 -0.430653 0.819115 -0.528413 -0.223228 -0.0726998 0.197125 0.624746 -0.755535 0.899585
0 28 86 0.763919 -0.602218 0.231865 -0.150559 -0.643099 -0.740193 0.196311 -0.320023 0.0534025 -0.299077 -0.952733 0.93537
0 29 39 -0.728889 0.634189 0.257926 -0.380962 -0.669018 -0.739786 -0.0716314 -0.0185687 0.145382 -0.224769 0.963506 -0.924404
0 30 93 -0.304393 -0.914391 -0.266898 0.190462 -0.775108 0.400634 -0.48857 0.029373 0.553672 0.0581575 -0.830701 0.981255
0 31 41 -0.580926 -0.790568 0.193717 -0.477226 0.779629 -0.608825 -0.146662 0.263142 0.233886 0.0658274 0.970033 -0.838458
0 32 39 0.663772 -0.731632 0.155309 -0.189057 0.667822 0.673256 0.317397 -0.147882 -0.336781 -0.10696 0.935488 -0.970767
0 33 40 -0.110496 -0.989389 0.0943369 0.155036 0.921487 -0.137547 -0.36324 0.304032 0.372362 0.0467937 0.926907 -0.939962
0 34 94 0.518837 -0.101882 0.848781 -0.251384 -0.494514 -0.845663 0.200775 -0.223382 0.697327 -0.523904 -0.489143 0.941757
0 35 73 -0.573078 -0.790794 0.215002 0.2299 0.81918 -0.560128 0.123292 -0.355217 0.0229297 0.246781 0.9688 0.906072
0 36 73 0.991151 -0.0141501 0.131981 -0.199338 0.00507049 0.997612 0.0688788 -0.361951 -0.13264 -0.0676001 0.988856 -0.910635
0 37 27 -0.863031 0.479562 0.158738 -0.2856 -0.504988 -0.827026 -0.247013 -0.0633185 0.0128224 -0.29334 0.955922 -0.956255
0 38 61 0.986801 0.0959711 -0.130439 0.0324778 -0.12583 0.961438 -0.24455 0.329771 0.101939 0.257735 0.960823 -0.943502
0 39 75 0.927921 -0.282554 0.243157 -0.0162197 -0.234129 -0.949327 -0.209671 0.149705 0.290079 0.137628 -0.947055 0.988598
0 40 55 0.217805 -0.873292 -0.4358 0.473648 0.966472 0.2552 -0.028365 0.122878 0.135987 -0.415011 0.899596 -0.8721
0 41 78 -0.962342 0.0762271 0.260935 -0.156446 0.0831802 0.996411 0.0156907 0.0938571 -0.258803 0.0368045 -0.965229 0.983217
0 42 105 0.650389 0.32644 0.68588 -0.470608 0.284576 -0.9419 0.178441 -0.304273 0.70428 0.0791288 -0.705498 0.828219
0 43 138 -0.022433 0.539357 -0.841778 0.351226 0.992025 0.116468 0.0481882 -0.065977 0.124031 -0.833984 -0.537668 0.933963
0 44 54 0.727628 -0.54572 -0.415628 -0.365985 0.48591 0.837714 -0.24925 -0.246658 0.484198 -0.0205963 0.874716 0.897338
0 45 89 0.695152 -0.648279 0.310641 -0.389207 0.530885 0.754328 0.3862 -0.268929 -0.484691 -0.103553 0.868534 0.881019
0 46 46 0.952743 0.247108 -0.176687 0.0672731 -0.269342 0.956137 -0.115142 -0.173633 0.140484 0.15729 0.977509 -0.98251
0 47 55 -0.977535 -0.0133272 0.210353 -0.144121 -0.0536319 -0.949423 -0.309385 0.226248 0.203838 -0.313716 0.927379 0.963349
0 48 84 -0.655139 0.680301 -0.328608 0.248681 0.601096 0.732845 0.318782 0.0417234 0.457686 0.0113217 -0.889042 0.967686
0 49 55 0.775923 -0.622949 -0.0993887 0.149862 0.62249 0.781636 -0.0393948 0.300495 0.102227 -0.0313011 0.994269 -0.941936
0 50 95 -0.885485 -0.296518 0.357763 -0.320256 -0.117869 0.888082 0.444317 -0.308758 -0.449471 0.351267 -0.821333 0.895603
0 51 43 -0.983298 0.181895 -0.00618327 0.10651 -0.17883 -0.959295 0.218568 -0.22717 0.033825 0.216024 0.975802 -0.968013
0 52 30 -0.660002 -0.674835 0.330145 0.287946 0.740183 -0.659311 0.132052 -0.211822 0.128555 0.331522 0.934648 0.933926
0 53 67 -0.115795 -0.98318 0.141236 -0.227232 0.944926 -0.0652177 0.320721 -0.34387 -0.306115 0.170596 0.936584 0.911109
0 54 109 -0.767107 -0.428264 -0.477637 0.469026 -0.633042 0.625976 0.455425 -0.243647 0.103946 0.651724 -0.751299 0.848912
0 55 117 -0.340716 0.203094 -0.917968 0.40366 -0.203951 0.937172 0.283041 -0.201448 0.917778 0.283658 -0.277888 0.892456
0 56 42 -0.00507005 -0.8986 0.438739 0.129438 0.99996 -0.00777467 -0.00436814 0.143993 0.00733627 0.438699 0.898604 0.981077
0 57 45 0.360829 -0.928812 -0.0843234 0.17757 0.922794 0.342463 0.176549 0.157201 -0.135104 -0.141517 0.980673 -0.971471
0 58 74 0.891234 0.11165 -0.439587 0.240208 0.154141 -0.986098 0.0620523 0.0136093 -0.426548 -0.123061 -0.896054 0.970626
0 59 36 -0.935262 0.0592551 -0.348962 0.158678 -0.150679 -0.958747 0.241039 0.197655 -0.320284 0.278015 0.905608 0.967344
0 60 85 0.94537 -0.184326 -0.268887 0.268871 -0.103546 -0.951874 0.288469 -0.178566 -0.309118 -0.244867 -0.918959 0.946479
0 61 60 0.888219 0.207189 -0.410048 -0.00470571 0.116037 -0.964769 -0.236128 0.0466295 -0.444525 0.162153 -0.880968 0.998901
0 62 131 -0.0269399 -0.654112 0.755918 -0.374586 -0.872535 0.384398 0.301531 -0.260713 -0.487808 -0.651442 -0.581091 0.889783
0 63 47 -0.737742 -0.42035 -0.528245 0.479911 0.620496 -0.730468 -0.28531 0.089452 -0.265936 -0.538259 0.799722 -0.872745
0 64 101 0.950854 0.125696 0.282979 0.0640113 0.303745 -0.556125 -0.773604 0.0163191 0.0601325 0.821538 -0.566973 0.997816
0 65 33 -0.907968 0.374796 -0.18741 0.121947 -0.249563 -0.842924 -0.476652 0.184951 -0.33662 -0.386014 0.858883 -0.975152
0 66 129 -0.863641 -0.0971503 -0.494658 0.257465 -0.384585 0.761371 0.521928 -0.364278 0.325913 0.640996 -0.694913 0.894993
0 67 80 -0.995822 -0.0848838 -0.0336575 -0.120804 -0.0907273 0.878082 0.46983 -0.391877 -0.0103269 0.470921 -0.882115 0.912052
1 2 532 0.996927 0.0381537 -0.0684104 0.890211 -0.0397799 0.998954 -0.0225684 0.082387 0.0674778 0.0252205 0.997402 -0.448036
1 3 488 0.986329 0.051676 -0.156478 0.960233 -0.0500265 0.998643 0.0144645 0.0948279 0.157013 -0.0064387 0.987576 -0.262602
1 4 345 0.979735 0.0983211 -0.174507 0.960706 -0.0945828 0.995076 0.0296315 0.0546643 0.176561 -0.0125257 0.98421 -0.272132
1 5 246 0.952452 0.0953676 -0.289378 0.986189 -0.0959614 0.995311 0.0121699 0.0551696 0.289181 0.0161778 0.957138 -0.156167
1 6 142 0.988971 -0.0226946 0.14636 -0.24465 0.0207983 0.999679 0.014474 0.186091 -0.146641 -0.0112703 0.989126 -0.951586
1 7 126 0.949499 0.139137 -0.281235 0.956234 -0.136482 0.990215 0.029107 0.0693671 0.282533 0.0107465 0.959197 -0.284261
1 8 64 0.971909 0.235037 0.0122938 0.132833 -0.229435 0.957798 -0.173158 0.242739 -0.0524736 0.165473 0.984817 -0.960954
1 9 46 0.969904 0.12781 -0.207247 0.115969 -0.114891 0.990672 0.0732693 0.0756154 0.214679 -0.0472533 0.975541 -0.99037
1 10 82 0.370897 0.9044 0.210939 -0.409027 -0.913882 0.395828 -0.090218 0.111753 -0.165089 -0.159312 0.973327 -0.905653
1 11 168 -0.935649 -0.146443 0.321115 -0.200844 -0.0593061 0.962152 0.265982 -0.12782 -0.347913 0.229822 -0.908922 0.971249
1 12 170 -0.864025 0.365885 0.345816 -0.18103 -0.0153075 0.667484 -0.744466 0.377102 -0.503216 -0.648531 -0.571123 0.908307
1 13 135 0.563059 -0.618171 0.548478 -0.402196 -0.799175 -0.576291 0.170902 -0.319903 0.210436 -0.534558 -0.818513 0.857846
1 14 146 -0.9883 0.0178272 0.151475 -0.0699552 -0.0538692 0.888338 -0.45602 0.213429 -0.14269 -0.458844 -0.876984 0.974451
1 15 156 0.715744 0.225721 -0.660879 0.977344 -0.261374 0.96413 0.0462231 -0.0737033 0.647607 0.139653 0.749068 0.198411
1 16 197 0.605351 0.19595 -0.771462 0.958294 -0.210693 0.974099 0.0820935 -0.0453201 0.767567 0.112846 0.630957 0.282166
1 17 62 -0.335961 0.913399 0.229854 -0.360446 -0.941478 -0.318568 -0.110156 0.300412 -0.0273927 -0.25341 0.966971 -0.883081
1 18 119 -0.981926 -0.0102261 0.188987 0.0731337 0.0691881 -0.948821 0.308143 -0.420372 0.176163 0.315649 0.93238 0.9044
1 19 170 -0.94799 -0.202086 -0.245921 0.19957 -0.00396381 0.780039 -0.625718 0.257298 0.318277 -0.592199 -0.74027 0.9455
1 20 74 -0.457251 0.887515 0.0569081 0.296444 -0.865693 -0.458839 0.200109 -0.29503 0.203711 0.0422349 0.97812 0.908338
1 21 67 -0.48573 0.864345 0.130281 -0.106506 -0.872517 -0.488421 -0.0126135 -0.339047 0.0527296 -0.119799 0.991397 -0.934721
1 22 73 -0.917949 -0.372447 -0.136577 0.317493 0.387799 -0.915014 -0.111182 0.374984 -0.0835609 -0.155024 0.98437 -0.870968
1 23 95 -0.992924 0.0299124 -0.114921 0.219112 -0.017653 0.919822 0.391939 -0.157889 0.117431 0.391194 -0.912785 0.96284
1 24 147 -0.935114 -0.195151 0.295766 0.103803 -0.108725 -0.636399 -0.763659 0.757752 0.337254 -0.746266 0.573888 0.644233
1 25 66 0.523661 -0.68304 -0.509151 -0.104412 0.704324 0.683332 -0.192313 -0.390331 0.479277 -0.257901 0.838916 0.914735
1 26 133 -0.138071 0.0782299 -0.987328 0.262611 -0.981681 0.121342 0.146896 -0.3618 0.131296 0.989523 0.0600431 0.894503
1 27 136 0.415263 0.715756 0.561471 -0.430653 0.909542 -0.315102 -0.271007 -0.0726998 -0.017054 0.623221 -0.78186 0.899585
1 28 62 -0.691794 0.690835 -0.210162 -0.150559 -0.707175 -0.589311 0.390662 -0.320023 0.146032 0.418879 0.896223 0.93537
1 29 54 -0.712921 0.584336 0.387679 -0.379614 -0.657628 -0.749048 -0.0803263 -0.015037 0.243453 -0.312215 0.918288 -0.925023
1 30 80 -0.853242 0.214837 0.475208 -0.267298 0.404675 0.847516 0.343446 -0.306359 -0.328961 0.485348 -0.810075 0.913617
1 31 91 0.340449 0.861141 -0.377532 0.476618 0.90468 -0.190588 0.381091 -0.262999 0.25622 -0.471288 -0.843943 0.838848
1 32 126 0.820098 0.470564 0.32559 -0.0682936 0.250745 -0.806974 0.534715 -0.313279 0.51436 -0.356878 -0.779789 0.947202
1 33 68 -0.905194 0.180954 0.384551 -0.412859 0.335946 0.858868 0.386634 -0.130009 -0.260316 0.479167 -0.838233 0.901469
1 34 60 0.971934 -0.229735 -0.0506653 0.141029 0.234693 0.961741 0.141326 -0.299194 0.0162593 -0.14925 0.988666 -0.943713
1 35 40 0.693553 0.71637 0.0761476 -0.22884 -0.630831 0.65496 -0.416028 0.356903 -0.347903 0.240501 0.906158 -0.905678
1 36 135 0.992701 -0.101496 0.0651338 0.0588698 0.0725522 0.934039 0.349724 -0.9971 -0.0963332 -0.342446 0.934586 -0.0482269
1 37 46 0.916972 0.137959 0.37434 -0.105079 -0.0471674 0.969215 -0.241655 -0.145624 -0.396154 0.203934 0.89525 0.983744
1 38 125 0.994248 0.03979 -0.0994395 -0.0322048 0.091125 -0.802138 0.590145 -0.397801 -0.0562823 -0.595812 -0.80115 0.916906
1 39 53 -0.234209 -0.972161 -0.00700125 -0.0166962 0.91664 -0.218422 -0.334759 0.152532 0.32391 -0.0848213 0.942278 0.988158
1 40 114 -0.507706 -0.637963 0.578997 -0.473648 -0.832638 0.535934 -0.139602 -0.122878 -0.221243 -0.552972 -0.80329 0.8721
1 41 93 -0.144768 0.989454 0.00470462 -0.155866 0.968017 0.142613 -0.206409 0.0953292 -0.204903 -0.0253272 -0.978455 0.983167
1 42 104 -0.64456 -0.569571 0.510031 -0.471191 -0.657396 0.75347 0.0106342 -0.30376 -0.39035 -0.328438 -0.86009 0.828076
1 43 121 -0.564997 0.422946 -0.708445 0.351226 0.450355 0.877523 0.164721 -0.065977 0.691346 -0.225985 -0.686274 0.933963
1 44 137 0.0137632 0.878287 0.477937 -0.365985 0.778804 -0.309195 0.545768 -0.246658 0.627116 0.364707 -0.688269 0.897338
1 45 107 0.309397 -0.499862 0.808957 -0.389207 0.939007 0.294904 -0.176912 -0.268929 -0.150133 0.814352 0.560616 0.881019
1 46 151 -0.676246 -0.633755 0.375562 -0.123968 -0.354098 0.726688 0.588676 -0.191424 -0.645993 0.265104 -0.71583 0.973647
1 47 33 -0.815688 0.568982 0.104463 -0.161008 -0.578483 -0.801244 -0.152859 -0.0621502 -0.00327367 -0.185115 0.982711 -0.984994
1 48 50 -0.0381508 0.938295 0.343725 0.18754 -0.980762 0.0307412 -0.192774 0.160785 -0.191445 -0.344466 0.919071 0.969008
1 49 117 -0.379347 0.875502 -0.299318 0.299348 0.922216 0.383966 -0.045695 -0.0193196 0.0749218 -0.29337 -0.953059 0.953949
1 50 124 -0.288347 0.747785 -0.598058 0.308563 0.685607 0.59725 0.416217 -0.14951 0.668431 -0.290018 -0.684901 0.93938
1 51 105 -0.6579 -0.57179 -0.490126 0.335753 -0.621339 0.779868 -0.0757801 -0.074779 0.425564 0.254679 -0.868351 0.938977
1 52 106 -0.83259 0.0261614 -0.553271 0.331036 -0.165038 0.941795 0.29289 -0.243036 0.52873 0.335168 -0.779812 0.911783
1 53 63 0.997932 0.0474335 0.0433794 0.226433 -0.0410903 0.989726 -0.136949 0.343048 -0.0494297 0.134883 0.989628 -0.911617
1 54 50 -0.833717 -0.369021 0.410778 -0.469026 0.421482 -0.90588 0.0416487 0.243647 0.356746 0.207859 0.910784 -0.848912
1 55 71 0.13822 0.930061 -0.340416 0.496024 -0.990031 0.139153 -0.0218003 0.0834756 0.0270943 0.340035 0.940022 -0.864287
1 56 72 -0.79688 0.0723649 -0.599788 0.176934 -0.0132179 0.990474 0.137063 0.1413 0.603993 0.117151 -0.788333 0.974027
1 57 62 -0.979209 0.067139 -0.191424 0.238576 -0.0548462 -0.996121 -0.0688142 0.376376 -0.195301 -0.0568846 0.979092 -0.895222
1 58 30 0.816824 0.522798 0.243887 -0.240208 -0.506543 0.852288 -0.13046 -0.0136093 -0.276066 -0.0169769 0.960989 -0.970626
1 59 75 0.146394 -0.901568 0.407117 -0.133418 -0.97907 -0.0732302 0.18989 -0.250148 -0.141386 -0.426395 -0.893419 0.958971
1 60 55 -0.256017 0.877881 -0.404698 -0.225667 -0.583025 -0.474163 -0.659736 0.0713029 -0.771062 0.0670451 0.63322 0.971592
1 61 45 0.513534 0.808225 -0.288194 0.480868 -0.857959 0.489038 -0.157319 0.075497 0.0137886 0.328047 0.944561 -0.873536
1 62 48 0.558056 0.811065 -0.175349 0.374586 -0.769553 0.4268 -0.475006 0.260713 -0.310421 0.40002 0.862335 -0.889783
1 63 78 0.711109 -0.528112 0.464135 -0.177558 0.437697 0.849145 0.295591 -0.215912 -0.550223 -0.00704681 0.834988 0.960133
1 64 50 0.847975 -0.479333 0.226224 -0.185642 0.499904 0.865121 -0.0407761 -0.220842 -0.176166 0.147668 0.973221 0.957479
1 65 40 0.684082 -0.645478 -0.339692 0.0467312 0.634653 0.75627 -0.158971 0.0177165 0.359511 -0.106837 0.927005 0.99875
1 66 106 -0.164428 -0.888037 0.429364 -0.450936 -0.901634 0.311842 0.299683 -0.0945886 -0.400024 -0.337853 -0.85196 0.88753
1 67 124 0.914893 -0.33996 -0.217711 0.21512 0.193059 0.842076 -0.503623 0.426945 0.354541 0.41873 0.836041 0.878317
2 3 277 0.998029 0.01346 -0.0612863 0.944184 -0.0111918 0.999245 0.0372042 0.154533 0.0617408 -0.036445 0.997427 -0.290922
2 4 189 0.996991 0.0510308 -0.0583484 0.966387 -0.0481745 0.997619 0.0493548 0.0985751 0.0607281 -0.0463954 0.997076 -0.237441
2 5 194 0.983198 0.0678743 -0.169452 0.988409 -0.0625403 0.99737 0.0366258 0.0518104 0.171492 -0.0254128 0.984858 -0.142703
2 6 152 0.988778 0.0836955 -0.123745 0.963281 -0.0756437 0.994786 0.0684005 0.057186 0.128824 -0.0582724 0.989954 -0.262335
2 7 105 0.999148 -0.0291749 0.0291924 0.16622 0.03272 0.991049 -0.12943 0.604638 -0.0251549 0.130275 0.991159 -0.778963
2 8 105 0.916563 -0.38856 0.0945205 0.01805 -0.295163 -0.816824 -0.495659 0.310252 0.2698 0.426403 -0.863359 0.950483
2 9 127 0.956617 -0.224744 0.185401 -0.102192 0.0277817 -0.563091 -0.825928 0.221142 0.29002 0.795248 -0.532419 0.969873
2 10 134 -0.947328 0.167065 0.27324 -0.155563 0.0320229 0.898299 -0.438216 0.312435 -0.318661 -0.406384 -0.856333 0.937115
2 11 127 -0.77932 0.454512 0.431368 -0.159519 -0.219217 0.447148 -0.867181 0.303241 -0.58703 -0.770375 -0.248835 0.939467
2 12 156 0.727651 0.197998 -0.656751 0.963465 -0.212757 0.975363 0.0583279 -0.0679243 0.652119 0.0972859 0.751849 0.259076
2 13 149 0.655779 0.232196 -0.718359 0.955117 -0.255896 0.963564 0.0778508 -0.0844639 0.710262 0.132773 0.691303 0.283932
2 14 129 -0.969361 0.160003 0.18638 -0.0838853 0.0538744 0.878766 -0.474202 0.133112 -0.239658 -0.449632 -0.860462 0.987545
2 15 132 0.757202 0.236808 -0.608743 0.999217 -0.253442 0.965468 0.0603273 -0.0255875 0.602008 0.108601 0.791071 0.0301822
2 16 68 0.734629 0.109077 -0.669643 0.569371 -0.123518 0.992 0.026081 -0.293226 0.667131 0.0635529 0.742225 -0.768007
2 17 62 -0.927433 0.259339 0.269464 -0.360446 -0.308026 -0.938319 -0.157092 0.300412 0.212103 -0.228695 0.950111 -0.883081
2 18 120 -0.998452 0.00193082 0.0555786 0.0911578 -0.0135766 0.960695 -0.277275 0.188832 -0.0539294 -0.277601 -0.959182 0.977769
2 19 117 -0.568156 -0.206787 0.796516 -0.478834 0.282012 0.860376 0.424526 -0.277861 -0.77309 0.465824 -0.430511 0.832773
2 20 135 -0.674256 0.720678 -0.161251 0.106398 0.617322 0.430179 -0.65868 0.165786 -0.405329 -0.543663 -0.734941 0.980405
2 21 79 0.998098 -0.0581877 -0.0203588 0.0946134 0.0549438 0.989424 -0.134242 0.466247 0.0279547 0.132868 0.990739 0.879581
2 22 132 0.689311 0.251165 -0.679534 0.449842 0.560902 -0.778677 0.281162 -0.32331 -0.45852 -0.57496 -0.677629 0.832534
2 23 124 -0.9876 -0.155754 -0.0196873 0.1972 -0.114038 0.797906 -0.591896 0.208851 0.107899 -0.582311 -0.805774 0.957859
2 24 57 -0.932429 0.0150886 0.361037 -0.245654 -0.0538704 -0.993767 -0.0975961 -0.123018 0.357314 -0.110451 0.927431 -0.96152
2 25 101 -0.809958 0.457745 0.366656 -0.116163 0.506595 0.861055 0.0441216 -0.0291679 -0.295515 0.221483 -0.92931 0.992802
2 26 47 -0.72402 -0.679089 -0.120971 -0.263972 0.665435 -0.641462 -0.381737 0.361945 0.181635 -0.356883 0.916321 -0.894044
2 27 90 0.625451 -0.280892 0.72795 -0.430653 -0.368302 -0.92876 -0.0419342 -0.0726998 0.68787 -0.241878 -0.684347 0.899585
2 28 32 0.575454 -0.811374 -0.10259 -0.150559 0.666967 0.538187 -0.515276 -0.320023 0.473294 0.228093 0.850862 0.93537
2 29 31 0.645258 -0.707433 0.28841 -0.379614 0.76391 0.59294 -0.254685 -0.015037 0.0091625 0.384657 0.923014 -0.925023
2 30 77 0.161968 0.888067 0.430235 -0.189353 0.456909 -0.453932 0.764971 -0.245886 0.874643 0.0726772 -0.479288 0.950624
2 31 53 -0.98124 -0.180772 -0.0669978 0.261584 0.192462 -0.938721 -0.285939 0.288442 -0.0112026 -0.293469 0.955903 -0.921073
2 32 84 0.823391 0.382829 -0.418892 0.390962 0.256767 -0.909619 -0.326595 -0.0321242 -0.506062 0.161358 -0.847269 0.919846
2 33 83 0.386963 -0.525885 -0.757433 0.388774 -0.456272 -0.823017 0.338316 -0.128762 -0.801296 0.21468 -0.558424 0.912291
2 34 30 0.816699 -0.576288 0.0299024 0.42644 0.521205 0.714412 -0.466863 -0.26848 0.247685 0.396872 0.883824 0.863752
2 35 44 -0.223761 -0.971211 0.0817305 0.223839 0.974506 -0.224351 0.00201084 -0.371689 0.0163834 0.0800969 0.996652 0.900968
2 36 40 -0.480534 -0.861408 -0.164509 -0.328037 0.867138 -0.494728 0.0575838 0.0155025 -0.130991 -0.114981 0.984693 -0.944538
2 37 83 -0.628304 -0.527015 -0.572267 0.473812 -0.726772 0.660055 0.190078 0.045143 0.277554 0.535334 -0.797735 0.879468
2 38 149 -0.0294434 -0.522369 0.852211 -0.425905 -0.951364 0.276209 0.136436 -0.190333 -0.306658 -0.806746 -0.505096 0.884521
2 39 37 -0.99177 -0.0506626 0.117583 -0.0177125 0.0839829 -0.950621 0.298776 0.146694 0.0966397 0.306192 0.947052 0.989023
2 40 107 0.388412 0.854871 -0.343995 0.12163 0.738332 -0.512077 -0.43891 0.277544 -0.551364 -0.0835042 -0.830075 0.952982
2 41 27 0.947047 0.206225 -0.246115 0.156152 -0.176709 0.974716 0.136761 -0.0953428 0.268095 -0.086028 0.959544 -0.983121
2 42 40 0.951386 -0.193014 -0.240023 -0.471191 0.0454675 0.858763 -0.510351 -0.30376 0.304628 0.474628 0.825791 0.828076
2 43 79 -0.213412 -0.662671 0.71786 0.351226 0.860947 -0.474865 -0.182407 -0.065977 0.461763 0.579112 0.671867 0.933963
2 44 68 -0.488403 -0.827265 -0.277659 0.366416 0.865421 -0.418418 -0.275632 0.246319 0.111843 -0.374912 0.920289 -0.897255
2 45 123 -0.674227 -0.637779 0.372366 -0.389207 -0.412374 0.743396 0.526602 -0.268929 -0.612671 0.201495 -0.764221 0.881019
2 46 57 -0.191883 0.978976 0.0691886 0.123968 -0.956663 -0.202312 0.209439 0.191424 0.219034 -0.0260023 0.975371 -0.973647
2 47 82 0.629622 -0.442552 -0.638533 0.399755 -0.514966 -0.853133 0.0835067 0.00791793 -0.58171 0.276245 -0.76505 0.916588
2 48 116 0.556526 0.272945 -0.784716 0.379337 0.374603 -0.925478 -0.0562348 -0.100264 -0.741587 -0.262661 -0.617299 0.91981
2 49 81 -0.00815711 -0.899665 0.436506 -0.2867 0.913774 -0.184001 -0.362162 -0.304447 0.406142 0.395913 0.823591 0.908359
2 50 114 0.41433 -0.258893 0.872528 -0.176032 0.0140847 -0.95675 -0.290571 0.0707888 0.910018 0.132682 -0.392764 0.981836
2 51 39 0.0447635 -0.991226 0.124366 -0.336752 0.985543 0.0234543 -0.167794 0.013293 0.163405 0.130079 0.977946 -0.9415
2 52 127 -0.948211 -0.296543 0.113838 0.0142954 -0.306309 0.758763 -0.57485 0.328881 0.0840916 -0.579949 -0.810301 0.944263
2 53 171 0.143512 -0.707163 0.692333 -0.227232 -0.477939 0.563061 0.674193 -0.34387 -0.86659 -0.427648 -0.257175 0.911109
2 54 69 -0.919916 -0.358406 -0.159059 0.308193 0.391644 -0.859694 -0.327934 0.338834 -0.0192086 -0.363966 0.931214 -0.888937
2 55 35 0.975047 0.21758 0.0440678 0.151524 -0.217114 0.976028 -0.0151655 0.151118 -0.0463112 0.00521935 0.998913 -0.976834
2 56 73 -0.778253 0.0511417 -0.625865 0.179208 -0.0549608 0.987306 0.149019 0.14176 0.625541 0.150373 -0.765563 0.973544
2 57 47 -0.758462 -0.601 0.252062 -0.188478 0.646526 -0.742588 0.174838 0.0477489 0.0821005 0.295572 0.951786 0.980916
2 58 36 0.0787731 0.871279 -0.484424 -0.122207 -0.983726 0.146653 0.103804 -0.0935499 0.161484 0.468364 0.868653 0.988086
2 59 55 -0.363056 0.818647 -0.44498 -0.0511322 -0.47562 -0.573486 -0.667008 0.0601706 -0.801234 -0.0305199 0.597572 0.996878
2 60 113 -0.51845 -0.277422 0.808855 -0.491499 -0.631507 0.761989 -0.143428 -0.0946288 -0.576549 -0.585157 -0.570247 0.865722
2 61 27 0.258653 0.897 -0.358454 0.48526 -0.939539 0.319826 0.122387 0.0657068 0.224424 0.305126 0.92549 -0.871897
2 62 81 0.393225 -0.903806 0.168848 0.0986712 -0.870886 -0.307235 0.38362 -0.241687 -0.294843 -0.297896 -0.907924 0.965325
2 63 90 -0.928057 -0.308756 0.20828 -0.154512 -0.194793 0.879041 0.435135 -0.179875 -0.317437 0.363259 -0.875943 0.971479
2 64 76 -0.500573 0.827551 0.254136 0.0640339 0.772134 0.559547 -0.301193 0.0162819 -0.391453 0.0454583 -0.919074 0.997815
2 65 53 -0.676869 -0.736081 -0.0056914 -0.453351 0.734579 -0.675945 0.0590863 -0.0994239 -0.0473394 0.035813 0.998237 0.885769
2 66 39 -0.665812 0.637172 -0.388208 0.450936 -0.690901 -0.722947 -0.00162692 0.0945886 -0.28169 0.26713 0.921571 -0.88753
2 67 50 -0.238731 -0.89218 -0.383436 0.120622 0.970618 -0.206973 -0.122731 0.392719 0.0301376 -0.401469 0.915376 -0.911714
3 4 521 0.995992 0.0488911 -0.0748926 0.99663 -0.0487424 0.998804 0.00381329 0.0649736 0.0749895 -0.00014756 0.997184 -0.0500674
3 5 383 0.99167 0.0529495 -0.117417 0.988308 -0.0539361 0.998531 -0.00523858 0.0529325 0.116967 0.0115279 0.993069 -0.142991
3 6 301 0.979133 0.0987938 -0.17759 0.989892 -0.0967973 0.995105 0.019893 0.0585904 0.178686 -0.0022877 0.983903 -0.129157
3 7 177 0.975973 0.153018 -0.15512 0.942056 -0.150648 0.988219 0.026988 -0.0419268 0.157422 -0.00297102 0.987527 -0.332826
3 8 114 0.925982 -0.347538 0.147564 0.01805 -0.27791 -0.891921 -0.35671 0.310252 0.255586 0.289298 -0.922487 0.950483
3 9 70 0.997591 -0.0189563 0.0667274 0.147079 0.0185066 0.999802 0.00735059 -0.0390455 -0.0668536 -0.00609799 0.997744 -0.988354
3 10 192 0.794902 0.142643 -0.589732 0.939896 -0.159514 0.986911 0.0237031 -0.067949 0.585395 0.075229 0.807251 0.334631
3 11 171 0.932848 0.313352 -0.177776 0.923433 -0.321236 0.946852 -0.0166816 -0.170953 0.1631 0.0726693 0.98393 -0.343579
3 12 212 0.81758 0.227273 -0.529066 0.981961 -0.259569 0.965628 0.0136897 -0.0912663 0.513992 0.126136 0.848471 0.165596
3 13 188 0.784129 0.254932 -0.56582 0.974368 -0.277612 0.959514 0.0475897 -0.136634 0.555044 0.119762 0.823154 0.178713
3 14 208 0.606234 0.199989 -0.76973 0.925074 -0.216288 0.972845 0.0824139 -0.151526 0.76531 0.116522 0.633027 0.348249
3 15 202 0.623746 0.130936 -0.770582 0.965799 -0.187218 0.982198 0.0153502 -0.0352168 0.758874 0.134692 0.637156 0.256889
3 16 224 0.69193 0.31207 -0.651034 0.971149 -0.324773 0.939905 0.105364 -0.0993834 0.644791 0.138534 0.7517 0.216777
3 17 186 -0.811512 0.193369 -0.551414 0.360446 -0.190196 0.804863 0.562158 -0.300412 0.552516 0.561074 -0.616378 0.883081
3 18 80 0.82392 0.151081 -0.546196 0.162636 -0.191716 0.98129 -0.0177671 -0.248248 0.533292 0.119353 0.837469 0.954946
3 19 192 -0.920815 0.270586 -0.280861 0.204276 0.388359 0.702164 -0.596777 0.240105 0.0357312 -0.658596 -0.751648 0.949011
3 20 155 -0.467918 0.76115 -0.449115 0.241885 0.782024 0.119869 -0.611612 0.18284 -0.411694 -0.637403 -0.651326 0.952922
3 21 157 -0.365259 0.788167 -0.495357 0.106506 0.853072 0.0703916 -0.517024 0.339047 -0.372632 -0.611423 -0.698074 0.934721
3 22 110 -0.998114 0.0358321 -0.0498362 0.207786 -0.00387673 0.773498 0.633787 -0.320785 0.0612581 0.632785 -0.771901 0.924079
3 23 107 -0.993944 -0.10685 -0.0256452 0.192444 -0.100006 0.976322 -0.191817 0.0851155 0.0455336 -0.188091 -0.981096 0.97761
3 24 77 0.708427 -0.497049 0.501072 -0.0907809 0.387307 0.867287 0.31274 -0.2354 -0.590021 -0.0274848 0.80692 0.96765
3 25 77 -0.726932 -0.253554 -0.638185 -0.144839 0.536397 -0.789924 -0.297149 -0.0803682 -0.428775 -0.558328 0.710227 0.986186
3 26 60 -0.379275 -0.91732 0.121138 -0.263972 0.88403 -0.397902 -0.245284 0.361945 0.273205 0.0140594 0.961853 -0.894044
3 27 90 -0.897057 -0.310719 -0.314232 0.476276 0.387591 -0.894773 -0.221708 0.23564 -0.212278 -0.320678 0.923095 -0.847133
3 28 36 -0.967345 -0.250134 0.0409435 0.150559 0.233068 -0.941311 -0.244159 0.320023 0.099613 -0.226643 0.968871 -0.93537
3 29 107 -0.503263 0.862433 -0.0541847 0.379614 0.829791 0.464809 -0.308868 0.015037 -0.241193 -0.200404 -0.94956 0.925023
3 30 136 0.0641713 -0.503666 0.861512 -0.418706 -0.235339 -0.84658 -0.477407 -0.0821097 0.969793 -0.172111 -0.172858 0.904402
3 31 105 -0.91532 -0.0623672 -0.397868 0.476618 -0.271111 0.825972 0.494235 -0.262999 0.297804 0.56025 -0.772938 0.838848
3 32 105 0.69599 -0.592746 -0.405279 0.387818 -0.701059 -0.438872 -0.562057 -0.0373066 0.155291 0.67531 -0.721 0.920981
3 33 41 0.968689 -0.087523 -0.232338 0.362635 0.139946 0.965458 0.219785 0.0718984 0.205076 -0.245419 0.947477 0.929154
3 34 47 0.558483 0.828836 -0.0335684 -0.342182 -0.810533 0.536648 -0.234617 0.149073 -0.176445 0.158238 0.971508 -0.927733
3 35 61 0.913369 0.407128 -0.00226736 0.332912 -0.404593 0.907034 -0.116594 -0.35052 -0.045412 0.107411 0.993177 0.875389
3 36 48 0.339299 -0.901696 0.267993 -0.447382 0.936383 0.350948 -0.00471922 0.00166628 -0.0897965 0.252546 0.963409 -0.894342
3 37 141 -0.23479 0.662997 -0.710851 0.479662 0.617958 0.666301 0.417338 -0.181883 0.750334 -0.341289 -0.566145 0.858396
3 38 59 0.226475 0.927284 -0.298083 0.425905 -0.952185 0.275208 0.132681 0.190333 0.205067 0.253781 0.945274 -0.884521
3 39 119 0.460801 -0.833064 0.30605 -0.0178513 -0.821991 -0.530638 -0.20677 0.150119 0.334654 -0.15629 -0.92929 0.988507
3 40 67 0.439763 0.726274 -0.528332 0.473648 -0.89637 0.391569 -0.207833 0.122878 0.0559347 0.564978 0.823208 -0.8721
3 41 51 0.999041 0.0254304 -0.0356337 0.264827 -0.0329753 0.972524 -0.230457 0.342433 0.028794 0.231411 0.97243 -0.901447
3 42 154 0.374077 -0.422865 0.82538 -0.471191 -0.340705 0.765097 0.546394 -0.30376 -0.862546 -0.485605 0.142133 0.828076
3 43 231 0.0249854 -0.760955 -0.648324 0.351226 -0.812877 -0.392959 0.4299 -0.065977 -0.581899 0.516266 -0.628381 0.933963
3 44 133 -0.155764 -0.905141 0.395548 -0.365985 -0.985488 0.115048 -0.124811 -0.246658 0.0674647 -0.409248 -0.909925 0.897338
3 45 68 -0.369218 0.924628 -0.0934942 0.389207 -0.926327 -0.358055 0.117112 0.268929 0.0748091 0.129846 0.988708 -0.881019
3 46 157 -0.129091 -0.931211 0.340853 -0.123968 -0.989941 0.10095 -0.0991235 -0.191424 0.0578957 -0.350221 -0.934876 0.973647
3 47 127 0.0328126 -0.934527 0.354376 -0.256774 -0.995899 -0.000659969 0.0904724 -0.179061 -0.084315 -0.355892 -0.930716 0.949739
3 48 59 -0.916064 0.167953 0.364168 -0.249595 -0.289784 -0.904951 -0.311591 -0.279041 0.277222 -0.390967 0.877663 0.927275
3 49 132 0.157768 -0.987359 0.0152127 -0.149862 -0.899569 -0.137352 0.41462 -0.300495 -0.407289 -0.0790987 -0.909867 0.941936
3 50 59 0.962236 0.229653 0.146152 -0.376761 -0.232753 0.972527 0.00423808 0.143346 -0.141164 -0.0380954 0.989253 -0.915152
3 51 138 0.994887 -0.0988929 0.0204959 0.221862 -0.0695514 -0.818035 -0.570948 0.165487 0.0732291 0.566603 -0.82073 0.960932
3 52 126 -0.971048 -0.192467 -0.141502 0.0217965 -0.134256 0.929638 -0.343145 0.056561 0.19759 -0.314212 -0.928563 0.998161
3 53 155 -0.691249 -0.4174 0.589874 -0.227232 -0.0990672 0.863335 0.494811 -0.34387 -0.715793 0.283601 -0.638131 0.911109
3 54 90 -0.96804 -0.0128725 0.250465 -0.469026 -0.0486185 -0.970105 -0.237767 0.243647 0.246038 -0.242345 0.938474 -0.848912
3 55 79 0.0990223 0.447775 0.888646 -0.168682 -0.8229 0.538962 -0.179878 -0.196784 -0.559491 -0.713455 0.421843 0.965827
3 56 94 0.65692 -0.620769 -0.427905 0.175743 -0.687298 -0.259723 -0.678355 0.141133 0.309964 0.739723 -0.59727 0.974267
3 57 45 0.242061 -0.967787 -0.0692484 -0.181815 0.953441 0.224026 0.2019 -0.157588 -0.179882 -0.114896 0.976955 0.970623
3 58 86 0.0772512 -0.872599 -0.482289 0.242638 -0.995488 -0.0407773 -0.0856757 0.083194 0.0550941 0.486732 -0.871813 0.966543
3 59 110 0.177879 -0.862946 0.472952 -0.0711198 -0.878257 0.0775727 0.471854 -0.0408079 -0.443873 -0.499306 -0.74409 0.996633
3 60 113 -0.950672 -0.309277 0.0238861 0.238019 -0.246819 0.800828 0.54567 -0.382309 -0.187892 0.512857 -0.83766 0.892853
3 61 139 -0.595808 -0.394669 0.699463 -0.487227 -0.191338 0.915602 0.353642 -0.079808 -0.780002 0.0768689 -0.621038 0.869621
3 62 74 -0.046112 -0.835936 -0.546886 0.278851 0.985838 -0.126449 0.110159 -0.367235 -0.161239 -0.534062 0.829928 0.887345
3 63 102 0.758069 -0.230077 0.610243 -0.236947 -0.386155 -0.912398 0.135701 -0.110135 0.525563 -0.338519 -0.780506 0.96526
3 64 43 -0.955889 -0.108245 -0.273056 0.0653338 0.0969494 -0.993792 0.05457 0.0160712 -0.277268 0.0256902 0.960449 0.997734
3 65 40 0.953259 0.300651 -0.0301081 -0.0273928 -0.287615 0.933412 0.214521 -0.241127 0.092599 -0.195834 0.976255 -0.970107
3 66 116 -0.808418 -0.513081 -0.28846 0.273955 -0.568129 0.552017 0.610333 -0.368749 -0.153915 0.657286 -0.737757 0.888241
3 67 109 -0.997272 -0.0617365 0.0404705 -0.120804 -0.0352647 0.880071 0.473531 -0.391877 -0.064851 0.470812 -0.879847 0.912052
4 5 594 0.998664 0.00137921 -0.0516483 0.941582 -0.00183592 0.99996 -0.00879637 0.0190907 0.0516341 0.00887944 0.998627 -0.336242
4 6 443 0.995522 0.0431224 -0.0841228 0.95332 -0.0419094 0.998991 0.0161335 0.0570518 0.0847336 -0.0125357 0.996325 -0.296524
4 7 342 0.977362 0.0655076 -0.201176 0.975017 -0.0662414 0.997799 0.00308953 0.0447244 0.200936 0.0103066 0.97955 -0.217582
4 8 218 0.958749 0.144349 -0.244875 0.99073 -0.159609 0.986219 -0.0435506 -0.0537687 0.235214 0.0808382 0.968576 -0.124749
4 9 253 0.922418 0.0550433 -0.382249 0.987071 -0.0727578 0.996835 -0.0320314 0.056818 0.379277 0.057358 0.923504 0.149877
4 10 227 0.947794 0.13965 -0.28668 0.998255 -0.151752 0.98821 -0.0203257 -0.0260718 0.280462 0.0627689 0.957811 0.0529832
4 11 266 0.820819 0.0937783 -0.563437 0.965046 -0.127779 0.991578 -0.0211116 -0.048997 0.556712 0.0893243 0.825889 0.25746
4 12 263 0.828876 0.137664 -0.54223 0.980759 -0.165909 0.986136 -0.00324944 -0.0733029 0.534266 0.0926542 0.840224 0.180938
4 13 182 -0.749497 -0.658511 -0.0679559 0.0303284 -0.525783 0.654497 -0.54331 0.29016 0.402252 -0.371479 -0.836777 0.956498
4 14 249 0.878278 0.169651 -0.447043 0.99801 -0.199584 0.97967 -0.0203299 -0.0625639 0.434505 0.107078 0.894282 -0.00792346
4 15 110 -0.956618 -0.28543 0.0584159 -0.210894 0.289165 -0.954666 0.0706868 -0.271182 0.0355916 0.084512 0.995787 0.93914
4 16 188 -0.610112 -0.70489 0.361791 -0.292496 0.769746 -0.419119 0.481489 -0.228622 -0.187763 0.572249 0.798295 0.928536
4 17 268 0.515814 0.205878 -0.831595 0.925988 -0.202917 0.972434 0.114882 -0.0847777 0.832322 0.109486 0.543371 0.367912
4 18 94 0.964261 -0.177131 0.19704 -0.346014 0.185386 0.98237 -0.0241171 -0.178441 -0.189294 0.0597836 0.980099 0.921104
4 19 110 0.716751 0.653697 -0.242793 0.460707 -0.696242 0.651417 -0.301502 0.273367 -0.0389317 0.385145 0.922035 -0.844405
4 20 131 0.823815 0.563822 -0.0585968 0.128973 0.490127 -0.656551 0.573338 -0.200851 0.284789 -0.501044 -0.817221 0.971095
4 21 52 0.341432 -0.905239 -0.252915 0.272899 0.844651 0.413548 -0.339914 0.126618 0.412296 -0.0975674 0.90581 -0.953674
4 22 58 0.979981 -0.193536 0.0467118 -0.251424 0.196215 0.978605 -0.0619095 0.221255 -0.0337307 0.0698356 0.996988 -0.942248
4 23 65 -0.786419 0.573237 0.230096 -0.193397 -0.598991 -0.798692 -0.0574449 -0.215764 0.150847 -0.183001 0.971471 -0.957102
4 24 103 -0.0323762 -0.997593 -0.0613136 0.225997 -0.980371 0.0436345 -0.19227 0.103355 0.194483 0.0538851 -0.979425 0.968629
4 25 62 -0.899273 0.0350418 -0.435982 -0.144839 0.101668 -0.952737 -0.286279 -0.0803682 -0.425408 -0.301768 0.853208 0.986186
4 26 66 0.902183 -0.106991 0.417874 -0.263972 0.16984 0.978606 -0.116124 0.361945 -0.39651 0.175737 0.901053 -0.894044
4 27 115 -0.928767 -0.251803 -0.272005 0.476276 0.314915 -0.92309 -0.220754 0.23564 -0.195499 -0.290688 0.936633 -0.847133
4 28 48 0.245984 -0.963913 0.101801 0.150559 0.96544 0.234323 -0.1141 0.320023 0.086128 0.126349 0.98824 -0.93537
4 29 124 0.574747 -0.55772 -0.598844 0.379614 -0.716823 -0.696126 -0.0396573 0.015037 -0.394753 0.452058 -0.799883 0.925023
4 30 80 0.827596 -0.552373 -0.0998436 -0.26726 0.561203 0.817918 0.126734 -0.306332 0.0116593 -0.160917 0.986899 0.913637
4 31 89 0.155575 0.969071 0.191567 -0.475942 -0.976093 0.180607 -0.12093 0.262716 -0.151788 -0.168174 0.974001 -0.839321
4 32 55 0.925044 0.219882 0.309751 -0.38729 -0.271738 0.952836 0.135137 0.0365439 -0.265428 -0.209179 0.941165 -0.921233
4 33 47 0.955033 0.252234 0.155851 -0.348139 -0.274568 0.950758 0.143778 0.183084 -0.11191 -0.180104 0.977261 -0.919391
4 34 108 -0.487536 0.732073 -0.475792 0.318503 0.841465 0.53934 -0.0323849 -0.195875 0.232905 -0.416151 -0.878962 0.927464
4 35 120 0.34659 0.111214 -0.9314 0.350808 0.123285 -0.989734 -0.072303 0.00558608 -0.92988 -0.0897679 -0.356743 0.936431
4 36 67 0.298213 0.954483 -0.00559341 0.319412 -0.912702 0.286865 0.291005 0.249355 0.279364 -0.0816765 0.956705 -0.91422
4 37 151 -0.407095 0.535423 -0.739997 0.481823 0.647921 0.740323 0.179218 -0.192364 0.643794 -0.406501 -0.648295 0.854893
4 38 59 -0.244953 -0.917751 -0.312619 0.422346 0.927435 -0.127816 -0.351465 0.18685 0.282599 -0.376026 0.882463 -0.886968
4 39 44 0.936878 0.23802 0.256135 -0.0162197 -0.311672 0.900521 0.303186 0.149705 -0.158491 -0.363878 0.917863 0.988598
4 40 159 0.406706 -0.556321 0.724636 -0.473648 -0.69732 -0.701487 -0.147174 -0.122878 0.590199 -0.445447 -0.673233 0.8721
4 41 143 0.873886 -0.0949692 0.476764 -0.264827 -0.466865 -0.437311 0.768632 -0.342433 0.135498 -0.894282 -0.426498 0.901447
4 42 145 0.359266 -0.451773 0.816596 -0.471191 -0.152598 0.834801 0.528981 -0.30376 -0.920675 -0.314656 0.230976 0.828076
4 43 91 -0.892157 -0.276373 0.357314 0.351226 -0.125036 -0.609009 -0.783246 -0.065977 0.434075 -0.743456 0.508775 0.933963
4 44 166 -0.145816 0.946516 0.287829 -0.365985 0.793213 -0.0620142 0.605778 -0.246658 0.591228 0.316642 -0.741746 0.897338
4 45 133 0.722717 -0.687113 0.0745405 -0.389207 0.668669 0.722417 0.176058 -0.268929 -0.174821 -0.0773969 0.981554 0.881019
4 46 160 -0.337083 -0.834708 0.435474 -0.123968 -0.912531 0.403478 0.0670233 -0.191424 -0.231649 -0.374791 -0.897703 0.973647
4 47 142 -0.646924 0.729198 0.223068 -0.256774 0.74651 0.545917 0.380392 -0.179061 0.155604 0.412607 -0.89752 0.949739
4 48 179 0.519997 0.38368 -0.763147 0.340253 0.469332 -0.874825 -0.120031 -0.0356465 -0.713674 -0.295754 -0.63498 0.939658
4 49 118 -0.150127 -0.988661 0.00323101 0.194535 -0.985456 0.149902 0.0800433 0.0109615 -0.0796201 0.00883264 -0.996786 0.980834
4 50 63 0.958831 -0.229523 0.167218 0.27329 0.279645 0.865604 -0.415366 -0.0573587 -0.0494086 0.445027 0.894153 0.96022
4 51 145 0.97759 0.210511 -0.00155074 0.220004 0.199282 -0.927768 -0.315488 0.166026 -0.0678525 0.308109 -0.948928 0.961267
4 52 111 0.790413 0.195902 -0.580405 0.0695169 0.188136 -0.979325 -0.0743387 -0.111966 -0.582968 -0.050437 -0.810928 0.991277
4 53 89 0.151196 0.469927 -0.86966 -0.227232 -0.982834 -0.0226276 -0.1831 -0.34387 -0.105722 0.882415 0.458439 0.911109
4 54 155 -0.79475 -0.541141 -0.274843 0.255914 -0.541577 0.836706 -0.0813456 -0.0789243 0.273982 0.0841993 -0.958042 0.963472
4 55 91 0.0863206 -0.813005 0.575823 -0.154252 -0.919693 0.157187 0.359802 -0.197986 -0.383032 -0.560638 -0.734146 0.967992
4 56 54 -0.136904 0.983278 0.12009 -0.175743 -0.988554 -0.143373 0.0469554 -0.141133 0.063388 -0.112287 0.991652 -0.974267
4 57 77 -0.993615 0.0480121 -0.1021 0.284174 -0.0371501 -0.993699 -0.105746 0.338257 -0.106534 -0.101278 0.989138 -0.897122
4 58 37 -0.320842 -0.884435 -0.338874 -0.292034 0.892717 -0.162861 -0.420159 -0.0572889 0.316414 -0.437323 0.841802 0.954691
4 59 133 -0.764009 -0.0701829 0.641377 -0.401208 -0.262235 0.942035 -0.209292 -0.115926 -0.589511 -0.328093 -0.738127 0.908622
4 60 53 -0.292901 -0.928144 0.229691 0.185182 0.927552 -0.217515 0.303865 -0.366027 -0.232069 0.302053 0.924612 -0.911993
4 61 172 0.545194 0.334306 0.768767 -0.398147 0.23955 -0.940933 0.239291 -0.189355 0.803355 0.0536982 -0.593075 0.897565
4 62 51 0.183039 -0.896931 -0.402506 0.425511 0.981443 0.142912 0.12785 0.0945538 -0.0571495 -0.418438 0.906446 -0.9
4 63 148 -0.200602 0.638297 0.743193 -0.479911 -0.93123 0.11136 -0.347 -0.089452 -0.304251 -0.761693 0.572063 0.872745
4 64 122 -0.540001 -0.0582853 -0.839644 0.0680487 -0.18525 0.981366 0.0510166 0.0162204 0.821025 0.183093 -0.540736 0.99755
4 65 85 -0.966332 -0.0430735 -0.253666 -0.384031 -0.0692318 -0.906 0.417578 -0.248453 -0.247808 0.421081 0.872515 0.889264
4 66 58 -0.204976 -0.853523 -0.479044 0.450936 0.901097 -0.355639 0.248083 0.0945886 -0.382112 -0.380814 0.842004 -0.88753
4 67 53 -0.747104 -0.657165 0.0998519 -0.120804 0.582638 -0.719737 -0.377506 -0.391877 0.319951 -0.223859 0.920608 0.912052
5 6 554 0.998017 0.0325634 -0.0538605 0.93456 -0.0317398 0.999367 0.0160759 0.196027 0.0543499 -0.0143345 0.998419 -0.296935
