0 1 891 0.999112 0.00708539 -0.0415219 0.968346 -0.00765248 0.999879 -0.0135147 -0.100165 0.0414212 0.0138205 0.999046 -0.228635
0 2 440 0.988657 0.0466717 -0.142753 0.994629 -0.0536042 0.997543 -0.0451071 0.0695428 0.140297 0.0522477 0.98873 0.0766661
0 3 394 0.981152 0.0558739 -0.184986 0.981792 -0.0565929 0.998396 0.00139482 0.0302514 0.184767 0.00910034 0.98274 -0.187533
0 4 166 0.960661 0.0833278 -0.264929 0.993744 -0.0870953 0.996197 -0.00248448 0.0760716 0.263714 0.0254608 0.964265 -0.0817637
0 5 71 0.72184 0.00975777 -0.691991 0.943133 -0.0623829 0.996747 -0.0510187 0.086323 0.689242 0.0799957 0.720101 0.321011
0 6 48 0.989922 0.0174719 0.140528 0.149984 -0.017843 0.99984 0.0013809 0.36082 -0.140482 -0.00387443 0.990076 -0.920496
0 7 0 1 0 0 0 0 1 0 0 0 0 1 0
0 8 0 1 0 0 0 0 1 0 0 0 0 1 0
0 9 0 1 0 0 0 0 1 0 0 0 0 1 0
0 10 0 1 0 0 0 0 1 0 0 0 0 1 0
0 11 0 1 0 0 0 0 1 0 0 0 0 1 0
0 12 0 1 0 0 0 0 1 0 0 0 0 1 0
0 13 0 1 0 0 0 0 1 0 0 0 0 1 0
0 14 0 1 0 0 0 0 1 0 0 0 0 1 0
0 15 0 1 0 0 0 0 1 0 0 0 0 1 0
0 16 0 1 0 0 0 0 1 0 0 0 0 1 0
0 17 0 1 0 0 0 0 1 0 0 0 0 1 0
0 18 26 0.976206 0.00515856 0.216786 0.267778 -0.00538316 0.999985 0.000445525 0.0635568 -0.21678 -0.00160192 0.976219 -0.961382
0 19 0 1 0 0 0 0 1 0 0 0 0 1 0
0 20 0 1 0 0 0 0 1 0 0 0 0 1 0
0 21 0 1 0 0 0 0 1 0 0 0 0 1 0
0 22 0 1 0 0 0 0 1 0 0 0 0 1 0
0 23 0 1 0 0 0 0 1 0 0 0 0 1 0
0 24 0 1 0 0 0 0 1 0 0 0 0 1 0
0 25 0 1 0 0 0 0 1 0 0 0 0 1 0
0 26 0 1 0 0 0 0 1 0 0 0 0 1 0
0 27 0 1 0 0 0 0 1 0 0 0 0 1 0
0 28 0 1 0 0 0 0 1 0 0 0 0 1 0
0 29 0 1 0 0 0 0 1 0 0 0 0 1 0
0 30 0 1 0 0 0 0 1 0 0 0 0 1 0
0 31 0 1 0 0 0 0 1 0 0 0 0 1 0
0 32 0 1 0 0 0 0 1 0 0 0 0 1 0
0 33 0 1 0 0 0 0 1 0 0 0 0 1 0
0 34 0 1 0 0 0 0 1 0 0 0 0 1 0
0 35 0 1 0 0 0 0 1 0 0 0 0 1 0
0 36 0 1 0 0 0 0 1 0 0 0 0 1 0
0 37 0 1 0 0 0 0 1 0 0 0 0 1 0
0 38 0 1 0 0 0 0 1 0 0 0 0 1 0
0 39 0 1 0 0 0 0 1 0 0 0 0 1 0
0 40 0 1 0 0 0 0 1 0 0 0 0 1 0
0 41 0 1 0 0 0 0 1 0 0 0 0 1 0
0 42 0 1 0 0 0 0 1 0 0 0 0 1 0
0 43 0 1 0 0 0 0 1 0 0 0 0 1 0
0 44 0 1 0 0 0 0 1 0 0 0 0 1 0
0 45 0 1 0 0 0 0 1 0 0 0 0 1 0
0 46 0 1 0 0 0 0 1 0 0 0 0 1 0
0 47 0 1 0 0 0 0 1 0 0 0 0 1 0
0 48 0 1 0 0 0 0 1 0 0 0 0 1 0
0 49 0 1 0 0 0 0 1 0 0 0 0 1 0
0 50 0 1 0 0 0 0 1 0 0 0 0 1 0
0 51 0 1 0 0 0 0 1 0 0 0 0 1 0
0 52 0 1 0 0 0 0 1 0 0 0 0 1 0
0 53 0 1 0 0 0 0 1 0 0 0 0 1 0
0 54 0 1 0 0 0 0 1 0 0 0 0 1 0
0 55 0 1 0 0 0 0 1 0 0 0 0 1 0
0 56 0 1 0 0 0 0 1 0 0 0 0 1 0
0 57 0 1 0 0 0 0 1 0 0 0 0 1 0
0 58 0 1 0 0 0 0 1 0 0 0 0 1 0
0 59 0 1 0 0 0 0 1 0 0 0 0 1 0
0 60 0 1 0 0 0 0 1 0 0 0 0 1 0
0 61 0 1 0 0 0 0 1 0 0 0 0 1 0
0 62 0 1 0 0 0 0 1 0 0 0 0 1 0
0 63 0 1 0 0 0 0 1 0 0 0 0 1 0
0 64 0 1 0 0 0 0 1 0 0 0 0 1 0
0 65 0 1 0 0 0 0 1 0 0 0 0 1 0
0 66 0 1 0 0 0 0 1 0 0 0 0 1 0
0 67 0 1 0 0 0 0 1 0 0 0 0 1 0
1 2 686 0.996278 0.0391073 -0.0768102 0.891165 -0.0409537 0.998905 -0.0226121 0.0808235 0.0758418 0.0256736 0.996789 -0.446423
1 3 564 0.989149 0.0534213 -0.136861 0.953258 -0.0510552 0.99848 0.0207432 0.0654579 0.137761 -0.0135306 0.990373 -0.294981
1 4 330 0.967499 0.103288 -0.230818 0.991802 -0.099191 0.994637 0.0293149 0.0381912 0.232608 -0.00546702 0.972555 -0.121944
1 5 124 0.923044 0.0672687 -0.378768 0.989246 -0.0832822 0.996186 -0.0260345 0.144846 0.375572 0.0555756 0.925125 -0.0202845
1 6 27 0.985242 0.117324 0.124632 -0.245555 -0.127058 0.989189 0.0732283 -0.179868 -0.114693 -0.0879831 0.989497 -0.952549
1 7 54 0.991145 0.121763 -0.0529633 0.41153 -0.120205 0.992243 0.0316869 0.168548 0.0564108 -0.0250399 0.998094 -0.895675
1 8 0 1 0 0 0 0 1 0 0 0 0 1 0
1 9 0 1 0 0 0 0 1 0 0 0 0 1 0
1 10 0 1 0 0 0 0 1 0 0 0 0 1 0
1 11 0 1 0 0 0 0 1 0 0 0 0 1 0
1 12 0 1 0 0 0 0 1 0 0 0 0 1 0
1 13 20 -0.91935 0.344849 -0.189404 0.0823529 0.26229 0.896022 0.358259 -0.256728 0.293256 0.279686 -0.914208 0.962969
1 14 0 1 0 0 0 0 1 0 0 0 0 1 0
1 15 0 1 0 0 0 0 1 0 0 0 0 1 0
1 16 39 0.391422 0.314567 -0.864775 0.922758 -0.291685 0.93371 0.207618 -0.22962 0.872759 0.170976 0.457229 0.309503
1 17 0 1 0 0 0 0 1 0 0 0 0 1 0
1 18 49 0.922867 0.203298 0.327089 -0.968427 -0.224918 0.973939 0.0292551 0.0489868 -0.312617 -0.100567 0.944541 0.244437
1 19 0 1 0 0 0 0 1 0 0 0 0 1 0
1 20 0 1 0 0 0 0 1 0 0 0 0 1 0
1 21 0 1 0 0 0 0 1 0 0 0 0 1 0
1 22 0 1 0 0 0 0 1 0 0 0 0 1 0
1 23 0 1 0 0 0 0 1 0 0 0 0 1 0
1 24 0 1 0 0 0 0 1 0 0 0 0 1 0
1 25 0 1 0 0 0 0 1 0 0 0 0 1 0
1 26 0 1 0 0 0 0 1 0 0 0 0 1 0
1 27 0 1 0 0 0 0 1 0 0 0 0 1 0
1 28 0 1 0 0 0 0 1 0 0 0 0 1 0
1 29 0 1 0 0 0 0 1 0 0 0 0 1 0
1 30 0 1 0 0 0 0 1 0 0 0 0 1 0
1 31 0 1 0 0 0 0 1 0 0 0 0 1 0
1 32 0 1 0 0 0 0 1 0 0 0 0 1 0
1 33 0 1 0 0 0 0 1 0 0 0 0 1 0
1 34 0 1 0 0 0 0 1 0 0 0 0 1 0
1 35 0 1 0 0 0 0 1 0 0 0 0 1 0
1 36 0 1 0 0 0 0 1 0 0 0 0 1 0
1 37 0 1 0 0 0 0 1 0 0 0 0 1 0
1 38 0 1 0 0 0 0 1 0 0 0 0 1 0
1 39 0 1 0 0 0 0 1 0 0 0 0 1 0
1 40 0 1 0 0 0 0 1 0 0 0 0 1 0
1 41 0 1 0 0 0 0 1 0 0 0 0 1 0
1 42 0 1 0 0 0 0 1 0 0 0 0 1 0
1 43 0 1 0 0 0 0 1 0 0 0 0 1 0
1 44 0 1 0 0 0 0 1 0 0 0 0 1 0
1 45 0 1 0 0 0 0 1 0 0 0 0 1 0
1 46 0 1 0 0 0 0 1 0 0 0 0 1 0
1 47 0 1 0 0 0 0 1 0 0 0 0 1 0
1 48 0 1 0 0 0 0 1 0 0 0 0 1 0
1 49 0 1 0 0 0 0 1 0 0 0 0 1 0
1 50 0 1 0 0 0 0 1 0 0 0 0 1 0
1 51 0 1 0 0 0 0 1 0 0 0 0 1 0
1 52 0 1 0 0 0 0 1 0 0 0 0 1 0
1 53 0 1 0 0 0 0 1 0 0 0 0 1 0
1 54 0 1 0 0 0 0 1 0 0 0 0 1 0
1 55 0 1 0 0 0 0 1 0 0 0 0 1 0
1 56 0 1 0 0 0 0 1 0 0 0 0 1 0
1 57 0 1 0 0 0 0 1 0 0 0 0 1 0
1 58 0 1 0 0 0 0 1 0 0 0 0 1 0
1 59 0 1 0 0 0 0 1 0 0 0 0 1 0
1 60 0 1 0 0 0 0 1 0 0 0 0 1 0
1 61 0 1 0 0 0 0 1 0 0 0 0 1 0
1 62 0 1 0 0 0 0 1 0 0 0 0 1 0
1 63 0 1 0 0 0 0 1 0 0 0 0 1 0
1 64 0 1 0 0 0 0 1 0 0 0 0 1 0
1 65 0 1 0 0 0 0 1 0 0 0 0 1 0
1 66 0 1 0 0 0 0 1 0 0 0 0 1 0
1 67 0 1 0 0 0 0 1 0 0 0 0 1 0
2 3 348 0.998707 0.00689241 -0.0503595 0.937934 -0.00496794 0.999256 0.0382404 0.157214 0.0505856 -0.0379408 0.997999 -0.309134
2 4 202 0.997991 0.0513374 -0.0371407 0.909511 -0.0493647 0.997415 0.0522134 0.106149 0.0397252 -0.050275 0.997945 -0.401897
2 5 172 0.986494 0.0659708 -0.149926 0.983415 -0.0612984 0.997485 0.0355798 0.0585968 0.151896 -0.025909 0.988057 -0.171645
2 6 73 0.987761 0.111716 -0.10885 0.924678 -0.104841 0.992231 0.0669753 0.061036 0.115487 -0.0547436 0.991799 -0.375825
2 7 11 0.767278 0.566813 -0.300012 0.224498 0.549995 -0.822177 -0.146732 0.180378 -0.329833 -0.052421 -0.942583 0.957635
2 8 0 1 0 0 0 0 1 0 0 0 0 1 0
2 9 22 0.986133 -0.165268 -0.0150908 0.0540936 -0.0550141 -0.239757 -0.969273 0.453605 0.156571 0.956662 -0.245525 0.88956
2 10 0 1 0 0 0 0 1 0 0 0 0 1 0
2 11 0 1 0 0 0 0 1 0 0 0 0 1 0
2 12 0 1 0 0 0 0 1 0 0 0 0 1 0
2 13 0 1 0 0 0 0 1 0 0 0 0 1 0
2 14 0 1 0 0 0 0 1 0 0 0 0 1 0
2 15 0 1 0 0 0 0 1 0 0 0 0 1 0
2 16 0 1 0 0 0 0 1 0 0 0 0 1 0
2 17 0 1 0 0 0 0 1 0 0 0 0 1 0
2 18 17 0.622911 0.338374 -0.705326 -0.394997 -0.317862 0.933309 0.167026 -0.0910957 0.714804 0.120154 0.688925 0.914155
2 19 0 1 0 0 0 0 1 0 0 0 0 1 0
2 20 0 1 0 0 0 0 1 0 0 0 0 1 0
2 21 0 1 0 0 0 0 1 0 0 0 0 1 0
2 22 0 1 0 0 0 0 1 0 0 0 0 1 0
2 23 0 1 0 0 0 0 1 0 0 0 0 1 0
2 24 0 1 0 0 0 0 1 0 0 0 0 1 0
2 25 0 1 0 0 0 0 1 0 0 0 0 1 0
2 26 0 1 0 0 0 0 1 0 0 0 0 1 0
2 27 0 1 0 0 0 0 1 0 0 0 0 1 0
2 28 0 1 0 0 0 0 1 0 0 0 0 1 0
2 29 0 1 0 0 0 0 1 0 0 0 0 1 0
2 30 0 1 0 0 0 0 1 0 0 0 0 1 0
2 31 0 1 0 0 0 0 1 0 0 0 0 1 0
2 32 0 1 0 0 0 0 1 0 0 0 0 1 0
2 33 0 1 0 0 0 0 1 0 0 0 0 1 0
2 34 0 1 0 0 0 0 1 0 0 0 0 1 0
2 35 0 1 0 0 0 0 1 0 0 0 0 1 0
2 36 0 1 0 0 0 0 1 0 0 0 0 1 0
2 37 0 1 0 0 0 0 1 0 0 0 0 1 0
2 38 0 1 0 0 0 0 1 0 0 0 0 1 0
2 39 0 1 0 0 0 0 1 0 0 0 0 1 0
2 40 0 1 0 0 0 0 1 0 0 0 0 1 0
2 41 0 1 0 0 0 0 1 0 0 0 0 1 0
2 42 0 1 0 0 0 0 1 0 0 0 0 1 0
2 43 0 1 0 0 0 0 1 0 0 0 0 1 0
2 44 0 1 0 0 0 0 1 0 0 0 0 1 0
2 45 0 1 0 0 0 0 1 0 0 0 0 1 0
2 46 0 1 0 0 0 0 1 0 0 0 0 1 0
2 47 0 1 0 0 0 0 1 0 0 0 0 1 0
2 48 0 1 0 0 0 0 1 0 0 0 0 1 0
2 49 0 1 0 0 0 0 1 0 0 0 0 1 0
2 50 0 1 0 0 0 0 1 0 0 0 0 1 0
2 51 0 1 0 0 0 0 1 0 0 0 0 1 0
2 52 0 1 0 0 0 0 1 0 0 0 0 1 0
2 53 0 1 0 0 0 0 1 0 0 0 0 1 0
2 54 0 1 0 0 0 0 1 0 0 0 0 1 0
2 55 0 1 0 0 0 0 1 0 0 0 0 1 0
2 56 0 1 0 0 0 0 1 0 0 0 0 1 0
2 57 0 1 0 0 0 0 1 0 0 0 0 1 0
2 58 0 1 0 0 0 0 1 0 0 0 0 1 0
2 59 0 1 0 0 0 0 1 0 0 0 0 1 0
2 60 0 1 0 0 0 0 1 0 0 0 0 1 0
2 61 0 1 0 0 0 0 1 0 0 0 0 1 0
2 62 0 1 0 0 0 0 1 0 0 0 0 1 0
2 63 0 1 0 0 0 0 1 0 0 0 0 1 0
2 64 0 1 0 0 0 0 1 0 0 0 0 1 0
2 65 0 1 0 0 0 0 1 0 0 0 0 1 0
2 66 0 1 0 0 0 0 1 0 0 0 0 1 0
2 67 0 1 0 0 0 0 1 0 0 0 0 1 0
3 4 566 0.99754 0.0502585 -0.0488739 0.999209 -0.0500269 0.99873 0.00595194 0.0381853 0.049111 -0.00349229 0.998787 -0.0110624
3 5 523 0.984455 0.051815 -0.167821 0.985686 -0.0564083 0.998149 -0.0227165 0.111386 0.166334 0.0318299 0.985556 -0.126557
3 6 280 0.98343 0.0894828 -0.157666 0.980893 -0.0881822 0.995988 0.01524 0.0826244 0.158398 -0.00108413 0.987375 -0.176128
3 7 121 0.973809 0.122628 -0.191465 0.96795 -0.121825 0.992422 0.0160053 0.0172563 0.191977 0.00773914 0.981369 -0.250551
3 8 0 1 0 0 0 0 1 0 0 0 0 1 0
3 9 0 1 0 0 0 0 1 0 0 0 0 1 0
3 10 0 1 0 0 0 0 1 0 0 0 0 1 0
3 11 25 0.397404 0.0516968 -0.916186 0.819051 -0.203461 0.978525 -0.0330389 -0.00372718 0.894804 0.199538 0.399388 0.573709
3 12 30 0.856446 0.22936 -0.462487 0.974938 -0.23282 0.971207 0.0505062 -0.177365 0.460755 0.0644204 0.885186 0.134303
3 13 34 -0.124566 0.0792153 -0.989044 0.704188 -0.0908152 0.991714 0.0908669 -0.0889781 0.988047 0.101139 -0.11634 0.704416
3 14 16 0.926607 0.375935 0.00850324 -0.60213 -0.375472 0.926225 -0.0335967 0.187834 -0.0205061 0.0279382 0.999399 0.775988
3 15 12 0.881062 -0.447899 -0.152042 -0.471416 0.435399 0.893577 -0.109306 -0.369543 0.184819 0.0301065 0.982311 0.800753
3 16 22 0.873154 0.381178 -0.303818 -0.738193 -0.382533 0.922146 0.0575755 0.22267 0.302111 0.0659481 0.950989 -0.636781
3 17 25 0.717129 0.26693 -0.643797 0.276243 -0.252603 0.960487 0.11686 -0.0267232 0.649552 0.0788212 0.75622 -0.960716
3 18 17 0.672463 0.271211 -0.68865 -0.410487 -0.279165 0.954663 0.103371 -0.0836051 0.685464 0.122734 0.717688 0.908026
3 19 0 1 0 0 0 0 1 0 0 0 0 1 0
3 20 0 1 0 0 0 0 1 0 0 0 0 1 0
3 21 0 1 0 0 0 0 1 0 0 0 0 1 0
3 22 0 1 0 0 0 0 1 0 0 0 0 1 0
3 23 0 1 0 0 0 0 1 0 0 0 0 1 0
3 24 0 1 0 0 0 0 1 0 0 0 0 1 0
3 25 0 1 0 0 0 0 1 0 0 0 0 1 0
3 26 0 1 0 0 0 0 1 0 0 0 0 1 0
3 27 0 1 0 0 0 0 1 0 0 0 0 1 0
3 28 0 1 0 0 0 0 1 0 0 0 0 1 0
3 29 0 1 0 0 0 0 1 0 0 0 0 1 0
3 30 0 1 0 0 0 0 1 0 0 0 0 1 0
3 31 0 1 0 0 0 0 1 0 0 0 0 1 0
3 32 0 1 0 0 0 0 1 0 0 0 0 1 0
3 33 0 1 0 0 0 0 1 0 0 0 0 1 0
3 34 0 1 0 0 0 0 1 0 0 0 0 1 0
3 35 0 1 0 0 0 0 1 0 0 0 0 1 0
3 36 0 1 0 0 0 0 1 0 0 0 0 1 0
3 37 0 1 0 0 0 0 1 0 0 0 0 1 0
3 38 0 1 0 0 0 0 1 0 0 0 0 1 0
3 39 0 1 0 0 0 0 1 0 0 0 0 1 0
3 40 0 1 0 0 0 0 1 0 0 0 0 1 0
3 41 0 1 0 0 0 0 1 0 0 0 0 1 0
3 42 0 1 0 0 0 0 1 0 0 0 0 1 0
3 43 0 1 0 0 0 0 1 0 0 0 0 1 0
3 44 0 1 0 0 0 0 1 0 0 0 0 1 0
3 45 0 1 0 0 0 0 1 0 0 0 0 1 0
3 46 0 1 0 0 0 0 1 0 0 0 0 1 0
3 47 0 1 0 0 0 0 1 0 0 0 0 1 0
3 48 0 1 0 0 0 0 1 0 0 0 0 1 0
3 49 0 1 0 0 0 0 1 0 0 0 0 1 0
3 50 0 1 0 0 0 0 1 0 0 0 0 1 0
3 51 0 1 0 0 0 0 1 0 0 0 0 1 0
3 52 0 1 0 0 0 0 1 0 0 0 0 1 0
3 53 0 1 0 0 0 0 1 0 0 0 0 1 0
3 54 0 1 0 0 0 0 1 0 0 0 0 1 0
3 55 0 1 0 0 0 0 1 0 0 0 0 1 0
3 56 0 1 0 0 0 0 1 0 0 0 0 1 0
3 57 0 1 0 0 0 0 1 0 0 0 0 1 0
3 58 0 1 0 0 0 0 1 0 0 0 0 1 0
3 59 0 1 0 0 0 0 1 0 0 0 0 1 0
3 60 0 1 0 0 0 0 1 0 0 0 0 1 0
3 61 0 1 0 0 0 0 1 0 0 0 0 1 0
3 62 0 1 0 0 0 0 1 0 0 0 0 1 0
3 63 0 1 0 0 0 0 1 0 0 0 0 1 0
3 64 0 1 0 0 0 0 1 0 0 0 0 1 0
3 65 0 1 0 0 0 0 1 0 0 0 0 1 0
3 66 0 1 0 0 0 0 1 0 0 0 0 1 0
3 67 0 1 0 0 0 0 1 0 0 0 0 1 0
4 5 869 0.998528 0.0086935 -0.0535395 0.949121 -0.0093158 0.999892 -0.0113846 0.0574054 0.0534347 0.0118666 0.998501 -0.309636
4 6 576 0.992881 0.0327012 -0.114534 0.953504 -0.0319445 0.999454 0.00843578 0.0958203 0.114747 -0.00471699 0.993383 -0.285741
4 7 218 0.98016 0.052829 -0.191036 0.976891 -0.0538078 0.998551 6.37359e-05 0.060095 0.190763 0.0102168 0.981583 -0.205115
4 8 44 0.937776 0.121705 -0.325213 0.995073 -0.137527 0.990156 -0.0260198 -0.0915465 0.318844 0.0691262 0.945283 -0.038069
4 9 27 -0.094096 -0.989906 0.105977 -0.0165287 -0.957354 0.0607625 -0.282457 0.0835513 0.273167 -0.128035 -0.953408 0.996366
4 10 16 0.976066 0.211365 -0.0511918 -0.336341 -0.212929 0.976688 -0.0272384 0.102257 0.0442412 0.0374866 0.998317 0.936172
4 11 99 0.864979 0.114658 -0.488534 0.98022 -0.1461 0.988913 -0.0265841 -0.0401416 0.480069 0.0943695 0.87214 0.193796
4 12 54 0.8997 0.16975 -0.40215 0.991417 -0.188094 0.982131 -0.00624616 -0.0867359 0.393903 0.0812618 0.915553 0.0978219
4 13 106 0.838882 0.150859 -0.52299 0.989857 -0.175572 0.984464 0.0023541 -0.0812344 0.51522 0.0898473 0.852336 0.116551
4 14 0 1 0 0 0 0 1 0 0 0 0 1 0
4 15 21 0.94857 -0.162037 0.271954 -0.865896 0.173793 0.984588 -0.0195428 0.0378042 -0.264596 0.0658013 0.962112 -0.498794
4 16 22 0.782047 0.145419 -0.606016 0.285392 -0.150165 0.987715 0.0432267 0.119034 0.604857 0.0571971 0.794277 -0.95099
4 17 19 0.744581 0.328868 -0.5809 0.277597 -0.320867 0.93942 0.120561 0.304388 0.585357 0.0966243 0.804997 -0.911202
4 18 17 0.711794 0.260825 -0.652165 0.406208 -0.264781 0.959637 0.0948046 0.0836213 0.65057 0.105199 0.752125 -0.909946
4 19 0 1 0 0 0 0 1 0 0 0 0 1 0
4 20 0 1 0 0 0 0 1 0 0 0 0 1 0
4 21 0 1 0 0 0 0 1 0 0 0 0 1 0
4 22 0 1 0 0 0 0 1 0 0 0 0 1 0
4 23 0 1 0 0 0 0 1 0 0 0 0 1 0
4 24 0 1 0 0 0 0 1 0 0 0 0 1 0
4 25 0 1 0 0 0 0 1 0 0 0 0 1 0
4 26 0 1 0 0 0 0 1 0 0 0 0 1 0
4 27 0 1 0 0 0 0 1 0 0 0 0 1 0
4 28 0 1 0 0 0 0 1 0 0 0 0 1 0
4 29 0 1 0 0 0 0 1 0 0 0 0 1 0
4 30 0 1 0 0 0 0 1 0 0 0 0 1 0
4 31 0 1 0 0 0 0 1 0 0 0 0 1 0
4 32 0 1 0 0 0 0 1 0 0 0 0 1 0
4 33 0 1 0 0 0 0 1 0 0 0 0 1 0
4 34 0 1 0 0 0 0 1 0 0 0 0 1 0
4 35 0 1 0 0 0 0 1 0 0 0 0 1 0
4 36 0 1 0 0 0 0 1 0 0 0 0 1 0
4 37 0 1 0 0 0 0 1 0 0 0 0 1 0
4 38 0 1 0 0 0 0 1 0 0 0 0 1 0
4 39 0 1 0 0 0 0 1 0 0 0 0 1 0
4 40 0 1 0 0 0 0 1 0 0 0 0 1 0
4 41 0 1 0 0 0 0 1 0 0 0 0 1 0
4 42 0 1 0 0 0 0 1 0 0 0 0 1 0
4 43 0 1 0 0 0 0 1 0 0 0 0 1 0
4 44 0 1 0 0 0 0 1 0 0 0 0 1 0
4 45 0 1 0 0 0 0 1 0 0 0 0 1 0
4 46 0 1 0 0 0 0 1 0 0 0 0 1 0
4 47 12 -0.843427 0.532631 0.0702556 -0.187029 -0.499448 -0.825539 0.262748 -0.189845 0.197946 0.18652 0.962303 -0.963836
4 48 0 1 0 0 0 0 1 0 0 0 0 1 0
4 49 0 1 0 0 0 0 1 0 0 0 0 1 0
4 50 0 1 0 0 0 0 1 0 0 0 0 1 0
4 51 0 1 0 0 0 0 1 0 0 0 0 1 0
4 52 0 1 0 0 0 0 1 0 0 0 0 1 0
4 53 0 1 0 0 0 0 1 0 0 0 0 1 0
4 54 0 1 0 0 0 0 1 0 0 0 0 1 0
4 55 0 1 0 0 0 0 1 0 0 0 0 1 0
4 56 0 1 0 0 0 0 1 0 0 0 0 1 0
4 57 0 1 0 0 0 0 1 0 0 0 0 1 0
4 58 0 1 0 0 0 0 1 0 0 0 0 1 0
4 59 0 1 0 0 0 0 1 0 0 0 0 1 0
4 60 0 1 0 0 0 0 1 0 0 0 0 1 0
4 61 0 1 0 0 0 0 1 0 0 0 0 1 0
4 62 0 1 0 0 0 0 1 0 0 0 0 1 0
4 63 0 1 0 0 0 0 1 0 0 0 0 1 0
4 64 0 1 0 0 0 0 1 0 0 0 0 1 0
4 65 0 1 0 0 0 0 1 0 0 0 0 1 0
4 66 0 1 0 0 0 0 1 0 0 0 0 1 0
4 67 0 1 0 0 0 0 1 0 0 0 0 1 0
5 6 681 0.997798 0.0331562 -0.0574393 0.951748 -0.0324973 0.999395 0.0123679 0.245808 0.0578146 -0.010474 0.998272 -0.183723
5 7 534 0.983289 0.0600586 -0.171857 0.985083 -0.0592974 0.998195 0.00956393 0.0667741 0.172121 0.000786574 0.985075 -0.158596
5 8 161 0.978348 0.133213 -0.158395 0.980251 -0.141973 0.988834 -0.0452903 -0.0331948 0.150593 0.0667976 0.986336 -0.194953
5 9 159 0.984884 0.0289606 -0.170779 0.989427 -0.03257 0.999301 -0.0183712 0.100995 0.170127 0.0236557 0.985138 0.104085
5 10 54 0.999393 -0.0290283 -0.0192645 -0.233855 0.0288411 0.999535 -0.00992783 0.0841952 0.0195437 0.0093662 0.999765 0.968619
5 11 191 0.881235 0.104893 -0.460893 0.970157 -0.12815 0.991566 -0.0193569 -0.0407551 0.454975 0.0761214 0.887245 0.23903
5 12 124 0.867126 0.150697 -0.474746 0.981679 -0.170659 0.98533 0.00105925 -0.0753123 0.467941 0.0801013 0.880122 0.175027
5 13 84 0.820302 0.163056 -0.548194 0.979243 -0.185965 0.982457 0.0139521 -0.0823153 0.540852 0.0904999 0.836235 0.185222
5 14 72 0.790722 0.235749 -0.564962 0.972388 -0.238993 0.96852 0.0696515 -0.18873 0.563597 0.0799468 0.822172 0.137265
5 15 39 0.776861 0.144182 -0.612943 0.974951 -0.135791 0.988888 0.06051 -0.118979 0.614856 0.0362245 0.787807 0.187919
5 16 49 0.795589 0.189381 -0.575477 -0.021391 -0.174104 0.981288 0.082231 -0.847034 0.580281 0.0347705 0.813674 0.531108
5 17 56 0.177785 0.969251 -0.170133 0.0257305 0.786911 -0.0362124 0.616003 -0.642726 0.590901 -0.243396 -0.769152 0.765664
5 18 23 0.733313 0.244554 -0.634387 0.395025 -0.24638 0.965234 0.0872937 0.147812 0.633679 0.0922866 0.768071 -0.906701
5 19 14 0.490337 0.866577 -0.0928124 0.06053 0.842595 -0.444147 0.304576 -0.0954189 0.222716 -0.227548 -0.947955 0.993595
5 20 0 1 0 0 0 0 1 0 0 0 0 1 0
5 21 0 1 0 0 0 0 1 0 0 0 0 1 0
5 22 0 1 0 0 0 0 1 0 0 0 0 1 0
5 23 0 1 0 0 0 0 1 0 0 0 0 1 0
5 24 0 1 0 0 0 0 1 0 0 0 0 1 0
5 25 0 1 0 0 0 0 1 0 0 0 0 1 0
5 26 0 1 0 0 0 0 1 0 0 0 0 1 0
5 27 0 1 0 0 0 0 1 0 0 0 0 1 0
5 28 0 1 0 0 0 0 1 0 0 0 0 1 0
5 29 0 1 0 0 0 0 1 0 0 0 0 1 0
5 30 0 1 0 0 0 0 1 0 0 0 0 1 0
5 31 0 1 0 0 0 0 1 0 0 0 0 1 0
5 32 0 1 0 0 0 0 1 0 0 0 0 1 0
5 33 0 1 0 0 0 0 1 0 0 0 0 1 0
5 34 0 1 0 0 0 0 1 0 0 0 0 1 0
5 35 0 1 0 0 0 0 1 0 0 0 0 1 0
5 36 0 1 0 0 0 0 1 0 0 0 0 1 0
5 37 0 1 0 0 0 0 1 0 0 0 0 1 0
5 38 0 1 0 0 0 0 1 0 0 0 0 1 0
5 39 0 1 0 0 0 0 1 0 0 0 0 1 0
5 40 0 1 0 0 0 0 1 0 0 0 0 1 0
5 41 0 1 0 0 0 0 1 0 0 0 0 1 0
5 42 0 1 0 0 0 0 1 0 0 0 0 1 0
5 43 0 1 0 0 0 0 1 0 0 0 0 1 0
5 44 0 1 0 0 0 0 1 0 0 0 0 1 0
5 45 0 1 0 0 0 0 1 0 0 0 0 1 0
5 46 0 1 0 0 0 0 1 0 0 0 0 1 0
5 47 30 -0.660288 0.419195 0.623133 -0.228468 -0.216691 -0.900776 0.37636 -0.181359 0.719072 0.113479 0.685608 0.95651
5 48 0 1 0 0 0 0 1 0 0 0 0 1 0
5 49 0 1 0 0 0 0 1 0 0 0 0 1 0
5 50 0 1 0 0 0 0 1 0 0 0 0 1 0
5 51 0 1 0 0 0 0 1 0 0 0 0 1 0
5 52 0 1 0 0 0 0 1 0 0 0 0 1 0
5 53 0 1 0 0 0 0 1 0 0 0 0 1 0
5 54 0 1 0 0 0 0 1 0 0 0 0 1 0
5 55 0 1 0 0 0 0 1 0 0 0 0 1 0
5 56 0 1 0 0 0 0 1 0 0 0 0 1 0
5 57 0 1 0 0 0 0 1 0 0 0 0 1 0
5 58 0 1 0 0 0 0 1 0 0 0 0 1 0
5 59 0 1 0 0 0 0 1 0 0 0 0 1 0
5 60 26 -0.720681 -0.134639 0.680068 -0.532435 0.126547 0.938931 0.319993 -0.109483 -0.68162 0.316673 -0.659631 0.83936
5 61 0 1 0 0 0 0 1 0 0 0 0 1 0
5 62 0 1 0 0 0 0 1 0 0 0 0 1 0
5 63 0 1 0 0 0 0 1 0 0 0 0 1 0
5 64 24 0.901108 0.199934 -0.384749 -0.626988 -0.367354 0.823412 -0.432484 -0.0608992 0.230339 0.531054 0.81543 0.776645
5 65 0 1 0 0 0 0 1 0 0 0 0 1 0
5 66 0 1 0 0 0 0 1 0 0 0 0 1 0
5 67 0 1 0 0 0 0 1 0 0 0 0 1 0
6 7 584 0.993878 0.0167515 -0.109202 0.978161 -0.0183323 0.999741 -0.0134878 0.0318848 0.108948 0.0154072 0.993928 -0.205387
6 8 54 0.986238 0.0862939 -0.141021 0.91893 -0.096198 0.993239 -0.0649811 -0.158093 0.13446 0.0776529 0.987872 -0.361351
6 9 132 0.991155 0.0779363 -0.107418 0.954254 -0.0822112 0.995966 -0.035954 0.00611989 0.104182 0.0444669 0.993564 0.298934
6 10 55 0.999014 -0.0230661 -0.0379417 -0.199496 0.0220052 0.999362 -0.0281468 -0.456687 0.0385667 0.0272841 0.998883 0.866971
6 11 59 0.854449 0.0403247 -0.517968 0.966615 -0.0811498 0.995105 -0.0563956 -0.0386268 0.513158 0.0902202 0.853539 0.253305
6 12 43 0.902616 0.124429 -0.412069 0.97861 -0.145859 0.989086 -0.0208322 -0.112448 0.40498 0.0789076 0.910914 0.172275
6 13 36 0.968094 0.23251 0.0934456 -0.988363 -0.226304 0.97136 -0.0724256 0.137378 -0.107609 0.0489677 0.992987 0.0653198
6 14 58 0.8164 0.13588 -0.561273 0.985583 -0.173677 0.9847 -0.0142334 -0.104421 0.550752 0.1091 0.827508 0.133128
6 15 0 1 0 0 0 0 1 0 0 0 0 1 0
6 16 67 0.806411 0.0687963 -0.587341 0.0240037 -0.0980195 0.995021 -0.0180308 0.166845 0.583176 0.0721111 0.809139 0.985691
6 17 18 0.7918 0.209668 -0.573666 0.304085 -0.206364 0.975836 0.0718234 0.187702 0.574863 0.061514 0.815934 -0.93397
6 18 16 0.754824 0.253397 -0.605005 -0.301398 -0.267165 0.96116 0.0692424 -0.237765 0.599052 0.109371 0.793205 0.923378
6 19 29 0.99517 0.0126781 0.0973473 0.0442585 0.0136656 -0.999862 -0.00948471 -0.0200286 0.0972136 0.0107692 -0.995205 0.998819
6 20 0 1 0 0 0 0 1 0 0 0 0 1 0
6 21 0 1 0 0 0 0 1 0 0 0 0 1 0
6 22 0 1 0 0 0 0 1 0 0 0 0 1 0
6 23 0 1 0 0 0 0 1 0 0 0 0 1 0
6 24 0 1 0 0 0 0 1 0 0 0 0 1 0
6 25 0 1 0 0 0 0 1 0 0 0 0 1 0
6 26 0 1 0 0 0 0 1 0 0 0 0 1 0
6 27 0 1 0 0 0 0 1 0 0 0 0 1 0
6 28 22 0.757147 0.653114 -0.0130504 -0.150653 0.651794 -0.753984 0.0816868 -0.316873 0.043511 -0.0703551 -0.996573 0.936427
6 29 0 1 0 0 0 0 1 0 0 0 0 1 0
6 30 0 1 0 0 0 0 1 0 0 0 0 1 0
6 31 0 1 0 0 0 0 1 0 0 0 0 1 0
6 32 0 1 0 0 0 0 1 0 0 0 0 1 0
6 33 0 1 0 0 0 0 1 0 0 0 0 1 0
6 34 0 1 0 0 0 0 1 0 0 0 0 1 0
6 35 0 1 0 0 0 0 1 0 0 0 0 1 0
6 36 0 1 0 0 0 0 1 0 0 0 0 1 0
6 37 0 1 0 0 0 0 1 0 0 0 0 1 0
6 38 0 1 0 0 0 0 1 0 0 0 0 1 0
6 39 0 1 0 0 0 0 1 0 0 0 0 1 0
6 40 0 1 0 0 0 0 1 0 0 0 0 1 0
6 41 0 1 0 0 0 0 1 0 0 0 0 1 0
6 42 0 1 0 0 0 0 1 0 0 0 0 1 0
6 43 0 1 0 0 0 0 1 0 0 0 0 1 0
6 44 0 1 0 0 0 0 1 0 0 0 0 1 0
6 45 0 1 0 0 0 0 1 0 0 0 0 1 0
6 46 0 1 0 0 0 0 1 0 0 0 0 1 0
6 47 20 -0.914225 0.372073 -0.160483 -0.256774 -0.386591 -0.919566 0.0703238 -0.179061 -0.12141 0.126333 0.98453 0.949739
6 48 0 1 0 0 0 0 1 0 0 0 0 1 0
6 49 0 1 0 0 0 0 1 0 0 0 0 1 0
6 50 0 1 0 0 0 0 1 0 0 0 0 1 0
6 51 0 1 0 0 0 0 1 0 0 0 0 1 0
6 52 0 1 0 0 0 0 1 0 0 0 0 1 0
6 53 0 1 0 0 0 0 1 0 0 0 0 1 0
6 54 0 1 0 0 0 0 1 0 0 0 0 1 0
6 55 0 1 0 0 0 0 1 0 0 0 0 1 0
6 56 0 1 0 0 0 0 1 0 0 0 0 1 0
6 57 0 1 0 0 0 0 1 0 0 0 0 1 0
6 58 0 1 0 0 0 0 1 0 0 0 0 1 0
6 59 0 1 0 0 0 0 1 0 0 0 0 1 0
6 60 0 1 0 0 0 0 1 0 0 0 0 1 0
6 61 0 1 0 0 0 0 1 0 0 0 0 1 0
6 62 0 1 0 0 0 0 1 0 0 0 0 1 0
6 63 0 1 0 0 0 0 1 0 0 0 0 1 0
6 64 0 1 0 0 0 0 1 0 0 0 0 1 0
6 65 0 1 0 0 0 0 1 0 0 0 0 1 0
6 66 0 1 0 0 0 0 1 0 0 0 0 1 0
6 67 0 1 0 0 0 0 1 0 0 0 0 1 0
7 8 151 0.988929 0.0784714 -0.125946 0.999213 -0.0879737 0.993536 -0.071742 -0.0341811 0.119502 0.0820276 0.98944 -0.0201138
7 9 227 0.999345 -0.0311552 0.0184213 -0.153798 0.0312914 0.999485 -0.00715103 -0.241399 -0.0181891 0.00772277 0.999805 0.958161
7 10 244 0.981022 0.0736371 -0.179371 0.934301 -0.0832608 0.995432 -0.0467184 0.0263448 0.175111 0.0607663 0.982672 0.35551
7 11 182 0.951324 0.0816893 -0.297168 0.959072 -0.103328 0.992965 -0.0578263 -0.0108278 0.290354 0.0857174 0.953072 0.282955
7 12 144 0.917982 0.110414 -0.380944 0.969081 -0.127503 0.99164 -0.019832 -0.102214 0.375569 0.0667768 0.924386 0.224574
7 13 86 0.921007 0.121267 -0.370189 0.986314 -0.137428 0.990357 -0.01749 -0.103374 0.364498 0.0669828 0.928792 0.128443
7 14 46 0.954737 -0.134195 0.26546 -0.952187 0.143042 0.989615 -0.0141888 -0.249408 -0.260799 0.0515185 0.964017 0.176454
7 15 48 0.999515 0.0222791 -0.0217605 -0.26737 -0.0229795 0.999208 -0.0324857 -0.0924104 0.0210196 0.03297 0.999235 -0.959152
7 16 80 0.960913 -0.0851115 0.263445 -0.991683 0.0859635 0.996264 0.00831337 -0.0453055 -0.263168 0.0146582 0.964639 0.120463
7 17 0 1 0 0 0 0 1 0 0 0 0 1 0
7 18 30 -0.954649 -0.029466 -0.296273 0.200876 -0.204562 0.787943 0.580775 -0.292052 0.216333 0.615042 -0.758237 0.935069
7 19 0 1 0 0 0 0 1 0 0 0 0 1 0
7 20 0 1 0 0 0 0 1 0 0 0 0 1 0
7 21 0 1 0 0 0 0 1 0 0 0 0 1 0
7 22 0 1 0 0 0 0 1 0 0 0 0 1 0
7 23 0 1 0 0 0 0 1 0 0 0 0 1 0
7 24 0 1 0 0 0 0 1 0 0 0 0 1 0
7 25 19 -0.562951 0.790749 -0.24042 0.202251 0.816678 0.576903 -0.0148265 0.163869 0.126975 -0.204693 -0.970556 0.965527
7 26 0 1 0 0 0 0 1 0 0 0 0 1 0
7 27 0 1 0 0 0 0 1 0 0 0 0 1 0
7 28 0 1 0 0 0 0 1 0 0 0 0 1 0
7 29 0 1 0 0 0 0 1 0 0 0 0 1 0
7 30 0 1 0 0 0 0 1 0 0 0 0 1 0
7 31 0 1 0 0 0 0 1 0 0 0 0 1 0
7 32 0 1 0 0 0 0 1 0 0 0 0 1 0
7 33 0 1 0 0 0 0 1 0 0 0 0 1 0
7 34 0 1 0 0 0 0 1 0 0 0 0 1 0
7 35 0 1 0 0 0 0 1 0 0 0 0 1 0
7 36 0 1 0 0 0 0 1 0 0 0 0 1 0
7 37 0 1 0 0 0 0 1 0 0 0 0 1 0
7 38 0 1 0 0 0 0 1 0 0 0 0 1 0
7 39 0 1 0 0 0 0 1 0 0 0 0 1 0
7 40 0 1 0 0 0 0 1 0 0 0 0 1 0
7 41 0 1 0 0 0 0 1 0 0 0 0 1 0
7 42 0 1 0 0 0 0 1 0 0 0 0 1 0
7 43 0 1 0 0 0 0 1 0 0 0 0 1 0
7 44 0 1 0 0 0 0 1 0 0 0 0 1 0
7 45 0 1 0 0 0 0 1 0 0 0 0 1 0
7 46 0 1 0 0 0 0 1 0 0 0 0 1 0
7 47 0 1 0 0 0 0 1 0 0 0 0 1 0
7 48 0 1 0 0 0 0 1 0 0 0 0 1 0
7 49 0 1 0 0 0 0 1 0 0 0 0 1 0
7 50 0 1 0 0 0 0 1 0 0 0 0 1 0
7 51 0 1 0 0 0 0 1 0 0 0 0 1 0
7 52 0 1 0 0 0 0 1 0 0 0 0 1 0
7 53 0 1 0 0 0 0 1 0 0 0 0 1 0
7 54 0 1 0 0 0 0 1 0 0 0 0 1 0
7 55 0 1 0 0 0 0 1 0 0 0 0 1 0
7 56 0 1 0 0 0 0 1 0 0 0 0 1 0
7 57 0 1 0 0 0 0 1 0 0 0 0 1 0
7 58 0 1 0 0 0 0 1 0 0 0 0 1 0
7 59 0 1 0 0 0 0 1 0 0 0 0 1 0
7 60 0 1 0 0 0 0 1 0 0 0 0 1 0
7 61 0 1 0 0 0 0 1 0 0 0 0 1 0
7 62 0 1 0 0 0 0 1 0 0 0 0 1 0
7 63 0 1 0 0 0 0 1 0 0 0 0 1 0
7 64 0 1 0 0 0 0 1 0 0 0 0 1 0
7 65 0 1 0 0 0 0 1 0 0 0 0 1 0
7 66 0 1 0 0 0 0 1 0 0 0 0 1 0
7 67 0 1 0 0 0 0 1 0 0 0 0 1 0
8 9 240 0.996675 -0.0768778 0.0269812 -0.64268 0.0748407 0.994752 0.0697697 -0.20613 -0.0322033 -0.0675184 0.997198 0.737884
8 10 212 0.96981 -0.00942452 -0.24368 0.907179 0.0226512 0.998414 0.0515339 -0.105783 0.242808 -0.0554978 0.968486 0.40723
8 11 171 0.971005 -0.00408963 -0.239025 0.918284 0.0115614 0.999487 0.0298658 -0.0845978 0.23878 -0.0317633 0.970554 0.386779
8 12 107 0.972819 0.0228656 -0.230437 0.990848 -0.0165983 0.999439 0.0290997 -0.0618708 0.230973 -0.0244839 0.972652 0.119965
8 13 109 0.935154 0.0352654 -0.352482 0.994553 -0.0217766 0.998873 0.0421616 -0.0640734 0.353572 -0.0317517 0.934868 0.0822073
8 14 104 0.955381 0.0521795 -0.290731 0.995604 -0.0503963 0.998636 0.0136231 -0.0422195 0.291046 0.00163658 0.956708 0.0836037
8 15 50 0.728938 0.21857 -0.64875 0.951056 -0.162894 0.975821 0.145736 -0.152552 0.664917 -0.000554863 0.746917 0.268737
8 16 53 0.318703 -0.222956 0.921259 -0.769963 0.255807 0.956109 0.142895 -0.0731884 -0.912683 0.190124 0.361749 0.633877
8 17 28 0.650214 0.184542 -0.736998 0.979153 -0.115023 0.982781 0.144607 -0.016131 0.750994 -0.00925337 0.660244 0.202481
8 18 52 -0.0268786 0.339738 -0.940136 0.499073 -0.115794 0.933087 0.340502 -0.226576 0.99291 0.118014 0.0142595 0.836415
8 19 53 0.0273069 0.342708 -0.939045 0.824763 -0.177402 0.926145 0.332841 -0.176094 0.98376 0.1575 0.0860873 0.53736
8 20 0 1 0 0 0 0 1 0 0 0 0 1 0
8 21 0 1 0 0 0 0 1 0 0 0 0 1 0
8 22 0 1 0 0 0 0 1 0 0 0 0 1 0
8 23 0 1 0 0 0 0 1 0 0 0 0 1 0
8 24 0 1 0 0 0 0 1 0 0 0 0 1 0
8 25 16 -0.893085 0.448095 0.0401268 -0.260175 0.431178 0.827077 0.360595 -0.0609107 0.128393 0.339344 -0.931859 0.963638
8 26 0 1 0 0 0 0 1 0 0 0 0 1 0
8 27 0 1 0 0 0 0 1 0 0 0 0 1 0
8 28 0 1 0 0 0 0 1 0 0 0 0 1 0
8 29 0 1 0 0 0 0 1 0 0 0 0 1 0
8 30 0 1 0 0 0 0 1 0 0 0 0 1 0
8 31 0 1 0 0 0 0 1 0 0 0 0 1 0
8 32 0 1 0 0 0 0 1 0 0 0 0 1 0
8 33 0 1 0 0 0 0 1 0 0 0 0 1 0
8 34 0 1 0 0 0 0 1 0 0 0 0 1 0
8 35 0 1 0 0 0 0 1 0 0 0 0 1 0
8 36 0 1 0 0 0 0 1 0 0 0 0 1 0
8 37 0 1 0 0 0 0 1 0 0 0 0 1 0
8 38 0 1 0 0 0 0 1 0 0 0 0 1 0
8 39 0 1 0 0 0 0 1 0 0 0 0 1 0
8 40 0 1 0 0 0 0 1 0 0 0 0 1 0
8 41 0 1 0 0 0 0 1 0 0 0 0 1 0
8 42 0 1 0 0 0 0 1 0 0 0 0 1 0
8 43 0 1 0 0 0 0 1 0 0 0 0 1 0
8 44 0 1 0 0 0 0 1 0 0 0 0 1 0
8 45 0 1 0 0 0 0 1 0 0 0 0 1 0
8 46 0 1 0 0 0 0 1 0 0 0 0 1 0
8 47 0 1 0 0 0 0 1 0 0 0 0 1 0
8 48 0 1 0 0 0 0 1 0 0 0 0 1 0
8 49 0 1 0 0 0 0 1 0 0 0 0 1 0
8 50 0 1 0 0 0 0 1 0 0 0 0 1 0
8 51 0 1 0 0 0 0 1 0 0 0 0 1 0
8 52 0 1 0 0 0 0 1 0 0 0 0 1 0
8 53 0 1 0 0 0 0 1 0 0 0 0 1 0
8 54 0 1 0 0 0 0 1 0 0 0 0 1 0
8 55 0 1 0 0 0 0 1 0 0 0 0 1 0
8 56 0 1 0 0 0 0 1 0 0 0 0 1 0
8 57 0 1 0 0 0 0 1 0 0 0 0 1 0
8 58 0 1 0 0 0 0 1 0 0 0 0 1 0
8 59 23 0.893302 -0.169382 -0.416319 -0.434139 0.137011 -0.779561 0.611157 -0.135343 -0.428065 -0.602988 -0.673176 0.890621
8 60 30 0.330934 -0.393819 0.857549 -0.833445 -0.255124 -0.91225 -0.320486 -0.0242428 0.908512 -0.112722 -0.402367 0.552071
8 61 21 -0.994612 -0.0876669 -0.0553227 -0.243654 -0.0764757 0.980812 -0.179332 -0.0998039 0.0699826 -0.174135 -0.982232 0.964713
8 62 0 1 0 0 0 0 1 0 0 0 0 1 0
8 63 0 1 0 0 0 0 1 0 0 0 0 1 0
8 64 25 -0.8911 0.0554685 -0.450404 -0.433878 -0.143808 -0.975865 0.164335 -0.108496 -0.430418 0.211211 0.877571 0.894415
8 65 0 1 0 0 0 0 1 0 0 0 0 1 0
8 66 0 1 0 0 0 0 1 0 0 0 0 1 0
8 67 14 0.745937 -0.180936 -0.640968 -0.459694 0.344829 0.928278 0.139262 -0.11253 0.569798 -0.324905 0.754829 0.880919
9 10 315 0.997739 0.0135987 -0.0658121 0.155443 -0.013356 0.999902 0.00412612 -0.86007 0.0658618 -0.00323781 0.997824 0.485919
9 11 47 0.997838 0.0132604 -0.0643769 -0.0491753 -0.0157229 0.999158 -0.0378962 0.833768 0.0638201 0.0388265 0.997206 0.549921
9 12 65 0.999899 0.0131877 -0.00529854 -0.00356213 -0.0134654 0.998322 -0.0563268 0.878211 0.00454683 0.0563925 0.998398 0.478259
9 13 27 0.999497 0.0257392 -0.0185312 -0.284673 -0.0267173 0.998149 -0.054625 0.279946 0.0170909 0.0550926 0.998335 -0.916838
9 14 34 0.998162 0.0605821 0.00174211 0.25247 -0.0602966 0.995543 -0.0725215 -0.331671 -0.00612785 0.0722831 0.997365 0.908985
9 15 44 0.994575 -0.102826 -0.0157093 0.250121 0.101643 0.992804 -0.0633102 -0.0857419 0.0221063 0.06137 0.99787 0.96441
9 16 45 0.999525 -0.0281729 -0.0124893 0.258751 0.0244171 0.971251 -0.236803 0.393304 0.0188017 0.236386 0.971477 0.882247
9 17 29 0.998846 -0.0211557 0.0431269 -0.363675 0.0200184 0.999445 0.026634 0.19931 -0.0436664 -0.0257399 0.998715 -0.909954
9 18 0 1 0 0 0 0 1 0 0 0 0 1 0
9 19 23 -0.640055 -0.708597 0.297018 0.247663 0.749178 -0.489809 0.445891 0.00614521 -0.170474 0.507914 0.844371 0.968827
9 20 0 1 0 0 0 0 1 0 0 0 0 1 0
9 21 0 1 0 0 0 0 1 0 0 0 0 1 0
9 22 0 1 0 0 0 0 1 0 0 0 0 1 0
9 23 0 1 0 0 0 0 1 0 0 0 0 1 0
9 24 0 1 0 0 0 0 1 0 0 0 0 1 0
9 25 0 1 0 0 0 0 1 0 0 0 0 1 0
9 26 0 1 0 0 0 0 1 0 0 0 0 1 0
9 27 0 1 0 0 0 0 1 0 0 0 0 1 0
9 28 0 1 0 0 0 0 1 0 0 0 0 1 0
9 29 0 1 0 0 0 0 1 0 0 0 0 1 0
9 30 0 1 0 0 0 0 1 0 0 0 0 1 0
9 31 0 1 0 0 0 0 1 0 0 0 0 1 0
9 32 0 1 0 0 0 0 1 0 0 0 0 1 0
9 33 0 1 0 0 0 0 1 0 0 0 0 1 0
9 34 0 1 0 0 0 0 1 0 0 0 0 1 0
9 35 0 1 0 0 0 0 1 0 0 0 0 1 0
9 36 0 1 0 0 0 0 1 0 0 0 0 1 0
9 37 0 1 0 0 0 0 1 0 0 0 0 1 0
9 38 0 1 0 0 0 0 1 0 0 0 0 1 0
9 39 0 1 0 0 0 0 1 0 0 0 0 1 0
9 40 0 1 0 0 0 0 1 0 0 0 0 1 0
9 41 0 1 0 0 0 0 1 0 0 0 0 1 0
9 42 0 1 0 0 0 0 1 0 0 0 0 1 0
9 43 0 1 0 0 0 0 1 0 0 0 0 1 0
9 44 0 1 0 0 0 0 1 0 0 0 0 1 0
9 45 0 1 0 0 0 0 1 0 0 0 0 1 0
9 46 0 1 0 0 0 0 1 0 0 0 0 1 0
9 47 0 1 0 0 0 0 1 0 0 0 0 1 0
9 48 0 1 0 0 0 0 1 0 0 0 0 1 0
9 49 0 1 0 0 0 0 1 0 0 0 0 1 0
9 50 0 1 0 0 0 0 1 0 0 0 0 1 0
9 51 0 1 0 0 0 0 1 0 0 0 0 1 0
9 52 0 1 0 0 0 0 1 0 0 0 0 1 0
9 53 0 1 0 0 0 0 1 0 0 0 0 1 0
9 54 0 1 0 0 0 0 1 0 0 0 0 1 0
9 55 0 1 0 0 0 0 1 0 0 0 0 1 0
9 56 0 1 0 0 0 0 1 0 0 0 0 1 0
9 57 0 1 0 0 0 0 1 0 0 0 0 1 0
9 58 0 1 0 0 0 0 1 0 0 0 0 1 0
9 59 23 -0.926619 0.241152 -0.288484 -0.467814 -0.328905 -0.891651 0.311094 -0.121845 -0.182206 0.38315 0.905537 0.875388
9 60 14 0.792277 0.243961 -0.559268 -0.460738 -0.193151 0.96973 0.149387 -0.118496 0.578784 -0.0103331 0.815416 0.87959
9 61 0 1 0 0 0 0 1 0 0 0 0 1 0
9 62 0 1 0 0 0 0 1 0 0 0 0 1 0
9 63 0 1 0 0 0 0 1 0 0 0 0 1 0
9 64 0 1 0 0 0 0 1 0 0 0 0 1 0
9 65 0 1 0 0 0 0 1 0 0 0 0 1 0
9 66 0 1 0 0 0 0 1 0 0 0 0 1 0
9 67 24 -0.950469 0.0617428 0.304626 -0.348359 -0.00779858 0.975026 -0.221955 -0.105353 -0.310722 -0.213337 -0.92625 0.931422
10 11 614 0.994873 0.0307374 -0.0963499 0.991956 -0.0320973 0.999405 -0.0125962 -0.0771601 0.0959054 0.0156242 0.995268 -0.100343
10 12 380 0.989895 0.0462713 -0.134043 0.988239 -0.0496689 0.998521 -0.0221134 0.00426853 0.132821 0.0285477 0.990729 -0.15286
10 13 204 0.969668 0.0664683 -0.235213 0.989004 -0.0760491 0.996594 -0.0318878 0.0609862 0.232293 0.0488084 0.971421 -0.134727
10 14 243 0.986088 -0.161819 -0.0380077 0.243719 0.157913 0.840582 0.518156 -0.829539 -0.0518991 -0.51695 0.854441 0.502459
10 15 39 0.997783 -0.0423791 0.05131 -0.317394 0.0439833 0.998565 -0.0305495 0.251529 -0.0499417 0.0327385 0.998215 -0.914327
10 16 56 0.996976 -0.0309246 0.0712877 -0.280423 0.0288209 0.999124 0.0303524 0.204294 -0.0721638 -0.028206 0.996994 -0.937884
10 17 24 0.99492 0.0516195 0.0864235 0.314615 -0.0608162 0.992353 0.107407 0.00522726 -0.0802183 -0.112117 0.990452 0.949205
10 18 25 0.904693 -0.0220303 0.425494 -0.667828 0.0531196 0.996702 -0.0613387 0.225671 -0.42274 0.0780948 0.90288 0.709281
10 19 39 0.274772 -0.337678 -0.900263 0.0916281 -0.66242 -0.745133 0.0773114 -0.26749 -0.696922 0.575109 -0.428426 0.959194
10 20 21 0.0392373 0.719448 0.693437 -0.234628 0.870599 0.31599 -0.377105 0.23914 -0.490427 0.618502 -0.613952 0.942211
10 21 0 1 0 0 0 0 1 0 0 0 0 1 0
10 22 0 1 0 0 0 0 1 0 0 0 0 1 0
10 23 0 1 0 0 0 0 1 0 0 0 0 1 0
10 24 0 1 0 0 0 0 1 0 0 0 0 1 0
10 25 0 1 0 0 0 0 1 0 0 0 0 1 0
10 26 0 1 0 0 0 0 1 0 0 0 0 1 0
10 27 0 1 0 0 0 0 1 0 0 0 0 1 0
10 28 19 0.902947 -0.373733 -0.212154 -0.127006 0.421071 0.868107 0.262849 -0.374647 0.0859374 -0.32667 0.941223 0.918428
10 29 0 1 0 0 0 0 1 0 0 0 0 1 0
10 30 0 1 0 0 0 0 1 0 0 0 0 1 0
10 31 0 1 0 0 0 0 1 0 0 0 0 1 0
10 32 0 1 0 0 0 0 1 0 0 0 0 1 0
10 33 0 1 0 0 0 0 1 0 0 0 0 1 0
10 34 0 1 0 0 0 0 1 0 0 0 0 1 0
10 35 0 1 0 0 0 0 1 0 0 0 0 1 0
10 36 0 1 0 0 0 0 1 0 0 0 0 1 0
10 37 0 1 0 0 0 0 1 0 0 0 0 1 0
10 38 0 1 0 0 0 0 1 0 0 0 0 1 0
10 39 0 1 0 0 0 0 1 0 0 0 0 1 0
10 40 0 1 0 0 0 0 1 0 0 0 0 1 0
10 41 0 1 0 0 0 0 1 0 0 0 0 1 0
10 42 0 1 0 0 0 0 1 0 0 0 0 1 0
10 43 0 1 0 0 0 0 1 0 0 0 0 1 0
10 44 0 1 0 0 0 0 1 0 0 0 0 1 0
10 45 0 1 0 0 0 0 1 0 0 0 0 1 0
10 46 0 1 0 0 0 0 1 0 0 0 0 1 0
10 47 0 1 0 0 0 0 1 0 0 0 0 1 0
10 48 0 1 0 0 0 0 1 0 0 0 0 1 0
10 49 0 1 0 0 0 0 1 0 0 0 0 1 0
10 50 0 1 0 0 0 0 1 0 0 0 0 1 0
10 51 0 1 0 0 0 0 1 0 0 0 0 1 0
10 52 0 1 0 0 0 0 1 0 0 0 0 1 0
10 53 0 1 0 0 0 0 1 0 0 0 0 1 0
10 54 0 1 0 0 0 0 1 0 0 0 0 1 0
10 55 0 1 0 0 0 0 1 0 0 0 0 1 0
10 56 0 1 0 0 0 0 1 0 0 0 0 1 0
10 57 0 1 0 0 0 0 1 0 0 0 0 1 0
10 58 0 1 0 0 0 0 1 0 0 0 0 1 0
10 59 37 0.866606 -0.12807 -0.482278 -0.271914 -0.0917388 0.909136 -0.40627 -0.166453 0.490488 0.396319 0.776114 0.947817
10 60 26 0.448635 0.333575 0.829129 -0.883759 0.175 0.876984 -0.44752 -0.00737573 -0.876414 0.345871 0.33507 0.467884
10 61 0 1 0 0 0 0 1 0 0 0 0 1 0
10 62 24 0.934477 -0.19229 -0.299629 -0.525091 0.0620114 0.916644 -0.394865 -0.0888551 0.350582 0.350412 0.868507 0.846395
10 63 0 1 0 0 0 0 1 0 0 0 0 1 0
10 64 36 0.806304 -0.0811163 -0.585912 -0.0239129 -0.182128 0.90838 -0.376397 -0.176358 0.562763 0.410202 0.717657 0.984036
10 65 0 1 0 0 0 0 1 0 0 0 0 1 0
10 66 0 1 0 0 0 0 1 0 0 0 0 1 0
10 67 0 1 0 0 0 0 1 0 0 0 0 1 0
11 12 577 0.997876 0.0299974 -0.0578264 0.984103 -0.0302874 0.999533 -0.00414629 0.0466753 0.057675 0.0058889 0.998318 -0.171356
11 13 394 0.992797 0.0408939 -0.112613 0.982941 -0.0423999 0.99904 -0.0110101 0.0904233 0.112055 0.0157056 0.993578 -0.160157
11 14 66 0.997491 -0.00573473 0.0705665 0.30973 0.00768189 0.999596 -0.0273529 -0.288786 -0.0703812 0.0278264 0.997132 0.905908
11 15 68 0.981887 0.168341 0.0869435 -0.819977 -0.169114 0.985595 0.00155173 0.382237 -0.0854299 -0.016227 0.996212 0.426066
11 16 0 1 0 0 0 0 1 0 0 0 0 1 0
11 17 0 1 0 0 0 0 1 0 0 0 0 1 0
11 18 0 1 0 0 0 0 1 0 0 0 0 1 0
11 19 0 1 0 0 0 0 1 0 0 0 0 1 0
11 20 0 1 0 0 0 0 1 0 0 0 0 1 0
11 21 0 1 0 0 0 0 1 0 0 0 0 1 0
11 22 0 1 0 0 0 0 1 0 0 0 0 1 0
11 23 0 1 0 0 0 0 1 0 0 0 0 1 0
11 24 0 1 0 0 0 0 1 0 0 0 0 1 0
11 25 0 1 0 0 0 0 1 0 0 0 0 1 0
11 26 0 1 0 0 0 0 1 0 0 0 0 1 0
11 27 0 1 0 0 0 0 1 0 0 0 0 1 0
11 28 0 1 0 0 0 0 1 0 0 0 0 1 0
11 29 0 1 0 0 0 0 1 0 0 0 0 1 0
11 30 0 1 0 0 0 0 1 0 0 0 0 1 0
11 31 0 1 0 0 0 0 1 0 0 0 0 1 0
11 32 0 1 0 0 0 0 1 0 0 0 0 1 0
11 33 0 1 0 0 0 0 1 0 0 0 0 1 0
11 34 0 1 0 0 0 0 1 0 0 0 0 1 0
11 35 0 1 0 0 0 0 1 0 0 0 0 1 0
11 36 0 1 0 0 0 0 1 0 0 0 0 1 0
11 37 0 1 0 0 0 0 1 0 0 0 0 1 0
11 38 0 1 0 0 0 0 1 0 0 0 0 1 0
11 39 0 1 0 0 0 0 1 0 0 0 0 1 0
11 40 0 1 0 0 0 0 1 0 0 0 0 1 0
11 41 0 1 0 0 0 0 1 0 0 0 0 1 0
11 42 0 1 0 0 0 0 1 0 0 0 0 1 0
11 43 0 1 0 0 0 0 1 0 0 0 0 1 0
11 44 0 1 0 0 0 0 1 0 0 0 0 1 0
11 45 0 1 0 0 0 0 1 0 0 0 0 1 0
11 46 0 1 0 0 0 0 1 0 0 0 0 1 0
11 47 0 1 0 0 0 0 1 0 0 0 0 1 0
11 48 0 1 0 0 0 0 1 0 0 0 0 1 0
11 49 0 1 0 0 0 0 1 0 0 0 0 1 0
11 50 0 1 0 0 0 0 1 0 0 0 0 1 0
11 51 0 1 0 0 0 0 1 0 0 0 0 1 0
11 52 0 1 0 0 0 0 1 0 0 0 0 1 0
11 53 0 1 0 0 0 0 1 0 0 0 0 1 0
11 54 0 1 0 0 0 0 1 0 0 0 0 1 0
11 55 0 1 0 0 0 0 1 0 0 0 0 1 0
11 56 0 1 0 0 0 0 1 0 0 0 0 1 0
11 57 0 1 0 0 0 0 1 0 0 0 0 1 0
11 58 28 -0.815885 -0.0273742 -0.577566 -0.0987341 0.0617447 0.989043 -0.134098 -0.143777 0.574909 -0.14507 -0.805254 0.984672
11 59 50 0.986278 -0.038087 -0.160637 -0.812646 -0.0394066 0.890586 -0.453105 -0.025491 0.160319 0.453218 0.876865 0.5822
11 60 30 0.971506 -0.0481775 -0.232067 -0.765229 -0.0605851 0.896117 -0.439664 -0.0419991 0.229141 0.441196 0.867664 0.642387
11 61 31 -0.220321 -0.35759 -0.907518 -0.0232486 0.0277253 0.927708 -0.372276 -0.0497886 0.975033 -0.107181 -0.194479 0.998489
11 62 0 1 0 0 0 0 1 0 0 0 0 1 0
11 63 20 0.018414 0.879819 -0.474952 -0.162805 0.993359 0.0378618 0.108649 -0.0729433 0.113574 -0.473798 -0.873279 0.983958
11 64 59 0.792761 0.241805 0.559518 -0.911791 0.0892902 0.861973 -0.499028 0.0474384 -0.602957 0.44557 0.661748 0.407904
11 65 49 0.796533 -0.402641 -0.451016 -0.373817 0.222158 0.888713 -0.401041 -0.0774779 0.5623 0.219246 0.79734 0.924261
11 66 42 -0.84175 -0.398367 -0.364363 0.0100488 -0.188673 0.849426 -0.492827 0.076338 0.505825 -0.346092 -0.790165 0.997031
11 67 55 0.988567 0.106889 -0.106346 -0.858927 -0.145569 0.860408 -0.488373 0.0809065 0.0392991 0.498271 0.86613 0.505666
12 13 551 0.997215 0.0249915 -0.070264 0.908385 -0.0251872 0.999681 -0.00190125 0.0885437 0.0701941 0.00366571 0.997527 -0.408651
12 14 310 0.996543 0.0569794 -0.0604585 0.932667 -0.0581429 0.998152 -0.0176609 0.051614 0.0593405 0.0211151 0.998014 -0.357027
12 15 242 0.991586 0.0333815 -0.125073 0.973571 -0.033189 0.999443 0.00362291 0.0350891 0.125124 0.000558625 0.992141 -0.225673
12 16 52 0.997121 -0.05144 0.0557109 -0.558704 0.048281 0.997227 0.0566381 -0.242964 -0.0584699 -0.0537853 0.996839 0.792981
12 17 35 0.981883 -0.175588 0.0712413 0.323752 0.174269 0.984397 0.0243647 0.130072 -0.0744078 -0.0115081 0.997161 0.937159
12 18 36 0.965874 0.00822084 0.258881 -0.918623 -0.0160502 0.999475 0.0281439 -0.00934538 -0.258514 -0.0313386 0.965499 0.395024
12 19 18 0.977513 -0.168942 0.126201 0.0368647 0.164403 0.985337 0.0456297 -0.251717 -0.132059 -0.0238558 0.990955 0.967098
12 20 0 1 0 0 0 0 1 0 0 0 0 1 0
12 21 0 1 0 0 0 0 1 0 0 0 0 1 0
12 22 0 1 0 0 0 0 1 0 0 0 0 1 0
12 23 21 -0.702625 0.688981 -0.177832 0.217437 0.606362 0.710525 0.357043 -0.32692 0.37235 0.143037 -0.917004 0.919698
12 24 0 1 0 0 0 0 1 0 0 0 0 1 0
12 25 26 0.698501 0.191927 -0.689391 0.274434 -0.224315 0.973534 0.043754 0.559253 0.679543 0.124078 0.723067 -0.782254
12 26 21 0.692736 0.708533 0.13453 0.124357 0.698482 -0.612704 -0.369751 0.0577671 -0.179554 0.350107 -0.91934 0.990554
12 27 0 1 0 0 0 0 1 0 0 0 0 1 0
12 28 0 1 0 0 0 0 1 0 0 0 0 1 0
12 29 0 1 0 0 0 0 1 0 0 0 0 1 0
12 30 0 1 0 0 0 0 1 0 0 0 0 1 0
12 31 0 1 0 0 0 0 1 0 0 0 0 1 0
12 32 0 1 0 0 0 0 1 0 0 0 0 1 0
12 33 0 1 0 0 0 0 1 0 0 0 0 1 0
12 34 0 1 0 0 0 0 1 0 0 0 0 1 0
12 35 0 1 0 0 0 0 1 0 0 0 0 1 0
12 36 0 1 0 0 0 0 1 0 0 0 0 1 0
12 37 0 1 0 0 0 0 1 0 0 0 0 1 0
12 38 0 1 0 0 0 0 1 0 0 0 0 1 0
12 39 0 1 0 0 0 0 1 0 0 0 0 1 0
12 40 0 1 0 0 0 0 1 0 0 0 0 1 0
12 41 0 1 0 0 0 0 1 0 0 0 0 1 0
12 42 0 1 0 0 0 0 1 0 0 0 0 1 0
12 43 0 1 0 0 0 0 1 0 0 0 0 1 0
12 44 0 1 0 0 0 0 1 0 0 0 0 1 0
12 45 0 1 0 0 0 0 1 0 0 0 0 1 0
12 46 0 1 0 0 0 0 1 0 0 0 0 1 0
12 47 0 1 0 0 0 0 1 0 0 0 0 1 0
12 48 0 1 0 0 0 0 1 0 0 0 0 1 0
12 49 0 1 0 0 0 0 1 0 0 0 0 1 0
12 50 0 1 0 0 0 0 1 0 0 0 0 1 0
12 51 0 1 0 0 0 0 1 0 0 0 0 1 0
12 52 0 1 0 0 0 0 1 0 0 0 0 1 0
12 53 0 1 0 0 0 0 1 0 0 0 0 1 0
12 54 0 1 0 0 0 0 1 0 0 0 0 1 0
12 55 0 1 0 0 0 0 1 0 0 0 0 1 0
12 56 0 1 0 0 0 0 1 0 0 0 0 1 0
12 57 0 1 0 0 0 0 1 0 0 0 0 1 0
12 58 24 0.994216 -0.0379363 -0.100479 -0.729102 -0.0124889 0.88836 -0.458977 -0.0298445 0.106674 0.457577 0.882748 0.683754
12 59 60 -0.823982 -0.0110293 -0.566508 -0.0324067 0.0769394 0.988372 -0.131151 -0.168859 0.561367 -0.151653 -0.813553 0.985107
12 60 0 1 0 0 0 0 1 0 0 0 0 1 0
12 61 0 1 0 0 0 0 1 0 0 0 0 1 0
12 62 0 1 0 0 0 0 1 0 0 0 0 1 0
12 63 0 1 0 0 0 0 1 0 0 0 0 1 0
12 64 25 0.177775 0.417417 0.891156 -0.800158 0.288128 0.843816 -0.452721 0.00492496 -0.940945 0.33725 0.0297396 0.599769
12 65 0 1 0 0 0 0 1 0 0 0 0 1 0
12 66 0 1 0 0 0 0 1 0 0 0 0 1 0
12 67 0 1 0 0 0 0 1 0 0 0 0 1 0
13 14 607 0.995655 0.0420473 -0.0830885 0.989384 -0.0435015 0.998929 -0.0157691 -3.51742e-05 0.0823365 0.0193151 0.996417 -0.145327
13 15 463 0.995135 0.0255169 -0.0951597 0.992237 -0.0254223 0.999674 0.00220633 0.0462188 0.095185 0.000223585 0.99546 -0.115451
13 16 191 0.997521 -0.0667304 0.0223395 0.319823 0.0652944 0.996073 0.0597979 -0.182916 -0.0262421 -0.0581911 0.99796 0.929653
