0 1 123 0.999609 0.00565055 -0.0273962 0.968042 -0.00611805 0.999837 -0.0170107 -0.0572786 0.0272956 0.0171717 0.99948 -0.244159
0 2 74 0.996654 0.0404501 -0.07103 0.870063 -0.0432615 0.998322 -0.0384971 0.0460608 0.0693536 0.0414411 0.996731 -0.490783
0 3 20 0.985342 0.138234 -0.0999655 0.789535 -0.142181 0.989275 -0.0334701 0.300866 0.0942667 0.0471927 0.994428 -0.534897
0 4 0 1 0 0 0 0 1 0 0 0 0 1 0
0 5 0 1 0 0 0 0 1 0 0 0 0 1 0
0 6 0 1 0 0 0 0 1 0 0 0 0 1 0
0 7 0 1 0 0 0 0 1 0 0 0 0 1 0
0 8 0 1 0 0 0 0 1 0 0 0 0 1 0
0 9 0 1 0 0 0 0 1 0 0 0 0 1 0
0 10 0 1 0 0 0 0 1 0 0 0 0 1 0
0 11 0 1 0 0 0 0 1 0 0 0 0 1 0
0 12 0 1 0 0 0 0 1 0 0 0 0 1 0
0 13 0 1 0 0 0 0 1 0 0 0 0 1 0
0 14 0 1 0 0 0 0 1 0 0 0 0 1 0
0 15 0 1 0 0 0 0 1 0 0 0 0 1 0
0 16 0 1 0 0 0 0 1 0 0 0 0 1 0
0 17 0 1 0 0 0 0 1 0 0 0 0 1 0
0 18 0 1 0 0 0 0 1 0 0 0 0 1 0
0 19 0 1 0 0 0 0 1 0 0 0 0 1 0
0 20 0 1 0 0 0 0 1 0 0 0 0 1 0
0 21 0 1 0 0 0 0 1 0 0 0 0 1 0
0 22 0 1 0 0 0 0 1 0 0 0 0 1 0
0 23 0 1 0 0 0 0 1 0 0 0 0 1 0
0 24 0 1 0 0 0 0 1 0 0 0 0 1 0
0 25 0 1 0 0 0 0 1 0 0 0 0 1 0
0 26 0 1 0 0 0 0 1 0 0 0 0 1 0
0 27 0 1 0 0 0 0 1 0 0 0 0 1 0
0 28 0 1 0 0 0 0 1 0 0 0 0 1 0
0 29 0 1 0 0 0 0 1 0 0 0 0 1 0
0 30 0 1 0 0 0 0 1 0 0 0 0 1 0
0 31 0 1 0 0 0 0 1 0 0 0 0 1 0
0 32 0 1 0 0 0 0 1 0 0 0 0 1 0
0 33 0 1 0 0 0 0 1 0 0 0 0 1 0
0 34 0 1 0 0 0 0 1 0 0 0 0 1 0
0 35 0 1 0 0 0 0 1 0 0 0 0 1 0
0 36 0 1 0 0 0 0 1 0 0 0 0 1 0
0 37 0 1 0 0 0 0 1 0 0 0 0 1 0
0 38 0 1 0 0 0 0 1 0 0 0 0 1 0
0 39 0 1 0 0 0 0 1 0 0 0 0 1 0
0 40 0 1 0 0 0 0 1 0 0 0 0 1 0
0 41 0 1 0 0 0 0 1 0 0 0 0 1 0
0 42 0 1 0 0 0 0 1 0 0 0 0 1 0
0 43 0 1 0 0 0 0 1 0 0 0 0 1 0
0 44 0 1 0 0 0 0 1 0 0 0 0 1 0
0 45 0 1 0 0 0 0 1 0 0 0 0 1 0
0 46 0 1 0 0 0 0 1 0 0 0 0 1 0
0 47 0 1 0 0 0 0 1 0 0 0 0 1 0
0 48 0 1 0 0 0 0 1 0 0 0 0 1 0
0 49 0 1 0 0 0 0 1 0 0 0 0 1 0
0 50 0 1 0 0 0 0 1 0 0 0 0 1 0
0 51 0 1 0 0 0 0 1 0 0 0 0 1 0
0 52 0 1 0 0 0 0 1 0 0 0 0 1 0
0 53 0 1 0 0 0 0 1 0 0 0 0 1 0
0 54 0 1 0 0 0 0 1 0 0 0 0 1 0
0 55 0 1 0 0 0 0 1 0 0 0 0 1 0
0 56 0 1 0 0 0 0 1 0 0 0 0 1 0
0 57 0 1 0 0 0 0 1 0 0 0 0 1 0
0 58 0 1 0 0 0 0 1 0 0 0 0 1 0
0 59 0 1 0 0 0 0 1 0 0 0 0 1 0
0 60 0 1 0 0 0 0 1 0 0 0 0 1 0
0 61 0 1 0 0 0 0 1 0 0 0 0 1 0
0 62 0 1 0 0 0 0 1 0 0 0 0 1 0
0 63 0 1 0 0 0 0 1 0 0 0 0 1 0
0 64 0 1 0 0 0 0 1 0 0 0 0 1 0
0 65 0 1 0 0 0 0 1 0 0 0 0 1 0
0 66 0 1 0 0 0 0 1 0 0 0 0 1 0
0 67 0 1 0 0 0 0 1 0 0 0 0 1 0
1 2 151 0.99948 0.0321344 0.00277013 -0.617169 -0.0320944 0.999395 -0.0134352 -0.0238719 -0.00320018 0.0133393 0.999906 -0.786469
1 3 87 0.987743 0.0604036 -0.143928 0.933037 -0.0601976 0.99817 0.00578953 0.166584 0.144015 0.00294557 0.989571 -0.318891
1 4 37 0.970695 0.0908724 -0.222473 0.998536 -0.0862615 0.995809 0.0303768 0.0519484 0.224301 -0.0102958 0.974466 0.0151055
1 5 14 0.994953 0.0021163 0.100319 -0.214617 -0.0049647 0.999591 0.0281523 -0.0759347 -0.100218 -0.0285082 0.994557 -0.973742
1 6 0 1 0 0 0 0 1 0 0 0 0 1 0
1 7 0 1 0 0 0 0 1 0 0 0 0 1 0
1 8 0 1 0 0 0 0 1 0 0 0 0 1 0
1 9 0 1 0 0 0 0 1 0 0 0 0 1 0
1 10 0 1 0 0 0 0 1 0 0 0 0 1 0
1 11 0 1 0 0 0 0 1 0 0 0 0 1 0
1 12 0 1 0 0 0 0 1 0 0 0 0 1 0
1 13 0 1 0 0 0 0 1 0 0 0 0 1 0
1 14 0 1 0 0 0 0 1 0 0 0 0 1 0
1 15 0 1 0 0 0 0 1 0 0 0 0 1 0
1 16 0 1 0 0 0 0 1 0 0 0 0 1 0
1 17 0 1 0 0 0 0 1 0 0 0 0 1 0
1 18 0 1 0 0 0 0 1 0 0 0 0 1 0
1 19 0 1 0 0 0 0 1 0 0 0 0 1 0
1 20 0 1 0 0 0 0 1 0 0 0 0 1 0
1 21 0 1 0 0 0 0 1 0 0 0 0 1 0
1 22 0 1 0 0 0 0 1 0 0 0 0 1 0
1 23 0 1 0 0 0 0 1 0 0 0 0 1 0
1 24 0 1 0 0 0 0 1 0 0 0 0 1 0
1 25 0 1 0 0 0 0 1 0 0 0 0 1 0
1 26 0 1 0 0 0 0 1 0 0 0 0 1 0
1 27 0 1 0 0 0 0 1 0 0 0 0 1 0
1 28 0 1 0 0 0 0 1 0 0 0 0 1 0
1 29 0 1 0 0 0 0 1 0 0 0 0 1 0
1 30 0 1 0 0 0 0 1 0 0 0 0 1 0
1 31 0 1 0 0 0 0 1 0 0 0 0 1 0
1 32 0 1 0 0 0 0 1 0 0 0 0 1 0
1 33 0 1 0 0 0 0 1 0 0 0 0 1 0
1 34 0 1 0 0 0 0 1 0 0 0 0 1 0
1 35 0 1 0 0 0 0 1 0 0 0 0 1 0
1 36 0 1 0 0 0 0 1 0 0 0 0 1 0
1 37 0 1 0 0 0 0 1 0 0 0 0 1 0
1 38 0 1 0 0 0 0 1 0 0 0 0 1 0
1 39 0 1 0 0 0 0 1 0 0 0 0 1 0
1 40 0 1 0 0 0 0 1 0 0 0 0 1 0
1 41 0 1 0 0 0 0 1 0 0 0 0 1 0
1 42 0 1 0 0 0 0 1 0 0 0 0 1 0
1 43 0 1 0 0 0 0 1 0 0 0 0 1 0
1 44 0 1 0 0 0 0 1 0 0 0 0 1 0
1 45 0 1 0 0 0 0 1 0 0 0 0 1 0
1 46 0 1 0 0 0 0 1 0 0 0 0 1 0
1 47 0 1 0 0 0 0 1 0 0 0 0 1 0
1 48 0 1 0 0 0 0 1 0 0 0 0 1 0
1 49 0 1 0 0 0 0 1 0 0 0 0 1 0
1 50 0 1 0 0 0 0 1 0 0 0 0 1 0
1 51 0 1 0 0 0 0 1 0 0 0 0 1 0
1 52 0 1 0 0 0 0 1 0 0 0 0 1 0
1 53 0 1 0 0 0 0 1 0 0 0 0 1 0
1 54 0 1 0 0 0 0 1 0 0 0 0 1 0
1 55 0 1 0 0 0 0 1 0 0 0 0 1 0
1 56 0 1 0 0 0 0 1 0 0 0 0 1 0
1 57 0 1 0 0 0 0 1 0 0 0 0 1 0
1 58 0 1 0 0 0 0 1 0 0 0 0 1 0
1 59 0 1 0 0 0 0 1 0 0 0 0 1 0
1 60 0 1 0 0 0 0 1 0 0 0 0 1 0
1 61 0 1 0 0 0 0 1 0 0 0 0 1 0
1 62 0 1 0 0 0 0 1 0 0 0 0 1 0
1 63 0 1 0 0 0 0 1 0 0 0 0 1 0
1 64 0 1 0 0 0 0 1 0 0 0 0 1 0
1 65 0 1 0 0 0 0 1 0 0 0 0 1 0
1 66 0 1 0 0 0 0 1 0 0 0 0 1 0
1 67 0 1 0 0 0 0 1 0 0 0 0 1 0
2 3 42 0.998226 0.0141205 -0.057834 0.873551 -0.0120526 0.999281 0.035949 0.150962 0.0583001 -0.0351882 0.997679 -0.462731
2 4 27 0.992186 0.0667424 -0.105413 0.989478 -0.0622505 0.99703 0.0453464 0.0821214 0.108126 -0.0384301 0.993394 -0.119122
2 5 0 1 0 0 0 0 1 0 0 0 0 1 0
2 6 0 1 0 0 0 0 1 0 0 0 0 1 0
2 7 0 1 0 0 0 0 1 0 0 0 0 1 0
2 8 0 1 0 0 0 0 1 0 0 0 0 1 0
2 9 0 1 0 0 0 0 1 0 0 0 0 1 0
2 10 0 1 0 0 0 0 1 0 0 0 0 1 0
2 11 0 1 0 0 0 0 1 0 0 0 0 1 0
2 12 0 1 0 0 0 0 1 0 0 0 0 1 0
2 13 0 1 0 0 0 0 1 0 0 0 0 1 0
2 14 0 1 0 0 0 0 1 0 0 0 0 1 0
2 15 0 1 0 0 0 0 1 0 0 0 0 1 0
2 16 0 1 0 0 0 0 1 0 0 0 0 1 0
2 17 0 1 0 0 0 0 1 0 0 0 0 1 0
2 18 0 1 0 0 0 0 1 0 0 0 0 1 0
2 19 0 1 0 0 0 0 1 0 0 0 0 1 0
2 20 0 1 0 0 0 0 1 0 0 0 0 1 0
2 21 0 1 0 0 0 0 1 0 0 0 0 1 0
2 22 0 1 0 0 0 0 1 0 0 0 0 1 0
2 23 0 1 0 0 0 0 1 0 0 0 0 1 0
2 24 0 1 0 0 0 0 1 0 0 0 0 1 0
2 25 0 1 0 0 0 0 1 0 0 0 0 1 0
2 26 0 1 0 0 0 0 1 0 0 0 0 1 0
2 27 0 1 0 0 0 0 1 0 0 0 0 1 0
2 28 0 1 0 0 0 0 1 0 0 0 0 1 0
2 29 0 1 0 0 0 0 1 0 0 0 0 1 0
2 30 0 1 0 0 0 0 1 0 0 0 0 1 0
2 31 0 1 0 0 0 0 1 0 0 0 0 1 0
2 32 0 1 0 0 0 0 1 0 0 0 0 1 0
2 33 0 1 0 0 0 0 1 0 0 0 0 1 0
2 34 0 1 0 0 0 0 1 0 0 0 0 1 0
2 35 0 1 0 0 0 0 1 0 0 0 0 1 0
2 36 0 1 0 0 0 0 1 0 0 0 0 1 0
2 37 0 1 0 0 0 0 1 0 0 0 0 1 0
2 38 0 1 0 0 0 0 1 0 0 0 0 1 0
2 39 0 1 0 0 0 0 1 0 0 0 0 1 0
2 40 0 1 0 0 0 0 1 0 0 0 0 1 0
2 41 0 1 0 0 0 0 1 0 0 0 0 1 0
2 42 0 1 0 0 0 0 1 0 0 0 0 1 0
2 43 0 1 0 0 0 0 1 0 0 0 0 1 0
2 44 0 1 0 0 0 0 1 0 0 0 0 1 0
2 45 0 1 0 0 0 0 1 0 0 0 0 1 0
2 46 0 1 0 0 0 0 1 0 0 0 0 1 0
2 47 0 1 0 0 0 0 1 0 0 0 0 1 0
2 48 0 1 0 0 0 0 1 0 0 0 0 1 0
2 49 0 1 0 0 0 0 1 0 0 0 0 1 0
2 50 0 1 0 0 0 0 1 0 0 0 0 1 0
2 51 0 1 0 0 0 0 1 0 0 0 0 1 0
2 52 0 1 0 0 0 0 1 0 0 0 0 1 0
2 53 0 1 0 0 0 0 1 0 0 0 0 1 0
2 54 0 1 0 0 0 0 1 0 0 0 0 1 0
2 55 0 1 0 0 0 0 1 0 0 0 0 1 0
2 56 0 1 0 0 0 0 1 0 0 0 0 1 0
2 57 0 1 0 0 0 0 1 0 0 0 0 1 0
2 58 0 1 0 0 0 0 1 0 0 0 0 1 0
2 59 0 1 0 0 0 0 1 0 0 0 0 1 0
2 60 0 1 0 0 0 0 1 0 0 0 0 1 0
2 61 0 1 0 0 0 0 1 0 0 0 0 1 0
2 62 0 1 0 0 0 0 1 0 0 0 0 1 0
2 63 0 1 0 0 0 0 1 0 0 0 0 1 0
2 64 0 1 0 0 0 0 1 0 0 0 0 1 0
2 65 0 1 0 0 0 0 1 0 0 0 0 1 0
2 66 0 1 0 0 0 0 1 0 0 0 0 1 0
2 67 0 1 0 0 0 0 1 0 0 0 0 1 0
3 4 41 0.998398 0.0474484 -0.0308122 0.981686 -0.0472189 0.998851 0.0081342 0.0736469 0.0311628 -0.00666626 0.999492 0.175698
3 5 21 0.994807 0.094807 0.037017 0.21467 -0.0946387 0.995492 -0.00627621 0.179985 -0.0374451 0.00274038 0.999295 -0.959959
3 6 0 1 0 0 0 0 1 0 0 0 0 1 0
3 7 0 1 0 0 0 0 1 0 0 0 0 1 0
3 8 0 1 0 0 0 0 1 0 0 0 0 1 0
3 9 0 1 0 0 0 0 1 0 0 0 0 1 0
3 10 0 1 0 0 0 0 1 0 0 0 0 1 0
3 11 0 1 0 0 0 0 1 0 0 0 0 1 0
3 12 0 1 0 0 0 0 1 0 0 0 0 1 0
3 13 0 1 0 0 0 0 1 0 0 0 0 1 0
3 14 0 1 0 0 0 0 1 0 0 0 0 1 0
3 15 0 1 0 0 0 0 1 0 0 0 0 1 0
3 16 0 1 0 0 0 0 1 0 0 0 0 1 0
3 17 0 1 0 0 0 0 1 0 0 0 0 1 0
3 18 0 1 0 0 0 0 1 0 0 0 0 1 0
3 19 0 1 0 0 0 0 1 0 0 0 0 1 0
3 20 0 1 0 0 0 0 1 0 0 0 0 1 0
3 21 0 1 0 0 0 0 1 0 0 0 0 1 0
3 22 0 1 0 0 0 0 1 0 0 0 0 1 0
3 23 0 1 0 0 0 0 1 0 0 0 0 1 0
3 24 0 1 0 0 0 0 1 0 0 0 0 1 0
3 25 0 1 0 0 0 0 1 0 0 0 0 1 0
3 26 0 1 0 0 0 0 1 0 0 0 0 1 0
3 27 0 1 0 0 0 0 1 0 0 0 0 1 0
3 28 0 1 0 0 0 0 1 0 0 0 0 1 0
3 29 0 1 0 0 0 0 1 0 0 0 0 1 0
3 30 0 1 0 0 0 0 1 0 0 0 0 1 0
3 31 0 1 0 0 0 0 1 0 0 0 0 1 0
3 32 0 1 0 0 0 0 1 0 0 0 0 1 0
3 33 0 1 0 0 0 0 1 0 0 0 0 1 0
3 34 0 1 0 0 0 0 1 0 0 0 0 1 0
3 35 0 1 0 0 0 0 1 0 0 0 0 1 0
3 36 0 1 0 0 0 0 1 0 0 0 0 1 0
3 37 0 1 0 0 0 0 1 0 0 0 0 1 0
3 38 0 1 0 0 0 0 1 0 0 0 0 1 0
3 39 0 1 0 0 0 0 1 0 0 0 0 1 0
3 40 0 1 0 0 0 0 1 0 0 0 0 1 0
3 41 0 1 0 0 0 0 1 0 0 0 0 1 0
3 42 0 1 0 0 0 0 1 0 0 0 0 1 0
3 43 0 1 0 0 0 0 1 0 0 0 0 1 0
3 44 0 1 0 0 0 0 1 0 0 0 0 1 0
3 45 0 1 0 0 0 0 1 0 0 0 0 1 0
3 46 0 1 0 0 0 0 1 0 0 0 0 1 0
3 47 0 1 0 0 0 0 1 0 0 0 0 1 0
3 48 0 1 0 0 0 0 1 0 0 0 0 1 0
3 49 0 1 0 0 0 0 1 0 0 0 0 1 0
3 50 0 1 0 0 0 0 1 0 0 0 0 1 0
3 51 0 1 0 0 0 0 1 0 0 0 0 1 0
3 52 0 1 0 0 0 0 1 0 0 0 0 1 0
3 53 0 1 0 0 0 0 1 0 0 0 0 1 0
3 54 0 1 0 0 0 0 1 0 0 0 0 1 0
3 55 0 1 0 0 0 0 1 0 0 0 0 1 0
3 56 0 1 0 0 0 0 1 0 0 0 0 1 0
3 57 0 1 0 0 0 0 1 0 0 0 0 1 0
3 58 0 1 0 0 0 0 1 0 0 0 0 1 0
3 59 0 1 0 0 0 0 1 0 0 0 0 1 0
3 60 0 1 0 0 0 0 1 0 0 0 0 1 0
3 61 0 1 0 0 0 0 1 0 0 0 0 1 0
3 62 0 1 0 0 0 0 1 0 0 0 0 1 0
3 63 0 1 0 0 0 0 1 0 0 0 0 1 0
3 64 0 1 0 0 0 0 1 0 0 0 0 1 0
3 65 0 1 0 0 0 0 1 0 0 0 0 1 0
3 66 0 1 0 0 0 0 1 0 0 0 0 1 0
3 67 0 1 0 0 0 0 1 0 0 0 0 1 0
4 5 69 0.998565 0.00537229 -0.0532897 0.993884 -0.00608468 0.999894 -0.0132151 0.106178 0.0532131 0.0135204 0.998492 -0.0303332
4 6 14 0.996072 0.0858294 0.02178 -0.976175 -0.0867046 0.995303 0.0430507 0.049011 -0.0179827 -0.04477 0.998835 -0.211375
4 7 0 1 0 0 0 0 1 0 0 0 0 1 0
4 8 0 1 0 0 0 0 1 0 0 0 0 1 0
4 9 0 1 0 0 0 0 1 0 0 0 0 1 0
4 10 0 1 0 0 0 0 1 0 0 0 0 1 0
4 11 0 1 0 0 0 0 1 0 0 0 0 1 0
4 12 11 0.984941 0.0290381 0.170434 -0.228602 -0.0198624 0.998272 -0.055298 0.192854 -0.171746 0.05108 0.983816 -0.954227
4 13 0 1 0 0 0 0 1 0 0 0 0 1 0
4 14 0 1 0 0 0 0 1 0 0 0 0 1 0
4 15 0 1 0 0 0 0 1 0 0 0 0 1 0
4 16 0 1 0 0 0 0 1 0 0 0 0 1 0
4 17 0 1 0 0 0 0 1 0 0 0 0 1 0
4 18 0 1 0 0 0 0 1 0 0 0 0 1 0
4 19 0 1 0 0 0 0 1 0 0 0 0 1 0
4 20 0 1 0 0 0 0 1 0 0 0 0 1 0
4 21 0 1 0 0 0 0 1 0 0 0 0 1 0
4 22 0 1 0 0 0 0 1 0 0 0 0 1 0
4 23 0 1 0 0 0 0 1 0 0 0 0 1 0
4 24 0 1 0 0 0 0 1 0 0 0 0 1 0
4 25 0 1 0 0 0 0 1 0 0 0 0 1 0
4 26 0 1 0 0 0 0 1 0 0 0 0 1 0
4 27 0 1 0 0 0 0 1 0 0 0 0 1 0
4 28 0 1 0 0 0 0 1 0 0 0 0 1 0
4 29 0 1 0 0 0 0 1 0 0 0 0 1 0
4 30 0 1 0 0 0 0 1 0 0 0 0 1 0
4 31 0 1 0 0 0 0 1 0 0 0 0 1 0
4 32 0 1 0 0 0 0 1 0 0 0 0 1 0
4 33 0 1 0 0 0 0 1 0 0 0 0 1 0
4 34 0 1 0 0 0 0 1 0 0 0 0 1 0
4 35 0 1 0 0 0 0 1 0 0 0 0 1 0
4 36 0 1 0 0 0 0 1 0 0 0 0 1 0
4 37 0 1 0 0 0 0 1 0 0 0 0 1 0
4 38 0 1 0 0 0 0 1 0 0 0 0 1 0
4 39 0 1 0 0 0 0 1 0 0 0 0 1 0
4 40 0 1 0 0 0 0 1 0 0 0 0 1 0
4 41 0 1 0 0 0 0 1 0 0 0 0 1 0
4 42 0 1 0 0 0 0 1 0 0 0 0 1 0
4 43 0 1 0 0 0 0 1 0 0 0 0 1 0
4 44 0 1 0 0 0 0 1 0 0 0 0 1 0
4 45 0 1 0 0 0 0 1 0 0 0 0 1 0
4 46 0 1 0 0 0 0 1 0 0 0 0 1 0
4 47 0 1 0 0 0 0 1 0 0 0 0 1 0
4 48 0 1 0 0 0 0 1 0 0 0 0 1 0
4 49 0 1 0 0 0 0 1 0 0 0 0 1 0
4 50 0 1 0 0 0 0 1 0 0 0 0 1 0
4 51 0 1 0 0 0 0 1 0 0 0 0 1 0
4 52 0 1 0 0 0 0 1 0 0 0 0 1 0
4 53 0 1 0 0 0 0 1 0 0 0 0 1 0
4 54 0 1 0 0 0 0 1 0 0 0 0 1 0
4 55 0 1 0 0 0 0 1 0 0 0 0 1 0
4 56 0 1 0 0 0 0 1 0 0 0 0 1 0
4 57 0 1 0 0 0 0 1 0 0 0 0 1 0
4 58 0 1 0 0 0 0 1 0 0 0 0 1 0
4 59 0 1 0 0 0 0 1 0 0 0 0 1 0
4 60 0 1 0 0 0 0 1 0 0 0 0 1 0
4 61 0 1 0 0 0 0 1 0 0 0 0 1 0
4 62 0 1 0 0 0 0 1 0 0 0 0 1 0
4 63 0 1 0 0 0 0 1 0 0 0 0 1 0
4 64 0 1 0 0 0 0 1 0 0 0 0 1 0
4 65 0 1 0 0 0 0 1 0 0 0 0 1 0
4 66 0 1 0 0 0 0 1 0 0 0 0 1 0
4 67 0 1 0 0 0 0 1 0 0 0 0 1 0
5 6 34 0.999305 0.0305322 -0.0214078 0.685191 -0.0300388 0.999284 0.0230046 0.087791 0.0220948 -0.0223455 0.999506 -0.723054
5 7 32 0.996977 0.0669875 0.039372 -0.0913749 -0.0670612 0.997749 0.000551852 0.188458 -0.0392464 -0.00319052 0.999224 -0.977821
5 8 0 1 0 0 0 0 1 0 0 0 0 1 0
5 9 0 1 0 0 0 0 1 0 0 0 0 1 0
5 10 0 1 0 0 0 0 1 0 0 0 0 1 0
5 11 0 1 0 0 0 0 1 0 0 0 0 1 0
5 12 16 0.997155 0.031204 0.0686114 -0.0115027 -0.0274188 0.998086 -0.0554352 0.339176 -0.0702098 0.0533962 0.996102 -0.940653
5 13 0 1 0 0 0 0 1 0 0 0 0 1 0
5 14 0 1 0 0 0 0 1 0 0 0 0 1 0
5 15 0 1 0 0 0 0 1 0 0 0 0 1 0
5 16 0 1 0 0 0 0 1 0 0 0 0 1 0
5 17 25 0.0837115 -0.240709 -0.966981 0.470268 -0.688692 0.687364 -0.230724 0.377354 0.720205 0.685266 -0.108234 0.79778
5 18 10 0.737279 0.230802 -0.634941 0.315298 -0.237564 0.968382 0.0761539 0.234253 0.632442 0.0946924 0.768798 -0.919626
5 19 0 1 0 0 0 0 1 0 0 0 0 1 0
5 20 0 1 0 0 0 0 1 0 0 0 0 1 0
5 21 0 1 0 0 0 0 1 0 0 0 0 1 0
5 22 0 1 0 0 0 0 1 0 0 0 0 1 0
5 23 0 1 0 0 0 0 1 0 0 0 0 1 0
5 24 0 1 0 0 0 0 1 0 0 0 0 1 0
5 25 0 1 0 0 0 0 1 0 0 0 0 1 0
5 26 0 1 0 0 0 0 1 0 0 0 0 1 0
5 27 0 1 0 0 0 0 1 0 0 0 0 1 0
5 28 0 1 0 0 0 0 1 0 0 0 0 1 0
5 29 0 1 0 0 0 0 1 0 0 0 0 1 0
5 30 0 1 0 0 0 0 1 0 0 0 0 1 0
5 31 0 1 0 0 0 0 1 0 0 0 0 1 0
5 32 0 1 0 0 0 0 1 0 0 0 0 1 0
5 33 0 1 0 0 0 0 1 0 0 0 0 1 0
5 34 0 1 0 0 0 0 1 0 0 0 0 1 0
5 35 0 1 0 0 0 0 1 0 0 0 0 1 0
5 36 0 1 0 0 0 0 1 0 0 0 0 1 0
5 37 0 1 0 0 0 0 1 0 0 0 0 1 0
5 38 0 1 0 0 0 0 1 0 0 0 0 1 0
5 39 0 1 0 0 0 0 1 0 0 0 0 1 0
5 40 0 1 0 0 0 0 1 0 0 0 0 1 0
5 41 0 1 0 0 0 0 1 0 0 0 0 1 0
5 42 0 1 0 0 0 0 1 0 0 0 0 1 0
5 43 0 1 0 0 0 0 1 0 0 0 0 1 0
5 44 0 1 0 0 0 0 1 0 0 0 0 1 0
5 45 0 1 0 0 0 0 1 0 0 0 0 1 0
5 46 0 1 0 0 0 0 1 0 0 0 0 1 0
5 47 0 1 0 0 0 0 1 0 0 0 0 1 0
5 48 0 1 0 0 0 0 1 0 0 0 0 1 0
5 49 0 1 0 0 0 0 1 0 0 0 0 1 0
5 50 0 1 0 0 0 0 1 0 0 0 0 1 0
5 51 0 1 0 0 0 0 1 0 0 0 0 1 0
5 52 0 1 0 0 0 0 1 0 0 0 0 1 0
5 53 0 1 0 0 0 0 1 0 0 0 0 1 0
5 54 0 1 0 0 0 0 1 0 0 0 0 1 0
5 55 0 1 0 0 0 0 1 0 0 0 0 1 0
5 56 0 1 0 0 0 0 1 0 0 0 0 1 0
5 57 0 1 0 0 0 0 1 0 0 0 0 1 0
5 58 0 1 0 0 0 0 1 0 0 0 0 1 0
5 59 0 1 0 0 0 0 1 0 0 0 0 1 0
5 60 0 1 0 0 0 0 1 0 0 0 0 1 0
5 61 0 1 0 0 0 0 1 0 0 0 0 1 0
5 62 0 1 0 0 0 0 1 0 0 0 0 1 0
5 63 0 1 0 0 0 0 1 0 0 0 0 1 0
5 64 0 1 0 0 0 0 1 0 0 0 0 1 0
5 65 0 1 0 0 0 0 1 0 0 0 0 1 0
5 66 0 1 0 0 0 0 1 0 0 0 0 1 0
5 67 0 1 0 0 0 0 1 0 0 0 0 1 0
6 7 19 0.999956 0.00932868 0.00112535 0.20155 -0.00931829 0.999917 -0.00890627 -0.206993 -0.00120834 0.00889539 0.99996 -0.957357
6 8 0 1 0 0 0 0 1 0 0 0 0 1 0
6 9 0 1 0 0 0 0 1 0 0 0 0 1 0
6 10 11 0.929132 0.101005 0.355686 -0.19213 0.0347723 -0.981571 0.187906 -0.224458 0.36811 -0.162222 -0.915521 0.955356
6 11 0 1 0 0 0 0 1 0 0 0 0 1 0
6 12 0 1 0 0 0 0 1 0 0 0 0 1 0
6 13 0 1 0 0 0 0 1 0 0 0 0 1 0
6 14 0 1 0 0 0 0 1 0 0 0 0 1 0
6 15 0 1 0 0 0 0 1 0 0 0 0 1 0
6 16 20 0.822976 0.145105 -0.549232 0.0135784 -0.156712 0.987302 0.0260225 0.23266 0.546033 0.0646551 0.835265 -0.972463
6 17 11 0.795338 0.160266 -0.584596 0.238852 -0.161441 0.985586 0.0505577 0.250787 0.584272 0.0541673 0.809748 -0.938113
6 18 0 1 0 0 0 0 1 0 0 0 0 1 0
6 19 0 1 0 0 0 0 1 0 0 0 0 1 0
6 20 0 1 0 0 0 0 1 0 0 0 0 1 0
6 21 0 1 0 0 0 0 1 0 0 0 0 1 0
6 22 0 1 0 0 0 0 1 0 0 0 0 1 0
6 23 17 -0.223157 -0.0853134 -0.971042 0.213565 0.849751 -0.505125 -0.150904 -0.202113 -0.477624 -0.858819 0.185217 0.955793
6 24 0 1 0 0 0 0 1 0 0 0 0 1 0
6 25 0 1 0 0 0 0 1 0 0 0 0 1 0
6 26 0 1 0 0 0 0 1 0 0 0 0 1 0
6 27 0 1 0 0 0 0 1 0 0 0 0 1 0
6 28 0 1 0 0 0 0 1 0 0 0 0 1 0
6 29 0 1 0 0 0 0 1 0 0 0 0 1 0
6 30 0 1 0 0 0 0 1 0 0 0 0 1 0
6 31 0 1 0 0 0 0 1 0 0 0 0 1 0
6 32 0 1 0 0 0 0 1 0 0 0 0 1 0
6 33 0 1 0 0 0 0 1 0 0 0 0 1 0
6 34 0 1 0 0 0 0 1 0 0 0 0 1 0
6 35 0 1 0 0 0 0 1 0 0 0 0 1 0
6 36 0 1 0 0 0 0 1 0 0 0 0 1 0
6 37 0 1 0 0 0 0 1 0 0 0 0 1 0
6 38 0 1 0 0 0 0 1 0 0 0 0 1 0
6 39 0 1 0 0 0 0 1 0 0 0 0 1 0
6 40 0 1 0 0 0 0 1 0 0 0 0 1 0
6 41 0 1 0 0 0 0 1 0 0 0 0 1 0
6 42 0 1 0 0 0 0 1 0 0 0 0 1 0
6 43 0 1 0 0 0 0 1 0 0 0 0 1 0
6 44 0 1 0 0 0 0 1 0 0 0 0 1 0
6 45 0 1 0 0 0 0 1 0 0 0 0 1 0
6 46 0 1 0 0 0 0 1 0 0 0 0 1 0
6 47 0 1 0 0 0 0 1 0 0 0 0 1 0
6 48 0 1 0 0 0 0 1 0 0 0 0 1 0
6 49 0 1 0 0 0 0 1 0 0 0 0 1 0
6 50 0 1 0 0 0 0 1 0 0 0 0 1 0
6 51 0 1 0 0 0 0 1 0 0 0 0 1 0
6 52 0 1 0 0 0 0 1 0 0 0 0 1 0
6 53 0 1 0 0 0 0 1 0 0 0 0 1 0
6 54 0 1 0 0 0 0 1 0 0 0 0 1 0
6 55 0 1 0 0 0 0 1 0 0 0 0 1 0
6 56 0 1 0 0 0 0 1 0 0 0 0 1 0
6 57 0 1 0 0 0 0 1 0 0 0 0 1 0
6 58 0 1 0 0 0 0 1 0 0 0 0 1 0
6 59 0 1 0 0 0 0 1 0 0 0 0 1 0
6 60 0 1 0 0 0 0 1 0 0 0 0 1 0
6 61 0 1 0 0 0 0 1 0 0 0 0 1 0
6 62 0 1 0 0 0 0 1 0 0 0 0 1 0
6 63 0 1 0 0 0 0 1 0 0 0 0 1 0
6 64 0 1 0 0 0 0 1 0 0 0 0 1 0
6 65 0 1 0 0 0 0 1 0 0 0 0 1 0
6 66 0 1 0 0 0 0 1 0 0 0 0 1 0
6 67 0 1 0 0 0 0 1 0 0 0 0 1 0
7 8 17 0.996016 0.0860503 0.0234085 0.219939 -0.084071 0.993606 -0.0753605 -0.00214723 -0.0297436 0.0730923 0.996882 0.975511
7 9 16 0.999484 -0.0250791 0.0200509 -0.143622 0.0251998 0.999666 -0.00579141 -0.237034 -0.019899 0.0062937 0.999782 0.960826
7 10 0 1 0 0 0 0 1 0 0 0 0 1 0
7 11 0 1 0 0 0 0 1 0 0 0 0 1 0
7 12 0 1 0 0 0 0 1 0 0 0 0 1 0
7 13 0 1 0 0 0 0 1 0 0 0 0 1 0
7 14 0 1 0 0 0 0 1 0 0 0 0 1 0
7 15 0 1 0 0 0 0 1 0 0 0 0 1 0
7 16 0 1 0 0 0 0 1 0 0 0 0 1 0
7 17 15 0.821947 0.0998413 -0.560745 -0.151753 -0.10444 0.994243 0.0239366 -0.092743 0.559906 0.0388896 0.827643 0.984058
7 18 18 0.424843 -0.614084 -0.665138 -0.0062645 -0.90101 -0.358006 -0.244975 0.0874546 -0.0876879 0.703373 -0.705392 0.996149
7 19 0 1 0 0 0 0 1 0 0 0 0 1 0
7 20 0 1 0 0 0 0 1 0 0 0 0 1 0
7 21 0 1 0 0 0 0 1 0 0 0 0 1 0
7 22 0 1 0 0 0 0 1 0 0 0 0 1 0
7 23 0 1 0 0 0 0 1 0 0 0 0 1 0
7 24 0 1 0 0 0 0 1 0 0 0 0 1 0
7 25 0 1 0 0 0 0 1 0 0 0 0 1 0
7 26 0 1 0 0 0 0 1 0 0 0 0 1 0
7 27 0 1 0 0 0 0 1 0 0 0 0 1 0
7 28 0 1 0 0 0 0 1 0 0 0 0 1 0
7 29 0 1 0 0 0 0 1 0 0 0 0 1 0
7 30 0 1 0 0 0 0 1 0 0 0 0 1 0
7 31 0 1 0 0 0 0 1 0 0 0 0 1 0
7 32 0 1 0 0 0 0 1 0 0 0 0 1 0
7 33 0 1 0 0 0 0 1 0 0 0 0 1 0
7 34 0 1 0 0 0 0 1 0 0 0 0 1 0
7 35 0 1 0 0 0 0 1 0 0 0 0 1 0
7 36 0 1 0 0 0 0 1 0 0 0 0 1 0
7 37 0 1 0 0 0 0 1 0 0 0 0 1 0
7 38 0 1 0 0 0 0 1 0 0 0 0 1 0
7 39 0 1 0 0 0 0 1 0 0 0 0 1 0
7 40 0 1 0 0 0 0 1 0 0 0 0 1 0
7 41 0 1 0 0 0 0 1 0 0 0 0 1 0
7 42 0 1 0 0 0 0 1 0 0 0 0 1 0
7 43 0 1 0 0 0 0 1 0 0 0 0 1 0
7 44 0 1 0 0 0 0 1 0 0 0 0 1 0
7 45 0 1 0 0 0 0 1 0 0 0 0 1 0
7 46 0 1 0 0 0 0 1 0 0 0 0 1 0
7 47 0 1 0 0 0 0 1 0 0 0 0 1 0
7 48 0 1 0 0 0 0 1 0 0 0 0 1 0
7 49 0 1 0 0 0 0 1 0 0 0 0 1 0
7 50 0 1 0 0 0 0 1 0 0 0 0 1 0
7 51 0 1 0 0 0 0 1 0 0 0 0 1 0
7 52 0 1 0 0 0 0 1 0 0 0 0 1 0
7 53 0 1 0 0 0 0 1 0 0 0 0 1 0
7 54 0 1 0 0 0 0 1 0 0 0 0 1 0
7 55 0 1 0 0 0 0 1 0 0 0 0 1 0
7 56 0 1 0 0 0 0 1 0 0 0 0 1 0
7 57 0 1 0 0 0 0 1 0 0 0 0 1 0
7 58 0 1 0 0 0 0 1 0 0 0 0 1 0
7 59 0 1 0 0 0 0 1 0 0 0 0 1 0
7 60 0 1 0 0 0 0 1 0 0 0 0 1 0
7 61 0 1 0 0 0 0 1 0 0 0 0 1 0
7 62 0 1 0 0 0 0 1 0 0 0 0 1 0
7 63 0 1 0 0 0 0 1 0 0 0 0 1 0
7 64 0 1 0 0 0 0 1 0 0 0 0 1 0
7 65 0 1 0 0 0 0 1 0 0 0 0 1 0
7 66 0 1 0 0 0 0 1 0 0 0 0 1 0
7 67 0 1 0 0 0 0 1 0 0 0 0 1 0
8 9 33 0.997971 -0.0635186 -0.0043299 -0.194992 0.0636658 0.995809 0.0656636 -0.225747 0.000140889 -0.0658061 0.997832 0.954472
8 10 35 0.995817 -0.0472939 -0.0781781 -0.0384764 0.0490828 0.998571 0.0211193 0.0812997 0.0770676 -0.0248681 0.996716 0.995947
8 11 0 1 0 0 0 0 1 0 0 0 0 1 0
8 12 0 1 0 0 0 0 1 0 0 0 0 1 0
8 13 0 1 0 0 0 0 1 0 0 0 0 1 0
8 14 0 1 0 0 0 0 1 0 0 0 0 1 0
8 15 0 1 0 0 0 0 1 0 0 0 0 1 0
8 16 0 1 0 0 0 0 1 0 0 0 0 1 0
8 17 0 1 0 0 0 0 1 0 0 0 0 1 0
8 18 0 1 0 0 0 0 1 0 0 0 0 1 0
8 19 0 1 0 0 0 0 1 0 0 0 0 1 0
8 20 0 1 0 0 0 0 1 0 0 0 0 1 0
8 21 0 1 0 0 0 0 1 0 0 0 0 1 0
8 22 0 1 0 0 0 0 1 0 0 0 0 1 0
8 23 0 1 0 0 0 0 1 0 0 0 0 1 0
8 24 0 1 0 0 0 0 1 0 0 0 0 1 0
8 25 0 1 0 0 0 0 1 0 0 0 0 1 0
8 26 0 1 0 0 0 0 1 0 0 0 0 1 0
8 27 0 1 0 0 0 0 1 0 0 0 0 1 0
8 28 0 1 0 0 0 0 1 0 0 0 0 1 0
8 29 0 1 0 0 0 0 1 0 0 0 0 1 0
8 30 0 1 0 0 0 0 1 0 0 0 0 1 0
8 31 0 1 0 0 0 0 1 0 0 0 0 1 0
8 32 0 1 0 0 0 0 1 0 0 0 0 1 0
8 33 0 1 0 0 0 0 1 0 0 0 0 1 0
8 34 0 1 0 0 0 0 1 0 0 0 0 1 0
8 35 0 1 0 0 0 0 1 0 0 0 0 1 0
8 36 0 1 0 0 0 0 1 0 0 0 0 1 0
8 37 0 1 0 0 0 0 1 0 0 0 0 1 0
8 38 0 1 0 0 0 0 1 0 0 0 0 1 0
8 39 0 1 0 0 0 0 1 0 0 0 0 1 0
8 40 0 1 0 0 0 0 1 0 0 0 0 1 0
8 41 0 1 0 0 0 0 1 0 0 0 0 1 0
8 42 0 1 0 0 0 0 1 0 0 0 0 1 0
8 43 0 1 0 0 0 0 1 0 0 0 0 1 0
8 44 0 1 0 0 0 0 1 0 0 0 0 1 0
8 45 0 1 0 0 0 0 1 0 0 0 0 1 0
8 46 0 1 0 0 0 0 1 0 0 0 0 1 0
8 47 0 1 0 0 0 0 1 0 0 0 0 1 0
8 48 0 1 0 0 0 0 1 0 0 0 0 1 0
8 49 0 1 0 0 0 0 1 0 0 0 0 1 0
8 50 0 1 0 0 0 0 1 0 0 0 0 1 0
8 51 0 1 0 0 0 0 1 0 0 0 0 1 0
8 52 0 1 0 0 0 0 1 0 0 0 0 1 0
8 53 0 1 0 0 0 0 1 0 0 0 0 1 0
8 54 0 1 0 0 0 0 1 0 0 0 0 1 0
8 55 0 1 0 0 0 0 1 0 0 0 0 1 0
8 56 0 1 0 0 0 0 1 0 0 0 0 1 0
8 57 0 1 0 0 0 0 1 0 0 0 0 1 0
8 58 0 1 0 0 0 0 1 0 0 0 0 1 0
8 59 0 1 0 0 0 0 1 0 0 0 0 1 0
8 60 0 1 0 0 0 0 1 0 0 0 0 1 0
8 61 0 1 0 0 0 0 1 0 0 0 0 1 0
8 62 0 1 0 0 0 0 1 0 0 0 0 1 0
8 63 0 1 0 0 0 0 1 0 0 0 0 1 0
8 64 0 1 0 0 0 0 1 0 0 0 0 1 0
8 65 0 1 0 0 0 0 1 0 0 0 0 1 0
8 66 0 1 0 0 0 0 1 0 0 0 0 1 0
8 67 0 1 0 0 0 0 1 0 0 0 0 1 0
9 10 48 0.997687 0.0237083 -0.0637012 -0.978774 -0.0250086 0.999493 -0.019693 0.0770962 0.063202 0.0212405 0.997775 -0.18989
9 11 49 0.999431 0.00545172 0.0332954 -0.890493 -0.00439221 0.999484 -0.0318122 -0.141012 -0.0334517 0.0316478 0.998939 0.432595
9 12 13 0.99964 -0.0226562 -0.014339 0.0976765 0.0217121 0.997784 -0.0628892 0.0705559 0.015732 0.0625553 0.997918 -0.992714
9 13 0 1 0 0 0 0 1 0 0 0 0 1 0
9 14 0 1 0 0 0 0 1 0 0 0 0 1 0
9 15 0 1 0 0 0 0 1 0 0 0 0 1 0
9 16 19 -0.168858 0.980367 0.101824 0.286716 0.504041 0.174667 -0.845833 -0.0282073 -0.847012 -0.0915023 -0.523639 0.9576
9 17 0 1 0 0 0 0 1 0 0 0 0 1 0
9 18 0 1 0 0 0 0 1 0 0 0 0 1 0
9 19 0 1 0 0 0 0 1 0 0 0 0 1 0
9 20 0 1 0 0 0 0 1 0 0 0 0 1 0
9 21 0 1 0 0 0 0 1 0 0 0 0 1 0
9 22 0 1 0 0 0 0 1 0 0 0 0 1 0
9 23 0 1 0 0 0 0 1 0 0 0 0 1 0
9 24 0 1 0 0 0 0 1 0 0 0 0 1 0
9 25 0 1 0 0 0 0 1 0 0 0 0 1 0
9 26 0 1 0 0 0 0 1 0 0 0 0 1 0
9 27 0 1 0 0 0 0 1 0 0 0 0 1 0
9 28 0 1 0 0 0 0 1 0 0 0 0 1 0
9 29 0 1 0 0 0 0 1 0 0 0 0 1 0
9 30 0 1 0 0 0 0 1 0 0 0 0 1 0
9 31 0 1 0 0 0 0 1 0 0 0 0 1 0
9 32 0 1 0 0 0 0 1 0 0 0 0 1 0
9 33 0 1 0 0 0 0 1 0 0 0 0 1 0
9 34 0 1 0 0 0 0 1 0 0 0 0 1 0
9 35 0 1 0 0 0 0 1 0 0 0 0 1 0
9 36 0 1 0 0 0 0 1 0 0 0 0 1 0
9 37 0 1 0 0 0 0 1 0 0 0 0 1 0
9 38 0 1 0 0 0 0 1 0 0 0 0 1 0
9 39 0 1 0 0 0 0 1 0 0 0 0 1 0
9 40 0 1 0 0 0 0 1 0 0 0 0 1 0
9 41 0 1 0 0 0 0 1 0 0 0 0 1 0
9 42 0 1 0 0 0 0 1 0 0 0 0 1 0
9 43 0 1 0 0 0 0 1 0 0 0 0 1 0
9 44 0 1 0 0 0 0 1 0 0 0 0 1 0
9 45 0 1 0 0 0 0 1 0 0 0 0 1 0
9 46 0 1 0 0 0 0 1 0 0 0 0 1 0
9 47 0 1 0 0 0 0 1 0 0 0 0 1 0
9 48 0 1 0 0 0 0 1 0 0 0 0 1 0
9 49 0 1 0 0 0 0 1 0 0 0 0 1 0
9 50 0 1 0 0 0 0 1 0 0 0 0 1 0
9 51 0 1 0 0 0 0 1 0 0 0 0 1 0
9 52 0 1 0 0 0 0 1 0 0 0 0 1 0
9 53 0 1 0 0 0 0 1 0 0 0 0 1 0
9 54 0 1 0 0 0 0 1 0 0 0 0 1 0
9 55 0 1 0 0 0 0 1 0 0 0 0 1 0
9 56 0 1 0 0 0 0 1 0 0 0 0 1 0
9 57 0 1 0 0 0 0 1 0 0 0 0 1 0
9 58 0 1 0 0 0 0 1 0 0 0 0 1 0
9 59 0 1 0 0 0 0 1 0 0 0 0 1 0
9 60 0 1 0 0 0 0 1 0 0 0 0 1 0
9 61 0 1 0 0 0 0 1 0 0 0 0 1 0
9 62 0 1 0 0 0 0 1 0 0 0 0 1 0
9 63 0 1 0 0 0 0 1 0 0 0 0 1 0
9 64 0 1 0 0 0 0 1 0 0 0 0 1 0
9 65 0 1 0 0 0 0 1 0 0 0 0 1 0
9 66 0 1 0 0 0 0 1 0 0 0 0 1 0
9 67 0 1 0 0 0 0 1 0 0 0 0 1 0
10 11 125 0.992717 0.00902036 -0.12013 0.993569 -0.013102 0.999362 -0.0332307 0.107111 0.119753 0.0345626 0.992202 0.036715
10 12 27 0.984151 0.0437538 -0.171852 0.996946 -0.0492962 0.998388 -0.0281151 0.0440122 0.170345 0.0361411 0.984721 -0.0645136
10 13 0 1 0 0 0 0 1 0 0 0 0 1 0
10 14 0 1 0 0 0 0 1 0 0 0 0 1 0
10 15 0 1 0 0 0 0 1 0 0 0 0 1 0
10 16 0 1 0 0 0 0 1 0 0 0 0 1 0
10 17 0 1 0 0 0 0 1 0 0 0 0 1 0
10 18 0 1 0 0 0 0 1 0 0 0 0 1 0
10 19 22 0.831074 0.105066 -0.546147 0.235368 -0.0982584 0.994284 0.0417568 0.268314 0.547413 0.0189605 0.836648 -0.934136
10 20 12 0.759561 0.0566279 -0.647966 0.359879 -0.00820802 0.996958 0.0775058 -0.010574 0.650384 -0.0535519 0.757716 -0.932939
10 21 0 1 0 0 0 0 1 0 0 0 0 1 0
10 22 0 1 0 0 0 0 1 0 0 0 0 1 0
10 23 0 1 0 0 0 0 1 0 0 0 0 1 0
10 24 0 1 0 0 0 0 1 0 0 0 0 1 0
10 25 0 1 0 0 0 0 1 0 0 0 0 1 0
10 26 0 1 0 0 0 0 1 0 0 0 0 1 0
10 27 0 1 0 0 0 0 1 0 0 0 0 1 0
10 28 0 1 0 0 0 0 1 0 0 0 0 1 0
10 29 0 1 0 0 0 0 1 0 0 0 0 1 0
10 30 0 1 0 0 0 0 1 0 0 0 0 1 0
10 31 0 1 0 0 0 0 1 0 0 0 0 1 0
10 32 0 1 0 0 0 0 1 0 0 0 0 1 0
10 33 0 1 0 0 0 0 1 0 0 0 0 1 0
10 34 0 1 0 0 0 0 1 0 0 0 0 1 0
10 35 0 1 0 0 0 0 1 0 0 0 0 1 0
10 36 0 1 0 0 0 0 1 0 0 0 0 1 0
10 37 0 1 0 0 0 0 1 0 0 0 0 1 0
10 38 0 1 0 0 0 0 1 0 0 0 0 1 0
10 39 0 1 0 0 0 0 1 0 0 0 0 1 0
10 40 0 1 0 0 0 0 1 0 0 0 0 1 0
10 41 0 1 0 0 0 0 1 0 0 0 0 1 0
10 42 0 1 0 0 0 0 1 0 0 0 0 1 0
10 43 0 1 0 0 0 0 1 0 0 0 0 1 0
10 44 0 1 0 0 0 0 1 0 0 0 0 1 0
10 45 0 1 0 0 0 0 1 0 0 0 0 1 0
10 46 0 1 0 0 0 0 1 0 0 0 0 1 0
10 47 0 1 0 0 0 0 1 0 0 0 0 1 0
10 48 0 1 0 0 0 0 1 0 0 0 0 1 0
10 49 0 1 0 0 0 0 1 0 0 0 0 1 0
10 50 0 1 0 0 0 0 1 0 0 0 0 1 0
10 51 0 1 0 0 0 0 1 0 0 0 0 1 0
10 52 0 1 0 0 0 0 1 0 0 0 0 1 0
10 53 0 1 0 0 0 0 1 0 0 0 0 1 0
10 54 0 1 0 0 0 0 1 0 0 0 0 1 0
10 55 0 1 0 0 0 0 1 0 0 0 0 1 0
10 56 0 1 0 0 0 0 1 0 0 0 0 1 0
10 57 0 1 0 0 0 0 1 0 0 0 0 1 0
10 58 0 1 0 0 0 0 1 0 0 0 0 1 0
10 59 0 1 0 0 0 0 1 0 0 0 0 1 0
10 60 0 1 0 0 0 0 1 0 0 0 0 1 0
10 61 0 1 0 0 0 0 1 0 0 0 0 1 0
10 62 0 1 0 0 0 0 1 0 0 0 0 1 0
10 63 0 1 0 0 0 0 1 0 0 0 0 1 0
10 64 0 1 0 0 0 0 1 0 0 0 0 1 0
10 65 0 1 0 0 0 0 1 0 0 0 0 1 0
10 66 0 1 0 0 0 0 1 0 0 0 0 1 0
10 67 0 1 0 0 0 0 1 0 0 0 0 1 0
11 12 82 0.996927 0.0296932 -0.072491 0.990438 -0.0302157 0.999525 -0.00612084 0.0425302 0.0722748 0.00829239 0.99735 -0.131236
11 13 27 0.932884 -0.22949 0.2776 -0.588414 0.129459 0.932871 0.336144 -0.6963 -0.336106 -0.277646 0.89997 0.411017
11 14 0 1 0 0 0 0 1 0 0 0 0 1 0
11 15 0 1 0 0 0 0 1 0 0 0 0 1 0
11 16 0 1 0 0 0 0 1 0 0 0 0 1 0
11 17 0 1 0 0 0 0 1 0 0 0 0 1 0
11 18 0 1 0 0 0 0 1 0 0 0 0 1 0
11 19 36 0.86945 0.0920644 -0.485367 -0.294896 -0.0810826 0.995752 0.0436288 -0.164518 0.487322 0.00142179 0.873221 0.94126
11 20 0 1 0 0 0 0 1 0 0 0 0 1 0
11 21 20 0.5813 -0.744696 -0.327901 -0.181867 -0.749336 -0.647005 0.140998 -0.12067 -0.317154 0.163746 -0.934131 0.975891
11 22 0 1 0 0 0 0 1 0 0 0 0 1 0
11 23 0 1 0 0 0 0 1 0 0 0 0 1 0
11 24 0 1 0 0 0 0 1 0 0 0 0 1 0
11 25 0 1 0 0 0 0 1 0 0 0 0 1 0
11 26 0 1 0 0 0 0 1 0 0 0 0 1 0
11 27 0 1 0 0 0 0 1 0 0 0 0 1 0
11 28 0 1 0 0 0 0 1 0 0 0 0 1 0
11 29 0 1 0 0 0 0 1 0 0 0 0 1 0
11 30 0 1 0 0 0 0 1 0 0 0 0 1 0
11 31 0 1 0 0 0 0 1 0 0 0 0 1 0
11 32 0 1 0 0 0 0 1 0 0 0 0 1 0
11 33 0 1 0 0 0 0 1 0 0 0 0 1 0
11 34 0 1 0 0 0 0 1 0 0 0 0 1 0
11 35 0 1 0 0 0 0 1 0 0 0 0 1 0
11 36 0 1 0 0 0 0 1 0 0 0 0 1 0
11 37 0 1 0 0 0 0 1 0 0 0 0 1 0
11 38 0 1 0 0 0 0 1 0 0 0 0 1 0
11 39 0 1 0 0 0 0 1 0 0 0 0 1 0
11 40 0 1 0 0 0 0 1 0 0 0 0 1 0
11 41 0 1 0 0 0 0 1 0 0 0 0 1 0
11 42 0 1 0 0 0 0 1 0 0 0 0 1 0
11 43 0 1 0 0 0 0 1 0 0 0 0 1 0
11 44 0 1 0 0 0 0 1 0 0 0 0 1 0
11 45 0 1 0 0 0 0 1 0 0 0 0 1 0
11 46 0 1 0 0 0 0 1 0 0 0 0 1 0
11 47 0 1 0 0 0 0 1 0 0 0 0 1 0
11 48 0 1 0 0 0 0 1 0 0 0 0 1 0
11 49 0 1 0 0 0 0 1 0 0 0 0 1 0
11 50 0 1 0 0 0 0 1 0 0 0 0 1 0
11 51 0 1 0 0 0 0 1 0 0 0 0 1 0
11 52 0 1 0 0 0 0 1 0 0 0 0 1 0
11 53 0 1 0 0 0 0 1 0 0 0 0 1 0
11 54 0 1 0 0 0 0 1 0 0 0 0 1 0
11 55 0 1 0 0 0 0 1 0 0 0 0 1 0
11 56 0 1 0 0 0 0 1 0 0 0 0 1 0
11 57 0 1 0 0 0 0 1 0 0 0 0 1 0
11 58 0 1 0 0 0 0 1 0 0 0 0 1 0
11 59 0 1 0 0 0 0 1 0 0 0 0 1 0
11 60 0 1 0 0 0 0 1 0 0 0 0 1 0
11 61 0 1 0 0 0 0 1 0 0 0 0 1 0
11 62 0 1 0 0 0 0 1 0 0 0 0 1 0
11 63 0 1 0 0 0 0 1 0 0 0 0 1 0
11 64 0 1 0 0 0 0 1 0 0 0 0 1 0
11 65 0 1 0 0 0 0 1 0 0 0 0 1 0
11 66 0 1 0 0 0 0 1 0 0 0 0 1 0
11 67 0 1 0 0 0 0 1 0 0 0 0 1 0
12 13 44 0.998679 0.0108672 -0.0502129 0.82352 -0.0111773 0.99992 -0.00589805 0.190549 0.0501448 0.0064515 0.998721 -0.534328
12 14 13 0.9989 -0.0430259 0.0186691 0.270328 0.0433977 0.998858 -0.0199848 0.293569 -0.0177879 0.020773 0.999626 -0.916918
12 15 0 1 0 0 0 0 1 0 0 0 0 1 0
12 16 0 1 0 0 0 0 1 0 0 0 0 1 0
12 17 0 1 0 0 0 0 1 0 0 0 0 1 0
12 18 0 1 0 0 0 0 1 0 0 0 0 1 0
12 19 0 1 0 0 0 0 1 0 0 0 0 1 0
12 20 0 1 0 0 0 0 1 0 0 0 0 1 0
12 21 34 0.966695 -0.0286494 0.254324 -0.969245 0.0160019 0.998536 0.0516604 -0.0621097 -0.255431 -0.0458702 0.965738 0.238129
12 22 0 1 0 0 0 0 1 0 0 0 0 1 0
12 23 38 0.832809 0.272866 -0.481636 -0.72054 -0.224182 0.961777 0.157247 0.109817 0.506134 -0.0229824 0.862149 -0.684663
12 24 31 -0.239664 0.345051 -0.907469 0.715664 -0.195399 0.89844 0.393224 -0.203159 0.950989 0.27156 -0.147901 0.668245
12 25 0 1 0 0 0 0 1 0 0 0 0 1 0
12 26 0 1 0 0 0 0 1 0 0 0 0 1 0
12 27 0 1 0 0 0 0 1 0 0 0 0 1 0
12 28 0 1 0 0 0 0 1 0 0 0 0 1 0
12 29 0 1 0 0 0 0 1 0 0 0 0 1 0
12 30 0 1 0 0 0 0 1 0 0 0 0 1 0
12 31 0 1 0 0 0 0 1 0 0 0 0 1 0
12 32 0 1 0 0 0 0 1 0 0 0 0 1 0
12 33 0 1 0 0 0 0 1 0 0 0 0 1 0
12 34 0 1 0 0 0 0 1 0 0 0 0 1 0
12 35 0 1 0 0 0 0 1 0 0 0 0 1 0
12 36 0 1 0 0 0 0 1 0 0 0 0 1 0
12 37 0 1 0 0 0 0 1 0 0 0 0 1 0
12 38 0 1 0 0 0 0 1 0 0 0 0 1 0
12 39 0 1 0 0 0 0 1 0 0 0 0 1 0
12 40 0 1 0 0 0 0 1 0 0 0 0 1 0
12 41 0 1 0 0 0 0 1 0 0 0 0 1 0
12 42 0 1 0 0 0 0 1 0 0 0 0 1 0
12 43 0 1 0 0 0 0 1 0 0 0 0 1 0
12 44 0 1 0 0 0 0 1 0 0 0 0 1 0
12 45 0 1 0 0 0 0 1 0 0 0 0 1 0
12 46 0 1 0 0 0 0 1 0 0 0 0 1 0
12 47 0 1 0 0 0 0 1 0 0 0 0 1 0
12 48 0 1 0 0 0 0 1 0 0 0 0 1 0
12 49 0 1 0 0 0 0 1 0 0 0 0 1 0
12 50 0 1 0 0 0 0 1 0 0 0 0 1 0
12 51 0 1 0 0 0 0 1 0 0 0 0 1 0
12 52 0 1 0 0 0 0 1 0 0 0 0 1 0
12 53 0 1 0 0 0 0 1 0 0 0 0 1 0
12 54 0 1 0 0 0 0 1 0 0 0 0 1 0
12 55 0 1 0 0 0 0 1 0 0 0 0 1 0
12 56 0 1 0 0 0 0 1 0 0 0 0 1 0
12 57 0 1 0 0 0 0 1 0 0 0 0 1 0
12 58 0 1 0 0 0 0 1 0 0 0 0 1 0
12 59 0 1 0 0 0 0 1 0 0 0 0 1 0
12 60 0 1 0 0 0 0 1 0 0 0 0 1 0
12 61 0 1 0 0 0 0 1 0 0 0 0 1 0
12 62 0 1 0 0 0 0 1 0 0 0 0 1 0
12 63 0 1 0 0 0 0 1 0 0 0 0 1 0
12 64 0 1 0 0 0 0 1 0 0 0 0 1 0
12 65 0 1 0 0 0 0 1 0 0 0 0 1 0
12 66 0 1 0 0 0 0 1 0 0 0 0 1 0
12 67 0 1 0 0 0 0 1 0 0 0 0 1 0
13 14 47 0.99662 0.0373333 -0.0731718 0.928851 -0.0385757 0.999133 -0.0156392 -0.019435 0.0725245 0.018409 0.997197 -0.369945
13 15 18 0.997213 0.0728133 -0.0162652 0.651933 -0.0725627 0.997243 0.0154968 0.118653 0.0173487 -0.0142734 0.999748 0.748936
13 16 0 1 0 0 0 0 1 0 0 0 0 1 0
13 17 0 1 0 0 0 0 1 0 0 0 0 1 0
13 18 0 1 0 0 0 0 1 0 0 0 0 1 0
13 19 0 1 0 0 0 0 1 0 0 0 0 1 0
13 20 0 1 0 0 0 0 1 0 0 0 0 1 0
13 21 22 0.855996 0.240998 -0.457374 0.220042 -0.223406 0.970266 0.0931361 0.248675 0.46622 0.0224561 0.884384 -0.943261
13 22 0 1 0 0 0 0 1 0 0 0 0 1 0
13 23 26 0.289022 -0.434505 0.853036 -0.727467 -0.311838 0.799735 0.513011 -0.195038 -0.905109 -0.414281 0.0956458 0.657839
13 24 0 1 0 0 0 0 1 0 0 0 0 1 0
13 25 0 1 0 0 0 0 1 0 0 0 0 1 0
13 26 0 1 0 0 0 0 1 0 0 0 0 1 0
13 27 0 1 0 0 0 0 1 0 0 0 0 1 0
13 28 0 1 0 0 0 0 1 0 0 0 0 1 0
13 29 0 1 0 0 0 0 1 0 0 0 0 1 0
13 30 0 1 0 0 0 0 1 0 0 0 0 1 0
13 31 0 1 0 0 0 0 1 0 0 0 0 1 0
13 32 0 1 0 0 0 0 1 0 0 0 0 1 0
13 33 0 1 0 0 0 0 1 0 0 0 0 1 0
13 34 0 1 0 0 0 0 1 0 0 0 0 1 0
13 35 0 1 0 0 0 0 1 0 0 0 0 1 0
13 36 0 1 0 0 0 0 1 0 0 0 0 1 0
13 37 0 1 0 0 0 0 1 0 0 0 0 1 0
13 38 0 1 0 0 0 0 1 0 0 0 0 1 0
13 39 0 1 0 0 0 0 1 0 0 0 0 1 0
13 40 0 1 0 0 0 0 1 0 0 0 0 1 0
13 41 0 1 0 0 0 0 1 0 0 0 0 1 0
13 42 0 1 0 0 0 0 1 0 0 0 0 1 0
13 43 0 1 0 0 0 0 1 0 0 0 0 1 0
13 44 0 1 0 0 0 0 1 0 0 0 0 1 0
13 45 0 1 0 0 0 0 1 0 0 0 0 1 0
13 46 0 1 0 0 0 0 1 0 0 0 0 1 0
13 47 0 1 0 0 0 0 1 0 0 0 0 1 0
13 48 0 1 0 0 0 0 1 0 0 0 0 1 0
13 49 0 1 0 0 0 0 1 0 0 0 0 1 0
13 50 0 1 0 0 0 0 1 0 0 0 0 1 0
13 51 0 1 0 0 0 0 1 0 0 0 0 1 0
13 52 0 1 0 0 0 0 1 0 0 0 0 1 0
13 53 0 1 0 0 0 0 1 0 0 0 0 1 0
13 54 0 1 0 0 0 0 1 0 0 0 0 1 0
13 55 0 1 0 0 0 0 1 0 0 0 0 1 0
13 56 0 1 0 0 0 0 1 0 0 0 0 1 0
13 57 0 1 0 0 0 0 1 0 0 0 0 1 0
13 58 0 1 0 0 0 0 1 0 0 0 0 1 0
13 59 0 1 0 0 0 0 1 0 0 0 0 1 0
13 60 0 1 0 0 0 0 1 0 0 0 0 1 0
13 61 0 1 0 0 0 0 1 0 0 0 0 1 0
13 62 0 1 0 0 0 0 1 0 0 0 0 1 0
13 63 0 1 0 0 0 0 1 0 0 0 0 1 0
13 64 0 1 0 0 0 0 1 0 0 0 0 1 0
13 65 0 1 0 0 0 0 1 0 0 0 0 1 0
13 66 0 1 0 0 0 0 1 0 0 0 0 1 0
13 67 0 1 0 0 0 0 1 0 0 0 0 1 0
14 15 11 0.999774 -0.00351501 -0.0209669 0.23436 0.00406474 0.999648 0.0262343 0.0574257 0.0208673 -0.0263136 0.999436 0.970452
14 16 0 1 0 0 0 0 1 0 0 0 0 1 0
14 17 0 1 0 0 0 0 1 0 0 0 0 1 0
14 18 0 1 0 0 0 0 1 0 0 0 0 1 0
14 19 0 1 0 0 0 0 1 0 0 0 0 1 0
14 20 0 1 0 0 0 0 1 0 0 0 0 1 0
14 21 0 1 0 0 0 0 1 0 0 0 0 1 0
14 22 0 1 0 0 0 0 1 0 0 0 0 1 0
14 23 0 1 0 0 0 0 1 0 0 0 0 1 0
14 24 0 1 0 0 0 0 1 0 0 0 0 1 0
14 25 0 1 0 0 0 0 1 0 0 0 0 1 0
14 26 0 1 0 0 0 0 1 0 0 0 0 1 0
14 27 0 1 0 0 0 0 1 0 0 0 0 1 0
14 28 0 1 0 0 0 0 1 0 0 0 0 1 0
14 29 0 1 0 0 0 0 1 0 0 0 0 1 0
14 30 0 1 0 0 0 0 1 0 0 0 0 1 0
14 31 0 1 0 0 0 0 1 0 0 0 0 1 0
14 32 0 1 0 0 0 0 1 0 0 0 0 1 0
14 33 0 1 0 0 0 0 1 0 0 0 0 1 0
14 34 0 1 0 0 0 0 1 0 0 0 0 1 0
14 35 0 1 0 0 0 0 1 0 0 0 0 1 0
14 36 0 1 0 0 0 0 1 0 0 0 0 1 0
14 37 0 1 0 0 0 0 1 0 0 0 0 1 0
14 38 0 1 0 0 0 0 1 0 0 0 0 1 0
14 39 0 1 0 0 0 0 1 0 0 0 0 1 0
14 40 0 1 0 0 0 0 1 0 0 0 0 1 0
14 41 0 1 0 0 0 0 1 0 0 0 0 1 0
14 42 0 1 0 0 0 0 1 0 0 0 0 1 0
14 43 0 1 0 0 0 0 1 0 0 0 0 1 0
14 44 0 1 0 0 0 0 1 0 0 0 0 1 0
14 45 0 1 0 0 0 0 1 0 0 0 0 1 0
14 46 0 1 0 0 0 0 1 0 0 0 0 1 0
14 47 0 1 0 0 0 0 1 0 0 0 0 1 0
14 48 0 1 0 0 0 0 1 0 0 0 0 1 0
14 49 0 1 0 0 0 0 1 0 0 0 0 1 0
14 50 0 1 0 0 0 0 1 0 0 0 0 1 0
14 51 0 1 0 0 0 0 1 0 0 0 0 1 0
14 52 0 1 0 0 0 0 1 0 0 0 0 1 0
14 53 0 1 0 0 0 0 1 0 0 0 0 1 0
14 54 0 1 0 0 0 0 1 0 0 0 0 1 0
14 55 0 1 0 0 0 0 1 0 0 0 0 1 0
14 56 0 1 0 0 0 0 1 0 0 0 0 1 0
14 57 0 1 0 0 0 0 1 0 0 0 0 1 0
14 58 0 1 0 0 0 0 1 0 0 0 0 1 0
14 59 0 1 0 0 0 0 1 0 0 0 0 1 0
14 60 0 1 0 0 0 0 1 0 0 0 0 1 0
14 61 0 1 0 0 0 0 1 0 0 0 0 1 0
14 62 0 1 0 0 0 0 1 0 0 0 0 1 0
14 63 0 1 0 0 0 0 1 0 0 0 0 1 0
14 64 0 1 0 0 0 0 1 0 0 0 0 1 0
14 65 0 1 0 0 0 0 1 0 0 0 0 1 0
14 66 0 1 0 0 0 0 1 0 0 0 0 1 0
14 67 0 1 0 0 0 0 1 0 0 0 0 1 0
15 16 27 0.999901 0.000584705 0.0140471 0.276084 -0.00172712 0.996676 0.0814536 -0.0862074 -0.0139528 -0.0814698 0.996578 0.957259
15 17 20 0.986059 -0.13614 0.0956703 -0.276145 0.131303 0.989805 0.0551921 -0.227205 -0.102209 -0.0418609 0.993882 0.933875
15 18 17 0.994376 0.0473563 -0.0947334 0.966442 -0.0425202 0.997719 0.0524336 -0.0528618 0.0970004 -0.0481106 0.994121 0.251387
15 19 0 1 0 0 0 0 1 0 0 0 0 1 0
15 20 0 1 0 0 0 0 1 0 0 0 0 1 0
15 21 0 1 0 0 0 0 1 0 0 0 0 1 0
15 22 0 1 0 0 0 0 1 0 0 0 0 1 0
15 23 0 1 0 0 0 0 1 0 0 0 0 1 0
15 24 0 1 0 0 0 0 1 0 0 0 0 1 0
15 25 0 1 0 0 0 0 1 0 0 0 0 1 0
15 26 0 1 0 0 0 0 1 0 0 0 0 1 0
15 27 0 1 0 0 0 0 1 0 0 0 0 1 0
15 28 0 1 0 0 0 0 1 0 0 0 0 1 0
15 29 0 1 0 0 0 0 1 0 0 0 0 1 0
15 30 0 1 0 0 0 0 1 0 0 0 0 1 0
15 31 0 1 0 0 0 0 1 0 0 0 0 1 0
15 32 0 1 0 0 0 0 1 0 0 0 0 1 0
15 33 0 1 0 0 0 0 1 0 0 0 0 1 0
15 34 0 1 0 0 0 0 1 0 0 0 0 1 0
15 35 0 1 0 0 0 0 1 0 0 0 0 1 0
15 36 0 1 0 0 0 0 1 0 0 0 0 1 0
15 37 0 1 0 0 0 0 1 0 0 0 0 1 0
15 38 0 1 0 0 0 0 1 0 0 0 0 1 0
15 39 0 1 0 0 0 0 1 0 0 0 0 1 0
15 40 0 1 0 0 0 0 1 0 0 0 0 1 0
15 41 0 1 0 0 0 0 1 0 0 0 0 1 0
15 42 0 1 0 0 0 0 1 0 0 0 0 1 0
15 43 0 1 0 0 0 0 1 0 0 0 0 1 0
15 44 0 1 0 0 0 0 1 0 0 0 0 1 0
15 45 0 1 0 0 0 0 1 0 0 0 0 1 0
15 46 0 1 0 0 0 0 1 0 0 0 0 1 0
15 47 0 1 0 0 0 0 1 0 0 0 0 1 0
15 48 0 1 0 0 0 0 1 0 0 0 0 1 0
15 49 0 1 0 0 0 0 1 0 0 0 0 1 0
15 50 0 1 0 0 0 0 1 0 0 0 0 1 0
15 51 0 1 0 0 0 0 1 0 0 0 0 1 0
15 52 0 1 0 0 0 0 1 0 0 0 0 1 0
15 53 0 1 0 0 0 0 1 0 0 0 0 1 0
15 54 0 1 0 0 0 0 1 0 0 0 0 1 0
15 55 0 1 0 0 0 0 1 0 0 0 0 1 0
15 56 0 1 0 0 0 0 1 0 0 0 0 1 0
15 57 0 1 0 0 0 0 1 0 0 0 0 1 0
15 58 0 1 0 0 0 0 1 0 0 0 0 1 0
15 59 0 1 0 0 0 0 1 0 0 0 0 1 0
15 60 0 1 0 0 0 0 1 0 0 0 0 1 0
15 61 0 1 0 0 0 0 1 0 0 0 0 1 0
15 62 0 1 0 0 0 0 1 0 0 0 0 1 0
15 63 0 1 0 0 0 0 1 0 0 0 0 1 0
15 64 0 1 0 0 0 0 1 0 0 0 0 1 0
15 65 0 1 0 0 0 0 1 0 0 0 0 1 0
15 66 0 1 0 0 0 0 1 0 0 0 0 1 0
15 67 0 1 0 0 0 0 1 0 0 0 0 1 0
16 17 73 0.999098 0.0257044 -0.0337914 0.896584 -0.0251116 0.999525 0.0178527 0.092888 0.0342342 -0.0169881 0.999269 -0.433022
16 18 69 0.976937 0.0759791 -0.199551 0.988621 -0.0757606 0.997088 0.00874244 -0.0478293 0.199634 0.00657724 0.979849 -0.14262
16 19 10 0.991507 0.122113 0.044744 -0.288971 -0.121357 0.992422 -0.0192467 0.276901 -0.0467552 0.0136532 0.998813 -0.916418
16 20 0 1 0 0 0 0 1 0 0 0 0 1 0
16 21 0 1 0 0 0 0 1 0 0 0 0 1 0
16 22 0 1 0 0 0 0 1 0 0 0 0 1 0
16 23 0 1 0 0 0 0 1 0 0 0 0 1 0
16 24 0 1 0 0 0 0 1 0 0 0 0 1 0
16 25 0 1 0 0 0 0 1 0 0 0 0 1 0
16 26 0 1 0 0 0 0 1 0 0 0 0 1 0
16 27 0 1 0 0 0 0 1 0 0 0 0 1 0
16 28 0 1 0 0 0 0 1 0 0 0 0 1 0
16 29 0 1 0 0 0 0 1 0 0 0 0 1 0
16 30 0 1 0 0 0 0 1 0 0 0 0 1 0
16 31 0 1 0 0 0 0 1 0 0 0 0 1 0
16 32 0 1 0 0 0 0 1 0 0 0 0 1 0
16 33 0 1 0 0 0 0 1 0 0 0 0 1 0
16 34 0 1 0 0 0 0 1 0 0 0 0 1 0
16 35 0 1 0 0 0 0 1 0 0 0 0 1 0
16 36 0 1 0 0 0 0 1 0 0 0 0 1 0
16 37 0 1 0 0 0 0 1 0 0 0 0 1 0
16 38 0 1 0 0 0 0 1 0 0 0 0 1 0
16 39 0 1 0 0 0 0 1 0 0 0 0 1 0
16 40 0 1 0 0 0 0 1 0 0 0 0 1 0
16 41 0 1 0 0 0 0 1 0 0 0 0 1 0
16 42 0 1 0 0 0 0 1 0 0 0 0 1 0
16 43 0 1 0 0 0 0 1 0 0 0 0 1 0
16 44 0 1 0 0 0 0 1 0 0 0 0 1 0
16 45 0 1 0 0 0 0 1 0 0 0 0 1 0
16 46 0 1 0 0 0 0 1 0 0 0 0 1 0
16 47 0 1 0 0 0 0 1 0 0 0 0 1 0
16 48 0 1 0 0 0 0 1 0 0 0 0 1 0
16 49 0 1 0 0 0 0 1 0 0 0 0 1 0
16 50 0 1 0 0 0 0 1 0 0 0 0 1 0
16 51 0 1 0 0 0 0 1 0 0 0 0 1 0
16 52 0 1 0 0 0 0 1 0 0 0 0 1 0
16 53 0 1 0 0 0 0 1 0 0 0 0 1 0
16 54 0 1 0 0 0 0 1 0 0 0 0 1 0
16 55 0 1 0 0 0 0 1 0 0 0 0 1 0
16 56 0 1 0 0 0 0 1 0 0 0 0 1 0
16 57 0 1 0 0 0 0 1 0 0 0 0 1 0
16 58 0 1 0 0 0 0 1 0 0 0 0 1 0
16 59 0 1 0 0 0 0 1 0 0 0 0 1 0
16 60 0 1 0 0 0 0 1 0 0 0 0 1 0
16 61 0 1 0 0 0 0 1 0 0 0 0 1 0
16 62 0 1 0 0 0 0 1 0 0 0 0 1 0
16 63 0 1 0 0 0 0 1 0 0 0 0 1 0
16 64 0 1 0 0 0 0 1 0 0 0 0 1 0
16 65 0 1 0 0 0 0 1 0 0 0 0 1 0
16 66 0 1 0 0 0 0 1 0 0 0 0 1 0
16 67 0 1 0 0 0 0 1 0 0 0 0 1 0
17 18 91 0.995024 0.051783 -0.0851179 0.958913 -0.0547473 0.997959 -0.0328674 0.0447526 0.0832422 0.0373638 0.995829 -0.280149
17 19 12 0.991917 -0.123383 -0.029608 0.419903 0.121979 0.991499 -0.0452755 0.134951 0.0349425 0.0412979 0.998536 -0.89748
17 20 0 1 0 0 0 0 1 0 0 0 0 1 0
17 21 0 1 0 0 0 0 1 0 0 0 0 1 0
17 22 0 1 0 0 0 0 1 0 0 0 0 1 0
17 23 0 1 0 0 0 0 1 0 0 0 0 1 0
17 24 0 1 0 0 0 0 1 0 0 0 0 1 0
17 25 0 1 0 0 0 0 1 0 0 0 0 1 0
17 26 0 1 0 0 0 0 1 0 0 0 0 1 0
17 27 0 1 0 0 0 0 1 0 0 0 0 1 0
17 28 0 1 0 0 0 0 1 0 0 0 0 1 0
17 29 0 1 0 0 0 0 1 0 0 0 0 1 0
17 30 0 1 0 0 0 0 1 0 0 0 0 1 0
17 31 0 1 0 0 0 0 1 0 0 0 0 1 0
17 32 0 1 0 0 0 0 1 0 0 0 0 1 0
17 33 0 1 0 0 0 0 1 0 0 0 0 1 0
17 34 0 1 0 0 0 0 1 0 0 0 0 1 0
17 35 0 1 0 0 0 0 1 0 0 0 0 1 0
17 36 0 1 0 0 0 0 1 0 0 0 0 1 0
17 37 0 1 0 0 0 0 1 0 0 0 0 1 0
17 38 0 1 0 0 0 0 1 0 0 0 0 1 0
17 39 0 1 0 0 0 0 1 0 0 0 0 1 0
17 40 0 1 0 0 0 0 1 0 0 0 0 1 0
17 41 0 1 0 0 0 0 1 0 0 0 0 1 0
17 42 0 1 0 0 0 0 1 0 0 0 0 1 0
17 43 0 1 0 0 0 0 1 0 0 0 0 1 0
17 44 0 1 0 0 0 0 1 0 0 0 0 1 0
17 45 0 1 0 0 0 0 1 0 0 0 0 1 0
17 46 0 1 0 0 0 0 1 0 0 0 0 1 0
17 47 0 1 0 0 0 0 1 0 0 0 0 1 0
17 48 0 1 0 0 0 0 1 0 0 0 0 1 0
17 49 0 1 0 0 0 0 1 0 0 0 0 1 0
17 50 0 1 0 0 0 0 1 0 0 0 0 1 0
17 51 0 1 0 0 0 0 1 0 0 0 0 1 0
17 52 0 1 0 0 0 0 1 0 0 0 0 1 0
17 53 0 1 0 0 0 0 1 0 0 0 0 1 0
17 54 0 1 0 0 0 0 1 0 0 0 0 1 0
17 55 0 1 0 0 0 0 1 0 0 0 0 1 0
17 56 0 1 0 0 0 0 1 0 0 0 0 1 0
17 57 0 1 0 0 0 0 1 0 0 0 0 1 0
17 58 0 1 0 0 0 0 1 0 0 0 0 1 0
17 59 0 1 0 0 0 0 1 0 0 0 0 1 0
17 60 0 1 0 0 0 0 1 0 0 0 0 1 0
17 61 0 1 0 0 0 0 1 0 0 0 0 1 0
17 62 0 1 0 0 0 0 1 0 0 0 0 1 0
17 63 0 1 0 0 0 0 1 0 0 0 0 1 0
17 64 0 1 0 0 0 0 1 0 0 0 0 1 0
17 65 0 1 0 0 0 0 1 0 0 0 0 1 0
17 66 0 1 0 0 0 0 1 0 0 0 0 1 0
17 67 0 1 0 0 0 0 1 0 0 0 0 1 0
18 19 28 0.991999 0.0216489 -0.124373 0.877148 -0.0212704 0.999764 0.00437095 0.105625 0.124438 -0.00169052 0.992226 -0.46846
18 20 64 0.995113 0.0669548 -0.0725776 -0.825874 -0.0612125 0.995021 0.0786484 -0.0238013 0.0774822 -0.0738214 0.994257 -0.563352
18 21 29 0.965497 0.106405 -0.237683 0.334739 -0.109263 0.994012 0.00115784 0.210047 0.236383 0.024852 0.971342 -0.918602
18 22 29 0.9612 0.13358 -0.241354 0.376762 -0.126366 0.990953 0.0451977 0.146433 0.245208 -0.0129451 0.969384 -0.914663
18 23 0 1 0 0 0 0 1 0 0 0 0 1 0
18 24 0 1 0 0 0 0 1 0 0 0 0 1 0
18 25 0 1 0 0 0 0 1 0 0 0 0 1 0
18 26 0 1 0 0 0 0 1 0 0 0 0 1 0
18 27 21 0.854626 0.175467 -0.488697 0.185063 -0.15964 0.984378 0.0742668 0.163513 0.494094 0.0145451 0.869287 -0.969028
18 28 15 0.819806 0.157629 -0.550519 0.26809 -0.147401 0.987061 0.0631204 0.227489 0.553345 0.0294004 0.832433 -0.93615
18 29 0 1 0 0 0 0 1 0 0 0 0 1 0
18 30 0 1 0 0 0 0 1 0 0 0 0 1 0
18 31 0 1 0 0 0 0 1 0 0 0 0 1 0
18 32 0 1 0 0 0 0 1 0 0 0 0 1 0
18 33 0 1 0 0 0 0 1 0 0 0 0 1 0
18 34 0 1 0 0 0 0 1 0 0 0 0 1 0
18 35 0 1 0 0 0 0 1 0 0 0 0 1 0
18 36 0 1 0 0 0 0 1 0 0 0 0 1 0
18 37 0 1 0 0 0 0 1 0 0 0 0 1 0
18 38 0 1 0 0 0 0 1 0 0 0 0 1 0
18 39 0 1 0 0 0 0 1 0 0 0 0 1 0
18 40 0 1 0 0 0 0 1 0 0 0 0 1 0
18 41 0 1 0 0 0 0 1 0 0 0 0 1 0
18 42 0 1 0 0 0 0 1 0 0 0 0 1 0
18 43 0 1 0 0 0 0 1 0 0 0 0 1 0
