0 1 184 0.999533 0.00598302 -0.0299756 0.985753 -0.0064961 0.999834 -0.0170488 -0.0695588 0.0298686 0.0172355 0.999405 -0.153142
0 2 153 0.99264 0.0459784 -0.112035 0.946111 -0.050286 0.998088 -0.0359291 0.0120222 0.110169 0.0412985 0.993054 -0.323619
0 3 72 0.982833 0.0529405 -0.176739 0.968196 -0.0540006 0.99854 -0.00119021 0.0619131 0.176418 0.0107138 0.984257 -0.242411
0 4 45 0.959347 0.11316 -0.25855 0.996763 -0.117195 0.993109 -0.00019619 0.0803854 0.256746 0.0304889 0.965998 -0.00141581
0 5 31 0.942863 0.0524081 -0.329033 0.996156 -0.0374763 0.997966 0.0515648 -0.0823987 0.331066 -0.0362876 0.94291 0.0297101
0 6 23 0.96501 0.107126 -0.239332 0.999184 -0.101835 0.994206 0.0344037 0.0359673 0.241631 -0.00882757 0.970328 -0.01839
0 7 0 1 0 0 0 0 1 0 0 0 0 1 0
0 8 0 1 0 0 0 0 1 0 0 0 0 1 0
0 9 0 1 0 0 0 0 1 0 0 0 0 1 0
0 10 13 0.715612 0.694991 0.0699002 0.902214 -0.696646 0.717414 -0.000969754 -0.255264 -0.0508213 -0.0480017 0.997554 0.347635
0 11 0 1 0 0 0 0 1 0 0 0 0 1 0
0 12 20 -0.42992 0.670159 0.605025 0.100465 0.890816 0.423973 0.163382 0.2111 -0.147022 0.609207 -0.779263 0.972288
0 13 30 -0.746191 0.157529 -0.646826 0.404743 -0.281325 0.805973 0.52083 -0.318007 0.60337 0.570607 -0.557093 0.857353
0 14 0 1 0 0 0 0 1 0 0 0 0 1 0
0 15 0 1 0 0 0 0 1 0 0 0 0 1 0
0 16 0 1 0 0 0 0 1 0 0 0 0 1 0
0 17 0 1 0 0 0 0 1 0 0 0 0 1 0
0 18 0 1 0 0 0 0 1 0 0 0 0 1 0
0 19 0 1 0 0 0 0 1 0 0 0 0 1 0
0 20 0 1 0 0 0 0 1 0 0 0 0 1 0
0 21 0 1 0 0 0 0 1 0 0 0 0 1 0
0 22 0 1 0 0 0 0 1 0 0 0 0 1 0
0 23 11 0.930112 -0.354202 -0.0971236 0.367876 0.367085 0.905077 0.214674 -0.044977 0.0118664 -0.235323 0.971845 0.928787
0 24 0 1 0 0 0 0 1 0 0 0 0 1 0
0 25 0 1 0 0 0 0 1 0 0 0 0 1 0
0 26 0 1 0 0 0 0 1 0 0 0 0 1 0
0 27 0 1 0 0 0 0 1 0 0 0 0 1 0
0 28 0 1 0 0 0 0 1 0 0 0 0 1 0
0 29 0 1 0 0 0 0 1 0 0 0 0 1 0
0 30 0 1 0 0 0 0 1 0 0 0 0 1 0
0 31 0 1 0 0 0 0 1 0 0 0 0 1 0
0 32 0 1 0 0 0 0 1 0 0 0 0 1 0
0 33 0 1 0 0 0 0 1 0 0 0 0 1 0
0 34 0 1 0 0 0 0 1 0 0 0 0 1 0
0 35 0 1 0 0 0 0 1 0 0 0 0 1 0
0 36 12 -0.769425 0.282901 -0.572671 0.300585 -0.150005 0.791461 0.592526 -0.314701 0.620873 0.541808 -0.566534 0.90034
0 37 0 1 0 0 0 0 1 0 0 0 0 1 0
0 38 0 1 0 0 0 0 1 0 0 0 0 1 0
0 39 0 1 0 0 0 0 1 0 0 0 0 1 0
0 40 0 1 0 0 0 0 1 0 0 0 0 1 0
0 41 0 1 0 0 0 0 1 0 0 0 0 1 0
0 42 0 1 0 0 0 0 1 0 0 0 0 1 0
0 43 0 1 0 0 0 0 1 0 0 0 0 1 0
0 44 0 1 0 0 0 0 1 0 0 0 0 1 0
0 45 0 1 0 0 0 0 1 0 0 0 0 1 0
0 46 0 1 0 0 0 0 1 0 0 0 0 1 0
0 47 0 1 0 0 0 0 1 0 0 0 0 1 0
0 48 0 1 0 0 0 0 1 0 0 0 0 1 0
0 49 0 1 0 0 0 0 1 0 0 0 0 1 0
0 50 0 1 0 0 0 0 1 0 0 0 0 1 0
0 51 0 1 0 0 0 0 1 0 0 0 0 1 0
0 52 0 1 0 0 0 0 1 0 0 0 0 1 0
0 53 12 -0.50315 0.276942 -0.818623 0.427124 -0.0612128 0.933462 0.353415 -0.304311 0.862029 0.227931 -0.452718 0.851446
0 54 0 1 0 0 0 0 1 0 0 0 0 1 0
0 55 0 1 0 0 0 0 1 0 0 0 0 1 0
0 56 14 -0.488199 -0.806476 -0.333555 0.368227 -0.871669 0.469444 0.140765 -0.194909 0.0430617 0.359471 -0.932162 0.909076
0 57 0 1 0 0 0 0 1 0 0 0 0 1 0
0 58 0 1 0 0 0 0 1 0 0 0 0 1 0
0 59 0 1 0 0 0 0 1 0 0 0 0 1 0
0 60 0 1 0 0 0 0 1 0 0 0 0 1 0
0 61 0 1 0 0 0 0 1 0 0 0 0 1 0
0 62 0 1 0 0 0 0 1 0 0 0 0 1 0
0 63 0 1 0 0 0 0 1 0 0 0 0 1 0
0 64 0 1 0 0 0 0 1 0 0 0 0 1 0
0 65 0 1 0 0 0 0 1 0 0 0 0 1 0
0 66 0 1 0 0 0 0 1 0 0 0 0 1 0
0 67 0 1 0 0 0 0 1 0 0 0 0 1 0
1 2 209 0.997589 0.0368 -0.0588403 0.780186 -0.0381041 0.999049 -0.0211966 0.124378 0.0580043 0.0233875 0.998042 -0.613058
1 3 150 0.987933 0.0638605 -0.141103 0.922036 -0.0638757 0.997948 0.00442621 0.158001 0.141096 0.00464025 0.989985 -0.35339
1 4 63 0.972922 0.0995229 -0.208611 0.990678 -0.0963911 0.995026 0.0251509 0.0800445 0.210077 -0.00436159 0.977675 -0.110231
1 5 42 0.955494 0.107458 -0.274743 0.991996 -0.106754 0.99413 0.0175619 0.0555824 0.275018 0.0125496 0.961357 -0.113381
1 6 30 0.830025 0.144858 -0.538586 0.483801 0.505047 0.214468 0.836021 -0.479696 0.236614 -0.965929 0.104853 0.732003
1 7 0 1 0 0 0 0 1 0 0 0 0 1 0
1 8 0 1 0 0 0 0 1 0 0 0 0 1 0
1 9 0 1 0 0 0 0 1 0 0 0 0 1 0
1 10 22 0.207691 -0.853486 -0.477939 0.168721 -0.935168 -0.0299278 -0.352938 0.300552 0.286924 0.520255 -0.804369 0.938723
1 11 22 -0.893037 0.432287 -0.124952 0.0915509 0.440606 0.783643 -0.437914 0.274328 -0.0913869 -0.446128 -0.890291 0.957268
1 12 46 0.672558 0.263586 -0.691511 0.966125 -0.298945 0.951554 0.0719566 -0.0973846 0.676977 0.158329 0.718773 0.238994
1 13 26 -0.61186 0.402908 0.680655 -0.184747 0.741741 0.591113 0.316868 -0.0558046 -0.274676 0.698749 -0.660532 0.9812
1 14 0 1 0 0 0 0 1 0 0 0 0 1 0
1 15 0 1 0 0 0 0 1 0 0 0 0 1 0
1 16 0 1 0 0 0 0 1 0 0 0 0 1 0
1 17 0 1 0 0 0 0 1 0 0 0 0 1 0
1 18 0 1 0 0 0 0 1 0 0 0 0 1 0
1 19 0 1 0 0 0 0 1 0 0 0 0 1 0
1 20 0 1 0 0 0 0 1 0 0 0 0 1 0
1 21 25 0.0954591 0.756428 0.647073 -0.338966 0.766112 -0.470876 0.437434 -0.236779 0.635579 0.453974 -0.624458 0.910515
1 22 0 1 0 0 0 0 1 0 0 0 0 1 0
1 23 0 1 0 0 0 0 1 0 0 0 0 1 0
1 24 0 1 0 0 0 0 1 0 0 0 0 1 0
1 25 0 1 0 0 0 0 1 0 0 0 0 1 0
1 26 0 1 0 0 0 0 1 0 0 0 0 1 0
1 27 0 1 0 0 0 0 1 0 0 0 0 1 0
1 28 0 1 0 0 0 0 1 0 0 0 0 1 0
1 29 0 1 0 0 0 0 1 0 0 0 0 1 0
1 30 0 1 0 0 0 0 1 0 0 0 0 1 0
1 31 0 1 0 0 0 0 1 0 0 0 0 1 0
1 32 10 0.962808 -0.142356 0.229643 -0.450642 0.146184 0.989257 0.000347804 0.319251 -0.227225 0.0332352 0.973275 -0.833667
1 33 0 1 0 0 0 0 1 0 0 0 0 1 0
1 34 0 1 0 0 0 0 1 0 0 0 0 1 0
1 35 0 1 0 0 0 0 1 0 0 0 0 1 0
1 36 0 1 0 0 0 0 1 0 0 0 0 1 0
1 37 0 1 0 0 0 0 1 0 0 0 0 1 0
1 38 0 1 0 0 0 0 1 0 0 0 0 1 0
1 39 0 1 0 0 0 0 1 0 0 0 0 1 0
1 40 0 1 0 0 0 0 1 0 0 0 0 1 0
1 41 0 1 0 0 0 0 1 0 0 0 0 1 0
1 42 0 1 0 0 0 0 1 0 0 0 0 1 0
1 43 0 1 0 0 0 0 1 0 0 0 0 1 0
1 44 13 0.0820571 0.996062 -0.0335728 0.175926 0.991543 -0.0849907 -0.0980805 0.294681 -0.100548 -0.0252406 -0.994612 0.939262
1 45 15 -0.679271 0.531006 -0.50658 0.177291 0.693001 0.691289 -0.204621 0.355994 0.241538 -0.490053 -0.83756 0.917516
1 46 0 1 0 0 0 0 1 0 0 0 0 1 0
1 47 0 1 0 0 0 0 1 0 0 0 0 1 0
1 48 13 -0.601806 0.783431 0.155133 0.186112 0.637451 0.588213 -0.497656 0.284641 -0.481131 -0.200603 -0.853388 0.940394
1 49 0 1 0 0 0 0 1 0 0 0 0 1 0
1 50 0 1 0 0 0 0 1 0 0 0 0 1 0
1 51 0 1 0 0 0 0 1 0 0 0 0 1 0
1 52 0 1 0 0 0 0 1 0 0 0 0 1 0
1 53 16 -0.714101 -0.440134 0.544373 -0.0172559 0.318936 -0.896784 -0.306689 -0.417217 0.623169 -0.0453864 0.780769 0.908643
1 54 0 1 0 0 0 0 1 0 0 0 0 1 0
1 55 0 1 0 0 0 0 1 0 0 0 0 1 0
1 56 0 1 0 0 0 0 1 0 0 0 0 1 0
1 57 0 1 0 0 0 0 1 0 0 0 0 1 0
1 58 0 1 0 0 0 0 1 0 0 0 0 1 0
1 59 0 1 0 0 0 0 1 0 0 0 0 1 0
1 60 0 1 0 0 0 0 1 0 0 0 0 1 0
1 61 0 1 0 0 0 0 1 0 0 0 0 1 0
1 62 0 1 0 0 0 0 1 0 0 0 0 1 0
1 63 0 1 0 0 0 0 1 0 0 0 0 1 0
1 64 0 1 0 0 0 0 1 0 0 0 0 1 0
1 65 0 1 0 0 0 0 1 0 0 0 0 1 0
1 66 0 1 0 0 0 0 1 0 0 0 0 1 0
1 67 0 1 0 0 0 0 1 0 0 0 0 1 0
2 3 174 0.997134 0.0111244 -0.0748341 0.92088 -0.00819503 0.999192 0.0393385 0.0868282 0.0752112 -0.0386125 0.99642 -0.380053
2 4 98 0.988706 0.0671033 -0.134009 0.995705 -0.0611164 0.996961 0.0483048 0.0526573 0.136843 -0.0395691 0.989802 -0.0761458
2 5 49 0.968729 0.0852806 -0.233004 0.996791 -0.0804194 0.9963 0.030302 0.0798812 0.234726 -0.0106164 0.972004 -0.00521108
2 6 30 0.970137 0.1095 -0.216433 0.981958 -0.0977078 0.993124 0.0644864 0.0507544 0.222006 -0.0414135 0.974165 -0.182162
2 7 28 0.810731 -0.434603 0.392218 -0.207892 -0.552839 -0.347986 0.757149 -0.411713 -0.192573 -0.830678 -0.522389 0.887284
2 8 22 0.995629 -0.0848612 0.0390057 -0.00955668 0.0859507 0.669119 -0.738168 0.793964 0.0365424 0.738294 0.673488 0.60789
2 9 0 1 0 0 0 0 1 0 0 0 0 1 0
2 10 17 -0.813738 -0.468924 -0.343424 0.162499 0.538011 -0.831271 -0.139761 0.29711 -0.219941 -0.298495 0.928723 0.940914
2 11 0 1 0 0 0 0 1 0 0 0 0 1 0
2 12 29 0.737854 0.203322 -0.643609 0.961776 -0.220406 0.973858 0.0549699 -0.0620667 0.63796 0.101296 0.763378 0.266709
2 13 26 -0.450468 -0.0650102 -0.890423 0.467966 -0.615478 0.745085 0.256973 -0.103173 0.646735 0.663794 -0.375649 0.877703
2 14 0 1 0 0 0 0 1 0 0 0 0 1 0
2 15 0 1 0 0 0 0 1 0 0 0 0 1 0
2 16 0 1 0 0 0 0 1 0 0 0 0 1 0
2 17 0 1 0 0 0 0 1 0 0 0 0 1 0
2 18 0 1 0 0 0 0 1 0 0 0 0 1 0
2 19 0 1 0 0 0 0 1 0 0 0 0 1 0
2 20 10 -0.914365 0.39652 0.0819045 0.319018 -0.3995 -0.916439 -0.023218 -0.288761 0.0658541 -0.0539505 0.99637 0.902687
2 21 0 1 0 0 0 0 1 0 0 0 0 1 0
2 22 0 1 0 0 0 0 1 0 0 0 0 1 0
2 23 10 0.0924812 0.942381 -0.321503 -0.0129863 -0.853238 -0.091434 -0.513445 -0.283865 -0.513257 0.321803 0.795619 0.958776
2 24 0 1 0 0 0 0 1 0 0 0 0 1 0
2 25 0 1 0 0 0 0 1 0 0 0 0 1 0
2 26 0 1 0 0 0 0 1 0 0 0 0 1 0
2 27 0 1 0 0 0 0 1 0 0 0 0 1 0
2 28 0 1 0 0 0 0 1 0 0 0 0 1 0
2 29 0 1 0 0 0 0 1 0 0 0 0 1 0
2 30 0 1 0 0 0 0 1 0 0 0 0 1 0
2 31 0 1 0 0 0 0 1 0 0 0 0 1 0
2 32 0 1 0 0 0 0 1 0 0 0 0 1 0
2 33 11 0.981222 -0.127553 0.144683 -0.244122 0.127317 0.991802 0.0109307 0.233777 -0.144891 0.00769504 0.989418 -0.941144
2 34 0 1 0 0 0 0 1 0 0 0 0 1 0
2 35 0 1 0 0 0 0 1 0 0 0 0 1 0
2 36 0 1 0 0 0 0 1 0 0 0 0 1 0
2 37 0 1 0 0 0 0 1 0 0 0 0 1 0
2 38 0 1 0 0 0 0 1 0 0 0 0 1 0
2 39 17 0.895325 0.437333 0.0844605 -0.159895 -0.442493 0.894997 0.056388 -0.532003 -0.0509315 -0.0878587 0.99483 -0.831508
2 40 0 1 0 0 0 0 1 0 0 0 0 1 0
2 41 0 1 0 0 0 0 1 0 0 0 0 1 0
2 42 0 1 0 0 0 0 1 0 0 0 0 1 0
2 43 18 -0.197064 0.683322 -0.70302 0.362016 0.972559 0.0457951 -0.228107 0.199222 -0.123675 -0.72868 -0.673595 0.910634
2 44 0 1 0 0 0 0 1 0 0 0 0 1 0
2 45 0 1 0 0 0 0 1 0 0 0 0 1 0
2 46 0 1 0 0 0 0 1 0 0 0 0 1 0
2 47 0 1 0 0 0 0 1 0 0 0 0 1 0
2 48 0 1 0 0 0 0 1 0 0 0 0 1 0
2 49 0 1 0 0 0 0 1 0 0 0 0 1 0
2 50 0 1 0 0 0 0 1 0 0 0 0 1 0
2 51 20 -0.309528 -0.0544138 0.949332 -0.299374 0.677426 0.687993 0.260308 -0.225982 -0.667298 0.723674 -0.176092 0.926988
2 52 0 1 0 0 0 0 1 0 0 0 0 1 0
2 53 0 1 0 0 0 0 1 0 0 0 0 1 0
2 54 0 1 0 0 0 0 1 0 0 0 0 1 0
2 55 0 1 0 0 0 0 1 0 0 0 0 1 0
2 56 0 1 0 0 0 0 1 0 0 0 0 1 0
2 57 0 1 0 0 0 0 1 0 0 0 0 1 0
2 58 0 1 0 0 0 0 1 0 0 0 0 1 0
2 59 0 1 0 0 0 0 1 0 0 0 0 1 0
2 60 0 1 0 0 0 0 1 0 0 0 0 1 0
2 61 0 1 0 0 0 0 1 0 0 0 0 1 0
2 62 0 1 0 0 0 0 1 0 0 0 0 1 0
2 63 0 1 0 0 0 0 1 0 0 0 0 1 0
2 64 0 1 0 0 0 0 1 0 0 0 0 1 0
2 65 0 1 0 0 0 0 1 0 0 0 0 1 0
2 66 0 1 0 0 0 0 1 0 0 0 0 1 0
2 67 0 1 0 0 0 0 1 0 0 0 0 1 0
3 4 166 0.994276 0.0537807 -0.0923234 0.99745 -0.053803 0.998549 0.00224902 0.0667867 0.0923104 0.00273113 0.995727 -0.0251524
3 5 113 0.988315 0.0584852 -0.140756 0.989163 -0.0597299 0.998204 -0.00463098 0.0418078 0.140233 0.0129842 0.990033 -0.140743
3 6 59 0.983507 0.0907378 -0.156462 0.975423 -0.0886289 0.995855 0.0204176 0.0547762 0.157666 -0.00621382 0.987473 -0.213425
3 7 24 0.996928 0.0486008 0.0614286 0.119225 -0.0548897 0.992933 0.105223 -0.337826 -0.0558806 -0.108271 0.99255 -0.933627
3 8 0 1 0 0 0 0 1 0 0 0 0 1 0
3 9 12 0.984229 0.13185 0.117933 -0.0794298 -0.12849 0.991069 -0.035685 0.286979 -0.121585 0.019969 0.99238 0.954638
3 10 0 1 0 0 0 0 1 0 0 0 0 1 0
3 11 31 -0.0083645 0.959735 0.280783 0.0915509 0.557474 0.237585 -0.795472 0.274328 -0.830152 0.149876 -0.537015 0.957268
3 12 15 0.984977 0.0950601 0.144168 -0.0846871 -0.103944 0.99304 0.0553797 -0.109097 -0.1379 -0.0695331 0.988002 -0.990417
3 13 13 0.838932 0.543153 -0.0343131 0.414591 -0.544073 0.835472 -0.0772697 -0.294419 -0.0133016 0.0834929 0.99642 0.861064
3 14 0 1 0 0 0 0 1 0 0 0 0 1 0
3 15 0 1 0 0 0 0 1 0 0 0 0 1 0
3 16 19 -0.801143 0.326077 -0.501841 0.385571 0.165651 0.926593 0.337617 -0.268571 0.575091 0.187349 -0.796348 0.882726
3 17 13 0.727652 0.246333 -0.64019 0.595353 -0.248565 0.964553 0.0886185 -0.492288 0.639326 0.0946454 0.763088 0.634986
3 18 21 -0.784758 0.307328 -0.538242 0.367498 0.09646 0.918387 0.383745 -0.287087 0.61225 0.249228 -0.750357 0.884605
3 19 0 1 0 0 0 0 1 0 0 0 0 1 0
3 20 0 1 0 0 0 0 1 0 0 0 0 1 0
3 21 0 1 0 0 0 0 1 0 0 0 0 1 0
3 22 0 1 0 0 0 0 1 0 0 0 0 1 0
3 23 0 1 0 0 0 0 1 0 0 0 0 1 0
3 24 0 1 0 0 0 0 1 0 0 0 0 1 0
3 25 0 1 0 0 0 0 1 0 0 0 0 1 0
3 26 0 1 0 0 0 0 1 0 0 0 0 1 0
3 27 0 1 0 0 0 0 1 0 0 0 0 1 0
3 28 0 1 0 0 0 0 1 0 0 0 0 1 0
3 29 0 1 0 0 0 0 1 0 0 0 0 1 0
3 30 0 1 0 0 0 0 1 0 0 0 0 1 0
3 31 0 1 0 0 0 0 1 0 0 0 0 1 0
3 32 0 1 0 0 0 0 1 0 0 0 0 1 0
3 33 11 0.991834 -0.0419653 0.120434 -0.244122 0.0445495 0.998829 -0.0188441 0.233777 -0.119502 0.0240555 0.992542 -0.941144
3 34 0 1 0 0 0 0 1 0 0 0 0 1 0
3 35 0 1 0 0 0 0 1 0 0 0 0 1 0
3 36 0 1 0 0 0 0 1 0 0 0 0 1 0
3 37 10 -0.101421 0.994379 0.0303931 -0.0855467 -0.992033 -0.103382 0.0719908 0.320964 0.0747283 -0.0228495 0.996942 0.94322
3 38 18 0.930778 0.119369 0.345548 -0.983309 -0.129299 0.991589 0.00574207 -0.179482 -0.341956 -0.0500237 0.938383 -0.0298097
3 39 21 0.912589 0.336593 0.232135 -0.355146 -0.379036 0.909338 0.17157 -0.33904 -0.15334 -0.24456 0.957433 0.871162
3 40 14 -0.900096 -0.104545 0.422963 -0.412958 0.156907 0.827865 0.538534 -0.31272 -0.406458 0.551098 -0.728754 0.855379
3 41 0 1 0 0 0 0 1 0 0 0 0 1 0
3 42 0 1 0 0 0 0 1 0 0 0 0 1 0
3 43 16 0.973916 0.197057 -0.112502 0.772132 -0.200187 0.979608 -0.0171245 -0.121542 0.106833 0.0391992 0.993504 -0.623731
3 44 15 -0.982544 -0.0473886 -0.179893 -0.335942 -0.140835 0.821282 0.552866 -0.263429 0.121544 0.56855 -0.81362 0.904294
3 45 19 0.457634 0.870647 0.180403 -0.0716067 0.883042 -0.421318 -0.206707 0.353196 -0.103961 0.253899 -0.961627 0.932805
3 46 0 1 0 0 0 0 1 0 0 0 0 1 0
3 47 0 1 0 0 0 0 1 0 0 0 0 1 0
3 48 0 1 0 0 0 0 1 0 0 0 0 1 0
3 49 0 1 0 0 0 0 1 0 0 0 0 1 0
3 50 0 1 0 0 0 0 1 0 0 0 0 1 0
3 51 0 1 0 0 0 0 1 0 0 0 0 1 0
3 52 0 1 0 0 0 0 1 0 0 0 0 1 0
3 53 0 1 0 0 0 0 1 0 0 0 0 1 0
3 54 0 1 0 0 0 0 1 0 0 0 0 1 0
3 55 0 1 0 0 0 0 1 0 0 0 0 1 0
3 56 0 1 0 0 0 0 1 0 0 0 0 1 0
3 57 0 1 0 0 0 0 1 0 0 0 0 1 0
3 58 0 1 0 0 0 0 1 0 0 0 0 1 0
3 59 0 1 0 0 0 0 1 0 0 0 0 1 0
3 60 0 1 0 0 0 0 1 0 0 0 0 1 0
3 61 0 1 0 0 0 0 1 0 0 0 0 1 0
3 62 0 1 0 0 0 0 1 0 0 0 0 1 0
3 63 0 1 0 0 0 0 1 0 0 0 0 1 0
3 64 0 1 0 0 0 0 1 0 0 0 0 1 0
3 65 0 1 0 0 0 0 1 0 0 0 0 1 0
3 66 0 1 0 0 0 0 1 0 0 0 0 1 0
3 67 0 1 0 0 0 0 1 0 0 0 0 1 0
4 5 230 0.998479 0.00330325 -0.0550367 0.969809 -0.0039104 0.999933 -0.0109277 0.0837386 0.0549968 0.0111263 0.998425 -0.229037
4 6 127 0.994414 0.0367007 -0.098965 0.932903 -0.0358195 0.999301 0.0106665 0.0730788 0.0992873 -0.00706203 0.995034 -0.352636
4 7 51 0.976804 0.0584988 -0.205989 0.982415 -0.059296 0.998238 0.00230651 0.0438125 0.205761 0.00996129 0.978552 -0.181497
4 8 15 0.996199 0.0647773 0.0582339 0.165614 -0.0614644 0.996481 -0.056987 0.426292 -0.0617204 0.0531911 0.996675 -0.889296
4 9 39 0.936813 0.0847536 -0.339408 0.993142 -0.0993316 0.99472 -0.0257771 0.0440383 0.335432 0.0578623 0.940286 0.108301
4 10 40 0.999856 -0.0167415 -0.0027998 0.139765 0.0169088 0.996815 0.0779376 -0.606591 0.00148609 -0.0779737 0.996954 -0.782632
4 11 37 0.875895 0.133248 -0.463737 0.986393 -0.164393 0.98602 -0.0271831 -0.048698 0.453632 0.100045 0.885556 0.157028
4 12 42 0.588181 0.0216357 -0.80844 0.875195 -0.0134401 0.999766 0.0169776 -0.0382594 0.808618 0.000879591 0.588334 0.482255
4 13 0 1 0 0 0 0 1 0 0 0 0 1 0
4 14 15 -0.356907 -0.90173 0.243926 -0.366476 -0.923812 0.379438 0.0509818 -0.200652 -0.138527 -0.207146 -0.968453 0.908534
4 15 15 0.885443 0.15533 -0.438022 0.932729 -0.178707 0.983825 -0.0123661 -0.00544964 0.429016 0.0892269 0.898879 0.360536
4 16 33 0.770417 0.17025 -0.614388 0.770039 -0.177457 0.982866 0.0498335 0.00902531 0.612346 0.0706349 0.787428 -0.637933
4 17 25 0.764731 0.164839 -0.622908 -0.34608 -0.183944 0.982344 0.034131 0.304552 0.617536 0.0884793 0.78155 0.887399
4 18 21 0.717063 0.217043 -0.662354 0.36945 -0.227802 0.971072 0.0715867 0.195715 0.658731 0.0995536 0.745763 -0.908406
4 19 0 1 0 0 0 0 1 0 0 0 0 1 0
4 20 0 1 0 0 0 0 1 0 0 0 0 1 0
4 21 12 -0.0935735 0.992639 0.0768921 -0.0295849 0.876105 0.0454081 0.479976 -0.312936 0.472952 0.112279 -0.873905 0.949313
4 22 0 1 0 0 0 0 1 0 0 0 0 1 0
4 23 14 -0.44169 0.699568 0.561707 -0.519932 0.836315 0.0943943 0.540062 -0.0900278 0.324788 0.708304 -0.626752 0.84945
4 24 0 1 0 0 0 0 1 0 0 0 0 1 0
4 25 0 1 0 0 0 0 1 0 0 0 0 1 0
4 26 0 1 0 0 0 0 1 0 0 0 0 1 0
4 27 0 1 0 0 0 0 1 0 0 0 0 1 0
4 28 0 1 0 0 0 0 1 0 0 0 0 1 0
4 29 0 1 0 0 0 0 1 0 0 0 0 1 0
4 30 0 1 0 0 0 0 1 0 0 0 0 1 0
4 31 0 1 0 0 0 0 1 0 0 0 0 1 0
4 32 17 0.798075 -0.539152 -0.269056 0.442615 -0.587108 -0.796252 -0.1459 -0.28105 -0.135574 0.274404 -0.952009 0.85153
4 33 13 -0.61544 0.0163351 -0.788015 0.431539 -0.342252 0.895071 0.285853 -0.26598 0.709998 0.445625 -0.545271 0.861991
4 34 0 1 0 0 0 0 1 0 0 0 0 1 0
4 35 20 -0.53472 -0.315228 0.784032 -0.418385 -0.696789 0.689394 -0.198041 0.108135 -0.478079 -0.652201 -0.58828 0.90181
4 36 0 1 0 0 0 0 1 0 0 0 0 1 0
4 37 23 -0.777031 -0.561755 -0.283995 0.118837 -0.229801 0.673193 -0.702853 0.376452 0.586015 -0.480877 -0.652184 0.918783
4 38 24 0.974525 -0.0197025 0.223414 -0.873571 0.0195592 0.999805 0.00285458 -0.304658 -0.223426 0.00158793 0.97472 0.379548
4 39 10 0.96292 -0.26172 0.0654769 0.33094 0.269782 0.935451 -0.228362 0.259563 -0.00148356 0.237559 0.971372 -0.907252
4 40 0 1 0 0 0 0 1 0 0 0 0 1 0
4 41 0 1 0 0 0 0 1 0 0 0 0 1 0
4 42 0 1 0 0 0 0 1 0 0 0 0 1 0
4 43 27 0.947132 0.0457404 -0.317566 0.920613 -0.0679562 0.995929 -0.0592295 -0.0511885 0.313564 0.0776788 0.946385 -0.387107
4 44 0 1 0 0 0 0 1 0 0 0 0 1 0
4 45 31 0.951311 0.182478 -0.248413 0.964352 -0.173721 0.983148 0.0569228 -0.0212156 0.254614 -0.0109968 0.96698 0.263771
4 46 0 1 0 0 0 0 1 0 0 0 0 1 0
4 47 0 1 0 0 0 0 1 0 0 0 0 1 0
4 48 16 0.767492 -0.186425 0.613353 -0.0131632 0.189336 0.980019 0.0609538 0.318349 -0.612461 0.0693483 0.787453 0.947882
4 49 10 0.896097 0.439888 -0.0592413 0.540179 -0.440674 0.897667 -0.000233266 0.108959 0.0530764 0.0263151 0.998244 0.834467
4 50 0 1 0 0 0 0 1 0 0 0 0 1 0
4 51 0 1 0 0 0 0 1 0 0 0 0 1 0
4 52 0 1 0 0 0 0 1 0 0 0 0 1 0
4 53 17 0.178084 0.909507 -0.37561 0.379635 0.979333 -0.126621 0.157717 -0.310388 0.0958843 -0.395934 -0.913259 0.871514
4 54 0 1 0 0 0 0 1 0 0 0 0 1 0
4 55 0 1 0 0 0 0 1 0 0 0 0 1 0
4 56 0 1 0 0 0 0 1 0 0 0 0 1 0
4 57 0 1 0 0 0 0 1 0 0 0 0 1 0
4 58 0 1 0 0 0 0 1 0 0 0 0 1 0
4 59 0 1 0 0 0 0 1 0 0 0 0 1 0
4 60 0 1 0 0 0 0 1 0 0 0 0 1 0
4 61 0 1 0 0 0 0 1 0 0 0 0 1 0
4 62 0 1 0 0 0 0 1 0 0 0 0 1 0
4 63 0 1 0 0 0 0 1 0 0 0 0 1 0
4 64 0 1 0 0 0 0 1 0 0 0 0 1 0
4 65 0 1 0 0 0 0 1 0 0 0 0 1 0
4 66 0 1 0 0 0 0 1 0 0 0 0 1 0
4 67 0 1 0 0 0 0 1 0 0 0 0 1 0
5 6 83 0.999044 0.0359524 -0.0248763 0.869733 -0.035371 0.9991 0.0234308 0.1437 0.0256963 -0.0225285 0.999416 -0.472138
5 7 109 0.990444 0.0455598 -0.130174 0.954724 -0.0445166 0.998949 0.0109142 0.0526514 0.130534 -0.00501503 0.991431 -0.292798
5 8 27 0.996047 0.0704041 0.0541702 0.0655698 -0.0688308 0.997166 -0.030383 -0.274077 -0.0561557 0.0265343 0.998069 -0.95947
5 9 51 0.987154 -0.140096 0.0768093 -0.0276232 0.149503 0.640409 -0.753342 0.941585 0.0563507 0.755148 0.653127 0.33564
5 10 44 0.998232 0.0557985 0.0204884 -0.102003 -0.0594126 0.925928 0.372999 -0.964607 0.00184199 -0.373556 0.927606 0.243164
5 11 19 0.999902 -0.0126947 -0.00589483 -0.00455683 0.0125895 0.999767 -0.0175575 -0.0740089 0.00611634 0.0174816 0.999828 -0.997247
5 12 18 0.997954 0.0296397 0.0566505 -0.0709563 -0.0280706 0.999205 -0.0282952 -0.0694045 -0.0574441 0.0266471 0.997993 -0.995062
5 13 17 0.999464 0.0105344 0.0309889 0.0321992 -0.00951969 0.99942 -0.0327102 0.38282 -0.0313155 0.0323976 0.998984 -0.923262
5 14 18 0.0235224 0.996831 -0.0759888 -0.0793666 0.999243 -0.0210881 0.0326804 0.0778303 0.0309744 -0.0767 -0.996573 0.993802
5 15 12 0.845606 0.168076 -0.506657 -0.558867 -0.204237 0.978788 -0.0161708 0.0731199 0.493192 0.117152 0.861996 0.826027
5 16 18 0.803399 0.169556 -0.570789 -0.400188 -0.179522 0.982968 0.0393141 0.0680206 0.567733 0.0708844 0.820155 0.913905
5 17 47 0.458039 0.254632 -0.851682 0.918627 -0.246218 0.956952 0.153688 -0.106031 0.854153 0.139304 0.501016 0.380633
5 18 19 0.738317 0.225118 -0.635775 0.316102 -0.233143 0.969727 0.0726191 0.272988 0.632876 0.0946108 0.768451 -0.908601
5 19 15 -0.517949 -0.553568 -0.652144 -0.0389959 0.156572 0.688144 -0.70848 0.317935 0.84096 -0.469064 -0.26975 0.94731
5 20 0 1 0 0 0 0 1 0 0 0 0 1 0
5 21 0 1 0 0 0 0 1 0 0 0 0 1 0
5 22 0 1 0 0 0 0 1 0 0 0 0 1 0
5 23 18 -0.714843 0.291287 -0.63573 0.300475 0.272298 0.953307 0.130614 0.0535592 0.644091 -0.0797393 -0.760781 0.952285
5 24 0 1 0 0 0 0 1 0 0 0 0 1 0
5 25 0 1 0 0 0 0 1 0 0 0 0 1 0
5 26 0 1 0 0 0 0 1 0 0 0 0 1 0
5 27 0 1 0 0 0 0 1 0 0 0 0 1 0
5 28 14 0.448554 0.278298 0.849323 -0.40687 0.134131 -0.960484 0.243883 -0.365189 0.883633 0.00452559 -0.468158 0.837314
5 29 13 -0.631984 0.143048 -0.761665 0.491013 0.0425498 0.987739 0.150201 -0.0414552 0.773812 0.0625159 -0.630322 0.870165
5 30 0 1 0 0 0 0 1 0 0 0 0 1 0
5 31 0 1 0 0 0 0 1 0 0 0 0 1 0
5 32 0 1 0 0 0 0 1 0 0 0 0 1 0
5 33 31 -0.486776 -0.701709 0.520244 -0.357683 -0.0976329 0.63554 0.76587 -0.544937 -0.868054 0.322014 -0.377875 0.758358
5 34 0 1 0 0 0 0 1 0 0 0 0 1 0
5 35 0 1 0 0 0 0 1 0 0 0 0 1 0
5 36 0 1 0 0 0 0 1 0 0 0 0 1 0
5 37 14 0.936058 -0.268787 0.227044 0.00291943 0.251713 0.96245 0.101636 -0.342915 -0.245837 -0.0379874 0.968566 -0.939362
5 38 17 0.977192 -0.161129 0.13832 0.329689 0.173676 0.981218 -0.0839496 0.325761 -0.122196 0.106058 0.986823 -0.886107
5 39 15 -0.00402895 0.982988 -0.183625 -0.0987471 0.767338 0.120787 0.629764 -0.384972 0.64123 -0.138365 -0.754771 0.91763
5 40 0 1 0 0 0 0 1 0 0 0 0 1 0
5 41 0 1 0 0 0 0 1 0 0 0 0 1 0
5 42 11 0.988482 0.14912 0.0257991 -0.0712046 -0.148367 0.988507 -0.0289941 0.276075 -0.0298262 0.0248324 0.999247 0.958495
5 43 18 0.988764 0.094672 -0.115683 0.920389 -0.0980789 0.994887 -0.0241092 -0.084632 0.112809 0.0351844 0.992994 -0.381736
5 44 10 0.944571 -0.27022 0.18646 -0.148739 0.270644 0.962388 0.0236783 -0.233804 -0.185845 0.0280984 0.982177 -0.960839
5 45 18 0.968622 0.248475 0.00561956 -0.0400881 -0.248492 0.96776 0.0411386 0.341808 0.00478352 -0.0412442 0.999138 0.938914
5 46 0 1 0 0 0 0 1 0 0 0 0 1 0
5 47 0 1 0 0 0 0 1 0 0 0 0 1 0
5 48 22 -0.135348 0.952548 0.272641 -0.108382 0.291926 0.301297 -0.907744 0.326874 -0.946816 -0.0432702 -0.318853 0.938832
5 49 25 -0.849361 0.0219138 -0.527356 0.171106 0.297892 0.844699 -0.444685 0.274499 0.435713 -0.534793 -0.723983 0.946242
5 50 0 1 0 0 0 0 1 0 0 0 0 1 0
5 51 0 1 0 0 0 0 1 0 0 0 0 1 0
5 52 16 -0.911497 0.0340884 -0.409891 0.253124 0.237954 0.856558 -0.457916 0.222514 0.335485 -0.514924 -0.788862 0.941497
5 53 13 0.981173 0.192674 0.0132646 0.378107 -0.193125 0.97932 0.0602985 -0.310423 -0.00137233 -0.061725 0.998092 0.872166
5 54 0 1 0 0 0 0 1 0 0 0 0 1 0
5 55 0 1 0 0 0 0 1 0 0 0 0 1 0
5 56 0 1 0 0 0 0 1 0 0 0 0 1 0
5 57 0 1 0 0 0 0 1 0 0 0 0 1 0
5 58 0 1 0 0 0 0 1 0 0 0 0 1 0
5 59 0 1 0 0 0 0 1 0 0 0 0 1 0
5 60 0 1 0 0 0 0 1 0 0 0 0 1 0
5 61 0 1 0 0 0 0 1 0 0 0 0 1 0
5 62 0 1 0 0 0 0 1 0 0 0 0 1 0
5 63 0 1 0 0 0 0 1 0 0 0 0 1 0
5 64 0 1 0 0 0 0 1 0 0 0 0 1 0
5 65 0 1 0 0 0 0 1 0 0 0 0 1 0
5 66 0 1 0 0 0 0 1 0 0 0 0 1 0
5 67 0 1 0 0 0 0 1 0 0 0 0 1 0
6 7 134 0.995975 0.00997935 -0.0890734 0.950427 -0.0111671 0.999855 -0.0128465 0.0218061 0.0889323 0.0137895 0.995942 -0.310183
6 8 29 0.998002 0.0582275 0.0245146 0.0795736 -0.0565708 0.996372 -0.0635747 -0.27822 -0.0281275 0.0620609 0.997676 -0.957216
6 9 24 0.999041 -0.0397969 0.0182806 0.109366 0.0400616 0.999094 -0.0143473 -0.318094 -0.0176931 0.0150658 0.99973 -0.94173
6 10 18 0.99885 -0.0265573 -0.0399201 -0.185019 0.0247984 0.998727 -0.0439296 0.0166651 0.041036 0.0428891 0.998237 0.982594
6 11 26 0.998258 -0.0391344 -0.0441442 0.201877 0.0348654 0.994995 -0.0936442 0.317541 0.0475879 0.091942 0.994627 -0.926506
6 12 34 0.998606 -0.0500148 0.0168612 0.140836 0.0515968 0.992334 -0.112298 0.508651 -0.0111154 0.113011 0.993532 -0.849376
6 13 18 0.998763 -0.0483192 0.0117222 -0.145466 0.0489239 0.997094 -0.058399 -0.170363 -0.00886638 0.0589003 0.998224 0.974585
6 14 20 -0.988795 -0.0829936 0.124084 0.0923689 0.0595475 -0.981502 -0.181958 0.890309 0.13689 -0.17253 0.975446 0.445891
6 15 19 -0.937226 -0.0933117 0.336007 -0.0862841 0.0858933 0.87208 0.481766 -0.309344 -0.337979 0.480385 -0.809321 0.947028
6 16 47 0.675625 0.468992 -0.568839 0.144085 0.251345 0.578823 0.775751 -0.949835 0.693078 -0.667092 0.273188 0.277585
6 17 57 0.617615 0.579159 -0.532096 0.115257 0.340911 0.412548 0.844739 -0.922112 0.708753 -0.703121 0.0573543 0.369357
6 18 21 0.755288 0.219023 -0.617713 0.35107 -0.23445 0.970431 0.0574215 0.260254 0.612024 0.101453 0.784305 -0.899454
6 19 0 1 0 0 0 0 1 0 0 0 0 1 0
6 20 0 1 0 0 0 0 1 0 0 0 0 1 0
6 21 0 1 0 0 0 0 1 0 0 0 0 1 0
6 22 0 1 0 0 0 0 1 0 0 0 0 1 0
6 23 0 1 0 0 0 0 1 0 0 0 0 1 0
6 24 0 1 0 0 0 0 1 0 0 0 0 1 0
6 25 0 1 0 0 0 0 1 0 0 0 0 1 0
6 26 13 -0.914136 0.0943642 -0.394272 0.248948 -0.0389772 0.947571 0.31716 -0.221728 0.403529 0.305295 -0.862531 0.942795
6 27 0 1 0 0 0 0 1 0 0 0 0 1 0
6 28 0 1 0 0 0 0 1 0 0 0 0 1 0
6 29 10 -0.50433 0.751629 0.425094 0.0926719 -0.767695 -0.615659 0.177785 0.0125464 0.395342 -0.23668 0.887518 0.995618
6 30 0 1 0 0 0 0 1 0 0 0 0 1 0
6 31 0 1 0 0 0 0 1 0 0 0 0 1 0
6 32 0 1 0 0 0 0 1 0 0 0 0 1 0
6 33 10 0.884351 -0.447699 0.132244 -0.328687 0.452753 0.891587 -0.00929665 -0.741081 -0.113745 0.0680955 0.991174 0.58546
6 34 0 1 0 0 0 0 1 0 0 0 0 1 0
6 35 0 1 0 0 0 0 1 0 0 0 0 1 0
6 36 0 1 0 0 0 0 1 0 0 0 0 1 0
6 37 0 1 0 0 0 0 1 0 0 0 0 1 0
6 38 0 1 0 0 0 0 1 0 0 0 0 1 0
6 39 0 1 0 0 0 0 1 0 0 0 0 1 0
6 40 0 1 0 0 0 0 1 0 0 0 0 1 0
6 41 0 1 0 0 0 0 1 0 0 0 0 1 0
6 42 0 1 0 0 0 0 1 0 0 0 0 1 0
6 43 0 1 0 0 0 0 1 0 0 0 0 1 0
6 44 14 0.172987 0.930719 -0.322239 0.0591129 0.9289 -0.0453983 0.367538 -0.375459 0.327445 -0.362907 -0.872398 0.924952
6 45 0 1 0 0 0 0 1 0 0 0 0 1 0
6 46 0 1 0 0 0 0 1 0 0 0 0 1 0
6 47 0 1 0 0 0 0 1 0 0 0 0 1 0
6 48 0 1 0 0 0 0 1 0 0 0 0 1 0
6 49 0 1 0 0 0 0 1 0 0 0 0 1 0
6 50 0 1 0 0 0 0 1 0 0 0 0 1 0
6 51 0 1 0 0 0 0 1 0 0 0 0 1 0
6 52 0 1 0 0 0 0 1 0 0 0 0 1 0
6 53 0 1 0 0 0 0 1 0 0 0 0 1 0
6 54 0 1 0 0 0 0 1 0 0 0 0 1 0
6 55 0 1 0 0 0 0 1 0 0 0 0 1 0
6 56 0 1 0 0 0 0 1 0 0 0 0 1 0
6 57 0 1 0 0 0 0 1 0 0 0 0 1 0
6 58 0 1 0 0 0 0 1 0 0 0 0 1 0
6 59 0 1 0 0 0 0 1 0 0 0 0 1 0
6 60 0 1 0 0 0 0 1 0 0 0 0 1 0
6 61 0 1 0 0 0 0 1 0 0 0 0 1 0
6 62 0 1 0 0 0 0 1 0 0 0 0 1 0
6 63 0 1 0 0 0 0 1 0 0 0 0 1 0
6 64 0 1 0 0 0 0 1 0 0 0 0 1 0
6 65 0 1 0 0 0 0 1 0 0 0 0 1 0
6 66 0 1 0 0 0 0 1 0 0 0 0 1 0
6 67 0 1 0 0 0 0 1 0 0 0 0 1 0
7 8 39 0.998186 0.0554252 0.0234951 -0.142814 -0.0540343 0.996957 -0.0561906 -0.989599 -0.0265379 0.0548191 0.998144 -0.0172613
7 9 57 0.999344 -0.032488 0.0159783 -0.0235776 0.0324407 0.999469 0.00321184 -0.44278 -0.0160741 -0.00269138 0.999867 0.89632
7 10 59 0.999463 0.00305141 -0.0326284 -0.151627 -0.000987231 0.998007 0.0630931 -0.85858 0.0327559 -0.063027 0.997474 0.489745
7 11 20 0.998721 -0.028587 -0.0417013 -0.172801 0.0266018 0.998521 -0.0474081 0.149579 0.0429949 0.0462382 0.998005 0.973533
7 12 30 0.999395 -0.0295323 0.0183943 0.1141 0.0300744 0.9991 -0.0299272 -0.308462 -0.017494 0.0304622 0.999383 -0.944369
7 13 29 0.772753 0.634569 -0.0132145 -0.14669 0.0641897 -0.0574206 0.996284 -0.253435 0.631453 -0.77073 -0.0851048 0.956166
7 14 28 0.633425 0.693473 -0.34332 0.185522 -0.0435454 0.47492 0.878951 -0.647547 0.772578 -0.541799 0.331024 0.739097
7 15 15 0.997765 0.0658987 0.0110624 -0.0244559 -0.0663526 0.996665 0.0474977 -0.371315 -0.0078955 -0.0481256 0.99881 0.928185
7 16 20 0.818842 0.125425 -0.560148 0.999517 -0.133857 0.990656 0.0261453 0.00565646 0.558193 0.0535711 0.82798 0.030564
7 17 37 0.767112 0.143519 -0.625253 0.986813 -0.145268 0.988198 0.0486022 0.13503 0.62485 0.0535458 0.778907 -0.0892596
7 18 18 0.78605 0.248786 -0.565889 0.40739 -0.254863 0.964441 0.0699861 0.219235 0.563178 0.0892116 0.821506 -0.886549
7 19 0 1 0 0 0 0 1 0 0 0 0 1 0
7 20 0 1 0 0 0 0 1 0 0 0 0 1 0
7 21 0 1 0 0 0 0 1 0 0 0 0 1 0
7 22 0 1 0 0 0 0 1 0 0 0 0 1 0
7 23 0 1 0 0 0 0 1 0 0 0 0 1 0
7 24 0 1 0 0 0 0 1 0 0 0 0 1 0
7 25 0 1 0 0 0 0 1 0 0 0 0 1 0
7 26 0 1 0 0 0 0 1 0 0 0 0 1 0
7 27 0 1 0 0 0 0 1 0 0 0 0 1 0
7 28 0 1 0 0 0 0 1 0 0 0 0 1 0
7 29 0 1 0 0 0 0 1 0 0 0 0 1 0
7 30 0 1 0 0 0 0 1 0 0 0 0 1 0
7 31 0 1 0 0 0 0 1 0 0 0 0 1 0
7 32 0 1 0 0 0 0 1 0 0 0 0 1 0
7 33 0 1 0 0 0 0 1 0 0 0 0 1 0
7 34 0 1 0 0 0 0 1 0 0 0 0 1 0
7 35 0 1 0 0 0 0 1 0 0 0 0 1 0
7 36 0 1 0 0 0 0 1 0 0 0 0 1 0
7 37 0 1 0 0 0 0 1 0 0 0 0 1 0
7 38 0 1 0 0 0 0 1 0 0 0 0 1 0
7 39 0 1 0 0 0 0 1 0 0 0 0 1 0
7 40 0 1 0 0 0 0 1 0 0 0 0 1 0
7 41 0 1 0 0 0 0 1 0 0 0 0 1 0
7 42 0 1 0 0 0 0 1 0 0 0 0 1 0
7 43 0 1 0 0 0 0 1 0 0 0 0 1 0
7 44 14 0.272471 -0.95233 0.137215 0.0591129 -0.945482 -0.238569 0.221694 -0.375459 -0.178391 -0.190139 -0.965414 0.924952
7 45 17 -0.243539 0.924865 0.292084 -0.0751432 0.83081 0.354319 -0.4292 0.352011 -0.500443 0.138139 -0.854678 0.932975
7 46 0 1 0 0 0 0 1 0 0 0 0 1 0
7 47 0 1 0 0 0 0 1 0 0 0 0 1 0
7 48 0 1 0 0 0 0 1 0 0 0 0 1 0
7 49 0 1 0 0 0 0 1 0 0 0 0 1 0
7 50 0 1 0 0 0 0 1 0 0 0 0 1 0
7 51 0 1 0 0 0 0 1 0 0 0 0 1 0
7 52 0 1 0 0 0 0 1 0 0 0 0 1 0
7 53 0 1 0 0 0 0 1 0 0 0 0 1 0
7 54 12 -0.891126 0.00841619 -0.453677 0.484215 0.181069 0.923369 -0.338532 -0.202662 0.416062 -0.383822 -0.824362 0.851154
7 55 0 1 0 0 0 0 1 0 0 0 0 1 0
7 56 0 1 0 0 0 0 1 0 0 0 0 1 0
7 57 0 1 0 0 0 0 1 0 0 0 0 1 0
7 58 0 1 0 0 0 0 1 0 0 0 0 1 0
7 59 0 1 0 0 0 0 1 0 0 0 0 1 0
7 60 0 1 0 0 0 0 1 0 0 0 0 1 0
7 61 0 1 0 0 0 0 1 0 0 0 0 1 0
7 62 0 1 0 0 0 0 1 0 0 0 0 1 0
7 63 0 1 0 0 0 0 1 0 0 0 0 1 0
7 64 0 1 0 0 0 0 1 0 0 0 0 1 0
7 65 0 1 0 0 0 0 1 0 0 0 0 1 0
7 66 0 1 0 0 0 0 1 0 0 0 0 1 0
7 67 0 1 0 0 0 0 1 0 0 0 0 1 0
8 9 71 0.994519 -0.0470162 -0.0933917 0.801694 0.0502018 0.998224 0.0320575 0.228415 0.0917187 -0.0365702 0.995113 0.552371
8 10 80 0.985909 -0.0168017 -0.166439 0.803955 0.0246518 0.998673 0.0452116 -0.106795 0.165459 -0.0486776 0.985015 0.585023
8 11 42 0.975783 0.00273274 -0.218724 0.910359 0.00362772 0.999582 0.028673 -0.0999272 0.218711 -0.0287721 0.975365 0.401572
8 12 27 0.994602 -0.103603 -0.00576328 -0.224804 0.103763 0.993187 0.0530454 -0.675277 0.000228365 -0.053357 0.998575 0.70247
8 13 18 0.994953 -0.0985903 -0.0186414 0.110102 0.0993082 0.994145 0.0425972 -0.301596 0.0143326 -0.0442335 0.998918 -0.947057
8 14 0 1 0 0 0 0 1 0 0 0 0 1 0
8 15 0 1 0 0 0 0 1 0 0 0 0 1 0
8 16 0 1 0 0 0 0 1 0 0 0 0 1 0
8 17 0 1 0 0 0 0 1 0 0 0 0 1 0
8 18 0 1 0 0 0 0 1 0 0 0 0 1 0
8 19 0 1 0 0 0 0 1 0 0 0 0 1 0
8 20 0 1 0 0 0 0 1 0 0 0 0 1 0
8 21 0 1 0 0 0 0 1 0 0 0 0 1 0
8 22 0 1 0 0 0 0 1 0 0 0 0 1 0
8 23 0 1 0 0 0 0 1 0 0 0 0 1 0
8 24 0 1 0 0 0 0 1 0 0 0 0 1 0
8 25 0 1 0 0 0 0 1 0 0 0 0 1 0
8 26 0 1 0 0 0 0 1 0 0 0 0 1 0
8 27 0 1 0 0 0 0 1 0 0 0 0 1 0
8 28 0 1 0 0 0 0 1 0 0 0 0 1 0
8 29 0 1 0 0 0 0 1 0 0 0 0 1 0
8 30 0 1 0 0 0 0 1 0 0 0 0 1 0
8 31 0 1 0 0 0 0 1 0 0 0 0 1 0
8 32 0 1 0 0 0 0 1 0 0 0 0 1 0
8 33 0 1 0 0 0 0 1 0 0 0 0 1 0
8 34 0 1 0 0 0 0 1 0 0 0 0 1 0
8 35 0 1 0 0 0 0 1 0 0 0 0 1 0
8 36 0 1 0 0 0 0 1 0 0 0 0 1 0
8 37 0 1 0 0 0 0 1 0 0 0 0 1 0
8 38 0 1 0 0 0 0 1 0 0 0 0 1 0
8 39 0 1 0 0 0 0 1 0 0 0 0 1 0
8 40 0 1 0 0 0 0 1 0 0 0 0 1 0
8 41 0 1 0 0 0 0 1 0 0 0 0 1 0
8 42 0 1 0 0 0 0 1 0 0 0 0 1 0
8 43 0 1 0 0 0 0 1 0 0 0 0 1 0
8 44 0 1 0 0 0 0 1 0 0 0 0 1 0
8 45 0 1 0 0 0 0 1 0 0 0 0 1 0
8 46 0 1 0 0 0 0 1 0 0 0 0 1 0
8 47 0 1 0 0 0 0 1 0 0 0 0 1 0
8 48 0 1 0 0 0 0 1 0 0 0 0 1 0
8 49 0 1 0 0 0 0 1 0 0 0 0 1 0
8 50 0 1 0 0 0 0 1 0 0 0 0 1 0
8 51 0 1 0 0 0 0 1 0 0 0 0 1 0
8 52 0 1 0 0 0 0 1 0 0 0 0 1 0
8 53 0 1 0 0 0 0 1 0 0 0 0 1 0
8 54 0 1 0 0 0 0 1 0 0 0 0 1 0
8 55 0 1 0 0 0 0 1 0 0 0 0 1 0
8 56 0 1 0 0 0 0 1 0 0 0 0 1 0
8 57 0 1 0 0 0 0 1 0 0 0 0 1 0
8 58 0 1 0 0 0 0 1 0 0 0 0 1 0
8 59 0 1 0 0 0 0 1 0 0 0 0 1 0
8 60 0 1 0 0 0 0 1 0 0 0 0 1 0
8 61 0 1 0 0 0 0 1 0 0 0 0 1 0
8 62 0 1 0 0 0 0 1 0 0 0 0 1 0
8 63 0 1 0 0 0 0 1 0 0 0 0 1 0
8 64 0 1 0 0 0 0 1 0 0 0 0 1 0
8 65 0 1 0 0 0 0 1 0 0 0 0 1 0
8 66 0 1 0 0 0 0 1 0 0 0 0 1 0
8 67 0 1 0 0 0 0 1 0 0 0 0 1 0
9 10 88 0.993026 0.0223557 -0.115758 0.983665 -0.0252457 0.999404 -0.0235606 0.101609 0.115162 0.0263187 0.992998 -0.148589
9 11 44 0.992578 0.0329573 -0.117055 -0.981575 -0.0378832 0.998477 -0.0401087 -0.0333396 0.115555 0.0442455 0.992315 0.188146
9 12 24 0.999974 -0.00694943 -0.00170018 0.17389 0.00686843 0.999019 -0.0437399 0.656608 0.00200248 0.0437271 0.999042 -0.733913
9 13 27 0.999894 -0.0113467 -0.00907777 -0.014824 0.0107269 0.997786 -0.0656343 0.909526 0.0098024 0.0655299 0.997802 0.415382
9 14 22 0.999541 -0.0137789 0.0269915 -0.012594 0.0162121 0.995617 -0.0921069 0.856433 -0.025604 0.0925022 0.995383 0.516105
9 15 14 0.999688 -0.0237746 -0.00767912 -0.278065 0.0232975 0.998093 -0.0571657 0.278933 0.00902356 0.0569689 0.998335 -0.919171
9 16 0 1 0 0 0 0 1 0 0 0 0 1 0
9 17 14 0.990866 0.0502759 0.125127 -0.938508 -0.0545631 0.998027 0.0310731 0.131244 -0.123318 -0.0376166 0.991654 -0.319338
9 18 15 -0.801777 -0.284293 0.525673 -0.168615 0.0617807 0.835463 0.546063 -0.314668 -0.594422 0.470297 -0.652291 0.934105
9 19 0 1 0 0 0 0 1 0 0 0 0 1 0
9 20 0 1 0 0 0 0 1 0 0 0 0 1 0
9 21 0 1 0 0 0 0 1 0 0 0 0 1 0
9 22 0 1 0 0 0 0 1 0 0 0 0 1 0
9 23 0 1 0 0 0 0 1 0 0 0 0 1 0
9 24 0 1 0 0 0 0 1 0 0 0 0 1 0
9 25 0 1 0 0 0 0 1 0 0 0 0 1 0
9 26 0 1 0 0 0 0 1 0 0 0 0 1 0
9 27 0 1 0 0 0 0 1 0 0 0 0 1 0
9 28 0 1 0 0 0 0 1 0 0 0 0 1 0
9 29 0 1 0 0 0 0 1 0 0 0 0 1 0
9 30 0 1 0 0 0 0 1 0 0 0 0 1 0
9 31 0 1 0 0 0 0 1 0 0 0 0 1 0
9 32 0 1 0 0 0 0 1 0 0 0 0 1 0
9 33 0 1 0 0 0 0 1 0 0 0 0 1 0
9 34 0 1 0 0 0 0 1 0 0 0 0 1 0
9 35 0 1 0 0 0 0 1 0 0 0 0 1 0
9 36 0 1 0 0 0 0 1 0 0 0 0 1 0
9 37 0 1 0 0 0 0 1 0 0 0 0 1 0
9 38 0 1 0 0 0 0 1 0 0 0 0 1 0
9 39 0 1 0 0 0 0 1 0 0 0 0 1 0
9 40 0 1 0 0 0 0 1 0 0 0 0 1 0
9 41 0 1 0 0 0 0 1 0 0 0 0 1 0
9 42 0 1 0 0 0 0 1 0 0 0 0 1 0
9 43 0 1 0 0 0 0 1 0 0 0 0 1 0
9 44 0 1 0 0 0 0 1 0 0 0 0 1 0
9 45 18 0.958499 0.271978 0.0854811 -0.632773 -0.264956 0.960498 -0.0850962 0.463571 -0.105249 0.0589159 0.992699 -0.620241
9 46 0 1 0 0 0 0 1 0 0 0 0 1 0
9 47 0 1 0 0 0 0 1 0 0 0 0 1 0
9 48 0 1 0 0 0 0 1 0 0 0 0 1 0
9 49 0 1 0 0 0 0 1 0 0 0 0 1 0
9 50 0 1 0 0 0 0 1 0 0 0 0 1 0
9 51 0 1 0 0 0 0 1 0 0 0 0 1 0
9 52 0 1 0 0 0 0 1 0 0 0 0 1 0
9 53 0 1 0 0 0 0 1 0 0 0 0 1 0
9 54 0 1 0 0 0 0 1 0 0 0 0 1 0
9 55 0 1 0 0 0 0 1 0 0 0 0 1 0
9 56 0 1 0 0 0 0 1 0 0 0 0 1 0
9 57 0 1 0 0 0 0 1 0 0 0 0 1 0
9 58 0 1 0 0 0 0 1 0 0 0 0 1 0
9 59 0 1 0 0 0 0 1 0 0 0 0 1 0
9 60 0 1 0 0 0 0 1 0 0 0 0 1 0
9 61 0 1 0 0 0 0 1 0 0 0 0 1 0
9 62 0 1 0 0 0 0 1 0 0 0 0 1 0
9 63 0 1 0 0 0 0 1 0 0 0 0 1 0
9 64 0 1 0 0 0 0 1 0 0 0 0 1 0
9 65 0 1 0 0 0 0 1 0 0 0 0 1 0
9 66 0 1 0 0 0 0 1 0 0 0 0 1 0
9 67 0 1 0 0 0 0 1 0 0 0 0 1 0
10 11 191 0.996466 0.0208149 -0.0813747 0.989371 -0.0224149 0.999572 -0.018798 -0.0234035 0.0809486 0.0205556 0.996506 -0.143517
10 12 98 0.988266 0.0412968 -0.147054 0.991135 -0.0455436 0.998634 -0.0256287 0.0293898 0.145795 0.0320254 0.988796 -0.129564
10 13 30 0.99864 -0.0212169 0.0476227 0.0970572 0.023573 0.998497 -0.0494709 0.968814 -0.0465015 0.0505263 0.99764 -0.227989
10 14 15 0.995539 -0.0535831 0.0776567 -0.168056 0.0590707 0.995784 -0.0701802 -0.0942209 -0.0735688 0.0744543 0.994507 0.981264
10 15 20 0.986997 -0.119059 0.107992 -0.273289 0.112064 0.991323 0.0687075 -0.853751 -0.115236 -0.0557121 0.991775 0.443196
10 16 0 1 0 0 0 0 1 0 0 0 0 1 0
10 17 0 1 0 0 0 0 1 0 0 0 0 1 0
10 18 0 1 0 0 0 0 1 0 0 0 0 1 0
10 19 19 0.818993 0.261448 -0.510779 -0.19726 -0.249416 0.963877 0.0934514 -0.372873 0.516761 0.0508606 0.854618 0.906672
10 20 0 1 0 0 0 0 1 0 0 0 0 1 0
10 21 14 0.775741 0.171086 -0.607417 -0.401332 -0.178792 0.982693 0.0484484 0.408382 0.605193 0.0710181 0.792905 -0.819851
10 22 32 0.14855 0.279746 -0.948512 0.82032 -0.553676 0.818252 0.154615 0.128298 0.819375 0.502201 0.27644 0.557328
10 23 13 0.669091 0.326901 -0.667423 0.507469 -0.295495 0.941043 0.164686 0.225913 0.681909 0.08703 0.726241 -0.831528
10 24 0 1 0 0 0 0 1 0 0 0 0 1 0
10 25 0 1 0 0 0 0 1 0 0 0 0 1 0
10 26 0 1 0 0 0 0 1 0 0 0 0 1 0
10 27 0 1 0 0 0 0 1 0 0 0 0 1 0
10 28 0 1 0 0 0 0 1 0 0 0 0 1 0
10 29 0 1 0 0 0 0 1 0 0 0 0 1 0
10 30 0 1 0 0 0 0 1 0 0 0 0 1 0
10 31 0 1 0 0 0 0 1 0 0 0 0 1 0
10 32 0 1 0 0 0 0 1 0 0 0 0 1 0
10 33 0 1 0 0 0 0 1 0 0 0 0 1 0
10 34 0 1 0 0 0 0 1 0 0 0 0 1 0
10 35 0 1 0 0 0 0 1 0 0 0 0 1 0
10 36 0 1 0 0 0 0 1 0 0 0 0 1 0
10 37 0 1 0 0 0 0 1 0 0 0 0 1 0
10 38 0 1 0 0 0 0 1 0 0 0 0 1 0
10 39 0 1 0 0 0 0 1 0 0 0 0 1 0
10 40 0 1 0 0 0 0 1 0 0 0 0 1 0
10 41 0 1 0 0 0 0 1 0 0 0 0 1 0
10 42 0 1 0 0 0 0 1 0 0 0 0 1 0
10 43 0 1 0 0 0 0 1 0 0 0 0 1 0
10 44 0 1 0 0 0 0 1 0 0 0 0 1 0
10 45 0 1 0 0 0 0 1 0 0 0 0 1 0
10 46 0 1 0 0 0 0 1 0 0 0 0 1 0
10 47 0 1 0 0 0 0 1 0 0 0 0 1 0
10 48 0 1 0 0 0 0 1 0 0 0 0 1 0
10 49 0 1 0 0 0 0 1 0 0 0 0 1 0
10 50 0 1 0 0 0 0 1 0 0 0 0 1 0
10 51 0 1 0 0 0 0 1 0 0 0 0 1 0
10 52 0 1 0 0 0 0 1 0 0 0 0 1 0
10 53 0 1 0 0 0 0 1 0 0 0 0 1 0
10 54 0 1 0 0 0 0 1 0 0 0 0 1 0
10 55 0 1 0 0 0 0 1 0 0 0 0 1 0
10 56 0 1 0 0 0 0 1 0 0 0 0 1 0
10 57 0 1 0 0 0 0 1 0 0 0 0 1 0
10 58 0 1 0 0 0 0 1 0 0 0 0 1 0
10 59 0 1 0 0 0 0 1 0 0 0 0 1 0
10 60 0 1 0 0 0 0 1 0 0 0 0 1 0
10 61 0 1 0 0 0 0 1 0 0 0 0 1 0
10 62 0 1 0 0 0 0 1 0 0 0 0 1 0
10 63 0 1 0 0 0 0 1 0 0 0 0 1 0
10 64 0 1 0 0 0 0 1 0 0 0 0 1 0
10 65 0 1 0 0 0 0 1 0 0 0 0 1 0
10 66 0 1 0 0 0 0 1 0 0 0 0 1 0
10 67 0 1 0 0 0 0 1 0 0 0 0 1 0
11 12 80 0.999599 0.0268664 0.0089168 0.875703 -0.0268548 0.999638 -0.00142448 0.0366958 -0.00895185 0.00118445 0.999959 -0.481454
11 13 75 0.979626 0.0547011 -0.193237 0.990411 -0.0584272 0.998199 -0.0136326 0.0722225 0.192144 0.0246452 0.981057 -0.117773
11 14 47 0.996939 -0.0356175 0.0696037 0.091819 0.0503632 0.973467 -0.223214 0.992469 -0.0598066 0.226036 0.972281 0.0810825
11 15 12 0.97273 0.228788 0.0381149 -0.297201 -0.229203 0.973354 0.00685961 0.11172 -0.0355299 -0.0154086 0.99925 -0.948256
11 16 0 1 0 0 0 0 1 0 0 0 0 1 0
11 17 0 1 0 0 0 0 1 0 0 0 0 1 0
11 18 14 0.529152 -0.821045 -0.214204 0.471459 0.847479 0.523927 0.0853297 -0.27248 0.0421677 -0.226686 0.973055 0.838737
11 19 0 1 0 0 0 0 1 0 0 0 0 1 0
11 20 14 0.218738 -0.951011 -0.218476 -0.177055 -0.954065 -0.255415 0.156597 0.00644 -0.204727 0.174186 -0.963196 0.98418
11 21 32 0.790632 0.256561 -0.555947 0.852915 -0.244004 0.964787 0.0982275 0.180749 0.561571 0.0579915 0.825394 -0.489761
11 22 44 0.576346 0.306983 -0.757355 0.976075 -0.289461 0.943364 0.1621 0.0180998 0.764223 0.125799 0.632564 0.216679
11 23 34 0.668797 0.291789 -0.683791 0.992094 -0.239321 0.9553 0.173576 -0.0253368 0.703873 0.0475585 0.708732 -0.122909
11 24 31 0.638225 0.30132 -0.708432 0.985151 -0.248881 0.951563 0.180516 0.0745043 0.72851 0.0611054 0.682304 -0.154684
11 25 0 1 0 0 0 0 1 0 0 0 0 1 0
11 26 0 1 0 0 0 0 1 0 0 0 0 1 0
11 27 0 1 0 0 0 0 1 0 0 0 0 1 0
11 28 0 1 0 0 0 0 1 0 0 0 0 1 0
11 29 13 0.959048 -0.096667 -0.266237 0.0200572 -0.0723364 -0.99238 0.0997467 -0.273437 -0.273851 -0.0764032 -0.958733 0.961681
11 30 14 0.312185 0.843551 -0.436992 -0.148525 0.939918 -0.207346 0.271222 -0.236973 0.138181 -0.495408 -0.8576 0.960096
11 31 0 1 0 0 0 0 1 0 0 0 0 1 0
11 32 0 1 0 0 0 0 1 0 0 0 0 1 0
11 33 16 -0.535043 0.127476 -0.835152 0.244122 0.0277234 0.990667 0.133452 -0.233777 0.84437 0.0482494 -0.533584 0.941144
11 34 0 1 0 0 0 0 1 0 0 0 0 1 0
11 35 0 1 0 0 0 0 1 0 0 0 0 1 0
11 36 0 1 0 0 0 0 1 0 0 0 0 1 0
11 37 0 1 0 0 0 0 1 0 0 0 0 1 0
11 38 0 1 0 0 0 0 1 0 0 0 0 1 0
11 39 0 1 0 0 0 0 1 0 0 0 0 1 0
11 40 14 -0.902869 0.0615099 0.425492 -0.412958 0.254427 0.874235 0.413498 -0.31272 -0.346546 0.481591 -0.804969 0.855379
11 41 0 1 0 0 0 0 1 0 0 0 0 1 0
11 42 0 1 0 0 0 0 1 0 0 0 0 1 0
11 43 0 1 0 0 0 0 1 0 0 0 0 1 0
11 44 13 0.136149 0.95571 -0.260926 0.0591129 0.940987 -0.0423778 0.335778 -0.375459 0.309849 -0.291244 -0.90508 0.924952
11 45 0 1 0 0 0 0 1 0 0 0 0 1 0
11 46 0 1 0 0 0 0 1 0 0 0 0 1 0
11 47 0 1 0 0 0 0 1 0 0 0 0 1 0
11 48 0 1 0 0 0 0 1 0 0 0 0 1 0
11 49 0 1 0 0 0 0 1 0 0 0 0 1 0
11 50 0 1 0 0 0 0 1 0 0 0 0 1 0
11 51 0 1 0 0 0 0 1 0 0 0 0 1 0
11 52 0 1 0 0 0 0 1 0 0 0 0 1 0
11 53 0 1 0 0 0 0 1 0 0 0 0 1 0
11 54 0 1 0 0 0 0 1 0 0 0 0 1 0
11 55 0 1 0 0 0 0 1 0 0 0 0 1 0
11 56 0 1 0 0 0 0 1 0 0 0 0 1 0
11 57 0 1 0 0 0 0 1 0 0 0 0 1 0
11 58 0 1 0 0 0 0 1 0 0 0 0 1 0
11 59 0 1 0 0 0 0 1 0 0 0 0 1 0
11 60 0 1 0 0 0 0 1 0 0 0 0 1 0
11 61 0 1 0 0 0 0 1 0 0 0 0 1 0
11 62 0 1 0 0 0 0 1 0 0 0 0 1 0
11 63 0 1 0 0 0 0 1 0 0 0 0 1 0
11 64 0 1 0 0 0 0 1 0 0 0 0 1 0
11 65 0 1 0 0 0 0 1 0 0 0 0 1 0
11 66 0 1 0 0 0 0 1 0 0 0 0 1 0
11 67 0 1 0 0 0 0 1 0 0 0 0 1 0
