0 1 778 0.999852 -0.0116072 0.0127057 -0.686644 0.0118122 0.999799 -0.0161802 0.185121 -0.0125153 0.0163279 0.999788 -0.70303
0 2 460 0.993576 0.0421267 -0.10503 0.9777 -0.0469756 0.997921 -0.044128 0.116717 0.102953 0.0487783 0.99349 -0.174585
0 3 287 0.985257 0.0537318 -0.162425 0.981523 -0.0547042 0.998501 -0.00151676 0.0720958 0.1621 0.0103797 0.98672 -0.177245
0 4 46 0.998694 0.0476775 -0.0183525 0.409455 -0.0475469 0.998841 0.00748358 0.185137 0.0186881 -0.0066012 0.999804 -0.893348
0 5 37 0.716526 -0.0232132 -0.697174 0.92899 -0.192402 0.9541 -0.22951 0.283351 0.670502 0.298587 0.679171 0.238095
0 6 23 0.930456 0.361168 -0.0617166 0.315043 -0.365182 0.927845 -0.0758012 0.27911 0.0298865 0.0930675 0.995211 -0.907109
0 7 37 -0.904268 0.108405 -0.412974 0.395282 -0.0919753 0.895066 0.436346 -0.227642 0.416941 0.432558 -0.799408 0.889905
0 8 21 0.605091 0.773156 -0.189984 0.0999413 -0.783762 0.620405 0.0285461 0.158584 0.139938 0.131629 0.981372 0.982274
0 9 24 -0.498766 -0.577065 -0.646705 0.403805 -0.861382 0.247216 0.443739 -0.240019 -0.0961904 0.778383 -0.620377 0.882798
0 10 27 0.967015 -0.250134 -0.0481042 -0.162582 -0.247287 -0.876626 -0.412766 0.321141 0.0610774 0.411046 -0.909566 0.932971
0 11 20 0.839697 -0.45727 0.292939 -0.227421 -0.328283 -0.857127 -0.396942 0.206392 0.432596 0.237144 -0.869841 0.951673
0 12 33 -0.680791 -0.71442 0.16164 -0.117405 -0.681148 0.69863 0.218983 0.0169321 -0.269372 0.0389805 -0.962247 0.99294
0 13 17 -0.948599 -0.314883 -0.0317486 0.283982 0.294441 -0.841312 -0.453319 0.282236 0.116032 -0.439367 0.890783 -0.91635
0 14 37 -0.762111 -0.640214 0.0965032 -0.0849556 -0.629871 0.767634 0.118325 0.104823 -0.149832 0.029392 -0.988274 0.990855
0 15 35 -0.546391 0.422038 0.723423 -0.454482 0.765666 0.601764 0.227233 -0.187779 -0.339429 0.678059 -0.651939 0.870738
0 16 0 1 0 0 0 0 1 0 0 0 0 1 0
0 17 0 1 0 0 0 0 1 0 0 0 0 1 0
0 18 0 1 0 0 0 0 1 0 0 0 0 1 0
0 19 46 0.490796 -0.774299 0.399476 -0.268913 -0.866549 -0.48149 0.131376 -0.224432 0.0906196 -0.410644 -0.907282 0.936652
0 20 16 -0.544926 0.76691 0.338976 -0.331513 0.804508 0.59213 -0.0463545 -0.131976 -0.236268 0.247449 -0.939652 0.934174
0 21 0 1 0 0 0 0 1 0 0 0 0 1 0
0 22 15 0.995685 -0.0131815 0.0918554 0.361153 0.0405746 0.952065 -0.303193 -0.128527 -0.0834558 0.305612 0.948492 0.923607
0 23 0 1 0 0 0 0 1 0 0 0 0 1 0
0 24 0 1 0 0 0 0 1 0 0 0 0 1 0
0 25 13 -0.0749095 0.996587 -0.0346785 -0.207539 0.987982 0.0694577 -0.138086 -0.314081 -0.135206 -0.0446057 -0.989813 0.926434
0 26 11 -0.80636 -0.560549 0.188594 0.248355 0.428583 -0.773576 -0.466795 -0.216066 0.407553 -0.295576 0.864023 0.944264
0 27 20 -0.17647 0.973849 -0.143098 0.394984 -0.983276 -0.181062 -0.0196225 0.314416 -0.045019 0.137242 0.989514 -0.863209
0 28 25 0.881149 -0.4051 -0.243868 -0.455327 0.426847 0.903363 0.0416773 -0.24308 0.203418 -0.140818 0.968913 0.856498
0 29 18 -0.996257 -0.0555785 0.0662062 -0.0889242 -0.0378782 0.969139 0.243586 -0.12028 -0.0777012 0.240166 -0.967617 0.988749
0 30 11 -0.171245 -0.965703 -0.195173 0.144152 0.892494 -0.0681488 -0.445881 -0.0422668 0.417288 -0.250545 0.873555 -0.988652
0 31 0 1 0 0 0 0 1 0 0 0 0 1 0
0 32 11 0.964906 -0.206578 0.162119 0.0640782 0.189591 0.975197 0.114216 -0.309317 -0.181693 -0.0794712 0.980139 -0.948798
0 33 0 1 0 0 0 0 1 0 0 0 0 1 0
0 34 23 0.960052 0.269105 -0.0766946 0.533657 -0.271169 0.962369 -0.0177115 -0.0396343 0.0690422 0.0378012 0.996897 -0.844772
0 35 26 0.127777 -0.971836 -0.198012 0.318288 -0.905205 -0.195861 0.37715 -0.29466 -0.405311 0.13105 -0.904737 0.901037
0 36 12 -0.863527 0.33341 -0.378364 -0.0736473 0.372584 0.927408 -0.0331147 0.244919 0.339856 -0.169568 -0.925065 0.966742
0 37 0 1 0 0 0 0 1 0 0 0 0 1 0
0 38 31 0.618689 -0.454903 0.640536 -0.207096 -0.777998 -0.241347 0.58006 -0.140456 -0.10928 -0.857213 -0.503233 0.968186
0 39 22 -0.454413 -0.555379 0.696464 -0.320951 -0.816362 0.572504 -0.0761117 0.0393379 -0.356458 -0.603153 -0.713544 0.946278
0 40 48 -0.594248 -0.765211 0.247629 -0.204951 -0.676102 0.642032 0.361498 -0.168134 -0.435609 0.0473969 -0.898887 0.964223
0 41 11 0.90482 -0.0355581 -0.424306 0.23966 0.092158 0.98924 0.113623 0.00599257 0.415701 -0.141911 0.898362 -0.970838
0 42 19 0.263601 -0.806026 0.52994 -0.159141 -0.9429 -0.0993432 0.317915 0.00058562 -0.203602 -0.583484 -0.786189 0.987256
0 43 0 1 0 0 0 0 1 0 0 0 0 1 0
0 44 16 -0.768893 -0.528846 -0.35934 0.163039 -0.513414 0.845636 -0.145964 0.0219734 0.381063 0.0722593 -0.921721 0.986375
0 45 0 1 0 0 0 0 1 0 0 0 0 1 0
0 46 0 1 0 0 0 0 1 0 0 0 0 1 0
0 47 0 1 0 0 0 0 1 0 0 0 0 1 0
0 48 0 1 0 0 0 0 1 0 0 0 0 1 0
0 49 16 -0.96129 0.128534 0.24372 -0.395748 -0.217321 -0.897454 -0.38386 0.0775915 0.169389 -0.421966 0.890647 -0.915075
0 50 0 1 0 0 0 0 1 0 0 0 0 1 0
0 51 0 1 0 0 0 0 1 0 0 0 0 1 0
0 52 18 0.204599 -0.958313 0.199437 -0.0207483 -0.926741 -0.255234 -0.275694 0.329366 0.315104 -0.128419 -0.940329 0.943974
0 53 0 1 0 0 0 0 1 0 0 0 0 1 0
0 54 0 1 0 0 0 0 1 0 0 0 0 1 0
0 55 0 1 0 0 0 0 1 0 0 0 0 1 0
0 56 22 0.70426 -0.601785 -0.37666 0.364501 -0.689368 -0.706469 -0.160229 -0.160743 -0.169675 0.3725 -0.912389 0.917224
0 57 0 1 0 0 0 0 1 0 0 0 0 1 0
0 58 0 1 0 0 0 0 1 0 0 0 0 1 0
0 59 20 0.757103 -0.36087 0.54458 0.391208 0.320715 0.931536 0.171415 -0.16581 -0.569154 0.0448759 0.821005 0.905242
0 60 0 1 0 0 0 0 1 0 0 0 0 1 0
0 61 0 1 0 0 0 0 1 0 0 0 0 1 0
0 62 0 1 0 0 0 0 1 0 0 0 0 1 0
0 63 0 1 0 0 0 0 1 0 0 0 0 1 0
0 64 0 1 0 0 0 0 1 0 0 0 0 1 0
0 65 0 1 0 0 0 0 1 0 0 0 0 1 0
0 66 0 1 0 0 0 0 1 0 0 0 0 1 0
0 67 0 1 0 0 0 0 1 0 0 0 0 1 0
1 2 693 0.996978 0.0378472 -0.0678421 0.844677 -0.0394071 0.998985 -0.0218042 0.125716 0.0669481 0.0244118 0.997458 -0.520304
1 3 444 0.985811 0.0496976 -0.16033 0.959355 -0.0476507 0.998726 0.016589 0.0631009 0.160951 -0.00871373 0.986924 -0.275055
1 4 237 0.973301 0.0967394 -0.20815 0.981063 -0.0926998 0.995269 0.0290987 0.0491421 0.20998 -0.0090263 0.977664 -0.187352
1 5 97 0.958824 0.105627 -0.263627 0.986472 -0.104151 0.994368 0.0196086 0.0387887 0.264214 0.00865591 0.964425 -0.159276
1 6 45 0.988364 -0.0336908 0.148326 -0.339143 0.0259702 0.99822 0.0536843 -0.121305 -0.149871 -0.0492076 0.98748 -0.932881
1 7 139 0.769457 0.35516 -0.530845 0.371522 0.627346 -0.264262 0.732532 -0.283312 0.119884 -0.896676 -0.426146 0.884142
1 8 28 0.907311 0.410353 0.0916309 -0.429982 -0.402252 0.910595 -0.0949223 0.312098 -0.12239 0.0492654 0.991259 -0.847178
1 9 0 1 0 0 0 0 1 0 0 0 0 1 0
1 10 32 0.738098 -0.153247 0.657059 0.305933 0.17327 0.984255 0.0349199 -0.251258 -0.652065 0.088074 0.75303 0.9183
1 11 60 0.995993 0.0819154 -0.035883 0.339035 0.0816054 -0.996614 -0.010022 -0.152829 -0.0365824 0.00705358 -0.999306 0.928277
1 12 27 -0.137178 -0.792236 -0.594596 0.327017 -0.882528 -0.174833 0.436552 -0.168221 -0.449808 0.584633 -0.675187 0.929925
1 13 39 -0.70026 0.506976 -0.502605 0.40004 0.322208 0.852701 0.411196 -0.357423 0.637039 0.126001 -0.760464 0.843929
1 14 11 -0.234425 0.971425 0.0371276 -0.0758594 -0.935219 -0.235783 0.264143 0.108915 0.265349 0.0271991 0.963769 0.991152
1 15 0 1 0 0 0 0 1 0 0 0 0 1 0
1 16 0 1 0 0 0 0 1 0 0 0 0 1 0
1 17 22 -0.19948 0.309665 0.929685 -0.555472 0.448572 0.872365 -0.194324 -0.0176355 -0.871201 0.378268 -0.312927 0.831348
1 18 32 -0.449095 -0.664951 0.596786 -0.430369 -0.773057 0.624078 0.113619 -0.0110596 -0.447993 -0.410324 -0.794315 0.902585
1 19 14 -0.182316 0.973987 0.134575 0.080181 0.983123 0.182687 0.00968753 -0.172441 -0.0151495 0.13407 -0.990856 0.981751
1 20 26 -0.788384 0.097194 0.607456 -0.20081 0.296438 0.925259 0.236688 -0.214928 -0.53905 0.366674 -0.758271 0.955762
1 21 21 -0.969013 0.235402 0.0748319 0.36456 -0.246986 -0.927578 -0.280351 0.212323 0.00341723 -0.290146 0.956976 -0.906651
1 22 23 0.629338 0.476407 -0.613979 0.325426 0.575609 -0.816563 -0.0435899 -0.25066 -0.522119 -0.325979 -0.788118 0.911738
1 23 20 -0.27919 -0.29531 0.913698 -0.370571 0.158126 0.924406 0.347088 -0.321345 -0.947127 0.241383 -0.211389 0.871444
1 24 0 1 0 0 0 0 1 0 0 0 0 1 0
1 25 0 1 0 0 0 0 1 0 0 0 0 1 0
1 26 21 0.505561 0.345491 0.790597 -0.604731 -0.0755903 -0.895066 0.439481 -0.381217 0.859473 -0.281946 -0.426394 0.699266
1 27 32 -0.0782754 0.952535 -0.294195 -0.122167 -0.958587 -0.15297 -0.240232 0.0325862 -0.273832 0.263207 0.925061 0.991974
1 28 37 0.856645 -0.0897464 0.50804 -0.447023 -0.471345 -0.53651 0.699994 -0.290581 0.209747 -0.839108 -0.5019 0.84601
1 29 0 1 0 0 0 0 1 0 0 0 0 1 0
1 30 11 -0.505381 -0.289533 -0.812872 0.365634 -0.391059 0.916584 -0.0833441 -0.0208453 0.769197 0.275761 -0.576448 0.930525
1 31 0 1 0 0 0 0 1 0 0 0 0 1 0
1 32 0 1 0 0 0 0 1 0 0 0 0 1 0
1 33 23 0.0495664 0.618261 -0.784408 0.66597 -0.486435 0.700875 0.521684 -0.313019 0.872309 0.355706 0.335484 0.677129
1 34 20 -0.662048 -0.715708 0.222387 0.276918 -0.739246 0.672439 -0.036631 -0.010432 -0.123324 -0.18865 -0.97427 0.960837
1 35 21 -0.720558 -0.111683 0.684342 0.292552 -0.174806 -0.925808 -0.335146 -0.0254979 0.670999 -0.36112 0.647575 0.95591
1 36 0 1 0 0 0 0 1 0 0 0 0 1 0
1 37 0 1 0 0 0 0 1 0 0 0 0 1 0
1 38 12 0.874444 0.476923 -0.0888423 0.0239869 -0.415607 0.830927 0.369908 0.161651 0.250239 -0.28654 0.924811 0.986556
1 39 0 1 0 0 0 0 1 0 0 0 0 1 0
1 40 32 0.988474 0.0863118 0.12438 -0.00209654 -0.0659426 -0.494072 0.866916 -0.229976 0.136278 -0.865126 -0.482686 0.973194
1 41 0 1 0 0 0 0 1 0 0 0 0 1 0
1 42 17 -0.866999 -0.449346 -0.215409 -0.0705468 -0.483675 0.654851 0.580714 0.26708 -0.119881 0.607667 -0.785092 0.961089
1 43 0 1 0 0 0 0 1 0 0 0 0 1 0
1 44 0 1 0 0 0 0 1 0 0 0 0 1 0
1 45 0 1 0 0 0 0 1 0 0 0 0 1 0
1 46 0 1 0 0 0 0 1 0 0 0 0 1 0
1 47 0 1 0 0 0 0 1 0 0 0 0 1 0
1 48 0 1 0 0 0 0 1 0 0 0 0 1 0
1 49 0 1 0 0 0 0 1 0 0 0 0 1 0
1 50 16 -0.621877 -0.621657 0.476247 0.22934 0.485728 -0.783225 -0.388106 -0.0722203 0.614278 -0.0100276 0.789026 0.970663
1 51 22 0.78237 0.168246 -0.599659 0.331373 -0.363334 -0.658712 -0.658853 -0.131684 -0.505852 0.733343 -0.454227 0.934265
1 52 0 1 0 0 0 0 1 0 0 0 0 1 0
1 53 0 1 0 0 0 0 1 0 0 0 0 1 0
1 54 0 1 0 0 0 0 1 0 0 0 0 1 0
1 55 0 1 0 0 0 0 1 0 0 0 0 1 0
1 56 0 1 0 0 0 0 1 0 0 0 0 1 0
1 57 0 1 0 0 0 0 1 0 0 0 0 1 0
1 58 0 1 0 0 0 0 1 0 0 0 0 1 0
1 59 0 1 0 0 0 0 1 0 0 0 0 1 0
1 60 0 1 0 0 0 0 1 0 0 0 0 1 0
1 61 0 1 0 0 0 0 1 0 0 0 0 1 0
1 62 0 1 0 0 0 0 1 0 0 0 0 1 0
1 63 0 1 0 0 0 0 1 0 0 0 0 1 0
1 64 0 1 0 0 0 0 1 0 0 0 0 1 0
1 65 0 1 0 0 0 0 1 0 0 0 0 1 0
1 66 0 1 0 0 0 0 1 0 0 0 0 1 0
1 67 10 -0.941984 0.228935 -0.245471 0.219029 -0.186363 -0.964948 -0.184784 0.119608 -0.27917 -0.128317 0.95163 -0.968359
2 3 503 0.996993 0.0137295 -0.0762628 0.968343 -0.0113469 0.999437 0.0315875 0.239834 0.0766536 -0.0306272 0.996587 -0.0692262
2 4 62 0.993843 0.0576146 -0.0946414 -0.996994 -0.0533759 0.997481 0.0467266 -0.0524423 0.0970951 -0.0413874 0.994414 0.057029
2 5 88 0.990398 0.0221583 0.136458 -0.978418 -0.0286104 0.998554 0.0455041 -0.000518383 -0.135253 -0.0489713 0.9896 -0.206635
2 6 31 0.992457 0.0100206 0.122181 -0.0942015 -0.0181847 0.997661 0.0658888 0.24391 -0.121235 -0.0676136 0.990318 -0.965212
2 7 30 0.170192 -0.447427 0.877977 0.294561 -0.866695 0.356004 0.349429 -0.294694 -0.468908 -0.820408 -0.327194 0.909059
2 8 29 -0.403178 -0.894719 -0.19216 0.32048 -0.914943 0.389961 0.103974 -0.324963 -0.0180925 0.217735 -0.97584 0.889771
2 9 0 1 0 0 0 0 1 0 0 0 0 1 0
2 10 34 0.939821 0.341535 -0.0095347 0.50295 -0.340288 0.938165 0.0636473 0.154789 0.0306829 -0.0565725 0.997927 -0.850342
2 11 21 0.9066 0.328448 -0.264948 -0.291673 -0.325847 0.943819 0.0550399 -0.146634 0.26814 0.0364333 0.962691 0.945212
2 12 25 0.716449 -0.569033 0.403612 0.317429 0.65134 0.752842 -0.0947933 -0.171818 -0.249916 0.330803 0.910006 0.932586
2 13 33 -0.240432 0.95711 0.161659 -0.206231 0.776656 0.0897908 0.623493 -0.39029 0.582236 0.275461 -0.764933 0.897297
2 14 25 0.798521 0.597161 -0.0759222 -0.169548 0.554342 -0.77864 -0.29398 -0.192004 -0.23467 0.192663 -0.952791 0.966637
2 15 55 0.277237 0.0300242 -0.960332 0.452936 -0.543838 0.828889 -0.131085 0.258021 0.792073 0.558607 0.246127 0.85339
2 16 0 1 0 0 0 0 1 0 0 0 0 1 0
2 17 30 -0.883432 -0.232295 0.406924 -0.19541 -0.139125 0.959335 0.245602 -0.0661667 -0.447428 0.160359 -0.879826 0.978487
2 18 26 -0.497907 -0.866812 -0.0269498 -0.215066 -0.82891 0.46654 0.308623 -0.00679184 -0.254945 0.176004 -0.950803 0.976576
2 19 19 0.743147 0.487449 0.458396 -0.272759 0.583087 -0.807815 -0.0862808 -0.22914 0.328241 0.331404 -0.88455 0.934397
2 20 18 -0.244821 0.864977 0.438039 -0.202588 0.919665 0.350244 -0.177609 -0.192546 -0.307049 0.359367 -0.881236 0.960148
2 21 18 0.173208 -0.890675 -0.420354 0.15695 -0.868427 -0.339445 0.361403 -0.248952 -0.46458 0.302449 -0.83228 0.955714
2 22 0 1 0 0 0 0 1 0 0 0 0 1 0
2 23 0 1 0 0 0 0 1 0 0 0 0 1 0
2 24 0 1 0 0 0 0 1 0 0 0 0 1 0
2 25 27 -0.0468291 0.758346 0.650168 -0.346278 0.990338 0.1203 -0.0689863 -0.22647 -0.130531 0.640655 -0.756652 0.910386
2 26 18 0.760642 0.64711 0.0517036 -0.11543 0.642157 -0.761709 0.0862179 -0.183383 0.0951755 -0.0323791 -0.994934 0.976241
2 27 47 -0.782968 -0.301317 0.544214 -0.379378 -0.326165 0.943809 0.0533045 -0.302458 -0.529695 -0.135768 -0.837252 0.874409
2 28 30 0.653189 0.359539 0.666391 -0.393302 0.0623326 -0.902623 0.425895 -0.229978 0.754625 -0.236652 -0.611994 0.890182
2 29 0 1 0 0 0 0 1 0 0 0 0 1 0
2 30 0 1 0 0 0 0 1 0 0 0 0 1 0
2 31 23 -0.568428 -0.250655 0.783621 0.389539 0.133576 -0.96794 -0.212719 0.028829 0.811817 -0.0162421 0.583686 0.920559
2 32 47 0.681876 0.14012 0.717922 0.123448 -0.0331064 0.986387 -0.161074 -0.101416 -0.730718 0.0860646 0.677232 0.987155
2 33 0 1 0 0 0 0 1 0 0 0 0 1 0
2 34 0 1 0 0 0 0 1 0 0 0 0 1 0
2 35 24 0.883292 -0.379897 0.274723 0.294237 0.384432 0.922313 0.0393806 -0.0276395 -0.268341 0.0708275 0.960717 0.955333
2 36 14 -0.459305 -0.888274 0.00268444 -0.121511 0.846291 -0.438511 -0.302489 -0.213977 0.26987 -0.136663 0.953149 0.969252
2 37 0 1 0 0 0 0 1 0 0 0 0 1 0
2 38 0 1 0 0 0 0 1 0 0 0 0 1 0
2 39 0 1 0 0 0 0 1 0 0 0 0 1 0
2 40 30 0.972227 0.112905 0.205007 -0.0646418 0.0124858 -0.899716 0.436296 -0.212072 0.233708 -0.421619 -0.876138 0.975114
2 41 0 1 0 0 0 0 1 0 0 0 0 1 0
2 42 25 -0.817509 0.424257 -0.389467 -0.0705468 0.183485 0.832887 0.522143 0.26708 0.545904 0.355396 -0.758737 0.961089
2 43 0 1 0 0 0 0 1 0 0 0 0 1 0
2 44 26 -0.494208 0.637547 0.591009 -0.390854 0.859767 0.459075 0.223722 -0.0732188 -0.128685 0.618695 -0.775021 0.917536
2 45 0 1 0 0 0 0 1 0 0 0 0 1 0
2 46 0 1 0 0 0 0 1 0 0 0 0 1 0
2 47 0 1 0 0 0 0 1 0 0 0 0 1 0
2 48 0 1 0 0 0 0 1 0 0 0 0 1 0
2 49 21 -0.360635 -0.920115 0.152746 0.201757 -0.888807 0.289371 -0.355368 0.10789 0.282779 -0.26392 -0.922162 0.973475
2 50 0 1 0 0 0 0 1 0 0 0 0 1 0
2 51 0 1 0 0 0 0 1 0 0 0 0 1 0
2 52 13 -0.287052 0.947909 0.138093 0.173001 -0.953012 -0.297167 0.0588219 0.245201 0.0967943 -0.114719 0.988671 -0.953912
2 53 0 1 0 0 0 0 1 0 0 0 0 1 0
2 54 0 1 0 0 0 0 1 0 0 0 0 1 0
2 55 0 1 0 0 0 0 1 0 0 0 0 1 0
2 56 0 1 0 0 0 0 1 0 0 0 0 1 0
2 57 12 0.0930781 -0.995644 -0.00543263 0.173491 0.990567 0.0920496 0.101508 0.126077 -0.100565 -0.0148295 0.99482 -0.976732
2 58 0 1 0 0 0 0 1 0 0 0 0 1 0
2 59 12 -0.111095 0.624076 -0.773425 0.400576 0.983849 -0.0408443 -0.174277 -0.119704 -0.140352 -0.780295 -0.609459 0.908411
2 60 0 1 0 0 0 0 1 0 0 0 0 1 0
2 61 0 1 0 0 0 0 1 0 0 0 0 1 0
2 62 11 -0.860998 -0.0669957 0.504176 0.137647 -0.0838555 -0.959022 -0.270639 -0.189525 0.501647 -0.275298 0.820098 0.97218
2 63 0 1 0 0 0 0 1 0 0 0 0 1 0
2 64 0 1 0 0 0 0 1 0 0 0 0 1 0
2 65 0 1 0 0 0 0 1 0 0 0 0 1 0
2 66 0 1 0 0 0 0 1 0 0 0 0 1 0
2 67 0 1 0 0 0 0 1 0 0 0 0 1 0
3 4 111 0.997676 0.0489989 -0.0473455 0.992901 -0.0487229 0.998788 0.00696604 0.045132 0.0476294 -0.00464305 0.998854 -0.110048
3 5 198 0.987809 0.0597417 -0.143751 0.993373 -0.060963 0.998132 -0.00410244 0.0217304 0.143238 0.0128159 0.989605 -0.112858
3 6 60 0.603194 0.583067 -0.544234 0.339614 0.796102 -0.481855 0.366112 -0.209481 -0.048774 -0.654102 -0.754832 0.91694
3 7 0 1 0 0 0 0 1 0 0 0 0 1 0
3 8 20 0.889654 0.425791 -0.164977 0.303739 -0.400336 0.901072 0.166735 -0.342329 0.219651 -0.0822904 0.972102 0.889131
3 9 37 -0.282912 0.68572 -0.670633 0.406307 0.799018 0.555287 0.230708 -0.224533 0.530595 -0.470578 -0.705 0.88572
3 10 44 0.296319 0.935348 -0.19318 0.298467 0.942747 -0.254033 0.21609 -0.345201 0.153045 -0.246151 -0.957072 0.889806
3 11 0 1 0 0 0 0 1 0 0 0 0 1 0
3 12 33 0.34904 -0.877735 -0.328257 0.337148 -0.606951 0.0551417 -0.792824 -0.163689 0.71399 0.475963 -0.513495 0.927112
3 13 0 1 0 0 0 0 1 0 0 0 0 1 0
3 14 21 -0.52393 -0.845087 -0.106417 -0.045523 -0.609289 0.45915 -0.646489 0.188165 0.595201 -0.273876 -0.755465 0.981082
3 15 75 0.71538 0.231562 -0.65925 0.922097 -0.257451 0.964464 0.0593977 -0.283431 0.649577 0.127232 0.749574 -0.263446
3 16 25 0.732543 0.217709 -0.644967 0.442418 -0.231831 0.970627 0.0643251 0.127153 0.640027 0.102403 0.761498 -0.887749
3 17 43 -0.857456 0.496502 -0.135112 0.182495 0.438258 0.842277 0.313847 -0.299663 0.269627 0.209896 -0.939811 0.936428
3 18 17 0.655522 0.344016 -0.672268 -0.422793 -0.353921 0.926346 0.128929 -0.0841884 0.667106 0.153414 0.728995 0.902307
3 19 20 0.681876 0.234822 0.692751 -0.418134 0.293962 -0.955197 0.0344357 -0.301897 0.6698 0.180162 -0.720354 0.856751
3 20 30 0.0818055 -0.995223 0.0532793 -0.231078 0.992991 0.076813 -0.0898297 -0.230072 0.085308 0.0602544 0.994531 0.945341
3 21 20 0.992356 -0.0821712 0.0920701 0.105712 -0.108703 -0.935226 0.336952 -0.281264 0.0584186 -0.344385 -0.937009 0.95379
3 22 18 -0.802145 -0.482819 0.351354 -0.150382 -0.526935 0.849136 -0.0361454 -0.228615 -0.280896 -0.214135 -0.935545 0.961832
3 23 0 1 0 0 0 0 1 0 0 0 0 1 0
3 24 0 1 0 0 0 0 1 0 0 0 0 1 0
3 25 11 0.00692161 -0.416169 -0.909261 -0.364368 -0.898687 -0.401352 0.176858 -0.220088 -0.438536 0.815917 -0.376783 0.904874
3 26 19 0.65333 -0.692974 -0.304873 -0.11543 0.676941 0.715029 -0.174598 -0.183383 0.338984 -0.092311 0.936252 0.976241
3 27 64 0.304073 0.815051 -0.493184 -0.0662405 0.911769 -0.0989635 0.398602 -0.268086 0.276074 -0.570874 -0.773231 0.961115
3 28 21 0.963568 -0.155815 0.21739 -0.243272 -0.186526 -0.973989 0.128659 -0.106564 0.191688 -0.16452 -0.967568 0.964086
3 29 19 0.150725 0.489828 -0.858691 -0.0351742 -0.32214 0.845539 0.425781 -0.243198 0.934616 0.212443 0.285237 0.969339
3 30 0 1 0 0 0 0 1 0 0 0 0 1 0
3 31 0 1 0 0 0 0 1 0 0 0 0 1 0
3 32 14 -0.911059 -0.111399 0.396941 -0.38941 0.245568 -0.920003 0.305437 0.00258187 0.331161 0.375747 0.865532 -0.921061
3 33 0 1 0 0 0 0 1 0 0 0 0 1 0
3 34 0 1 0 0 0 0 1 0 0 0 0 1 0
3 35 13 0.579358 -0.52975 0.619442 0.329723 0.72148 0.686903 -0.08735 -0.0139036 -0.379223 0.497522 0.780168 0.943975
3 36 0 1 0 0 0 0 1 0 0 0 0 1 0
3 37 16 0.0637009 0.982709 0.173853 -0.136163 -0.961185 0.013554 0.27557 -0.206499 0.268449 -0.184659 0.945429 0.968926
3 38 0 1 0 0 0 0 1 0 0 0 0 1 0
3 39 21 -0.0297151 -0.996269 -0.0810263 -0.0169166 -0.940141 0.000324948 0.340786 -0.0185401 -0.339488 0.0863026 -0.936643 0.999685
3 40 19 -0.623652 -0.616318 0.480843 -0.375154 0.62959 -0.76062 -0.158345 0.451236 0.46333 0.203981 0.86239 -0.80972
3 41 0 1 0 0 0 0 1 0 0 0 0 1 0
3 42 22 -0.0472695 0.892496 -0.448571 -0.0703411 -0.65051 0.313285 0.691874 0.266751 0.758025 0.324505 0.565769 0.961195
3 43 14 -0.447646 -0.894211 -0.000573541 -0.177746 0.75783 -0.379713 0.530576 0.286998 -0.474665 0.237075 0.847637 0.941296
3 44 11 0.982365 -0.158669 0.098909 -0.378149 0.154731 0.986869 0.0463424 -0.0558685 -0.104963 -0.0302209 0.994017 0.924057
3 45 0 1 0 0 0 0 1 0 0 0 0 1 0
3 46 0 1 0 0 0 0 1 0 0 0 0 1 0
3 47 0 1 0 0 0 0 1 0 0 0 0 1 0
3 48 0 1 0 0 0 0 1 0 0 0 0 1 0
3 49 11 0.182141 0.964272 0.192366 0.46647 -0.895859 0.243381 -0.371757 -0.231673 -0.405293 -0.10462 0.908181 0.853659
3 50 0 1 0 0 0 0 1 0 0 0 0 1 0
3 51 0 1 0 0 0 0 1 0 0 0 0 1 0
3 52 0 1 0 0 0 0 1 0 0 0 0 1 0
3 53 0 1 0 0 0 0 1 0 0 0 0 1 0
3 54 0 1 0 0 0 0 1 0 0 0 0 1 0
3 55 0 1 0 0 0 0 1 0 0 0 0 1 0
3 56 33 -0.988143 0.0248859 -0.151504 0.279457 -0.0284945 -0.999359 0.0216938 -0.157886 -0.150867 0.0257536 0.988219 0.947088
3 57 24 -0.996633 0.0745969 0.0340345 0.584066 -0.0784597 -0.988191 -0.131618 -0.163144 0.0238143 -0.133845 0.990716 0.795142
3 58 20 -0.719059 0.694121 -0.0339163 0.308855 -0.680385 -0.71309 -0.169054 -0.16981 -0.141529 -0.0984836 0.985023 0.935828
3 59 0 1 0 0 0 0 1 0 0 0 0 1 0
3 60 0 1 0 0 0 0 1 0 0 0 0 1 0
3 61 0 1 0 0 0 0 1 0 0 0 0 1 0
3 62 0 1 0 0 0 0 1 0 0 0 0 1 0
3 63 0 1 0 0 0 0 1 0 0 0 0 1 0
3 64 0 1 0 0 0 0 1 0 0 0 0 1 0
3 65 0 1 0 0 0 0 1 0 0 0 0 1 0
3 66 0 1 0 0 0 0 1 0 0 0 0 1 0
3 67 0 1 0 0 0 0 1 0 0 0 0 1 0
4 5 395 0.998589 0.00363486 -0.0529745 0.926775 -0.00414005 0.999947 -0.00943 0.0426405 0.0529374 0.00963601 0.998551 -0.373189
4 6 82 0.997961 0.032981 -0.0546391 0.921029 -0.0323461 0.999399 0.0124635 0.118919 0.0550173 -0.0106708 0.998428 -0.370897
4 7 76 0.993773 0.031752 -0.106808 0.310293 -0.032322 0.999471 -0.00361001 -0.24915 0.106637 0.00703978 0.994273 0.917411
4 8 36 0.912367 0.183168 -0.36611 0.756318 -0.0855064 0.959857 0.267139 -0.621716 0.400344 -0.212424 0.891404 0.203601
4 9 51 0.290172 -0.875228 -0.387008 0.392619 -0.502168 -0.483516 0.716966 -0.244636 -0.814634 -0.0137001 -0.579814 0.886569
4 10 30 -0.172082 -0.981338 0.0858138 0.157627 -0.958212 0.146544 -0.245673 0.176523 0.228512 -0.124504 -0.965547 0.971593
4 11 25 -0.166549 0.880171 -0.444478 0.205288 0.710819 0.419582 0.564524 -0.285628 0.683373 -0.221922 -0.695523 0.936095
4 12 26 -0.626354 0.50115 -0.597101 0.340613 0.303244 0.862277 0.405613 -0.197525 0.718139 0.0729902 -0.692061 0.919221
4 13 0 1 0 0 0 0 1 0 0 0 0 1 0
4 14 20 0.270704 -0.881539 -0.386792 0.346438 -0.825447 -0.4193 0.377922 -0.171383 -0.495335 0.216972 -0.84117 0.922284
4 15 34 0.881504 -0.0910054 -0.463323 -0.223668 0.0989823 0.995064 -0.00712869 -0.206695 0.461684 -0.0395768 0.886161 -0.952497
4 16 140 0.55987 0.278557 -0.780353 0.791577 -0.115504 0.958838 0.2594 -0.593687 0.82049 -0.0550964 0.568999 0.144713
4 17 131 0.740841 0.203741 -0.640034 0.774808 -0.194648 0.977119 0.0857395 -0.0124611 0.642858 0.0610618 0.763547 -0.632074
4 18 59 0.716675 0.232027 -0.657677 0.352605 -0.245468 0.966612 0.0735315 0.246077 0.65278 0.10874 0.749702 -0.902838
4 19 15 -0.983443 0.131893 0.124271 0.0342147 0.170976 0.902581 0.395113 -0.243747 -0.0600525 0.409819 -0.910188 0.969235
4 20 0 1 0 0 0 0 1 0 0 0 0 1 0
4 21 41 0.176671 -0.873763 -0.453129 0.169428 -0.81282 -0.389141 0.433466 -0.260974 -0.555078 0.291731 -0.778962 0.950361
4 22 0 1 0 0 0 0 1 0 0 0 0 1 0
4 23 0 1 0 0 0 0 1 0 0 0 0 1 0
4 24 22 -0.567109 -0.646514 -0.510301 0.213728 -0.800623 0.578162 0.157262 -0.172212 0.193365 0.497743 -0.845495 0.961594
4 25 29 -0.824121 -0.565609 0.0301815 -0.338968 -0.555563 0.817565 0.151452 -0.219418 -0.110338 0.108047 -0.988004 0.914853
4 26 31 0.842067 0.0578762 -0.536258 -0.109419 -0.191416 0.961578 -0.196794 -0.175658 0.504265 0.268362 0.820792 0.978352
4 27 80 0.344391 0.628876 0.697072 -0.379277 0.707662 -0.661807 0.247439 -0.301154 0.616936 0.408076 -0.672952 0.874903
4 28 43 -0.793278 0.215923 0.569287 -0.289491 0.510929 -0.272463 0.815301 -0.152882 0.331152 0.937625 0.105817 0.944893
4 29 0 1 0 0 0 0 1 0 0 0 0 1 0
4 30 25 -0.651026 0.702063 -0.288568 0.399111 0.753813 0.642588 -0.13728 -0.0190413 0.0890513 -0.3069 -0.947567 0.916705
4 31 26 0.188128 -0.982141 -0.0024838 0.426124 -0.922767 -0.175888 -0.342877 0.0125031 0.336317 0.0667968 -0.939377 0.904578
4 32 31 0.031922 -0.967915 0.249242 0.379892 0.996067 0.010185 -0.0880201 -0.0130369 0.0826575 0.251071 0.964433 0.924939
4 33 22 0.748501 -0.662174 -0.035659 0.443703 0.492296 0.51884 0.698892 -0.184752 -0.444287 -0.540676 0.714338 0.876923
4 34 0 1 0 0 0 0 1 0 0 0 0 1 0
4 35 35 -0.963772 -0.266552 -0.00967755 0.293614 -0.214456 0.795961 -0.566087 -0.0200084 0.158595 -0.543503 -0.824289 0.955714
4 36 22 0.172215 -0.912307 -0.371536 0.286165 -0.972824 -0.0982519 -0.209667 -0.00106622 0.154777 0.397547 -0.904434 0.95818
4 37 23 0.838939 0.448206 0.308696 0.440296 -0.174678 0.758971 -0.627256 0.00368238 -0.515431 0.472307 0.715022 0.897845
4 38 33 -0.260892 0.90028 -0.34847 0.438075 -0.879253 -0.370628 -0.299247 -0.0657946 -0.398559 0.228322 0.888268 0.896527
4 39 14 -0.649166 -0.739734 0.177138 -0.0223814 -0.657911 0.662926 0.357326 -0.0410965 -0.381756 0.115423 -0.917028 0.998904
4 40 17 -0.368463 -0.906509 -0.206097 0.235409 0.818819 -0.211488 -0.533675 0.218822 0.440194 -0.365396 0.820192 -0.946942
4 41 0 1 0 0 0 0 1 0 0 0 0 1 0
4 42 15 0.480488 -0.754599 0.446891 -0.0701173 0.793226 0.15659 -0.588449 0.26777 0.374064 0.637229 0.673807 0.960928
4 43 16 -0.522453 0.640721 -0.562601 -0.175243 -0.633226 0.150319 0.759229 0.284405 0.571024 0.752915 0.327187 0.942552
4 44 21 0.434646 -0.693824 0.574187 -0.378149 0.0330134 0.649406 0.759725 -0.0558685 -0.899996 -0.311256 0.305167 0.924057
4 45 0 1 0 0 0 0 1 0 0 0 0 1 0
4 46 21 0.11478 0.981073 0.155951 -0.073173 0.987973 -0.129113 0.0850885 -0.207837 0.103613 0.144309 -0.984093 0.975423
4 47 0 1 0 0 0 0 1 0 0 0 0 1 0
4 48 0 1 0 0 0 0 1 0 0 0 0 1 0
4 49 0 1 0 0 0 0 1 0 0 0 0 1 0
4 50 16 0.974577 0.075779 0.210851 0.384735 -0.0607296 0.995182 -0.0769658 0.000959487 -0.215668 0.0622042 0.974484 0.923027
4 51 12 -0.768726 -0.452667 0.451832 0.354412 0.523734 -0.851013 0.038471 -0.020387 0.3671 0.266214 0.891273 0.934867
4 52 0 1 0 0 0 0 1 0 0 0 0 1 0
4 53 0 1 0 0 0 0 1 0 0 0 0 1 0
4 54 0 1 0 0 0 0 1 0 0 0 0 1 0
4 55 0 1 0 0 0 0 1 0 0 0 0 1 0
4 56 0 1 0 0 0 0 1 0 0 0 0 1 0
4 57 0 1 0 0 0 0 1 0 0 0 0 1 0
4 58 16 -0.753158 0.656394 -0.0435896 0.280626 -0.639372 -0.745996 -0.186262 -0.31465 -0.154779 -0.112415 0.981533 0.906777
4 59 0 1 0 0 0 0 1 0 0 0 0 1 0
4 60 0 1 0 0 0 0 1 0 0 0 0 1 0
4 61 0 1 0 0 0 0 1 0 0 0 0 1 0
4 62 0 1 0 0 0 0 1 0 0 0 0 1 0
4 63 0 1 0 0 0 0 1 0 0 0 0 1 0
4 64 0 1 0 0 0 0 1 0 0 0 0 1 0
4 65 25 0.48091 0.817682 0.316421 -0.198906 0.861863 -0.507141 0.000634915 -0.271722 0.160989 0.272406 -0.948619 0.941596
4 66 0 1 0 0 0 0 1 0 0 0 0 1 0
4 67 0 1 0 0 0 0 1 0 0 0 0 1 0
5 6 104 0.999497 0.0304841 -0.00875077 0.979714 -0.0302583 0.999233 0.0248695 0.138452 0.00950218 -0.0245922 0.999652 -0.144887
5 7 264 0.99041 0.0478607 -0.129606 0.959081 -0.0470113 0.998848 0.00960713 0.0713129 0.129916 -0.00342206 0.991519 -0.274005
5 8 111 0.987916 0.131029 0.0827805 -0.419021 -0.125419 0.989653 -0.0696894 0.185966 -0.0910553 0.0584651 0.994128 -0.888729
5 9 57 0.998732 0.0331918 0.0378506 0.408173 -0.0332173 0.999448 4.48607e-05 -0.228639 -0.0378282 -0.0013021 0.999283 0.883809
5 10 30 0.999574 0.0242093 -0.016285 0.219366 -0.0232909 0.998248 0.0543952 -0.0204688 0.0175733 -0.0539928 0.998387 -0.975428
5 11 20 0.999347 -0.0317634 -0.0172281 0.191435 0.0312102 0.999017 -0.0314785 0.289404 0.0182111 0.0309202 0.999356 -0.937869
5 12 21 0.746925 0.620391 -0.239206 0.328936 0.640124 -0.768245 0.00632292 -0.167516 -0.179846 -0.157844 -0.970948 0.929376
5 13 21 -0.997468 0.0656636 0.0273018 -0.127973 -0.0610839 -0.987712 0.143853 0.113293 0.0364122 0.141821 0.989222 0.985286
5 14 36 0.480204 0.840587 -0.250632 -0.172622 -0.805543 0.535693 0.253245 -0.182119 0.347137 0.0802857 0.934372 0.968005
5 15 92 -0.852029 0.0319897 0.522516 -0.229772 -0.2076 -0.936938 -0.281156 -0.169427 0.480571 -0.348027 0.80494 0.958384
5 16 203 0.738896 0.207894 -0.640946 0.945009 -0.190385 0.976869 0.097372 -0.311851 0.646363 0.050079 0.761385 -0.0985276
5 17 229 0.293089 0.51832 -0.803395 0.56343 0.0879144 0.822126 0.562477 -0.721051 0.952035 -0.235486 0.195388 0.403276
5 18 137 0.290171 0.350698 -0.8904 0.823219 -0.19729 0.932367 0.302933 -0.39926 0.936417 0.0877644 0.339735 0.403611
5 19 72 0.694153 0.157403 -0.702408 -0.0342147 -0.166341 0.984464 0.0562235 0.243747 0.700345 0.0778115 0.709551 -0.969235
5 20 33 -0.827117 0.507367 0.241779 0.0599199 -0.553338 -0.810489 -0.192158 -0.184133 0.0984648 -0.292723 0.951114 0.981073
5 21 26 -0.0821245 -0.965296 0.247911 0.156339 0.888001 -0.183803 -0.421511 -0.238383 0.45245 0.185529 0.872278 0.958505
5 22 20 -0.259774 -0.602323 0.754801 -0.151792 -0.309027 -0.68868 -0.655914 -0.21336 0.914888 -0.403643 -0.00723281 0.96511
5 23 21 0.393644 0.917475 -0.0573013 0.288373 -0.837699 0.33235 -0.433363 0.295944 -0.378556 0.218592 0.899396 -0.910636
5 24 13 -0.975517 -0.218293 -0.0267352 0.234119 0.212319 -0.903103 -0.373264 -0.168003 0.0573362 -0.369802 0.92734 0.957582
5 25 19 -0.938446 0.33376 -0.0890183 -0.364368 -0.296919 -0.911105 -0.285878 -0.220088 -0.17652 -0.24185 0.954122 0.904874
5 26 45 0.0689073 -0.988474 -0.1348 -0.0976099 -0.926892 -0.113406 0.357786 -0.167664 -0.368949 0.100291 -0.924023 0.981
5 27 28 0.787766 -0.605279 0.114284 -0.379277 -0.599745 -0.711387 0.366379 -0.301154 -0.140461 -0.357162 -0.923421 0.874903
5 28 39 0.962424 -0.181378 0.202095 -0.259695 -0.194827 -0.979632 0.048605 -0.0684679 0.189163 -0.0861522 -0.978159 0.963261
5 29 18 -0.239386 -0.426023 0.872467 0.383891 0.872064 0.300705 0.386109 -0.0760378 -0.426847 0.853277 0.299535 0.920242
5 30 33 -0.319723 -0.946612 0.0412721 -0.0474742 -0.719908 0.271011 0.638972 -0.10189 -0.616044 0.174582 -0.768122 0.993662
5 31 0 1 0 0 0 0 1 0 0 0 0 1 0
5 32 0 1 0 0 0 0 1 0 0 0 0 1 0
5 33 40 -0.846971 9.24651e-05 -0.53164 0.378412 -0.192799 0.931872 0.307316 -0.307037 0.495449 0.362787 -0.78925 0.873231
5 34 35 0.678359 0.381163 -0.628128 0.350682 0.644691 -0.718861 0.260025 -0.0186023 -0.352425 -0.581338 -0.733378 0.93631
5 35 25 -0.794296 0.467149 0.388414 0.292704 -0.0605075 -0.696983 0.714531 -0.0469302 0.60451 0.544047 0.581876 0.955051
5 36 0 1 0 0 0 0 1 0 0 0 0 1 0
5 37 0 1 0 0 0 0 1 0 0 0 0 1 0
5 38 0 1 0 0 0 0 1 0 0 0 0 1 0
5 39 18 -0.244184 0.956876 0.157362 0.00918765 -0.938286 -0.274122 0.210893 -0.000356161 0.244935 -0.0961543 0.96476 0.999958
5 40 27 -0.879263 -0.458403 -0.129472 0.338428 -0.470168 0.791605 0.390261 -0.147974 -0.0764068 0.404016 -0.911555 0.929285
5 41 0 1 0 0 0 0 1 0 0 0 0 1 0
5 42 14 -0.0755136 0.966291 -0.246128 -0.0753795 0.992179 0.0482096 -0.115137 0.274503 -0.0993904 -0.252898 -0.962374 0.958627
5 43 20 0.268576 -0.821438 0.503096 -0.177746 -0.830702 -0.461923 -0.310744 0.286998 0.487648 -0.334465 -0.806432 0.941296
5 44 11 0.486573 -0.465602 0.73923 -0.378149 -0.846783 -0.459534 0.26793 -0.0558685 0.214953 -0.756335 -0.617861 0.924057
5 45 18 0.906172 -0.422304 -0.0226108 0.268685 0.419253 0.904067 -0.0830018 -0.123526 0.0554938 0.0657343 0.996293 0.955275
5 46 0 1 0 0 0 0 1 0 0 0 0 1 0
5 47 21 -0.500491 -0.668816 -0.549721 0.434077 -0.854672 0.482921 0.190588 0.155357 0.138004 0.565219 -0.813316 0.887379
5 48 0 1 0 0 0 0 1 0 0 0 0 1 0
5 49 0 1 0 0 0 0 1 0 0 0 0 1 0
5 50 0 1 0 0 0 0 1 0 0 0 0 1 0
5 51 0 1 0 0 0 0 1 0 0 0 0 1 0
5 52 0 1 0 0 0 0 1 0 0 0 0 1 0
5 53 0 1 0 0 0 0 1 0 0 0 0 1 0
5 54 0 1 0 0 0 0 1 0 0 0 0 1 0
5 55 0 1 0 0 0 0 1 0 0 0 0 1 0
5 56 0 1 0 0 0 0 1 0 0 0 0 1 0
5 57 0 1 0 0 0 0 1 0 0 0 0 1 0
5 58 0 1 0 0 0 0 1 0 0 0 0 1 0
5 59 19 0.428306 0.397776 -0.811374 0.414573 0.862616 0.0874717 0.498238 -0.113203 0.26916 -0.913303 -0.305663 0.902947
5 60 0 1 0 0 0 0 1 0 0 0 0 1 0
5 61 0 1 0 0 0 0 1 0 0 0 0 1 0
5 62 0 1 0 0 0 0 1 0 0 0 0 1 0
5 63 0 1 0 0 0 0 1 0 0 0 0 1 0
5 64 17 0.578115 0.815945 0.00412481 -0.268918 -0.813899 0.577009 -0.0680355 -0.124402 -0.0578933 0.0359752 0.997674 0.955095
5 65 15 -0.9738 -0.0320632 0.225136 -0.188919 -0.0876757 -0.860537 -0.501786 -0.269034 0.209827 -0.508378 0.835179 0.944421
5 66 0 1 0 0 0 0 1 0 0 0 0 1 0
5 67 0 1 0 0 0 0 1 0 0 0 0 1 0
6 7 114 0.998274 -7.76458e-06 -0.0587304 0.331404 -0.000970096 0.999861 -0.0166215 -0.253753 0.0587224 0.0166497 0.998135 0.908725
6 8 21 0.996877 0.0746781 0.0256946 0.19895 -0.0718632 0.992684 -0.0970229 -0.161708 -0.0327521 0.0948734 0.99495 -0.966576
6 9 26 0.99763 0.0663875 0.0181128 0.507983 -0.0657462 0.997258 -0.0339627 0.165377 -0.0203179 0.0326914 0.999259 0.845342
6 10 0 1 0 0 0 0 1 0 0 0 0 1 0
6 11 24 -0.286258 -0.958036 0.0149578 -0.219126 0.947015 -0.28527 -0.147594 0.284959 0.145667 -0.0280847 0.988935 -0.933157
6 12 0 1 0 0 0 0 1 0 0 0 0 1 0
6 13 24 -0.709293 -0.375753 -0.596417 0.322779 -0.653097 0.0319014 0.756602 -0.281938 -0.265269 0.926171 -0.268031 0.903507
6 14 59 0.999061 0.0238304 0.0361942 -0.245568 -0.00135221 -0.817671 0.575684 -0.332969 0.0433137 -0.575192 -0.816871 0.9104
6 15 12 0.332953 0.909154 -0.250164 0.0755961 -0.904805 0.382727 0.186678 -0.032448 0.265464 0.164195 0.950036 -0.99661
6 16 70 0.815918 0.140738 -0.560777 -0.241045 -0.15347 0.987847 0.0246247 -0.26411 0.557427 0.0659704 0.827601 0.933886
6 17 183 0.771876 0.21159 -0.59953 0.40601 -0.18237 0.977054 0.110033 -0.841039 0.609055 0.0244048 0.792752 0.357504
6 18 102 0.779307 0.141603 -0.610434 -0.0238094 -0.153674 0.987574 0.0329002 0.202783 0.607507 0.0681686 0.791384 -0.978934
6 19 39 -0.973059 -0.146662 0.177897 -0.0444041 -0.0378199 0.862675 0.504343 -0.253066 -0.227435 0.484027 -0.84498 0.966429
6 20 39 0.552358 -0.450644 -0.7013 -0.18293 0.408978 0.879573 -0.24308 -0.206236 0.726387 -0.152549 0.670142 0.961251
6 21 10 0.753421 0.61117 0.242544 -0.189359 -0.576326 0.791378 -0.203884 -0.118286 -0.316552 0.0138256 0.948474 0.974757
6 22 0 1 0 0 0 0 1 0 0 0 0 1 0
6 23 0 1 0 0 0 0 1 0 0 0 0 1 0
6 24 0 1 0 0 0 0 1 0 0 0 0 1 0
6 25 20 0.507737 0.433227 0.744659 -0.364368 0.319253 -0.89744 0.304433 -0.220088 0.800175 0.0831624 -0.593973 0.904874
6 26 13 0.770885 -0.148621 0.619394 -0.326648 -0.517721 -0.712681 0.47334 -0.269338 0.371081 -0.685564 -0.626339 0.905957
6 27 32 0.564586 0.821786 -0.0768722 -0.0316773 0.624198 -0.364182 0.691193 -0.349609 0.540018 -0.438222 -0.71857 0.93636
6 28 19 -0.189531 -0.858248 0.476957 -0.447023 -0.964366 0.254039 0.0739088 -0.290581 -0.184598 -0.445953 -0.875814 0.84601
6 29 11 -0.0408328 -0.276408 0.960172 -0.329771 0.570828 -0.795162 -0.204631 -0.100967 0.820054 0.539737 0.19025 0.938646
6 30 0 1 0 0 0 0 1 0 0 0 0 1 0
6 31 16 -0.10922 0.924836 0.364347 0.442016 -0.969741 -0.179649 0.165312 -0.0209555 0.218341 -0.335267 0.916473 0.896762
6 32 17 -0.890842 -0.0674687 -0.449275 0.37987 -0.0389046 0.996608 -0.0725212 -0.0130604 0.452644 -0.0471261 -0.890445 0.924948
6 33 42 0.92922 -0.369526 0.000279511 0.314875 -0.132002 -0.331229 0.934271 -0.374942 -0.345145 -0.868181 -0.356563 0.871936
6 34 0 1 0 0 0 0 1 0 0 0 0 1 0
6 35 28 -0.0491648 -0.998137 -0.0361174 0.29427 -0.847775 0.0608226 -0.526858 -0.0235912 0.528073 0.00471657 -0.849186 0.955431
6 36 12 -0.956265 0.038921 0.289902 0.481571 -0.266325 -0.525679 -0.807919 -0.0267438 0.120951 -0.849792 0.513054 0.875999
6 37 0 1 0 0 0 0 1 0 0 0 0 1 0
6 38 0 1 0 0 0 0 1 0 0 0 0 1 0
6 39 0 1 0 0 0 0 1 0 0 0 0 1 0
6 40 0 1 0 0 0 0 1 0 0 0 0 1 0
6 41 0 1 0 0 0 0 1 0 0 0 0 1 0
6 42 0 1 0 0 0 0 1 0 0 0 0 1 0
6 43 20 -0.178214 0.92462 -0.336628 -0.177746 -0.976403 -0.208575 -0.0559795 0.286998 -0.121972 0.318708 0.939972 0.941296
6 44 16 0.66535 0.063911 0.743791 -0.37436 0.188341 -0.97847 -0.0844024 -0.0573503 0.722383 0.196243 -0.663062 0.925508
6 45 0 1 0 0 0 0 1 0 0 0 0 1 0
6 46 0 1 0 0 0 0 1 0 0 0 0 1 0
6 47 0 1 0 0 0 0 1 0 0 0 0 1 0
6 48 0 1 0 0 0 0 1 0 0 0 0 1 0
6 49 0 1 0 0 0 0 1 0 0 0 0 1 0
6 50 0 1 0 0 0 0 1 0 0 0 0 1 0
6 51 0 1 0 0 0 0 1 0 0 0 0 1 0
6 52 0 1 0 0 0 0 1 0 0 0 0 1 0
6 53 16 0.212224 -0.843272 0.493815 0.328598 0.880657 0.384063 0.277378 -0.0154121 -0.423562 0.376016 0.824141 0.944344
6 54 0 1 0 0 0 0 1 0 0 0 0 1 0
6 55 0 1 0 0 0 0 1 0 0 0 0 1 0
6 56 0 1 0 0 0 0 1 0 0 0 0 1 0
6 57 0 1 0 0 0 0 1 0 0 0 0 1 0
6 58 0 1 0 0 0 0 1 0 0 0 0 1 0
6 59 12 -0.0980501 -0.00341431 0.995176 0.414573 0.476866 -0.877875 0.0439716 -0.113203 0.87349 0.478877 0.0877039 0.902947
6 60 0 1 0 0 0 0 1 0 0 0 0 1 0
6 61 0 1 0 0 0 0 1 0 0 0 0 1 0
6 62 0 1 0 0 0 0 1 0 0 0 0 1 0
6 63 0 1 0 0 0 0 1 0 0 0 0 1 0
6 64 0 1 0 0 0 0 1 0 0 0 0 1 0
6 65 0 1 0 0 0 0 1 0 0 0 0 1 0
6 66 0 1 0 0 0 0 1 0 0 0 0 1 0
6 67 0 1 0 0 0 0 1 0 0 0 0 1 0
7 8 52 0.994823 0.101454 0.00584455 0.431227 -0.100734 0.992084 -0.0749779 0.148497 -0.0134051 0.074001 0.997168 -0.889939
7 9 75 0.998681 -0.0506845 0.00822047 -0.0934332 0.0510769 0.997011 -0.0579739 0.227999 -0.00525752 0.0583173 0.998284 0.969168
7 10 18 0.999241 -0.0117137 -0.0371425 -0.196893 0.0107506 0.999604 -0.0260236 -0.266702 0.0374326 0.0256046 0.998971 0.943453
7 11 35 -0.999725 0.00369873 -0.0231388 -0.169549 -0.00482751 0.933771 0.357838 -0.212249 0.0229299 0.357851 -0.933497 0.962395
7 12 0 1 0 0 0 0 1 0 0 0 0 1 0
7 13 0 1 0 0 0 0 1 0 0 0 0 1 0
7 14 21 0.130341 0.948656 0.288207 0.251962 0.800563 0.0707871 -0.595054 0.0306715 -0.584902 0.308288 -0.750232 0.967251
7 15 14 0.103366 0.99296 0.0578464 -0.0787375 -0.977386 0.112187 -0.179248 -0.297836 -0.184476 -0.0380102 0.982102 0.951364
7 16 62 0.846923 0.123139 -0.51726 -0.245937 -0.129984 0.991246 0.0231505 -0.267183 0.515583 0.0476287 0.855515 0.931734
7 17 56 0.827233 0.119759 -0.548947 -0.0364514 -0.114881 0.992431 0.0433908 0.220793 0.549989 0.0271695 0.83473 -0.974639
7 18 36 0.79322 0.164664 -0.586249 -0.115599 -0.174651 0.983817 0.0400202 0.262435 0.583352 0.0706443 0.809142 -0.958
7 19 37 0.710355 0.185981 -0.678828 0.427917 -0.1999 0.978052 0.0587775 0.262784 0.67486 0.0939445 0.731941 -0.864772
7 20 0 1 0 0 0 0 1 0 0 0 0 1 0
7 21 30 -0.574989 0.804159 -0.150719 0.169428 -0.787412 -0.593937 -0.164985 -0.260974 -0.222191 0.0238133 0.974712 0.950361
7 22 0 1 0 0 0 0 1 0 0 0 0 1 0
7 23 0 1 0 0 0 0 1 0 0 0 0 1 0
7 24 0 1 0 0 0 0 1 0 0 0 0 1 0
7 25 22 -0.111421 -0.382758 0.917105 -0.456926 -0.993087 0.0771818 -0.0884398 -0.210907 -0.0369328 -0.920619 -0.388711 0.86414
7 26 0 1 0 0 0 0 1 0 0 0 0 1 0
7 27 0 1 0 0 0 0 1 0 0 0 0 1 0
7 28 43 -0.468895 0.32792 -0.820126 -0.254263 -0.260048 -0.938625 -0.226622 -0.0672778 -0.844105 0.10701 0.525391 0.964792
7 29 0 1 0 0 0 0 1 0 0 0 0 1 0
7 30 0 1 0 0 0 0 1 0 0 0 0 1 0
7 31 0 1 0 0 0 0 1 0 0 0 0 1 0
7 32 0 1 0 0 0 0 1 0 0 0 0 1 0
7 33 22 0.817405 -0.303482 0.489641 0.326147 0.382522 0.921482 -0.0674417 0.00962586 -0.430728 0.242426 0.869312 0.94527
7 34 17 -0.126806 -0.97215 -0.19709 0.306799 -0.965659 0.0755625 0.248581 -0.00660962 -0.226766 0.221843 -0.948347 0.951751
7 35 32 0.735052 -0.677808 0.0165717 0.292538 -0.532667 -0.59243 -0.604395 -0.0218227 0.419481 0.435435 -0.796513 0.956005
7 36 0 1 0 0 0 0 1 0 0 0 0 1 0
7 37 0 1 0 0 0 0 1 0 0 0 0 1 0
7 38 0 1 0 0 0 0 1 0 0 0 0 1 0
7 39 0 1 0 0 0 0 1 0 0 0 0 1 0
7 40 0 1 0 0 0 0 1 0 0 0 0 1 0
7 41 0 1 0 0 0 0 1 0 0 0 0 1 0
7 42 0 1 0 0 0 0 1 0 0 0 0 1 0
7 43 0 1 0 0 0 0 1 0 0 0 0 1 0
7 44 0 1 0 0 0 0 1 0 0 0 0 1 0
7 45 0 1 0 0 0 0 1 0 0 0 0 1 0
7 46 0 1 0 0 0 0 1 0 0 0 0 1 0
7 47 0 1 0 0 0 0 1 0 0 0 0 1 0
7 48 0 1 0 0 0 0 1 0 0 0 0 1 0
7 49 0 1 0 0 0 0 1 0 0 0 0 1 0
7 50 0 1 0 0 0 0 1 0 0 0 0 1 0
7 51 0 1 0 0 0 0 1 0 0 0 0 1 0
7 52 0 1 0 0 0 0 1 0 0 0 0 1 0
7 53 0 1 0 0 0 0 1 0 0 0 0 1 0
7 54 0 1 0 0 0 0 1 0 0 0 0 1 0
7 55 0 1 0 0 0 0 1 0 0 0 0 1 0
7 56 24 -0.263127 -0.777849 -0.570714 0.384951 -0.841222 -0.104643 0.530467 -0.191248 -0.472344 0.619678 -0.62681 0.902905
7 57 13 -0.742753 -0.427909 0.514988 0.357614 0.201932 -0.876482 -0.437038 -0.147672 0.63839 -0.220618 0.737418 0.92212
7 58 15 -0.205528 -0.881243 0.425641 0.350485 0.967764 -0.247707 -0.0455484 -0.204299 0.145573 0.402558 0.903745 0.914014
7 59 19 0.0104956 0.961917 -0.27314 0.363845 0.95113 0.0747001 0.29962 -0.214075 0.308613 -0.262936 -0.914124 0.906526
7 60 0 1 0 0 0 0 1 0 0 0 0 1 0
7 61 14 0.29311 0.92475 -0.242741 -0.286675 0.907821 -0.189552 0.374075 -0.251392 0.299914 -0.33001 -0.895067 0.924456
7 62 17 0.481363 -0.875386 -0.0446101 -0.227516 -0.837279 -0.474274 0.27208 -0.117348 -0.259332 -0.093618 -0.96124 0.966678
7 63 28 -0.891561 -0.433814 -0.130094 -0.212712 -0.237627 0.692601 -0.681056 -0.111026 0.385554 -0.576289 -0.720582 0.970787
7 64 30 -0.881496 0.472163 -0.00522017 -0.205528 0.453976 0.850479 0.265691 -0.176727 0.129889 0.231836 -0.964044 0.962562
7 65 11 0.469179 0.881848 0.0470745 0.215021 -0.872864 0.471173 -0.126906 0.131981 -0.134092 0.0184521 0.990797 -0.96765
7 66 38 0.0173131 0.980006 -0.198214 -0.198593 -0.999013 0.0250674 0.0366788 -0.182225 0.0409142 0.197383 0.979472 0.962993
