0 1 575 0.9984 0.01763 -0.0537271 0.933352 -0.0177937 0.999838 -0.00257127 -0.289221 0.053673 0.00352316 0.998552 -0.212616
0 2 192 0.993313 0.044788 -0.106406 0.982873 -0.0494362 0.997917 -0.0414535 0.0639353 0.104328 0.0464366 0.993458 -0.172838
0 3 101 0.981812 0.0558004 -0.181469 0.981072 -0.0573946 0.998345 -0.00354153 0.0633822 0.180971 0.0138925 0.98339 -0.182977
0 4 60 0.964266 0.105086 -0.243203 0.995339 -0.105287 0.994367 0.0122081 0.0215836 0.243116 0.0138343 0.969899 -0.0939897
0 5 20 0.995475 0.0944653 0.010328 0.101991 -0.0946537 0.995317 0.0195966 0.124428 -0.00842843 -0.0204855 0.999755 -0.986973
0 6 14 0.703741 -0.166373 0.690702 -0.333514 -0.28527 -0.956552 0.0602451 -0.266091 0.650669 -0.239433 -0.720626 0.904413
0 7 19 -0.316695 0.926564 0.202938 -0.213591 -0.856966 -0.187789 -0.479942 -0.00549798 -0.406588 -0.325906 0.853506 -0.976908
0 8 0 1 0 0 0 0 1 0 0 0 0 1 0
0 9 19 -0.478074 -0.612823 -0.629201 0.404909 -0.768316 0.638911 -0.0385048 -0.166978 0.4256 0.465017 -0.776288 0.898981
0 10 14 0.134996 -0.898217 0.41831 0.229438 0.901374 0.286639 0.324596 -0.153058 -0.411461 0.333235 0.848324 0.961214
0 11 16 0.850667 -0.267648 0.452471 0.282812 0.401188 0.886718 -0.229737 -0.145091 -0.339726 0.376956 0.861679 0.948138
0 12 18 0.600476 -0.714321 0.359409 0.319626 0.726548 0.675107 0.127901 -0.179357 -0.334002 0.184327 0.924374 0.930414
0 13 23 -0.262636 0.943662 -0.201306 0.317128 0.847873 0.126119 -0.51498 0.171324 -0.460579 -0.305934 -0.833229 0.93278
0 14 0 1 0 0 0 0 1 0 0 0 0 1 0
0 15 0 1 0 0 0 0 1 0 0 0 0 1 0
0 16 0 1 0 0 0 0 1 0 0 0 0 1 0
0 17 0 1 0 0 0 0 1 0 0 0 0 1 0
0 18 0 1 0 0 0 0 1 0 0 0 0 1 0
0 19 0 1 0 0 0 0 1 0 0 0 0 1 0
0 20 0 1 0 0 0 0 1 0 0 0 0 1 0
0 21 14 0.555788 0.537507 0.634181 -0.341089 0.480351 -0.83026 0.282722 -0.198056 0.678501 0.147496 -0.71964 0.91893
0 22 0 1 0 0 0 0 1 0 0 0 0 1 0
0 23 12 0.745295 -0.630333 0.217292 0.527567 0.604124 0.77632 0.179893 0.166737 -0.28208 -0.00280243 0.959387 -0.83299
0 24 0 1 0 0 0 0 1 0 0 0 0 1 0
0 25 0 1 0 0 0 0 1 0 0 0 0 1 0
0 26 0 1 0 0 0 0 1 0 0 0 0 1 0
0 27 11 -0.344686 0.910453 -0.228619 -0.200011 -0.815634 -0.411033 -0.407177 -0.145498 -0.464686 0.0461214 0.884274 0.96893
0 28 0 1 0 0 0 0 1 0 0 0 0 1 0
0 29 0 1 0 0 0 0 1 0 0 0 0 1 0
0 30 0 1 0 0 0 0 1 0 0 0 0 1 0
0 31 0 1 0 0 0 0 1 0 0 0 0 1 0
0 32 0 1 0 0 0 0 1 0 0 0 0 1 0
0 33 0 1 0 0 0 0 1 0 0 0 0 1 0
0 34 0 1 0 0 0 0 1 0 0 0 0 1 0
0 35 0 1 0 0 0 0 1 0 0 0 0 1 0
0 36 0 1 0 0 0 0 1 0 0 0 0 1 0
0 37 17 0.965565 -0.0978601 0.241054 -0.464501 0.051022 0.979794 0.193391 -0.0908736 -0.255109 -0.174432 0.951048 0.880898
0 38 37 0.23182 -0.940361 0.248957 -0.328379 0.864096 0.0815244 -0.496681 0.289855 0.446764 0.330264 0.831461 0.898972
0 39 0 1 0 0 0 0 1 0 0 0 0 1 0
0 40 13 -0.714183 -0.67443 -0.187313 -0.156035 -0.663444 0.737542 -0.125991 -0.0883662 0.223123 0.034291 -0.974187 0.983791
0 41 0 1 0 0 0 0 1 0 0 0 0 1 0
0 42 22 0.496205 0.234844 0.83584 -0.516773 0.0479034 -0.968661 0.243724 -0.237108 0.866883 -0.0808976 -0.491904 0.822633
0 43 0 1 0 0 0 0 1 0 0 0 0 1 0
0 44 16 0.68376 -0.727694 0.0541698 0.378149 0.719904 0.68484 0.11284 0.0558685 -0.11921 -0.0381582 0.992136 -0.924057
0 45 0 1 0 0 0 0 1 0 0 0 0 1 0
0 46 0 1 0 0 0 0 1 0 0 0 0 1 0
0 47 0 1 0 0 0 0 1 0 0 0 0 1 0
0 48 0 1 0 0 0 0 1 0 0 0 0 1 0
0 49 0 1 0 0 0 0 1 0 0 0 0 1 0
0 50 17 -0.483201 0.80828 0.336454 -0.51119 -0.8221 -0.286712 -0.491882 0.126787 -0.301112 -0.514276 0.803026 -0.850065
0 51 28 0.675 -0.67382 -0.300568 0.384864 -0.719213 -0.51 -0.47184 -0.0162686 0.164646 0.534664 -0.828871 0.92283
0 52 0 1 0 0 0 0 1 0 0 0 0 1 0
0 53 16 0.773222 -0.30635 0.555227 -0.199762 -0.347571 -0.937073 -0.0330007 -0.159939 0.530398 -0.167464 -0.831044 0.966703
0 54 14 -0.536142 0.76985 0.346241 0.395758 -0.718256 -0.200568 -0.666243 -0.139607 -0.443463 -0.605891 0.660483 0.907681
0 55 0 1 0 0 0 0 1 0 0 0 0 1 0
0 56 16 -0.632845 0.539621 -0.555262 0.288964 0.36017 0.839987 0.405832 -0.180961 0.685408 0.0568397 -0.725937 0.940081
0 57 0 1 0 0 0 0 1 0 0 0 0 1 0
0 58 0 1 0 0 0 0 1 0 0 0 0 1 0
0 59 0 1 0 0 0 0 1 0 0 0 0 1 0
0 60 17 -0.894286 0.437501 0.094051 -0.412097 -0.443074 -0.836195 -0.323207 -0.0904961 -0.0627586 -0.330711 0.941643 -0.906635
0 61 15 0.917777 0.369697 -0.144945 0.43549 0.341008 -0.920794 -0.189344 -0.016576 -0.203465 0.124348 -0.971154 0.900041
0 62 0 1 0 0 0 0 1 0 0 0 0 1 0
0 63 0 1 0 0 0 0 1 0 0 0 0 1 0
0 64 0 1 0 0 0 0 1 0 0 0 0 1 0
0 65 14 -0.981559 0.190984 0.00816488 -0.217647 0.190216 0.971591 0.140816 -0.0550548 0.0189606 0.139772 -0.990002 0.974474
0 66 0 1 0 0 0 0 1 0 0 0 0 1 0
0 67 0 1 0 0 0 0 1 0 0 0 0 1 0
1 2 360 0.996885 0.0379858 -0.0691195 0.911003 -0.0396386 0.998956 -0.0227 0.105645 0.068185 0.0253691 0.99735 -0.398639
1 3 164 0.985777 0.0512157 -0.160063 0.969283 -0.0497551 0.998675 0.0131223 0.096616 0.160523 -0.0049717 0.98702 -0.226178
1 4 93 0.977861 0.0939075 -0.186998 0.966348 -0.0906156 0.995544 0.026094 0.0725491 0.188615 -0.00857138 0.982014 -0.246794
1 5 62 0.957743 0.106109 -0.267337 0.98901 -0.104296 0.994324 0.0210159 0.0336057 0.26805 0.00775428 0.963374 -0.143976
1 6 15 -0.511992 -0.777188 0.365844 0.252712 0.550606 -0.623829 -0.554681 -0.198727 0.659316 -0.0825562 0.74732 0.946913
1 7 23 -0.468667 -0.417417 -0.778533 0.561549 -0.384177 0.889919 -0.245868 0.370534 0.795462 0.183865 -0.577438 0.739843
1 8 0 1 0 0 0 0 1 0 0 0 0 1 0
1 9 24 -0.925561 0.330602 -0.184494 0.0866999 -0.302992 -0.939015 -0.162623 -0.207857 -0.227006 -0.0946173 0.969286 -0.974309
1 10 20 0.650462 -0.625559 0.430783 0.178527 0.71391 0.697158 -0.065596 0.262763 -0.25929 0.350208 0.900068 0.9482
1 11 10 0.740244 -0.0883109 0.666513 0.306541 0.16995 0.98372 -0.0584108 -0.153448 -0.650504 0.156512 0.743201 0.939407
1 12 13 0.0570625 0.892941 0.446543 0.232212 -0.830966 0.290399 -0.474515 0.215959 -0.553389 -0.343985 0.758574 0.948388
1 13 34 -0.8434 0.527075 0.104254 0.0458385 -0.356229 -0.403302 -0.842881 0.781793 -0.402215 -0.748024 0.527905 0.621851
1 14 23 -0.00857714 0.940201 0.340512 -0.133904 0.662109 0.260524 -0.702666 0.391748 -0.749359 0.219429 -0.62475 0.910277
1 15 25 -0.326472 0.766316 0.553332 -0.415783 0.832502 -0.0441028 0.552264 -0.279514 0.447612 0.640949 -0.623561 0.865446
1 16 11 0.944922 -0.130355 -0.300216 0.62857 0.137498 0.990498 0.0026932 0.146777 0.297012 -0.0438238 0.953867 -0.763777
1 17 0 1 0 0 0 0 1 0 0 0 0 1 0
1 18 29 -0.0624011 0.0181481 -0.997886 0.416109 0.14932 0.988751 0.00864446 -0.122586 0.986818 -0.148465 -0.064409 0.901014
1 19 0 1 0 0 0 0 1 0 0 0 0 1 0
1 20 18 -0.736082 0.257774 0.625888 -0.362077 -0.139915 0.846738 -0.513282 -0.0853493 -0.662274 -0.465389 -0.587202 0.928233
1 21 0 1 0 0 0 0 1 0 0 0 0 1 0
1 22 0 1 0 0 0 0 1 0 0 0 0 1 0
1 23 12 0.0241009 -0.510028 -0.85982 0.278859 0.934904 0.316121 -0.161311 -0.221745 0.35408 -0.799962 0.484446 0.93438
1 24 17 -0.143641 -0.987535 -0.0643592 0.234275 -0.987354 0.138599 0.0769545 -0.167667 -0.0670751 0.0745991 -0.994955 0.957603
1 25 0 1 0 0 0 0 1 0 0 0 0 1 0
1 26 19 -0.796586 -0.592088 0.121997 -0.325589 -0.540596 0.788011 0.294609 -0.32472 -0.270569 0.16873 -0.947799 0.888003
1 27 15 0.891647 -0.0431256 0.450673 -0.186668 0.163013 0.959267 -0.230723 0.467149 -0.422366 0.279189 0.862358 -0.864249
1 28 0 1 0 0 0 0 1 0 0 0 0 1 0
1 29 24 0.283792 -0.880518 0.379671 -0.256921 -0.938674 -0.335973 -0.0775451 -0.227727 0.195839 -0.334381 -0.921866 0.939219
1 30 0 1 0 0 0 0 1 0 0 0 0 1 0
1 31 18 -0.891517 -0.428727 0.146254 -0.361766 0.435316 -0.900156 0.0148383 -0.0551367 0.12529 0.0768951 0.989136 0.930637
1 32 17 -0.775091 -0.418548 -0.473341 0.156892 -0.368961 0.90796 -0.198687 0.146247 0.512935 0.0206438 -0.858179 0.976727
1 33 0 1 0 0 0 0 1 0 0 0 0 1 0
1 34 20 0.538469 -0.723701 -0.431634 0.397058 -0.81268 -0.581402 -0.0390194 -0.318841 -0.222715 0.371792 -0.901204 0.860631
1 35 22 -0.550392 -0.318367 -0.771823 0.419959 -0.492622 0.87021 -0.00765911 -0.0312876 0.674087 0.376001 -0.635791 0.907003
1 36 0 1 0 0 0 0 1 0 0 0 0 1 0
1 37 21 -0.766535 -0.601469 0.225074 -0.60742 0.611775 -0.790502 -0.028947 0.186021 0.195332 0.115506 0.973912 -0.772293
1 38 15 0.696866 -0.570441 0.434714 -0.409984 0.580687 0.804502 0.124818 0.00344175 -0.420929 0.165451 0.891877 -0.912086
1 39 0 1 0 0 0 0 1 0 0 0 0 1 0
1 40 23 -0.844488 0.163981 0.509853 -0.152011 0.387656 0.844009 0.370636 -0.270203 -0.369543 0.510645 -0.776324 0.950728
1 41 12 -0.563947 -0.819662 -0.100587 0.185792 0.74115 -0.556086 0.376119 0.193609 -0.364226 0.137561 0.921095 0.963326
1 42 0 1 0 0 0 0 1 0 0 0 0 1 0
1 43 13 -0.923271 -0.383753 0.017462 -0.366428 0.369196 -0.898973 -0.235672 0.216261 0.106138 -0.211142 0.971676 -0.904965
1 44 19 0.427306 -0.865493 -0.261403 0.403037 0.9041 0.407953 0.127189 0.239841 -0.003441 -0.290683 0.956813 -0.883198
1 45 10 -0.877228 0.410617 0.248727 0.270116 -0.47117 -0.637068 -0.610035 -0.113208 -0.0920354 -0.652332 0.752324 0.956149
1 46 18 0.563861 -0.624912 -0.53995 0.517163 -0.791861 -0.594774 -0.138565 -0.163192 -0.234557 0.505697 -0.830213 0.840185
1 47 0 1 0 0 0 0 1 0 0 0 0 1 0
1 48 0 1 0 0 0 0 1 0 0 0 0 1 0
1 49 0 1 0 0 0 0 1 0 0 0 0 1 0
1 50 12 -0.556678 -0.610815 -0.56304 0.318309 -0.681085 0.723641 -0.111654 0.0574698 0.475639 0.321323 -0.818852 0.946243
1 51 0 1 0 0 0 0 1 0 0 0 0 1 0
1 52 0 1 0 0 0 0 1 0 0 0 0 1 0
1 53 12 0.996745 0.00546723 0.0804352 0.321787 0.00843477 0.985151 -0.171484 0.214299 -0.0801783 0.171604 0.981898 -0.922241
1 54 15 -0.832291 0.53522 0.144331 -0.260768 0.529985 0.691955 0.490218 -0.191387 0.162504 0.484498 -0.859566 0.94624
1 55 0 1 0 0 0 0 1 0 0 0 0 1 0
1 56 19 0.542021 -0.719248 -0.434621 0.36559 -0.835705 -0.515722 -0.188756 -0.160115 -0.0883814 0.465525 -0.880611 0.916901
1 57 16 0.901339 -0.254046 -0.350784 0.405944 -0.242704 -0.96706 0.0767419 -0.314066 -0.358725 0.015966 -0.933307 0.858238
1 58 10 -0.990325 0.13664 -0.0241902 -0.198397 -0.125059 -0.954386 -0.271124 0.131662 -0.0601332 -0.265476 0.96224 -0.971238
1 59 11 -0.781893 0.599586 0.170707 -0.352848 -0.604687 -0.66281 -0.441629 0.256555 -0.151648 -0.448531 0.880808 -0.899821
1 60 11 -0.246566 -0.956001 0.158959 -0.412314 0.956205 -0.213289 0.200449 0.129519 -0.157725 0.201422 0.966722 -0.901788
1 61 0 1 0 0 0 0 1 0 0 0 0 1 0
1 62 20 0.413935 -0.792089 0.448612 -0.127745 -0.838779 -0.523364 -0.150131 -0.210759 0.353704 -0.314142 -0.881027 0.969155
1 63 13 -0.346422 -0.863374 -0.366848 0.346847 0.936975 -0.337422 -0.0906841 0.293571 -0.0454884 -0.375143 0.92585 -0.890793
1 64 10 0.909942 -0.404263 -0.0926085 0.260579 0.398258 0.914044 -0.0769062 -0.0761123 0.115738 0.0330981 0.992728 0.962448
1 65 10 0.158207 0.849086 0.504007 -0.263758 -0.871739 0.359829 -0.332556 0.0795146 -0.463725 -0.38675 0.797109 -0.961306
1 66 0 1 0 0 0 0 1 0 0 0 0 1 0
1 67 0 1 0 0 0 0 1 0 0 0 0 1 0
2 3 54 0.998624 0.0127435 -0.0508739 0.873978 -0.0107361 0.99916 0.0395381 0.322346 0.051335 -0.0389375 0.997922 0.36367
2 4 98 0.990017 0.0664551 -0.1243 0.986343 -0.0609737 0.997013 0.0473986 0.0762493 0.127078 -0.0393464 0.991112 -0.145989
2 5 58 0.980058 0.0756156 -0.183761 0.989797 -0.0694968 0.996799 0.0395223 0.0412986 0.186161 -0.0259634 0.982176 -0.136371
2 6 20 0.941751 0.104387 0.319699 -0.927562 -0.120632 0.992201 0.0313789 0.132219 -0.31393 -0.068117 0.946999 -0.349495
2 7 0 1 0 0 0 0 1 0 0 0 0 1 0
2 8 11 -0.953304 0.0233531 -0.301107 0.092644 0.000543283 -0.996872 -0.0790348 -0.114466 -0.302011 -0.0755078 0.950309 -0.989098
2 9 10 0.930474 -0.322111 0.174534 0.114037 0.164956 0.793736 0.585469 -0.327699 -0.32712 -0.515973 0.791685 -0.937874
2 10 21 -0.326179 0.799846 -0.503839 0.301126 0.136729 0.567304 0.812079 -0.313702 0.935368 0.195994 -0.294405 0.900508
2 11 15 0.338897 0.939517 0.049569 -0.211098 0.804835 -0.316794 0.501878 -0.26653 0.487226 -0.13019 -0.863517 0.940425
2 12 10 0.985838 -0.0980824 0.13603 -0.137733 0.104328 0.993756 -0.0395561 -0.292295 -0.1313 0.0531876 0.989915 0.946358
2 13 16 -0.704097 0.531043 -0.471425 0.321424 0.203267 0.786826 0.582742 -0.200907 0.68039 0.314482 -0.661945 0.925377
2 14 27 -0.0656188 0.0517724 -0.996501 0.628072 0.0424991 0.997892 0.0490461 0.0225295 0.996939 -0.039132 -0.0676807 0.777829
2 15 24 -0.817618 0.542457 -0.192979 -0.265779 0.562613 0.681513 -0.467981 -0.153806 -0.122342 -0.491202 -0.862411 0.951685
2 16 13 -0.912975 -0.202803 0.354045 -0.153628 0.0592663 0.792606 0.606846 -0.29703 -0.403689 0.575018 -0.71161 0.942429
2 17 0 1 0 0 0 0 1 0 0 0 0 1 0
2 18 21 0.144875 0.91373 0.379616 -0.182164 0.865879 -0.302742 0.398246 -0.146079 0.478815 0.271005 -0.83504 0.972356
2 19 16 0.881429 0.232377 -0.411197 -0.176385 -0.400093 0.830029 -0.388559 -0.149286 0.251014 0.507005 0.824584 0.972935
2 20 18 0.918608 0.191381 -0.345734 -0.127468 -0.311294 0.889393 -0.334777 -0.0550472 0.243424 0.415154 0.87658 0.990314
2 21 0 1 0 0 0 0 1 0 0 0 0 1 0
2 22 0 1 0 0 0 0 1 0 0 0 0 1 0
2 23 0 1 0 0 0 0 1 0 0 0 0 1 0
2 24 14 0.640163 -0.76822 0.00534943 0.233355 -0.754365 -0.629904 -0.184806 -0.167231 0.145342 0.114271 -0.98276 0.957904
2 25 0 1 0 0 0 0 1 0 0 0 0 1 0
2 26 0 1 0 0 0 0 1 0 0 0 0 1 0
2 27 16 -0.708312 -0.642609 0.292144 -0.379159 -0.550216 0.761863 0.341801 -0.301179 -0.442218 0.0813591 -0.89321 0.874946
2 28 0 1 0 0 0 0 1 0 0 0 0 1 0
2 29 12 -0.606679 0.388911 -0.693317 -0.293592 -0.335263 -0.915972 -0.220441 -0.092808 -0.720791 0.098707 0.686088 0.951415
2 30 11 -0.28498 0.944081 -0.165822 -0.0397561 -0.825712 -0.329649 -0.457745 -0.00983283 -0.486812 0.00647351 0.873483 0.999161
2 31 22 0.637258 0.113829 -0.762197 0.747858 -0.647929 -0.456338 -0.609872 0.166022 -0.417241 0.882496 -0.217052 0.642763
2 32 0 1 0 0 0 0 1 0 0 0 0 1 0
2 33 0 1 0 0 0 0 1 0 0 0 0 1 0
2 34 14 -0.674035 0.55412 -0.488495 0.415394 0.289614 0.806578 0.515321 -0.280844 0.679559 0.20587 -0.704143 0.865202
2 35 19 -0.371601 -0.83448 -0.406885 0.326903 -0.874363 0.167244 0.455542 -0.302405 -0.312092 0.525045 -0.791787 0.895369
2 36 15 0.358 -0.923971 0.134585 -0.081005 -0.840388 -0.381666 -0.384811 -0.0463224 0.40692 0.0246585 -0.913131 0.995637
2 37 16 0.876772 -0.457223 0.149054 0.265035 0.442463 0.888387 0.12245 0.166669 -0.188405 -0.0414103 0.981218 -0.949725
2 38 18 -0.476681 -0.617122 -0.626048 0.416345 -0.692639 0.702203 -0.164808 0.0530636 0.541319 0.355065 -0.76217 0.907657
2 39 0 1 0 0 0 0 1 0 0 0 0 1 0
2 40 14 -0.826368 0.486102 -0.284288 0.266204 0.55553 0.621048 -0.552889 0.322449 -0.0922037 -0.61482 -0.783259 0.908384
2 41 18 0.360311 0.916146 -0.175652 -0.150285 0.924728 -0.375559 -0.0619253 -0.00427193 -0.1227 -0.140118 -0.982503 0.988634
2 42 20 -0.127579 0.834958 -0.535321 -0.0666982 -0.459373 -0.528094 -0.714208 0.290484 -0.879033 0.154794 0.450931 0.954552
2 43 22 -0.760472 0.644722 0.0775648 -0.130959 0.548817 0.574266 0.607469 -0.246431 0.347106 0.504532 -0.790547 0.960272
2 44 26 0.698675 -0.149121 0.699726 -0.378149 -0.548289 -0.739898 0.389783 -0.0558685 0.459601 -0.655984 -0.598709 0.924057
2 45 0 1 0 0 0 0 1 0 0 0 0 1 0
2 46 0 1 0 0 0 0 1 0 0 0 0 1 0
2 47 0 1 0 0 0 0 1 0 0 0 0 1 0
2 48 14 0.310631 -0.839245 0.446291 0.359802 0.732372 0.510613 0.450451 -0.271438 -0.605921 0.186927 0.773252 0.892673
2 49 0 1 0 0 0 0 1 0 0 0 0 1 0
2 50 0 1 0 0 0 0 1 0 0 0 0 1 0
2 51 0 1 0 0 0 0 1 0 0 0 0 1 0
2 52 17 -0.55585 -0.816923 -0.153843 -0.0788606 -0.803698 0.575401 -0.151601 -0.0382813 0.212368 0.0393763 -0.976396 0.99615
2 53 0 1 0 0 0 0 1 0 0 0 0 1 0
2 54 10 -0.358115 -0.93332 -0.0258316 -0.30361 0.933229 -0.356948 -0.0408955 0.262642 0.028948 -0.0387521 0.998829 -0.915882
2 55 15 0.810798 -0.484173 0.328913 0.179089 -0.226301 -0.777533 -0.586711 0.181849 0.53981 0.401271 -0.739991 0.966881
2 56 20 0.592146 0.76224 0.261446 0.310286 0.805106 -0.545849 -0.232062 -0.167042 -0.0341772 0.347906 -0.936906 0.935852
2 57 0 1 0 0 0 0 1 0 0 0 0 1 0
2 58 15 -0.65258 0.70872 -0.26806 0.200687 0.520465 0.676368 0.521193 -0.138571 0.550687 0.200604 -0.810248 0.969806
2 59 18 0.231391 -0.579701 0.781284 -0.22522 0.540019 -0.591462 -0.598792 0.321377 0.809221 0.560463 0.17619 0.919779
2 60 0 1 0 0 0 0 1 0 0 0 0 1 0
2 61 14 -0.441986 -0.593021 0.673034 -0.188191 -0.846617 0.523745 -0.0944995 -0.270919 -0.296458 -0.61157 -0.73355 0.944027
2 62 0 1 0 0 0 0 1 0 0 0 0 1 0
2 63 19 0.707688 0.340057 0.619305 -0.219521 0.328975 -0.934332 0.137111 -0.257593 0.625262 0.106704 -0.773086 0.940987
2 64 0 1 0 0 0 0 1 0 0 0 0 1 0
2 65 21 -0.353995 -0.754058 0.553249 -0.332036 -0.921506 0.382253 -0.0686269 -0.292748 -0.159732 -0.534115 -0.830185 0.896689
2 66 0 1 0 0 0 0 1 0 0 0 0 1 0
2 67 11 -0.942364 -0.332887 0.0337057 -0.0558196 0.309336 -0.905201 -0.291414 -0.342519 0.127518 -0.264191 0.956003 0.937851
3 4 193 0.994925 0.0519014 -0.0862058 0.997346 -0.0513967 0.998646 0.00806471 -0.00648683 0.0865076 -0.00359308 0.996245 -0.0725178
3 5 109 0.991847 0.0552624 -0.114827 0.982755 -0.0562748 0.9984 -0.00559155 0.0577314 0.114334 0.0120078 0.99337 -0.17567
3 6 43 0.980787 0.0894365 -0.17337 0.98435 -0.0876808 0.99599 0.0177751 0.0638854 0.174265 -0.00223236 0.984696 -0.164235
3 7 0 1 0 0 0 0 1 0 0 0 0 1 0
3 8 17 0.983212 -0.0373149 0.17861 -0.404127 0.046149 0.997895 -0.0455625 0.314123 -0.176534 0.0530403 0.982864 -0.859074
3 9 14 0.99597 -0.0231264 0.0866588 -0.109669 0.0217711 0.999626 0.0165522 0.151855 -0.0870092 -0.0145988 0.996101 -0.9823
3 10 20 -0.812337 0.582319 -0.0318193 0.374999 -0.54619 -0.778793 -0.308477 -0.239902 -0.204413 -0.233208 0.950699 0.895446
3 11 15 -0.830863 -0.497978 -0.248363 0.358811 -0.55635 0.752899 0.351594 -0.153084 0.0119063 0.430304 -0.902606 0.920771
3 12 12 -0.860831 -0.358732 0.360944 0.443515 0.275883 -0.924979 -0.261347 -0.322032 0.427619 -0.125397 0.895219 0.836415
3 13 23 0.855396 0.512185 0.077226 0.320394 0.414079 -0.765748 0.492107 -0.350292 0.311186 -0.388969 -0.867103 0.880138
3 14 0 1 0 0 0 0 1 0 0 0 0 1 0
3 15 12 0.771343 -0.0964966 -0.629061 -0.310475 0.017377 0.991263 -0.13075 -0.218906 0.636182 0.089922 0.766281 0.925033
3 16 0 1 0 0 0 0 1 0 0 0 0 1 0
3 17 12 0.712255 0.222105 -0.665854 0.56641 -0.212989 0.972279 0.0964855 -0.130599 0.668826 0.0730975 0.739817 -0.81371
3 18 26 0.813871 -0.490627 -0.311285 -0.240975 -0.564637 -0.794232 -0.224457 0.143234 -0.137108 0.358442 -0.923429 0.959904
3 19 0 1 0 0 0 0 1 0 0 0 0 1 0
3 20 15 -0.619074 -0.552211 -0.5584 -0.174985 0.699321 -0.71117 -0.0720189 -0.203233 -0.357348 -0.435086 0.82644 0.963367
3 21 0 1 0 0 0 0 1 0 0 0 0 1 0
3 22 12 -0.865687 -0.084816 0.493348 -0.347214 0.0118406 0.981797 0.189566 -0.119308 -0.500446 0.169947 -0.848924 0.930165
3 23 0 1 0 0 0 0 1 0 0 0 0 1 0
3 24 0 1 0 0 0 0 1 0 0 0 0 1 0
3 25 0 1 0 0 0 0 1 0 0 0 0 1 0
3 26 0 1 0 0 0 0 1 0 0 0 0 1 0
3 27 25 0.332385 -0.940298 0.0732175 -0.189875 -0.869183 -0.335531 -0.363235 -0.119793 0.366115 0.0570943 -0.928816 0.974473
3 28 15 -0.870469 0.303388 -0.387607 0.0450349 0.224785 0.94557 0.235307 0.0268319 0.437899 0.117699 -0.891286 0.998625
3 29 17 -0.0622631 0.989847 -0.127773 0.383888 0.86051 0.118096 0.495556 -0.0761119 0.505614 -0.0790953 -0.859127 0.920237
3 30 0 1 0 0 0 0 1 0 0 0 0 1 0
3 31 13 -0.573103 0.798599 0.183827 -0.442016 -0.755264 -0.42768 -0.496656 0.0209555 -0.31801 -0.423472 0.848257 -0.896762
3 32 0 1 0 0 0 0 1 0 0 0 0 1 0
3 33 0 1 0 0 0 0 1 0 0 0 0 1 0
3 34 21 0.982404 -0.180301 -0.048731 0.326987 -0.170372 -0.972017 0.161729 -0.283382 -0.0765272 -0.150581 -0.985631 0.90154
3 35 12 -0.924551 0.197828 -0.325683 0.298278 -0.105953 -0.954438 -0.278967 -0.0248654 -0.366032 -0.223412 0.903387 0.954155
3 36 0 1 0 0 0 0 1 0 0 0 0 1 0
3 37 0 1 0 0 0 0 1 0 0 0 0 1 0
3 38 25 -0.86535 0.483398 -0.13227 -0.100707 0.321059 0.737362 0.594322 -0.238786 0.384825 0.47183 -0.793275 0.965836
3 39 14 0.813793 0.0784705 -0.575833 0.443912 -0.095277 -0.959421 -0.265393 -0.0103711 -0.573292 0.270838 -0.773294 0.896011
3 40 15 -0.901435 0.415743 -0.120716 0.266204 0.427574 0.811341 -0.39863 0.322449 -0.067786 -0.410954 -0.909133 0.908384
3 41 0 1 0 0 0 0 1 0 0 0 0 1 0
3 42 0 1 0 0 0 0 1 0 0 0 0 1 0
3 43 26 -0.806583 0.586816 -0.0712094 -0.176823 0.590607 0.805034 -0.0557112 0.285587 0.0246338 -0.0869925 -0.995904 0.941899
3 44 0 1 0 0 0 0 1 0 0 0 0 1 0
3 45 18 -0.925053 0.163305 -0.342942 0.762913 -0.0119735 -0.91495 -0.40339 0.307795 -0.37965 -0.369051 0.848332 -0.568529
3 46 21 0.722647 0.690866 0.0220229 0.406896 -0.678857 0.715363 -0.165557 -0.0888742 -0.130132 0.104689 0.985954 -0.909141
3 47 0 1 0 0 0 0 1 0 0 0 0 1 0
3 48 0 1 0 0 0 0 1 0 0 0 0 1 0
3 49 0 1 0 0 0 0 1 0 0 0 0 1 0
3 50 15 0.585733 -0.772777 -0.244404 0.163679 -0.738813 -0.385076 -0.553057 0.4051 0.333275 0.504513 -0.796489 0.899502
3 51 10 -0.938174 0.272761 -0.213146 0.0124884 -0.158704 -0.886126 -0.435424 0.254863 -0.307641 -0.374677 0.874628 -0.966896
3 52 0 1 0 0 0 0 1 0 0 0 0 1 0
3 53 20 -0.836143 0.309205 -0.453054 0.345804 0.464086 0.839084 -0.283837 -0.00473833 0.292386 -0.447584 -0.845091 0.938295
3 54 0 1 0 0 0 0 1 0 0 0 0 1 0
3 55 15 -0.60459 -0.24915 -0.756568 0.374841 -0.558723 0.809615 0.179868 -0.184668 0.567715 0.531458 -0.628691 0.908511
3 56 0 1 0 0 0 0 1 0 0 0 0 1 0
3 57 0 1 0 0 0 0 1 0 0 0 0 1 0
3 58 0 1 0 0 0 0 1 0 0 0 0 1 0
3 59 0 1 0 0 0 0 1 0 0 0 0 1 0
3 60 12 0.641712 0.584123 -0.496998 0.400498 0.518292 -0.80794 -0.280368 -0.197284 -0.565313 -0.0776749 -0.821211 0.894807
3 61 0 1 0 0 0 0 1 0 0 0 0 1 0
3 62 0 1 0 0 0 0 1 0 0 0 0 1 0
3 63 0 1 0 0 0 0 1 0 0 0 0 1 0
3 64 0 1 0 0 0 0 1 0 0 0 0 1 0
3 65 0 1 0 0 0 0 1 0 0 0 0 1 0
3 66 0 1 0 0 0 0 1 0 0 0 0 1 0
3 67 0 1 0 0 0 0 1 0 0 0 0 1 0
4 5 215 0.998703 0.00231359 -0.0508605 0.928857 -0.00278184 0.999954 -0.00913765 0.0204064 0.0508371 0.00926728 0.998664 -0.369877
4 6 115 0.994704 0.0416277 -0.093975 0.954025 -0.040438 0.999076 0.0145302 0.0554272 0.0944931 -0.0106531 0.995469 -0.294558
4 7 81 0.981165 0.0536905 -0.185559 0.982352 -0.0548127 0.998496 -0.000919282 0.0484077 0.185231 0.011073 0.982633 -0.180668
4 8 10 -0.71285 -0.439519 0.546504 0.310699 0.399652 -0.894931 -0.198439 -0.215477 0.576301 0.0769544 0.813606 0.925762
4 9 28 0.235355 0.434366 -0.869445 0.549717 0.572699 0.66079 0.485152 -0.311078 0.785254 -0.612113 -0.0932408 0.775269
4 10 17 0.776455 -0.629498 -0.0291494 0.451182 0.607453 0.75997 -0.231186 -0.129776 0.167683 0.161798 0.972473 0.882946
4 11 18 -0.613786 0.0554087 -0.787525 0.295483 -0.279573 0.917636 0.282459 -0.17303 0.738312 0.39354 -0.547742 0.939548
4 12 16 -0.0574799 0.648688 -0.758881 0.310467 0.789038 0.495226 0.363552 -0.185667 0.611649 -0.577889 -0.540305 0.932276
4 13 0 1 0 0 0 0 1 0 0 0 0 1 0
4 14 13 -0.302252 -0.952523 0.0366676 -0.230988 0.952759 -0.300672 0.0429733 -0.30982 -0.0299082 0.0479241 0.998403 0.92231
4 15 50 -0.134502 0.175396 -0.975267 0.734034 -0.25353 0.945359 0.204983 -0.170671 0.957931 0.27483 -0.082684 0.657317
4 16 45 0.317882 0.212865 -0.923926 0.879507 -0.215377 0.965209 0.148274 -0.135251 0.923344 0.151858 0.352669 0.456262
4 17 15 0.759005 0.196951 -0.620582 0.268179 -0.194126 0.978254 0.0730363 0.256918 0.621471 0.0650364 0.780733 -0.928479
4 18 0 1 0 0 0 0 1 0 0 0 0 1 0
4 19 0 1 0 0 0 0 1 0 0 0 0 1 0
4 20 0 1 0 0 0 0 1 0 0 0 0 1 0
4 21 0 1 0 0 0 0 1 0 0 0 0 1 0
4 22 0 1 0 0 0 0 1 0 0 0 0 1 0
4 23 11 0.819788 0.0917802 -0.565264 0.440152 -0.0807498 0.995738 0.0445655 0.081898 0.566945 0.00911066 0.823705 -0.894181
4 24 0 1 0 0 0 0 1 0 0 0 0 1 0
4 25 0 1 0 0 0 0 1 0 0 0 0 1 0
4 26 13 0.430872 0.83755 0.335944 -0.137231 0.682404 -0.546 0.486013 -0.231237 0.590486 0.01984 -0.806804 0.96317
4 27 25 -0.251126 -0.696133 0.672559 -0.398316 -0.130534 0.712833 0.689079 -0.319335 -0.959113 0.0852538 -0.269879 0.859866
4 28 14 -0.905625 -0.257256 -0.337138 -0.168738 -0.27882 0.960205 0.016277 -0.0250692 0.319534 0.108742 -0.941315 0.985342
4 29 19 0.96034 -0.275431 -0.0434023 0.383891 -0.278535 -0.954793 -0.103866 -0.0760378 -0.0128322 0.111836 -0.993644 0.920242
4 30 0 1 0 0 0 0 1 0 0 0 0 1 0
4 31 0 1 0 0 0 0 1 0 0 0 0 1 0
4 32 25 0.268684 0.0136618 -0.963131 0.431578 -0.169304 -0.983663 -0.0611835 -0.152684 -0.948233 0.179501 -0.261982 0.88906
4 33 11 -0.632488 -0.0523717 -0.772797 0.445637 -0.129838 0.990763 0.0391219 -0.15108 0.76361 0.125083 -0.633446 0.882373
4 34 15 -0.603695 -0.786065 -0.132869 0.356127 -0.780712 0.616665 -0.101055 -0.0463873 0.161371 0.0427259 -0.985969 0.933286
4 35 20 0.978386 0.19186 -0.0771421 0.295512 -0.192102 0.981365 0.00433078 -0.028733 0.0765355 0.010582 0.997011 0.954907
4 36 0 1 0 0 0 0 1 0 0 0 0 1 0
4 37 22 -0.408531 -0.452392 -0.792744 0.47046 -0.622393 0.77336 -0.120588 0.0496719 0.66763 0.444134 -0.597508 0.881022
4 38 18 0.105143 -0.037333 -0.993756 0.106935 -0.980962 0.160172 -0.109807 -0.164985 0.163271 0.986383 -0.0197813 0.980482
4 39 10 -0.537527 -0.824627 0.176225 -0.122803 0.626952 -0.530581 -0.570451 0.421375 0.563911 -0.196148 0.802204 -0.898533
4 40 0 1 0 0 0 0 1 0 0 0 0 1 0
4 41 11 -0.836479 -0.501628 -0.220618 0.107459 0.538334 -0.82747 -0.159655 -0.348437 -0.102468 -0.252314 0.962205 0.931152
4 42 19 -0.870123 0.134872 0.47402 -0.232925 0.194386 0.97777 0.078617 -0.0289311 -0.452879 0.160549 -0.876998 0.972064
4 43 21 -0.736637 0.675993 0.0199942 -0.175818 0.670728 0.726476 0.149522 0.278987 0.0865505 0.123554 -0.988556 0.944063
4 44 29 0.285524 -0.860671 0.42157 -0.378149 -0.903882 -0.0956279 0.416955 -0.0558685 -0.318548 -0.5001 -0.80525 0.924057
4 45 17 0.565974 0.639819 0.519909 0.175065 0.646319 -0.73585 0.201981 -0.100793 0.511806 0.221711 -0.829999 0.979384
4 46 19 0.548609 0.780313 -0.300233 -0.400592 -0.835881 0.519719 -0.176624 0.0852725 0.0182147 0.347856 0.937371 0.91228
4 47 0 1 0 0 0 0 1 0 0 0 0 1 0
4 48 0 1 0 0 0 0 1 0 0 0 0 1 0
4 49 0 1 0 0 0 0 1 0 0 0 0 1 0
4 50 11 0.644558 -0.71746 -0.264191 0.0531052 0.764324 0.613181 0.199546 -0.312849 0.0188303 -0.330547 0.943602 -0.948317
4 51 0 1 0 0 0 0 1 0 0 0 0 1 0
4 52 0 1 0 0 0 0 1 0 0 0 0 1 0
4 53 16 -0.767001 0.0296973 0.640959 -0.282925 0.123752 0.98702 0.102356 -0.208951 -0.6296 0.157826 -0.76072 0.936105
4 54 0 1 0 0 0 0 1 0 0 0 0 1 0
4 55 15 0.209197 -0.977731 0.0166642 -0.419982 -0.891134 -0.183597 0.414936 -0.234768 -0.402636 -0.101653 -0.909698 0.876641
4 56 14 0.986577 -0.0298685 0.160541 0.306209 -0.0698504 -0.965836 0.249562 -0.223522 0.147602 -0.257426 -0.954958 0.925351
4 57 15 -0.779593 0.583687 -0.227034 0.334008 0.565395 0.811845 0.145725 -0.193442 0.269374 -0.0147576 -0.962922 0.922507
4 58 0 1 0 0 0 0 1 0 0 0 0 1 0
4 59 0 1 0 0 0 0 1 0 0 0 0 1 0
4 60 0 1 0 0 0 0 1 0 0 0 0 1 0
4 61 0 1 0 0 0 0 1 0 0 0 0 1 0
4 62 0 1 0 0 0 0 1 0 0 0 0 1 0
4 63 13 -0.956923 0.238511 0.165561 -0.19856 0.288668 0.842692 0.454468 -0.266294 -0.0311211 0.482683 -0.875242 0.943219
4 64 0 1 0 0 0 0 1 0 0 0 0 1 0
4 65 0 1 0 0 0 0 1 0 0 0 0 1 0
4 66 0 1 0 0 0 0 1 0 0 0 0 1 0
4 67 0 1 0 0 0 0 1 0 0 0 0 1 0
5 6 48 0.999178 0.0368506 -0.0169076 0.514119 -0.0363841 0.99897 0.0271149 0.231724 0.0178894 -0.0264774 0.999489 0.825824
5 7 137 0.990816 0.0497163 -0.125742 0.933392 -0.0487205 0.998752 0.0109843 0.0469257 0.126131 -0.00475727 0.992002 -0.355778
5 8 39 0.965486 0.141376 -0.218745 0.995509 -0.154896 0.986866 -0.0458539 -0.0258353 0.20939 0.078154 0.974704 -0.0910772
5 9 16 0.998818 -0.0245185 0.0419777 0.107812 0.0234201 0.999375 0.0264611 -0.272516 -0.0426003 -0.0254467 0.998768 -0.956092
5 10 29 0.421091 -0.883335 0.205917 -0.166992 -0.906988 -0.411934 0.0876505 0.0451578 0.0073996 -0.223673 -0.974636 0.984923
5 11 17 0.527063 -0.623837 -0.577089 0.359209 -0.608062 -0.751231 0.256734 -0.152984 -0.593688 0.215591 -0.775278 0.920633
5 12 27 0.715069 -0.118635 -0.688913 0.529872 0.671906 0.388612 0.630494 -0.531251 0.192921 -0.913732 0.357597 0.661066
5 13 0 1 0 0 0 0 1 0 0 0 0 1 0
5 14 21 -0.903859 0.275082 -0.327671 0.213844 0.133011 0.908616 0.395886 -0.213063 0.406628 0.314241 -0.85785 0.953349
5 15 42 0.845634 -0.000622193 0.533762 -0.93935 0.00404381 0.999978 -0.00524092 -0.0620908 -0.533747 0.00659034 0.845618 0.337292
5 16 20 0.799689 0.212825 -0.561429 -0.405613 -0.215971 0.974444 0.0617647 -0.0655461 0.560227 0.0718601 0.825216 0.911692
5 17 36 0.770175 0.227121 -0.596025 0.688852 -0.214546 0.972252 0.0932519 -0.088768 0.600666 0.0560548 0.797532 -0.719447
5 18 19 0.737843 0.220999 -0.637767 0.371995 -0.228341 0.970896 0.0722628 0.254133 0.635175 0.09231 0.766832 -0.892769
5 19 12 0.643833 0.270487 -0.715762 0.427717 -0.280995 0.953655 0.10763 0.255911 0.711703 0.13183 0.69 -0.86693
5 20 18 -0.691127 0.346879 0.634049 -0.185819 0.519667 0.84821 0.102405 -0.0722864 -0.502285 0.400269 -0.766482 0.979921
5 21 15 -0.899844 -0.423789 0.103361 -0.19232 -0.415895 0.904972 0.0897578 -0.128618 -0.131577 0.0377807 -0.990586 0.972867
5 22 0 1 0 0 0 0 1 0 0 0 0 1 0
5 23 17 0.0565183 -0.9916 -0.11634 -0.0802913 -0.943434 -0.0911738 0.318778 -0.0687893 -0.326708 0.0917423 -0.940662 0.994395
5 24 10 -0.305879 0.831759 0.463266 -0.234119 -0.91441 -0.392157 0.100335 0.168003 0.265127 -0.392924 0.880521 -0.957582
5 25 13 -0.430067 0.829942 -0.3553 -0.200774 -0.88408 -0.466886 -0.0204757 -0.362256 -0.182878 0.305308 0.934528 0.910198
5 26 18 0.588779 0.434622 0.681501 -0.316438 0.0154644 -0.849037 0.528106 -0.324952 0.808146 -0.300399 -0.506617 0.89122
5 27 20 0.179478 0.926712 -0.330139 -0.138619 0.968878 -0.108357 0.222563 -0.161724 0.170479 -0.35981 -0.917319 0.977052
5 28 18 -0.705178 -0.682038 -0.193776 -0.239469 0.68366 -0.726513 0.0691903 -0.166635 -0.187971 -0.0836853 0.978603 0.956497
5 29 16 -0.756865 0.344786 -0.555228 0.386656 0.225147 0.935077 0.273753 -0.0756434 0.613566 0.0821867 -0.785354 0.919116
5 30 10 -0.922567 0.32195 0.212648 0.0422855 -0.359946 -0.916638 -0.173821 0.121696 0.138959 -0.236903 0.961544 -0.991666
5 31 0 1 0 0 0 0 1 0 0 0 0 1 0
5 32 0 1 0 0 0 0 1 0 0 0 0 1 0
5 33 11 0.835886 0.504826 0.215511 -0.443438 -0.424788 0.843593 -0.328491 0.173811 -0.347634 0.183035 0.919592 -0.879291
5 34 18 -0.969456 -0.238724 -0.0562675 0.35692 -0.169764 0.818704 -0.548547 -0.0447374 0.177018 -0.52224 -0.834224 0.933063
5 35 22 -0.447275 -0.867957 -0.21586 0.302693 -0.826272 0.493379 -0.271755 -0.00677503 0.342372 0.0568095 -0.937845 0.953064
5 36 0 1 0 0 0 0 1 0 0 0 0 1 0
5 37 18 0.424673 0.905115 0.0205001 0.47046 -0.901033 0.424749 -0.087904 0.0496719 -0.0882707 0.0188592 0.995918 0.881022
5 38 0 1 0 0 0 0 1 0 0 0 0 1 0
5 39 15 0.846739 0.472547 -0.244401 0.309292 0.433564 -0.879159 -0.197739 -0.0813167 -0.308309 0.0614699 -0.949298 0.947484
5 40 0 1 0 0 0 0 1 0 0 0 0 1 0
5 41 16 -0.737317 0.575324 0.354071 -0.271176 0.589404 0.803968 -0.0789825 -0.147984 -0.330102 0.150456 -0.931877 0.951086
5 42 11 -0.906471 0.1541 0.393146 -0.32361 -0.242518 -0.952158 -0.185958 0.0217558 0.345681 -0.26391 0.900475 -0.945941
5 43 14 -0.903802 0.413562 0.110039 -0.177746 -0.424546 -0.898837 -0.108871 0.286998 0.053882 -0.145114 0.987947 0.941296
5 44 11 0.610892 0.771643 -0.177138 -0.256893 -0.77864 0.626066 0.0419671 -0.299528 0.143284 0.112289 0.983291 0.918852
5 45 20 -0.130654 -0.576109 0.806863 0.00105243 0.974171 -0.225783 -0.00346524 -0.105815 0.184172 0.78557 0.590728 0.994385
5 46 19 0.778231 0.258467 -0.572321 0.400592 -0.148916 0.961332 0.231657 -0.0852725 0.610066 -0.0950547 0.786628 -0.91228
5 47 0 1 0 0 0 0 1 0 0 0 0 1 0
5 48 14 -0.848303 0.293301 -0.440859 0.0458886 0.14233 0.928238 0.343681 -0.121072 0.510024 0.228798 -0.829173 0.991582
5 49 0 1 0 0 0 0 1 0 0 0 0 1 0
5 50 21 -0.386606 -0.861467 -0.329257 0.400592 -0.919937 0.334981 0.203724 -0.270596 -0.0652064 0.381657 -0.922001 0.875388
5 51 0 1 0 0 0 0 1 0 0 0 0 1 0
5 52 18 0.0386706 -0.864054 -0.501912 0.370676 -0.712876 -0.375832 0.59208 -0.336733 -0.700223 0.334905 -0.630497 0.865569
5 53 22 0.663844 -0.660136 0.35147 -0.0461605 -0.745804 -0.54943 0.3767 -0.198479 -0.0555654 -0.512197 -0.857068 0.979018
5 54 0 1 0 0 0 0 1 0 0 0 0 1 0
5 55 0 1 0 0 0 0 1 0 0 0 0 1 0
5 56 0 1 0 0 0 0 1 0 0 0 0 1 0
5 57 0 1 0 0 0 0 1 0 0 0 0 1 0
5 58 0 1 0 0 0 0 1 0 0 0 0 1 0
5 59 18 -0.327692 -0.889127 0.319486 -0.22522 -0.944784 0.308832 -0.109572 0.321377 -0.0012438 -0.337751 -0.941235 0.919779
5 60 0 1 0 0 0 0 1 0 0 0 0 1 0
5 61 22 0.0366548 -0.834561 -0.549695 0.301885 -0.947975 -0.2031 0.245139 -0.0777039 -0.316226 0.512112 -0.798588 0.950172
5 62 0 1 0 0 0 0 1 0 0 0 0 1 0
5 63 0 1 0 0 0 0 1 0 0 0 0 1 0
5 64 0 1 0 0 0 0 1 0 0 0 0 1 0
5 65 0 1 0 0 0 0 1 0 0 0 0 1 0
5 66 0 1 0 0 0 0 1 0 0 0 0 1 0
5 67 0 1 0 0 0 0 1 0 0 0 0 1 0
6 7 84 0.999686 0.0243661 -0.00578726 -0.355025 -0.0244403 0.999615 -0.013117 -0.0816486 0.00546543 0.0132543 0.999897 0.931285
6 8 0 1 0 0 0 0 1 0 0 0 0 1 0
6 9 23 0.997051 -0.0746242 -0.0179257 0.295564 0.0731096 0.994579 -0.0739495 0.441798 0.0233469 0.0724209 0.997101 -0.847028
6 10 0 1 0 0 0 0 1 0 0 0 0 1 0
6 11 0 1 0 0 0 0 1 0 0 0 0 1 0
6 12 0 1 0 0 0 0 1 0 0 0 0 1 0
6 13 0 1 0 0 0 0 1 0 0 0 0 1 0
6 14 0 1 0 0 0 0 1 0 0 0 0 1 0
6 15 0 1 0 0 0 0 1 0 0 0 0 1 0
6 16 34 0.816631 0.121496 -0.564227 -0.253581 -0.136835 0.990477 0.0152349 -0.24008 0.560705 0.0647644 0.825479 0.937048
6 17 50 0.231928 0.645834 -0.727398 0.423498 0.262291 0.678569 0.686111 -0.759638 0.936703 -0.349919 -0.0120171 0.493558
6 18 22 0.756894 0.171484 -0.630639 -0.362629 -0.187214 0.981413 0.0421713 -0.267514 0.626149 0.0861455 0.77493 0.892713
6 19 20 0.39999 -0.340357 0.850979 -0.869462 0.185433 0.93934 0.288538 -0.208322 -0.897565 0.0423869 0.43884 0.447927
6 20 0 1 0 0 0 0 1 0 0 0 0 1 0
6 21 0 1 0 0 0 0 1 0 0 0 0 1 0
6 22 0 1 0 0 0 0 1 0 0 0 0 1 0
6 23 0 1 0 0 0 0 1 0 0 0 0 1 0
6 24 0 1 0 0 0 0 1 0 0 0 0 1 0
6 25 0 1 0 0 0 0 1 0 0 0 0 1 0
6 26 0 1 0 0 0 0 1 0 0 0 0 1 0
6 27 0 1 0 0 0 0 1 0 0 0 0 1 0
6 28 0 1 0 0 0 0 1 0 0 0 0 1 0
6 29 0 1 0 0 0 0 1 0 0 0 0 1 0
6 30 0 1 0 0 0 0 1 0 0 0 0 1 0
6 31 0 1 0 0 0 0 1 0 0 0 0 1 0
6 32 0 1 0 0 0 0 1 0 0 0 0 1 0
6 33 12 0.340531 0.767909 0.542545 0.42334 -0.860479 0.487103 -0.149354 -0.0248799 -0.378966 -0.415989 0.826643 0.905629
6 34 11 0.0777805 0.983475 -0.163482 0.345659 0.94005 -0.126961 -0.316523 -0.0261682 -0.332048 -0.129062 -0.934391 0.937995
6 35 12 0.996325 0.0622386 -0.0588498 -0.313962 -0.0539425 0.989601 0.133341 0.109364 0.0665368 -0.129677 0.989321 -0.943116
6 36 0 1 0 0 0 0 1 0 0 0 0 1 0
6 37 10 -0.993283 -0.0486207 -0.105003 0.47046 -0.0803695 0.942727 0.323739 0.0496719 0.0832488 0.330004 -0.940302 0.881022
6 38 14 0.473897 0.496562 -0.727219 0.369696 0.880569 -0.263134 0.394155 -0.0681376 0.00436666 -0.827156 -0.561955 0.926651
6 39 0 1 0 0 0 0 1 0 0 0 0 1 0
6 40 0 1 0 0 0 0 1 0 0 0 0 1 0
6 41 0 1 0 0 0 0 1 0 0 0 0 1 0
6 42 0 1 0 0 0 0 1 0 0 0 0 1 0
6 43 0 1 0 0 0 0 1 0 0 0 0 1 0
6 44 14 0.680402 0.509197 -0.52704 0.244289 0.293218 -0.848258 -0.441 0.0239984 -0.671622 0.14552 -0.726462 0.969406
6 45 14 -0.771293 0.471714 0.427309 -0.0901826 0.589768 0.782126 0.201128 -0.314729 -0.239335 0.407141 -0.88145 0.944888
6 46 0 1 0 0 0 0 1 0 0 0 0 1 0
6 47 0 1 0 0 0 0 1 0 0 0 0 1 0
6 48 0 1 0 0 0 0 1 0 0 0 0 1 0
6 49 0 1 0 0 0 0 1 0 0 0 0 1 0
6 50 0 1 0 0 0 0 1 0 0 0 0 1 0
6 51 0 1 0 0 0 0 1 0 0 0 0 1 0
6 52 0 1 0 0 0 0 1 0 0 0 0 1 0
6 53 0 1 0 0 0 0 1 0 0 0 0 1 0
6 54 0 1 0 0 0 0 1 0 0 0 0 1 0
6 55 0 1 0 0 0 0 1 0 0 0 0 1 0
6 56 0 1 0 0 0 0 1 0 0 0 0 1 0
6 57 0 1 0 0 0 0 1 0 0 0 0 1 0
6 58 0 1 0 0 0 0 1 0 0 0 0 1 0
6 59 24 -0.0718344 0.263055 -0.962103 0.425575 -0.875324 0.44581 0.187247 -0.113759 0.478172 0.855602 0.198233 0.897744
6 60 0 1 0 0 0 0 1 0 0 0 0 1 0
6 61 11 0.368717 -0.923597 0.104955 -0.375828 -0.880126 -0.310559 0.359069 -0.110948 -0.29904 -0.224769 -0.927391 0.920024
6 62 0 1 0 0 0 0 1 0 0 0 0 1 0
6 63 0 1 0 0 0 0 1 0 0 0 0 1 0
6 64 0 1 0 0 0 0 1 0 0 0 0 1 0
6 65 0 1 0 0 0 0 1 0 0 0 0 1 0
6 66 0 1 0 0 0 0 1 0 0 0 0 1 0
6 67 0 1 0 0 0 0 1 0 0 0 0 1 0
7 8 42 0.992207 0.0950625 -0.0805458 0.991229 -0.10075 0.992464 -0.0697536 -0.0557824 0.0733078 0.077325 0.994307 -0.119803
7 9 21 0.999302 0.0221787 0.0300628 -0.458054 -0.0217917 0.999676 -0.0131388 -0.153611 -0.0303445 0.0124746 0.999462 0.875551
7 10 14 0.998872 -0.0270983 -0.0389998 -0.218871 0.02628 0.999427 -0.0213445 -0.268874 0.0395559 0.0202955 0.999011 0.937978
7 11 0 1 0 0 0 0 1 0 0 0 0 1 0
7 12 14 0.99661 -0.0737525 -0.0364672 0.980979 0.0722819 0.996577 -0.0401251 0.0433198 0.0393017 0.0373531 0.998529 -0.189216
7 13 0 1 0 0 0 0 1 0 0 0 0 1 0
7 14 0 1 0 0 0 0 1 0 0 0 0 1 0
7 15 0 1 0 0 0 0 1 0 0 0 0 1 0
7 16 15 0.846192 0.138609 -0.514535 -0.240209 -0.144507 0.989085 0.0287946 -0.25224 0.51291 0.049988 0.856986 0.937377
7 17 0 1 0 0 0 0 1 0 0 0 0 1 0
7 18 13 0.789436 0.16292 -0.591818 0.321679 -0.173207 0.984079 0.0398612 0.277486 0.58889 0.0710389 0.805085 -0.905276
7 19 0 1 0 0 0 0 1 0 0 0 0 1 0
7 20 11 -0.854426 -0.321951 0.407802 -0.170736 -0.0974373 0.870244 0.482889 -0.195716 -0.510354 0.372858 -0.77493 0.965683
7 21 0 1 0 0 0 0 1 0 0 0 0 1 0
7 22 0 1 0 0 0 0 1 0 0 0 0 1 0
7 23 0 1 0 0 0 0 1 0 0 0 0 1 0
7 24 0 1 0 0 0 0 1 0 0 0 0 1 0
7 25 0 1 0 0 0 0 1 0 0 0 0 1 0
7 26 0 1 0 0 0 0 1 0 0 0 0 1 0
7 27 0 1 0 0 0 0 1 0 0 0 0 1 0
7 28 0 1 0 0 0 0 1 0 0 0 0 1 0
7 29 10 -0.581235 0.434219 0.6882 -0.383891 -0.653601 -0.752916 -0.0769629 0.0760378 0.484738 -0.494542 0.721428 -0.920242
7 30 0 1 0 0 0 0 1 0 0 0 0 1 0
7 31 0 1 0 0 0 0 1 0 0 0 0 1 0
7 32 0 1 0 0 0 0 1 0 0 0 0 1 0
7 33 18 -0.00790598 -0.769967 -0.638035 0.440855 -0.996437 0.0596409 -0.0596263 -0.153515 0.0839633 0.635291 -0.767695 0.884353
7 34 0 1 0 0 0 0 1 0 0 0 0 1 0
7 35 15 -0.308983 -0.903201 -0.297922 0.294237 -0.868102 0.395792 -0.299579 -0.0276395 0.388495 0.166062 -0.906364 0.955333
7 36 0 1 0 0 0 0 1 0 0 0 0 1 0
7 37 0 1 0 0 0 0 1 0 0 0 0 1 0
7 38 0 1 0 0 0 0 1 0 0 0 0 1 0
7 39 0 1 0 0 0 0 1 0 0 0 0 1 0
7 40 0 1 0 0 0 0 1 0 0 0 0 1 0
7 41 0 1 0 0 0 0 1 0 0 0 0 1 0
7 42 0 1 0 0 0 0 1 0 0 0 0 1 0
7 43 0 1 0 0 0 0 1 0 0 0 0 1 0
7 44 0 1 0 0 0 0 1 0 0 0 0 1 0
7 45 0 1 0 0 0 0 1 0 0 0 0 1 0
7 46 0 1 0 0 0 0 1 0 0 0 0 1 0
7 47 0 1 0 0 0 0 1 0 0 0 0 1 0
7 48 0 1 0 0 0 0 1 0 0 0 0 1 0
7 49 0 1 0 0 0 0 1 0 0 0 0 1 0
7 50 0 1 0 0 0 0 1 0 0 0 0 1 0
7 51 0 1 0 0 0 0 1 0 0 0 0 1 0
7 52 0 1 0 0 0 0 1 0 0 0 0 1 0
7 53 0 1 0 0 0 0 1 0 0 0 0 1 0
7 54 0 1 0 0 0 0 1 0 0 0 0 1 0
7 55 0 1 0 0 0 0 1 0 0 0 0 1 0
7 56 0 1 0 0 0 0 1 0 0 0 0 1 0
7 57 0 1 0 0 0 0 1 0 0 0 0 1 0
7 58 0 1 0 0 0 0 1 0 0 0 0 1 0
7 59 0 1 0 0 0 0 1 0 0 0 0 1 0
7 60 0 1 0 0 0 0 1 0 0 0 0 1 0
7 61 0 1 0 0 0 0 1 0 0 0 0 1 0
7 62 0 1 0 0 0 0 1 0 0 0 0 1 0
7 63 0 1 0 0 0 0 1 0 0 0 0 1 0
7 64 0 1 0 0 0 0 1 0 0 0 0 1 0
7 65 11 0.805698 -0.312763 -0.503022 -0.207941 0.280755 0.949421 -0.140631 -0.270626 0.521563 -0.0279199 0.852756 0.939959
7 66 0 1 0 0 0 0 1 0 0 0 0 1 0
7 67 0 1 0 0 0 0 1 0 0 0 0 1 0
8 9 71 0.994245 -0.0988593 -0.0412647 0.276784 0.102212 0.990762 0.0891233 -0.441033 0.0320728 -0.0928282 0.995165 0.853745
8 10 58 0.986675 -0.0157533 -0.161942 0.745358 0.0235538 0.998647 0.0463623 -0.129792 0.160993 -0.0495588 0.985711 0.653907
8 11 26 0.964231 -0.00154121 -0.265058 0.953814 0.00818301 0.99968 0.0239555 -0.0604261 0.264936 -0.0252676 0.963935 0.294257
8 12 0 1 0 0 0 0 1 0 0 0 0 1 0
8 13 0 1 0 0 0 0 1 0 0 0 0 1 0
8 14 0 1 0 0 0 0 1 0 0 0 0 1 0
8 15 0 1 0 0 0 0 1 0 0 0 0 1 0
8 16 0 1 0 0 0 0 1 0 0 0 0 1 0
8 17 0 1 0 0 0 0 1 0 0 0 0 1 0
8 18 0 1 0 0 0 0 1 0 0 0 0 1 0
8 19 0 1 0 0 0 0 1 0 0 0 0 1 0
8 20 0 1 0 0 0 0 1 0 0 0 0 1 0
8 21 0 1 0 0 0 0 1 0 0 0 0 1 0
8 22 0 1 0 0 0 0 1 0 0 0 0 1 0
8 23 0 1 0 0 0 0 1 0 0 0 0 1 0
8 24 0 1 0 0 0 0 1 0 0 0 0 1 0
8 25 0 1 0 0 0 0 1 0 0 0 0 1 0
8 26 0 1 0 0 0 0 1 0 0 0 0 1 0
8 27 0 1 0 0 0 0 1 0 0 0 0 1 0
8 28 0 1 0 0 0 0 1 0 0 0 0 1 0
8 29 0 1 0 0 0 0 1 0 0 0 0 1 0
8 30 0 1 0 0 0 0 1 0 0 0 0 1 0
8 31 0 1 0 0 0 0 1 0 0 0 0 1 0
8 32 0 1 0 0 0 0 1 0 0 0 0 1 0
8 33 0 1 0 0 0 0 1 0 0 0 0 1 0
8 34 0 1 0 0 0 0 1 0 0 0 0 1 0
8 35 0 1 0 0 0 0 1 0 0 0 0 1 0
8 36 0 1 0 0 0 0 1 0 0 0 0 1 0
8 37 0 1 0 0 0 0 1 0 0 0 0 1 0
8 38 18 -0.465427 0.820171 -0.332712 0.440775 -0.774966 -0.559221 -0.294448 -0.0658925 -0.427557 0.120797 0.895881 0.895196
8 39 0 1 0 0 0 0 1 0 0 0 0 1 0
8 40 0 1 0 0 0 0 1 0 0 0 0 1 0
8 41 0 1 0 0 0 0 1 0 0 0 0 1 0
8 42 0 1 0 0 0 0 1 0 0 0 0 1 0
8 43 0 1 0 0 0 0 1 0 0 0 0 1 0
8 44 0 1 0 0 0 0 1 0 0 0 0 1 0
8 45 0 1 0 0 0 0 1 0 0 0 0 1 0
8 46 0 1 0 0 0 0 1 0 0 0 0 1 0
8 47 0 1 0 0 0 0 1 0 0 0 0 1 0
8 48 0 1 0 0 0 0 1 0 0 0 0 1 0
