0 1 79 0.999668 0.00741396 -0.0246864 0.989672 -0.00787471 0.999796 -0.0186198 -0.0467271 0.0245433 0.018808 0.999522 -0.135519
0 2 106 0.991487 0.0484859 -0.120845 0.986385 -0.0528459 0.998053 -0.0331377 -0.0595266 0.119003 0.0392417 0.992118 -0.153303
0 3 97 0.984717 0.0571192 -0.164531 0.968635 -0.0575974 0.998338 0.00186694 0.0306966 0.164365 0.00763817 0.98637 -0.246585
0 4 88 0.958667 0.108318 -0.263105 0.998011 -0.10774 0.994039 0.0166701 0.00107188 0.263343 0.0123658 0.964623 -0.0630255
0 5 58 0.951206 0.107045 -0.289393 0.992929 -0.110355 0.99388 0.00490596 0.0190037 0.288147 0.0272694 0.957198 -0.117175
0 6 29 0.0340908 -0.890314 -0.454069 0.237556 -0.991996 0.0251247 -0.123741 0.166485 0.121576 0.454654 -0.882332 0.957
0 7 35 0.531268 0.509922 0.67656 -0.114103 0.620093 -0.778182 0.0995865 0.086999 0.577268 0.366623 -0.729622 0.989652
0 8 34 -0.172282 0.974821 -0.141571 0.311137 0.958556 0.132801 -0.252059 -0.146436 -0.226912 -0.179128 -0.9573 0.939015
0 9 30 0.201375 -0.976863 -0.0720191 0.460862 0.978565 0.197401 0.0586765 0.296303 -0.0431023 -0.0822914 0.995676 -0.836547
0 10 20 -0.973812 -0.224559 -0.0355406 0.272653 0.219252 -0.886205 -0.40813 -0.150681 0.060153 -0.405234 0.912232 0.95024
0 11 43 0.19498 -0.644445 -0.739374 0.179677 -0.974196 -0.0398715 -0.222153 0.0397124 0.113685 0.763611 -0.63559 0.982924
0 12 40 -0.161003 0.91134 0.378864 0.220699 0.972885 0.211133 -0.0944317 0.026974 -0.16605 0.353387 -0.920622 0.974969
0 13 20 0.839116 0.228654 -0.49356 0.17323 -0.209533 0.973212 0.0946317 0.291442 0.501977 0.0240101 0.864548 0.940772
0 14 63 0.327275 0.430475 -0.841179 0.404734 0.574548 0.616088 0.538823 -0.161117 0.75019 -0.659641 -0.0456985 0.900129
0 15 42 -0.562788 0.112499 -0.81891 0.492813 -0.479126 0.762898 0.434079 -0.260232 0.673578 0.636656 -0.375449 0.83031
0 16 37 -0.209249 0.739336 0.639998 -0.0228245 0.89764 0.404844 -0.174196 0.294001 -0.387889 0.538037 -0.74837 0.955532
0 17 41 -0.435591 -0.81925 -0.372948 0.262337 -0.602828 0.573186 -0.555028 0.095792 0.668476 -0.0169414 -0.743541 0.96021
0 18 23 -0.112125 -0.867359 -0.484888 0.241488 -0.742922 0.397232 -0.53877 0.323524 0.65992 0.299824 -0.68892 0.914886
0 19 24 0.778774 -0.209285 -0.591363 0.0927586 0.16835 0.977851 -0.124361 -0.256042 0.604292 -0.00270717 0.796759 0.962205
0 20 11 -0.996103 0.0872297 0.0130242 0.416949 -0.0788445 -0.814538 -0.574727 -0.207046 -0.0395245 -0.573514 0.818241 0.885034
0 21 50 -0.931564 -0.318362 0.175595 -0.39924 -0.185716 0.831874 0.522967 -0.253915 -0.312566 0.454567 -0.834069 0.880985
0 22 30 -0.849225 0.0982244 0.518815 -0.243676 0.29648 0.901745 0.314572 -0.1103 -0.43694 0.420961 -0.794906 0.963564
0 23 14 0.902518 -0.247343 0.352537 0.0855012 0.132355 0.938303 0.319483 0.0723432 -0.409808 -0.24168 0.879573 -0.993708
0 24 58 -0.176357 0.970698 0.163231 0.22799 0.741147 0.240078 -0.626948 0.203982 -0.647765 0.0104114 -0.761769 0.952057
0 25 19 0.845686 -0.529246 -0.0686517 0.346815 0.526489 0.806313 0.269572 0.140615 -0.087315 -0.264117 0.96053 -0.927333
0 26 30 0.992842 -0.0345428 -0.114329 0.429432 0.0452764 0.994668 0.0926595 -0.148508 0.110519 -0.0971727 0.989112 0.890805
0 27 36 -0.846155 0.505485 -0.168837 -0.0987891 0.26162 0.669989 0.694745 -0.261023 0.464302 0.543691 -0.699159 0.960264
0 28 45 -0.14735 -0.927369 0.343912 -0.450265 -0.646659 0.353425 0.67596 -0.349992 -0.748412 -0.122791 -0.651769 0.821442
0 29 19 -0.906893 -0.319318 0.274919 0.402916 0.180394 -0.883873 -0.431539 -0.309518 0.380792 -0.341766 0.859182 0.861311
0 30 31 0.501158 0.255306 0.826837 -0.395058 0.325383 -0.940966 0.0933266 -0.233242 0.801852 0.222267 -0.554645 0.888554
0 31 11 -0.65323 -0.504987 -0.564161 -0.41958 0.720298 -0.644115 -0.257463 -0.264414 -0.233369 -0.574547 0.784497 0.868353
0 32 44 0.118235 0.877784 0.464237 -0.103404 0.634902 -0.426294 0.644339 -0.403721 0.763492 0.218562 -0.60771 0.90902
0 33 14 0.999108 -0.000985301 0.0422098 0.191729 0.00246479 0.999384 -0.0350132 0.241056 -0.0421493 0.035086 0.998495 -0.951384
0 34 37 -0.581895 -0.812834 0.0264434 -0.362623 -0.812603 0.582425 0.0213667 -0.224533 -0.0327689 -0.00905477 -0.999422 0.904483
0 35 25 0.933091 0.336554 0.126776 -0.465437 -0.325856 0.940331 -0.0979579 0.138841 -0.152179 0.0500931 0.987083 -0.874123
0 36 37 -0.186817 0.941423 0.280754 -0.163848 0.813511 -0.0119608 0.581427 -0.204959 0.550726 0.337017 -0.763623 0.964959
0 37 13 -0.641662 0.680151 0.354493 -0.487431 -0.748211 -0.453442 -0.484324 0.138142 -0.168672 -0.576008 0.799853 -0.862164
0 38 49 -0.166095 0.457725 -0.873441 0.49287 0.360579 0.852597 0.378234 -0.222253 0.917821 -0.252122 -0.306658 0.841239
0 39 26 0.240174 -0.924345 -0.296484 -0.00759706 0.888868 0.332171 -0.315556 0.0563799 0.390166 -0.187747 0.9014 0.99838
0 40 10 -0.988099 0.128953 0.0838491 -0.222807 -0.151431 -0.91117 -0.383193 0.386824 0.0269868 -0.39133 0.919854 -0.894832
0 41 49 0.0337154 -0.785005 0.618571 -0.423949 -0.910694 -0.279088 -0.304542 -0.0801495 0.411703 -0.553061 -0.724309 0.902133
0 42 39 -0.984149 -0.130304 -0.120295 -0.351072 0.168208 -0.90076 -0.400423 -0.0447342 -0.05618 -0.41431 0.9084 0.935279
0 43 37 -0.695861 0.613998 0.372536 -0.292141 0.60372 0.21916 0.76648 -0.394484 0.388972 0.758271 -0.523188 0.871227
0 44 16 0.399229 0.477815 0.782502 -0.498651 -0.675781 0.730142 -0.101062 0.18731 -0.619626 -0.488453 0.614392 -0.846323
0 45 13 0.399777 -0.772072 -0.494048 -0.334018 0.903683 0.422196 0.0714639 -0.359479 0.15341 -0.475032 0.866493 0.871325
0 46 16 -0.0311059 0.895434 -0.444106 -0.0484272 -0.817877 -0.278212 -0.503662 0.229681 -0.574551 0.347557 0.741009 0.97206
0 47 24 -0.832786 0.550149 0.0616631 0.1604 -0.548803 -0.805818 -0.222426 0.233906 -0.0726783 -0.219074 0.972998 -0.958937
0 48 17 -0.92052 0.00373002 0.390678 -0.0510825 0.210368 0.847355 0.487581 -0.233343 -0.329224 0.531014 -0.780792 0.971052
0 49 32 0.876071 -0.0910414 -0.47351 0.433652 -0.064209 -0.995295 0.0725674 -0.273278 -0.477888 -0.0331706 -0.877794 0.858642
0 50 23 -0.849396 0.389066 0.356586 -0.171039 -0.504414 -0.797208 -0.331703 -0.340684 0.155219 -0.461614 0.873395 0.924489
0 51 30 -0.319749 0.923573 0.211595 -0.133404 0.652512 0.0527152 0.755943 -0.360537 0.687014 0.379781 -0.619498 0.923156
0 52 26 -0.715085 0.480875 -0.507358 0.39231 0.172625 0.824794 0.538438 -0.175745 0.677387 0.297446 -0.672809 0.902888
0 53 27 0.261522 -0.88044 0.395514 -0.00292608 0.853937 0.402058 0.330366 0.0160833 -0.449887 0.251346 0.856987 0.999866
0 54 25 -0.588779 -0.806402 -0.055275 -0.0132765 -0.796237 0.566871 0.21134 -0.370704 -0.139091 0.168445 -0.975848 0.928656
0 55 25 -0.993027 -0.0929205 0.0725469 0.351841 -0.0362277 0.826154 0.562279 -0.22221 -0.112182 0.55573 -0.823759 0.909302
0 56 21 -0.650714 -0.323704 -0.686867 0.480022 -0.684771 0.64105 0.346617 -0.171525 0.328115 0.695896 -0.638804 0.860325
0 57 16 -0.704299 -0.104209 -0.702213 0.450071 0.345435 -0.914472 -0.210752 0.130639 -0.620192 -0.391001 0.680059 -0.883385
0 58 17 0.485149 0.587639 0.647543 0.362869 -0.686366 0.714734 -0.134378 -0.199614 -0.541786 -0.379258 0.750087 0.910209
0 59 15 -0.107519 -0.937709 0.330367 0.361017 0.952751 -0.00223131 0.303743 -0.214685 -0.284085 0.347415 0.893643 0.907511
0 60 21 0.523465 -0.692128 0.496933 0.348337 0.601391 0.713277 0.359952 -0.204728 -0.603584 0.110429 0.789615 0.914739
0 61 29 -0.720999 -0.246717 -0.647527 0.358414 -0.416611 0.901054 0.120568 -0.188782 0.55371 0.356696 -0.752444 0.914276
0 62 17 0.33796 -0.873653 0.350019 0.36558 0.892964 0.415139 0.173994 -0.203017 -0.297317 0.253752 0.920442 0.90837
0 63 12 -0.22668 0.806856 0.545527 0.365214 -0.865187 0.0904126 -0.493231 -0.211103 -0.447289 -0.583788 0.677587 0.906672
0 64 22 0.692066 0.657025 0.298936 0.361775 -0.535738 0.745076 -0.3973 -0.212734 -0.483766 0.114807 0.867635 0.907669
0 65 30 0.0416291 -0.998023 -0.0470882 0.0143156 -0.82157 -0.00737271 -0.57006 0.24851 0.568585 0.0624173 -0.820253 0.968524
0 66 36 -0.426329 0.816682 -0.388939 0.368328 0.449036 0.564326 0.69275 -0.213105 0.785245 0.120692 -0.607308 0.904942
0 67 27 0.243527 0.794438 0.556384 -0.108827 0.728863 -0.528368 0.435415 -0.144525 0.639886 0.299493 -0.707708 0.983498
1 2 140 0.996482 0.0361408 -0.0756151 0.940406 -0.038562 0.998781 -0.0308086 0.271749 0.0744095 0.0336161 0.996661 -0.204421
1 3 124 0.987017 0.0489512 -0.152976 0.958531 -0.0473259 0.998778 0.0142498 0.0996604 0.153486 -0.00682512 0.988127 -0.266995
1 4 98 0.97988 0.0296252 -0.197374 -0.0815491 -0.0238952 0.999223 0.0313499 0.11584 0.19815 -0.0260028 0.979827 0.989915
1 5 77 0.958028 0.107315 -0.265831 0.98552 -0.105463 0.994196 0.0212758 0.0335784 0.266571 0.0076525 0.963785 -0.166202
1 6 75 -0.680696 -0.193718 -0.706489 0.237556 -0.12216 0.980916 -0.151266 0.166485 0.722309 -0.0166614 -0.69137 0.957
1 7 84 0.588413 0.513318 0.62472 -0.114103 0.61694 -0.784446 0.0634764 0.086999 0.522642 0.348065 -0.778265 0.989652
1 8 32 -0.210998 0.815009 0.539667 0.305837 -0.572624 0.344385 -0.743976 -0.0291428 -0.7922 -0.466004 0.394029 0.951638
1 9 30 -0.204769 -0.952482 -0.225493 0.460862 0.976257 -0.215371 0.0231925 0.296303 -0.070655 -0.21539 0.973969 -0.836547
1 10 75 0.999358 -0.0187453 0.0305276 0.272653 -0.012495 -0.981047 -0.193367 -0.150681 0.0335737 0.192861 -0.980652 0.95024
1 11 87 0.265041 -0.963624 0.0343691 0.179677 -0.959747 -0.267075 -0.0869279 0.0397124 0.0929449 -0.00994611 -0.995622 0.982924
1 12 50 0.15464 0.987018 -0.0433876 0.220699 -0.984702 0.15041 -0.0879671 0.026974 -0.0802991 0.0563271 0.995178 0.974969
1 13 81 0.803404 0.123359 -0.582515 0.17323 -0.166752 0.98577 -0.0212281 0.291442 0.571608 0.11419 0.812542 0.940772
1 14 91 -0.445463 0.519758 -0.728982 0.404734 0.427978 0.838798 0.33653 -0.161117 0.786383 -0.162076 -0.596098 0.900129
1 15 41 -0.725714 0.0807444 -0.683242 0.481126 -0.354873 0.806854 0.472285 -0.263836 0.589411 0.585207 -0.556891 0.836007
1 16 77 -0.461406 -0.0218155 -0.886921 0.568819 0.160058 0.981247 -0.107403 0.100436 0.872632 -0.191515 -0.449262 0.816308
1 17 54 -0.931088 0.190673 0.310998 0.262337 -0.357037 -0.651211 -0.669663 0.095792 0.0748383 -0.734553 0.674412 0.96021
1 18 35 0.947416 0.13053 0.292173 -0.0935164 -0.148456 0.988112 0.0399465 -0.334464 -0.283485 -0.0812206 0.955531 -0.937757
1 19 45 -0.591145 0.257909 -0.764219 0.403627 -0.251733 0.841172 0.478602 -0.260146 0.766275 0.475302 -0.432331 0.87716
1 20 49 0.795398 -0.396743 -0.458188 0.416949 -0.571985 -0.741375 -0.350993 -0.207046 -0.200435 0.541256 -0.81662 0.885034
1 21 62 -0.00165544 -0.672368 0.740215 -0.39924 -0.822106 0.422345 0.381795 -0.253915 -0.569333 -0.607903 -0.553457 0.880985
1 22 13 0.975143 0.208821 -0.0740956 0.447995 -0.188284 0.957213 0.219754 0.0620313 0.116815 -0.200341 0.972737 -0.891881
1 23 27 -0.99419 0.0553185 -0.0923409 0.291481 0.0219919 0.944135 0.328825 -0.0137249 0.105372 0.324884 -0.939865 0.956478
1 24 152 -0.721329 0.684307 -0.106807 0.22799 0.287976 0.156085 -0.944832 0.203982 -0.629884 -0.712293 -0.309653 0.952057
1 25 98 0.75076 -0.65941 0.0392141 -0.390525 0.655922 0.75119 0.0740256 -0.294005 -0.0782705 -0.029854 0.996485 0.872383
1 26 16 -0.742596 0.445292 0.500267 0.429432 -0.666466 -0.565082 -0.486318 -0.148508 0.0661379 -0.694548 0.716399 0.890805
1 27 64 0.849636 -0.523398 0.0645955 -0.0987891 0.422451 0.748799 0.510721 -0.261023 -0.31568 -0.406639 0.857316 0.960264
1 28 74 -0.138957 -0.984191 0.109814 -0.460239 -0.971419 0.113918 -0.20825 -0.0527412 0.192448 -0.135613 -0.971891 0.886227
1 29 61 -0.590965 0.0189763 0.806474 -0.477193 0.306628 0.929972 0.202808 -0.0253551 -0.74615 0.36714 -0.5554 0.878433
1 30 22 -0.19941 0.633012 0.748019 -0.395058 0.955104 0.296244 0.00391901 -0.233242 -0.219115 0.715218 -0.663666 0.888554
1 31 22 0.451847 -0.789561 -0.415245 0.0250092 0.891082 0.377274 0.252264 0.376415 -0.0425164 -0.484002 0.874033 0.926114
1 32 50 0.77745 -0.475218 -0.411995 -0.103404 -0.59672 -0.764317 -0.244427 -0.403721 -0.198739 0.435875 -0.87779 0.90902
1 33 54 -0.302959 -0.868692 0.391905 -0.217308 -0.878025 0.414315 0.239616 -0.385113 -0.370525 -0.271509 -0.888254 0.89692
1 34 40 -0.691783 0.109596 -0.713741 -0.362623 0.310069 -0.847571 -0.430675 -0.224533 -0.652146 -0.519242 0.552353 0.904483
1 35 36 0.367446 -0.580987 0.726249 -0.392117 -0.918913 -0.106336 0.379858 -0.208109 -0.143466 -0.806937 -0.572949 0.896066
1 36 59 0.0903522 0.990713 -0.101608 -0.163848 0.949114 -0.0547503 0.310139 -0.204959 0.301695 -0.124459 -0.945246 0.964959
1 37 51 0.898363 0.206294 -0.387799 0.485172 0.154747 -0.974892 -0.160122 -0.169928 -0.411094 0.0838371 -0.90773 0.857749
1 38 52 0.0243471 0.502345 -0.864324 -0.296991 -0.928592 0.331615 0.166577 -0.341524 0.370302 0.798549 0.474548 0.891716
1 39 39 -0.272231 -0.878819 -0.391878 -0.0134691 -0.824573 0.422971 -0.375732 -0.0283523 0.495953 0.220846 -0.839796 0.999507
1 40 12 -0.716913 -0.632357 0.293532 0.222807 0.59863 -0.774162 -0.205705 -0.386824 0.35732 0.0282439 0.933555 0.894832
1 41 133 -0.299515 -0.760948 0.575543 -0.423949 0.516022 -0.636593 -0.573124 -0.0801495 0.802504 0.125333 0.583335 0.902133
1 42 103 0.667971 -0.367666 0.647022 -0.351072 -0.150198 -0.918147 -0.36667 -0.0447342 0.728873 0.147744 -0.668518 0.935279
1 43 26 0.666159 0.728608 0.159255 -0.291414 -0.559628 0.629483 -0.539043 -0.392753 -0.492999 0.269965 0.827086 0.872252
1 44 62 -0.352475 -0.861961 0.364396 0.498651 0.628338 -0.506545 -0.590426 -0.18731 0.693508 0.0208531 0.720147 0.846323
1 45 56 0.863752 0.294628 -0.408811 -0.334018 0.490321 -0.67857 0.546926 -0.359479 -0.116267 -0.672857 -0.730579 0.871325
1 46 40 -0.49273 -0.867507 -0.0681885 -0.394189 -0.854802 0.467864 0.224538 -0.352951 -0.162885 0.168924 -0.972077 0.848552
1 47 118 0.086067 -0.727736 0.680436 -0.1604 -0.652899 0.474677 0.590258 -0.233906 -0.752539 -0.495057 -0.434284 0.958937
1 48 29 0.686103 0.506205 0.522511 -0.160435 0.53328 -0.838482 0.112072 -0.141359 0.494848 0.201752 -0.845235 0.976872
1 49 47 -0.823096 -0.455847 0.338699 0.433652 0.203453 -0.79351 -0.573541 -0.273278 0.530208 -0.40317 0.745878 0.858642
1 50 38 -0.409097 0.894421 0.180696 0.426471 -0.781893 -0.241518 -0.574729 -0.288573 -0.470408 -0.376405 0.798145 0.857233
1 51 64 -0.894612 -0.23914 -0.377466 0.141219 -0.0484865 0.891704 -0.450015 0.25927 0.444205 -0.384287 -0.809324 0.955425
1 52 53 0.76504 0.592264 -0.252858 0.74269 -0.587762 0.802623 0.101649 -0.0102968 0.263153 0.0708546 0.962149 0.669557
1 53 34 0.144994 -0.954535 0.260461 0.00137887 -0.975536 -0.18188 -0.123488 0.0163509 0.165247 -0.236184 -0.957555 0.999865
1 54 29 0.706371 0.707703 -0.014037 0.741583 -0.705693 0.705632 0.0638828 -0.465532 0.055115 -0.0352191 0.997859 -0.483048
1 55 35 -0.950066 -0.0144926 -0.311712 0.189133 -0.00344684 0.999347 -0.0359577 0.0571562 0.312029 -0.0330878 -0.949496 0.980287
1 56 38 -0.545133 0.749732 0.375144 0.0587122 0.677099 0.657597 -0.330307 0.318202 -0.494336 0.0739481 -0.86612 0.946203
1 57 57 -0.63075 0.256573 -0.732342 0.414146 0.0237236 0.949691 0.312287 -0.177327 0.775623 0.179602 -0.605105 0.89277
1 58 35 -0.462896 0.882183 0.0864913 0.112402 0.886403 0.460233 0.0497455 0.272367 0.00407846 0.0996932 -0.99501 0.955605
1 59 30 -0.689649 0.388534 -0.611085 0.387526 0.439326 0.89532 0.0734451 -0.202923 0.575653 -0.217815 -0.78815 0.899247
1 60 65 -0.206457 0.951934 0.226268 0.0787778 0.966675 0.234219 -0.103349 0.30623 -0.151378 0.197391 -0.968567 0.948692
1 61 21 -0.0390083 0.991599 0.12333 0.358699 -0.950744 0.00115186 -0.309974 -0.190814 -0.307512 -0.129347 0.942712 0.913742
1 62 35 -0.525949 -0.0109584 -0.850446 0.370544 -0.276725 0.947716 0.158926 -0.200165 0.804239 0.318926 -0.501483 0.90699
1 63 17 0.833856 0.125407 -0.537548 -0.150711 -0.0193631 0.979896 0.198568 -0.162755 0.551642 -0.155168 0.81952 0.975088
1 64 46 -0.0384884 0.903605 0.426634 0.0680461 -0.796763 0.229919 -0.558843 0.371386 -0.603065 -0.361436 0.71111 0.925982
1 65 23 0.335095 -0.790261 -0.51303 -0.156769 0.859919 0.479041 -0.176233 -0.169031 0.385033 -0.382109 0.840085 0.973063
1 66 34 0.872889 -0.381337 -0.304379 0.365515 -0.340979 -0.922972 0.178482 -0.211765 -0.348996 -0.0520083 -0.93568 0.906396
1 67 61 0.627058 0.655471 0.4209 0.136956 0.765305 -0.619158 -0.175934 0.305048 0.145284 0.432437 -0.889883 0.942438
2 3 47 0.997985 0.0144047 -0.0617943 0.956132 -0.0122791 0.999324 0.0346421 0.265897 0.0622515 -0.0338136 0.997488 -0.122925
2 4 32 0.99344 0.0655459 -0.0937047 -0.0815491 -0.0609376 0.996826 0.0512241 0.11584 0.0967649 -0.045178 0.994281 0.989915
2 5 36 0.975294 0.0744813 -0.207975 0.993343 -0.0681362 0.99697 0.0375178 0.0501577 0.21014 -0.0224203 0.977414 -0.103701
2 6 25 -0.377058 -0.925915 0.0225546 0.237556 0.85895 -0.340471 0.382472 0.166485 -0.346457 0.163587 0.923692 0.957
2 7 34 0.414325 -0.854229 -0.31405 -0.114103 0.908705 0.368977 0.19522 0.086999 -0.050886 -0.366263 0.929119 0.989652
2 8 0 1 0 0 0 0 1 0 0 0 0 1 0
2 9 20 -0.547926 -0.835432 -0.0427891 0.460862 0.832863 -0.54003 -0.121269 0.296303 0.0782049 -0.102084 0.991697 -0.836547
2 10 30 -0.521118 0.704344 -0.482012 0.272653 0.814076 0.579829 -0.0328419 -0.150681 0.256352 -0.409509 -0.875549 0.95024
2 11 37 0.501469 0.625034 0.598215 0.179677 -0.514413 0.771346 -0.374707 0.0397124 -0.695635 -0.119825 0.708332 0.982924
2 12 76 -0.798184 0.531232 -0.284069 0.220699 0.601897 0.683742 -0.412573 0.026974 -0.0249421 -0.500289 -0.865499 0.974969
2 13 27 0.854837 0.186746 -0.484128 0.17323 -0.175184 0.98208 0.0694984 0.291442 0.488431 0.0254018 0.872233 0.940772
2 14 27 -0.265908 -0.921808 0.282069 0.153819 0.839473 -0.0775831 0.537834 0.276513 -0.473896 0.379804 0.794463 0.94862
2 15 36 0.677789 0.337965 -0.652979 0.980215 -0.365697 0.925413 0.0993776 -0.15691 0.637861 0.171435 0.750828 0.120659
2 16 21 0.761142 0.267889 -0.590676 0.40833 -0.21865 0.963387 0.155173 0.2676 0.610619 0.011043 0.791848 0.87273
2 17 14 0.720482 -0.576263 0.38578 0.262337 0.55664 0.812353 0.17388 0.095792 -0.41359 0.0894631 0.906057 0.96021
2 18 0 1 0 0 0 0 1 0 0 0 0 1 0
2 19 25 0.930101 -0.363225 -0.0545833 0.403627 -0.363597 -0.93155 0.00331721 -0.260146 -0.052052 0.016761 -0.998504 0.87716
2 20 24 0.373447 -0.832175 0.409904 0.416949 0.8857 0.45124 0.109168 -0.207046 -0.275812 0.322284 0.905572 0.885034
2 21 42 -0.0780089 0.687282 0.722189 -0.395571 0.275829 -0.681241 0.678107 -0.252212 0.958036 0.252099 -0.136429 0.883127
2 22 13 0.921868 0.270669 -0.277303 -0.447995 -0.293757 0.95484 -0.0445717 -0.0620313 0.252716 0.122549 0.959748 0.891881
2 23 0 1 0 0 0 0 1 0 0 0 0 1 0
2 24 54 -0.451605 0.669297 -0.589995 0.22799 0.765671 0.630199 0.128831 0.203982 0.458041 -0.393561 -0.797062 0.952057
2 25 26 0.736736 -0.672717 0.0683492 -0.390525 0.667136 0.739636 0.0887041 -0.294005 -0.110226 -0.0197533 0.99371 0.872383
2 26 17 -0.901173 -0.0396787 0.43164 -0.558688 0.276755 0.713737 0.643417 -0.295549 -0.333607 0.699289 -0.63222 0.774931
2 27 58 -0.222824 0.869848 -0.44013 -0.0987891 0.262198 -0.381369 -0.886459 -0.261023 -0.938937 -0.312925 -0.143095 0.960264
2 28 32 0.691681 0.131964 0.710044 -0.460239 -0.0263726 -0.977893 0.207434 -0.0527412 0.721722 -0.162204 -0.67291 0.886227
2 29 11 0.17057 0.82211 -0.543177 -0.479789 -0.976004 0.0652371 -0.207751 -0.0238977 -0.135359 0.565579 0.81351 0.877059
2 30 0 1 0 0 0 0 1 0 0 0 0 1 0
2 31 13 -0.455146 -0.838766 -0.298854 0.0250092 0.749724 -0.54207 0.37957 0.376415 -0.48037 -0.0512983 0.875565 0.926114
2 32 25 -0.304592 0.871673 -0.38394 -0.103404 -0.53736 -0.49008 -0.686342 -0.403721 -0.786428 -0.00274065 0.617676 0.90902
2 33 38 0.452183 0.808167 0.377355 -0.217308 0.424383 -0.567066 0.705928 -0.385113 0.784494 -0.159065 -0.59939 0.89692
2 34 33 0.626048 0.768977 -0.129379 -0.362623 -0.761032 0.566355 -0.316343 -0.224533 -0.169986 0.296507 0.939781 0.904483
2 35 19 0.0365064 -0.992615 -0.115684 -0.0749675 -0.792223 -0.0993074 0.602096 -0.410096 -0.609138 0.0696671 -0.789998 0.908956
2 36 29 -0.957327 -0.0823125 0.277038 -0.163848 -0.0390899 0.986653 0.158073 -0.204959 -0.286352 0.140498 -0.947767 0.964959
2 37 38 0.663484 0.26543 -0.699525 0.485172 0.635731 -0.692984 0.340028 -0.169928 -0.394506 -0.670313 -0.628526 0.857749
2 38 26 -0.00312356 0.511519 -0.859266 -0.296991 -0.893532 0.384378 0.232067 -0.341524 0.448989 0.768507 0.455858 0.891716
2 39 12 0.662465 -0.696994 0.27448 -0.223814 0.573712 0.707681 0.412363 -0.204181 -0.481659 -0.115704 0.868687 0.953004
2 40 16 0.722728 0.585009 0.368006 -0.00700906 0.689395 -0.64794 -0.323894 0.282398 0.0489655 0.487789 -0.871587 0.959272
2 41 43 0.81089 -0.322405 0.488377 -0.423949 -0.533159 -0.751057 0.38943 -0.0801495 0.241245 -0.576167 -0.780918 0.902133
2 42 34 -0.976338 -0.213303 0.0355823 -0.351072 -0.206247 0.967947 0.143318 -0.0447342 -0.065012 0.132588 -0.989037 0.935279
2 43 16 -0.977463 -0.12123 -0.172829 -0.291414 0.202588 -0.768898 -0.606427 -0.392753 -0.0593704 -0.627773 0.776129 0.872252
2 44 27 -0.489075 -0.245524 0.836973 0.498651 -0.257398 -0.876207 -0.40744 -0.18731 0.833398 -0.414704 0.365334 0.846323
2 45 26 0.00525032 0.402981 -0.915193 -0.334018 -0.958241 0.2637 0.110616 -0.359479 0.285913 0.876395 0.387537 0.871325
2 46 30 0.770221 -0.611555 0.180997 -0.394189 0.633608 0.766122 -0.107696 -0.352951 -0.0728036 0.197631 0.977569 0.848552
2 47 22 -0.978191 -0.168614 -0.12129 -0.1604 0.162475 -0.984953 0.0589065 -0.233906 -0.129397 0.0379153 0.990868 0.958937
2 48 0 1 0 0 0 0 1 0 0 0 0 1 0
2 49 21 -0.341513 -0.758442 0.555099 0.433833 0.441111 -0.650862 -0.617899 -0.271581 0.829933 0.0338396 0.556835 0.859088
2 50 47 0.68801 -0.723561 0.0556863 0.373467 -0.62495 -0.629751 -0.461359 0.0437248 0.36889 0.282618 -0.885464 0.926612
2 51 29 0.740667 0.214584 0.636684 0.0634566 0.344396 -0.934919 -0.0855442 0.275696 0.576892 0.282631 -0.766365 0.959148
2 52 0 1 0 0 0 0 1 0 0 0 0 1 0
2 53 19 -0.896763 -0.0440476 -0.440314 0.0870236 0.0420296 0.982057 -0.183841 0.292393 0.440511 -0.183368 -0.878821 0.95233
2 54 13 0.463209 0.754593 0.464786 0.15811 0.819678 -0.165354 -0.54844 0.27335 -0.336995 0.635017 -0.695117 0.948831
2 55 0 1 0 0 0 0 1 0 0 0 0 1 0
2 56 21 -0.14056 0.201974 -0.969252 0.655038 0.0575418 0.978983 0.195657 -0.120255 0.988399 -0.0282711 -0.149227 0.745965
2 57 20 -0.447147 -0.802667 -0.394696 0.0530784 -0.614393 0.596317 -0.51665 0.304191 0.650062 0.0114797 -0.759795 0.951131
2 58 13 -0.14862 0.890407 0.430218 0.0680928 -0.926696 0.0264538 -0.374881 0.3044 -0.345177 -0.454396 0.821205 0.950107
2 59 23 -0.542878 0.252634 -0.800911 0.362784 0.324558 0.942697 0.0773636 0.050187 0.774561 -0.217943 -0.593764 0.930521
2 60 40 -0.0364275 0.337234 -0.940716 0.636199 -0.00751867 0.941221 0.337707 -0.173829 0.999308 0.0193747 -0.0317508 0.751688
2 61 18 0.223378 -0.974723 -0.00415524 0.0874829 0.780994 0.176427 0.599101 0.357942 -0.583224 -0.137071 0.800663 0.929637
2 62 0 1 0 0 0 0 1 0 0 0 0 1 0
2 63 0 1 0 0 0 0 1 0 0 0 0 1 0
2 64 38 -0.0775739 -0.970664 -0.227582 0.137984 -0.480111 0.236429 -0.844745 0.359752 0.873771 0.0437344 -0.484367 0.922789
2 65 0 1 0 0 0 0 1 0 0 0 0 1 0
2 66 11 -0.870715 0.292366 0.395446 -0.155876 0.442892 0.815712 0.372103 -0.163338 -0.21378 0.499135 -0.839739 0.974178
2 67 25 -0.658019 0.596164 0.459999 0.169772 -0.127698 0.513691 -0.848419 0.279503 -0.742095 -0.617017 -0.261889 0.945016
3 4 100 0.995823 0.0524093 -0.0747704 0.998468 -0.052125 0.998624 0.00574966 0.0552845 0.0749689 -0.00182822 0.997184 -0.00245956
3 5 55 0.98911 0.0583247 -0.13513 0.992135 -0.0594085 0.998226 -0.003998 0.0370659 0.134657 0.0119823 0.99082 -0.119555
3 6 48 -0.283827 0.958132 0.0377602 0.237556 0.873587 0.274616 -0.401786 0.166485 -0.395334 -0.0810508 -0.914955 0.957
3 7 29 -0.753547 -0.65531 -0.0523065 -0.114103 0.657096 -0.748419 -0.0899679 0.086999 0.0198097 -0.102165 0.99457 0.989652
3 8 18 -0.600279 -0.403853 -0.690339 0.44563 -0.578068 0.815589 0.0255292 -0.207084 0.552723 0.414388 -0.723035 0.870936
3 9 32 0.634795 -0.477232 0.607688 -0.460862 -0.770653 -0.334098 0.542654 -0.296303 -0.0559447 -0.812791 -0.579864 0.836547
3 10 41 -0.793139 0.194569 -0.577125 0.272653 0.00905062 0.951258 0.308263 -0.150681 0.608973 0.239272 -0.756241 0.95024
3 11 28 -0.798154 0.562021 -0.216985 0.179677 -0.579341 -0.814826 0.0205251 0.0397124 -0.16527 0.142091 0.975959 0.982924
3 12 36 -0.77616 0.518147 -0.359304 0.220699 0.628906 0.677109 -0.382099 0.026974 0.0453041 -0.522538 -0.851411 0.974969
3 13 16 -0.703915 -0.158221 0.692437 0.170596 0.57681 -0.696216 0.427287 0.292029 0.41448 0.700178 0.58134 0.941072
3 14 27 0.286817 0.949196 -0.129471 -0.153819 -0.948533 0.30032 0.100468 -0.276513 0.134246 0.0939918 0.98648 -0.94862
3 15 16 -0.605645 0.723685 -0.330868 -0.0840389 -0.774003 -0.632276 0.0338581 -0.279406 -0.184698 0.276599 0.943069 0.956488
3 16 27 0.743593 0.248967 -0.620552 0.9186 -0.259116 0.962866 0.0758114 -0.0300779 0.616383 0.104422 0.780492 -0.394043
3 17 36 0.116525 0.319838 -0.94028 0.777688 -0.253218 0.925009 0.283264 -0.254407 0.960366 0.205089 0.188775 0.574873
3 18 16 -0.923566 -0.330032 0.195204 0.245971 0.233985 -0.888398 -0.394969 0.36208 0.303772 -0.319105 0.897716 0.899109
3 19 17 -0.982368 0.105132 0.154599 0.403627 -0.163715 -0.883052 -0.439792 -0.260146 0.090283 -0.457347 0.884693 0.87716
3 20 16 0.665108 0.462946 -0.585928 0.416949 -0.713574 0.625284 -0.315962 -0.207046 0.220098 0.628252 0.746228 0.885034
3 21 29 0.745498 0.0589192 -0.663898 -0.39924 -0.0751717 0.997162 0.00408446 -0.253915 0.662255 0.0468614 0.747812 0.880985
3 22 16 -0.849112 0.486397 0.205978 -0.447995 0.525393 0.73747 0.424383 -0.0620313 0.0545164 0.468568 -0.881744 0.891881
3 23 0 1 0 0 0 0 1 0 0 0 0 1 0
3 24 61 -0.62735 0.761915 -0.160991 0.22799 0.333392 0.0759487 -0.939724 0.203982 -0.703763 -0.643209 -0.301663 0.952057
3 25 32 0.703956 -0.698983 0.12597 -0.390525 0.694908 0.714494 0.0812414 -0.294005 -0.146791 0.0303474 0.988702 0.872383
3 26 0 1 0 0 0 0 1 0 0 0 0 1 0
3 27 44 -0.405679 0.902809 -0.142688 -0.0987891 0.904138 0.373486 -0.207468 -0.261023 -0.134012 -0.213176 -0.967779 0.960264
3 28 24 -0.95734 -0.108962 -0.267633 -0.460239 0.164213 -0.967239 -0.193606 -0.0527412 -0.237769 -0.229296 0.943869 0.886227
3 29 15 0.596878 -0.108893 -0.794908 -0.477193 0.237269 0.970391 0.0452277 -0.0253551 0.766446 -0.215602 0.605042 0.878433
3 30 0 1 0 0 0 0 1 0 0 0 0 1 0
3 31 20 -0.353596 0.934886 0.0309631 0.0250092 -0.897053 -0.329535 -0.294453 0.376415 -0.265077 -0.131893 0.955164 0.926114
3 32 13 0.316515 -0.926091 0.205361 -0.0506622 0.856676 0.186103 -0.481115 0.263127 0.407338 0.328208 0.852265 0.96343
3 33 24 -0.00206769 0.146964 -0.98914 -0.177812 0.574772 -0.809253 -0.121439 -0.369546 -0.818311 -0.568781 -0.0827978 0.912041
3 34 22 -0.771432 -0.392214 0.50106 -0.362623 -0.229118 0.90584 0.356313 -0.224533 -0.593631 0.160069 -0.788657 0.904483
3 35 0 1 0 0 0 0 1 0 0 0 0 1 0
3 36 35 -0.841543 -0.177672 -0.510136 -0.163848 0.375454 -0.871348 -0.31589 -0.204959 -0.388381 -0.457367 0.799984 0.964959
3 37 18 -0.464266 -0.656314 0.594735 0.485172 0.865257 -0.479513 0.146282 -0.169928 0.189176 0.582512 0.790501 0.857749
3 38 30 -0.414504 -0.755594 0.507212 -0.296991 0.428912 -0.653765 -0.623399 -0.341524 0.802634 -0.0408522 0.595072 0.891716
3 39 0 1 0 0 0 0 1 0 0 0 0 1 0
3 40 17 -0.0185458 0.992947 0.117101 -0.00700906 0.963308 0.0491107 -0.263866 0.282398 -0.267756 0.107911 -0.957425 0.959272
3 41 48 -0.384596 -0.660764 0.644575 -0.423949 0.381213 -0.749649 -0.541021 -0.0801495 0.840692 0.0376459 0.540204 0.902133
3 42 36 0.659312 0.0171702 0.751673 -0.361754 -0.156651 -0.974662 0.159667 -0.0399509 0.735369 -0.223021 -0.639917 0.931417
3 43 0 1 0 0 0 0 1 0 0 0 0 1 0
3 44 25 0.63527 -0.663708 0.394871 0.498651 0.771245 0.571801 -0.279685 -0.18731 -0.0401589 0.482218 0.87513 0.846323
3 45 14 0.824317 0.163663 -0.541955 -0.334018 -0.512988 0.620865 -0.592765 -0.359479 0.239467 0.766643 0.595747 0.871325
3 46 10 -0.391962 -0.835011 -0.386164 -0.387082 0.816447 -0.122266 -0.564327 -0.345891 0.424004 -0.536478 0.729666 0.854709
3 47 44 0.282066 0.586257 0.759435 -0.1604 0.16064 -0.809262 0.565058 -0.233906 0.945851 -0.0373883 -0.322442 0.958937
3 48 0 1 0 0 0 0 1 0 0 0 0 1 0
3 49 12 -0.724795 0.608657 0.322815 0.431384 -0.681909 -0.56687 -0.462231 -0.26661 -0.0983463 -0.555153 0.825914 0.861874
3 50 48 -0.492572 0.621334 -0.609358 0.375474 0.86589 0.42008 -0.271603 0.0361542 0.0872228 -0.66142 -0.744926 0.926128
3 51 10 -0.333424 -0.931423 -0.145873 0.0945473 0.779875 -0.35943 0.51245 0.268325 -0.529739 0.0571001 0.846236 0.958678
3 52 0 1 0 0 0 0 1 0 0 0 0 1 0
3 53 11 -0.030578 -0.999086 0.0298741 0.0783706 0.782002 -0.00529767 0.623254 0.301907 -0.622526 0.0424195 0.781449 0.950111
3 54 23 -0.810636 -0.243217 0.532648 -0.421121 -0.539702 0.663201 -0.518542 0.256416 -0.227135 -0.707821 -0.66888 0.870004
3 55 19 0.866531 0.101561 -0.488682 0.345218 0.188903 -0.972981 0.132752 -0.283969 -0.461996 -0.207347 -0.862303 0.894531
3 56 31 -0.832144 0.465928 0.300745 0.0286842 0.0181739 0.564934 -0.824936 0.339669 -0.554262 -0.681 -0.478574 0.940108
3 57 30 -0.797057 0.282168 -0.53393 0.33508 0.491086 0.817411 -0.301119 0.0769292 0.351474 -0.502215 -0.790092 0.939044
3 58 20 -0.457256 -0.81425 -0.35765 0.0680928 -0.673332 0.579686 -0.458898 0.3044 0.580983 0.0309832 -0.813326 0.950107
3 59 15 -0.0319753 0.90172 0.431137 0.049063 -0.84227 0.207925 -0.497341 0.322923 -0.538106 -0.379037 0.752843 0.945153
3 60 37 -0.490383 0.291694 -0.821243 0.356084 0.377293 0.920498 0.101658 0.041478 0.785605 -0.259998 -0.56145 0.933533
3 61 20 -0.434336 -0.849029 -0.300834 0.221826 0.319628 -0.45752 0.829767 0.26577 -0.842134 0.264243 0.470091 0.938168
3 62 0 1 0 0 0 0 1 0 0 0 0 1 0
3 63 19 -0.583144 0.738135 0.339264 0.16038 0.235075 0.553081 -0.799275 0.297931 -0.777613 -0.38634 -0.496043 0.941018
3 64 24 -0.133806 0.947692 0.289785 -0.167505 0.456851 -0.200502 0.866652 -0.0565719 0.879422 0.248352 -0.406126 0.984247
3 65 11 -0.245585 0.945689 0.21298 -0.116784 -0.958859 -0.204712 -0.196677 -0.326546 -0.142396 -0.252519 0.957057 -0.937939
3 66 20 -0.905929 -0.423425 -0.00206863 -0.163934 -0.420966 0.901174 -0.103311 -0.0749505 0.0456088 -0.092722 -0.994647 0.98362
3 67 26 0.381302 0.920966 0.0801886 -0.504837 -0.917166 0.38774 -0.0920055 0.147195 -0.115826 -0.0384643 0.992524 -0.850572
4 5 152 0.998441 0.00511612 -0.0555892 0.967897 -0.00568899 0.999932 -0.010152 0.0230224 0.0555335 0.0104525 0.998402 -0.25029
4 6 29 0.99825 0.0290424 -0.0515197 -0.339289 -0.0282532 0.999473 0.015983 0.0961599 0.0519567 -0.0144994 0.998544 -0.935754
4 7 74 0.981534 0.0529349 -0.18382 0.973777 -0.0547813 0.998486 -0.00497737 0.116066 0.183278 0.0149554 0.982947 -0.195673
4 8 17 -0.648567 0.751607 -0.1202 0.0579985 -0.696822 -0.64984 -0.303557 -0.291286 -0.306266 -0.113119 0.945201 -0.954876
4 9 31 0.749992 0.657053 0.0761206 -0.460862 -0.634969 0.68295 0.3611 -0.296303 0.185275 -0.319156 0.929415 0.836547
4 10 25 -0.870524 0.442598 -0.21516 0.150405 -0.383796 -0.884239 -0.266124 -0.31244 -0.308039 -0.149089 0.939619 -0.937955
4 11 33 0.544241 -0.823591 -0.159689 0.29356 0.77239 0.41762 0.478547 -0.317042 -0.327437 -0.383787 0.863419 0.901835
4 12 11 0.96482 -0.219541 0.144649 -0.321181 0.218585 0.975555 0.0226697 0.176186 -0.14609 0.00974592 0.989223 -0.930484
4 13 36 -0.801304 -0.50831 -0.315488 -0.105868 -0.124146 0.657147 -0.743468 0.334612 0.585234 -0.556578 -0.58968 0.93639
4 14 26 -0.0755793 0.582632 -0.809214 0.291404 0.995977 0.0832824 -0.0330596 -0.177977 0.0481317 -0.808458 -0.586583 0.939898
4 15 30 -0.964924 -0.0722048 0.252406 -0.0840706 0.082889 0.828466 0.553872 -0.279567 -0.249102 0.555366 -0.793421 0.956438
4 16 36 0.857132 0.119962 -0.500933 0.684012 -0.12683 0.991713 0.0204771 -0.157112 0.499238 0.0459819 0.865244 0.712351
4 17 16 0.756214 0.162313 -0.633873 0.404139 -0.159878 0.985216 0.0615442 0.204707 0.634491 0.0548018 0.770985 -0.891497
4 18 17 -0.971666 -0.0753769 0.224015 -0.253428 -0.0377197 -0.886185 -0.461794 -0.233051 0.233327 -0.45716 0.858233 0.938862
4 19 16 -0.778399 -0.627295 -0.0244231 -0.293524 0.552051 -0.66547 -0.502384 -0.136882 0.29889 -0.404538 0.8643 0.946101
4 20 17 0.858675 -0.512036 -0.0222734 -0.464793 0.512502 0.858201 0.0288454 -0.0632266 0.0043452 -0.036184 0.999336 -0.883159
4 21 14 -0.748566 -0.557389 0.35912 0.158007 0.640416 -0.748112 0.173771 -0.140489 0.171804 0.360065 0.916972 0.977393
4 22 20 -0.939461 0.329517 -0.0939749 -0.417957 -0.276035 -0.890284 -0.362215 -0.256404 -0.20302 -0.314346 0.927345 0.871532
4 23 16 -0.563059 -0.808129 0.172894 0.20503 0.495279 -0.497455 -0.712206 0.113062 0.661561 -0.315383 0.680346 0.972203
4 24 27 0.360985 0.932517 0.0101385 0.236183 0.750981 -0.297122 0.5897 -0.213206 0.552917 -0.205259 -0.807559 0.94803
4 25 13 0.996953 -0.0419445 -0.0657738 0.337919 0.0406856 0.998964 -0.0203648 -0.0884531 0.0665599 0.0176267 0.997627 0.937009
4 26 28 -0.241663 0.429389 -0.870186 0.429432 0.253197 0.893603 0.370628 -0.148508 0.936745 -0.130761 -0.324671 0.890805
4 27 10 0.363533 -0.927753 0.084373 -0.0710163 0.872467 0.370815 0.318272 -0.120182 -0.326564 -0.0420897 0.944237 0.990209
4 28 28 0.960085 -0.256844 -0.110761 -0.450265 0.276621 0.930548 0.23992 -0.349992 0.041446 -0.260982 0.964453 0.821442
4 29 18 -0.474093 0.852049 -0.22192 0.402916 0.874422 0.485137 -0.00539235 -0.309518 0.103067 -0.196608 -0.97505 0.861311
4 30 12 0.926229 -0.201865 -0.318354 0.419921 -0.223784 -0.974065 -0.0334389 -0.238288 -0.303348 0.102215 -0.947382 0.87572
4 31 30 -0.172654 -0.353097 0.919518 -0.316578 0.707481 -0.69398 -0.133649 -0.2769 0.685318 0.627466 0.369628 0.907251
4 32 24 0.391186 0.804432 0.44706 -0.213767 0.593614 -0.591761 0.545381 -0.309454 0.703275 0.0520359 -0.709011 0.926575
4 33 19 0.633505 -0.723366 0.274614 -0.281568 0.708475 0.684973 0.169926 0.0643012 -0.311022 0.0869078 0.946421 -0.957384
4 34 15 0.488577 -0.633841 0.599615 -0.388605 -0.736713 -0.66789 -0.105727 -0.356419 0.46749 -0.390088 -0.793274 0.849678
4 35 13 0.732134 -0.664671 0.148968 0.450594 0.664098 0.745159 0.060933 0.325678 -0.151505 0.054318 0.986963 -0.831203
4 36 27 -0.315634 -0.00330941 -0.948875 0.36077 0.905484 0.297909 -0.30224 0.00357156 0.283678 -0.954589 -0.0910335 0.932648
4 37 15 0.933765 -0.305844 0.185854 0.475462 0.298205 0.952044 0.0684569 0.0462096 -0.197878 -0.00850006 0.98019 0.878522
4 38 20 -0.51627 -0.316711 -0.795713 0.486826 -0.433779 0.897816 -0.0759081 -0.0177097 0.738445 0.305975 -0.600898 0.873319
4 39 13 0.499838 -0.68412 0.53117 -0.447729 0.656137 0.699415 0.283378 0.011998 -0.565373 0.206877 0.798471 -0.894089
4 40 37 -0.224813 0.745951 -0.62691 0.222807 0.271456 0.665855 0.694946 -0.386824 0.935826 -0.0139457 -0.352185 0.894832
4 41 11 -0.283216 0.952313 -0.113525 -0.133298 -0.941846 -0.298503 -0.154345 0.311975 -0.180872 0.06321 0.981473 0.940693
4 42 16 0.404563 -0.876969 0.259332 -0.077866 0.914269 0.394367 -0.0926663 -0.0915183 -0.0210067 0.274589 0.961332 0.992754
4 43 13 -0.788937 0.309268 -0.530972 0.394084 -0.154133 -0.936084 -0.316211 0.155888 -0.594828 -0.16763 0.78618 -0.905757
4 44 20 -0.603368 -0.476627 -0.639354 0.420575 -0.485308 0.855641 -0.179873 0.221316 0.63279 0.201754 -0.747578 0.87985
4 45 18 0.513913 -0.688695 0.511462 -0.384037 -0.711594 -0.67522 -0.194196 0.0545402 0.479091 -0.264153 -0.837075 0.921706
4 46 11 -0.977185 0.194391 0.0855714 0.450838 -0.211246 -0.847744 -0.486523 -0.317984 -0.022033 -0.493499 0.869467 0.834045
4 47 21 0.458713 -0.241119 -0.855245 0.460005 -0.570163 -0.818086 -0.0751659 0.145193 -0.68154 0.522108 -0.512743 0.875965
4 48 18 0.842789 0.0624758 -0.534605 0.346454 0.398009 -0.740989 0.540855 -0.359547 -0.362346 -0.668604 -0.649364 0.866427
4 49 21 0.28306 0.888271 -0.361733 0.422649 0.758247 -0.438211 -0.482734 0.00151506 -0.587314 -0.137641 -0.797569 0.906292
4 50 0 1 0 0 0 0 1 0 0 0 0 1 0
4 51 28 0.160402 0.836898 0.523329 -0.138675 0.903102 0.0895373 -0.419989 -0.0423598 -0.398345 0.539986 -0.741442 0.989432
4 52 17 0.92353 0.105292 -0.368789 0.493412 0.248597 -0.896564 0.366567 -0.0350869 -0.292047 -0.430216 -0.85418 0.869088
4 53 20 -0.105806 -0.955544 -0.275212 0.00137887 0.895229 0.0289427 -0.444665 0.0163509 0.432862 -0.293426 0.852368 0.999865
4 54 24 -0.63959 0.107979 -0.761095 0.403939 -0.341505 0.847106 0.407167 -0.30425 0.688694 0.520338 -0.504926 0.862708
4 55 0 1 0 0 0 0 1 0 0 0 0 1 0
4 56 19 0.599365 -0.625977 -0.498914 0.412672 -0.797207 -0.523067 -0.301434 -0.192332 -0.0722754 0.578406 -0.812541 0.890343
4 57 0 1 0 0 0 0 1 0 0 0 0 1 0
4 58 15 -0.0801611 -0.967578 0.239516 0.284928 0.843552 -0.193864 -0.500835 -0.107156 0.531031 0.161897 0.831743 0.952541
4 59 22 0.736409 0.208275 0.643679 -0.216044 0.488437 -0.821998 -0.292829 0.335967 0.468114 0.530038 -0.707056 0.916761
4 60 20 -0.794559 0.463725 -0.391963 0.0490629 0.164937 0.786106 0.595679 -0.403278 0.584356 0.408653 -0.701093 0.913761
4 61 10 0.692256 -0.714874 -0.0986711 0.291762 0.708444 0.647164 0.281578 0.0873292 -0.137437 -0.264827 0.954451 -0.952496
4 62 11 0.946752 -0.149181 0.285316 0.267707 0.196265 0.9699 -0.144134 0.317908 -0.255225 0.192457 0.947534 -0.909542
4 63 16 -0.430365 0.902381 0.0222318 -0.081225 0.717881 0.327234 0.614463 -0.230139 0.547205 0.280403 -0.788632 0.969762
4 64 22 0.840938 -0.539548 -0.0413675 0.292478 -0.541073 -0.837263 -0.0789279 -0.248144 0.00794988 0.0887563 -0.996022 0.923515
4 65 24 0.831057 0.299295 0.468793 0.0143156 0.460041 -0.843598 -0.276955 0.24851 0.312582 0.44583 -0.838766 0.968524
4 66 23 0.739515 -0.449882 -0.500723 0.392887 -0.267269 -0.878953 0.39498 -0.343891 -0.617807 -0.158266 -0.770238 0.852865
4 67 13 0.422199 -0.859838 0.287101 -0.169772 0.596148 0.501951 0.62662 -0.279503 -0.682902 -0.0934032 0.724514 -0.945016
5 6 34 0.999244 0.0342746 -0.0183579 0.366236 -0.033866 0.999181 0.022125 -0.109122 0.0191012 -0.0214866 0.999587 0.924102
5 7 34 0.996149 0.0449954 -0.0752505 -0.087365 -0.0441439 0.998941 0.0129417 0.0467188 0.0757531 -0.00957003 0.997081 -0.99508
5 8 47 0.959243 0.142809 -0.243841 0.999605 -0.159762 0.985831 -0.0511194 0.0138194 0.233086 0.0879924 0.968467 0.0244745
5 9 24 -0.632183 0.162413 -0.757606 -0.460862 0.405914 -0.763445 -0.502379 -0.296303 -0.659984 -0.625119 0.416711 0.836547
5 10 17 0.92229 0.314371 0.224838 -0.154432 -0.319837 0.947388 -0.0126743 0.293758 -0.216994 -0.0602222 0.974314 0.943322
5 11 23 -0.500086 0.773409 0.389555 -0.0921599 0.769203 0.60336 -0.210436 0.140007 -0.397795 0.194411 -0.89664 0.985852
5 12 26 -0.521546 -0.852087 0.0440195 -0.218842 -0.0414521 -0.0262266 -0.998796 -0.256756 0.852216 -0.522742 -0.0216424 0.941374
5 13 32 -0.661476 -0.650611 -0.373034 -0.105868 -0.44332 0.740406 -0.505239 0.334612 0.604911 -0.16883 -0.77819 0.93639
5 14 19 -0.0370683 -0.967374 0.250624 0.291404 0.99086 -0.0681302 -0.116421 -0.177977 0.129697 0.244018 0.961059 0.939898
5 15 24 -0.9518 -0.130386 0.277626 -0.0839264 0.0459141 0.834381 0.549273 -0.280847 -0.303263 0.535545 -0.788177 0.956076
5 16 35 -0.776541 -0.00108582 -0.630066 0.406343 -0.309539 0.871658 0.379997 -0.166266 0.548789 0.490113 -0.677215 0.898466
5 17 39 -0.284894 0.801979 0.525038 -0.246318 0.958553 0.240233 0.153179 -0.300728 -0.0032852 0.546916 -0.837181 0.921352
5 18 27 0.939064 0.147343 -0.310561 0.0909107 0.138811 -0.98908 -0.0495309 -0.244213 -0.314468 0.00340352 -0.949262 0.965451
5 19 13 -0.335581 0.941971 0.0087567 0.293524 -0.941964 -0.335456 -0.0131379 0.136882 -0.009438 -0.0126573 0.999875 -0.946101
5 20 21 -0.627646 -0.660316 0.412363 -0.232468 -0.351718 0.713066 0.606492 -0.191919 -0.694518 0.235626 -0.679797 0.953481
5 21 12 0.026662 -0.913869 -0.405132 0.158007 0.988578 -0.0360332 0.14634 -0.140489 -0.148334 -0.404407 0.90247 0.977393
5 22 31 0.48434 -0.244136 0.840126 -0.417957 -0.330355 -0.940221 -0.0827701 -0.256404 0.810111 -0.237451 -0.536038 0.871532
5 23 21 0.254597 -0.819384 -0.513605 0.291671 -0.850129 0.0635069 -0.52273 -0.0116508 0.460934 0.569716 -0.680414 0.956448
5 24 35 0.795038 0.581024 0.174144 0.235371 0.483614 -0.780489 0.396175 -0.213086 0.366104 -0.230756 -0.90151 0.948259
