0 1 148 0.999756 0.00477229 -0.0215604 0.976141 -0.00520058 0.999789 -0.0198525 0.0597086 0.0214611 0.0199598 0.99957 -0.208765
0 2 202 0.993221 0.0419468 -0.108405 0.94529 -0.0464062 0.998163 -0.0389454 0.0312483 0.106572 0.0437121 0.993344 -0.324732
0 3 141 0.981401 0.0529893 -0.18451 0.980633 -0.0544219 0.998514 -0.00270483 0.0607412 0.184092 0.0126959 0.982827 -0.186195
0 4 96 0.964289 0.103684 -0.243713 0.982472 -0.103419 0.994541 0.0139172 0.0243985 0.243826 0.0117844 0.969748 -0.184808
0 5 71 0.9429 0.104839 -0.316147 0.99753 -0.111605 0.993747 -0.00331682 0.0566002 0.313823 0.0384111 0.948704 -0.0416051
0 6 36 0.985064 -0.0580333 0.162112 -0.116106 0.0567436 0.99831 0.0125784 0.159424 -0.162568 -0.00319169 0.986692 -0.980359
0 7 38 0.937121 0.172238 -0.303544 0.962425 -0.175564 0.984329 0.0165179 0.0297821 0.301632 0.0378123 0.952674 -0.269909
0 8 41 -0.0952759 0.993592 -0.0608041 0.420086 0.959468 0.075386 -0.271547 -0.165964 -0.265224 -0.0842116 -0.960502 0.892179
0 9 20 -0.805637 -0.228297 0.546654 0.419341 0.127101 -0.967885 -0.216897 -0.227885 0.578615 -0.10526 0.80878 0.878761
0 10 35 -0.735866 -0.407547 -0.540746 0.353091 0.243142 -0.904365 0.350722 -0.198969 -0.631967 0.126607 0.764583 0.914187
0 11 52 -0.739044 0.389387 -0.54972 0.444777 -0.668869 -0.521264 0.529998 -0.549725 -0.0801745 0.759382 0.645686 0.70709
0 12 22 -0.610208 -0.743662 -0.273156 0.261078 0.791452 -0.587608 -0.168287 0.129377 -0.0353597 -0.31888 0.947135 -0.956609
0 13 18 -0.99242 -0.0846023 0.0891341 -0.265997 0.0501509 -0.940972 -0.33475 -0.184178 0.112193 -0.327742 0.938082 0.946216
0 14 33 0.0540751 -0.980116 -0.190915 -0.11627 0.982529 0.0863248 -0.164879 -0.38543 0.178082 -0.178663 0.96766 0.915382
0 15 18 -0.877076 0.334758 -0.344494 -0.160541 -0.30374 -0.942091 -0.142148 -0.102562 -0.372129 -0.0200375 0.927965 0.981686
0 16 49 0.953073 0.196979 -0.229893 0.957404 -0.194233 0.98034 0.0347461 0.00983292 0.232217 0.0115371 0.972596 -0.288584
0 17 68 -0.328977 0.296112 0.896712 -0.713065 0.223097 -0.898317 0.378489 -0.30401 0.917607 0.324568 0.229464 0.631757
0 18 20 -0.917844 -0.36057 0.165985 -0.199228 0.306118 -0.90918 -0.282281 -0.0560743 0.252692 -0.208279 0.944863 -0.978348
0 19 19 -0.944306 0.282893 0.168102 -0.0337966 -0.326102 -0.872928 -0.362842 0.0845245 0.044095 -0.397452 0.916563 -0.995848
0 20 15 0.969585 0.194618 0.148418 0.261253 -0.191667 0.980868 -0.0340713 -0.179023 -0.15221 0.0045881 0.988338 0.948524
0 21 26 0.549785 0.0856968 -0.830898 0.213489 0.150981 -0.988534 -0.00205415 -0.253178 -0.821548 -0.124321 -0.556421 0.94357
0 22 18 0.702334 -0.672826 -0.232448 0.258564 0.701066 0.710397 0.061991 0.196668 0.123421 -0.2065 0.970631 -0.945762
0 23 31 0.986649 0.140852 -0.0817573 0.45332 -0.142496 0.989688 -0.0145993 0.132364 0.0788579 0.0260544 0.996545 -0.881465
0 24 23 0.297146 0.738785 -0.604897 -0.353725 -0.935717 0.0991797 -0.338523 -0.129336 -0.190102 0.666603 0.720765 0.926364
0 25 14 -0.638812 -0.414371 -0.648241 0.253625 0.717187 -0.625724 -0.306777 0.36188 -0.278501 -0.660882 0.696902 -0.89706
0 26 49 0.554684 -0.386042 -0.737087 0.248025 -0.0386538 -0.896855 0.440631 -0.364754 -0.831163 -0.21592 -0.512393 0.897462
0 27 47 -0.597125 -0.572858 0.561494 -0.430653 -0.751268 0.644723 -0.14117 -0.0726998 -0.281137 -0.506128 -0.81535 0.899585
0 28 37 0.576591 -0.667009 -0.471848 0.426253 -0.691622 -0.705923 0.152748 -0.352128 -0.434973 0.238268 -0.868347 0.833255
0 29 46 -0.0453821 0.9796 0.195764 0.024093 -0.515942 -0.190791 0.835106 -0.952744 0.855421 -0.0631041 0.514075 0.302818
0 30 31 -0.260762 -0.877069 -0.403426 0.0641794 -0.867663 0.396138 -0.300394 -0.0787269 0.423279 0.271707 -0.864298 0.994828
0 31 20 -0.266448 0.962282 0.0549354 -0.128468 0.776038 0.180378 0.604342 -0.3233 0.571638 0.203658 -0.794829 0.937536
0 32 18 0.37894 -0.837314 -0.394094 0.364897 0.905437 0.247436 0.344904 -0.0109952 -0.19128 -0.487526 0.851898 0.930983
0 33 26 0.54582 0.831496 0.103417 0.394072 -0.777598 0.54864 -0.307142 0.285723 -0.312126 0.087227 0.946028 -0.873539
0 34 15 0.913019 0.387991 0.125934 0.283416 -0.333494 0.887759 -0.31728 -0.0859601 -0.234901 0.247685 0.939933 0.955137
0 35 20 0.769885 -0.589184 0.245233 0.153684 0.597168 0.80063 0.0488003 -0.361502 -0.225093 0.108875 0.968235 0.919618
0 36 14 -0.309436 -0.940215 0.142283 -0.252539 0.862882 -0.340505 -0.373485 0.350832 0.399604 0.00720348 0.916659 -0.901743
0 37 32 0.938906 -0.0729717 -0.33635 0.251345 0.130714 -0.828439 0.544613 -0.444381 -0.318387 -0.555306 -0.768287 0.859855
0 38 22 0.948711 0.314424 0.0329318 0.253315 -0.311145 0.947081 -0.0789062 0.0310913 -0.0559991 0.0646126 0.996338 -0.966884
0 39 35 -0.239914 0.965642 0.0998849 0.0201272 0.704915 0.244026 -0.665993 0.235055 -0.667485 -0.0893708 -0.73924 0.971774
0 40 18 0.632906 -0.772836 -0.046419 0.0449557 0.773533 0.63374 -0.00439269 0.270895 0.0328124 -0.0331265 0.998912 -0.961559
0 41 38 -0.81828 0.278854 0.502652 -0.435579 0.442334 0.863914 0.240818 -0.16094 -0.367095 0.419397 -0.83027 0.885646
0 42 34 0.7768 -0.00783078 0.629699 -0.301642 -0.0121162 -0.999923 0.0025118 -0.165638 0.629631 -0.00958072 -0.776835 0.938923
0 43 25 -0.817944 0.0395896 -0.573935 0.485342 0.15497 -0.94559 -0.286082 -0.193838 -0.554033 -0.322942 0.767304 0.852567
0 44 36 -0.539078 -0.725572 -0.427716 0.345338 0.814617 -0.57818 -0.0458962 0.334585 -0.213996 -0.373166 0.902747 -0.876809
0 45 50 -0.0330536 0.444127 0.895354 -0.535428 0.374283 -0.825154 0.423123 -0.353857 0.926725 0.349101 -0.138955 0.766878
0 46 34 -0.30946 0.818463 -0.4841 0.33238 0.668056 0.549417 0.501839 -0.185949 0.676709 -0.168107 -0.716801 0.924633
0 47 40 0.225895 0.850896 0.474286 -0.256774 0.746796 -0.463888 0.476554 -0.179061 0.625514 0.246544 -0.740236 0.949739
0 48 19 -0.99352 -0.0788411 0.0818633 -0.173187 0.0335735 -0.89172 -0.451341 -0.27676 0.108583 -0.445668 0.888589 0.945204
0 49 42 -0.701393 -0.226784 -0.675734 0.351962 -0.468127 0.861472 0.196782 -0.239484 0.537499 0.454351 -0.710394 0.904859
0 50 40 -0.969684 0.07336 -0.23309 0.193389 0.153377 0.925293 -0.346854 0.189971 0.190231 -0.372089 -0.908494 0.962555
0 51 24 0.00972204 0.919346 -0.393329 0.286301 -0.975311 0.0955032 0.199117 -0.00831121 0.220622 0.381682 0.897577 0.958104
0 52 26 0.064382 -0.95577 -0.286982 0.342617 0.981769 0.112203 -0.153431 0.537983 0.178845 -0.271872 0.945569 -0.770187
0 53 19 0.198748 -0.975848 0.090663 -0.325116 0.979921 0.196365 -0.034581 0.466111 0.0159428 0.0957155 0.995281 -0.822825
0 54 18 0.127547 -0.991831 -0.00162161 -0.284184 0.973814 0.124919 0.189952 0.282211 -0.188197 -0.0258069 0.981792 -0.916295
0 55 30 0.302736 0.740214 -0.600362 0.684545 0.844498 -0.500329 -0.191036 0.100964 -0.441786 -0.449171 -0.776576 0.721944
0 56 24 -0.167012 0.981198 -0.0967323 0.229608 0.881392 0.19255 0.431361 -0.0718427 0.441876 -0.0132167 -0.896979 0.970628
0 57 29 -0.900212 0.278608 0.334657 -0.393591 0.334881 0.934187 0.123086 0.00807843 -0.278339 0.222874 -0.934267 0.91925
0 58 11 -0.735789 0.672641 -0.0785368 -0.155208 -0.663801 -0.739317 -0.113042 -0.204657 -0.1341 -0.0310421 0.990481 -0.96645
0 59 20 0.470699 0.674257 0.569052 -0.32425 -0.553315 0.727962 -0.404864 0.330864 -0.68723 -0.124296 0.715727 -0.886223
0 60 20 -0.545602 -0.813214 -0.202487 -0.231193 0.789519 -0.579805 0.20121 -0.042145 -0.281029 -0.050087 0.958391 -0.971995
0 61 54 -0.370611 -0.485787 0.791618 -0.389577 -0.153313 0.872617 0.463718 -0.241435 -0.916048 0.0504937 -0.397878 0.888785
0 62 49 -0.279566 -0.631309 -0.723389 0.451036 -0.932326 0.358493 0.047453 -0.261588 0.229372 0.6877 -0.688808 0.85331
0 63 18 -0.871604 -0.266915 -0.411173 0.169454 0.396165 -0.877545 -0.270126 0.222386 -0.288722 -0.398335 0.870614 -0.96012
0 64 22 -0.626062 -0.362203 -0.690547 -0.182914 0.596898 -0.792439 -0.12551 -0.222065 -0.501756 -0.490764 0.712314 0.957721
0 65 28 -0.885507 -0.331064 -0.325997 0.405017 0.447578 -0.796127 -0.407255 -0.287088 -0.124707 -0.506536 0.853153 0.868068
0 66 41 -0.95607 -0.251396 -0.150765 -0.142437 -0.28262 0.927046 0.246398 -0.20862 0.0778229 0.278183 -0.95737 0.967569
0 67 33 0.64854 0.399605 0.647852 -0.435296 -0.33958 0.913615 -0.22359 -0.105273 -0.681235 -0.0749909 0.728213 0.894111
1 2 282 0.995866 0.0388297 -0.0821159 0.923897 -0.0407812 0.998921 -0.022222 0.0766016 0.0811645 0.0254789 0.996375 -0.374894
1 3 235 0.984758 0.0518292 -0.166028 0.964718 -0.0501138 0.998638 0.0145081 0.0972366 0.166553 -0.00596669 0.986014 -0.244672
1 4 152 0.972469 0.101286 -0.209867 0.986752 -0.097478 0.994831 0.0284397 0.046824 0.211663 -0.00719926 0.977316 -0.15533
1 5 99 0.964201 0.100219 -0.245506 0.982099 -0.0995826 0.994916 0.0150375 0.0749125 0.245764 0.00994894 0.969279 -0.172827
1 6 64 0.990399 0.0318073 0.134532 -0.285508 -0.041108 0.99691 0.0669308 -0.12734 -0.131987 -0.0718185 0.988646 -0.949879
1 7 72 0.926653 0.175242 -0.332574 0.978389 -0.172627 0.984268 0.0376458 0.0279988 0.333939 0.0225266 0.942326 -0.204867
1 8 72 -0.418977 -0.559532 -0.71511 0.46645 -0.895479 0.124301 0.427395 -0.197009 -0.150252 0.819435 -0.553128 0.862329
1 9 57 -0.338413 -0.563321 -0.753755 0.122462 -0.462073 0.797273 -0.388388 0.217875 0.819735 0.216854 -0.530103 0.968263
1 10 25 -0.541824 -0.813638 -0.210762 0.0740806 0.840138 -0.531566 -0.107729 -0.105216 -0.0243818 -0.235439 0.971583 -0.991686
1 11 46 -0.533693 0.661953 0.526298 0.00837007 0.690844 0.700204 -0.180134 0.0869784 -0.487757 0.267454 -0.831 0.996175
1 12 54 -0.79713 0.266881 -0.541626 0.396828 0.221328 0.963729 0.149132 -0.148777 0.561781 -0.000999521 -0.827286 0.905755
1 13 81 -0.030629 0.265315 -0.963675 0.734526 -0.381407 0.888073 0.256623 -0.1959 0.9239 0.375413 0.0739923 0.649688
1 14 42 -0.742355 0.670007 0.000732502 0.216807 -0.584334 -0.646895 -0.48998 0.00421819 -0.327816 -0.364167 0.871733 0.976205
1 15 66 0.410298 -0.859869 0.303776 -0.292261 -0.886345 -0.297622 0.354702 -0.199269 -0.214587 -0.414784 -0.884255 0.935348
1 16 70 0.831491 0.218637 -0.510705 0.841887 -0.200402 0.975449 0.0913178 0.00829241 0.518132 0.0264164 0.854892 0.539591
1 17 62 -0.935353 -0.307695 -0.174465 0.152969 -0.353547 0.798044 0.487986 -0.214961 -0.0109198 0.518121 -0.855238 0.964568
1 18 65 -0.852383 0.443078 0.277715 -0.140521 0.504429 0.836676 0.213363 -0.225257 -0.137821 0.321954 -0.93667 0.964113
1 19 56 -0.995453 -0.0711729 0.0633114 0.0376244 -0.0338806 0.885716 0.462989 -0.209704 -0.0890282 0.458739 -0.8841 0.977041
1 20 47 0.780619 -0.616051 -0.10543 -0.531164 0.624981 0.770947 0.122637 -0.440295 0.00573076 -0.161625 0.986836 0.723882
1 21 45 0.00345494 0.93006 -0.367391 0.213489 0.890787 0.164085 0.423763 -0.253178 0.454408 -0.328731 -0.827919 0.94357
1 22 56 0.385826 -0.845538 0.369058 -0.238433 -0.893757 -0.243369 0.376788 -0.167159 -0.228771 -0.475223 -0.849604 0.956665
1 23 38 0.0932456 -0.995487 -0.0176597 -0.210309 0.9934 0.0942107 -0.0654215 0.32546 0.0667899 -0.0114429 0.997701 -0.921871
1 24 36 -0.351625 -0.935419 -0.0367667 0.343001 0.935328 -0.349412 -0.0554353 0.107986 0.0390085 -0.0538814 0.997785 -0.933107
1 25 39 0.271463 0.173453 0.94669 -0.402919 0.458351 -0.88822 0.0313082 -0.2175 0.846299 0.425417 -0.320621 0.889016
1 26 50 -0.978502 -0.178241 -0.103747 0.251769 -0.203552 0.915574 0.346829 -0.363028 0.0331689 0.360491 -0.932173 0.897119
1 27 21 -0.886379 -0.255277 -0.386221 -0.430653 0.26132 -0.964513 0.0377753 -0.0726998 -0.382158 -0.067444 0.921632 0.899585
1 28 73 -0.420277 0.134317 -0.897399 0.426253 -0.301871 0.911955 0.277871 -0.352128 0.855711 0.387682 -0.342728 0.833255
1 29 49 -0.476017 -0.282523 -0.83282 0.379614 -0.452271 0.89081 -0.0436893 0.015037 0.754227 0.355863 -0.551818 0.925023
1 30 54 0.338194 -0.90702 -0.250879 0.15084 -0.829707 -0.161581 -0.534302 0.0875193 0.444085 0.388853 -0.807206 0.984676
1 31 52 0.294342 -0.766147 0.571298 -0.334934 -0.549517 -0.624756 -0.554717 -0.131982 0.781917 -0.150661 -0.604903 0.932952
1 32 44 -0.655338 -0.353477 -0.667523 0.408216 -0.514713 0.855775 0.0521536 -0.032297 0.552814 0.377761 -0.742761 0.912314
1 33 31 0.981544 -0.0355212 -0.187907 0.341083 -0.0171721 -0.995 0.0983909 -0.344205 -0.190463 -0.0933482 -0.977246 0.874749
1 34 18 0.680555 0.569357 0.461169 0.389344 -0.492072 0.82151 -0.288073 0.0291501 -0.542872 -0.0308788 0.839248 0.920631
1 35 26 -0.328278 0.93157 0.15624 0.111807 -0.917239 -0.353894 0.182846 -0.290761 0.225626 -0.0832853 0.970647 -0.950241
1 36 25 0.983095 0.180493 0.0307765 0.230996 -0.183043 0.972939 0.141016 -0.202312 -0.00449124 -0.144265 0.989529 0.951688
1 37 61 -0.138605 0.711005 -0.689391 0.488678 0.960196 0.26694 0.0822572 -0.123681 0.242512 -0.650549 -0.719704 0.863653
1 38 43 -0.549563 0.527198 0.648107 -0.369164 0.835281 0.362402 0.413485 -0.338931 -0.0168868 0.768588 -0.639521 0.865357
1 39 25 0.549055 0.805094 0.224415 -0.0106037 -0.789361 0.587758 -0.177339 -0.24697 -0.274676 -0.079776 0.958222 -0.968965
1 40 34 -0.998138 0.0593984 0.0138377 0.061925 0.0512963 0.940343 -0.336338 0.187207 -0.0329901 -0.335002 -0.94164 0.980367
1 41 27 0.988018 -0.0932017 -0.123022 0.423615 0.0968447 0.995011 0.0239594 0.151719 0.120175 -0.0355863 0.992115 -0.893046
1 42 56 0.715705 -0.0453597 0.696928 -0.392929 -0.151239 -0.984276 0.0912513 -0.191375 0.681831 -0.170711 -0.711311 0.899435
1 43 39 -0.204872 -0.978691 0.0138548 -0.0913925 -0.774991 0.153552 -0.613034 0.322241 0.597844 -0.136331 -0.789935 0.942236
1 44 28 0.443795 -0.883021 0.152711 -0.000505019 0.672232 0.440732 0.594861 -0.30687 -0.592579 -0.161339 0.78919 -0.951751
1 45 28 0.0308272 -0.994699 -0.0980948 -0.256017 0.979454 0.0104935 0.201396 0.140824 -0.1993 -0.102288 0.974585 -0.95636
1 46 29 -0.307328 0.889545 0.338021 -0.43579 -0.946659 -0.249631 -0.203765 0.29263 -0.0968777 -0.382614 0.918815 -0.851149
1 47 34 -0.960507 -0.263716 -0.0887706 0.256774 0.262517 -0.9646 0.0251326 0.179061 -0.092256 0.000836263 0.995735 -0.949739
1 48 36 0.87805 -0.394955 0.270257 -0.173187 0.413353 0.910487 -0.0123717 -0.27676 -0.241179 0.122575 0.962709 0.945204
1 49 26 0.833655 0.539214 0.119447 0.295791 -0.467472 0.804099 -0.367281 0.286518 -0.29409 0.250348 0.922408 -0.911271
1 50 31 0.91289 0.247571 0.324561 -0.297789 0.150391 -0.943144 0.296414 -0.30971 0.379492 -0.221782 -0.89822 0.902996
1 51 29 0.972602 0.212874 -0.0934345 0.255653 -0.186186 0.953932 0.235264 -0.138055 0.139212 -0.211422 0.96743 0.956861
1 52 49 -0.712443 -0.336252 -0.615921 0.261759 -0.348045 0.931473 -0.105935 0.175594 0.609335 0.138896 -0.780653 0.949025
1 53 43 0.139302 -0.822524 -0.551407 0.340912 -0.976928 -0.0231185 -0.212316 -0.212134 0.161887 0.56826 -0.806767 0.915848
1 54 24 0.577952 -0.742366 0.338916 -0.255892 0.326433 0.590934 0.737725 -0.0997785 -0.747939 -0.315736 0.583865 0.961542
1 55 40 0.732583 0.106377 0.672314 -0.394505 -0.00405334 -0.987013 0.160588 -0.337614 0.680666 -0.120369 -0.722638 0.854624
1 56 28 -0.615312 -0.549172 -0.565509 0.463597 0.738438 -0.652618 -0.169706 0.32947 -0.275864 -0.522015 0.807093 -0.822513
1 57 48 -0.535092 0.538601 -0.650834 0.328568 0.313706 0.842002 0.438886 -0.261276 0.784388 0.0306735 -0.619511 0.907622
1 58 43 0.417059 -0.906462 -0.0662485 0.143516 -0.737392 -0.294857 -0.607711 0.228355 0.531333 0.302303 -0.79139 0.962942
1 59 30 -0.247564 -0.929317 0.274009 -0.137752 -0.883932 0.332438 0.32886 -0.253571 -0.396707 -0.160792 -0.903753 0.957458
1 60 44 0.832896 -0.0582421 0.550357 -0.210739 7.24101e-05 -0.994436 -0.105347 -0.0252478 0.55343 0.0877828 -0.828257 0.977216
1 61 46 0.58433 -0.779217 -0.22667 0.290962 -0.635683 -0.61313 0.469019 -0.373211 -0.504445 -0.129972 -0.853606 0.88094
1 62 59 0.625144 0.438357 -0.645784 0.448356 0.596545 -0.801895 0.0331531 -0.263311 -0.503318 -0.405965 -0.7628 0.854192
1 63 48 -0.603943 -0.794476 -0.0637296 -0.154554 -0.796978 0.60108 0.059406 -0.179341 -0.00889012 0.0866689 -0.996198 0.971571
1 64 27 0.962844 0.269028 -0.0235631 -0.436447 -0.26831 0.943058 -0.1966 -0.105467 -0.0306696 0.195618 0.980201 0.893527
1 65 35 -0.152987 0.947154 0.281946 -0.185592 0.837506 -0.0271819 0.545752 -0.211301 0.524576 0.319624 -0.789089 0.959639
1 66 25 0.947802 -0.211847 0.23831 -0.182178 0.221047 0.975186 -0.0122459 -0.217867 -0.229803 0.0642844 0.971112 0.958825
1 67 24 -0.710559 -0.295908 -0.638392 0.435296 0.490974 -0.85841 -0.148585 0.105273 -0.504035 -0.419012 0.755234 -0.894111
2 3 191 0.997251 0.0130328 -0.0729491 0.983254 -0.0103649 0.999268 0.0368323 0.10209 0.0733757 -0.0359749 0.996655 -0.150958
2 4 127 0.990689 0.0626449 -0.120878 0.975066 -0.0574004 0.997273 0.0463943 0.0895599 0.123454 -0.0390239 0.991583 -0.203039
2 5 107 0.979867 0.0702645 -0.186878 0.987417 -0.0647324 0.997269 0.03555 0.0579319 0.188866 -0.0227372 0.98174 -0.147144
2 6 85 0.968271 0.113647 -0.222568 0.981607 -0.102532 0.992863 0.0609109 0.0684307 0.227902 -0.0361579 0.973013 -0.178225
2 7 46 0.977745 0.102892 -0.182834 0.964499 -0.0948377 0.994119 0.0522863 0.0466173 0.187138 -0.0337831 0.981753 -0.259939
2 8 73 0.865756 0.175371 -0.468733 0.998985 -0.198673 0.980066 -0.000272636 -0.01571 0.459342 0.0933607 0.88334 0.0422083
2 9 33 -0.998228 0.0594456 0.00268283 -0.138204 -0.0590972 -0.995636 0.0722219 -0.340494 0.0069644 0.0719354 0.997385 0.930034
2 10 43 0.629587 -0.758565 0.167926 -0.155563 -0.639918 -0.628874 -0.441614 0.312435 0.440598 0.170576 -0.88135 0.937115
2 11 27 0.993994 -0.105795 -0.0279882 -0.159519 0.105832 0.994384 -0.000145812 0.303241 0.0278465 -0.00281711 0.999608 0.939467
2 12 52 -0.141988 -0.958569 -0.246953 -0.103477 -0.713093 0.272084 -0.646118 0.317657 0.68654 0.0843595 -0.722181 0.942542
2 13 57 0.70062 0.217597 -0.679546 0.961658 -0.240267 0.968695 0.0624668 -0.0638734 0.671865 0.119507 0.730968 0.266711
2 14 55 -0.724082 -0.688619 -0.038865 -0.0616135 -0.676544 0.698167 0.234203 -0.0322913 -0.134143 0.195876 -0.97141 0.997578
2 15 62 0.488665 0.234721 -0.840305 0.9369 -0.274989 0.955477 0.106977 -0.0755609 0.828002 0.178799 0.531454 0.341335
2 16 60 0.72802 0.0759101 0.68134 -0.882409 -0.0600609 0.997092 -0.0469132 0.0446713 -0.68292 -0.00676815 0.730462 0.468358
2 17 57 -0.863458 0.121027 0.489686 -0.424164 0.0249758 0.979857 -0.198134 -0.0943707 -0.503802 -0.15885 -0.849088 0.900655
2 18 47 -0.736016 -0.0690642 -0.673432 0.378449 -0.252142 0.951174 0.178026 -0.0208552 0.628256 0.30083 -0.717493 0.925387
2 19 18 0.960648 -0.136031 0.242178 -0.111604 0.0979877 0.981785 0.162778 0.0906019 -0.25991 -0.132642 0.95648 -0.989614
2 20 63 0.400477 0.240957 -0.884058 0.295826 0.425026 -0.903584 -0.053743 -0.180653 -0.811771 -0.354225 -0.464277 0.938004
2 21 17 0.949931 -0.305216 -0.0668894 -0.213489 0.311266 0.943061 0.117258 0.253178 0.0272918 -0.132207 0.990846 -0.94357
2 22 17 -0.972149 -0.128536 -0.19597 0.0807449 0.190968 -0.919175 -0.344453 0.178246 -0.135856 -0.372284 0.918122 -0.980667
2 23 43 -0.930271 0.11633 -0.347941 0.263824 0.166346 0.979052 -0.117416 0.110996 0.326994 -0.167107 -0.930135 0.958163
2 24 36 -0.554802 -0.819498 0.143588 -0.371127 -0.828376 0.560159 -0.00372945 -0.162672 -0.0773757 -0.121014 -0.989631 0.914222
2 25 35 -0.547292 -0.42042 0.723684 -0.446111 -0.714638 0.684801 -0.142619 -0.102808 -0.43562 -0.595226 -0.675234 0.889053
2 26 39 0.6671 -0.586348 -0.459536 0.248025 -0.427431 -0.806475 0.408535 -0.364754 -0.610148 -0.076114 -0.788623 0.897462
2 27 33 -0.600329 0.673025 -0.432021 -0.430653 -0.75667 -0.652894 0.0343423 -0.0726998 -0.258951 0.347514 0.90121 0.899585
2 28 36 0.52257 0.201615 -0.828415 0.420395 0.774301 -0.518958 0.362133 -0.351305 -0.356901 -0.830683 -0.427303 0.836572
2 29 42 0.0492656 0.99839 0.0281242 0.103206 0.82491 -0.0565486 0.562428 -0.229095 0.563112 -0.00450841 -0.826368 0.967917
2 30 21 0.831824 -0.420771 -0.361969 0.15084 0.466373 0.883454 0.0447777 0.0875193 0.300942 -0.20606 0.931114 0.984676
2 31 18 -0.961258 0.260491 0.0901507 -0.444485 -0.271138 -0.952457 -0.138957 0.0316401 0.0496675 -0.158017 0.986186 -0.895227
2 32 27 -0.24942 -0.935638 0.249742 0.39036 0.66884 -0.35294 -0.654284 -0.026535 0.700317 0.00384579 0.713822 0.92028
2 33 19 -0.522036 -0.841411 -0.139663 0.440876 0.848512 -0.528958 0.0151646 -0.254322 -0.0866358 -0.11059 0.990083 0.860784
2 34 39 -0.219735 0.797766 0.561504 -0.28469 0.956509 0.0629884 0.284822 -0.38316 0.191853 0.599669 -0.77691 0.878715
2 35 16 0.78805 -0.561221 0.252998 -0.213128 0.577316 0.81642 0.0127994 0.361366 -0.213736 0.135973 0.967382 -0.907739
2 36 30 -0.875774 0.0979 0.47269 -0.286931 0.308371 0.866834 0.3918 -0.184487 -0.371387 0.488892 -0.789339 0.940019
2 37 50 0.892468 -0.392882 -0.221686 0.157253 -0.0378556 -0.554915 0.831045 -0.650618 -0.44952 -0.733289 -0.510117 0.742946
2 38 27 -0.64096 0.756574 0.129484 0.370053 -0.740183 -0.564565 -0.365235 0.339276 -0.203225 -0.329943 0.921866 -0.864843
2 39 33 0.605305 0.793359 -0.0647119 0.00351155 0.630485 -0.527485 -0.569428 0.2767 -0.485895 0.303878 -0.81949 0.96095
2 40 16 -0.579463 -0.576124 -0.576458 0.354197 0.751433 -0.65153 -0.104198 0.239379 -0.315549 -0.493548 0.810456 -0.904015
2 41 42 0.992743 -0.10509 -0.0584521 -0.156152 -0.0866052 -0.287597 -0.953828 0.0953428 0.083427 0.951969 -0.294611 0.983121
2 42 53 0.31105 0.505142 0.805034 -0.425381 0.714402 -0.682919 0.152486 -0.175465 0.6268 0.527687 -0.573296 0.887842
2 43 25 -0.174444 0.984624 -0.00920069 -0.0909248 -0.982625 -0.174676 -0.0627376 0.323902 -0.0633801 -0.00190335 0.997988 0.941711
2 44 60 0.544706 0.812744 -0.206743 0.000505019 0.493664 -0.510036 -0.704385 0.30687 -0.677931 0.281622 -0.679042 0.951751
2 45 18 -0.588248 -0.807247 -0.0481402 -0.256017 0.80451 -0.590214 0.0664181 0.140824 -0.0820288 0.000340999 0.99663 -0.95636
2 46 29 -0.823787 0.36991 0.429583 -0.45026 -0.407579 -0.913158 0.00471897 0.329925 0.394022 -0.171202 0.903015 -0.829708
2 47 30 -0.953462 -0.249966 -0.168605 0.256774 0.297393 -0.871791 -0.389278 0.179061 -0.0496823 -0.421304 0.905558 -0.949739
2 48 42 -0.399036 0.840017 -0.367617 0.363681 0.602801 0.54243 0.58515 -0.0918385 0.690942 0.0118964 -0.722812 0.926985
2 49 48 -0.883728 0.277451 -0.376889 0.463214 -0.00329502 0.801609 0.59784 -0.260253 0.467989 0.52957 -0.70749 0.847173
2 50 34 0.369098 0.92924 -0.016695 0.253159 0.853635 -0.331855 0.401472 -0.380163 0.367524 -0.162434 -0.915719 0.889599
2 51 18 -0.789523 -0.608314 -0.0812904 0.404585 0.613514 -0.78574 -0.0788233 -0.0252295 -0.0159238 -0.112106 0.993569 0.914152
2 52 38 0.017418 -0.999711 -0.0165566 -0.0644505 -0.764033 -0.00262681 -0.645172 0.221488 0.644942 0.0238874 -0.763858 0.973031
2 53 39 -0.751168 0.659499 -0.0284205 0.42834 -0.658969 -0.74664 0.0910428 -0.305738 0.0388228 0.0871166 0.995441 0.850323
2 54 34 -0.800326 -0.599563 0.00138007 -0.154952 -0.564267 0.752429 -0.339785 0.253888 0.202684 -0.272718 -0.940502 0.954741
2 55 35 -0.254366 0.828991 0.498067 -0.3939 0.669206 -0.220923 0.709476 -0.335853 0.698184 0.513777 -0.498571 0.855597
2 56 16 -0.759667 -0.64871 0.0456185 -0.404295 0.640341 -0.758414 -0.121538 0.260975 0.113441 -0.0631174 0.991538 -0.876606
2 57 21 -0.457925 -0.696024 -0.553042 0.489085 -0.850871 0.52337 0.04585 -0.181502 0.257533 0.491563 -0.831891 0.853143
2 58 22 0.304464 0.772103 -0.557816 0.391701 0.923078 -0.38365 -0.0272021 -0.288591 -0.235009 -0.506625 -0.829519 0.873662
2 59 58 -0.555534 0.827183 0.0845624 0.278536 0.227076 0.053093 0.972429 -0.342198 0.799887 0.559419 -0.217328 0.897395
2 60 31 -0.0205606 0.998521 -0.0503293 0.254014 0.641981 0.0517765 0.764971 -0.417354 0.766445 -0.0165822 -0.642096 0.872521
2 61 45 -0.944515 0.318758 -0.0792726 -0.131778 0.200382 0.7504 0.629878 -0.383258 0.260265 0.579045 -0.772638 0.914192
2 62 18 -0.982735 -0.177186 -0.0532713 -0.182774 0.184873 -0.928834 -0.321077 -0.21072 0.00741024 -0.325382 0.945554 0.960307
2 63 61 0.020713 -0.988581 -0.149262 -0.154512 -0.941266 -0.0696092 0.330412 -0.179875 -0.337029 0.133651 -0.93196 0.971479
2 64 45 -0.742271 -0.302759 0.597805 -0.436447 -0.450261 0.886054 -0.110328 -0.105467 -0.496285 -0.351062 -0.794013 0.893527
2 65 38 -0.757069 -0.408415 0.509945 -0.184479 -0.35631 0.912336 0.201709 -0.224348 -0.547622 -0.0289908 -0.836223 0.956888
2 66 31 0.925313 0.274281 0.261852 -0.213113 -0.221949 0.951624 -0.212487 -0.205035 -0.307466 0.138499 0.941426 0.955271
2 67 43 0.79037 -0.310764 0.527959 -0.435296 -0.285721 -0.949311 -0.131045 -0.105273 0.541922 -0.0472748 -0.839098 0.894111
3 4 184 0.996939 0.0512301 -0.0590668 0.996733 -0.0509515 0.998682 0.00621542 0.0642199 0.0593074 -0.00318685 0.998235 -0.0489816
3 5 176 0.991226 0.0542374 -0.120541 0.985502 -0.0552282 0.998462 -0.00489148 0.0424825 0.12009 0.0115058 0.992696 -0.164259
3 6 130 0.985971 0.0941471 -0.137832 0.977992 -0.0923594 0.995538 0.0193231 0.0720734 0.139036 -0.00632198 0.990267 -0.195798
3 7 94 0.937705 0.0969709 -0.333626 0.999731 -0.0973378 0.995128 0.0156591 0.0229249 0.333519 0.0177908 0.942575 -0.00352111
3 8 43 0.25204 0.954042 0.162109 -0.307252 -0.942289 0.280099 -0.183401 0.263825 -0.220378 -0.106529 0.96958 -0.914326
3 9 59 0.182795 -0.947149 -0.263619 0.0309037 -0.85719 -0.0222271 -0.51452 0.330352 0.481468 0.320023 -0.81595 0.943352
3 10 37 0.928298 0.360314 -0.0918471 0.38746 -0.360693 0.932594 0.0130156 0.151909 0.0903458 0.0210462 0.995688 -0.909284
3 11 90 0.868991 0.174235 -0.463138 0.993818 -0.207501 0.978001 -0.0214072 -0.0494657 0.449219 0.114704 0.886028 0.0993937
3 12 67 0.998239 -0.0473196 -0.0357634 0.383483 0.0407451 0.985233 -0.1663 0.890149 0.0431046 0.16455 0.985426 0.246119
3 13 40 -0.922067 0.381579 0.0647346 0.0468355 0.376173 0.844234 0.381788 -0.0827841 0.091031 0.376385 -0.92198 0.995466
3 14 88 -0.61952 -0.162287 -0.768022 0.504789 0.128684 0.944163 -0.303309 0.130172 0.774361 -0.286739 -0.564044 0.853372
3 15 48 -0.0131655 0.907976 0.418815 -0.0979241 0.978905 0.0971124 -0.179764 0.222464 -0.203894 0.407613 -0.8901 0.970011
3 16 73 0.754634 0.225137 -0.616313 0.978335 -0.235899 0.969578 0.0653416 -0.0727663 0.612274 0.0960786 0.784786 0.193817
3 17 34 0.459024 0.752312 -0.472572 0.0154189 -0.815332 0.568003 0.112276 0.0541602 0.352889 0.333766 0.874111 0.998413
3 18 77 0.474976 0.0970886 -0.874627 0.931638 -0.102013 0.993269 0.0548592 -0.0581048 0.874066 0.0631667 0.481683 0.358712
3 19 71 -0.993624 -0.0539752 0.0989897 0.0416279 0.0640118 0.452696 0.889364 -0.47642 -0.0928158 0.89003 -0.446354 0.878232
3 20 56 -0.251179 0.715996 -0.651351 0.0644815 -0.389364 -0.690819 -0.609233 0.0861255 -0.886174 0.100586 0.452302 0.994195
3 21 45 -0.197902 0.435657 0.878088 -0.279094 0.839624 -0.386929 0.381205 -0.151637 0.505832 0.812705 -0.289214 0.948215
3 22 27 -0.920302 0.38847 -0.0462186 0.272639 -0.367391 -0.898811 -0.239088 0.0858756 -0.13442 -0.203053 0.969897 -0.958276
3 23 62 -0.818252 0.241804 -0.521532 0.263824 0.439133 0.848393 -0.295622 0.110996 0.370981 -0.470915 -0.800382 0.958163
3 24 16 -0.845861 0.495321 0.197928 0.215075 -0.52913 -0.73231 -0.428652 -0.0754871 -0.0673757 -0.46731 0.881523 0.973676
3 25 18 -0.820012 -0.482108 0.308467 -0.350381 -0.504282 0.863492 0.00901081 -0.230111 -0.270703 -0.148165 -0.951192 0.9079
3 26 25 -0.775308 0.631292 -0.0191755 0.253136 -0.603233 -0.749159 -0.273625 -0.364541 -0.187103 -0.200576 0.961645 0.896121
3 27 59 -0.552022 -0.808967 0.202099 -0.430653 -0.833034 0.524466 -0.176038 -0.0726998 0.0364149 -0.265533 -0.963414 0.899585
3 28 19 -0.922012 0.0307007 -0.385942 -0.347159 0.0751549 -0.963697 -0.256204 0.137078 -0.379796 -0.265229 0.886233 -0.927734
3 29 41 -0.367062 -0.63055 -0.683866 0.38545 -0.863895 0.503671 -0.000712058 0.0154808 0.344893 0.590527 -0.729608 0.922599
3 30 14 0.137789 0.835854 0.531377 -0.455387 -0.782921 0.420525 -0.458469 0.131558 -0.60667 -0.352855 0.712352 -0.88052
3 31 36 -0.0261805 0.902891 0.429072 -0.209888 0.8283 -0.220712 0.514981 -0.201917 0.559673 0.368883 -0.742086 0.956649
3 32 19 -0.10629 0.735257 0.669403 0.372393 -0.970129 0.0709577 -0.231978 -0.0150162 -0.218063 -0.674064 0.705752 0.927954
3 33 16 -0.114607 -0.898846 0.423013 0.363408 0.707774 -0.37268 -0.600138 -0.190718 0.697081 0.230618 0.678892 0.9119
3 34 34 -0.522233 0.580462 0.624769 -0.28469 0.848867 0.424121 0.315509 -0.38316 -0.0818368 0.695115 -0.714226 0.878715
3 35 40 0.994259 0.0817179 0.0690715 -0.103689 -0.0838375 0.996076 0.0283621 -0.564379 -0.0664827 -0.0339901 0.997208 -0.818978
3 36 35 -0.218561 0.952359 -0.212703 -0.0713324 0.975137 0.221327 -0.0110208 -0.15994 0.0365812 -0.209824 -0.977055 0.984546
3 37 41 -0.794521 -0.590197 0.14284 0.156256 -0.607146 0.776178 -0.170062 -0.0339653 -0.0104995 -0.221843 -0.975026 0.987132
3 38 78 0.175327 -0.285354 0.942249 -0.371713 0.658907 0.745132 0.103053 -0.339735 -0.731507 0.602786 0.318664 0.86395
3 39 57 -0.973362 0.150407 0.173042 -0.0162197 0.0418997 0.858727 -0.510717 0.149705 -0.225411 -0.489862 -0.842155 0.988598
3 40 41 -0.774185 0.584789 -0.242197 -0.0466118 0.371086 0.729324 0.574788 -0.266142 0.51277 0.355116 -0.781639 0.962806
3 41 51 -0.581524 0.424072 0.694257 -0.422751 0.73777 0.634522 0.230387 -0.152559 -0.342821 0.646177 -0.681857 0.893312
3 42 37 0.852583 -0.120889 0.508418 -0.428407 -0.269952 -0.934903 0.230395 -0.178356 0.447469 -0.333679 -0.829717 0.885809
3 43 48 -0.846862 0.531804 0.00310521 -0.0913925 0.398763 0.638845 -0.657925 0.322241 -0.351871 -0.555933 -0.753077 0.942236
3 44 67 0.340353 -0.662063 -0.667707 0.000505019 0.327166 0.749113 -0.576013 0.30687 0.881545 -0.0224033 0.471568 0.951751
3 45 41 0.27043 0.894628 -0.355681 0.256017 0.934062 -0.154312 0.322049 -0.140824 0.233229 -0.41932 -0.877369 0.95636
3 46 26 0.198923 -0.832987 0.516297 0.27337 0.979024 0.192591 -0.066483 0.139606 -0.0440547 0.518692 0.853825 0.951724
3 47 58 -0.606501 0.782723 0.139648 -0.256774 0.784714 0.561012 0.263608 -0.179061 0.127988 0.269462 -0.954468 0.949739
3 48 20 -0.372214 -0.926973 0.0466728 0.130981 0.909318 -0.354124 0.21849 -0.131722 -0.186007 0.123766 0.974722 -0.982595
3 49 46 0.155077 -0.983896 0.088882 -0.149862 -0.9017 -0.104216 0.419614 -0.300495 -0.403593 -0.145217 -0.903341 0.941936
3 50 34 -0.161343 0.986898 0.001019 0.463953 -0.967198 -0.158327 0.198645 -0.012737 0.196204 0.0310643 0.980071 0.885768
3 51 18 -0.845768 0.52742 0.0806533 0.351048 -0.511838 -0.844711 0.156478 0.011332 0.150658 0.0910628 0.984383 0.936289
3 52 14 -0.89675 0.379521 0.227604 -0.261759 -0.319289 -0.910991 0.261055 -0.175594 0.306421 0.161429 0.938108 -0.949025
3 53 19 -0.89604 -0.442801 0.0322462 0.393379 0.424173 -0.875267 -0.232347 -0.307825 0.131108 -0.194515 0.972098 0.866312
3 54 45 0.269363 -0.960467 0.0703296 -0.0887921 -0.719324 -0.249216 -0.648433 0.293881 0.640326 0.124074 -0.758016 0.951709
3 55 19 0.916149 -0.353855 -0.188304 0.393844 0.350062 0.935159 -0.0541785 0.337948 0.195266 -0.0162825 0.980615 -0.854797
3 56 23 0.852952 -0.437028 0.285447 -0.455567 0.51169 0.808129 -0.291722 0.307762 -0.103187 0.394885 0.912918 -0.835309
3 57 25 0.0972347 0.696538 -0.710901 0.229743 0.347226 0.645664 0.680112 -0.0866016 0.932727 -0.312973 -0.179075 0.969391
3 58 13 0.942475 -0.161692 -0.292568 0.210781 0.333853 0.499355 0.799492 -0.0215464 0.0168238 -0.851176 0.524611 0.977296
3 59 44 -0.935628 -0.186267 -0.299842 0.158678 -0.0179187 0.873407 -0.486662 0.197655 0.352533 -0.449962 -0.820521 0.967344
3 60 33 -0.755192 0.392831 -0.524755 0.265146 0.0408009 0.827156 0.56049 -0.388039 0.654232 0.401867 -0.640689 0.882679
3 61 47 -0.110458 -0.922325 0.370292 -0.186166 -0.970222 0.180873 0.161104 -0.203899 -0.215566 -0.34147 -0.914838 0.961128
3 62 15 -0.999661 -0.0204263 0.0161664 -0.163359 0.015744 -0.96818 -0.249759 -0.22253 0.0207536 -0.249419 0.968173 0.961142
3 63 49 -0.987365 -0.142283 0.0697521 -0.154512 0.114023 -0.332267 0.936268 -0.179875 -0.110039 0.932392 0.344292 0.971479
3 64 23 -0.940127 -0.178231 -0.290507 0.160922 0.221757 -0.96715 -0.124279 0.183233 -0.258814 -0.18126 0.948768 -0.969809
3 65 34 0.503178 -0.858296 0.100698 -0.165856 -0.586784 -0.424877 -0.689322 0.373183 0.634426 0.287764 -0.717423 0.912812
3 66 38 -0.0747949 -0.780815 0.62027 -0.180698 -0.812554 0.408295 0.415993 -0.218195 -0.578067 -0.472889 -0.664993 0.95903
3 67 32 -0.979223 -0.0932526 0.180072 -0.182415 -0.00590085 0.90072 0.434361 -0.221004 -0.202699 0.424274 -0.882556 0.958062
4 5 341 0.99783 0.00190235 -0.0658149 0.944822 -0.00240244 0.999969 -0.00752015 -0.00796875 0.0657985 0.00766195 0.997804 -0.327486
4 6 200 0.996481 0.0385681 -0.0744217 0.938783 -0.0376264 0.999194 0.0140155 0.0718156 0.0749022 -0.011166 0.997128 -0.33694
4 7 176 0.982034 0.0514299 -0.181562 0.966671 -0.0521884 0.998637 0.000600635 0.0602088 0.181346 0.00888559 0.983379 -0.24884
4 8 133 0.178005 0.560476 -0.808814 0.488599 -0.957073 -0.0924591 -0.274705 -0.179027 -0.228748 0.822993 0.519959 0.853944
4 9 59 0.997877 -0.00687021 0.0647571 -0.0309037 0.00673376 0.999975 0.00232523 -0.330352 -0.0647714 -0.00188423 0.997898 -0.943352
4 10 82 -0.737582 -0.674582 0.0301854 -0.0750789 -0.60874 0.644914 -0.462084 0.104223 0.292247 -0.3592 -0.886323 0.991716
4 11 33 0.993866 0.108016 -0.0237424 0.00854879 -0.109189 0.992475 -0.0554164 -0.0874424 0.0175779 0.0576688 0.998181 -0.996133
4 12 89 0.772988 0.0957875 -0.627148 0.969308 -0.134361 0.99083 -0.0142711 -0.0495016 0.62003 0.0952955 0.778769 0.240815
4 13 72 0.799305 0.230302 -0.555044 0.974947 -0.245567 0.968186 0.0480904 -0.148149 0.548461 0.0978613 0.83043 0.165922
4 14 88 -0.9172 -0.387001 -0.0947365 0.0494104 -0.362538 0.909268 -0.204444 0.0905172 0.165261 -0.15317 -0.974283 0.994668
4 15 99 -0.464994 0.86933 0.167468 -0.0617868 -0.151954 0.107986 -0.982471 0.56027 -0.872176 -0.482291 0.0818851 0.826002
4 16 73 0.806197 0.139332 -0.575006 0.514945 -0.148892 0.988375 0.0307401 -0.196138 0.572605 0.0608315 0.817571 0.834483
4 17 63 0.829506 0.143373 -0.539781 0.533273 -0.140903 0.988947 0.0461454 -0.224208 0.540431 0.0377788 0.84054 0.81569
4 18 79 0.691337 0.268086 -0.670956 0.858517 -0.267843 0.957545 0.106616 -0.192196 0.671053 0.106003 0.733792 -0.475405
4 19 28 -0.211907 0.975986 0.0504658 0.122519 -0.976861 -0.210001 -0.0405312 -0.259169 -0.02896 -0.0578869 0.997903 0.958029
4 20 20 -0.887346 -0.441658 0.132493 0.0644815 0.443605 -0.896078 -0.0160708 0.0861255 0.125822 0.0445144 0.991054 0.994195
4 21 55 0.198971 0.959881 0.197584 0.213489 0.750478 -0.278898 0.599165 -0.253178 0.630233 0.0290663 -0.775862 0.94357
4 22 68 -0.717681 -0.259701 -0.646134 0.251424 -0.652602 0.574589 0.493921 -0.221255 0.242989 0.776146 -0.581853 0.942248
4 23 51 0.23984 -0.94902 0.204544 0.343509 0.933634 0.283227 0.21934 -0.276501 -0.266091 0.138363 0.953966 0.897524
4 24 62 0.344146 0.556007 0.756584 -0.46795 0.563793 -0.766733 0.307014 -0.100344 0.7508 0.320899 -0.577342 0.87804
4 25 21 0.313662 -0.943108 -0.110289 -0.346221 0.947036 0.302299 0.10834 -0.213617 -0.0688362 -0.13843 0.987977 0.913509
4 26 83 0.0496286 0.643496 -0.763839 0.248025 0.863871 0.356173 0.356186 -0.364754 0.501263 -0.677535 -0.538221 0.897462
4 27 51 0.0491401 0.998386 -0.0284705 -0.430653 0.96161 -0.0395863 0.271551 -0.0726998 0.269986 -0.0407216 -0.962003 0.899585
4 28 55 0.00499508 -0.999925 -0.0111684 0.347159 -0.913861 -0.00909902 0.405926 -0.137078 -0.405997 0.00817871 -0.913838 0.927734
4 29 33 0.068578 0.439701 0.895522 0.101455 0.997533 -0.0437161 -0.0549253 -0.0924243 0.014998 0.89708 -0.441614 0.990538
4 30 47 -0.933347 -0.327589 -0.146798 0.15084 0.306545 -0.514541 -0.800798 0.0875193 0.186799 -0.792423 0.580665 0.984676
4 31 19 0.624577 -0.777315 -0.0753949 0.262671 0.780292 0.617123 0.10151 0.267809 -0.0323771 -0.122231 0.991973 -0.926975
4 32 53 -0.524124 0.765642 -0.372943 0.39036 0.851632 0.473309 -0.22517 -0.026535 0.00411839 -0.435627 -0.900118 0.92028
4 33 33 -0.396898 -0.566723 -0.722009 0.341797 -0.914606 0.310396 0.259134 -0.338939 0.0772521 0.763204 -0.641524 0.876524
4 34 41 0.0285291 -0.91144 0.410443 -0.28469 -0.83697 0.20271 0.50832 -0.38316 -0.546504 -0.358031 -0.757065 0.878715
4 35 41 -0.838351 0.217443 -0.499887 0.468655 0.032373 0.935243 0.352524 -0.217363 0.544169 0.279356 -0.791101 0.856222
4 36 30 0.229353 -0.9481 0.220235 -0.15951 0.916249 0.133946 -0.377552 -0.280424 0.328457 0.288383 0.899417 0.94653
4 37 46 -0.865681 -0.16156 -0.47381 0.458803 -0.2662 0.950141 0.162385 -0.0949063 0.423951 0.266702 -0.865526 0.883455
4 38 31 -0.982502 -0.155156 -0.103038 0.370053 0.178844 -0.940389 -0.289282 0.339276 -0.0520124 -0.302648 0.951682 -0.864843
4 39 39 -0.431819 0.901844 0.014521 -0.00708142 0.71893 0.334425 0.609343 0.0481583 0.544676 0.273565 -0.792774 0.998815
4 40 50 0.0814549 -0.106953 0.990922 -0.473648 -0.0699882 -0.992385 -0.101358 -0.122878 0.994217 -0.0610967 -0.0883201 0.8721
4 41 64 -0.440223 0.508058 0.740325 -0.435579 0.737787 -0.265242 0.620739 -0.16094 0.511736 0.819466 -0.258073 0.885646
4 42 63 0.464817 0.422675 0.778004 -0.428407 0.42162 -0.87834 0.22529 -0.178356 0.778577 0.223304 -0.586476 0.885809
4 43 51 0.768957 -0.483388 0.41838 -0.0913925 -0.457267 -0.873225 -0.168478 0.322241 0.44678 -0.0617589 -0.89251 0.942236
4 44 95 0.382043 -0.633978 -0.672395 0.000505019 0.293975 0.773164 -0.561958 0.30687 0.87614 0.0170248 0.481755 0.951751
4 45 31 0.742611 -0.0204443 0.66941 0.256017 -0.0429991 0.996016 0.0781203 -0.140824 -0.668341 -0.0867971 0.738774 0.95636
4 46 45 0.987369 0.025293 0.156406 0.27337 0.101997 0.653936 -0.749642 0.139606 -0.12124 0.756127 0.643097 0.951724
4 47 104 0.885146 -0.0266219 0.464551 -0.256774 -0.225647 -0.897675 0.3785 -0.179061 0.40694 -0.439853 -0.800581 0.949739
4 48 59 0.0807105 -0.707162 -0.70243 0.379495 -0.794895 -0.470846 0.382683 -0.10073 -0.601355 0.527471 -0.600122 0.919694
4 49 20 0.825323 -0.540438 0.163613 0.117283 0.426821 0.786792 0.445851 -0.0710161 -0.369684 -0.298137 0.880027 -0.990556
4 50 32 -0.724819 0.279553 0.629673 0.256619 -0.166098 -0.957922 0.234087 -0.096171 0.668617 0.0650833 0.740753 0.961716
4 51 49 -0.0770998 -0.173777 0.981762 -0.356736 -0.956342 -0.265521 -0.122102 -0.0458373 0.281897 -0.948315 -0.145718 0.93308
4 52 50 -0.040411 -0.754846 0.654656 -0.307989 -0.996732 0.0763221 0.0264758 -0.0636591 -0.0699499 -0.651447 -0.755463 0.949258
4 53 34 0.955471 0.237423 -0.175229 0.370714 0.289293 -0.870746 0.397631 -0.328894 -0.0581732 -0.430618 -0.900658 0.868562
4 54 30 0.0199355 0.998642 0.0481242 0.0887921 -0.998484 0.0223566 -0.0503069 -0.293881 -0.0513145 -0.0470483 0.997574 -0.951709
4 55 45 -0.838441 0.54486 -0.0120073 0.0977246 0.497192 0.755695 -0.426293 0.292851 -0.223196 -0.363392 -0.904505 0.951151
4 56 14 0.605404 0.77159 0.195283 -0.0675715 -0.776669 0.626338 -0.0669705 0.286717 -0.173987 -0.111126 0.978458 0.955629
4 57 37 -0.658231 -0.0135744 -0.752693 0.335991 -0.341102 0.896692 0.282122 -0.283093 0.671105 0.442447 -0.594861 0.898314
4 58 21 -0.828969 -0.423732 -0.36505 0.451449 0.547259 -0.749202 -0.373099 0.0897963 -0.115402 -0.509065 0.852957 -0.887767
4 59 25 -0.971201 -0.237503 0.0190189 0.050343 0.225387 -0.941668 -0.249924 0.347302 0.0772673 -0.23844 0.968079 0.936401
4 60 29 0.761865 0.593562 -0.259317 0.489079 -0.637264 0.758557 -0.135965 0.115899 0.116003 0.26884 0.956174 -0.864505
4 61 34 0.977114 0.185138 0.10475 -0.291523 -0.171363 0.976854 -0.128028 0.376238 -0.126028 0.107147 0.986223 -0.879465
4 62 18 -0.930414 -0.0879566 -0.355799 -0.177387 0.101307 -0.994673 -0.0190254 -0.213312 -0.35223 -0.0537464 0.934369 0.960745
4 63 55 0.805885 -0.19284 0.559788 -0.470345 -0.314269 -0.940611 0.1284 -0.0954274 0.501782 -0.279399 -0.818627 0.877308
4 64 42 -0.731278 -0.65444 0.1922 -0.436447 0.62771 -0.755962 -0.185746 -0.105467 0.266855 -0.0151864 0.963617 0.893527
4 65 11 -0.95236 0.302058 -0.0420856 0.246668 -0.304563 -0.949154 0.0796816 0.093867 -0.0158772 0.0887032 0.995932 -0.964543
4 66 50 -0.577284 0.411418 0.705321 -0.386446 0.697737 0.697241 0.164372 -0.249622 -0.424154 0.587018 -0.689568 0.88789
4 67 38 -0.493393 -0.86753 -0.0628881 -0.435296 0.813545 -0.485853 0.319518 -0.105273 -0.307746 0.106486 0.945491 0.894111
5 6 326 0.998183 0.0346116 -0.0493141 0.925397 -0.0337379 0.999261 0.0184416 0.188305 0.049916 -0.0167443 0.998613 -0.328909
